model,image,synset,y_true,y_pred,confidence,is_correct,dataset_type,corruption,severity,perturbation
efficientnet_b4,ILSVRC2012_val_00000293.JPEG,n01440764,0,58,0.3276845,0,imagenet_c,defocus_blur,1,none
efficientnet_b4,ILSVRC2012_val_00002138.JPEG,n01440764,0,0,0.22653651,1,imagenet_c,defocus_blur,1,none
efficientnet_b4,ILSVRC2012_val_00003014.JPEG,n01440764,0,0,0.29519355,1,imagenet_c,defocus_blur,1,none
efficientnet_b4,ILSVRC2012_val_00006697.JPEG,n01440764,0,0,0.6895464,1,imagenet_c,defocus_blur,1,none
efficientnet_b4,ILSVRC2012_val_00007197.JPEG,n01440764,0,0,0.8314627,1,imagenet_c,defocus_blur,1,none
efficientnet_b4,ILSVRC2012_val_00009111.JPEG,n01440764,0,0,0.60556203,1,imagenet_c,defocus_blur,1,none
efficientnet_b4,ILSVRC2012_val_00009191.JPEG,n01440764,0,0,0.6769812,1,imagenet_c,defocus_blur,1,none
efficientnet_b4,ILSVRC2012_val_00009346.JPEG,n01440764,0,0,0.7079078,1,imagenet_c,defocus_blur,1,none
efficientnet_b4,ILSVRC2012_val_00009379.JPEG,n01440764,0,0,0.72958183,1,imagenet_c,defocus_blur,1,none
efficientnet_b4,ILSVRC2012_val_00009396.JPEG,n01440764,0,0,0.76146793,1,imagenet_c,defocus_blur,1,none
efficientnet_b4,ILSVRC2012_val_00010306.JPEG,n01440764,0,133,0.5732545,0,imagenet_c,defocus_blur,1,none
efficientnet_b4,ILSVRC2012_val_00011233.JPEG,n01440764,0,0,0.69727254,1,imagenet_c,defocus_blur,1,none
efficientnet_b4,ILSVRC2012_val_00011993.JPEG,n01440764,0,0,0.81175727,1,imagenet_c,defocus_blur,1,none
efficientnet_b4,ILSVRC2012_val_00012503.JPEG,n01440764,0,0,0.78421503,1,imagenet_c,defocus_blur,1,none
efficientnet_b4,ILSVRC2012_val_00013716.JPEG,n01440764,0,0,0.7119678,1,imagenet_c,defocus_blur,1,none
efficientnet_b4,ILSVRC2012_val_00016018.JPEG,n01440764,0,0,0.6504913,1,imagenet_c,defocus_blur,1,none
efficientnet_b4,ILSVRC2012_val_00017472.JPEG,n01440764,0,0,0.7362241,1,imagenet_c,defocus_blur,1,none
efficientnet_b4,ILSVRC2012_val_00017699.JPEG,n01440764,0,0,0.70240813,1,imagenet_c,defocus_blur,1,none
efficientnet_b4,ILSVRC2012_val_00017700.JPEG,n01440764,0,0,0.74685234,1,imagenet_c,defocus_blur,1,none
efficientnet_b4,ILSVRC2012_val_00017995.JPEG,n01440764,0,0,0.6089005,1,imagenet_c,defocus_blur,1,none
efficientnet_b4,ILSVRC2012_val_00018317.JPEG,n01440764,0,0,0.47981265,1,imagenet_c,defocus_blur,1,none
efficientnet_b4,ILSVRC2012_val_00021740.JPEG,n01440764,0,0,0.7632006,1,imagenet_c,defocus_blur,1,none
efficientnet_b4,ILSVRC2012_val_00023559.JPEG,n01440764,0,0,0.71578664,1,imagenet_c,defocus_blur,1,none
efficientnet_b4,ILSVRC2012_val_00024235.JPEG,n01440764,0,0,0.6792091,1,imagenet_c,defocus_blur,1,none
efficientnet_b4,ILSVRC2012_val_00024327.JPEG,n01440764,0,0,0.6799362,1,imagenet_c,defocus_blur,1,none
efficientnet_b4,ILSVRC2012_val_00025129.JPEG,n01440764,0,0,0.7577346,1,imagenet_c,defocus_blur,1,none
efficientnet_b4,ILSVRC2012_val_00025527.JPEG,n01440764,0,0,0.70714897,1,imagenet_c,defocus_blur,1,none
efficientnet_b4,ILSVRC2012_val_00026064.JPEG,n01440764,0,0,0.7260492,1,imagenet_c,defocus_blur,1,none
efficientnet_b4,ILSVRC2012_val_00026397.JPEG,n01440764,0,0,0.72101104,1,imagenet_c,defocus_blur,1,none
efficientnet_b4,ILSVRC2012_val_00028158.JPEG,n01440764,0,0,0.7293342,1,imagenet_c,defocus_blur,1,none
efficientnet_b4,ILSVRC2012_val_00029930.JPEG,n01440764,0,0,0.6957552,1,imagenet_c,defocus_blur,1,none
efficientnet_b4,ILSVRC2012_val_00030740.JPEG,n01440764,0,0,0.7617108,1,imagenet_c,defocus_blur,1,none
efficientnet_b4,ILSVRC2012_val_00031094.JPEG,n01440764,0,0,0.19867967,1,imagenet_c,defocus_blur,1,none
efficientnet_b4,ILSVRC2012_val_00031333.JPEG,n01440764,0,0,0.6478519,1,imagenet_c,defocus_blur,1,none
efficientnet_b4,ILSVRC2012_val_00034654.JPEG,n01440764,0,0,0.82546943,1,imagenet_c,defocus_blur,1,none
efficientnet_b4,ILSVRC2012_val_00037375.JPEG,n01440764,0,758,0.19139326,0,imagenet_c,defocus_blur,1,none
efficientnet_b4,ILSVRC2012_val_00037383.JPEG,n01440764,0,0,0.34723285,1,imagenet_c,defocus_blur,1,none
efficientnet_b4,ILSVRC2012_val_00037596.JPEG,n01440764,0,0,0.7120114,1,imagenet_c,defocus_blur,1,none
efficientnet_b4,ILSVRC2012_val_00037834.JPEG,n01440764,0,0,0.63049656,1,imagenet_c,defocus_blur,1,none
efficientnet_b4,ILSVRC2012_val_00037861.JPEG,n01440764,0,0,0.7275371,1,imagenet_c,defocus_blur,1,none
efficientnet_b4,ILSVRC2012_val_00039905.JPEG,n01440764,0,0,0.6971816,1,imagenet_c,defocus_blur,1,none
efficientnet_b4,ILSVRC2012_val_00040358.JPEG,n01440764,0,0,0.71629006,1,imagenet_c,defocus_blur,1,none
efficientnet_b4,ILSVRC2012_val_00040833.JPEG,n01440764,0,0,0.7444067,1,imagenet_c,defocus_blur,1,none
efficientnet_b4,ILSVRC2012_val_00041939.JPEG,n01440764,0,0,0.82319367,1,imagenet_c,defocus_blur,1,none
efficientnet_b4,ILSVRC2012_val_00045866.JPEG,n01440764,0,0,0.6887854,1,imagenet_c,defocus_blur,1,none
efficientnet_b4,ILSVRC2012_val_00045880.JPEG,n01440764,0,0,0.63601,1,imagenet_c,defocus_blur,1,none
efficientnet_b4,ILSVRC2012_val_00046252.JPEG,n01440764,0,0,0.76541525,1,imagenet_c,defocus_blur,1,none
efficientnet_b4,ILSVRC2012_val_00046499.JPEG,n01440764,0,0,0.6966357,1,imagenet_c,defocus_blur,1,none
efficientnet_b4,ILSVRC2012_val_00048204.JPEG,n01440764,0,0,0.6610272,1,imagenet_c,defocus_blur,1,none
efficientnet_b4,ILSVRC2012_val_00048969.JPEG,n01440764,0,0,0.6626656,1,imagenet_c,defocus_blur,1,none
efficientnet_b4,ILSVRC2012_val_00000236.JPEG,n01443537,1,115,0.63087493,0,imagenet_c,defocus_blur,1,none
efficientnet_b4,ILSVRC2012_val_00000262.JPEG,n01443537,1,1,0.35174018,1,imagenet_c,defocus_blur,1,none
efficientnet_b4,ILSVRC2012_val_00000307.JPEG,n01443537,1,1,0.59349966,1,imagenet_c,defocus_blur,1,none
efficientnet_b4,ILSVRC2012_val_00000994.JPEG,n01443537,1,1,0.62181836,1,imagenet_c,defocus_blur,1,none
efficientnet_b4,ILSVRC2012_val_00002241.JPEG,n01443537,1,1,0.065432414,1,imagenet_c,defocus_blur,1,none
efficientnet_b4,ILSVRC2012_val_00002848.JPEG,n01443537,1,1,0.35501993,1,imagenet_c,defocus_blur,1,none
efficientnet_b4,ILSVRC2012_val_00003150.JPEG,n01443537,1,1,0.58492154,1,imagenet_c,defocus_blur,1,none
efficientnet_b4,ILSVRC2012_val_00003735.JPEG,n01443537,1,1,0.51743585,1,imagenet_c,defocus_blur,1,none
efficientnet_b4,ILSVRC2012_val_00004655.JPEG,n01443537,1,1,0.42184457,1,imagenet_c,defocus_blur,1,none
efficientnet_b4,ILSVRC2012_val_00004677.JPEG,n01443537,1,1,0.62784517,1,imagenet_c,defocus_blur,1,none
efficientnet_b4,ILSVRC2012_val_00005870.JPEG,n01443537,1,1,0.12941918,1,imagenet_c,defocus_blur,1,none
efficientnet_b4,ILSVRC2012_val_00006007.JPEG,n01443537,1,110,0.13612263,0,imagenet_c,defocus_blur,1,none
efficientnet_b4,ILSVRC2012_val_00006216.JPEG,n01443537,1,1,0.4670803,1,imagenet_c,defocus_blur,1,none
efficientnet_b4,ILSVRC2012_val_00009034.JPEG,n01443537,1,1,0.57521445,1,imagenet_c,defocus_blur,1,none
efficientnet_b4,ILSVRC2012_val_00010363.JPEG,n01443537,1,1,0.51133007,1,imagenet_c,defocus_blur,1,none
efficientnet_b4,ILSVRC2012_val_00010509.JPEG,n01443537,1,1,0.512554,1,imagenet_c,defocus_blur,1,none
efficientnet_b4,ILSVRC2012_val_00011914.JPEG,n01443537,1,1,0.80113536,1,imagenet_c,defocus_blur,1,none
efficientnet_b4,ILSVRC2012_val_00012880.JPEG,n01443537,1,36,0.21239507,0,imagenet_c,defocus_blur,1,none
efficientnet_b4,ILSVRC2012_val_00013513.JPEG,n01443537,1,1,0.3739957,1,imagenet_c,defocus_blur,1,none
efficientnet_b4,ILSVRC2012_val_00013623.JPEG,n01443537,1,1,0.5223013,1,imagenet_c,defocus_blur,1,none
efficientnet_b4,ILSVRC2012_val_00016962.JPEG,n01443537,1,1,0.7140685,1,imagenet_c,defocus_blur,1,none
efficientnet_b4,ILSVRC2012_val_00018075.JPEG,n01443537,1,1,0.4965207,1,imagenet_c,defocus_blur,1,none
efficientnet_b4,ILSVRC2012_val_00019459.JPEG,n01443537,1,1,0.47769648,1,imagenet_c,defocus_blur,1,none
efficientnet_b4,ILSVRC2012_val_00020436.JPEG,n01443537,1,1,0.21260448,1,imagenet_c,defocus_blur,1,none
efficientnet_b4,ILSVRC2012_val_00020785.JPEG,n01443537,1,1,0.6398088,1,imagenet_c,defocus_blur,1,none
efficientnet_b4,ILSVRC2012_val_00020822.JPEG,n01443537,1,1,0.619256,1,imagenet_c,defocus_blur,1,none
efficientnet_b4,ILSVRC2012_val_00021905.JPEG,n01443537,1,1,0.5473355,1,imagenet_c,defocus_blur,1,none
efficientnet_b4,ILSVRC2012_val_00022138.JPEG,n01443537,1,1,0.19645768,1,imagenet_c,defocus_blur,1,none
efficientnet_b4,ILSVRC2012_val_00023869.JPEG,n01443537,1,1,0.58700854,1,imagenet_c,defocus_blur,1,none
efficientnet_b4,ILSVRC2012_val_00028713.JPEG,n01443537,1,1,0.36981115,1,imagenet_c,defocus_blur,1,none
efficientnet_b4,ILSVRC2012_val_00030060.JPEG,n01443537,1,1,0.24708526,1,imagenet_c,defocus_blur,1,none
efficientnet_b4,ILSVRC2012_val_00030217.JPEG,n01443537,1,1,0.39097202,1,imagenet_c,defocus_blur,1,none
efficientnet_b4,ILSVRC2012_val_00031138.JPEG,n01443537,1,1,0.522548,1,imagenet_c,defocus_blur,1,none
efficientnet_b4,ILSVRC2012_val_00032235.JPEG,n01443537,1,1,0.51251125,1,imagenet_c,defocus_blur,1,none
efficientnet_b4,ILSVRC2012_val_00032258.JPEG,n01443537,1,1,0.503134,1,imagenet_c,defocus_blur,1,none
efficientnet_b4,ILSVRC2012_val_00032675.JPEG,n01443537,1,1,0.49581748,1,imagenet_c,defocus_blur,1,none
efficientnet_b4,ILSVRC2012_val_00034386.JPEG,n01443537,1,1,0.60361403,1,imagenet_c,defocus_blur,1,none
efficientnet_b4,ILSVRC2012_val_00037846.JPEG,n01443537,1,1,0.32337195,1,imagenet_c,defocus_blur,1,none
efficientnet_b4,ILSVRC2012_val_00038057.JPEG,n01443537,1,301,0.48156977,0,imagenet_c,defocus_blur,1,none
efficientnet_b4,ILSVRC2012_val_00044095.JPEG,n01443537,1,1,0.6453448,1,imagenet_c,defocus_blur,1,none
efficientnet_b4,ILSVRC2012_val_00045761.JPEG,n01443537,1,1,0.6504203,1,imagenet_c,defocus_blur,1,none
efficientnet_b4,ILSVRC2012_val_00046915.JPEG,n01443537,1,1,0.29440758,1,imagenet_c,defocus_blur,1,none
efficientnet_b4,ILSVRC2012_val_00046969.JPEG,n01443537,1,1,0.41626883,1,imagenet_c,defocus_blur,1,none
efficientnet_b4,ILSVRC2012_val_00047396.JPEG,n01443537,1,1,0.59379935,1,imagenet_c,defocus_blur,1,none
efficientnet_b4,ILSVRC2012_val_00047561.JPEG,n01443537,1,1,0.61622673,1,imagenet_c,defocus_blur,1,none
efficientnet_b4,ILSVRC2012_val_00048840.JPEG,n01443537,1,1,0.6370543,1,imagenet_c,defocus_blur,1,none
efficientnet_b4,ILSVRC2012_val_00048864.JPEG,n01443537,1,1,0.43089765,1,imagenet_c,defocus_blur,1,none
efficientnet_b4,ILSVRC2012_val_00049585.JPEG,n01443537,1,1,0.58424467,1,imagenet_c,defocus_blur,1,none
efficientnet_b4,ILSVRC2012_val_00049617.JPEG,n01443537,1,1,0.5326299,1,imagenet_c,defocus_blur,1,none
efficientnet_b4,ILSVRC2012_val_00049712.JPEG,n01443537,1,1,0.2883581,1,imagenet_c,defocus_blur,1,none
efficientnet_b4,ILSVRC2012_val_00002338.JPEG,n01484850,2,2,0.592002,1,imagenet_c,defocus_blur,1,none
efficientnet_b4,ILSVRC2012_val_00002752.JPEG,n01484850,2,2,0.6343355,1,imagenet_c,defocus_blur,1,none
efficientnet_b4,ILSVRC2012_val_00004311.JPEG,n01484850,2,2,0.6348739,1,imagenet_c,defocus_blur,1,none
efficientnet_b4,ILSVRC2012_val_00004329.JPEG,n01484850,2,2,0.621511,1,imagenet_c,defocus_blur,1,none
efficientnet_b4,ILSVRC2012_val_00006491.JPEG,n01484850,2,2,0.4740259,1,imagenet_c,defocus_blur,1,none
efficientnet_b4,ILSVRC2012_val_00008848.JPEG,n01484850,2,4,0.329375,0,imagenet_c,defocus_blur,1,none
efficientnet_b4,ILSVRC2012_val_00014467.JPEG,n01484850,2,2,0.57470864,1,imagenet_c,defocus_blur,1,none
efficientnet_b4,ILSVRC2012_val_00015157.JPEG,n01484850,2,147,0.21757428,0,imagenet_c,defocus_blur,1,none
efficientnet_b4,ILSVRC2012_val_00015220.JPEG,n01484850,2,2,0.5925719,1,imagenet_c,defocus_blur,1,none
efficientnet_b4,ILSVRC2012_val_00016168.JPEG,n01484850,2,2,0.14385363,1,imagenet_c,defocus_blur,1,none
efficientnet_b4,ILSVRC2012_val_00016859.JPEG,n01484850,2,2,0.6089452,1,imagenet_c,defocus_blur,1,none
efficientnet_b4,ILSVRC2012_val_00016988.JPEG,n01484850,2,2,0.51205605,1,imagenet_c,defocus_blur,1,none
efficientnet_b4,ILSVRC2012_val_00017105.JPEG,n01484850,2,643,0.11514452,0,imagenet_c,defocus_blur,1,none
efficientnet_b4,ILSVRC2012_val_00017194.JPEG,n01484850,2,2,0.6895735,1,imagenet_c,defocus_blur,1,none
efficientnet_b4,ILSVRC2012_val_00019409.JPEG,n01484850,2,2,0.52128226,1,imagenet_c,defocus_blur,1,none
efficientnet_b4,ILSVRC2012_val_00019435.JPEG,n01484850,2,2,0.6528188,1,imagenet_c,defocus_blur,1,none
efficientnet_b4,ILSVRC2012_val_00020011.JPEG,n01484850,2,2,0.50523704,1,imagenet_c,defocus_blur,1,none
efficientnet_b4,ILSVRC2012_val_00023185.JPEG,n01484850,2,2,0.5094032,1,imagenet_c,defocus_blur,1,none
efficientnet_b4,ILSVRC2012_val_00024940.JPEG,n01484850,2,2,0.46575195,1,imagenet_c,defocus_blur,1,none
efficientnet_b4,ILSVRC2012_val_00025900.JPEG,n01484850,2,3,0.3578791,0,imagenet_c,defocus_blur,1,none
efficientnet_b4,ILSVRC2012_val_00027063.JPEG,n01484850,2,2,0.56445783,1,imagenet_c,defocus_blur,1,none
efficientnet_b4,ILSVRC2012_val_00027419.JPEG,n01484850,2,2,0.42792842,1,imagenet_c,defocus_blur,1,none
efficientnet_b4,ILSVRC2012_val_00027514.JPEG,n01484850,2,2,0.48801035,1,imagenet_c,defocus_blur,1,none
efficientnet_b4,ILSVRC2012_val_00028028.JPEG,n01484850,2,2,0.6600082,1,imagenet_c,defocus_blur,1,none
efficientnet_b4,ILSVRC2012_val_00029481.JPEG,n01484850,2,2,0.5494205,1,imagenet_c,defocus_blur,1,none
efficientnet_b4,ILSVRC2012_val_00030127.JPEG,n01484850,2,2,0.7115484,1,imagenet_c,defocus_blur,1,none
efficientnet_b4,ILSVRC2012_val_00031466.JPEG,n01484850,2,2,0.46165463,1,imagenet_c,defocus_blur,1,none
efficientnet_b4,ILSVRC2012_val_00031720.JPEG,n01484850,2,149,0.3458265,0,imagenet_c,defocus_blur,1,none
efficientnet_b4,ILSVRC2012_val_00031808.JPEG,n01484850,2,2,0.4557895,1,imagenet_c,defocus_blur,1,none
efficientnet_b4,ILSVRC2012_val_00032288.JPEG,n01484850,2,2,0.471741,1,imagenet_c,defocus_blur,1,none
efficientnet_b4,ILSVRC2012_val_00032417.JPEG,n01484850,2,3,0.505398,0,imagenet_c,defocus_blur,1,none
efficientnet_b4,ILSVRC2012_val_00034950.JPEG,n01484850,2,2,0.6968601,1,imagenet_c,defocus_blur,1,none
efficientnet_b4,ILSVRC2012_val_00035223.JPEG,n01484850,2,2,0.5676495,1,imagenet_c,defocus_blur,1,none
efficientnet_b4,ILSVRC2012_val_00035774.JPEG,n01484850,2,2,0.6984295,1,imagenet_c,defocus_blur,1,none
efficientnet_b4,ILSVRC2012_val_00036737.JPEG,n01484850,2,2,0.3830562,1,imagenet_c,defocus_blur,1,none
efficientnet_b4,ILSVRC2012_val_00037050.JPEG,n01484850,2,2,0.5545588,1,imagenet_c,defocus_blur,1,none
efficientnet_b4,ILSVRC2012_val_00037135.JPEG,n01484850,2,2,0.6258114,1,imagenet_c,defocus_blur,1,none
efficientnet_b4,ILSVRC2012_val_00037488.JPEG,n01484850,2,2,0.6056684,1,imagenet_c,defocus_blur,1,none
efficientnet_b4,ILSVRC2012_val_00037998.JPEG,n01484850,2,2,0.7724893,1,imagenet_c,defocus_blur,1,none
efficientnet_b4,ILSVRC2012_val_00039304.JPEG,n01484850,2,2,0.2040544,1,imagenet_c,defocus_blur,1,none
efficientnet_b4,ILSVRC2012_val_00039445.JPEG,n01484850,2,147,0.40334278,0,imagenet_c,defocus_blur,1,none
efficientnet_b4,ILSVRC2012_val_00039534.JPEG,n01484850,2,2,0.3377967,1,imagenet_c,defocus_blur,1,none
efficientnet_b4,ILSVRC2012_val_00039865.JPEG,n01484850,2,2,0.5422757,1,imagenet_c,defocus_blur,1,none
efficientnet_b4,ILSVRC2012_val_00040098.JPEG,n01484850,2,3,0.4212681,0,imagenet_c,defocus_blur,1,none
efficientnet_b4,ILSVRC2012_val_00040710.JPEG,n01484850,2,2,0.6296292,1,imagenet_c,defocus_blur,1,none
efficientnet_b4,ILSVRC2012_val_00042345.JPEG,n01484850,2,4,0.29866397,0,imagenet_c,defocus_blur,1,none
efficientnet_b4,ILSVRC2012_val_00044052.JPEG,n01484850,2,2,0.28884754,1,imagenet_c,defocus_blur,1,none
efficientnet_b4,ILSVRC2012_val_00044896.JPEG,n01484850,2,2,0.27753127,1,imagenet_c,defocus_blur,1,none
efficientnet_b4,ILSVRC2012_val_00045730.JPEG,n01484850,2,2,0.3754858,1,imagenet_c,defocus_blur,1,none
efficientnet_b4,ILSVRC2012_val_00046171.JPEG,n01484850,2,2,0.23150235,1,imagenet_c,defocus_blur,1,none
efficientnet_b4,ILSVRC2012_val_00002922.JPEG,n01491361,3,3,0.65821254,1,imagenet_c,defocus_blur,1,none
efficientnet_b4,ILSVRC2012_val_00002969.JPEG,n01491361,3,3,0.41802737,1,imagenet_c,defocus_blur,1,none
efficientnet_b4,ILSVRC2012_val_00003183.JPEG,n01491361,3,3,0.36348888,1,imagenet_c,defocus_blur,1,none
efficientnet_b4,ILSVRC2012_val_00003204.JPEG,n01491361,3,3,0.3308086,1,imagenet_c,defocus_blur,1,none
efficientnet_b4,ILSVRC2012_val_00007743.JPEG,n01491361,3,3,0.57209086,1,imagenet_c,defocus_blur,1,none
efficientnet_b4,ILSVRC2012_val_00007875.JPEG,n01491361,3,2,0.29946357,0,imagenet_c,defocus_blur,1,none
efficientnet_b4,ILSVRC2012_val_00008024.JPEG,n01491361,3,3,0.7311041,1,imagenet_c,defocus_blur,1,none
efficientnet_b4,ILSVRC2012_val_00008108.JPEG,n01491361,3,4,0.15598369,0,imagenet_c,defocus_blur,1,none
efficientnet_b4,ILSVRC2012_val_00010074.JPEG,n01491361,3,4,0.24115157,0,imagenet_c,defocus_blur,1,none
efficientnet_b4,ILSVRC2012_val_00012328.JPEG,n01491361,3,3,0.6336861,1,imagenet_c,defocus_blur,1,none
efficientnet_b4,ILSVRC2012_val_00013484.JPEG,n01491361,3,3,0.49737534,1,imagenet_c,defocus_blur,1,none
efficientnet_b4,ILSVRC2012_val_00013628.JPEG,n01491361,3,3,0.67706794,1,imagenet_c,defocus_blur,1,none
efficientnet_b4,ILSVRC2012_val_00015631.JPEG,n01491361,3,3,0.23873396,1,imagenet_c,defocus_blur,1,none
efficientnet_b4,ILSVRC2012_val_00018466.JPEG,n01491361,3,3,0.5445804,1,imagenet_c,defocus_blur,1,none
efficientnet_b4,ILSVRC2012_val_00019424.JPEG,n01491361,3,147,0.25430638,0,imagenet_c,defocus_blur,1,none
efficientnet_b4,ILSVRC2012_val_00023443.JPEG,n01491361,3,3,0.30992755,1,imagenet_c,defocus_blur,1,none
efficientnet_b4,ILSVRC2012_val_00023935.JPEG,n01491361,3,2,0.19384252,0,imagenet_c,defocus_blur,1,none
efficientnet_b4,ILSVRC2012_val_00024854.JPEG,n01491361,3,3,0.6367926,1,imagenet_c,defocus_blur,1,none
efficientnet_b4,ILSVRC2012_val_00024895.JPEG,n01491361,3,3,0.7048898,1,imagenet_c,defocus_blur,1,none
efficientnet_b4,ILSVRC2012_val_00025133.JPEG,n01491361,3,4,0.59832555,0,imagenet_c,defocus_blur,1,none
efficientnet_b4,ILSVRC2012_val_00025137.JPEG,n01491361,3,3,0.5856502,1,imagenet_c,defocus_blur,1,none
efficientnet_b4,ILSVRC2012_val_00025640.JPEG,n01491361,3,3,0.6858747,1,imagenet_c,defocus_blur,1,none
efficientnet_b4,ILSVRC2012_val_00025686.JPEG,n01491361,3,3,0.5183971,1,imagenet_c,defocus_blur,1,none
efficientnet_b4,ILSVRC2012_val_00025969.JPEG,n01491361,3,3,0.7398022,1,imagenet_c,defocus_blur,1,none
efficientnet_b4,ILSVRC2012_val_00026001.JPEG,n01491361,3,3,0.63061243,1,imagenet_c,defocus_blur,1,none
efficientnet_b4,ILSVRC2012_val_00028564.JPEG,n01491361,3,147,0.7086685,0,imagenet_c,defocus_blur,1,none
efficientnet_b4,ILSVRC2012_val_00029300.JPEG,n01491361,3,3,0.43893445,1,imagenet_c,defocus_blur,1,none
efficientnet_b4,ILSVRC2012_val_00029568.JPEG,n01491361,3,3,0.6219719,1,imagenet_c,defocus_blur,1,none
efficientnet_b4,ILSVRC2012_val_00030156.JPEG,n01491361,3,3,0.5571918,1,imagenet_c,defocus_blur,1,none
efficientnet_b4,ILSVRC2012_val_00030658.JPEG,n01491361,3,394,0.36906558,0,imagenet_c,defocus_blur,1,none
efficientnet_b4,ILSVRC2012_val_00030926.JPEG,n01491361,3,3,0.695481,1,imagenet_c,defocus_blur,1,none
efficientnet_b4,ILSVRC2012_val_00031071.JPEG,n01491361,3,4,0.34512725,0,imagenet_c,defocus_blur,1,none
efficientnet_b4,ILSVRC2012_val_00031243.JPEG,n01491361,3,3,0.75571686,1,imagenet_c,defocus_blur,1,none
efficientnet_b4,ILSVRC2012_val_00031568.JPEG,n01491361,3,3,0.64681005,1,imagenet_c,defocus_blur,1,none
efficientnet_b4,ILSVRC2012_val_00032130.JPEG,n01491361,3,3,0.579519,1,imagenet_c,defocus_blur,1,none
efficientnet_b4,ILSVRC2012_val_00034038.JPEG,n01491361,3,3,0.5904344,1,imagenet_c,defocus_blur,1,none
efficientnet_b4,ILSVRC2012_val_00034413.JPEG,n01491361,3,4,0.35614964,0,imagenet_c,defocus_blur,1,none
efficientnet_b4,ILSVRC2012_val_00035405.JPEG,n01491361,3,4,0.3014629,0,imagenet_c,defocus_blur,1,none
efficientnet_b4,ILSVRC2012_val_00035495.JPEG,n01491361,3,2,0.17723723,0,imagenet_c,defocus_blur,1,none
efficientnet_b4,ILSVRC2012_val_00036420.JPEG,n01491361,3,3,0.70580935,1,imagenet_c,defocus_blur,1,none
efficientnet_b4,ILSVRC2012_val_00037516.JPEG,n01491361,3,3,0.5506849,1,imagenet_c,defocus_blur,1,none
efficientnet_b4,ILSVRC2012_val_00037581.JPEG,n01491361,3,3,0.4714886,1,imagenet_c,defocus_blur,1,none
efficientnet_b4,ILSVRC2012_val_00037780.JPEG,n01491361,3,3,0.46512452,1,imagenet_c,defocus_blur,1,none
efficientnet_b4,ILSVRC2012_val_00037915.JPEG,n01491361,3,4,0.52724093,0,imagenet_c,defocus_blur,1,none
efficientnet_b4,ILSVRC2012_val_00040388.JPEG,n01491361,3,3,0.73134005,1,imagenet_c,defocus_blur,1,none
efficientnet_b4,ILSVRC2012_val_00041635.JPEG,n01491361,3,4,0.023117285,0,imagenet_c,defocus_blur,1,none
efficientnet_b4,ILSVRC2012_val_00046159.JPEG,n01491361,3,107,0.11151604,0,imagenet_c,defocus_blur,1,none
efficientnet_b4,ILSVRC2012_val_00047326.JPEG,n01491361,3,149,0.31220505,0,imagenet_c,defocus_blur,1,none
efficientnet_b4,ILSVRC2012_val_00048890.JPEG,n01491361,3,3,0.648198,1,imagenet_c,defocus_blur,1,none
efficientnet_b4,ILSVRC2012_val_00049000.JPEG,n01491361,3,2,0.3150113,0,imagenet_c,defocus_blur,1,none
efficientnet_b4,ILSVRC2012_val_00001676.JPEG,n01494475,4,395,0.70011663,0,imagenet_c,defocus_blur,1,none
efficientnet_b4,ILSVRC2012_val_00003558.JPEG,n01494475,4,4,0.7273145,1,imagenet_c,defocus_blur,1,none
efficientnet_b4,ILSVRC2012_val_00004417.JPEG,n01494475,4,4,0.67237884,1,imagenet_c,defocus_blur,1,none
efficientnet_b4,ILSVRC2012_val_00005339.JPEG,n01494475,4,4,0.3572829,1,imagenet_c,defocus_blur,1,none
efficientnet_b4,ILSVRC2012_val_00007405.JPEG,n01494475,4,4,0.2603238,1,imagenet_c,defocus_blur,1,none
efficientnet_b4,ILSVRC2012_val_00009460.JPEG,n01494475,4,4,0.5774133,1,imagenet_c,defocus_blur,1,none
efficientnet_b4,ILSVRC2012_val_00009978.JPEG,n01494475,4,4,0.71158665,1,imagenet_c,defocus_blur,1,none
efficientnet_b4,ILSVRC2012_val_00011388.JPEG,n01494475,4,4,0.58088255,1,imagenet_c,defocus_blur,1,none
efficientnet_b4,ILSVRC2012_val_00012546.JPEG,n01494475,4,391,0.19324972,0,imagenet_c,defocus_blur,1,none
efficientnet_b4,ILSVRC2012_val_00012879.JPEG,n01494475,4,4,0.73785084,1,imagenet_c,defocus_blur,1,none
efficientnet_b4,ILSVRC2012_val_00013847.JPEG,n01494475,4,4,0.66108185,1,imagenet_c,defocus_blur,1,none
efficientnet_b4,ILSVRC2012_val_00015139.JPEG,n01494475,4,4,0.66081226,1,imagenet_c,defocus_blur,1,none
efficientnet_b4,ILSVRC2012_val_00015545.JPEG,n01494475,4,4,0.7144537,1,imagenet_c,defocus_blur,1,none
efficientnet_b4,ILSVRC2012_val_00016259.JPEG,n01494475,4,4,0.5513743,1,imagenet_c,defocus_blur,1,none
efficientnet_b4,ILSVRC2012_val_00016347.JPEG,n01494475,4,4,0.67215616,1,imagenet_c,defocus_blur,1,none
efficientnet_b4,ILSVRC2012_val_00016395.JPEG,n01494475,4,4,0.46046442,1,imagenet_c,defocus_blur,1,none
efficientnet_b4,ILSVRC2012_val_00016834.JPEG,n01494475,4,4,0.70994854,1,imagenet_c,defocus_blur,1,none
efficientnet_b4,ILSVRC2012_val_00018943.JPEG,n01494475,4,422,0.12994228,0,imagenet_c,defocus_blur,1,none
efficientnet_b4,ILSVRC2012_val_00018948.JPEG,n01494475,4,4,0.7029312,1,imagenet_c,defocus_blur,1,none
efficientnet_b4,ILSVRC2012_val_00020418.JPEG,n01494475,4,4,0.08591491,1,imagenet_c,defocus_blur,1,none
efficientnet_b4,ILSVRC2012_val_00021325.JPEG,n01494475,4,4,0.60879433,1,imagenet_c,defocus_blur,1,none
efficientnet_b4,ILSVRC2012_val_00022552.JPEG,n01494475,4,2,0.39648518,0,imagenet_c,defocus_blur,1,none
efficientnet_b4,ILSVRC2012_val_00023074.JPEG,n01494475,4,4,0.65688306,1,imagenet_c,defocus_blur,1,none
efficientnet_b4,ILSVRC2012_val_00023986.JPEG,n01494475,4,4,0.58269614,1,imagenet_c,defocus_blur,1,none
efficientnet_b4,ILSVRC2012_val_00024015.JPEG,n01494475,4,4,0.7295789,1,imagenet_c,defocus_blur,1,none
efficientnet_b4,ILSVRC2012_val_00025627.JPEG,n01494475,4,4,0.66816765,1,imagenet_c,defocus_blur,1,none
efficientnet_b4,ILSVRC2012_val_00026490.JPEG,n01494475,4,4,0.78094673,1,imagenet_c,defocus_blur,1,none
efficientnet_b4,ILSVRC2012_val_00027113.JPEG,n01494475,4,4,0.7088639,1,imagenet_c,defocus_blur,1,none
efficientnet_b4,ILSVRC2012_val_00027160.JPEG,n01494475,4,4,0.56515425,1,imagenet_c,defocus_blur,1,none
efficientnet_b4,ILSVRC2012_val_00027283.JPEG,n01494475,4,4,0.72057784,1,imagenet_c,defocus_blur,1,none
efficientnet_b4,ILSVRC2012_val_00028084.JPEG,n01494475,4,4,0.54347134,1,imagenet_c,defocus_blur,1,none
efficientnet_b4,ILSVRC2012_val_00029886.JPEG,n01494475,4,4,0.7333677,1,imagenet_c,defocus_blur,1,none
efficientnet_b4,ILSVRC2012_val_00031169.JPEG,n01494475,4,4,0.6711613,1,imagenet_c,defocus_blur,1,none
efficientnet_b4,ILSVRC2012_val_00031424.JPEG,n01494475,4,4,0.648668,1,imagenet_c,defocus_blur,1,none
efficientnet_b4,ILSVRC2012_val_00034115.JPEG,n01494475,4,4,0.4939814,1,imagenet_c,defocus_blur,1,none
efficientnet_b4,ILSVRC2012_val_00034178.JPEG,n01494475,4,4,0.3781193,1,imagenet_c,defocus_blur,1,none
efficientnet_b4,ILSVRC2012_val_00035367.JPEG,n01494475,4,4,0.8129585,1,imagenet_c,defocus_blur,1,none
efficientnet_b4,ILSVRC2012_val_00036479.JPEG,n01494475,4,467,0.08851859,0,imagenet_c,defocus_blur,1,none
efficientnet_b4,ILSVRC2012_val_00037705.JPEG,n01494475,4,4,0.7467131,1,imagenet_c,defocus_blur,1,none
efficientnet_b4,ILSVRC2012_val_00039588.JPEG,n01494475,4,4,0.5325611,1,imagenet_c,defocus_blur,1,none
efficientnet_b4,ILSVRC2012_val_00040843.JPEG,n01494475,4,103,0.04116843,0,imagenet_c,defocus_blur,1,none
efficientnet_b4,ILSVRC2012_val_00041400.JPEG,n01494475,4,4,0.5834423,1,imagenet_c,defocus_blur,1,none
efficientnet_b4,ILSVRC2012_val_00044788.JPEG,n01494475,4,4,0.7067024,1,imagenet_c,defocus_blur,1,none
efficientnet_b4,ILSVRC2012_val_00045133.JPEG,n01494475,4,4,0.67952216,1,imagenet_c,defocus_blur,1,none
efficientnet_b4,ILSVRC2012_val_00045580.JPEG,n01494475,4,4,0.68956393,1,imagenet_c,defocus_blur,1,none
efficientnet_b4,ILSVRC2012_val_00045925.JPEG,n01494475,4,4,0.4547074,1,imagenet_c,defocus_blur,1,none
efficientnet_b4,ILSVRC2012_val_00047320.JPEG,n01494475,4,4,0.56085056,1,imagenet_c,defocus_blur,1,none
efficientnet_b4,ILSVRC2012_val_00047431.JPEG,n01494475,4,4,0.7364453,1,imagenet_c,defocus_blur,1,none
efficientnet_b4,ILSVRC2012_val_00048576.JPEG,n01494475,4,4,0.5901413,1,imagenet_c,defocus_blur,1,none
efficientnet_b4,ILSVRC2012_val_00049166.JPEG,n01494475,4,4,0.6343164,1,imagenet_c,defocus_blur,1,none
efficientnet_b4,ILSVRC2012_val_00000921.JPEG,n01496331,5,116,0.08961921,0,imagenet_c,defocus_blur,1,none
efficientnet_b4,ILSVRC2012_val_00002207.JPEG,n01496331,5,5,0.5517329,1,imagenet_c,defocus_blur,1,none
efficientnet_b4,ILSVRC2012_val_00004698.JPEG,n01496331,5,5,0.54996866,1,imagenet_c,defocus_blur,1,none
efficientnet_b4,ILSVRC2012_val_00004969.JPEG,n01496331,5,5,0.71234006,1,imagenet_c,defocus_blur,1,none
efficientnet_b4,ILSVRC2012_val_00005432.JPEG,n01496331,5,5,0.52757514,1,imagenet_c,defocus_blur,1,none
efficientnet_b4,ILSVRC2012_val_00006251.JPEG,n01496331,5,5,0.68415236,1,imagenet_c,defocus_blur,1,none
efficientnet_b4,ILSVRC2012_val_00006554.JPEG,n01496331,5,5,0.3819512,1,imagenet_c,defocus_blur,1,none
efficientnet_b4,ILSVRC2012_val_00007569.JPEG,n01496331,5,5,0.70965046,1,imagenet_c,defocus_blur,1,none
efficientnet_b4,ILSVRC2012_val_00008640.JPEG,n01496331,5,5,0.6227038,1,imagenet_c,defocus_blur,1,none
efficientnet_b4,ILSVRC2012_val_00008749.JPEG,n01496331,5,5,0.62841403,1,imagenet_c,defocus_blur,1,none
efficientnet_b4,ILSVRC2012_val_00008963.JPEG,n01496331,5,5,0.39603817,1,imagenet_c,defocus_blur,1,none
efficientnet_b4,ILSVRC2012_val_00009208.JPEG,n01496331,5,5,0.66505766,1,imagenet_c,defocus_blur,1,none
efficientnet_b4,ILSVRC2012_val_00009237.JPEG,n01496331,5,341,0.17356558,0,imagenet_c,defocus_blur,1,none
efficientnet_b4,ILSVRC2012_val_00009420.JPEG,n01496331,5,5,0.1569055,1,imagenet_c,defocus_blur,1,none
efficientnet_b4,ILSVRC2012_val_00009518.JPEG,n01496331,5,977,0.11664541,0,imagenet_c,defocus_blur,1,none
efficientnet_b4,ILSVRC2012_val_00011782.JPEG,n01496331,5,5,0.49728164,1,imagenet_c,defocus_blur,1,none
efficientnet_b4,ILSVRC2012_val_00014741.JPEG,n01496331,5,5,0.6385071,1,imagenet_c,defocus_blur,1,none
efficientnet_b4,ILSVRC2012_val_00015549.JPEG,n01496331,5,5,0.6251966,1,imagenet_c,defocus_blur,1,none
efficientnet_b4,ILSVRC2012_val_00015555.JPEG,n01496331,5,5,0.34577528,1,imagenet_c,defocus_blur,1,none
efficientnet_b4,ILSVRC2012_val_00015732.JPEG,n01496331,5,5,0.69838876,1,imagenet_c,defocus_blur,1,none
efficientnet_b4,ILSVRC2012_val_00016331.JPEG,n01496331,5,5,0.7481787,1,imagenet_c,defocus_blur,1,none
efficientnet_b4,ILSVRC2012_val_00017196.JPEG,n01496331,5,5,0.49177757,1,imagenet_c,defocus_blur,1,none
efficientnet_b4,ILSVRC2012_val_00017440.JPEG,n01496331,5,5,0.7263463,1,imagenet_c,defocus_blur,1,none
efficientnet_b4,ILSVRC2012_val_00019531.JPEG,n01496331,5,3,0.649995,0,imagenet_c,defocus_blur,1,none
efficientnet_b4,ILSVRC2012_val_00019988.JPEG,n01496331,5,5,0.595897,1,imagenet_c,defocus_blur,1,none
efficientnet_b4,ILSVRC2012_val_00021461.JPEG,n01496331,5,5,0.44037643,1,imagenet_c,defocus_blur,1,none
efficientnet_b4,ILSVRC2012_val_00022387.JPEG,n01496331,5,5,0.19170085,1,imagenet_c,defocus_blur,1,none
efficientnet_b4,ILSVRC2012_val_00022865.JPEG,n01496331,5,5,0.61690986,1,imagenet_c,defocus_blur,1,none
efficientnet_b4,ILSVRC2012_val_00023916.JPEG,n01496331,5,394,0.16778958,0,imagenet_c,defocus_blur,1,none
efficientnet_b4,ILSVRC2012_val_00027301.JPEG,n01496331,5,5,0.6681265,1,imagenet_c,defocus_blur,1,none
efficientnet_b4,ILSVRC2012_val_00027633.JPEG,n01496331,5,5,0.7876494,1,imagenet_c,defocus_blur,1,none
efficientnet_b4,ILSVRC2012_val_00028161.JPEG,n01496331,5,5,0.62952876,1,imagenet_c,defocus_blur,1,none
efficientnet_b4,ILSVRC2012_val_00028422.JPEG,n01496331,5,5,0.29072136,1,imagenet_c,defocus_blur,1,none
efficientnet_b4,ILSVRC2012_val_00030321.JPEG,n01496331,5,5,0.36578587,1,imagenet_c,defocus_blur,1,none
efficientnet_b4,ILSVRC2012_val_00030367.JPEG,n01496331,5,5,0.7109984,1,imagenet_c,defocus_blur,1,none
efficientnet_b4,ILSVRC2012_val_00033070.JPEG,n01496331,5,5,0.76361626,1,imagenet_c,defocus_blur,1,none
efficientnet_b4,ILSVRC2012_val_00033318.JPEG,n01496331,5,5,0.7203306,1,imagenet_c,defocus_blur,1,none
efficientnet_b4,ILSVRC2012_val_00034837.JPEG,n01496331,5,107,0.21932806,0,imagenet_c,defocus_blur,1,none
efficientnet_b4,ILSVRC2012_val_00034971.JPEG,n01496331,5,5,0.7785991,1,imagenet_c,defocus_blur,1,none
efficientnet_b4,ILSVRC2012_val_00037260.JPEG,n01496331,5,390,0.07575677,0,imagenet_c,defocus_blur,1,none
efficientnet_b4,ILSVRC2012_val_00040567.JPEG,n01496331,5,5,0.57118934,1,imagenet_c,defocus_blur,1,none
efficientnet_b4,ILSVRC2012_val_00041248.JPEG,n01496331,5,28,0.4862349,0,imagenet_c,defocus_blur,1,none
efficientnet_b4,ILSVRC2012_val_00042245.JPEG,n01496331,5,5,0.63508856,1,imagenet_c,defocus_blur,1,none
efficientnet_b4,ILSVRC2012_val_00042751.JPEG,n01496331,5,4,0.11378374,0,imagenet_c,defocus_blur,1,none
efficientnet_b4,ILSVRC2012_val_00044657.JPEG,n01496331,5,395,0.245161,0,imagenet_c,defocus_blur,1,none
efficientnet_b4,ILSVRC2012_val_00045502.JPEG,n01496331,5,5,0.7592316,1,imagenet_c,defocus_blur,1,none
efficientnet_b4,ILSVRC2012_val_00045936.JPEG,n01496331,5,5,0.42871088,1,imagenet_c,defocus_blur,1,none
efficientnet_b4,ILSVRC2012_val_00047080.JPEG,n01496331,5,5,0.5843236,1,imagenet_c,defocus_blur,1,none
efficientnet_b4,ILSVRC2012_val_00047589.JPEG,n01496331,5,5,0.51891476,1,imagenet_c,defocus_blur,1,none
efficientnet_b4,ILSVRC2012_val_00048119.JPEG,n01496331,5,5,0.7357055,1,imagenet_c,defocus_blur,1,none
efficientnet_b4,ILSVRC2012_val_00001935.JPEG,n01498041,6,5,0.40444645,0,imagenet_c,defocus_blur,1,none
efficientnet_b4,ILSVRC2012_val_00002284.JPEG,n01498041,6,5,0.3186033,0,imagenet_c,defocus_blur,1,none
efficientnet_b4,ILSVRC2012_val_00002480.JPEG,n01498041,6,5,0.54432344,0,imagenet_c,defocus_blur,1,none
efficientnet_b4,ILSVRC2012_val_00003518.JPEG,n01498041,6,801,0.098664045,0,imagenet_c,defocus_blur,1,none
efficientnet_b4,ILSVRC2012_val_00004873.JPEG,n01498041,6,6,0.1835043,1,imagenet_c,defocus_blur,1,none
efficientnet_b4,ILSVRC2012_val_00005642.JPEG,n01498041,6,6,0.08547284,1,imagenet_c,defocus_blur,1,none
efficientnet_b4,ILSVRC2012_val_00006402.JPEG,n01498041,6,103,0.047298573,0,imagenet_c,defocus_blur,1,none
efficientnet_b4,ILSVRC2012_val_00008952.JPEG,n01498041,6,5,0.33438006,0,imagenet_c,defocus_blur,1,none
efficientnet_b4,ILSVRC2012_val_00009734.JPEG,n01498041,6,6,0.12628466,1,imagenet_c,defocus_blur,1,none
efficientnet_b4,ILSVRC2012_val_00012259.JPEG,n01498041,6,885,0.029393207,0,imagenet_c,defocus_blur,1,none
efficientnet_b4,ILSVRC2012_val_00013655.JPEG,n01498041,6,5,0.3338987,0,imagenet_c,defocus_blur,1,none
efficientnet_b4,ILSVRC2012_val_00014771.JPEG,n01498041,6,5,0.50921416,0,imagenet_c,defocus_blur,1,none
efficientnet_b4,ILSVRC2012_val_00015045.JPEG,n01498041,6,5,0.07107842,0,imagenet_c,defocus_blur,1,none
efficientnet_b4,ILSVRC2012_val_00015373.JPEG,n01498041,6,5,0.3033828,0,imagenet_c,defocus_blur,1,none
efficientnet_b4,ILSVRC2012_val_00021793.JPEG,n01498041,6,6,0.23282215,1,imagenet_c,defocus_blur,1,none
efficientnet_b4,ILSVRC2012_val_00023239.JPEG,n01498041,6,6,0.31103233,1,imagenet_c,defocus_blur,1,none
efficientnet_b4,ILSVRC2012_val_00024204.JPEG,n01498041,6,112,0.0571796,0,imagenet_c,defocus_blur,1,none
efficientnet_b4,ILSVRC2012_val_00024719.JPEG,n01498041,6,6,0.22108148,1,imagenet_c,defocus_blur,1,none
efficientnet_b4,ILSVRC2012_val_00025051.JPEG,n01498041,6,5,0.2578776,0,imagenet_c,defocus_blur,1,none
efficientnet_b4,ILSVRC2012_val_00026908.JPEG,n01498041,6,6,0.3770616,1,imagenet_c,defocus_blur,1,none
efficientnet_b4,ILSVRC2012_val_00027005.JPEG,n01498041,6,6,0.14004685,1,imagenet_c,defocus_blur,1,none
efficientnet_b4,ILSVRC2012_val_00027415.JPEG,n01498041,6,6,0.24145986,1,imagenet_c,defocus_blur,1,none
efficientnet_b4,ILSVRC2012_val_00028450.JPEG,n01498041,6,5,0.46171743,0,imagenet_c,defocus_blur,1,none
efficientnet_b4,ILSVRC2012_val_00029169.JPEG,n01498041,6,5,0.23213062,0,imagenet_c,defocus_blur,1,none
efficientnet_b4,ILSVRC2012_val_00030380.JPEG,n01498041,6,33,0.071989834,0,imagenet_c,defocus_blur,1,none
efficientnet_b4,ILSVRC2012_val_00030470.JPEG,n01498041,6,6,0.3676931,1,imagenet_c,defocus_blur,1,none
efficientnet_b4,ILSVRC2012_val_00032394.JPEG,n01498041,6,5,0.55335426,0,imagenet_c,defocus_blur,1,none
efficientnet_b4,ILSVRC2012_val_00032441.JPEG,n01498041,6,6,0.31214094,1,imagenet_c,defocus_blur,1,none
efficientnet_b4,ILSVRC2012_val_00033337.JPEG,n01498041,6,147,0.12743217,0,imagenet_c,defocus_blur,1,none
efficientnet_b4,ILSVRC2012_val_00033942.JPEG,n01498041,6,5,0.3289065,0,imagenet_c,defocus_blur,1,none
efficientnet_b4,ILSVRC2012_val_00036118.JPEG,n01498041,6,6,0.3790159,1,imagenet_c,defocus_blur,1,none
efficientnet_b4,ILSVRC2012_val_00036157.JPEG,n01498041,6,5,0.50929785,0,imagenet_c,defocus_blur,1,none
efficientnet_b4,ILSVRC2012_val_00037740.JPEG,n01498041,6,5,0.37052092,0,imagenet_c,defocus_blur,1,none
efficientnet_b4,ILSVRC2012_val_00037753.JPEG,n01498041,6,3,0.31667677,0,imagenet_c,defocus_blur,1,none
efficientnet_b4,ILSVRC2012_val_00037798.JPEG,n01498041,6,5,0.4628173,0,imagenet_c,defocus_blur,1,none
efficientnet_b4,ILSVRC2012_val_00038215.JPEG,n01498041,6,6,0.45782378,1,imagenet_c,defocus_blur,1,none
efficientnet_b4,ILSVRC2012_val_00038935.JPEG,n01498041,6,5,0.46648473,0,imagenet_c,defocus_blur,1,none
efficientnet_b4,ILSVRC2012_val_00039308.JPEG,n01498041,6,20,0.11551574,0,imagenet_c,defocus_blur,1,none
efficientnet_b4,ILSVRC2012_val_00039525.JPEG,n01498041,6,5,0.5263014,0,imagenet_c,defocus_blur,1,none
efficientnet_b4,ILSVRC2012_val_00040342.JPEG,n01498041,6,5,0.2950257,0,imagenet_c,defocus_blur,1,none
efficientnet_b4,ILSVRC2012_val_00041872.JPEG,n01498041,6,5,0.18633828,0,imagenet_c,defocus_blur,1,none
efficientnet_b4,ILSVRC2012_val_00042175.JPEG,n01498041,6,576,0.1317738,0,imagenet_c,defocus_blur,1,none
efficientnet_b4,ILSVRC2012_val_00042385.JPEG,n01498041,6,5,0.29405573,0,imagenet_c,defocus_blur,1,none
efficientnet_b4,ILSVRC2012_val_00042534.JPEG,n01498041,6,842,0.23422006,0,imagenet_c,defocus_blur,1,none
efficientnet_b4,ILSVRC2012_val_00042547.JPEG,n01498041,6,3,0.1804872,0,imagenet_c,defocus_blur,1,none
efficientnet_b4,ILSVRC2012_val_00043229.JPEG,n01498041,6,978,0.20456116,0,imagenet_c,defocus_blur,1,none
efficientnet_b4,ILSVRC2012_val_00043323.JPEG,n01498041,6,5,0.42804468,0,imagenet_c,defocus_blur,1,none
efficientnet_b4,ILSVRC2012_val_00043702.JPEG,n01498041,6,5,0.43667623,0,imagenet_c,defocus_blur,1,none
efficientnet_b4,ILSVRC2012_val_00046497.JPEG,n01498041,6,6,0.30925444,1,imagenet_c,defocus_blur,1,none
efficientnet_b4,ILSVRC2012_val_00049253.JPEG,n01498041,6,6,0.29629713,1,imagenet_c,defocus_blur,1,none
efficientnet_b4,ILSVRC2012_val_00000329.JPEG,n01514668,7,7,0.0717468,1,imagenet_c,defocus_blur,1,none
efficientnet_b4,ILSVRC2012_val_00000911.JPEG,n01514668,7,8,0.20671906,0,imagenet_c,defocus_blur,1,none
efficientnet_b4,ILSVRC2012_val_00003605.JPEG,n01514668,7,7,0.47492328,1,imagenet_c,defocus_blur,1,none
efficientnet_b4,ILSVRC2012_val_00003606.JPEG,n01514668,7,7,0.41074008,1,imagenet_c,defocus_blur,1,none
efficientnet_b4,ILSVRC2012_val_00003936.JPEG,n01514668,7,600,0.068794176,0,imagenet_c,defocus_blur,1,none
efficientnet_b4,ILSVRC2012_val_00004306.JPEG,n01514668,7,7,0.2626793,1,imagenet_c,defocus_blur,1,none
efficientnet_b4,ILSVRC2012_val_00004463.JPEG,n01514668,7,7,0.07452482,1,imagenet_c,defocus_blur,1,none
efficientnet_b4,ILSVRC2012_val_00004550.JPEG,n01514668,7,7,0.2810152,1,imagenet_c,defocus_blur,1,none
efficientnet_b4,ILSVRC2012_val_00005492.JPEG,n01514668,7,7,0.23082207,1,imagenet_c,defocus_blur,1,none
efficientnet_b4,ILSVRC2012_val_00005505.JPEG,n01514668,7,199,0.30396125,0,imagenet_c,defocus_blur,1,none
efficientnet_b4,ILSVRC2012_val_00009219.JPEG,n01514668,7,7,0.1802356,1,imagenet_c,defocus_blur,1,none
efficientnet_b4,ILSVRC2012_val_00009510.JPEG,n01514668,7,8,0.22802144,0,imagenet_c,defocus_blur,1,none
efficientnet_b4,ILSVRC2012_val_00009663.JPEG,n01514668,7,223,0.044971485,0,imagenet_c,defocus_blur,1,none
efficientnet_b4,ILSVRC2012_val_00010208.JPEG,n01514668,7,7,0.25722942,1,imagenet_c,defocus_blur,1,none
efficientnet_b4,ILSVRC2012_val_00011403.JPEG,n01514668,7,7,0.60612684,1,imagenet_c,defocus_blur,1,none
efficientnet_b4,ILSVRC2012_val_00012484.JPEG,n01514668,7,80,0.33062068,0,imagenet_c,defocus_blur,1,none
efficientnet_b4,ILSVRC2012_val_00014090.JPEG,n01514668,7,7,0.37074748,1,imagenet_c,defocus_blur,1,none
efficientnet_b4,ILSVRC2012_val_00015242.JPEG,n01514668,7,7,0.21081443,1,imagenet_c,defocus_blur,1,none
efficientnet_b4,ILSVRC2012_val_00016052.JPEG,n01514668,7,830,0.057274584,0,imagenet_c,defocus_blur,1,none
efficientnet_b4,ILSVRC2012_val_00016781.JPEG,n01514668,7,7,0.32120353,1,imagenet_c,defocus_blur,1,none
efficientnet_b4,ILSVRC2012_val_00019101.JPEG,n01514668,7,7,0.15376249,1,imagenet_c,defocus_blur,1,none
efficientnet_b4,ILSVRC2012_val_00019423.JPEG,n01514668,7,8,0.20605509,0,imagenet_c,defocus_blur,1,none
efficientnet_b4,ILSVRC2012_val_00019721.JPEG,n01514668,7,7,0.43788478,1,imagenet_c,defocus_blur,1,none
efficientnet_b4,ILSVRC2012_val_00020106.JPEG,n01514668,7,7,0.3731345,1,imagenet_c,defocus_blur,1,none
efficientnet_b4,ILSVRC2012_val_00020451.JPEG,n01514668,7,7,0.5274937,1,imagenet_c,defocus_blur,1,none
efficientnet_b4,ILSVRC2012_val_00022025.JPEG,n01514668,7,8,0.27919623,0,imagenet_c,defocus_blur,1,none
efficientnet_b4,ILSVRC2012_val_00022248.JPEG,n01514668,7,8,0.2446203,0,imagenet_c,defocus_blur,1,none
efficientnet_b4,ILSVRC2012_val_00023551.JPEG,n01514668,7,7,0.41733584,1,imagenet_c,defocus_blur,1,none
efficientnet_b4,ILSVRC2012_val_00024957.JPEG,n01514668,7,7,0.48781613,1,imagenet_c,defocus_blur,1,none
efficientnet_b4,ILSVRC2012_val_00025431.JPEG,n01514668,7,7,0.23013006,1,imagenet_c,defocus_blur,1,none
efficientnet_b4,ILSVRC2012_val_00027207.JPEG,n01514668,7,7,0.44349605,1,imagenet_c,defocus_blur,1,none
efficientnet_b4,ILSVRC2012_val_00027351.JPEG,n01514668,7,7,0.46277767,1,imagenet_c,defocus_blur,1,none
efficientnet_b4,ILSVRC2012_val_00028221.JPEG,n01514668,7,7,0.43054965,1,imagenet_c,defocus_blur,1,none
efficientnet_b4,ILSVRC2012_val_00028712.JPEG,n01514668,7,80,0.25866953,0,imagenet_c,defocus_blur,1,none
efficientnet_b4,ILSVRC2012_val_00029921.JPEG,n01514668,7,522,0.040154077,0,imagenet_c,defocus_blur,1,none
efficientnet_b4,ILSVRC2012_val_00035104.JPEG,n01514668,7,7,0.24209936,1,imagenet_c,defocus_blur,1,none
efficientnet_b4,ILSVRC2012_val_00035151.JPEG,n01514668,7,7,0.39143443,1,imagenet_c,defocus_blur,1,none
efficientnet_b4,ILSVRC2012_val_00036368.JPEG,n01514668,7,7,0.42844248,1,imagenet_c,defocus_blur,1,none
efficientnet_b4,ILSVRC2012_val_00037070.JPEG,n01514668,7,7,0.4959978,1,imagenet_c,defocus_blur,1,none
efficientnet_b4,ILSVRC2012_val_00037569.JPEG,n01514668,7,7,0.2341598,1,imagenet_c,defocus_blur,1,none
efficientnet_b4,ILSVRC2012_val_00038826.JPEG,n01514668,7,7,0.36014417,1,imagenet_c,defocus_blur,1,none
efficientnet_b4,ILSVRC2012_val_00043387.JPEG,n01514668,7,7,0.31421816,1,imagenet_c,defocus_blur,1,none
efficientnet_b4,ILSVRC2012_val_00043751.JPEG,n01514668,7,7,0.29200804,1,imagenet_c,defocus_blur,1,none
efficientnet_b4,ILSVRC2012_val_00045107.JPEG,n01514668,7,8,0.40129703,0,imagenet_c,defocus_blur,1,none
efficientnet_b4,ILSVRC2012_val_00046393.JPEG,n01514668,7,7,0.47597608,1,imagenet_c,defocus_blur,1,none
efficientnet_b4,ILSVRC2012_val_00046524.JPEG,n01514668,7,7,0.48047262,1,imagenet_c,defocus_blur,1,none
efficientnet_b4,ILSVRC2012_val_00047137.JPEG,n01514668,7,1,0.3443518,0,imagenet_c,defocus_blur,1,none
efficientnet_b4,ILSVRC2012_val_00047724.JPEG,n01514668,7,7,0.47525683,1,imagenet_c,defocus_blur,1,none
efficientnet_b4,ILSVRC2012_val_00048952.JPEG,n01514668,7,8,0.4639312,0,imagenet_c,defocus_blur,1,none
efficientnet_b4,ILSVRC2012_val_00049181.JPEG,n01514668,7,7,0.41556686,1,imagenet_c,defocus_blur,1,none
efficientnet_b4,ILSVRC2012_val_00001114.JPEG,n01514859,8,8,0.5932855,1,imagenet_c,defocus_blur,1,none
efficientnet_b4,ILSVRC2012_val_00001368.JPEG,n01514859,8,8,0.61519974,1,imagenet_c,defocus_blur,1,none
efficientnet_b4,ILSVRC2012_val_00001906.JPEG,n01514859,8,8,0.2636877,1,imagenet_c,defocus_blur,1,none
efficientnet_b4,ILSVRC2012_val_00002372.JPEG,n01514859,8,634,0.20689566,0,imagenet_c,defocus_blur,1,none
efficientnet_b4,ILSVRC2012_val_00004183.JPEG,n01514859,8,7,0.23378535,0,imagenet_c,defocus_blur,1,none
efficientnet_b4,ILSVRC2012_val_00004315.JPEG,n01514859,8,8,0.35675552,1,imagenet_c,defocus_blur,1,none
efficientnet_b4,ILSVRC2012_val_00005535.JPEG,n01514859,8,8,0.35120618,1,imagenet_c,defocus_blur,1,none
efficientnet_b4,ILSVRC2012_val_00006195.JPEG,n01514859,8,8,0.25331035,1,imagenet_c,defocus_blur,1,none
efficientnet_b4,ILSVRC2012_val_00007530.JPEG,n01514859,8,8,0.5361961,1,imagenet_c,defocus_blur,1,none
efficientnet_b4,ILSVRC2012_val_00007729.JPEG,n01514859,8,8,0.11123475,1,imagenet_c,defocus_blur,1,none
efficientnet_b4,ILSVRC2012_val_00008125.JPEG,n01514859,8,8,0.5066253,1,imagenet_c,defocus_blur,1,none
efficientnet_b4,ILSVRC2012_val_00009615.JPEG,n01514859,8,8,0.5335891,1,imagenet_c,defocus_blur,1,none
efficientnet_b4,ILSVRC2012_val_00010162.JPEG,n01514859,8,8,0.46463132,1,imagenet_c,defocus_blur,1,none
efficientnet_b4,ILSVRC2012_val_00011171.JPEG,n01514859,8,8,0.3618992,1,imagenet_c,defocus_blur,1,none
efficientnet_b4,ILSVRC2012_val_00012528.JPEG,n01514859,8,8,0.25950694,1,imagenet_c,defocus_blur,1,none
efficientnet_b4,ILSVRC2012_val_00014180.JPEG,n01514859,8,660,0.067123584,0,imagenet_c,defocus_blur,1,none
efficientnet_b4,ILSVRC2012_val_00014879.JPEG,n01514859,8,8,0.1789873,1,imagenet_c,defocus_blur,1,none
efficientnet_b4,ILSVRC2012_val_00014917.JPEG,n01514859,8,8,0.23271157,1,imagenet_c,defocus_blur,1,none
efficientnet_b4,ILSVRC2012_val_00021430.JPEG,n01514859,8,8,0.14683637,1,imagenet_c,defocus_blur,1,none
efficientnet_b4,ILSVRC2012_val_00022644.JPEG,n01514859,8,137,0.42377022,0,imagenet_c,defocus_blur,1,none
efficientnet_b4,ILSVRC2012_val_00025324.JPEG,n01514859,8,8,0.15691575,1,imagenet_c,defocus_blur,1,none
efficientnet_b4,ILSVRC2012_val_00026271.JPEG,n01514859,8,8,0.3265921,1,imagenet_c,defocus_blur,1,none
efficientnet_b4,ILSVRC2012_val_00026508.JPEG,n01514859,8,8,0.37998906,1,imagenet_c,defocus_blur,1,none
efficientnet_b4,ILSVRC2012_val_00027762.JPEG,n01514859,8,7,0.27139187,0,imagenet_c,defocus_blur,1,none
efficientnet_b4,ILSVRC2012_val_00028107.JPEG,n01514859,8,7,0.21914047,0,imagenet_c,defocus_blur,1,none
efficientnet_b4,ILSVRC2012_val_00029619.JPEG,n01514859,8,8,0.35939363,1,imagenet_c,defocus_blur,1,none
efficientnet_b4,ILSVRC2012_val_00031481.JPEG,n01514859,8,8,0.486371,1,imagenet_c,defocus_blur,1,none
efficientnet_b4,ILSVRC2012_val_00032162.JPEG,n01514859,8,8,0.33363333,1,imagenet_c,defocus_blur,1,none
efficientnet_b4,ILSVRC2012_val_00032169.JPEG,n01514859,8,8,0.24586679,1,imagenet_c,defocus_blur,1,none
efficientnet_b4,ILSVRC2012_val_00032310.JPEG,n01514859,8,8,0.28049257,1,imagenet_c,defocus_blur,1,none
efficientnet_b4,ILSVRC2012_val_00032930.JPEG,n01514859,8,8,0.4209316,1,imagenet_c,defocus_blur,1,none
efficientnet_b4,ILSVRC2012_val_00033538.JPEG,n01514859,8,7,0.32924986,0,imagenet_c,defocus_blur,1,none
efficientnet_b4,ILSVRC2012_val_00035141.JPEG,n01514859,8,8,0.3936452,1,imagenet_c,defocus_blur,1,none
efficientnet_b4,ILSVRC2012_val_00037013.JPEG,n01514859,8,8,0.39130893,1,imagenet_c,defocus_blur,1,none
efficientnet_b4,ILSVRC2012_val_00037719.JPEG,n01514859,8,8,0.21492498,1,imagenet_c,defocus_blur,1,none
efficientnet_b4,ILSVRC2012_val_00039067.JPEG,n01514859,8,8,0.4063076,1,imagenet_c,defocus_blur,1,none
efficientnet_b4,ILSVRC2012_val_00039943.JPEG,n01514859,8,8,0.26381478,1,imagenet_c,defocus_blur,1,none
efficientnet_b4,ILSVRC2012_val_00040038.JPEG,n01514859,8,7,0.3196129,0,imagenet_c,defocus_blur,1,none
efficientnet_b4,ILSVRC2012_val_00041168.JPEG,n01514859,8,8,0.5758321,1,imagenet_c,defocus_blur,1,none
efficientnet_b4,ILSVRC2012_val_00041334.JPEG,n01514859,8,8,0.5211688,1,imagenet_c,defocus_blur,1,none
efficientnet_b4,ILSVRC2012_val_00041852.JPEG,n01514859,8,8,0.36124137,1,imagenet_c,defocus_blur,1,none
efficientnet_b4,ILSVRC2012_val_00042135.JPEG,n01514859,8,338,0.22395736,0,imagenet_c,defocus_blur,1,none
efficientnet_b4,ILSVRC2012_val_00042568.JPEG,n01514859,8,8,0.30742547,1,imagenet_c,defocus_blur,1,none
efficientnet_b4,ILSVRC2012_val_00044276.JPEG,n01514859,8,106,0.4225754,0,imagenet_c,defocus_blur,1,none
efficientnet_b4,ILSVRC2012_val_00045547.JPEG,n01514859,8,8,0.5044605,1,imagenet_c,defocus_blur,1,none
efficientnet_b4,ILSVRC2012_val_00045551.JPEG,n01514859,8,8,0.48902005,1,imagenet_c,defocus_blur,1,none
efficientnet_b4,ILSVRC2012_val_00047753.JPEG,n01514859,8,8,0.4450323,1,imagenet_c,defocus_blur,1,none
efficientnet_b4,ILSVRC2012_val_00048049.JPEG,n01514859,8,8,0.13760275,1,imagenet_c,defocus_blur,1,none
efficientnet_b4,ILSVRC2012_val_00048242.JPEG,n01514859,8,8,0.61814404,1,imagenet_c,defocus_blur,1,none
efficientnet_b4,ILSVRC2012_val_00049833.JPEG,n01514859,8,8,0.4666348,1,imagenet_c,defocus_blur,1,none
efficientnet_b4,ILSVRC2012_val_00001031.JPEG,n01518878,9,9,0.43670377,1,imagenet_c,defocus_blur,1,none
efficientnet_b4,ILSVRC2012_val_00001398.JPEG,n01518878,9,9,0.5760897,1,imagenet_c,defocus_blur,1,none
efficientnet_b4,ILSVRC2012_val_00003297.JPEG,n01518878,9,9,0.51116073,1,imagenet_c,defocus_blur,1,none
efficientnet_b4,ILSVRC2012_val_00004756.JPEG,n01518878,9,9,0.40704682,1,imagenet_c,defocus_blur,1,none
efficientnet_b4,ILSVRC2012_val_00004983.JPEG,n01518878,9,9,0.38891357,1,imagenet_c,defocus_blur,1,none
efficientnet_b4,ILSVRC2012_val_00005427.JPEG,n01518878,9,9,0.3470515,1,imagenet_c,defocus_blur,1,none
efficientnet_b4,ILSVRC2012_val_00008176.JPEG,n01518878,9,9,0.34037158,1,imagenet_c,defocus_blur,1,none
efficientnet_b4,ILSVRC2012_val_00008294.JPEG,n01518878,9,9,0.5078502,1,imagenet_c,defocus_blur,1,none
efficientnet_b4,ILSVRC2012_val_00008898.JPEG,n01518878,9,9,0.4977085,1,imagenet_c,defocus_blur,1,none
efficientnet_b4,ILSVRC2012_val_00010594.JPEG,n01518878,9,9,0.34539184,1,imagenet_c,defocus_blur,1,none
efficientnet_b4,ILSVRC2012_val_00010763.JPEG,n01518878,9,9,0.49992305,1,imagenet_c,defocus_blur,1,none
efficientnet_b4,ILSVRC2012_val_00013321.JPEG,n01518878,9,9,0.43953636,1,imagenet_c,defocus_blur,1,none
efficientnet_b4,ILSVRC2012_val_00014328.JPEG,n01518878,9,9,0.40757212,1,imagenet_c,defocus_blur,1,none
efficientnet_b4,ILSVRC2012_val_00015266.JPEG,n01518878,9,9,0.5761486,1,imagenet_c,defocus_blur,1,none
efficientnet_b4,ILSVRC2012_val_00015706.JPEG,n01518878,9,9,0.3830283,1,imagenet_c,defocus_blur,1,none
efficientnet_b4,ILSVRC2012_val_00017839.JPEG,n01518878,9,9,0.4172061,1,imagenet_c,defocus_blur,1,none
efficientnet_b4,ILSVRC2012_val_00019184.JPEG,n01518878,9,9,0.47400615,1,imagenet_c,defocus_blur,1,none
efficientnet_b4,ILSVRC2012_val_00023214.JPEG,n01518878,9,9,0.39462164,1,imagenet_c,defocus_blur,1,none
efficientnet_b4,ILSVRC2012_val_00023607.JPEG,n01518878,9,9,0.39535475,1,imagenet_c,defocus_blur,1,none
efficientnet_b4,ILSVRC2012_val_00023778.JPEG,n01518878,9,9,0.5348332,1,imagenet_c,defocus_blur,1,none
efficientnet_b4,ILSVRC2012_val_00024268.JPEG,n01518878,9,9,0.42288426,1,imagenet_c,defocus_blur,1,none
efficientnet_b4,ILSVRC2012_val_00024800.JPEG,n01518878,9,9,0.46177372,1,imagenet_c,defocus_blur,1,none
efficientnet_b4,ILSVRC2012_val_00028978.JPEG,n01518878,9,9,0.14210954,1,imagenet_c,defocus_blur,1,none
efficientnet_b4,ILSVRC2012_val_00030699.JPEG,n01518878,9,9,0.46267363,1,imagenet_c,defocus_blur,1,none
efficientnet_b4,ILSVRC2012_val_00031239.JPEG,n01518878,9,9,0.25696203,1,imagenet_c,defocus_blur,1,none
efficientnet_b4,ILSVRC2012_val_00031913.JPEG,n01518878,9,9,0.6107355,1,imagenet_c,defocus_blur,1,none
efficientnet_b4,ILSVRC2012_val_00032849.JPEG,n01518878,9,9,0.3418667,1,imagenet_c,defocus_blur,1,none
efficientnet_b4,ILSVRC2012_val_00033181.JPEG,n01518878,9,9,0.55800456,1,imagenet_c,defocus_blur,1,none
efficientnet_b4,ILSVRC2012_val_00034316.JPEG,n01518878,9,9,0.46756938,1,imagenet_c,defocus_blur,1,none
efficientnet_b4,ILSVRC2012_val_00035123.JPEG,n01518878,9,9,0.5880415,1,imagenet_c,defocus_blur,1,none
efficientnet_b4,ILSVRC2012_val_00035785.JPEG,n01518878,9,9,0.3399157,1,imagenet_c,defocus_blur,1,none
efficientnet_b4,ILSVRC2012_val_00036105.JPEG,n01518878,9,9,0.51465404,1,imagenet_c,defocus_blur,1,none
efficientnet_b4,ILSVRC2012_val_00036749.JPEG,n01518878,9,9,0.35865557,1,imagenet_c,defocus_blur,1,none
efficientnet_b4,ILSVRC2012_val_00037698.JPEG,n01518878,9,9,0.5155348,1,imagenet_c,defocus_blur,1,none
efficientnet_b4,ILSVRC2012_val_00037941.JPEG,n01518878,9,9,0.45971656,1,imagenet_c,defocus_blur,1,none
efficientnet_b4,ILSVRC2012_val_00038156.JPEG,n01518878,9,9,0.4017568,1,imagenet_c,defocus_blur,1,none
efficientnet_b4,ILSVRC2012_val_00039355.JPEG,n01518878,9,9,0.38753167,1,imagenet_c,defocus_blur,1,none
efficientnet_b4,ILSVRC2012_val_00041114.JPEG,n01518878,9,9,0.54400116,1,imagenet_c,defocus_blur,1,none
efficientnet_b4,ILSVRC2012_val_00041977.JPEG,n01518878,9,9,0.5068149,1,imagenet_c,defocus_blur,1,none
efficientnet_b4,ILSVRC2012_val_00042926.JPEG,n01518878,9,9,0.4974469,1,imagenet_c,defocus_blur,1,none
efficientnet_b4,ILSVRC2012_val_00043764.JPEG,n01518878,9,9,0.5195529,1,imagenet_c,defocus_blur,1,none
efficientnet_b4,ILSVRC2012_val_00044483.JPEG,n01518878,9,9,0.6607784,1,imagenet_c,defocus_blur,1,none
efficientnet_b4,ILSVRC2012_val_00044624.JPEG,n01518878,9,9,0.5333092,1,imagenet_c,defocus_blur,1,none
efficientnet_b4,ILSVRC2012_val_00044975.JPEG,n01518878,9,9,0.39763805,1,imagenet_c,defocus_blur,1,none
efficientnet_b4,ILSVRC2012_val_00045402.JPEG,n01518878,9,9,0.46822622,1,imagenet_c,defocus_blur,1,none
efficientnet_b4,ILSVRC2012_val_00046260.JPEG,n01518878,9,9,0.46557724,1,imagenet_c,defocus_blur,1,none
efficientnet_b4,ILSVRC2012_val_00046654.JPEG,n01518878,9,9,0.38145915,1,imagenet_c,defocus_blur,1,none
efficientnet_b4,ILSVRC2012_val_00047400.JPEG,n01518878,9,9,0.5997408,1,imagenet_c,defocus_blur,1,none
efficientnet_b4,ILSVRC2012_val_00048600.JPEG,n01518878,9,9,0.53766257,1,imagenet_c,defocus_blur,1,none
efficientnet_b4,ILSVRC2012_val_00049090.JPEG,n01518878,9,9,0.267825,1,imagenet_c,defocus_blur,1,none
efficientnet_b4,ILSVRC2012_val_00000651.JPEG,n01530575,10,10,0.5499596,1,imagenet_c,defocus_blur,1,none
efficientnet_b4,ILSVRC2012_val_00000747.JPEG,n01530575,10,10,0.6902283,1,imagenet_c,defocus_blur,1,none
efficientnet_b4,ILSVRC2012_val_00002023.JPEG,n01530575,10,10,0.5544391,1,imagenet_c,defocus_blur,1,none
efficientnet_b4,ILSVRC2012_val_00002191.JPEG,n01530575,10,10,0.51775753,1,imagenet_c,defocus_blur,1,none
efficientnet_b4,ILSVRC2012_val_00002425.JPEG,n01530575,10,10,0.55501467,1,imagenet_c,defocus_blur,1,none
efficientnet_b4,ILSVRC2012_val_00002730.JPEG,n01530575,10,10,0.63911045,1,imagenet_c,defocus_blur,1,none
efficientnet_b4,ILSVRC2012_val_00004006.JPEG,n01530575,10,858,0.38737893,0,imagenet_c,defocus_blur,1,none
efficientnet_b4,ILSVRC2012_val_00006526.JPEG,n01530575,10,10,0.6688957,1,imagenet_c,defocus_blur,1,none
efficientnet_b4,ILSVRC2012_val_00006763.JPEG,n01530575,10,10,0.65749043,1,imagenet_c,defocus_blur,1,none
efficientnet_b4,ILSVRC2012_val_00010393.JPEG,n01530575,10,10,0.624479,1,imagenet_c,defocus_blur,1,none
efficientnet_b4,ILSVRC2012_val_00010689.JPEG,n01530575,10,10,0.5089446,1,imagenet_c,defocus_blur,1,none
efficientnet_b4,ILSVRC2012_val_00010999.JPEG,n01530575,10,10,0.67385834,1,imagenet_c,defocus_blur,1,none
efficientnet_b4,ILSVRC2012_val_00011249.JPEG,n01530575,10,10,0.58486503,1,imagenet_c,defocus_blur,1,none
efficientnet_b4,ILSVRC2012_val_00012814.JPEG,n01530575,10,10,0.68973535,1,imagenet_c,defocus_blur,1,none
efficientnet_b4,ILSVRC2012_val_00013512.JPEG,n01530575,10,81,0.16782144,0,imagenet_c,defocus_blur,1,none
efficientnet_b4,ILSVRC2012_val_00015223.JPEG,n01530575,10,10,0.67332935,1,imagenet_c,defocus_blur,1,none
efficientnet_b4,ILSVRC2012_val_00016476.JPEG,n01530575,10,10,0.61174244,1,imagenet_c,defocus_blur,1,none
efficientnet_b4,ILSVRC2012_val_00016548.JPEG,n01530575,10,10,0.5655777,1,imagenet_c,defocus_blur,1,none
efficientnet_b4,ILSVRC2012_val_00020889.JPEG,n01530575,10,10,0.6160464,1,imagenet_c,defocus_blur,1,none
efficientnet_b4,ILSVRC2012_val_00023441.JPEG,n01530575,10,10,0.6074592,1,imagenet_c,defocus_blur,1,none
efficientnet_b4,ILSVRC2012_val_00023698.JPEG,n01530575,10,269,0.03559383,0,imagenet_c,defocus_blur,1,none
efficientnet_b4,ILSVRC2012_val_00023766.JPEG,n01530575,10,10,0.1440191,1,imagenet_c,defocus_blur,1,none
efficientnet_b4,ILSVRC2012_val_00025347.JPEG,n01530575,10,10,0.58133775,1,imagenet_c,defocus_blur,1,none
efficientnet_b4,ILSVRC2012_val_00025488.JPEG,n01530575,10,10,0.648301,1,imagenet_c,defocus_blur,1,none
efficientnet_b4,ILSVRC2012_val_00026673.JPEG,n01530575,10,10,0.62661284,1,imagenet_c,defocus_blur,1,none
efficientnet_b4,ILSVRC2012_val_00026784.JPEG,n01530575,10,10,0.4431694,1,imagenet_c,defocus_blur,1,none
efficientnet_b4,ILSVRC2012_val_00027374.JPEG,n01530575,10,10,0.62042755,1,imagenet_c,defocus_blur,1,none
efficientnet_b4,ILSVRC2012_val_00027507.JPEG,n01530575,10,10,0.6039506,1,imagenet_c,defocus_blur,1,none
efficientnet_b4,ILSVRC2012_val_00027619.JPEG,n01530575,10,10,0.46935976,1,imagenet_c,defocus_blur,1,none
efficientnet_b4,ILSVRC2012_val_00028902.JPEG,n01530575,10,10,0.4012709,1,imagenet_c,defocus_blur,1,none
efficientnet_b4,ILSVRC2012_val_00030224.JPEG,n01530575,10,10,0.6519795,1,imagenet_c,defocus_blur,1,none
efficientnet_b4,ILSVRC2012_val_00033092.JPEG,n01530575,10,10,0.5691479,1,imagenet_c,defocus_blur,1,none
efficientnet_b4,ILSVRC2012_val_00033580.JPEG,n01530575,10,10,0.66864514,1,imagenet_c,defocus_blur,1,none
efficientnet_b4,ILSVRC2012_val_00034018.JPEG,n01530575,10,10,0.5718526,1,imagenet_c,defocus_blur,1,none
efficientnet_b4,ILSVRC2012_val_00034864.JPEG,n01530575,10,24,0.07883852,0,imagenet_c,defocus_blur,1,none
efficientnet_b4,ILSVRC2012_val_00035540.JPEG,n01530575,10,10,0.5375546,1,imagenet_c,defocus_blur,1,none
efficientnet_b4,ILSVRC2012_val_00035872.JPEG,n01530575,10,10,0.74063665,1,imagenet_c,defocus_blur,1,none
efficientnet_b4,ILSVRC2012_val_00037116.JPEG,n01530575,10,10,0.5345957,1,imagenet_c,defocus_blur,1,none
efficientnet_b4,ILSVRC2012_val_00037748.JPEG,n01530575,10,537,0.063241504,0,imagenet_c,defocus_blur,1,none
efficientnet_b4,ILSVRC2012_val_00038895.JPEG,n01530575,10,10,0.69054073,1,imagenet_c,defocus_blur,1,none
efficientnet_b4,ILSVRC2012_val_00043788.JPEG,n01530575,10,10,0.61760557,1,imagenet_c,defocus_blur,1,none
efficientnet_b4,ILSVRC2012_val_00045172.JPEG,n01530575,10,10,0.65863657,1,imagenet_c,defocus_blur,1,none
efficientnet_b4,ILSVRC2012_val_00045389.JPEG,n01530575,10,10,0.65061814,1,imagenet_c,defocus_blur,1,none
efficientnet_b4,ILSVRC2012_val_00045415.JPEG,n01530575,10,10,0.64452857,1,imagenet_c,defocus_blur,1,none
efficientnet_b4,ILSVRC2012_val_00045611.JPEG,n01530575,10,139,0.13311535,0,imagenet_c,defocus_blur,1,none
efficientnet_b4,ILSVRC2012_val_00046751.JPEG,n01530575,10,10,0.49937695,1,imagenet_c,defocus_blur,1,none
efficientnet_b4,ILSVRC2012_val_00046833.JPEG,n01530575,10,10,0.78284264,1,imagenet_c,defocus_blur,1,none
efficientnet_b4,ILSVRC2012_val_00047878.JPEG,n01530575,10,10,0.09052792,1,imagenet_c,defocus_blur,1,none
efficientnet_b4,ILSVRC2012_val_00047914.JPEG,n01530575,10,10,0.51232535,1,imagenet_c,defocus_blur,1,none
efficientnet_b4,ILSVRC2012_val_00049568.JPEG,n01530575,10,10,0.79056233,1,imagenet_c,defocus_blur,1,none
efficientnet_b4,ILSVRC2012_val_00000570.JPEG,n01531178,11,11,0.31052294,1,imagenet_c,defocus_blur,1,none
efficientnet_b4,ILSVRC2012_val_00001274.JPEG,n01531178,11,11,0.50793695,1,imagenet_c,defocus_blur,1,none
efficientnet_b4,ILSVRC2012_val_00002668.JPEG,n01531178,11,11,0.44778466,1,imagenet_c,defocus_blur,1,none
efficientnet_b4,ILSVRC2012_val_00003548.JPEG,n01531178,11,11,0.51157457,1,imagenet_c,defocus_blur,1,none
efficientnet_b4,ILSVRC2012_val_00003816.JPEG,n01531178,11,11,0.6989697,1,imagenet_c,defocus_blur,1,none
efficientnet_b4,ILSVRC2012_val_00004243.JPEG,n01531178,11,11,0.41091597,1,imagenet_c,defocus_blur,1,none
efficientnet_b4,ILSVRC2012_val_00004893.JPEG,n01531178,11,81,0.08637677,0,imagenet_c,defocus_blur,1,none
efficientnet_b4,ILSVRC2012_val_00005287.JPEG,n01531178,11,11,0.4664042,1,imagenet_c,defocus_blur,1,none
efficientnet_b4,ILSVRC2012_val_00005567.JPEG,n01531178,11,11,0.50767326,1,imagenet_c,defocus_blur,1,none
efficientnet_b4,ILSVRC2012_val_00009831.JPEG,n01531178,11,11,0.40358585,1,imagenet_c,defocus_blur,1,none
efficientnet_b4,ILSVRC2012_val_00010409.JPEG,n01531178,11,11,0.22071542,1,imagenet_c,defocus_blur,1,none
efficientnet_b4,ILSVRC2012_val_00013270.JPEG,n01531178,11,11,0.05228243,1,imagenet_c,defocus_blur,1,none
efficientnet_b4,ILSVRC2012_val_00013407.JPEG,n01531178,11,10,0.46299922,0,imagenet_c,defocus_blur,1,none
efficientnet_b4,ILSVRC2012_val_00013902.JPEG,n01531178,11,11,0.57728165,1,imagenet_c,defocus_blur,1,none
efficientnet_b4,ILSVRC2012_val_00013998.JPEG,n01531178,11,11,0.42090607,1,imagenet_c,defocus_blur,1,none
efficientnet_b4,ILSVRC2012_val_00015431.JPEG,n01531178,11,11,0.34305853,1,imagenet_c,defocus_blur,1,none
efficientnet_b4,ILSVRC2012_val_00015863.JPEG,n01531178,11,11,0.39199564,1,imagenet_c,defocus_blur,1,none
efficientnet_b4,ILSVRC2012_val_00015903.JPEG,n01531178,11,11,0.45728132,1,imagenet_c,defocus_blur,1,none
efficientnet_b4,ILSVRC2012_val_00016252.JPEG,n01531178,11,11,0.48739132,1,imagenet_c,defocus_blur,1,none
efficientnet_b4,ILSVRC2012_val_00016538.JPEG,n01531178,11,11,0.31578568,1,imagenet_c,defocus_blur,1,none
efficientnet_b4,ILSVRC2012_val_00017391.JPEG,n01531178,11,11,0.4671952,1,imagenet_c,defocus_blur,1,none
efficientnet_b4,ILSVRC2012_val_00019236.JPEG,n01531178,11,11,0.55563337,1,imagenet_c,defocus_blur,1,none
efficientnet_b4,ILSVRC2012_val_00019744.JPEG,n01531178,11,10,0.6616992,0,imagenet_c,defocus_blur,1,none
efficientnet_b4,ILSVRC2012_val_00024256.JPEG,n01531178,11,11,0.5701621,1,imagenet_c,defocus_blur,1,none
efficientnet_b4,ILSVRC2012_val_00025151.JPEG,n01531178,11,11,0.5614648,1,imagenet_c,defocus_blur,1,none
efficientnet_b4,ILSVRC2012_val_00025507.JPEG,n01531178,11,11,0.56635326,1,imagenet_c,defocus_blur,1,none
efficientnet_b4,ILSVRC2012_val_00025535.JPEG,n01531178,11,92,0.31552073,0,imagenet_c,defocus_blur,1,none
efficientnet_b4,ILSVRC2012_val_00025888.JPEG,n01531178,11,11,0.2598183,1,imagenet_c,defocus_blur,1,none
efficientnet_b4,ILSVRC2012_val_00026279.JPEG,n01531178,11,11,0.38273996,1,imagenet_c,defocus_blur,1,none
efficientnet_b4,ILSVRC2012_val_00028063.JPEG,n01531178,11,70,0.07584623,0,imagenet_c,defocus_blur,1,none
efficientnet_b4,ILSVRC2012_val_00029581.JPEG,n01531178,11,11,0.39885032,1,imagenet_c,defocus_blur,1,none
efficientnet_b4,ILSVRC2012_val_00029740.JPEG,n01531178,11,11,0.40269294,1,imagenet_c,defocus_blur,1,none
efficientnet_b4,ILSVRC2012_val_00030071.JPEG,n01531178,11,11,0.5304746,1,imagenet_c,defocus_blur,1,none
efficientnet_b4,ILSVRC2012_val_00030320.JPEG,n01531178,11,11,0.4965843,1,imagenet_c,defocus_blur,1,none
efficientnet_b4,ILSVRC2012_val_00031086.JPEG,n01531178,11,20,0.20878103,0,imagenet_c,defocus_blur,1,none
efficientnet_b4,ILSVRC2012_val_00031630.JPEG,n01531178,11,11,0.5128711,1,imagenet_c,defocus_blur,1,none
efficientnet_b4,ILSVRC2012_val_00032154.JPEG,n01531178,11,11,0.48089007,1,imagenet_c,defocus_blur,1,none
efficientnet_b4,ILSVRC2012_val_00032359.JPEG,n01531178,11,10,0.7519968,0,imagenet_c,defocus_blur,1,none
efficientnet_b4,ILSVRC2012_val_00032710.JPEG,n01531178,11,10,0.22713031,0,imagenet_c,defocus_blur,1,none
efficientnet_b4,ILSVRC2012_val_00032855.JPEG,n01531178,11,11,0.52782905,1,imagenet_c,defocus_blur,1,none
efficientnet_b4,ILSVRC2012_val_00032993.JPEG,n01531178,11,11,0.42500925,1,imagenet_c,defocus_blur,1,none
efficientnet_b4,ILSVRC2012_val_00034250.JPEG,n01531178,11,11,0.5411398,1,imagenet_c,defocus_blur,1,none
efficientnet_b4,ILSVRC2012_val_00035254.JPEG,n01531178,11,11,0.43984917,1,imagenet_c,defocus_blur,1,none
efficientnet_b4,ILSVRC2012_val_00035833.JPEG,n01531178,11,11,0.5689602,1,imagenet_c,defocus_blur,1,none
efficientnet_b4,ILSVRC2012_val_00037611.JPEG,n01531178,11,11,0.53306943,1,imagenet_c,defocus_blur,1,none
efficientnet_b4,ILSVRC2012_val_00041836.JPEG,n01531178,11,10,0.5020653,0,imagenet_c,defocus_blur,1,none
efficientnet_b4,ILSVRC2012_val_00042032.JPEG,n01531178,11,11,0.45303696,1,imagenet_c,defocus_blur,1,none
efficientnet_b4,ILSVRC2012_val_00044706.JPEG,n01531178,11,11,0.5524858,1,imagenet_c,defocus_blur,1,none
efficientnet_b4,ILSVRC2012_val_00047029.JPEG,n01531178,11,11,0.33735055,1,imagenet_c,defocus_blur,1,none
efficientnet_b4,ILSVRC2012_val_00048710.JPEG,n01531178,11,11,0.554505,1,imagenet_c,defocus_blur,1,none
efficientnet_b4,ILSVRC2012_val_00000873.JPEG,n01532829,12,12,0.18040377,1,imagenet_c,defocus_blur,1,none
efficientnet_b4,ILSVRC2012_val_00001556.JPEG,n01532829,12,12,0.2884255,1,imagenet_c,defocus_blur,1,none
efficientnet_b4,ILSVRC2012_val_00002357.JPEG,n01532829,12,12,0.3726273,1,imagenet_c,defocus_blur,1,none
efficientnet_b4,ILSVRC2012_val_00004375.JPEG,n01532829,12,12,0.37701336,1,imagenet_c,defocus_blur,1,none
efficientnet_b4,ILSVRC2012_val_00004747.JPEG,n01532829,12,12,0.6328756,1,imagenet_c,defocus_blur,1,none
efficientnet_b4,ILSVRC2012_val_00004749.JPEG,n01532829,12,12,0.33533013,1,imagenet_c,defocus_blur,1,none
efficientnet_b4,ILSVRC2012_val_00005336.JPEG,n01532829,12,12,0.60936296,1,imagenet_c,defocus_blur,1,none
efficientnet_b4,ILSVRC2012_val_00005848.JPEG,n01532829,12,12,0.39762586,1,imagenet_c,defocus_blur,1,none
efficientnet_b4,ILSVRC2012_val_00006597.JPEG,n01532829,12,12,0.2621423,1,imagenet_c,defocus_blur,1,none
efficientnet_b4,ILSVRC2012_val_00006835.JPEG,n01532829,12,12,0.58700424,1,imagenet_c,defocus_blur,1,none
efficientnet_b4,ILSVRC2012_val_00007129.JPEG,n01532829,12,21,0.1456758,0,imagenet_c,defocus_blur,1,none
efficientnet_b4,ILSVRC2012_val_00007237.JPEG,n01532829,12,12,0.3775498,1,imagenet_c,defocus_blur,1,none
efficientnet_b4,ILSVRC2012_val_00009239.JPEG,n01532829,12,12,0.42132112,1,imagenet_c,defocus_blur,1,none
efficientnet_b4,ILSVRC2012_val_00010310.JPEG,n01532829,12,12,0.38948566,1,imagenet_c,defocus_blur,1,none
efficientnet_b4,ILSVRC2012_val_00010443.JPEG,n01532829,12,12,0.39186203,1,imagenet_c,defocus_blur,1,none
efficientnet_b4,ILSVRC2012_val_00011056.JPEG,n01532829,12,15,0.19194937,0,imagenet_c,defocus_blur,1,none
efficientnet_b4,ILSVRC2012_val_00013209.JPEG,n01532829,12,10,0.41083562,0,imagenet_c,defocus_blur,1,none
efficientnet_b4,ILSVRC2012_val_00013367.JPEG,n01532829,12,12,0.4700237,1,imagenet_c,defocus_blur,1,none
efficientnet_b4,ILSVRC2012_val_00013456.JPEG,n01532829,12,10,0.092763804,0,imagenet_c,defocus_blur,1,none
efficientnet_b4,ILSVRC2012_val_00015830.JPEG,n01532829,12,12,0.45309195,1,imagenet_c,defocus_blur,1,none
efficientnet_b4,ILSVRC2012_val_00015964.JPEG,n01532829,12,12,0.43322143,1,imagenet_c,defocus_blur,1,none
efficientnet_b4,ILSVRC2012_val_00016198.JPEG,n01532829,12,12,0.4681655,1,imagenet_c,defocus_blur,1,none
efficientnet_b4,ILSVRC2012_val_00017577.JPEG,n01532829,12,12,0.5914446,1,imagenet_c,defocus_blur,1,none
efficientnet_b4,ILSVRC2012_val_00018162.JPEG,n01532829,12,12,0.5783045,1,imagenet_c,defocus_blur,1,none
efficientnet_b4,ILSVRC2012_val_00018699.JPEG,n01532829,12,12,0.34839705,1,imagenet_c,defocus_blur,1,none
efficientnet_b4,ILSVRC2012_val_00020495.JPEG,n01532829,12,12,0.42727068,1,imagenet_c,defocus_blur,1,none
efficientnet_b4,ILSVRC2012_val_00021523.JPEG,n01532829,12,12,0.57252395,1,imagenet_c,defocus_blur,1,none
efficientnet_b4,ILSVRC2012_val_00022727.JPEG,n01532829,12,12,0.43190315,1,imagenet_c,defocus_blur,1,none
efficientnet_b4,ILSVRC2012_val_00022889.JPEG,n01532829,12,12,0.37960753,1,imagenet_c,defocus_blur,1,none
efficientnet_b4,ILSVRC2012_val_00023162.JPEG,n01532829,12,12,0.6431082,1,imagenet_c,defocus_blur,1,none
efficientnet_b4,ILSVRC2012_val_00023942.JPEG,n01532829,12,12,0.38525715,1,imagenet_c,defocus_blur,1,none
efficientnet_b4,ILSVRC2012_val_00026123.JPEG,n01532829,12,12,0.7216301,1,imagenet_c,defocus_blur,1,none
efficientnet_b4,ILSVRC2012_val_00026755.JPEG,n01532829,12,15,0.27241236,0,imagenet_c,defocus_blur,1,none
efficientnet_b4,ILSVRC2012_val_00026776.JPEG,n01532829,12,12,0.40319178,1,imagenet_c,defocus_blur,1,none
efficientnet_b4,ILSVRC2012_val_00028791.JPEG,n01532829,12,12,0.43603787,1,imagenet_c,defocus_blur,1,none
efficientnet_b4,ILSVRC2012_val_00029709.JPEG,n01532829,12,94,0.22299969,0,imagenet_c,defocus_blur,1,none
efficientnet_b4,ILSVRC2012_val_00030042.JPEG,n01532829,12,12,0.4558268,1,imagenet_c,defocus_blur,1,none
efficientnet_b4,ILSVRC2012_val_00031171.JPEG,n01532829,12,12,0.5537976,1,imagenet_c,defocus_blur,1,none
efficientnet_b4,ILSVRC2012_val_00036284.JPEG,n01532829,12,12,0.53922725,1,imagenet_c,defocus_blur,1,none
efficientnet_b4,ILSVRC2012_val_00038091.JPEG,n01532829,12,12,0.4416988,1,imagenet_c,defocus_blur,1,none
efficientnet_b4,ILSVRC2012_val_00038160.JPEG,n01532829,12,12,0.39406988,1,imagenet_c,defocus_blur,1,none
efficientnet_b4,ILSVRC2012_val_00038372.JPEG,n01532829,12,12,0.5028436,1,imagenet_c,defocus_blur,1,none
efficientnet_b4,ILSVRC2012_val_00042370.JPEG,n01532829,12,12,0.34013015,1,imagenet_c,defocus_blur,1,none
efficientnet_b4,ILSVRC2012_val_00043392.JPEG,n01532829,12,12,0.5093671,1,imagenet_c,defocus_blur,1,none
efficientnet_b4,ILSVRC2012_val_00045623.JPEG,n01532829,12,12,0.3700138,1,imagenet_c,defocus_blur,1,none
efficientnet_b4,ILSVRC2012_val_00047688.JPEG,n01532829,12,12,0.3561529,1,imagenet_c,defocus_blur,1,none
efficientnet_b4,ILSVRC2012_val_00048144.JPEG,n01532829,12,10,0.48805645,0,imagenet_c,defocus_blur,1,none
efficientnet_b4,ILSVRC2012_val_00048152.JPEG,n01532829,12,12,0.2811326,1,imagenet_c,defocus_blur,1,none
efficientnet_b4,ILSVRC2012_val_00048437.JPEG,n01532829,12,12,0.37049788,1,imagenet_c,defocus_blur,1,none
efficientnet_b4,ILSVRC2012_val_00048642.JPEG,n01532829,12,12,0.11228563,1,imagenet_c,defocus_blur,1,none
efficientnet_b4,ILSVRC2012_val_00000247.JPEG,n01534433,13,13,0.3719425,1,imagenet_c,defocus_blur,1,none
efficientnet_b4,ILSVRC2012_val_00000713.JPEG,n01534433,13,13,0.49822378,1,imagenet_c,defocus_blur,1,none
efficientnet_b4,ILSVRC2012_val_00001915.JPEG,n01534433,13,13,0.32679674,1,imagenet_c,defocus_blur,1,none
efficientnet_b4,ILSVRC2012_val_00003116.JPEG,n01534433,13,13,0.34753618,1,imagenet_c,defocus_blur,1,none
efficientnet_b4,ILSVRC2012_val_00003878.JPEG,n01534433,13,13,0.4316521,1,imagenet_c,defocus_blur,1,none
efficientnet_b4,ILSVRC2012_val_00003903.JPEG,n01534433,13,13,0.43741772,1,imagenet_c,defocus_blur,1,none
efficientnet_b4,ILSVRC2012_val_00004245.JPEG,n01534433,13,13,0.54513663,1,imagenet_c,defocus_blur,1,none
efficientnet_b4,ILSVRC2012_val_00004577.JPEG,n01534433,13,20,0.29222167,0,imagenet_c,defocus_blur,1,none
efficientnet_b4,ILSVRC2012_val_00006326.JPEG,n01534433,13,10,0.090555646,0,imagenet_c,defocus_blur,1,none
efficientnet_b4,ILSVRC2012_val_00007853.JPEG,n01534433,13,13,0.48146102,1,imagenet_c,defocus_blur,1,none
efficientnet_b4,ILSVRC2012_val_00007872.JPEG,n01534433,13,13,0.5682497,1,imagenet_c,defocus_blur,1,none
efficientnet_b4,ILSVRC2012_val_00009351.JPEG,n01534433,13,13,0.18411274,1,imagenet_c,defocus_blur,1,none
efficientnet_b4,ILSVRC2012_val_00010456.JPEG,n01534433,13,13,0.21988676,1,imagenet_c,defocus_blur,1,none
efficientnet_b4,ILSVRC2012_val_00011178.JPEG,n01534433,13,13,0.70614946,1,imagenet_c,defocus_blur,1,none
efficientnet_b4,ILSVRC2012_val_00011841.JPEG,n01534433,13,13,0.51423013,1,imagenet_c,defocus_blur,1,none
efficientnet_b4,ILSVRC2012_val_00011915.JPEG,n01534433,13,13,0.5128259,1,imagenet_c,defocus_blur,1,none
efficientnet_b4,ILSVRC2012_val_00012058.JPEG,n01534433,13,13,0.5872931,1,imagenet_c,defocus_blur,1,none
efficientnet_b4,ILSVRC2012_val_00013277.JPEG,n01534433,13,13,0.4441716,1,imagenet_c,defocus_blur,1,none
efficientnet_b4,ILSVRC2012_val_00013504.JPEG,n01534433,13,13,0.4706368,1,imagenet_c,defocus_blur,1,none
efficientnet_b4,ILSVRC2012_val_00013945.JPEG,n01534433,13,10,0.16754405,0,imagenet_c,defocus_blur,1,none
efficientnet_b4,ILSVRC2012_val_00014108.JPEG,n01534433,13,13,0.59286565,1,imagenet_c,defocus_blur,1,none
efficientnet_b4,ILSVRC2012_val_00014139.JPEG,n01534433,13,13,0.24011704,1,imagenet_c,defocus_blur,1,none
efficientnet_b4,ILSVRC2012_val_00015216.JPEG,n01534433,13,13,0.56630254,1,imagenet_c,defocus_blur,1,none
efficientnet_b4,ILSVRC2012_val_00015410.JPEG,n01534433,13,13,0.4412728,1,imagenet_c,defocus_blur,1,none
efficientnet_b4,ILSVRC2012_val_00015416.JPEG,n01534433,13,13,0.55710727,1,imagenet_c,defocus_blur,1,none
efficientnet_b4,ILSVRC2012_val_00016677.JPEG,n01534433,13,13,0.55824816,1,imagenet_c,defocus_blur,1,none
efficientnet_b4,ILSVRC2012_val_00017384.JPEG,n01534433,13,19,0.13828787,0,imagenet_c,defocus_blur,1,none
efficientnet_b4,ILSVRC2012_val_00017712.JPEG,n01534433,13,13,0.42575118,1,imagenet_c,defocus_blur,1,none
efficientnet_b4,ILSVRC2012_val_00017970.JPEG,n01534433,13,13,0.33508047,1,imagenet_c,defocus_blur,1,none
efficientnet_b4,ILSVRC2012_val_00021650.JPEG,n01534433,13,13,0.49733517,1,imagenet_c,defocus_blur,1,none
efficientnet_b4,ILSVRC2012_val_00023125.JPEG,n01534433,13,13,0.40356648,1,imagenet_c,defocus_blur,1,none
efficientnet_b4,ILSVRC2012_val_00023850.JPEG,n01534433,13,121,0.46702355,0,imagenet_c,defocus_blur,1,none
efficientnet_b4,ILSVRC2012_val_00024884.JPEG,n01534433,13,994,0.15307587,0,imagenet_c,defocus_blur,1,none
efficientnet_b4,ILSVRC2012_val_00026687.JPEG,n01534433,13,13,0.5208203,1,imagenet_c,defocus_blur,1,none
efficientnet_b4,ILSVRC2012_val_00027831.JPEG,n01534433,13,13,0.5486199,1,imagenet_c,defocus_blur,1,none
efficientnet_b4,ILSVRC2012_val_00029999.JPEG,n01534433,13,13,0.5582615,1,imagenet_c,defocus_blur,1,none
efficientnet_b4,ILSVRC2012_val_00030544.JPEG,n01534433,13,13,0.36110625,1,imagenet_c,defocus_blur,1,none
efficientnet_b4,ILSVRC2012_val_00030657.JPEG,n01534433,13,13,0.46632662,1,imagenet_c,defocus_blur,1,none
efficientnet_b4,ILSVRC2012_val_00030911.JPEG,n01534433,13,13,0.541516,1,imagenet_c,defocus_blur,1,none
efficientnet_b4,ILSVRC2012_val_00032025.JPEG,n01534433,13,13,0.15266602,1,imagenet_c,defocus_blur,1,none
efficientnet_b4,ILSVRC2012_val_00035389.JPEG,n01534433,13,13,0.3636453,1,imagenet_c,defocus_blur,1,none
efficientnet_b4,ILSVRC2012_val_00036008.JPEG,n01534433,13,13,0.31922138,1,imagenet_c,defocus_blur,1,none
efficientnet_b4,ILSVRC2012_val_00036042.JPEG,n01534433,13,13,0.4408901,1,imagenet_c,defocus_blur,1,none
efficientnet_b4,ILSVRC2012_val_00037239.JPEG,n01534433,13,13,0.35130227,1,imagenet_c,defocus_blur,1,none
efficientnet_b4,ILSVRC2012_val_00038794.JPEG,n01534433,13,13,0.5237815,1,imagenet_c,defocus_blur,1,none
efficientnet_b4,ILSVRC2012_val_00039801.JPEG,n01534433,13,13,0.28042513,1,imagenet_c,defocus_blur,1,none
efficientnet_b4,ILSVRC2012_val_00040606.JPEG,n01534433,13,13,0.37066966,1,imagenet_c,defocus_blur,1,none
efficientnet_b4,ILSVRC2012_val_00045480.JPEG,n01534433,13,13,0.4233986,1,imagenet_c,defocus_blur,1,none
efficientnet_b4,ILSVRC2012_val_00046797.JPEG,n01534433,13,13,0.038783226,1,imagenet_c,defocus_blur,1,none
efficientnet_b4,ILSVRC2012_val_00047333.JPEG,n01534433,13,13,0.47939572,1,imagenet_c,defocus_blur,1,none
efficientnet_b4,ILSVRC2012_val_00000414.JPEG,n01537544,14,14,0.6405853,1,imagenet_c,defocus_blur,1,none
efficientnet_b4,ILSVRC2012_val_00001462.JPEG,n01537544,14,14,0.49964476,1,imagenet_c,defocus_blur,1,none
efficientnet_b4,ILSVRC2012_val_00002071.JPEG,n01537544,14,14,0.52611876,1,imagenet_c,defocus_blur,1,none
efficientnet_b4,ILSVRC2012_val_00002449.JPEG,n01537544,14,14,0.5591492,1,imagenet_c,defocus_blur,1,none
efficientnet_b4,ILSVRC2012_val_00003279.JPEG,n01537544,14,14,0.31949624,1,imagenet_c,defocus_blur,1,none
efficientnet_b4,ILSVRC2012_val_00003557.JPEG,n01537544,14,14,0.4832447,1,imagenet_c,defocus_blur,1,none
efficientnet_b4,ILSVRC2012_val_00005156.JPEG,n01537544,14,14,0.5291232,1,imagenet_c,defocus_blur,1,none
efficientnet_b4,ILSVRC2012_val_00005931.JPEG,n01537544,14,14,0.5736983,1,imagenet_c,defocus_blur,1,none
efficientnet_b4,ILSVRC2012_val_00006328.JPEG,n01537544,14,14,0.5134571,1,imagenet_c,defocus_blur,1,none
efficientnet_b4,ILSVRC2012_val_00008420.JPEG,n01537544,14,14,0.62519646,1,imagenet_c,defocus_blur,1,none
efficientnet_b4,ILSVRC2012_val_00010339.JPEG,n01537544,14,14,0.27711675,1,imagenet_c,defocus_blur,1,none
efficientnet_b4,ILSVRC2012_val_00010352.JPEG,n01537544,14,14,0.4262671,1,imagenet_c,defocus_blur,1,none
efficientnet_b4,ILSVRC2012_val_00011646.JPEG,n01537544,14,912,0.21132363,0,imagenet_c,defocus_blur,1,none
efficientnet_b4,ILSVRC2012_val_00012939.JPEG,n01537544,14,14,0.5463693,1,imagenet_c,defocus_blur,1,none
efficientnet_b4,ILSVRC2012_val_00018676.JPEG,n01537544,14,9,0.029858662,0,imagenet_c,defocus_blur,1,none
efficientnet_b4,ILSVRC2012_val_00020178.JPEG,n01537544,14,14,0.5863021,1,imagenet_c,defocus_blur,1,none
efficientnet_b4,ILSVRC2012_val_00021300.JPEG,n01537544,14,14,0.4655459,1,imagenet_c,defocus_blur,1,none
efficientnet_b4,ILSVRC2012_val_00022076.JPEG,n01537544,14,14,0.6297293,1,imagenet_c,defocus_blur,1,none
efficientnet_b4,ILSVRC2012_val_00023187.JPEG,n01537544,14,14,0.56866616,1,imagenet_c,defocus_blur,1,none
efficientnet_b4,ILSVRC2012_val_00023438.JPEG,n01537544,14,14,0.71896553,1,imagenet_c,defocus_blur,1,none
efficientnet_b4,ILSVRC2012_val_00023573.JPEG,n01537544,14,14,0.39167336,1,imagenet_c,defocus_blur,1,none
efficientnet_b4,ILSVRC2012_val_00025037.JPEG,n01537544,14,374,0.043730184,0,imagenet_c,defocus_blur,1,none
efficientnet_b4,ILSVRC2012_val_00025428.JPEG,n01537544,14,14,0.4926211,1,imagenet_c,defocus_blur,1,none
efficientnet_b4,ILSVRC2012_val_00026259.JPEG,n01537544,14,14,0.47166774,1,imagenet_c,defocus_blur,1,none
efficientnet_b4,ILSVRC2012_val_00027145.JPEG,n01537544,14,522,0.08154474,0,imagenet_c,defocus_blur,1,none
efficientnet_b4,ILSVRC2012_val_00027254.JPEG,n01537544,14,14,0.49593702,1,imagenet_c,defocus_blur,1,none
efficientnet_b4,ILSVRC2012_val_00027498.JPEG,n01537544,14,14,0.47382697,1,imagenet_c,defocus_blur,1,none
efficientnet_b4,ILSVRC2012_val_00027811.JPEG,n01537544,14,14,0.49839145,1,imagenet_c,defocus_blur,1,none
efficientnet_b4,ILSVRC2012_val_00028024.JPEG,n01537544,14,14,0.64449817,1,imagenet_c,defocus_blur,1,none
efficientnet_b4,ILSVRC2012_val_00029310.JPEG,n01537544,14,14,0.48074567,1,imagenet_c,defocus_blur,1,none
efficientnet_b4,ILSVRC2012_val_00031512.JPEG,n01537544,14,14,0.41392672,1,imagenet_c,defocus_blur,1,none
efficientnet_b4,ILSVRC2012_val_00031716.JPEG,n01537544,14,14,0.5707919,1,imagenet_c,defocus_blur,1,none
efficientnet_b4,ILSVRC2012_val_00031987.JPEG,n01537544,14,14,0.519046,1,imagenet_c,defocus_blur,1,none
efficientnet_b4,ILSVRC2012_val_00032164.JPEG,n01537544,14,14,0.6316485,1,imagenet_c,defocus_blur,1,none
efficientnet_b4,ILSVRC2012_val_00033196.JPEG,n01537544,14,621,0.15388301,0,imagenet_c,defocus_blur,1,none
efficientnet_b4,ILSVRC2012_val_00035565.JPEG,n01537544,14,14,0.5166812,1,imagenet_c,defocus_blur,1,none
efficientnet_b4,ILSVRC2012_val_00035735.JPEG,n01537544,14,14,0.47561875,1,imagenet_c,defocus_blur,1,none
efficientnet_b4,ILSVRC2012_val_00036431.JPEG,n01537544,14,379,0.08855941,0,imagenet_c,defocus_blur,1,none
efficientnet_b4,ILSVRC2012_val_00037454.JPEG,n01537544,14,14,0.6298016,1,imagenet_c,defocus_blur,1,none
efficientnet_b4,ILSVRC2012_val_00039571.JPEG,n01537544,14,14,0.57009876,1,imagenet_c,defocus_blur,1,none
efficientnet_b4,ILSVRC2012_val_00040071.JPEG,n01537544,14,14,0.49534962,1,imagenet_c,defocus_blur,1,none
efficientnet_b4,ILSVRC2012_val_00041252.JPEG,n01537544,14,14,0.3646144,1,imagenet_c,defocus_blur,1,none
efficientnet_b4,ILSVRC2012_val_00041595.JPEG,n01537544,14,14,0.49807122,1,imagenet_c,defocus_blur,1,none
efficientnet_b4,ILSVRC2012_val_00043965.JPEG,n01537544,14,14,0.44134894,1,imagenet_c,defocus_blur,1,none
efficientnet_b4,ILSVRC2012_val_00044540.JPEG,n01537544,14,14,0.5311047,1,imagenet_c,defocus_blur,1,none
efficientnet_b4,ILSVRC2012_val_00046071.JPEG,n01537544,14,14,0.5991881,1,imagenet_c,defocus_blur,1,none
efficientnet_b4,ILSVRC2012_val_00047272.JPEG,n01537544,14,14,0.5685789,1,imagenet_c,defocus_blur,1,none
efficientnet_b4,ILSVRC2012_val_00048659.JPEG,n01537544,14,14,0.5239603,1,imagenet_c,defocus_blur,1,none
efficientnet_b4,ILSVRC2012_val_00048732.JPEG,n01537544,14,14,0.5178071,1,imagenet_c,defocus_blur,1,none
efficientnet_b4,ILSVRC2012_val_00048829.JPEG,n01537544,14,14,0.5179973,1,imagenet_c,defocus_blur,1,none
efficientnet_b4,ILSVRC2012_val_00001598.JPEG,n01558993,15,15,0.026634367,1,imagenet_c,defocus_blur,1,none
efficientnet_b4,ILSVRC2012_val_00002825.JPEG,n01558993,15,15,0.6425866,1,imagenet_c,defocus_blur,1,none
efficientnet_b4,ILSVRC2012_val_00005412.JPEG,n01558993,15,15,0.37079275,1,imagenet_c,defocus_blur,1,none
efficientnet_b4,ILSVRC2012_val_00005594.JPEG,n01558993,15,15,0.355866,1,imagenet_c,defocus_blur,1,none
efficientnet_b4,ILSVRC2012_val_00005833.JPEG,n01558993,15,15,0.58295655,1,imagenet_c,defocus_blur,1,none
efficientnet_b4,ILSVRC2012_val_00006030.JPEG,n01558993,15,15,0.5898201,1,imagenet_c,defocus_blur,1,none
efficientnet_b4,ILSVRC2012_val_00007667.JPEG,n01558993,15,522,0.26941466,0,imagenet_c,defocus_blur,1,none
efficientnet_b4,ILSVRC2012_val_00009092.JPEG,n01558993,15,15,0.7051955,1,imagenet_c,defocus_blur,1,none
efficientnet_b4,ILSVRC2012_val_00010767.JPEG,n01558993,15,15,0.5637679,1,imagenet_c,defocus_blur,1,none
efficientnet_b4,ILSVRC2012_val_00012651.JPEG,n01558993,15,15,0.46936083,1,imagenet_c,defocus_blur,1,none
efficientnet_b4,ILSVRC2012_val_00014336.JPEG,n01558993,15,15,0.6032381,1,imagenet_c,defocus_blur,1,none
efficientnet_b4,ILSVRC2012_val_00014362.JPEG,n01558993,15,15,0.38094968,1,imagenet_c,defocus_blur,1,none
efficientnet_b4,ILSVRC2012_val_00017660.JPEG,n01558993,15,15,0.6705658,1,imagenet_c,defocus_blur,1,none
efficientnet_b4,ILSVRC2012_val_00018692.JPEG,n01558993,15,15,0.4557638,1,imagenet_c,defocus_blur,1,none
efficientnet_b4,ILSVRC2012_val_00019038.JPEG,n01558993,15,15,0.54567266,1,imagenet_c,defocus_blur,1,none
efficientnet_b4,ILSVRC2012_val_00019082.JPEG,n01558993,15,95,0.31925818,0,imagenet_c,defocus_blur,1,none
efficientnet_b4,ILSVRC2012_val_00019208.JPEG,n01558993,15,15,0.62299037,1,imagenet_c,defocus_blur,1,none
efficientnet_b4,ILSVRC2012_val_00020610.JPEG,n01558993,15,15,0.5628181,1,imagenet_c,defocus_blur,1,none
efficientnet_b4,ILSVRC2012_val_00021239.JPEG,n01558993,15,15,0.50230795,1,imagenet_c,defocus_blur,1,none
efficientnet_b4,ILSVRC2012_val_00022186.JPEG,n01558993,15,708,0.15626293,0,imagenet_c,defocus_blur,1,none
efficientnet_b4,ILSVRC2012_val_00022407.JPEG,n01558993,15,15,0.5802451,1,imagenet_c,defocus_blur,1,none
efficientnet_b4,ILSVRC2012_val_00024704.JPEG,n01558993,15,15,0.49334446,1,imagenet_c,defocus_blur,1,none
efficientnet_b4,ILSVRC2012_val_00025035.JPEG,n01558993,15,15,0.59139955,1,imagenet_c,defocus_blur,1,none
efficientnet_b4,ILSVRC2012_val_00027535.JPEG,n01558993,15,15,0.56136644,1,imagenet_c,defocus_blur,1,none
efficientnet_b4,ILSVRC2012_val_00028224.JPEG,n01558993,15,15,0.54327935,1,imagenet_c,defocus_blur,1,none
efficientnet_b4,ILSVRC2012_val_00028607.JPEG,n01558993,15,15,0.57547516,1,imagenet_c,defocus_blur,1,none
efficientnet_b4,ILSVRC2012_val_00029417.JPEG,n01558993,15,15,0.5236356,1,imagenet_c,defocus_blur,1,none
efficientnet_b4,ILSVRC2012_val_00029495.JPEG,n01558993,15,15,0.54830724,1,imagenet_c,defocus_blur,1,none
efficientnet_b4,ILSVRC2012_val_00029627.JPEG,n01558993,15,15,0.3174867,1,imagenet_c,defocus_blur,1,none
efficientnet_b4,ILSVRC2012_val_00030475.JPEG,n01558993,15,15,0.11665393,1,imagenet_c,defocus_blur,1,none
efficientnet_b4,ILSVRC2012_val_00030701.JPEG,n01558993,15,15,0.472705,1,imagenet_c,defocus_blur,1,none
efficientnet_b4,ILSVRC2012_val_00031273.JPEG,n01558993,15,85,0.21023868,0,imagenet_c,defocus_blur,1,none
efficientnet_b4,ILSVRC2012_val_00034482.JPEG,n01558993,15,15,0.69651306,1,imagenet_c,defocus_blur,1,none
efficientnet_b4,ILSVRC2012_val_00035060.JPEG,n01558993,15,15,0.616792,1,imagenet_c,defocus_blur,1,none
efficientnet_b4,ILSVRC2012_val_00035131.JPEG,n01558993,15,15,0.4619994,1,imagenet_c,defocus_blur,1,none
efficientnet_b4,ILSVRC2012_val_00035807.JPEG,n01558993,15,15,0.46275944,1,imagenet_c,defocus_blur,1,none
efficientnet_b4,ILSVRC2012_val_00038488.JPEG,n01558993,15,15,0.59580165,1,imagenet_c,defocus_blur,1,none
efficientnet_b4,ILSVRC2012_val_00039814.JPEG,n01558993,15,15,0.63983375,1,imagenet_c,defocus_blur,1,none
efficientnet_b4,ILSVRC2012_val_00039913.JPEG,n01558993,15,15,0.6289098,1,imagenet_c,defocus_blur,1,none
efficientnet_b4,ILSVRC2012_val_00040426.JPEG,n01558993,15,15,0.5565144,1,imagenet_c,defocus_blur,1,none
efficientnet_b4,ILSVRC2012_val_00040538.JPEG,n01558993,15,15,0.62023914,1,imagenet_c,defocus_blur,1,none
efficientnet_b4,ILSVRC2012_val_00041152.JPEG,n01558993,15,15,0.3424309,1,imagenet_c,defocus_blur,1,none
efficientnet_b4,ILSVRC2012_val_00041944.JPEG,n01558993,15,15,0.62070334,1,imagenet_c,defocus_blur,1,none
efficientnet_b4,ILSVRC2012_val_00043300.JPEG,n01558993,15,15,0.44090387,1,imagenet_c,defocus_blur,1,none
efficientnet_b4,ILSVRC2012_val_00044311.JPEG,n01558993,15,15,0.5228629,1,imagenet_c,defocus_blur,1,none
efficientnet_b4,ILSVRC2012_val_00044378.JPEG,n01558993,15,15,0.76913977,1,imagenet_c,defocus_blur,1,none
efficientnet_b4,ILSVRC2012_val_00045150.JPEG,n01558993,15,10,0.15305862,0,imagenet_c,defocus_blur,1,none
efficientnet_b4,ILSVRC2012_val_00045294.JPEG,n01558993,15,15,0.14468439,1,imagenet_c,defocus_blur,1,none
efficientnet_b4,ILSVRC2012_val_00047592.JPEG,n01558993,15,15,0.45060626,1,imagenet_c,defocus_blur,1,none
efficientnet_b4,ILSVRC2012_val_00049776.JPEG,n01558993,15,15,0.5080177,1,imagenet_c,defocus_blur,1,none
efficientnet_b4,ILSVRC2012_val_00000198.JPEG,n01560419,16,16,0.46042463,1,imagenet_c,defocus_blur,1,none
efficientnet_b4,ILSVRC2012_val_00000217.JPEG,n01560419,16,16,0.51413,1,imagenet_c,defocus_blur,1,none
efficientnet_b4,ILSVRC2012_val_00000439.JPEG,n01560419,16,16,0.27756426,1,imagenet_c,defocus_blur,1,none
efficientnet_b4,ILSVRC2012_val_00000638.JPEG,n01560419,16,16,0.60392064,1,imagenet_c,defocus_blur,1,none
efficientnet_b4,ILSVRC2012_val_00001024.JPEG,n01560419,16,10,0.1699366,0,imagenet_c,defocus_blur,1,none
efficientnet_b4,ILSVRC2012_val_00001720.JPEG,n01560419,16,23,0.16758554,0,imagenet_c,defocus_blur,1,none
efficientnet_b4,ILSVRC2012_val_00001751.JPEG,n01560419,16,16,0.42414257,1,imagenet_c,defocus_blur,1,none
efficientnet_b4,ILSVRC2012_val_00002052.JPEG,n01560419,16,16,0.40500745,1,imagenet_c,defocus_blur,1,none
efficientnet_b4,ILSVRC2012_val_00004037.JPEG,n01560419,16,16,0.68107116,1,imagenet_c,defocus_blur,1,none
efficientnet_b4,ILSVRC2012_val_00006321.JPEG,n01560419,16,16,0.7485015,1,imagenet_c,defocus_blur,1,none
efficientnet_b4,ILSVRC2012_val_00006603.JPEG,n01560419,16,16,0.6296641,1,imagenet_c,defocus_blur,1,none
efficientnet_b4,ILSVRC2012_val_00007263.JPEG,n01560419,16,94,0.11643897,0,imagenet_c,defocus_blur,1,none
efficientnet_b4,ILSVRC2012_val_00009807.JPEG,n01560419,16,16,0.34687635,1,imagenet_c,defocus_blur,1,none
efficientnet_b4,ILSVRC2012_val_00011267.JPEG,n01560419,16,352,0.036335148,0,imagenet_c,defocus_blur,1,none
efficientnet_b4,ILSVRC2012_val_00011331.JPEG,n01560419,16,16,0.62169003,1,imagenet_c,defocus_blur,1,none
efficientnet_b4,ILSVRC2012_val_00011420.JPEG,n01560419,16,16,0.39225787,1,imagenet_c,defocus_blur,1,none
efficientnet_b4,ILSVRC2012_val_00012870.JPEG,n01560419,16,16,0.558611,1,imagenet_c,defocus_blur,1,none
efficientnet_b4,ILSVRC2012_val_00014046.JPEG,n01560419,16,16,0.3542087,1,imagenet_c,defocus_blur,1,none
efficientnet_b4,ILSVRC2012_val_00014678.JPEG,n01560419,16,16,0.627164,1,imagenet_c,defocus_blur,1,none
efficientnet_b4,ILSVRC2012_val_00016840.JPEG,n01560419,16,16,0.7181204,1,imagenet_c,defocus_blur,1,none
efficientnet_b4,ILSVRC2012_val_00017310.JPEG,n01560419,16,16,0.564889,1,imagenet_c,defocus_blur,1,none
efficientnet_b4,ILSVRC2012_val_00018145.JPEG,n01560419,16,95,0.50269765,0,imagenet_c,defocus_blur,1,none
efficientnet_b4,ILSVRC2012_val_00018672.JPEG,n01560419,16,16,0.6530211,1,imagenet_c,defocus_blur,1,none
efficientnet_b4,ILSVRC2012_val_00018680.JPEG,n01560419,16,16,0.20500425,1,imagenet_c,defocus_blur,1,none
efficientnet_b4,ILSVRC2012_val_00020788.JPEG,n01560419,16,16,0.39759052,1,imagenet_c,defocus_blur,1,none
efficientnet_b4,ILSVRC2012_val_00021085.JPEG,n01560419,16,16,0.50424373,1,imagenet_c,defocus_blur,1,none
efficientnet_b4,ILSVRC2012_val_00025526.JPEG,n01560419,16,16,0.39898455,1,imagenet_c,defocus_blur,1,none
efficientnet_b4,ILSVRC2012_val_00026010.JPEG,n01560419,16,16,0.5166094,1,imagenet_c,defocus_blur,1,none
efficientnet_b4,ILSVRC2012_val_00026362.JPEG,n01560419,16,16,0.56314033,1,imagenet_c,defocus_blur,1,none
efficientnet_b4,ILSVRC2012_val_00026541.JPEG,n01560419,16,16,0.55560166,1,imagenet_c,defocus_blur,1,none
efficientnet_b4,ILSVRC2012_val_00026929.JPEG,n01560419,16,16,0.34340551,1,imagenet_c,defocus_blur,1,none
efficientnet_b4,ILSVRC2012_val_00028230.JPEG,n01560419,16,16,0.39638054,1,imagenet_c,defocus_blur,1,none
efficientnet_b4,ILSVRC2012_val_00029835.JPEG,n01560419,16,95,0.23666778,0,imagenet_c,defocus_blur,1,none
efficientnet_b4,ILSVRC2012_val_00030283.JPEG,n01560419,16,16,0.6098188,1,imagenet_c,defocus_blur,1,none
efficientnet_b4,ILSVRC2012_val_00030966.JPEG,n01560419,16,16,0.33341134,1,imagenet_c,defocus_blur,1,none
efficientnet_b4,ILSVRC2012_val_00031649.JPEG,n01560419,16,16,0.5704715,1,imagenet_c,defocus_blur,1,none
efficientnet_b4,ILSVRC2012_val_00031772.JPEG,n01560419,16,16,0.69578755,1,imagenet_c,defocus_blur,1,none
efficientnet_b4,ILSVRC2012_val_00033691.JPEG,n01560419,16,16,0.53932303,1,imagenet_c,defocus_blur,1,none
efficientnet_b4,ILSVRC2012_val_00034720.JPEG,n01560419,16,91,0.19928457,0,imagenet_c,defocus_blur,1,none
efficientnet_b4,ILSVRC2012_val_00036999.JPEG,n01560419,16,16,0.41353834,1,imagenet_c,defocus_blur,1,none
efficientnet_b4,ILSVRC2012_val_00039759.JPEG,n01560419,16,16,0.7215282,1,imagenet_c,defocus_blur,1,none
efficientnet_b4,ILSVRC2012_val_00041990.JPEG,n01560419,16,14,0.104751654,0,imagenet_c,defocus_blur,1,none
efficientnet_b4,ILSVRC2012_val_00042048.JPEG,n01560419,16,16,0.6920586,1,imagenet_c,defocus_blur,1,none
efficientnet_b4,ILSVRC2012_val_00042600.JPEG,n01560419,16,16,0.5076097,1,imagenet_c,defocus_blur,1,none
efficientnet_b4,ILSVRC2012_val_00044009.JPEG,n01560419,16,92,0.20525263,0,imagenet_c,defocus_blur,1,none
efficientnet_b4,ILSVRC2012_val_00045785.JPEG,n01560419,16,16,0.13938837,1,imagenet_c,defocus_blur,1,none
efficientnet_b4,ILSVRC2012_val_00046173.JPEG,n01560419,16,16,0.65386665,1,imagenet_c,defocus_blur,1,none
efficientnet_b4,ILSVRC2012_val_00047474.JPEG,n01560419,16,16,0.4025005,1,imagenet_c,defocus_blur,1,none
efficientnet_b4,ILSVRC2012_val_00048178.JPEG,n01560419,16,16,0.38060313,1,imagenet_c,defocus_blur,1,none
efficientnet_b4,ILSVRC2012_val_00049803.JPEG,n01560419,16,16,0.60217965,1,imagenet_c,defocus_blur,1,none
efficientnet_b4,ILSVRC2012_val_00000880.JPEG,n01580077,17,14,0.28187433,0,imagenet_c,defocus_blur,1,none
efficientnet_b4,ILSVRC2012_val_00001084.JPEG,n01580077,17,17,0.40390977,1,imagenet_c,defocus_blur,1,none
efficientnet_b4,ILSVRC2012_val_00001508.JPEG,n01580077,17,16,0.15771997,0,imagenet_c,defocus_blur,1,none
efficientnet_b4,ILSVRC2012_val_00002655.JPEG,n01580077,17,17,0.5576215,1,imagenet_c,defocus_blur,1,none
efficientnet_b4,ILSVRC2012_val_00002929.JPEG,n01580077,17,17,0.29256046,1,imagenet_c,defocus_blur,1,none
efficientnet_b4,ILSVRC2012_val_00003386.JPEG,n01580077,17,17,0.26718575,1,imagenet_c,defocus_blur,1,none
efficientnet_b4,ILSVRC2012_val_00003861.JPEG,n01580077,17,17,0.58923936,1,imagenet_c,defocus_blur,1,none
efficientnet_b4,ILSVRC2012_val_00004316.JPEG,n01580077,17,17,0.19376934,1,imagenet_c,defocus_blur,1,none
efficientnet_b4,ILSVRC2012_val_00004317.JPEG,n01580077,17,574,0.050068356,0,imagenet_c,defocus_blur,1,none
efficientnet_b4,ILSVRC2012_val_00004344.JPEG,n01580077,17,17,0.49833515,1,imagenet_c,defocus_blur,1,none
efficientnet_b4,ILSVRC2012_val_00006267.JPEG,n01580077,17,17,0.4514194,1,imagenet_c,defocus_blur,1,none
efficientnet_b4,ILSVRC2012_val_00006463.JPEG,n01580077,17,17,0.34017852,1,imagenet_c,defocus_blur,1,none
efficientnet_b4,ILSVRC2012_val_00006851.JPEG,n01580077,17,17,0.50637996,1,imagenet_c,defocus_blur,1,none
efficientnet_b4,ILSVRC2012_val_00009535.JPEG,n01580077,17,17,0.51332927,1,imagenet_c,defocus_blur,1,none
efficientnet_b4,ILSVRC2012_val_00010240.JPEG,n01580077,17,17,0.46763286,1,imagenet_c,defocus_blur,1,none
efficientnet_b4,ILSVRC2012_val_00010272.JPEG,n01580077,17,17,0.45093837,1,imagenet_c,defocus_blur,1,none
efficientnet_b4,ILSVRC2012_val_00011446.JPEG,n01580077,17,17,0.50076765,1,imagenet_c,defocus_blur,1,none
efficientnet_b4,ILSVRC2012_val_00012132.JPEG,n01580077,17,17,0.16829418,1,imagenet_c,defocus_blur,1,none
efficientnet_b4,ILSVRC2012_val_00013753.JPEG,n01580077,17,10,0.36667028,0,imagenet_c,defocus_blur,1,none
efficientnet_b4,ILSVRC2012_val_00015195.JPEG,n01580077,17,85,0.12423062,0,imagenet_c,defocus_blur,1,none
efficientnet_b4,ILSVRC2012_val_00016831.JPEG,n01580077,17,17,0.57403725,1,imagenet_c,defocus_blur,1,none
efficientnet_b4,ILSVRC2012_val_00017024.JPEG,n01580077,17,17,0.17342156,1,imagenet_c,defocus_blur,1,none
efficientnet_b4,ILSVRC2012_val_00017975.JPEG,n01580077,17,17,0.47466424,1,imagenet_c,defocus_blur,1,none
efficientnet_b4,ILSVRC2012_val_00020905.JPEG,n01580077,17,10,0.34765893,0,imagenet_c,defocus_blur,1,none
efficientnet_b4,ILSVRC2012_val_00022106.JPEG,n01580077,17,18,0.4595711,0,imagenet_c,defocus_blur,1,none
efficientnet_b4,ILSVRC2012_val_00022505.JPEG,n01580077,17,14,0.16726902,0,imagenet_c,defocus_blur,1,none
efficientnet_b4,ILSVRC2012_val_00023945.JPEG,n01580077,17,17,0.49036056,1,imagenet_c,defocus_blur,1,none
efficientnet_b4,ILSVRC2012_val_00025361.JPEG,n01580077,17,17,0.46420532,1,imagenet_c,defocus_blur,1,none
efficientnet_b4,ILSVRC2012_val_00026136.JPEG,n01580077,17,17,0.558501,1,imagenet_c,defocus_blur,1,none
efficientnet_b4,ILSVRC2012_val_00026465.JPEG,n01580077,17,17,0.31817752,1,imagenet_c,defocus_blur,1,none
efficientnet_b4,ILSVRC2012_val_00026656.JPEG,n01580077,17,16,0.228847,0,imagenet_c,defocus_blur,1,none
efficientnet_b4,ILSVRC2012_val_00028440.JPEG,n01580077,17,17,0.4185887,1,imagenet_c,defocus_blur,1,none
efficientnet_b4,ILSVRC2012_val_00028524.JPEG,n01580077,17,17,0.41392258,1,imagenet_c,defocus_blur,1,none
efficientnet_b4,ILSVRC2012_val_00032586.JPEG,n01580077,17,17,0.3200032,1,imagenet_c,defocus_blur,1,none
efficientnet_b4,ILSVRC2012_val_00032702.JPEG,n01580077,17,17,0.5895184,1,imagenet_c,defocus_blur,1,none
efficientnet_b4,ILSVRC2012_val_00032831.JPEG,n01580077,17,17,0.45968553,1,imagenet_c,defocus_blur,1,none
efficientnet_b4,ILSVRC2012_val_00033307.JPEG,n01580077,17,17,0.5892673,1,imagenet_c,defocus_blur,1,none
efficientnet_b4,ILSVRC2012_val_00033515.JPEG,n01580077,17,17,0.32029417,1,imagenet_c,defocus_blur,1,none
efficientnet_b4,ILSVRC2012_val_00034144.JPEG,n01580077,17,17,0.60627866,1,imagenet_c,defocus_blur,1,none
efficientnet_b4,ILSVRC2012_val_00034333.JPEG,n01580077,17,17,0.45249385,1,imagenet_c,defocus_blur,1,none
efficientnet_b4,ILSVRC2012_val_00034552.JPEG,n01580077,17,17,0.49619928,1,imagenet_c,defocus_blur,1,none
efficientnet_b4,ILSVRC2012_val_00037939.JPEG,n01580077,17,17,0.41443905,1,imagenet_c,defocus_blur,1,none
efficientnet_b4,ILSVRC2012_val_00038405.JPEG,n01580077,17,17,0.38744828,1,imagenet_c,defocus_blur,1,none
efficientnet_b4,ILSVRC2012_val_00040412.JPEG,n01580077,17,18,0.24741857,0,imagenet_c,defocus_blur,1,none
efficientnet_b4,ILSVRC2012_val_00041308.JPEG,n01580077,17,17,0.38885173,1,imagenet_c,defocus_blur,1,none
efficientnet_b4,ILSVRC2012_val_00042248.JPEG,n01580077,17,17,0.60792714,1,imagenet_c,defocus_blur,1,none
efficientnet_b4,ILSVRC2012_val_00043995.JPEG,n01580077,17,17,0.4605421,1,imagenet_c,defocus_blur,1,none
efficientnet_b4,ILSVRC2012_val_00045062.JPEG,n01580077,17,17,0.41647136,1,imagenet_c,defocus_blur,1,none
efficientnet_b4,ILSVRC2012_val_00046280.JPEG,n01580077,17,17,0.24077548,1,imagenet_c,defocus_blur,1,none
efficientnet_b4,ILSVRC2012_val_00048360.JPEG,n01580077,17,10,0.35832715,0,imagenet_c,defocus_blur,1,none
efficientnet_b4,ILSVRC2012_val_00000476.JPEG,n01582220,18,80,0.23714109,0,imagenet_c,defocus_blur,1,none
efficientnet_b4,ILSVRC2012_val_00000963.JPEG,n01582220,18,18,0.5721967,1,imagenet_c,defocus_blur,1,none
efficientnet_b4,ILSVRC2012_val_00002536.JPEG,n01582220,18,18,0.4793047,1,imagenet_c,defocus_blur,1,none
efficientnet_b4,ILSVRC2012_val_00003092.JPEG,n01582220,18,18,0.52310747,1,imagenet_c,defocus_blur,1,none
efficientnet_b4,ILSVRC2012_val_00003665.JPEG,n01582220,18,18,0.56638056,1,imagenet_c,defocus_blur,1,none
efficientnet_b4,ILSVRC2012_val_00003762.JPEG,n01582220,18,18,0.66995895,1,imagenet_c,defocus_blur,1,none
efficientnet_b4,ILSVRC2012_val_00004518.JPEG,n01582220,18,18,0.5899056,1,imagenet_c,defocus_blur,1,none
efficientnet_b4,ILSVRC2012_val_00004559.JPEG,n01582220,18,18,0.20160873,1,imagenet_c,defocus_blur,1,none
efficientnet_b4,ILSVRC2012_val_00006171.JPEG,n01582220,18,18,0.40891424,1,imagenet_c,defocus_blur,1,none
efficientnet_b4,ILSVRC2012_val_00007231.JPEG,n01582220,18,10,0.17413457,0,imagenet_c,defocus_blur,1,none
efficientnet_b4,ILSVRC2012_val_00008347.JPEG,n01582220,18,18,0.8005936,1,imagenet_c,defocus_blur,1,none
efficientnet_b4,ILSVRC2012_val_00008512.JPEG,n01582220,18,18,0.4021174,1,imagenet_c,defocus_blur,1,none
efficientnet_b4,ILSVRC2012_val_00008786.JPEG,n01582220,18,18,0.5956852,1,imagenet_c,defocus_blur,1,none
efficientnet_b4,ILSVRC2012_val_00009981.JPEG,n01582220,18,18,0.45314962,1,imagenet_c,defocus_blur,1,none
efficientnet_b4,ILSVRC2012_val_00010501.JPEG,n01582220,18,84,0.038206626,0,imagenet_c,defocus_blur,1,none
efficientnet_b4,ILSVRC2012_val_00011501.JPEG,n01582220,18,18,0.6327291,1,imagenet_c,defocus_blur,1,none
efficientnet_b4,ILSVRC2012_val_00016794.JPEG,n01582220,18,18,0.44124594,1,imagenet_c,defocus_blur,1,none
efficientnet_b4,ILSVRC2012_val_00017648.JPEG,n01582220,18,18,0.68828654,1,imagenet_c,defocus_blur,1,none
efficientnet_b4,ILSVRC2012_val_00018183.JPEG,n01582220,18,18,0.66809064,1,imagenet_c,defocus_blur,1,none
efficientnet_b4,ILSVRC2012_val_00018250.JPEG,n01582220,18,18,0.54320776,1,imagenet_c,defocus_blur,1,none
efficientnet_b4,ILSVRC2012_val_00021956.JPEG,n01582220,18,18,0.25383177,1,imagenet_c,defocus_blur,1,none
efficientnet_b4,ILSVRC2012_val_00024025.JPEG,n01582220,18,14,0.217566,0,imagenet_c,defocus_blur,1,none
efficientnet_b4,ILSVRC2012_val_00024044.JPEG,n01582220,18,18,0.7240536,1,imagenet_c,defocus_blur,1,none
efficientnet_b4,ILSVRC2012_val_00025806.JPEG,n01582220,18,18,0.5413215,1,imagenet_c,defocus_blur,1,none
efficientnet_b4,ILSVRC2012_val_00029695.JPEG,n01582220,18,18,0.13618009,1,imagenet_c,defocus_blur,1,none
efficientnet_b4,ILSVRC2012_val_00030017.JPEG,n01582220,18,80,0.38866904,0,imagenet_c,defocus_blur,1,none
efficientnet_b4,ILSVRC2012_val_00030073.JPEG,n01582220,18,18,0.6371497,1,imagenet_c,defocus_blur,1,none
efficientnet_b4,ILSVRC2012_val_00030845.JPEG,n01582220,18,18,0.585671,1,imagenet_c,defocus_blur,1,none
efficientnet_b4,ILSVRC2012_val_00032667.JPEG,n01582220,18,18,0.64003,1,imagenet_c,defocus_blur,1,none
efficientnet_b4,ILSVRC2012_val_00033150.JPEG,n01582220,18,18,0.5584529,1,imagenet_c,defocus_blur,1,none
efficientnet_b4,ILSVRC2012_val_00033483.JPEG,n01582220,18,18,0.6754686,1,imagenet_c,defocus_blur,1,none
efficientnet_b4,ILSVRC2012_val_00034437.JPEG,n01582220,18,18,0.49267292,1,imagenet_c,defocus_blur,1,none
efficientnet_b4,ILSVRC2012_val_00035348.JPEG,n01582220,18,18,0.6489022,1,imagenet_c,defocus_blur,1,none
efficientnet_b4,ILSVRC2012_val_00036015.JPEG,n01582220,18,18,0.55092597,1,imagenet_c,defocus_blur,1,none
efficientnet_b4,ILSVRC2012_val_00037436.JPEG,n01582220,18,18,0.6478581,1,imagenet_c,defocus_blur,1,none
efficientnet_b4,ILSVRC2012_val_00037806.JPEG,n01582220,18,15,0.29753456,0,imagenet_c,defocus_blur,1,none
efficientnet_b4,ILSVRC2012_val_00037824.JPEG,n01582220,18,18,0.64936537,1,imagenet_c,defocus_blur,1,none
efficientnet_b4,ILSVRC2012_val_00037920.JPEG,n01582220,18,18,0.5537876,1,imagenet_c,defocus_blur,1,none
efficientnet_b4,ILSVRC2012_val_00039004.JPEG,n01582220,18,18,0.06326084,1,imagenet_c,defocus_blur,1,none
efficientnet_b4,ILSVRC2012_val_00039219.JPEG,n01582220,18,18,0.70794183,1,imagenet_c,defocus_blur,1,none
efficientnet_b4,ILSVRC2012_val_00040439.JPEG,n01582220,18,18,0.18656106,1,imagenet_c,defocus_blur,1,none
efficientnet_b4,ILSVRC2012_val_00040938.JPEG,n01582220,18,18,0.56535685,1,imagenet_c,defocus_blur,1,none
efficientnet_b4,ILSVRC2012_val_00041051.JPEG,n01582220,18,16,0.1402105,0,imagenet_c,defocus_blur,1,none
efficientnet_b4,ILSVRC2012_val_00041135.JPEG,n01582220,18,353,0.36530855,0,imagenet_c,defocus_blur,1,none
efficientnet_b4,ILSVRC2012_val_00041206.JPEG,n01582220,18,18,0.75216544,1,imagenet_c,defocus_blur,1,none
efficientnet_b4,ILSVRC2012_val_00044192.JPEG,n01582220,18,18,0.74704826,1,imagenet_c,defocus_blur,1,none
efficientnet_b4,ILSVRC2012_val_00044507.JPEG,n01582220,18,18,0.49719527,1,imagenet_c,defocus_blur,1,none
efficientnet_b4,ILSVRC2012_val_00045948.JPEG,n01582220,18,18,0.22401588,1,imagenet_c,defocus_blur,1,none
efficientnet_b4,ILSVRC2012_val_00046917.JPEG,n01582220,18,18,0.6543718,1,imagenet_c,defocus_blur,1,none
efficientnet_b4,ILSVRC2012_val_00047827.JPEG,n01582220,18,18,0.455594,1,imagenet_c,defocus_blur,1,none
efficientnet_b4,ILSVRC2012_val_00000837.JPEG,n01592084,19,19,0.5132822,1,imagenet_c,defocus_blur,1,none
efficientnet_b4,ILSVRC2012_val_00002681.JPEG,n01592084,19,19,0.5781439,1,imagenet_c,defocus_blur,1,none
efficientnet_b4,ILSVRC2012_val_00005224.JPEG,n01592084,19,19,0.1716182,1,imagenet_c,defocus_blur,1,none
efficientnet_b4,ILSVRC2012_val_00007912.JPEG,n01592084,19,19,0.39754662,1,imagenet_c,defocus_blur,1,none
efficientnet_b4,ILSVRC2012_val_00009374.JPEG,n01592084,19,19,0.5360313,1,imagenet_c,defocus_blur,1,none
efficientnet_b4,ILSVRC2012_val_00010128.JPEG,n01592084,19,19,0.3580486,1,imagenet_c,defocus_blur,1,none
efficientnet_b4,ILSVRC2012_val_00010861.JPEG,n01592084,19,19,0.50336087,1,imagenet_c,defocus_blur,1,none
efficientnet_b4,ILSVRC2012_val_00012836.JPEG,n01592084,19,19,0.57640195,1,imagenet_c,defocus_blur,1,none
efficientnet_b4,ILSVRC2012_val_00015269.JPEG,n01592084,19,19,0.36566818,1,imagenet_c,defocus_blur,1,none
efficientnet_b4,ILSVRC2012_val_00017017.JPEG,n01592084,19,19,0.5081887,1,imagenet_c,defocus_blur,1,none
efficientnet_b4,ILSVRC2012_val_00017756.JPEG,n01592084,19,19,0.13229793,1,imagenet_c,defocus_blur,1,none
efficientnet_b4,ILSVRC2012_val_00017916.JPEG,n01592084,19,19,0.599545,1,imagenet_c,defocus_blur,1,none
efficientnet_b4,ILSVRC2012_val_00017976.JPEG,n01592084,19,19,0.47646832,1,imagenet_c,defocus_blur,1,none
efficientnet_b4,ILSVRC2012_val_00018167.JPEG,n01592084,19,19,0.50278527,1,imagenet_c,defocus_blur,1,none
efficientnet_b4,ILSVRC2012_val_00018280.JPEG,n01592084,19,19,0.47397202,1,imagenet_c,defocus_blur,1,none
efficientnet_b4,ILSVRC2012_val_00019788.JPEG,n01592084,19,19,0.13167305,1,imagenet_c,defocus_blur,1,none
efficientnet_b4,ILSVRC2012_val_00020469.JPEG,n01592084,19,19,0.530279,1,imagenet_c,defocus_blur,1,none
efficientnet_b4,ILSVRC2012_val_00020660.JPEG,n01592084,19,19,0.7645196,1,imagenet_c,defocus_blur,1,none
efficientnet_b4,ILSVRC2012_val_00023907.JPEG,n01592084,19,19,0.57578313,1,imagenet_c,defocus_blur,1,none
efficientnet_b4,ILSVRC2012_val_00024012.JPEG,n01592084,19,19,0.4816209,1,imagenet_c,defocus_blur,1,none
efficientnet_b4,ILSVRC2012_val_00024353.JPEG,n01592084,19,19,0.36282265,1,imagenet_c,defocus_blur,1,none
efficientnet_b4,ILSVRC2012_val_00025476.JPEG,n01592084,19,19,0.6748477,1,imagenet_c,defocus_blur,1,none
efficientnet_b4,ILSVRC2012_val_00025577.JPEG,n01592084,19,19,0.51642627,1,imagenet_c,defocus_blur,1,none
efficientnet_b4,ILSVRC2012_val_00025692.JPEG,n01592084,19,59,0.24786235,0,imagenet_c,defocus_blur,1,none
efficientnet_b4,ILSVRC2012_val_00029441.JPEG,n01592084,19,19,0.52260107,1,imagenet_c,defocus_blur,1,none
efficientnet_b4,ILSVRC2012_val_00032102.JPEG,n01592084,19,19,0.58379745,1,imagenet_c,defocus_blur,1,none
efficientnet_b4,ILSVRC2012_val_00032788.JPEG,n01592084,19,19,0.5572814,1,imagenet_c,defocus_blur,1,none
efficientnet_b4,ILSVRC2012_val_00033372.JPEG,n01592084,19,19,0.49863932,1,imagenet_c,defocus_blur,1,none
efficientnet_b4,ILSVRC2012_val_00034095.JPEG,n01592084,19,19,0.4772961,1,imagenet_c,defocus_blur,1,none
efficientnet_b4,ILSVRC2012_val_00034242.JPEG,n01592084,19,19,0.6142099,1,imagenet_c,defocus_blur,1,none
efficientnet_b4,ILSVRC2012_val_00035303.JPEG,n01592084,19,19,0.65991324,1,imagenet_c,defocus_blur,1,none
efficientnet_b4,ILSVRC2012_val_00035947.JPEG,n01592084,19,19,0.32649505,1,imagenet_c,defocus_blur,1,none
efficientnet_b4,ILSVRC2012_val_00036534.JPEG,n01592084,19,19,0.43016368,1,imagenet_c,defocus_blur,1,none
efficientnet_b4,ILSVRC2012_val_00036812.JPEG,n01592084,19,19,0.5260396,1,imagenet_c,defocus_blur,1,none
efficientnet_b4,ILSVRC2012_val_00037328.JPEG,n01592084,19,19,0.5595852,1,imagenet_c,defocus_blur,1,none
efficientnet_b4,ILSVRC2012_val_00037420.JPEG,n01592084,19,19,0.45164126,1,imagenet_c,defocus_blur,1,none
efficientnet_b4,ILSVRC2012_val_00038192.JPEG,n01592084,19,19,0.5569016,1,imagenet_c,defocus_blur,1,none
efficientnet_b4,ILSVRC2012_val_00038557.JPEG,n01592084,19,19,0.62293005,1,imagenet_c,defocus_blur,1,none
efficientnet_b4,ILSVRC2012_val_00039466.JPEG,n01592084,19,19,0.62330073,1,imagenet_c,defocus_blur,1,none
efficientnet_b4,ILSVRC2012_val_00040783.JPEG,n01592084,19,19,0.43987963,1,imagenet_c,defocus_blur,1,none
efficientnet_b4,ILSVRC2012_val_00042246.JPEG,n01592084,19,19,0.5320274,1,imagenet_c,defocus_blur,1,none
efficientnet_b4,ILSVRC2012_val_00042506.JPEG,n01592084,19,19,0.10163819,1,imagenet_c,defocus_blur,1,none
efficientnet_b4,ILSVRC2012_val_00043585.JPEG,n01592084,19,18,0.16937442,0,imagenet_c,defocus_blur,1,none
efficientnet_b4,ILSVRC2012_val_00044038.JPEG,n01592084,19,19,0.6479616,1,imagenet_c,defocus_blur,1,none
efficientnet_b4,ILSVRC2012_val_00045198.JPEG,n01592084,19,19,0.52120996,1,imagenet_c,defocus_blur,1,none
efficientnet_b4,ILSVRC2012_val_00045568.JPEG,n01592084,19,19,0.3668914,1,imagenet_c,defocus_blur,1,none
efficientnet_b4,ILSVRC2012_val_00046415.JPEG,n01592084,19,19,0.6693509,1,imagenet_c,defocus_blur,1,none
efficientnet_b4,ILSVRC2012_val_00046422.JPEG,n01592084,19,19,0.22776756,1,imagenet_c,defocus_blur,1,none
efficientnet_b4,ILSVRC2012_val_00048107.JPEG,n01592084,19,19,0.49886033,1,imagenet_c,defocus_blur,1,none
efficientnet_b4,ILSVRC2012_val_00049141.JPEG,n01592084,19,19,0.5812242,1,imagenet_c,defocus_blur,1,none
efficientnet_b4,ILSVRC2012_val_00000962.JPEG,n01601694,20,20,0.44658676,1,imagenet_c,defocus_blur,1,none
efficientnet_b4,ILSVRC2012_val_00002872.JPEG,n01601694,20,20,0.7164469,1,imagenet_c,defocus_blur,1,none
efficientnet_b4,ILSVRC2012_val_00005576.JPEG,n01601694,20,20,0.7201558,1,imagenet_c,defocus_blur,1,none
efficientnet_b4,ILSVRC2012_val_00006907.JPEG,n01601694,20,20,0.5494546,1,imagenet_c,defocus_blur,1,none
efficientnet_b4,ILSVRC2012_val_00008495.JPEG,n01601694,20,20,0.47588307,1,imagenet_c,defocus_blur,1,none
efficientnet_b4,ILSVRC2012_val_00008510.JPEG,n01601694,20,20,0.20219614,1,imagenet_c,defocus_blur,1,none
efficientnet_b4,ILSVRC2012_val_00008816.JPEG,n01601694,20,20,0.56497586,1,imagenet_c,defocus_blur,1,none
efficientnet_b4,ILSVRC2012_val_00009401.JPEG,n01601694,20,20,0.30554178,1,imagenet_c,defocus_blur,1,none
efficientnet_b4,ILSVRC2012_val_00009597.JPEG,n01601694,20,20,0.18935202,1,imagenet_c,defocus_blur,1,none
efficientnet_b4,ILSVRC2012_val_00010880.JPEG,n01601694,20,20,0.5345422,1,imagenet_c,defocus_blur,1,none
efficientnet_b4,ILSVRC2012_val_00011519.JPEG,n01601694,20,20,0.35679963,1,imagenet_c,defocus_blur,1,none
efficientnet_b4,ILSVRC2012_val_00012797.JPEG,n01601694,20,92,0.15819673,0,imagenet_c,defocus_blur,1,none
efficientnet_b4,ILSVRC2012_val_00013223.JPEG,n01601694,20,20,0.52314144,1,imagenet_c,defocus_blur,1,none
efficientnet_b4,ILSVRC2012_val_00013955.JPEG,n01601694,20,20,0.5719766,1,imagenet_c,defocus_blur,1,none
efficientnet_b4,ILSVRC2012_val_00014673.JPEG,n01601694,20,114,0.11608113,0,imagenet_c,defocus_blur,1,none
efficientnet_b4,ILSVRC2012_val_00015264.JPEG,n01601694,20,20,0.51020265,1,imagenet_c,defocus_blur,1,none
efficientnet_b4,ILSVRC2012_val_00015922.JPEG,n01601694,20,20,0.3310078,1,imagenet_c,defocus_blur,1,none
efficientnet_b4,ILSVRC2012_val_00016909.JPEG,n01601694,20,20,0.46160448,1,imagenet_c,defocus_blur,1,none
efficientnet_b4,ILSVRC2012_val_00017028.JPEG,n01601694,20,20,0.31557125,1,imagenet_c,defocus_blur,1,none
efficientnet_b4,ILSVRC2012_val_00019034.JPEG,n01601694,20,20,0.4681444,1,imagenet_c,defocus_blur,1,none
efficientnet_b4,ILSVRC2012_val_00020349.JPEG,n01601694,20,20,0.4404326,1,imagenet_c,defocus_blur,1,none
efficientnet_b4,ILSVRC2012_val_00020730.JPEG,n01601694,20,20,0.4731644,1,imagenet_c,defocus_blur,1,none
efficientnet_b4,ILSVRC2012_val_00021656.JPEG,n01601694,20,143,0.16487262,0,imagenet_c,defocus_blur,1,none
efficientnet_b4,ILSVRC2012_val_00022972.JPEG,n01601694,20,20,0.5371525,1,imagenet_c,defocus_blur,1,none
efficientnet_b4,ILSVRC2012_val_00023895.JPEG,n01601694,20,20,0.42780006,1,imagenet_c,defocus_blur,1,none
efficientnet_b4,ILSVRC2012_val_00024059.JPEG,n01601694,20,20,0.46043336,1,imagenet_c,defocus_blur,1,none
efficientnet_b4,ILSVRC2012_val_00024643.JPEG,n01601694,20,20,0.6519924,1,imagenet_c,defocus_blur,1,none
efficientnet_b4,ILSVRC2012_val_00025214.JPEG,n01601694,20,20,0.55635077,1,imagenet_c,defocus_blur,1,none
efficientnet_b4,ILSVRC2012_val_00025524.JPEG,n01601694,20,20,0.58703244,1,imagenet_c,defocus_blur,1,none
efficientnet_b4,ILSVRC2012_val_00026023.JPEG,n01601694,20,95,0.39241403,0,imagenet_c,defocus_blur,1,none
efficientnet_b4,ILSVRC2012_val_00028099.JPEG,n01601694,20,143,0.075094424,0,imagenet_c,defocus_blur,1,none
efficientnet_b4,ILSVRC2012_val_00028181.JPEG,n01601694,20,20,0.6161936,1,imagenet_c,defocus_blur,1,none
efficientnet_b4,ILSVRC2012_val_00029430.JPEG,n01601694,20,20,0.4813795,1,imagenet_c,defocus_blur,1,none
efficientnet_b4,ILSVRC2012_val_00030011.JPEG,n01601694,20,337,0.1439115,0,imagenet_c,defocus_blur,1,none
efficientnet_b4,ILSVRC2012_val_00031973.JPEG,n01601694,20,20,0.53304183,1,imagenet_c,defocus_blur,1,none
efficientnet_b4,ILSVRC2012_val_00033770.JPEG,n01601694,20,20,0.19978605,1,imagenet_c,defocus_blur,1,none
efficientnet_b4,ILSVRC2012_val_00034929.JPEG,n01601694,20,20,0.1100195,1,imagenet_c,defocus_blur,1,none
efficientnet_b4,ILSVRC2012_val_00036819.JPEG,n01601694,20,20,0.670741,1,imagenet_c,defocus_blur,1,none
efficientnet_b4,ILSVRC2012_val_00038159.JPEG,n01601694,20,10,0.5196051,0,imagenet_c,defocus_blur,1,none
efficientnet_b4,ILSVRC2012_val_00039648.JPEG,n01601694,20,20,0.471149,1,imagenet_c,defocus_blur,1,none
efficientnet_b4,ILSVRC2012_val_00040903.JPEG,n01601694,20,20,0.5596206,1,imagenet_c,defocus_blur,1,none
efficientnet_b4,ILSVRC2012_val_00043566.JPEG,n01601694,20,20,0.6034401,1,imagenet_c,defocus_blur,1,none
efficientnet_b4,ILSVRC2012_val_00045581.JPEG,n01601694,20,20,0.5370561,1,imagenet_c,defocus_blur,1,none
efficientnet_b4,ILSVRC2012_val_00045873.JPEG,n01601694,20,20,0.53274506,1,imagenet_c,defocus_blur,1,none
efficientnet_b4,ILSVRC2012_val_00047121.JPEG,n01601694,20,20,0.39779368,1,imagenet_c,defocus_blur,1,none
efficientnet_b4,ILSVRC2012_val_00047626.JPEG,n01601694,20,20,0.5535439,1,imagenet_c,defocus_blur,1,none
efficientnet_b4,ILSVRC2012_val_00047732.JPEG,n01601694,20,20,0.32323307,1,imagenet_c,defocus_blur,1,none
efficientnet_b4,ILSVRC2012_val_00048552.JPEG,n01601694,20,20,0.459926,1,imagenet_c,defocus_blur,1,none
efficientnet_b4,ILSVRC2012_val_00049669.JPEG,n01601694,20,20,0.33336493,1,imagenet_c,defocus_blur,1,none
efficientnet_b4,ILSVRC2012_val_00049775.JPEG,n01601694,20,335,0.1137448,0,imagenet_c,defocus_blur,1,none
efficientnet_b4,ILSVRC2012_val_00000073.JPEG,n01608432,21,21,0.7894023,1,imagenet_c,defocus_blur,1,none
efficientnet_b4,ILSVRC2012_val_00000328.JPEG,n01608432,21,21,0.8210517,1,imagenet_c,defocus_blur,1,none
efficientnet_b4,ILSVRC2012_val_00000739.JPEG,n01608432,21,21,0.7004468,1,imagenet_c,defocus_blur,1,none
efficientnet_b4,ILSVRC2012_val_00000888.JPEG,n01608432,21,21,0.58939755,1,imagenet_c,defocus_blur,1,none
efficientnet_b4,ILSVRC2012_val_00001218.JPEG,n01608432,21,21,0.40092403,1,imagenet_c,defocus_blur,1,none
efficientnet_b4,ILSVRC2012_val_00001488.JPEG,n01608432,21,80,0.24552782,0,imagenet_c,defocus_blur,1,none
efficientnet_b4,ILSVRC2012_val_00001813.JPEG,n01608432,21,21,0.36465615,1,imagenet_c,defocus_blur,1,none
efficientnet_b4,ILSVRC2012_val_00002444.JPEG,n01608432,21,22,0.40977255,0,imagenet_c,defocus_blur,1,none
efficientnet_b4,ILSVRC2012_val_00004381.JPEG,n01608432,21,21,0.5702462,1,imagenet_c,defocus_blur,1,none
efficientnet_b4,ILSVRC2012_val_00006203.JPEG,n01608432,21,365,0.1924777,0,imagenet_c,defocus_blur,1,none
efficientnet_b4,ILSVRC2012_val_00013095.JPEG,n01608432,21,23,0.12278475,0,imagenet_c,defocus_blur,1,none
efficientnet_b4,ILSVRC2012_val_00013166.JPEG,n01608432,21,21,0.7775707,1,imagenet_c,defocus_blur,1,none
efficientnet_b4,ILSVRC2012_val_00013393.JPEG,n01608432,21,21,0.5580861,1,imagenet_c,defocus_blur,1,none
efficientnet_b4,ILSVRC2012_val_00013432.JPEG,n01608432,21,21,0.68034106,1,imagenet_c,defocus_blur,1,none
efficientnet_b4,ILSVRC2012_val_00014196.JPEG,n01608432,21,21,0.40460646,1,imagenet_c,defocus_blur,1,none
efficientnet_b4,ILSVRC2012_val_00015040.JPEG,n01608432,21,21,0.8262108,1,imagenet_c,defocus_blur,1,none
efficientnet_b4,ILSVRC2012_val_00015107.JPEG,n01608432,21,21,0.11024371,1,imagenet_c,defocus_blur,1,none
efficientnet_b4,ILSVRC2012_val_00015746.JPEG,n01608432,21,21,0.24849185,1,imagenet_c,defocus_blur,1,none
efficientnet_b4,ILSVRC2012_val_00018796.JPEG,n01608432,21,21,0.24166024,1,imagenet_c,defocus_blur,1,none
efficientnet_b4,ILSVRC2012_val_00020694.JPEG,n01608432,21,21,0.5784745,1,imagenet_c,defocus_blur,1,none
efficientnet_b4,ILSVRC2012_val_00020710.JPEG,n01608432,21,21,0.5372331,1,imagenet_c,defocus_blur,1,none
efficientnet_b4,ILSVRC2012_val_00021056.JPEG,n01608432,21,21,0.73462635,1,imagenet_c,defocus_blur,1,none
efficientnet_b4,ILSVRC2012_val_00023128.JPEG,n01608432,21,23,0.14735743,0,imagenet_c,defocus_blur,1,none
efficientnet_b4,ILSVRC2012_val_00025047.JPEG,n01608432,21,21,0.81669044,1,imagenet_c,defocus_blur,1,none
efficientnet_b4,ILSVRC2012_val_00025636.JPEG,n01608432,21,21,0.6601735,1,imagenet_c,defocus_blur,1,none
efficientnet_b4,ILSVRC2012_val_00026444.JPEG,n01608432,21,371,0.28726473,0,imagenet_c,defocus_blur,1,none
efficientnet_b4,ILSVRC2012_val_00027693.JPEG,n01608432,21,21,0.43796235,1,imagenet_c,defocus_blur,1,none
efficientnet_b4,ILSVRC2012_val_00028139.JPEG,n01608432,21,21,0.63162214,1,imagenet_c,defocus_blur,1,none
efficientnet_b4,ILSVRC2012_val_00028521.JPEG,n01608432,21,21,0.44273818,1,imagenet_c,defocus_blur,1,none
efficientnet_b4,ILSVRC2012_val_00030094.JPEG,n01608432,21,21,0.10350845,1,imagenet_c,defocus_blur,1,none
efficientnet_b4,ILSVRC2012_val_00030292.JPEG,n01608432,21,21,0.24073656,1,imagenet_c,defocus_blur,1,none
efficientnet_b4,ILSVRC2012_val_00030483.JPEG,n01608432,21,21,0.6575568,1,imagenet_c,defocus_blur,1,none
efficientnet_b4,ILSVRC2012_val_00031676.JPEG,n01608432,21,21,0.6938819,1,imagenet_c,defocus_blur,1,none
efficientnet_b4,ILSVRC2012_val_00033214.JPEG,n01608432,21,21,0.7370008,1,imagenet_c,defocus_blur,1,none
efficientnet_b4,ILSVRC2012_val_00033433.JPEG,n01608432,21,21,0.84961486,1,imagenet_c,defocus_blur,1,none
efficientnet_b4,ILSVRC2012_val_00033771.JPEG,n01608432,21,21,0.6611124,1,imagenet_c,defocus_blur,1,none
efficientnet_b4,ILSVRC2012_val_00036125.JPEG,n01608432,21,21,0.7559705,1,imagenet_c,defocus_blur,1,none
efficientnet_b4,ILSVRC2012_val_00036356.JPEG,n01608432,21,21,0.5354806,1,imagenet_c,defocus_blur,1,none
efficientnet_b4,ILSVRC2012_val_00037878.JPEG,n01608432,21,21,0.54073346,1,imagenet_c,defocus_blur,1,none
efficientnet_b4,ILSVRC2012_val_00038111.JPEG,n01608432,21,21,0.3733408,1,imagenet_c,defocus_blur,1,none
efficientnet_b4,ILSVRC2012_val_00038250.JPEG,n01608432,21,21,0.6251255,1,imagenet_c,defocus_blur,1,none
efficientnet_b4,ILSVRC2012_val_00043085.JPEG,n01608432,21,21,0.72013587,1,imagenet_c,defocus_blur,1,none
efficientnet_b4,ILSVRC2012_val_00045690.JPEG,n01608432,21,138,0.13414428,0,imagenet_c,defocus_blur,1,none
efficientnet_b4,ILSVRC2012_val_00045746.JPEG,n01608432,21,21,0.7485906,1,imagenet_c,defocus_blur,1,none
efficientnet_b4,ILSVRC2012_val_00046092.JPEG,n01608432,21,21,0.35771915,1,imagenet_c,defocus_blur,1,none
efficientnet_b4,ILSVRC2012_val_00046308.JPEG,n01608432,21,21,0.20912497,1,imagenet_c,defocus_blur,1,none
efficientnet_b4,ILSVRC2012_val_00046733.JPEG,n01608432,21,21,0.21546736,1,imagenet_c,defocus_blur,1,none
efficientnet_b4,ILSVRC2012_val_00046948.JPEG,n01608432,21,21,0.5731734,1,imagenet_c,defocus_blur,1,none
efficientnet_b4,ILSVRC2012_val_00047191.JPEG,n01608432,21,82,0.056843556,0,imagenet_c,defocus_blur,1,none
efficientnet_b4,ILSVRC2012_val_00047637.JPEG,n01608432,21,21,0.41082147,1,imagenet_c,defocus_blur,1,none
efficientnet_b4,ILSVRC2012_val_00000128.JPEG,n01614925,22,21,0.52890813,0,imagenet_c,defocus_blur,1,none
efficientnet_b4,ILSVRC2012_val_00002031.JPEG,n01614925,22,22,0.5450775,1,imagenet_c,defocus_blur,1,none
efficientnet_b4,ILSVRC2012_val_00003330.JPEG,n01614925,22,22,0.53006566,1,imagenet_c,defocus_blur,1,none
efficientnet_b4,ILSVRC2012_val_00006334.JPEG,n01614925,22,22,0.67983645,1,imagenet_c,defocus_blur,1,none
efficientnet_b4,ILSVRC2012_val_00006571.JPEG,n01614925,22,22,0.714768,1,imagenet_c,defocus_blur,1,none
efficientnet_b4,ILSVRC2012_val_00007712.JPEG,n01614925,22,21,0.24187458,0,imagenet_c,defocus_blur,1,none
efficientnet_b4,ILSVRC2012_val_00008151.JPEG,n01614925,22,22,0.3776493,1,imagenet_c,defocus_blur,1,none
efficientnet_b4,ILSVRC2012_val_00008481.JPEG,n01614925,22,22,0.3048045,1,imagenet_c,defocus_blur,1,none
efficientnet_b4,ILSVRC2012_val_00010889.JPEG,n01614925,22,22,0.5924054,1,imagenet_c,defocus_blur,1,none
efficientnet_b4,ILSVRC2012_val_00013265.JPEG,n01614925,22,22,0.45935643,1,imagenet_c,defocus_blur,1,none
efficientnet_b4,ILSVRC2012_val_00013702.JPEG,n01614925,22,21,0.23123439,0,imagenet_c,defocus_blur,1,none
efficientnet_b4,ILSVRC2012_val_00014007.JPEG,n01614925,22,21,0.21491344,0,imagenet_c,defocus_blur,1,none
efficientnet_b4,ILSVRC2012_val_00014082.JPEG,n01614925,22,22,0.5923766,1,imagenet_c,defocus_blur,1,none
efficientnet_b4,ILSVRC2012_val_00014192.JPEG,n01614925,22,22,0.45215327,1,imagenet_c,defocus_blur,1,none
efficientnet_b4,ILSVRC2012_val_00015516.JPEG,n01614925,22,22,0.53507817,1,imagenet_c,defocus_blur,1,none
efficientnet_b4,ILSVRC2012_val_00017994.JPEG,n01614925,22,22,0.2800662,1,imagenet_c,defocus_blur,1,none
efficientnet_b4,ILSVRC2012_val_00020052.JPEG,n01614925,22,22,0.43386692,1,imagenet_c,defocus_blur,1,none
efficientnet_b4,ILSVRC2012_val_00021015.JPEG,n01614925,22,22,0.18092188,1,imagenet_c,defocus_blur,1,none
efficientnet_b4,ILSVRC2012_val_00021104.JPEG,n01614925,22,22,0.6990686,1,imagenet_c,defocus_blur,1,none
efficientnet_b4,ILSVRC2012_val_00022597.JPEG,n01614925,22,22,0.31105885,1,imagenet_c,defocus_blur,1,none
efficientnet_b4,ILSVRC2012_val_00026050.JPEG,n01614925,22,22,0.71796274,1,imagenet_c,defocus_blur,1,none
efficientnet_b4,ILSVRC2012_val_00026614.JPEG,n01614925,22,22,0.50143623,1,imagenet_c,defocus_blur,1,none
efficientnet_b4,ILSVRC2012_val_00026707.JPEG,n01614925,22,22,0.6672774,1,imagenet_c,defocus_blur,1,none
efficientnet_b4,ILSVRC2012_val_00027079.JPEG,n01614925,22,22,0.5873009,1,imagenet_c,defocus_blur,1,none
efficientnet_b4,ILSVRC2012_val_00027196.JPEG,n01614925,22,22,0.3060174,1,imagenet_c,defocus_blur,1,none
efficientnet_b4,ILSVRC2012_val_00027570.JPEG,n01614925,22,22,0.5291671,1,imagenet_c,defocus_blur,1,none
efficientnet_b4,ILSVRC2012_val_00031465.JPEG,n01614925,22,22,0.64017874,1,imagenet_c,defocus_blur,1,none
efficientnet_b4,ILSVRC2012_val_00032320.JPEG,n01614925,22,22,0.663722,1,imagenet_c,defocus_blur,1,none
efficientnet_b4,ILSVRC2012_val_00033435.JPEG,n01614925,22,22,0.70560217,1,imagenet_c,defocus_blur,1,none
efficientnet_b4,ILSVRC2012_val_00034168.JPEG,n01614925,22,22,0.4709027,1,imagenet_c,defocus_blur,1,none
efficientnet_b4,ILSVRC2012_val_00037795.JPEG,n01614925,22,22,0.57420874,1,imagenet_c,defocus_blur,1,none
efficientnet_b4,ILSVRC2012_val_00038636.JPEG,n01614925,22,23,0.255436,0,imagenet_c,defocus_blur,1,none
efficientnet_b4,ILSVRC2012_val_00038804.JPEG,n01614925,22,22,0.6435056,1,imagenet_c,defocus_blur,1,none
efficientnet_b4,ILSVRC2012_val_00039605.JPEG,n01614925,22,22,0.6841166,1,imagenet_c,defocus_blur,1,none
efficientnet_b4,ILSVRC2012_val_00039859.JPEG,n01614925,22,22,0.59059113,1,imagenet_c,defocus_blur,1,none
efficientnet_b4,ILSVRC2012_val_00040158.JPEG,n01614925,22,22,0.5420497,1,imagenet_c,defocus_blur,1,none
efficientnet_b4,ILSVRC2012_val_00040242.JPEG,n01614925,22,22,0.53566957,1,imagenet_c,defocus_blur,1,none
efficientnet_b4,ILSVRC2012_val_00040404.JPEG,n01614925,22,21,0.35544443,0,imagenet_c,defocus_blur,1,none
efficientnet_b4,ILSVRC2012_val_00040474.JPEG,n01614925,22,22,0.40700558,1,imagenet_c,defocus_blur,1,none
efficientnet_b4,ILSVRC2012_val_00040608.JPEG,n01614925,22,22,0.43154553,1,imagenet_c,defocus_blur,1,none
efficientnet_b4,ILSVRC2012_val_00040970.JPEG,n01614925,22,22,0.7115909,1,imagenet_c,defocus_blur,1,none
efficientnet_b4,ILSVRC2012_val_00042380.JPEG,n01614925,22,22,0.7112469,1,imagenet_c,defocus_blur,1,none
efficientnet_b4,ILSVRC2012_val_00043779.JPEG,n01614925,22,22,0.30078995,1,imagenet_c,defocus_blur,1,none
efficientnet_b4,ILSVRC2012_val_00044921.JPEG,n01614925,22,22,0.6092881,1,imagenet_c,defocus_blur,1,none
efficientnet_b4,ILSVRC2012_val_00045612.JPEG,n01614925,22,22,0.24131095,1,imagenet_c,defocus_blur,1,none
efficientnet_b4,ILSVRC2012_val_00046564.JPEG,n01614925,22,22,0.53967106,1,imagenet_c,defocus_blur,1,none
efficientnet_b4,ILSVRC2012_val_00046632.JPEG,n01614925,22,22,0.6039209,1,imagenet_c,defocus_blur,1,none
efficientnet_b4,ILSVRC2012_val_00048960.JPEG,n01614925,22,22,0.58083355,1,imagenet_c,defocus_blur,1,none
efficientnet_b4,ILSVRC2012_val_00049531.JPEG,n01614925,22,22,0.6029534,1,imagenet_c,defocus_blur,1,none
efficientnet_b4,ILSVRC2012_val_00049899.JPEG,n01614925,22,22,0.060835797,1,imagenet_c,defocus_blur,1,none
efficientnet_b4,ILSVRC2012_val_00000018.JPEG,n01616318,23,21,0.5297578,0,imagenet_c,defocus_blur,1,none
efficientnet_b4,ILSVRC2012_val_00000025.JPEG,n01616318,23,23,0.5177261,1,imagenet_c,defocus_blur,1,none
efficientnet_b4,ILSVRC2012_val_00000916.JPEG,n01616318,23,23,0.4772721,1,imagenet_c,defocus_blur,1,none
efficientnet_b4,ILSVRC2012_val_00001391.JPEG,n01616318,23,23,0.30683705,1,imagenet_c,defocus_blur,1,none
efficientnet_b4,ILSVRC2012_val_00002168.JPEG,n01616318,23,23,0.3896546,1,imagenet_c,defocus_blur,1,none
efficientnet_b4,ILSVRC2012_val_00002387.JPEG,n01616318,23,23,0.7339322,1,imagenet_c,defocus_blur,1,none
efficientnet_b4,ILSVRC2012_val_00004554.JPEG,n01616318,23,9,0.20375025,0,imagenet_c,defocus_blur,1,none
efficientnet_b4,ILSVRC2012_val_00006213.JPEG,n01616318,23,23,0.30924025,1,imagenet_c,defocus_blur,1,none
efficientnet_b4,ILSVRC2012_val_00006250.JPEG,n01616318,23,23,0.46881625,1,imagenet_c,defocus_blur,1,none
efficientnet_b4,ILSVRC2012_val_00008819.JPEG,n01616318,23,23,0.5124915,1,imagenet_c,defocus_blur,1,none
efficientnet_b4,ILSVRC2012_val_00009100.JPEG,n01616318,23,23,0.5717318,1,imagenet_c,defocus_blur,1,none
efficientnet_b4,ILSVRC2012_val_00009119.JPEG,n01616318,23,23,0.09740974,1,imagenet_c,defocus_blur,1,none
efficientnet_b4,ILSVRC2012_val_00011317.JPEG,n01616318,23,23,0.57107085,1,imagenet_c,defocus_blur,1,none
efficientnet_b4,ILSVRC2012_val_00012178.JPEG,n01616318,23,21,0.2521584,0,imagenet_c,defocus_blur,1,none
efficientnet_b4,ILSVRC2012_val_00012615.JPEG,n01616318,23,23,0.532875,1,imagenet_c,defocus_blur,1,none
efficientnet_b4,ILSVRC2012_val_00014220.JPEG,n01616318,23,22,0.042591903,0,imagenet_c,defocus_blur,1,none
efficientnet_b4,ILSVRC2012_val_00015769.JPEG,n01616318,23,23,0.29024544,1,imagenet_c,defocus_blur,1,none
efficientnet_b4,ILSVRC2012_val_00018092.JPEG,n01616318,23,853,0.10740488,0,imagenet_c,defocus_blur,1,none
efficientnet_b4,ILSVRC2012_val_00019868.JPEG,n01616318,23,23,0.57530373,1,imagenet_c,defocus_blur,1,none
efficientnet_b4,ILSVRC2012_val_00020743.JPEG,n01616318,23,23,0.0785874,1,imagenet_c,defocus_blur,1,none
efficientnet_b4,ILSVRC2012_val_00022088.JPEG,n01616318,23,84,0.083734885,0,imagenet_c,defocus_blur,1,none
efficientnet_b4,ILSVRC2012_val_00022165.JPEG,n01616318,23,23,0.48298556,1,imagenet_c,defocus_blur,1,none
efficientnet_b4,ILSVRC2012_val_00023247.JPEG,n01616318,23,23,0.46070546,1,imagenet_c,defocus_blur,1,none
efficientnet_b4,ILSVRC2012_val_00024514.JPEG,n01616318,23,23,0.625993,1,imagenet_c,defocus_blur,1,none
efficientnet_b4,ILSVRC2012_val_00026604.JPEG,n01616318,23,23,0.4847087,1,imagenet_c,defocus_blur,1,none
efficientnet_b4,ILSVRC2012_val_00027588.JPEG,n01616318,23,23,0.4486538,1,imagenet_c,defocus_blur,1,none
efficientnet_b4,ILSVRC2012_val_00027870.JPEG,n01616318,23,23,0.6456753,1,imagenet_c,defocus_blur,1,none
efficientnet_b4,ILSVRC2012_val_00030090.JPEG,n01616318,23,23,0.35204598,1,imagenet_c,defocus_blur,1,none
efficientnet_b4,ILSVRC2012_val_00030515.JPEG,n01616318,23,23,0.47163087,1,imagenet_c,defocus_blur,1,none
efficientnet_b4,ILSVRC2012_val_00030618.JPEG,n01616318,23,23,0.23566699,1,imagenet_c,defocus_blur,1,none
efficientnet_b4,ILSVRC2012_val_00031653.JPEG,n01616318,23,23,0.43035135,1,imagenet_c,defocus_blur,1,none
efficientnet_b4,ILSVRC2012_val_00032389.JPEG,n01616318,23,23,0.35134923,1,imagenet_c,defocus_blur,1,none
efficientnet_b4,ILSVRC2012_val_00032832.JPEG,n01616318,23,21,0.5348968,0,imagenet_c,defocus_blur,1,none
efficientnet_b4,ILSVRC2012_val_00032889.JPEG,n01616318,23,23,0.29012203,1,imagenet_c,defocus_blur,1,none
efficientnet_b4,ILSVRC2012_val_00035953.JPEG,n01616318,23,21,0.30471995,0,imagenet_c,defocus_blur,1,none
efficientnet_b4,ILSVRC2012_val_00036388.JPEG,n01616318,23,23,0.5940238,1,imagenet_c,defocus_blur,1,none
efficientnet_b4,ILSVRC2012_val_00036620.JPEG,n01616318,23,23,0.552824,1,imagenet_c,defocus_blur,1,none
efficientnet_b4,ILSVRC2012_val_00037071.JPEG,n01616318,23,23,0.48862395,1,imagenet_c,defocus_blur,1,none
efficientnet_b4,ILSVRC2012_val_00037127.JPEG,n01616318,23,23,0.67615485,1,imagenet_c,defocus_blur,1,none
efficientnet_b4,ILSVRC2012_val_00037259.JPEG,n01616318,23,9,0.14105438,0,imagenet_c,defocus_blur,1,none
efficientnet_b4,ILSVRC2012_val_00040117.JPEG,n01616318,23,23,0.4172779,1,imagenet_c,defocus_blur,1,none
efficientnet_b4,ILSVRC2012_val_00040205.JPEG,n01616318,23,23,0.64681256,1,imagenet_c,defocus_blur,1,none
efficientnet_b4,ILSVRC2012_val_00040425.JPEG,n01616318,23,23,0.41666648,1,imagenet_c,defocus_blur,1,none
efficientnet_b4,ILSVRC2012_val_00040614.JPEG,n01616318,23,23,0.4628046,1,imagenet_c,defocus_blur,1,none
efficientnet_b4,ILSVRC2012_val_00042410.JPEG,n01616318,23,23,0.26129103,1,imagenet_c,defocus_blur,1,none
efficientnet_b4,ILSVRC2012_val_00042788.JPEG,n01616318,23,23,0.04096131,1,imagenet_c,defocus_blur,1,none
efficientnet_b4,ILSVRC2012_val_00043801.JPEG,n01616318,23,23,0.5021355,1,imagenet_c,defocus_blur,1,none
efficientnet_b4,ILSVRC2012_val_00044797.JPEG,n01616318,23,23,0.2139595,1,imagenet_c,defocus_blur,1,none
efficientnet_b4,ILSVRC2012_val_00045589.JPEG,n01616318,23,23,0.36851737,1,imagenet_c,defocus_blur,1,none
efficientnet_b4,ILSVRC2012_val_00047350.JPEG,n01616318,23,21,0.599096,0,imagenet_c,defocus_blur,1,none
efficientnet_b4,ILSVRC2012_val_00000318.JPEG,n01622779,24,24,0.4194097,1,imagenet_c,defocus_blur,1,none
efficientnet_b4,ILSVRC2012_val_00001213.JPEG,n01622779,24,24,0.35687646,1,imagenet_c,defocus_blur,1,none
efficientnet_b4,ILSVRC2012_val_00002228.JPEG,n01622779,24,24,0.31732947,1,imagenet_c,defocus_blur,1,none
efficientnet_b4,ILSVRC2012_val_00002511.JPEG,n01622779,24,24,0.43520722,1,imagenet_c,defocus_blur,1,none
efficientnet_b4,ILSVRC2012_val_00003169.JPEG,n01622779,24,24,0.3744813,1,imagenet_c,defocus_blur,1,none
efficientnet_b4,ILSVRC2012_val_00003892.JPEG,n01622779,24,21,0.17759417,0,imagenet_c,defocus_blur,1,none
efficientnet_b4,ILSVRC2012_val_00004345.JPEG,n01622779,24,802,0.40684304,0,imagenet_c,defocus_blur,1,none
efficientnet_b4,ILSVRC2012_val_00004859.JPEG,n01622779,24,269,0.031105902,0,imagenet_c,defocus_blur,1,none
efficientnet_b4,ILSVRC2012_val_00005770.JPEG,n01622779,24,24,0.3081997,1,imagenet_c,defocus_blur,1,none
efficientnet_b4,ILSVRC2012_val_00006472.JPEG,n01622779,24,24,0.4221187,1,imagenet_c,defocus_blur,1,none
efficientnet_b4,ILSVRC2012_val_00006916.JPEG,n01622779,24,24,0.5500757,1,imagenet_c,defocus_blur,1,none
efficientnet_b4,ILSVRC2012_val_00008049.JPEG,n01622779,24,24,0.47699243,1,imagenet_c,defocus_blur,1,none
efficientnet_b4,ILSVRC2012_val_00008178.JPEG,n01622779,24,24,0.47382686,1,imagenet_c,defocus_blur,1,none
efficientnet_b4,ILSVRC2012_val_00008209.JPEG,n01622779,24,24,0.39916962,1,imagenet_c,defocus_blur,1,none
efficientnet_b4,ILSVRC2012_val_00009415.JPEG,n01622779,24,24,0.19086058,1,imagenet_c,defocus_blur,1,none
efficientnet_b4,ILSVRC2012_val_00009842.JPEG,n01622779,24,24,0.46121398,1,imagenet_c,defocus_blur,1,none
efficientnet_b4,ILSVRC2012_val_00010022.JPEG,n01622779,24,24,0.49388283,1,imagenet_c,defocus_blur,1,none
efficientnet_b4,ILSVRC2012_val_00010457.JPEG,n01622779,24,24,0.40273196,1,imagenet_c,defocus_blur,1,none
efficientnet_b4,ILSVRC2012_val_00011414.JPEG,n01622779,24,24,0.3587971,1,imagenet_c,defocus_blur,1,none
efficientnet_b4,ILSVRC2012_val_00014982.JPEG,n01622779,24,24,0.5014715,1,imagenet_c,defocus_blur,1,none
efficientnet_b4,ILSVRC2012_val_00015913.JPEG,n01622779,24,24,0.35580644,1,imagenet_c,defocus_blur,1,none
efficientnet_b4,ILSVRC2012_val_00016292.JPEG,n01622779,24,24,0.6254027,1,imagenet_c,defocus_blur,1,none
efficientnet_b4,ILSVRC2012_val_00018062.JPEG,n01622779,24,24,0.4050449,1,imagenet_c,defocus_blur,1,none
efficientnet_b4,ILSVRC2012_val_00018660.JPEG,n01622779,24,24,0.5384546,1,imagenet_c,defocus_blur,1,none
efficientnet_b4,ILSVRC2012_val_00021133.JPEG,n01622779,24,24,0.2729002,1,imagenet_c,defocus_blur,1,none
efficientnet_b4,ILSVRC2012_val_00021335.JPEG,n01622779,24,24,0.4184113,1,imagenet_c,defocus_blur,1,none
efficientnet_b4,ILSVRC2012_val_00022709.JPEG,n01622779,24,24,0.43781143,1,imagenet_c,defocus_blur,1,none
efficientnet_b4,ILSVRC2012_val_00023030.JPEG,n01622779,24,24,0.39990225,1,imagenet_c,defocus_blur,1,none
efficientnet_b4,ILSVRC2012_val_00024052.JPEG,n01622779,24,24,0.4282651,1,imagenet_c,defocus_blur,1,none
efficientnet_b4,ILSVRC2012_val_00025523.JPEG,n01622779,24,24,0.39791083,1,imagenet_c,defocus_blur,1,none
efficientnet_b4,ILSVRC2012_val_00025913.JPEG,n01622779,24,537,0.04542108,0,imagenet_c,defocus_blur,1,none
efficientnet_b4,ILSVRC2012_val_00026579.JPEG,n01622779,24,24,0.42262876,1,imagenet_c,defocus_blur,1,none
efficientnet_b4,ILSVRC2012_val_00027519.JPEG,n01622779,24,24,0.37682533,1,imagenet_c,defocus_blur,1,none
efficientnet_b4,ILSVRC2012_val_00027627.JPEG,n01622779,24,24,0.45192918,1,imagenet_c,defocus_blur,1,none
efficientnet_b4,ILSVRC2012_val_00029497.JPEG,n01622779,24,24,0.3568984,1,imagenet_c,defocus_blur,1,none
efficientnet_b4,ILSVRC2012_val_00031144.JPEG,n01622779,24,24,0.48573172,1,imagenet_c,defocus_blur,1,none
efficientnet_b4,ILSVRC2012_val_00031890.JPEG,n01622779,24,24,0.31306309,1,imagenet_c,defocus_blur,1,none
efficientnet_b4,ILSVRC2012_val_00032875.JPEG,n01622779,24,24,0.41717124,1,imagenet_c,defocus_blur,1,none
efficientnet_b4,ILSVRC2012_val_00033063.JPEG,n01622779,24,24,0.3776665,1,imagenet_c,defocus_blur,1,none
efficientnet_b4,ILSVRC2012_val_00034405.JPEG,n01622779,24,24,0.2025731,1,imagenet_c,defocus_blur,1,none
efficientnet_b4,ILSVRC2012_val_00034593.JPEG,n01622779,24,24,0.35858685,1,imagenet_c,defocus_blur,1,none
efficientnet_b4,ILSVRC2012_val_00035098.JPEG,n01622779,24,24,0.14132456,1,imagenet_c,defocus_blur,1,none
efficientnet_b4,ILSVRC2012_val_00035608.JPEG,n01622779,24,24,0.2204945,1,imagenet_c,defocus_blur,1,none
efficientnet_b4,ILSVRC2012_val_00037606.JPEG,n01622779,24,24,0.23955859,1,imagenet_c,defocus_blur,1,none
efficientnet_b4,ILSVRC2012_val_00040434.JPEG,n01622779,24,24,0.46893486,1,imagenet_c,defocus_blur,1,none
efficientnet_b4,ILSVRC2012_val_00043466.JPEG,n01622779,24,24,0.46139085,1,imagenet_c,defocus_blur,1,none
efficientnet_b4,ILSVRC2012_val_00047963.JPEG,n01622779,24,24,0.3413686,1,imagenet_c,defocus_blur,1,none
efficientnet_b4,ILSVRC2012_val_00048175.JPEG,n01622779,24,24,0.3505469,1,imagenet_c,defocus_blur,1,none
efficientnet_b4,ILSVRC2012_val_00049639.JPEG,n01622779,24,24,0.32141063,1,imagenet_c,defocus_blur,1,none
efficientnet_b4,ILSVRC2012_val_00049990.JPEG,n01622779,24,24,0.50013137,1,imagenet_c,defocus_blur,1,none
efficientnet_b4,ILSVRC2012_val_00000225.JPEG,n01629819,25,25,0.47386155,1,imagenet_c,defocus_blur,1,none
efficientnet_b4,ILSVRC2012_val_00000890.JPEG,n01629819,25,25,0.56842995,1,imagenet_c,defocus_blur,1,none
efficientnet_b4,ILSVRC2012_val_00001033.JPEG,n01629819,25,25,0.60765296,1,imagenet_c,defocus_blur,1,none
efficientnet_b4,ILSVRC2012_val_00001667.JPEG,n01629819,25,26,0.05515089,0,imagenet_c,defocus_blur,1,none
efficientnet_b4,ILSVRC2012_val_00001816.JPEG,n01629819,25,25,0.5522282,1,imagenet_c,defocus_blur,1,none
efficientnet_b4,ILSVRC2012_val_00002883.JPEG,n01629819,25,25,0.5854258,1,imagenet_c,defocus_blur,1,none
efficientnet_b4,ILSVRC2012_val_00006679.JPEG,n01629819,25,25,0.6250712,1,imagenet_c,defocus_blur,1,none
efficientnet_b4,ILSVRC2012_val_00008542.JPEG,n01629819,25,25,0.33429176,1,imagenet_c,defocus_blur,1,none
efficientnet_b4,ILSVRC2012_val_00009616.JPEG,n01629819,25,25,0.52547526,1,imagenet_c,defocus_blur,1,none
efficientnet_b4,ILSVRC2012_val_00009674.JPEG,n01629819,25,25,0.58266604,1,imagenet_c,defocus_blur,1,none
efficientnet_b4,ILSVRC2012_val_00009938.JPEG,n01629819,25,25,0.17776199,1,imagenet_c,defocus_blur,1,none
efficientnet_b4,ILSVRC2012_val_00010116.JPEG,n01629819,25,25,0.64836603,1,imagenet_c,defocus_blur,1,none
efficientnet_b4,ILSVRC2012_val_00010817.JPEG,n01629819,25,25,0.58857584,1,imagenet_c,defocus_blur,1,none
efficientnet_b4,ILSVRC2012_val_00011278.JPEG,n01629819,25,25,0.6599752,1,imagenet_c,defocus_blur,1,none
efficientnet_b4,ILSVRC2012_val_00011661.JPEG,n01629819,25,25,0.42288473,1,imagenet_c,defocus_blur,1,none
efficientnet_b4,ILSVRC2012_val_00012588.JPEG,n01629819,25,25,0.31887928,1,imagenet_c,defocus_blur,1,none
efficientnet_b4,ILSVRC2012_val_00013899.JPEG,n01629819,25,25,0.5014408,1,imagenet_c,defocus_blur,1,none
efficientnet_b4,ILSVRC2012_val_00014076.JPEG,n01629819,25,25,0.53451365,1,imagenet_c,defocus_blur,1,none
efficientnet_b4,ILSVRC2012_val_00014232.JPEG,n01629819,25,26,0.40022883,0,imagenet_c,defocus_blur,1,none
efficientnet_b4,ILSVRC2012_val_00016747.JPEG,n01629819,25,28,0.31362903,0,imagenet_c,defocus_blur,1,none
efficientnet_b4,ILSVRC2012_val_00017623.JPEG,n01629819,25,25,0.48963347,1,imagenet_c,defocus_blur,1,none
efficientnet_b4,ILSVRC2012_val_00018645.JPEG,n01629819,25,28,0.42489737,0,imagenet_c,defocus_blur,1,none
efficientnet_b4,ILSVRC2012_val_00019308.JPEG,n01629819,25,25,0.49376544,1,imagenet_c,defocus_blur,1,none
efficientnet_b4,ILSVRC2012_val_00019630.JPEG,n01629819,25,28,0.44127464,0,imagenet_c,defocus_blur,1,none
efficientnet_b4,ILSVRC2012_val_00022935.JPEG,n01629819,25,25,0.5102375,1,imagenet_c,defocus_blur,1,none
efficientnet_b4,ILSVRC2012_val_00023201.JPEG,n01629819,25,25,0.52357185,1,imagenet_c,defocus_blur,1,none
efficientnet_b4,ILSVRC2012_val_00028323.JPEG,n01629819,25,25,0.53071296,1,imagenet_c,defocus_blur,1,none
efficientnet_b4,ILSVRC2012_val_00028489.JPEG,n01629819,25,25,0.54038996,1,imagenet_c,defocus_blur,1,none
efficientnet_b4,ILSVRC2012_val_00028565.JPEG,n01629819,25,25,0.53173745,1,imagenet_c,defocus_blur,1,none
efficientnet_b4,ILSVRC2012_val_00029460.JPEG,n01629819,25,25,0.5360601,1,imagenet_c,defocus_blur,1,none
efficientnet_b4,ILSVRC2012_val_00029763.JPEG,n01629819,25,25,0.58956903,1,imagenet_c,defocus_blur,1,none
efficientnet_b4,ILSVRC2012_val_00030300.JPEG,n01629819,25,25,0.27192888,1,imagenet_c,defocus_blur,1,none
efficientnet_b4,ILSVRC2012_val_00033081.JPEG,n01629819,25,25,0.5209915,1,imagenet_c,defocus_blur,1,none
efficientnet_b4,ILSVRC2012_val_00033575.JPEG,n01629819,25,25,0.51178294,1,imagenet_c,defocus_blur,1,none
efficientnet_b4,ILSVRC2012_val_00034499.JPEG,n01629819,25,25,0.58576995,1,imagenet_c,defocus_blur,1,none
efficientnet_b4,ILSVRC2012_val_00039753.JPEG,n01629819,25,25,0.6047888,1,imagenet_c,defocus_blur,1,none
efficientnet_b4,ILSVRC2012_val_00040470.JPEG,n01629819,25,295,0.01321415,0,imagenet_c,defocus_blur,1,none
efficientnet_b4,ILSVRC2012_val_00040820.JPEG,n01629819,25,25,0.5617307,1,imagenet_c,defocus_blur,1,none
efficientnet_b4,ILSVRC2012_val_00045120.JPEG,n01629819,25,25,0.5915457,1,imagenet_c,defocus_blur,1,none
efficientnet_b4,ILSVRC2012_val_00046119.JPEG,n01629819,25,25,0.39182925,1,imagenet_c,defocus_blur,1,none
efficientnet_b4,ILSVRC2012_val_00046162.JPEG,n01629819,25,25,0.49135768,1,imagenet_c,defocus_blur,1,none
efficientnet_b4,ILSVRC2012_val_00046243.JPEG,n01629819,25,25,0.5914264,1,imagenet_c,defocus_blur,1,none
efficientnet_b4,ILSVRC2012_val_00046756.JPEG,n01629819,25,25,0.30648437,1,imagenet_c,defocus_blur,1,none
efficientnet_b4,ILSVRC2012_val_00046941.JPEG,n01629819,25,25,0.29868928,1,imagenet_c,defocus_blur,1,none
efficientnet_b4,ILSVRC2012_val_00046985.JPEG,n01629819,25,25,0.5005236,1,imagenet_c,defocus_blur,1,none
efficientnet_b4,ILSVRC2012_val_00048445.JPEG,n01629819,25,25,0.5104012,1,imagenet_c,defocus_blur,1,none
efficientnet_b4,ILSVRC2012_val_00048463.JPEG,n01629819,25,25,0.3704672,1,imagenet_c,defocus_blur,1,none
efficientnet_b4,ILSVRC2012_val_00049065.JPEG,n01629819,25,25,0.55036247,1,imagenet_c,defocus_blur,1,none
efficientnet_b4,ILSVRC2012_val_00049244.JPEG,n01629819,25,25,0.62738097,1,imagenet_c,defocus_blur,1,none
efficientnet_b4,ILSVRC2012_val_00049898.JPEG,n01629819,25,25,0.59881717,1,imagenet_c,defocus_blur,1,none
efficientnet_b4,ILSVRC2012_val_00000498.JPEG,n01630670,26,26,0.7365349,1,imagenet_c,defocus_blur,1,none
efficientnet_b4,ILSVRC2012_val_00002774.JPEG,n01630670,26,28,0.40849522,0,imagenet_c,defocus_blur,1,none
efficientnet_b4,ILSVRC2012_val_00003189.JPEG,n01630670,26,29,0.3936796,0,imagenet_c,defocus_blur,1,none
efficientnet_b4,ILSVRC2012_val_00003702.JPEG,n01630670,26,26,0.6545536,1,imagenet_c,defocus_blur,1,none
efficientnet_b4,ILSVRC2012_val_00005698.JPEG,n01630670,26,26,0.6595079,1,imagenet_c,defocus_blur,1,none
efficientnet_b4,ILSVRC2012_val_00005868.JPEG,n01630670,26,26,0.41852814,1,imagenet_c,defocus_blur,1,none
efficientnet_b4,ILSVRC2012_val_00006331.JPEG,n01630670,26,26,0.61974126,1,imagenet_c,defocus_blur,1,none
efficientnet_b4,ILSVRC2012_val_00006582.JPEG,n01630670,26,27,0.49556598,0,imagenet_c,defocus_blur,1,none
efficientnet_b4,ILSVRC2012_val_00006844.JPEG,n01630670,26,58,0.1557541,0,imagenet_c,defocus_blur,1,none
efficientnet_b4,ILSVRC2012_val_00007257.JPEG,n01630670,26,26,0.5521003,1,imagenet_c,defocus_blur,1,none
efficientnet_b4,ILSVRC2012_val_00007288.JPEG,n01630670,26,26,0.65354806,1,imagenet_c,defocus_blur,1,none
efficientnet_b4,ILSVRC2012_val_00007528.JPEG,n01630670,26,26,0.76664984,1,imagenet_c,defocus_blur,1,none
efficientnet_b4,ILSVRC2012_val_00007561.JPEG,n01630670,26,26,0.6389227,1,imagenet_c,defocus_blur,1,none
efficientnet_b4,ILSVRC2012_val_00007904.JPEG,n01630670,26,26,0.7124745,1,imagenet_c,defocus_blur,1,none
efficientnet_b4,ILSVRC2012_val_00008249.JPEG,n01630670,26,26,0.6916331,1,imagenet_c,defocus_blur,1,none
efficientnet_b4,ILSVRC2012_val_00009000.JPEG,n01630670,26,26,0.5331679,1,imagenet_c,defocus_blur,1,none
efficientnet_b4,ILSVRC2012_val_00009670.JPEG,n01630670,26,26,0.6753902,1,imagenet_c,defocus_blur,1,none
efficientnet_b4,ILSVRC2012_val_00011650.JPEG,n01630670,26,26,0.5058135,1,imagenet_c,defocus_blur,1,none
efficientnet_b4,ILSVRC2012_val_00015274.JPEG,n01630670,26,28,0.28052422,0,imagenet_c,defocus_blur,1,none
efficientnet_b4,ILSVRC2012_val_00016183.JPEG,n01630670,26,26,0.40588933,1,imagenet_c,defocus_blur,1,none
efficientnet_b4,ILSVRC2012_val_00016422.JPEG,n01630670,26,29,0.72381127,0,imagenet_c,defocus_blur,1,none
efficientnet_b4,ILSVRC2012_val_00016695.JPEG,n01630670,26,356,0.057826012,0,imagenet_c,defocus_blur,1,none
efficientnet_b4,ILSVRC2012_val_00019780.JPEG,n01630670,26,38,0.25917953,0,imagenet_c,defocus_blur,1,none
efficientnet_b4,ILSVRC2012_val_00020393.JPEG,n01630670,26,26,0.32297692,1,imagenet_c,defocus_blur,1,none
efficientnet_b4,ILSVRC2012_val_00020696.JPEG,n01630670,26,26,0.4060141,1,imagenet_c,defocus_blur,1,none
efficientnet_b4,ILSVRC2012_val_00021017.JPEG,n01630670,26,932,0.14668907,0,imagenet_c,defocus_blur,1,none
efficientnet_b4,ILSVRC2012_val_00021083.JPEG,n01630670,26,26,0.39458713,1,imagenet_c,defocus_blur,1,none
efficientnet_b4,ILSVRC2012_val_00023488.JPEG,n01630670,26,26,0.49357203,1,imagenet_c,defocus_blur,1,none
efficientnet_b4,ILSVRC2012_val_00023932.JPEG,n01630670,26,25,0.50089616,0,imagenet_c,defocus_blur,1,none
efficientnet_b4,ILSVRC2012_val_00026773.JPEG,n01630670,26,26,0.27383244,1,imagenet_c,defocus_blur,1,none
efficientnet_b4,ILSVRC2012_val_00027269.JPEG,n01630670,26,26,0.6821797,1,imagenet_c,defocus_blur,1,none
efficientnet_b4,ILSVRC2012_val_00029511.JPEG,n01630670,26,26,0.5727878,1,imagenet_c,defocus_blur,1,none
efficientnet_b4,ILSVRC2012_val_00029854.JPEG,n01630670,26,28,0.21114875,0,imagenet_c,defocus_blur,1,none
efficientnet_b4,ILSVRC2012_val_00031919.JPEG,n01630670,26,26,0.0665425,1,imagenet_c,defocus_blur,1,none
efficientnet_b4,ILSVRC2012_val_00032171.JPEG,n01630670,26,29,0.68019927,0,imagenet_c,defocus_blur,1,none
efficientnet_b4,ILSVRC2012_val_00032864.JPEG,n01630670,26,27,0.6777676,0,imagenet_c,defocus_blur,1,none
efficientnet_b4,ILSVRC2012_val_00033261.JPEG,n01630670,26,27,0.67882407,0,imagenet_c,defocus_blur,1,none
efficientnet_b4,ILSVRC2012_val_00034124.JPEG,n01630670,26,26,0.5227605,1,imagenet_c,defocus_blur,1,none
efficientnet_b4,ILSVRC2012_val_00038449.JPEG,n01630670,26,26,0.27701274,1,imagenet_c,defocus_blur,1,none
efficientnet_b4,ILSVRC2012_val_00038742.JPEG,n01630670,26,28,0.6836521,0,imagenet_c,defocus_blur,1,none
efficientnet_b4,ILSVRC2012_val_00040174.JPEG,n01630670,26,26,0.7124526,1,imagenet_c,defocus_blur,1,none
efficientnet_b4,ILSVRC2012_val_00043049.JPEG,n01630670,26,26,0.29696718,1,imagenet_c,defocus_blur,1,none
efficientnet_b4,ILSVRC2012_val_00045101.JPEG,n01630670,26,26,0.37995237,1,imagenet_c,defocus_blur,1,none
efficientnet_b4,ILSVRC2012_val_00045451.JPEG,n01630670,26,26,0.6743161,1,imagenet_c,defocus_blur,1,none
efficientnet_b4,ILSVRC2012_val_00046430.JPEG,n01630670,26,27,0.25165358,0,imagenet_c,defocus_blur,1,none
efficientnet_b4,ILSVRC2012_val_00047713.JPEG,n01630670,26,58,0.056708056,0,imagenet_c,defocus_blur,1,none
efficientnet_b4,ILSVRC2012_val_00048046.JPEG,n01630670,26,28,0.57235676,0,imagenet_c,defocus_blur,1,none
efficientnet_b4,ILSVRC2012_val_00048295.JPEG,n01630670,26,26,0.3649193,1,imagenet_c,defocus_blur,1,none
efficientnet_b4,ILSVRC2012_val_00049350.JPEG,n01630670,26,29,0.5836973,0,imagenet_c,defocus_blur,1,none
efficientnet_b4,ILSVRC2012_val_00049997.JPEG,n01630670,26,26,0.45087487,1,imagenet_c,defocus_blur,1,none
efficientnet_b4,ILSVRC2012_val_00000258.JPEG,n01631663,27,27,0.6489129,1,imagenet_c,defocus_blur,1,none
efficientnet_b4,ILSVRC2012_val_00000276.JPEG,n01631663,27,27,0.74081385,1,imagenet_c,defocus_blur,1,none
efficientnet_b4,ILSVRC2012_val_00000807.JPEG,n01631663,27,27,0.4790645,1,imagenet_c,defocus_blur,1,none
efficientnet_b4,ILSVRC2012_val_00001010.JPEG,n01631663,27,27,0.388987,1,imagenet_c,defocus_blur,1,none
efficientnet_b4,ILSVRC2012_val_00001728.JPEG,n01631663,27,27,0.68274754,1,imagenet_c,defocus_blur,1,none
efficientnet_b4,ILSVRC2012_val_00002746.JPEG,n01631663,27,27,0.7244692,1,imagenet_c,defocus_blur,1,none
efficientnet_b4,ILSVRC2012_val_00003214.JPEG,n01631663,27,455,0.27472484,0,imagenet_c,defocus_blur,1,none
efficientnet_b4,ILSVRC2012_val_00006149.JPEG,n01631663,27,27,0.08908295,1,imagenet_c,defocus_blur,1,none
efficientnet_b4,ILSVRC2012_val_00006319.JPEG,n01631663,27,952,0.123853125,0,imagenet_c,defocus_blur,1,none
efficientnet_b4,ILSVRC2012_val_00006737.JPEG,n01631663,27,27,0.49803543,1,imagenet_c,defocus_blur,1,none
efficientnet_b4,ILSVRC2012_val_00007998.JPEG,n01631663,27,27,0.59647244,1,imagenet_c,defocus_blur,1,none
efficientnet_b4,ILSVRC2012_val_00008613.JPEG,n01631663,27,27,0.58348185,1,imagenet_c,defocus_blur,1,none
efficientnet_b4,ILSVRC2012_val_00009677.JPEG,n01631663,27,27,0.6937301,1,imagenet_c,defocus_blur,1,none
efficientnet_b4,ILSVRC2012_val_00010254.JPEG,n01631663,27,26,0.40799594,0,imagenet_c,defocus_blur,1,none
efficientnet_b4,ILSVRC2012_val_00011131.JPEG,n01631663,27,27,0.627774,1,imagenet_c,defocus_blur,1,none
efficientnet_b4,ILSVRC2012_val_00011416.JPEG,n01631663,27,27,0.49472806,1,imagenet_c,defocus_blur,1,none
efficientnet_b4,ILSVRC2012_val_00011688.JPEG,n01631663,27,26,0.36033368,0,imagenet_c,defocus_blur,1,none
efficientnet_b4,ILSVRC2012_val_00012441.JPEG,n01631663,27,27,0.59672284,1,imagenet_c,defocus_blur,1,none
efficientnet_b4,ILSVRC2012_val_00012765.JPEG,n01631663,27,27,0.6865023,1,imagenet_c,defocus_blur,1,none
efficientnet_b4,ILSVRC2012_val_00013174.JPEG,n01631663,27,27,0.41336554,1,imagenet_c,defocus_blur,1,none
efficientnet_b4,ILSVRC2012_val_00014009.JPEG,n01631663,27,27,0.31821775,1,imagenet_c,defocus_blur,1,none
efficientnet_b4,ILSVRC2012_val_00016818.JPEG,n01631663,27,27,0.46116182,1,imagenet_c,defocus_blur,1,none
efficientnet_b4,ILSVRC2012_val_00016864.JPEG,n01631663,27,26,0.55978376,0,imagenet_c,defocus_blur,1,none
efficientnet_b4,ILSVRC2012_val_00017185.JPEG,n01631663,27,27,0.5080978,1,imagenet_c,defocus_blur,1,none
efficientnet_b4,ILSVRC2012_val_00019116.JPEG,n01631663,27,27,0.46418977,1,imagenet_c,defocus_blur,1,none
efficientnet_b4,ILSVRC2012_val_00022134.JPEG,n01631663,27,27,0.55991304,1,imagenet_c,defocus_blur,1,none
efficientnet_b4,ILSVRC2012_val_00022787.JPEG,n01631663,27,26,0.16307667,0,imagenet_c,defocus_blur,1,none
efficientnet_b4,ILSVRC2012_val_00023450.JPEG,n01631663,27,52,0.2654511,0,imagenet_c,defocus_blur,1,none
efficientnet_b4,ILSVRC2012_val_00026016.JPEG,n01631663,27,27,0.5571284,1,imagenet_c,defocus_blur,1,none
efficientnet_b4,ILSVRC2012_val_00027028.JPEG,n01631663,27,41,0.017041916,0,imagenet_c,defocus_blur,1,none
efficientnet_b4,ILSVRC2012_val_00028601.JPEG,n01631663,27,27,0.514807,1,imagenet_c,defocus_blur,1,none
efficientnet_b4,ILSVRC2012_val_00029622.JPEG,n01631663,27,27,0.058362465,1,imagenet_c,defocus_blur,1,none
efficientnet_b4,ILSVRC2012_val_00031577.JPEG,n01631663,27,27,0.589849,1,imagenet_c,defocus_blur,1,none
efficientnet_b4,ILSVRC2012_val_00032323.JPEG,n01631663,27,42,0.112361915,0,imagenet_c,defocus_blur,1,none
efficientnet_b4,ILSVRC2012_val_00032578.JPEG,n01631663,27,26,0.3958339,0,imagenet_c,defocus_blur,1,none
efficientnet_b4,ILSVRC2012_val_00033437.JPEG,n01631663,27,26,0.36219245,0,imagenet_c,defocus_blur,1,none
efficientnet_b4,ILSVRC2012_val_00033492.JPEG,n01631663,27,27,0.4051269,1,imagenet_c,defocus_blur,1,none
efficientnet_b4,ILSVRC2012_val_00033866.JPEG,n01631663,27,27,0.52202517,1,imagenet_c,defocus_blur,1,none
efficientnet_b4,ILSVRC2012_val_00035093.JPEG,n01631663,27,27,0.5586919,1,imagenet_c,defocus_blur,1,none
efficientnet_b4,ILSVRC2012_val_00035305.JPEG,n01631663,27,27,0.10929865,1,imagenet_c,defocus_blur,1,none
efficientnet_b4,ILSVRC2012_val_00035450.JPEG,n01631663,27,27,0.60611856,1,imagenet_c,defocus_blur,1,none
efficientnet_b4,ILSVRC2012_val_00037037.JPEG,n01631663,27,27,0.6014937,1,imagenet_c,defocus_blur,1,none
efficientnet_b4,ILSVRC2012_val_00038658.JPEG,n01631663,27,27,0.588747,1,imagenet_c,defocus_blur,1,none
efficientnet_b4,ILSVRC2012_val_00040592.JPEG,n01631663,27,27,0.67018706,1,imagenet_c,defocus_blur,1,none
efficientnet_b4,ILSVRC2012_val_00040981.JPEG,n01631663,27,27,0.57550025,1,imagenet_c,defocus_blur,1,none
efficientnet_b4,ILSVRC2012_val_00041540.JPEG,n01631663,27,27,0.60197496,1,imagenet_c,defocus_blur,1,none
efficientnet_b4,ILSVRC2012_val_00043003.JPEG,n01631663,27,32,0.13765612,0,imagenet_c,defocus_blur,1,none
efficientnet_b4,ILSVRC2012_val_00043111.JPEG,n01631663,27,27,0.6474117,1,imagenet_c,defocus_blur,1,none
efficientnet_b4,ILSVRC2012_val_00044852.JPEG,n01631663,27,27,0.5775478,1,imagenet_c,defocus_blur,1,none
efficientnet_b4,ILSVRC2012_val_00046289.JPEG,n01631663,27,27,0.6097427,1,imagenet_c,defocus_blur,1,none
efficientnet_b4,ILSVRC2012_val_00000088.JPEG,n01632458,28,28,0.17358704,1,imagenet_c,defocus_blur,1,none
efficientnet_b4,ILSVRC2012_val_00001131.JPEG,n01632458,28,28,0.5797875,1,imagenet_c,defocus_blur,1,none
efficientnet_b4,ILSVRC2012_val_00003157.JPEG,n01632458,28,28,0.42647734,1,imagenet_c,defocus_blur,1,none
efficientnet_b4,ILSVRC2012_val_00003350.JPEG,n01632458,28,28,0.67612237,1,imagenet_c,defocus_blur,1,none
efficientnet_b4,ILSVRC2012_val_00003863.JPEG,n01632458,28,28,0.70513946,1,imagenet_c,defocus_blur,1,none
efficientnet_b4,ILSVRC2012_val_00006264.JPEG,n01632458,28,58,0.16089426,0,imagenet_c,defocus_blur,1,none
efficientnet_b4,ILSVRC2012_val_00007050.JPEG,n01632458,28,28,0.55768883,1,imagenet_c,defocus_blur,1,none
efficientnet_b4,ILSVRC2012_val_00009779.JPEG,n01632458,28,28,0.61716413,1,imagenet_c,defocus_blur,1,none
efficientnet_b4,ILSVRC2012_val_00010462.JPEG,n01632458,28,28,0.6314044,1,imagenet_c,defocus_blur,1,none
efficientnet_b4,ILSVRC2012_val_00010675.JPEG,n01632458,28,26,0.17450237,0,imagenet_c,defocus_blur,1,none
efficientnet_b4,ILSVRC2012_val_00011657.JPEG,n01632458,28,28,0.4047408,1,imagenet_c,defocus_blur,1,none
efficientnet_b4,ILSVRC2012_val_00013069.JPEG,n01632458,28,28,0.6293472,1,imagenet_c,defocus_blur,1,none
efficientnet_b4,ILSVRC2012_val_00013271.JPEG,n01632458,28,28,0.6410817,1,imagenet_c,defocus_blur,1,none
efficientnet_b4,ILSVRC2012_val_00015091.JPEG,n01632458,28,26,0.21780835,0,imagenet_c,defocus_blur,1,none
efficientnet_b4,ILSVRC2012_val_00015709.JPEG,n01632458,28,28,0.57435054,1,imagenet_c,defocus_blur,1,none
efficientnet_b4,ILSVRC2012_val_00016537.JPEG,n01632458,28,28,0.51911,1,imagenet_c,defocus_blur,1,none
efficientnet_b4,ILSVRC2012_val_00017012.JPEG,n01632458,28,28,0.7035112,1,imagenet_c,defocus_blur,1,none
efficientnet_b4,ILSVRC2012_val_00018008.JPEG,n01632458,28,28,0.58970624,1,imagenet_c,defocus_blur,1,none
efficientnet_b4,ILSVRC2012_val_00021024.JPEG,n01632458,28,28,0.5704861,1,imagenet_c,defocus_blur,1,none
efficientnet_b4,ILSVRC2012_val_00021299.JPEG,n01632458,28,28,0.60285145,1,imagenet_c,defocus_blur,1,none
efficientnet_b4,ILSVRC2012_val_00021906.JPEG,n01632458,28,28,0.41673264,1,imagenet_c,defocus_blur,1,none
efficientnet_b4,ILSVRC2012_val_00023080.JPEG,n01632458,28,28,0.7145061,1,imagenet_c,defocus_blur,1,none
efficientnet_b4,ILSVRC2012_val_00024164.JPEG,n01632458,28,28,0.41373324,1,imagenet_c,defocus_blur,1,none
efficientnet_b4,ILSVRC2012_val_00024262.JPEG,n01632458,28,237,0.047146067,0,imagenet_c,defocus_blur,1,none
efficientnet_b4,ILSVRC2012_val_00025435.JPEG,n01632458,28,28,0.567597,1,imagenet_c,defocus_blur,1,none
efficientnet_b4,ILSVRC2012_val_00025492.JPEG,n01632458,28,28,0.55461645,1,imagenet_c,defocus_blur,1,none
efficientnet_b4,ILSVRC2012_val_00026813.JPEG,n01632458,28,28,0.6148013,1,imagenet_c,defocus_blur,1,none
efficientnet_b4,ILSVRC2012_val_00027931.JPEG,n01632458,28,28,0.53200656,1,imagenet_c,defocus_blur,1,none
efficientnet_b4,ILSVRC2012_val_00029491.JPEG,n01632458,28,28,0.49250966,1,imagenet_c,defocus_blur,1,none
efficientnet_b4,ILSVRC2012_val_00029732.JPEG,n01632458,28,356,0.03437707,0,imagenet_c,defocus_blur,1,none
efficientnet_b4,ILSVRC2012_val_00029977.JPEG,n01632458,28,28,0.64345765,1,imagenet_c,defocus_blur,1,none
efficientnet_b4,ILSVRC2012_val_00030418.JPEG,n01632458,28,34,0.14027385,0,imagenet_c,defocus_blur,1,none
efficientnet_b4,ILSVRC2012_val_00031289.JPEG,n01632458,28,28,0.62269324,1,imagenet_c,defocus_blur,1,none
efficientnet_b4,ILSVRC2012_val_00031521.JPEG,n01632458,28,28,0.58675313,1,imagenet_c,defocus_blur,1,none
efficientnet_b4,ILSVRC2012_val_00033219.JPEG,n01632458,28,28,0.56686985,1,imagenet_c,defocus_blur,1,none
efficientnet_b4,ILSVRC2012_val_00033767.JPEG,n01632458,28,28,0.47748396,1,imagenet_c,defocus_blur,1,none
efficientnet_b4,ILSVRC2012_val_00035814.JPEG,n01632458,28,787,0.03560234,0,imagenet_c,defocus_blur,1,none
efficientnet_b4,ILSVRC2012_val_00035936.JPEG,n01632458,28,28,0.5622014,1,imagenet_c,defocus_blur,1,none
efficientnet_b4,ILSVRC2012_val_00036878.JPEG,n01632458,28,28,0.5235712,1,imagenet_c,defocus_blur,1,none
efficientnet_b4,ILSVRC2012_val_00038202.JPEG,n01632458,28,28,0.7662706,1,imagenet_c,defocus_blur,1,none
efficientnet_b4,ILSVRC2012_val_00038459.JPEG,n01632458,28,28,0.30247518,1,imagenet_c,defocus_blur,1,none
efficientnet_b4,ILSVRC2012_val_00039902.JPEG,n01632458,28,28,0.5465144,1,imagenet_c,defocus_blur,1,none
efficientnet_b4,ILSVRC2012_val_00039933.JPEG,n01632458,28,28,0.6701594,1,imagenet_c,defocus_blur,1,none
efficientnet_b4,ILSVRC2012_val_00040563.JPEG,n01632458,28,28,0.58215106,1,imagenet_c,defocus_blur,1,none
efficientnet_b4,ILSVRC2012_val_00041418.JPEG,n01632458,28,26,0.107545055,0,imagenet_c,defocus_blur,1,none
efficientnet_b4,ILSVRC2012_val_00042125.JPEG,n01632458,28,28,0.5366984,1,imagenet_c,defocus_blur,1,none
efficientnet_b4,ILSVRC2012_val_00046616.JPEG,n01632458,28,28,0.244627,1,imagenet_c,defocus_blur,1,none
efficientnet_b4,ILSVRC2012_val_00047089.JPEG,n01632458,28,28,0.38706768,1,imagenet_c,defocus_blur,1,none
efficientnet_b4,ILSVRC2012_val_00048286.JPEG,n01632458,28,25,0.24120866,0,imagenet_c,defocus_blur,1,none
efficientnet_b4,ILSVRC2012_val_00049103.JPEG,n01632458,28,63,0.3870623,0,imagenet_c,defocus_blur,1,none
efficientnet_b4,ILSVRC2012_val_00000052.JPEG,n01632777,29,29,0.47204962,1,imagenet_c,defocus_blur,1,none
efficientnet_b4,ILSVRC2012_val_00001138.JPEG,n01632777,29,29,0.68362033,1,imagenet_c,defocus_blur,1,none
efficientnet_b4,ILSVRC2012_val_00002524.JPEG,n01632777,29,29,0.8262855,1,imagenet_c,defocus_blur,1,none
efficientnet_b4,ILSVRC2012_val_00003860.JPEG,n01632777,29,29,0.60423416,1,imagenet_c,defocus_blur,1,none
efficientnet_b4,ILSVRC2012_val_00004084.JPEG,n01632777,29,29,0.6014603,1,imagenet_c,defocus_blur,1,none
efficientnet_b4,ILSVRC2012_val_00005172.JPEG,n01632777,29,29,0.51067764,1,imagenet_c,defocus_blur,1,none
efficientnet_b4,ILSVRC2012_val_00006579.JPEG,n01632777,29,29,0.59089935,1,imagenet_c,defocus_blur,1,none
efficientnet_b4,ILSVRC2012_val_00006694.JPEG,n01632777,29,29,0.62726897,1,imagenet_c,defocus_blur,1,none
efficientnet_b4,ILSVRC2012_val_00007486.JPEG,n01632777,29,29,0.64929545,1,imagenet_c,defocus_blur,1,none
efficientnet_b4,ILSVRC2012_val_00008686.JPEG,n01632777,29,29,0.57865167,1,imagenet_c,defocus_blur,1,none
efficientnet_b4,ILSVRC2012_val_00009946.JPEG,n01632777,29,29,0.6345422,1,imagenet_c,defocus_blur,1,none
efficientnet_b4,ILSVRC2012_val_00011474.JPEG,n01632777,29,389,0.22063142,0,imagenet_c,defocus_blur,1,none
efficientnet_b4,ILSVRC2012_val_00013940.JPEG,n01632777,29,29,0.4914224,1,imagenet_c,defocus_blur,1,none
efficientnet_b4,ILSVRC2012_val_00016441.JPEG,n01632777,29,103,0.21725412,0,imagenet_c,defocus_blur,1,none
efficientnet_b4,ILSVRC2012_val_00016514.JPEG,n01632777,29,29,0.7067482,1,imagenet_c,defocus_blur,1,none
efficientnet_b4,ILSVRC2012_val_00017228.JPEG,n01632777,29,29,0.48769197,1,imagenet_c,defocus_blur,1,none
efficientnet_b4,ILSVRC2012_val_00017274.JPEG,n01632777,29,29,0.5866461,1,imagenet_c,defocus_blur,1,none
efficientnet_b4,ILSVRC2012_val_00017372.JPEG,n01632777,29,29,0.7048695,1,imagenet_c,defocus_blur,1,none
efficientnet_b4,ILSVRC2012_val_00017899.JPEG,n01632777,29,29,0.6047763,1,imagenet_c,defocus_blur,1,none
efficientnet_b4,ILSVRC2012_val_00019710.JPEG,n01632777,29,29,0.7423556,1,imagenet_c,defocus_blur,1,none
efficientnet_b4,ILSVRC2012_val_00020430.JPEG,n01632777,29,29,0.5997086,1,imagenet_c,defocus_blur,1,none
efficientnet_b4,ILSVRC2012_val_00020772.JPEG,n01632777,29,27,0.16826665,0,imagenet_c,defocus_blur,1,none
efficientnet_b4,ILSVRC2012_val_00022113.JPEG,n01632777,29,29,0.72803986,1,imagenet_c,defocus_blur,1,none
efficientnet_b4,ILSVRC2012_val_00022771.JPEG,n01632777,29,29,0.49651107,1,imagenet_c,defocus_blur,1,none
efficientnet_b4,ILSVRC2012_val_00022925.JPEG,n01632777,29,29,0.63490117,1,imagenet_c,defocus_blur,1,none
efficientnet_b4,ILSVRC2012_val_00025348.JPEG,n01632777,29,29,0.6615559,1,imagenet_c,defocus_blur,1,none
efficientnet_b4,ILSVRC2012_val_00025438.JPEG,n01632777,29,29,0.57031024,1,imagenet_c,defocus_blur,1,none
efficientnet_b4,ILSVRC2012_val_00027929.JPEG,n01632777,29,29,0.5254559,1,imagenet_c,defocus_blur,1,none
efficientnet_b4,ILSVRC2012_val_00029500.JPEG,n01632777,29,29,0.62515944,1,imagenet_c,defocus_blur,1,none
efficientnet_b4,ILSVRC2012_val_00031235.JPEG,n01632777,29,29,0.6933364,1,imagenet_c,defocus_blur,1,none
efficientnet_b4,ILSVRC2012_val_00031386.JPEG,n01632777,29,29,0.4471394,1,imagenet_c,defocus_blur,1,none
efficientnet_b4,ILSVRC2012_val_00033412.JPEG,n01632777,29,29,0.69622016,1,imagenet_c,defocus_blur,1,none
efficientnet_b4,ILSVRC2012_val_00034583.JPEG,n01632777,29,29,0.46665174,1,imagenet_c,defocus_blur,1,none
efficientnet_b4,ILSVRC2012_val_00035529.JPEG,n01632777,29,103,0.12508084,0,imagenet_c,defocus_blur,1,none
efficientnet_b4,ILSVRC2012_val_00035654.JPEG,n01632777,29,29,0.5777287,1,imagenet_c,defocus_blur,1,none
efficientnet_b4,ILSVRC2012_val_00036495.JPEG,n01632777,29,29,0.7143807,1,imagenet_c,defocus_blur,1,none
efficientnet_b4,ILSVRC2012_val_00037046.JPEG,n01632777,29,29,0.7047714,1,imagenet_c,defocus_blur,1,none
efficientnet_b4,ILSVRC2012_val_00039922.JPEG,n01632777,29,29,0.5036816,1,imagenet_c,defocus_blur,1,none
efficientnet_b4,ILSVRC2012_val_00040769.JPEG,n01632777,29,29,0.6330632,1,imagenet_c,defocus_blur,1,none
efficientnet_b4,ILSVRC2012_val_00040894.JPEG,n01632777,29,103,0.08553629,0,imagenet_c,defocus_blur,1,none
efficientnet_b4,ILSVRC2012_val_00041298.JPEG,n01632777,29,738,0.022645313,0,imagenet_c,defocus_blur,1,none
efficientnet_b4,ILSVRC2012_val_00042302.JPEG,n01632777,29,29,0.61152714,1,imagenet_c,defocus_blur,1,none
efficientnet_b4,ILSVRC2012_val_00044504.JPEG,n01632777,29,29,0.5811744,1,imagenet_c,defocus_blur,1,none
efficientnet_b4,ILSVRC2012_val_00044893.JPEG,n01632777,29,712,0.31331462,0,imagenet_c,defocus_blur,1,none
efficientnet_b4,ILSVRC2012_val_00045553.JPEG,n01632777,29,880,0.2442545,0,imagenet_c,defocus_blur,1,none
efficientnet_b4,ILSVRC2012_val_00045656.JPEG,n01632777,29,29,0.64797384,1,imagenet_c,defocus_blur,1,none
efficientnet_b4,ILSVRC2012_val_00045924.JPEG,n01632777,29,29,0.76708,1,imagenet_c,defocus_blur,1,none
efficientnet_b4,ILSVRC2012_val_00046976.JPEG,n01632777,29,29,0.53941214,1,imagenet_c,defocus_blur,1,none
efficientnet_b4,ILSVRC2012_val_00047938.JPEG,n01632777,29,29,0.118540734,1,imagenet_c,defocus_blur,1,none
efficientnet_b4,ILSVRC2012_val_00048148.JPEG,n01632777,29,29,0.40012044,1,imagenet_c,defocus_blur,1,none
efficientnet_b4,ILSVRC2012_val_00001652.JPEG,n01641577,30,32,0.38683626,0,imagenet_c,defocus_blur,1,none
efficientnet_b4,ILSVRC2012_val_00003748.JPEG,n01641577,30,30,0.458121,1,imagenet_c,defocus_blur,1,none
efficientnet_b4,ILSVRC2012_val_00004613.JPEG,n01641577,30,30,0.3204929,1,imagenet_c,defocus_blur,1,none
efficientnet_b4,ILSVRC2012_val_00004945.JPEG,n01641577,30,131,0.32762605,0,imagenet_c,defocus_blur,1,none
efficientnet_b4,ILSVRC2012_val_00005045.JPEG,n01641577,30,30,0.5347883,1,imagenet_c,defocus_blur,1,none
efficientnet_b4,ILSVRC2012_val_00006409.JPEG,n01641577,30,32,0.29591233,0,imagenet_c,defocus_blur,1,none
efficientnet_b4,ILSVRC2012_val_00009563.JPEG,n01641577,30,59,0.2931645,0,imagenet_c,defocus_blur,1,none
efficientnet_b4,ILSVRC2012_val_00010287.JPEG,n01641577,30,30,0.31822568,1,imagenet_c,defocus_blur,1,none
efficientnet_b4,ILSVRC2012_val_00011664.JPEG,n01641577,30,30,0.55008,1,imagenet_c,defocus_blur,1,none
efficientnet_b4,ILSVRC2012_val_00012151.JPEG,n01641577,30,30,0.40408093,1,imagenet_c,defocus_blur,1,none
efficientnet_b4,ILSVRC2012_val_00012558.JPEG,n01641577,30,30,0.1802906,1,imagenet_c,defocus_blur,1,none
efficientnet_b4,ILSVRC2012_val_00013974.JPEG,n01641577,30,30,0.37570092,1,imagenet_c,defocus_blur,1,none
efficientnet_b4,ILSVRC2012_val_00014227.JPEG,n01641577,30,36,0.1838,0,imagenet_c,defocus_blur,1,none
efficientnet_b4,ILSVRC2012_val_00014735.JPEG,n01641577,30,32,0.28221056,0,imagenet_c,defocus_blur,1,none
efficientnet_b4,ILSVRC2012_val_00016782.JPEG,n01641577,30,31,0.058886148,0,imagenet_c,defocus_blur,1,none
efficientnet_b4,ILSVRC2012_val_00017669.JPEG,n01641577,30,30,0.30100927,1,imagenet_c,defocus_blur,1,none
efficientnet_b4,ILSVRC2012_val_00018160.JPEG,n01641577,30,30,0.411541,1,imagenet_c,defocus_blur,1,none
efficientnet_b4,ILSVRC2012_val_00018339.JPEG,n01641577,30,32,0.5883458,0,imagenet_c,defocus_blur,1,none
efficientnet_b4,ILSVRC2012_val_00018481.JPEG,n01641577,30,30,0.44895768,1,imagenet_c,defocus_blur,1,none
efficientnet_b4,ILSVRC2012_val_00018512.JPEG,n01641577,30,30,0.48278314,1,imagenet_c,defocus_blur,1,none
efficientnet_b4,ILSVRC2012_val_00018754.JPEG,n01641577,30,274,0.01713482,0,imagenet_c,defocus_blur,1,none
efficientnet_b4,ILSVRC2012_val_00019578.JPEG,n01641577,30,30,0.3998801,1,imagenet_c,defocus_blur,1,none
efficientnet_b4,ILSVRC2012_val_00020916.JPEG,n01641577,30,30,0.33947596,1,imagenet_c,defocus_blur,1,none
efficientnet_b4,ILSVRC2012_val_00021611.JPEG,n01641577,30,32,0.5853855,0,imagenet_c,defocus_blur,1,none
efficientnet_b4,ILSVRC2012_val_00022052.JPEG,n01641577,30,30,0.45292366,1,imagenet_c,defocus_blur,1,none
efficientnet_b4,ILSVRC2012_val_00023308.JPEG,n01641577,30,30,0.05320042,1,imagenet_c,defocus_blur,1,none
efficientnet_b4,ILSVRC2012_val_00024938.JPEG,n01641577,30,30,0.56108195,1,imagenet_c,defocus_blur,1,none
efficientnet_b4,ILSVRC2012_val_00025633.JPEG,n01641577,30,357,0.052773613,0,imagenet_c,defocus_blur,1,none
efficientnet_b4,ILSVRC2012_val_00026059.JPEG,n01641577,30,30,0.19237079,1,imagenet_c,defocus_blur,1,none
efficientnet_b4,ILSVRC2012_val_00026213.JPEG,n01641577,30,336,0.06739314,0,imagenet_c,defocus_blur,1,none
efficientnet_b4,ILSVRC2012_val_00027869.JPEG,n01641577,30,30,0.5977554,1,imagenet_c,defocus_blur,1,none
efficientnet_b4,ILSVRC2012_val_00028041.JPEG,n01641577,30,32,0.34291822,0,imagenet_c,defocus_blur,1,none
efficientnet_b4,ILSVRC2012_val_00028113.JPEG,n01641577,30,32,0.6937153,0,imagenet_c,defocus_blur,1,none
efficientnet_b4,ILSVRC2012_val_00028352.JPEG,n01641577,30,30,0.39728123,1,imagenet_c,defocus_blur,1,none
efficientnet_b4,ILSVRC2012_val_00029727.JPEG,n01641577,30,30,0.6211496,1,imagenet_c,defocus_blur,1,none
efficientnet_b4,ILSVRC2012_val_00030342.JPEG,n01641577,30,30,0.56614774,1,imagenet_c,defocus_blur,1,none
efficientnet_b4,ILSVRC2012_val_00032061.JPEG,n01641577,30,30,0.46905595,1,imagenet_c,defocus_blur,1,none
efficientnet_b4,ILSVRC2012_val_00032916.JPEG,n01641577,30,32,0.33237725,0,imagenet_c,defocus_blur,1,none
efficientnet_b4,ILSVRC2012_val_00033863.JPEG,n01641577,30,32,0.43489623,0,imagenet_c,defocus_blur,1,none
efficientnet_b4,ILSVRC2012_val_00033960.JPEG,n01641577,30,30,0.41608614,1,imagenet_c,defocus_blur,1,none
efficientnet_b4,ILSVRC2012_val_00034226.JPEG,n01641577,30,32,0.60235274,0,imagenet_c,defocus_blur,1,none
efficientnet_b4,ILSVRC2012_val_00034383.JPEG,n01641577,30,32,0.51082146,0,imagenet_c,defocus_blur,1,none
efficientnet_b4,ILSVRC2012_val_00035535.JPEG,n01641577,30,32,0.48537207,0,imagenet_c,defocus_blur,1,none
efficientnet_b4,ILSVRC2012_val_00036102.JPEG,n01641577,30,30,0.4953204,1,imagenet_c,defocus_blur,1,none
efficientnet_b4,ILSVRC2012_val_00043312.JPEG,n01641577,30,32,0.16260023,0,imagenet_c,defocus_blur,1,none
efficientnet_b4,ILSVRC2012_val_00043951.JPEG,n01641577,30,135,0.11598385,0,imagenet_c,defocus_blur,1,none
efficientnet_b4,ILSVRC2012_val_00046427.JPEG,n01641577,30,30,0.5896478,1,imagenet_c,defocus_blur,1,none
efficientnet_b4,ILSVRC2012_val_00047498.JPEG,n01641577,30,32,0.3963839,0,imagenet_c,defocus_blur,1,none
efficientnet_b4,ILSVRC2012_val_00049119.JPEG,n01641577,30,30,0.22368695,1,imagenet_c,defocus_blur,1,none
efficientnet_b4,ILSVRC2012_val_00049637.JPEG,n01641577,30,30,0.4713474,1,imagenet_c,defocus_blur,1,none
efficientnet_b4,ILSVRC2012_val_00000944.JPEG,n01644373,31,31,0.49239376,1,imagenet_c,defocus_blur,1,none
efficientnet_b4,ILSVRC2012_val_00001739.JPEG,n01644373,31,31,0.5983247,1,imagenet_c,defocus_blur,1,none
efficientnet_b4,ILSVRC2012_val_00003621.JPEG,n01644373,31,31,0.60898226,1,imagenet_c,defocus_blur,1,none
efficientnet_b4,ILSVRC2012_val_00003846.JPEG,n01644373,31,31,0.65869033,1,imagenet_c,defocus_blur,1,none
efficientnet_b4,ILSVRC2012_val_00003985.JPEG,n01644373,31,31,0.63302106,1,imagenet_c,defocus_blur,1,none
efficientnet_b4,ILSVRC2012_val_00006987.JPEG,n01644373,31,31,0.4866855,1,imagenet_c,defocus_blur,1,none
efficientnet_b4,ILSVRC2012_val_00007398.JPEG,n01644373,31,32,0.28380007,0,imagenet_c,defocus_blur,1,none
efficientnet_b4,ILSVRC2012_val_00007574.JPEG,n01644373,31,31,0.39780372,1,imagenet_c,defocus_blur,1,none
efficientnet_b4,ILSVRC2012_val_00007977.JPEG,n01644373,31,32,0.5574276,0,imagenet_c,defocus_blur,1,none
efficientnet_b4,ILSVRC2012_val_00012248.JPEG,n01644373,31,31,0.16394958,1,imagenet_c,defocus_blur,1,none
efficientnet_b4,ILSVRC2012_val_00012428.JPEG,n01644373,31,31,0.45020893,1,imagenet_c,defocus_blur,1,none
efficientnet_b4,ILSVRC2012_val_00013201.JPEG,n01644373,31,32,0.60739547,0,imagenet_c,defocus_blur,1,none
efficientnet_b4,ILSVRC2012_val_00015245.JPEG,n01644373,31,31,0.4793683,1,imagenet_c,defocus_blur,1,none
efficientnet_b4,ILSVRC2012_val_00016177.JPEG,n01644373,31,31,0.5176835,1,imagenet_c,defocus_blur,1,none
efficientnet_b4,ILSVRC2012_val_00017138.JPEG,n01644373,31,31,0.6945408,1,imagenet_c,defocus_blur,1,none
efficientnet_b4,ILSVRC2012_val_00017505.JPEG,n01644373,31,31,0.29294446,1,imagenet_c,defocus_blur,1,none
efficientnet_b4,ILSVRC2012_val_00017882.JPEG,n01644373,31,31,0.47302797,1,imagenet_c,defocus_blur,1,none
efficientnet_b4,ILSVRC2012_val_00017989.JPEG,n01644373,31,32,0.31791586,0,imagenet_c,defocus_blur,1,none
efficientnet_b4,ILSVRC2012_val_00020059.JPEG,n01644373,31,32,0.6838874,0,imagenet_c,defocus_blur,1,none
efficientnet_b4,ILSVRC2012_val_00020321.JPEG,n01644373,31,66,0.029037658,0,imagenet_c,defocus_blur,1,none
efficientnet_b4,ILSVRC2012_val_00020943.JPEG,n01644373,31,31,0.6911704,1,imagenet_c,defocus_blur,1,none
efficientnet_b4,ILSVRC2012_val_00022660.JPEG,n01644373,31,31,0.5603374,1,imagenet_c,defocus_blur,1,none
efficientnet_b4,ILSVRC2012_val_00023855.JPEG,n01644373,31,59,0.15583429,0,imagenet_c,defocus_blur,1,none
efficientnet_b4,ILSVRC2012_val_00025717.JPEG,n01644373,31,31,0.2579213,1,imagenet_c,defocus_blur,1,none
efficientnet_b4,ILSVRC2012_val_00027451.JPEG,n01644373,31,31,0.37716213,1,imagenet_c,defocus_blur,1,none
efficientnet_b4,ILSVRC2012_val_00028225.JPEG,n01644373,31,936,0.16038503,0,imagenet_c,defocus_blur,1,none
efficientnet_b4,ILSVRC2012_val_00030352.JPEG,n01644373,31,31,0.58294576,1,imagenet_c,defocus_blur,1,none
efficientnet_b4,ILSVRC2012_val_00031598.JPEG,n01644373,31,32,0.36944544,0,imagenet_c,defocus_blur,1,none
efficientnet_b4,ILSVRC2012_val_00032104.JPEG,n01644373,31,31,0.6116227,1,imagenet_c,defocus_blur,1,none
efficientnet_b4,ILSVRC2012_val_00032917.JPEG,n01644373,31,32,0.30022937,0,imagenet_c,defocus_blur,1,none
efficientnet_b4,ILSVRC2012_val_00033084.JPEG,n01644373,31,31,0.4812253,1,imagenet_c,defocus_blur,1,none
efficientnet_b4,ILSVRC2012_val_00033702.JPEG,n01644373,31,31,0.5483324,1,imagenet_c,defocus_blur,1,none
efficientnet_b4,ILSVRC2012_val_00033838.JPEG,n01644373,31,31,0.56761223,1,imagenet_c,defocus_blur,1,none
efficientnet_b4,ILSVRC2012_val_00034290.JPEG,n01644373,31,32,0.67335135,0,imagenet_c,defocus_blur,1,none
efficientnet_b4,ILSVRC2012_val_00034542.JPEG,n01644373,31,31,0.55779594,1,imagenet_c,defocus_blur,1,none
efficientnet_b4,ILSVRC2012_val_00036065.JPEG,n01644373,31,31,0.6688026,1,imagenet_c,defocus_blur,1,none
efficientnet_b4,ILSVRC2012_val_00036066.JPEG,n01644373,31,31,0.59833366,1,imagenet_c,defocus_blur,1,none
efficientnet_b4,ILSVRC2012_val_00036293.JPEG,n01644373,31,774,0.36226675,0,imagenet_c,defocus_blur,1,none
efficientnet_b4,ILSVRC2012_val_00036850.JPEG,n01644373,31,31,0.5113781,1,imagenet_c,defocus_blur,1,none
efficientnet_b4,ILSVRC2012_val_00036915.JPEG,n01644373,31,31,0.59692943,1,imagenet_c,defocus_blur,1,none
efficientnet_b4,ILSVRC2012_val_00038959.JPEG,n01644373,31,31,0.5984916,1,imagenet_c,defocus_blur,1,none
efficientnet_b4,ILSVRC2012_val_00041279.JPEG,n01644373,31,31,0.65858984,1,imagenet_c,defocus_blur,1,none
efficientnet_b4,ILSVRC2012_val_00042832.JPEG,n01644373,31,31,0.3818854,1,imagenet_c,defocus_blur,1,none
efficientnet_b4,ILSVRC2012_val_00043191.JPEG,n01644373,31,31,0.44502437,1,imagenet_c,defocus_blur,1,none
efficientnet_b4,ILSVRC2012_val_00043303.JPEG,n01644373,31,31,0.086859785,1,imagenet_c,defocus_blur,1,none
efficientnet_b4,ILSVRC2012_val_00043369.JPEG,n01644373,31,945,0.19294444,0,imagenet_c,defocus_blur,1,none
efficientnet_b4,ILSVRC2012_val_00043860.JPEG,n01644373,31,31,0.6467339,1,imagenet_c,defocus_blur,1,none
efficientnet_b4,ILSVRC2012_val_00044855.JPEG,n01644373,31,31,0.5083161,1,imagenet_c,defocus_blur,1,none
efficientnet_b4,ILSVRC2012_val_00048482.JPEG,n01644373,31,32,0.3428218,0,imagenet_c,defocus_blur,1,none
efficientnet_b4,ILSVRC2012_val_00048995.JPEG,n01644373,31,31,0.5310918,1,imagenet_c,defocus_blur,1,none
efficientnet_b4,ILSVRC2012_val_00000037.JPEG,n01644900,32,26,0.48179102,0,imagenet_c,defocus_blur,1,none
efficientnet_b4,ILSVRC2012_val_00001938.JPEG,n01644900,32,26,0.42277455,0,imagenet_c,defocus_blur,1,none
efficientnet_b4,ILSVRC2012_val_00004427.JPEG,n01644900,32,30,0.25848654,0,imagenet_c,defocus_blur,1,none
efficientnet_b4,ILSVRC2012_val_00004724.JPEG,n01644900,32,31,0.5528552,0,imagenet_c,defocus_blur,1,none
efficientnet_b4,ILSVRC2012_val_00005450.JPEG,n01644900,32,31,0.331395,0,imagenet_c,defocus_blur,1,none
efficientnet_b4,ILSVRC2012_val_00005532.JPEG,n01644900,32,2,0.14795704,0,imagenet_c,defocus_blur,1,none
efficientnet_b4,ILSVRC2012_val_00005768.JPEG,n01644900,32,32,0.7479676,1,imagenet_c,defocus_blur,1,none
efficientnet_b4,ILSVRC2012_val_00006830.JPEG,n01644900,32,32,0.28444827,1,imagenet_c,defocus_blur,1,none
efficientnet_b4,ILSVRC2012_val_00007437.JPEG,n01644900,32,32,0.30695528,1,imagenet_c,defocus_blur,1,none
efficientnet_b4,ILSVRC2012_val_00007818.JPEG,n01644900,32,32,0.70895994,1,imagenet_c,defocus_blur,1,none
efficientnet_b4,ILSVRC2012_val_00010593.JPEG,n01644900,32,32,0.39410698,1,imagenet_c,defocus_blur,1,none
efficientnet_b4,ILSVRC2012_val_00011303.JPEG,n01644900,32,32,0.5270666,1,imagenet_c,defocus_blur,1,none
efficientnet_b4,ILSVRC2012_val_00011724.JPEG,n01644900,32,32,0.5034968,1,imagenet_c,defocus_blur,1,none
efficientnet_b4,ILSVRC2012_val_00012231.JPEG,n01644900,32,32,0.38418764,1,imagenet_c,defocus_blur,1,none
efficientnet_b4,ILSVRC2012_val_00013354.JPEG,n01644900,32,32,0.5041026,1,imagenet_c,defocus_blur,1,none
efficientnet_b4,ILSVRC2012_val_00016519.JPEG,n01644900,32,133,0.0598208,0,imagenet_c,defocus_blur,1,none
efficientnet_b4,ILSVRC2012_val_00016934.JPEG,n01644900,32,26,0.40704337,0,imagenet_c,defocus_blur,1,none
efficientnet_b4,ILSVRC2012_val_00018879.JPEG,n01644900,32,30,0.479911,0,imagenet_c,defocus_blur,1,none
efficientnet_b4,ILSVRC2012_val_00019834.JPEG,n01644900,32,32,0.5992522,1,imagenet_c,defocus_blur,1,none
efficientnet_b4,ILSVRC2012_val_00020180.JPEG,n01644900,32,30,0.29157957,0,imagenet_c,defocus_blur,1,none
efficientnet_b4,ILSVRC2012_val_00021211.JPEG,n01644900,32,32,0.572317,1,imagenet_c,defocus_blur,1,none
efficientnet_b4,ILSVRC2012_val_00021776.JPEG,n01644900,32,32,0.1269257,1,imagenet_c,defocus_blur,1,none
efficientnet_b4,ILSVRC2012_val_00023255.JPEG,n01644900,32,32,0.65164584,1,imagenet_c,defocus_blur,1,none
efficientnet_b4,ILSVRC2012_val_00023758.JPEG,n01644900,32,32,0.56793416,1,imagenet_c,defocus_blur,1,none
efficientnet_b4,ILSVRC2012_val_00024102.JPEG,n01644900,32,26,0.3195731,0,imagenet_c,defocus_blur,1,none
efficientnet_b4,ILSVRC2012_val_00024428.JPEG,n01644900,32,32,0.5878206,1,imagenet_c,defocus_blur,1,none
efficientnet_b4,ILSVRC2012_val_00028629.JPEG,n01644900,32,32,0.28078967,1,imagenet_c,defocus_blur,1,none
efficientnet_b4,ILSVRC2012_val_00028673.JPEG,n01644900,32,32,0.3074069,1,imagenet_c,defocus_blur,1,none
efficientnet_b4,ILSVRC2012_val_00029678.JPEG,n01644900,32,32,0.3480079,1,imagenet_c,defocus_blur,1,none
efficientnet_b4,ILSVRC2012_val_00030478.JPEG,n01644900,32,32,0.605978,1,imagenet_c,defocus_blur,1,none
efficientnet_b4,ILSVRC2012_val_00030622.JPEG,n01644900,32,31,0.30428505,0,imagenet_c,defocus_blur,1,none
efficientnet_b4,ILSVRC2012_val_00032415.JPEG,n01644900,32,31,0.24256094,0,imagenet_c,defocus_blur,1,none
efficientnet_b4,ILSVRC2012_val_00032966.JPEG,n01644900,32,32,0.45703995,1,imagenet_c,defocus_blur,1,none
efficientnet_b4,ILSVRC2012_val_00033769.JPEG,n01644900,32,988,0.13714336,0,imagenet_c,defocus_blur,1,none
efficientnet_b4,ILSVRC2012_val_00035658.JPEG,n01644900,32,128,0.016262833,0,imagenet_c,defocus_blur,1,none
efficientnet_b4,ILSVRC2012_val_00036722.JPEG,n01644900,32,32,0.50726795,1,imagenet_c,defocus_blur,1,none
efficientnet_b4,ILSVRC2012_val_00036942.JPEG,n01644900,32,32,0.73069876,1,imagenet_c,defocus_blur,1,none
efficientnet_b4,ILSVRC2012_val_00038446.JPEG,n01644900,32,32,0.2764042,1,imagenet_c,defocus_blur,1,none
efficientnet_b4,ILSVRC2012_val_00039478.JPEG,n01644900,32,32,0.51719886,1,imagenet_c,defocus_blur,1,none
efficientnet_b4,ILSVRC2012_val_00039996.JPEG,n01644900,32,30,0.34649527,0,imagenet_c,defocus_blur,1,none
efficientnet_b4,ILSVRC2012_val_00040420.JPEG,n01644900,32,32,0.21941024,1,imagenet_c,defocus_blur,1,none
efficientnet_b4,ILSVRC2012_val_00041919.JPEG,n01644900,32,32,0.32456148,1,imagenet_c,defocus_blur,1,none
efficientnet_b4,ILSVRC2012_val_00043524.JPEG,n01644900,32,32,0.5353316,1,imagenet_c,defocus_blur,1,none
efficientnet_b4,ILSVRC2012_val_00044262.JPEG,n01644900,32,26,0.2299768,0,imagenet_c,defocus_blur,1,none
efficientnet_b4,ILSVRC2012_val_00044288.JPEG,n01644900,32,31,0.3695865,0,imagenet_c,defocus_blur,1,none
efficientnet_b4,ILSVRC2012_val_00044993.JPEG,n01644900,32,20,0.047366805,0,imagenet_c,defocus_blur,1,none
efficientnet_b4,ILSVRC2012_val_00047623.JPEG,n01644900,32,32,0.52089155,1,imagenet_c,defocus_blur,1,none
efficientnet_b4,ILSVRC2012_val_00047716.JPEG,n01644900,32,103,0.10954011,0,imagenet_c,defocus_blur,1,none
efficientnet_b4,ILSVRC2012_val_00049287.JPEG,n01644900,32,34,0.1900269,0,imagenet_c,defocus_blur,1,none
efficientnet_b4,ILSVRC2012_val_00049316.JPEG,n01644900,32,992,0.08993097,0,imagenet_c,defocus_blur,1,none
efficientnet_b4,ILSVRC2012_val_00000404.JPEG,n01664065,33,33,0.5664915,1,imagenet_c,defocus_blur,1,none
efficientnet_b4,ILSVRC2012_val_00000958.JPEG,n01664065,33,33,0.44983405,1,imagenet_c,defocus_blur,1,none
efficientnet_b4,ILSVRC2012_val_00001557.JPEG,n01664065,33,36,0.1725678,0,imagenet_c,defocus_blur,1,none
efficientnet_b4,ILSVRC2012_val_00002817.JPEG,n01664065,33,33,0.633822,1,imagenet_c,defocus_blur,1,none
efficientnet_b4,ILSVRC2012_val_00002932.JPEG,n01664065,33,33,0.63128185,1,imagenet_c,defocus_blur,1,none
efficientnet_b4,ILSVRC2012_val_00003746.JPEG,n01664065,33,33,0.08644785,1,imagenet_c,defocus_blur,1,none
efficientnet_b4,ILSVRC2012_val_00011444.JPEG,n01664065,33,33,0.6011821,1,imagenet_c,defocus_blur,1,none
efficientnet_b4,ILSVRC2012_val_00014316.JPEG,n01664065,33,33,0.2519406,1,imagenet_c,defocus_blur,1,none
efficientnet_b4,ILSVRC2012_val_00014352.JPEG,n01664065,33,126,0.15573901,0,imagenet_c,defocus_blur,1,none
efficientnet_b4,ILSVRC2012_val_00014585.JPEG,n01664065,33,33,0.20172736,1,imagenet_c,defocus_blur,1,none
efficientnet_b4,ILSVRC2012_val_00015924.JPEG,n01664065,33,33,0.48879883,1,imagenet_c,defocus_blur,1,none
efficientnet_b4,ILSVRC2012_val_00019100.JPEG,n01664065,33,33,0.5795413,1,imagenet_c,defocus_blur,1,none
efficientnet_b4,ILSVRC2012_val_00019399.JPEG,n01664065,33,33,0.46963283,1,imagenet_c,defocus_blur,1,none
efficientnet_b4,ILSVRC2012_val_00020141.JPEG,n01664065,33,33,0.5560892,1,imagenet_c,defocus_blur,1,none
efficientnet_b4,ILSVRC2012_val_00020994.JPEG,n01664065,33,33,0.70155364,1,imagenet_c,defocus_blur,1,none
efficientnet_b4,ILSVRC2012_val_00021983.JPEG,n01664065,33,33,0.64473766,1,imagenet_c,defocus_blur,1,none
efficientnet_b4,ILSVRC2012_val_00022469.JPEG,n01664065,33,33,0.2927938,1,imagenet_c,defocus_blur,1,none
efficientnet_b4,ILSVRC2012_val_00022525.JPEG,n01664065,33,33,0.5382709,1,imagenet_c,defocus_blur,1,none
efficientnet_b4,ILSVRC2012_val_00022842.JPEG,n01664065,33,983,0.31312978,0,imagenet_c,defocus_blur,1,none
efficientnet_b4,ILSVRC2012_val_00024221.JPEG,n01664065,33,33,0.3936879,1,imagenet_c,defocus_blur,1,none
efficientnet_b4,ILSVRC2012_val_00026634.JPEG,n01664065,33,33,0.6586029,1,imagenet_c,defocus_blur,1,none
efficientnet_b4,ILSVRC2012_val_00027724.JPEG,n01664065,33,146,0.06837918,0,imagenet_c,defocus_blur,1,none
efficientnet_b4,ILSVRC2012_val_00028760.JPEG,n01664065,33,33,0.58506685,1,imagenet_c,defocus_blur,1,none
efficientnet_b4,ILSVRC2012_val_00030736.JPEG,n01664065,33,33,0.18356793,1,imagenet_c,defocus_blur,1,none
efficientnet_b4,ILSVRC2012_val_00031389.JPEG,n01664065,33,33,0.20784084,1,imagenet_c,defocus_blur,1,none
efficientnet_b4,ILSVRC2012_val_00031829.JPEG,n01664065,33,34,0.16913407,0,imagenet_c,defocus_blur,1,none
efficientnet_b4,ILSVRC2012_val_00033442.JPEG,n01664065,33,148,0.12410479,0,imagenet_c,defocus_blur,1,none
efficientnet_b4,ILSVRC2012_val_00033445.JPEG,n01664065,33,33,0.26782206,1,imagenet_c,defocus_blur,1,none
efficientnet_b4,ILSVRC2012_val_00034795.JPEG,n01664065,33,33,0.52302265,1,imagenet_c,defocus_blur,1,none
efficientnet_b4,ILSVRC2012_val_00035664.JPEG,n01664065,33,33,0.32790375,1,imagenet_c,defocus_blur,1,none
efficientnet_b4,ILSVRC2012_val_00036202.JPEG,n01664065,33,33,0.42554384,1,imagenet_c,defocus_blur,1,none
efficientnet_b4,ILSVRC2012_val_00036650.JPEG,n01664065,33,149,0.2177007,0,imagenet_c,defocus_blur,1,none
efficientnet_b4,ILSVRC2012_val_00037653.JPEG,n01664065,33,33,0.4345766,1,imagenet_c,defocus_blur,1,none
efficientnet_b4,ILSVRC2012_val_00038878.JPEG,n01664065,33,33,0.6046787,1,imagenet_c,defocus_blur,1,none
efficientnet_b4,ILSVRC2012_val_00041641.JPEG,n01664065,33,33,0.57413083,1,imagenet_c,defocus_blur,1,none
efficientnet_b4,ILSVRC2012_val_00041713.JPEG,n01664065,33,973,0.24474673,0,imagenet_c,defocus_blur,1,none
efficientnet_b4,ILSVRC2012_val_00042073.JPEG,n01664065,33,33,0.4691486,1,imagenet_c,defocus_blur,1,none
efficientnet_b4,ILSVRC2012_val_00042216.JPEG,n01664065,33,33,0.7780337,1,imagenet_c,defocus_blur,1,none
efficientnet_b4,ILSVRC2012_val_00043118.JPEG,n01664065,33,34,0.294044,0,imagenet_c,defocus_blur,1,none
efficientnet_b4,ILSVRC2012_val_00043247.JPEG,n01664065,33,6,0.2798649,0,imagenet_c,defocus_blur,1,none
efficientnet_b4,ILSVRC2012_val_00043692.JPEG,n01664065,33,164,0.06507165,0,imagenet_c,defocus_blur,1,none
efficientnet_b4,ILSVRC2012_val_00046069.JPEG,n01664065,33,33,0.56130254,1,imagenet_c,defocus_blur,1,none
efficientnet_b4,ILSVRC2012_val_00046095.JPEG,n01664065,33,360,0.072091356,0,imagenet_c,defocus_blur,1,none
efficientnet_b4,ILSVRC2012_val_00046105.JPEG,n01664065,33,983,0.2963203,0,imagenet_c,defocus_blur,1,none
efficientnet_b4,ILSVRC2012_val_00047105.JPEG,n01664065,33,33,0.63173866,1,imagenet_c,defocus_blur,1,none
efficientnet_b4,ILSVRC2012_val_00047425.JPEG,n01664065,33,33,0.2802163,1,imagenet_c,defocus_blur,1,none
efficientnet_b4,ILSVRC2012_val_00048221.JPEG,n01664065,33,33,0.45293814,1,imagenet_c,defocus_blur,1,none
efficientnet_b4,ILSVRC2012_val_00048247.JPEG,n01664065,33,33,0.6755135,1,imagenet_c,defocus_blur,1,none
efficientnet_b4,ILSVRC2012_val_00048257.JPEG,n01664065,33,642,0.16230173,0,imagenet_c,defocus_blur,1,none
efficientnet_b4,ILSVRC2012_val_00049773.JPEG,n01664065,33,33,0.49044693,1,imagenet_c,defocus_blur,1,none
efficientnet_b4,ILSVRC2012_val_00000791.JPEG,n01665541,34,42,0.07906904,0,imagenet_c,defocus_blur,1,none
efficientnet_b4,ILSVRC2012_val_00000930.JPEG,n01665541,34,34,0.49652335,1,imagenet_c,defocus_blur,1,none
efficientnet_b4,ILSVRC2012_val_00000938.JPEG,n01665541,34,363,0.09211482,0,imagenet_c,defocus_blur,1,none
efficientnet_b4,ILSVRC2012_val_00002163.JPEG,n01665541,34,34,0.62624794,1,imagenet_c,defocus_blur,1,none
efficientnet_b4,ILSVRC2012_val_00002709.JPEG,n01665541,34,34,0.6970135,1,imagenet_c,defocus_blur,1,none
efficientnet_b4,ILSVRC2012_val_00003287.JPEG,n01665541,34,33,0.42630282,0,imagenet_c,defocus_blur,1,none
efficientnet_b4,ILSVRC2012_val_00004221.JPEG,n01665541,34,34,0.6587047,1,imagenet_c,defocus_blur,1,none
efficientnet_b4,ILSVRC2012_val_00005919.JPEG,n01665541,34,34,0.5287394,1,imagenet_c,defocus_blur,1,none
efficientnet_b4,ILSVRC2012_val_00006305.JPEG,n01665541,34,34,0.53591466,1,imagenet_c,defocus_blur,1,none
efficientnet_b4,ILSVRC2012_val_00007044.JPEG,n01665541,34,34,0.19323833,1,imagenet_c,defocus_blur,1,none
efficientnet_b4,ILSVRC2012_val_00009639.JPEG,n01665541,34,830,0.68738246,0,imagenet_c,defocus_blur,1,none
efficientnet_b4,ILSVRC2012_val_00009889.JPEG,n01665541,34,34,0.6856341,1,imagenet_c,defocus_blur,1,none
efficientnet_b4,ILSVRC2012_val_00010669.JPEG,n01665541,34,34,0.61925846,1,imagenet_c,defocus_blur,1,none
efficientnet_b4,ILSVRC2012_val_00010843.JPEG,n01665541,34,4,0.38120797,0,imagenet_c,defocus_blur,1,none
efficientnet_b4,ILSVRC2012_val_00011996.JPEG,n01665541,34,34,0.13260525,1,imagenet_c,defocus_blur,1,none
efficientnet_b4,ILSVRC2012_val_00012746.JPEG,n01665541,34,34,0.6608474,1,imagenet_c,defocus_blur,1,none
efficientnet_b4,ILSVRC2012_val_00015059.JPEG,n01665541,34,34,0.53552943,1,imagenet_c,defocus_blur,1,none
efficientnet_b4,ILSVRC2012_val_00015568.JPEG,n01665541,34,5,0.07798984,0,imagenet_c,defocus_blur,1,none
efficientnet_b4,ILSVRC2012_val_00015902.JPEG,n01665541,34,34,0.26543316,1,imagenet_c,defocus_blur,1,none
efficientnet_b4,ILSVRC2012_val_00016700.JPEG,n01665541,34,34,0.623075,1,imagenet_c,defocus_blur,1,none
efficientnet_b4,ILSVRC2012_val_00016779.JPEG,n01665541,34,34,0.23291022,1,imagenet_c,defocus_blur,1,none
efficientnet_b4,ILSVRC2012_val_00020907.JPEG,n01665541,34,34,0.70965177,1,imagenet_c,defocus_blur,1,none
efficientnet_b4,ILSVRC2012_val_00022308.JPEG,n01665541,34,5,0.07139353,0,imagenet_c,defocus_blur,1,none
efficientnet_b4,ILSVRC2012_val_00022588.JPEG,n01665541,34,980,0.11706692,0,imagenet_c,defocus_blur,1,none
efficientnet_b4,ILSVRC2012_val_00023654.JPEG,n01665541,34,34,0.39224175,1,imagenet_c,defocus_blur,1,none
efficientnet_b4,ILSVRC2012_val_00024494.JPEG,n01665541,34,49,0.058348138,0,imagenet_c,defocus_blur,1,none
efficientnet_b4,ILSVRC2012_val_00025268.JPEG,n01665541,34,33,0.12531632,0,imagenet_c,defocus_blur,1,none
efficientnet_b4,ILSVRC2012_val_00025441.JPEG,n01665541,34,34,0.68237054,1,imagenet_c,defocus_blur,1,none
efficientnet_b4,ILSVRC2012_val_00026049.JPEG,n01665541,34,34,0.71536124,1,imagenet_c,defocus_blur,1,none
efficientnet_b4,ILSVRC2012_val_00026399.JPEG,n01665541,34,34,0.64017045,1,imagenet_c,defocus_blur,1,none
efficientnet_b4,ILSVRC2012_val_00029324.JPEG,n01665541,34,978,0.1973363,0,imagenet_c,defocus_blur,1,none
efficientnet_b4,ILSVRC2012_val_00030406.JPEG,n01665541,34,34,0.26957682,1,imagenet_c,defocus_blur,1,none
efficientnet_b4,ILSVRC2012_val_00031179.JPEG,n01665541,34,34,0.5647514,1,imagenet_c,defocus_blur,1,none
efficientnet_b4,ILSVRC2012_val_00031275.JPEG,n01665541,34,34,0.09176019,1,imagenet_c,defocus_blur,1,none
efficientnet_b4,ILSVRC2012_val_00034960.JPEG,n01665541,34,34,0.35767522,1,imagenet_c,defocus_blur,1,none
efficientnet_b4,ILSVRC2012_val_00035905.JPEG,n01665541,34,34,0.4417364,1,imagenet_c,defocus_blur,1,none
efficientnet_b4,ILSVRC2012_val_00036195.JPEG,n01665541,34,34,0.63559526,1,imagenet_c,defocus_blur,1,none
efficientnet_b4,ILSVRC2012_val_00038140.JPEG,n01665541,34,36,0.27339417,0,imagenet_c,defocus_blur,1,none
efficientnet_b4,ILSVRC2012_val_00038549.JPEG,n01665541,34,868,0.14761996,0,imagenet_c,defocus_blur,1,none
efficientnet_b4,ILSVRC2012_val_00042049.JPEG,n01665541,34,36,0.19644524,0,imagenet_c,defocus_blur,1,none
efficientnet_b4,ILSVRC2012_val_00042328.JPEG,n01665541,34,34,0.08042024,1,imagenet_c,defocus_blur,1,none
efficientnet_b4,ILSVRC2012_val_00042894.JPEG,n01665541,34,34,0.53448766,1,imagenet_c,defocus_blur,1,none
efficientnet_b4,ILSVRC2012_val_00043480.JPEG,n01665541,34,34,0.61222976,1,imagenet_c,defocus_blur,1,none
efficientnet_b4,ILSVRC2012_val_00043504.JPEG,n01665541,34,34,0.529133,1,imagenet_c,defocus_blur,1,none
efficientnet_b4,ILSVRC2012_val_00043797.JPEG,n01665541,34,147,0.17882904,0,imagenet_c,defocus_blur,1,none
efficientnet_b4,ILSVRC2012_val_00044755.JPEG,n01665541,34,34,0.6112362,1,imagenet_c,defocus_blur,1,none
efficientnet_b4,ILSVRC2012_val_00047546.JPEG,n01665541,34,206,0.07535624,0,imagenet_c,defocus_blur,1,none
efficientnet_b4,ILSVRC2012_val_00047746.JPEG,n01665541,34,34,0.6509801,1,imagenet_c,defocus_blur,1,none
efficientnet_b4,ILSVRC2012_val_00047832.JPEG,n01665541,34,179,0.064117506,0,imagenet_c,defocus_blur,1,none
efficientnet_b4,ILSVRC2012_val_00048011.JPEG,n01665541,34,34,0.5864161,1,imagenet_c,defocus_blur,1,none
efficientnet_b4,ILSVRC2012_val_00000229.JPEG,n01667114,35,36,0.22729693,0,imagenet_c,defocus_blur,1,none
efficientnet_b4,ILSVRC2012_val_00001636.JPEG,n01667114,35,81,0.15663807,0,imagenet_c,defocus_blur,1,none
efficientnet_b4,ILSVRC2012_val_00004019.JPEG,n01667114,35,35,0.35604075,1,imagenet_c,defocus_blur,1,none
efficientnet_b4,ILSVRC2012_val_00004897.JPEG,n01667114,35,37,0.3327708,0,imagenet_c,defocus_blur,1,none
efficientnet_b4,ILSVRC2012_val_00004898.JPEG,n01667114,35,35,0.53049326,1,imagenet_c,defocus_blur,1,none
efficientnet_b4,ILSVRC2012_val_00005612.JPEG,n01667114,35,35,0.56118536,1,imagenet_c,defocus_blur,1,none
efficientnet_b4,ILSVRC2012_val_00009231.JPEG,n01667114,35,35,0.30948114,1,imagenet_c,defocus_blur,1,none
efficientnet_b4,ILSVRC2012_val_00010528.JPEG,n01667114,35,36,0.36567733,0,imagenet_c,defocus_blur,1,none
efficientnet_b4,ILSVRC2012_val_00012732.JPEG,n01667114,35,35,0.62250894,1,imagenet_c,defocus_blur,1,none
efficientnet_b4,ILSVRC2012_val_00013299.JPEG,n01667114,35,36,0.37135607,0,imagenet_c,defocus_blur,1,none
efficientnet_b4,ILSVRC2012_val_00013394.JPEG,n01667114,35,35,0.5620362,1,imagenet_c,defocus_blur,1,none
efficientnet_b4,ILSVRC2012_val_00015468.JPEG,n01667114,35,34,0.15117683,0,imagenet_c,defocus_blur,1,none
efficientnet_b4,ILSVRC2012_val_00016550.JPEG,n01667114,35,36,0.23587267,0,imagenet_c,defocus_blur,1,none
efficientnet_b4,ILSVRC2012_val_00016633.JPEG,n01667114,35,37,0.42196134,0,imagenet_c,defocus_blur,1,none
efficientnet_b4,ILSVRC2012_val_00019547.JPEG,n01667114,35,35,0.24171458,1,imagenet_c,defocus_blur,1,none
efficientnet_b4,ILSVRC2012_val_00019560.JPEG,n01667114,35,925,0.04159625,0,imagenet_c,defocus_blur,1,none
efficientnet_b4,ILSVRC2012_val_00022329.JPEG,n01667114,35,35,0.38121817,1,imagenet_c,defocus_blur,1,none
efficientnet_b4,ILSVRC2012_val_00022710.JPEG,n01667114,35,48,0.20862283,0,imagenet_c,defocus_blur,1,none
efficientnet_b4,ILSVRC2012_val_00022841.JPEG,n01667114,35,102,0.028042778,0,imagenet_c,defocus_blur,1,none
efficientnet_b4,ILSVRC2012_val_00023686.JPEG,n01667114,35,37,0.51857066,0,imagenet_c,defocus_blur,1,none
efficientnet_b4,ILSVRC2012_val_00023703.JPEG,n01667114,35,35,0.49939463,1,imagenet_c,defocus_blur,1,none
efficientnet_b4,ILSVRC2012_val_00024666.JPEG,n01667114,35,37,0.3354011,0,imagenet_c,defocus_blur,1,none
efficientnet_b4,ILSVRC2012_val_00025567.JPEG,n01667114,35,35,0.22320917,1,imagenet_c,defocus_blur,1,none
efficientnet_b4,ILSVRC2012_val_00026202.JPEG,n01667114,35,35,0.47991428,1,imagenet_c,defocus_blur,1,none
efficientnet_b4,ILSVRC2012_val_00026446.JPEG,n01667114,35,35,0.6287411,1,imagenet_c,defocus_blur,1,none
efficientnet_b4,ILSVRC2012_val_00027074.JPEG,n01667114,35,36,0.2800206,0,imagenet_c,defocus_blur,1,none
efficientnet_b4,ILSVRC2012_val_00027163.JPEG,n01667114,35,35,0.38984218,1,imagenet_c,defocus_blur,1,none
efficientnet_b4,ILSVRC2012_val_00027877.JPEG,n01667114,35,36,0.21905348,0,imagenet_c,defocus_blur,1,none
efficientnet_b4,ILSVRC2012_val_00029726.JPEG,n01667114,35,35,0.23603249,1,imagenet_c,defocus_blur,1,none
efficientnet_b4,ILSVRC2012_val_00030163.JPEG,n01667114,35,129,0.08719674,0,imagenet_c,defocus_blur,1,none
efficientnet_b4,ILSVRC2012_val_00030964.JPEG,n01667114,35,35,0.31154215,1,imagenet_c,defocus_blur,1,none
efficientnet_b4,ILSVRC2012_val_00031541.JPEG,n01667114,35,35,0.3404602,1,imagenet_c,defocus_blur,1,none
efficientnet_b4,ILSVRC2012_val_00032700.JPEG,n01667114,35,35,0.58188874,1,imagenet_c,defocus_blur,1,none
efficientnet_b4,ILSVRC2012_val_00034840.JPEG,n01667114,35,35,0.26920986,1,imagenet_c,defocus_blur,1,none
efficientnet_b4,ILSVRC2012_val_00036271.JPEG,n01667114,35,35,0.6412998,1,imagenet_c,defocus_blur,1,none
efficientnet_b4,ILSVRC2012_val_00036345.JPEG,n01667114,35,202,0.07094445,0,imagenet_c,defocus_blur,1,none
efficientnet_b4,ILSVRC2012_val_00036815.JPEG,n01667114,35,33,0.1690481,0,imagenet_c,defocus_blur,1,none
efficientnet_b4,ILSVRC2012_val_00036963.JPEG,n01667114,35,35,0.6219246,1,imagenet_c,defocus_blur,1,none
efficientnet_b4,ILSVRC2012_val_00038085.JPEG,n01667114,35,305,0.05289855,0,imagenet_c,defocus_blur,1,none
efficientnet_b4,ILSVRC2012_val_00038527.JPEG,n01667114,35,36,0.30310822,0,imagenet_c,defocus_blur,1,none
efficientnet_b4,ILSVRC2012_val_00039441.JPEG,n01667114,35,35,0.56989837,1,imagenet_c,defocus_blur,1,none
efficientnet_b4,ILSVRC2012_val_00039536.JPEG,n01667114,35,36,0.41322368,0,imagenet_c,defocus_blur,1,none
efficientnet_b4,ILSVRC2012_val_00041017.JPEG,n01667114,35,35,0.46771955,1,imagenet_c,defocus_blur,1,none
efficientnet_b4,ILSVRC2012_val_00044341.JPEG,n01667114,35,36,0.35491982,0,imagenet_c,defocus_blur,1,none
efficientnet_b4,ILSVRC2012_val_00046053.JPEG,n01667114,35,975,0.16370533,0,imagenet_c,defocus_blur,1,none
efficientnet_b4,ILSVRC2012_val_00046803.JPEG,n01667114,35,35,0.1316446,1,imagenet_c,defocus_blur,1,none
efficientnet_b4,ILSVRC2012_val_00048991.JPEG,n01667114,35,35,0.35913286,1,imagenet_c,defocus_blur,1,none
efficientnet_b4,ILSVRC2012_val_00049260.JPEG,n01667114,35,975,0.062492147,0,imagenet_c,defocus_blur,1,none
efficientnet_b4,ILSVRC2012_val_00049646.JPEG,n01667114,35,35,0.52979743,1,imagenet_c,defocus_blur,1,none
efficientnet_b4,ILSVRC2012_val_00049703.JPEG,n01667114,35,20,0.052797124,0,imagenet_c,defocus_blur,1,none
efficientnet_b4,ILSVRC2012_val_00002832.JPEG,n01667778,36,35,0.4083593,0,imagenet_c,defocus_blur,1,none
efficientnet_b4,ILSVRC2012_val_00005799.JPEG,n01667778,36,35,0.3572829,0,imagenet_c,defocus_blur,1,none
efficientnet_b4,ILSVRC2012_val_00006634.JPEG,n01667778,36,37,0.22805308,0,imagenet_c,defocus_blur,1,none
efficientnet_b4,ILSVRC2012_val_00008327.JPEG,n01667778,36,37,0.41070575,0,imagenet_c,defocus_blur,1,none
efficientnet_b4,ILSVRC2012_val_00008333.JPEG,n01667778,36,36,0.63018596,1,imagenet_c,defocus_blur,1,none
efficientnet_b4,ILSVRC2012_val_00008902.JPEG,n01667778,36,36,0.11913465,1,imagenet_c,defocus_blur,1,none
efficientnet_b4,ILSVRC2012_val_00008921.JPEG,n01667778,36,36,0.23153266,1,imagenet_c,defocus_blur,1,none
efficientnet_b4,ILSVRC2012_val_00009484.JPEG,n01667778,36,35,0.33313072,0,imagenet_c,defocus_blur,1,none
efficientnet_b4,ILSVRC2012_val_00009508.JPEG,n01667778,36,37,0.34779748,0,imagenet_c,defocus_blur,1,none
efficientnet_b4,ILSVRC2012_val_00009819.JPEG,n01667778,36,36,0.2973767,1,imagenet_c,defocus_blur,1,none
efficientnet_b4,ILSVRC2012_val_00010792.JPEG,n01667778,36,35,0.30273348,0,imagenet_c,defocus_blur,1,none
efficientnet_b4,ILSVRC2012_val_00010915.JPEG,n01667778,36,102,0.13463266,0,imagenet_c,defocus_blur,1,none
efficientnet_b4,ILSVRC2012_val_00011150.JPEG,n01667778,36,36,0.69895744,1,imagenet_c,defocus_blur,1,none
efficientnet_b4,ILSVRC2012_val_00011766.JPEG,n01667778,36,35,0.4110761,0,imagenet_c,defocus_blur,1,none
efficientnet_b4,ILSVRC2012_val_00013301.JPEG,n01667778,36,37,0.38581944,0,imagenet_c,defocus_blur,1,none
efficientnet_b4,ILSVRC2012_val_00013675.JPEG,n01667778,36,36,0.59271544,1,imagenet_c,defocus_blur,1,none
efficientnet_b4,ILSVRC2012_val_00013738.JPEG,n01667778,36,36,0.6728552,1,imagenet_c,defocus_blur,1,none
efficientnet_b4,ILSVRC2012_val_00014106.JPEG,n01667778,36,36,0.30617896,1,imagenet_c,defocus_blur,1,none
efficientnet_b4,ILSVRC2012_val_00015193.JPEG,n01667778,36,36,0.5950472,1,imagenet_c,defocus_blur,1,none
efficientnet_b4,ILSVRC2012_val_00015475.JPEG,n01667778,36,36,0.2727648,1,imagenet_c,defocus_blur,1,none
efficientnet_b4,ILSVRC2012_val_00017243.JPEG,n01667778,36,36,0.32988933,1,imagenet_c,defocus_blur,1,none
efficientnet_b4,ILSVRC2012_val_00021291.JPEG,n01667778,36,35,0.15340231,0,imagenet_c,defocus_blur,1,none
efficientnet_b4,ILSVRC2012_val_00021982.JPEG,n01667778,36,36,0.38563326,1,imagenet_c,defocus_blur,1,none
efficientnet_b4,ILSVRC2012_val_00022198.JPEG,n01667778,36,35,0.46955213,0,imagenet_c,defocus_blur,1,none
efficientnet_b4,ILSVRC2012_val_00022350.JPEG,n01667778,36,103,0.2807303,0,imagenet_c,defocus_blur,1,none
efficientnet_b4,ILSVRC2012_val_00024736.JPEG,n01667778,36,36,0.29579675,1,imagenet_c,defocus_blur,1,none
efficientnet_b4,ILSVRC2012_val_00025611.JPEG,n01667778,36,35,0.24135503,0,imagenet_c,defocus_blur,1,none
efficientnet_b4,ILSVRC2012_val_00027859.JPEG,n01667778,36,34,0.22418115,0,imagenet_c,defocus_blur,1,none
efficientnet_b4,ILSVRC2012_val_00028599.JPEG,n01667778,36,35,0.52807564,0,imagenet_c,defocus_blur,1,none
efficientnet_b4,ILSVRC2012_val_00029806.JPEG,n01667778,36,36,0.49032077,1,imagenet_c,defocus_blur,1,none
efficientnet_b4,ILSVRC2012_val_00031674.JPEG,n01667778,36,36,0.3628914,1,imagenet_c,defocus_blur,1,none
efficientnet_b4,ILSVRC2012_val_00031774.JPEG,n01667778,36,36,0.53415674,1,imagenet_c,defocus_blur,1,none
efficientnet_b4,ILSVRC2012_val_00031793.JPEG,n01667778,36,37,0.3683457,0,imagenet_c,defocus_blur,1,none
efficientnet_b4,ILSVRC2012_val_00031815.JPEG,n01667778,36,35,0.29354182,0,imagenet_c,defocus_blur,1,none
efficientnet_b4,ILSVRC2012_val_00032135.JPEG,n01667778,36,36,0.47732425,1,imagenet_c,defocus_blur,1,none
efficientnet_b4,ILSVRC2012_val_00032405.JPEG,n01667778,36,305,0.05007178,0,imagenet_c,defocus_blur,1,none
efficientnet_b4,ILSVRC2012_val_00032805.JPEG,n01667778,36,36,0.2765367,1,imagenet_c,defocus_blur,1,none
efficientnet_b4,ILSVRC2012_val_00034728.JPEG,n01667778,36,36,0.5313732,1,imagenet_c,defocus_blur,1,none
efficientnet_b4,ILSVRC2012_val_00034770.JPEG,n01667778,36,36,0.16568485,1,imagenet_c,defocus_blur,1,none
efficientnet_b4,ILSVRC2012_val_00037154.JPEG,n01667778,36,35,0.22120403,0,imagenet_c,defocus_blur,1,none
efficientnet_b4,ILSVRC2012_val_00038628.JPEG,n01667778,36,35,0.44321817,0,imagenet_c,defocus_blur,1,none
efficientnet_b4,ILSVRC2012_val_00039024.JPEG,n01667778,36,35,0.68627024,0,imagenet_c,defocus_blur,1,none
efficientnet_b4,ILSVRC2012_val_00040231.JPEG,n01667778,36,36,0.45199257,1,imagenet_c,defocus_blur,1,none
efficientnet_b4,ILSVRC2012_val_00040301.JPEG,n01667778,36,36,0.46748778,1,imagenet_c,defocus_blur,1,none
efficientnet_b4,ILSVRC2012_val_00040314.JPEG,n01667778,36,36,0.58491194,1,imagenet_c,defocus_blur,1,none
efficientnet_b4,ILSVRC2012_val_00040776.JPEG,n01667778,36,36,0.52778435,1,imagenet_c,defocus_blur,1,none
efficientnet_b4,ILSVRC2012_val_00040787.JPEG,n01667778,36,36,0.5033877,1,imagenet_c,defocus_blur,1,none
efficientnet_b4,ILSVRC2012_val_00042023.JPEG,n01667778,36,36,0.35352248,1,imagenet_c,defocus_blur,1,none
efficientnet_b4,ILSVRC2012_val_00042664.JPEG,n01667778,36,36,0.32790518,1,imagenet_c,defocus_blur,1,none
efficientnet_b4,ILSVRC2012_val_00046149.JPEG,n01667778,36,36,0.5585982,1,imagenet_c,defocus_blur,1,none
efficientnet_b4,ILSVRC2012_val_00000362.JPEG,n01669191,37,37,0.2814013,1,imagenet_c,defocus_blur,1,none
efficientnet_b4,ILSVRC2012_val_00001649.JPEG,n01669191,37,37,0.25740063,1,imagenet_c,defocus_blur,1,none
efficientnet_b4,ILSVRC2012_val_00001662.JPEG,n01669191,37,37,0.4038546,1,imagenet_c,defocus_blur,1,none
efficientnet_b4,ILSVRC2012_val_00002232.JPEG,n01669191,37,37,0.4329446,1,imagenet_c,defocus_blur,1,none
efficientnet_b4,ILSVRC2012_val_00002355.JPEG,n01669191,37,37,0.28386503,1,imagenet_c,defocus_blur,1,none
efficientnet_b4,ILSVRC2012_val_00002512.JPEG,n01669191,37,36,0.34331268,0,imagenet_c,defocus_blur,1,none
efficientnet_b4,ILSVRC2012_val_00002514.JPEG,n01669191,37,37,0.46022543,1,imagenet_c,defocus_blur,1,none
efficientnet_b4,ILSVRC2012_val_00002783.JPEG,n01669191,37,36,0.43100184,0,imagenet_c,defocus_blur,1,none
efficientnet_b4,ILSVRC2012_val_00003160.JPEG,n01669191,37,994,0.068950824,0,imagenet_c,defocus_blur,1,none
efficientnet_b4,ILSVRC2012_val_00003273.JPEG,n01669191,37,37,0.34757778,1,imagenet_c,defocus_blur,1,none
efficientnet_b4,ILSVRC2012_val_00003356.JPEG,n01669191,37,37,0.31301185,1,imagenet_c,defocus_blur,1,none
efficientnet_b4,ILSVRC2012_val_00004781.JPEG,n01669191,37,37,0.33259922,1,imagenet_c,defocus_blur,1,none
efficientnet_b4,ILSVRC2012_val_00004834.JPEG,n01669191,37,37,0.32316145,1,imagenet_c,defocus_blur,1,none
efficientnet_b4,ILSVRC2012_val_00007230.JPEG,n01669191,37,37,0.3877453,1,imagenet_c,defocus_blur,1,none
efficientnet_b4,ILSVRC2012_val_00009376.JPEG,n01669191,37,37,0.36300442,1,imagenet_c,defocus_blur,1,none
efficientnet_b4,ILSVRC2012_val_00010145.JPEG,n01669191,37,37,0.40132502,1,imagenet_c,defocus_blur,1,none
efficientnet_b4,ILSVRC2012_val_00010386.JPEG,n01669191,37,37,0.40447417,1,imagenet_c,defocus_blur,1,none
efficientnet_b4,ILSVRC2012_val_00011530.JPEG,n01669191,37,37,0.4325776,1,imagenet_c,defocus_blur,1,none
efficientnet_b4,ILSVRC2012_val_00012087.JPEG,n01669191,37,37,0.47742796,1,imagenet_c,defocus_blur,1,none
efficientnet_b4,ILSVRC2012_val_00012829.JPEG,n01669191,37,37,0.48211107,1,imagenet_c,defocus_blur,1,none
efficientnet_b4,ILSVRC2012_val_00013672.JPEG,n01669191,37,37,0.35610342,1,imagenet_c,defocus_blur,1,none
efficientnet_b4,ILSVRC2012_val_00014752.JPEG,n01669191,37,36,0.5025854,0,imagenet_c,defocus_blur,1,none
efficientnet_b4,ILSVRC2012_val_00017222.JPEG,n01669191,37,37,0.2549007,1,imagenet_c,defocus_blur,1,none
efficientnet_b4,ILSVRC2012_val_00018362.JPEG,n01669191,37,36,0.35739094,0,imagenet_c,defocus_blur,1,none
efficientnet_b4,ILSVRC2012_val_00018414.JPEG,n01669191,37,37,0.4944577,1,imagenet_c,defocus_blur,1,none
efficientnet_b4,ILSVRC2012_val_00019068.JPEG,n01669191,37,37,0.5600134,1,imagenet_c,defocus_blur,1,none
efficientnet_b4,ILSVRC2012_val_00019282.JPEG,n01669191,37,37,0.44748828,1,imagenet_c,defocus_blur,1,none
efficientnet_b4,ILSVRC2012_val_00025824.JPEG,n01669191,37,37,0.32718137,1,imagenet_c,defocus_blur,1,none
efficientnet_b4,ILSVRC2012_val_00027858.JPEG,n01669191,37,37,0.46270743,1,imagenet_c,defocus_blur,1,none
efficientnet_b4,ILSVRC2012_val_00028162.JPEG,n01669191,37,37,0.22572415,1,imagenet_c,defocus_blur,1,none
efficientnet_b4,ILSVRC2012_val_00030343.JPEG,n01669191,37,37,0.45306772,1,imagenet_c,defocus_blur,1,none
efficientnet_b4,ILSVRC2012_val_00030593.JPEG,n01669191,37,37,0.26362452,1,imagenet_c,defocus_blur,1,none
efficientnet_b4,ILSVRC2012_val_00031467.JPEG,n01669191,37,36,0.21826285,0,imagenet_c,defocus_blur,1,none
efficientnet_b4,ILSVRC2012_val_00033723.JPEG,n01669191,37,35,0.1800868,0,imagenet_c,defocus_blur,1,none
efficientnet_b4,ILSVRC2012_val_00034674.JPEG,n01669191,37,37,0.6211322,1,imagenet_c,defocus_blur,1,none
efficientnet_b4,ILSVRC2012_val_00034794.JPEG,n01669191,37,37,0.3279927,1,imagenet_c,defocus_blur,1,none
efficientnet_b4,ILSVRC2012_val_00036944.JPEG,n01669191,37,37,0.49372274,1,imagenet_c,defocus_blur,1,none
efficientnet_b4,ILSVRC2012_val_00037560.JPEG,n01669191,37,37,0.5497832,1,imagenet_c,defocus_blur,1,none
efficientnet_b4,ILSVRC2012_val_00037739.JPEG,n01669191,37,37,0.511949,1,imagenet_c,defocus_blur,1,none
efficientnet_b4,ILSVRC2012_val_00037812.JPEG,n01669191,37,37,0.24113108,1,imagenet_c,defocus_blur,1,none
efficientnet_b4,ILSVRC2012_val_00037894.JPEG,n01669191,37,35,0.29325023,0,imagenet_c,defocus_blur,1,none
efficientnet_b4,ILSVRC2012_val_00038230.JPEG,n01669191,37,37,0.20151131,1,imagenet_c,defocus_blur,1,none
efficientnet_b4,ILSVRC2012_val_00040287.JPEG,n01669191,37,36,0.29532748,0,imagenet_c,defocus_blur,1,none
efficientnet_b4,ILSVRC2012_val_00040771.JPEG,n01669191,37,37,0.37099123,1,imagenet_c,defocus_blur,1,none
efficientnet_b4,ILSVRC2012_val_00043444.JPEG,n01669191,37,37,0.41257608,1,imagenet_c,defocus_blur,1,none
efficientnet_b4,ILSVRC2012_val_00045726.JPEG,n01669191,37,35,0.30022654,0,imagenet_c,defocus_blur,1,none
efficientnet_b4,ILSVRC2012_val_00046122.JPEG,n01669191,37,37,0.3270717,1,imagenet_c,defocus_blur,1,none
efficientnet_b4,ILSVRC2012_val_00047941.JPEG,n01669191,37,37,0.30946732,1,imagenet_c,defocus_blur,1,none
efficientnet_b4,ILSVRC2012_val_00048480.JPEG,n01669191,37,36,0.4411561,0,imagenet_c,defocus_blur,1,none
efficientnet_b4,ILSVRC2012_val_00049782.JPEG,n01669191,37,37,0.3277752,1,imagenet_c,defocus_blur,1,none
efficientnet_b4,ILSVRC2012_val_00003904.JPEG,n01675722,38,38,0.53841,1,imagenet_c,defocus_blur,1,none
efficientnet_b4,ILSVRC2012_val_00004638.JPEG,n01675722,38,38,0.3953554,1,imagenet_c,defocus_blur,1,none
efficientnet_b4,ILSVRC2012_val_00005244.JPEG,n01675722,38,38,0.26523083,1,imagenet_c,defocus_blur,1,none
efficientnet_b4,ILSVRC2012_val_00005416.JPEG,n01675722,38,38,0.6434997,1,imagenet_c,defocus_blur,1,none
efficientnet_b4,ILSVRC2012_val_00005647.JPEG,n01675722,38,38,0.72278607,1,imagenet_c,defocus_blur,1,none
efficientnet_b4,ILSVRC2012_val_00005708.JPEG,n01675722,38,38,0.3581255,1,imagenet_c,defocus_blur,1,none
efficientnet_b4,ILSVRC2012_val_00006853.JPEG,n01675722,38,38,0.14829692,1,imagenet_c,defocus_blur,1,none
efficientnet_b4,ILSVRC2012_val_00008226.JPEG,n01675722,38,38,0.6256609,1,imagenet_c,defocus_blur,1,none
efficientnet_b4,ILSVRC2012_val_00008509.JPEG,n01675722,38,38,0.6730149,1,imagenet_c,defocus_blur,1,none
efficientnet_b4,ILSVRC2012_val_00009966.JPEG,n01675722,38,38,0.54375064,1,imagenet_c,defocus_blur,1,none
efficientnet_b4,ILSVRC2012_val_00011120.JPEG,n01675722,38,43,0.12801765,0,imagenet_c,defocus_blur,1,none
efficientnet_b4,ILSVRC2012_val_00011294.JPEG,n01675722,38,38,0.32279578,1,imagenet_c,defocus_blur,1,none
efficientnet_b4,ILSVRC2012_val_00011339.JPEG,n01675722,38,38,0.71527517,1,imagenet_c,defocus_blur,1,none
efficientnet_b4,ILSVRC2012_val_00012267.JPEG,n01675722,38,38,0.6610679,1,imagenet_c,defocus_blur,1,none
efficientnet_b4,ILSVRC2012_val_00013269.JPEG,n01675722,38,38,0.19243227,1,imagenet_c,defocus_blur,1,none
efficientnet_b4,ILSVRC2012_val_00013582.JPEG,n01675722,38,102,0.04581773,0,imagenet_c,defocus_blur,1,none
efficientnet_b4,ILSVRC2012_val_00014468.JPEG,n01675722,38,38,0.48178887,1,imagenet_c,defocus_blur,1,none
efficientnet_b4,ILSVRC2012_val_00014790.JPEG,n01675722,38,38,0.60183245,1,imagenet_c,defocus_blur,1,none
efficientnet_b4,ILSVRC2012_val_00016807.JPEG,n01675722,38,38,0.2781444,1,imagenet_c,defocus_blur,1,none
efficientnet_b4,ILSVRC2012_val_00019007.JPEG,n01675722,38,38,0.6538662,1,imagenet_c,defocus_blur,1,none
efficientnet_b4,ILSVRC2012_val_00020453.JPEG,n01675722,38,38,0.41077283,1,imagenet_c,defocus_blur,1,none
efficientnet_b4,ILSVRC2012_val_00021055.JPEG,n01675722,38,38,0.7122593,1,imagenet_c,defocus_blur,1,none
efficientnet_b4,ILSVRC2012_val_00021683.JPEG,n01675722,38,38,0.5222071,1,imagenet_c,defocus_blur,1,none
efficientnet_b4,ILSVRC2012_val_00022309.JPEG,n01675722,38,38,0.54122895,1,imagenet_c,defocus_blur,1,none
efficientnet_b4,ILSVRC2012_val_00024545.JPEG,n01675722,38,38,0.60726887,1,imagenet_c,defocus_blur,1,none
efficientnet_b4,ILSVRC2012_val_00026661.JPEG,n01675722,38,38,0.6483739,1,imagenet_c,defocus_blur,1,none
efficientnet_b4,ILSVRC2012_val_00026793.JPEG,n01675722,38,63,0.2638359,0,imagenet_c,defocus_blur,1,none
efficientnet_b4,ILSVRC2012_val_00027776.JPEG,n01675722,38,363,0.1331115,0,imagenet_c,defocus_blur,1,none
efficientnet_b4,ILSVRC2012_val_00030721.JPEG,n01675722,38,38,0.6223731,1,imagenet_c,defocus_blur,1,none
efficientnet_b4,ILSVRC2012_val_00031103.JPEG,n01675722,38,38,0.6691069,1,imagenet_c,defocus_blur,1,none
efficientnet_b4,ILSVRC2012_val_00032254.JPEG,n01675722,38,76,0.19159691,0,imagenet_c,defocus_blur,1,none
efficientnet_b4,ILSVRC2012_val_00033640.JPEG,n01675722,38,38,0.641062,1,imagenet_c,defocus_blur,1,none
efficientnet_b4,ILSVRC2012_val_00033858.JPEG,n01675722,38,38,0.62570083,1,imagenet_c,defocus_blur,1,none
efficientnet_b4,ILSVRC2012_val_00036899.JPEG,n01675722,38,38,0.48655182,1,imagenet_c,defocus_blur,1,none
efficientnet_b4,ILSVRC2012_val_00037626.JPEG,n01675722,38,38,0.62408423,1,imagenet_c,defocus_blur,1,none
efficientnet_b4,ILSVRC2012_val_00037688.JPEG,n01675722,38,38,0.5385245,1,imagenet_c,defocus_blur,1,none
efficientnet_b4,ILSVRC2012_val_00038644.JPEG,n01675722,38,38,0.27201563,1,imagenet_c,defocus_blur,1,none
efficientnet_b4,ILSVRC2012_val_00039378.JPEG,n01675722,38,38,0.4754968,1,imagenet_c,defocus_blur,1,none
efficientnet_b4,ILSVRC2012_val_00039886.JPEG,n01675722,38,38,0.5973101,1,imagenet_c,defocus_blur,1,none
efficientnet_b4,ILSVRC2012_val_00040077.JPEG,n01675722,38,38,0.7286961,1,imagenet_c,defocus_blur,1,none
efficientnet_b4,ILSVRC2012_val_00040134.JPEG,n01675722,38,38,0.49436378,1,imagenet_c,defocus_blur,1,none
efficientnet_b4,ILSVRC2012_val_00042331.JPEG,n01675722,38,38,0.35770229,1,imagenet_c,defocus_blur,1,none
efficientnet_b4,ILSVRC2012_val_00044321.JPEG,n01675722,38,38,0.68847215,1,imagenet_c,defocus_blur,1,none
efficientnet_b4,ILSVRC2012_val_00044862.JPEG,n01675722,38,587,0.058890786,0,imagenet_c,defocus_blur,1,none
efficientnet_b4,ILSVRC2012_val_00045832.JPEG,n01675722,38,38,0.54650617,1,imagenet_c,defocus_blur,1,none
efficientnet_b4,ILSVRC2012_val_00045839.JPEG,n01675722,38,38,0.39979115,1,imagenet_c,defocus_blur,1,none
efficientnet_b4,ILSVRC2012_val_00046185.JPEG,n01675722,38,38,0.63171244,1,imagenet_c,defocus_blur,1,none
efficientnet_b4,ILSVRC2012_val_00047399.JPEG,n01675722,38,68,0.057948384,0,imagenet_c,defocus_blur,1,none
efficientnet_b4,ILSVRC2012_val_00048134.JPEG,n01675722,38,38,0.599437,1,imagenet_c,defocus_blur,1,none
efficientnet_b4,ILSVRC2012_val_00048909.JPEG,n01675722,38,38,0.64422053,1,imagenet_c,defocus_blur,1,none
efficientnet_b4,ILSVRC2012_val_00000153.JPEG,n01677366,39,39,0.6650934,1,imagenet_c,defocus_blur,1,none
efficientnet_b4,ILSVRC2012_val_00000471.JPEG,n01677366,39,39,0.72708607,1,imagenet_c,defocus_blur,1,none
efficientnet_b4,ILSVRC2012_val_00000523.JPEG,n01677366,39,39,0.685196,1,imagenet_c,defocus_blur,1,none
efficientnet_b4,ILSVRC2012_val_00001802.JPEG,n01677366,39,39,0.21578936,1,imagenet_c,defocus_blur,1,none
efficientnet_b4,ILSVRC2012_val_00001950.JPEG,n01677366,39,39,0.49384633,1,imagenet_c,defocus_blur,1,none
efficientnet_b4,ILSVRC2012_val_00003319.JPEG,n01677366,39,39,0.55537444,1,imagenet_c,defocus_blur,1,none
efficientnet_b4,ILSVRC2012_val_00004201.JPEG,n01677366,39,47,0.28556034,0,imagenet_c,defocus_blur,1,none
efficientnet_b4,ILSVRC2012_val_00004622.JPEG,n01677366,39,39,0.59489745,1,imagenet_c,defocus_blur,1,none
efficientnet_b4,ILSVRC2012_val_00005407.JPEG,n01677366,39,29,0.11286764,0,imagenet_c,defocus_blur,1,none
efficientnet_b4,ILSVRC2012_val_00006717.JPEG,n01677366,39,39,0.52346796,1,imagenet_c,defocus_blur,1,none
efficientnet_b4,ILSVRC2012_val_00007896.JPEG,n01677366,39,39,0.61335355,1,imagenet_c,defocus_blur,1,none
efficientnet_b4,ILSVRC2012_val_00009050.JPEG,n01677366,39,39,0.6252147,1,imagenet_c,defocus_blur,1,none
efficientnet_b4,ILSVRC2012_val_00010171.JPEG,n01677366,39,39,0.4430955,1,imagenet_c,defocus_blur,1,none
efficientnet_b4,ILSVRC2012_val_00011320.JPEG,n01677366,39,39,0.42536092,1,imagenet_c,defocus_blur,1,none
efficientnet_b4,ILSVRC2012_val_00011517.JPEG,n01677366,39,39,0.6018711,1,imagenet_c,defocus_blur,1,none
efficientnet_b4,ILSVRC2012_val_00012156.JPEG,n01677366,39,9,0.03267608,0,imagenet_c,defocus_blur,1,none
efficientnet_b4,ILSVRC2012_val_00014317.JPEG,n01677366,39,39,0.50015664,1,imagenet_c,defocus_blur,1,none
efficientnet_b4,ILSVRC2012_val_00016304.JPEG,n01677366,39,47,0.29144248,0,imagenet_c,defocus_blur,1,none
efficientnet_b4,ILSVRC2012_val_00017948.JPEG,n01677366,39,380,0.34874028,0,imagenet_c,defocus_blur,1,none
efficientnet_b4,ILSVRC2012_val_00018450.JPEG,n01677366,39,39,0.2891665,1,imagenet_c,defocus_blur,1,none
efficientnet_b4,ILSVRC2012_val_00018848.JPEG,n01677366,39,39,0.7716173,1,imagenet_c,defocus_blur,1,none
efficientnet_b4,ILSVRC2012_val_00022257.JPEG,n01677366,39,47,0.2678934,0,imagenet_c,defocus_blur,1,none
efficientnet_b4,ILSVRC2012_val_00023146.JPEG,n01677366,39,39,0.37532285,1,imagenet_c,defocus_blur,1,none
efficientnet_b4,ILSVRC2012_val_00023555.JPEG,n01677366,39,39,0.3187466,1,imagenet_c,defocus_blur,1,none
efficientnet_b4,ILSVRC2012_val_00024801.JPEG,n01677366,39,840,0.08800229,0,imagenet_c,defocus_blur,1,none
efficientnet_b4,ILSVRC2012_val_00026265.JPEG,n01677366,39,39,0.59661645,1,imagenet_c,defocus_blur,1,none
efficientnet_b4,ILSVRC2012_val_00027206.JPEG,n01677366,39,39,0.4582739,1,imagenet_c,defocus_blur,1,none
efficientnet_b4,ILSVRC2012_val_00027750.JPEG,n01677366,39,39,0.7050252,1,imagenet_c,defocus_blur,1,none
efficientnet_b4,ILSVRC2012_val_00028198.JPEG,n01677366,39,39,0.7355028,1,imagenet_c,defocus_blur,1,none
efficientnet_b4,ILSVRC2012_val_00028571.JPEG,n01677366,39,119,0.4984322,0,imagenet_c,defocus_blur,1,none
efficientnet_b4,ILSVRC2012_val_00028764.JPEG,n01677366,39,39,0.20907414,1,imagenet_c,defocus_blur,1,none
efficientnet_b4,ILSVRC2012_val_00028795.JPEG,n01677366,39,39,0.7538519,1,imagenet_c,defocus_blur,1,none
efficientnet_b4,ILSVRC2012_val_00031564.JPEG,n01677366,39,39,0.6854173,1,imagenet_c,defocus_blur,1,none
efficientnet_b4,ILSVRC2012_val_00032513.JPEG,n01677366,39,39,0.33545157,1,imagenet_c,defocus_blur,1,none
efficientnet_b4,ILSVRC2012_val_00033058.JPEG,n01677366,39,39,0.43727934,1,imagenet_c,defocus_blur,1,none
efficientnet_b4,ILSVRC2012_val_00033396.JPEG,n01677366,39,39,0.46916613,1,imagenet_c,defocus_blur,1,none
efficientnet_b4,ILSVRC2012_val_00033698.JPEG,n01677366,39,39,0.48658893,1,imagenet_c,defocus_blur,1,none
efficientnet_b4,ILSVRC2012_val_00033961.JPEG,n01677366,39,39,0.61464053,1,imagenet_c,defocus_blur,1,none
efficientnet_b4,ILSVRC2012_val_00035281.JPEG,n01677366,39,39,0.4876602,1,imagenet_c,defocus_blur,1,none
efficientnet_b4,ILSVRC2012_val_00040532.JPEG,n01677366,39,43,0.6901017,0,imagenet_c,defocus_blur,1,none
efficientnet_b4,ILSVRC2012_val_00041096.JPEG,n01677366,39,39,0.5300285,1,imagenet_c,defocus_blur,1,none
efficientnet_b4,ILSVRC2012_val_00041172.JPEG,n01677366,39,42,0.17820692,0,imagenet_c,defocus_blur,1,none
efficientnet_b4,ILSVRC2012_val_00042698.JPEG,n01677366,39,47,0.1874845,0,imagenet_c,defocus_blur,1,none
efficientnet_b4,ILSVRC2012_val_00043012.JPEG,n01677366,39,39,0.607803,1,imagenet_c,defocus_blur,1,none
efficientnet_b4,ILSVRC2012_val_00044659.JPEG,n01677366,39,39,0.35020286,1,imagenet_c,defocus_blur,1,none
efficientnet_b4,ILSVRC2012_val_00046346.JPEG,n01677366,39,39,0.5491907,1,imagenet_c,defocus_blur,1,none
efficientnet_b4,ILSVRC2012_val_00046407.JPEG,n01677366,39,39,0.65460455,1,imagenet_c,defocus_blur,1,none
efficientnet_b4,ILSVRC2012_val_00046740.JPEG,n01677366,39,46,0.08389159,0,imagenet_c,defocus_blur,1,none
efficientnet_b4,ILSVRC2012_val_00047184.JPEG,n01677366,39,274,0.035592277,0,imagenet_c,defocus_blur,1,none
efficientnet_b4,ILSVRC2012_val_00048467.JPEG,n01677366,39,381,0.04037087,0,imagenet_c,defocus_blur,1,none
efficientnet_b4,ILSVRC2012_val_00001931.JPEG,n01682714,40,59,0.15042649,0,imagenet_c,defocus_blur,1,none
efficientnet_b4,ILSVRC2012_val_00001942.JPEG,n01682714,40,40,0.34753743,1,imagenet_c,defocus_blur,1,none
efficientnet_b4,ILSVRC2012_val_00005563.JPEG,n01682714,40,40,0.39413133,1,imagenet_c,defocus_blur,1,none
efficientnet_b4,ILSVRC2012_val_00007258.JPEG,n01682714,40,40,0.36590782,1,imagenet_c,defocus_blur,1,none
efficientnet_b4,ILSVRC2012_val_00008669.JPEG,n01682714,40,41,0.16326274,0,imagenet_c,defocus_blur,1,none
efficientnet_b4,ILSVRC2012_val_00009132.JPEG,n01682714,40,40,0.31365034,1,imagenet_c,defocus_blur,1,none
efficientnet_b4,ILSVRC2012_val_00009911.JPEG,n01682714,40,46,0.25508133,0,imagenet_c,defocus_blur,1,none
efficientnet_b4,ILSVRC2012_val_00011129.JPEG,n01682714,40,46,0.25407588,0,imagenet_c,defocus_blur,1,none
efficientnet_b4,ILSVRC2012_val_00011518.JPEG,n01682714,40,40,0.3385333,1,imagenet_c,defocus_blur,1,none
efficientnet_b4,ILSVRC2012_val_00011551.JPEG,n01682714,40,44,0.32845038,0,imagenet_c,defocus_blur,1,none
efficientnet_b4,ILSVRC2012_val_00011702.JPEG,n01682714,40,40,0.18718943,1,imagenet_c,defocus_blur,1,none
efficientnet_b4,ILSVRC2012_val_00012853.JPEG,n01682714,40,41,0.2574572,0,imagenet_c,defocus_blur,1,none
efficientnet_b4,ILSVRC2012_val_00014308.JPEG,n01682714,40,40,0.4728372,1,imagenet_c,defocus_blur,1,none
efficientnet_b4,ILSVRC2012_val_00014768.JPEG,n01682714,40,46,0.28003857,0,imagenet_c,defocus_blur,1,none
efficientnet_b4,ILSVRC2012_val_00015721.JPEG,n01682714,40,46,0.46533072,0,imagenet_c,defocus_blur,1,none
efficientnet_b4,ILSVRC2012_val_00016464.JPEG,n01682714,40,40,0.28780457,1,imagenet_c,defocus_blur,1,none
efficientnet_b4,ILSVRC2012_val_00016844.JPEG,n01682714,40,46,0.3148319,0,imagenet_c,defocus_blur,1,none
efficientnet_b4,ILSVRC2012_val_00020154.JPEG,n01682714,40,998,0.13203968,0,imagenet_c,defocus_blur,1,none
efficientnet_b4,ILSVRC2012_val_00020764.JPEG,n01682714,40,40,0.33837745,1,imagenet_c,defocus_blur,1,none
efficientnet_b4,ILSVRC2012_val_00021069.JPEG,n01682714,40,59,0.1746886,0,imagenet_c,defocus_blur,1,none
efficientnet_b4,ILSVRC2012_val_00022282.JPEG,n01682714,40,40,0.43759954,1,imagenet_c,defocus_blur,1,none
efficientnet_b4,ILSVRC2012_val_00023243.JPEG,n01682714,40,46,0.25010425,0,imagenet_c,defocus_blur,1,none
efficientnet_b4,ILSVRC2012_val_00023361.JPEG,n01682714,40,46,0.34896275,0,imagenet_c,defocus_blur,1,none
efficientnet_b4,ILSVRC2012_val_00023676.JPEG,n01682714,40,39,0.031133555,0,imagenet_c,defocus_blur,1,none
efficientnet_b4,ILSVRC2012_val_00025668.JPEG,n01682714,40,46,0.15423912,0,imagenet_c,defocus_blur,1,none
efficientnet_b4,ILSVRC2012_val_00028042.JPEG,n01682714,40,40,0.16075064,1,imagenet_c,defocus_blur,1,none
efficientnet_b4,ILSVRC2012_val_00028351.JPEG,n01682714,40,945,0.19842231,0,imagenet_c,defocus_blur,1,none
efficientnet_b4,ILSVRC2012_val_00030523.JPEG,n01682714,40,26,0.18206742,0,imagenet_c,defocus_blur,1,none
efficientnet_b4,ILSVRC2012_val_00030865.JPEG,n01682714,40,40,0.33894435,1,imagenet_c,defocus_blur,1,none
efficientnet_b4,ILSVRC2012_val_00031816.JPEG,n01682714,40,46,0.51381695,0,imagenet_c,defocus_blur,1,none
efficientnet_b4,ILSVRC2012_val_00032129.JPEG,n01682714,40,40,0.14307494,1,imagenet_c,defocus_blur,1,none
efficientnet_b4,ILSVRC2012_val_00034086.JPEG,n01682714,40,46,0.32403514,0,imagenet_c,defocus_blur,1,none
efficientnet_b4,ILSVRC2012_val_00035598.JPEG,n01682714,40,46,0.30580842,0,imagenet_c,defocus_blur,1,none
efficientnet_b4,ILSVRC2012_val_00037220.JPEG,n01682714,40,40,0.2530266,1,imagenet_c,defocus_blur,1,none
efficientnet_b4,ILSVRC2012_val_00037273.JPEG,n01682714,40,40,0.2924811,1,imagenet_c,defocus_blur,1,none
efficientnet_b4,ILSVRC2012_val_00039282.JPEG,n01682714,40,40,0.50623244,1,imagenet_c,defocus_blur,1,none
efficientnet_b4,ILSVRC2012_val_00039749.JPEG,n01682714,40,40,0.33927494,1,imagenet_c,defocus_blur,1,none
efficientnet_b4,ILSVRC2012_val_00040352.JPEG,n01682714,40,40,0.22634837,1,imagenet_c,defocus_blur,1,none
efficientnet_b4,ILSVRC2012_val_00040616.JPEG,n01682714,40,59,0.08993882,0,imagenet_c,defocus_blur,1,none
efficientnet_b4,ILSVRC2012_val_00041164.JPEG,n01682714,40,46,0.28760076,0,imagenet_c,defocus_blur,1,none
efficientnet_b4,ILSVRC2012_val_00041640.JPEG,n01682714,40,46,0.31998125,0,imagenet_c,defocus_blur,1,none
efficientnet_b4,ILSVRC2012_val_00041659.JPEG,n01682714,40,40,0.34925008,1,imagenet_c,defocus_blur,1,none
efficientnet_b4,ILSVRC2012_val_00042070.JPEG,n01682714,40,46,0.39138508,0,imagenet_c,defocus_blur,1,none
efficientnet_b4,ILSVRC2012_val_00043774.JPEG,n01682714,40,40,0.25216365,1,imagenet_c,defocus_blur,1,none
efficientnet_b4,ILSVRC2012_val_00043978.JPEG,n01682714,40,40,0.30444622,1,imagenet_c,defocus_blur,1,none
efficientnet_b4,ILSVRC2012_val_00044996.JPEG,n01682714,40,40,0.21183851,1,imagenet_c,defocus_blur,1,none
efficientnet_b4,ILSVRC2012_val_00045157.JPEG,n01682714,40,40,0.37517783,1,imagenet_c,defocus_blur,1,none
efficientnet_b4,ILSVRC2012_val_00045669.JPEG,n01682714,40,40,0.3288564,1,imagenet_c,defocus_blur,1,none
efficientnet_b4,ILSVRC2012_val_00049116.JPEG,n01682714,40,40,0.42166883,1,imagenet_c,defocus_blur,1,none
efficientnet_b4,ILSVRC2012_val_00049851.JPEG,n01682714,40,59,0.105616756,0,imagenet_c,defocus_blur,1,none
efficientnet_b4,ILSVRC2012_val_00000908.JPEG,n01685808,41,41,0.5417506,1,imagenet_c,defocus_blur,1,none
efficientnet_b4,ILSVRC2012_val_00004757.JPEG,n01685808,41,41,0.66243774,1,imagenet_c,defocus_blur,1,none
efficientnet_b4,ILSVRC2012_val_00005590.JPEG,n01685808,41,41,0.62228596,1,imagenet_c,defocus_blur,1,none
efficientnet_b4,ILSVRC2012_val_00006764.JPEG,n01685808,41,41,0.47194532,1,imagenet_c,defocus_blur,1,none
efficientnet_b4,ILSVRC2012_val_00007084.JPEG,n01685808,41,41,0.29222348,1,imagenet_c,defocus_blur,1,none
efficientnet_b4,ILSVRC2012_val_00008407.JPEG,n01685808,41,41,0.47883058,1,imagenet_c,defocus_blur,1,none
efficientnet_b4,ILSVRC2012_val_00008807.JPEG,n01685808,41,114,0.020341262,0,imagenet_c,defocus_blur,1,none
efficientnet_b4,ILSVRC2012_val_00009687.JPEG,n01685808,41,41,0.61521715,1,imagenet_c,defocus_blur,1,none
efficientnet_b4,ILSVRC2012_val_00010887.JPEG,n01685808,41,41,0.26338503,1,imagenet_c,defocus_blur,1,none
efficientnet_b4,ILSVRC2012_val_00016379.JPEG,n01685808,41,41,0.78446424,1,imagenet_c,defocus_blur,1,none
efficientnet_b4,ILSVRC2012_val_00017067.JPEG,n01685808,41,41,0.74074376,1,imagenet_c,defocus_blur,1,none
efficientnet_b4,ILSVRC2012_val_00017641.JPEG,n01685808,41,41,0.63775516,1,imagenet_c,defocus_blur,1,none
efficientnet_b4,ILSVRC2012_val_00018430.JPEG,n01685808,41,41,0.68789,1,imagenet_c,defocus_blur,1,none
efficientnet_b4,ILSVRC2012_val_00018618.JPEG,n01685808,41,298,0.068087526,0,imagenet_c,defocus_blur,1,none
efficientnet_b4,ILSVRC2012_val_00019797.JPEG,n01685808,41,41,0.7518531,1,imagenet_c,defocus_blur,1,none
efficientnet_b4,ILSVRC2012_val_00020124.JPEG,n01685808,41,41,0.5344838,1,imagenet_c,defocus_blur,1,none
efficientnet_b4,ILSVRC2012_val_00020356.JPEG,n01685808,41,41,0.57804507,1,imagenet_c,defocus_blur,1,none
efficientnet_b4,ILSVRC2012_val_00021605.JPEG,n01685808,41,41,0.5304534,1,imagenet_c,defocus_blur,1,none
efficientnet_b4,ILSVRC2012_val_00022003.JPEG,n01685808,41,363,0.029779531,0,imagenet_c,defocus_blur,1,none
efficientnet_b4,ILSVRC2012_val_00022711.JPEG,n01685808,41,41,0.5727668,1,imagenet_c,defocus_blur,1,none
efficientnet_b4,ILSVRC2012_val_00022731.JPEG,n01685808,41,41,0.63570845,1,imagenet_c,defocus_blur,1,none
efficientnet_b4,ILSVRC2012_val_00023363.JPEG,n01685808,41,43,0.09975023,0,imagenet_c,defocus_blur,1,none
efficientnet_b4,ILSVRC2012_val_00023693.JPEG,n01685808,41,41,0.7129357,1,imagenet_c,defocus_blur,1,none
efficientnet_b4,ILSVRC2012_val_00024684.JPEG,n01685808,41,41,0.56912446,1,imagenet_c,defocus_blur,1,none
efficientnet_b4,ILSVRC2012_val_00025017.JPEG,n01685808,41,44,0.3783942,0,imagenet_c,defocus_blur,1,none
efficientnet_b4,ILSVRC2012_val_00026901.JPEG,n01685808,41,41,0.74556124,1,imagenet_c,defocus_blur,1,none
efficientnet_b4,ILSVRC2012_val_00027095.JPEG,n01685808,41,41,0.6692609,1,imagenet_c,defocus_blur,1,none
efficientnet_b4,ILSVRC2012_val_00027125.JPEG,n01685808,41,41,0.55914897,1,imagenet_c,defocus_blur,1,none
efficientnet_b4,ILSVRC2012_val_00029336.JPEG,n01685808,41,298,0.24364263,0,imagenet_c,defocus_blur,1,none
efficientnet_b4,ILSVRC2012_val_00029909.JPEG,n01685808,41,41,0.6746454,1,imagenet_c,defocus_blur,1,none
efficientnet_b4,ILSVRC2012_val_00030016.JPEG,n01685808,41,994,0.045359913,0,imagenet_c,defocus_blur,1,none
efficientnet_b4,ILSVRC2012_val_00031069.JPEG,n01685808,41,41,0.7054796,1,imagenet_c,defocus_blur,1,none
efficientnet_b4,ILSVRC2012_val_00034647.JPEG,n01685808,41,34,0.03316749,0,imagenet_c,defocus_blur,1,none
efficientnet_b4,ILSVRC2012_val_00034655.JPEG,n01685808,41,41,0.7439627,1,imagenet_c,defocus_blur,1,none
efficientnet_b4,ILSVRC2012_val_00034699.JPEG,n01685808,41,41,0.42432112,1,imagenet_c,defocus_blur,1,none
efficientnet_b4,ILSVRC2012_val_00036550.JPEG,n01685808,41,305,0.060968775,0,imagenet_c,defocus_blur,1,none
efficientnet_b4,ILSVRC2012_val_00039049.JPEG,n01685808,41,41,0.46634457,1,imagenet_c,defocus_blur,1,none
efficientnet_b4,ILSVRC2012_val_00039384.JPEG,n01685808,41,41,0.5777684,1,imagenet_c,defocus_blur,1,none
efficientnet_b4,ILSVRC2012_val_00039618.JPEG,n01685808,41,41,0.6830555,1,imagenet_c,defocus_blur,1,none
efficientnet_b4,ILSVRC2012_val_00040247.JPEG,n01685808,41,45,0.1755695,0,imagenet_c,defocus_blur,1,none
efficientnet_b4,ILSVRC2012_val_00041574.JPEG,n01685808,41,41,0.6551415,1,imagenet_c,defocus_blur,1,none
efficientnet_b4,ILSVRC2012_val_00042079.JPEG,n01685808,41,42,0.1979987,0,imagenet_c,defocus_blur,1,none
efficientnet_b4,ILSVRC2012_val_00042202.JPEG,n01685808,41,41,0.53639406,1,imagenet_c,defocus_blur,1,none
efficientnet_b4,ILSVRC2012_val_00042602.JPEG,n01685808,41,41,0.68274796,1,imagenet_c,defocus_blur,1,none
efficientnet_b4,ILSVRC2012_val_00043819.JPEG,n01685808,41,41,0.6682084,1,imagenet_c,defocus_blur,1,none
efficientnet_b4,ILSVRC2012_val_00046000.JPEG,n01685808,41,41,0.72881645,1,imagenet_c,defocus_blur,1,none
efficientnet_b4,ILSVRC2012_val_00046349.JPEG,n01685808,41,41,0.57959175,1,imagenet_c,defocus_blur,1,none
efficientnet_b4,ILSVRC2012_val_00046367.JPEG,n01685808,41,41,0.29058734,1,imagenet_c,defocus_blur,1,none
efficientnet_b4,ILSVRC2012_val_00046640.JPEG,n01685808,41,41,0.7266173,1,imagenet_c,defocus_blur,1,none
efficientnet_b4,ILSVRC2012_val_00048924.JPEG,n01685808,41,57,0.09293949,0,imagenet_c,defocus_blur,1,none
efficientnet_b4,ILSVRC2012_val_00003821.JPEG,n01687978,42,43,0.1758023,0,imagenet_c,defocus_blur,1,none
efficientnet_b4,ILSVRC2012_val_00005031.JPEG,n01687978,42,43,0.42646763,0,imagenet_c,defocus_blur,1,none
efficientnet_b4,ILSVRC2012_val_00005781.JPEG,n01687978,42,91,0.16773936,0,imagenet_c,defocus_blur,1,none
efficientnet_b4,ILSVRC2012_val_00006859.JPEG,n01687978,42,42,0.7747111,1,imagenet_c,defocus_blur,1,none
efficientnet_b4,ILSVRC2012_val_00007035.JPEG,n01687978,42,43,0.24058895,0,imagenet_c,defocus_blur,1,none
efficientnet_b4,ILSVRC2012_val_00011158.JPEG,n01687978,42,41,0.38115117,0,imagenet_c,defocus_blur,1,none
efficientnet_b4,ILSVRC2012_val_00011448.JPEG,n01687978,42,42,0.67668426,1,imagenet_c,defocus_blur,1,none
efficientnet_b4,ILSVRC2012_val_00011541.JPEG,n01687978,42,42,0.530086,1,imagenet_c,defocus_blur,1,none
efficientnet_b4,ILSVRC2012_val_00012120.JPEG,n01687978,42,38,0.17518787,0,imagenet_c,defocus_blur,1,none
efficientnet_b4,ILSVRC2012_val_00012365.JPEG,n01687978,42,42,0.49562418,1,imagenet_c,defocus_blur,1,none
efficientnet_b4,ILSVRC2012_val_00012553.JPEG,n01687978,42,42,0.688148,1,imagenet_c,defocus_blur,1,none
efficientnet_b4,ILSVRC2012_val_00012949.JPEG,n01687978,42,42,0.40669692,1,imagenet_c,defocus_blur,1,none
efficientnet_b4,ILSVRC2012_val_00013870.JPEG,n01687978,42,42,0.47975165,1,imagenet_c,defocus_blur,1,none
efficientnet_b4,ILSVRC2012_val_00014902.JPEG,n01687978,42,41,0.14781092,0,imagenet_c,defocus_blur,1,none
efficientnet_b4,ILSVRC2012_val_00016308.JPEG,n01687978,42,42,0.34620693,1,imagenet_c,defocus_blur,1,none
efficientnet_b4,ILSVRC2012_val_00016637.JPEG,n01687978,42,41,0.057924658,0,imagenet_c,defocus_blur,1,none
efficientnet_b4,ILSVRC2012_val_00016858.JPEG,n01687978,42,41,0.21366794,0,imagenet_c,defocus_blur,1,none
efficientnet_b4,ILSVRC2012_val_00017561.JPEG,n01687978,42,42,0.5858735,1,imagenet_c,defocus_blur,1,none
efficientnet_b4,ILSVRC2012_val_00018305.JPEG,n01687978,42,42,0.24614882,1,imagenet_c,defocus_blur,1,none
efficientnet_b4,ILSVRC2012_val_00018675.JPEG,n01687978,42,42,0.59793,1,imagenet_c,defocus_blur,1,none
efficientnet_b4,ILSVRC2012_val_00020538.JPEG,n01687978,42,42,0.3453476,1,imagenet_c,defocus_blur,1,none
efficientnet_b4,ILSVRC2012_val_00021582.JPEG,n01687978,42,53,0.17371978,0,imagenet_c,defocus_blur,1,none
efficientnet_b4,ILSVRC2012_val_00022247.JPEG,n01687978,42,42,0.6378468,1,imagenet_c,defocus_blur,1,none
efficientnet_b4,ILSVRC2012_val_00026948.JPEG,n01687978,42,42,0.37336406,1,imagenet_c,defocus_blur,1,none
efficientnet_b4,ILSVRC2012_val_00028397.JPEG,n01687978,42,41,0.24389969,0,imagenet_c,defocus_blur,1,none
efficientnet_b4,ILSVRC2012_val_00029055.JPEG,n01687978,42,42,0.21030213,1,imagenet_c,defocus_blur,1,none
efficientnet_b4,ILSVRC2012_val_00029859.JPEG,n01687978,42,42,0.60138524,1,imagenet_c,defocus_blur,1,none
efficientnet_b4,ILSVRC2012_val_00029880.JPEG,n01687978,42,42,0.5911304,1,imagenet_c,defocus_blur,1,none
efficientnet_b4,ILSVRC2012_val_00030918.JPEG,n01687978,42,28,0.24407594,0,imagenet_c,defocus_blur,1,none
efficientnet_b4,ILSVRC2012_val_00033218.JPEG,n01687978,42,42,0.7631665,1,imagenet_c,defocus_blur,1,none
efficientnet_b4,ILSVRC2012_val_00033596.JPEG,n01687978,42,41,0.24371138,0,imagenet_c,defocus_blur,1,none
efficientnet_b4,ILSVRC2012_val_00034122.JPEG,n01687978,42,88,0.13894612,0,imagenet_c,defocus_blur,1,none
efficientnet_b4,ILSVRC2012_val_00035717.JPEG,n01687978,42,47,0.34089705,0,imagenet_c,defocus_blur,1,none
efficientnet_b4,ILSVRC2012_val_00037200.JPEG,n01687978,42,42,0.6464059,1,imagenet_c,defocus_blur,1,none
efficientnet_b4,ILSVRC2012_val_00037510.JPEG,n01687978,42,42,0.5795576,1,imagenet_c,defocus_blur,1,none
efficientnet_b4,ILSVRC2012_val_00037655.JPEG,n01687978,42,42,0.65218186,1,imagenet_c,defocus_blur,1,none
efficientnet_b4,ILSVRC2012_val_00038998.JPEG,n01687978,42,41,0.52634174,0,imagenet_c,defocus_blur,1,none
efficientnet_b4,ILSVRC2012_val_00040115.JPEG,n01687978,42,42,0.31543103,1,imagenet_c,defocus_blur,1,none
efficientnet_b4,ILSVRC2012_val_00040444.JPEG,n01687978,42,32,0.32494152,0,imagenet_c,defocus_blur,1,none
efficientnet_b4,ILSVRC2012_val_00041169.JPEG,n01687978,42,42,0.7629762,1,imagenet_c,defocus_blur,1,none
efficientnet_b4,ILSVRC2012_val_00041253.JPEG,n01687978,42,47,0.22960365,0,imagenet_c,defocus_blur,1,none
efficientnet_b4,ILSVRC2012_val_00041541.JPEG,n01687978,42,46,0.20005961,0,imagenet_c,defocus_blur,1,none
efficientnet_b4,ILSVRC2012_val_00041710.JPEG,n01687978,42,42,0.51853,1,imagenet_c,defocus_blur,1,none
efficientnet_b4,ILSVRC2012_val_00042029.JPEG,n01687978,42,42,0.25286955,1,imagenet_c,defocus_blur,1,none
efficientnet_b4,ILSVRC2012_val_00044934.JPEG,n01687978,42,42,0.41326913,1,imagenet_c,defocus_blur,1,none
efficientnet_b4,ILSVRC2012_val_00045976.JPEG,n01687978,42,44,0.25655836,0,imagenet_c,defocus_blur,1,none
efficientnet_b4,ILSVRC2012_val_00046258.JPEG,n01687978,42,42,0.74933887,1,imagenet_c,defocus_blur,1,none
efficientnet_b4,ILSVRC2012_val_00046277.JPEG,n01687978,42,42,0.7661156,1,imagenet_c,defocus_blur,1,none
efficientnet_b4,ILSVRC2012_val_00047354.JPEG,n01687978,42,42,0.5828461,1,imagenet_c,defocus_blur,1,none
efficientnet_b4,ILSVRC2012_val_00049072.JPEG,n01687978,42,42,0.48335275,1,imagenet_c,defocus_blur,1,none
efficientnet_b4,ILSVRC2012_val_00000297.JPEG,n01688243,43,48,0.11617003,0,imagenet_c,defocus_blur,1,none
efficientnet_b4,ILSVRC2012_val_00000978.JPEG,n01688243,43,413,0.06544735,0,imagenet_c,defocus_blur,1,none
efficientnet_b4,ILSVRC2012_val_00001724.JPEG,n01688243,43,381,0.03137958,0,imagenet_c,defocus_blur,1,none
efficientnet_b4,ILSVRC2012_val_00002295.JPEG,n01688243,43,43,0.44395596,1,imagenet_c,defocus_blur,1,none
efficientnet_b4,ILSVRC2012_val_00003124.JPEG,n01688243,43,43,0.54797316,1,imagenet_c,defocus_blur,1,none
efficientnet_b4,ILSVRC2012_val_00003570.JPEG,n01688243,43,43,0.6780478,1,imagenet_c,defocus_blur,1,none
efficientnet_b4,ILSVRC2012_val_00005056.JPEG,n01688243,43,43,0.5104318,1,imagenet_c,defocus_blur,1,none
efficientnet_b4,ILSVRC2012_val_00008011.JPEG,n01688243,43,43,0.48609784,1,imagenet_c,defocus_blur,1,none
efficientnet_b4,ILSVRC2012_val_00008586.JPEG,n01688243,43,43,0.30985096,1,imagenet_c,defocus_blur,1,none
efficientnet_b4,ILSVRC2012_val_00011073.JPEG,n01688243,43,43,0.5576771,1,imagenet_c,defocus_blur,1,none
efficientnet_b4,ILSVRC2012_val_00012718.JPEG,n01688243,43,43,0.54302037,1,imagenet_c,defocus_blur,1,none
efficientnet_b4,ILSVRC2012_val_00012759.JPEG,n01688243,43,43,0.18505578,1,imagenet_c,defocus_blur,1,none
efficientnet_b4,ILSVRC2012_val_00012820.JPEG,n01688243,43,43,0.03307375,1,imagenet_c,defocus_blur,1,none
efficientnet_b4,ILSVRC2012_val_00014251.JPEG,n01688243,43,43,0.28411758,1,imagenet_c,defocus_blur,1,none
efficientnet_b4,ILSVRC2012_val_00014439.JPEG,n01688243,43,42,0.16149893,0,imagenet_c,defocus_blur,1,none
efficientnet_b4,ILSVRC2012_val_00015403.JPEG,n01688243,43,43,0.64216375,1,imagenet_c,defocus_blur,1,none
efficientnet_b4,ILSVRC2012_val_00015753.JPEG,n01688243,43,43,0.6459573,1,imagenet_c,defocus_blur,1,none
efficientnet_b4,ILSVRC2012_val_00015981.JPEG,n01688243,43,43,0.59101117,1,imagenet_c,defocus_blur,1,none
efficientnet_b4,ILSVRC2012_val_00017002.JPEG,n01688243,43,43,0.40571058,1,imagenet_c,defocus_blur,1,none
efficientnet_b4,ILSVRC2012_val_00017015.JPEG,n01688243,43,43,0.13309611,1,imagenet_c,defocus_blur,1,none
efficientnet_b4,ILSVRC2012_val_00017338.JPEG,n01688243,43,41,0.19901492,0,imagenet_c,defocus_blur,1,none
efficientnet_b4,ILSVRC2012_val_00018095.JPEG,n01688243,43,43,0.4000961,1,imagenet_c,defocus_blur,1,none
efficientnet_b4,ILSVRC2012_val_00020508.JPEG,n01688243,43,43,0.57922447,1,imagenet_c,defocus_blur,1,none
efficientnet_b4,ILSVRC2012_val_00021646.JPEG,n01688243,43,43,0.59645367,1,imagenet_c,defocus_blur,1,none
efficientnet_b4,ILSVRC2012_val_00022563.JPEG,n01688243,43,930,0.046973005,0,imagenet_c,defocus_blur,1,none
efficientnet_b4,ILSVRC2012_val_00023341.JPEG,n01688243,43,43,0.18376204,1,imagenet_c,defocus_blur,1,none
efficientnet_b4,ILSVRC2012_val_00023678.JPEG,n01688243,43,43,0.52543414,1,imagenet_c,defocus_blur,1,none
efficientnet_b4,ILSVRC2012_val_00024081.JPEG,n01688243,43,43,0.5658567,1,imagenet_c,defocus_blur,1,none
efficientnet_b4,ILSVRC2012_val_00024227.JPEG,n01688243,43,43,0.6089481,1,imagenet_c,defocus_blur,1,none
efficientnet_b4,ILSVRC2012_val_00024946.JPEG,n01688243,43,43,0.4113112,1,imagenet_c,defocus_blur,1,none
efficientnet_b4,ILSVRC2012_val_00025025.JPEG,n01688243,43,43,0.2996953,1,imagenet_c,defocus_blur,1,none
efficientnet_b4,ILSVRC2012_val_00025581.JPEG,n01688243,43,335,0.40976077,0,imagenet_c,defocus_blur,1,none
efficientnet_b4,ILSVRC2012_val_00029118.JPEG,n01688243,43,43,0.070314854,1,imagenet_c,defocus_blur,1,none
efficientnet_b4,ILSVRC2012_val_00029947.JPEG,n01688243,43,43,0.28891492,1,imagenet_c,defocus_blur,1,none
efficientnet_b4,ILSVRC2012_val_00030873.JPEG,n01688243,43,43,0.23361218,1,imagenet_c,defocus_blur,1,none
efficientnet_b4,ILSVRC2012_val_00034693.JPEG,n01688243,43,43,0.49719185,1,imagenet_c,defocus_blur,1,none
efficientnet_b4,ILSVRC2012_val_00034793.JPEG,n01688243,43,43,0.5930556,1,imagenet_c,defocus_blur,1,none
efficientnet_b4,ILSVRC2012_val_00038586.JPEG,n01688243,43,43,0.066973664,1,imagenet_c,defocus_blur,1,none
efficientnet_b4,ILSVRC2012_val_00038665.JPEG,n01688243,43,43,0.4700415,1,imagenet_c,defocus_blur,1,none
efficientnet_b4,ILSVRC2012_val_00039831.JPEG,n01688243,43,43,0.13132082,1,imagenet_c,defocus_blur,1,none
efficientnet_b4,ILSVRC2012_val_00043288.JPEG,n01688243,43,43,0.55047816,1,imagenet_c,defocus_blur,1,none
efficientnet_b4,ILSVRC2012_val_00043798.JPEG,n01688243,43,43,0.5950732,1,imagenet_c,defocus_blur,1,none
efficientnet_b4,ILSVRC2012_val_00043802.JPEG,n01688243,43,59,0.0741945,0,imagenet_c,defocus_blur,1,none
efficientnet_b4,ILSVRC2012_val_00044980.JPEG,n01688243,43,43,0.5745577,1,imagenet_c,defocus_blur,1,none
efficientnet_b4,ILSVRC2012_val_00045510.JPEG,n01688243,43,43,0.74281985,1,imagenet_c,defocus_blur,1,none
efficientnet_b4,ILSVRC2012_val_00046517.JPEG,n01688243,43,44,0.029202476,0,imagenet_c,defocus_blur,1,none
efficientnet_b4,ILSVRC2012_val_00046548.JPEG,n01688243,43,43,0.53817576,1,imagenet_c,defocus_blur,1,none
efficientnet_b4,ILSVRC2012_val_00047224.JPEG,n01688243,43,43,0.54717124,1,imagenet_c,defocus_blur,1,none
efficientnet_b4,ILSVRC2012_val_00048754.JPEG,n01688243,43,43,0.54035026,1,imagenet_c,defocus_blur,1,none
efficientnet_b4,ILSVRC2012_val_00049652.JPEG,n01688243,43,42,0.2374587,0,imagenet_c,defocus_blur,1,none
efficientnet_b4,ILSVRC2012_val_00001022.JPEG,n01689811,44,44,0.22831675,1,imagenet_c,defocus_blur,1,none
efficientnet_b4,ILSVRC2012_val_00001645.JPEG,n01689811,44,44,0.36284572,1,imagenet_c,defocus_blur,1,none
efficientnet_b4,ILSVRC2012_val_00003178.JPEG,n01689811,44,44,0.48726705,1,imagenet_c,defocus_blur,1,none
efficientnet_b4,ILSVRC2012_val_00004915.JPEG,n01689811,44,44,0.6599164,1,imagenet_c,defocus_blur,1,none
efficientnet_b4,ILSVRC2012_val_00006207.JPEG,n01689811,44,313,0.10575433,0,imagenet_c,defocus_blur,1,none
efficientnet_b4,ILSVRC2012_val_00007482.JPEG,n01689811,44,44,0.6844952,1,imagenet_c,defocus_blur,1,none
efficientnet_b4,ILSVRC2012_val_00008561.JPEG,n01689811,44,825,0.05283836,0,imagenet_c,defocus_blur,1,none
efficientnet_b4,ILSVRC2012_val_00009907.JPEG,n01689811,44,333,0.034959257,0,imagenet_c,defocus_blur,1,none
efficientnet_b4,ILSVRC2012_val_00009980.JPEG,n01689811,44,44,0.53349996,1,imagenet_c,defocus_blur,1,none
efficientnet_b4,ILSVRC2012_val_00010911.JPEG,n01689811,44,43,0.17735998,0,imagenet_c,defocus_blur,1,none
efficientnet_b4,ILSVRC2012_val_00011044.JPEG,n01689811,44,26,0.1540333,0,imagenet_c,defocus_blur,1,none
efficientnet_b4,ILSVRC2012_val_00013533.JPEG,n01689811,44,40,0.089917764,0,imagenet_c,defocus_blur,1,none
efficientnet_b4,ILSVRC2012_val_00016357.JPEG,n01689811,44,41,0.6013922,0,imagenet_c,defocus_blur,1,none
efficientnet_b4,ILSVRC2012_val_00016622.JPEG,n01689811,44,41,0.5345498,0,imagenet_c,defocus_blur,1,none
efficientnet_b4,ILSVRC2012_val_00017174.JPEG,n01689811,44,81,0.01500813,0,imagenet_c,defocus_blur,1,none
efficientnet_b4,ILSVRC2012_val_00018979.JPEG,n01689811,44,42,0.06685477,0,imagenet_c,defocus_blur,1,none
efficientnet_b4,ILSVRC2012_val_00019152.JPEG,n01689811,44,44,0.50681674,1,imagenet_c,defocus_blur,1,none
efficientnet_b4,ILSVRC2012_val_00019170.JPEG,n01689811,44,52,0.14989765,0,imagenet_c,defocus_blur,1,none
efficientnet_b4,ILSVRC2012_val_00020598.JPEG,n01689811,44,60,0.38025838,0,imagenet_c,defocus_blur,1,none
efficientnet_b4,ILSVRC2012_val_00021522.JPEG,n01689811,44,26,0.22372662,0,imagenet_c,defocus_blur,1,none
efficientnet_b4,ILSVRC2012_val_00021786.JPEG,n01689811,44,44,0.5774656,1,imagenet_c,defocus_blur,1,none
efficientnet_b4,ILSVRC2012_val_00022175.JPEG,n01689811,44,44,0.068174474,1,imagenet_c,defocus_blur,1,none
efficientnet_b4,ILSVRC2012_val_00024252.JPEG,n01689811,44,44,0.6611766,1,imagenet_c,defocus_blur,1,none
efficientnet_b4,ILSVRC2012_val_00024283.JPEG,n01689811,44,44,0.54214984,1,imagenet_c,defocus_blur,1,none
efficientnet_b4,ILSVRC2012_val_00025909.JPEG,n01689811,44,41,0.36550927,0,imagenet_c,defocus_blur,1,none
efficientnet_b4,ILSVRC2012_val_00026526.JPEG,n01689811,44,41,0.19077648,0,imagenet_c,defocus_blur,1,none
efficientnet_b4,ILSVRC2012_val_00028626.JPEG,n01689811,44,26,0.4561325,0,imagenet_c,defocus_blur,1,none
efficientnet_b4,ILSVRC2012_val_00028664.JPEG,n01689811,44,44,0.21746716,1,imagenet_c,defocus_blur,1,none
efficientnet_b4,ILSVRC2012_val_00031114.JPEG,n01689811,44,41,0.3420582,0,imagenet_c,defocus_blur,1,none
efficientnet_b4,ILSVRC2012_val_00032640.JPEG,n01689811,44,44,0.42375645,1,imagenet_c,defocus_blur,1,none
efficientnet_b4,ILSVRC2012_val_00032744.JPEG,n01689811,44,26,0.2991198,0,imagenet_c,defocus_blur,1,none
efficientnet_b4,ILSVRC2012_val_00033036.JPEG,n01689811,44,46,0.40593773,0,imagenet_c,defocus_blur,1,none
efficientnet_b4,ILSVRC2012_val_00033382.JPEG,n01689811,44,64,0.457778,0,imagenet_c,defocus_blur,1,none
efficientnet_b4,ILSVRC2012_val_00033734.JPEG,n01689811,44,336,0.07995331,0,imagenet_c,defocus_blur,1,none
efficientnet_b4,ILSVRC2012_val_00036123.JPEG,n01689811,44,41,0.18800448,0,imagenet_c,defocus_blur,1,none
efficientnet_b4,ILSVRC2012_val_00037210.JPEG,n01689811,44,395,0.06633548,0,imagenet_c,defocus_blur,1,none
efficientnet_b4,ILSVRC2012_val_00037686.JPEG,n01689811,44,539,0.09979895,0,imagenet_c,defocus_blur,1,none
efficientnet_b4,ILSVRC2012_val_00038308.JPEG,n01689811,44,26,0.22053903,0,imagenet_c,defocus_blur,1,none
efficientnet_b4,ILSVRC2012_val_00038667.JPEG,n01689811,44,44,0.45075494,1,imagenet_c,defocus_blur,1,none
efficientnet_b4,ILSVRC2012_val_00041330.JPEG,n01689811,44,44,0.57809114,1,imagenet_c,defocus_blur,1,none
efficientnet_b4,ILSVRC2012_val_00041730.JPEG,n01689811,44,44,0.45218346,1,imagenet_c,defocus_blur,1,none
efficientnet_b4,ILSVRC2012_val_00043246.JPEG,n01689811,44,166,0.04797521,0,imagenet_c,defocus_blur,1,none
efficientnet_b4,ILSVRC2012_val_00043624.JPEG,n01689811,44,52,0.1739874,0,imagenet_c,defocus_blur,1,none
efficientnet_b4,ILSVRC2012_val_00044698.JPEG,n01689811,44,43,0.3425377,0,imagenet_c,defocus_blur,1,none
efficientnet_b4,ILSVRC2012_val_00044822.JPEG,n01689811,44,41,0.25810662,0,imagenet_c,defocus_blur,1,none
efficientnet_b4,ILSVRC2012_val_00047301.JPEG,n01689811,44,41,0.13909985,0,imagenet_c,defocus_blur,1,none
efficientnet_b4,ILSVRC2012_val_00047812.JPEG,n01689811,44,57,0.52215344,0,imagenet_c,defocus_blur,1,none
efficientnet_b4,ILSVRC2012_val_00048213.JPEG,n01689811,44,44,0.46620286,1,imagenet_c,defocus_blur,1,none
efficientnet_b4,ILSVRC2012_val_00049635.JPEG,n01689811,44,44,0.39346328,1,imagenet_c,defocus_blur,1,none
efficientnet_b4,ILSVRC2012_val_00049987.JPEG,n01689811,44,44,0.5952979,1,imagenet_c,defocus_blur,1,none
efficientnet_b4,ILSVRC2012_val_00001475.JPEG,n01692333,45,45,0.576891,1,imagenet_c,defocus_blur,1,none
efficientnet_b4,ILSVRC2012_val_00004505.JPEG,n01692333,45,349,0.060661934,0,imagenet_c,defocus_blur,1,none
efficientnet_b4,ILSVRC2012_val_00005138.JPEG,n01692333,45,48,0.34218833,0,imagenet_c,defocus_blur,1,none
efficientnet_b4,ILSVRC2012_val_00005227.JPEG,n01692333,45,738,0.19718355,0,imagenet_c,defocus_blur,1,none
efficientnet_b4,ILSVRC2012_val_00005307.JPEG,n01692333,45,49,0.34406435,0,imagenet_c,defocus_blur,1,none
efficientnet_b4,ILSVRC2012_val_00005725.JPEG,n01692333,45,45,0.4350396,1,imagenet_c,defocus_blur,1,none
efficientnet_b4,ILSVRC2012_val_00006500.JPEG,n01692333,45,44,0.069908366,0,imagenet_c,defocus_blur,1,none
efficientnet_b4,ILSVRC2012_val_00006927.JPEG,n01692333,45,38,0.17385145,0,imagenet_c,defocus_blur,1,none
efficientnet_b4,ILSVRC2012_val_00007579.JPEG,n01692333,45,45,0.6614811,1,imagenet_c,defocus_blur,1,none
efficientnet_b4,ILSVRC2012_val_00010164.JPEG,n01692333,45,684,0.55975646,0,imagenet_c,defocus_blur,1,none
efficientnet_b4,ILSVRC2012_val_00010322.JPEG,n01692333,45,45,0.6593149,1,imagenet_c,defocus_blur,1,none
efficientnet_b4,ILSVRC2012_val_00012229.JPEG,n01692333,45,45,0.4558582,1,imagenet_c,defocus_blur,1,none
efficientnet_b4,ILSVRC2012_val_00012304.JPEG,n01692333,45,45,0.7818725,1,imagenet_c,defocus_blur,1,none
efficientnet_b4,ILSVRC2012_val_00013883.JPEG,n01692333,45,45,0.5802976,1,imagenet_c,defocus_blur,1,none
efficientnet_b4,ILSVRC2012_val_00014312.JPEG,n01692333,45,736,0.1058655,0,imagenet_c,defocus_blur,1,none
efficientnet_b4,ILSVRC2012_val_00015190.JPEG,n01692333,45,45,0.13606875,1,imagenet_c,defocus_blur,1,none
efficientnet_b4,ILSVRC2012_val_00015224.JPEG,n01692333,45,45,0.45597833,1,imagenet_c,defocus_blur,1,none
efficientnet_b4,ILSVRC2012_val_00018179.JPEG,n01692333,45,356,0.07998681,0,imagenet_c,defocus_blur,1,none
efficientnet_b4,ILSVRC2012_val_00018728.JPEG,n01692333,45,45,0.6104427,1,imagenet_c,defocus_blur,1,none
efficientnet_b4,ILSVRC2012_val_00021743.JPEG,n01692333,45,45,0.5973707,1,imagenet_c,defocus_blur,1,none
efficientnet_b4,ILSVRC2012_val_00022063.JPEG,n01692333,45,45,0.61057603,1,imagenet_c,defocus_blur,1,none
efficientnet_b4,ILSVRC2012_val_00023158.JPEG,n01692333,45,45,0.55721354,1,imagenet_c,defocus_blur,1,none
efficientnet_b4,ILSVRC2012_val_00025104.JPEG,n01692333,45,45,0.07082809,1,imagenet_c,defocus_blur,1,none
efficientnet_b4,ILSVRC2012_val_00026296.JPEG,n01692333,45,363,0.013968048,0,imagenet_c,defocus_blur,1,none
efficientnet_b4,ILSVRC2012_val_00026500.JPEG,n01692333,45,45,0.23321211,1,imagenet_c,defocus_blur,1,none
efficientnet_b4,ILSVRC2012_val_00027198.JPEG,n01692333,45,45,0.6380208,1,imagenet_c,defocus_blur,1,none
efficientnet_b4,ILSVRC2012_val_00028284.JPEG,n01692333,45,45,0.49603662,1,imagenet_c,defocus_blur,1,none
efficientnet_b4,ILSVRC2012_val_00030371.JPEG,n01692333,45,45,0.5282017,1,imagenet_c,defocus_blur,1,none
efficientnet_b4,ILSVRC2012_val_00031550.JPEG,n01692333,45,45,0.41147003,1,imagenet_c,defocus_blur,1,none
efficientnet_b4,ILSVRC2012_val_00032682.JPEG,n01692333,45,677,0.09070741,0,imagenet_c,defocus_blur,1,none
efficientnet_b4,ILSVRC2012_val_00033244.JPEG,n01692333,45,45,0.36048713,1,imagenet_c,defocus_blur,1,none
efficientnet_b4,ILSVRC2012_val_00033706.JPEG,n01692333,45,350,0.08792818,0,imagenet_c,defocus_blur,1,none
efficientnet_b4,ILSVRC2012_val_00035069.JPEG,n01692333,45,381,0.04522532,0,imagenet_c,defocus_blur,1,none
efficientnet_b4,ILSVRC2012_val_00036802.JPEG,n01692333,45,45,0.5628218,1,imagenet_c,defocus_blur,1,none
efficientnet_b4,ILSVRC2012_val_00036849.JPEG,n01692333,45,558,0.04315034,0,imagenet_c,defocus_blur,1,none
efficientnet_b4,ILSVRC2012_val_00037324.JPEG,n01692333,45,45,0.5855319,1,imagenet_c,defocus_blur,1,none
efficientnet_b4,ILSVRC2012_val_00037417.JPEG,n01692333,45,45,0.22483808,1,imagenet_c,defocus_blur,1,none
efficientnet_b4,ILSVRC2012_val_00039533.JPEG,n01692333,45,36,0.1691788,0,imagenet_c,defocus_blur,1,none
efficientnet_b4,ILSVRC2012_val_00039708.JPEG,n01692333,45,45,0.68539745,1,imagenet_c,defocus_blur,1,none
efficientnet_b4,ILSVRC2012_val_00041186.JPEG,n01692333,45,69,0.24459279,0,imagenet_c,defocus_blur,1,none
efficientnet_b4,ILSVRC2012_val_00041887.JPEG,n01692333,45,730,0.027078157,0,imagenet_c,defocus_blur,1,none
efficientnet_b4,ILSVRC2012_val_00043110.JPEG,n01692333,45,45,0.64164263,1,imagenet_c,defocus_blur,1,none
efficientnet_b4,ILSVRC2012_val_00043925.JPEG,n01692333,45,45,0.6030353,1,imagenet_c,defocus_blur,1,none
efficientnet_b4,ILSVRC2012_val_00043986.JPEG,n01692333,45,45,0.64937466,1,imagenet_c,defocus_blur,1,none
efficientnet_b4,ILSVRC2012_val_00044987.JPEG,n01692333,45,45,0.2625151,1,imagenet_c,defocus_blur,1,none
efficientnet_b4,ILSVRC2012_val_00045223.JPEG,n01692333,45,45,0.6107171,1,imagenet_c,defocus_blur,1,none
efficientnet_b4,ILSVRC2012_val_00045776.JPEG,n01692333,45,36,0.19597958,0,imagenet_c,defocus_blur,1,none
efficientnet_b4,ILSVRC2012_val_00046106.JPEG,n01692333,45,45,0.6283255,1,imagenet_c,defocus_blur,1,none
efficientnet_b4,ILSVRC2012_val_00047675.JPEG,n01692333,45,45,0.5594896,1,imagenet_c,defocus_blur,1,none
efficientnet_b4,ILSVRC2012_val_00048104.JPEG,n01692333,45,45,0.3125183,1,imagenet_c,defocus_blur,1,none
efficientnet_b4,ILSVRC2012_val_00000064.JPEG,n01693334,46,46,0.3610694,1,imagenet_c,defocus_blur,1,none
efficientnet_b4,ILSVRC2012_val_00000683.JPEG,n01693334,46,39,0.21573745,0,imagenet_c,defocus_blur,1,none
efficientnet_b4,ILSVRC2012_val_00000925.JPEG,n01693334,46,46,0.52078336,1,imagenet_c,defocus_blur,1,none
efficientnet_b4,ILSVRC2012_val_00003375.JPEG,n01693334,46,41,0.29379755,0,imagenet_c,defocus_blur,1,none
efficientnet_b4,ILSVRC2012_val_00003722.JPEG,n01693334,46,46,0.4067548,1,imagenet_c,defocus_blur,1,none
efficientnet_b4,ILSVRC2012_val_00004102.JPEG,n01693334,46,46,0.22518846,1,imagenet_c,defocus_blur,1,none
efficientnet_b4,ILSVRC2012_val_00005332.JPEG,n01693334,46,46,0.5427088,1,imagenet_c,defocus_blur,1,none
efficientnet_b4,ILSVRC2012_val_00012623.JPEG,n01693334,46,40,0.4828884,0,imagenet_c,defocus_blur,1,none
efficientnet_b4,ILSVRC2012_val_00013036.JPEG,n01693334,46,40,0.30128744,0,imagenet_c,defocus_blur,1,none
efficientnet_b4,ILSVRC2012_val_00013392.JPEG,n01693334,46,47,0.5964332,0,imagenet_c,defocus_blur,1,none
efficientnet_b4,ILSVRC2012_val_00014282.JPEG,n01693334,46,46,0.35173592,1,imagenet_c,defocus_blur,1,none
efficientnet_b4,ILSVRC2012_val_00014927.JPEG,n01693334,46,46,0.3281949,1,imagenet_c,defocus_blur,1,none
efficientnet_b4,ILSVRC2012_val_00016778.JPEG,n01693334,46,44,0.3502882,0,imagenet_c,defocus_blur,1,none
efficientnet_b4,ILSVRC2012_val_00017730.JPEG,n01693334,46,26,0.08490064,0,imagenet_c,defocus_blur,1,none
efficientnet_b4,ILSVRC2012_val_00018857.JPEG,n01693334,46,43,0.15594755,0,imagenet_c,defocus_blur,1,none
efficientnet_b4,ILSVRC2012_val_00021927.JPEG,n01693334,46,378,0.06306196,0,imagenet_c,defocus_blur,1,none
efficientnet_b4,ILSVRC2012_val_00022937.JPEG,n01693334,46,46,0.2903731,1,imagenet_c,defocus_blur,1,none
efficientnet_b4,ILSVRC2012_val_00023246.JPEG,n01693334,46,48,0.51230866,0,imagenet_c,defocus_blur,1,none
efficientnet_b4,ILSVRC2012_val_00023690.JPEG,n01693334,46,64,0.14367905,0,imagenet_c,defocus_blur,1,none
efficientnet_b4,ILSVRC2012_val_00023753.JPEG,n01693334,46,390,0.08605072,0,imagenet_c,defocus_blur,1,none
efficientnet_b4,ILSVRC2012_val_00024435.JPEG,n01693334,46,912,0.054072876,0,imagenet_c,defocus_blur,1,none
efficientnet_b4,ILSVRC2012_val_00024813.JPEG,n01693334,46,46,0.19561748,1,imagenet_c,defocus_blur,1,none
efficientnet_b4,ILSVRC2012_val_00025378.JPEG,n01693334,46,46,0.3756513,1,imagenet_c,defocus_blur,1,none
efficientnet_b4,ILSVRC2012_val_00025809.JPEG,n01693334,46,39,0.2709936,0,imagenet_c,defocus_blur,1,none
efficientnet_b4,ILSVRC2012_val_00026269.JPEG,n01693334,46,945,0.046219554,0,imagenet_c,defocus_blur,1,none
efficientnet_b4,ILSVRC2012_val_00026626.JPEG,n01693334,46,986,0.052425362,0,imagenet_c,defocus_blur,1,none
efficientnet_b4,ILSVRC2012_val_00026648.JPEG,n01693334,46,46,0.4041063,1,imagenet_c,defocus_blur,1,none
efficientnet_b4,ILSVRC2012_val_00026705.JPEG,n01693334,46,46,0.46820468,1,imagenet_c,defocus_blur,1,none
efficientnet_b4,ILSVRC2012_val_00029005.JPEG,n01693334,46,47,0.3773292,0,imagenet_c,defocus_blur,1,none
efficientnet_b4,ILSVRC2012_val_00031003.JPEG,n01693334,46,15,0.028322347,0,imagenet_c,defocus_blur,1,none
efficientnet_b4,ILSVRC2012_val_00031018.JPEG,n01693334,46,40,0.39636108,0,imagenet_c,defocus_blur,1,none
efficientnet_b4,ILSVRC2012_val_00033120.JPEG,n01693334,46,40,0.37423983,0,imagenet_c,defocus_blur,1,none
efficientnet_b4,ILSVRC2012_val_00033615.JPEG,n01693334,46,26,0.15956403,0,imagenet_c,defocus_blur,1,none
efficientnet_b4,ILSVRC2012_val_00034369.JPEG,n01693334,46,40,0.28749996,0,imagenet_c,defocus_blur,1,none
efficientnet_b4,ILSVRC2012_val_00035109.JPEG,n01693334,46,95,0.15984483,0,imagenet_c,defocus_blur,1,none
efficientnet_b4,ILSVRC2012_val_00035177.JPEG,n01693334,46,46,0.39443856,1,imagenet_c,defocus_blur,1,none
efficientnet_b4,ILSVRC2012_val_00035818.JPEG,n01693334,46,41,0.12780873,0,imagenet_c,defocus_blur,1,none
efficientnet_b4,ILSVRC2012_val_00037310.JPEG,n01693334,46,46,0.1265203,1,imagenet_c,defocus_blur,1,none
efficientnet_b4,ILSVRC2012_val_00039203.JPEG,n01693334,46,46,0.56654847,1,imagenet_c,defocus_blur,1,none
efficientnet_b4,ILSVRC2012_val_00040704.JPEG,n01693334,46,382,0.14002348,0,imagenet_c,defocus_blur,1,none
efficientnet_b4,ILSVRC2012_val_00041069.JPEG,n01693334,46,46,0.2935959,1,imagenet_c,defocus_blur,1,none
efficientnet_b4,ILSVRC2012_val_00041769.JPEG,n01693334,46,46,0.35474554,1,imagenet_c,defocus_blur,1,none
efficientnet_b4,ILSVRC2012_val_00042142.JPEG,n01693334,46,40,0.3033202,0,imagenet_c,defocus_blur,1,none
efficientnet_b4,ILSVRC2012_val_00042672.JPEG,n01693334,46,40,0.38253936,0,imagenet_c,defocus_blur,1,none
efficientnet_b4,ILSVRC2012_val_00042783.JPEG,n01693334,46,46,0.33432266,1,imagenet_c,defocus_blur,1,none
efficientnet_b4,ILSVRC2012_val_00043214.JPEG,n01693334,46,46,0.3803323,1,imagenet_c,defocus_blur,1,none
efficientnet_b4,ILSVRC2012_val_00043578.JPEG,n01693334,46,64,0.49468973,0,imagenet_c,defocus_blur,1,none
efficientnet_b4,ILSVRC2012_val_00047010.JPEG,n01693334,46,46,0.43939024,1,imagenet_c,defocus_blur,1,none
efficientnet_b4,ILSVRC2012_val_00047908.JPEG,n01693334,46,47,0.27144507,0,imagenet_c,defocus_blur,1,none
efficientnet_b4,ILSVRC2012_val_00049187.JPEG,n01693334,46,46,0.14044859,1,imagenet_c,defocus_blur,1,none
efficientnet_b4,ILSVRC2012_val_00001375.JPEG,n01694178,47,42,0.25659356,0,imagenet_c,defocus_blur,1,none
efficientnet_b4,ILSVRC2012_val_00001623.JPEG,n01694178,47,111,0.08656582,0,imagenet_c,defocus_blur,1,none
efficientnet_b4,ILSVRC2012_val_00001939.JPEG,n01694178,47,47,0.6397074,1,imagenet_c,defocus_blur,1,none
efficientnet_b4,ILSVRC2012_val_00002077.JPEG,n01694178,47,413,0.031178314,0,imagenet_c,defocus_blur,1,none
efficientnet_b4,ILSVRC2012_val_00003070.JPEG,n01694178,47,47,0.723278,1,imagenet_c,defocus_blur,1,none
efficientnet_b4,ILSVRC2012_val_00003560.JPEG,n01694178,47,47,0.56244326,1,imagenet_c,defocus_blur,1,none
efficientnet_b4,ILSVRC2012_val_00004555.JPEG,n01694178,47,47,0.48005798,1,imagenet_c,defocus_blur,1,none
efficientnet_b4,ILSVRC2012_val_00005078.JPEG,n01694178,47,47,0.5881852,1,imagenet_c,defocus_blur,1,none
efficientnet_b4,ILSVRC2012_val_00006244.JPEG,n01694178,47,47,0.5741994,1,imagenet_c,defocus_blur,1,none
efficientnet_b4,ILSVRC2012_val_00007227.JPEG,n01694178,47,47,0.43667236,1,imagenet_c,defocus_blur,1,none
efficientnet_b4,ILSVRC2012_val_00007701.JPEG,n01694178,47,26,0.48705763,0,imagenet_c,defocus_blur,1,none
efficientnet_b4,ILSVRC2012_val_00008570.JPEG,n01694178,47,47,0.6084754,1,imagenet_c,defocus_blur,1,none
efficientnet_b4,ILSVRC2012_val_00008668.JPEG,n01694178,47,47,0.6003846,1,imagenet_c,defocus_blur,1,none
efficientnet_b4,ILSVRC2012_val_00011262.JPEG,n01694178,47,47,0.53784305,1,imagenet_c,defocus_blur,1,none
efficientnet_b4,ILSVRC2012_val_00012819.JPEG,n01694178,47,47,0.3547572,1,imagenet_c,defocus_blur,1,none
efficientnet_b4,ILSVRC2012_val_00015667.JPEG,n01694178,47,47,0.59323823,1,imagenet_c,defocus_blur,1,none
efficientnet_b4,ILSVRC2012_val_00015831.JPEG,n01694178,47,47,0.6587059,1,imagenet_c,defocus_blur,1,none
efficientnet_b4,ILSVRC2012_val_00017254.JPEG,n01694178,47,47,0.49370274,1,imagenet_c,defocus_blur,1,none
efficientnet_b4,ILSVRC2012_val_00017490.JPEG,n01694178,47,47,0.49103096,1,imagenet_c,defocus_blur,1,none
efficientnet_b4,ILSVRC2012_val_00017680.JPEG,n01694178,47,413,0.03741927,0,imagenet_c,defocus_blur,1,none
efficientnet_b4,ILSVRC2012_val_00017926.JPEG,n01694178,47,47,0.6711216,1,imagenet_c,defocus_blur,1,none
efficientnet_b4,ILSVRC2012_val_00018834.JPEG,n01694178,47,47,0.5615564,1,imagenet_c,defocus_blur,1,none
efficientnet_b4,ILSVRC2012_val_00020044.JPEG,n01694178,47,47,0.3582295,1,imagenet_c,defocus_blur,1,none
efficientnet_b4,ILSVRC2012_val_00020585.JPEG,n01694178,47,47,0.6503411,1,imagenet_c,defocus_blur,1,none
efficientnet_b4,ILSVRC2012_val_00021092.JPEG,n01694178,47,47,0.36971268,1,imagenet_c,defocus_blur,1,none
efficientnet_b4,ILSVRC2012_val_00022997.JPEG,n01694178,47,32,0.27175066,0,imagenet_c,defocus_blur,1,none
efficientnet_b4,ILSVRC2012_val_00023707.JPEG,n01694178,47,47,0.6267075,1,imagenet_c,defocus_blur,1,none
efficientnet_b4,ILSVRC2012_val_00025018.JPEG,n01694178,47,59,0.30869633,0,imagenet_c,defocus_blur,1,none
efficientnet_b4,ILSVRC2012_val_00025511.JPEG,n01694178,47,47,0.57631445,1,imagenet_c,defocus_blur,1,none
efficientnet_b4,ILSVRC2012_val_00028441.JPEG,n01694178,47,41,0.18336111,0,imagenet_c,defocus_blur,1,none
efficientnet_b4,ILSVRC2012_val_00029225.JPEG,n01694178,47,47,0.59717435,1,imagenet_c,defocus_blur,1,none
efficientnet_b4,ILSVRC2012_val_00030035.JPEG,n01694178,47,42,0.43488625,0,imagenet_c,defocus_blur,1,none
efficientnet_b4,ILSVRC2012_val_00030990.JPEG,n01694178,47,47,0.5672981,1,imagenet_c,defocus_blur,1,none
efficientnet_b4,ILSVRC2012_val_00031967.JPEG,n01694178,47,42,0.6867092,0,imagenet_c,defocus_blur,1,none
efficientnet_b4,ILSVRC2012_val_00032267.JPEG,n01694178,47,47,0.559103,1,imagenet_c,defocus_blur,1,none
efficientnet_b4,ILSVRC2012_val_00032934.JPEG,n01694178,47,47,0.68703634,1,imagenet_c,defocus_blur,1,none
efficientnet_b4,ILSVRC2012_val_00034600.JPEG,n01694178,47,47,0.6000157,1,imagenet_c,defocus_blur,1,none
efficientnet_b4,ILSVRC2012_val_00034666.JPEG,n01694178,47,47,0.33151934,1,imagenet_c,defocus_blur,1,none
efficientnet_b4,ILSVRC2012_val_00037261.JPEG,n01694178,47,47,0.5389952,1,imagenet_c,defocus_blur,1,none
efficientnet_b4,ILSVRC2012_val_00038162.JPEG,n01694178,47,47,0.59141517,1,imagenet_c,defocus_blur,1,none
efficientnet_b4,ILSVRC2012_val_00038375.JPEG,n01694178,47,47,0.57671154,1,imagenet_c,defocus_blur,1,none
efficientnet_b4,ILSVRC2012_val_00038478.JPEG,n01694178,47,47,0.6377374,1,imagenet_c,defocus_blur,1,none
efficientnet_b4,ILSVRC2012_val_00039106.JPEG,n01694178,47,47,0.546274,1,imagenet_c,defocus_blur,1,none
efficientnet_b4,ILSVRC2012_val_00039479.JPEG,n01694178,47,47,0.510701,1,imagenet_c,defocus_blur,1,none
efficientnet_b4,ILSVRC2012_val_00040104.JPEG,n01694178,47,47,0.48654032,1,imagenet_c,defocus_blur,1,none
efficientnet_b4,ILSVRC2012_val_00043043.JPEG,n01694178,47,47,0.5572908,1,imagenet_c,defocus_blur,1,none
efficientnet_b4,ILSVRC2012_val_00046085.JPEG,n01694178,47,47,0.5680498,1,imagenet_c,defocus_blur,1,none
efficientnet_b4,ILSVRC2012_val_00046882.JPEG,n01694178,47,47,0.62371343,1,imagenet_c,defocus_blur,1,none
efficientnet_b4,ILSVRC2012_val_00047203.JPEG,n01694178,47,47,0.43288136,1,imagenet_c,defocus_blur,1,none
efficientnet_b4,ILSVRC2012_val_00048675.JPEG,n01694178,47,47,0.5667812,1,imagenet_c,defocus_blur,1,none
efficientnet_b4,ILSVRC2012_val_00000541.JPEG,n01695060,48,48,0.73299265,1,imagenet_c,defocus_blur,1,none
efficientnet_b4,ILSVRC2012_val_00003865.JPEG,n01695060,48,48,0.6559324,1,imagenet_c,defocus_blur,1,none
efficientnet_b4,ILSVRC2012_val_00005052.JPEG,n01695060,48,341,0.15761273,0,imagenet_c,defocus_blur,1,none
efficientnet_b4,ILSVRC2012_val_00005180.JPEG,n01695060,48,48,0.22554886,1,imagenet_c,defocus_blur,1,none
efficientnet_b4,ILSVRC2012_val_00005539.JPEG,n01695060,48,48,0.2667198,1,imagenet_c,defocus_blur,1,none
efficientnet_b4,ILSVRC2012_val_00005574.JPEG,n01695060,48,48,0.776094,1,imagenet_c,defocus_blur,1,none
efficientnet_b4,ILSVRC2012_val_00006301.JPEG,n01695060,48,48,0.24596703,1,imagenet_c,defocus_blur,1,none
efficientnet_b4,ILSVRC2012_val_00006670.JPEG,n01695060,48,48,0.24813607,1,imagenet_c,defocus_blur,1,none
efficientnet_b4,ILSVRC2012_val_00006971.JPEG,n01695060,48,39,0.28628185,0,imagenet_c,defocus_blur,1,none
efficientnet_b4,ILSVRC2012_val_00008086.JPEG,n01695060,48,48,0.115975626,1,imagenet_c,defocus_blur,1,none
efficientnet_b4,ILSVRC2012_val_00008095.JPEG,n01695060,48,48,0.64638865,1,imagenet_c,defocus_blur,1,none
efficientnet_b4,ILSVRC2012_val_00008129.JPEG,n01695060,48,48,0.16035697,1,imagenet_c,defocus_blur,1,none
efficientnet_b4,ILSVRC2012_val_00008439.JPEG,n01695060,48,294,0.13003047,0,imagenet_c,defocus_blur,1,none
efficientnet_b4,ILSVRC2012_val_00008618.JPEG,n01695060,48,48,0.82208574,1,imagenet_c,defocus_blur,1,none
efficientnet_b4,ILSVRC2012_val_00008719.JPEG,n01695060,48,48,0.55110383,1,imagenet_c,defocus_blur,1,none
efficientnet_b4,ILSVRC2012_val_00010155.JPEG,n01695060,48,48,0.6155907,1,imagenet_c,defocus_blur,1,none
efficientnet_b4,ILSVRC2012_val_00010523.JPEG,n01695060,48,48,0.678956,1,imagenet_c,defocus_blur,1,none
efficientnet_b4,ILSVRC2012_val_00011093.JPEG,n01695060,48,32,0.3626383,0,imagenet_c,defocus_blur,1,none
efficientnet_b4,ILSVRC2012_val_00011927.JPEG,n01695060,48,104,0.03314672,0,imagenet_c,defocus_blur,1,none
efficientnet_b4,ILSVRC2012_val_00012342.JPEG,n01695060,48,48,0.61990404,1,imagenet_c,defocus_blur,1,none
efficientnet_b4,ILSVRC2012_val_00013272.JPEG,n01695060,48,48,0.58426046,1,imagenet_c,defocus_blur,1,none
efficientnet_b4,ILSVRC2012_val_00014794.JPEG,n01695060,48,336,0.08583747,0,imagenet_c,defocus_blur,1,none
efficientnet_b4,ILSVRC2012_val_00015855.JPEG,n01695060,48,48,0.38450152,1,imagenet_c,defocus_blur,1,none
efficientnet_b4,ILSVRC2012_val_00017497.JPEG,n01695060,48,48,0.14155187,1,imagenet_c,defocus_blur,1,none
efficientnet_b4,ILSVRC2012_val_00019652.JPEG,n01695060,48,39,0.35867557,0,imagenet_c,defocus_blur,1,none
efficientnet_b4,ILSVRC2012_val_00020596.JPEG,n01695060,48,48,0.744052,1,imagenet_c,defocus_blur,1,none
efficientnet_b4,ILSVRC2012_val_00022470.JPEG,n01695060,48,48,0.69752896,1,imagenet_c,defocus_blur,1,none
efficientnet_b4,ILSVRC2012_val_00024095.JPEG,n01695060,48,48,0.057211522,1,imagenet_c,defocus_blur,1,none
efficientnet_b4,ILSVRC2012_val_00026418.JPEG,n01695060,48,48,0.5522031,1,imagenet_c,defocus_blur,1,none
efficientnet_b4,ILSVRC2012_val_00027851.JPEG,n01695060,48,48,0.38916457,1,imagenet_c,defocus_blur,1,none
efficientnet_b4,ILSVRC2012_val_00030703.JPEG,n01695060,48,48,0.56868255,1,imagenet_c,defocus_blur,1,none
efficientnet_b4,ILSVRC2012_val_00030814.JPEG,n01695060,48,134,0.027124781,0,imagenet_c,defocus_blur,1,none
efficientnet_b4,ILSVRC2012_val_00031277.JPEG,n01695060,48,48,0.47468495,1,imagenet_c,defocus_blur,1,none
efficientnet_b4,ILSVRC2012_val_00031507.JPEG,n01695060,48,48,0.31286836,1,imagenet_c,defocus_blur,1,none
efficientnet_b4,ILSVRC2012_val_00033932.JPEG,n01695060,48,48,0.7132119,1,imagenet_c,defocus_blur,1,none
efficientnet_b4,ILSVRC2012_val_00034125.JPEG,n01695060,48,48,0.5471257,1,imagenet_c,defocus_blur,1,none
efficientnet_b4,ILSVRC2012_val_00034346.JPEG,n01695060,48,48,0.39986268,1,imagenet_c,defocus_blur,1,none
efficientnet_b4,ILSVRC2012_val_00034669.JPEG,n01695060,48,48,0.65540063,1,imagenet_c,defocus_blur,1,none
efficientnet_b4,ILSVRC2012_val_00034962.JPEG,n01695060,48,35,0.26382896,0,imagenet_c,defocus_blur,1,none
efficientnet_b4,ILSVRC2012_val_00035102.JPEG,n01695060,48,48,0.49965388,1,imagenet_c,defocus_blur,1,none
efficientnet_b4,ILSVRC2012_val_00036512.JPEG,n01695060,48,48,0.14000359,1,imagenet_c,defocus_blur,1,none
efficientnet_b4,ILSVRC2012_val_00036971.JPEG,n01695060,48,48,0.29890463,1,imagenet_c,defocus_blur,1,none
efficientnet_b4,ILSVRC2012_val_00037262.JPEG,n01695060,48,48,0.87662494,1,imagenet_c,defocus_blur,1,none
efficientnet_b4,ILSVRC2012_val_00037264.JPEG,n01695060,48,48,0.60938096,1,imagenet_c,defocus_blur,1,none
efficientnet_b4,ILSVRC2012_val_00038248.JPEG,n01695060,48,48,0.3164351,1,imagenet_c,defocus_blur,1,none
efficientnet_b4,ILSVRC2012_val_00039578.JPEG,n01695060,48,48,0.55334365,1,imagenet_c,defocus_blur,1,none
efficientnet_b4,ILSVRC2012_val_00042124.JPEG,n01695060,48,48,0.7069622,1,imagenet_c,defocus_blur,1,none
efficientnet_b4,ILSVRC2012_val_00045815.JPEG,n01695060,48,48,0.7008915,1,imagenet_c,defocus_blur,1,none
efficientnet_b4,ILSVRC2012_val_00049420.JPEG,n01695060,48,48,0.7758525,1,imagenet_c,defocus_blur,1,none
efficientnet_b4,ILSVRC2012_val_00049602.JPEG,n01695060,48,48,0.64089286,1,imagenet_c,defocus_blur,1,none
efficientnet_b4,ILSVRC2012_val_00001573.JPEG,n01697457,49,49,0.51908106,1,imagenet_c,defocus_blur,1,none
efficientnet_b4,ILSVRC2012_val_00003101.JPEG,n01697457,49,49,0.2010365,1,imagenet_c,defocus_blur,1,none
efficientnet_b4,ILSVRC2012_val_00005815.JPEG,n01697457,49,41,0.25278172,0,imagenet_c,defocus_blur,1,none
efficientnet_b4,ILSVRC2012_val_00006286.JPEG,n01697457,49,49,0.062103935,1,imagenet_c,defocus_blur,1,none
efficientnet_b4,ILSVRC2012_val_00007122.JPEG,n01697457,49,49,0.86560327,1,imagenet_c,defocus_blur,1,none
efficientnet_b4,ILSVRC2012_val_00007266.JPEG,n01697457,49,128,0.052080557,0,imagenet_c,defocus_blur,1,none
efficientnet_b4,ILSVRC2012_val_00007934.JPEG,n01697457,49,128,0.22609523,0,imagenet_c,defocus_blur,1,none
efficientnet_b4,ILSVRC2012_val_00008146.JPEG,n01697457,49,49,0.5231723,1,imagenet_c,defocus_blur,1,none
efficientnet_b4,ILSVRC2012_val_00008469.JPEG,n01697457,49,344,0.08689693,0,imagenet_c,defocus_blur,1,none
efficientnet_b4,ILSVRC2012_val_00010904.JPEG,n01697457,49,112,0.118609704,0,imagenet_c,defocus_blur,1,none
efficientnet_b4,ILSVRC2012_val_00013072.JPEG,n01697457,49,50,0.37848344,0,imagenet_c,defocus_blur,1,none
efficientnet_b4,ILSVRC2012_val_00017459.JPEG,n01697457,49,132,0.02618863,0,imagenet_c,defocus_blur,1,none
efficientnet_b4,ILSVRC2012_val_00017963.JPEG,n01697457,49,49,0.17215323,1,imagenet_c,defocus_blur,1,none
efficientnet_b4,ILSVRC2012_val_00018000.JPEG,n01697457,49,49,0.6705514,1,imagenet_c,defocus_blur,1,none
efficientnet_b4,ILSVRC2012_val_00018876.JPEG,n01697457,49,660,0.040380236,0,imagenet_c,defocus_blur,1,none
efficientnet_b4,ILSVRC2012_val_00019257.JPEG,n01697457,49,49,0.57286924,1,imagenet_c,defocus_blur,1,none
efficientnet_b4,ILSVRC2012_val_00020667.JPEG,n01697457,49,106,0.034309324,0,imagenet_c,defocus_blur,1,none
efficientnet_b4,ILSVRC2012_val_00021109.JPEG,n01697457,49,49,0.62185645,1,imagenet_c,defocus_blur,1,none
efficientnet_b4,ILSVRC2012_val_00022812.JPEG,n01697457,49,49,0.18226944,1,imagenet_c,defocus_blur,1,none
efficientnet_b4,ILSVRC2012_val_00023759.JPEG,n01697457,49,32,0.09448411,0,imagenet_c,defocus_blur,1,none
efficientnet_b4,ILSVRC2012_val_00025463.JPEG,n01697457,49,395,0.14328642,0,imagenet_c,defocus_blur,1,none
efficientnet_b4,ILSVRC2012_val_00027263.JPEG,n01697457,49,344,0.11444475,0,imagenet_c,defocus_blur,1,none
efficientnet_b4,ILSVRC2012_val_00027760.JPEG,n01697457,49,49,0.6923075,1,imagenet_c,defocus_blur,1,none
efficientnet_b4,ILSVRC2012_val_00030026.JPEG,n01697457,49,49,0.6132814,1,imagenet_c,defocus_blur,1,none
efficientnet_b4,ILSVRC2012_val_00030076.JPEG,n01697457,49,390,0.35196012,0,imagenet_c,defocus_blur,1,none
efficientnet_b4,ILSVRC2012_val_00031586.JPEG,n01697457,49,49,0.77790576,1,imagenet_c,defocus_blur,1,none
efficientnet_b4,ILSVRC2012_val_00032587.JPEG,n01697457,49,49,0.27948684,1,imagenet_c,defocus_blur,1,none
efficientnet_b4,ILSVRC2012_val_00033030.JPEG,n01697457,49,49,0.695709,1,imagenet_c,defocus_blur,1,none
efficientnet_b4,ILSVRC2012_val_00034085.JPEG,n01697457,49,49,0.16022791,1,imagenet_c,defocus_blur,1,none
efficientnet_b4,ILSVRC2012_val_00034898.JPEG,n01697457,49,336,0.017379163,0,imagenet_c,defocus_blur,1,none
efficientnet_b4,ILSVRC2012_val_00035286.JPEG,n01697457,49,975,0.09318151,0,imagenet_c,defocus_blur,1,none
efficientnet_b4,ILSVRC2012_val_00035623.JPEG,n01697457,49,49,0.16135903,1,imagenet_c,defocus_blur,1,none
efficientnet_b4,ILSVRC2012_val_00036455.JPEG,n01697457,49,49,0.09886744,1,imagenet_c,defocus_blur,1,none
efficientnet_b4,ILSVRC2012_val_00037166.JPEG,n01697457,49,49,0.32271147,1,imagenet_c,defocus_blur,1,none
efficientnet_b4,ILSVRC2012_val_00037392.JPEG,n01697457,49,42,0.08584882,0,imagenet_c,defocus_blur,1,none
efficientnet_b4,ILSVRC2012_val_00037729.JPEG,n01697457,49,49,0.5892045,1,imagenet_c,defocus_blur,1,none
efficientnet_b4,ILSVRC2012_val_00038188.JPEG,n01697457,49,445,0.072051056,0,imagenet_c,defocus_blur,1,none
efficientnet_b4,ILSVRC2012_val_00038287.JPEG,n01697457,49,49,0.04380256,1,imagenet_c,defocus_blur,1,none
efficientnet_b4,ILSVRC2012_val_00038647.JPEG,n01697457,49,49,0.21340264,1,imagenet_c,defocus_blur,1,none
efficientnet_b4,ILSVRC2012_val_00040998.JPEG,n01697457,49,49,0.4458933,1,imagenet_c,defocus_blur,1,none
efficientnet_b4,ILSVRC2012_val_00041980.JPEG,n01697457,49,49,0.24380647,1,imagenet_c,defocus_blur,1,none
efficientnet_b4,ILSVRC2012_val_00042027.JPEG,n01697457,49,44,0.43514305,0,imagenet_c,defocus_blur,1,none
efficientnet_b4,ILSVRC2012_val_00042304.JPEG,n01697457,49,49,0.018907532,1,imagenet_c,defocus_blur,1,none
efficientnet_b4,ILSVRC2012_val_00043428.JPEG,n01697457,49,49,0.16272956,1,imagenet_c,defocus_blur,1,none
efficientnet_b4,ILSVRC2012_val_00044058.JPEG,n01697457,49,49,0.32425234,1,imagenet_c,defocus_blur,1,none
efficientnet_b4,ILSVRC2012_val_00044589.JPEG,n01697457,49,103,0.041239638,0,imagenet_c,defocus_blur,1,none
efficientnet_b4,ILSVRC2012_val_00045077.JPEG,n01697457,49,58,0.12533076,0,imagenet_c,defocus_blur,1,none
efficientnet_b4,ILSVRC2012_val_00049373.JPEG,n01697457,49,20,0.25728828,0,imagenet_c,defocus_blur,1,none
efficientnet_b4,ILSVRC2012_val_00049954.JPEG,n01697457,49,29,0.08793865,0,imagenet_c,defocus_blur,1,none
efficientnet_b4,ILSVRC2012_val_00049980.JPEG,n01697457,49,49,0.3108333,1,imagenet_c,defocus_blur,1,none
efficientnet_b4,ILSVRC2012_val_00000090.JPEG,n01698640,50,50,0.29225448,1,imagenet_c,defocus_blur,1,none
efficientnet_b4,ILSVRC2012_val_00001338.JPEG,n01698640,50,50,0.49216586,1,imagenet_c,defocus_blur,1,none
efficientnet_b4,ILSVRC2012_val_00003688.JPEG,n01698640,50,975,0.24161297,0,imagenet_c,defocus_blur,1,none
efficientnet_b4,ILSVRC2012_val_00004009.JPEG,n01698640,50,50,0.30399865,1,imagenet_c,defocus_blur,1,none
efficientnet_b4,ILSVRC2012_val_00004106.JPEG,n01698640,50,50,0.30732897,1,imagenet_c,defocus_blur,1,none
efficientnet_b4,ILSVRC2012_val_00004402.JPEG,n01698640,50,29,0.26225385,0,imagenet_c,defocus_blur,1,none
efficientnet_b4,ILSVRC2012_val_00004735.JPEG,n01698640,50,50,0.39327252,1,imagenet_c,defocus_blur,1,none
efficientnet_b4,ILSVRC2012_val_00006151.JPEG,n01698640,50,29,0.547217,0,imagenet_c,defocus_blur,1,none
efficientnet_b4,ILSVRC2012_val_00006377.JPEG,n01698640,50,50,0.4627791,1,imagenet_c,defocus_blur,1,none
efficientnet_b4,ILSVRC2012_val_00006516.JPEG,n01698640,50,103,0.5154129,0,imagenet_c,defocus_blur,1,none
efficientnet_b4,ILSVRC2012_val_00007238.JPEG,n01698640,50,103,0.071544886,0,imagenet_c,defocus_blur,1,none
efficientnet_b4,ILSVRC2012_val_00007750.JPEG,n01698640,50,50,0.7282787,1,imagenet_c,defocus_blur,1,none
efficientnet_b4,ILSVRC2012_val_00009083.JPEG,n01698640,50,50,0.046965256,1,imagenet_c,defocus_blur,1,none
efficientnet_b4,ILSVRC2012_val_00010395.JPEG,n01698640,50,29,0.3664905,0,imagenet_c,defocus_blur,1,none
efficientnet_b4,ILSVRC2012_val_00010826.JPEG,n01698640,50,49,0.37092784,0,imagenet_c,defocus_blur,1,none
efficientnet_b4,ILSVRC2012_val_00011243.JPEG,n01698640,50,50,0.35780153,1,imagenet_c,defocus_blur,1,none
efficientnet_b4,ILSVRC2012_val_00018666.JPEG,n01698640,50,50,0.51891655,1,imagenet_c,defocus_blur,1,none
efficientnet_b4,ILSVRC2012_val_00020290.JPEG,n01698640,50,49,0.33848554,0,imagenet_c,defocus_blur,1,none
efficientnet_b4,ILSVRC2012_val_00020586.JPEG,n01698640,50,164,0.12374352,0,imagenet_c,defocus_blur,1,none
efficientnet_b4,ILSVRC2012_val_00021236.JPEG,n01698640,50,103,0.52677375,0,imagenet_c,defocus_blur,1,none
efficientnet_b4,ILSVRC2012_val_00021497.JPEG,n01698640,50,132,0.09177206,0,imagenet_c,defocus_blur,1,none
efficientnet_b4,ILSVRC2012_val_00022522.JPEG,n01698640,50,50,0.39958325,1,imagenet_c,defocus_blur,1,none
efficientnet_b4,ILSVRC2012_val_00022545.JPEG,n01698640,50,36,0.3637603,0,imagenet_c,defocus_blur,1,none
efficientnet_b4,ILSVRC2012_val_00023902.JPEG,n01698640,50,739,0.04733424,0,imagenet_c,defocus_blur,1,none
efficientnet_b4,ILSVRC2012_val_00024146.JPEG,n01698640,50,50,0.61779314,1,imagenet_c,defocus_blur,1,none
efficientnet_b4,ILSVRC2012_val_00025755.JPEG,n01698640,50,336,0.042298313,0,imagenet_c,defocus_blur,1,none
efficientnet_b4,ILSVRC2012_val_00026191.JPEG,n01698640,50,405,0.043777905,0,imagenet_c,defocus_blur,1,none
efficientnet_b4,ILSVRC2012_val_00027134.JPEG,n01698640,50,50,0.2104289,1,imagenet_c,defocus_blur,1,none
efficientnet_b4,ILSVRC2012_val_00027872.JPEG,n01698640,50,50,0.48573476,1,imagenet_c,defocus_blur,1,none
efficientnet_b4,ILSVRC2012_val_00031637.JPEG,n01698640,50,50,0.26926464,1,imagenet_c,defocus_blur,1,none
efficientnet_b4,ILSVRC2012_val_00032796.JPEG,n01698640,50,58,0.62371904,0,imagenet_c,defocus_blur,1,none
efficientnet_b4,ILSVRC2012_val_00033134.JPEG,n01698640,50,50,0.69470096,1,imagenet_c,defocus_blur,1,none
efficientnet_b4,ILSVRC2012_val_00037268.JPEG,n01698640,50,101,0.05189806,0,imagenet_c,defocus_blur,1,none
efficientnet_b4,ILSVRC2012_val_00038265.JPEG,n01698640,50,50,0.06317423,1,imagenet_c,defocus_blur,1,none
efficientnet_b4,ILSVRC2012_val_00038620.JPEG,n01698640,50,50,0.31357324,1,imagenet_c,defocus_blur,1,none
efficientnet_b4,ILSVRC2012_val_00038856.JPEG,n01698640,50,34,0.30820262,0,imagenet_c,defocus_blur,1,none
efficientnet_b4,ILSVRC2012_val_00039475.JPEG,n01698640,50,103,0.21539858,0,imagenet_c,defocus_blur,1,none
efficientnet_b4,ILSVRC2012_val_00039888.JPEG,n01698640,50,395,0.23770994,0,imagenet_c,defocus_blur,1,none
efficientnet_b4,ILSVRC2012_val_00040145.JPEG,n01698640,50,50,0.43128222,1,imagenet_c,defocus_blur,1,none
efficientnet_b4,ILSVRC2012_val_00040930.JPEG,n01698640,50,50,0.08893083,1,imagenet_c,defocus_blur,1,none
efficientnet_b4,ILSVRC2012_val_00041665.JPEG,n01698640,50,855,0.42307416,0,imagenet_c,defocus_blur,1,none
efficientnet_b4,ILSVRC2012_val_00043473.JPEG,n01698640,50,50,0.4249208,1,imagenet_c,defocus_blur,1,none
efficientnet_b4,ILSVRC2012_val_00045338.JPEG,n01698640,50,34,0.1545044,0,imagenet_c,defocus_blur,1,none
efficientnet_b4,ILSVRC2012_val_00045362.JPEG,n01698640,50,103,0.37286168,0,imagenet_c,defocus_blur,1,none
efficientnet_b4,ILSVRC2012_val_00046615.JPEG,n01698640,50,50,0.51128256,1,imagenet_c,defocus_blur,1,none
efficientnet_b4,ILSVRC2012_val_00047405.JPEG,n01698640,50,131,0.05913865,0,imagenet_c,defocus_blur,1,none
efficientnet_b4,ILSVRC2012_val_00048542.JPEG,n01698640,50,50,0.22870329,1,imagenet_c,defocus_blur,1,none
efficientnet_b4,ILSVRC2012_val_00048828.JPEG,n01698640,50,141,0.10140386,0,imagenet_c,defocus_blur,1,none
efficientnet_b4,ILSVRC2012_val_00049333.JPEG,n01698640,50,50,0.7116184,1,imagenet_c,defocus_blur,1,none
efficientnet_b4,ILSVRC2012_val_00049732.JPEG,n01698640,50,50,0.5094983,1,imagenet_c,defocus_blur,1,none
efficientnet_b4,ILSVRC2012_val_00002051.JPEG,n01704323,51,51,0.06562431,1,imagenet_c,defocus_blur,1,none
efficientnet_b4,ILSVRC2012_val_00002939.JPEG,n01704323,51,51,0.58211225,1,imagenet_c,defocus_blur,1,none
efficientnet_b4,ILSVRC2012_val_00003603.JPEG,n01704323,51,51,0.56344056,1,imagenet_c,defocus_blur,1,none
efficientnet_b4,ILSVRC2012_val_00004310.JPEG,n01704323,51,51,0.55639124,1,imagenet_c,defocus_blur,1,none
efficientnet_b4,ILSVRC2012_val_00004369.JPEG,n01704323,51,51,0.58164316,1,imagenet_c,defocus_blur,1,none
efficientnet_b4,ILSVRC2012_val_00004921.JPEG,n01704323,51,51,0.56066656,1,imagenet_c,defocus_blur,1,none
efficientnet_b4,ILSVRC2012_val_00006120.JPEG,n01704323,51,51,0.6030119,1,imagenet_c,defocus_blur,1,none
efficientnet_b4,ILSVRC2012_val_00007015.JPEG,n01704323,51,51,0.17980963,1,imagenet_c,defocus_blur,1,none
efficientnet_b4,ILSVRC2012_val_00007339.JPEG,n01704323,51,51,0.5409556,1,imagenet_c,defocus_blur,1,none
efficientnet_b4,ILSVRC2012_val_00009035.JPEG,n01704323,51,417,0.21752737,0,imagenet_c,defocus_blur,1,none
efficientnet_b4,ILSVRC2012_val_00010061.JPEG,n01704323,51,51,0.77085376,1,imagenet_c,defocus_blur,1,none
efficientnet_b4,ILSVRC2012_val_00010602.JPEG,n01704323,51,345,0.20662312,0,imagenet_c,defocus_blur,1,none
efficientnet_b4,ILSVRC2012_val_00010634.JPEG,n01704323,51,51,0.5122358,1,imagenet_c,defocus_blur,1,none
efficientnet_b4,ILSVRC2012_val_00010761.JPEG,n01704323,51,35,0.070468985,0,imagenet_c,defocus_blur,1,none
efficientnet_b4,ILSVRC2012_val_00016258.JPEG,n01704323,51,51,0.7453174,1,imagenet_c,defocus_blur,1,none
efficientnet_b4,ILSVRC2012_val_00017061.JPEG,n01704323,51,51,0.35283262,1,imagenet_c,defocus_blur,1,none
efficientnet_b4,ILSVRC2012_val_00017572.JPEG,n01704323,51,51,0.5174893,1,imagenet_c,defocus_blur,1,none
efficientnet_b4,ILSVRC2012_val_00017962.JPEG,n01704323,51,51,0.575035,1,imagenet_c,defocus_blur,1,none
efficientnet_b4,ILSVRC2012_val_00018983.JPEG,n01704323,51,51,0.27288824,1,imagenet_c,defocus_blur,1,none
efficientnet_b4,ILSVRC2012_val_00019587.JPEG,n01704323,51,51,0.55004495,1,imagenet_c,defocus_blur,1,none
efficientnet_b4,ILSVRC2012_val_00019894.JPEG,n01704323,51,51,0.20357244,1,imagenet_c,defocus_blur,1,none
efficientnet_b4,ILSVRC2012_val_00020061.JPEG,n01704323,51,51,0.58720076,1,imagenet_c,defocus_blur,1,none
efficientnet_b4,ILSVRC2012_val_00021164.JPEG,n01704323,51,51,0.42872116,1,imagenet_c,defocus_blur,1,none
efficientnet_b4,ILSVRC2012_val_00024753.JPEG,n01704323,51,51,0.67009723,1,imagenet_c,defocus_blur,1,none
efficientnet_b4,ILSVRC2012_val_00024993.JPEG,n01704323,51,51,0.25502932,1,imagenet_c,defocus_blur,1,none
efficientnet_b4,ILSVRC2012_val_00025799.JPEG,n01704323,51,51,0.7233888,1,imagenet_c,defocus_blur,1,none
efficientnet_b4,ILSVRC2012_val_00027193.JPEG,n01704323,51,51,0.6352885,1,imagenet_c,defocus_blur,1,none
efficientnet_b4,ILSVRC2012_val_00027483.JPEG,n01704323,51,51,0.11724438,1,imagenet_c,defocus_blur,1,none
efficientnet_b4,ILSVRC2012_val_00027700.JPEG,n01704323,51,51,0.43632114,1,imagenet_c,defocus_blur,1,none
efficientnet_b4,ILSVRC2012_val_00028812.JPEG,n01704323,51,51,0.37230936,1,imagenet_c,defocus_blur,1,none
efficientnet_b4,ILSVRC2012_val_00029231.JPEG,n01704323,51,51,0.31690714,1,imagenet_c,defocus_blur,1,none
efficientnet_b4,ILSVRC2012_val_00030212.JPEG,n01704323,51,51,0.6191369,1,imagenet_c,defocus_blur,1,none
efficientnet_b4,ILSVRC2012_val_00035687.JPEG,n01704323,51,51,0.6805364,1,imagenet_c,defocus_blur,1,none
efficientnet_b4,ILSVRC2012_val_00036430.JPEG,n01704323,51,51,0.62929416,1,imagenet_c,defocus_blur,1,none
efficientnet_b4,ILSVRC2012_val_00038815.JPEG,n01704323,51,51,0.19498767,1,imagenet_c,defocus_blur,1,none
efficientnet_b4,ILSVRC2012_val_00040206.JPEG,n01704323,51,450,0.07995778,0,imagenet_c,defocus_blur,1,none
efficientnet_b4,ILSVRC2012_val_00041922.JPEG,n01704323,51,51,0.55105597,1,imagenet_c,defocus_blur,1,none
efficientnet_b4,ILSVRC2012_val_00043422.JPEG,n01704323,51,233,0.022913147,0,imagenet_c,defocus_blur,1,none
efficientnet_b4,ILSVRC2012_val_00044007.JPEG,n01704323,51,51,0.59916914,1,imagenet_c,defocus_blur,1,none
efficientnet_b4,ILSVRC2012_val_00044692.JPEG,n01704323,51,342,0.1968516,0,imagenet_c,defocus_blur,1,none
efficientnet_b4,ILSVRC2012_val_00046649.JPEG,n01704323,51,51,0.77803445,1,imagenet_c,defocus_blur,1,none
efficientnet_b4,ILSVRC2012_val_00047321.JPEG,n01704323,51,51,0.5679847,1,imagenet_c,defocus_blur,1,none
efficientnet_b4,ILSVRC2012_val_00047656.JPEG,n01704323,51,51,0.41381413,1,imagenet_c,defocus_blur,1,none
efficientnet_b4,ILSVRC2012_val_00047970.JPEG,n01704323,51,51,0.61029494,1,imagenet_c,defocus_blur,1,none
efficientnet_b4,ILSVRC2012_val_00048212.JPEG,n01704323,51,51,0.63854116,1,imagenet_c,defocus_blur,1,none
efficientnet_b4,ILSVRC2012_val_00048509.JPEG,n01704323,51,51,0.4984444,1,imagenet_c,defocus_blur,1,none
efficientnet_b4,ILSVRC2012_val_00048548.JPEG,n01704323,51,32,0.064232305,0,imagenet_c,defocus_blur,1,none
efficientnet_b4,ILSVRC2012_val_00048791.JPEG,n01704323,51,51,0.5841678,1,imagenet_c,defocus_blur,1,none
efficientnet_b4,ILSVRC2012_val_00049395.JPEG,n01704323,51,51,0.5705882,1,imagenet_c,defocus_blur,1,none
efficientnet_b4,ILSVRC2012_val_00049495.JPEG,n01704323,51,51,0.61067164,1,imagenet_c,defocus_blur,1,none
efficientnet_b4,ILSVRC2012_val_00003569.JPEG,n01728572,52,52,0.76763374,1,imagenet_c,defocus_blur,1,none
efficientnet_b4,ILSVRC2012_val_00004269.JPEG,n01728572,52,52,0.3343378,1,imagenet_c,defocus_blur,1,none
efficientnet_b4,ILSVRC2012_val_00004927.JPEG,n01728572,52,52,0.7726523,1,imagenet_c,defocus_blur,1,none
efficientnet_b4,ILSVRC2012_val_00005132.JPEG,n01728572,52,52,0.47768417,1,imagenet_c,defocus_blur,1,none
efficientnet_b4,ILSVRC2012_val_00007114.JPEG,n01728572,52,52,0.67662895,1,imagenet_c,defocus_blur,1,none
efficientnet_b4,ILSVRC2012_val_00008399.JPEG,n01728572,52,52,0.2543459,1,imagenet_c,defocus_blur,1,none
efficientnet_b4,ILSVRC2012_val_00008654.JPEG,n01728572,52,52,0.6855566,1,imagenet_c,defocus_blur,1,none
efficientnet_b4,ILSVRC2012_val_00010185.JPEG,n01728572,52,52,0.41465548,1,imagenet_c,defocus_blur,1,none
efficientnet_b4,ILSVRC2012_val_00010830.JPEG,n01728572,52,52,0.9051998,1,imagenet_c,defocus_blur,1,none
efficientnet_b4,ILSVRC2012_val_00012331.JPEG,n01728572,52,52,0.66680914,1,imagenet_c,defocus_blur,1,none
efficientnet_b4,ILSVRC2012_val_00014797.JPEG,n01728572,52,53,0.35411748,0,imagenet_c,defocus_blur,1,none
efficientnet_b4,ILSVRC2012_val_00015644.JPEG,n01728572,52,52,0.68664896,1,imagenet_c,defocus_blur,1,none
efficientnet_b4,ILSVRC2012_val_00016095.JPEG,n01728572,52,76,0.12760586,0,imagenet_c,defocus_blur,1,none
efficientnet_b4,ILSVRC2012_val_00016737.JPEG,n01728572,52,52,0.73460823,1,imagenet_c,defocus_blur,1,none
efficientnet_b4,ILSVRC2012_val_00017109.JPEG,n01728572,52,52,0.5710456,1,imagenet_c,defocus_blur,1,none
efficientnet_b4,ILSVRC2012_val_00018168.JPEG,n01728572,52,945,0.16597204,0,imagenet_c,defocus_blur,1,none
efficientnet_b4,ILSVRC2012_val_00018724.JPEG,n01728572,52,52,0.30648714,1,imagenet_c,defocus_blur,1,none
efficientnet_b4,ILSVRC2012_val_00018775.JPEG,n01728572,52,52,0.2456775,1,imagenet_c,defocus_blur,1,none
efficientnet_b4,ILSVRC2012_val_00019709.JPEG,n01728572,52,52,0.50557816,1,imagenet_c,defocus_blur,1,none
efficientnet_b4,ILSVRC2012_val_00019722.JPEG,n01728572,52,52,0.6988974,1,imagenet_c,defocus_blur,1,none
efficientnet_b4,ILSVRC2012_val_00020383.JPEG,n01728572,52,52,0.5861736,1,imagenet_c,defocus_blur,1,none
efficientnet_b4,ILSVRC2012_val_00022016.JPEG,n01728572,52,52,0.73036176,1,imagenet_c,defocus_blur,1,none
efficientnet_b4,ILSVRC2012_val_00022901.JPEG,n01728572,52,52,0.534743,1,imagenet_c,defocus_blur,1,none
efficientnet_b4,ILSVRC2012_val_00023085.JPEG,n01728572,52,52,0.6005009,1,imagenet_c,defocus_blur,1,none
efficientnet_b4,ILSVRC2012_val_00024117.JPEG,n01728572,52,52,0.680327,1,imagenet_c,defocus_blur,1,none
efficientnet_b4,ILSVRC2012_val_00024301.JPEG,n01728572,52,52,0.18438259,1,imagenet_c,defocus_blur,1,none
efficientnet_b4,ILSVRC2012_val_00026992.JPEG,n01728572,52,52,0.7367407,1,imagenet_c,defocus_blur,1,none
efficientnet_b4,ILSVRC2012_val_00027142.JPEG,n01728572,52,52,0.610783,1,imagenet_c,defocus_blur,1,none
efficientnet_b4,ILSVRC2012_val_00027680.JPEG,n01728572,52,52,0.71871614,1,imagenet_c,defocus_blur,1,none
efficientnet_b4,ILSVRC2012_val_00027950.JPEG,n01728572,52,52,0.590588,1,imagenet_c,defocus_blur,1,none
efficientnet_b4,ILSVRC2012_val_00028800.JPEG,n01728572,52,52,0.40658018,1,imagenet_c,defocus_blur,1,none
efficientnet_b4,ILSVRC2012_val_00032556.JPEG,n01728572,52,52,0.5164727,1,imagenet_c,defocus_blur,1,none
efficientnet_b4,ILSVRC2012_val_00033391.JPEG,n01728572,52,79,0.59636116,0,imagenet_c,defocus_blur,1,none
efficientnet_b4,ILSVRC2012_val_00033517.JPEG,n01728572,52,993,0.047768235,0,imagenet_c,defocus_blur,1,none
efficientnet_b4,ILSVRC2012_val_00033762.JPEG,n01728572,52,52,0.59216636,1,imagenet_c,defocus_blur,1,none
efficientnet_b4,ILSVRC2012_val_00035167.JPEG,n01728572,52,41,0.09472856,0,imagenet_c,defocus_blur,1,none
efficientnet_b4,ILSVRC2012_val_00035265.JPEG,n01728572,52,111,0.08397244,0,imagenet_c,defocus_blur,1,none
efficientnet_b4,ILSVRC2012_val_00036166.JPEG,n01728572,52,52,0.63547635,1,imagenet_c,defocus_blur,1,none
efficientnet_b4,ILSVRC2012_val_00036190.JPEG,n01728572,52,53,0.42145965,0,imagenet_c,defocus_blur,1,none
efficientnet_b4,ILSVRC2012_val_00037469.JPEG,n01728572,52,52,0.2530861,1,imagenet_c,defocus_blur,1,none
efficientnet_b4,ILSVRC2012_val_00037677.JPEG,n01728572,52,53,0.40972403,0,imagenet_c,defocus_blur,1,none
efficientnet_b4,ILSVRC2012_val_00040382.JPEG,n01728572,52,52,0.72132516,1,imagenet_c,defocus_blur,1,none
efficientnet_b4,ILSVRC2012_val_00040658.JPEG,n01728572,52,52,0.71184796,1,imagenet_c,defocus_blur,1,none
efficientnet_b4,ILSVRC2012_val_00041383.JPEG,n01728572,52,314,0.15099312,0,imagenet_c,defocus_blur,1,none
efficientnet_b4,ILSVRC2012_val_00042100.JPEG,n01728572,52,52,0.70820266,1,imagenet_c,defocus_blur,1,none
efficientnet_b4,ILSVRC2012_val_00042352.JPEG,n01728572,52,677,0.07722405,0,imagenet_c,defocus_blur,1,none
efficientnet_b4,ILSVRC2012_val_00043966.JPEG,n01728572,52,52,0.35620344,1,imagenet_c,defocus_blur,1,none
efficientnet_b4,ILSVRC2012_val_00046257.JPEG,n01728572,52,52,0.7642465,1,imagenet_c,defocus_blur,1,none
efficientnet_b4,ILSVRC2012_val_00049017.JPEG,n01728572,52,441,0.35479975,0,imagenet_c,defocus_blur,1,none
efficientnet_b4,ILSVRC2012_val_00049167.JPEG,n01728572,52,52,0.2276135,1,imagenet_c,defocus_blur,1,none
efficientnet_b4,ILSVRC2012_val_00001042.JPEG,n01728920,53,53,0.57599795,1,imagenet_c,defocus_blur,1,none
efficientnet_b4,ILSVRC2012_val_00001703.JPEG,n01728920,53,53,0.61859965,1,imagenet_c,defocus_blur,1,none
efficientnet_b4,ILSVRC2012_val_00002890.JPEG,n01728920,53,53,0.65965235,1,imagenet_c,defocus_blur,1,none
efficientnet_b4,ILSVRC2012_val_00004351.JPEG,n01728920,53,759,0.09022562,0,imagenet_c,defocus_blur,1,none
efficientnet_b4,ILSVRC2012_val_00005818.JPEG,n01728920,53,53,0.7205205,1,imagenet_c,defocus_blur,1,none
efficientnet_b4,ILSVRC2012_val_00006098.JPEG,n01728920,53,53,0.7100945,1,imagenet_c,defocus_blur,1,none
efficientnet_b4,ILSVRC2012_val_00006284.JPEG,n01728920,53,53,0.5515729,1,imagenet_c,defocus_blur,1,none
efficientnet_b4,ILSVRC2012_val_00007719.JPEG,n01728920,53,53,0.48294523,1,imagenet_c,defocus_blur,1,none
efficientnet_b4,ILSVRC2012_val_00007795.JPEG,n01728920,53,53,0.27122647,1,imagenet_c,defocus_blur,1,none
efficientnet_b4,ILSVRC2012_val_00009580.JPEG,n01728920,53,53,0.5952746,1,imagenet_c,defocus_blur,1,none
efficientnet_b4,ILSVRC2012_val_00013215.JPEG,n01728920,53,53,0.38123715,1,imagenet_c,defocus_blur,1,none
efficientnet_b4,ILSVRC2012_val_00013751.JPEG,n01728920,53,59,0.38829577,0,imagenet_c,defocus_blur,1,none
efficientnet_b4,ILSVRC2012_val_00013802.JPEG,n01728920,53,53,0.35057524,1,imagenet_c,defocus_blur,1,none
efficientnet_b4,ILSVRC2012_val_00013992.JPEG,n01728920,53,53,0.54570484,1,imagenet_c,defocus_blur,1,none
efficientnet_b4,ILSVRC2012_val_00014021.JPEG,n01728920,53,53,0.6724745,1,imagenet_c,defocus_blur,1,none
efficientnet_b4,ILSVRC2012_val_00014069.JPEG,n01728920,53,53,0.49492198,1,imagenet_c,defocus_blur,1,none
efficientnet_b4,ILSVRC2012_val_00014828.JPEG,n01728920,53,53,0.31119123,1,imagenet_c,defocus_blur,1,none
efficientnet_b4,ILSVRC2012_val_00014875.JPEG,n01728920,53,53,0.4815829,1,imagenet_c,defocus_blur,1,none
efficientnet_b4,ILSVRC2012_val_00014943.JPEG,n01728920,53,53,0.40321884,1,imagenet_c,defocus_blur,1,none
efficientnet_b4,ILSVRC2012_val_00015488.JPEG,n01728920,53,111,0.33651862,0,imagenet_c,defocus_blur,1,none
efficientnet_b4,ILSVRC2012_val_00016321.JPEG,n01728920,53,53,0.615898,1,imagenet_c,defocus_blur,1,none
efficientnet_b4,ILSVRC2012_val_00018034.JPEG,n01728920,53,53,0.60076845,1,imagenet_c,defocus_blur,1,none
efficientnet_b4,ILSVRC2012_val_00018041.JPEG,n01728920,53,119,0.18757454,0,imagenet_c,defocus_blur,1,none
efficientnet_b4,ILSVRC2012_val_00018398.JPEG,n01728920,53,297,0.03477461,0,imagenet_c,defocus_blur,1,none
efficientnet_b4,ILSVRC2012_val_00019966.JPEG,n01728920,53,53,0.63359886,1,imagenet_c,defocus_blur,1,none
efficientnet_b4,ILSVRC2012_val_00020274.JPEG,n01728920,53,53,0.79532623,1,imagenet_c,defocus_blur,1,none
efficientnet_b4,ILSVRC2012_val_00020543.JPEG,n01728920,53,53,0.5341677,1,imagenet_c,defocus_blur,1,none
efficientnet_b4,ILSVRC2012_val_00024599.JPEG,n01728920,53,53,0.6283905,1,imagenet_c,defocus_blur,1,none
efficientnet_b4,ILSVRC2012_val_00025283.JPEG,n01728920,53,53,0.73773515,1,imagenet_c,defocus_blur,1,none
efficientnet_b4,ILSVRC2012_val_00026018.JPEG,n01728920,53,53,0.6173507,1,imagenet_c,defocus_blur,1,none
efficientnet_b4,ILSVRC2012_val_00026548.JPEG,n01728920,53,119,0.09446073,0,imagenet_c,defocus_blur,1,none
efficientnet_b4,ILSVRC2012_val_00026571.JPEG,n01728920,53,53,0.562592,1,imagenet_c,defocus_blur,1,none
efficientnet_b4,ILSVRC2012_val_00027773.JPEG,n01728920,53,53,0.37373674,1,imagenet_c,defocus_blur,1,none
efficientnet_b4,ILSVRC2012_val_00028092.JPEG,n01728920,53,53,0.7006104,1,imagenet_c,defocus_blur,1,none
efficientnet_b4,ILSVRC2012_val_00031596.JPEG,n01728920,53,53,0.22782637,1,imagenet_c,defocus_blur,1,none
efficientnet_b4,ILSVRC2012_val_00032086.JPEG,n01728920,53,53,0.519714,1,imagenet_c,defocus_blur,1,none
efficientnet_b4,ILSVRC2012_val_00032358.JPEG,n01728920,53,53,0.52727616,1,imagenet_c,defocus_blur,1,none
efficientnet_b4,ILSVRC2012_val_00035019.JPEG,n01728920,53,53,0.34630865,1,imagenet_c,defocus_blur,1,none
efficientnet_b4,ILSVRC2012_val_00035264.JPEG,n01728920,53,57,0.29121828,0,imagenet_c,defocus_blur,1,none
efficientnet_b4,ILSVRC2012_val_00036615.JPEG,n01728920,53,58,0.48894155,0,imagenet_c,defocus_blur,1,none
efficientnet_b4,ILSVRC2012_val_00040777.JPEG,n01728920,53,53,0.7683066,1,imagenet_c,defocus_blur,1,none
efficientnet_b4,ILSVRC2012_val_00041379.JPEG,n01728920,53,845,0.13456261,0,imagenet_c,defocus_blur,1,none
efficientnet_b4,ILSVRC2012_val_00041669.JPEG,n01728920,53,53,0.38679358,1,imagenet_c,defocus_blur,1,none
efficientnet_b4,ILSVRC2012_val_00041856.JPEG,n01728920,53,447,0.3237384,0,imagenet_c,defocus_blur,1,none
efficientnet_b4,ILSVRC2012_val_00042082.JPEG,n01728920,53,53,0.1788491,1,imagenet_c,defocus_blur,1,none
efficientnet_b4,ILSVRC2012_val_00042312.JPEG,n01728920,53,53,0.43941122,1,imagenet_c,defocus_blur,1,none
efficientnet_b4,ILSVRC2012_val_00046516.JPEG,n01728920,53,53,0.46699744,1,imagenet_c,defocus_blur,1,none
efficientnet_b4,ILSVRC2012_val_00047238.JPEG,n01728920,53,53,0.18366909,1,imagenet_c,defocus_blur,1,none
efficientnet_b4,ILSVRC2012_val_00047852.JPEG,n01728920,53,53,0.5946559,1,imagenet_c,defocus_blur,1,none
efficientnet_b4,ILSVRC2012_val_00049143.JPEG,n01728920,53,52,0.24667336,0,imagenet_c,defocus_blur,1,none
efficientnet_b4,ILSVRC2012_val_00002568.JPEG,n01729322,54,57,0.5928739,0,imagenet_c,defocus_blur,1,none
efficientnet_b4,ILSVRC2012_val_00002754.JPEG,n01729322,54,58,0.32959434,0,imagenet_c,defocus_blur,1,none
efficientnet_b4,ILSVRC2012_val_00003071.JPEG,n01729322,54,53,0.32708612,0,imagenet_c,defocus_blur,1,none
efficientnet_b4,ILSVRC2012_val_00003098.JPEG,n01729322,54,54,0.21076843,1,imagenet_c,defocus_blur,1,none
efficientnet_b4,ILSVRC2012_val_00004280.JPEG,n01729322,54,54,0.2659026,1,imagenet_c,defocus_blur,1,none
efficientnet_b4,ILSVRC2012_val_00005965.JPEG,n01729322,54,38,0.36882532,0,imagenet_c,defocus_blur,1,none
efficientnet_b4,ILSVRC2012_val_00006440.JPEG,n01729322,54,54,0.18962386,1,imagenet_c,defocus_blur,1,none
efficientnet_b4,ILSVRC2012_val_00006524.JPEG,n01729322,54,60,0.32626778,0,imagenet_c,defocus_blur,1,none
efficientnet_b4,ILSVRC2012_val_00008595.JPEG,n01729322,54,66,0.41878885,0,imagenet_c,defocus_blur,1,none
efficientnet_b4,ILSVRC2012_val_00008647.JPEG,n01729322,54,54,0.2740168,1,imagenet_c,defocus_blur,1,none
efficientnet_b4,ILSVRC2012_val_00009380.JPEG,n01729322,54,54,0.17405626,1,imagenet_c,defocus_blur,1,none
efficientnet_b4,ILSVRC2012_val_00011295.JPEG,n01729322,54,66,0.57632387,0,imagenet_c,defocus_blur,1,none
efficientnet_b4,ILSVRC2012_val_00011467.JPEG,n01729322,54,53,0.07958516,0,imagenet_c,defocus_blur,1,none
efficientnet_b4,ILSVRC2012_val_00012188.JPEG,n01729322,54,54,0.12419951,1,imagenet_c,defocus_blur,1,none
efficientnet_b4,ILSVRC2012_val_00012275.JPEG,n01729322,54,54,0.45515764,1,imagenet_c,defocus_blur,1,none
efficientnet_b4,ILSVRC2012_val_00013117.JPEG,n01729322,54,57,0.57123077,0,imagenet_c,defocus_blur,1,none
efficientnet_b4,ILSVRC2012_val_00013400.JPEG,n01729322,54,54,0.30949992,1,imagenet_c,defocus_blur,1,none
efficientnet_b4,ILSVRC2012_val_00013872.JPEG,n01729322,54,54,0.19914368,1,imagenet_c,defocus_blur,1,none
efficientnet_b4,ILSVRC2012_val_00015046.JPEG,n01729322,54,65,0.14433482,0,imagenet_c,defocus_blur,1,none
efficientnet_b4,ILSVRC2012_val_00016392.JPEG,n01729322,54,54,0.5023746,1,imagenet_c,defocus_blur,1,none
efficientnet_b4,ILSVRC2012_val_00017346.JPEG,n01729322,54,57,0.66093785,0,imagenet_c,defocus_blur,1,none
efficientnet_b4,ILSVRC2012_val_00018453.JPEG,n01729322,54,66,0.35860467,0,imagenet_c,defocus_blur,1,none
efficientnet_b4,ILSVRC2012_val_00020999.JPEG,n01729322,54,54,0.6074633,1,imagenet_c,defocus_blur,1,none
efficientnet_b4,ILSVRC2012_val_00021404.JPEG,n01729322,54,68,0.16647823,0,imagenet_c,defocus_blur,1,none
efficientnet_b4,ILSVRC2012_val_00022930.JPEG,n01729322,54,67,0.39610526,0,imagenet_c,defocus_blur,1,none
efficientnet_b4,ILSVRC2012_val_00023563.JPEG,n01729322,54,63,0.27820185,0,imagenet_c,defocus_blur,1,none
efficientnet_b4,ILSVRC2012_val_00024259.JPEG,n01729322,54,994,0.07967056,0,imagenet_c,defocus_blur,1,none
efficientnet_b4,ILSVRC2012_val_00024314.JPEG,n01729322,54,68,0.15256864,0,imagenet_c,defocus_blur,1,none
efficientnet_b4,ILSVRC2012_val_00028577.JPEG,n01729322,54,54,0.3185252,1,imagenet_c,defocus_blur,1,none
efficientnet_b4,ILSVRC2012_val_00032012.JPEG,n01729322,54,62,0.41346195,0,imagenet_c,defocus_blur,1,none
efficientnet_b4,ILSVRC2012_val_00033305.JPEG,n01729322,54,62,0.17956293,0,imagenet_c,defocus_blur,1,none
efficientnet_b4,ILSVRC2012_val_00033392.JPEG,n01729322,54,68,0.24903286,0,imagenet_c,defocus_blur,1,none
efficientnet_b4,ILSVRC2012_val_00035317.JPEG,n01729322,54,54,0.6258499,1,imagenet_c,defocus_blur,1,none
efficientnet_b4,ILSVRC2012_val_00035784.JPEG,n01729322,54,994,0.04799438,0,imagenet_c,defocus_blur,1,none
efficientnet_b4,ILSVRC2012_val_00037367.JPEG,n01729322,54,54,0.569468,1,imagenet_c,defocus_blur,1,none
efficientnet_b4,ILSVRC2012_val_00037553.JPEG,n01729322,54,61,0.6436206,0,imagenet_c,defocus_blur,1,none
efficientnet_b4,ILSVRC2012_val_00038365.JPEG,n01729322,54,54,0.3639656,1,imagenet_c,defocus_blur,1,none
efficientnet_b4,ILSVRC2012_val_00038823.JPEG,n01729322,54,68,0.150691,0,imagenet_c,defocus_blur,1,none
efficientnet_b4,ILSVRC2012_val_00039443.JPEG,n01729322,54,54,0.4209305,1,imagenet_c,defocus_blur,1,none
efficientnet_b4,ILSVRC2012_val_00039530.JPEG,n01729322,54,52,0.30333978,0,imagenet_c,defocus_blur,1,none
efficientnet_b4,ILSVRC2012_val_00039732.JPEG,n01729322,54,54,0.2557725,1,imagenet_c,defocus_blur,1,none
efficientnet_b4,ILSVRC2012_val_00040890.JPEG,n01729322,54,60,0.20164761,0,imagenet_c,defocus_blur,1,none
efficientnet_b4,ILSVRC2012_val_00041293.JPEG,n01729322,54,60,0.2400369,0,imagenet_c,defocus_blur,1,none
efficientnet_b4,ILSVRC2012_val_00041300.JPEG,n01729322,54,739,0.70110315,0,imagenet_c,defocus_blur,1,none
efficientnet_b4,ILSVRC2012_val_00044480.JPEG,n01729322,54,52,0.26988283,0,imagenet_c,defocus_blur,1,none
efficientnet_b4,ILSVRC2012_val_00044534.JPEG,n01729322,54,54,0.2993238,1,imagenet_c,defocus_blur,1,none
efficientnet_b4,ILSVRC2012_val_00045045.JPEG,n01729322,54,68,0.31395665,0,imagenet_c,defocus_blur,1,none
efficientnet_b4,ILSVRC2012_val_00045188.JPEG,n01729322,54,54,0.34716135,1,imagenet_c,defocus_blur,1,none
efficientnet_b4,ILSVRC2012_val_00045979.JPEG,n01729322,54,54,0.27295694,1,imagenet_c,defocus_blur,1,none
efficientnet_b4,ILSVRC2012_val_00046029.JPEG,n01729322,54,66,0.35974324,0,imagenet_c,defocus_blur,1,none
efficientnet_b4,ILSVRC2012_val_00000029.JPEG,n01729977,55,59,0.27277705,0,imagenet_c,defocus_blur,1,none
efficientnet_b4,ILSVRC2012_val_00002101.JPEG,n01729977,55,64,0.7036191,0,imagenet_c,defocus_blur,1,none
efficientnet_b4,ILSVRC2012_val_00002131.JPEG,n01729977,55,59,0.21911003,0,imagenet_c,defocus_blur,1,none
efficientnet_b4,ILSVRC2012_val_00002622.JPEG,n01729977,55,55,0.16163625,1,imagenet_c,defocus_blur,1,none
efficientnet_b4,ILSVRC2012_val_00003768.JPEG,n01729977,55,59,0.5267004,0,imagenet_c,defocus_blur,1,none
efficientnet_b4,ILSVRC2012_val_00005050.JPEG,n01729977,55,64,0.33353457,0,imagenet_c,defocus_blur,1,none
efficientnet_b4,ILSVRC2012_val_00005357.JPEG,n01729977,55,64,0.40457267,0,imagenet_c,defocus_blur,1,none
efficientnet_b4,ILSVRC2012_val_00006360.JPEG,n01729977,55,59,0.44616824,0,imagenet_c,defocus_blur,1,none
efficientnet_b4,ILSVRC2012_val_00006574.JPEG,n01729977,55,59,0.28941068,0,imagenet_c,defocus_blur,1,none
efficientnet_b4,ILSVRC2012_val_00007710.JPEG,n01729977,55,64,0.6472119,0,imagenet_c,defocus_blur,1,none
efficientnet_b4,ILSVRC2012_val_00008025.JPEG,n01729977,55,64,0.18628253,0,imagenet_c,defocus_blur,1,none
efficientnet_b4,ILSVRC2012_val_00008714.JPEG,n01729977,55,941,0.13687891,0,imagenet_c,defocus_blur,1,none
efficientnet_b4,ILSVRC2012_val_00009979.JPEG,n01729977,55,64,0.55929595,0,imagenet_c,defocus_blur,1,none
efficientnet_b4,ILSVRC2012_val_00010545.JPEG,n01729977,55,64,0.45861787,0,imagenet_c,defocus_blur,1,none
efficientnet_b4,ILSVRC2012_val_00011169.JPEG,n01729977,55,64,0.36393845,0,imagenet_c,defocus_blur,1,none
efficientnet_b4,ILSVRC2012_val_00014472.JPEG,n01729977,55,64,0.09614914,0,imagenet_c,defocus_blur,1,none
efficientnet_b4,ILSVRC2012_val_00015069.JPEG,n01729977,55,59,0.77174646,0,imagenet_c,defocus_blur,1,none
efficientnet_b4,ILSVRC2012_val_00016145.JPEG,n01729977,55,55,0.20118812,1,imagenet_c,defocus_blur,1,none
efficientnet_b4,ILSVRC2012_val_00016604.JPEG,n01729977,55,59,0.30572024,0,imagenet_c,defocus_blur,1,none
efficientnet_b4,ILSVRC2012_val_00016703.JPEG,n01729977,55,64,0.6772105,0,imagenet_c,defocus_blur,1,none
efficientnet_b4,ILSVRC2012_val_00016712.JPEG,n01729977,55,64,0.6977018,0,imagenet_c,defocus_blur,1,none
efficientnet_b4,ILSVRC2012_val_00017215.JPEG,n01729977,55,64,0.7008839,0,imagenet_c,defocus_blur,1,none
efficientnet_b4,ILSVRC2012_val_00017409.JPEG,n01729977,55,55,0.3888677,1,imagenet_c,defocus_blur,1,none
efficientnet_b4,ILSVRC2012_val_00021197.JPEG,n01729977,55,35,0.07570702,0,imagenet_c,defocus_blur,1,none
efficientnet_b4,ILSVRC2012_val_00021203.JPEG,n01729977,55,59,0.6413495,0,imagenet_c,defocus_blur,1,none
efficientnet_b4,ILSVRC2012_val_00021617.JPEG,n01729977,55,64,0.52763903,0,imagenet_c,defocus_blur,1,none
efficientnet_b4,ILSVRC2012_val_00021750.JPEG,n01729977,55,55,0.69829667,1,imagenet_c,defocus_blur,1,none
efficientnet_b4,ILSVRC2012_val_00022825.JPEG,n01729977,55,55,0.20949875,1,imagenet_c,defocus_blur,1,none
efficientnet_b4,ILSVRC2012_val_00023098.JPEG,n01729977,55,55,0.32984585,1,imagenet_c,defocus_blur,1,none
efficientnet_b4,ILSVRC2012_val_00026022.JPEG,n01729977,55,64,0.6858066,0,imagenet_c,defocus_blur,1,none
efficientnet_b4,ILSVRC2012_val_00026583.JPEG,n01729977,55,55,0.24560137,1,imagenet_c,defocus_blur,1,none
efficientnet_b4,ILSVRC2012_val_00026809.JPEG,n01729977,55,59,0.4882344,0,imagenet_c,defocus_blur,1,none
efficientnet_b4,ILSVRC2012_val_00028097.JPEG,n01729977,55,64,0.39054137,0,imagenet_c,defocus_blur,1,none
efficientnet_b4,ILSVRC2012_val_00029550.JPEG,n01729977,55,616,0.23947808,0,imagenet_c,defocus_blur,1,none
efficientnet_b4,ILSVRC2012_val_00029827.JPEG,n01729977,55,59,0.513609,0,imagenet_c,defocus_blur,1,none
efficientnet_b4,ILSVRC2012_val_00030562.JPEG,n01729977,55,59,0.6961007,0,imagenet_c,defocus_blur,1,none
efficientnet_b4,ILSVRC2012_val_00030719.JPEG,n01729977,55,939,0.15286891,0,imagenet_c,defocus_blur,1,none
efficientnet_b4,ILSVRC2012_val_00031456.JPEG,n01729977,55,738,0.13893044,0,imagenet_c,defocus_blur,1,none
efficientnet_b4,ILSVRC2012_val_00033617.JPEG,n01729977,55,59,0.2018358,0,imagenet_c,defocus_blur,1,none
efficientnet_b4,ILSVRC2012_val_00034080.JPEG,n01729977,55,55,0.4529531,1,imagenet_c,defocus_blur,1,none
efficientnet_b4,ILSVRC2012_val_00035576.JPEG,n01729977,55,64,0.4962686,0,imagenet_c,defocus_blur,1,none
efficientnet_b4,ILSVRC2012_val_00036128.JPEG,n01729977,55,55,0.36997333,1,imagenet_c,defocus_blur,1,none
efficientnet_b4,ILSVRC2012_val_00037187.JPEG,n01729977,55,64,0.41044137,0,imagenet_c,defocus_blur,1,none
efficientnet_b4,ILSVRC2012_val_00040094.JPEG,n01729977,55,59,0.32349992,0,imagenet_c,defocus_blur,1,none
efficientnet_b4,ILSVRC2012_val_00040468.JPEG,n01729977,55,64,0.3373173,0,imagenet_c,defocus_blur,1,none
efficientnet_b4,ILSVRC2012_val_00040950.JPEG,n01729977,55,102,0.05505233,0,imagenet_c,defocus_blur,1,none
efficientnet_b4,ILSVRC2012_val_00044475.JPEG,n01729977,55,59,0.16797274,0,imagenet_c,defocus_blur,1,none
efficientnet_b4,ILSVRC2012_val_00045349.JPEG,n01729977,55,64,0.7509282,0,imagenet_c,defocus_blur,1,none
efficientnet_b4,ILSVRC2012_val_00048574.JPEG,n01729977,55,64,0.6422646,0,imagenet_c,defocus_blur,1,none
efficientnet_b4,ILSVRC2012_val_00048957.JPEG,n01729977,55,55,0.51185024,1,imagenet_c,defocus_blur,1,none
efficientnet_b4,ILSVRC2012_val_00000512.JPEG,n01734418,56,56,0.5524789,1,imagenet_c,defocus_blur,1,none
efficientnet_b4,ILSVRC2012_val_00000941.JPEG,n01734418,56,56,0.4730078,1,imagenet_c,defocus_blur,1,none
efficientnet_b4,ILSVRC2012_val_00004222.JPEG,n01734418,56,58,0.2765264,0,imagenet_c,defocus_blur,1,none
efficientnet_b4,ILSVRC2012_val_00004582.JPEG,n01734418,56,56,0.48543948,1,imagenet_c,defocus_blur,1,none
efficientnet_b4,ILSVRC2012_val_00005676.JPEG,n01734418,56,56,0.64101094,1,imagenet_c,defocus_blur,1,none
efficientnet_b4,ILSVRC2012_val_00006218.JPEG,n01734418,56,68,0.17722248,0,imagenet_c,defocus_blur,1,none
efficientnet_b4,ILSVRC2012_val_00006494.JPEG,n01734418,56,63,0.12335503,0,imagenet_c,defocus_blur,1,none
efficientnet_b4,ILSVRC2012_val_00007120.JPEG,n01734418,56,65,0.5279339,0,imagenet_c,defocus_blur,1,none
efficientnet_b4,ILSVRC2012_val_00007415.JPEG,n01734418,56,56,0.5997367,1,imagenet_c,defocus_blur,1,none
efficientnet_b4,ILSVRC2012_val_00007761.JPEG,n01734418,56,56,0.5131521,1,imagenet_c,defocus_blur,1,none
efficientnet_b4,ILSVRC2012_val_00008534.JPEG,n01734418,56,60,0.2097345,0,imagenet_c,defocus_blur,1,none
efficientnet_b4,ILSVRC2012_val_00008665.JPEG,n01734418,56,777,0.519767,0,imagenet_c,defocus_blur,1,none
efficientnet_b4,ILSVRC2012_val_00012578.JPEG,n01734418,56,56,0.72747463,1,imagenet_c,defocus_blur,1,none
efficientnet_b4,ILSVRC2012_val_00013035.JPEG,n01734418,56,54,0.27334267,0,imagenet_c,defocus_blur,1,none
efficientnet_b4,ILSVRC2012_val_00015623.JPEG,n01734418,56,65,0.28918058,0,imagenet_c,defocus_blur,1,none
efficientnet_b4,ILSVRC2012_val_00015762.JPEG,n01734418,56,56,0.62434745,1,imagenet_c,defocus_blur,1,none
efficientnet_b4,ILSVRC2012_val_00016897.JPEG,n01734418,56,56,0.42739472,1,imagenet_c,defocus_blur,1,none
efficientnet_b4,ILSVRC2012_val_00017967.JPEG,n01734418,56,53,0.32110134,0,imagenet_c,defocus_blur,1,none
efficientnet_b4,ILSVRC2012_val_00019148.JPEG,n01734418,56,81,0.06637244,0,imagenet_c,defocus_blur,1,none
efficientnet_b4,ILSVRC2012_val_00019383.JPEG,n01734418,56,56,0.5726043,1,imagenet_c,defocus_blur,1,none
efficientnet_b4,ILSVRC2012_val_00019858.JPEG,n01734418,56,56,0.4582156,1,imagenet_c,defocus_blur,1,none
efficientnet_b4,ILSVRC2012_val_00019864.JPEG,n01734418,56,63,0.24899596,0,imagenet_c,defocus_blur,1,none
efficientnet_b4,ILSVRC2012_val_00020273.JPEG,n01734418,56,56,0.36314815,1,imagenet_c,defocus_blur,1,none
efficientnet_b4,ILSVRC2012_val_00021974.JPEG,n01734418,56,63,0.28038546,0,imagenet_c,defocus_blur,1,none
efficientnet_b4,ILSVRC2012_val_00022021.JPEG,n01734418,56,56,0.35980842,1,imagenet_c,defocus_blur,1,none
efficientnet_b4,ILSVRC2012_val_00022482.JPEG,n01734418,56,56,0.24219209,1,imagenet_c,defocus_blur,1,none
efficientnet_b4,ILSVRC2012_val_00022489.JPEG,n01734418,56,56,0.53311116,1,imagenet_c,defocus_blur,1,none
efficientnet_b4,ILSVRC2012_val_00022504.JPEG,n01734418,56,56,0.6918837,1,imagenet_c,defocus_blur,1,none
efficientnet_b4,ILSVRC2012_val_00025325.JPEG,n01734418,56,56,0.71212554,1,imagenet_c,defocus_blur,1,none
efficientnet_b4,ILSVRC2012_val_00026589.JPEG,n01734418,56,38,0.13342075,0,imagenet_c,defocus_blur,1,none
efficientnet_b4,ILSVRC2012_val_00027396.JPEG,n01734418,56,56,0.3671108,1,imagenet_c,defocus_blur,1,none
efficientnet_b4,ILSVRC2012_val_00027631.JPEG,n01734418,56,65,0.33473974,0,imagenet_c,defocus_blur,1,none
efficientnet_b4,ILSVRC2012_val_00027747.JPEG,n01734418,56,56,0.4458278,1,imagenet_c,defocus_blur,1,none
efficientnet_b4,ILSVRC2012_val_00027897.JPEG,n01734418,56,60,0.23321414,0,imagenet_c,defocus_blur,1,none
efficientnet_b4,ILSVRC2012_val_00028301.JPEG,n01734418,56,56,0.5558413,1,imagenet_c,defocus_blur,1,none
efficientnet_b4,ILSVRC2012_val_00028503.JPEG,n01734418,56,65,0.5766259,0,imagenet_c,defocus_blur,1,none
efficientnet_b4,ILSVRC2012_val_00031212.JPEG,n01734418,56,56,0.55671996,1,imagenet_c,defocus_blur,1,none
efficientnet_b4,ILSVRC2012_val_00031390.JPEG,n01734418,56,53,0.2052299,0,imagenet_c,defocus_blur,1,none
efficientnet_b4,ILSVRC2012_val_00031885.JPEG,n01734418,56,587,0.2757289,0,imagenet_c,defocus_blur,1,none
efficientnet_b4,ILSVRC2012_val_00031951.JPEG,n01734418,56,56,0.50045836,1,imagenet_c,defocus_blur,1,none
efficientnet_b4,ILSVRC2012_val_00032754.JPEG,n01734418,56,56,0.34528506,1,imagenet_c,defocus_blur,1,none
efficientnet_b4,ILSVRC2012_val_00034756.JPEG,n01734418,56,56,0.48677024,1,imagenet_c,defocus_blur,1,none
efficientnet_b4,ILSVRC2012_val_00036893.JPEG,n01734418,56,56,0.4285967,1,imagenet_c,defocus_blur,1,none
efficientnet_b4,ILSVRC2012_val_00038355.JPEG,n01734418,56,56,0.42932382,1,imagenet_c,defocus_blur,1,none
efficientnet_b4,ILSVRC2012_val_00038915.JPEG,n01734418,56,79,0.31602082,0,imagenet_c,defocus_blur,1,none
efficientnet_b4,ILSVRC2012_val_00040221.JPEG,n01734418,56,56,0.65805674,1,imagenet_c,defocus_blur,1,none
efficientnet_b4,ILSVRC2012_val_00041202.JPEG,n01734418,56,56,0.68706506,1,imagenet_c,defocus_blur,1,none
efficientnet_b4,ILSVRC2012_val_00047216.JPEG,n01734418,56,56,0.58231354,1,imagenet_c,defocus_blur,1,none
efficientnet_b4,ILSVRC2012_val_00047810.JPEG,n01734418,56,56,0.23589772,1,imagenet_c,defocus_blur,1,none
efficientnet_b4,ILSVRC2012_val_00048887.JPEG,n01734418,56,56,0.5049024,1,imagenet_c,defocus_blur,1,none
efficientnet_b4,ILSVRC2012_val_00000006.JPEG,n01735189,57,59,0.17537369,0,imagenet_c,defocus_blur,1,none
efficientnet_b4,ILSVRC2012_val_00000806.JPEG,n01735189,57,57,0.68192095,1,imagenet_c,defocus_blur,1,none
efficientnet_b4,ILSVRC2012_val_00001309.JPEG,n01735189,57,57,0.66300166,1,imagenet_c,defocus_blur,1,none
efficientnet_b4,ILSVRC2012_val_00002452.JPEG,n01735189,57,57,0.55215776,1,imagenet_c,defocus_blur,1,none
efficientnet_b4,ILSVRC2012_val_00002679.JPEG,n01735189,57,57,0.5724632,1,imagenet_c,defocus_blur,1,none
efficientnet_b4,ILSVRC2012_val_00003155.JPEG,n01735189,57,57,0.6105133,1,imagenet_c,defocus_blur,1,none
efficientnet_b4,ILSVRC2012_val_00003286.JPEG,n01735189,57,57,0.3461002,1,imagenet_c,defocus_blur,1,none
efficientnet_b4,ILSVRC2012_val_00003644.JPEG,n01735189,57,57,0.71890783,1,imagenet_c,defocus_blur,1,none
efficientnet_b4,ILSVRC2012_val_00006105.JPEG,n01735189,57,62,0.10068304,0,imagenet_c,defocus_blur,1,none
efficientnet_b4,ILSVRC2012_val_00006699.JPEG,n01735189,57,57,0.5797795,1,imagenet_c,defocus_blur,1,none
efficientnet_b4,ILSVRC2012_val_00008072.JPEG,n01735189,57,57,0.6789196,1,imagenet_c,defocus_blur,1,none
efficientnet_b4,ILSVRC2012_val_00008130.JPEG,n01735189,57,57,0.6268808,1,imagenet_c,defocus_blur,1,none
efficientnet_b4,ILSVRC2012_val_00009169.JPEG,n01735189,57,57,0.6424039,1,imagenet_c,defocus_blur,1,none
efficientnet_b4,ILSVRC2012_val_00009492.JPEG,n01735189,57,57,0.743284,1,imagenet_c,defocus_blur,1,none
efficientnet_b4,ILSVRC2012_val_00010140.JPEG,n01735189,57,57,0.59822553,1,imagenet_c,defocus_blur,1,none
efficientnet_b4,ILSVRC2012_val_00010275.JPEG,n01735189,57,57,0.6735195,1,imagenet_c,defocus_blur,1,none
efficientnet_b4,ILSVRC2012_val_00011210.JPEG,n01735189,57,57,0.56053907,1,imagenet_c,defocus_blur,1,none
efficientnet_b4,ILSVRC2012_val_00012433.JPEG,n01735189,57,57,0.2450249,1,imagenet_c,defocus_blur,1,none
efficientnet_b4,ILSVRC2012_val_00014330.JPEG,n01735189,57,57,0.73096037,1,imagenet_c,defocus_blur,1,none
efficientnet_b4,ILSVRC2012_val_00015823.JPEG,n01735189,57,57,0.71277344,1,imagenet_c,defocus_blur,1,none
efficientnet_b4,ILSVRC2012_val_00016144.JPEG,n01735189,57,57,0.67848665,1,imagenet_c,defocus_blur,1,none
efficientnet_b4,ILSVRC2012_val_00018284.JPEG,n01735189,57,57,0.66144174,1,imagenet_c,defocus_blur,1,none
efficientnet_b4,ILSVRC2012_val_00019982.JPEG,n01735189,57,57,0.63261294,1,imagenet_c,defocus_blur,1,none
efficientnet_b4,ILSVRC2012_val_00021496.JPEG,n01735189,57,57,0.48485908,1,imagenet_c,defocus_blur,1,none
efficientnet_b4,ILSVRC2012_val_00023442.JPEG,n01735189,57,63,0.37646413,0,imagenet_c,defocus_blur,1,none
efficientnet_b4,ILSVRC2012_val_00023657.JPEG,n01735189,57,58,0.32347563,0,imagenet_c,defocus_blur,1,none
efficientnet_b4,ILSVRC2012_val_00026122.JPEG,n01735189,57,57,0.59849334,1,imagenet_c,defocus_blur,1,none
efficientnet_b4,ILSVRC2012_val_00029552.JPEG,n01735189,57,57,0.6435333,1,imagenet_c,defocus_blur,1,none
efficientnet_b4,ILSVRC2012_val_00029712.JPEG,n01735189,57,57,0.486685,1,imagenet_c,defocus_blur,1,none
efficientnet_b4,ILSVRC2012_val_00029744.JPEG,n01735189,57,52,0.11506176,0,imagenet_c,defocus_blur,1,none
efficientnet_b4,ILSVRC2012_val_00032161.JPEG,n01735189,57,57,0.52292186,1,imagenet_c,defocus_blur,1,none
efficientnet_b4,ILSVRC2012_val_00032997.JPEG,n01735189,57,60,0.27645168,0,imagenet_c,defocus_blur,1,none
efficientnet_b4,ILSVRC2012_val_00034054.JPEG,n01735189,57,57,0.6773739,1,imagenet_c,defocus_blur,1,none
efficientnet_b4,ILSVRC2012_val_00034251.JPEG,n01735189,57,57,0.6815159,1,imagenet_c,defocus_blur,1,none
efficientnet_b4,ILSVRC2012_val_00034443.JPEG,n01735189,57,57,0.62427455,1,imagenet_c,defocus_blur,1,none
efficientnet_b4,ILSVRC2012_val_00034587.JPEG,n01735189,57,57,0.4507748,1,imagenet_c,defocus_blur,1,none
efficientnet_b4,ILSVRC2012_val_00034915.JPEG,n01735189,57,57,0.62944317,1,imagenet_c,defocus_blur,1,none
efficientnet_b4,ILSVRC2012_val_00035429.JPEG,n01735189,57,41,0.16539519,0,imagenet_c,defocus_blur,1,none
efficientnet_b4,ILSVRC2012_val_00037764.JPEG,n01735189,57,63,0.045689505,0,imagenet_c,defocus_blur,1,none
efficientnet_b4,ILSVRC2012_val_00039522.JPEG,n01735189,57,57,0.60050887,1,imagenet_c,defocus_blur,1,none
efficientnet_b4,ILSVRC2012_val_00041348.JPEG,n01735189,57,57,0.6977645,1,imagenet_c,defocus_blur,1,none
efficientnet_b4,ILSVRC2012_val_00041743.JPEG,n01735189,57,57,0.30730796,1,imagenet_c,defocus_blur,1,none
efficientnet_b4,ILSVRC2012_val_00042134.JPEG,n01735189,57,57,0.27521157,1,imagenet_c,defocus_blur,1,none
efficientnet_b4,ILSVRC2012_val_00043639.JPEG,n01735189,57,57,0.5022657,1,imagenet_c,defocus_blur,1,none
efficientnet_b4,ILSVRC2012_val_00044086.JPEG,n01735189,57,57,0.64636457,1,imagenet_c,defocus_blur,1,none
efficientnet_b4,ILSVRC2012_val_00044922.JPEG,n01735189,57,57,0.30749172,1,imagenet_c,defocus_blur,1,none
efficientnet_b4,ILSVRC2012_val_00045256.JPEG,n01735189,57,57,0.55902636,1,imagenet_c,defocus_blur,1,none
efficientnet_b4,ILSVRC2012_val_00045481.JPEG,n01735189,57,57,0.58622086,1,imagenet_c,defocus_blur,1,none
efficientnet_b4,ILSVRC2012_val_00046211.JPEG,n01735189,57,57,0.68195534,1,imagenet_c,defocus_blur,1,none
efficientnet_b4,ILSVRC2012_val_00046440.JPEG,n01735189,57,57,0.6648895,1,imagenet_c,defocus_blur,1,none
efficientnet_b4,ILSVRC2012_val_00000084.JPEG,n01737021,58,114,0.17598382,0,imagenet_c,defocus_blur,1,none
efficientnet_b4,ILSVRC2012_val_00002725.JPEG,n01737021,58,52,0.21351144,0,imagenet_c,defocus_blur,1,none
efficientnet_b4,ILSVRC2012_val_00002836.JPEG,n01737021,58,58,0.5453317,1,imagenet_c,defocus_blur,1,none
efficientnet_b4,ILSVRC2012_val_00003268.JPEG,n01737021,58,59,0.05782109,0,imagenet_c,defocus_blur,1,none
efficientnet_b4,ILSVRC2012_val_00004040.JPEG,n01737021,58,58,0.24214424,1,imagenet_c,defocus_blur,1,none
efficientnet_b4,ILSVRC2012_val_00004143.JPEG,n01737021,58,58,0.25054973,1,imagenet_c,defocus_blur,1,none
efficientnet_b4,ILSVRC2012_val_00004182.JPEG,n01737021,58,63,0.53833395,0,imagenet_c,defocus_blur,1,none
efficientnet_b4,ILSVRC2012_val_00004689.JPEG,n01737021,58,111,0.038273834,0,imagenet_c,defocus_blur,1,none
efficientnet_b4,ILSVRC2012_val_00006011.JPEG,n01737021,58,63,0.14578237,0,imagenet_c,defocus_blur,1,none
efficientnet_b4,ILSVRC2012_val_00009042.JPEG,n01737021,58,30,0.12299808,0,imagenet_c,defocus_blur,1,none
efficientnet_b4,ILSVRC2012_val_00010522.JPEG,n01737021,58,58,0.199632,1,imagenet_c,defocus_blur,1,none
efficientnet_b4,ILSVRC2012_val_00010870.JPEG,n01737021,58,53,0.24731919,0,imagenet_c,defocus_blur,1,none
efficientnet_b4,ILSVRC2012_val_00011483.JPEG,n01737021,58,58,0.3567711,1,imagenet_c,defocus_blur,1,none
efficientnet_b4,ILSVRC2012_val_00013820.JPEG,n01737021,58,374,0.0300076,0,imagenet_c,defocus_blur,1,none
efficientnet_b4,ILSVRC2012_val_00015666.JPEG,n01737021,58,54,0.07096287,0,imagenet_c,defocus_blur,1,none
efficientnet_b4,ILSVRC2012_val_00018334.JPEG,n01737021,58,100,0.15292695,0,imagenet_c,defocus_blur,1,none
efficientnet_b4,ILSVRC2012_val_00021332.JPEG,n01737021,58,100,0.053037398,0,imagenet_c,defocus_blur,1,none
efficientnet_b4,ILSVRC2012_val_00023572.JPEG,n01737021,58,58,0.11035684,1,imagenet_c,defocus_blur,1,none
efficientnet_b4,ILSVRC2012_val_00024682.JPEG,n01737021,58,53,0.54750305,0,imagenet_c,defocus_blur,1,none
efficientnet_b4,ILSVRC2012_val_00025026.JPEG,n01737021,58,58,0.53230774,1,imagenet_c,defocus_blur,1,none
efficientnet_b4,ILSVRC2012_val_00025190.JPEG,n01737021,58,62,0.35178927,0,imagenet_c,defocus_blur,1,none
efficientnet_b4,ILSVRC2012_val_00025472.JPEG,n01737021,58,58,0.45872244,1,imagenet_c,defocus_blur,1,none
efficientnet_b4,ILSVRC2012_val_00027228.JPEG,n01737021,58,26,0.14236325,0,imagenet_c,defocus_blur,1,none
efficientnet_b4,ILSVRC2012_val_00027598.JPEG,n01737021,58,58,0.5978235,1,imagenet_c,defocus_blur,1,none
efficientnet_b4,ILSVRC2012_val_00028076.JPEG,n01737021,58,600,0.0421423,0,imagenet_c,defocus_blur,1,none
efficientnet_b4,ILSVRC2012_val_00028763.JPEG,n01737021,58,58,0.40941712,1,imagenet_c,defocus_blur,1,none
efficientnet_b4,ILSVRC2012_val_00028861.JPEG,n01737021,58,53,0.05569054,0,imagenet_c,defocus_blur,1,none
efficientnet_b4,ILSVRC2012_val_00031775.JPEG,n01737021,58,58,0.46677855,1,imagenet_c,defocus_blur,1,none
efficientnet_b4,ILSVRC2012_val_00031779.JPEG,n01737021,58,65,0.18431747,0,imagenet_c,defocus_blur,1,none
efficientnet_b4,ILSVRC2012_val_00033684.JPEG,n01737021,58,20,0.3424899,0,imagenet_c,defocus_blur,1,none
efficientnet_b4,ILSVRC2012_val_00034970.JPEG,n01737021,58,58,0.648275,1,imagenet_c,defocus_blur,1,none
efficientnet_b4,ILSVRC2012_val_00035379.JPEG,n01737021,58,58,0.13345513,1,imagenet_c,defocus_blur,1,none
efficientnet_b4,ILSVRC2012_val_00036116.JPEG,n01737021,58,306,0.044845913,0,imagenet_c,defocus_blur,1,none
efficientnet_b4,ILSVRC2012_val_00036587.JPEG,n01737021,58,20,0.19319832,0,imagenet_c,defocus_blur,1,none
efficientnet_b4,ILSVRC2012_val_00037800.JPEG,n01737021,58,111,0.24914327,0,imagenet_c,defocus_blur,1,none
efficientnet_b4,ILSVRC2012_val_00038046.JPEG,n01737021,58,52,0.08635326,0,imagenet_c,defocus_blur,1,none
efficientnet_b4,ILSVRC2012_val_00038270.JPEG,n01737021,58,488,0.09359164,0,imagenet_c,defocus_blur,1,none
efficientnet_b4,ILSVRC2012_val_00040447.JPEG,n01737021,58,58,0.02844668,1,imagenet_c,defocus_blur,1,none
efficientnet_b4,ILSVRC2012_val_00041829.JPEG,n01737021,58,488,0.20899233,0,imagenet_c,defocus_blur,1,none
efficientnet_b4,ILSVRC2012_val_00042105.JPEG,n01737021,58,26,0.23061974,0,imagenet_c,defocus_blur,1,none
efficientnet_b4,ILSVRC2012_val_00043245.JPEG,n01737021,58,58,0.118547216,1,imagenet_c,defocus_blur,1,none
efficientnet_b4,ILSVRC2012_val_00043805.JPEG,n01737021,58,119,0.036294278,0,imagenet_c,defocus_blur,1,none
efficientnet_b4,ILSVRC2012_val_00044544.JPEG,n01737021,58,58,0.09734248,1,imagenet_c,defocus_blur,1,none
efficientnet_b4,ILSVRC2012_val_00045619.JPEG,n01737021,58,58,0.4757352,1,imagenet_c,defocus_blur,1,none
efficientnet_b4,ILSVRC2012_val_00045831.JPEG,n01737021,58,58,0.3081671,1,imagenet_c,defocus_blur,1,none
efficientnet_b4,ILSVRC2012_val_00046131.JPEG,n01737021,58,58,0.7090598,1,imagenet_c,defocus_blur,1,none
efficientnet_b4,ILSVRC2012_val_00046699.JPEG,n01737021,58,91,0.10054406,0,imagenet_c,defocus_blur,1,none
efficientnet_b4,ILSVRC2012_val_00046709.JPEG,n01737021,58,58,0.06973151,1,imagenet_c,defocus_blur,1,none
efficientnet_b4,ILSVRC2012_val_00047243.JPEG,n01737021,58,58,0.80706954,1,imagenet_c,defocus_blur,1,none
efficientnet_b4,ILSVRC2012_val_00049609.JPEG,n01737021,58,356,0.020006469,0,imagenet_c,defocus_blur,1,none
efficientnet_b4,ILSVRC2012_val_00001108.JPEG,n01739381,59,696,0.02937505,0,imagenet_c,defocus_blur,1,none
efficientnet_b4,ILSVRC2012_val_00002439.JPEG,n01739381,59,59,0.67825866,1,imagenet_c,defocus_blur,1,none
efficientnet_b4,ILSVRC2012_val_00002486.JPEG,n01739381,59,59,0.72196573,1,imagenet_c,defocus_blur,1,none
efficientnet_b4,ILSVRC2012_val_00003095.JPEG,n01739381,59,59,0.5965139,1,imagenet_c,defocus_blur,1,none
efficientnet_b4,ILSVRC2012_val_00005262.JPEG,n01739381,59,59,0.3130151,1,imagenet_c,defocus_blur,1,none
efficientnet_b4,ILSVRC2012_val_00005765.JPEG,n01739381,59,59,0.7345956,1,imagenet_c,defocus_blur,1,none
efficientnet_b4,ILSVRC2012_val_00005827.JPEG,n01739381,59,59,0.35636216,1,imagenet_c,defocus_blur,1,none
efficientnet_b4,ILSVRC2012_val_00007242.JPEG,n01739381,59,59,0.5856294,1,imagenet_c,defocus_blur,1,none
efficientnet_b4,ILSVRC2012_val_00007478.JPEG,n01739381,59,59,0.2523812,1,imagenet_c,defocus_blur,1,none
efficientnet_b4,ILSVRC2012_val_00008579.JPEG,n01739381,59,59,0.5560505,1,imagenet_c,defocus_blur,1,none
efficientnet_b4,ILSVRC2012_val_00008888.JPEG,n01739381,59,59,0.65521574,1,imagenet_c,defocus_blur,1,none
efficientnet_b4,ILSVRC2012_val_00009754.JPEG,n01739381,59,114,0.1323871,0,imagenet_c,defocus_blur,1,none
efficientnet_b4,ILSVRC2012_val_00011037.JPEG,n01739381,59,59,0.7282666,1,imagenet_c,defocus_blur,1,none
efficientnet_b4,ILSVRC2012_val_00013397.JPEG,n01739381,59,59,0.37918672,1,imagenet_c,defocus_blur,1,none
efficientnet_b4,ILSVRC2012_val_00014926.JPEG,n01739381,59,59,0.7136467,1,imagenet_c,defocus_blur,1,none
efficientnet_b4,ILSVRC2012_val_00015794.JPEG,n01739381,59,59,0.46139777,1,imagenet_c,defocus_blur,1,none
efficientnet_b4,ILSVRC2012_val_00016031.JPEG,n01739381,59,59,0.6882296,1,imagenet_c,defocus_blur,1,none
efficientnet_b4,ILSVRC2012_val_00016124.JPEG,n01739381,59,58,0.4537328,0,imagenet_c,defocus_blur,1,none
efficientnet_b4,ILSVRC2012_val_00017269.JPEG,n01739381,59,916,0.5692071,0,imagenet_c,defocus_blur,1,none
efficientnet_b4,ILSVRC2012_val_00017557.JPEG,n01739381,59,59,0.5628033,1,imagenet_c,defocus_blur,1,none
efficientnet_b4,ILSVRC2012_val_00018037.JPEG,n01739381,59,59,0.35184246,1,imagenet_c,defocus_blur,1,none
efficientnet_b4,ILSVRC2012_val_00018204.JPEG,n01739381,59,111,0.25769845,0,imagenet_c,defocus_blur,1,none
efficientnet_b4,ILSVRC2012_val_00021457.JPEG,n01739381,59,59,0.80920804,1,imagenet_c,defocus_blur,1,none
efficientnet_b4,ILSVRC2012_val_00022392.JPEG,n01739381,59,59,0.59494853,1,imagenet_c,defocus_blur,1,none
efficientnet_b4,ILSVRC2012_val_00022643.JPEG,n01739381,59,59,0.68727547,1,imagenet_c,defocus_blur,1,none
efficientnet_b4,ILSVRC2012_val_00022816.JPEG,n01739381,59,59,0.5084448,1,imagenet_c,defocus_blur,1,none
efficientnet_b4,ILSVRC2012_val_00023108.JPEG,n01739381,59,64,0.3501165,0,imagenet_c,defocus_blur,1,none
efficientnet_b4,ILSVRC2012_val_00023941.JPEG,n01739381,59,59,0.13261254,1,imagenet_c,defocus_blur,1,none
efficientnet_b4,ILSVRC2012_val_00024092.JPEG,n01739381,59,738,0.08068726,0,imagenet_c,defocus_blur,1,none
efficientnet_b4,ILSVRC2012_val_00024880.JPEG,n01739381,59,59,0.5952229,1,imagenet_c,defocus_blur,1,none
efficientnet_b4,ILSVRC2012_val_00029979.JPEG,n01739381,59,59,0.78806883,1,imagenet_c,defocus_blur,1,none
efficientnet_b4,ILSVRC2012_val_00030067.JPEG,n01739381,59,52,0.07667184,0,imagenet_c,defocus_blur,1,none
efficientnet_b4,ILSVRC2012_val_00030221.JPEG,n01739381,59,59,0.508677,1,imagenet_c,defocus_blur,1,none
efficientnet_b4,ILSVRC2012_val_00031927.JPEG,n01739381,59,59,0.5167581,1,imagenet_c,defocus_blur,1,none
efficientnet_b4,ILSVRC2012_val_00032571.JPEG,n01739381,59,59,0.1417179,1,imagenet_c,defocus_blur,1,none
efficientnet_b4,ILSVRC2012_val_00033552.JPEG,n01739381,59,64,0.4962686,0,imagenet_c,defocus_blur,1,none
efficientnet_b4,ILSVRC2012_val_00034668.JPEG,n01739381,59,59,0.32038027,1,imagenet_c,defocus_blur,1,none
efficientnet_b4,ILSVRC2012_val_00034919.JPEG,n01739381,59,63,0.05532956,0,imagenet_c,defocus_blur,1,none
efficientnet_b4,ILSVRC2012_val_00035235.JPEG,n01739381,59,59,0.60393876,1,imagenet_c,defocus_blur,1,none
efficientnet_b4,ILSVRC2012_val_00036082.JPEG,n01739381,59,59,0.33027598,1,imagenet_c,defocus_blur,1,none
efficientnet_b4,ILSVRC2012_val_00037666.JPEG,n01739381,59,59,0.5928339,1,imagenet_c,defocus_blur,1,none
efficientnet_b4,ILSVRC2012_val_00039185.JPEG,n01739381,59,59,0.6526771,1,imagenet_c,defocus_blur,1,none
efficientnet_b4,ILSVRC2012_val_00039455.JPEG,n01739381,59,59,0.45607528,1,imagenet_c,defocus_blur,1,none
efficientnet_b4,ILSVRC2012_val_00040048.JPEG,n01739381,59,59,0.5175677,1,imagenet_c,defocus_blur,1,none
efficientnet_b4,ILSVRC2012_val_00042284.JPEG,n01739381,59,59,0.54099876,1,imagenet_c,defocus_blur,1,none
efficientnet_b4,ILSVRC2012_val_00043354.JPEG,n01739381,59,993,0.051294476,0,imagenet_c,defocus_blur,1,none
efficientnet_b4,ILSVRC2012_val_00045850.JPEG,n01739381,59,59,0.68194336,1,imagenet_c,defocus_blur,1,none
efficientnet_b4,ILSVRC2012_val_00046490.JPEG,n01739381,59,59,0.6672297,1,imagenet_c,defocus_blur,1,none
efficientnet_b4,ILSVRC2012_val_00046539.JPEG,n01739381,59,64,0.6276042,0,imagenet_c,defocus_blur,1,none
efficientnet_b4,ILSVRC2012_val_00047211.JPEG,n01739381,59,263,0.020391406,0,imagenet_c,defocus_blur,1,none
efficientnet_b4,ILSVRC2012_val_00000337.JPEG,n01740131,60,62,0.46891478,0,imagenet_c,defocus_blur,1,none
efficientnet_b4,ILSVRC2012_val_00002505.JPEG,n01740131,60,60,0.26886377,1,imagenet_c,defocus_blur,1,none
efficientnet_b4,ILSVRC2012_val_00002928.JPEG,n01740131,60,68,0.2624176,0,imagenet_c,defocus_blur,1,none
efficientnet_b4,ILSVRC2012_val_00003607.JPEG,n01740131,60,66,0.3140835,0,imagenet_c,defocus_blur,1,none
efficientnet_b4,ILSVRC2012_val_00003693.JPEG,n01740131,60,62,0.4327222,0,imagenet_c,defocus_blur,1,none
efficientnet_b4,ILSVRC2012_val_00004587.JPEG,n01740131,60,60,0.29237327,1,imagenet_c,defocus_blur,1,none
efficientnet_b4,ILSVRC2012_val_00004652.JPEG,n01740131,60,63,0.3822776,0,imagenet_c,defocus_blur,1,none
efficientnet_b4,ILSVRC2012_val_00005663.JPEG,n01740131,60,52,0.10177219,0,imagenet_c,defocus_blur,1,none
efficientnet_b4,ILSVRC2012_val_00009329.JPEG,n01740131,60,932,0.41951695,0,imagenet_c,defocus_blur,1,none
efficientnet_b4,ILSVRC2012_val_00011034.JPEG,n01740131,60,62,0.37255254,0,imagenet_c,defocus_blur,1,none
efficientnet_b4,ILSVRC2012_val_00011776.JPEG,n01740131,60,58,0.31848842,0,imagenet_c,defocus_blur,1,none
efficientnet_b4,ILSVRC2012_val_00012990.JPEG,n01740131,60,60,0.59592724,1,imagenet_c,defocus_blur,1,none
efficientnet_b4,ILSVRC2012_val_00014849.JPEG,n01740131,60,41,0.43817082,0,imagenet_c,defocus_blur,1,none
efficientnet_b4,ILSVRC2012_val_00016352.JPEG,n01740131,60,63,0.42144212,0,imagenet_c,defocus_blur,1,none
efficientnet_b4,ILSVRC2012_val_00017855.JPEG,n01740131,60,693,0.061916675,0,imagenet_c,defocus_blur,1,none
efficientnet_b4,ILSVRC2012_val_00018388.JPEG,n01740131,60,60,0.080107726,1,imagenet_c,defocus_blur,1,none
efficientnet_b4,ILSVRC2012_val_00019669.JPEG,n01740131,60,467,0.11142359,0,imagenet_c,defocus_blur,1,none
efficientnet_b4,ILSVRC2012_val_00020494.JPEG,n01740131,60,60,0.286631,1,imagenet_c,defocus_blur,1,none
efficientnet_b4,ILSVRC2012_val_00021093.JPEG,n01740131,60,61,0.298194,0,imagenet_c,defocus_blur,1,none
efficientnet_b4,ILSVRC2012_val_00023015.JPEG,n01740131,60,66,0.3474363,0,imagenet_c,defocus_blur,1,none
efficientnet_b4,ILSVRC2012_val_00023295.JPEG,n01740131,60,66,0.6478686,0,imagenet_c,defocus_blur,1,none
efficientnet_b4,ILSVRC2012_val_00023975.JPEG,n01740131,60,55,0.28546327,0,imagenet_c,defocus_blur,1,none
efficientnet_b4,ILSVRC2012_val_00023984.JPEG,n01740131,60,68,0.49063447,0,imagenet_c,defocus_blur,1,none
efficientnet_b4,ILSVRC2012_val_00025497.JPEG,n01740131,60,26,0.15790002,0,imagenet_c,defocus_blur,1,none
efficientnet_b4,ILSVRC2012_val_00025544.JPEG,n01740131,60,60,0.12532009,1,imagenet_c,defocus_blur,1,none
efficientnet_b4,ILSVRC2012_val_00025727.JPEG,n01740131,60,67,0.1476554,0,imagenet_c,defocus_blur,1,none
efficientnet_b4,ILSVRC2012_val_00025955.JPEG,n01740131,60,53,0.50942224,0,imagenet_c,defocus_blur,1,none
efficientnet_b4,ILSVRC2012_val_00027330.JPEG,n01740131,60,9,0.15853761,0,imagenet_c,defocus_blur,1,none
efficientnet_b4,ILSVRC2012_val_00027829.JPEG,n01740131,60,60,0.5050566,1,imagenet_c,defocus_blur,1,none
efficientnet_b4,ILSVRC2012_val_00028846.JPEG,n01740131,60,59,0.33894423,0,imagenet_c,defocus_blur,1,none
efficientnet_b4,ILSVRC2012_val_00030229.JPEG,n01740131,60,677,0.18787247,0,imagenet_c,defocus_blur,1,none
efficientnet_b4,ILSVRC2012_val_00030905.JPEG,n01740131,60,62,0.33831105,0,imagenet_c,defocus_blur,1,none
efficientnet_b4,ILSVRC2012_val_00033264.JPEG,n01740131,60,62,0.30856603,0,imagenet_c,defocus_blur,1,none
efficientnet_b4,ILSVRC2012_val_00033547.JPEG,n01740131,60,60,0.70568943,1,imagenet_c,defocus_blur,1,none
efficientnet_b4,ILSVRC2012_val_00034000.JPEG,n01740131,60,60,0.27117485,1,imagenet_c,defocus_blur,1,none
efficientnet_b4,ILSVRC2012_val_00034612.JPEG,n01740131,60,66,0.28669712,0,imagenet_c,defocus_blur,1,none
efficientnet_b4,ILSVRC2012_val_00036561.JPEG,n01740131,60,44,0.075719334,0,imagenet_c,defocus_blur,1,none
efficientnet_b4,ILSVRC2012_val_00037175.JPEG,n01740131,60,62,0.31522518,0,imagenet_c,defocus_blur,1,none
efficientnet_b4,ILSVRC2012_val_00038437.JPEG,n01740131,60,66,0.32307985,0,imagenet_c,defocus_blur,1,none
efficientnet_b4,ILSVRC2012_val_00038556.JPEG,n01740131,60,63,0.4564606,0,imagenet_c,defocus_blur,1,none
efficientnet_b4,ILSVRC2012_val_00039196.JPEG,n01740131,60,52,0.15668742,0,imagenet_c,defocus_blur,1,none
efficientnet_b4,ILSVRC2012_val_00040781.JPEG,n01740131,60,52,0.529647,0,imagenet_c,defocus_blur,1,none
efficientnet_b4,ILSVRC2012_val_00043634.JPEG,n01740131,60,68,0.28396478,0,imagenet_c,defocus_blur,1,none
efficientnet_b4,ILSVRC2012_val_00043694.JPEG,n01740131,60,52,0.19103196,0,imagenet_c,defocus_blur,1,none
efficientnet_b4,ILSVRC2012_val_00043843.JPEG,n01740131,60,57,0.54332715,0,imagenet_c,defocus_blur,1,none
efficientnet_b4,ILSVRC2012_val_00044557.JPEG,n01740131,60,60,0.33627227,1,imagenet_c,defocus_blur,1,none
efficientnet_b4,ILSVRC2012_val_00045638.JPEG,n01740131,60,68,0.3615805,0,imagenet_c,defocus_blur,1,none
efficientnet_b4,ILSVRC2012_val_00045858.JPEG,n01740131,60,61,0.27574155,0,imagenet_c,defocus_blur,1,none
efficientnet_b4,ILSVRC2012_val_00047071.JPEG,n01740131,60,62,0.15835342,0,imagenet_c,defocus_blur,1,none
efficientnet_b4,ILSVRC2012_val_00047845.JPEG,n01740131,60,60,0.1941731,1,imagenet_c,defocus_blur,1,none
efficientnet_b4,ILSVRC2012_val_00000786.JPEG,n01742172,61,61,0.44314075,1,imagenet_c,defocus_blur,1,none
efficientnet_b4,ILSVRC2012_val_00001879.JPEG,n01742172,61,61,0.4730301,1,imagenet_c,defocus_blur,1,none
efficientnet_b4,ILSVRC2012_val_00002106.JPEG,n01742172,61,62,0.34925422,0,imagenet_c,defocus_blur,1,none
efficientnet_b4,ILSVRC2012_val_00003298.JPEG,n01742172,61,61,0.3916193,1,imagenet_c,defocus_blur,1,none
efficientnet_b4,ILSVRC2012_val_00005825.JPEG,n01742172,61,61,0.5754253,1,imagenet_c,defocus_blur,1,none
efficientnet_b4,ILSVRC2012_val_00007488.JPEG,n01742172,61,62,0.3534827,0,imagenet_c,defocus_blur,1,none
efficientnet_b4,ILSVRC2012_val_00008688.JPEG,n01742172,61,61,0.35542145,1,imagenet_c,defocus_blur,1,none
efficientnet_b4,ILSVRC2012_val_00008849.JPEG,n01742172,61,62,0.3922686,0,imagenet_c,defocus_blur,1,none
efficientnet_b4,ILSVRC2012_val_00009271.JPEG,n01742172,61,60,0.060832195,0,imagenet_c,defocus_blur,1,none
efficientnet_b4,ILSVRC2012_val_00010230.JPEG,n01742172,61,61,0.53652245,1,imagenet_c,defocus_blur,1,none
efficientnet_b4,ILSVRC2012_val_00010797.JPEG,n01742172,61,59,0.13406126,0,imagenet_c,defocus_blur,1,none
efficientnet_b4,ILSVRC2012_val_00011014.JPEG,n01742172,61,62,0.39623597,0,imagenet_c,defocus_blur,1,none
efficientnet_b4,ILSVRC2012_val_00011041.JPEG,n01742172,61,61,0.56965053,1,imagenet_c,defocus_blur,1,none
efficientnet_b4,ILSVRC2012_val_00012329.JPEG,n01742172,61,61,0.60176504,1,imagenet_c,defocus_blur,1,none
efficientnet_b4,ILSVRC2012_val_00013730.JPEG,n01742172,61,61,0.62992716,1,imagenet_c,defocus_blur,1,none
efficientnet_b4,ILSVRC2012_val_00013771.JPEG,n01742172,61,62,0.2321021,0,imagenet_c,defocus_blur,1,none
efficientnet_b4,ILSVRC2012_val_00014465.JPEG,n01742172,61,876,0.06095051,0,imagenet_c,defocus_blur,1,none
efficientnet_b4,ILSVRC2012_val_00015643.JPEG,n01742172,61,61,0.551032,1,imagenet_c,defocus_blur,1,none
efficientnet_b4,ILSVRC2012_val_00018228.JPEG,n01742172,61,61,0.4003807,1,imagenet_c,defocus_blur,1,none
efficientnet_b4,ILSVRC2012_val_00018456.JPEG,n01742172,61,61,0.48451692,1,imagenet_c,defocus_blur,1,none
efficientnet_b4,ILSVRC2012_val_00018622.JPEG,n01742172,61,61,0.35736796,1,imagenet_c,defocus_blur,1,none
efficientnet_b4,ILSVRC2012_val_00018907.JPEG,n01742172,61,61,0.32056123,1,imagenet_c,defocus_blur,1,none
efficientnet_b4,ILSVRC2012_val_00020401.JPEG,n01742172,61,61,0.2097082,1,imagenet_c,defocus_blur,1,none
efficientnet_b4,ILSVRC2012_val_00021032.JPEG,n01742172,61,62,0.337746,0,imagenet_c,defocus_blur,1,none
efficientnet_b4,ILSVRC2012_val_00021660.JPEG,n01742172,61,61,0.5609084,1,imagenet_c,defocus_blur,1,none
efficientnet_b4,ILSVRC2012_val_00025867.JPEG,n01742172,61,61,0.7223104,1,imagenet_c,defocus_blur,1,none
efficientnet_b4,ILSVRC2012_val_00026766.JPEG,n01742172,61,55,0.3247328,0,imagenet_c,defocus_blur,1,none
efficientnet_b4,ILSVRC2012_val_00027148.JPEG,n01742172,61,61,0.51129776,1,imagenet_c,defocus_blur,1,none
efficientnet_b4,ILSVRC2012_val_00027484.JPEG,n01742172,61,61,0.7036516,1,imagenet_c,defocus_blur,1,none
efficientnet_b4,ILSVRC2012_val_00027488.JPEG,n01742172,61,54,0.103541076,0,imagenet_c,defocus_blur,1,none
efficientnet_b4,ILSVRC2012_val_00028810.JPEG,n01742172,61,61,0.734212,1,imagenet_c,defocus_blur,1,none
efficientnet_b4,ILSVRC2012_val_00029088.JPEG,n01742172,61,775,0.20666979,0,imagenet_c,defocus_blur,1,none
efficientnet_b4,ILSVRC2012_val_00029153.JPEG,n01742172,61,61,0.30390358,1,imagenet_c,defocus_blur,1,none
efficientnet_b4,ILSVRC2012_val_00031608.JPEG,n01742172,61,62,0.2864713,0,imagenet_c,defocus_blur,1,none
efficientnet_b4,ILSVRC2012_val_00031749.JPEG,n01742172,61,61,0.33896154,1,imagenet_c,defocus_blur,1,none
efficientnet_b4,ILSVRC2012_val_00035387.JPEG,n01742172,61,59,0.5454344,0,imagenet_c,defocus_blur,1,none
efficientnet_b4,ILSVRC2012_val_00035425.JPEG,n01742172,61,62,0.39828908,0,imagenet_c,defocus_blur,1,none
efficientnet_b4,ILSVRC2012_val_00035842.JPEG,n01742172,61,60,0.26001048,0,imagenet_c,defocus_blur,1,none
efficientnet_b4,ILSVRC2012_val_00036657.JPEG,n01742172,61,62,0.35646656,0,imagenet_c,defocus_blur,1,none
efficientnet_b4,ILSVRC2012_val_00038304.JPEG,n01742172,61,61,0.63834757,1,imagenet_c,defocus_blur,1,none
efficientnet_b4,ILSVRC2012_val_00039244.JPEG,n01742172,61,61,0.5176742,1,imagenet_c,defocus_blur,1,none
efficientnet_b4,ILSVRC2012_val_00039669.JPEG,n01742172,61,634,0.032026757,0,imagenet_c,defocus_blur,1,none
efficientnet_b4,ILSVRC2012_val_00042500.JPEG,n01742172,61,61,0.44855982,1,imagenet_c,defocus_blur,1,none
efficientnet_b4,ILSVRC2012_val_00043349.JPEG,n01742172,61,60,0.56699467,0,imagenet_c,defocus_blur,1,none
efficientnet_b4,ILSVRC2012_val_00045042.JPEG,n01742172,61,61,0.47211653,1,imagenet_c,defocus_blur,1,none
efficientnet_b4,ILSVRC2012_val_00045129.JPEG,n01742172,61,361,0.03916405,0,imagenet_c,defocus_blur,1,none
efficientnet_b4,ILSVRC2012_val_00046778.JPEG,n01742172,61,52,0.2648938,0,imagenet_c,defocus_blur,1,none
efficientnet_b4,ILSVRC2012_val_00047227.JPEG,n01742172,61,62,0.42861685,0,imagenet_c,defocus_blur,1,none
efficientnet_b4,ILSVRC2012_val_00049311.JPEG,n01742172,61,61,0.57532036,1,imagenet_c,defocus_blur,1,none
efficientnet_b4,ILSVRC2012_val_00049515.JPEG,n01742172,61,61,0.50006604,1,imagenet_c,defocus_blur,1,none
efficientnet_b4,ILSVRC2012_val_00000688.JPEG,n01744401,62,62,0.550838,1,imagenet_c,defocus_blur,1,none
efficientnet_b4,ILSVRC2012_val_00001482.JPEG,n01744401,62,621,0.066629276,0,imagenet_c,defocus_blur,1,none
efficientnet_b4,ILSVRC2012_val_00002231.JPEG,n01744401,62,62,0.24144629,1,imagenet_c,defocus_blur,1,none
efficientnet_b4,ILSVRC2012_val_00002645.JPEG,n01744401,62,62,0.50420403,1,imagenet_c,defocus_blur,1,none
efficientnet_b4,ILSVRC2012_val_00002899.JPEG,n01744401,62,62,0.6973509,1,imagenet_c,defocus_blur,1,none
efficientnet_b4,ILSVRC2012_val_00003468.JPEG,n01744401,62,62,0.06994963,1,imagenet_c,defocus_blur,1,none
efficientnet_b4,ILSVRC2012_val_00004499.JPEG,n01744401,62,30,0.0660884,0,imagenet_c,defocus_blur,1,none
efficientnet_b4,ILSVRC2012_val_00005286.JPEG,n01744401,62,62,0.614256,1,imagenet_c,defocus_blur,1,none
efficientnet_b4,ILSVRC2012_val_00006262.JPEG,n01744401,62,422,0.29150406,0,imagenet_c,defocus_blur,1,none
efficientnet_b4,ILSVRC2012_val_00007220.JPEG,n01744401,62,62,0.5863142,1,imagenet_c,defocus_blur,1,none
efficientnet_b4,ILSVRC2012_val_00007222.JPEG,n01744401,62,37,0.15826079,0,imagenet_c,defocus_blur,1,none
efficientnet_b4,ILSVRC2012_val_00009890.JPEG,n01744401,62,488,0.030560223,0,imagenet_c,defocus_blur,1,none
efficientnet_b4,ILSVRC2012_val_00010586.JPEG,n01744401,62,61,0.29670632,0,imagenet_c,defocus_blur,1,none
efficientnet_b4,ILSVRC2012_val_00011971.JPEG,n01744401,62,41,0.30900446,0,imagenet_c,defocus_blur,1,none
efficientnet_b4,ILSVRC2012_val_00013046.JPEG,n01744401,62,62,0.59839636,1,imagenet_c,defocus_blur,1,none
efficientnet_b4,ILSVRC2012_val_00013965.JPEG,n01744401,62,62,0.48498532,1,imagenet_c,defocus_blur,1,none
efficientnet_b4,ILSVRC2012_val_00014961.JPEG,n01744401,62,62,0.1817695,1,imagenet_c,defocus_blur,1,none
efficientnet_b4,ILSVRC2012_val_00015523.JPEG,n01744401,62,62,0.0854281,1,imagenet_c,defocus_blur,1,none
efficientnet_b4,ILSVRC2012_val_00016089.JPEG,n01744401,62,83,0.07516177,0,imagenet_c,defocus_blur,1,none
efficientnet_b4,ILSVRC2012_val_00016821.JPEG,n01744401,62,9,0.1767177,0,imagenet_c,defocus_blur,1,none
efficientnet_b4,ILSVRC2012_val_00017381.JPEG,n01744401,62,62,0.10911385,1,imagenet_c,defocus_blur,1,none
efficientnet_b4,ILSVRC2012_val_00017927.JPEG,n01744401,62,62,0.64926374,1,imagenet_c,defocus_blur,1,none
efficientnet_b4,ILSVRC2012_val_00020861.JPEG,n01744401,62,116,0.10644002,0,imagenet_c,defocus_blur,1,none
efficientnet_b4,ILSVRC2012_val_00024341.JPEG,n01744401,62,62,0.6466251,1,imagenet_c,defocus_blur,1,none
efficientnet_b4,ILSVRC2012_val_00024851.JPEG,n01744401,62,62,0.7491581,1,imagenet_c,defocus_blur,1,none
efficientnet_b4,ILSVRC2012_val_00026133.JPEG,n01744401,62,62,0.6119974,1,imagenet_c,defocus_blur,1,none
efficientnet_b4,ILSVRC2012_val_00026406.JPEG,n01744401,62,62,0.4949232,1,imagenet_c,defocus_blur,1,none
efficientnet_b4,ILSVRC2012_val_00028743.JPEG,n01744401,62,62,0.52791804,1,imagenet_c,defocus_blur,1,none
efficientnet_b4,ILSVRC2012_val_00031980.JPEG,n01744401,62,62,0.13925478,1,imagenet_c,defocus_blur,1,none
efficientnet_b4,ILSVRC2012_val_00032500.JPEG,n01744401,62,62,0.5856949,1,imagenet_c,defocus_blur,1,none
efficientnet_b4,ILSVRC2012_val_00032663.JPEG,n01744401,62,390,0.03468096,0,imagenet_c,defocus_blur,1,none
efficientnet_b4,ILSVRC2012_val_00032756.JPEG,n01744401,62,62,0.5859442,1,imagenet_c,defocus_blur,1,none
efficientnet_b4,ILSVRC2012_val_00033761.JPEG,n01744401,62,37,0.0392234,0,imagenet_c,defocus_blur,1,none
efficientnet_b4,ILSVRC2012_val_00035023.JPEG,n01744401,62,61,0.32170776,0,imagenet_c,defocus_blur,1,none
efficientnet_b4,ILSVRC2012_val_00037464.JPEG,n01744401,62,60,0.11639334,0,imagenet_c,defocus_blur,1,none
efficientnet_b4,ILSVRC2012_val_00039489.JPEG,n01744401,62,60,0.15572348,0,imagenet_c,defocus_blur,1,none
efficientnet_b4,ILSVRC2012_val_00040824.JPEG,n01744401,62,60,0.20914665,0,imagenet_c,defocus_blur,1,none
efficientnet_b4,ILSVRC2012_val_00041159.JPEG,n01744401,62,62,0.4487759,1,imagenet_c,defocus_blur,1,none
efficientnet_b4,ILSVRC2012_val_00042673.JPEG,n01744401,62,67,0.43032944,0,imagenet_c,defocus_blur,1,none
efficientnet_b4,ILSVRC2012_val_00043836.JPEG,n01744401,62,978,0.14853825,0,imagenet_c,defocus_blur,1,none
efficientnet_b4,ILSVRC2012_val_00043969.JPEG,n01744401,62,297,0.052551586,0,imagenet_c,defocus_blur,1,none
efficientnet_b4,ILSVRC2012_val_00044112.JPEG,n01744401,62,62,0.11941768,1,imagenet_c,defocus_blur,1,none
efficientnet_b4,ILSVRC2012_val_00044580.JPEG,n01744401,62,62,0.37440166,1,imagenet_c,defocus_blur,1,none
efficientnet_b4,ILSVRC2012_val_00044599.JPEG,n01744401,62,60,0.5342578,0,imagenet_c,defocus_blur,1,none
efficientnet_b4,ILSVRC2012_val_00046389.JPEG,n01744401,62,63,0.1537328,0,imagenet_c,defocus_blur,1,none
efficientnet_b4,ILSVRC2012_val_00046436.JPEG,n01744401,62,67,0.17914595,0,imagenet_c,defocus_blur,1,none
efficientnet_b4,ILSVRC2012_val_00046489.JPEG,n01744401,62,62,0.42350692,1,imagenet_c,defocus_blur,1,none
efficientnet_b4,ILSVRC2012_val_00046696.JPEG,n01744401,62,62,0.6464219,1,imagenet_c,defocus_blur,1,none
efficientnet_b4,ILSVRC2012_val_00049162.JPEG,n01744401,62,63,0.15739666,0,imagenet_c,defocus_blur,1,none
efficientnet_b4,ILSVRC2012_val_00049723.JPEG,n01744401,62,62,0.13890034,1,imagenet_c,defocus_blur,1,none
efficientnet_b4,ILSVRC2012_val_00003143.JPEG,n01748264,63,63,0.40874922,1,imagenet_c,defocus_blur,1,none
efficientnet_b4,ILSVRC2012_val_00003928.JPEG,n01748264,63,138,0.1457179,0,imagenet_c,defocus_blur,1,none
efficientnet_b4,ILSVRC2012_val_00005033.JPEG,n01748264,63,63,0.2661328,1,imagenet_c,defocus_blur,1,none
efficientnet_b4,ILSVRC2012_val_00006426.JPEG,n01748264,63,63,0.48346618,1,imagenet_c,defocus_blur,1,none
efficientnet_b4,ILSVRC2012_val_00006800.JPEG,n01748264,63,63,0.47670564,1,imagenet_c,defocus_blur,1,none
efficientnet_b4,ILSVRC2012_val_00010194.JPEG,n01748264,63,63,0.51136756,1,imagenet_c,defocus_blur,1,none
efficientnet_b4,ILSVRC2012_val_00012109.JPEG,n01748264,63,63,0.5316221,1,imagenet_c,defocus_blur,1,none
efficientnet_b4,ILSVRC2012_val_00013245.JPEG,n01748264,63,52,0.28444582,0,imagenet_c,defocus_blur,1,none
efficientnet_b4,ILSVRC2012_val_00013725.JPEG,n01748264,63,63,0.7641054,1,imagenet_c,defocus_blur,1,none
efficientnet_b4,ILSVRC2012_val_00013858.JPEG,n01748264,63,63,0.42144212,1,imagenet_c,defocus_blur,1,none
efficientnet_b4,ILSVRC2012_val_00014181.JPEG,n01748264,63,63,0.5509075,1,imagenet_c,defocus_blur,1,none
efficientnet_b4,ILSVRC2012_val_00014457.JPEG,n01748264,63,63,0.39122388,1,imagenet_c,defocus_blur,1,none
efficientnet_b4,ILSVRC2012_val_00014598.JPEG,n01748264,63,63,0.60968447,1,imagenet_c,defocus_blur,1,none
efficientnet_b4,ILSVRC2012_val_00014620.JPEG,n01748264,63,63,0.5917461,1,imagenet_c,defocus_blur,1,none
efficientnet_b4,ILSVRC2012_val_00015596.JPEG,n01748264,63,63,0.31047973,1,imagenet_c,defocus_blur,1,none
efficientnet_b4,ILSVRC2012_val_00015801.JPEG,n01748264,63,63,0.55521953,1,imagenet_c,defocus_blur,1,none
efficientnet_b4,ILSVRC2012_val_00017753.JPEG,n01748264,63,63,0.49014848,1,imagenet_c,defocus_blur,1,none
efficientnet_b4,ILSVRC2012_val_00020161.JPEG,n01748264,63,63,0.38491213,1,imagenet_c,defocus_blur,1,none
efficientnet_b4,ILSVRC2012_val_00021130.JPEG,n01748264,63,791,0.014719233,0,imagenet_c,defocus_blur,1,none
efficientnet_b4,ILSVRC2012_val_00021215.JPEG,n01748264,63,63,0.5006153,1,imagenet_c,defocus_blur,1,none
efficientnet_b4,ILSVRC2012_val_00021680.JPEG,n01748264,63,63,0.36767358,1,imagenet_c,defocus_blur,1,none
efficientnet_b4,ILSVRC2012_val_00022408.JPEG,n01748264,63,63,0.42566124,1,imagenet_c,defocus_blur,1,none
efficientnet_b4,ILSVRC2012_val_00022819.JPEG,n01748264,63,63,0.38497612,1,imagenet_c,defocus_blur,1,none
efficientnet_b4,ILSVRC2012_val_00022956.JPEG,n01748264,63,63,0.6261461,1,imagenet_c,defocus_blur,1,none
efficientnet_b4,ILSVRC2012_val_00023373.JPEG,n01748264,63,52,0.27250338,0,imagenet_c,defocus_blur,1,none
efficientnet_b4,ILSVRC2012_val_00024541.JPEG,n01748264,63,63,0.40392077,1,imagenet_c,defocus_blur,1,none
efficientnet_b4,ILSVRC2012_val_00024969.JPEG,n01748264,63,63,0.6814954,1,imagenet_c,defocus_blur,1,none
efficientnet_b4,ILSVRC2012_val_00025738.JPEG,n01748264,63,63,0.6131612,1,imagenet_c,defocus_blur,1,none
efficientnet_b4,ILSVRC2012_val_00027824.JPEG,n01748264,63,63,0.3821306,1,imagenet_c,defocus_blur,1,none
efficientnet_b4,ILSVRC2012_val_00028813.JPEG,n01748264,63,63,0.6161479,1,imagenet_c,defocus_blur,1,none
efficientnet_b4,ILSVRC2012_val_00029130.JPEG,n01748264,63,63,0.496123,1,imagenet_c,defocus_blur,1,none
efficientnet_b4,ILSVRC2012_val_00030303.JPEG,n01748264,63,63,0.39856547,1,imagenet_c,defocus_blur,1,none
efficientnet_b4,ILSVRC2012_val_00030306.JPEG,n01748264,63,63,0.469699,1,imagenet_c,defocus_blur,1,none
efficientnet_b4,ILSVRC2012_val_00031569.JPEG,n01748264,63,63,0.45271862,1,imagenet_c,defocus_blur,1,none
efficientnet_b4,ILSVRC2012_val_00034174.JPEG,n01748264,63,63,0.46455207,1,imagenet_c,defocus_blur,1,none
efficientnet_b4,ILSVRC2012_val_00035472.JPEG,n01748264,63,59,0.2301381,0,imagenet_c,defocus_blur,1,none
efficientnet_b4,ILSVRC2012_val_00035736.JPEG,n01748264,63,60,0.16444059,0,imagenet_c,defocus_blur,1,none
efficientnet_b4,ILSVRC2012_val_00035976.JPEG,n01748264,63,63,0.6466478,1,imagenet_c,defocus_blur,1,none
efficientnet_b4,ILSVRC2012_val_00036217.JPEG,n01748264,63,59,0.14039733,0,imagenet_c,defocus_blur,1,none
efficientnet_b4,ILSVRC2012_val_00038480.JPEG,n01748264,63,63,0.4055611,1,imagenet_c,defocus_blur,1,none
efficientnet_b4,ILSVRC2012_val_00038671.JPEG,n01748264,63,63,0.5982301,1,imagenet_c,defocus_blur,1,none
efficientnet_b4,ILSVRC2012_val_00041216.JPEG,n01748264,63,63,0.8405766,1,imagenet_c,defocus_blur,1,none
efficientnet_b4,ILSVRC2012_val_00042109.JPEG,n01748264,63,63,0.4719005,1,imagenet_c,defocus_blur,1,none
efficientnet_b4,ILSVRC2012_val_00042111.JPEG,n01748264,63,63,0.31509268,1,imagenet_c,defocus_blur,1,none
efficientnet_b4,ILSVRC2012_val_00045019.JPEG,n01748264,63,63,0.35456085,1,imagenet_c,defocus_blur,1,none
efficientnet_b4,ILSVRC2012_val_00045953.JPEG,n01748264,63,63,0.54364306,1,imagenet_c,defocus_blur,1,none
efficientnet_b4,ILSVRC2012_val_00046018.JPEG,n01748264,63,63,0.53867036,1,imagenet_c,defocus_blur,1,none
efficientnet_b4,ILSVRC2012_val_00046944.JPEG,n01748264,63,63,0.52020913,1,imagenet_c,defocus_blur,1,none
efficientnet_b4,ILSVRC2012_val_00049448.JPEG,n01748264,63,52,0.24879465,0,imagenet_c,defocus_blur,1,none
efficientnet_b4,ILSVRC2012_val_00049823.JPEG,n01748264,63,63,0.5299119,1,imagenet_c,defocus_blur,1,none
efficientnet_b4,ILSVRC2012_val_00000298.JPEG,n01749939,64,64,0.6510601,1,imagenet_c,defocus_blur,1,none
efficientnet_b4,ILSVRC2012_val_00001185.JPEG,n01749939,64,64,0.6607876,1,imagenet_c,defocus_blur,1,none
efficientnet_b4,ILSVRC2012_val_00001578.JPEG,n01749939,64,64,0.6495728,1,imagenet_c,defocus_blur,1,none
efficientnet_b4,ILSVRC2012_val_00003785.JPEG,n01749939,64,64,0.31275168,1,imagenet_c,defocus_blur,1,none
efficientnet_b4,ILSVRC2012_val_00005617.JPEG,n01749939,64,64,0.5462613,1,imagenet_c,defocus_blur,1,none
efficientnet_b4,ILSVRC2012_val_00006403.JPEG,n01749939,64,59,0.5791271,0,imagenet_c,defocus_blur,1,none
efficientnet_b4,ILSVRC2012_val_00007877.JPEG,n01749939,64,64,0.6787934,1,imagenet_c,defocus_blur,1,none
efficientnet_b4,ILSVRC2012_val_00007937.JPEG,n01749939,64,64,0.67547184,1,imagenet_c,defocus_blur,1,none
efficientnet_b4,ILSVRC2012_val_00008788.JPEG,n01749939,64,378,0.1752995,0,imagenet_c,defocus_blur,1,none
efficientnet_b4,ILSVRC2012_val_00008810.JPEG,n01749939,64,64,0.47295746,1,imagenet_c,defocus_blur,1,none
efficientnet_b4,ILSVRC2012_val_00008829.JPEG,n01749939,64,64,0.40004686,1,imagenet_c,defocus_blur,1,none
efficientnet_b4,ILSVRC2012_val_00009059.JPEG,n01749939,64,64,0.27973533,1,imagenet_c,defocus_blur,1,none
efficientnet_b4,ILSVRC2012_val_00011428.JPEG,n01749939,64,64,0.6422858,1,imagenet_c,defocus_blur,1,none
efficientnet_b4,ILSVRC2012_val_00012768.JPEG,n01749939,64,59,0.17811295,0,imagenet_c,defocus_blur,1,none
efficientnet_b4,ILSVRC2012_val_00014252.JPEG,n01749939,64,989,0.029809332,0,imagenet_c,defocus_blur,1,none
efficientnet_b4,ILSVRC2012_val_00014575.JPEG,n01749939,64,374,0.018106423,0,imagenet_c,defocus_blur,1,none
efficientnet_b4,ILSVRC2012_val_00014769.JPEG,n01749939,64,135,0.040897805,0,imagenet_c,defocus_blur,1,none
efficientnet_b4,ILSVRC2012_val_00015686.JPEG,n01749939,64,64,0.46536165,1,imagenet_c,defocus_blur,1,none
efficientnet_b4,ILSVRC2012_val_00015698.JPEG,n01749939,64,64,0.6142298,1,imagenet_c,defocus_blur,1,none
efficientnet_b4,ILSVRC2012_val_00016564.JPEG,n01749939,64,63,0.22318757,0,imagenet_c,defocus_blur,1,none
efficientnet_b4,ILSVRC2012_val_00018314.JPEG,n01749939,64,64,0.25251237,1,imagenet_c,defocus_blur,1,none
efficientnet_b4,ILSVRC2012_val_00021076.JPEG,n01749939,64,64,0.7108632,1,imagenet_c,defocus_blur,1,none
efficientnet_b4,ILSVRC2012_val_00021593.JPEG,n01749939,64,64,0.63421315,1,imagenet_c,defocus_blur,1,none
efficientnet_b4,ILSVRC2012_val_00022436.JPEG,n01749939,64,59,0.32738873,0,imagenet_c,defocus_blur,1,none
efficientnet_b4,ILSVRC2012_val_00024472.JPEG,n01749939,64,64,0.70842427,1,imagenet_c,defocus_blur,1,none
efficientnet_b4,ILSVRC2012_val_00025938.JPEG,n01749939,64,986,0.10544529,0,imagenet_c,defocus_blur,1,none
efficientnet_b4,ILSVRC2012_val_00026739.JPEG,n01749939,64,381,0.022599747,0,imagenet_c,defocus_blur,1,none
efficientnet_b4,ILSVRC2012_val_00028197.JPEG,n01749939,64,59,0.24913919,0,imagenet_c,defocus_blur,1,none
efficientnet_b4,ILSVRC2012_val_00029525.JPEG,n01749939,64,64,0.75307864,1,imagenet_c,defocus_blur,1,none
efficientnet_b4,ILSVRC2012_val_00030360.JPEG,n01749939,64,59,0.02028702,0,imagenet_c,defocus_blur,1,none
efficientnet_b4,ILSVRC2012_val_00032220.JPEG,n01749939,64,64,0.4752527,1,imagenet_c,defocus_blur,1,none
efficientnet_b4,ILSVRC2012_val_00036392.JPEG,n01749939,64,64,0.6653197,1,imagenet_c,defocus_blur,1,none
efficientnet_b4,ILSVRC2012_val_00037794.JPEG,n01749939,64,64,0.25463715,1,imagenet_c,defocus_blur,1,none
efficientnet_b4,ILSVRC2012_val_00038890.JPEG,n01749939,64,64,0.5776804,1,imagenet_c,defocus_blur,1,none
efficientnet_b4,ILSVRC2012_val_00039651.JPEG,n01749939,64,64,0.52184296,1,imagenet_c,defocus_blur,1,none
efficientnet_b4,ILSVRC2012_val_00039780.JPEG,n01749939,64,55,0.2893463,0,imagenet_c,defocus_blur,1,none
efficientnet_b4,ILSVRC2012_val_00040948.JPEG,n01749939,64,64,0.688835,1,imagenet_c,defocus_blur,1,none
efficientnet_b4,ILSVRC2012_val_00041931.JPEG,n01749939,64,64,0.24595462,1,imagenet_c,defocus_blur,1,none
efficientnet_b4,ILSVRC2012_val_00042162.JPEG,n01749939,64,59,0.2321541,0,imagenet_c,defocus_blur,1,none
efficientnet_b4,ILSVRC2012_val_00042383.JPEG,n01749939,64,64,0.61816484,1,imagenet_c,defocus_blur,1,none
efficientnet_b4,ILSVRC2012_val_00043850.JPEG,n01749939,64,64,0.59468824,1,imagenet_c,defocus_blur,1,none
efficientnet_b4,ILSVRC2012_val_00044333.JPEG,n01749939,64,64,0.522693,1,imagenet_c,defocus_blur,1,none
efficientnet_b4,ILSVRC2012_val_00044459.JPEG,n01749939,64,59,0.48366243,0,imagenet_c,defocus_blur,1,none
efficientnet_b4,ILSVRC2012_val_00044577.JPEG,n01749939,64,64,0.60141003,1,imagenet_c,defocus_blur,1,none
efficientnet_b4,ILSVRC2012_val_00045594.JPEG,n01749939,64,64,0.3405108,1,imagenet_c,defocus_blur,1,none
efficientnet_b4,ILSVRC2012_val_00046039.JPEG,n01749939,64,64,0.62444425,1,imagenet_c,defocus_blur,1,none
efficientnet_b4,ILSVRC2012_val_00046224.JPEG,n01749939,64,59,0.5710966,0,imagenet_c,defocus_blur,1,none
efficientnet_b4,ILSVRC2012_val_00046847.JPEG,n01749939,64,64,0.5818974,1,imagenet_c,defocus_blur,1,none
efficientnet_b4,ILSVRC2012_val_00049182.JPEG,n01749939,64,64,0.3085343,1,imagenet_c,defocus_blur,1,none
efficientnet_b4,ILSVRC2012_val_00049542.JPEG,n01749939,64,58,0.119204655,0,imagenet_c,defocus_blur,1,none
efficientnet_b4,ILSVRC2012_val_00000001.JPEG,n01751748,65,65,0.14865379,1,imagenet_c,defocus_blur,1,none
efficientnet_b4,ILSVRC2012_val_00000324.JPEG,n01751748,65,65,0.28073695,1,imagenet_c,defocus_blur,1,none
efficientnet_b4,ILSVRC2012_val_00001607.JPEG,n01751748,65,65,0.84777385,1,imagenet_c,defocus_blur,1,none
efficientnet_b4,ILSVRC2012_val_00001695.JPEG,n01751748,65,65,0.507651,1,imagenet_c,defocus_blur,1,none
efficientnet_b4,ILSVRC2012_val_00002154.JPEG,n01751748,65,65,0.3734025,1,imagenet_c,defocus_blur,1,none
efficientnet_b4,ILSVRC2012_val_00002698.JPEG,n01751748,65,65,0.7347202,1,imagenet_c,defocus_blur,1,none
efficientnet_b4,ILSVRC2012_val_00006751.JPEG,n01751748,65,65,0.69924957,1,imagenet_c,defocus_blur,1,none
efficientnet_b4,ILSVRC2012_val_00006817.JPEG,n01751748,65,5,0.23247017,0,imagenet_c,defocus_blur,1,none
efficientnet_b4,ILSVRC2012_val_00007558.JPEG,n01751748,65,65,0.7937032,1,imagenet_c,defocus_blur,1,none
efficientnet_b4,ILSVRC2012_val_00007885.JPEG,n01751748,65,390,0.4403399,0,imagenet_c,defocus_blur,1,none
efficientnet_b4,ILSVRC2012_val_00009822.JPEG,n01751748,65,65,0.5637877,1,imagenet_c,defocus_blur,1,none
efficientnet_b4,ILSVRC2012_val_00012301.JPEG,n01751748,65,53,0.43904108,0,imagenet_c,defocus_blur,1,none
efficientnet_b4,ILSVRC2012_val_00013492.JPEG,n01751748,65,65,0.27223963,1,imagenet_c,defocus_blur,1,none
efficientnet_b4,ILSVRC2012_val_00015374.JPEG,n01751748,65,65,0.7791321,1,imagenet_c,defocus_blur,1,none
efficientnet_b4,ILSVRC2012_val_00016846.JPEG,n01751748,65,65,0.87620336,1,imagenet_c,defocus_blur,1,none
efficientnet_b4,ILSVRC2012_val_00019204.JPEG,n01751748,65,65,0.366669,1,imagenet_c,defocus_blur,1,none
efficientnet_b4,ILSVRC2012_val_00020539.JPEG,n01751748,65,616,0.10236369,0,imagenet_c,defocus_blur,1,none
efficientnet_b4,ILSVRC2012_val_00020910.JPEG,n01751748,65,65,0.78638184,1,imagenet_c,defocus_blur,1,none
efficientnet_b4,ILSVRC2012_val_00021259.JPEG,n01751748,65,58,0.5565186,0,imagenet_c,defocus_blur,1,none
efficientnet_b4,ILSVRC2012_val_00021437.JPEG,n01751748,65,65,0.7308297,1,imagenet_c,defocus_blur,1,none
efficientnet_b4,ILSVRC2012_val_00021711.JPEG,n01751748,65,65,0.16947348,1,imagenet_c,defocus_blur,1,none
efficientnet_b4,ILSVRC2012_val_00021916.JPEG,n01751748,65,995,0.0942772,0,imagenet_c,defocus_blur,1,none
efficientnet_b4,ILSVRC2012_val_00023138.JPEG,n01751748,65,65,0.6684119,1,imagenet_c,defocus_blur,1,none
efficientnet_b4,ILSVRC2012_val_00025096.JPEG,n01751748,65,65,0.2938382,1,imagenet_c,defocus_blur,1,none
efficientnet_b4,ILSVRC2012_val_00025339.JPEG,n01751748,65,65,0.534066,1,imagenet_c,defocus_blur,1,none
efficientnet_b4,ILSVRC2012_val_00025367.JPEG,n01751748,65,65,0.76705635,1,imagenet_c,defocus_blur,1,none
efficientnet_b4,ILSVRC2012_val_00030039.JPEG,n01751748,65,57,0.38411558,0,imagenet_c,defocus_blur,1,none
efficientnet_b4,ILSVRC2012_val_00031060.JPEG,n01751748,65,390,0.1527485,0,imagenet_c,defocus_blur,1,none
efficientnet_b4,ILSVRC2012_val_00032628.JPEG,n01751748,65,111,0.4269165,0,imagenet_c,defocus_blur,1,none
efficientnet_b4,ILSVRC2012_val_00033108.JPEG,n01751748,65,119,0.0645953,0,imagenet_c,defocus_blur,1,none
efficientnet_b4,ILSVRC2012_val_00033157.JPEG,n01751748,65,65,0.7273504,1,imagenet_c,defocus_blur,1,none
efficientnet_b4,ILSVRC2012_val_00033242.JPEG,n01751748,65,65,0.77022654,1,imagenet_c,defocus_blur,1,none
efficientnet_b4,ILSVRC2012_val_00033903.JPEG,n01751748,65,65,0.48645335,1,imagenet_c,defocus_blur,1,none
efficientnet_b4,ILSVRC2012_val_00034201.JPEG,n01751748,65,65,0.29589552,1,imagenet_c,defocus_blur,1,none
efficientnet_b4,ILSVRC2012_val_00035365.JPEG,n01751748,65,58,0.2386041,0,imagenet_c,defocus_blur,1,none
efficientnet_b4,ILSVRC2012_val_00035914.JPEG,n01751748,65,53,0.36000073,0,imagenet_c,defocus_blur,1,none
efficientnet_b4,ILSVRC2012_val_00036151.JPEG,n01751748,65,65,0.23765302,1,imagenet_c,defocus_blur,1,none
efficientnet_b4,ILSVRC2012_val_00036291.JPEG,n01751748,65,65,0.05619112,1,imagenet_c,defocus_blur,1,none
efficientnet_b4,ILSVRC2012_val_00037809.JPEG,n01751748,65,64,0.11592688,0,imagenet_c,defocus_blur,1,none
efficientnet_b4,ILSVRC2012_val_00039265.JPEG,n01751748,65,390,0.21855882,0,imagenet_c,defocus_blur,1,none
efficientnet_b4,ILSVRC2012_val_00041755.JPEG,n01751748,65,65,0.5726089,1,imagenet_c,defocus_blur,1,none
efficientnet_b4,ILSVRC2012_val_00042301.JPEG,n01751748,65,65,0.7058404,1,imagenet_c,defocus_blur,1,none
efficientnet_b4,ILSVRC2012_val_00043075.JPEG,n01751748,65,65,0.63258386,1,imagenet_c,defocus_blur,1,none
efficientnet_b4,ILSVRC2012_val_00044384.JPEG,n01751748,65,65,0.7751179,1,imagenet_c,defocus_blur,1,none
efficientnet_b4,ILSVRC2012_val_00045065.JPEG,n01751748,65,53,0.3865109,0,imagenet_c,defocus_blur,1,none
efficientnet_b4,ILSVRC2012_val_00046465.JPEG,n01751748,65,65,0.28840086,1,imagenet_c,defocus_blur,1,none
efficientnet_b4,ILSVRC2012_val_00047044.JPEG,n01751748,65,65,0.7992361,1,imagenet_c,defocus_blur,1,none
efficientnet_b4,ILSVRC2012_val_00047384.JPEG,n01751748,65,38,0.50771874,0,imagenet_c,defocus_blur,1,none
efficientnet_b4,ILSVRC2012_val_00048285.JPEG,n01751748,65,25,0.26525354,0,imagenet_c,defocus_blur,1,none
efficientnet_b4,ILSVRC2012_val_00049933.JPEG,n01751748,65,65,0.08510012,1,imagenet_c,defocus_blur,1,none
efficientnet_b4,ILSVRC2012_val_00001582.JPEG,n01753488,66,66,0.17292613,1,imagenet_c,defocus_blur,1,none
efficientnet_b4,ILSVRC2012_val_00002852.JPEG,n01753488,66,66,0.28494582,1,imagenet_c,defocus_blur,1,none
efficientnet_b4,ILSVRC2012_val_00005479.JPEG,n01753488,66,66,0.49463838,1,imagenet_c,defocus_blur,1,none
efficientnet_b4,ILSVRC2012_val_00007842.JPEG,n01753488,66,66,0.41268408,1,imagenet_c,defocus_blur,1,none
efficientnet_b4,ILSVRC2012_val_00007873.JPEG,n01753488,66,66,0.47547233,1,imagenet_c,defocus_blur,1,none
efficientnet_b4,ILSVRC2012_val_00012220.JPEG,n01753488,66,299,0.06702211,0,imagenet_c,defocus_blur,1,none
efficientnet_b4,ILSVRC2012_val_00012354.JPEG,n01753488,66,66,0.59282863,1,imagenet_c,defocus_blur,1,none
efficientnet_b4,ILSVRC2012_val_00013772.JPEG,n01753488,66,66,0.48776966,1,imagenet_c,defocus_blur,1,none
efficientnet_b4,ILSVRC2012_val_00014116.JPEG,n01753488,66,68,0.48110017,0,imagenet_c,defocus_blur,1,none
efficientnet_b4,ILSVRC2012_val_00015221.JPEG,n01753488,66,66,0.22867711,1,imagenet_c,defocus_blur,1,none
efficientnet_b4,ILSVRC2012_val_00016066.JPEG,n01753488,66,299,0.12974586,0,imagenet_c,defocus_blur,1,none
efficientnet_b4,ILSVRC2012_val_00016469.JPEG,n01753488,66,61,0.25120288,0,imagenet_c,defocus_blur,1,none
efficientnet_b4,ILSVRC2012_val_00017531.JPEG,n01753488,66,68,0.3588201,0,imagenet_c,defocus_blur,1,none
efficientnet_b4,ILSVRC2012_val_00017595.JPEG,n01753488,66,66,0.4128187,1,imagenet_c,defocus_blur,1,none
efficientnet_b4,ILSVRC2012_val_00023970.JPEG,n01753488,66,68,0.32216233,0,imagenet_c,defocus_blur,1,none
efficientnet_b4,ILSVRC2012_val_00025598.JPEG,n01753488,66,66,0.5123733,1,imagenet_c,defocus_blur,1,none
efficientnet_b4,ILSVRC2012_val_00025796.JPEG,n01753488,66,66,0.34582338,1,imagenet_c,defocus_blur,1,none
efficientnet_b4,ILSVRC2012_val_00027790.JPEG,n01753488,66,66,0.50109375,1,imagenet_c,defocus_blur,1,none
efficientnet_b4,ILSVRC2012_val_00027904.JPEG,n01753488,66,66,0.17455919,1,imagenet_c,defocus_blur,1,none
efficientnet_b4,ILSVRC2012_val_00027921.JPEG,n01753488,66,600,0.2084529,0,imagenet_c,defocus_blur,1,none
efficientnet_b4,ILSVRC2012_val_00030210.JPEG,n01753488,66,66,0.36216974,1,imagenet_c,defocus_blur,1,none
efficientnet_b4,ILSVRC2012_val_00030521.JPEG,n01753488,66,66,0.5069915,1,imagenet_c,defocus_blur,1,none
efficientnet_b4,ILSVRC2012_val_00031311.JPEG,n01753488,66,42,0.07369599,0,imagenet_c,defocus_blur,1,none
efficientnet_b4,ILSVRC2012_val_00033125.JPEG,n01753488,66,68,0.5004988,0,imagenet_c,defocus_blur,1,none
efficientnet_b4,ILSVRC2012_val_00033459.JPEG,n01753488,66,68,0.35367987,0,imagenet_c,defocus_blur,1,none
efficientnet_b4,ILSVRC2012_val_00033674.JPEG,n01753488,66,63,0.084486686,0,imagenet_c,defocus_blur,1,none
efficientnet_b4,ILSVRC2012_val_00033749.JPEG,n01753488,66,66,0.5382696,1,imagenet_c,defocus_blur,1,none
efficientnet_b4,ILSVRC2012_val_00034461.JPEG,n01753488,66,354,0.02496276,0,imagenet_c,defocus_blur,1,none
efficientnet_b4,ILSVRC2012_val_00036068.JPEG,n01753488,66,66,0.35656595,1,imagenet_c,defocus_blur,1,none
efficientnet_b4,ILSVRC2012_val_00036910.JPEG,n01753488,66,68,0.37275118,0,imagenet_c,defocus_blur,1,none
efficientnet_b4,ILSVRC2012_val_00036982.JPEG,n01753488,66,66,0.5863285,1,imagenet_c,defocus_blur,1,none
efficientnet_b4,ILSVRC2012_val_00038078.JPEG,n01753488,66,66,0.45578164,1,imagenet_c,defocus_blur,1,none
efficientnet_b4,ILSVRC2012_val_00038266.JPEG,n01753488,66,68,0.32627174,0,imagenet_c,defocus_blur,1,none
efficientnet_b4,ILSVRC2012_val_00040317.JPEG,n01753488,66,66,0.11611101,1,imagenet_c,defocus_blur,1,none
efficientnet_b4,ILSVRC2012_val_00040417.JPEG,n01753488,66,111,0.12810314,0,imagenet_c,defocus_blur,1,none
efficientnet_b4,ILSVRC2012_val_00041616.JPEG,n01753488,66,66,0.6136356,1,imagenet_c,defocus_blur,1,none
efficientnet_b4,ILSVRC2012_val_00042749.JPEG,n01753488,66,42,0.05220397,0,imagenet_c,defocus_blur,1,none
efficientnet_b4,ILSVRC2012_val_00043310.JPEG,n01753488,66,66,0.4334845,1,imagenet_c,defocus_blur,1,none
efficientnet_b4,ILSVRC2012_val_00043559.JPEG,n01753488,66,66,0.69207877,1,imagenet_c,defocus_blur,1,none
efficientnet_b4,ILSVRC2012_val_00043563.JPEG,n01753488,66,68,0.38710943,0,imagenet_c,defocus_blur,1,none
efficientnet_b4,ILSVRC2012_val_00043809.JPEG,n01753488,66,66,0.17165442,1,imagenet_c,defocus_blur,1,none
efficientnet_b4,ILSVRC2012_val_00044048.JPEG,n01753488,66,66,0.47604674,1,imagenet_c,defocus_blur,1,none
efficientnet_b4,ILSVRC2012_val_00045212.JPEG,n01753488,66,66,0.40035978,1,imagenet_c,defocus_blur,1,none
efficientnet_b4,ILSVRC2012_val_00045247.JPEG,n01753488,66,68,0.41906798,0,imagenet_c,defocus_blur,1,none
efficientnet_b4,ILSVRC2012_val_00046193.JPEG,n01753488,66,66,0.4130537,1,imagenet_c,defocus_blur,1,none
efficientnet_b4,ILSVRC2012_val_00046538.JPEG,n01753488,66,66,0.46461895,1,imagenet_c,defocus_blur,1,none
efficientnet_b4,ILSVRC2012_val_00046541.JPEG,n01753488,66,66,0.4372582,1,imagenet_c,defocus_blur,1,none
efficientnet_b4,ILSVRC2012_val_00048041.JPEG,n01753488,66,66,0.6158027,1,imagenet_c,defocus_blur,1,none
efficientnet_b4,ILSVRC2012_val_00048250.JPEG,n01753488,66,42,0.25596172,0,imagenet_c,defocus_blur,1,none
efficientnet_b4,ILSVRC2012_val_00048943.JPEG,n01753488,66,67,0.13380729,0,imagenet_c,defocus_blur,1,none
efficientnet_b4,ILSVRC2012_val_00000749.JPEG,n01755581,67,68,0.4930525,0,imagenet_c,defocus_blur,1,none
efficientnet_b4,ILSVRC2012_val_00001593.JPEG,n01755581,67,68,0.34137782,0,imagenet_c,defocus_blur,1,none
efficientnet_b4,ILSVRC2012_val_00002776.JPEG,n01755581,67,68,0.29125303,0,imagenet_c,defocus_blur,1,none
efficientnet_b4,ILSVRC2012_val_00003706.JPEG,n01755581,67,67,0.35078153,1,imagenet_c,defocus_blur,1,none
efficientnet_b4,ILSVRC2012_val_00004448.JPEG,n01755581,67,26,0.060535837,0,imagenet_c,defocus_blur,1,none
efficientnet_b4,ILSVRC2012_val_00008775.JPEG,n01755581,67,102,0.02423243,0,imagenet_c,defocus_blur,1,none
efficientnet_b4,ILSVRC2012_val_00009692.JPEG,n01755581,67,671,0.13699082,0,imagenet_c,defocus_blur,1,none
efficientnet_b4,ILSVRC2012_val_00009718.JPEG,n01755581,67,298,0.11333819,0,imagenet_c,defocus_blur,1,none
efficientnet_b4,ILSVRC2012_val_00012731.JPEG,n01755581,67,67,0.3276672,1,imagenet_c,defocus_blur,1,none
efficientnet_b4,ILSVRC2012_val_00014114.JPEG,n01755581,67,67,0.5320587,1,imagenet_c,defocus_blur,1,none
efficientnet_b4,ILSVRC2012_val_00014950.JPEG,n01755581,67,519,0.11039986,0,imagenet_c,defocus_blur,1,none
efficientnet_b4,ILSVRC2012_val_00015622.JPEG,n01755581,67,68,0.21718921,0,imagenet_c,defocus_blur,1,none
efficientnet_b4,ILSVRC2012_val_00016287.JPEG,n01755581,67,68,0.2566195,0,imagenet_c,defocus_blur,1,none
efficientnet_b4,ILSVRC2012_val_00016470.JPEG,n01755581,67,60,0.22973439,0,imagenet_c,defocus_blur,1,none
efficientnet_b4,ILSVRC2012_val_00016905.JPEG,n01755581,67,67,0.33982122,1,imagenet_c,defocus_blur,1,none
efficientnet_b4,ILSVRC2012_val_00017285.JPEG,n01755581,67,67,0.50415486,1,imagenet_c,defocus_blur,1,none
efficientnet_b4,ILSVRC2012_val_00018627.JPEG,n01755581,67,68,0.28077078,0,imagenet_c,defocus_blur,1,none
efficientnet_b4,ILSVRC2012_val_00019097.JPEG,n01755581,67,102,0.04316546,0,imagenet_c,defocus_blur,1,none
efficientnet_b4,ILSVRC2012_val_00020736.JPEG,n01755581,67,38,0.16627538,0,imagenet_c,defocus_blur,1,none
efficientnet_b4,ILSVRC2012_val_00022486.JPEG,n01755581,67,66,0.2412767,0,imagenet_c,defocus_blur,1,none
efficientnet_b4,ILSVRC2012_val_00023820.JPEG,n01755581,67,66,0.15850015,0,imagenet_c,defocus_blur,1,none
efficientnet_b4,ILSVRC2012_val_00024299.JPEG,n01755581,67,60,0.21679106,0,imagenet_c,defocus_blur,1,none
efficientnet_b4,ILSVRC2012_val_00025467.JPEG,n01755581,67,62,0.12845778,0,imagenet_c,defocus_blur,1,none
efficientnet_b4,ILSVRC2012_val_00026379.JPEG,n01755581,67,491,0.049864195,0,imagenet_c,defocus_blur,1,none
efficientnet_b4,ILSVRC2012_val_00026487.JPEG,n01755581,67,67,0.4704464,1,imagenet_c,defocus_blur,1,none
efficientnet_b4,ILSVRC2012_val_00026598.JPEG,n01755581,67,54,0.47510183,0,imagenet_c,defocus_blur,1,none
efficientnet_b4,ILSVRC2012_val_00026805.JPEG,n01755581,67,68,0.3400629,0,imagenet_c,defocus_blur,1,none
efficientnet_b4,ILSVRC2012_val_00029615.JPEG,n01755581,67,274,0.02728272,0,imagenet_c,defocus_blur,1,none
efficientnet_b4,ILSVRC2012_val_00030009.JPEG,n01755581,67,67,0.6374445,1,imagenet_c,defocus_blur,1,none
efficientnet_b4,ILSVRC2012_val_00030158.JPEG,n01755581,67,67,0.58036196,1,imagenet_c,defocus_blur,1,none
efficientnet_b4,ILSVRC2012_val_00030923.JPEG,n01755581,67,67,0.46035662,1,imagenet_c,defocus_blur,1,none
efficientnet_b4,ILSVRC2012_val_00032036.JPEG,n01755581,67,63,0.24952778,0,imagenet_c,defocus_blur,1,none
efficientnet_b4,ILSVRC2012_val_00032714.JPEG,n01755581,67,62,0.15766422,0,imagenet_c,defocus_blur,1,none
efficientnet_b4,ILSVRC2012_val_00034660.JPEG,n01755581,67,211,0.20727701,0,imagenet_c,defocus_blur,1,none
efficientnet_b4,ILSVRC2012_val_00034778.JPEG,n01755581,67,68,0.4028475,0,imagenet_c,defocus_blur,1,none
efficientnet_b4,ILSVRC2012_val_00037451.JPEG,n01755581,67,350,0.24079989,0,imagenet_c,defocus_blur,1,none
efficientnet_b4,ILSVRC2012_val_00038068.JPEG,n01755581,67,67,0.5304566,1,imagenet_c,defocus_blur,1,none
efficientnet_b4,ILSVRC2012_val_00038123.JPEG,n01755581,67,111,0.098218076,0,imagenet_c,defocus_blur,1,none
efficientnet_b4,ILSVRC2012_val_00038342.JPEG,n01755581,67,67,0.56192476,1,imagenet_c,defocus_blur,1,none
efficientnet_b4,ILSVRC2012_val_00038555.JPEG,n01755581,67,63,0.27029368,0,imagenet_c,defocus_blur,1,none
efficientnet_b4,ILSVRC2012_val_00038859.JPEG,n01755581,67,67,0.29772803,1,imagenet_c,defocus_blur,1,none
efficientnet_b4,ILSVRC2012_val_00038875.JPEG,n01755581,67,67,0.43894002,1,imagenet_c,defocus_blur,1,none
efficientnet_b4,ILSVRC2012_val_00039026.JPEG,n01755581,67,68,0.31560266,0,imagenet_c,defocus_blur,1,none
efficientnet_b4,ILSVRC2012_val_00043333.JPEG,n01755581,67,67,0.5734834,1,imagenet_c,defocus_blur,1,none
efficientnet_b4,ILSVRC2012_val_00044542.JPEG,n01755581,67,67,0.4052748,1,imagenet_c,defocus_blur,1,none
efficientnet_b4,ILSVRC2012_val_00045418.JPEG,n01755581,67,67,0.28756347,1,imagenet_c,defocus_blur,1,none
efficientnet_b4,ILSVRC2012_val_00046370.JPEG,n01755581,67,49,0.31457356,0,imagenet_c,defocus_blur,1,none
efficientnet_b4,ILSVRC2012_val_00048750.JPEG,n01755581,67,67,0.3385272,1,imagenet_c,defocus_blur,1,none
efficientnet_b4,ILSVRC2012_val_00049541.JPEG,n01755581,67,67,0.15849061,1,imagenet_c,defocus_blur,1,none
efficientnet_b4,ILSVRC2012_val_00049975.JPEG,n01755581,67,66,0.30297682,0,imagenet_c,defocus_blur,1,none
efficientnet_b4,ILSVRC2012_val_00001706.JPEG,n01756291,68,111,0.6825433,0,imagenet_c,defocus_blur,1,none
efficientnet_b4,ILSVRC2012_val_00001819.JPEG,n01756291,68,63,0.30710942,0,imagenet_c,defocus_blur,1,none
efficientnet_b4,ILSVRC2012_val_00006480.JPEG,n01756291,68,68,0.35367987,1,imagenet_c,defocus_blur,1,none
efficientnet_b4,ILSVRC2012_val_00006690.JPEG,n01756291,68,674,0.21046665,0,imagenet_c,defocus_blur,1,none
efficientnet_b4,ILSVRC2012_val_00007991.JPEG,n01756291,68,68,0.43940413,1,imagenet_c,defocus_blur,1,none
efficientnet_b4,ILSVRC2012_val_00010465.JPEG,n01756291,68,66,0.37742245,0,imagenet_c,defocus_blur,1,none
efficientnet_b4,ILSVRC2012_val_00010723.JPEG,n01756291,68,66,0.3340283,0,imagenet_c,defocus_blur,1,none
efficientnet_b4,ILSVRC2012_val_00011531.JPEG,n01756291,68,68,0.3939887,1,imagenet_c,defocus_blur,1,none
efficientnet_b4,ILSVRC2012_val_00012006.JPEG,n01756291,68,66,0.4372582,0,imagenet_c,defocus_blur,1,none
efficientnet_b4,ILSVRC2012_val_00013418.JPEG,n01756291,68,66,0.36991563,0,imagenet_c,defocus_blur,1,none
efficientnet_b4,ILSVRC2012_val_00013574.JPEG,n01756291,68,66,0.25415516,0,imagenet_c,defocus_blur,1,none
efficientnet_b4,ILSVRC2012_val_00013698.JPEG,n01756291,68,67,0.04990629,0,imagenet_c,defocus_blur,1,none
efficientnet_b4,ILSVRC2012_val_00018563.JPEG,n01756291,68,68,0.3354439,1,imagenet_c,defocus_blur,1,none
efficientnet_b4,ILSVRC2012_val_00019270.JPEG,n01756291,68,68,0.48201537,1,imagenet_c,defocus_blur,1,none
efficientnet_b4,ILSVRC2012_val_00020569.JPEG,n01756291,68,66,0.12980592,0,imagenet_c,defocus_blur,1,none
efficientnet_b4,ILSVRC2012_val_00020632.JPEG,n01756291,68,68,0.21826671,1,imagenet_c,defocus_blur,1,none
efficientnet_b4,ILSVRC2012_val_00021270.JPEG,n01756291,68,66,0.5230399,0,imagenet_c,defocus_blur,1,none
efficientnet_b4,ILSVRC2012_val_00021873.JPEG,n01756291,68,68,0.32216233,1,imagenet_c,defocus_blur,1,none
efficientnet_b4,ILSVRC2012_val_00022529.JPEG,n01756291,68,68,0.4292418,1,imagenet_c,defocus_blur,1,none
efficientnet_b4,ILSVRC2012_val_00022818.JPEG,n01756291,68,66,0.32688695,0,imagenet_c,defocus_blur,1,none
efficientnet_b4,ILSVRC2012_val_00024609.JPEG,n01756291,68,68,0.379593,1,imagenet_c,defocus_blur,1,none
efficientnet_b4,ILSVRC2012_val_00024795.JPEG,n01756291,68,66,0.48186573,0,imagenet_c,defocus_blur,1,none
efficientnet_b4,ILSVRC2012_val_00025782.JPEG,n01756291,68,66,0.44226587,0,imagenet_c,defocus_blur,1,none
efficientnet_b4,ILSVRC2012_val_00026190.JPEG,n01756291,68,66,0.41268408,0,imagenet_c,defocus_blur,1,none
efficientnet_b4,ILSVRC2012_val_00026712.JPEG,n01756291,68,66,0.17651045,0,imagenet_c,defocus_blur,1,none
efficientnet_b4,ILSVRC2012_val_00028598.JPEG,n01756291,68,66,0.27707428,0,imagenet_c,defocus_blur,1,none
efficientnet_b4,ILSVRC2012_val_00030553.JPEG,n01756291,68,111,0.34962788,0,imagenet_c,defocus_blur,1,none
efficientnet_b4,ILSVRC2012_val_00030623.JPEG,n01756291,68,68,0.34716597,1,imagenet_c,defocus_blur,1,none
efficientnet_b4,ILSVRC2012_val_00032401.JPEG,n01756291,68,66,0.28850383,0,imagenet_c,defocus_blur,1,none
efficientnet_b4,ILSVRC2012_val_00036067.JPEG,n01756291,68,66,0.5581809,0,imagenet_c,defocus_blur,1,none
efficientnet_b4,ILSVRC2012_val_00036441.JPEG,n01756291,68,68,0.18410493,1,imagenet_c,defocus_blur,1,none
efficientnet_b4,ILSVRC2012_val_00036901.JPEG,n01756291,68,68,0.20446822,1,imagenet_c,defocus_blur,1,none
efficientnet_b4,ILSVRC2012_val_00038102.JPEG,n01756291,68,68,0.42596132,1,imagenet_c,defocus_blur,1,none
efficientnet_b4,ILSVRC2012_val_00039601.JPEG,n01756291,68,68,0.32949987,1,imagenet_c,defocus_blur,1,none
efficientnet_b4,ILSVRC2012_val_00040054.JPEG,n01756291,68,126,0.1575068,0,imagenet_c,defocus_blur,1,none
efficientnet_b4,ILSVRC2012_val_00040445.JPEG,n01756291,68,66,0.6136356,0,imagenet_c,defocus_blur,1,none
efficientnet_b4,ILSVRC2012_val_00041994.JPEG,n01756291,68,111,0.14410011,0,imagenet_c,defocus_blur,1,none
efficientnet_b4,ILSVRC2012_val_00042225.JPEG,n01756291,68,38,0.059493277,0,imagenet_c,defocus_blur,1,none
efficientnet_b4,ILSVRC2012_val_00042384.JPEG,n01756291,68,66,0.3914704,0,imagenet_c,defocus_blur,1,none
efficientnet_b4,ILSVRC2012_val_00042755.JPEG,n01756291,68,52,0.21849285,0,imagenet_c,defocus_blur,1,none
efficientnet_b4,ILSVRC2012_val_00043119.JPEG,n01756291,68,66,0.38655764,0,imagenet_c,defocus_blur,1,none
efficientnet_b4,ILSVRC2012_val_00043916.JPEG,n01756291,68,63,0.05939857,0,imagenet_c,defocus_blur,1,none
efficientnet_b4,ILSVRC2012_val_00045599.JPEG,n01756291,68,67,0.23282114,0,imagenet_c,defocus_blur,1,none
efficientnet_b4,ILSVRC2012_val_00045845.JPEG,n01756291,68,66,0.34491852,0,imagenet_c,defocus_blur,1,none
efficientnet_b4,ILSVRC2012_val_00046311.JPEG,n01756291,68,41,0.1868261,0,imagenet_c,defocus_blur,1,none
efficientnet_b4,ILSVRC2012_val_00047000.JPEG,n01756291,68,68,0.45183122,1,imagenet_c,defocus_blur,1,none
efficientnet_b4,ILSVRC2012_val_00047061.JPEG,n01756291,68,66,0.5189942,0,imagenet_c,defocus_blur,1,none
efficientnet_b4,ILSVRC2012_val_00048112.JPEG,n01756291,68,41,0.085457794,0,imagenet_c,defocus_blur,1,none
efficientnet_b4,ILSVRC2012_val_00048299.JPEG,n01756291,68,66,0.49248764,0,imagenet_c,defocus_blur,1,none
efficientnet_b4,ILSVRC2012_val_00048978.JPEG,n01756291,68,66,0.37907943,0,imagenet_c,defocus_blur,1,none
efficientnet_b4,ILSVRC2012_val_00000299.JPEG,n01768244,69,69,0.44235584,1,imagenet_c,defocus_blur,1,none
efficientnet_b4,ILSVRC2012_val_00001272.JPEG,n01768244,69,69,0.37303603,1,imagenet_c,defocus_blur,1,none
efficientnet_b4,ILSVRC2012_val_00003421.JPEG,n01768244,69,69,0.7154008,1,imagenet_c,defocus_blur,1,none
efficientnet_b4,ILSVRC2012_val_00004580.JPEG,n01768244,69,69,0.70855063,1,imagenet_c,defocus_blur,1,none
efficientnet_b4,ILSVRC2012_val_00005828.JPEG,n01768244,69,69,0.7253615,1,imagenet_c,defocus_blur,1,none
efficientnet_b4,ILSVRC2012_val_00006045.JPEG,n01768244,69,69,0.61945444,1,imagenet_c,defocus_blur,1,none
efficientnet_b4,ILSVRC2012_val_00008410.JPEG,n01768244,69,69,0.6777963,1,imagenet_c,defocus_blur,1,none
efficientnet_b4,ILSVRC2012_val_00009499.JPEG,n01768244,69,69,0.6560367,1,imagenet_c,defocus_blur,1,none
efficientnet_b4,ILSVRC2012_val_00011634.JPEG,n01768244,69,289,0.13176377,0,imagenet_c,defocus_blur,1,none
efficientnet_b4,ILSVRC2012_val_00012358.JPEG,n01768244,69,885,0.24422537,0,imagenet_c,defocus_blur,1,none
efficientnet_b4,ILSVRC2012_val_00012521.JPEG,n01768244,69,69,0.41161168,1,imagenet_c,defocus_blur,1,none
efficientnet_b4,ILSVRC2012_val_00013101.JPEG,n01768244,69,600,0.20410852,0,imagenet_c,defocus_blur,1,none
efficientnet_b4,ILSVRC2012_val_00014922.JPEG,n01768244,69,499,0.09656281,0,imagenet_c,defocus_blur,1,none
efficientnet_b4,ILSVRC2012_val_00015154.JPEG,n01768244,69,961,0.2405064,0,imagenet_c,defocus_blur,1,none
efficientnet_b4,ILSVRC2012_val_00015439.JPEG,n01768244,69,69,0.5283565,1,imagenet_c,defocus_blur,1,none
efficientnet_b4,ILSVRC2012_val_00015756.JPEG,n01768244,69,69,0.65385705,1,imagenet_c,defocus_blur,1,none
efficientnet_b4,ILSVRC2012_val_00016629.JPEG,n01768244,69,69,0.28881958,1,imagenet_c,defocus_blur,1,none
efficientnet_b4,ILSVRC2012_val_00018508.JPEG,n01768244,69,69,0.67130685,1,imagenet_c,defocus_blur,1,none
efficientnet_b4,ILSVRC2012_val_00019564.JPEG,n01768244,69,69,0.0787317,1,imagenet_c,defocus_blur,1,none
efficientnet_b4,ILSVRC2012_val_00019874.JPEG,n01768244,69,69,0.62192637,1,imagenet_c,defocus_blur,1,none
efficientnet_b4,ILSVRC2012_val_00020236.JPEG,n01768244,69,69,0.42310822,1,imagenet_c,defocus_blur,1,none
efficientnet_b4,ILSVRC2012_val_00020269.JPEG,n01768244,69,69,0.4932941,1,imagenet_c,defocus_blur,1,none
efficientnet_b4,ILSVRC2012_val_00021025.JPEG,n01768244,69,314,0.068536505,0,imagenet_c,defocus_blur,1,none
efficientnet_b4,ILSVRC2012_val_00023204.JPEG,n01768244,69,69,0.7166098,1,imagenet_c,defocus_blur,1,none
efficientnet_b4,ILSVRC2012_val_00023700.JPEG,n01768244,69,69,0.69243526,1,imagenet_c,defocus_blur,1,none
efficientnet_b4,ILSVRC2012_val_00024168.JPEG,n01768244,69,69,0.6590077,1,imagenet_c,defocus_blur,1,none
efficientnet_b4,ILSVRC2012_val_00024601.JPEG,n01768244,69,69,0.59902906,1,imagenet_c,defocus_blur,1,none
efficientnet_b4,ILSVRC2012_val_00025701.JPEG,n01768244,69,69,0.7289783,1,imagenet_c,defocus_blur,1,none
efficientnet_b4,ILSVRC2012_val_00026903.JPEG,n01768244,69,69,0.505506,1,imagenet_c,defocus_blur,1,none
efficientnet_b4,ILSVRC2012_val_00029487.JPEG,n01768244,69,69,0.41063863,1,imagenet_c,defocus_blur,1,none
efficientnet_b4,ILSVRC2012_val_00030175.JPEG,n01768244,69,69,0.67877316,1,imagenet_c,defocus_blur,1,none
efficientnet_b4,ILSVRC2012_val_00030958.JPEG,n01768244,69,69,0.7110971,1,imagenet_c,defocus_blur,1,none
efficientnet_b4,ILSVRC2012_val_00031572.JPEG,n01768244,69,695,0.1588921,0,imagenet_c,defocus_blur,1,none
efficientnet_b4,ILSVRC2012_val_00031723.JPEG,n01768244,69,69,0.68116033,1,imagenet_c,defocus_blur,1,none
efficientnet_b4,ILSVRC2012_val_00031802.JPEG,n01768244,69,69,0.7512652,1,imagenet_c,defocus_blur,1,none
efficientnet_b4,ILSVRC2012_val_00032892.JPEG,n01768244,69,69,0.70722103,1,imagenet_c,defocus_blur,1,none
efficientnet_b4,ILSVRC2012_val_00033159.JPEG,n01768244,69,69,0.71298933,1,imagenet_c,defocus_blur,1,none
efficientnet_b4,ILSVRC2012_val_00033414.JPEG,n01768244,69,69,0.7109754,1,imagenet_c,defocus_blur,1,none
efficientnet_b4,ILSVRC2012_val_00033415.JPEG,n01768244,69,41,0.026332755,0,imagenet_c,defocus_blur,1,none
efficientnet_b4,ILSVRC2012_val_00034255.JPEG,n01768244,69,69,0.73209155,1,imagenet_c,defocus_blur,1,none
efficientnet_b4,ILSVRC2012_val_00034606.JPEG,n01768244,69,69,0.6930398,1,imagenet_c,defocus_blur,1,none
efficientnet_b4,ILSVRC2012_val_00034867.JPEG,n01768244,69,69,0.6751807,1,imagenet_c,defocus_blur,1,none
efficientnet_b4,ILSVRC2012_val_00035606.JPEG,n01768244,69,69,0.6873357,1,imagenet_c,defocus_blur,1,none
efficientnet_b4,ILSVRC2012_val_00038180.JPEG,n01768244,69,69,0.56852484,1,imagenet_c,defocus_blur,1,none
efficientnet_b4,ILSVRC2012_val_00040047.JPEG,n01768244,69,69,0.5653433,1,imagenet_c,defocus_blur,1,none
efficientnet_b4,ILSVRC2012_val_00040255.JPEG,n01768244,69,79,0.38315514,0,imagenet_c,defocus_blur,1,none
efficientnet_b4,ILSVRC2012_val_00041452.JPEG,n01768244,69,69,0.80838674,1,imagenet_c,defocus_blur,1,none
efficientnet_b4,ILSVRC2012_val_00041583.JPEG,n01768244,69,69,0.7041968,1,imagenet_c,defocus_blur,1,none
efficientnet_b4,ILSVRC2012_val_00045908.JPEG,n01768244,69,69,0.6473761,1,imagenet_c,defocus_blur,1,none
efficientnet_b4,ILSVRC2012_val_00048357.JPEG,n01768244,69,126,0.21348976,0,imagenet_c,defocus_blur,1,none
efficientnet_b4,ILSVRC2012_val_00000107.JPEG,n01770081,70,70,0.5243435,1,imagenet_c,defocus_blur,1,none
efficientnet_b4,ILSVRC2012_val_00000877.JPEG,n01770081,70,70,0.05233351,1,imagenet_c,defocus_blur,1,none
efficientnet_b4,ILSVRC2012_val_00002479.JPEG,n01770081,70,70,0.67376083,1,imagenet_c,defocus_blur,1,none
efficientnet_b4,ILSVRC2012_val_00004146.JPEG,n01770081,70,70,0.57446706,1,imagenet_c,defocus_blur,1,none
efficientnet_b4,ILSVRC2012_val_00004172.JPEG,n01770081,70,42,0.040594272,0,imagenet_c,defocus_blur,1,none
efficientnet_b4,ILSVRC2012_val_00006567.JPEG,n01770081,70,70,0.70754087,1,imagenet_c,defocus_blur,1,none
efficientnet_b4,ILSVRC2012_val_00006831.JPEG,n01770081,70,70,0.2693398,1,imagenet_c,defocus_blur,1,none
efficientnet_b4,ILSVRC2012_val_00007810.JPEG,n01770081,70,314,0.066277765,0,imagenet_c,defocus_blur,1,none
efficientnet_b4,ILSVRC2012_val_00008079.JPEG,n01770081,70,70,0.6725259,1,imagenet_c,defocus_blur,1,none
efficientnet_b4,ILSVRC2012_val_00008919.JPEG,n01770081,70,70,0.51229054,1,imagenet_c,defocus_blur,1,none
efficientnet_b4,ILSVRC2012_val_00012828.JPEG,n01770081,70,696,0.01922467,0,imagenet_c,defocus_blur,1,none
efficientnet_b4,ILSVRC2012_val_00014664.JPEG,n01770081,70,70,0.38886827,1,imagenet_c,defocus_blur,1,none
efficientnet_b4,ILSVRC2012_val_00014971.JPEG,n01770081,70,70,0.13385262,1,imagenet_c,defocus_blur,1,none
efficientnet_b4,ILSVRC2012_val_00015566.JPEG,n01770081,70,70,0.75036466,1,imagenet_c,defocus_blur,1,none
efficientnet_b4,ILSVRC2012_val_00016193.JPEG,n01770081,70,70,0.7224054,1,imagenet_c,defocus_blur,1,none
efficientnet_b4,ILSVRC2012_val_00016318.JPEG,n01770081,70,70,0.43089864,1,imagenet_c,defocus_blur,1,none
efficientnet_b4,ILSVRC2012_val_00016507.JPEG,n01770081,70,70,0.66820955,1,imagenet_c,defocus_blur,1,none
efficientnet_b4,ILSVRC2012_val_00017153.JPEG,n01770081,70,70,0.70185,1,imagenet_c,defocus_blur,1,none
efficientnet_b4,ILSVRC2012_val_00019485.JPEG,n01770081,70,70,0.49876228,1,imagenet_c,defocus_blur,1,none
efficientnet_b4,ILSVRC2012_val_00020462.JPEG,n01770081,70,70,0.10308875,1,imagenet_c,defocus_blur,1,none
efficientnet_b4,ILSVRC2012_val_00021658.JPEG,n01770081,70,70,0.8198805,1,imagenet_c,defocus_blur,1,none
efficientnet_b4,ILSVRC2012_val_00022039.JPEG,n01770081,70,70,0.5469207,1,imagenet_c,defocus_blur,1,none
efficientnet_b4,ILSVRC2012_val_00022764.JPEG,n01770081,70,70,0.38339067,1,imagenet_c,defocus_blur,1,none
efficientnet_b4,ILSVRC2012_val_00028679.JPEG,n01770081,70,70,0.7720048,1,imagenet_c,defocus_blur,1,none
efficientnet_b4,ILSVRC2012_val_00029801.JPEG,n01770081,70,313,0.27293533,0,imagenet_c,defocus_blur,1,none
efficientnet_b4,ILSVRC2012_val_00030422.JPEG,n01770081,70,70,0.71003723,1,imagenet_c,defocus_blur,1,none
efficientnet_b4,ILSVRC2012_val_00030563.JPEG,n01770081,70,70,0.74256516,1,imagenet_c,defocus_blur,1,none
efficientnet_b4,ILSVRC2012_val_00030649.JPEG,n01770081,70,952,0.11376051,0,imagenet_c,defocus_blur,1,none
efficientnet_b4,ILSVRC2012_val_00030812.JPEG,n01770081,70,998,0.14557564,0,imagenet_c,defocus_blur,1,none
efficientnet_b4,ILSVRC2012_val_00031037.JPEG,n01770081,70,994,0.09362846,0,imagenet_c,defocus_blur,1,none
efficientnet_b4,ILSVRC2012_val_00031952.JPEG,n01770081,70,70,0.6910204,1,imagenet_c,defocus_blur,1,none
efficientnet_b4,ILSVRC2012_val_00032766.JPEG,n01770081,70,70,0.59121966,1,imagenet_c,defocus_blur,1,none
efficientnet_b4,ILSVRC2012_val_00033817.JPEG,n01770081,70,350,0.07208815,0,imagenet_c,defocus_blur,1,none
efficientnet_b4,ILSVRC2012_val_00035512.JPEG,n01770081,70,70,0.6367239,1,imagenet_c,defocus_blur,1,none
efficientnet_b4,ILSVRC2012_val_00036658.JPEG,n01770081,70,70,0.687446,1,imagenet_c,defocus_blur,1,none
efficientnet_b4,ILSVRC2012_val_00037311.JPEG,n01770081,70,27,0.037747603,0,imagenet_c,defocus_blur,1,none
efficientnet_b4,ILSVRC2012_val_00037758.JPEG,n01770081,70,70,0.66988766,1,imagenet_c,defocus_blur,1,none
efficientnet_b4,ILSVRC2012_val_00037787.JPEG,n01770081,70,304,0.0913686,0,imagenet_c,defocus_blur,1,none
efficientnet_b4,ILSVRC2012_val_00038440.JPEG,n01770081,70,324,0.052506514,0,imagenet_c,defocus_blur,1,none
efficientnet_b4,ILSVRC2012_val_00038467.JPEG,n01770081,70,946,0.2473236,0,imagenet_c,defocus_blur,1,none
efficientnet_b4,ILSVRC2012_val_00039298.JPEG,n01770081,70,70,0.82397527,1,imagenet_c,defocus_blur,1,none
efficientnet_b4,ILSVRC2012_val_00040621.JPEG,n01770081,70,70,0.14047697,1,imagenet_c,defocus_blur,1,none
efficientnet_b4,ILSVRC2012_val_00042630.JPEG,n01770081,70,204,0.020803763,0,imagenet_c,defocus_blur,1,none
efficientnet_b4,ILSVRC2012_val_00042970.JPEG,n01770081,70,70,0.718312,1,imagenet_c,defocus_blur,1,none
efficientnet_b4,ILSVRC2012_val_00045376.JPEG,n01770081,70,352,0.025644869,0,imagenet_c,defocus_blur,1,none
efficientnet_b4,ILSVRC2012_val_00045563.JPEG,n01770081,70,70,0.523929,1,imagenet_c,defocus_blur,1,none
efficientnet_b4,ILSVRC2012_val_00047164.JPEG,n01770081,70,986,0.12529513,0,imagenet_c,defocus_blur,1,none
efficientnet_b4,ILSVRC2012_val_00047257.JPEG,n01770081,70,70,0.62019557,1,imagenet_c,defocus_blur,1,none
efficientnet_b4,ILSVRC2012_val_00047984.JPEG,n01770081,70,728,0.16169588,0,imagenet_c,defocus_blur,1,none
efficientnet_b4,ILSVRC2012_val_00048708.JPEG,n01770081,70,70,0.5334587,1,imagenet_c,defocus_blur,1,none
efficientnet_b4,ILSVRC2012_val_00001007.JPEG,n01770393,71,71,0.5731668,1,imagenet_c,defocus_blur,1,none
efficientnet_b4,ILSVRC2012_val_00001887.JPEG,n01770393,71,71,0.35474434,1,imagenet_c,defocus_blur,1,none
efficientnet_b4,ILSVRC2012_val_00003023.JPEG,n01770393,71,71,0.39378285,1,imagenet_c,defocus_blur,1,none
efficientnet_b4,ILSVRC2012_val_00005821.JPEG,n01770393,71,994,0.11339584,0,imagenet_c,defocus_blur,1,none
efficientnet_b4,ILSVRC2012_val_00007925.JPEG,n01770393,71,71,0.36199573,1,imagenet_c,defocus_blur,1,none
efficientnet_b4,ILSVRC2012_val_00009232.JPEG,n01770393,71,71,0.6748947,1,imagenet_c,defocus_blur,1,none
efficientnet_b4,ILSVRC2012_val_00010152.JPEG,n01770393,71,126,0.17085528,0,imagenet_c,defocus_blur,1,none
efficientnet_b4,ILSVRC2012_val_00011236.JPEG,n01770393,71,71,0.27459747,1,imagenet_c,defocus_blur,1,none
efficientnet_b4,ILSVRC2012_val_00011287.JPEG,n01770393,71,71,0.5953849,1,imagenet_c,defocus_blur,1,none
efficientnet_b4,ILSVRC2012_val_00012429.JPEG,n01770393,71,71,0.07738316,1,imagenet_c,defocus_blur,1,none
efficientnet_b4,ILSVRC2012_val_00014120.JPEG,n01770393,71,71,0.39529094,1,imagenet_c,defocus_blur,1,none
efficientnet_b4,ILSVRC2012_val_00014126.JPEG,n01770393,71,674,0.3858535,0,imagenet_c,defocus_blur,1,none
efficientnet_b4,ILSVRC2012_val_00015757.JPEG,n01770393,71,71,0.5972934,1,imagenet_c,defocus_blur,1,none
efficientnet_b4,ILSVRC2012_val_00015957.JPEG,n01770393,71,71,0.6417732,1,imagenet_c,defocus_blur,1,none
efficientnet_b4,ILSVRC2012_val_00016030.JPEG,n01770393,71,71,0.5099639,1,imagenet_c,defocus_blur,1,none
efficientnet_b4,ILSVRC2012_val_00018807.JPEG,n01770393,71,71,0.45199656,1,imagenet_c,defocus_blur,1,none
efficientnet_b4,ILSVRC2012_val_00020507.JPEG,n01770393,71,71,0.3493185,1,imagenet_c,defocus_blur,1,none
efficientnet_b4,ILSVRC2012_val_00022157.JPEG,n01770393,71,71,0.6406059,1,imagenet_c,defocus_blur,1,none
efficientnet_b4,ILSVRC2012_val_00022360.JPEG,n01770393,71,41,0.45833698,0,imagenet_c,defocus_blur,1,none
efficientnet_b4,ILSVRC2012_val_00024597.JPEG,n01770393,71,71,0.3341601,1,imagenet_c,defocus_blur,1,none
efficientnet_b4,ILSVRC2012_val_00027026.JPEG,n01770393,71,78,0.3819261,0,imagenet_c,defocus_blur,1,none
efficientnet_b4,ILSVRC2012_val_00027224.JPEG,n01770393,71,71,0.5670536,1,imagenet_c,defocus_blur,1,none
efficientnet_b4,ILSVRC2012_val_00027361.JPEG,n01770393,71,71,0.68795216,1,imagenet_c,defocus_blur,1,none
efficientnet_b4,ILSVRC2012_val_00027439.JPEG,n01770393,71,71,0.50702685,1,imagenet_c,defocus_blur,1,none
efficientnet_b4,ILSVRC2012_val_00027767.JPEG,n01770393,71,71,0.6535852,1,imagenet_c,defocus_blur,1,none
efficientnet_b4,ILSVRC2012_val_00027788.JPEG,n01770393,71,71,0.6276041,1,imagenet_c,defocus_blur,1,none
efficientnet_b4,ILSVRC2012_val_00028434.JPEG,n01770393,71,71,0.60112786,1,imagenet_c,defocus_blur,1,none
efficientnet_b4,ILSVRC2012_val_00028814.JPEG,n01770393,71,71,0.59860975,1,imagenet_c,defocus_blur,1,none
efficientnet_b4,ILSVRC2012_val_00029177.JPEG,n01770393,71,71,0.55648154,1,imagenet_c,defocus_blur,1,none
efficientnet_b4,ILSVRC2012_val_00030311.JPEG,n01770393,71,71,0.4288402,1,imagenet_c,defocus_blur,1,none
efficientnet_b4,ILSVRC2012_val_00031020.JPEG,n01770393,71,71,0.59485483,1,imagenet_c,defocus_blur,1,none
efficientnet_b4,ILSVRC2012_val_00031540.JPEG,n01770393,71,71,0.4804965,1,imagenet_c,defocus_blur,1,none
efficientnet_b4,ILSVRC2012_val_00031684.JPEG,n01770393,71,71,0.58603203,1,imagenet_c,defocus_blur,1,none
efficientnet_b4,ILSVRC2012_val_00031977.JPEG,n01770393,71,71,0.67299986,1,imagenet_c,defocus_blur,1,none
efficientnet_b4,ILSVRC2012_val_00032266.JPEG,n01770393,71,960,0.20504898,0,imagenet_c,defocus_blur,1,none
efficientnet_b4,ILSVRC2012_val_00032471.JPEG,n01770393,71,71,0.50987273,1,imagenet_c,defocus_blur,1,none
efficientnet_b4,ILSVRC2012_val_00032644.JPEG,n01770393,71,71,0.7360495,1,imagenet_c,defocus_blur,1,none
efficientnet_b4,ILSVRC2012_val_00032992.JPEG,n01770393,71,71,0.6005938,1,imagenet_c,defocus_blur,1,none
efficientnet_b4,ILSVRC2012_val_00033658.JPEG,n01770393,71,71,0.4926587,1,imagenet_c,defocus_blur,1,none
efficientnet_b4,ILSVRC2012_val_00035005.JPEG,n01770393,71,77,0.20427349,0,imagenet_c,defocus_blur,1,none
efficientnet_b4,ILSVRC2012_val_00042047.JPEG,n01770393,71,435,0.09383164,0,imagenet_c,defocus_blur,1,none
efficientnet_b4,ILSVRC2012_val_00042281.JPEG,n01770393,71,71,0.1217251,1,imagenet_c,defocus_blur,1,none
efficientnet_b4,ILSVRC2012_val_00043159.JPEG,n01770393,71,71,0.44623294,1,imagenet_c,defocus_blur,1,none
efficientnet_b4,ILSVRC2012_val_00043197.JPEG,n01770393,71,71,0.7059239,1,imagenet_c,defocus_blur,1,none
efficientnet_b4,ILSVRC2012_val_00043348.JPEG,n01770393,71,71,0.44633362,1,imagenet_c,defocus_blur,1,none
efficientnet_b4,ILSVRC2012_val_00043619.JPEG,n01770393,71,71,0.6906729,1,imagenet_c,defocus_blur,1,none
efficientnet_b4,ILSVRC2012_val_00046299.JPEG,n01770393,71,71,0.52267104,1,imagenet_c,defocus_blur,1,none
efficientnet_b4,ILSVRC2012_val_00047434.JPEG,n01770393,71,71,0.46684322,1,imagenet_c,defocus_blur,1,none
efficientnet_b4,ILSVRC2012_val_00047609.JPEG,n01770393,71,76,0.23602152,0,imagenet_c,defocus_blur,1,none
efficientnet_b4,ILSVRC2012_val_00048800.JPEG,n01770393,71,71,0.56633574,1,imagenet_c,defocus_blur,1,none
efficientnet_b4,ILSVRC2012_val_00001037.JPEG,n01773157,72,72,0.39234367,1,imagenet_c,defocus_blur,1,none
efficientnet_b4,ILSVRC2012_val_00001053.JPEG,n01773157,72,72,0.32693592,1,imagenet_c,defocus_blur,1,none
efficientnet_b4,ILSVRC2012_val_00001370.JPEG,n01773157,72,72,0.35580227,1,imagenet_c,defocus_blur,1,none
efficientnet_b4,ILSVRC2012_val_00001618.JPEG,n01773157,72,73,0.3036178,0,imagenet_c,defocus_blur,1,none
efficientnet_b4,ILSVRC2012_val_00002041.JPEG,n01773157,72,72,0.43957418,1,imagenet_c,defocus_blur,1,none
efficientnet_b4,ILSVRC2012_val_00003008.JPEG,n01773157,72,72,0.3381982,1,imagenet_c,defocus_blur,1,none
efficientnet_b4,ILSVRC2012_val_00004118.JPEG,n01773157,72,72,0.38732752,1,imagenet_c,defocus_blur,1,none
efficientnet_b4,ILSVRC2012_val_00004140.JPEG,n01773157,72,72,0.27202234,1,imagenet_c,defocus_blur,1,none
efficientnet_b4,ILSVRC2012_val_00004151.JPEG,n01773157,72,72,0.31369784,1,imagenet_c,defocus_blur,1,none
efficientnet_b4,ILSVRC2012_val_00006165.JPEG,n01773157,72,72,0.38645986,1,imagenet_c,defocus_blur,1,none
efficientnet_b4,ILSVRC2012_val_00008805.JPEG,n01773157,72,72,0.29300693,1,imagenet_c,defocus_blur,1,none
efficientnet_b4,ILSVRC2012_val_00008960.JPEG,n01773157,72,72,0.19611469,1,imagenet_c,defocus_blur,1,none
efficientnet_b4,ILSVRC2012_val_00009854.JPEG,n01773157,72,72,0.32793906,1,imagenet_c,defocus_blur,1,none
efficientnet_b4,ILSVRC2012_val_00011053.JPEG,n01773157,72,72,0.3657261,1,imagenet_c,defocus_blur,1,none
efficientnet_b4,ILSVRC2012_val_00011721.JPEG,n01773157,72,73,0.2914278,0,imagenet_c,defocus_blur,1,none
efficientnet_b4,ILSVRC2012_val_00015141.JPEG,n01773157,72,73,0.34848505,0,imagenet_c,defocus_blur,1,none
efficientnet_b4,ILSVRC2012_val_00016993.JPEG,n01773157,72,72,0.32976788,1,imagenet_c,defocus_blur,1,none
efficientnet_b4,ILSVRC2012_val_00020108.JPEG,n01773157,72,72,0.30458707,1,imagenet_c,defocus_blur,1,none
efficientnet_b4,ILSVRC2012_val_00020574.JPEG,n01773157,72,72,0.3384558,1,imagenet_c,defocus_blur,1,none
efficientnet_b4,ILSVRC2012_val_00020726.JPEG,n01773157,72,72,0.2765351,1,imagenet_c,defocus_blur,1,none
efficientnet_b4,ILSVRC2012_val_00022156.JPEG,n01773157,72,73,0.31214154,0,imagenet_c,defocus_blur,1,none
efficientnet_b4,ILSVRC2012_val_00022618.JPEG,n01773157,72,73,0.7394705,0,imagenet_c,defocus_blur,1,none
efficientnet_b4,ILSVRC2012_val_00023385.JPEG,n01773157,72,72,0.46715793,1,imagenet_c,defocus_blur,1,none
efficientnet_b4,ILSVRC2012_val_00024404.JPEG,n01773157,72,72,0.33966833,1,imagenet_c,defocus_blur,1,none
efficientnet_b4,ILSVRC2012_val_00024685.JPEG,n01773157,72,72,0.4296277,1,imagenet_c,defocus_blur,1,none
efficientnet_b4,ILSVRC2012_val_00024769.JPEG,n01773157,72,72,0.40273604,1,imagenet_c,defocus_blur,1,none
efficientnet_b4,ILSVRC2012_val_00025040.JPEG,n01773157,72,72,0.40067285,1,imagenet_c,defocus_blur,1,none
efficientnet_b4,ILSVRC2012_val_00025831.JPEG,n01773157,72,72,0.3305993,1,imagenet_c,defocus_blur,1,none
efficientnet_b4,ILSVRC2012_val_00026006.JPEG,n01773157,72,73,0.32607514,0,imagenet_c,defocus_blur,1,none
efficientnet_b4,ILSVRC2012_val_00026786.JPEG,n01773157,72,72,0.24133487,1,imagenet_c,defocus_blur,1,none
efficientnet_b4,ILSVRC2012_val_00027376.JPEG,n01773157,72,72,0.39486626,1,imagenet_c,defocus_blur,1,none
efficientnet_b4,ILSVRC2012_val_00028445.JPEG,n01773157,72,73,0.4985093,0,imagenet_c,defocus_blur,1,none
efficientnet_b4,ILSVRC2012_val_00029030.JPEG,n01773157,72,72,0.29610708,1,imagenet_c,defocus_blur,1,none
efficientnet_b4,ILSVRC2012_val_00030896.JPEG,n01773157,72,72,0.40894067,1,imagenet_c,defocus_blur,1,none
efficientnet_b4,ILSVRC2012_val_00032657.JPEG,n01773157,72,72,0.24283765,1,imagenet_c,defocus_blur,1,none
efficientnet_b4,ILSVRC2012_val_00033616.JPEG,n01773157,72,72,0.2949284,1,imagenet_c,defocus_blur,1,none
efficientnet_b4,ILSVRC2012_val_00033987.JPEG,n01773157,72,72,0.2940583,1,imagenet_c,defocus_blur,1,none
efficientnet_b4,ILSVRC2012_val_00035039.JPEG,n01773157,72,73,0.6624239,0,imagenet_c,defocus_blur,1,none
efficientnet_b4,ILSVRC2012_val_00035451.JPEG,n01773157,72,72,0.38293433,1,imagenet_c,defocus_blur,1,none
efficientnet_b4,ILSVRC2012_val_00035981.JPEG,n01773157,72,72,0.3273322,1,imagenet_c,defocus_blur,1,none
efficientnet_b4,ILSVRC2012_val_00036407.JPEG,n01773157,72,72,0.330751,1,imagenet_c,defocus_blur,1,none
efficientnet_b4,ILSVRC2012_val_00038770.JPEG,n01773157,72,322,0.07700543,0,imagenet_c,defocus_blur,1,none
efficientnet_b4,ILSVRC2012_val_00039799.JPEG,n01773157,72,72,0.26095423,1,imagenet_c,defocus_blur,1,none
efficientnet_b4,ILSVRC2012_val_00040241.JPEG,n01773157,72,72,0.42973763,1,imagenet_c,defocus_blur,1,none
efficientnet_b4,ILSVRC2012_val_00040520.JPEG,n01773157,72,72,0.45955396,1,imagenet_c,defocus_blur,1,none
efficientnet_b4,ILSVRC2012_val_00042786.JPEG,n01773157,72,72,0.3394866,1,imagenet_c,defocus_blur,1,none
efficientnet_b4,ILSVRC2012_val_00043063.JPEG,n01773157,72,72,0.30554044,1,imagenet_c,defocus_blur,1,none
efficientnet_b4,ILSVRC2012_val_00047194.JPEG,n01773157,72,72,0.34019524,1,imagenet_c,defocus_blur,1,none
efficientnet_b4,ILSVRC2012_val_00047923.JPEG,n01773157,72,73,0.28708225,0,imagenet_c,defocus_blur,1,none
efficientnet_b4,ILSVRC2012_val_00048913.JPEG,n01773157,72,72,0.33977932,1,imagenet_c,defocus_blur,1,none
efficientnet_b4,ILSVRC2012_val_00002688.JPEG,n01773549,73,73,0.30819345,1,imagenet_c,defocus_blur,1,none
efficientnet_b4,ILSVRC2012_val_00003431.JPEG,n01773549,73,73,0.63029873,1,imagenet_c,defocus_blur,1,none
efficientnet_b4,ILSVRC2012_val_00004271.JPEG,n01773549,73,72,0.3159052,0,imagenet_c,defocus_blur,1,none
efficientnet_b4,ILSVRC2012_val_00004335.JPEG,n01773549,73,73,0.8064122,1,imagenet_c,defocus_blur,1,none
efficientnet_b4,ILSVRC2012_val_00007224.JPEG,n01773549,73,73,0.610905,1,imagenet_c,defocus_blur,1,none
efficientnet_b4,ILSVRC2012_val_00007882.JPEG,n01773549,73,73,0.45297486,1,imagenet_c,defocus_blur,1,none
efficientnet_b4,ILSVRC2012_val_00008316.JPEG,n01773549,73,73,0.68133795,1,imagenet_c,defocus_blur,1,none
efficientnet_b4,ILSVRC2012_val_00008352.JPEG,n01773549,73,73,0.6237193,1,imagenet_c,defocus_blur,1,none
efficientnet_b4,ILSVRC2012_val_00009216.JPEG,n01773549,73,73,0.67708385,1,imagenet_c,defocus_blur,1,none
efficientnet_b4,ILSVRC2012_val_00009558.JPEG,n01773549,73,141,0.08458621,0,imagenet_c,defocus_blur,1,none
efficientnet_b4,ILSVRC2012_val_00011638.JPEG,n01773549,73,73,0.3614421,1,imagenet_c,defocus_blur,1,none
efficientnet_b4,ILSVRC2012_val_00011677.JPEG,n01773549,73,73,0.7531848,1,imagenet_c,defocus_blur,1,none
efficientnet_b4,ILSVRC2012_val_00011808.JPEG,n01773549,73,77,0.26710322,0,imagenet_c,defocus_blur,1,none
efficientnet_b4,ILSVRC2012_val_00011853.JPEG,n01773549,73,73,0.60320795,1,imagenet_c,defocus_blur,1,none
efficientnet_b4,ILSVRC2012_val_00012895.JPEG,n01773549,73,73,0.39539647,1,imagenet_c,defocus_blur,1,none
efficientnet_b4,ILSVRC2012_val_00013797.JPEG,n01773549,73,73,0.42429504,1,imagenet_c,defocus_blur,1,none
efficientnet_b4,ILSVRC2012_val_00014359.JPEG,n01773549,73,75,0.49977556,0,imagenet_c,defocus_blur,1,none
efficientnet_b4,ILSVRC2012_val_00015065.JPEG,n01773549,73,73,0.032109726,1,imagenet_c,defocus_blur,1,none
efficientnet_b4,ILSVRC2012_val_00015506.JPEG,n01773549,73,77,0.321809,0,imagenet_c,defocus_blur,1,none
efficientnet_b4,ILSVRC2012_val_00018347.JPEG,n01773549,73,77,0.29696855,0,imagenet_c,defocus_blur,1,none
efficientnet_b4,ILSVRC2012_val_00019042.JPEG,n01773549,73,73,0.7088048,1,imagenet_c,defocus_blur,1,none
efficientnet_b4,ILSVRC2012_val_00019972.JPEG,n01773549,73,73,0.64598656,1,imagenet_c,defocus_blur,1,none
efficientnet_b4,ILSVRC2012_val_00019989.JPEG,n01773549,73,73,0.65578836,1,imagenet_c,defocus_blur,1,none
efficientnet_b4,ILSVRC2012_val_00022957.JPEG,n01773549,73,73,0.3767485,1,imagenet_c,defocus_blur,1,none
efficientnet_b4,ILSVRC2012_val_00023692.JPEG,n01773549,73,73,0.7899445,1,imagenet_c,defocus_blur,1,none
efficientnet_b4,ILSVRC2012_val_00023989.JPEG,n01773549,73,322,0.042813428,0,imagenet_c,defocus_blur,1,none
efficientnet_b4,ILSVRC2012_val_00024056.JPEG,n01773549,73,313,0.56561154,0,imagenet_c,defocus_blur,1,none
efficientnet_b4,ILSVRC2012_val_00025818.JPEG,n01773549,73,73,0.61479366,1,imagenet_c,defocus_blur,1,none
efficientnet_b4,ILSVRC2012_val_00026542.JPEG,n01773549,73,73,0.72730863,1,imagenet_c,defocus_blur,1,none
efficientnet_b4,ILSVRC2012_val_00028677.JPEG,n01773549,73,73,0.6741223,1,imagenet_c,defocus_blur,1,none
efficientnet_b4,ILSVRC2012_val_00029174.JPEG,n01773549,73,695,0.09982189,0,imagenet_c,defocus_blur,1,none
efficientnet_b4,ILSVRC2012_val_00029496.JPEG,n01773549,73,73,0.82995313,1,imagenet_c,defocus_blur,1,none
efficientnet_b4,ILSVRC2012_val_00029903.JPEG,n01773549,73,73,0.5927463,1,imagenet_c,defocus_blur,1,none
efficientnet_b4,ILSVRC2012_val_00030120.JPEG,n01773549,73,73,0.69201124,1,imagenet_c,defocus_blur,1,none
efficientnet_b4,ILSVRC2012_val_00031117.JPEG,n01773549,73,73,0.39330217,1,imagenet_c,defocus_blur,1,none
efficientnet_b4,ILSVRC2012_val_00033819.JPEG,n01773549,73,73,0.18520693,1,imagenet_c,defocus_blur,1,none
efficientnet_b4,ILSVRC2012_val_00034665.JPEG,n01773549,73,993,0.03042002,0,imagenet_c,defocus_blur,1,none
efficientnet_b4,ILSVRC2012_val_00034773.JPEG,n01773549,73,73,0.8272652,1,imagenet_c,defocus_blur,1,none
efficientnet_b4,ILSVRC2012_val_00035063.JPEG,n01773549,73,73,0.4398678,1,imagenet_c,defocus_blur,1,none
efficientnet_b4,ILSVRC2012_val_00035171.JPEG,n01773549,73,73,0.55742794,1,imagenet_c,defocus_blur,1,none
efficientnet_b4,ILSVRC2012_val_00037282.JPEG,n01773549,73,73,0.34301832,1,imagenet_c,defocus_blur,1,none
efficientnet_b4,ILSVRC2012_val_00038493.JPEG,n01773549,73,73,0.6726393,1,imagenet_c,defocus_blur,1,none
efficientnet_b4,ILSVRC2012_val_00039025.JPEG,n01773549,73,73,0.28260913,1,imagenet_c,defocus_blur,1,none
efficientnet_b4,ILSVRC2012_val_00039159.JPEG,n01773549,73,73,0.21331543,1,imagenet_c,defocus_blur,1,none
efficientnet_b4,ILSVRC2012_val_00040121.JPEG,n01773549,73,73,0.41730303,1,imagenet_c,defocus_blur,1,none
efficientnet_b4,ILSVRC2012_val_00040800.JPEG,n01773549,73,73,0.48814973,1,imagenet_c,defocus_blur,1,none
efficientnet_b4,ILSVRC2012_val_00041612.JPEG,n01773549,73,73,0.25369358,1,imagenet_c,defocus_blur,1,none
efficientnet_b4,ILSVRC2012_val_00043771.JPEG,n01773549,73,73,0.47612628,1,imagenet_c,defocus_blur,1,none
efficientnet_b4,ILSVRC2012_val_00046074.JPEG,n01773549,73,73,0.4834731,1,imagenet_c,defocus_blur,1,none
efficientnet_b4,ILSVRC2012_val_00048990.JPEG,n01773549,73,73,0.61714375,1,imagenet_c,defocus_blur,1,none
efficientnet_b4,ILSVRC2012_val_00000040.JPEG,n01773797,74,73,0.24709429,0,imagenet_c,defocus_blur,1,none
efficientnet_b4,ILSVRC2012_val_00000395.JPEG,n01773797,74,73,0.32663447,0,imagenet_c,defocus_blur,1,none
efficientnet_b4,ILSVRC2012_val_00001493.JPEG,n01773797,74,73,0.6126734,0,imagenet_c,defocus_blur,1,none
efficientnet_b4,ILSVRC2012_val_00001987.JPEG,n01773797,74,73,0.5019433,0,imagenet_c,defocus_blur,1,none
efficientnet_b4,ILSVRC2012_val_00003182.JPEG,n01773797,74,73,0.314607,0,imagenet_c,defocus_blur,1,none
efficientnet_b4,ILSVRC2012_val_00003353.JPEG,n01773797,74,72,0.42609626,0,imagenet_c,defocus_blur,1,none
efficientnet_b4,ILSVRC2012_val_00004110.JPEG,n01773797,74,72,0.24907814,0,imagenet_c,defocus_blur,1,none
efficientnet_b4,ILSVRC2012_val_00005544.JPEG,n01773797,74,73,0.4045725,0,imagenet_c,defocus_blur,1,none
efficientnet_b4,ILSVRC2012_val_00007672.JPEG,n01773797,74,73,0.5590088,0,imagenet_c,defocus_blur,1,none
efficientnet_b4,ILSVRC2012_val_00007677.JPEG,n01773797,74,72,0.37292907,0,imagenet_c,defocus_blur,1,none
efficientnet_b4,ILSVRC2012_val_00009108.JPEG,n01773797,74,72,0.3778834,0,imagenet_c,defocus_blur,1,none
efficientnet_b4,ILSVRC2012_val_00011328.JPEG,n01773797,74,72,0.1713301,0,imagenet_c,defocus_blur,1,none
efficientnet_b4,ILSVRC2012_val_00011379.JPEG,n01773797,74,73,0.3457674,0,imagenet_c,defocus_blur,1,none
efficientnet_b4,ILSVRC2012_val_00012707.JPEG,n01773797,74,73,0.6389499,0,imagenet_c,defocus_blur,1,none
efficientnet_b4,ILSVRC2012_val_00014498.JPEG,n01773797,74,75,0.40156233,0,imagenet_c,defocus_blur,1,none
efficientnet_b4,ILSVRC2012_val_00015011.JPEG,n01773797,74,73,0.41650954,0,imagenet_c,defocus_blur,1,none
efficientnet_b4,ILSVRC2012_val_00015751.JPEG,n01773797,74,73,0.5139459,0,imagenet_c,defocus_blur,1,none
efficientnet_b4,ILSVRC2012_val_00015795.JPEG,n01773797,74,74,0.06991446,1,imagenet_c,defocus_blur,1,none
efficientnet_b4,ILSVRC2012_val_00016083.JPEG,n01773797,74,74,0.22697224,1,imagenet_c,defocus_blur,1,none
efficientnet_b4,ILSVRC2012_val_00018439.JPEG,n01773797,74,72,0.15718678,0,imagenet_c,defocus_blur,1,none
efficientnet_b4,ILSVRC2012_val_00019030.JPEG,n01773797,74,73,0.62406915,0,imagenet_c,defocus_blur,1,none
efficientnet_b4,ILSVRC2012_val_00019734.JPEG,n01773797,74,73,0.44196385,0,imagenet_c,defocus_blur,1,none
efficientnet_b4,ILSVRC2012_val_00019968.JPEG,n01773797,74,73,0.56477284,0,imagenet_c,defocus_blur,1,none
efficientnet_b4,ILSVRC2012_val_00020991.JPEG,n01773797,74,73,0.6304974,0,imagenet_c,defocus_blur,1,none
efficientnet_b4,ILSVRC2012_val_00022895.JPEG,n01773797,74,73,0.46636823,0,imagenet_c,defocus_blur,1,none
efficientnet_b4,ILSVRC2012_val_00023301.JPEG,n01773797,74,73,0.5303253,0,imagenet_c,defocus_blur,1,none
efficientnet_b4,ILSVRC2012_val_00023464.JPEG,n01773797,74,72,0.37292272,0,imagenet_c,defocus_blur,1,none
efficientnet_b4,ILSVRC2012_val_00025556.JPEG,n01773797,74,72,0.3340533,0,imagenet_c,defocus_blur,1,none
efficientnet_b4,ILSVRC2012_val_00026030.JPEG,n01773797,74,73,0.5835149,0,imagenet_c,defocus_blur,1,none
efficientnet_b4,ILSVRC2012_val_00026600.JPEG,n01773797,74,73,0.5471932,0,imagenet_c,defocus_blur,1,none
efficientnet_b4,ILSVRC2012_val_00027158.JPEG,n01773797,74,994,0.045622297,0,imagenet_c,defocus_blur,1,none
efficientnet_b4,ILSVRC2012_val_00027161.JPEG,n01773797,74,73,0.5762694,0,imagenet_c,defocus_blur,1,none
efficientnet_b4,ILSVRC2012_val_00028779.JPEG,n01773797,74,73,0.5497732,0,imagenet_c,defocus_blur,1,none
efficientnet_b4,ILSVRC2012_val_00029756.JPEG,n01773797,74,73,0.55210966,0,imagenet_c,defocus_blur,1,none
efficientnet_b4,ILSVRC2012_val_00033225.JPEG,n01773797,74,73,0.5448252,0,imagenet_c,defocus_blur,1,none
efficientnet_b4,ILSVRC2012_val_00034273.JPEG,n01773797,74,428,0.114408866,0,imagenet_c,defocus_blur,1,none
efficientnet_b4,ILSVRC2012_val_00034972.JPEG,n01773797,74,73,0.1683164,0,imagenet_c,defocus_blur,1,none
efficientnet_b4,ILSVRC2012_val_00035153.JPEG,n01773797,74,73,0.57150376,0,imagenet_c,defocus_blur,1,none
efficientnet_b4,ILSVRC2012_val_00035593.JPEG,n01773797,74,73,0.58715886,0,imagenet_c,defocus_blur,1,none
efficientnet_b4,ILSVRC2012_val_00036109.JPEG,n01773797,74,616,0.26905298,0,imagenet_c,defocus_blur,1,none
efficientnet_b4,ILSVRC2012_val_00037727.JPEG,n01773797,74,73,0.50211036,0,imagenet_c,defocus_blur,1,none
efficientnet_b4,ILSVRC2012_val_00038272.JPEG,n01773797,74,73,0.5288695,0,imagenet_c,defocus_blur,1,none
efficientnet_b4,ILSVRC2012_val_00039370.JPEG,n01773797,74,73,0.5373456,0,imagenet_c,defocus_blur,1,none
efficientnet_b4,ILSVRC2012_val_00043600.JPEG,n01773797,74,73,0.16558783,0,imagenet_c,defocus_blur,1,none
efficientnet_b4,ILSVRC2012_val_00043646.JPEG,n01773797,74,29,0.1207238,0,imagenet_c,defocus_blur,1,none
efficientnet_b4,ILSVRC2012_val_00046384.JPEG,n01773797,74,73,0.53853047,0,imagenet_c,defocus_blur,1,none
efficientnet_b4,ILSVRC2012_val_00046931.JPEG,n01773797,74,73,0.5652594,0,imagenet_c,defocus_blur,1,none
efficientnet_b4,ILSVRC2012_val_00047551.JPEG,n01773797,74,73,0.52078813,0,imagenet_c,defocus_blur,1,none
efficientnet_b4,ILSVRC2012_val_00048714.JPEG,n01773797,74,72,0.44610563,0,imagenet_c,defocus_blur,1,none
efficientnet_b4,ILSVRC2012_val_00049478.JPEG,n01773797,74,72,0.5877794,0,imagenet_c,defocus_blur,1,none
efficientnet_b4,ILSVRC2012_val_00001150.JPEG,n01774384,75,73,0.3162261,0,imagenet_c,defocus_blur,1,none
efficientnet_b4,ILSVRC2012_val_00001454.JPEG,n01774384,75,75,0.6446324,1,imagenet_c,defocus_blur,1,none
efficientnet_b4,ILSVRC2012_val_00004163.JPEG,n01774384,75,75,0.5399414,1,imagenet_c,defocus_blur,1,none
efficientnet_b4,ILSVRC2012_val_00004164.JPEG,n01774384,75,75,0.710963,1,imagenet_c,defocus_blur,1,none
efficientnet_b4,ILSVRC2012_val_00004295.JPEG,n01774384,75,75,0.550035,1,imagenet_c,defocus_blur,1,none
efficientnet_b4,ILSVRC2012_val_00006437.JPEG,n01774384,75,75,0.56845677,1,imagenet_c,defocus_blur,1,none
efficientnet_b4,ILSVRC2012_val_00007201.JPEG,n01774384,75,75,0.5872871,1,imagenet_c,defocus_blur,1,none
efficientnet_b4,ILSVRC2012_val_00008718.JPEG,n01774384,75,75,0.5319406,1,imagenet_c,defocus_blur,1,none
efficientnet_b4,ILSVRC2012_val_00014659.JPEG,n01774384,75,75,0.3107617,1,imagenet_c,defocus_blur,1,none
efficientnet_b4,ILSVRC2012_val_00016560.JPEG,n01774384,75,75,0.5725602,1,imagenet_c,defocus_blur,1,none
efficientnet_b4,ILSVRC2012_val_00016936.JPEG,n01774384,75,75,0.29202855,1,imagenet_c,defocus_blur,1,none
efficientnet_b4,ILSVRC2012_val_00017294.JPEG,n01774384,75,75,0.35371158,1,imagenet_c,defocus_blur,1,none
efficientnet_b4,ILSVRC2012_val_00017558.JPEG,n01774384,75,73,0.32775164,0,imagenet_c,defocus_blur,1,none
efficientnet_b4,ILSVRC2012_val_00017682.JPEG,n01774384,75,75,0.41952696,1,imagenet_c,defocus_blur,1,none
efficientnet_b4,ILSVRC2012_val_00017909.JPEG,n01774384,75,75,0.40011764,1,imagenet_c,defocus_blur,1,none
efficientnet_b4,ILSVRC2012_val_00019765.JPEG,n01774384,75,75,0.25285605,1,imagenet_c,defocus_blur,1,none
efficientnet_b4,ILSVRC2012_val_00022205.JPEG,n01774384,75,75,0.34359425,1,imagenet_c,defocus_blur,1,none
efficientnet_b4,ILSVRC2012_val_00022508.JPEG,n01774384,75,75,0.40619385,1,imagenet_c,defocus_blur,1,none
efficientnet_b4,ILSVRC2012_val_00022942.JPEG,n01774384,75,75,0.44454208,1,imagenet_c,defocus_blur,1,none
efficientnet_b4,ILSVRC2012_val_00023954.JPEG,n01774384,75,75,0.542483,1,imagenet_c,defocus_blur,1,none
efficientnet_b4,ILSVRC2012_val_00024261.JPEG,n01774384,75,75,0.41237214,1,imagenet_c,defocus_blur,1,none
efficientnet_b4,ILSVRC2012_val_00024956.JPEG,n01774384,75,75,0.4034181,1,imagenet_c,defocus_blur,1,none
efficientnet_b4,ILSVRC2012_val_00024962.JPEG,n01774384,75,75,0.6833219,1,imagenet_c,defocus_blur,1,none
efficientnet_b4,ILSVRC2012_val_00025455.JPEG,n01774384,75,75,0.6645112,1,imagenet_c,defocus_blur,1,none
efficientnet_b4,ILSVRC2012_val_00025508.JPEG,n01774384,75,75,0.60954416,1,imagenet_c,defocus_blur,1,none
efficientnet_b4,ILSVRC2012_val_00028035.JPEG,n01774384,75,75,0.43794107,1,imagenet_c,defocus_blur,1,none
efficientnet_b4,ILSVRC2012_val_00029029.JPEG,n01774384,75,73,0.3149668,0,imagenet_c,defocus_blur,1,none
efficientnet_b4,ILSVRC2012_val_00029208.JPEG,n01774384,75,75,0.47815773,1,imagenet_c,defocus_blur,1,none
efficientnet_b4,ILSVRC2012_val_00030333.JPEG,n01774384,75,75,0.29072192,1,imagenet_c,defocus_blur,1,none
efficientnet_b4,ILSVRC2012_val_00030684.JPEG,n01774384,75,712,0.3240497,0,imagenet_c,defocus_blur,1,none
efficientnet_b4,ILSVRC2012_val_00032261.JPEG,n01774384,75,75,0.5252121,1,imagenet_c,defocus_blur,1,none
efficientnet_b4,ILSVRC2012_val_00032724.JPEG,n01774384,75,75,0.46261546,1,imagenet_c,defocus_blur,1,none
efficientnet_b4,ILSVRC2012_val_00033546.JPEG,n01774384,75,75,0.24481453,1,imagenet_c,defocus_blur,1,none
efficientnet_b4,ILSVRC2012_val_00033821.JPEG,n01774384,75,75,0.53024745,1,imagenet_c,defocus_blur,1,none
efficientnet_b4,ILSVRC2012_val_00033912.JPEG,n01774384,75,75,0.6145742,1,imagenet_c,defocus_blur,1,none
efficientnet_b4,ILSVRC2012_val_00035651.JPEG,n01774384,75,75,0.6800161,1,imagenet_c,defocus_blur,1,none
efficientnet_b4,ILSVRC2012_val_00038183.JPEG,n01774384,75,75,0.38041818,1,imagenet_c,defocus_blur,1,none
efficientnet_b4,ILSVRC2012_val_00038283.JPEG,n01774384,75,75,0.27877125,1,imagenet_c,defocus_blur,1,none
efficientnet_b4,ILSVRC2012_val_00039231.JPEG,n01774384,75,75,0.4427092,1,imagenet_c,defocus_blur,1,none
efficientnet_b4,ILSVRC2012_val_00039661.JPEG,n01774384,75,73,0.46586797,0,imagenet_c,defocus_blur,1,none
efficientnet_b4,ILSVRC2012_val_00040995.JPEG,n01774384,75,75,0.42044073,1,imagenet_c,defocus_blur,1,none
efficientnet_b4,ILSVRC2012_val_00041127.JPEG,n01774384,75,126,0.32599044,0,imagenet_c,defocus_blur,1,none
efficientnet_b4,ILSVRC2012_val_00041385.JPEG,n01774384,75,75,0.56048393,1,imagenet_c,defocus_blur,1,none
efficientnet_b4,ILSVRC2012_val_00044676.JPEG,n01774384,75,75,0.32179043,1,imagenet_c,defocus_blur,1,none
efficientnet_b4,ILSVRC2012_val_00047122.JPEG,n01774384,75,310,0.24228045,0,imagenet_c,defocus_blur,1,none
efficientnet_b4,ILSVRC2012_val_00047948.JPEG,n01774384,75,75,0.4884503,1,imagenet_c,defocus_blur,1,none
efficientnet_b4,ILSVRC2012_val_00048068.JPEG,n01774384,75,73,0.51645344,0,imagenet_c,defocus_blur,1,none
efficientnet_b4,ILSVRC2012_val_00048406.JPEG,n01774384,75,75,0.6803114,1,imagenet_c,defocus_blur,1,none
efficientnet_b4,ILSVRC2012_val_00048523.JPEG,n01774384,75,75,0.5066941,1,imagenet_c,defocus_blur,1,none
efficientnet_b4,ILSVRC2012_val_00049802.JPEG,n01774384,75,75,0.42434904,1,imagenet_c,defocus_blur,1,none
efficientnet_b4,ILSVRC2012_val_00000396.JPEG,n01774750,76,76,0.35894564,1,imagenet_c,defocus_blur,1,none
efficientnet_b4,ILSVRC2012_val_00000934.JPEG,n01774750,76,76,0.5942348,1,imagenet_c,defocus_blur,1,none
efficientnet_b4,ILSVRC2012_val_00001460.JPEG,n01774750,76,76,0.42350075,1,imagenet_c,defocus_blur,1,none
efficientnet_b4,ILSVRC2012_val_00002855.JPEG,n01774750,76,76,0.5100391,1,imagenet_c,defocus_blur,1,none
efficientnet_b4,ILSVRC2012_val_00003320.JPEG,n01774750,76,73,0.22243308,0,imagenet_c,defocus_blur,1,none
efficientnet_b4,ILSVRC2012_val_00003838.JPEG,n01774750,76,76,0.437973,1,imagenet_c,defocus_blur,1,none
efficientnet_b4,ILSVRC2012_val_00005208.JPEG,n01774750,76,76,0.713685,1,imagenet_c,defocus_blur,1,none
efficientnet_b4,ILSVRC2012_val_00005326.JPEG,n01774750,76,697,0.14178155,0,imagenet_c,defocus_blur,1,none
efficientnet_b4,ILSVRC2012_val_00006549.JPEG,n01774750,76,76,0.4925977,1,imagenet_c,defocus_blur,1,none
efficientnet_b4,ILSVRC2012_val_00007601.JPEG,n01774750,76,76,0.48576513,1,imagenet_c,defocus_blur,1,none
efficientnet_b4,ILSVRC2012_val_00007951.JPEG,n01774750,76,76,0.39565054,1,imagenet_c,defocus_blur,1,none
efficientnet_b4,ILSVRC2012_val_00009462.JPEG,n01774750,76,76,0.19405295,1,imagenet_c,defocus_blur,1,none
efficientnet_b4,ILSVRC2012_val_00010503.JPEG,n01774750,76,76,0.43218967,1,imagenet_c,defocus_blur,1,none
efficientnet_b4,ILSVRC2012_val_00011712.JPEG,n01774750,76,76,0.64792234,1,imagenet_c,defocus_blur,1,none
efficientnet_b4,ILSVRC2012_val_00014302.JPEG,n01774750,76,73,0.40868098,0,imagenet_c,defocus_blur,1,none
efficientnet_b4,ILSVRC2012_val_00015579.JPEG,n01774750,76,76,0.4348849,1,imagenet_c,defocus_blur,1,none
efficientnet_b4,ILSVRC2012_val_00015999.JPEG,n01774750,76,76,0.6649529,1,imagenet_c,defocus_blur,1,none
efficientnet_b4,ILSVRC2012_val_00017541.JPEG,n01774750,76,76,0.5331217,1,imagenet_c,defocus_blur,1,none
efficientnet_b4,ILSVRC2012_val_00018169.JPEG,n01774750,76,76,0.43288663,1,imagenet_c,defocus_blur,1,none
efficientnet_b4,ILSVRC2012_val_00023425.JPEG,n01774750,76,76,0.5519801,1,imagenet_c,defocus_blur,1,none
efficientnet_b4,ILSVRC2012_val_00024109.JPEG,n01774750,76,76,0.36494318,1,imagenet_c,defocus_blur,1,none
efficientnet_b4,ILSVRC2012_val_00026492.JPEG,n01774750,76,76,0.45558345,1,imagenet_c,defocus_blur,1,none
efficientnet_b4,ILSVRC2012_val_00028317.JPEG,n01774750,76,76,0.46665266,1,imagenet_c,defocus_blur,1,none
efficientnet_b4,ILSVRC2012_val_00028614.JPEG,n01774750,76,76,0.5122021,1,imagenet_c,defocus_blur,1,none
efficientnet_b4,ILSVRC2012_val_00029048.JPEG,n01774750,76,76,0.35132718,1,imagenet_c,defocus_blur,1,none
efficientnet_b4,ILSVRC2012_val_00029147.JPEG,n01774750,76,76,0.6054702,1,imagenet_c,defocus_blur,1,none
efficientnet_b4,ILSVRC2012_val_00030405.JPEG,n01774750,76,76,0.37867546,1,imagenet_c,defocus_blur,1,none
efficientnet_b4,ILSVRC2012_val_00032091.JPEG,n01774750,76,76,0.31366047,1,imagenet_c,defocus_blur,1,none
efficientnet_b4,ILSVRC2012_val_00032440.JPEG,n01774750,76,76,0.6434771,1,imagenet_c,defocus_blur,1,none
efficientnet_b4,ILSVRC2012_val_00033930.JPEG,n01774750,76,76,0.68240756,1,imagenet_c,defocus_blur,1,none
efficientnet_b4,ILSVRC2012_val_00034373.JPEG,n01774750,76,76,0.88845384,1,imagenet_c,defocus_blur,1,none
efficientnet_b4,ILSVRC2012_val_00034406.JPEG,n01774750,76,76,0.56067693,1,imagenet_c,defocus_blur,1,none
efficientnet_b4,ILSVRC2012_val_00035080.JPEG,n01774750,76,76,0.5376541,1,imagenet_c,defocus_blur,1,none
efficientnet_b4,ILSVRC2012_val_00035994.JPEG,n01774750,76,76,0.3226592,1,imagenet_c,defocus_blur,1,none
efficientnet_b4,ILSVRC2012_val_00036506.JPEG,n01774750,76,76,0.28764805,1,imagenet_c,defocus_blur,1,none
efficientnet_b4,ILSVRC2012_val_00037576.JPEG,n01774750,76,76,0.021978185,1,imagenet_c,defocus_blur,1,none
efficientnet_b4,ILSVRC2012_val_00037717.JPEG,n01774750,76,76,0.53441787,1,imagenet_c,defocus_blur,1,none
efficientnet_b4,ILSVRC2012_val_00039241.JPEG,n01774750,76,76,0.5728482,1,imagenet_c,defocus_blur,1,none
efficientnet_b4,ILSVRC2012_val_00040775.JPEG,n01774750,76,76,0.65826654,1,imagenet_c,defocus_blur,1,none
efficientnet_b4,ILSVRC2012_val_00041311.JPEG,n01774750,76,73,0.39204973,0,imagenet_c,defocus_blur,1,none
efficientnet_b4,ILSVRC2012_val_00042346.JPEG,n01774750,76,76,0.38603336,1,imagenet_c,defocus_blur,1,none
efficientnet_b4,ILSVRC2012_val_00042831.JPEG,n01774750,76,76,0.49146894,1,imagenet_c,defocus_blur,1,none
efficientnet_b4,ILSVRC2012_val_00043172.JPEG,n01774750,76,76,0.34436545,1,imagenet_c,defocus_blur,1,none
efficientnet_b4,ILSVRC2012_val_00044170.JPEG,n01774750,76,76,0.51203614,1,imagenet_c,defocus_blur,1,none
efficientnet_b4,ILSVRC2012_val_00045733.JPEG,n01774750,76,76,0.5405077,1,imagenet_c,defocus_blur,1,none
efficientnet_b4,ILSVRC2012_val_00047574.JPEG,n01774750,76,76,0.51664203,1,imagenet_c,defocus_blur,1,none
efficientnet_b4,ILSVRC2012_val_00047854.JPEG,n01774750,76,76,0.06656032,1,imagenet_c,defocus_blur,1,none
efficientnet_b4,ILSVRC2012_val_00048306.JPEG,n01774750,76,76,0.62962306,1,imagenet_c,defocus_blur,1,none
efficientnet_b4,ILSVRC2012_val_00048505.JPEG,n01774750,76,119,0.09606399,0,imagenet_c,defocus_blur,1,none
efficientnet_b4,ILSVRC2012_val_00049466.JPEG,n01774750,76,76,0.49053633,1,imagenet_c,defocus_blur,1,none
efficientnet_b4,ILSVRC2012_val_00000218.JPEG,n01775062,77,77,0.5022944,1,imagenet_c,defocus_blur,1,none
efficientnet_b4,ILSVRC2012_val_00000986.JPEG,n01775062,77,76,0.16204707,0,imagenet_c,defocus_blur,1,none
efficientnet_b4,ILSVRC2012_val_00002074.JPEG,n01775062,77,77,0.56613356,1,imagenet_c,defocus_blur,1,none
efficientnet_b4,ILSVRC2012_val_00004021.JPEG,n01775062,77,77,0.30735412,1,imagenet_c,defocus_blur,1,none
efficientnet_b4,ILSVRC2012_val_00005290.JPEG,n01775062,77,73,0.4597755,0,imagenet_c,defocus_blur,1,none
efficientnet_b4,ILSVRC2012_val_00006378.JPEG,n01775062,77,73,0.66790366,0,imagenet_c,defocus_blur,1,none
efficientnet_b4,ILSVRC2012_val_00008224.JPEG,n01775062,77,71,0.113191605,0,imagenet_c,defocus_blur,1,none
efficientnet_b4,ILSVRC2012_val_00008820.JPEG,n01775062,77,73,0.29389957,0,imagenet_c,defocus_blur,1,none
efficientnet_b4,ILSVRC2012_val_00010225.JPEG,n01775062,77,73,0.5597339,0,imagenet_c,defocus_blur,1,none
efficientnet_b4,ILSVRC2012_val_00010801.JPEG,n01775062,77,77,0.31389412,1,imagenet_c,defocus_blur,1,none
efficientnet_b4,ILSVRC2012_val_00013310.JPEG,n01775062,77,77,0.29310924,1,imagenet_c,defocus_blur,1,none
efficientnet_b4,ILSVRC2012_val_00013617.JPEG,n01775062,77,72,0.24283765,0,imagenet_c,defocus_blur,1,none
efficientnet_b4,ILSVRC2012_val_00014540.JPEG,n01775062,77,73,0.5438638,0,imagenet_c,defocus_blur,1,none
efficientnet_b4,ILSVRC2012_val_00014727.JPEG,n01775062,77,120,0.22521824,0,imagenet_c,defocus_blur,1,none
efficientnet_b4,ILSVRC2012_val_00015835.JPEG,n01775062,77,73,0.69695735,0,imagenet_c,defocus_blur,1,none
efficientnet_b4,ILSVRC2012_val_00016944.JPEG,n01775062,77,73,0.35579902,0,imagenet_c,defocus_blur,1,none
efficientnet_b4,ILSVRC2012_val_00017277.JPEG,n01775062,77,77,0.41225693,1,imagenet_c,defocus_blur,1,none
efficientnet_b4,ILSVRC2012_val_00017790.JPEG,n01775062,77,77,0.24525684,1,imagenet_c,defocus_blur,1,none
efficientnet_b4,ILSVRC2012_val_00017986.JPEG,n01775062,77,73,0.6540661,0,imagenet_c,defocus_blur,1,none
efficientnet_b4,ILSVRC2012_val_00019561.JPEG,n01775062,77,73,0.49136057,0,imagenet_c,defocus_blur,1,none
efficientnet_b4,ILSVRC2012_val_00023244.JPEG,n01775062,77,312,0.36667243,0,imagenet_c,defocus_blur,1,none
efficientnet_b4,ILSVRC2012_val_00024873.JPEG,n01775062,77,77,0.22239596,1,imagenet_c,defocus_blur,1,none
efficientnet_b4,ILSVRC2012_val_00025335.JPEG,n01775062,77,78,0.3045993,0,imagenet_c,defocus_blur,1,none
efficientnet_b4,ILSVRC2012_val_00025447.JPEG,n01775062,77,313,0.17051181,0,imagenet_c,defocus_blur,1,none
efficientnet_b4,ILSVRC2012_val_00025518.JPEG,n01775062,77,77,0.29893753,1,imagenet_c,defocus_blur,1,none
efficientnet_b4,ILSVRC2012_val_00026346.JPEG,n01775062,77,73,0.46050182,0,imagenet_c,defocus_blur,1,none
efficientnet_b4,ILSVRC2012_val_00026848.JPEG,n01775062,77,77,0.48907492,1,imagenet_c,defocus_blur,1,none
efficientnet_b4,ILSVRC2012_val_00026935.JPEG,n01775062,77,73,0.43185037,0,imagenet_c,defocus_blur,1,none
efficientnet_b4,ILSVRC2012_val_00028355.JPEG,n01775062,77,313,0.07514406,0,imagenet_c,defocus_blur,1,none
efficientnet_b4,ILSVRC2012_val_00029156.JPEG,n01775062,77,77,0.47016075,1,imagenet_c,defocus_blur,1,none
efficientnet_b4,ILSVRC2012_val_00029631.JPEG,n01775062,77,77,0.33367023,1,imagenet_c,defocus_blur,1,none
efficientnet_b4,ILSVRC2012_val_00031053.JPEG,n01775062,77,77,0.24955997,1,imagenet_c,defocus_blur,1,none
efficientnet_b4,ILSVRC2012_val_00031382.JPEG,n01775062,77,73,0.4799578,0,imagenet_c,defocus_blur,1,none
efficientnet_b4,ILSVRC2012_val_00031976.JPEG,n01775062,77,73,0.64585996,0,imagenet_c,defocus_blur,1,none
efficientnet_b4,ILSVRC2012_val_00036589.JPEG,n01775062,77,76,0.43973005,0,imagenet_c,defocus_blur,1,none
efficientnet_b4,ILSVRC2012_val_00036773.JPEG,n01775062,77,310,0.24484783,0,imagenet_c,defocus_blur,1,none
efficientnet_b4,ILSVRC2012_val_00036980.JPEG,n01775062,77,77,0.3757648,1,imagenet_c,defocus_blur,1,none
efficientnet_b4,ILSVRC2012_val_00037280.JPEG,n01775062,77,77,0.23986979,1,imagenet_c,defocus_blur,1,none
efficientnet_b4,ILSVRC2012_val_00037348.JPEG,n01775062,77,73,0.17367403,0,imagenet_c,defocus_blur,1,none
efficientnet_b4,ILSVRC2012_val_00037935.JPEG,n01775062,77,77,0.32168183,1,imagenet_c,defocus_blur,1,none
efficientnet_b4,ILSVRC2012_val_00039093.JPEG,n01775062,77,73,0.35714778,0,imagenet_c,defocus_blur,1,none
efficientnet_b4,ILSVRC2012_val_00039557.JPEG,n01775062,77,77,0.57150656,1,imagenet_c,defocus_blur,1,none
efficientnet_b4,ILSVRC2012_val_00039854.JPEG,n01775062,77,77,0.35079074,1,imagenet_c,defocus_blur,1,none
efficientnet_b4,ILSVRC2012_val_00039966.JPEG,n01775062,77,77,0.55202436,1,imagenet_c,defocus_blur,1,none
efficientnet_b4,ILSVRC2012_val_00040214.JPEG,n01775062,77,77,0.49309093,1,imagenet_c,defocus_blur,1,none
efficientnet_b4,ILSVRC2012_val_00042578.JPEG,n01775062,77,77,0.2595073,1,imagenet_c,defocus_blur,1,none
efficientnet_b4,ILSVRC2012_val_00045310.JPEG,n01775062,77,73,0.12573043,0,imagenet_c,defocus_blur,1,none
efficientnet_b4,ILSVRC2012_val_00046017.JPEG,n01775062,77,77,0.09874955,1,imagenet_c,defocus_blur,1,none
efficientnet_b4,ILSVRC2012_val_00048649.JPEG,n01775062,77,77,0.2661341,1,imagenet_c,defocus_blur,1,none
efficientnet_b4,ILSVRC2012_val_00049134.JPEG,n01775062,77,75,0.62124175,0,imagenet_c,defocus_blur,1,none
efficientnet_b4,ILSVRC2012_val_00000679.JPEG,n01776313,78,78,0.59049743,1,imagenet_c,defocus_blur,1,none
efficientnet_b4,ILSVRC2012_val_00000943.JPEG,n01776313,78,78,0.5707947,1,imagenet_c,defocus_blur,1,none
efficientnet_b4,ILSVRC2012_val_00001283.JPEG,n01776313,78,78,0.6542482,1,imagenet_c,defocus_blur,1,none
efficientnet_b4,ILSVRC2012_val_00001760.JPEG,n01776313,78,78,0.5716861,1,imagenet_c,defocus_blur,1,none
efficientnet_b4,ILSVRC2012_val_00001766.JPEG,n01776313,78,78,0.67586875,1,imagenet_c,defocus_blur,1,none
efficientnet_b4,ILSVRC2012_val_00002957.JPEG,n01776313,78,78,0.73224825,1,imagenet_c,defocus_blur,1,none
efficientnet_b4,ILSVRC2012_val_00003577.JPEG,n01776313,78,78,0.53204274,1,imagenet_c,defocus_blur,1,none
efficientnet_b4,ILSVRC2012_val_00004095.JPEG,n01776313,78,72,0.29478005,0,imagenet_c,defocus_blur,1,none
efficientnet_b4,ILSVRC2012_val_00004722.JPEG,n01776313,78,78,0.41243598,1,imagenet_c,defocus_blur,1,none
efficientnet_b4,ILSVRC2012_val_00005788.JPEG,n01776313,78,78,0.16572592,1,imagenet_c,defocus_blur,1,none
efficientnet_b4,ILSVRC2012_val_00005932.JPEG,n01776313,78,78,0.57688373,1,imagenet_c,defocus_blur,1,none
efficientnet_b4,ILSVRC2012_val_00007065.JPEG,n01776313,78,78,0.5307576,1,imagenet_c,defocus_blur,1,none
efficientnet_b4,ILSVRC2012_val_00008054.JPEG,n01776313,78,78,0.572854,1,imagenet_c,defocus_blur,1,none
efficientnet_b4,ILSVRC2012_val_00009192.JPEG,n01776313,78,78,0.55953026,1,imagenet_c,defocus_blur,1,none
efficientnet_b4,ILSVRC2012_val_00013330.JPEG,n01776313,78,73,0.6877138,0,imagenet_c,defocus_blur,1,none
efficientnet_b4,ILSVRC2012_val_00013600.JPEG,n01776313,78,78,0.52774477,1,imagenet_c,defocus_blur,1,none
efficientnet_b4,ILSVRC2012_val_00013917.JPEG,n01776313,78,78,0.54697835,1,imagenet_c,defocus_blur,1,none
efficientnet_b4,ILSVRC2012_val_00014587.JPEG,n01776313,78,78,0.48814154,1,imagenet_c,defocus_blur,1,none
efficientnet_b4,ILSVRC2012_val_00015127.JPEG,n01776313,78,78,0.4674678,1,imagenet_c,defocus_blur,1,none
efficientnet_b4,ILSVRC2012_val_00015564.JPEG,n01776313,78,78,0.6283909,1,imagenet_c,defocus_blur,1,none
efficientnet_b4,ILSVRC2012_val_00016227.JPEG,n01776313,78,70,0.5938881,0,imagenet_c,defocus_blur,1,none
efficientnet_b4,ILSVRC2012_val_00018137.JPEG,n01776313,78,78,0.6204813,1,imagenet_c,defocus_blur,1,none
efficientnet_b4,ILSVRC2012_val_00018963.JPEG,n01776313,78,78,0.60265285,1,imagenet_c,defocus_blur,1,none
efficientnet_b4,ILSVRC2012_val_00020115.JPEG,n01776313,78,78,0.5329208,1,imagenet_c,defocus_blur,1,none
efficientnet_b4,ILSVRC2012_val_00020692.JPEG,n01776313,78,73,0.26532784,0,imagenet_c,defocus_blur,1,none
efficientnet_b4,ILSVRC2012_val_00021337.JPEG,n01776313,78,78,0.73129815,1,imagenet_c,defocus_blur,1,none
efficientnet_b4,ILSVRC2012_val_00021525.JPEG,n01776313,78,78,0.5678776,1,imagenet_c,defocus_blur,1,none
efficientnet_b4,ILSVRC2012_val_00023434.JPEG,n01776313,78,78,0.5416788,1,imagenet_c,defocus_blur,1,none
efficientnet_b4,ILSVRC2012_val_00023564.JPEG,n01776313,78,78,0.6314759,1,imagenet_c,defocus_blur,1,none
efficientnet_b4,ILSVRC2012_val_00027940.JPEG,n01776313,78,78,0.4686299,1,imagenet_c,defocus_blur,1,none
efficientnet_b4,ILSVRC2012_val_00029069.JPEG,n01776313,78,836,0.06647665,0,imagenet_c,defocus_blur,1,none
efficientnet_b4,ILSVRC2012_val_00030444.JPEG,n01776313,78,78,0.5002427,1,imagenet_c,defocus_blur,1,none
efficientnet_b4,ILSVRC2012_val_00030916.JPEG,n01776313,78,78,0.6826543,1,imagenet_c,defocus_blur,1,none
efficientnet_b4,ILSVRC2012_val_00031374.JPEG,n01776313,78,78,0.7867677,1,imagenet_c,defocus_blur,1,none
efficientnet_b4,ILSVRC2012_val_00032343.JPEG,n01776313,78,71,0.3116233,0,imagenet_c,defocus_blur,1,none
efficientnet_b4,ILSVRC2012_val_00032783.JPEG,n01776313,78,78,0.70467937,1,imagenet_c,defocus_blur,1,none
efficientnet_b4,ILSVRC2012_val_00032902.JPEG,n01776313,78,78,0.41487506,1,imagenet_c,defocus_blur,1,none
efficientnet_b4,ILSVRC2012_val_00034020.JPEG,n01776313,78,70,0.122389875,0,imagenet_c,defocus_blur,1,none
efficientnet_b4,ILSVRC2012_val_00035573.JPEG,n01776313,78,917,0.047943708,0,imagenet_c,defocus_blur,1,none
efficientnet_b4,ILSVRC2012_val_00037297.JPEG,n01776313,78,78,0.2894357,1,imagenet_c,defocus_blur,1,none
efficientnet_b4,ILSVRC2012_val_00037933.JPEG,n01776313,78,78,0.6098512,1,imagenet_c,defocus_blur,1,none
efficientnet_b4,ILSVRC2012_val_00040519.JPEG,n01776313,78,304,0.09175846,0,imagenet_c,defocus_blur,1,none
efficientnet_b4,ILSVRC2012_val_00040584.JPEG,n01776313,78,78,0.5452582,1,imagenet_c,defocus_blur,1,none
efficientnet_b4,ILSVRC2012_val_00041549.JPEG,n01776313,78,78,0.7434867,1,imagenet_c,defocus_blur,1,none
efficientnet_b4,ILSVRC2012_val_00042899.JPEG,n01776313,78,78,0.62016714,1,imagenet_c,defocus_blur,1,none
efficientnet_b4,ILSVRC2012_val_00043155.JPEG,n01776313,78,72,0.33023876,0,imagenet_c,defocus_blur,1,none
efficientnet_b4,ILSVRC2012_val_00046529.JPEG,n01776313,78,78,0.50791895,1,imagenet_c,defocus_blur,1,none
efficientnet_b4,ILSVRC2012_val_00046868.JPEG,n01776313,78,78,0.631405,1,imagenet_c,defocus_blur,1,none
efficientnet_b4,ILSVRC2012_val_00048593.JPEG,n01776313,78,78,0.60522544,1,imagenet_c,defocus_blur,1,none
efficientnet_b4,ILSVRC2012_val_00049535.JPEG,n01776313,78,71,0.5289166,0,imagenet_c,defocus_blur,1,none
efficientnet_b4,ILSVRC2012_val_00003981.JPEG,n01784675,79,126,0.2158064,0,imagenet_c,defocus_blur,1,none
efficientnet_b4,ILSVRC2012_val_00004136.JPEG,n01784675,79,79,0.47685283,1,imagenet_c,defocus_blur,1,none
efficientnet_b4,ILSVRC2012_val_00004841.JPEG,n01784675,79,79,0.27682832,1,imagenet_c,defocus_blur,1,none
efficientnet_b4,ILSVRC2012_val_00005072.JPEG,n01784675,79,79,0.69117093,1,imagenet_c,defocus_blur,1,none
efficientnet_b4,ILSVRC2012_val_00005536.JPEG,n01784675,79,79,0.5883425,1,imagenet_c,defocus_blur,1,none
efficientnet_b4,ILSVRC2012_val_00009716.JPEG,n01784675,79,126,0.32746965,0,imagenet_c,defocus_blur,1,none
efficientnet_b4,ILSVRC2012_val_00010906.JPEG,n01784675,79,79,0.570019,1,imagenet_c,defocus_blur,1,none
efficientnet_b4,ILSVRC2012_val_00011629.JPEG,n01784675,79,111,0.35558686,0,imagenet_c,defocus_blur,1,none
efficientnet_b4,ILSVRC2012_val_00011704.JPEG,n01784675,79,79,0.7176119,1,imagenet_c,defocus_blur,1,none
efficientnet_b4,ILSVRC2012_val_00011861.JPEG,n01784675,79,79,0.19004147,1,imagenet_c,defocus_blur,1,none
efficientnet_b4,ILSVRC2012_val_00013388.JPEG,n01784675,79,79,0.46765462,1,imagenet_c,defocus_blur,1,none
efficientnet_b4,ILSVRC2012_val_00014417.JPEG,n01784675,79,882,0.26508233,0,imagenet_c,defocus_blur,1,none
efficientnet_b4,ILSVRC2012_val_00014858.JPEG,n01784675,79,79,0.5927255,1,imagenet_c,defocus_blur,1,none
efficientnet_b4,ILSVRC2012_val_00014978.JPEG,n01784675,79,52,0.30894855,0,imagenet_c,defocus_blur,1,none
efficientnet_b4,ILSVRC2012_val_00015641.JPEG,n01784675,79,79,0.7504541,1,imagenet_c,defocus_blur,1,none
efficientnet_b4,ILSVRC2012_val_00016866.JPEG,n01784675,79,630,0.2016625,0,imagenet_c,defocus_blur,1,none
efficientnet_b4,ILSVRC2012_val_00016872.JPEG,n01784675,79,79,0.62734854,1,imagenet_c,defocus_blur,1,none
efficientnet_b4,ILSVRC2012_val_00017806.JPEG,n01784675,79,79,0.6816474,1,imagenet_c,defocus_blur,1,none
efficientnet_b4,ILSVRC2012_val_00018119.JPEG,n01784675,79,79,0.6339982,1,imagenet_c,defocus_blur,1,none
efficientnet_b4,ILSVRC2012_val_00019211.JPEG,n01784675,79,79,0.40570766,1,imagenet_c,defocus_blur,1,none
efficientnet_b4,ILSVRC2012_val_00020046.JPEG,n01784675,79,79,0.5866757,1,imagenet_c,defocus_blur,1,none
efficientnet_b4,ILSVRC2012_val_00020456.JPEG,n01784675,79,111,0.41815704,0,imagenet_c,defocus_blur,1,none
efficientnet_b4,ILSVRC2012_val_00020950.JPEG,n01784675,79,79,0.24016203,1,imagenet_c,defocus_blur,1,none
efficientnet_b4,ILSVRC2012_val_00021705.JPEG,n01784675,79,32,0.44283628,0,imagenet_c,defocus_blur,1,none
efficientnet_b4,ILSVRC2012_val_00022081.JPEG,n01784675,79,79,0.5702627,1,imagenet_c,defocus_blur,1,none
efficientnet_b4,ILSVRC2012_val_00023052.JPEG,n01784675,79,114,0.1215632,0,imagenet_c,defocus_blur,1,none
efficientnet_b4,ILSVRC2012_val_00023431.JPEG,n01784675,79,79,0.5972302,1,imagenet_c,defocus_blur,1,none
efficientnet_b4,ILSVRC2012_val_00023476.JPEG,n01784675,79,79,0.6214471,1,imagenet_c,defocus_blur,1,none
efficientnet_b4,ILSVRC2012_val_00025287.JPEG,n01784675,79,79,0.59820867,1,imagenet_c,defocus_blur,1,none
efficientnet_b4,ILSVRC2012_val_00027076.JPEG,n01784675,79,57,0.057791263,0,imagenet_c,defocus_blur,1,none
efficientnet_b4,ILSVRC2012_val_00028449.JPEG,n01784675,79,126,0.5928876,0,imagenet_c,defocus_blur,1,none
efficientnet_b4,ILSVRC2012_val_00028689.JPEG,n01784675,79,73,0.1691196,0,imagenet_c,defocus_blur,1,none
efficientnet_b4,ILSVRC2012_val_00030825.JPEG,n01784675,79,79,0.54415524,1,imagenet_c,defocus_blur,1,none
efficientnet_b4,ILSVRC2012_val_00032970.JPEG,n01784675,79,79,0.3639857,1,imagenet_c,defocus_blur,1,none
efficientnet_b4,ILSVRC2012_val_00033423.JPEG,n01784675,79,79,0.45338964,1,imagenet_c,defocus_blur,1,none
efficientnet_b4,ILSVRC2012_val_00034289.JPEG,n01784675,79,79,0.5028762,1,imagenet_c,defocus_blur,1,none
efficientnet_b4,ILSVRC2012_val_00035667.JPEG,n01784675,79,943,0.15770844,0,imagenet_c,defocus_blur,1,none
efficientnet_b4,ILSVRC2012_val_00036077.JPEG,n01784675,79,79,0.24819833,1,imagenet_c,defocus_blur,1,none
efficientnet_b4,ILSVRC2012_val_00038504.JPEG,n01784675,79,79,0.6678235,1,imagenet_c,defocus_blur,1,none
efficientnet_b4,ILSVRC2012_val_00038833.JPEG,n01784675,79,79,0.6906165,1,imagenet_c,defocus_blur,1,none
efficientnet_b4,ILSVRC2012_val_00039488.JPEG,n01784675,79,114,0.20166497,0,imagenet_c,defocus_blur,1,none
efficientnet_b4,ILSVRC2012_val_00039704.JPEG,n01784675,79,52,0.15092729,0,imagenet_c,defocus_blur,1,none
efficientnet_b4,ILSVRC2012_val_00040763.JPEG,n01784675,79,79,0.2531484,1,imagenet_c,defocus_blur,1,none
efficientnet_b4,ILSVRC2012_val_00042932.JPEG,n01784675,79,79,0.6937325,1,imagenet_c,defocus_blur,1,none
efficientnet_b4,ILSVRC2012_val_00044649.JPEG,n01784675,79,79,0.71527326,1,imagenet_c,defocus_blur,1,none
efficientnet_b4,ILSVRC2012_val_00046006.JPEG,n01784675,79,26,0.11259466,0,imagenet_c,defocus_blur,1,none
efficientnet_b4,ILSVRC2012_val_00046086.JPEG,n01784675,79,506,0.22901478,0,imagenet_c,defocus_blur,1,none
efficientnet_b4,ILSVRC2012_val_00047031.JPEG,n01784675,79,79,0.45075837,1,imagenet_c,defocus_blur,1,none
efficientnet_b4,ILSVRC2012_val_00047329.JPEG,n01784675,79,506,0.25562713,0,imagenet_c,defocus_blur,1,none
efficientnet_b4,ILSVRC2012_val_00047338.JPEG,n01784675,79,79,0.38663456,1,imagenet_c,defocus_blur,1,none
efficientnet_b4,ILSVRC2012_val_00000075.JPEG,n01795545,80,80,0.5865158,1,imagenet_c,defocus_blur,1,none
efficientnet_b4,ILSVRC2012_val_00000528.JPEG,n01795545,80,80,0.29435202,1,imagenet_c,defocus_blur,1,none
efficientnet_b4,ILSVRC2012_val_00000885.JPEG,n01795545,80,80,0.6196652,1,imagenet_c,defocus_blur,1,none
efficientnet_b4,ILSVRC2012_val_00001136.JPEG,n01795545,80,80,0.6960298,1,imagenet_c,defocus_blur,1,none
efficientnet_b4,ILSVRC2012_val_00001537.JPEG,n01795545,80,80,0.72861785,1,imagenet_c,defocus_blur,1,none
efficientnet_b4,ILSVRC2012_val_00002664.JPEG,n01795545,80,80,0.7185659,1,imagenet_c,defocus_blur,1,none
efficientnet_b4,ILSVRC2012_val_00002838.JPEG,n01795545,80,80,0.59868294,1,imagenet_c,defocus_blur,1,none
efficientnet_b4,ILSVRC2012_val_00002991.JPEG,n01795545,80,80,0.5409592,1,imagenet_c,defocus_blur,1,none
efficientnet_b4,ILSVRC2012_val_00003122.JPEG,n01795545,80,80,0.62924945,1,imagenet_c,defocus_blur,1,none
efficientnet_b4,ILSVRC2012_val_00005447.JPEG,n01795545,80,80,0.6187812,1,imagenet_c,defocus_blur,1,none
efficientnet_b4,ILSVRC2012_val_00006094.JPEG,n01795545,80,80,0.7001636,1,imagenet_c,defocus_blur,1,none
efficientnet_b4,ILSVRC2012_val_00007126.JPEG,n01795545,80,80,0.5006718,1,imagenet_c,defocus_blur,1,none
efficientnet_b4,ILSVRC2012_val_00007312.JPEG,n01795545,80,80,0.59198123,1,imagenet_c,defocus_blur,1,none
efficientnet_b4,ILSVRC2012_val_00007323.JPEG,n01795545,80,80,0.6148239,1,imagenet_c,defocus_blur,1,none
efficientnet_b4,ILSVRC2012_val_00010507.JPEG,n01795545,80,80,0.67078215,1,imagenet_c,defocus_blur,1,none
efficientnet_b4,ILSVRC2012_val_00010917.JPEG,n01795545,80,80,0.6323956,1,imagenet_c,defocus_blur,1,none
efficientnet_b4,ILSVRC2012_val_00011621.JPEG,n01795545,80,80,0.64762074,1,imagenet_c,defocus_blur,1,none
efficientnet_b4,ILSVRC2012_val_00012024.JPEG,n01795545,80,80,0.5384577,1,imagenet_c,defocus_blur,1,none
efficientnet_b4,ILSVRC2012_val_00012123.JPEG,n01795545,80,80,0.4918766,1,imagenet_c,defocus_blur,1,none
efficientnet_b4,ILSVRC2012_val_00013607.JPEG,n01795545,80,86,0.22175069,0,imagenet_c,defocus_blur,1,none
efficientnet_b4,ILSVRC2012_val_00014817.JPEG,n01795545,80,80,0.59081817,1,imagenet_c,defocus_blur,1,none
efficientnet_b4,ILSVRC2012_val_00015513.JPEG,n01795545,80,80,0.45785296,1,imagenet_c,defocus_blur,1,none
efficientnet_b4,ILSVRC2012_val_00017143.JPEG,n01795545,80,80,0.7305974,1,imagenet_c,defocus_blur,1,none
efficientnet_b4,ILSVRC2012_val_00017759.JPEG,n01795545,80,80,0.62249774,1,imagenet_c,defocus_blur,1,none
efficientnet_b4,ILSVRC2012_val_00018393.JPEG,n01795545,80,80,0.7605884,1,imagenet_c,defocus_blur,1,none
efficientnet_b4,ILSVRC2012_val_00020683.JPEG,n01795545,80,80,0.65787816,1,imagenet_c,defocus_blur,1,none
efficientnet_b4,ILSVRC2012_val_00020747.JPEG,n01795545,80,80,0.5714808,1,imagenet_c,defocus_blur,1,none
efficientnet_b4,ILSVRC2012_val_00021139.JPEG,n01795545,80,80,0.6512956,1,imagenet_c,defocus_blur,1,none
efficientnet_b4,ILSVRC2012_val_00023344.JPEG,n01795545,80,80,0.58695424,1,imagenet_c,defocus_blur,1,none
efficientnet_b4,ILSVRC2012_val_00027102.JPEG,n01795545,80,82,0.26380238,0,imagenet_c,defocus_blur,1,none
efficientnet_b4,ILSVRC2012_val_00027809.JPEG,n01795545,80,80,0.5436504,1,imagenet_c,defocus_blur,1,none
efficientnet_b4,ILSVRC2012_val_00028545.JPEG,n01795545,80,80,0.746593,1,imagenet_c,defocus_blur,1,none
efficientnet_b4,ILSVRC2012_val_00028600.JPEG,n01795545,80,80,0.6380796,1,imagenet_c,defocus_blur,1,none
efficientnet_b4,ILSVRC2012_val_00029956.JPEG,n01795545,80,80,0.5692222,1,imagenet_c,defocus_blur,1,none
efficientnet_b4,ILSVRC2012_val_00030010.JPEG,n01795545,80,80,0.5701435,1,imagenet_c,defocus_blur,1,none
efficientnet_b4,ILSVRC2012_val_00030713.JPEG,n01795545,80,80,0.6152558,1,imagenet_c,defocus_blur,1,none
efficientnet_b4,ILSVRC2012_val_00035601.JPEG,n01795545,80,80,0.63122123,1,imagenet_c,defocus_blur,1,none
efficientnet_b4,ILSVRC2012_val_00036225.JPEG,n01795545,80,83,0.40438762,0,imagenet_c,defocus_blur,1,none
efficientnet_b4,ILSVRC2012_val_00039465.JPEG,n01795545,80,80,0.3402125,1,imagenet_c,defocus_blur,1,none
efficientnet_b4,ILSVRC2012_val_00040203.JPEG,n01795545,80,80,0.691663,1,imagenet_c,defocus_blur,1,none
efficientnet_b4,ILSVRC2012_val_00042859.JPEG,n01795545,80,80,0.5821034,1,imagenet_c,defocus_blur,1,none
efficientnet_b4,ILSVRC2012_val_00043130.JPEG,n01795545,80,80,0.60994446,1,imagenet_c,defocus_blur,1,none
efficientnet_b4,ILSVRC2012_val_00044393.JPEG,n01795545,80,80,0.8286953,1,imagenet_c,defocus_blur,1,none
efficientnet_b4,ILSVRC2012_val_00045571.JPEG,n01795545,80,80,0.6238521,1,imagenet_c,defocus_blur,1,none
efficientnet_b4,ILSVRC2012_val_00045743.JPEG,n01795545,80,80,0.6018034,1,imagenet_c,defocus_blur,1,none
efficientnet_b4,ILSVRC2012_val_00045857.JPEG,n01795545,80,80,0.621899,1,imagenet_c,defocus_blur,1,none
efficientnet_b4,ILSVRC2012_val_00046040.JPEG,n01795545,80,80,0.5129456,1,imagenet_c,defocus_blur,1,none
efficientnet_b4,ILSVRC2012_val_00046933.JPEG,n01795545,80,82,0.38818547,0,imagenet_c,defocus_blur,1,none
efficientnet_b4,ILSVRC2012_val_00047404.JPEG,n01795545,80,80,0.7542484,1,imagenet_c,defocus_blur,1,none
efficientnet_b4,ILSVRC2012_val_00049235.JPEG,n01795545,80,80,0.5929497,1,imagenet_c,defocus_blur,1,none
efficientnet_b4,ILSVRC2012_val_00000860.JPEG,n01796340,81,81,0.7878237,1,imagenet_c,defocus_blur,1,none
efficientnet_b4,ILSVRC2012_val_00001596.JPEG,n01796340,81,81,0.52109396,1,imagenet_c,defocus_blur,1,none
efficientnet_b4,ILSVRC2012_val_00001641.JPEG,n01796340,81,81,0.52328515,1,imagenet_c,defocus_blur,1,none
efficientnet_b4,ILSVRC2012_val_00002846.JPEG,n01796340,81,81,0.56713414,1,imagenet_c,defocus_blur,1,none
efficientnet_b4,ILSVRC2012_val_00005100.JPEG,n01796340,81,82,0.18390094,0,imagenet_c,defocus_blur,1,none
efficientnet_b4,ILSVRC2012_val_00006221.JPEG,n01796340,81,81,0.5895176,1,imagenet_c,defocus_blur,1,none
efficientnet_b4,ILSVRC2012_val_00006847.JPEG,n01796340,81,336,0.21761854,0,imagenet_c,defocus_blur,1,none
efficientnet_b4,ILSVRC2012_val_00008993.JPEG,n01796340,81,81,0.21174556,1,imagenet_c,defocus_blur,1,none
efficientnet_b4,ILSVRC2012_val_00009647.JPEG,n01796340,81,82,0.14790341,0,imagenet_c,defocus_blur,1,none
efficientnet_b4,ILSVRC2012_val_00009827.JPEG,n01796340,81,81,0.5302512,1,imagenet_c,defocus_blur,1,none
efficientnet_b4,ILSVRC2012_val_00011787.JPEG,n01796340,81,81,0.2557911,1,imagenet_c,defocus_blur,1,none
efficientnet_b4,ILSVRC2012_val_00012410.JPEG,n01796340,81,81,0.4461064,1,imagenet_c,defocus_blur,1,none
efficientnet_b4,ILSVRC2012_val_00013641.JPEG,n01796340,81,81,0.54595435,1,imagenet_c,defocus_blur,1,none
efficientnet_b4,ILSVRC2012_val_00015565.JPEG,n01796340,81,81,0.5401752,1,imagenet_c,defocus_blur,1,none
efficientnet_b4,ILSVRC2012_val_00015815.JPEG,n01796340,81,138,0.063184954,0,imagenet_c,defocus_blur,1,none
efficientnet_b4,ILSVRC2012_val_00017253.JPEG,n01796340,81,81,0.6727359,1,imagenet_c,defocus_blur,1,none
efficientnet_b4,ILSVRC2012_val_00017508.JPEG,n01796340,81,81,0.6083474,1,imagenet_c,defocus_blur,1,none
efficientnet_b4,ILSVRC2012_val_00019036.JPEG,n01796340,81,81,0.60536104,1,imagenet_c,defocus_blur,1,none
efficientnet_b4,ILSVRC2012_val_00020587.JPEG,n01796340,81,81,0.5188882,1,imagenet_c,defocus_blur,1,none
efficientnet_b4,ILSVRC2012_val_00022095.JPEG,n01796340,81,8,0.1731287,0,imagenet_c,defocus_blur,1,none
efficientnet_b4,ILSVRC2012_val_00022189.JPEG,n01796340,81,81,0.6273427,1,imagenet_c,defocus_blur,1,none
efficientnet_b4,ILSVRC2012_val_00022769.JPEG,n01796340,81,81,0.49131292,1,imagenet_c,defocus_blur,1,none
efficientnet_b4,ILSVRC2012_val_00024098.JPEG,n01796340,81,81,0.20983888,1,imagenet_c,defocus_blur,1,none
efficientnet_b4,ILSVRC2012_val_00024396.JPEG,n01796340,81,81,0.46508938,1,imagenet_c,defocus_blur,1,none
efficientnet_b4,ILSVRC2012_val_00024630.JPEG,n01796340,81,81,0.47625375,1,imagenet_c,defocus_blur,1,none
efficientnet_b4,ILSVRC2012_val_00025998.JPEG,n01796340,81,132,0.16004097,0,imagenet_c,defocus_blur,1,none
efficientnet_b4,ILSVRC2012_val_00026112.JPEG,n01796340,81,81,0.31466025,1,imagenet_c,defocus_blur,1,none
efficientnet_b4,ILSVRC2012_val_00026138.JPEG,n01796340,81,81,0.060677134,1,imagenet_c,defocus_blur,1,none
efficientnet_b4,ILSVRC2012_val_00027946.JPEG,n01796340,81,81,0.64835757,1,imagenet_c,defocus_blur,1,none
efficientnet_b4,ILSVRC2012_val_00028167.JPEG,n01796340,81,81,0.52241886,1,imagenet_c,defocus_blur,1,none
efficientnet_b4,ILSVRC2012_val_00029150.JPEG,n01796340,81,81,0.56979984,1,imagenet_c,defocus_blur,1,none
efficientnet_b4,ILSVRC2012_val_00030116.JPEG,n01796340,81,81,0.4752607,1,imagenet_c,defocus_blur,1,none
efficientnet_b4,ILSVRC2012_val_00031432.JPEG,n01796340,81,81,0.41285962,1,imagenet_c,defocus_blur,1,none
efficientnet_b4,ILSVRC2012_val_00031689.JPEG,n01796340,81,114,0.1288797,0,imagenet_c,defocus_blur,1,none
efficientnet_b4,ILSVRC2012_val_00033431.JPEG,n01796340,81,970,0.047315635,0,imagenet_c,defocus_blur,1,none
efficientnet_b4,ILSVRC2012_val_00034282.JPEG,n01796340,81,104,0.03830161,0,imagenet_c,defocus_blur,1,none
efficientnet_b4,ILSVRC2012_val_00034515.JPEG,n01796340,81,81,0.44242793,1,imagenet_c,defocus_blur,1,none
efficientnet_b4,ILSVRC2012_val_00035916.JPEG,n01796340,81,86,0.37133494,0,imagenet_c,defocus_blur,1,none
efficientnet_b4,ILSVRC2012_val_00036179.JPEG,n01796340,81,81,0.5543891,1,imagenet_c,defocus_blur,1,none
efficientnet_b4,ILSVRC2012_val_00037119.JPEG,n01796340,81,81,0.6517033,1,imagenet_c,defocus_blur,1,none
efficientnet_b4,ILSVRC2012_val_00039113.JPEG,n01796340,81,81,0.4472724,1,imagenet_c,defocus_blur,1,none
efficientnet_b4,ILSVRC2012_val_00039724.JPEG,n01796340,81,81,0.56284887,1,imagenet_c,defocus_blur,1,none
efficientnet_b4,ILSVRC2012_val_00040103.JPEG,n01796340,81,336,0.17511179,0,imagenet_c,defocus_blur,1,none
efficientnet_b4,ILSVRC2012_val_00041288.JPEG,n01796340,81,81,0.57051116,1,imagenet_c,defocus_blur,1,none
efficientnet_b4,ILSVRC2012_val_00044591.JPEG,n01796340,81,135,0.27786514,0,imagenet_c,defocus_blur,1,none
efficientnet_b4,ILSVRC2012_val_00045392.JPEG,n01796340,81,81,0.5954927,1,imagenet_c,defocus_blur,1,none
efficientnet_b4,ILSVRC2012_val_00046574.JPEG,n01796340,81,81,0.2611542,1,imagenet_c,defocus_blur,1,none
efficientnet_b4,ILSVRC2012_val_00047258.JPEG,n01796340,81,81,0.47330907,1,imagenet_c,defocus_blur,1,none
efficientnet_b4,ILSVRC2012_val_00048825.JPEG,n01796340,81,81,0.50539213,1,imagenet_c,defocus_blur,1,none
efficientnet_b4,ILSVRC2012_val_00049988.JPEG,n01796340,81,81,0.56345534,1,imagenet_c,defocus_blur,1,none
efficientnet_b4,ILSVRC2012_val_00002539.JPEG,n01797886,82,82,0.5462602,1,imagenet_c,defocus_blur,1,none
efficientnet_b4,ILSVRC2012_val_00005315.JPEG,n01797886,82,82,0.18064915,1,imagenet_c,defocus_blur,1,none
efficientnet_b4,ILSVRC2012_val_00005328.JPEG,n01797886,82,82,0.3879346,1,imagenet_c,defocus_blur,1,none
efficientnet_b4,ILSVRC2012_val_00005675.JPEG,n01797886,82,82,0.5611685,1,imagenet_c,defocus_blur,1,none
efficientnet_b4,ILSVRC2012_val_00006024.JPEG,n01797886,82,8,0.06686012,0,imagenet_c,defocus_blur,1,none
efficientnet_b4,ILSVRC2012_val_00007986.JPEG,n01797886,82,82,0.4217256,1,imagenet_c,defocus_blur,1,none
efficientnet_b4,ILSVRC2012_val_00009565.JPEG,n01797886,82,67,0.11973739,0,imagenet_c,defocus_blur,1,none
efficientnet_b4,ILSVRC2012_val_00009679.JPEG,n01797886,82,82,0.38109532,1,imagenet_c,defocus_blur,1,none
efficientnet_b4,ILSVRC2012_val_00011822.JPEG,n01797886,82,82,0.29234686,1,imagenet_c,defocus_blur,1,none
efficientnet_b4,ILSVRC2012_val_00012669.JPEG,n01797886,82,82,0.30600417,1,imagenet_c,defocus_blur,1,none
efficientnet_b4,ILSVRC2012_val_00017454.JPEG,n01797886,82,21,0.15523878,0,imagenet_c,defocus_blur,1,none
efficientnet_b4,ILSVRC2012_val_00018626.JPEG,n01797886,82,82,0.38294032,1,imagenet_c,defocus_blur,1,none
efficientnet_b4,ILSVRC2012_val_00019885.JPEG,n01797886,82,82,0.23864627,1,imagenet_c,defocus_blur,1,none
efficientnet_b4,ILSVRC2012_val_00021417.JPEG,n01797886,82,82,0.30089313,1,imagenet_c,defocus_blur,1,none
efficientnet_b4,ILSVRC2012_val_00021625.JPEG,n01797886,82,992,0.039756183,0,imagenet_c,defocus_blur,1,none
efficientnet_b4,ILSVRC2012_val_00021954.JPEG,n01797886,82,82,0.46747038,1,imagenet_c,defocus_blur,1,none
efficientnet_b4,ILSVRC2012_val_00022110.JPEG,n01797886,82,82,0.48687658,1,imagenet_c,defocus_blur,1,none
efficientnet_b4,ILSVRC2012_val_00022115.JPEG,n01797886,82,82,0.33176705,1,imagenet_c,defocus_blur,1,none
efficientnet_b4,ILSVRC2012_val_00022334.JPEG,n01797886,82,86,0.5374481,0,imagenet_c,defocus_blur,1,none
efficientnet_b4,ILSVRC2012_val_00022992.JPEG,n01797886,82,82,0.16556086,1,imagenet_c,defocus_blur,1,none
efficientnet_b4,ILSVRC2012_val_00023338.JPEG,n01797886,82,82,0.43310866,1,imagenet_c,defocus_blur,1,none
efficientnet_b4,ILSVRC2012_val_00025200.JPEG,n01797886,82,82,0.35713366,1,imagenet_c,defocus_blur,1,none
efficientnet_b4,ILSVRC2012_val_00026375.JPEG,n01797886,82,80,0.16169754,0,imagenet_c,defocus_blur,1,none
efficientnet_b4,ILSVRC2012_val_00026924.JPEG,n01797886,82,86,0.31248176,0,imagenet_c,defocus_blur,1,none
efficientnet_b4,ILSVRC2012_val_00028119.JPEG,n01797886,82,82,0.45220944,1,imagenet_c,defocus_blur,1,none
efficientnet_b4,ILSVRC2012_val_00028604.JPEG,n01797886,82,82,0.3474959,1,imagenet_c,defocus_blur,1,none
efficientnet_b4,ILSVRC2012_val_00030036.JPEG,n01797886,82,82,0.22944899,1,imagenet_c,defocus_blur,1,none
efficientnet_b4,ILSVRC2012_val_00030891.JPEG,n01797886,82,83,0.25247025,0,imagenet_c,defocus_blur,1,none
efficientnet_b4,ILSVRC2012_val_00031380.JPEG,n01797886,82,82,0.48503765,1,imagenet_c,defocus_blur,1,none
efficientnet_b4,ILSVRC2012_val_00033167.JPEG,n01797886,82,82,0.4192258,1,imagenet_c,defocus_blur,1,none
efficientnet_b4,ILSVRC2012_val_00033393.JPEG,n01797886,82,82,0.45083353,1,imagenet_c,defocus_blur,1,none
efficientnet_b4,ILSVRC2012_val_00033503.JPEG,n01797886,82,82,0.4899992,1,imagenet_c,defocus_blur,1,none
efficientnet_b4,ILSVRC2012_val_00035521.JPEG,n01797886,82,82,0.1535059,1,imagenet_c,defocus_blur,1,none
efficientnet_b4,ILSVRC2012_val_00036227.JPEG,n01797886,82,82,0.11405579,1,imagenet_c,defocus_blur,1,none
efficientnet_b4,ILSVRC2012_val_00036573.JPEG,n01797886,82,82,0.35774195,1,imagenet_c,defocus_blur,1,none
efficientnet_b4,ILSVRC2012_val_00036713.JPEG,n01797886,82,86,0.5239509,0,imagenet_c,defocus_blur,1,none
efficientnet_b4,ILSVRC2012_val_00037408.JPEG,n01797886,82,82,0.23916824,1,imagenet_c,defocus_blur,1,none
efficientnet_b4,ILSVRC2012_val_00039021.JPEG,n01797886,82,82,0.5082083,1,imagenet_c,defocus_blur,1,none
efficientnet_b4,ILSVRC2012_val_00039964.JPEG,n01797886,82,82,0.33366197,1,imagenet_c,defocus_blur,1,none
efficientnet_b4,ILSVRC2012_val_00040000.JPEG,n01797886,82,82,0.3480207,1,imagenet_c,defocus_blur,1,none
efficientnet_b4,ILSVRC2012_val_00040334.JPEG,n01797886,82,82,0.36868396,1,imagenet_c,defocus_blur,1,none
efficientnet_b4,ILSVRC2012_val_00040357.JPEG,n01797886,82,82,0.3072198,1,imagenet_c,defocus_blur,1,none
efficientnet_b4,ILSVRC2012_val_00041329.JPEG,n01797886,82,82,0.44715086,1,imagenet_c,defocus_blur,1,none
efficientnet_b4,ILSVRC2012_val_00041375.JPEG,n01797886,82,82,0.22013451,1,imagenet_c,defocus_blur,1,none
efficientnet_b4,ILSVRC2012_val_00041909.JPEG,n01797886,82,85,0.18261576,0,imagenet_c,defocus_blur,1,none
efficientnet_b4,ILSVRC2012_val_00042038.JPEG,n01797886,82,82,0.44599408,1,imagenet_c,defocus_blur,1,none
efficientnet_b4,ILSVRC2012_val_00043241.JPEG,n01797886,82,82,0.4541093,1,imagenet_c,defocus_blur,1,none
efficientnet_b4,ILSVRC2012_val_00043258.JPEG,n01797886,82,82,0.5213625,1,imagenet_c,defocus_blur,1,none
efficientnet_b4,ILSVRC2012_val_00047230.JPEG,n01797886,82,82,0.3059624,1,imagenet_c,defocus_blur,1,none
efficientnet_b4,ILSVRC2012_val_00049595.JPEG,n01797886,82,82,0.40122312,1,imagenet_c,defocus_blur,1,none
efficientnet_b4,ILSVRC2012_val_00001461.JPEG,n01798484,83,83,0.6089383,1,imagenet_c,defocus_blur,1,none
efficientnet_b4,ILSVRC2012_val_00002395.JPEG,n01798484,83,83,0.59865457,1,imagenet_c,defocus_blur,1,none
efficientnet_b4,ILSVRC2012_val_00003661.JPEG,n01798484,83,83,0.64100933,1,imagenet_c,defocus_blur,1,none
efficientnet_b4,ILSVRC2012_val_00004256.JPEG,n01798484,83,83,0.48647046,1,imagenet_c,defocus_blur,1,none
efficientnet_b4,ILSVRC2012_val_00005553.JPEG,n01798484,83,83,0.59402114,1,imagenet_c,defocus_blur,1,none
efficientnet_b4,ILSVRC2012_val_00006469.JPEG,n01798484,83,83,0.6249228,1,imagenet_c,defocus_blur,1,none
efficientnet_b4,ILSVRC2012_val_00006790.JPEG,n01798484,83,83,0.1069729,1,imagenet_c,defocus_blur,1,none
efficientnet_b4,ILSVRC2012_val_00009583.JPEG,n01798484,83,83,0.5315648,1,imagenet_c,defocus_blur,1,none
efficientnet_b4,ILSVRC2012_val_00010421.JPEG,n01798484,83,83,0.5973865,1,imagenet_c,defocus_blur,1,none
efficientnet_b4,ILSVRC2012_val_00011686.JPEG,n01798484,83,83,0.46709308,1,imagenet_c,defocus_blur,1,none
efficientnet_b4,ILSVRC2012_val_00016487.JPEG,n01798484,83,83,0.1405362,1,imagenet_c,defocus_blur,1,none
efficientnet_b4,ILSVRC2012_val_00017430.JPEG,n01798484,83,83,0.5333932,1,imagenet_c,defocus_blur,1,none
efficientnet_b4,ILSVRC2012_val_00020014.JPEG,n01798484,83,371,0.07000699,0,imagenet_c,defocus_blur,1,none
efficientnet_b4,ILSVRC2012_val_00020239.JPEG,n01798484,83,83,0.19982366,1,imagenet_c,defocus_blur,1,none
efficientnet_b4,ILSVRC2012_val_00020690.JPEG,n01798484,83,83,0.5899985,1,imagenet_c,defocus_blur,1,none
efficientnet_b4,ILSVRC2012_val_00021305.JPEG,n01798484,83,83,0.46133015,1,imagenet_c,defocus_blur,1,none
efficientnet_b4,ILSVRC2012_val_00021876.JPEG,n01798484,83,83,0.5672694,1,imagenet_c,defocus_blur,1,none
efficientnet_b4,ILSVRC2012_val_00021885.JPEG,n01798484,83,83,0.62550926,1,imagenet_c,defocus_blur,1,none
efficientnet_b4,ILSVRC2012_val_00022211.JPEG,n01798484,83,83,0.3923393,1,imagenet_c,defocus_blur,1,none
efficientnet_b4,ILSVRC2012_val_00023097.JPEG,n01798484,83,83,0.4805048,1,imagenet_c,defocus_blur,1,none
efficientnet_b4,ILSVRC2012_val_00023099.JPEG,n01798484,83,83,0.19566585,1,imagenet_c,defocus_blur,1,none
efficientnet_b4,ILSVRC2012_val_00025251.JPEG,n01798484,83,83,0.34239534,1,imagenet_c,defocus_blur,1,none
efficientnet_b4,ILSVRC2012_val_00025999.JPEG,n01798484,83,83,0.37512517,1,imagenet_c,defocus_blur,1,none
efficientnet_b4,ILSVRC2012_val_00029466.JPEG,n01798484,83,83,0.5214343,1,imagenet_c,defocus_blur,1,none
efficientnet_b4,ILSVRC2012_val_00031932.JPEG,n01798484,83,83,0.115012266,1,imagenet_c,defocus_blur,1,none
efficientnet_b4,ILSVRC2012_val_00031938.JPEG,n01798484,83,83,0.08839002,1,imagenet_c,defocus_blur,1,none
efficientnet_b4,ILSVRC2012_val_00032113.JPEG,n01798484,83,83,0.5317685,1,imagenet_c,defocus_blur,1,none
efficientnet_b4,ILSVRC2012_val_00033098.JPEG,n01798484,83,83,0.3355318,1,imagenet_c,defocus_blur,1,none
efficientnet_b4,ILSVRC2012_val_00035474.JPEG,n01798484,83,83,0.53865176,1,imagenet_c,defocus_blur,1,none
efficientnet_b4,ILSVRC2012_val_00035638.JPEG,n01798484,83,83,0.23919983,1,imagenet_c,defocus_blur,1,none
efficientnet_b4,ILSVRC2012_val_00036132.JPEG,n01798484,83,83,0.5919439,1,imagenet_c,defocus_blur,1,none
efficientnet_b4,ILSVRC2012_val_00039825.JPEG,n01798484,83,83,0.4628287,1,imagenet_c,defocus_blur,1,none
efficientnet_b4,ILSVRC2012_val_00040261.JPEG,n01798484,83,83,0.65952355,1,imagenet_c,defocus_blur,1,none
efficientnet_b4,ILSVRC2012_val_00040513.JPEG,n01798484,83,83,0.52434164,1,imagenet_c,defocus_blur,1,none
efficientnet_b4,ILSVRC2012_val_00040656.JPEG,n01798484,83,83,0.53419447,1,imagenet_c,defocus_blur,1,none
efficientnet_b4,ILSVRC2012_val_00041021.JPEG,n01798484,83,83,0.5522461,1,imagenet_c,defocus_blur,1,none
efficientnet_b4,ILSVRC2012_val_00041197.JPEG,n01798484,83,83,0.55801296,1,imagenet_c,defocus_blur,1,none
efficientnet_b4,ILSVRC2012_val_00041621.JPEG,n01798484,83,83,0.46706796,1,imagenet_c,defocus_blur,1,none
efficientnet_b4,ILSVRC2012_val_00041832.JPEG,n01798484,83,80,0.33239248,0,imagenet_c,defocus_blur,1,none
efficientnet_b4,ILSVRC2012_val_00042509.JPEG,n01798484,83,83,0.66050565,1,imagenet_c,defocus_blur,1,none
efficientnet_b4,ILSVRC2012_val_00043138.JPEG,n01798484,83,83,0.43253067,1,imagenet_c,defocus_blur,1,none
efficientnet_b4,ILSVRC2012_val_00043823.JPEG,n01798484,83,83,0.56252396,1,imagenet_c,defocus_blur,1,none
efficientnet_b4,ILSVRC2012_val_00045043.JPEG,n01798484,83,975,0.13437304,0,imagenet_c,defocus_blur,1,none
efficientnet_b4,ILSVRC2012_val_00046239.JPEG,n01798484,83,83,0.5278607,1,imagenet_c,defocus_blur,1,none
efficientnet_b4,ILSVRC2012_val_00046410.JPEG,n01798484,83,83,0.5069631,1,imagenet_c,defocus_blur,1,none
efficientnet_b4,ILSVRC2012_val_00046621.JPEG,n01798484,83,83,0.48738232,1,imagenet_c,defocus_blur,1,none
efficientnet_b4,ILSVRC2012_val_00047252.JPEG,n01798484,83,83,0.5161581,1,imagenet_c,defocus_blur,1,none
efficientnet_b4,ILSVRC2012_val_00047379.JPEG,n01798484,83,80,0.43153664,0,imagenet_c,defocus_blur,1,none
efficientnet_b4,ILSVRC2012_val_00049056.JPEG,n01798484,83,83,0.6649514,1,imagenet_c,defocus_blur,1,none
efficientnet_b4,ILSVRC2012_val_00049203.JPEG,n01798484,83,138,0.23506625,0,imagenet_c,defocus_blur,1,none
efficientnet_b4,ILSVRC2012_val_00001146.JPEG,n01806143,84,84,0.23554315,1,imagenet_c,defocus_blur,1,none
efficientnet_b4,ILSVRC2012_val_00002177.JPEG,n01806143,84,7,0.19445896,0,imagenet_c,defocus_blur,1,none
efficientnet_b4,ILSVRC2012_val_00002383.JPEG,n01806143,84,84,0.40946278,1,imagenet_c,defocus_blur,1,none
efficientnet_b4,ILSVRC2012_val_00003588.JPEG,n01806143,84,128,0.027803333,0,imagenet_c,defocus_blur,1,none
efficientnet_b4,ILSVRC2012_val_00005599.JPEG,n01806143,84,84,0.5355084,1,imagenet_c,defocus_blur,1,none
efficientnet_b4,ILSVRC2012_val_00005751.JPEG,n01806143,84,84,0.41942096,1,imagenet_c,defocus_blur,1,none
efficientnet_b4,ILSVRC2012_val_00008186.JPEG,n01806143,84,84,0.06452171,1,imagenet_c,defocus_blur,1,none
efficientnet_b4,ILSVRC2012_val_00008245.JPEG,n01806143,84,84,0.18590109,1,imagenet_c,defocus_blur,1,none
efficientnet_b4,ILSVRC2012_val_00011943.JPEG,n01806143,84,84,0.30020213,1,imagenet_c,defocus_blur,1,none
efficientnet_b4,ILSVRC2012_val_00012122.JPEG,n01806143,84,84,0.36557996,1,imagenet_c,defocus_blur,1,none
efficientnet_b4,ILSVRC2012_val_00013378.JPEG,n01806143,84,84,0.24273573,1,imagenet_c,defocus_blur,1,none
efficientnet_b4,ILSVRC2012_val_00014023.JPEG,n01806143,84,84,0.31554896,1,imagenet_c,defocus_blur,1,none
efficientnet_b4,ILSVRC2012_val_00014890.JPEG,n01806143,84,84,0.4719049,1,imagenet_c,defocus_blur,1,none
efficientnet_b4,ILSVRC2012_val_00017068.JPEG,n01806143,84,84,0.45197096,1,imagenet_c,defocus_blur,1,none
efficientnet_b4,ILSVRC2012_val_00020915.JPEG,n01806143,84,84,0.49457324,1,imagenet_c,defocus_blur,1,none
efficientnet_b4,ILSVRC2012_val_00021345.JPEG,n01806143,84,84,0.15185004,1,imagenet_c,defocus_blur,1,none
efficientnet_b4,ILSVRC2012_val_00022422.JPEG,n01806143,84,84,0.30850145,1,imagenet_c,defocus_blur,1,none
efficientnet_b4,ILSVRC2012_val_00022767.JPEG,n01806143,84,84,0.5377465,1,imagenet_c,defocus_blur,1,none
efficientnet_b4,ILSVRC2012_val_00023973.JPEG,n01806143,84,84,0.36586383,1,imagenet_c,defocus_blur,1,none
efficientnet_b4,ILSVRC2012_val_00024040.JPEG,n01806143,84,84,0.54500824,1,imagenet_c,defocus_blur,1,none
efficientnet_b4,ILSVRC2012_val_00024438.JPEG,n01806143,84,84,0.28830853,1,imagenet_c,defocus_blur,1,none
efficientnet_b4,ILSVRC2012_val_00025543.JPEG,n01806143,84,84,0.08179653,1,imagenet_c,defocus_blur,1,none
efficientnet_b4,ILSVRC2012_val_00027047.JPEG,n01806143,84,84,0.37583372,1,imagenet_c,defocus_blur,1,none
efficientnet_b4,ILSVRC2012_val_00028159.JPEG,n01806143,84,84,0.39882016,1,imagenet_c,defocus_blur,1,none
efficientnet_b4,ILSVRC2012_val_00028208.JPEG,n01806143,84,84,0.36439475,1,imagenet_c,defocus_blur,1,none
efficientnet_b4,ILSVRC2012_val_00028548.JPEG,n01806143,84,84,0.4456026,1,imagenet_c,defocus_blur,1,none
efficientnet_b4,ILSVRC2012_val_00028656.JPEG,n01806143,84,84,0.4465696,1,imagenet_c,defocus_blur,1,none
efficientnet_b4,ILSVRC2012_val_00030028.JPEG,n01806143,84,84,0.31290612,1,imagenet_c,defocus_blur,1,none
efficientnet_b4,ILSVRC2012_val_00032072.JPEG,n01806143,84,84,0.3356525,1,imagenet_c,defocus_blur,1,none
efficientnet_b4,ILSVRC2012_val_00033059.JPEG,n01806143,84,84,0.39721364,1,imagenet_c,defocus_blur,1,none
efficientnet_b4,ILSVRC2012_val_00033147.JPEG,n01806143,84,84,0.39485553,1,imagenet_c,defocus_blur,1,none
efficientnet_b4,ILSVRC2012_val_00035287.JPEG,n01806143,84,84,0.42327997,1,imagenet_c,defocus_blur,1,none
efficientnet_b4,ILSVRC2012_val_00035974.JPEG,n01806143,84,84,0.2976352,1,imagenet_c,defocus_blur,1,none
efficientnet_b4,ILSVRC2012_val_00037524.JPEG,n01806143,84,84,0.44064203,1,imagenet_c,defocus_blur,1,none
efficientnet_b4,ILSVRC2012_val_00037892.JPEG,n01806143,84,84,0.48458654,1,imagenet_c,defocus_blur,1,none
efficientnet_b4,ILSVRC2012_val_00038324.JPEG,n01806143,84,854,0.16627112,0,imagenet_c,defocus_blur,1,none
efficientnet_b4,ILSVRC2012_val_00039299.JPEG,n01806143,84,84,0.29035532,1,imagenet_c,defocus_blur,1,none
efficientnet_b4,ILSVRC2012_val_00040701.JPEG,n01806143,84,84,0.42402035,1,imagenet_c,defocus_blur,1,none
efficientnet_b4,ILSVRC2012_val_00040811.JPEG,n01806143,84,877,0.022823662,0,imagenet_c,defocus_blur,1,none
efficientnet_b4,ILSVRC2012_val_00041845.JPEG,n01806143,84,84,0.53155524,1,imagenet_c,defocus_blur,1,none
efficientnet_b4,ILSVRC2012_val_00041983.JPEG,n01806143,84,84,0.53253996,1,imagenet_c,defocus_blur,1,none
efficientnet_b4,ILSVRC2012_val_00042998.JPEG,n01806143,84,84,0.3406039,1,imagenet_c,defocus_blur,1,none
efficientnet_b4,ILSVRC2012_val_00043483.JPEG,n01806143,84,84,0.4206212,1,imagenet_c,defocus_blur,1,none
efficientnet_b4,ILSVRC2012_val_00043808.JPEG,n01806143,84,84,0.41718444,1,imagenet_c,defocus_blur,1,none
efficientnet_b4,ILSVRC2012_val_00044216.JPEG,n01806143,84,84,0.17571577,1,imagenet_c,defocus_blur,1,none
efficientnet_b4,ILSVRC2012_val_00046380.JPEG,n01806143,84,84,0.50211364,1,imagenet_c,defocus_blur,1,none
efficientnet_b4,ILSVRC2012_val_00046958.JPEG,n01806143,84,84,0.4851977,1,imagenet_c,defocus_blur,1,none
efficientnet_b4,ILSVRC2012_val_00048700.JPEG,n01806143,84,84,0.35009235,1,imagenet_c,defocus_blur,1,none
efficientnet_b4,ILSVRC2012_val_00049584.JPEG,n01806143,84,84,0.028942995,1,imagenet_c,defocus_blur,1,none
efficientnet_b4,ILSVRC2012_val_00049665.JPEG,n01806143,84,21,0.15965174,0,imagenet_c,defocus_blur,1,none
efficientnet_b4,ILSVRC2012_val_00003015.JPEG,n01806567,85,85,0.5017,1,imagenet_c,defocus_blur,1,none
efficientnet_b4,ILSVRC2012_val_00003833.JPEG,n01806567,85,85,0.3978968,1,imagenet_c,defocus_blur,1,none
efficientnet_b4,ILSVRC2012_val_00007630.JPEG,n01806567,85,85,0.75425434,1,imagenet_c,defocus_blur,1,none
efficientnet_b4,ILSVRC2012_val_00009852.JPEG,n01806567,85,83,0.21382505,0,imagenet_c,defocus_blur,1,none
efficientnet_b4,ILSVRC2012_val_00010714.JPEG,n01806567,85,85,0.3248986,1,imagenet_c,defocus_blur,1,none
efficientnet_b4,ILSVRC2012_val_00012223.JPEG,n01806567,85,85,0.64618725,1,imagenet_c,defocus_blur,1,none
efficientnet_b4,ILSVRC2012_val_00013229.JPEG,n01806567,85,85,0.47166976,1,imagenet_c,defocus_blur,1,none
efficientnet_b4,ILSVRC2012_val_00013364.JPEG,n01806567,85,82,0.12769742,0,imagenet_c,defocus_blur,1,none
efficientnet_b4,ILSVRC2012_val_00015987.JPEG,n01806567,85,85,0.552321,1,imagenet_c,defocus_blur,1,none
efficientnet_b4,ILSVRC2012_val_00016421.JPEG,n01806567,85,85,0.28295606,1,imagenet_c,defocus_blur,1,none
efficientnet_b4,ILSVRC2012_val_00016887.JPEG,n01806567,85,86,0.24944462,0,imagenet_c,defocus_blur,1,none
efficientnet_b4,ILSVRC2012_val_00017767.JPEG,n01806567,85,85,0.36555955,1,imagenet_c,defocus_blur,1,none
efficientnet_b4,ILSVRC2012_val_00018134.JPEG,n01806567,85,85,0.23874941,1,imagenet_c,defocus_blur,1,none
efficientnet_b4,ILSVRC2012_val_00018248.JPEG,n01806567,85,85,0.31168285,1,imagenet_c,defocus_blur,1,none
efficientnet_b4,ILSVRC2012_val_00018648.JPEG,n01806567,85,353,0.020533541,0,imagenet_c,defocus_blur,1,none
efficientnet_b4,ILSVRC2012_val_00022619.JPEG,n01806567,85,85,0.12840028,1,imagenet_c,defocus_blur,1,none
efficientnet_b4,ILSVRC2012_val_00024172.JPEG,n01806567,85,85,0.34445858,1,imagenet_c,defocus_blur,1,none
efficientnet_b4,ILSVRC2012_val_00026021.JPEG,n01806567,85,85,0.5199892,1,imagenet_c,defocus_blur,1,none
efficientnet_b4,ILSVRC2012_val_00026481.JPEG,n01806567,85,85,0.6110759,1,imagenet_c,defocus_blur,1,none
efficientnet_b4,ILSVRC2012_val_00028414.JPEG,n01806567,85,85,0.36546338,1,imagenet_c,defocus_blur,1,none
efficientnet_b4,ILSVRC2012_val_00028529.JPEG,n01806567,85,85,0.5450524,1,imagenet_c,defocus_blur,1,none
efficientnet_b4,ILSVRC2012_val_00028765.JPEG,n01806567,85,85,0.6434617,1,imagenet_c,defocus_blur,1,none
efficientnet_b4,ILSVRC2012_val_00029972.JPEG,n01806567,85,85,0.383399,1,imagenet_c,defocus_blur,1,none
efficientnet_b4,ILSVRC2012_val_00031776.JPEG,n01806567,85,85,0.24414204,1,imagenet_c,defocus_blur,1,none
efficientnet_b4,ILSVRC2012_val_00032344.JPEG,n01806567,85,86,0.17360622,0,imagenet_c,defocus_blur,1,none
efficientnet_b4,ILSVRC2012_val_00033162.JPEG,n01806567,85,85,0.45067245,1,imagenet_c,defocus_blur,1,none
efficientnet_b4,ILSVRC2012_val_00034330.JPEG,n01806567,85,85,0.399242,1,imagenet_c,defocus_blur,1,none
efficientnet_b4,ILSVRC2012_val_00034349.JPEG,n01806567,85,85,0.6669249,1,imagenet_c,defocus_blur,1,none
efficientnet_b4,ILSVRC2012_val_00035250.JPEG,n01806567,85,85,0.6143736,1,imagenet_c,defocus_blur,1,none
efficientnet_b4,ILSVRC2012_val_00035426.JPEG,n01806567,85,85,0.39141935,1,imagenet_c,defocus_blur,1,none
efficientnet_b4,ILSVRC2012_val_00035625.JPEG,n01806567,85,85,0.34963155,1,imagenet_c,defocus_blur,1,none
efficientnet_b4,ILSVRC2012_val_00035938.JPEG,n01806567,85,85,0.5509883,1,imagenet_c,defocus_blur,1,none
efficientnet_b4,ILSVRC2012_val_00035989.JPEG,n01806567,85,85,0.3705025,1,imagenet_c,defocus_blur,1,none
efficientnet_b4,ILSVRC2012_val_00036845.JPEG,n01806567,85,85,0.18887715,1,imagenet_c,defocus_blur,1,none
efficientnet_b4,ILSVRC2012_val_00036874.JPEG,n01806567,85,85,0.43083113,1,imagenet_c,defocus_blur,1,none
efficientnet_b4,ILSVRC2012_val_00037852.JPEG,n01806567,85,85,0.66574496,1,imagenet_c,defocus_blur,1,none
efficientnet_b4,ILSVRC2012_val_00038736.JPEG,n01806567,85,85,0.7178626,1,imagenet_c,defocus_blur,1,none
efficientnet_b4,ILSVRC2012_val_00039883.JPEG,n01806567,85,85,0.46818373,1,imagenet_c,defocus_blur,1,none
efficientnet_b4,ILSVRC2012_val_00040002.JPEG,n01806567,85,85,0.6699622,1,imagenet_c,defocus_blur,1,none
efficientnet_b4,ILSVRC2012_val_00040056.JPEG,n01806567,85,85,0.36970702,1,imagenet_c,defocus_blur,1,none
efficientnet_b4,ILSVRC2012_val_00040803.JPEG,n01806567,85,85,0.34729567,1,imagenet_c,defocus_blur,1,none
efficientnet_b4,ILSVRC2012_val_00041960.JPEG,n01806567,85,85,0.40392584,1,imagenet_c,defocus_blur,1,none
efficientnet_b4,ILSVRC2012_val_00043158.JPEG,n01806567,85,85,0.16547692,1,imagenet_c,defocus_blur,1,none
efficientnet_b4,ILSVRC2012_val_00043462.JPEG,n01806567,85,85,0.113737024,1,imagenet_c,defocus_blur,1,none
efficientnet_b4,ILSVRC2012_val_00043633.JPEG,n01806567,85,85,0.3418879,1,imagenet_c,defocus_blur,1,none
efficientnet_b4,ILSVRC2012_val_00043990.JPEG,n01806567,85,85,0.486628,1,imagenet_c,defocus_blur,1,none
efficientnet_b4,ILSVRC2012_val_00045234.JPEG,n01806567,85,85,0.23832329,1,imagenet_c,defocus_blur,1,none
efficientnet_b4,ILSVRC2012_val_00046089.JPEG,n01806567,85,85,0.42133656,1,imagenet_c,defocus_blur,1,none
efficientnet_b4,ILSVRC2012_val_00047472.JPEG,n01806567,85,85,0.40004838,1,imagenet_c,defocus_blur,1,none
efficientnet_b4,ILSVRC2012_val_00048907.JPEG,n01806567,85,85,0.48428988,1,imagenet_c,defocus_blur,1,none
efficientnet_b4,ILSVRC2012_val_00000576.JPEG,n01807496,86,86,0.3769044,1,imagenet_c,defocus_blur,1,none
efficientnet_b4,ILSVRC2012_val_00001480.JPEG,n01807496,86,86,0.3684426,1,imagenet_c,defocus_blur,1,none
efficientnet_b4,ILSVRC2012_val_00001563.JPEG,n01807496,86,86,0.39182353,1,imagenet_c,defocus_blur,1,none
efficientnet_b4,ILSVRC2012_val_00003676.JPEG,n01807496,86,86,0.5752409,1,imagenet_c,defocus_blur,1,none
efficientnet_b4,ILSVRC2012_val_00004012.JPEG,n01807496,86,86,0.33475685,1,imagenet_c,defocus_blur,1,none
efficientnet_b4,ILSVRC2012_val_00006075.JPEG,n01807496,86,86,0.37263986,1,imagenet_c,defocus_blur,1,none
efficientnet_b4,ILSVRC2012_val_00009226.JPEG,n01807496,86,86,0.55822444,1,imagenet_c,defocus_blur,1,none
efficientnet_b4,ILSVRC2012_val_00010090.JPEG,n01807496,86,86,0.3348766,1,imagenet_c,defocus_blur,1,none
efficientnet_b4,ILSVRC2012_val_00011399.JPEG,n01807496,86,86,0.51188827,1,imagenet_c,defocus_blur,1,none
efficientnet_b4,ILSVRC2012_val_00011851.JPEG,n01807496,86,712,0.4154731,0,imagenet_c,defocus_blur,1,none
efficientnet_b4,ILSVRC2012_val_00013111.JPEG,n01807496,86,86,0.38332018,1,imagenet_c,defocus_blur,1,none
efficientnet_b4,ILSVRC2012_val_00019750.JPEG,n01807496,86,86,0.5228395,1,imagenet_c,defocus_blur,1,none
efficientnet_b4,ILSVRC2012_val_00019787.JPEG,n01807496,86,86,0.24624072,1,imagenet_c,defocus_blur,1,none
efficientnet_b4,ILSVRC2012_val_00021090.JPEG,n01807496,86,82,0.14724965,0,imagenet_c,defocus_blur,1,none
efficientnet_b4,ILSVRC2012_val_00021474.JPEG,n01807496,86,86,0.27906606,1,imagenet_c,defocus_blur,1,none
efficientnet_b4,ILSVRC2012_val_00022866.JPEG,n01807496,86,86,0.34824604,1,imagenet_c,defocus_blur,1,none
efficientnet_b4,ILSVRC2012_val_00023021.JPEG,n01807496,86,86,0.31792304,1,imagenet_c,defocus_blur,1,none
efficientnet_b4,ILSVRC2012_val_00023637.JPEG,n01807496,86,86,0.44824642,1,imagenet_c,defocus_blur,1,none
efficientnet_b4,ILSVRC2012_val_00025495.JPEG,n01807496,86,86,0.44211945,1,imagenet_c,defocus_blur,1,none
efficientnet_b4,ILSVRC2012_val_00026168.JPEG,n01807496,86,86,0.5088001,1,imagenet_c,defocus_blur,1,none
efficientnet_b4,ILSVRC2012_val_00028573.JPEG,n01807496,86,86,0.51680726,1,imagenet_c,defocus_blur,1,none
efficientnet_b4,ILSVRC2012_val_00029297.JPEG,n01807496,86,86,0.43523264,1,imagenet_c,defocus_blur,1,none
efficientnet_b4,ILSVRC2012_val_00030837.JPEG,n01807496,86,86,0.16990674,1,imagenet_c,defocus_blur,1,none
efficientnet_b4,ILSVRC2012_val_00031806.JPEG,n01807496,86,80,0.08830827,0,imagenet_c,defocus_blur,1,none
efficientnet_b4,ILSVRC2012_val_00032409.JPEG,n01807496,86,86,0.68186516,1,imagenet_c,defocus_blur,1,none
efficientnet_b4,ILSVRC2012_val_00033708.JPEG,n01807496,86,86,0.5198098,1,imagenet_c,defocus_blur,1,none
efficientnet_b4,ILSVRC2012_val_00034512.JPEG,n01807496,86,85,0.27257237,0,imagenet_c,defocus_blur,1,none
efficientnet_b4,ILSVRC2012_val_00034536.JPEG,n01807496,86,86,0.27215898,1,imagenet_c,defocus_blur,1,none
efficientnet_b4,ILSVRC2012_val_00035476.JPEG,n01807496,86,86,0.48838714,1,imagenet_c,defocus_blur,1,none
efficientnet_b4,ILSVRC2012_val_00036552.JPEG,n01807496,86,80,0.17945738,0,imagenet_c,defocus_blur,1,none
efficientnet_b4,ILSVRC2012_val_00036675.JPEG,n01807496,86,86,0.5403401,1,imagenet_c,defocus_blur,1,none
efficientnet_b4,ILSVRC2012_val_00037024.JPEG,n01807496,86,23,0.33070523,0,imagenet_c,defocus_blur,1,none
efficientnet_b4,ILSVRC2012_val_00038023.JPEG,n01807496,86,86,0.33287206,1,imagenet_c,defocus_blur,1,none
efficientnet_b4,ILSVRC2012_val_00039266.JPEG,n01807496,86,86,0.36434227,1,imagenet_c,defocus_blur,1,none
efficientnet_b4,ILSVRC2012_val_00039412.JPEG,n01807496,86,293,0.11156886,0,imagenet_c,defocus_blur,1,none
efficientnet_b4,ILSVRC2012_val_00040524.JPEG,n01807496,86,86,0.4806671,1,imagenet_c,defocus_blur,1,none
efficientnet_b4,ILSVRC2012_val_00040859.JPEG,n01807496,86,86,0.5381682,1,imagenet_c,defocus_blur,1,none
efficientnet_b4,ILSVRC2012_val_00041361.JPEG,n01807496,86,86,0.30839583,1,imagenet_c,defocus_blur,1,none
efficientnet_b4,ILSVRC2012_val_00041577.JPEG,n01807496,86,85,0.4696135,0,imagenet_c,defocus_blur,1,none
efficientnet_b4,ILSVRC2012_val_00042021.JPEG,n01807496,86,86,0.33520702,1,imagenet_c,defocus_blur,1,none
efficientnet_b4,ILSVRC2012_val_00042564.JPEG,n01807496,86,86,0.5117909,1,imagenet_c,defocus_blur,1,none
efficientnet_b4,ILSVRC2012_val_00043041.JPEG,n01807496,86,86,0.5426578,1,imagenet_c,defocus_blur,1,none
efficientnet_b4,ILSVRC2012_val_00044891.JPEG,n01807496,86,86,0.3817215,1,imagenet_c,defocus_blur,1,none
efficientnet_b4,ILSVRC2012_val_00045503.JPEG,n01807496,86,86,0.43636972,1,imagenet_c,defocus_blur,1,none
efficientnet_b4,ILSVRC2012_val_00046609.JPEG,n01807496,86,81,0.35457656,0,imagenet_c,defocus_blur,1,none
efficientnet_b4,ILSVRC2012_val_00047397.JPEG,n01807496,86,86,0.35778332,1,imagenet_c,defocus_blur,1,none
efficientnet_b4,ILSVRC2012_val_00048601.JPEG,n01807496,86,82,0.3884759,0,imagenet_c,defocus_blur,1,none
efficientnet_b4,ILSVRC2012_val_00048722.JPEG,n01807496,86,86,0.33764887,1,imagenet_c,defocus_blur,1,none
efficientnet_b4,ILSVRC2012_val_00048846.JPEG,n01807496,86,86,0.21612231,1,imagenet_c,defocus_blur,1,none
efficientnet_b4,ILSVRC2012_val_00049353.JPEG,n01807496,86,138,0.09655969,0,imagenet_c,defocus_blur,1,none
efficientnet_b4,ILSVRC2012_val_00001629.JPEG,n01817953,87,87,0.5392864,1,imagenet_c,defocus_blur,1,none
efficientnet_b4,ILSVRC2012_val_00001856.JPEG,n01817953,87,87,0.51893353,1,imagenet_c,defocus_blur,1,none
efficientnet_b4,ILSVRC2012_val_00002791.JPEG,n01817953,87,87,0.77516025,1,imagenet_c,defocus_blur,1,none
efficientnet_b4,ILSVRC2012_val_00002802.JPEG,n01817953,87,87,0.35843056,1,imagenet_c,defocus_blur,1,none
efficientnet_b4,ILSVRC2012_val_00004503.JPEG,n01817953,87,87,0.6335776,1,imagenet_c,defocus_blur,1,none
efficientnet_b4,ILSVRC2012_val_00006449.JPEG,n01817953,87,87,0.694994,1,imagenet_c,defocus_blur,1,none
efficientnet_b4,ILSVRC2012_val_00007591.JPEG,n01817953,87,87,0.44508642,1,imagenet_c,defocus_blur,1,none
efficientnet_b4,ILSVRC2012_val_00007932.JPEG,n01817953,87,87,0.5491536,1,imagenet_c,defocus_blur,1,none
efficientnet_b4,ILSVRC2012_val_00008566.JPEG,n01817953,87,87,0.69988793,1,imagenet_c,defocus_blur,1,none
efficientnet_b4,ILSVRC2012_val_00009194.JPEG,n01817953,87,87,0.52990043,1,imagenet_c,defocus_blur,1,none
efficientnet_b4,ILSVRC2012_val_00009562.JPEG,n01817953,87,87,0.5228209,1,imagenet_c,defocus_blur,1,none
efficientnet_b4,ILSVRC2012_val_00012003.JPEG,n01817953,87,87,0.56330544,1,imagenet_c,defocus_blur,1,none
efficientnet_b4,ILSVRC2012_val_00013008.JPEG,n01817953,87,466,0.11026128,0,imagenet_c,defocus_blur,1,none
efficientnet_b4,ILSVRC2012_val_00013220.JPEG,n01817953,87,87,0.68271697,1,imagenet_c,defocus_blur,1,none
efficientnet_b4,ILSVRC2012_val_00015324.JPEG,n01817953,87,87,0.49558163,1,imagenet_c,defocus_blur,1,none
efficientnet_b4,ILSVRC2012_val_00015799.JPEG,n01817953,87,87,0.4130095,1,imagenet_c,defocus_blur,1,none
efficientnet_b4,ILSVRC2012_val_00017242.JPEG,n01817953,87,87,0.58754414,1,imagenet_c,defocus_blur,1,none
efficientnet_b4,ILSVRC2012_val_00018273.JPEG,n01817953,87,87,0.54480606,1,imagenet_c,defocus_blur,1,none
efficientnet_b4,ILSVRC2012_val_00018412.JPEG,n01817953,87,87,0.47471747,1,imagenet_c,defocus_blur,1,none
efficientnet_b4,ILSVRC2012_val_00018428.JPEG,n01817953,87,87,0.61730915,1,imagenet_c,defocus_blur,1,none
efficientnet_b4,ILSVRC2012_val_00018644.JPEG,n01817953,87,87,0.59299016,1,imagenet_c,defocus_blur,1,none
efficientnet_b4,ILSVRC2012_val_00018742.JPEG,n01817953,87,87,0.4443388,1,imagenet_c,defocus_blur,1,none
efficientnet_b4,ILSVRC2012_val_00022691.JPEG,n01817953,87,87,0.50912666,1,imagenet_c,defocus_blur,1,none
efficientnet_b4,ILSVRC2012_val_00023342.JPEG,n01817953,87,87,0.66048545,1,imagenet_c,defocus_blur,1,none
efficientnet_b4,ILSVRC2012_val_00023500.JPEG,n01817953,87,87,0.49721396,1,imagenet_c,defocus_blur,1,none
efficientnet_b4,ILSVRC2012_val_00024592.JPEG,n01817953,87,840,0.14906085,0,imagenet_c,defocus_blur,1,none
efficientnet_b4,ILSVRC2012_val_00026244.JPEG,n01817953,87,87,0.4554783,1,imagenet_c,defocus_blur,1,none
efficientnet_b4,ILSVRC2012_val_00027486.JPEG,n01817953,87,87,0.61474293,1,imagenet_c,defocus_blur,1,none
efficientnet_b4,ILSVRC2012_val_00028862.JPEG,n01817953,87,87,0.58482313,1,imagenet_c,defocus_blur,1,none
efficientnet_b4,ILSVRC2012_val_00029472.JPEG,n01817953,87,87,0.94869006,1,imagenet_c,defocus_blur,1,none
efficientnet_b4,ILSVRC2012_val_00032128.JPEG,n01817953,87,87,0.6325386,1,imagenet_c,defocus_blur,1,none
efficientnet_b4,ILSVRC2012_val_00032141.JPEG,n01817953,87,509,0.14143543,0,imagenet_c,defocus_blur,1,none
efficientnet_b4,ILSVRC2012_val_00034652.JPEG,n01817953,87,702,0.03420944,0,imagenet_c,defocus_blur,1,none
efficientnet_b4,ILSVRC2012_val_00035096.JPEG,n01817953,87,87,0.46462062,1,imagenet_c,defocus_blur,1,none
efficientnet_b4,ILSVRC2012_val_00036126.JPEG,n01817953,87,87,0.34177634,1,imagenet_c,defocus_blur,1,none
efficientnet_b4,ILSVRC2012_val_00036287.JPEG,n01817953,87,87,0.5365438,1,imagenet_c,defocus_blur,1,none
efficientnet_b4,ILSVRC2012_val_00036337.JPEG,n01817953,87,87,0.56767535,1,imagenet_c,defocus_blur,1,none
efficientnet_b4,ILSVRC2012_val_00038169.JPEG,n01817953,87,87,0.5114139,1,imagenet_c,defocus_blur,1,none
efficientnet_b4,ILSVRC2012_val_00038553.JPEG,n01817953,87,424,0.035718787,0,imagenet_c,defocus_blur,1,none
efficientnet_b4,ILSVRC2012_val_00040168.JPEG,n01817953,87,87,0.5635736,1,imagenet_c,defocus_blur,1,none
efficientnet_b4,ILSVRC2012_val_00042226.JPEG,n01817953,87,87,0.7324914,1,imagenet_c,defocus_blur,1,none
efficientnet_b4,ILSVRC2012_val_00043062.JPEG,n01817953,87,87,0.5578608,1,imagenet_c,defocus_blur,1,none
efficientnet_b4,ILSVRC2012_val_00044505.JPEG,n01817953,87,87,0.26244324,1,imagenet_c,defocus_blur,1,none
efficientnet_b4,ILSVRC2012_val_00044761.JPEG,n01817953,87,87,0.44699007,1,imagenet_c,defocus_blur,1,none
efficientnet_b4,ILSVRC2012_val_00044884.JPEG,n01817953,87,87,0.39291257,1,imagenet_c,defocus_blur,1,none
efficientnet_b4,ILSVRC2012_val_00045125.JPEG,n01817953,87,87,0.55751956,1,imagenet_c,defocus_blur,1,none
efficientnet_b4,ILSVRC2012_val_00045913.JPEG,n01817953,87,87,0.50195664,1,imagenet_c,defocus_blur,1,none
efficientnet_b4,ILSVRC2012_val_00049265.JPEG,n01817953,87,87,0.6329875,1,imagenet_c,defocus_blur,1,none
efficientnet_b4,ILSVRC2012_val_00049313.JPEG,n01817953,87,392,0.11333734,0,imagenet_c,defocus_blur,1,none
efficientnet_b4,ILSVRC2012_val_00049962.JPEG,n01817953,87,87,0.3718433,1,imagenet_c,defocus_blur,1,none
efficientnet_b4,ILSVRC2012_val_00001163.JPEG,n01818515,88,88,0.42261973,1,imagenet_c,defocus_blur,1,none
efficientnet_b4,ILSVRC2012_val_00003743.JPEG,n01818515,88,88,0.57998234,1,imagenet_c,defocus_blur,1,none
efficientnet_b4,ILSVRC2012_val_00003823.JPEG,n01818515,88,88,0.7347509,1,imagenet_c,defocus_blur,1,none
efficientnet_b4,ILSVRC2012_val_00003987.JPEG,n01818515,88,88,0.5591578,1,imagenet_c,defocus_blur,1,none
efficientnet_b4,ILSVRC2012_val_00004944.JPEG,n01818515,88,88,0.8169202,1,imagenet_c,defocus_blur,1,none
efficientnet_b4,ILSVRC2012_val_00007081.JPEG,n01818515,88,88,0.5899743,1,imagenet_c,defocus_blur,1,none
efficientnet_b4,ILSVRC2012_val_00007156.JPEG,n01818515,88,24,0.13835333,0,imagenet_c,defocus_blur,1,none
efficientnet_b4,ILSVRC2012_val_00007168.JPEG,n01818515,88,88,0.5417376,1,imagenet_c,defocus_blur,1,none
efficientnet_b4,ILSVRC2012_val_00007474.JPEG,n01818515,88,88,0.05782581,1,imagenet_c,defocus_blur,1,none
efficientnet_b4,ILSVRC2012_val_00007576.JPEG,n01818515,88,88,0.6554665,1,imagenet_c,defocus_blur,1,none
efficientnet_b4,ILSVRC2012_val_00009091.JPEG,n01818515,88,88,0.5240938,1,imagenet_c,defocus_blur,1,none
efficientnet_b4,ILSVRC2012_val_00009146.JPEG,n01818515,88,88,0.51067644,1,imagenet_c,defocus_blur,1,none
efficientnet_b4,ILSVRC2012_val_00009811.JPEG,n01818515,88,88,0.6962894,1,imagenet_c,defocus_blur,1,none
efficientnet_b4,ILSVRC2012_val_00009857.JPEG,n01818515,88,88,0.43497935,1,imagenet_c,defocus_blur,1,none
efficientnet_b4,ILSVRC2012_val_00010477.JPEG,n01818515,88,88,0.35379744,1,imagenet_c,defocus_blur,1,none
efficientnet_b4,ILSVRC2012_val_00012586.JPEG,n01818515,88,88,0.6700701,1,imagenet_c,defocus_blur,1,none
efficientnet_b4,ILSVRC2012_val_00012864.JPEG,n01818515,88,88,0.5281865,1,imagenet_c,defocus_blur,1,none
efficientnet_b4,ILSVRC2012_val_00013768.JPEG,n01818515,88,88,0.6033751,1,imagenet_c,defocus_blur,1,none
efficientnet_b4,ILSVRC2012_val_00017029.JPEG,n01818515,88,88,0.5958343,1,imagenet_c,defocus_blur,1,none
efficientnet_b4,ILSVRC2012_val_00018993.JPEG,n01818515,88,88,0.56276953,1,imagenet_c,defocus_blur,1,none
efficientnet_b4,ILSVRC2012_val_00021663.JPEG,n01818515,88,21,0.76445997,0,imagenet_c,defocus_blur,1,none
efficientnet_b4,ILSVRC2012_val_00022355.JPEG,n01818515,88,88,0.488086,1,imagenet_c,defocus_blur,1,none
efficientnet_b4,ILSVRC2012_val_00022745.JPEG,n01818515,88,88,0.5242855,1,imagenet_c,defocus_blur,1,none
efficientnet_b4,ILSVRC2012_val_00024381.JPEG,n01818515,88,971,0.267053,0,imagenet_c,defocus_blur,1,none
efficientnet_b4,ILSVRC2012_val_00025872.JPEG,n01818515,88,88,0.586155,1,imagenet_c,defocus_blur,1,none
efficientnet_b4,ILSVRC2012_val_00026141.JPEG,n01818515,88,88,0.5797427,1,imagenet_c,defocus_blur,1,none
efficientnet_b4,ILSVRC2012_val_00027656.JPEG,n01818515,88,88,0.5880903,1,imagenet_c,defocus_blur,1,none
efficientnet_b4,ILSVRC2012_val_00029210.JPEG,n01818515,88,88,0.5533428,1,imagenet_c,defocus_blur,1,none
efficientnet_b4,ILSVRC2012_val_00029991.JPEG,n01818515,88,88,0.53783447,1,imagenet_c,defocus_blur,1,none
efficientnet_b4,ILSVRC2012_val_00030148.JPEG,n01818515,88,88,0.60000044,1,imagenet_c,defocus_blur,1,none
efficientnet_b4,ILSVRC2012_val_00030397.JPEG,n01818515,88,88,0.6537002,1,imagenet_c,defocus_blur,1,none
efficientnet_b4,ILSVRC2012_val_00031392.JPEG,n01818515,88,88,0.5196037,1,imagenet_c,defocus_blur,1,none
efficientnet_b4,ILSVRC2012_val_00032473.JPEG,n01818515,88,88,0.71292293,1,imagenet_c,defocus_blur,1,none
efficientnet_b4,ILSVRC2012_val_00033078.JPEG,n01818515,88,88,0.6267571,1,imagenet_c,defocus_blur,1,none
efficientnet_b4,ILSVRC2012_val_00034347.JPEG,n01818515,88,88,0.47726586,1,imagenet_c,defocus_blur,1,none
efficientnet_b4,ILSVRC2012_val_00036361.JPEG,n01818515,88,88,0.6830706,1,imagenet_c,defocus_blur,1,none
efficientnet_b4,ILSVRC2012_val_00036744.JPEG,n01818515,88,88,0.52634096,1,imagenet_c,defocus_blur,1,none
efficientnet_b4,ILSVRC2012_val_00036879.JPEG,n01818515,88,88,0.62509626,1,imagenet_c,defocus_blur,1,none
efficientnet_b4,ILSVRC2012_val_00037188.JPEG,n01818515,88,88,0.6691499,1,imagenet_c,defocus_blur,1,none
efficientnet_b4,ILSVRC2012_val_00040183.JPEG,n01818515,88,88,0.65808994,1,imagenet_c,defocus_blur,1,none
efficientnet_b4,ILSVRC2012_val_00040359.JPEG,n01818515,88,88,0.5431521,1,imagenet_c,defocus_blur,1,none
efficientnet_b4,ILSVRC2012_val_00041556.JPEG,n01818515,88,88,0.6269469,1,imagenet_c,defocus_blur,1,none
efficientnet_b4,ILSVRC2012_val_00042071.JPEG,n01818515,88,88,0.57505834,1,imagenet_c,defocus_blur,1,none
efficientnet_b4,ILSVRC2012_val_00043794.JPEG,n01818515,88,88,0.45353544,1,imagenet_c,defocus_blur,1,none
efficientnet_b4,ILSVRC2012_val_00046534.JPEG,n01818515,88,88,0.44389373,1,imagenet_c,defocus_blur,1,none
efficientnet_b4,ILSVRC2012_val_00047547.JPEG,n01818515,88,88,0.8343634,1,imagenet_c,defocus_blur,1,none
efficientnet_b4,ILSVRC2012_val_00047587.JPEG,n01818515,88,88,0.5274742,1,imagenet_c,defocus_blur,1,none
efficientnet_b4,ILSVRC2012_val_00047696.JPEG,n01818515,88,88,0.5949198,1,imagenet_c,defocus_blur,1,none
efficientnet_b4,ILSVRC2012_val_00048027.JPEG,n01818515,88,88,0.4139498,1,imagenet_c,defocus_blur,1,none
efficientnet_b4,ILSVRC2012_val_00048265.JPEG,n01818515,88,88,0.524714,1,imagenet_c,defocus_blur,1,none
efficientnet_b4,ILSVRC2012_val_00001288.JPEG,n01819313,89,89,0.6509051,1,imagenet_c,defocus_blur,1,none
efficientnet_b4,ILSVRC2012_val_00001435.JPEG,n01819313,89,89,0.7553121,1,imagenet_c,defocus_blur,1,none
efficientnet_b4,ILSVRC2012_val_00002172.JPEG,n01819313,89,89,0.3859351,1,imagenet_c,defocus_blur,1,none
efficientnet_b4,ILSVRC2012_val_00002467.JPEG,n01819313,89,89,0.5094758,1,imagenet_c,defocus_blur,1,none
efficientnet_b4,ILSVRC2012_val_00003068.JPEG,n01819313,89,89,0.45350152,1,imagenet_c,defocus_blur,1,none
efficientnet_b4,ILSVRC2012_val_00003707.JPEG,n01819313,89,89,0.48966524,1,imagenet_c,defocus_blur,1,none
efficientnet_b4,ILSVRC2012_val_00006687.JPEG,n01819313,89,89,0.13715269,1,imagenet_c,defocus_blur,1,none
efficientnet_b4,ILSVRC2012_val_00007871.JPEG,n01819313,89,89,0.22124009,1,imagenet_c,defocus_blur,1,none
efficientnet_b4,ILSVRC2012_val_00009870.JPEG,n01819313,89,89,0.542892,1,imagenet_c,defocus_blur,1,none
efficientnet_b4,ILSVRC2012_val_00011222.JPEG,n01819313,89,89,0.4899943,1,imagenet_c,defocus_blur,1,none
efficientnet_b4,ILSVRC2012_val_00011554.JPEG,n01819313,89,89,0.5547346,1,imagenet_c,defocus_blur,1,none
efficientnet_b4,ILSVRC2012_val_00013521.JPEG,n01819313,89,89,0.4592683,1,imagenet_c,defocus_blur,1,none
efficientnet_b4,ILSVRC2012_val_00013822.JPEG,n01819313,89,89,0.57315326,1,imagenet_c,defocus_blur,1,none
efficientnet_b4,ILSVRC2012_val_00013863.JPEG,n01819313,89,89,0.27905947,1,imagenet_c,defocus_blur,1,none
efficientnet_b4,ILSVRC2012_val_00016350.JPEG,n01819313,89,89,0.49353126,1,imagenet_c,defocus_blur,1,none
efficientnet_b4,ILSVRC2012_val_00018156.JPEG,n01819313,89,89,0.49232775,1,imagenet_c,defocus_blur,1,none
efficientnet_b4,ILSVRC2012_val_00019123.JPEG,n01819313,89,89,0.5035173,1,imagenet_c,defocus_blur,1,none
efficientnet_b4,ILSVRC2012_val_00019328.JPEG,n01819313,89,89,0.5084713,1,imagenet_c,defocus_blur,1,none
efficientnet_b4,ILSVRC2012_val_00020514.JPEG,n01819313,89,383,0.053836472,0,imagenet_c,defocus_blur,1,none
efficientnet_b4,ILSVRC2012_val_00020920.JPEG,n01819313,89,21,0.3538959,0,imagenet_c,defocus_blur,1,none
efficientnet_b4,ILSVRC2012_val_00022806.JPEG,n01819313,89,89,0.500129,1,imagenet_c,defocus_blur,1,none
efficientnet_b4,ILSVRC2012_val_00023118.JPEG,n01819313,89,89,0.48029283,1,imagenet_c,defocus_blur,1,none
efficientnet_b4,ILSVRC2012_val_00023347.JPEG,n01819313,89,89,0.60946333,1,imagenet_c,defocus_blur,1,none
efficientnet_b4,ILSVRC2012_val_00023805.JPEG,n01819313,89,89,0.5362874,1,imagenet_c,defocus_blur,1,none
efficientnet_b4,ILSVRC2012_val_00024030.JPEG,n01819313,89,704,0.02039244,0,imagenet_c,defocus_blur,1,none
efficientnet_b4,ILSVRC2012_val_00025262.JPEG,n01819313,89,21,0.09183789,0,imagenet_c,defocus_blur,1,none
efficientnet_b4,ILSVRC2012_val_00028007.JPEG,n01819313,89,89,0.549132,1,imagenet_c,defocus_blur,1,none
efficientnet_b4,ILSVRC2012_val_00028667.JPEG,n01819313,89,89,0.5355804,1,imagenet_c,defocus_blur,1,none
efficientnet_b4,ILSVRC2012_val_00030734.JPEG,n01819313,89,89,0.40696752,1,imagenet_c,defocus_blur,1,none
efficientnet_b4,ILSVRC2012_val_00032843.JPEG,n01819313,89,21,0.23981038,0,imagenet_c,defocus_blur,1,none
efficientnet_b4,ILSVRC2012_val_00033479.JPEG,n01819313,89,89,0.10146301,1,imagenet_c,defocus_blur,1,none
efficientnet_b4,ILSVRC2012_val_00034129.JPEG,n01819313,89,89,0.6131652,1,imagenet_c,defocus_blur,1,none
efficientnet_b4,ILSVRC2012_val_00036835.JPEG,n01819313,89,89,0.5913511,1,imagenet_c,defocus_blur,1,none
efficientnet_b4,ILSVRC2012_val_00038681.JPEG,n01819313,89,89,0.49533013,1,imagenet_c,defocus_blur,1,none
efficientnet_b4,ILSVRC2012_val_00040072.JPEG,n01819313,89,413,0.22497754,0,imagenet_c,defocus_blur,1,none
efficientnet_b4,ILSVRC2012_val_00040129.JPEG,n01819313,89,89,0.48605722,1,imagenet_c,defocus_blur,1,none
efficientnet_b4,ILSVRC2012_val_00040848.JPEG,n01819313,89,799,0.15877938,0,imagenet_c,defocus_blur,1,none
efficientnet_b4,ILSVRC2012_val_00041041.JPEG,n01819313,89,89,0.6080704,1,imagenet_c,defocus_blur,1,none
efficientnet_b4,ILSVRC2012_val_00042665.JPEG,n01819313,89,89,0.49295145,1,imagenet_c,defocus_blur,1,none
efficientnet_b4,ILSVRC2012_val_00043395.JPEG,n01819313,89,89,0.38097063,1,imagenet_c,defocus_blur,1,none
efficientnet_b4,ILSVRC2012_val_00043975.JPEG,n01819313,89,89,0.62261057,1,imagenet_c,defocus_blur,1,none
efficientnet_b4,ILSVRC2012_val_00044363.JPEG,n01819313,89,89,0.619613,1,imagenet_c,defocus_blur,1,none
efficientnet_b4,ILSVRC2012_val_00044966.JPEG,n01819313,89,89,0.5172787,1,imagenet_c,defocus_blur,1,none
efficientnet_b4,ILSVRC2012_val_00045354.JPEG,n01819313,89,89,0.47759482,1,imagenet_c,defocus_blur,1,none
efficientnet_b4,ILSVRC2012_val_00045408.JPEG,n01819313,89,89,0.5744803,1,imagenet_c,defocus_blur,1,none
efficientnet_b4,ILSVRC2012_val_00045713.JPEG,n01819313,89,89,0.5727704,1,imagenet_c,defocus_blur,1,none
efficientnet_b4,ILSVRC2012_val_00046004.JPEG,n01819313,89,89,0.50455177,1,imagenet_c,defocus_blur,1,none
efficientnet_b4,ILSVRC2012_val_00047106.JPEG,n01819313,89,89,0.68494034,1,imagenet_c,defocus_blur,1,none
efficientnet_b4,ILSVRC2012_val_00048234.JPEG,n01819313,89,89,0.45146042,1,imagenet_c,defocus_blur,1,none
efficientnet_b4,ILSVRC2012_val_00049682.JPEG,n01819313,89,89,0.26505765,1,imagenet_c,defocus_blur,1,none
efficientnet_b4,ILSVRC2012_val_00001749.JPEG,n01820546,90,90,0.62482655,1,imagenet_c,defocus_blur,1,none
efficientnet_b4,ILSVRC2012_val_00003884.JPEG,n01820546,90,90,0.49690047,1,imagenet_c,defocus_blur,1,none
efficientnet_b4,ILSVRC2012_val_00005800.JPEG,n01820546,90,90,0.5363174,1,imagenet_c,defocus_blur,1,none
efficientnet_b4,ILSVRC2012_val_00005925.JPEG,n01820546,90,88,0.35021332,0,imagenet_c,defocus_blur,1,none
efficientnet_b4,ILSVRC2012_val_00006715.JPEG,n01820546,90,90,0.47619143,1,imagenet_c,defocus_blur,1,none
efficientnet_b4,ILSVRC2012_val_00007778.JPEG,n01820546,90,90,0.55161995,1,imagenet_c,defocus_blur,1,none
efficientnet_b4,ILSVRC2012_val_00010258.JPEG,n01820546,90,90,0.53805786,1,imagenet_c,defocus_blur,1,none
efficientnet_b4,ILSVRC2012_val_00011190.JPEG,n01820546,90,90,0.4461302,1,imagenet_c,defocus_blur,1,none
efficientnet_b4,ILSVRC2012_val_00012190.JPEG,n01820546,90,90,0.42187268,1,imagenet_c,defocus_blur,1,none
efficientnet_b4,ILSVRC2012_val_00012314.JPEG,n01820546,90,90,0.527105,1,imagenet_c,defocus_blur,1,none
efficientnet_b4,ILSVRC2012_val_00013739.JPEG,n01820546,90,90,0.5468252,1,imagenet_c,defocus_blur,1,none
efficientnet_b4,ILSVRC2012_val_00015713.JPEG,n01820546,90,90,0.57471555,1,imagenet_c,defocus_blur,1,none
efficientnet_b4,ILSVRC2012_val_00017939.JPEG,n01820546,90,90,0.58132565,1,imagenet_c,defocus_blur,1,none
efficientnet_b4,ILSVRC2012_val_00018036.JPEG,n01820546,90,90,0.5196265,1,imagenet_c,defocus_blur,1,none
efficientnet_b4,ILSVRC2012_val_00018195.JPEG,n01820546,90,90,0.5169637,1,imagenet_c,defocus_blur,1,none
efficientnet_b4,ILSVRC2012_val_00019716.JPEG,n01820546,90,90,0.47043252,1,imagenet_c,defocus_blur,1,none
efficientnet_b4,ILSVRC2012_val_00020109.JPEG,n01820546,90,90,0.48007974,1,imagenet_c,defocus_blur,1,none
efficientnet_b4,ILSVRC2012_val_00020552.JPEG,n01820546,90,90,0.647715,1,imagenet_c,defocus_blur,1,none
efficientnet_b4,ILSVRC2012_val_00020744.JPEG,n01820546,90,90,0.620224,1,imagenet_c,defocus_blur,1,none
efficientnet_b4,ILSVRC2012_val_00021278.JPEG,n01820546,90,46,0.07840072,0,imagenet_c,defocus_blur,1,none
efficientnet_b4,ILSVRC2012_val_00022148.JPEG,n01820546,90,90,0.5646105,1,imagenet_c,defocus_blur,1,none
efficientnet_b4,ILSVRC2012_val_00023844.JPEG,n01820546,90,90,0.5204941,1,imagenet_c,defocus_blur,1,none
efficientnet_b4,ILSVRC2012_val_00024121.JPEG,n01820546,90,90,0.6156387,1,imagenet_c,defocus_blur,1,none
efficientnet_b4,ILSVRC2012_val_00024467.JPEG,n01820546,90,90,0.48405525,1,imagenet_c,defocus_blur,1,none
efficientnet_b4,ILSVRC2012_val_00025979.JPEG,n01820546,90,90,0.37090385,1,imagenet_c,defocus_blur,1,none
efficientnet_b4,ILSVRC2012_val_00026084.JPEG,n01820546,90,90,0.70879394,1,imagenet_c,defocus_blur,1,none
efficientnet_b4,ILSVRC2012_val_00026488.JPEG,n01820546,90,90,0.12987238,1,imagenet_c,defocus_blur,1,none
efficientnet_b4,ILSVRC2012_val_00027008.JPEG,n01820546,90,90,0.52230024,1,imagenet_c,defocus_blur,1,none
efficientnet_b4,ILSVRC2012_val_00028522.JPEG,n01820546,90,90,0.54695606,1,imagenet_c,defocus_blur,1,none
efficientnet_b4,ILSVRC2012_val_00028570.JPEG,n01820546,90,90,0.5715384,1,imagenet_c,defocus_blur,1,none
efficientnet_b4,ILSVRC2012_val_00029654.JPEG,n01820546,90,90,0.43081608,1,imagenet_c,defocus_blur,1,none
efficientnet_b4,ILSVRC2012_val_00030391.JPEG,n01820546,90,90,0.6077421,1,imagenet_c,defocus_blur,1,none
efficientnet_b4,ILSVRC2012_val_00033340.JPEG,n01820546,90,90,0.5374483,1,imagenet_c,defocus_blur,1,none
efficientnet_b4,ILSVRC2012_val_00034784.JPEG,n01820546,90,90,0.5373574,1,imagenet_c,defocus_blur,1,none
efficientnet_b4,ILSVRC2012_val_00036652.JPEG,n01820546,90,90,0.605401,1,imagenet_c,defocus_blur,1,none
efficientnet_b4,ILSVRC2012_val_00037145.JPEG,n01820546,90,90,0.58443695,1,imagenet_c,defocus_blur,1,none
efficientnet_b4,ILSVRC2012_val_00037672.JPEG,n01820546,90,90,0.49961698,1,imagenet_c,defocus_blur,1,none
efficientnet_b4,ILSVRC2012_val_00038426.JPEG,n01820546,90,90,0.46003154,1,imagenet_c,defocus_blur,1,none
efficientnet_b4,ILSVRC2012_val_00038664.JPEG,n01820546,90,90,0.57557064,1,imagenet_c,defocus_blur,1,none
efficientnet_b4,ILSVRC2012_val_00042679.JPEG,n01820546,90,90,0.51692027,1,imagenet_c,defocus_blur,1,none
efficientnet_b4,ILSVRC2012_val_00043415.JPEG,n01820546,90,90,0.43274242,1,imagenet_c,defocus_blur,1,none
efficientnet_b4,ILSVRC2012_val_00043649.JPEG,n01820546,90,90,0.5298457,1,imagenet_c,defocus_blur,1,none
efficientnet_b4,ILSVRC2012_val_00044082.JPEG,n01820546,90,90,0.49180236,1,imagenet_c,defocus_blur,1,none
efficientnet_b4,ILSVRC2012_val_00044440.JPEG,n01820546,90,90,0.52836096,1,imagenet_c,defocus_blur,1,none
efficientnet_b4,ILSVRC2012_val_00045007.JPEG,n01820546,90,90,0.50794685,1,imagenet_c,defocus_blur,1,none
efficientnet_b4,ILSVRC2012_val_00045263.JPEG,n01820546,90,90,0.44611424,1,imagenet_c,defocus_blur,1,none
efficientnet_b4,ILSVRC2012_val_00045836.JPEG,n01820546,90,90,0.5355329,1,imagenet_c,defocus_blur,1,none
efficientnet_b4,ILSVRC2012_val_00046356.JPEG,n01820546,90,90,0.5500661,1,imagenet_c,defocus_blur,1,none
efficientnet_b4,ILSVRC2012_val_00047491.JPEG,n01820546,90,90,0.51534235,1,imagenet_c,defocus_blur,1,none
efficientnet_b4,ILSVRC2012_val_00047497.JPEG,n01820546,90,90,0.43448848,1,imagenet_c,defocus_blur,1,none
efficientnet_b4,ILSVRC2012_val_00000370.JPEG,n01824575,91,91,0.59195244,1,imagenet_c,defocus_blur,1,none
efficientnet_b4,ILSVRC2012_val_00000929.JPEG,n01824575,91,91,0.7096467,1,imagenet_c,defocus_blur,1,none
efficientnet_b4,ILSVRC2012_val_00001142.JPEG,n01824575,91,91,0.5717962,1,imagenet_c,defocus_blur,1,none
efficientnet_b4,ILSVRC2012_val_00002263.JPEG,n01824575,91,91,0.61370254,1,imagenet_c,defocus_blur,1,none
efficientnet_b4,ILSVRC2012_val_00003450.JPEG,n01824575,91,91,0.5575227,1,imagenet_c,defocus_blur,1,none
efficientnet_b4,ILSVRC2012_val_00004340.JPEG,n01824575,91,91,0.10933281,1,imagenet_c,defocus_blur,1,none
efficientnet_b4,ILSVRC2012_val_00005067.JPEG,n01824575,91,91,0.516281,1,imagenet_c,defocus_blur,1,none
efficientnet_b4,ILSVRC2012_val_00005733.JPEG,n01824575,91,91,0.60099065,1,imagenet_c,defocus_blur,1,none
efficientnet_b4,ILSVRC2012_val_00006230.JPEG,n01824575,91,91,0.42165098,1,imagenet_c,defocus_blur,1,none
efficientnet_b4,ILSVRC2012_val_00006716.JPEG,n01824575,91,86,0.07226904,0,imagenet_c,defocus_blur,1,none
efficientnet_b4,ILSVRC2012_val_00008008.JPEG,n01824575,91,91,0.58629304,1,imagenet_c,defocus_blur,1,none
efficientnet_b4,ILSVRC2012_val_00008593.JPEG,n01824575,91,91,0.5876452,1,imagenet_c,defocus_blur,1,none
efficientnet_b4,ILSVRC2012_val_00009419.JPEG,n01824575,91,91,0.5080878,1,imagenet_c,defocus_blur,1,none
efficientnet_b4,ILSVRC2012_val_00009781.JPEG,n01824575,91,91,0.75351137,1,imagenet_c,defocus_blur,1,none
efficientnet_b4,ILSVRC2012_val_00010397.JPEG,n01824575,91,91,0.6154666,1,imagenet_c,defocus_blur,1,none
efficientnet_b4,ILSVRC2012_val_00011697.JPEG,n01824575,91,380,0.13646615,0,imagenet_c,defocus_blur,1,none
efficientnet_b4,ILSVRC2012_val_00012307.JPEG,n01824575,91,91,0.7137391,1,imagenet_c,defocus_blur,1,none
efficientnet_b4,ILSVRC2012_val_00013212.JPEG,n01824575,91,91,0.28782138,1,imagenet_c,defocus_blur,1,none
efficientnet_b4,ILSVRC2012_val_00014903.JPEG,n01824575,91,91,0.6235571,1,imagenet_c,defocus_blur,1,none
efficientnet_b4,ILSVRC2012_val_00015690.JPEG,n01824575,91,91,0.41864803,1,imagenet_c,defocus_blur,1,none
efficientnet_b4,ILSVRC2012_val_00015739.JPEG,n01824575,91,91,0.49967894,1,imagenet_c,defocus_blur,1,none
efficientnet_b4,ILSVRC2012_val_00018318.JPEG,n01824575,91,81,0.056649614,0,imagenet_c,defocus_blur,1,none
efficientnet_b4,ILSVRC2012_val_00019511.JPEG,n01824575,91,91,0.43445238,1,imagenet_c,defocus_blur,1,none
efficientnet_b4,ILSVRC2012_val_00021564.JPEG,n01824575,91,91,0.48040065,1,imagenet_c,defocus_blur,1,none
efficientnet_b4,ILSVRC2012_val_00022245.JPEG,n01824575,91,95,0.7656191,0,imagenet_c,defocus_blur,1,none
efficientnet_b4,ILSVRC2012_val_00022786.JPEG,n01824575,91,91,0.61980397,1,imagenet_c,defocus_blur,1,none
efficientnet_b4,ILSVRC2012_val_00023144.JPEG,n01824575,91,91,0.7059299,1,imagenet_c,defocus_blur,1,none
efficientnet_b4,ILSVRC2012_val_00024581.JPEG,n01824575,91,91,0.608969,1,imagenet_c,defocus_blur,1,none
efficientnet_b4,ILSVRC2012_val_00024845.JPEG,n01824575,91,91,0.70400655,1,imagenet_c,defocus_blur,1,none
efficientnet_b4,ILSVRC2012_val_00026674.JPEG,n01824575,91,91,0.6620304,1,imagenet_c,defocus_blur,1,none
efficientnet_b4,ILSVRC2012_val_00026679.JPEG,n01824575,91,91,0.6455519,1,imagenet_c,defocus_blur,1,none
efficientnet_b4,ILSVRC2012_val_00027478.JPEG,n01824575,91,91,0.46246046,1,imagenet_c,defocus_blur,1,none
efficientnet_b4,ILSVRC2012_val_00027555.JPEG,n01824575,91,91,0.60014933,1,imagenet_c,defocus_blur,1,none
efficientnet_b4,ILSVRC2012_val_00033189.JPEG,n01824575,91,91,0.32097965,1,imagenet_c,defocus_blur,1,none
efficientnet_b4,ILSVRC2012_val_00033815.JPEG,n01824575,91,91,0.45907828,1,imagenet_c,defocus_blur,1,none
efficientnet_b4,ILSVRC2012_val_00033888.JPEG,n01824575,91,22,0.12621336,0,imagenet_c,defocus_blur,1,none
efficientnet_b4,ILSVRC2012_val_00034510.JPEG,n01824575,91,91,0.6448437,1,imagenet_c,defocus_blur,1,none
efficientnet_b4,ILSVRC2012_val_00034809.JPEG,n01824575,91,91,0.7401863,1,imagenet_c,defocus_blur,1,none
efficientnet_b4,ILSVRC2012_val_00036702.JPEG,n01824575,91,91,0.6353349,1,imagenet_c,defocus_blur,1,none
efficientnet_b4,ILSVRC2012_val_00038638.JPEG,n01824575,91,95,0.2022243,0,imagenet_c,defocus_blur,1,none
efficientnet_b4,ILSVRC2012_val_00039531.JPEG,n01824575,91,91,0.5228213,1,imagenet_c,defocus_blur,1,none
efficientnet_b4,ILSVRC2012_val_00040209.JPEG,n01824575,91,91,0.48630458,1,imagenet_c,defocus_blur,1,none
efficientnet_b4,ILSVRC2012_val_00041028.JPEG,n01824575,91,91,0.6167309,1,imagenet_c,defocus_blur,1,none
efficientnet_b4,ILSVRC2012_val_00041864.JPEG,n01824575,91,91,0.4878735,1,imagenet_c,defocus_blur,1,none
efficientnet_b4,ILSVRC2012_val_00041867.JPEG,n01824575,91,91,0.46982405,1,imagenet_c,defocus_blur,1,none
efficientnet_b4,ILSVRC2012_val_00044108.JPEG,n01824575,91,91,0.52429646,1,imagenet_c,defocus_blur,1,none
efficientnet_b4,ILSVRC2012_val_00046251.JPEG,n01824575,91,91,0.39647093,1,imagenet_c,defocus_blur,1,none
efficientnet_b4,ILSVRC2012_val_00046710.JPEG,n01824575,91,91,0.61323404,1,imagenet_c,defocus_blur,1,none
efficientnet_b4,ILSVRC2012_val_00047094.JPEG,n01824575,91,91,0.21486624,1,imagenet_c,defocus_blur,1,none
efficientnet_b4,ILSVRC2012_val_00047969.JPEG,n01824575,91,91,0.68062913,1,imagenet_c,defocus_blur,1,none
efficientnet_b4,ILSVRC2012_val_00000051.JPEG,n01828970,92,92,0.309916,1,imagenet_c,defocus_blur,1,none
efficientnet_b4,ILSVRC2012_val_00000278.JPEG,n01828970,92,92,0.57962316,1,imagenet_c,defocus_blur,1,none
efficientnet_b4,ILSVRC2012_val_00000420.JPEG,n01828970,92,92,0.6665424,1,imagenet_c,defocus_blur,1,none
efficientnet_b4,ILSVRC2012_val_00001336.JPEG,n01828970,92,92,0.6312763,1,imagenet_c,defocus_blur,1,none
efficientnet_b4,ILSVRC2012_val_00001678.JPEG,n01828970,92,92,0.69238144,1,imagenet_c,defocus_blur,1,none
efficientnet_b4,ILSVRC2012_val_00002388.JPEG,n01828970,92,92,0.6176645,1,imagenet_c,defocus_blur,1,none
efficientnet_b4,ILSVRC2012_val_00003348.JPEG,n01828970,92,92,0.4365483,1,imagenet_c,defocus_blur,1,none
efficientnet_b4,ILSVRC2012_val_00005634.JPEG,n01828970,92,92,0.6442369,1,imagenet_c,defocus_blur,1,none
efficientnet_b4,ILSVRC2012_val_00008221.JPEG,n01828970,92,92,0.73389953,1,imagenet_c,defocus_blur,1,none
efficientnet_b4,ILSVRC2012_val_00008236.JPEG,n01828970,92,92,0.338027,1,imagenet_c,defocus_blur,1,none
efficientnet_b4,ILSVRC2012_val_00009536.JPEG,n01828970,92,92,0.6699613,1,imagenet_c,defocus_blur,1,none
efficientnet_b4,ILSVRC2012_val_00009649.JPEG,n01828970,92,92,0.52852553,1,imagenet_c,defocus_blur,1,none
efficientnet_b4,ILSVRC2012_val_00011237.JPEG,n01828970,92,92,0.68205935,1,imagenet_c,defocus_blur,1,none
efficientnet_b4,ILSVRC2012_val_00011489.JPEG,n01828970,92,90,0.09472529,0,imagenet_c,defocus_blur,1,none
efficientnet_b4,ILSVRC2012_val_00013460.JPEG,n01828970,92,92,0.66575503,1,imagenet_c,defocus_blur,1,none
efficientnet_b4,ILSVRC2012_val_00014165.JPEG,n01828970,92,92,0.5697529,1,imagenet_c,defocus_blur,1,none
efficientnet_b4,ILSVRC2012_val_00014346.JPEG,n01828970,92,92,0.5767198,1,imagenet_c,defocus_blur,1,none
efficientnet_b4,ILSVRC2012_val_00017252.JPEG,n01828970,92,92,0.4853883,1,imagenet_c,defocus_blur,1,none
efficientnet_b4,ILSVRC2012_val_00018310.JPEG,n01828970,92,92,0.30310917,1,imagenet_c,defocus_blur,1,none
efficientnet_b4,ILSVRC2012_val_00021753.JPEG,n01828970,92,92,0.70367485,1,imagenet_c,defocus_blur,1,none
efficientnet_b4,ILSVRC2012_val_00022441.JPEG,n01828970,92,92,0.71431494,1,imagenet_c,defocus_blur,1,none
efficientnet_b4,ILSVRC2012_val_00022442.JPEG,n01828970,92,92,0.65724427,1,imagenet_c,defocus_blur,1,none
efficientnet_b4,ILSVRC2012_val_00024106.JPEG,n01828970,92,95,0.4867782,0,imagenet_c,defocus_blur,1,none
efficientnet_b4,ILSVRC2012_val_00025360.JPEG,n01828970,92,92,0.59492975,1,imagenet_c,defocus_blur,1,none
efficientnet_b4,ILSVRC2012_val_00025758.JPEG,n01828970,92,92,0.51264906,1,imagenet_c,defocus_blur,1,none
efficientnet_b4,ILSVRC2012_val_00026420.JPEG,n01828970,92,92,0.7205866,1,imagenet_c,defocus_blur,1,none
efficientnet_b4,ILSVRC2012_val_00031824.JPEG,n01828970,92,92,0.65949875,1,imagenet_c,defocus_blur,1,none
efficientnet_b4,ILSVRC2012_val_00032062.JPEG,n01828970,92,92,0.70975614,1,imagenet_c,defocus_blur,1,none
efficientnet_b4,ILSVRC2012_val_00032617.JPEG,n01828970,92,92,0.10142299,1,imagenet_c,defocus_blur,1,none
efficientnet_b4,ILSVRC2012_val_00033434.JPEG,n01828970,92,92,0.6212092,1,imagenet_c,defocus_blur,1,none
efficientnet_b4,ILSVRC2012_val_00033962.JPEG,n01828970,92,92,0.65325606,1,imagenet_c,defocus_blur,1,none
efficientnet_b4,ILSVRC2012_val_00034492.JPEG,n01828970,92,95,0.6844374,0,imagenet_c,defocus_blur,1,none
efficientnet_b4,ILSVRC2012_val_00034631.JPEG,n01828970,92,92,0.6234224,1,imagenet_c,defocus_blur,1,none
efficientnet_b4,ILSVRC2012_val_00035127.JPEG,n01828970,92,92,0.68837935,1,imagenet_c,defocus_blur,1,none
efficientnet_b4,ILSVRC2012_val_00035502.JPEG,n01828970,92,92,0.5592328,1,imagenet_c,defocus_blur,1,none
efficientnet_b4,ILSVRC2012_val_00037031.JPEG,n01828970,92,92,0.5710921,1,imagenet_c,defocus_blur,1,none
efficientnet_b4,ILSVRC2012_val_00038288.JPEG,n01828970,92,92,0.76493543,1,imagenet_c,defocus_blur,1,none
efficientnet_b4,ILSVRC2012_val_00040014.JPEG,n01828970,92,95,0.44824186,0,imagenet_c,defocus_blur,1,none
efficientnet_b4,ILSVRC2012_val_00040266.JPEG,n01828970,92,92,0.6374811,1,imagenet_c,defocus_blur,1,none
efficientnet_b4,ILSVRC2012_val_00042296.JPEG,n01828970,92,92,0.7376085,1,imagenet_c,defocus_blur,1,none
efficientnet_b4,ILSVRC2012_val_00043180.JPEG,n01828970,92,92,0.59362245,1,imagenet_c,defocus_blur,1,none
efficientnet_b4,ILSVRC2012_val_00044077.JPEG,n01828970,92,92,0.07586839,1,imagenet_c,defocus_blur,1,none
efficientnet_b4,ILSVRC2012_val_00045200.JPEG,n01828970,92,92,0.72047406,1,imagenet_c,defocus_blur,1,none
efficientnet_b4,ILSVRC2012_val_00045393.JPEG,n01828970,92,92,0.73949695,1,imagenet_c,defocus_blur,1,none
efficientnet_b4,ILSVRC2012_val_00046307.JPEG,n01828970,92,92,0.17621231,1,imagenet_c,defocus_blur,1,none
efficientnet_b4,ILSVRC2012_val_00046802.JPEG,n01828970,92,92,0.5047648,1,imagenet_c,defocus_blur,1,none
efficientnet_b4,ILSVRC2012_val_00047229.JPEG,n01828970,92,92,0.5611254,1,imagenet_c,defocus_blur,1,none
efficientnet_b4,ILSVRC2012_val_00048142.JPEG,n01828970,92,92,0.66278476,1,imagenet_c,defocus_blur,1,none
efficientnet_b4,ILSVRC2012_val_00048155.JPEG,n01828970,92,92,0.6540484,1,imagenet_c,defocus_blur,1,none
efficientnet_b4,ILSVRC2012_val_00048824.JPEG,n01828970,92,92,0.15787095,1,imagenet_c,defocus_blur,1,none
efficientnet_b4,ILSVRC2012_val_00002100.JPEG,n01829413,93,80,0.16633603,0,imagenet_c,defocus_blur,1,none
efficientnet_b4,ILSVRC2012_val_00002843.JPEG,n01829413,93,93,0.42645714,1,imagenet_c,defocus_blur,1,none
efficientnet_b4,ILSVRC2012_val_00003040.JPEG,n01829413,93,93,0.8237644,1,imagenet_c,defocus_blur,1,none
efficientnet_b4,ILSVRC2012_val_00003687.JPEG,n01829413,93,93,0.52141887,1,imagenet_c,defocus_blur,1,none
efficientnet_b4,ILSVRC2012_val_00004494.JPEG,n01829413,93,93,0.6396543,1,imagenet_c,defocus_blur,1,none
efficientnet_b4,ILSVRC2012_val_00004697.JPEG,n01829413,93,93,0.51921946,1,imagenet_c,defocus_blur,1,none
efficientnet_b4,ILSVRC2012_val_00005282.JPEG,n01829413,93,93,0.44749707,1,imagenet_c,defocus_blur,1,none
efficientnet_b4,ILSVRC2012_val_00005908.JPEG,n01829413,93,93,0.33125657,1,imagenet_c,defocus_blur,1,none
efficientnet_b4,ILSVRC2012_val_00006457.JPEG,n01829413,93,93,0.58594304,1,imagenet_c,defocus_blur,1,none
efficientnet_b4,ILSVRC2012_val_00007139.JPEG,n01829413,93,96,0.24286698,0,imagenet_c,defocus_blur,1,none
efficientnet_b4,ILSVRC2012_val_00007387.JPEG,n01829413,93,93,0.4521566,1,imagenet_c,defocus_blur,1,none
efficientnet_b4,ILSVRC2012_val_00007664.JPEG,n01829413,93,93,0.5338872,1,imagenet_c,defocus_blur,1,none
efficientnet_b4,ILSVRC2012_val_00007793.JPEG,n01829413,93,93,0.7563349,1,imagenet_c,defocus_blur,1,none
efficientnet_b4,ILSVRC2012_val_00008626.JPEG,n01829413,93,93,0.608299,1,imagenet_c,defocus_blur,1,none
efficientnet_b4,ILSVRC2012_val_00009994.JPEG,n01829413,93,93,0.44059908,1,imagenet_c,defocus_blur,1,none
efficientnet_b4,ILSVRC2012_val_00013713.JPEG,n01829413,93,93,0.805844,1,imagenet_c,defocus_blur,1,none
efficientnet_b4,ILSVRC2012_val_00014256.JPEG,n01829413,93,93,0.5393424,1,imagenet_c,defocus_blur,1,none
efficientnet_b4,ILSVRC2012_val_00017542.JPEG,n01829413,93,93,0.5818062,1,imagenet_c,defocus_blur,1,none
efficientnet_b4,ILSVRC2012_val_00019073.JPEG,n01829413,93,93,0.5265826,1,imagenet_c,defocus_blur,1,none
efficientnet_b4,ILSVRC2012_val_00020284.JPEG,n01829413,93,93,0.6589126,1,imagenet_c,defocus_blur,1,none
efficientnet_b4,ILSVRC2012_val_00020976.JPEG,n01829413,93,23,0.47091165,0,imagenet_c,defocus_blur,1,none
efficientnet_b4,ILSVRC2012_val_00023154.JPEG,n01829413,93,93,0.5894134,1,imagenet_c,defocus_blur,1,none
efficientnet_b4,ILSVRC2012_val_00023602.JPEG,n01829413,93,93,0.25211936,1,imagenet_c,defocus_blur,1,none
efficientnet_b4,ILSVRC2012_val_00024914.JPEG,n01829413,93,93,0.33357903,1,imagenet_c,defocus_blur,1,none
efficientnet_b4,ILSVRC2012_val_00026072.JPEG,n01829413,93,93,0.4736024,1,imagenet_c,defocus_blur,1,none
efficientnet_b4,ILSVRC2012_val_00026085.JPEG,n01829413,93,93,0.46317548,1,imagenet_c,defocus_blur,1,none
efficientnet_b4,ILSVRC2012_val_00026845.JPEG,n01829413,93,93,0.22114912,1,imagenet_c,defocus_blur,1,none
efficientnet_b4,ILSVRC2012_val_00027985.JPEG,n01829413,93,93,0.4636625,1,imagenet_c,defocus_blur,1,none
efficientnet_b4,ILSVRC2012_val_00029283.JPEG,n01829413,93,93,0.2816031,1,imagenet_c,defocus_blur,1,none
efficientnet_b4,ILSVRC2012_val_00033259.JPEG,n01829413,93,93,0.5820519,1,imagenet_c,defocus_blur,1,none
efficientnet_b4,ILSVRC2012_val_00033756.JPEG,n01829413,93,93,0.6253044,1,imagenet_c,defocus_blur,1,none
efficientnet_b4,ILSVRC2012_val_00035047.JPEG,n01829413,93,93,0.56779265,1,imagenet_c,defocus_blur,1,none
efficientnet_b4,ILSVRC2012_val_00035542.JPEG,n01829413,93,93,0.47338533,1,imagenet_c,defocus_blur,1,none
efficientnet_b4,ILSVRC2012_val_00035804.JPEG,n01829413,93,93,0.74206096,1,imagenet_c,defocus_blur,1,none
efficientnet_b4,ILSVRC2012_val_00035922.JPEG,n01829413,93,93,0.66452885,1,imagenet_c,defocus_blur,1,none
efficientnet_b4,ILSVRC2012_val_00036044.JPEG,n01829413,93,93,0.42640477,1,imagenet_c,defocus_blur,1,none
efficientnet_b4,ILSVRC2012_val_00036988.JPEG,n01829413,93,93,0.38625318,1,imagenet_c,defocus_blur,1,none
efficientnet_b4,ILSVRC2012_val_00038476.JPEG,n01829413,93,93,0.20981328,1,imagenet_c,defocus_blur,1,none
efficientnet_b4,ILSVRC2012_val_00041697.JPEG,n01829413,93,93,0.4373021,1,imagenet_c,defocus_blur,1,none
efficientnet_b4,ILSVRC2012_val_00042310.JPEG,n01829413,93,93,0.6738643,1,imagenet_c,defocus_blur,1,none
efficientnet_b4,ILSVRC2012_val_00043635.JPEG,n01829413,93,89,0.04928902,0,imagenet_c,defocus_blur,1,none
efficientnet_b4,ILSVRC2012_val_00044209.JPEG,n01829413,93,93,0.48505944,1,imagenet_c,defocus_blur,1,none
efficientnet_b4,ILSVRC2012_val_00044301.JPEG,n01829413,93,93,0.674439,1,imagenet_c,defocus_blur,1,none
efficientnet_b4,ILSVRC2012_val_00044317.JPEG,n01829413,93,93,0.6262951,1,imagenet_c,defocus_blur,1,none
efficientnet_b4,ILSVRC2012_val_00044903.JPEG,n01829413,93,454,0.047174156,0,imagenet_c,defocus_blur,1,none
efficientnet_b4,ILSVRC2012_val_00045051.JPEG,n01829413,93,93,0.6159979,1,imagenet_c,defocus_blur,1,none
efficientnet_b4,ILSVRC2012_val_00046141.JPEG,n01829413,93,93,0.4978862,1,imagenet_c,defocus_blur,1,none
efficientnet_b4,ILSVRC2012_val_00046508.JPEG,n01829413,93,93,0.26016945,1,imagenet_c,defocus_blur,1,none
efficientnet_b4,ILSVRC2012_val_00047943.JPEG,n01829413,93,377,0.10990681,0,imagenet_c,defocus_blur,1,none
efficientnet_b4,ILSVRC2012_val_00048549.JPEG,n01829413,93,93,0.32195237,1,imagenet_c,defocus_blur,1,none
efficientnet_b4,ILSVRC2012_val_00002974.JPEG,n01833805,94,94,0.42372304,1,imagenet_c,defocus_blur,1,none
efficientnet_b4,ILSVRC2012_val_00003064.JPEG,n01833805,94,94,0.39866385,1,imagenet_c,defocus_blur,1,none
efficientnet_b4,ILSVRC2012_val_00003259.JPEG,n01833805,94,94,0.5679858,1,imagenet_c,defocus_blur,1,none
efficientnet_b4,ILSVRC2012_val_00004234.JPEG,n01833805,94,94,0.49130613,1,imagenet_c,defocus_blur,1,none
efficientnet_b4,ILSVRC2012_val_00005150.JPEG,n01833805,94,94,0.4392656,1,imagenet_c,defocus_blur,1,none
efficientnet_b4,ILSVRC2012_val_00005779.JPEG,n01833805,94,94,0.4895091,1,imagenet_c,defocus_blur,1,none
efficientnet_b4,ILSVRC2012_val_00005873.JPEG,n01833805,94,94,0.294512,1,imagenet_c,defocus_blur,1,none
efficientnet_b4,ILSVRC2012_val_00007390.JPEG,n01833805,94,94,0.39685628,1,imagenet_c,defocus_blur,1,none
efficientnet_b4,ILSVRC2012_val_00010570.JPEG,n01833805,94,94,0.49621758,1,imagenet_c,defocus_blur,1,none
efficientnet_b4,ILSVRC2012_val_00011894.JPEG,n01833805,94,94,0.37592375,1,imagenet_c,defocus_blur,1,none
efficientnet_b4,ILSVRC2012_val_00013085.JPEG,n01833805,94,94,0.62853646,1,imagenet_c,defocus_blur,1,none
efficientnet_b4,ILSVRC2012_val_00013434.JPEG,n01833805,94,95,0.4670987,0,imagenet_c,defocus_blur,1,none
efficientnet_b4,ILSVRC2012_val_00013610.JPEG,n01833805,94,95,0.4826076,0,imagenet_c,defocus_blur,1,none
efficientnet_b4,ILSVRC2012_val_00015665.JPEG,n01833805,94,94,0.57101756,1,imagenet_c,defocus_blur,1,none
efficientnet_b4,ILSVRC2012_val_00015854.JPEG,n01833805,94,94,0.441432,1,imagenet_c,defocus_blur,1,none
efficientnet_b4,ILSVRC2012_val_00016325.JPEG,n01833805,94,94,0.38586834,1,imagenet_c,defocus_blur,1,none
efficientnet_b4,ILSVRC2012_val_00016623.JPEG,n01833805,94,94,0.34556812,1,imagenet_c,defocus_blur,1,none
efficientnet_b4,ILSVRC2012_val_00016746.JPEG,n01833805,94,95,0.53265357,0,imagenet_c,defocus_blur,1,none
efficientnet_b4,ILSVRC2012_val_00017251.JPEG,n01833805,94,94,0.5330866,1,imagenet_c,defocus_blur,1,none
efficientnet_b4,ILSVRC2012_val_00020443.JPEG,n01833805,94,94,0.37617022,1,imagenet_c,defocus_blur,1,none
efficientnet_b4,ILSVRC2012_val_00021281.JPEG,n01833805,94,94,0.46056828,1,imagenet_c,defocus_blur,1,none
efficientnet_b4,ILSVRC2012_val_00023796.JPEG,n01833805,94,94,0.45774478,1,imagenet_c,defocus_blur,1,none
efficientnet_b4,ILSVRC2012_val_00024336.JPEG,n01833805,94,94,0.48119968,1,imagenet_c,defocus_blur,1,none
efficientnet_b4,ILSVRC2012_val_00025449.JPEG,n01833805,94,94,0.40318713,1,imagenet_c,defocus_blur,1,none
efficientnet_b4,ILSVRC2012_val_00025928.JPEG,n01833805,94,95,0.47310048,0,imagenet_c,defocus_blur,1,none
efficientnet_b4,ILSVRC2012_val_00026090.JPEG,n01833805,94,94,0.57029337,1,imagenet_c,defocus_blur,1,none
efficientnet_b4,ILSVRC2012_val_00027986.JPEG,n01833805,94,95,0.6594553,0,imagenet_c,defocus_blur,1,none
efficientnet_b4,ILSVRC2012_val_00028801.JPEG,n01833805,94,94,0.45764828,1,imagenet_c,defocus_blur,1,none
efficientnet_b4,ILSVRC2012_val_00029356.JPEG,n01833805,94,94,0.24574958,1,imagenet_c,defocus_blur,1,none
efficientnet_b4,ILSVRC2012_val_00029571.JPEG,n01833805,94,94,0.35829282,1,imagenet_c,defocus_blur,1,none
efficientnet_b4,ILSVRC2012_val_00030278.JPEG,n01833805,94,94,0.5238161,1,imagenet_c,defocus_blur,1,none
efficientnet_b4,ILSVRC2012_val_00030431.JPEG,n01833805,94,94,0.48186204,1,imagenet_c,defocus_blur,1,none
efficientnet_b4,ILSVRC2012_val_00032159.JPEG,n01833805,94,94,0.37022147,1,imagenet_c,defocus_blur,1,none
efficientnet_b4,ILSVRC2012_val_00032985.JPEG,n01833805,94,94,0.4492445,1,imagenet_c,defocus_blur,1,none
efficientnet_b4,ILSVRC2012_val_00033186.JPEG,n01833805,94,10,0.41021332,0,imagenet_c,defocus_blur,1,none
efficientnet_b4,ILSVRC2012_val_00033829.JPEG,n01833805,94,94,0.5097583,1,imagenet_c,defocus_blur,1,none
efficientnet_b4,ILSVRC2012_val_00035726.JPEG,n01833805,94,94,0.4100879,1,imagenet_c,defocus_blur,1,none
efficientnet_b4,ILSVRC2012_val_00037002.JPEG,n01833805,94,94,0.5101251,1,imagenet_c,defocus_blur,1,none
efficientnet_b4,ILSVRC2012_val_00037397.JPEG,n01833805,94,799,0.019612635,0,imagenet_c,defocus_blur,1,none
efficientnet_b4,ILSVRC2012_val_00037471.JPEG,n01833805,94,94,0.28981656,1,imagenet_c,defocus_blur,1,none
efficientnet_b4,ILSVRC2012_val_00038443.JPEG,n01833805,94,94,0.3253015,1,imagenet_c,defocus_blur,1,none
efficientnet_b4,ILSVRC2012_val_00038563.JPEG,n01833805,94,16,0.073532335,0,imagenet_c,defocus_blur,1,none
efficientnet_b4,ILSVRC2012_val_00041200.JPEG,n01833805,94,94,0.56186837,1,imagenet_c,defocus_blur,1,none
efficientnet_b4,ILSVRC2012_val_00041498.JPEG,n01833805,94,94,0.4660347,1,imagenet_c,defocus_blur,1,none
efficientnet_b4,ILSVRC2012_val_00043465.JPEG,n01833805,94,731,0.24111417,0,imagenet_c,defocus_blur,1,none
efficientnet_b4,ILSVRC2012_val_00044011.JPEG,n01833805,94,94,0.5876917,1,imagenet_c,defocus_blur,1,none
efficientnet_b4,ILSVRC2012_val_00048347.JPEG,n01833805,94,94,0.51104254,1,imagenet_c,defocus_blur,1,none
efficientnet_b4,ILSVRC2012_val_00048749.JPEG,n01833805,94,94,0.31980133,1,imagenet_c,defocus_blur,1,none
efficientnet_b4,ILSVRC2012_val_00048838.JPEG,n01833805,94,94,0.15162903,1,imagenet_c,defocus_blur,1,none
efficientnet_b4,ILSVRC2012_val_00049966.JPEG,n01833805,94,94,0.49141303,1,imagenet_c,defocus_blur,1,none
efficientnet_b4,ILSVRC2012_val_00002326.JPEG,n01843065,95,95,0.5417313,1,imagenet_c,defocus_blur,1,none
efficientnet_b4,ILSVRC2012_val_00003672.JPEG,n01843065,95,95,0.5847039,1,imagenet_c,defocus_blur,1,none
efficientnet_b4,ILSVRC2012_val_00006372.JPEG,n01843065,95,21,0.13007899,0,imagenet_c,defocus_blur,1,none
efficientnet_b4,ILSVRC2012_val_00006928.JPEG,n01843065,95,95,0.6487769,1,imagenet_c,defocus_blur,1,none
efficientnet_b4,ILSVRC2012_val_00007284.JPEG,n01843065,95,95,0.60519344,1,imagenet_c,defocus_blur,1,none
efficientnet_b4,ILSVRC2012_val_00008155.JPEG,n01843065,95,95,0.55701286,1,imagenet_c,defocus_blur,1,none
efficientnet_b4,ILSVRC2012_val_00008746.JPEG,n01843065,95,374,0.023190314,0,imagenet_c,defocus_blur,1,none
efficientnet_b4,ILSVRC2012_val_00009590.JPEG,n01843065,95,95,0.6735177,1,imagenet_c,defocus_blur,1,none
efficientnet_b4,ILSVRC2012_val_00010156.JPEG,n01843065,95,95,0.6029498,1,imagenet_c,defocus_blur,1,none
efficientnet_b4,ILSVRC2012_val_00011315.JPEG,n01843065,95,95,0.6285771,1,imagenet_c,defocus_blur,1,none
efficientnet_b4,ILSVRC2012_val_00011605.JPEG,n01843065,95,95,0.5829537,1,imagenet_c,defocus_blur,1,none
efficientnet_b4,ILSVRC2012_val_00012508.JPEG,n01843065,95,95,0.585736,1,imagenet_c,defocus_blur,1,none
efficientnet_b4,ILSVRC2012_val_00013840.JPEG,n01843065,95,21,0.21509589,0,imagenet_c,defocus_blur,1,none
efficientnet_b4,ILSVRC2012_val_00014808.JPEG,n01843065,95,95,0.6381233,1,imagenet_c,defocus_blur,1,none
efficientnet_b4,ILSVRC2012_val_00014942.JPEG,n01843065,95,95,0.65646523,1,imagenet_c,defocus_blur,1,none
efficientnet_b4,ILSVRC2012_val_00015624.JPEG,n01843065,95,95,0.6482572,1,imagenet_c,defocus_blur,1,none
efficientnet_b4,ILSVRC2012_val_00019024.JPEG,n01843065,95,95,0.72722477,1,imagenet_c,defocus_blur,1,none
efficientnet_b4,ILSVRC2012_val_00019251.JPEG,n01843065,95,95,0.6911158,1,imagenet_c,defocus_blur,1,none
efficientnet_b4,ILSVRC2012_val_00021455.JPEG,n01843065,95,95,0.58079827,1,imagenet_c,defocus_blur,1,none
efficientnet_b4,ILSVRC2012_val_00022439.JPEG,n01843065,95,95,0.5595826,1,imagenet_c,defocus_blur,1,none
efficientnet_b4,ILSVRC2012_val_00024058.JPEG,n01843065,95,95,0.60786074,1,imagenet_c,defocus_blur,1,none
efficientnet_b4,ILSVRC2012_val_00024530.JPEG,n01843065,95,95,0.5135847,1,imagenet_c,defocus_blur,1,none
efficientnet_b4,ILSVRC2012_val_00024773.JPEG,n01843065,95,95,0.6402476,1,imagenet_c,defocus_blur,1,none
efficientnet_b4,ILSVRC2012_val_00024916.JPEG,n01843065,95,988,0.07116811,0,imagenet_c,defocus_blur,1,none
efficientnet_b4,ILSVRC2012_val_00025616.JPEG,n01843065,95,95,0.60625833,1,imagenet_c,defocus_blur,1,none
efficientnet_b4,ILSVRC2012_val_00025658.JPEG,n01843065,95,95,0.5718088,1,imagenet_c,defocus_blur,1,none
efficientnet_b4,ILSVRC2012_val_00025937.JPEG,n01843065,95,95,0.614922,1,imagenet_c,defocus_blur,1,none
efficientnet_b4,ILSVRC2012_val_00026068.JPEG,n01843065,95,95,0.71294653,1,imagenet_c,defocus_blur,1,none
efficientnet_b4,ILSVRC2012_val_00026232.JPEG,n01843065,95,95,0.6872219,1,imagenet_c,defocus_blur,1,none
efficientnet_b4,ILSVRC2012_val_00026502.JPEG,n01843065,95,95,0.6154698,1,imagenet_c,defocus_blur,1,none
efficientnet_b4,ILSVRC2012_val_00026965.JPEG,n01843065,95,95,0.5758439,1,imagenet_c,defocus_blur,1,none
efficientnet_b4,ILSVRC2012_val_00028568.JPEG,n01843065,95,95,0.5262266,1,imagenet_c,defocus_blur,1,none
efficientnet_b4,ILSVRC2012_val_00029347.JPEG,n01843065,95,95,0.7131404,1,imagenet_c,defocus_blur,1,none
efficientnet_b4,ILSVRC2012_val_00030507.JPEG,n01843065,95,95,0.67092884,1,imagenet_c,defocus_blur,1,none
efficientnet_b4,ILSVRC2012_val_00031449.JPEG,n01843065,95,95,0.5745398,1,imagenet_c,defocus_blur,1,none
efficientnet_b4,ILSVRC2012_val_00033281.JPEG,n01843065,95,95,0.5292849,1,imagenet_c,defocus_blur,1,none
efficientnet_b4,ILSVRC2012_val_00033469.JPEG,n01843065,95,95,0.576108,1,imagenet_c,defocus_blur,1,none
efficientnet_b4,ILSVRC2012_val_00033977.JPEG,n01843065,95,95,0.64854497,1,imagenet_c,defocus_blur,1,none
efficientnet_b4,ILSVRC2012_val_00038418.JPEG,n01843065,95,95,0.66192555,1,imagenet_c,defocus_blur,1,none
efficientnet_b4,ILSVRC2012_val_00038766.JPEG,n01843065,95,95,0.74895376,1,imagenet_c,defocus_blur,1,none
efficientnet_b4,ILSVRC2012_val_00039257.JPEG,n01843065,95,95,0.6294286,1,imagenet_c,defocus_blur,1,none
efficientnet_b4,ILSVRC2012_val_00039261.JPEG,n01843065,95,95,0.5751569,1,imagenet_c,defocus_blur,1,none
efficientnet_b4,ILSVRC2012_val_00039281.JPEG,n01843065,95,95,0.5748068,1,imagenet_c,defocus_blur,1,none
efficientnet_b4,ILSVRC2012_val_00039463.JPEG,n01843065,95,95,0.66342485,1,imagenet_c,defocus_blur,1,none
efficientnet_b4,ILSVRC2012_val_00039988.JPEG,n01843065,95,95,0.5186471,1,imagenet_c,defocus_blur,1,none
efficientnet_b4,ILSVRC2012_val_00044268.JPEG,n01843065,95,95,0.57102394,1,imagenet_c,defocus_blur,1,none
efficientnet_b4,ILSVRC2012_val_00044330.JPEG,n01843065,95,95,0.47735918,1,imagenet_c,defocus_blur,1,none
efficientnet_b4,ILSVRC2012_val_00045643.JPEG,n01843065,95,95,0.66961503,1,imagenet_c,defocus_blur,1,none
efficientnet_b4,ILSVRC2012_val_00046285.JPEG,n01843065,95,95,0.594477,1,imagenet_c,defocus_blur,1,none
efficientnet_b4,ILSVRC2012_val_00048229.JPEG,n01843065,95,95,0.69798857,1,imagenet_c,defocus_blur,1,none
efficientnet_b4,ILSVRC2012_val_00000952.JPEG,n01843383,96,96,0.5452068,1,imagenet_c,defocus_blur,1,none
efficientnet_b4,ILSVRC2012_val_00001158.JPEG,n01843383,96,96,0.59067124,1,imagenet_c,defocus_blur,1,none
efficientnet_b4,ILSVRC2012_val_00003271.JPEG,n01843383,96,96,0.53519565,1,imagenet_c,defocus_blur,1,none
efficientnet_b4,ILSVRC2012_val_00005901.JPEG,n01843383,96,96,0.6563126,1,imagenet_c,defocus_blur,1,none
efficientnet_b4,ILSVRC2012_val_00006460.JPEG,n01843383,96,96,0.7712559,1,imagenet_c,defocus_blur,1,none
efficientnet_b4,ILSVRC2012_val_00008549.JPEG,n01843383,96,96,0.69620574,1,imagenet_c,defocus_blur,1,none
efficientnet_b4,ILSVRC2012_val_00009145.JPEG,n01843383,96,96,0.6238789,1,imagenet_c,defocus_blur,1,none
efficientnet_b4,ILSVRC2012_val_00009974.JPEG,n01843383,96,96,0.08334931,1,imagenet_c,defocus_blur,1,none
efficientnet_b4,ILSVRC2012_val_00011011.JPEG,n01843383,96,96,0.7401527,1,imagenet_c,defocus_blur,1,none
efficientnet_b4,ILSVRC2012_val_00011375.JPEG,n01843383,96,96,0.68124753,1,imagenet_c,defocus_blur,1,none
efficientnet_b4,ILSVRC2012_val_00012601.JPEG,n01843383,96,96,0.57938814,1,imagenet_c,defocus_blur,1,none
efficientnet_b4,ILSVRC2012_val_00014068.JPEG,n01843383,96,96,0.5839308,1,imagenet_c,defocus_blur,1,none
efficientnet_b4,ILSVRC2012_val_00015298.JPEG,n01843383,96,96,0.6496476,1,imagenet_c,defocus_blur,1,none
efficientnet_b4,ILSVRC2012_val_00015673.JPEG,n01843383,96,96,0.5533575,1,imagenet_c,defocus_blur,1,none
efficientnet_b4,ILSVRC2012_val_00018463.JPEG,n01843383,96,96,0.54509985,1,imagenet_c,defocus_blur,1,none
efficientnet_b4,ILSVRC2012_val_00018780.JPEG,n01843383,96,96,0.5438871,1,imagenet_c,defocus_blur,1,none
efficientnet_b4,ILSVRC2012_val_00019884.JPEG,n01843383,96,96,0.5241956,1,imagenet_c,defocus_blur,1,none
efficientnet_b4,ILSVRC2012_val_00020749.JPEG,n01843383,96,96,0.6515741,1,imagenet_c,defocus_blur,1,none
efficientnet_b4,ILSVRC2012_val_00020909.JPEG,n01843383,96,96,0.547068,1,imagenet_c,defocus_blur,1,none
efficientnet_b4,ILSVRC2012_val_00023371.JPEG,n01843383,96,96,0.5649312,1,imagenet_c,defocus_blur,1,none
efficientnet_b4,ILSVRC2012_val_00023390.JPEG,n01843383,96,96,0.63476473,1,imagenet_c,defocus_blur,1,none
efficientnet_b4,ILSVRC2012_val_00024063.JPEG,n01843383,96,96,0.5849485,1,imagenet_c,defocus_blur,1,none
efficientnet_b4,ILSVRC2012_val_00024423.JPEG,n01843383,96,96,0.11697139,1,imagenet_c,defocus_blur,1,none
efficientnet_b4,ILSVRC2012_val_00024525.JPEG,n01843383,96,96,0.4969743,1,imagenet_c,defocus_blur,1,none
efficientnet_b4,ILSVRC2012_val_00024848.JPEG,n01843383,96,96,0.2745313,1,imagenet_c,defocus_blur,1,none
efficientnet_b4,ILSVRC2012_val_00025371.JPEG,n01843383,96,90,0.21532714,0,imagenet_c,defocus_blur,1,none
efficientnet_b4,ILSVRC2012_val_00025631.JPEG,n01843383,96,96,0.44195187,1,imagenet_c,defocus_blur,1,none
efficientnet_b4,ILSVRC2012_val_00025785.JPEG,n01843383,96,96,0.45517126,1,imagenet_c,defocus_blur,1,none
efficientnet_b4,ILSVRC2012_val_00027602.JPEG,n01843383,96,96,0.59777284,1,imagenet_c,defocus_blur,1,none
efficientnet_b4,ILSVRC2012_val_00029589.JPEG,n01843383,96,381,0.043919377,0,imagenet_c,defocus_blur,1,none
efficientnet_b4,ILSVRC2012_val_00029948.JPEG,n01843383,96,96,0.62639433,1,imagenet_c,defocus_blur,1,none
efficientnet_b4,ILSVRC2012_val_00030000.JPEG,n01843383,96,96,0.56627136,1,imagenet_c,defocus_blur,1,none
efficientnet_b4,ILSVRC2012_val_00030629.JPEG,n01843383,96,96,0.5127642,1,imagenet_c,defocus_blur,1,none
efficientnet_b4,ILSVRC2012_val_00030702.JPEG,n01843383,96,96,0.56221324,1,imagenet_c,defocus_blur,1,none
efficientnet_b4,ILSVRC2012_val_00031298.JPEG,n01843383,96,96,0.5681113,1,imagenet_c,defocus_blur,1,none
efficientnet_b4,ILSVRC2012_val_00032122.JPEG,n01843383,96,522,0.25958446,0,imagenet_c,defocus_blur,1,none
efficientnet_b4,ILSVRC2012_val_00032158.JPEG,n01843383,96,96,0.7301986,1,imagenet_c,defocus_blur,1,none
efficientnet_b4,ILSVRC2012_val_00032492.JPEG,n01843383,96,96,0.42114362,1,imagenet_c,defocus_blur,1,none
efficientnet_b4,ILSVRC2012_val_00034194.JPEG,n01843383,96,96,0.56847036,1,imagenet_c,defocus_blur,1,none
efficientnet_b4,ILSVRC2012_val_00035274.JPEG,n01843383,96,96,0.22714517,1,imagenet_c,defocus_blur,1,none
efficientnet_b4,ILSVRC2012_val_00036354.JPEG,n01843383,96,96,0.47050235,1,imagenet_c,defocus_blur,1,none
efficientnet_b4,ILSVRC2012_val_00037244.JPEG,n01843383,96,96,0.5872623,1,imagenet_c,defocus_blur,1,none
efficientnet_b4,ILSVRC2012_val_00038685.JPEG,n01843383,96,88,0.19263598,0,imagenet_c,defocus_blur,1,none
efficientnet_b4,ILSVRC2012_val_00040051.JPEG,n01843383,96,93,0.3953363,0,imagenet_c,defocus_blur,1,none
efficientnet_b4,ILSVRC2012_val_00043509.JPEG,n01843383,96,96,0.63754094,1,imagenet_c,defocus_blur,1,none
efficientnet_b4,ILSVRC2012_val_00046438.JPEG,n01843383,96,96,0.415145,1,imagenet_c,defocus_blur,1,none
efficientnet_b4,ILSVRC2012_val_00046755.JPEG,n01843383,96,96,0.55291176,1,imagenet_c,defocus_blur,1,none
efficientnet_b4,ILSVRC2012_val_00048203.JPEG,n01843383,96,96,0.57735467,1,imagenet_c,defocus_blur,1,none
efficientnet_b4,ILSVRC2012_val_00049093.JPEG,n01843383,96,96,0.69605726,1,imagenet_c,defocus_blur,1,none
efficientnet_b4,ILSVRC2012_val_00049553.JPEG,n01843383,96,96,0.58366,1,imagenet_c,defocus_blur,1,none
efficientnet_b4,ILSVRC2012_val_00000415.JPEG,n01847000,97,97,0.25056276,1,imagenet_c,defocus_blur,1,none
efficientnet_b4,ILSVRC2012_val_00000744.JPEG,n01847000,97,97,0.6070516,1,imagenet_c,defocus_blur,1,none
efficientnet_b4,ILSVRC2012_val_00001357.JPEG,n01847000,97,97,0.2928671,1,imagenet_c,defocus_blur,1,none
efficientnet_b4,ILSVRC2012_val_00003828.JPEG,n01847000,97,97,0.36531645,1,imagenet_c,defocus_blur,1,none
efficientnet_b4,ILSVRC2012_val_00003957.JPEG,n01847000,97,97,0.32282683,1,imagenet_c,defocus_blur,1,none
efficientnet_b4,ILSVRC2012_val_00006399.JPEG,n01847000,97,142,0.35827908,0,imagenet_c,defocus_blur,1,none
efficientnet_b4,ILSVRC2012_val_00010388.JPEG,n01847000,97,98,0.4797264,0,imagenet_c,defocus_blur,1,none
efficientnet_b4,ILSVRC2012_val_00011584.JPEG,n01847000,97,98,0.19049016,0,imagenet_c,defocus_blur,1,none
efficientnet_b4,ILSVRC2012_val_00011778.JPEG,n01847000,97,97,0.5576947,1,imagenet_c,defocus_blur,1,none
efficientnet_b4,ILSVRC2012_val_00012721.JPEG,n01847000,97,97,0.112776086,1,imagenet_c,defocus_blur,1,none
efficientnet_b4,ILSVRC2012_val_00014416.JPEG,n01847000,97,97,0.61060715,1,imagenet_c,defocus_blur,1,none
efficientnet_b4,ILSVRC2012_val_00015291.JPEG,n01847000,97,97,0.70243204,1,imagenet_c,defocus_blur,1,none
efficientnet_b4,ILSVRC2012_val_00016631.JPEG,n01847000,97,97,0.5361215,1,imagenet_c,defocus_blur,1,none
efficientnet_b4,ILSVRC2012_val_00017887.JPEG,n01847000,97,97,0.36278787,1,imagenet_c,defocus_blur,1,none
efficientnet_b4,ILSVRC2012_val_00018128.JPEG,n01847000,97,97,0.4154512,1,imagenet_c,defocus_blur,1,none
efficientnet_b4,ILSVRC2012_val_00019313.JPEG,n01847000,97,97,0.5221298,1,imagenet_c,defocus_blur,1,none
efficientnet_b4,ILSVRC2012_val_00021372.JPEG,n01847000,97,99,0.22000034,0,imagenet_c,defocus_blur,1,none
efficientnet_b4,ILSVRC2012_val_00022364.JPEG,n01847000,97,97,0.38686225,1,imagenet_c,defocus_blur,1,none
efficientnet_b4,ILSVRC2012_val_00023780.JPEG,n01847000,97,98,0.3582263,0,imagenet_c,defocus_blur,1,none
efficientnet_b4,ILSVRC2012_val_00026811.JPEG,n01847000,97,83,0.17618214,0,imagenet_c,defocus_blur,1,none
efficientnet_b4,ILSVRC2012_val_00027434.JPEG,n01847000,97,97,0.47342697,1,imagenet_c,defocus_blur,1,none
efficientnet_b4,ILSVRC2012_val_00027737.JPEG,n01847000,97,97,0.45418555,1,imagenet_c,defocus_blur,1,none
efficientnet_b4,ILSVRC2012_val_00029022.JPEG,n01847000,97,975,0.09350998,0,imagenet_c,defocus_blur,1,none
efficientnet_b4,ILSVRC2012_val_00029070.JPEG,n01847000,97,98,0.3787909,0,imagenet_c,defocus_blur,1,none
efficientnet_b4,ILSVRC2012_val_00029245.JPEG,n01847000,97,97,0.417894,1,imagenet_c,defocus_blur,1,none
efficientnet_b4,ILSVRC2012_val_00030448.JPEG,n01847000,97,97,0.29720467,1,imagenet_c,defocus_blur,1,none
efficientnet_b4,ILSVRC2012_val_00030568.JPEG,n01847000,97,391,0.2631827,0,imagenet_c,defocus_blur,1,none
efficientnet_b4,ILSVRC2012_val_00031434.JPEG,n01847000,97,97,0.56279343,1,imagenet_c,defocus_blur,1,none
efficientnet_b4,ILSVRC2012_val_00032362.JPEG,n01847000,97,97,0.6178453,1,imagenet_c,defocus_blur,1,none
efficientnet_b4,ILSVRC2012_val_00032503.JPEG,n01847000,97,99,0.2827417,0,imagenet_c,defocus_blur,1,none
efficientnet_b4,ILSVRC2012_val_00033783.JPEG,n01847000,97,97,0.5630204,1,imagenet_c,defocus_blur,1,none
efficientnet_b4,ILSVRC2012_val_00035054.JPEG,n01847000,97,98,0.49050668,0,imagenet_c,defocus_blur,1,none
efficientnet_b4,ILSVRC2012_val_00036040.JPEG,n01847000,97,97,0.31155387,1,imagenet_c,defocus_blur,1,none
efficientnet_b4,ILSVRC2012_val_00036169.JPEG,n01847000,97,97,0.5419852,1,imagenet_c,defocus_blur,1,none
efficientnet_b4,ILSVRC2012_val_00036972.JPEG,n01847000,97,97,0.46766186,1,imagenet_c,defocus_blur,1,none
efficientnet_b4,ILSVRC2012_val_00038505.JPEG,n01847000,97,97,0.47908583,1,imagenet_c,defocus_blur,1,none
efficientnet_b4,ILSVRC2012_val_00040846.JPEG,n01847000,97,97,0.21215948,1,imagenet_c,defocus_blur,1,none
efficientnet_b4,ILSVRC2012_val_00040849.JPEG,n01847000,97,97,0.67152184,1,imagenet_c,defocus_blur,1,none
efficientnet_b4,ILSVRC2012_val_00040897.JPEG,n01847000,97,97,0.5297599,1,imagenet_c,defocus_blur,1,none
efficientnet_b4,ILSVRC2012_val_00041838.JPEG,n01847000,97,97,0.59674037,1,imagenet_c,defocus_blur,1,none
efficientnet_b4,ILSVRC2012_val_00043195.JPEG,n01847000,97,97,0.6953306,1,imagenet_c,defocus_blur,1,none
efficientnet_b4,ILSVRC2012_val_00043484.JPEG,n01847000,97,97,0.40368855,1,imagenet_c,defocus_blur,1,none
efficientnet_b4,ILSVRC2012_val_00045692.JPEG,n01847000,97,97,0.59235275,1,imagenet_c,defocus_blur,1,none
efficientnet_b4,ILSVRC2012_val_00045837.JPEG,n01847000,97,97,0.4005962,1,imagenet_c,defocus_blur,1,none
efficientnet_b4,ILSVRC2012_val_00046903.JPEG,n01847000,97,97,0.36312222,1,imagenet_c,defocus_blur,1,none
efficientnet_b4,ILSVRC2012_val_00046978.JPEG,n01847000,97,98,0.4300307,0,imagenet_c,defocus_blur,1,none
efficientnet_b4,ILSVRC2012_val_00047009.JPEG,n01847000,97,98,0.20554845,0,imagenet_c,defocus_blur,1,none
efficientnet_b4,ILSVRC2012_val_00047833.JPEG,n01847000,97,98,0.4866802,0,imagenet_c,defocus_blur,1,none
efficientnet_b4,ILSVRC2012_val_00048252.JPEG,n01847000,97,97,0.44395843,1,imagenet_c,defocus_blur,1,none
efficientnet_b4,ILSVRC2012_val_00049416.JPEG,n01847000,97,97,0.35417676,1,imagenet_c,defocus_blur,1,none
efficientnet_b4,ILSVRC2012_val_00002309.JPEG,n01855032,98,98,0.4534183,1,imagenet_c,defocus_blur,1,none
efficientnet_b4,ILSVRC2012_val_00006555.JPEG,n01855032,98,98,0.7026049,1,imagenet_c,defocus_blur,1,none
efficientnet_b4,ILSVRC2012_val_00007973.JPEG,n01855032,98,98,0.6948386,1,imagenet_c,defocus_blur,1,none
efficientnet_b4,ILSVRC2012_val_00010810.JPEG,n01855032,98,98,0.72125137,1,imagenet_c,defocus_blur,1,none
efficientnet_b4,ILSVRC2012_val_00011488.JPEG,n01855032,98,98,0.5943427,1,imagenet_c,defocus_blur,1,none
efficientnet_b4,ILSVRC2012_val_00011874.JPEG,n01855032,98,98,0.6901425,1,imagenet_c,defocus_blur,1,none
efficientnet_b4,ILSVRC2012_val_00012488.JPEG,n01855032,98,98,0.6003708,1,imagenet_c,defocus_blur,1,none
efficientnet_b4,ILSVRC2012_val_00013343.JPEG,n01855032,98,98,0.64047635,1,imagenet_c,defocus_blur,1,none
efficientnet_b4,ILSVRC2012_val_00014097.JPEG,n01855032,98,148,0.18371092,0,imagenet_c,defocus_blur,1,none
efficientnet_b4,ILSVRC2012_val_00014478.JPEG,n01855032,98,98,0.69262326,1,imagenet_c,defocus_blur,1,none
efficientnet_b4,ILSVRC2012_val_00015322.JPEG,n01855032,98,98,0.6684355,1,imagenet_c,defocus_blur,1,none
efficientnet_b4,ILSVRC2012_val_00016081.JPEG,n01855032,98,98,0.6802107,1,imagenet_c,defocus_blur,1,none
efficientnet_b4,ILSVRC2012_val_00021341.JPEG,n01855032,98,98,0.6474083,1,imagenet_c,defocus_blur,1,none
efficientnet_b4,ILSVRC2012_val_00023413.JPEG,n01855032,98,98,0.567575,1,imagenet_c,defocus_blur,1,none
efficientnet_b4,ILSVRC2012_val_00024273.JPEG,n01855032,98,98,0.6160082,1,imagenet_c,defocus_blur,1,none
efficientnet_b4,ILSVRC2012_val_00024726.JPEG,n01855032,98,98,0.7778693,1,imagenet_c,defocus_blur,1,none
efficientnet_b4,ILSVRC2012_val_00025130.JPEG,n01855032,98,98,0.673483,1,imagenet_c,defocus_blur,1,none
efficientnet_b4,ILSVRC2012_val_00026967.JPEG,n01855032,98,98,0.6243641,1,imagenet_c,defocus_blur,1,none
efficientnet_b4,ILSVRC2012_val_00027070.JPEG,n01855032,98,98,0.6934526,1,imagenet_c,defocus_blur,1,none
efficientnet_b4,ILSVRC2012_val_00030400.JPEG,n01855032,98,98,0.6593301,1,imagenet_c,defocus_blur,1,none
efficientnet_b4,ILSVRC2012_val_00031847.JPEG,n01855032,98,98,0.6942118,1,imagenet_c,defocus_blur,1,none
efficientnet_b4,ILSVRC2012_val_00031879.JPEG,n01855032,98,98,0.8693751,1,imagenet_c,defocus_blur,1,none
efficientnet_b4,ILSVRC2012_val_00032350.JPEG,n01855032,98,98,0.6555981,1,imagenet_c,defocus_blur,1,none
efficientnet_b4,ILSVRC2012_val_00033716.JPEG,n01855032,98,98,0.6316586,1,imagenet_c,defocus_blur,1,none
efficientnet_b4,ILSVRC2012_val_00034315.JPEG,n01855032,98,98,0.7154777,1,imagenet_c,defocus_blur,1,none
efficientnet_b4,ILSVRC2012_val_00034749.JPEG,n01855032,98,98,0.6531368,1,imagenet_c,defocus_blur,1,none
efficientnet_b4,ILSVRC2012_val_00035555.JPEG,n01855032,98,98,0.7202064,1,imagenet_c,defocus_blur,1,none
efficientnet_b4,ILSVRC2012_val_00035647.JPEG,n01855032,98,143,0.107344024,0,imagenet_c,defocus_blur,1,none
efficientnet_b4,ILSVRC2012_val_00036162.JPEG,n01855032,98,98,0.5858779,1,imagenet_c,defocus_blur,1,none
efficientnet_b4,ILSVRC2012_val_00036540.JPEG,n01855032,98,98,0.5056254,1,imagenet_c,defocus_blur,1,none
efficientnet_b4,ILSVRC2012_val_00036704.JPEG,n01855032,98,98,0.6936674,1,imagenet_c,defocus_blur,1,none
efficientnet_b4,ILSVRC2012_val_00037149.JPEG,n01855032,98,98,0.7289535,1,imagenet_c,defocus_blur,1,none
efficientnet_b4,ILSVRC2012_val_00037337.JPEG,n01855032,98,98,0.692186,1,imagenet_c,defocus_blur,1,none
efficientnet_b4,ILSVRC2012_val_00037500.JPEG,n01855032,98,98,0.742548,1,imagenet_c,defocus_blur,1,none
efficientnet_b4,ILSVRC2012_val_00037572.JPEG,n01855032,98,98,0.5189487,1,imagenet_c,defocus_blur,1,none
efficientnet_b4,ILSVRC2012_val_00037710.JPEG,n01855032,98,98,0.7457658,1,imagenet_c,defocus_blur,1,none
efficientnet_b4,ILSVRC2012_val_00039907.JPEG,n01855032,98,98,0.2259941,1,imagenet_c,defocus_blur,1,none
efficientnet_b4,ILSVRC2012_val_00039957.JPEG,n01855032,98,98,0.72070336,1,imagenet_c,defocus_blur,1,none
efficientnet_b4,ILSVRC2012_val_00040899.JPEG,n01855032,98,98,0.78931475,1,imagenet_c,defocus_blur,1,none
efficientnet_b4,ILSVRC2012_val_00041850.JPEG,n01855032,98,98,0.5068145,1,imagenet_c,defocus_blur,1,none
efficientnet_b4,ILSVRC2012_val_00041982.JPEG,n01855032,98,336,0.11639067,0,imagenet_c,defocus_blur,1,none
efficientnet_b4,ILSVRC2012_val_00042586.JPEG,n01855032,98,98,0.83289427,1,imagenet_c,defocus_blur,1,none
efficientnet_b4,ILSVRC2012_val_00042824.JPEG,n01855032,98,978,0.043744367,0,imagenet_c,defocus_blur,1,none
efficientnet_b4,ILSVRC2012_val_00043899.JPEG,n01855032,98,98,0.63714355,1,imagenet_c,defocus_blur,1,none
efficientnet_b4,ILSVRC2012_val_00044238.JPEG,n01855032,98,98,0.6893587,1,imagenet_c,defocus_blur,1,none
efficientnet_b4,ILSVRC2012_val_00044677.JPEG,n01855032,98,98,0.6329554,1,imagenet_c,defocus_blur,1,none
efficientnet_b4,ILSVRC2012_val_00044916.JPEG,n01855032,98,98,0.8141788,1,imagenet_c,defocus_blur,1,none
efficientnet_b4,ILSVRC2012_val_00045281.JPEG,n01855032,98,140,0.054631248,0,imagenet_c,defocus_blur,1,none
efficientnet_b4,ILSVRC2012_val_00046041.JPEG,n01855032,98,98,0.53917384,1,imagenet_c,defocus_blur,1,none
efficientnet_b4,ILSVRC2012_val_00046316.JPEG,n01855032,98,98,0.6270193,1,imagenet_c,defocus_blur,1,none
efficientnet_b4,ILSVRC2012_val_00000547.JPEG,n01855672,99,99,0.5942602,1,imagenet_c,defocus_blur,1,none
efficientnet_b4,ILSVRC2012_val_00002997.JPEG,n01855672,99,368,0.14106725,0,imagenet_c,defocus_blur,1,none
efficientnet_b4,ILSVRC2012_val_00003364.JPEG,n01855672,99,99,0.4405828,1,imagenet_c,defocus_blur,1,none
efficientnet_b4,ILSVRC2012_val_00004226.JPEG,n01855672,99,99,0.45296407,1,imagenet_c,defocus_blur,1,none
efficientnet_b4,ILSVRC2012_val_00004235.JPEG,n01855672,99,99,0.7143876,1,imagenet_c,defocus_blur,1,none
efficientnet_b4,ILSVRC2012_val_00006626.JPEG,n01855672,99,99,0.26222086,1,imagenet_c,defocus_blur,1,none
efficientnet_b4,ILSVRC2012_val_00008834.JPEG,n01855672,99,99,0.34748656,1,imagenet_c,defocus_blur,1,none
efficientnet_b4,ILSVRC2012_val_00009610.JPEG,n01855672,99,99,0.5851521,1,imagenet_c,defocus_blur,1,none
efficientnet_b4,ILSVRC2012_val_00009841.JPEG,n01855672,99,99,0.11376205,1,imagenet_c,defocus_blur,1,none
efficientnet_b4,ILSVRC2012_val_00012089.JPEG,n01855672,99,99,0.42529756,1,imagenet_c,defocus_blur,1,none
efficientnet_b4,ILSVRC2012_val_00013794.JPEG,n01855672,99,99,0.65890133,1,imagenet_c,defocus_blur,1,none
efficientnet_b4,ILSVRC2012_val_00015675.JPEG,n01855672,99,99,0.48103458,1,imagenet_c,defocus_blur,1,none
efficientnet_b4,ILSVRC2012_val_00016195.JPEG,n01855672,99,99,0.42633265,1,imagenet_c,defocus_blur,1,none
efficientnet_b4,ILSVRC2012_val_00016490.JPEG,n01855672,99,921,0.67829555,0,imagenet_c,defocus_blur,1,none
efficientnet_b4,ILSVRC2012_val_00016580.JPEG,n01855672,99,148,0.42942542,0,imagenet_c,defocus_blur,1,none
efficientnet_b4,ILSVRC2012_val_00018602.JPEG,n01855672,99,99,0.44048038,1,imagenet_c,defocus_blur,1,none
efficientnet_b4,ILSVRC2012_val_00019429.JPEG,n01855672,99,21,0.35863373,0,imagenet_c,defocus_blur,1,none
efficientnet_b4,ILSVRC2012_val_00020179.JPEG,n01855672,99,975,0.10689781,0,imagenet_c,defocus_blur,1,none
efficientnet_b4,ILSVRC2012_val_00021351.JPEG,n01855672,99,98,0.3522387,0,imagenet_c,defocus_blur,1,none
efficientnet_b4,ILSVRC2012_val_00021858.JPEG,n01855672,99,99,0.36261863,1,imagenet_c,defocus_blur,1,none
efficientnet_b4,ILSVRC2012_val_00023709.JPEG,n01855672,99,137,0.18073401,0,imagenet_c,defocus_blur,1,none
efficientnet_b4,ILSVRC2012_val_00025256.JPEG,n01855672,99,99,0.6458222,1,imagenet_c,defocus_blur,1,none
efficientnet_b4,ILSVRC2012_val_00025667.JPEG,n01855672,99,978,0.052510947,0,imagenet_c,defocus_blur,1,none
efficientnet_b4,ILSVRC2012_val_00025924.JPEG,n01855672,99,80,0.3609761,0,imagenet_c,defocus_blur,1,none
efficientnet_b4,ILSVRC2012_val_00026155.JPEG,n01855672,99,98,0.26154974,0,imagenet_c,defocus_blur,1,none
efficientnet_b4,ILSVRC2012_val_00028438.JPEG,n01855672,99,99,0.30432567,1,imagenet_c,defocus_blur,1,none
efficientnet_b4,ILSVRC2012_val_00029226.JPEG,n01855672,99,127,0.12341251,0,imagenet_c,defocus_blur,1,none
efficientnet_b4,ILSVRC2012_val_00029351.JPEG,n01855672,99,99,0.3879287,1,imagenet_c,defocus_blur,1,none
efficientnet_b4,ILSVRC2012_val_00029698.JPEG,n01855672,99,99,0.59682524,1,imagenet_c,defocus_blur,1,none
efficientnet_b4,ILSVRC2012_val_00029785.JPEG,n01855672,99,99,0.36461717,1,imagenet_c,defocus_blur,1,none
efficientnet_b4,ILSVRC2012_val_00030245.JPEG,n01855672,99,99,0.4654562,1,imagenet_c,defocus_blur,1,none
efficientnet_b4,ILSVRC2012_val_00032295.JPEG,n01855672,99,99,0.39518234,1,imagenet_c,defocus_blur,1,none
efficientnet_b4,ILSVRC2012_val_00032879.JPEG,n01855672,99,99,0.5879464,1,imagenet_c,defocus_blur,1,none
efficientnet_b4,ILSVRC2012_val_00033076.JPEG,n01855672,99,99,0.822499,1,imagenet_c,defocus_blur,1,none
efficientnet_b4,ILSVRC2012_val_00033257.JPEG,n01855672,99,99,0.4380008,1,imagenet_c,defocus_blur,1,none
efficientnet_b4,ILSVRC2012_val_00033945.JPEG,n01855672,99,99,0.26537672,1,imagenet_c,defocus_blur,1,none
efficientnet_b4,ILSVRC2012_val_00035183.JPEG,n01855672,99,99,0.5646737,1,imagenet_c,defocus_blur,1,none
efficientnet_b4,ILSVRC2012_val_00036423.JPEG,n01855672,99,99,0.53730947,1,imagenet_c,defocus_blur,1,none
efficientnet_b4,ILSVRC2012_val_00036968.JPEG,n01855672,99,99,0.62282145,1,imagenet_c,defocus_blur,1,none
efficientnet_b4,ILSVRC2012_val_00036969.JPEG,n01855672,99,895,0.3030858,0,imagenet_c,defocus_blur,1,none
efficientnet_b4,ILSVRC2012_val_00042541.JPEG,n01855672,99,99,0.47434288,1,imagenet_c,defocus_blur,1,none
efficientnet_b4,ILSVRC2012_val_00043173.JPEG,n01855672,99,99,0.514393,1,imagenet_c,defocus_blur,1,none
efficientnet_b4,ILSVRC2012_val_00043927.JPEG,n01855672,99,140,0.2644555,0,imagenet_c,defocus_blur,1,none
efficientnet_b4,ILSVRC2012_val_00043968.JPEG,n01855672,99,130,0.09396812,0,imagenet_c,defocus_blur,1,none
efficientnet_b4,ILSVRC2012_val_00045520.JPEG,n01855672,99,99,0.7238253,1,imagenet_c,defocus_blur,1,none
efficientnet_b4,ILSVRC2012_val_00045728.JPEG,n01855672,99,99,0.5581568,1,imagenet_c,defocus_blur,1,none
efficientnet_b4,ILSVRC2012_val_00047025.JPEG,n01855672,99,99,0.5720238,1,imagenet_c,defocus_blur,1,none
efficientnet_b4,ILSVRC2012_val_00047073.JPEG,n01855672,99,99,0.56226015,1,imagenet_c,defocus_blur,1,none
efficientnet_b4,ILSVRC2012_val_00047108.JPEG,n01855672,99,99,0.48401237,1,imagenet_c,defocus_blur,1,none
efficientnet_b4,ILSVRC2012_val_00049352.JPEG,n01855672,99,99,0.5903324,1,imagenet_c,defocus_blur,1,none
efficientnet_b4,ILSVRC2012_val_00000466.JPEG,n01860187,100,100,0.4935973,1,imagenet_c,defocus_blur,1,none
efficientnet_b4,ILSVRC2012_val_00001044.JPEG,n01860187,100,100,0.35907045,1,imagenet_c,defocus_blur,1,none
efficientnet_b4,ILSVRC2012_val_00001732.JPEG,n01860187,100,100,0.5298163,1,imagenet_c,defocus_blur,1,none
efficientnet_b4,ILSVRC2012_val_00001867.JPEG,n01860187,100,100,0.48136047,1,imagenet_c,defocus_blur,1,none
efficientnet_b4,ILSVRC2012_val_00003775.JPEG,n01860187,100,100,0.5170978,1,imagenet_c,defocus_blur,1,none
efficientnet_b4,ILSVRC2012_val_00004627.JPEG,n01860187,100,100,0.46639794,1,imagenet_c,defocus_blur,1,none
efficientnet_b4,ILSVRC2012_val_00006049.JPEG,n01860187,100,100,0.69666123,1,imagenet_c,defocus_blur,1,none
efficientnet_b4,ILSVRC2012_val_00006562.JPEG,n01860187,100,100,0.5425521,1,imagenet_c,defocus_blur,1,none
efficientnet_b4,ILSVRC2012_val_00007343.JPEG,n01860187,100,100,0.35069326,1,imagenet_c,defocus_blur,1,none
efficientnet_b4,ILSVRC2012_val_00007423.JPEG,n01860187,100,100,0.46982065,1,imagenet_c,defocus_blur,1,none
efficientnet_b4,ILSVRC2012_val_00007700.JPEG,n01860187,100,100,0.5411725,1,imagenet_c,defocus_blur,1,none
efficientnet_b4,ILSVRC2012_val_00009752.JPEG,n01860187,100,100,0.4570597,1,imagenet_c,defocus_blur,1,none
efficientnet_b4,ILSVRC2012_val_00009998.JPEG,n01860187,100,100,0.404327,1,imagenet_c,defocus_blur,1,none
efficientnet_b4,ILSVRC2012_val_00010035.JPEG,n01860187,100,100,0.59315425,1,imagenet_c,defocus_blur,1,none
efficientnet_b4,ILSVRC2012_val_00013564.JPEG,n01860187,100,100,0.4817746,1,imagenet_c,defocus_blur,1,none
efficientnet_b4,ILSVRC2012_val_00014707.JPEG,n01860187,100,100,0.47220743,1,imagenet_c,defocus_blur,1,none
efficientnet_b4,ILSVRC2012_val_00015899.JPEG,n01860187,100,100,0.5273605,1,imagenet_c,defocus_blur,1,none
efficientnet_b4,ILSVRC2012_val_00016852.JPEG,n01860187,100,100,0.41187748,1,imagenet_c,defocus_blur,1,none
efficientnet_b4,ILSVRC2012_val_00017207.JPEG,n01860187,100,100,0.30407852,1,imagenet_c,defocus_blur,1,none
efficientnet_b4,ILSVRC2012_val_00017280.JPEG,n01860187,100,100,0.3669834,1,imagenet_c,defocus_blur,1,none
efficientnet_b4,ILSVRC2012_val_00017441.JPEG,n01860187,100,100,0.5081497,1,imagenet_c,defocus_blur,1,none
efficientnet_b4,ILSVRC2012_val_00017931.JPEG,n01860187,100,100,0.47724843,1,imagenet_c,defocus_blur,1,none
efficientnet_b4,ILSVRC2012_val_00019022.JPEG,n01860187,100,814,0.12899467,0,imagenet_c,defocus_blur,1,none
efficientnet_b4,ILSVRC2012_val_00021594.JPEG,n01860187,100,100,0.4493071,1,imagenet_c,defocus_blur,1,none
efficientnet_b4,ILSVRC2012_val_00022070.JPEG,n01860187,100,100,0.49148202,1,imagenet_c,defocus_blur,1,none
efficientnet_b4,ILSVRC2012_val_00025764.JPEG,n01860187,100,100,0.3408078,1,imagenet_c,defocus_blur,1,none
efficientnet_b4,ILSVRC2012_val_00027816.JPEG,n01860187,100,98,0.35402662,0,imagenet_c,defocus_blur,1,none
efficientnet_b4,ILSVRC2012_val_00028395.JPEG,n01860187,100,100,0.4817965,1,imagenet_c,defocus_blur,1,none
efficientnet_b4,ILSVRC2012_val_00029298.JPEG,n01860187,100,100,0.40706363,1,imagenet_c,defocus_blur,1,none
efficientnet_b4,ILSVRC2012_val_00030887.JPEG,n01860187,100,100,0.46865726,1,imagenet_c,defocus_blur,1,none
efficientnet_b4,ILSVRC2012_val_00031342.JPEG,n01860187,100,100,0.538128,1,imagenet_c,defocus_blur,1,none
efficientnet_b4,ILSVRC2012_val_00032982.JPEG,n01860187,100,100,0.53600127,1,imagenet_c,defocus_blur,1,none
efficientnet_b4,ILSVRC2012_val_00033045.JPEG,n01860187,100,100,0.48782292,1,imagenet_c,defocus_blur,1,none
efficientnet_b4,ILSVRC2012_val_00033604.JPEG,n01860187,100,100,0.38019893,1,imagenet_c,defocus_blur,1,none
efficientnet_b4,ILSVRC2012_val_00033733.JPEG,n01860187,100,100,0.4932703,1,imagenet_c,defocus_blur,1,none
efficientnet_b4,ILSVRC2012_val_00033823.JPEG,n01860187,100,100,0.54808533,1,imagenet_c,defocus_blur,1,none
efficientnet_b4,ILSVRC2012_val_00034984.JPEG,n01860187,100,100,0.56206876,1,imagenet_c,defocus_blur,1,none
efficientnet_b4,ILSVRC2012_val_00035499.JPEG,n01860187,100,100,0.45394903,1,imagenet_c,defocus_blur,1,none
efficientnet_b4,ILSVRC2012_val_00038126.JPEG,n01860187,100,100,0.44375294,1,imagenet_c,defocus_blur,1,none
efficientnet_b4,ILSVRC2012_val_00039426.JPEG,n01860187,100,100,0.45432195,1,imagenet_c,defocus_blur,1,none
efficientnet_b4,ILSVRC2012_val_00040025.JPEG,n01860187,100,100,0.17054777,1,imagenet_c,defocus_blur,1,none
efficientnet_b4,ILSVRC2012_val_00042128.JPEG,n01860187,100,100,0.6259163,1,imagenet_c,defocus_blur,1,none
efficientnet_b4,ILSVRC2012_val_00042480.JPEG,n01860187,100,100,0.49607983,1,imagenet_c,defocus_blur,1,none
efficientnet_b4,ILSVRC2012_val_00044422.JPEG,n01860187,100,100,0.6372074,1,imagenet_c,defocus_blur,1,none
efficientnet_b4,ILSVRC2012_val_00044515.JPEG,n01860187,100,100,0.52873796,1,imagenet_c,defocus_blur,1,none
efficientnet_b4,ILSVRC2012_val_00044933.JPEG,n01860187,100,100,0.4259453,1,imagenet_c,defocus_blur,1,none
efficientnet_b4,ILSVRC2012_val_00045505.JPEG,n01860187,100,99,0.17968553,0,imagenet_c,defocus_blur,1,none
efficientnet_b4,ILSVRC2012_val_00047317.JPEG,n01860187,100,100,0.45966294,1,imagenet_c,defocus_blur,1,none
efficientnet_b4,ILSVRC2012_val_00048039.JPEG,n01860187,100,100,0.6920671,1,imagenet_c,defocus_blur,1,none
efficientnet_b4,ILSVRC2012_val_00049937.JPEG,n01860187,100,100,0.52576554,1,imagenet_c,defocus_blur,1,none
efficientnet_b4,ILSVRC2012_val_00000067.JPEG,n01871265,101,101,0.6487869,1,imagenet_c,defocus_blur,1,none
efficientnet_b4,ILSVRC2012_val_00000754.JPEG,n01871265,101,101,0.5888787,1,imagenet_c,defocus_blur,1,none
efficientnet_b4,ILSVRC2012_val_00001358.JPEG,n01871265,101,101,0.24907748,1,imagenet_c,defocus_blur,1,none
efficientnet_b4,ILSVRC2012_val_00002625.JPEG,n01871265,101,101,0.58595353,1,imagenet_c,defocus_blur,1,none
efficientnet_b4,ILSVRC2012_val_00002998.JPEG,n01871265,101,101,0.35054916,1,imagenet_c,defocus_blur,1,none
efficientnet_b4,ILSVRC2012_val_00003650.JPEG,n01871265,101,385,0.31362903,0,imagenet_c,defocus_blur,1,none
efficientnet_b4,ILSVRC2012_val_00005860.JPEG,n01871265,101,101,0.105652295,1,imagenet_c,defocus_blur,1,none
efficientnet_b4,ILSVRC2012_val_00006725.JPEG,n01871265,101,101,0.6046253,1,imagenet_c,defocus_blur,1,none
efficientnet_b4,ILSVRC2012_val_00007884.JPEG,n01871265,101,101,0.49953753,1,imagenet_c,defocus_blur,1,none
efficientnet_b4,ILSVRC2012_val_00008028.JPEG,n01871265,101,101,0.3029071,1,imagenet_c,defocus_blur,1,none
efficientnet_b4,ILSVRC2012_val_00008041.JPEG,n01871265,101,101,0.6212309,1,imagenet_c,defocus_blur,1,none
efficientnet_b4,ILSVRC2012_val_00008127.JPEG,n01871265,101,101,0.47686958,1,imagenet_c,defocus_blur,1,none
efficientnet_b4,ILSVRC2012_val_00011218.JPEG,n01871265,101,386,0.22830726,0,imagenet_c,defocus_blur,1,none
efficientnet_b4,ILSVRC2012_val_00012976.JPEG,n01871265,101,101,0.6921437,1,imagenet_c,defocus_blur,1,none
efficientnet_b4,ILSVRC2012_val_00013649.JPEG,n01871265,101,101,0.43054268,1,imagenet_c,defocus_blur,1,none
efficientnet_b4,ILSVRC2012_val_00015958.JPEG,n01871265,101,101,0.38738412,1,imagenet_c,defocus_blur,1,none
efficientnet_b4,ILSVRC2012_val_00015986.JPEG,n01871265,101,101,0.55169386,1,imagenet_c,defocus_blur,1,none
efficientnet_b4,ILSVRC2012_val_00017361.JPEG,n01871265,101,101,0.3897458,1,imagenet_c,defocus_blur,1,none
efficientnet_b4,ILSVRC2012_val_00018532.JPEG,n01871265,101,101,0.6349655,1,imagenet_c,defocus_blur,1,none
efficientnet_b4,ILSVRC2012_val_00021170.JPEG,n01871265,101,101,0.6436577,1,imagenet_c,defocus_blur,1,none
efficientnet_b4,ILSVRC2012_val_00026221.JPEG,n01871265,101,346,0.21244045,0,imagenet_c,defocus_blur,1,none
efficientnet_b4,ILSVRC2012_val_00026642.JPEG,n01871265,101,101,0.29239896,1,imagenet_c,defocus_blur,1,none
efficientnet_b4,ILSVRC2012_val_00027274.JPEG,n01871265,101,101,0.49501294,1,imagenet_c,defocus_blur,1,none
efficientnet_b4,ILSVRC2012_val_00027280.JPEG,n01871265,101,862,0.41576082,0,imagenet_c,defocus_blur,1,none
efficientnet_b4,ILSVRC2012_val_00029569.JPEG,n01871265,101,101,0.41899824,1,imagenet_c,defocus_blur,1,none
efficientnet_b4,ILSVRC2012_val_00031112.JPEG,n01871265,101,101,0.73776186,1,imagenet_c,defocus_blur,1,none
efficientnet_b4,ILSVRC2012_val_00031269.JPEG,n01871265,101,101,0.64775366,1,imagenet_c,defocus_blur,1,none
efficientnet_b4,ILSVRC2012_val_00031675.JPEG,n01871265,101,101,0.3765094,1,imagenet_c,defocus_blur,1,none
efficientnet_b4,ILSVRC2012_val_00033088.JPEG,n01871265,101,385,0.37287176,0,imagenet_c,defocus_blur,1,none
efficientnet_b4,ILSVRC2012_val_00033331.JPEG,n01871265,101,101,0.72016877,1,imagenet_c,defocus_blur,1,none
efficientnet_b4,ILSVRC2012_val_00033628.JPEG,n01871265,101,374,0.0406306,0,imagenet_c,defocus_blur,1,none
efficientnet_b4,ILSVRC2012_val_00034307.JPEG,n01871265,101,101,0.4902047,1,imagenet_c,defocus_blur,1,none
efficientnet_b4,ILSVRC2012_val_00034969.JPEG,n01871265,101,101,0.5655923,1,imagenet_c,defocus_blur,1,none
efficientnet_b4,ILSVRC2012_val_00036826.JPEG,n01871265,101,101,0.469828,1,imagenet_c,defocus_blur,1,none
efficientnet_b4,ILSVRC2012_val_00038178.JPEG,n01871265,101,101,0.6218139,1,imagenet_c,defocus_blur,1,none
efficientnet_b4,ILSVRC2012_val_00038616.JPEG,n01871265,101,101,0.55911976,1,imagenet_c,defocus_blur,1,none
efficientnet_b4,ILSVRC2012_val_00038632.JPEG,n01871265,101,101,0.44614816,1,imagenet_c,defocus_blur,1,none
efficientnet_b4,ILSVRC2012_val_00038663.JPEG,n01871265,101,101,0.63373595,1,imagenet_c,defocus_blur,1,none
efficientnet_b4,ILSVRC2012_val_00041516.JPEG,n01871265,101,101,0.3889967,1,imagenet_c,defocus_blur,1,none
efficientnet_b4,ILSVRC2012_val_00041751.JPEG,n01871265,101,101,0.64344555,1,imagenet_c,defocus_blur,1,none
efficientnet_b4,ILSVRC2012_val_00042661.JPEG,n01871265,101,101,0.73358774,1,imagenet_c,defocus_blur,1,none
efficientnet_b4,ILSVRC2012_val_00043508.JPEG,n01871265,101,101,0.4209916,1,imagenet_c,defocus_blur,1,none
efficientnet_b4,ILSVRC2012_val_00044320.JPEG,n01871265,101,385,0.3933513,0,imagenet_c,defocus_blur,1,none
efficientnet_b4,ILSVRC2012_val_00045361.JPEG,n01871265,101,385,0.2783039,0,imagenet_c,defocus_blur,1,none
efficientnet_b4,ILSVRC2012_val_00045814.JPEG,n01871265,101,101,0.65506697,1,imagenet_c,defocus_blur,1,none
efficientnet_b4,ILSVRC2012_val_00046452.JPEG,n01871265,101,101,0.55049205,1,imagenet_c,defocus_blur,1,none
efficientnet_b4,ILSVRC2012_val_00046757.JPEG,n01871265,101,386,0.3300709,0,imagenet_c,defocus_blur,1,none
efficientnet_b4,ILSVRC2012_val_00047945.JPEG,n01871265,101,101,0.42127118,1,imagenet_c,defocus_blur,1,none
efficientnet_b4,ILSVRC2012_val_00048090.JPEG,n01871265,101,101,0.31907544,1,imagenet_c,defocus_blur,1,none
efficientnet_b4,ILSVRC2012_val_00049994.JPEG,n01871265,101,101,0.42843807,1,imagenet_c,defocus_blur,1,none
efficientnet_b4,ILSVRC2012_val_00000319.JPEG,n01872401,102,102,0.6006235,1,imagenet_c,defocus_blur,1,none
efficientnet_b4,ILSVRC2012_val_00000628.JPEG,n01872401,102,102,0.58450073,1,imagenet_c,defocus_blur,1,none
efficientnet_b4,ILSVRC2012_val_00001329.JPEG,n01872401,102,102,0.57821494,1,imagenet_c,defocus_blur,1,none
efficientnet_b4,ILSVRC2012_val_00002522.JPEG,n01872401,102,102,0.6376792,1,imagenet_c,defocus_blur,1,none
efficientnet_b4,ILSVRC2012_val_00003827.JPEG,n01872401,102,102,0.684482,1,imagenet_c,defocus_blur,1,none
efficientnet_b4,ILSVRC2012_val_00004167.JPEG,n01872401,102,102,0.6289568,1,imagenet_c,defocus_blur,1,none
efficientnet_b4,ILSVRC2012_val_00004964.JPEG,n01872401,102,102,0.19192334,1,imagenet_c,defocus_blur,1,none
efficientnet_b4,ILSVRC2012_val_00005805.JPEG,n01872401,102,102,0.20304538,1,imagenet_c,defocus_blur,1,none
efficientnet_b4,ILSVRC2012_val_00006148.JPEG,n01872401,102,102,0.3594442,1,imagenet_c,defocus_blur,1,none
efficientnet_b4,ILSVRC2012_val_00008843.JPEG,n01872401,102,102,0.58791083,1,imagenet_c,defocus_blur,1,none
efficientnet_b4,ILSVRC2012_val_00009839.JPEG,n01872401,102,126,0.19420817,0,imagenet_c,defocus_blur,1,none
efficientnet_b4,ILSVRC2012_val_00011128.JPEG,n01872401,102,102,0.6171092,1,imagenet_c,defocus_blur,1,none
efficientnet_b4,ILSVRC2012_val_00011884.JPEG,n01872401,102,102,0.55229694,1,imagenet_c,defocus_blur,1,none
efficientnet_b4,ILSVRC2012_val_00014248.JPEG,n01872401,102,102,0.4795211,1,imagenet_c,defocus_blur,1,none
efficientnet_b4,ILSVRC2012_val_00014831.JPEG,n01872401,102,102,0.6022798,1,imagenet_c,defocus_blur,1,none
efficientnet_b4,ILSVRC2012_val_00015560.JPEG,n01872401,102,102,0.2482699,1,imagenet_c,defocus_blur,1,none
efficientnet_b4,ILSVRC2012_val_00017827.JPEG,n01872401,102,102,0.5997684,1,imagenet_c,defocus_blur,1,none
efficientnet_b4,ILSVRC2012_val_00018132.JPEG,n01872401,102,102,0.6539445,1,imagenet_c,defocus_blur,1,none
efficientnet_b4,ILSVRC2012_val_00021068.JPEG,n01872401,102,102,0.60338324,1,imagenet_c,defocus_blur,1,none
efficientnet_b4,ILSVRC2012_val_00024080.JPEG,n01872401,102,102,0.5709239,1,imagenet_c,defocus_blur,1,none
efficientnet_b4,ILSVRC2012_val_00024390.JPEG,n01872401,102,102,0.6612603,1,imagenet_c,defocus_blur,1,none
efficientnet_b4,ILSVRC2012_val_00025248.JPEG,n01872401,102,102,0.8521509,1,imagenet_c,defocus_blur,1,none
efficientnet_b4,ILSVRC2012_val_00025898.JPEG,n01872401,102,102,0.6088015,1,imagenet_c,defocus_blur,1,none
efficientnet_b4,ILSVRC2012_val_00025946.JPEG,n01872401,102,102,0.426807,1,imagenet_c,defocus_blur,1,none
efficientnet_b4,ILSVRC2012_val_00026263.JPEG,n01872401,102,102,0.6133913,1,imagenet_c,defocus_blur,1,none
efficientnet_b4,ILSVRC2012_val_00026471.JPEG,n01872401,102,102,0.6007585,1,imagenet_c,defocus_blur,1,none
efficientnet_b4,ILSVRC2012_val_00028325.JPEG,n01872401,102,102,0.59829724,1,imagenet_c,defocus_blur,1,none
efficientnet_b4,ILSVRC2012_val_00030500.JPEG,n01872401,102,102,0.6527793,1,imagenet_c,defocus_blur,1,none
efficientnet_b4,ILSVRC2012_val_00030772.JPEG,n01872401,102,102,0.6675456,1,imagenet_c,defocus_blur,1,none
efficientnet_b4,ILSVRC2012_val_00031907.JPEG,n01872401,102,102,0.5187351,1,imagenet_c,defocus_blur,1,none
efficientnet_b4,ILSVRC2012_val_00033380.JPEG,n01872401,102,102,0.6252708,1,imagenet_c,defocus_blur,1,none
efficientnet_b4,ILSVRC2012_val_00033439.JPEG,n01872401,102,102,0.69115585,1,imagenet_c,defocus_blur,1,none
efficientnet_b4,ILSVRC2012_val_00034301.JPEG,n01872401,102,102,0.5873175,1,imagenet_c,defocus_blur,1,none
efficientnet_b4,ILSVRC2012_val_00034476.JPEG,n01872401,102,102,0.7310585,1,imagenet_c,defocus_blur,1,none
efficientnet_b4,ILSVRC2012_val_00037017.JPEG,n01872401,102,102,0.6079558,1,imagenet_c,defocus_blur,1,none
efficientnet_b4,ILSVRC2012_val_00038092.JPEG,n01872401,102,102,0.6217668,1,imagenet_c,defocus_blur,1,none
efficientnet_b4,ILSVRC2012_val_00038572.JPEG,n01872401,102,102,0.6302026,1,imagenet_c,defocus_blur,1,none
efficientnet_b4,ILSVRC2012_val_00039058.JPEG,n01872401,102,102,0.77776843,1,imagenet_c,defocus_blur,1,none
efficientnet_b4,ILSVRC2012_val_00042042.JPEG,n01872401,102,102,0.59475034,1,imagenet_c,defocus_blur,1,none
efficientnet_b4,ILSVRC2012_val_00042693.JPEG,n01872401,102,102,0.12323766,1,imagenet_c,defocus_blur,1,none
efficientnet_b4,ILSVRC2012_val_00044584.JPEG,n01872401,102,102,0.6687426,1,imagenet_c,defocus_blur,1,none
efficientnet_b4,ILSVRC2012_val_00045140.JPEG,n01872401,102,106,0.18081577,0,imagenet_c,defocus_blur,1,none
efficientnet_b4,ILSVRC2012_val_00045443.JPEG,n01872401,102,102,0.5454164,1,imagenet_c,defocus_blur,1,none
efficientnet_b4,ILSVRC2012_val_00046077.JPEG,n01872401,102,102,0.3377116,1,imagenet_c,defocus_blur,1,none
efficientnet_b4,ILSVRC2012_val_00047437.JPEG,n01872401,102,102,0.63640684,1,imagenet_c,defocus_blur,1,none
efficientnet_b4,ILSVRC2012_val_00047972.JPEG,n01872401,102,102,0.651459,1,imagenet_c,defocus_blur,1,none
efficientnet_b4,ILSVRC2012_val_00048393.JPEG,n01872401,102,102,0.65943986,1,imagenet_c,defocus_blur,1,none
efficientnet_b4,ILSVRC2012_val_00049052.JPEG,n01872401,102,102,0.07439735,1,imagenet_c,defocus_blur,1,none
efficientnet_b4,ILSVRC2012_val_00049107.JPEG,n01872401,102,102,0.6493477,1,imagenet_c,defocus_blur,1,none
efficientnet_b4,ILSVRC2012_val_00049621.JPEG,n01872401,102,106,0.12552603,0,imagenet_c,defocus_blur,1,none
efficientnet_b4,ILSVRC2012_val_00000189.JPEG,n01873310,103,103,0.13667,1,imagenet_c,defocus_blur,1,none
efficientnet_b4,ILSVRC2012_val_00000940.JPEG,n01873310,103,36,0.12937205,0,imagenet_c,defocus_blur,1,none
efficientnet_b4,ILSVRC2012_val_00004678.JPEG,n01873310,103,103,0.48435488,1,imagenet_c,defocus_blur,1,none
efficientnet_b4,ILSVRC2012_val_00005301.JPEG,n01873310,103,103,0.6073123,1,imagenet_c,defocus_blur,1,none
efficientnet_b4,ILSVRC2012_val_00006520.JPEG,n01873310,103,103,0.7621268,1,imagenet_c,defocus_blur,1,none
efficientnet_b4,ILSVRC2012_val_00006797.JPEG,n01873310,103,103,0.45029235,1,imagenet_c,defocus_blur,1,none
efficientnet_b4,ILSVRC2012_val_00006884.JPEG,n01873310,103,103,0.75788754,1,imagenet_c,defocus_blur,1,none
efficientnet_b4,ILSVRC2012_val_00006999.JPEG,n01873310,103,103,0.7233517,1,imagenet_c,defocus_blur,1,none
efficientnet_b4,ILSVRC2012_val_00007800.JPEG,n01873310,103,344,0.12666085,0,imagenet_c,defocus_blur,1,none
efficientnet_b4,ILSVRC2012_val_00008588.JPEG,n01873310,103,103,0.81208026,1,imagenet_c,defocus_blur,1,none
efficientnet_b4,ILSVRC2012_val_00008907.JPEG,n01873310,103,103,0.7480174,1,imagenet_c,defocus_blur,1,none
efficientnet_b4,ILSVRC2012_val_00009671.JPEG,n01873310,103,103,0.55379,1,imagenet_c,defocus_blur,1,none
efficientnet_b4,ILSVRC2012_val_00011130.JPEG,n01873310,103,133,0.03609389,0,imagenet_c,defocus_blur,1,none
efficientnet_b4,ILSVRC2012_val_00011213.JPEG,n01873310,103,103,0.6296824,1,imagenet_c,defocus_blur,1,none
efficientnet_b4,ILSVRC2012_val_00011598.JPEG,n01873310,103,995,0.18231258,0,imagenet_c,defocus_blur,1,none
efficientnet_b4,ILSVRC2012_val_00012431.JPEG,n01873310,103,58,0.036891036,0,imagenet_c,defocus_blur,1,none
efficientnet_b4,ILSVRC2012_val_00013182.JPEG,n01873310,103,103,0.29423758,1,imagenet_c,defocus_blur,1,none
efficientnet_b4,ILSVRC2012_val_00013689.JPEG,n01873310,103,103,0.5850106,1,imagenet_c,defocus_blur,1,none
efficientnet_b4,ILSVRC2012_val_00015299.JPEG,n01873310,103,103,0.20499715,1,imagenet_c,defocus_blur,1,none
efficientnet_b4,ILSVRC2012_val_00016096.JPEG,n01873310,103,103,0.73088545,1,imagenet_c,defocus_blur,1,none
efficientnet_b4,ILSVRC2012_val_00016323.JPEG,n01873310,103,103,0.089523435,1,imagenet_c,defocus_blur,1,none
efficientnet_b4,ILSVRC2012_val_00016425.JPEG,n01873310,103,103,0.473431,1,imagenet_c,defocus_blur,1,none
efficientnet_b4,ILSVRC2012_val_00018571.JPEG,n01873310,103,103,0.110886686,1,imagenet_c,defocus_blur,1,none
efficientnet_b4,ILSVRC2012_val_00019085.JPEG,n01873310,103,103,0.28306115,1,imagenet_c,defocus_blur,1,none
efficientnet_b4,ILSVRC2012_val_00019284.JPEG,n01873310,103,295,0.028872803,0,imagenet_c,defocus_blur,1,none
efficientnet_b4,ILSVRC2012_val_00021279.JPEG,n01873310,103,103,0.66431504,1,imagenet_c,defocus_blur,1,none
efficientnet_b4,ILSVRC2012_val_00022278.JPEG,n01873310,103,103,0.6543677,1,imagenet_c,defocus_blur,1,none
efficientnet_b4,ILSVRC2012_val_00022372.JPEG,n01873310,103,103,0.61908317,1,imagenet_c,defocus_blur,1,none
efficientnet_b4,ILSVRC2012_val_00022384.JPEG,n01873310,103,103,0.79193604,1,imagenet_c,defocus_blur,1,none
efficientnet_b4,ILSVRC2012_val_00023078.JPEG,n01873310,103,103,0.05110609,1,imagenet_c,defocus_blur,1,none
efficientnet_b4,ILSVRC2012_val_00023182.JPEG,n01873310,103,103,0.71266824,1,imagenet_c,defocus_blur,1,none
efficientnet_b4,ILSVRC2012_val_00024688.JPEG,n01873310,103,103,0.633823,1,imagenet_c,defocus_blur,1,none
efficientnet_b4,ILSVRC2012_val_00024992.JPEG,n01873310,103,103,0.37528986,1,imagenet_c,defocus_blur,1,none
efficientnet_b4,ILSVRC2012_val_00027067.JPEG,n01873310,103,103,0.54051596,1,imagenet_c,defocus_blur,1,none
efficientnet_b4,ILSVRC2012_val_00028153.JPEG,n01873310,103,666,0.059665192,0,imagenet_c,defocus_blur,1,none
efficientnet_b4,ILSVRC2012_val_00028260.JPEG,n01873310,103,103,0.62698424,1,imagenet_c,defocus_blur,1,none
efficientnet_b4,ILSVRC2012_val_00029318.JPEG,n01873310,103,103,0.56225306,1,imagenet_c,defocus_blur,1,none
efficientnet_b4,ILSVRC2012_val_00029743.JPEG,n01873310,103,103,0.21685138,1,imagenet_c,defocus_blur,1,none
efficientnet_b4,ILSVRC2012_val_00035112.JPEG,n01873310,103,337,0.20919803,0,imagenet_c,defocus_blur,1,none
efficientnet_b4,ILSVRC2012_val_00036442.JPEG,n01873310,103,103,0.03710462,1,imagenet_c,defocus_blur,1,none
efficientnet_b4,ILSVRC2012_val_00038330.JPEG,n01873310,103,103,0.4541139,1,imagenet_c,defocus_blur,1,none
efficientnet_b4,ILSVRC2012_val_00041141.JPEG,n01873310,103,103,0.7377583,1,imagenet_c,defocus_blur,1,none
efficientnet_b4,ILSVRC2012_val_00041827.JPEG,n01873310,103,103,0.54694486,1,imagenet_c,defocus_blur,1,none
efficientnet_b4,ILSVRC2012_val_00042336.JPEG,n01873310,103,103,0.8600476,1,imagenet_c,defocus_blur,1,none
efficientnet_b4,ILSVRC2012_val_00042448.JPEG,n01873310,103,103,0.5817085,1,imagenet_c,defocus_blur,1,none
efficientnet_b4,ILSVRC2012_val_00044256.JPEG,n01873310,103,69,0.115641594,0,imagenet_c,defocus_blur,1,none
efficientnet_b4,ILSVRC2012_val_00046962.JPEG,n01873310,103,103,0.8625487,1,imagenet_c,defocus_blur,1,none
efficientnet_b4,ILSVRC2012_val_00047406.JPEG,n01873310,103,103,0.17797874,1,imagenet_c,defocus_blur,1,none
efficientnet_b4,ILSVRC2012_val_00048752.JPEG,n01873310,103,344,0.023917692,0,imagenet_c,defocus_blur,1,none
efficientnet_b4,ILSVRC2012_val_00049761.JPEG,n01873310,103,103,0.39583573,1,imagenet_c,defocus_blur,1,none
efficientnet_b4,ILSVRC2012_val_00000655.JPEG,n01877812,104,104,0.6723188,1,imagenet_c,defocus_blur,1,none
efficientnet_b4,ILSVRC2012_val_00001036.JPEG,n01877812,104,104,0.70049745,1,imagenet_c,defocus_blur,1,none
efficientnet_b4,ILSVRC2012_val_00001708.JPEG,n01877812,104,103,0.3699078,0,imagenet_c,defocus_blur,1,none
efficientnet_b4,ILSVRC2012_val_00002230.JPEG,n01877812,104,104,0.5636866,1,imagenet_c,defocus_blur,1,none
efficientnet_b4,ILSVRC2012_val_00002403.JPEG,n01877812,104,174,0.14289105,0,imagenet_c,defocus_blur,1,none
efficientnet_b4,ILSVRC2012_val_00002971.JPEG,n01877812,104,104,0.45171666,1,imagenet_c,defocus_blur,1,none
efficientnet_b4,ILSVRC2012_val_00004349.JPEG,n01877812,104,104,0.7406634,1,imagenet_c,defocus_blur,1,none
efficientnet_b4,ILSVRC2012_val_00004844.JPEG,n01877812,104,104,0.7056608,1,imagenet_c,defocus_blur,1,none
efficientnet_b4,ILSVRC2012_val_00004845.JPEG,n01877812,104,104,0.6583119,1,imagenet_c,defocus_blur,1,none
efficientnet_b4,ILSVRC2012_val_00005234.JPEG,n01877812,104,104,0.75630265,1,imagenet_c,defocus_blur,1,none
efficientnet_b4,ILSVRC2012_val_00005249.JPEG,n01877812,104,104,0.51025456,1,imagenet_c,defocus_blur,1,none
efficientnet_b4,ILSVRC2012_val_00005975.JPEG,n01877812,104,104,0.74798405,1,imagenet_c,defocus_blur,1,none
efficientnet_b4,ILSVRC2012_val_00006821.JPEG,n01877812,104,104,0.5923949,1,imagenet_c,defocus_blur,1,none
efficientnet_b4,ILSVRC2012_val_00007957.JPEG,n01877812,104,104,0.29937318,1,imagenet_c,defocus_blur,1,none
efficientnet_b4,ILSVRC2012_val_00008736.JPEG,n01877812,104,280,0.17620546,0,imagenet_c,defocus_blur,1,none
efficientnet_b4,ILSVRC2012_val_00011696.JPEG,n01877812,104,280,0.13844769,0,imagenet_c,defocus_blur,1,none
efficientnet_b4,ILSVRC2012_val_00012381.JPEG,n01877812,104,104,0.75545466,1,imagenet_c,defocus_blur,1,none
efficientnet_b4,ILSVRC2012_val_00014040.JPEG,n01877812,104,104,0.6104035,1,imagenet_c,defocus_blur,1,none
efficientnet_b4,ILSVRC2012_val_00015174.JPEG,n01877812,104,199,0.081184216,0,imagenet_c,defocus_blur,1,none
efficientnet_b4,ILSVRC2012_val_00018981.JPEG,n01877812,104,104,0.806249,1,imagenet_c,defocus_blur,1,none
efficientnet_b4,ILSVRC2012_val_00019476.JPEG,n01877812,104,104,0.03819009,1,imagenet_c,defocus_blur,1,none
efficientnet_b4,ILSVRC2012_val_00019977.JPEG,n01877812,104,274,0.019421738,0,imagenet_c,defocus_blur,1,none
efficientnet_b4,ILSVRC2012_val_00020090.JPEG,n01877812,104,331,0.35113496,0,imagenet_c,defocus_blur,1,none
efficientnet_b4,ILSVRC2012_val_00021120.JPEG,n01877812,104,104,0.14147846,1,imagenet_c,defocus_blur,1,none
efficientnet_b4,ILSVRC2012_val_00022626.JPEG,n01877812,104,104,0.5759105,1,imagenet_c,defocus_blur,1,none
efficientnet_b4,ILSVRC2012_val_00022693.JPEG,n01877812,104,104,0.16701055,1,imagenet_c,defocus_blur,1,none
efficientnet_b4,ILSVRC2012_val_00022858.JPEG,n01877812,104,104,0.6150191,1,imagenet_c,defocus_blur,1,none
efficientnet_b4,ILSVRC2012_val_00024264.JPEG,n01877812,104,32,0.5059274,0,imagenet_c,defocus_blur,1,none
efficientnet_b4,ILSVRC2012_val_00026606.JPEG,n01877812,104,104,0.63481754,1,imagenet_c,defocus_blur,1,none
efficientnet_b4,ILSVRC2012_val_00027300.JPEG,n01877812,104,104,0.07178765,1,imagenet_c,defocus_blur,1,none
efficientnet_b4,ILSVRC2012_val_00027657.JPEG,n01877812,104,104,0.18169612,1,imagenet_c,defocus_blur,1,none
efficientnet_b4,ILSVRC2012_val_00028912.JPEG,n01877812,104,295,0.017232247,0,imagenet_c,defocus_blur,1,none
efficientnet_b4,ILSVRC2012_val_00031435.JPEG,n01877812,104,104,0.21988511,1,imagenet_c,defocus_blur,1,none
efficientnet_b4,ILSVRC2012_val_00031609.JPEG,n01877812,104,335,0.1544022,0,imagenet_c,defocus_blur,1,none
efficientnet_b4,ILSVRC2012_val_00033254.JPEG,n01877812,104,104,0.67393744,1,imagenet_c,defocus_blur,1,none
efficientnet_b4,ILSVRC2012_val_00033816.JPEG,n01877812,104,104,0.6827157,1,imagenet_c,defocus_blur,1,none
efficientnet_b4,ILSVRC2012_val_00036207.JPEG,n01877812,104,104,0.708011,1,imagenet_c,defocus_blur,1,none
efficientnet_b4,ILSVRC2012_val_00039145.JPEG,n01877812,104,341,0.107316926,0,imagenet_c,defocus_blur,1,none
efficientnet_b4,ILSVRC2012_val_00040619.JPEG,n01877812,104,104,0.6348411,1,imagenet_c,defocus_blur,1,none
efficientnet_b4,ILSVRC2012_val_00041445.JPEG,n01877812,104,104,0.5117394,1,imagenet_c,defocus_blur,1,none
efficientnet_b4,ILSVRC2012_val_00042504.JPEG,n01877812,104,104,0.11532793,1,imagenet_c,defocus_blur,1,none
efficientnet_b4,ILSVRC2012_val_00042809.JPEG,n01877812,104,104,0.108682916,1,imagenet_c,defocus_blur,1,none
efficientnet_b4,ILSVRC2012_val_00042917.JPEG,n01877812,104,371,0.2653243,0,imagenet_c,defocus_blur,1,none
efficientnet_b4,ILSVRC2012_val_00043942.JPEG,n01877812,104,104,0.305749,1,imagenet_c,defocus_blur,1,none
efficientnet_b4,ILSVRC2012_val_00044269.JPEG,n01877812,104,104,0.5911161,1,imagenet_c,defocus_blur,1,none
efficientnet_b4,ILSVRC2012_val_00045245.JPEG,n01877812,104,20,0.019105937,0,imagenet_c,defocus_blur,1,none
efficientnet_b4,ILSVRC2012_val_00046362.JPEG,n01877812,104,104,0.4903444,1,imagenet_c,defocus_blur,1,none
efficientnet_b4,ILSVRC2012_val_00046908.JPEG,n01877812,104,104,0.76718354,1,imagenet_c,defocus_blur,1,none
efficientnet_b4,ILSVRC2012_val_00047622.JPEG,n01877812,104,104,0.64579535,1,imagenet_c,defocus_blur,1,none
efficientnet_b4,ILSVRC2012_val_00049331.JPEG,n01877812,104,104,0.73389256,1,imagenet_c,defocus_blur,1,none
efficientnet_b4,ILSVRC2012_val_00000970.JPEG,n01882714,105,384,0.29542342,0,imagenet_c,defocus_blur,1,none
efficientnet_b4,ILSVRC2012_val_00002560.JPEG,n01882714,105,105,0.25502914,1,imagenet_c,defocus_blur,1,none
efficientnet_b4,ILSVRC2012_val_00002811.JPEG,n01882714,105,105,0.63686854,1,imagenet_c,defocus_blur,1,none
efficientnet_b4,ILSVRC2012_val_00002978.JPEG,n01882714,105,105,0.59928745,1,imagenet_c,defocus_blur,1,none
efficientnet_b4,ILSVRC2012_val_00003097.JPEG,n01882714,105,105,0.5697299,1,imagenet_c,defocus_blur,1,none
efficientnet_b4,ILSVRC2012_val_00003254.JPEG,n01882714,105,105,0.47458485,1,imagenet_c,defocus_blur,1,none
efficientnet_b4,ILSVRC2012_val_00003551.JPEG,n01882714,105,105,0.058892176,1,imagenet_c,defocus_blur,1,none
efficientnet_b4,ILSVRC2012_val_00005734.JPEG,n01882714,105,105,0.0863554,1,imagenet_c,defocus_blur,1,none
efficientnet_b4,ILSVRC2012_val_00006289.JPEG,n01882714,105,381,0.29797596,0,imagenet_c,defocus_blur,1,none
efficientnet_b4,ILSVRC2012_val_00006455.JPEG,n01882714,105,105,0.60145926,1,imagenet_c,defocus_blur,1,none
efficientnet_b4,ILSVRC2012_val_00007389.JPEG,n01882714,105,105,0.41422296,1,imagenet_c,defocus_blur,1,none
efficientnet_b4,ILSVRC2012_val_00007923.JPEG,n01882714,105,105,0.5645219,1,imagenet_c,defocus_blur,1,none
efficientnet_b4,ILSVRC2012_val_00008498.JPEG,n01882714,105,105,0.5403202,1,imagenet_c,defocus_blur,1,none
efficientnet_b4,ILSVRC2012_val_00010137.JPEG,n01882714,105,105,0.62194335,1,imagenet_c,defocus_blur,1,none
efficientnet_b4,ILSVRC2012_val_00010248.JPEG,n01882714,105,105,0.38826972,1,imagenet_c,defocus_blur,1,none
efficientnet_b4,ILSVRC2012_val_00012271.JPEG,n01882714,105,105,0.5029584,1,imagenet_c,defocus_blur,1,none
efficientnet_b4,ILSVRC2012_val_00014284.JPEG,n01882714,105,364,0.06815132,0,imagenet_c,defocus_blur,1,none
efficientnet_b4,ILSVRC2012_val_00015072.JPEG,n01882714,105,105,0.5418736,1,imagenet_c,defocus_blur,1,none
efficientnet_b4,ILSVRC2012_val_00016764.JPEG,n01882714,105,105,0.49520493,1,imagenet_c,defocus_blur,1,none
efficientnet_b4,ILSVRC2012_val_00016952.JPEG,n01882714,105,204,0.04268115,0,imagenet_c,defocus_blur,1,none
efficientnet_b4,ILSVRC2012_val_00018026.JPEG,n01882714,105,105,0.43280557,1,imagenet_c,defocus_blur,1,none
efficientnet_b4,ILSVRC2012_val_00019996.JPEG,n01882714,105,105,0.5204253,1,imagenet_c,defocus_blur,1,none
efficientnet_b4,ILSVRC2012_val_00020062.JPEG,n01882714,105,105,0.580444,1,imagenet_c,defocus_blur,1,none
efficientnet_b4,ILSVRC2012_val_00020599.JPEG,n01882714,105,105,0.5522917,1,imagenet_c,defocus_blur,1,none
efficientnet_b4,ILSVRC2012_val_00023031.JPEG,n01882714,105,105,0.10676724,1,imagenet_c,defocus_blur,1,none
efficientnet_b4,ILSVRC2012_val_00024378.JPEG,n01882714,105,364,0.20407784,0,imagenet_c,defocus_blur,1,none
efficientnet_b4,ILSVRC2012_val_00026297.JPEG,n01882714,105,105,0.5801375,1,imagenet_c,defocus_blur,1,none
efficientnet_b4,ILSVRC2012_val_00027599.JPEG,n01882714,105,105,0.4689454,1,imagenet_c,defocus_blur,1,none
efficientnet_b4,ILSVRC2012_val_00028424.JPEG,n01882714,105,105,0.49961573,1,imagenet_c,defocus_blur,1,none
efficientnet_b4,ILSVRC2012_val_00028909.JPEG,n01882714,105,105,0.46602383,1,imagenet_c,defocus_blur,1,none
efficientnet_b4,ILSVRC2012_val_00031046.JPEG,n01882714,105,105,0.59210664,1,imagenet_c,defocus_blur,1,none
efficientnet_b4,ILSVRC2012_val_00032146.JPEG,n01882714,105,105,0.48545387,1,imagenet_c,defocus_blur,1,none
efficientnet_b4,ILSVRC2012_val_00032978.JPEG,n01882714,105,105,0.3888082,1,imagenet_c,defocus_blur,1,none
efficientnet_b4,ILSVRC2012_val_00034332.JPEG,n01882714,105,105,0.46440274,1,imagenet_c,defocus_blur,1,none
efficientnet_b4,ILSVRC2012_val_00035140.JPEG,n01882714,105,105,0.5099053,1,imagenet_c,defocus_blur,1,none
efficientnet_b4,ILSVRC2012_val_00036778.JPEG,n01882714,105,105,0.5058754,1,imagenet_c,defocus_blur,1,none
efficientnet_b4,ILSVRC2012_val_00036967.JPEG,n01882714,105,105,0.4015295,1,imagenet_c,defocus_blur,1,none
efficientnet_b4,ILSVRC2012_val_00037358.JPEG,n01882714,105,105,0.4304745,1,imagenet_c,defocus_blur,1,none
efficientnet_b4,ILSVRC2012_val_00039152.JPEG,n01882714,105,105,0.53791463,1,imagenet_c,defocus_blur,1,none
efficientnet_b4,ILSVRC2012_val_00039946.JPEG,n01882714,105,105,0.4112925,1,imagenet_c,defocus_blur,1,none
efficientnet_b4,ILSVRC2012_val_00040233.JPEG,n01882714,105,105,0.38063493,1,imagenet_c,defocus_blur,1,none
efficientnet_b4,ILSVRC2012_val_00042550.JPEG,n01882714,105,368,0.09867468,0,imagenet_c,defocus_blur,1,none
efficientnet_b4,ILSVRC2012_val_00042930.JPEG,n01882714,105,105,0.52038085,1,imagenet_c,defocus_blur,1,none
efficientnet_b4,ILSVRC2012_val_00044287.JPEG,n01882714,105,105,0.42616725,1,imagenet_c,defocus_blur,1,none
efficientnet_b4,ILSVRC2012_val_00045070.JPEG,n01882714,105,105,0.4190917,1,imagenet_c,defocus_blur,1,none
efficientnet_b4,ILSVRC2012_val_00046073.JPEG,n01882714,105,341,0.39309198,0,imagenet_c,defocus_blur,1,none
efficientnet_b4,ILSVRC2012_val_00046155.JPEG,n01882714,105,381,0.094614185,0,imagenet_c,defocus_blur,1,none
efficientnet_b4,ILSVRC2012_val_00047292.JPEG,n01882714,105,354,0.029413937,0,imagenet_c,defocus_blur,1,none
efficientnet_b4,ILSVRC2012_val_00047899.JPEG,n01882714,105,374,0.052126836,0,imagenet_c,defocus_blur,1,none
efficientnet_b4,ILSVRC2012_val_00049217.JPEG,n01882714,105,105,0.39054224,1,imagenet_c,defocus_blur,1,none
efficientnet_b4,ILSVRC2012_val_00001933.JPEG,n01883070,106,106,0.7988857,1,imagenet_c,defocus_blur,1,none
efficientnet_b4,ILSVRC2012_val_00002030.JPEG,n01883070,106,106,0.30791306,1,imagenet_c,defocus_blur,1,none
efficientnet_b4,ILSVRC2012_val_00002300.JPEG,n01883070,106,347,0.16130605,0,imagenet_c,defocus_blur,1,none
efficientnet_b4,ILSVRC2012_val_00002570.JPEG,n01883070,106,106,0.8150439,1,imagenet_c,defocus_blur,1,none
efficientnet_b4,ILSVRC2012_val_00004530.JPEG,n01883070,106,106,0.6786624,1,imagenet_c,defocus_blur,1,none
efficientnet_b4,ILSVRC2012_val_00005865.JPEG,n01883070,106,106,0.5878591,1,imagenet_c,defocus_blur,1,none
efficientnet_b4,ILSVRC2012_val_00008840.JPEG,n01883070,106,298,0.12559894,0,imagenet_c,defocus_blur,1,none
efficientnet_b4,ILSVRC2012_val_00010633.JPEG,n01883070,106,106,0.5017689,1,imagenet_c,defocus_blur,1,none
efficientnet_b4,ILSVRC2012_val_00012372.JPEG,n01883070,106,106,0.53376424,1,imagenet_c,defocus_blur,1,none
efficientnet_b4,ILSVRC2012_val_00012898.JPEG,n01883070,106,106,0.56913227,1,imagenet_c,defocus_blur,1,none
efficientnet_b4,ILSVRC2012_val_00013821.JPEG,n01883070,106,272,0.02966267,0,imagenet_c,defocus_blur,1,none
efficientnet_b4,ILSVRC2012_val_00013845.JPEG,n01883070,106,106,0.82013917,1,imagenet_c,defocus_blur,1,none
efficientnet_b4,ILSVRC2012_val_00013922.JPEG,n01883070,106,342,0.12305801,0,imagenet_c,defocus_blur,1,none
efficientnet_b4,ILSVRC2012_val_00014458.JPEG,n01883070,106,106,0.6179407,1,imagenet_c,defocus_blur,1,none
efficientnet_b4,ILSVRC2012_val_00014545.JPEG,n01883070,106,106,0.31140244,1,imagenet_c,defocus_blur,1,none
efficientnet_b4,ILSVRC2012_val_00014931.JPEG,n01883070,106,151,0.19705386,0,imagenet_c,defocus_blur,1,none
efficientnet_b4,ILSVRC2012_val_00015717.JPEG,n01883070,106,41,0.037381493,0,imagenet_c,defocus_blur,1,none
efficientnet_b4,ILSVRC2012_val_00016618.JPEG,n01883070,106,106,0.704318,1,imagenet_c,defocus_blur,1,none
efficientnet_b4,ILSVRC2012_val_00018085.JPEG,n01883070,106,104,0.81477314,0,imagenet_c,defocus_blur,1,none
efficientnet_b4,ILSVRC2012_val_00018956.JPEG,n01883070,106,106,0.57911474,1,imagenet_c,defocus_blur,1,none
efficientnet_b4,ILSVRC2012_val_00022887.JPEG,n01883070,106,106,0.62239,1,imagenet_c,defocus_blur,1,none
efficientnet_b4,ILSVRC2012_val_00023260.JPEG,n01883070,106,106,0.6712715,1,imagenet_c,defocus_blur,1,none
efficientnet_b4,ILSVRC2012_val_00023999.JPEG,n01883070,106,106,0.39648953,1,imagenet_c,defocus_blur,1,none
efficientnet_b4,ILSVRC2012_val_00024701.JPEG,n01883070,106,151,0.22464667,0,imagenet_c,defocus_blur,1,none
efficientnet_b4,ILSVRC2012_val_00024987.JPEG,n01883070,106,105,0.34331915,0,imagenet_c,defocus_blur,1,none
efficientnet_b4,ILSVRC2012_val_00027195.JPEG,n01883070,106,297,0.21631785,0,imagenet_c,defocus_blur,1,none
efficientnet_b4,ILSVRC2012_val_00027352.JPEG,n01883070,106,106,0.7064797,1,imagenet_c,defocus_blur,1,none
efficientnet_b4,ILSVRC2012_val_00030404.JPEG,n01883070,106,106,0.20947213,1,imagenet_c,defocus_blur,1,none
efficientnet_b4,ILSVRC2012_val_00032044.JPEG,n01883070,106,106,0.59949,1,imagenet_c,defocus_blur,1,none
efficientnet_b4,ILSVRC2012_val_00032499.JPEG,n01883070,106,805,0.05154278,0,imagenet_c,defocus_blur,1,none
efficientnet_b4,ILSVRC2012_val_00033576.JPEG,n01883070,106,106,0.58977365,1,imagenet_c,defocus_blur,1,none
efficientnet_b4,ILSVRC2012_val_00034456.JPEG,n01883070,106,105,0.6012018,0,imagenet_c,defocus_blur,1,none
efficientnet_b4,ILSVRC2012_val_00035312.JPEG,n01883070,106,358,0.22210883,0,imagenet_c,defocus_blur,1,none
efficientnet_b4,ILSVRC2012_val_00035943.JPEG,n01883070,106,177,0.18301979,0,imagenet_c,defocus_blur,1,none
efficientnet_b4,ILSVRC2012_val_00036384.JPEG,n01883070,106,104,0.42472047,0,imagenet_c,defocus_blur,1,none
efficientnet_b4,ILSVRC2012_val_00036590.JPEG,n01883070,106,106,0.56275415,1,imagenet_c,defocus_blur,1,none
efficientnet_b4,ILSVRC2012_val_00036687.JPEG,n01883070,106,106,0.18889748,1,imagenet_c,defocus_blur,1,none
efficientnet_b4,ILSVRC2012_val_00039458.JPEG,n01883070,106,106,0.50043094,1,imagenet_c,defocus_blur,1,none
efficientnet_b4,ILSVRC2012_val_00040774.JPEG,n01883070,106,106,0.14681411,1,imagenet_c,defocus_blur,1,none
efficientnet_b4,ILSVRC2012_val_00042485.JPEG,n01883070,106,106,0.7288679,1,imagenet_c,defocus_blur,1,none
efficientnet_b4,ILSVRC2012_val_00043018.JPEG,n01883070,106,106,0.8173204,1,imagenet_c,defocus_blur,1,none
efficientnet_b4,ILSVRC2012_val_00043353.JPEG,n01883070,106,106,0.59194946,1,imagenet_c,defocus_blur,1,none
efficientnet_b4,ILSVRC2012_val_00043537.JPEG,n01883070,106,995,0.03199897,0,imagenet_c,defocus_blur,1,none
efficientnet_b4,ILSVRC2012_val_00045086.JPEG,n01883070,106,106,0.33122927,1,imagenet_c,defocus_blur,1,none
efficientnet_b4,ILSVRC2012_val_00045335.JPEG,n01883070,106,106,0.5487678,1,imagenet_c,defocus_blur,1,none
efficientnet_b4,ILSVRC2012_val_00046059.JPEG,n01883070,106,357,0.024175495,0,imagenet_c,defocus_blur,1,none
efficientnet_b4,ILSVRC2012_val_00047058.JPEG,n01883070,106,106,0.5198086,1,imagenet_c,defocus_blur,1,none
efficientnet_b4,ILSVRC2012_val_00047619.JPEG,n01883070,106,106,0.8610052,1,imagenet_c,defocus_blur,1,none
efficientnet_b4,ILSVRC2012_val_00047920.JPEG,n01883070,106,106,0.76733506,1,imagenet_c,defocus_blur,1,none
efficientnet_b4,ILSVRC2012_val_00048658.JPEG,n01883070,106,150,0.2955536,0,imagenet_c,defocus_blur,1,none
efficientnet_b4,ILSVRC2012_val_00000063.JPEG,n01910747,107,107,0.51172733,1,imagenet_c,defocus_blur,1,none
efficientnet_b4,ILSVRC2012_val_00000386.JPEG,n01910747,107,107,0.47807804,1,imagenet_c,defocus_blur,1,none
efficientnet_b4,ILSVRC2012_val_00003359.JPEG,n01910747,107,107,0.3822775,1,imagenet_c,defocus_blur,1,none
efficientnet_b4,ILSVRC2012_val_00003419.JPEG,n01910747,107,107,0.17533666,1,imagenet_c,defocus_blur,1,none
efficientnet_b4,ILSVRC2012_val_00003955.JPEG,n01910747,107,107,0.59732664,1,imagenet_c,defocus_blur,1,none
efficientnet_b4,ILSVRC2012_val_00004175.JPEG,n01910747,107,107,0.70688945,1,imagenet_c,defocus_blur,1,none
efficientnet_b4,ILSVRC2012_val_00007157.JPEG,n01910747,107,107,0.6377118,1,imagenet_c,defocus_blur,1,none
efficientnet_b4,ILSVRC2012_val_00007283.JPEG,n01910747,107,107,0.6311654,1,imagenet_c,defocus_blur,1,none
efficientnet_b4,ILSVRC2012_val_00007434.JPEG,n01910747,107,107,0.6212998,1,imagenet_c,defocus_blur,1,none
efficientnet_b4,ILSVRC2012_val_00009993.JPEG,n01910747,107,107,0.5379624,1,imagenet_c,defocus_blur,1,none
efficientnet_b4,ILSVRC2012_val_00010869.JPEG,n01910747,107,362,0.028010841,0,imagenet_c,defocus_blur,1,none
efficientnet_b4,ILSVRC2012_val_00010919.JPEG,n01910747,107,107,0.4477113,1,imagenet_c,defocus_blur,1,none
efficientnet_b4,ILSVRC2012_val_00011383.JPEG,n01910747,107,20,0.08603673,0,imagenet_c,defocus_blur,1,none
efficientnet_b4,ILSVRC2012_val_00011860.JPEG,n01910747,107,107,0.5046849,1,imagenet_c,defocus_blur,1,none
efficientnet_b4,ILSVRC2012_val_00012499.JPEG,n01910747,107,107,0.25605685,1,imagenet_c,defocus_blur,1,none
efficientnet_b4,ILSVRC2012_val_00012777.JPEG,n01910747,107,107,0.5888825,1,imagenet_c,defocus_blur,1,none
efficientnet_b4,ILSVRC2012_val_00013781.JPEG,n01910747,107,107,0.35498866,1,imagenet_c,defocus_blur,1,none
efficientnet_b4,ILSVRC2012_val_00013875.JPEG,n01910747,107,107,0.49039617,1,imagenet_c,defocus_blur,1,none
efficientnet_b4,ILSVRC2012_val_00014265.JPEG,n01910747,107,107,0.5430063,1,imagenet_c,defocus_blur,1,none
efficientnet_b4,ILSVRC2012_val_00014456.JPEG,n01910747,107,111,0.2872303,0,imagenet_c,defocus_blur,1,none
efficientnet_b4,ILSVRC2012_val_00015039.JPEG,n01910747,107,60,0.13627458,0,imagenet_c,defocus_blur,1,none
efficientnet_b4,ILSVRC2012_val_00015443.JPEG,n01910747,107,107,0.4815553,1,imagenet_c,defocus_blur,1,none
efficientnet_b4,ILSVRC2012_val_00016200.JPEG,n01910747,107,107,0.38320833,1,imagenet_c,defocus_blur,1,none
efficientnet_b4,ILSVRC2012_val_00018613.JPEG,n01910747,107,107,0.45180154,1,imagenet_c,defocus_blur,1,none
efficientnet_b4,ILSVRC2012_val_00018952.JPEG,n01910747,107,266,0.12173199,0,imagenet_c,defocus_blur,1,none
efficientnet_b4,ILSVRC2012_val_00021867.JPEG,n01910747,107,107,0.44352704,1,imagenet_c,defocus_blur,1,none
efficientnet_b4,ILSVRC2012_val_00026530.JPEG,n01910747,107,971,0.032334622,0,imagenet_c,defocus_blur,1,none
efficientnet_b4,ILSVRC2012_val_00027271.JPEG,n01910747,107,107,0.64376885,1,imagenet_c,defocus_blur,1,none
efficientnet_b4,ILSVRC2012_val_00027727.JPEG,n01910747,107,107,0.5283969,1,imagenet_c,defocus_blur,1,none
efficientnet_b4,ILSVRC2012_val_00027969.JPEG,n01910747,107,801,0.39280248,0,imagenet_c,defocus_blur,1,none
efficientnet_b4,ILSVRC2012_val_00028644.JPEG,n01910747,107,107,0.7011625,1,imagenet_c,defocus_blur,1,none
efficientnet_b4,ILSVRC2012_val_00030389.JPEG,n01910747,107,107,0.27198005,1,imagenet_c,defocus_blur,1,none
efficientnet_b4,ILSVRC2012_val_00033320.JPEG,n01910747,107,107,0.3691364,1,imagenet_c,defocus_blur,1,none
efficientnet_b4,ILSVRC2012_val_00033586.JPEG,n01910747,107,107,0.51834935,1,imagenet_c,defocus_blur,1,none
efficientnet_b4,ILSVRC2012_val_00034232.JPEG,n01910747,107,107,0.5038215,1,imagenet_c,defocus_blur,1,none
efficientnet_b4,ILSVRC2012_val_00034716.JPEG,n01910747,107,107,0.63712037,1,imagenet_c,defocus_blur,1,none
efficientnet_b4,ILSVRC2012_val_00035728.JPEG,n01910747,107,107,0.67365545,1,imagenet_c,defocus_blur,1,none
efficientnet_b4,ILSVRC2012_val_00035964.JPEG,n01910747,107,107,0.44301248,1,imagenet_c,defocus_blur,1,none
efficientnet_b4,ILSVRC2012_val_00037518.JPEG,n01910747,107,107,0.5633789,1,imagenet_c,defocus_blur,1,none
efficientnet_b4,ILSVRC2012_val_00038400.JPEG,n01910747,107,107,0.5412966,1,imagenet_c,defocus_blur,1,none
efficientnet_b4,ILSVRC2012_val_00039314.JPEG,n01910747,107,5,0.11596631,0,imagenet_c,defocus_blur,1,none
efficientnet_b4,ILSVRC2012_val_00041401.JPEG,n01910747,107,113,0.09115842,0,imagenet_c,defocus_blur,1,none
efficientnet_b4,ILSVRC2012_val_00042004.JPEG,n01910747,107,107,0.72074324,1,imagenet_c,defocus_blur,1,none
efficientnet_b4,ILSVRC2012_val_00042928.JPEG,n01910747,107,107,0.44740334,1,imagenet_c,defocus_blur,1,none
efficientnet_b4,ILSVRC2012_val_00044127.JPEG,n01910747,107,107,0.601611,1,imagenet_c,defocus_blur,1,none
efficientnet_b4,ILSVRC2012_val_00046918.JPEG,n01910747,107,107,0.53207636,1,imagenet_c,defocus_blur,1,none
efficientnet_b4,ILSVRC2012_val_00047328.JPEG,n01910747,107,107,0.5673451,1,imagenet_c,defocus_blur,1,none
efficientnet_b4,ILSVRC2012_val_00047432.JPEG,n01910747,107,107,0.59307665,1,imagenet_c,defocus_blur,1,none
efficientnet_b4,ILSVRC2012_val_00048269.JPEG,n01910747,107,116,0.065204605,0,imagenet_c,defocus_blur,1,none
efficientnet_b4,ILSVRC2012_val_00049020.JPEG,n01910747,107,107,0.33310544,1,imagenet_c,defocus_blur,1,none
efficientnet_b4,ILSVRC2012_val_00000017.JPEG,n01914609,108,327,0.31027365,0,imagenet_c,defocus_blur,1,none
efficientnet_b4,ILSVRC2012_val_00002654.JPEG,n01914609,108,393,0.51746374,0,imagenet_c,defocus_blur,1,none
efficientnet_b4,ILSVRC2012_val_00002938.JPEG,n01914609,108,973,0.4533929,0,imagenet_c,defocus_blur,1,none
efficientnet_b4,ILSVRC2012_val_00005058.JPEG,n01914609,108,333,0.06586498,0,imagenet_c,defocus_blur,1,none
efficientnet_b4,ILSVRC2012_val_00009141.JPEG,n01914609,108,108,0.6299505,1,imagenet_c,defocus_blur,1,none
efficientnet_b4,ILSVRC2012_val_00009151.JPEG,n01914609,108,108,0.23720106,1,imagenet_c,defocus_blur,1,none
efficientnet_b4,ILSVRC2012_val_00010644.JPEG,n01914609,108,973,0.300168,0,imagenet_c,defocus_blur,1,none
efficientnet_b4,ILSVRC2012_val_00011035.JPEG,n01914609,108,985,0.34286198,0,imagenet_c,defocus_blur,1,none
efficientnet_b4,ILSVRC2012_val_00011643.JPEG,n01914609,108,108,0.63201123,1,imagenet_c,defocus_blur,1,none
efficientnet_b4,ILSVRC2012_val_00012332.JPEG,n01914609,108,328,0.14930561,0,imagenet_c,defocus_blur,1,none
efficientnet_b4,ILSVRC2012_val_00014486.JPEG,n01914609,108,108,0.37838632,1,imagenet_c,defocus_blur,1,none
efficientnet_b4,ILSVRC2012_val_00014869.JPEG,n01914609,108,108,0.51827866,1,imagenet_c,defocus_blur,1,none
efficientnet_b4,ILSVRC2012_val_00015587.JPEG,n01914609,108,711,0.022158284,0,imagenet_c,defocus_blur,1,none
efficientnet_b4,ILSVRC2012_val_00016775.JPEG,n01914609,108,108,0.11428747,1,imagenet_c,defocus_blur,1,none
efficientnet_b4,ILSVRC2012_val_00017099.JPEG,n01914609,108,108,0.49638602,1,imagenet_c,defocus_blur,1,none
efficientnet_b4,ILSVRC2012_val_00017429.JPEG,n01914609,108,393,0.08238603,0,imagenet_c,defocus_blur,1,none
efficientnet_b4,ILSVRC2012_val_00022969.JPEG,n01914609,108,108,0.3625231,1,imagenet_c,defocus_blur,1,none
efficientnet_b4,ILSVRC2012_val_00023448.JPEG,n01914609,108,390,0.1246295,0,imagenet_c,defocus_blur,1,none
efficientnet_b4,ILSVRC2012_val_00023520.JPEG,n01914609,108,108,0.44109416,1,imagenet_c,defocus_blur,1,none
efficientnet_b4,ILSVRC2012_val_00024211.JPEG,n01914609,108,107,0.24117604,0,imagenet_c,defocus_blur,1,none
efficientnet_b4,ILSVRC2012_val_00026274.JPEG,n01914609,108,108,0.2181397,1,imagenet_c,defocus_blur,1,none
efficientnet_b4,ILSVRC2012_val_00026966.JPEG,n01914609,108,108,0.45335916,1,imagenet_c,defocus_blur,1,none
efficientnet_b4,ILSVRC2012_val_00027878.JPEG,n01914609,108,108,0.4160328,1,imagenet_c,defocus_blur,1,none
efficientnet_b4,ILSVRC2012_val_00028889.JPEG,n01914609,108,108,0.39621723,1,imagenet_c,defocus_blur,1,none
efficientnet_b4,ILSVRC2012_val_00031110.JPEG,n01914609,108,107,0.5173403,0,imagenet_c,defocus_blur,1,none
efficientnet_b4,ILSVRC2012_val_00031644.JPEG,n01914609,108,108,0.19091748,1,imagenet_c,defocus_blur,1,none
efficientnet_b4,ILSVRC2012_val_00032313.JPEG,n01914609,108,108,0.64972997,1,imagenet_c,defocus_blur,1,none
efficientnet_b4,ILSVRC2012_val_00034484.JPEG,n01914609,108,973,0.40303254,0,imagenet_c,defocus_blur,1,none
efficientnet_b4,ILSVRC2012_val_00034767.JPEG,n01914609,108,191,0.060390446,0,imagenet_c,defocus_blur,1,none
efficientnet_b4,ILSVRC2012_val_00037177.JPEG,n01914609,108,108,0.27984336,1,imagenet_c,defocus_blur,1,none
efficientnet_b4,ILSVRC2012_val_00037668.JPEG,n01914609,108,973,0.04661432,0,imagenet_c,defocus_blur,1,none
efficientnet_b4,ILSVRC2012_val_00038509.JPEG,n01914609,108,108,0.7193283,1,imagenet_c,defocus_blur,1,none
efficientnet_b4,ILSVRC2012_val_00038741.JPEG,n01914609,108,108,0.36066422,1,imagenet_c,defocus_blur,1,none
efficientnet_b4,ILSVRC2012_val_00038901.JPEG,n01914609,108,108,0.35907918,1,imagenet_c,defocus_blur,1,none
efficientnet_b4,ILSVRC2012_val_00040958.JPEG,n01914609,108,108,0.27350593,1,imagenet_c,defocus_blur,1,none
efficientnet_b4,ILSVRC2012_val_00041548.JPEG,n01914609,108,973,0.11821917,0,imagenet_c,defocus_blur,1,none
efficientnet_b4,ILSVRC2012_val_00041675.JPEG,n01914609,108,946,0.5958633,0,imagenet_c,defocus_blur,1,none
efficientnet_b4,ILSVRC2012_val_00041889.JPEG,n01914609,108,108,0.3570879,1,imagenet_c,defocus_blur,1,none
efficientnet_b4,ILSVRC2012_val_00042456.JPEG,n01914609,108,973,0.20589525,0,imagenet_c,defocus_blur,1,none
efficientnet_b4,ILSVRC2012_val_00043560.JPEG,n01914609,108,124,0.11275074,0,imagenet_c,defocus_blur,1,none
efficientnet_b4,ILSVRC2012_val_00045036.JPEG,n01914609,108,108,0.28814906,1,imagenet_c,defocus_blur,1,none
efficientnet_b4,ILSVRC2012_val_00046254.JPEG,n01914609,108,392,0.18205081,0,imagenet_c,defocus_blur,1,none
efficientnet_b4,ILSVRC2012_val_00046325.JPEG,n01914609,108,116,0.08718644,0,imagenet_c,defocus_blur,1,none
efficientnet_b4,ILSVRC2012_val_00046829.JPEG,n01914609,108,108,0.56679934,1,imagenet_c,defocus_blur,1,none
efficientnet_b4,ILSVRC2012_val_00047127.JPEG,n01914609,108,328,0.3321419,0,imagenet_c,defocus_blur,1,none
efficientnet_b4,ILSVRC2012_val_00047226.JPEG,n01914609,108,108,0.423455,1,imagenet_c,defocus_blur,1,none
efficientnet_b4,ILSVRC2012_val_00047488.JPEG,n01914609,108,65,0.5157214,0,imagenet_c,defocus_blur,1,none
efficientnet_b4,ILSVRC2012_val_00048292.JPEG,n01914609,108,390,0.054342322,0,imagenet_c,defocus_blur,1,none
efficientnet_b4,ILSVRC2012_val_00049522.JPEG,n01914609,108,108,0.32282856,1,imagenet_c,defocus_blur,1,none
efficientnet_b4,ILSVRC2012_val_00049977.JPEG,n01914609,108,329,0.30907542,0,imagenet_c,defocus_blur,1,none
efficientnet_b4,ILSVRC2012_val_00000011.JPEG,n01917289,109,952,0.12584977,0,imagenet_c,defocus_blur,1,none
efficientnet_b4,ILSVRC2012_val_00000371.JPEG,n01917289,109,109,0.629998,1,imagenet_c,defocus_blur,1,none
efficientnet_b4,ILSVRC2012_val_00001057.JPEG,n01917289,109,109,0.6087833,1,imagenet_c,defocus_blur,1,none
efficientnet_b4,ILSVRC2012_val_00003392.JPEG,n01917289,109,109,0.60110295,1,imagenet_c,defocus_blur,1,none
efficientnet_b4,ILSVRC2012_val_00007027.JPEG,n01917289,109,109,0.12053035,1,imagenet_c,defocus_blur,1,none
efficientnet_b4,ILSVRC2012_val_00007309.JPEG,n01917289,109,852,0.050655738,0,imagenet_c,defocus_blur,1,none
efficientnet_b4,ILSVRC2012_val_00007329.JPEG,n01917289,109,109,0.47409433,1,imagenet_c,defocus_blur,1,none
efficientnet_b4,ILSVRC2012_val_00007345.JPEG,n01917289,109,973,0.21347944,0,imagenet_c,defocus_blur,1,none
efficientnet_b4,ILSVRC2012_val_00007661.JPEG,n01917289,109,109,0.618165,1,imagenet_c,defocus_blur,1,none
efficientnet_b4,ILSVRC2012_val_00008087.JPEG,n01917289,109,328,0.30488598,0,imagenet_c,defocus_blur,1,none
efficientnet_b4,ILSVRC2012_val_00008692.JPEG,n01917289,109,109,0.2829135,1,imagenet_c,defocus_blur,1,none
efficientnet_b4,ILSVRC2012_val_00013079.JPEG,n01917289,109,109,0.4927758,1,imagenet_c,defocus_blur,1,none
efficientnet_b4,ILSVRC2012_val_00014410.JPEG,n01917289,109,109,0.53804165,1,imagenet_c,defocus_blur,1,none
efficientnet_b4,ILSVRC2012_val_00016569.JPEG,n01917289,109,109,0.31734762,1,imagenet_c,defocus_blur,1,none
efficientnet_b4,ILSVRC2012_val_00016646.JPEG,n01917289,109,109,0.20202027,1,imagenet_c,defocus_blur,1,none
efficientnet_b4,ILSVRC2012_val_00016836.JPEG,n01917289,109,109,0.5070496,1,imagenet_c,defocus_blur,1,none
efficientnet_b4,ILSVRC2012_val_00017794.JPEG,n01917289,109,109,0.6594297,1,imagenet_c,defocus_blur,1,none
efficientnet_b4,ILSVRC2012_val_00018135.JPEG,n01917289,109,109,0.5100683,1,imagenet_c,defocus_blur,1,none
efficientnet_b4,ILSVRC2012_val_00018203.JPEG,n01917289,109,455,0.045061346,0,imagenet_c,defocus_blur,1,none
efficientnet_b4,ILSVRC2012_val_00018292.JPEG,n01917289,109,109,0.36652836,1,imagenet_c,defocus_blur,1,none
efficientnet_b4,ILSVRC2012_val_00019987.JPEG,n01917289,109,65,0.16169049,0,imagenet_c,defocus_blur,1,none
efficientnet_b4,ILSVRC2012_val_00021843.JPEG,n01917289,109,109,0.48589882,1,imagenet_c,defocus_blur,1,none
efficientnet_b4,ILSVRC2012_val_00022239.JPEG,n01917289,109,6,0.4889614,0,imagenet_c,defocus_blur,1,none
efficientnet_b4,ILSVRC2012_val_00022983.JPEG,n01917289,109,109,0.65683335,1,imagenet_c,defocus_blur,1,none
efficientnet_b4,ILSVRC2012_val_00026144.JPEG,n01917289,109,973,0.2330554,0,imagenet_c,defocus_blur,1,none
efficientnet_b4,ILSVRC2012_val_00026983.JPEG,n01917289,109,109,0.5203446,1,imagenet_c,defocus_blur,1,none
efficientnet_b4,ILSVRC2012_val_00032351.JPEG,n01917289,109,109,0.52401733,1,imagenet_c,defocus_blur,1,none
efficientnet_b4,ILSVRC2012_val_00032621.JPEG,n01917289,109,149,0.22948697,0,imagenet_c,defocus_blur,1,none
efficientnet_b4,ILSVRC2012_val_00033373.JPEG,n01917289,109,109,0.2448101,1,imagenet_c,defocus_blur,1,none
efficientnet_b4,ILSVRC2012_val_00033440.JPEG,n01917289,109,109,0.4906999,1,imagenet_c,defocus_blur,1,none
efficientnet_b4,ILSVRC2012_val_00035853.JPEG,n01917289,109,109,0.5869737,1,imagenet_c,defocus_blur,1,none
efficientnet_b4,ILSVRC2012_val_00037359.JPEG,n01917289,109,116,0.07918526,0,imagenet_c,defocus_blur,1,none
efficientnet_b4,ILSVRC2012_val_00037660.JPEG,n01917289,109,109,0.4582437,1,imagenet_c,defocus_blur,1,none
efficientnet_b4,ILSVRC2012_val_00037786.JPEG,n01917289,109,109,0.23848204,1,imagenet_c,defocus_blur,1,none
efficientnet_b4,ILSVRC2012_val_00039043.JPEG,n01917289,109,65,0.11734278,0,imagenet_c,defocus_blur,1,none
efficientnet_b4,ILSVRC2012_val_00040668.JPEG,n01917289,109,392,0.12094308,0,imagenet_c,defocus_blur,1,none
efficientnet_b4,ILSVRC2012_val_00041690.JPEG,n01917289,109,109,0.52287734,1,imagenet_c,defocus_blur,1,none
efficientnet_b4,ILSVRC2012_val_00041921.JPEG,n01917289,109,109,0.40325677,1,imagenet_c,defocus_blur,1,none
efficientnet_b4,ILSVRC2012_val_00044533.JPEG,n01917289,109,109,0.15053281,1,imagenet_c,defocus_blur,1,none
efficientnet_b4,ILSVRC2012_val_00045124.JPEG,n01917289,109,109,0.56682134,1,imagenet_c,defocus_blur,1,none
efficientnet_b4,ILSVRC2012_val_00045202.JPEG,n01917289,109,109,0.061806664,1,imagenet_c,defocus_blur,1,none
efficientnet_b4,ILSVRC2012_val_00045307.JPEG,n01917289,109,65,0.13161494,0,imagenet_c,defocus_blur,1,none
efficientnet_b4,ILSVRC2012_val_00046097.JPEG,n01917289,109,109,0.25914964,1,imagenet_c,defocus_blur,1,none
efficientnet_b4,ILSVRC2012_val_00046113.JPEG,n01917289,109,53,0.077324726,0,imagenet_c,defocus_blur,1,none
efficientnet_b4,ILSVRC2012_val_00046765.JPEG,n01917289,109,5,0.3460825,0,imagenet_c,defocus_blur,1,none
efficientnet_b4,ILSVRC2012_val_00047014.JPEG,n01917289,109,109,0.67379165,1,imagenet_c,defocus_blur,1,none
efficientnet_b4,ILSVRC2012_val_00047927.JPEG,n01917289,109,109,0.62408847,1,imagenet_c,defocus_blur,1,none
efficientnet_b4,ILSVRC2012_val_00049157.JPEG,n01917289,109,5,0.13765384,0,imagenet_c,defocus_blur,1,none
efficientnet_b4,ILSVRC2012_val_00049461.JPEG,n01917289,109,103,0.09398086,0,imagenet_c,defocus_blur,1,none
efficientnet_b4,ILSVRC2012_val_00049679.JPEG,n01917289,109,109,0.4063102,1,imagenet_c,defocus_blur,1,none
efficientnet_b4,ILSVRC2012_val_00003054.JPEG,n01924916,110,110,0.5363788,1,imagenet_c,defocus_blur,1,none
efficientnet_b4,ILSVRC2012_val_00003942.JPEG,n01924916,110,115,0.37416103,0,imagenet_c,defocus_blur,1,none
efficientnet_b4,ILSVRC2012_val_00004051.JPEG,n01924916,110,110,0.5583758,1,imagenet_c,defocus_blur,1,none
efficientnet_b4,ILSVRC2012_val_00004904.JPEG,n01924916,110,801,0.1416688,0,imagenet_c,defocus_blur,1,none
efficientnet_b4,ILSVRC2012_val_00006202.JPEG,n01924916,110,52,0.49797913,0,imagenet_c,defocus_blur,1,none
efficientnet_b4,ILSVRC2012_val_00007683.JPEG,n01924916,110,110,0.5600127,1,imagenet_c,defocus_blur,1,none
efficientnet_b4,ILSVRC2012_val_00007930.JPEG,n01924916,110,110,0.3148663,1,imagenet_c,defocus_blur,1,none
efficientnet_b4,ILSVRC2012_val_00008050.JPEG,n01924916,110,509,0.083331704,0,imagenet_c,defocus_blur,1,none
efficientnet_b4,ILSVRC2012_val_00008211.JPEG,n01924916,110,115,0.33458042,0,imagenet_c,defocus_blur,1,none
efficientnet_b4,ILSVRC2012_val_00008623.JPEG,n01924916,110,114,0.13053885,0,imagenet_c,defocus_blur,1,none
efficientnet_b4,ILSVRC2012_val_00010632.JPEG,n01924916,110,115,0.10599162,0,imagenet_c,defocus_blur,1,none
efficientnet_b4,ILSVRC2012_val_00012303.JPEG,n01924916,110,110,0.5762485,1,imagenet_c,defocus_blur,1,none
efficientnet_b4,ILSVRC2012_val_00012564.JPEG,n01924916,110,110,0.7689181,1,imagenet_c,defocus_blur,1,none
efficientnet_b4,ILSVRC2012_val_00014168.JPEG,n01924916,110,110,0.4284096,1,imagenet_c,defocus_blur,1,none
efficientnet_b4,ILSVRC2012_val_00014882.JPEG,n01924916,110,110,0.48854047,1,imagenet_c,defocus_blur,1,none
efficientnet_b4,ILSVRC2012_val_00015945.JPEG,n01924916,110,110,0.60340697,1,imagenet_c,defocus_blur,1,none
efficientnet_b4,ILSVRC2012_val_00016557.JPEG,n01924916,110,110,0.40312403,1,imagenet_c,defocus_blur,1,none
efficientnet_b4,ILSVRC2012_val_00016705.JPEG,n01924916,110,110,0.6356164,1,imagenet_c,defocus_blur,1,none
efficientnet_b4,ILSVRC2012_val_00018111.JPEG,n01924916,110,110,0.46910003,1,imagenet_c,defocus_blur,1,none
efficientnet_b4,ILSVRC2012_val_00018855.JPEG,n01924916,110,110,0.36914462,1,imagenet_c,defocus_blur,1,none
efficientnet_b4,ILSVRC2012_val_00019425.JPEG,n01924916,110,110,0.53760564,1,imagenet_c,defocus_blur,1,none
efficientnet_b4,ILSVRC2012_val_00020126.JPEG,n01924916,110,110,0.10088774,1,imagenet_c,defocus_blur,1,none
efficientnet_b4,ILSVRC2012_val_00021823.JPEG,n01924916,110,110,0.31086,1,imagenet_c,defocus_blur,1,none
efficientnet_b4,ILSVRC2012_val_00023714.JPEG,n01924916,110,110,0.46878785,1,imagenet_c,defocus_blur,1,none
efficientnet_b4,ILSVRC2012_val_00024354.JPEG,n01924916,110,110,0.57714283,1,imagenet_c,defocus_blur,1,none
efficientnet_b4,ILSVRC2012_val_00024457.JPEG,n01924916,110,110,0.604698,1,imagenet_c,defocus_blur,1,none
efficientnet_b4,ILSVRC2012_val_00027357.JPEG,n01924916,110,110,0.24494992,1,imagenet_c,defocus_blur,1,none
efficientnet_b4,ILSVRC2012_val_00027585.JPEG,n01924916,110,110,0.35851383,1,imagenet_c,defocus_blur,1,none
efficientnet_b4,ILSVRC2012_val_00027592.JPEG,n01924916,110,65,0.113725,0,imagenet_c,defocus_blur,1,none
efficientnet_b4,ILSVRC2012_val_00028283.JPEG,n01924916,110,110,0.5795816,1,imagenet_c,defocus_blur,1,none
efficientnet_b4,ILSVRC2012_val_00028720.JPEG,n01924916,110,110,0.5345153,1,imagenet_c,defocus_blur,1,none
efficientnet_b4,ILSVRC2012_val_00030366.JPEG,n01924916,110,110,0.6213621,1,imagenet_c,defocus_blur,1,none
efficientnet_b4,ILSVRC2012_val_00032092.JPEG,n01924916,110,110,0.5063703,1,imagenet_c,defocus_blur,1,none
efficientnet_b4,ILSVRC2012_val_00032764.JPEG,n01924916,110,110,0.71121037,1,imagenet_c,defocus_blur,1,none
efficientnet_b4,ILSVRC2012_val_00033248.JPEG,n01924916,110,59,0.23085615,0,imagenet_c,defocus_blur,1,none
efficientnet_b4,ILSVRC2012_val_00033409.JPEG,n01924916,110,5,0.12334769,0,imagenet_c,defocus_blur,1,none
efficientnet_b4,ILSVRC2012_val_00037106.JPEG,n01924916,110,110,0.6482909,1,imagenet_c,defocus_blur,1,none
efficientnet_b4,ILSVRC2012_val_00037245.JPEG,n01924916,110,110,0.7513577,1,imagenet_c,defocus_blur,1,none
efficientnet_b4,ILSVRC2012_val_00039672.JPEG,n01924916,110,110,0.64153725,1,imagenet_c,defocus_blur,1,none
efficientnet_b4,ILSVRC2012_val_00040505.JPEG,n01924916,110,110,0.64222866,1,imagenet_c,defocus_blur,1,none
efficientnet_b4,ILSVRC2012_val_00041450.JPEG,n01924916,110,110,0.4851801,1,imagenet_c,defocus_blur,1,none
efficientnet_b4,ILSVRC2012_val_00042155.JPEG,n01924916,110,110,0.7347094,1,imagenet_c,defocus_blur,1,none
efficientnet_b4,ILSVRC2012_val_00042507.JPEG,n01924916,110,110,0.68437546,1,imagenet_c,defocus_blur,1,none
efficientnet_b4,ILSVRC2012_val_00043455.JPEG,n01924916,110,110,0.6154327,1,imagenet_c,defocus_blur,1,none
efficientnet_b4,ILSVRC2012_val_00044839.JPEG,n01924916,110,110,0.55977774,1,imagenet_c,defocus_blur,1,none
efficientnet_b4,ILSVRC2012_val_00045429.JPEG,n01924916,110,110,0.6303456,1,imagenet_c,defocus_blur,1,none
efficientnet_b4,ILSVRC2012_val_00046894.JPEG,n01924916,110,110,0.6949458,1,imagenet_c,defocus_blur,1,none
efficientnet_b4,ILSVRC2012_val_00047016.JPEG,n01924916,110,115,0.12428734,0,imagenet_c,defocus_blur,1,none
efficientnet_b4,ILSVRC2012_val_00047895.JPEG,n01924916,110,110,0.38726726,1,imagenet_c,defocus_blur,1,none
efficientnet_b4,ILSVRC2012_val_00049105.JPEG,n01924916,110,110,0.5989029,1,imagenet_c,defocus_blur,1,none
efficientnet_b4,ILSVRC2012_val_00000836.JPEG,n01930112,111,111,0.5871256,1,imagenet_c,defocus_blur,1,none
efficientnet_b4,ILSVRC2012_val_00001882.JPEG,n01930112,111,111,0.7239526,1,imagenet_c,defocus_blur,1,none
efficientnet_b4,ILSVRC2012_val_00002428.JPEG,n01930112,111,111,0.7056486,1,imagenet_c,defocus_blur,1,none
efficientnet_b4,ILSVRC2012_val_00003467.JPEG,n01930112,111,111,0.6740187,1,imagenet_c,defocus_blur,1,none
efficientnet_b4,ILSVRC2012_val_00004923.JPEG,n01930112,111,111,0.7781211,1,imagenet_c,defocus_blur,1,none
efficientnet_b4,ILSVRC2012_val_00005429.JPEG,n01930112,111,111,0.738177,1,imagenet_c,defocus_blur,1,none
efficientnet_b4,ILSVRC2012_val_00007860.JPEG,n01930112,111,111,0.8810641,1,imagenet_c,defocus_blur,1,none
efficientnet_b4,ILSVRC2012_val_00010172.JPEG,n01930112,111,111,0.76271135,1,imagenet_c,defocus_blur,1,none
efficientnet_b4,ILSVRC2012_val_00012415.JPEG,n01930112,111,845,0.14464796,0,imagenet_c,defocus_blur,1,none
efficientnet_b4,ILSVRC2012_val_00012846.JPEG,n01930112,111,111,0.7852502,1,imagenet_c,defocus_blur,1,none
efficientnet_b4,ILSVRC2012_val_00015650.JPEG,n01930112,111,111,0.19076476,1,imagenet_c,defocus_blur,1,none
efficientnet_b4,ILSVRC2012_val_00016226.JPEG,n01930112,111,111,0.76295894,1,imagenet_c,defocus_blur,1,none
efficientnet_b4,ILSVRC2012_val_00017022.JPEG,n01930112,111,111,0.7419455,1,imagenet_c,defocus_blur,1,none
efficientnet_b4,ILSVRC2012_val_00017054.JPEG,n01930112,111,111,0.5625706,1,imagenet_c,defocus_blur,1,none
efficientnet_b4,ILSVRC2012_val_00017983.JPEG,n01930112,111,52,0.12914231,0,imagenet_c,defocus_blur,1,none
efficientnet_b4,ILSVRC2012_val_00018636.JPEG,n01930112,111,111,0.64775574,1,imagenet_c,defocus_blur,1,none
efficientnet_b4,ILSVRC2012_val_00019842.JPEG,n01930112,111,72,0.115260124,0,imagenet_c,defocus_blur,1,none
efficientnet_b4,ILSVRC2012_val_00020370.JPEG,n01930112,111,111,0.8486633,1,imagenet_c,defocus_blur,1,none
efficientnet_b4,ILSVRC2012_val_00020476.JPEG,n01930112,111,111,0.69060516,1,imagenet_c,defocus_blur,1,none
efficientnet_b4,ILSVRC2012_val_00022218.JPEG,n01930112,111,111,0.73148245,1,imagenet_c,defocus_blur,1,none
efficientnet_b4,ILSVRC2012_val_00022395.JPEG,n01930112,111,111,0.757136,1,imagenet_c,defocus_blur,1,none
efficientnet_b4,ILSVRC2012_val_00025747.JPEG,n01930112,111,111,0.672182,1,imagenet_c,defocus_blur,1,none
efficientnet_b4,ILSVRC2012_val_00026308.JPEG,n01930112,111,111,0.78075194,1,imagenet_c,defocus_blur,1,none
efficientnet_b4,ILSVRC2012_val_00026383.JPEG,n01930112,111,111,0.5820154,1,imagenet_c,defocus_blur,1,none
efficientnet_b4,ILSVRC2012_val_00026452.JPEG,n01930112,111,111,0.72637093,1,imagenet_c,defocus_blur,1,none
efficientnet_b4,ILSVRC2012_val_00027167.JPEG,n01930112,111,111,0.7445652,1,imagenet_c,defocus_blur,1,none
efficientnet_b4,ILSVRC2012_val_00027709.JPEG,n01930112,111,111,0.74973226,1,imagenet_c,defocus_blur,1,none
efficientnet_b4,ILSVRC2012_val_00028924.JPEG,n01930112,111,111,0.6992061,1,imagenet_c,defocus_blur,1,none
efficientnet_b4,ILSVRC2012_val_00029033.JPEG,n01930112,111,111,0.67899966,1,imagenet_c,defocus_blur,1,none
efficientnet_b4,ILSVRC2012_val_00029702.JPEG,n01930112,111,111,0.72969174,1,imagenet_c,defocus_blur,1,none
efficientnet_b4,ILSVRC2012_val_00031105.JPEG,n01930112,111,111,0.7575007,1,imagenet_c,defocus_blur,1,none
efficientnet_b4,ILSVRC2012_val_00031388.JPEG,n01930112,111,111,0.6936181,1,imagenet_c,defocus_blur,1,none
efficientnet_b4,ILSVRC2012_val_00033050.JPEG,n01930112,111,111,0.7935028,1,imagenet_c,defocus_blur,1,none
efficientnet_b4,ILSVRC2012_val_00035048.JPEG,n01930112,111,111,0.7779686,1,imagenet_c,defocus_blur,1,none
efficientnet_b4,ILSVRC2012_val_00036381.JPEG,n01930112,111,111,0.7845112,1,imagenet_c,defocus_blur,1,none
efficientnet_b4,ILSVRC2012_val_00036601.JPEG,n01930112,111,111,0.85463166,1,imagenet_c,defocus_blur,1,none
efficientnet_b4,ILSVRC2012_val_00036635.JPEG,n01930112,111,111,0.593838,1,imagenet_c,defocus_blur,1,none
efficientnet_b4,ILSVRC2012_val_00037821.JPEG,n01930112,111,111,0.754292,1,imagenet_c,defocus_blur,1,none
efficientnet_b4,ILSVRC2012_val_00038062.JPEG,n01930112,111,111,0.24547453,1,imagenet_c,defocus_blur,1,none
efficientnet_b4,ILSVRC2012_val_00038464.JPEG,n01930112,111,111,0.7247245,1,imagenet_c,defocus_blur,1,none
efficientnet_b4,ILSVRC2012_val_00043302.JPEG,n01930112,111,111,0.76093274,1,imagenet_c,defocus_blur,1,none
efficientnet_b4,ILSVRC2012_val_00043937.JPEG,n01930112,111,111,0.62750685,1,imagenet_c,defocus_blur,1,none
efficientnet_b4,ILSVRC2012_val_00044671.JPEG,n01930112,111,111,0.6642366,1,imagenet_c,defocus_blur,1,none
efficientnet_b4,ILSVRC2012_val_00045061.JPEG,n01930112,111,111,0.7053412,1,imagenet_c,defocus_blur,1,none
efficientnet_b4,ILSVRC2012_val_00045183.JPEG,n01930112,111,111,0.71514267,1,imagenet_c,defocus_blur,1,none
efficientnet_b4,ILSVRC2012_val_00045296.JPEG,n01930112,111,111,0.717534,1,imagenet_c,defocus_blur,1,none
efficientnet_b4,ILSVRC2012_val_00047978.JPEG,n01930112,111,111,0.68931025,1,imagenet_c,defocus_blur,1,none
efficientnet_b4,ILSVRC2012_val_00048408.JPEG,n01930112,111,111,0.6737153,1,imagenet_c,defocus_blur,1,none
efficientnet_b4,ILSVRC2012_val_00049191.JPEG,n01930112,111,111,0.42791465,1,imagenet_c,defocus_blur,1,none
efficientnet_b4,ILSVRC2012_val_00049914.JPEG,n01930112,111,111,0.687785,1,imagenet_c,defocus_blur,1,none
efficientnet_b4,ILSVRC2012_val_00000781.JPEG,n01943899,112,112,0.6591882,1,imagenet_c,defocus_blur,1,none
efficientnet_b4,ILSVRC2012_val_00005706.JPEG,n01943899,112,825,0.052005276,0,imagenet_c,defocus_blur,1,none
efficientnet_b4,ILSVRC2012_val_00006713.JPEG,n01943899,112,112,0.45120955,1,imagenet_c,defocus_blur,1,none
efficientnet_b4,ILSVRC2012_val_00006810.JPEG,n01943899,112,112,0.4539062,1,imagenet_c,defocus_blur,1,none
efficientnet_b4,ILSVRC2012_val_00006828.JPEG,n01943899,112,112,0.65475196,1,imagenet_c,defocus_blur,1,none
efficientnet_b4,ILSVRC2012_val_00007422.JPEG,n01943899,112,327,0.23762125,0,imagenet_c,defocus_blur,1,none
efficientnet_b4,ILSVRC2012_val_00009317.JPEG,n01943899,112,112,0.4742572,1,imagenet_c,defocus_blur,1,none
efficientnet_b4,ILSVRC2012_val_00009481.JPEG,n01943899,112,112,0.46285552,1,imagenet_c,defocus_blur,1,none
efficientnet_b4,ILSVRC2012_val_00009665.JPEG,n01943899,112,112,0.41836,1,imagenet_c,defocus_blur,1,none
efficientnet_b4,ILSVRC2012_val_00009730.JPEG,n01943899,112,112,0.25361475,1,imagenet_c,defocus_blur,1,none
efficientnet_b4,ILSVRC2012_val_00010096.JPEG,n01943899,112,112,0.3671099,1,imagenet_c,defocus_blur,1,none
efficientnet_b4,ILSVRC2012_val_00010122.JPEG,n01943899,112,116,0.053771105,0,imagenet_c,defocus_blur,1,none
efficientnet_b4,ILSVRC2012_val_00010955.JPEG,n01943899,112,113,0.6596079,0,imagenet_c,defocus_blur,1,none
efficientnet_b4,ILSVRC2012_val_00012480.JPEG,n01943899,112,112,0.5656365,1,imagenet_c,defocus_blur,1,none
efficientnet_b4,ILSVRC2012_val_00012672.JPEG,n01943899,112,113,0.39979833,0,imagenet_c,defocus_blur,1,none
efficientnet_b4,ILSVRC2012_val_00012788.JPEG,n01943899,112,112,0.2548832,1,imagenet_c,defocus_blur,1,none
efficientnet_b4,ILSVRC2012_val_00018025.JPEG,n01943899,112,120,0.03933963,0,imagenet_c,defocus_blur,1,none
efficientnet_b4,ILSVRC2012_val_00018076.JPEG,n01943899,112,112,0.31374845,1,imagenet_c,defocus_blur,1,none
efficientnet_b4,ILSVRC2012_val_00018485.JPEG,n01943899,112,112,0.4618356,1,imagenet_c,defocus_blur,1,none
efficientnet_b4,ILSVRC2012_val_00018605.JPEG,n01943899,112,112,0.3528735,1,imagenet_c,defocus_blur,1,none
efficientnet_b4,ILSVRC2012_val_00019026.JPEG,n01943899,112,677,0.030537045,0,imagenet_c,defocus_blur,1,none
efficientnet_b4,ILSVRC2012_val_00019373.JPEG,n01943899,112,113,0.22483578,0,imagenet_c,defocus_blur,1,none
efficientnet_b4,ILSVRC2012_val_00019461.JPEG,n01943899,112,112,0.06950591,1,imagenet_c,defocus_blur,1,none
efficientnet_b4,ILSVRC2012_val_00020298.JPEG,n01943899,112,112,0.19728717,1,imagenet_c,defocus_blur,1,none
efficientnet_b4,ILSVRC2012_val_00020958.JPEG,n01943899,112,978,0.099903874,0,imagenet_c,defocus_blur,1,none
efficientnet_b4,ILSVRC2012_val_00023483.JPEG,n01943899,112,112,0.27659667,1,imagenet_c,defocus_blur,1,none
efficientnet_b4,ILSVRC2012_val_00023560.JPEG,n01943899,112,112,0.68539417,1,imagenet_c,defocus_blur,1,none
efficientnet_b4,ILSVRC2012_val_00025310.JPEG,n01943899,112,112,0.34812218,1,imagenet_c,defocus_blur,1,none
efficientnet_b4,ILSVRC2012_val_00027248.JPEG,n01943899,112,112,0.643023,1,imagenet_c,defocus_blur,1,none
efficientnet_b4,ILSVRC2012_val_00028615.JPEG,n01943899,112,996,0.055243272,0,imagenet_c,defocus_blur,1,none
efficientnet_b4,ILSVRC2012_val_00028654.JPEG,n01943899,112,112,0.22435875,1,imagenet_c,defocus_blur,1,none
efficientnet_b4,ILSVRC2012_val_00029264.JPEG,n01943899,112,47,0.13595226,0,imagenet_c,defocus_blur,1,none
efficientnet_b4,ILSVRC2012_val_00029891.JPEG,n01943899,112,112,0.49648654,1,imagenet_c,defocus_blur,1,none
efficientnet_b4,ILSVRC2012_val_00031734.JPEG,n01943899,112,112,0.37447628,1,imagenet_c,defocus_blur,1,none
efficientnet_b4,ILSVRC2012_val_00032852.JPEG,n01943899,112,112,0.6731149,1,imagenet_c,defocus_blur,1,none
efficientnet_b4,ILSVRC2012_val_00034318.JPEG,n01943899,112,112,0.53310734,1,imagenet_c,defocus_blur,1,none
efficientnet_b4,ILSVRC2012_val_00034731.JPEG,n01943899,112,112,0.32217845,1,imagenet_c,defocus_blur,1,none
efficientnet_b4,ILSVRC2012_val_00035636.JPEG,n01943899,112,119,0.19361056,0,imagenet_c,defocus_blur,1,none
efficientnet_b4,ILSVRC2012_val_00035762.JPEG,n01943899,112,112,0.53134596,1,imagenet_c,defocus_blur,1,none
efficientnet_b4,ILSVRC2012_val_00036272.JPEG,n01943899,112,112,0.46409264,1,imagenet_c,defocus_blur,1,none
efficientnet_b4,ILSVRC2012_val_00037632.JPEG,n01943899,112,113,0.102281615,0,imagenet_c,defocus_blur,1,none
efficientnet_b4,ILSVRC2012_val_00038001.JPEG,n01943899,112,112,0.6000789,1,imagenet_c,defocus_blur,1,none
efficientnet_b4,ILSVRC2012_val_00038299.JPEG,n01943899,112,126,0.33666396,0,imagenet_c,defocus_blur,1,none
efficientnet_b4,ILSVRC2012_val_00039012.JPEG,n01943899,112,112,0.48025927,1,imagenet_c,defocus_blur,1,none
efficientnet_b4,ILSVRC2012_val_00039775.JPEG,n01943899,112,996,0.3994429,0,imagenet_c,defocus_blur,1,none
efficientnet_b4,ILSVRC2012_val_00040963.JPEG,n01943899,112,112,0.490116,1,imagenet_c,defocus_blur,1,none
efficientnet_b4,ILSVRC2012_val_00045192.JPEG,n01943899,112,112,0.6818174,1,imagenet_c,defocus_blur,1,none
efficientnet_b4,ILSVRC2012_val_00045609.JPEG,n01943899,112,112,0.65811545,1,imagenet_c,defocus_blur,1,none
efficientnet_b4,ILSVRC2012_val_00045972.JPEG,n01943899,112,910,0.3876245,0,imagenet_c,defocus_blur,1,none
efficientnet_b4,ILSVRC2012_val_00046625.JPEG,n01943899,112,766,0.35323936,0,imagenet_c,defocus_blur,1,none
efficientnet_b4,ILSVRC2012_val_00001268.JPEG,n01944390,113,113,0.49784106,1,imagenet_c,defocus_blur,1,none
efficientnet_b4,ILSVRC2012_val_00001959.JPEG,n01944390,113,113,0.22316946,1,imagenet_c,defocus_blur,1,none
efficientnet_b4,ILSVRC2012_val_00002602.JPEG,n01944390,113,113,0.23362643,1,imagenet_c,defocus_blur,1,none
efficientnet_b4,ILSVRC2012_val_00002763.JPEG,n01944390,113,113,0.3101124,1,imagenet_c,defocus_blur,1,none
efficientnet_b4,ILSVRC2012_val_00003604.JPEG,n01944390,113,113,0.35582885,1,imagenet_c,defocus_blur,1,none
efficientnet_b4,ILSVRC2012_val_00003625.JPEG,n01944390,113,79,0.1336463,0,imagenet_c,defocus_blur,1,none
efficientnet_b4,ILSVRC2012_val_00006860.JPEG,n01944390,113,993,0.15986232,0,imagenet_c,defocus_blur,1,none
efficientnet_b4,ILSVRC2012_val_00007377.JPEG,n01944390,113,113,0.21833748,1,imagenet_c,defocus_blur,1,none
efficientnet_b4,ILSVRC2012_val_00007479.JPEG,n01944390,113,113,0.4965127,1,imagenet_c,defocus_blur,1,none
efficientnet_b4,ILSVRC2012_val_00008002.JPEG,n01944390,113,113,0.28501347,1,imagenet_c,defocus_blur,1,none
efficientnet_b4,ILSVRC2012_val_00008747.JPEG,n01944390,113,113,0.3385877,1,imagenet_c,defocus_blur,1,none
efficientnet_b4,ILSVRC2012_val_00008789.JPEG,n01944390,113,113,0.19925821,1,imagenet_c,defocus_blur,1,none
efficientnet_b4,ILSVRC2012_val_00009202.JPEG,n01944390,113,611,0.19272074,0,imagenet_c,defocus_blur,1,none
efficientnet_b4,ILSVRC2012_val_00009654.JPEG,n01944390,113,113,0.73453045,1,imagenet_c,defocus_blur,1,none
efficientnet_b4,ILSVRC2012_val_00010312.JPEG,n01944390,113,113,0.32574934,1,imagenet_c,defocus_blur,1,none
efficientnet_b4,ILSVRC2012_val_00010996.JPEG,n01944390,113,113,0.31359085,1,imagenet_c,defocus_blur,1,none
efficientnet_b4,ILSVRC2012_val_00012117.JPEG,n01944390,113,113,0.3625413,1,imagenet_c,defocus_blur,1,none
efficientnet_b4,ILSVRC2012_val_00012418.JPEG,n01944390,113,113,0.34878173,1,imagenet_c,defocus_blur,1,none
efficientnet_b4,ILSVRC2012_val_00013379.JPEG,n01944390,113,113,0.41623914,1,imagenet_c,defocus_blur,1,none
efficientnet_b4,ILSVRC2012_val_00013503.JPEG,n01944390,113,113,0.4758347,1,imagenet_c,defocus_blur,1,none
efficientnet_b4,ILSVRC2012_val_00017431.JPEG,n01944390,113,113,0.57189167,1,imagenet_c,defocus_blur,1,none
efficientnet_b4,ILSVRC2012_val_00018951.JPEG,n01944390,113,113,0.49657583,1,imagenet_c,defocus_blur,1,none
efficientnet_b4,ILSVRC2012_val_00019782.JPEG,n01944390,113,194,0.18362547,0,imagenet_c,defocus_blur,1,none
efficientnet_b4,ILSVRC2012_val_00019895.JPEG,n01944390,113,113,0.40189183,1,imagenet_c,defocus_blur,1,none
efficientnet_b4,ILSVRC2012_val_00022381.JPEG,n01944390,113,113,0.42380002,1,imagenet_c,defocus_blur,1,none
efficientnet_b4,ILSVRC2012_val_00022758.JPEG,n01944390,113,37,0.18977161,0,imagenet_c,defocus_blur,1,none
efficientnet_b4,ILSVRC2012_val_00023206.JPEG,n01944390,113,113,0.4892608,1,imagenet_c,defocus_blur,1,none
efficientnet_b4,ILSVRC2012_val_00023958.JPEG,n01944390,113,113,0.32854524,1,imagenet_c,defocus_blur,1,none
efficientnet_b4,ILSVRC2012_val_00024410.JPEG,n01944390,113,113,0.48292583,1,imagenet_c,defocus_blur,1,none
efficientnet_b4,ILSVRC2012_val_00025411.JPEG,n01944390,113,113,0.44425115,1,imagenet_c,defocus_blur,1,none
efficientnet_b4,ILSVRC2012_val_00025566.JPEG,n01944390,113,113,0.37460208,1,imagenet_c,defocus_blur,1,none
efficientnet_b4,ILSVRC2012_val_00025722.JPEG,n01944390,113,113,0.39572772,1,imagenet_c,defocus_blur,1,none
efficientnet_b4,ILSVRC2012_val_00025725.JPEG,n01944390,113,988,0.07255054,0,imagenet_c,defocus_blur,1,none
efficientnet_b4,ILSVRC2012_val_00025840.JPEG,n01944390,113,113,0.45460826,1,imagenet_c,defocus_blur,1,none
efficientnet_b4,ILSVRC2012_val_00030012.JPEG,n01944390,113,113,0.32040495,1,imagenet_c,defocus_blur,1,none
efficientnet_b4,ILSVRC2012_val_00030395.JPEG,n01944390,113,113,0.2749093,1,imagenet_c,defocus_blur,1,none
efficientnet_b4,ILSVRC2012_val_00034957.JPEG,n01944390,113,996,0.22467864,0,imagenet_c,defocus_blur,1,none
efficientnet_b4,ILSVRC2012_val_00036200.JPEG,n01944390,113,113,0.24092834,1,imagenet_c,defocus_blur,1,none
efficientnet_b4,ILSVRC2012_val_00036494.JPEG,n01944390,113,113,0.5038945,1,imagenet_c,defocus_blur,1,none
efficientnet_b4,ILSVRC2012_val_00038059.JPEG,n01944390,113,113,0.40342918,1,imagenet_c,defocus_blur,1,none
efficientnet_b4,ILSVRC2012_val_00039434.JPEG,n01944390,113,113,0.60231686,1,imagenet_c,defocus_blur,1,none
efficientnet_b4,ILSVRC2012_val_00040123.JPEG,n01944390,113,38,0.38380003,0,imagenet_c,defocus_blur,1,none
efficientnet_b4,ILSVRC2012_val_00040504.JPEG,n01944390,113,125,0.37418962,0,imagenet_c,defocus_blur,1,none
efficientnet_b4,ILSVRC2012_val_00045031.JPEG,n01944390,113,113,0.38511315,1,imagenet_c,defocus_blur,1,none
efficientnet_b4,ILSVRC2012_val_00045945.JPEG,n01944390,113,113,0.38847598,1,imagenet_c,defocus_blur,1,none
efficientnet_b4,ILSVRC2012_val_00046248.JPEG,n01944390,113,113,0.2223211,1,imagenet_c,defocus_blur,1,none
efficientnet_b4,ILSVRC2012_val_00046551.JPEG,n01944390,113,113,0.43274546,1,imagenet_c,defocus_blur,1,none
efficientnet_b4,ILSVRC2012_val_00046883.JPEG,n01944390,113,113,0.49492455,1,imagenet_c,defocus_blur,1,none
efficientnet_b4,ILSVRC2012_val_00047412.JPEG,n01944390,113,61,0.06254351,0,imagenet_c,defocus_blur,1,none
efficientnet_b4,ILSVRC2012_val_00049410.JPEG,n01944390,113,113,0.3082137,1,imagenet_c,defocus_blur,1,none
efficientnet_b4,ILSVRC2012_val_00000546.JPEG,n01945685,114,113,0.25422093,0,imagenet_c,defocus_blur,1,none
efficientnet_b4,ILSVRC2012_val_00001727.JPEG,n01945685,114,114,0.6430823,1,imagenet_c,defocus_blur,1,none
efficientnet_b4,ILSVRC2012_val_00001746.JPEG,n01945685,114,994,0.28061557,0,imagenet_c,defocus_blur,1,none
efficientnet_b4,ILSVRC2012_val_00002261.JPEG,n01945685,114,996,0.49126768,0,imagenet_c,defocus_blur,1,none
efficientnet_b4,ILSVRC2012_val_00002720.JPEG,n01945685,114,114,0.47561985,1,imagenet_c,defocus_blur,1,none
efficientnet_b4,ILSVRC2012_val_00003601.JPEG,n01945685,114,775,0.10373334,0,imagenet_c,defocus_blur,1,none
efficientnet_b4,ILSVRC2012_val_00004691.JPEG,n01945685,114,114,0.5157032,1,imagenet_c,defocus_blur,1,none
efficientnet_b4,ILSVRC2012_val_00006193.JPEG,n01945685,114,114,0.5167468,1,imagenet_c,defocus_blur,1,none
efficientnet_b4,ILSVRC2012_val_00007753.JPEG,n01945685,114,71,0.11112659,0,imagenet_c,defocus_blur,1,none
efficientnet_b4,ILSVRC2012_val_00007975.JPEG,n01945685,114,114,0.21508124,1,imagenet_c,defocus_blur,1,none
efficientnet_b4,ILSVRC2012_val_00008468.JPEG,n01945685,114,600,0.1911976,0,imagenet_c,defocus_blur,1,none
efficientnet_b4,ILSVRC2012_val_00014130.JPEG,n01945685,114,114,0.49909517,1,imagenet_c,defocus_blur,1,none
efficientnet_b4,ILSVRC2012_val_00014514.JPEG,n01945685,114,114,0.7130118,1,imagenet_c,defocus_blur,1,none
efficientnet_b4,ILSVRC2012_val_00014762.JPEG,n01945685,114,114,0.18752868,1,imagenet_c,defocus_blur,1,none
efficientnet_b4,ILSVRC2012_val_00016138.JPEG,n01945685,114,114,0.65007436,1,imagenet_c,defocus_blur,1,none
efficientnet_b4,ILSVRC2012_val_00018112.JPEG,n01945685,114,114,0.42191806,1,imagenet_c,defocus_blur,1,none
efficientnet_b4,ILSVRC2012_val_00018729.JPEG,n01945685,114,110,0.3553939,0,imagenet_c,defocus_blur,1,none
efficientnet_b4,ILSVRC2012_val_00018757.JPEG,n01945685,114,114,0.7743932,1,imagenet_c,defocus_blur,1,none
efficientnet_b4,ILSVRC2012_val_00023207.JPEG,n01945685,114,937,0.05353707,0,imagenet_c,defocus_blur,1,none
efficientnet_b4,ILSVRC2012_val_00023925.JPEG,n01945685,114,626,0.024651743,0,imagenet_c,defocus_blur,1,none
efficientnet_b4,ILSVRC2012_val_00024260.JPEG,n01945685,114,114,0.70428044,1,imagenet_c,defocus_blur,1,none
efficientnet_b4,ILSVRC2012_val_00027499.JPEG,n01945685,114,110,0.41660067,0,imagenet_c,defocus_blur,1,none
efficientnet_b4,ILSVRC2012_val_00027532.JPEG,n01945685,114,596,0.1746497,0,imagenet_c,defocus_blur,1,none
efficientnet_b4,ILSVRC2012_val_00027798.JPEG,n01945685,114,114,0.7292705,1,imagenet_c,defocus_blur,1,none
efficientnet_b4,ILSVRC2012_val_00028401.JPEG,n01945685,114,114,0.35462758,1,imagenet_c,defocus_blur,1,none
efficientnet_b4,ILSVRC2012_val_00028852.JPEG,n01945685,114,114,0.5291514,1,imagenet_c,defocus_blur,1,none
efficientnet_b4,ILSVRC2012_val_00029475.JPEG,n01945685,114,114,0.10372376,1,imagenet_c,defocus_blur,1,none
efficientnet_b4,ILSVRC2012_val_00029558.JPEG,n01945685,114,114,0.28211677,1,imagenet_c,defocus_blur,1,none
efficientnet_b4,ILSVRC2012_val_00029563.JPEG,n01945685,114,114,0.719765,1,imagenet_c,defocus_blur,1,none
efficientnet_b4,ILSVRC2012_val_00030258.JPEG,n01945685,114,114,0.5947385,1,imagenet_c,defocus_blur,1,none
efficientnet_b4,ILSVRC2012_val_00031116.JPEG,n01945685,114,114,0.708792,1,imagenet_c,defocus_blur,1,none
efficientnet_b4,ILSVRC2012_val_00031728.JPEG,n01945685,114,114,0.55249757,1,imagenet_c,defocus_blur,1,none
efficientnet_b4,ILSVRC2012_val_00032421.JPEG,n01945685,114,103,0.5019431,0,imagenet_c,defocus_blur,1,none
efficientnet_b4,ILSVRC2012_val_00032834.JPEG,n01945685,114,114,0.5890078,1,imagenet_c,defocus_blur,1,none
efficientnet_b4,ILSVRC2012_val_00034015.JPEG,n01945685,114,114,0.505803,1,imagenet_c,defocus_blur,1,none
efficientnet_b4,ILSVRC2012_val_00034595.JPEG,n01945685,114,992,0.06265651,0,imagenet_c,defocus_blur,1,none
efficientnet_b4,ILSVRC2012_val_00035086.JPEG,n01945685,114,114,0.44549474,1,imagenet_c,defocus_blur,1,none
efficientnet_b4,ILSVRC2012_val_00035202.JPEG,n01945685,114,114,0.43432167,1,imagenet_c,defocus_blur,1,none
efficientnet_b4,ILSVRC2012_val_00036192.JPEG,n01945685,114,114,0.5819249,1,imagenet_c,defocus_blur,1,none
efficientnet_b4,ILSVRC2012_val_00036520.JPEG,n01945685,114,114,0.44642785,1,imagenet_c,defocus_blur,1,none
efficientnet_b4,ILSVRC2012_val_00038708.JPEG,n01945685,114,114,0.52985907,1,imagenet_c,defocus_blur,1,none
efficientnet_b4,ILSVRC2012_val_00041593.JPEG,n01945685,114,114,0.59994966,1,imagenet_c,defocus_blur,1,none
efficientnet_b4,ILSVRC2012_val_00041634.JPEG,n01945685,114,114,0.068345435,1,imagenet_c,defocus_blur,1,none
efficientnet_b4,ILSVRC2012_val_00042191.JPEG,n01945685,114,114,0.5971466,1,imagenet_c,defocus_blur,1,none
efficientnet_b4,ILSVRC2012_val_00042889.JPEG,n01945685,114,114,0.4664379,1,imagenet_c,defocus_blur,1,none
efficientnet_b4,ILSVRC2012_val_00042900.JPEG,n01945685,114,114,0.33390117,1,imagenet_c,defocus_blur,1,none
efficientnet_b4,ILSVRC2012_val_00043904.JPEG,n01945685,114,114,0.36539668,1,imagenet_c,defocus_blur,1,none
efficientnet_b4,ILSVRC2012_val_00045313.JPEG,n01945685,114,932,0.19269744,0,imagenet_c,defocus_blur,1,none
efficientnet_b4,ILSVRC2012_val_00047674.JPEG,n01945685,114,114,0.51572835,1,imagenet_c,defocus_blur,1,none
efficientnet_b4,ILSVRC2012_val_00048902.JPEG,n01945685,114,114,0.31065923,1,imagenet_c,defocus_blur,1,none
efficientnet_b4,ILSVRC2012_val_00000154.JPEG,n01950731,115,115,0.448407,1,imagenet_c,defocus_blur,1,none
efficientnet_b4,ILSVRC2012_val_00003733.JPEG,n01950731,115,115,0.23066798,1,imagenet_c,defocus_blur,1,none
efficientnet_b4,ILSVRC2012_val_00003875.JPEG,n01950731,115,110,0.58698076,0,imagenet_c,defocus_blur,1,none
efficientnet_b4,ILSVRC2012_val_00004078.JPEG,n01950731,115,115,0.5021156,1,imagenet_c,defocus_blur,1,none
efficientnet_b4,ILSVRC2012_val_00004632.JPEG,n01950731,115,115,0.32969084,1,imagenet_c,defocus_blur,1,none
efficientnet_b4,ILSVRC2012_val_00008160.JPEG,n01950731,115,946,0.27917352,0,imagenet_c,defocus_blur,1,none
efficientnet_b4,ILSVRC2012_val_00009910.JPEG,n01950731,115,115,0.3421858,1,imagenet_c,defocus_blur,1,none
efficientnet_b4,ILSVRC2012_val_00011651.JPEG,n01950731,115,115,0.42507583,1,imagenet_c,defocus_blur,1,none
efficientnet_b4,ILSVRC2012_val_00012985.JPEG,n01950731,115,115,0.5948857,1,imagenet_c,defocus_blur,1,none
efficientnet_b4,ILSVRC2012_val_00016162.JPEG,n01950731,115,113,0.32694328,0,imagenet_c,defocus_blur,1,none
efficientnet_b4,ILSVRC2012_val_00016170.JPEG,n01950731,115,111,0.07717839,0,imagenet_c,defocus_blur,1,none
efficientnet_b4,ILSVRC2012_val_00017718.JPEG,n01950731,115,115,0.672478,1,imagenet_c,defocus_blur,1,none
efficientnet_b4,ILSVRC2012_val_00018470.JPEG,n01950731,115,115,0.51109767,1,imagenet_c,defocus_blur,1,none
efficientnet_b4,ILSVRC2012_val_00019684.JPEG,n01950731,115,110,0.12443669,0,imagenet_c,defocus_blur,1,none
efficientnet_b4,ILSVRC2012_val_00021059.JPEG,n01950731,115,115,0.24631725,1,imagenet_c,defocus_blur,1,none
efficientnet_b4,ILSVRC2012_val_00022321.JPEG,n01950731,115,115,0.6112051,1,imagenet_c,defocus_blur,1,none
efficientnet_b4,ILSVRC2012_val_00022527.JPEG,n01950731,115,29,0.049475025,0,imagenet_c,defocus_blur,1,none
efficientnet_b4,ILSVRC2012_val_00022671.JPEG,n01950731,115,973,0.17612952,0,imagenet_c,defocus_blur,1,none
efficientnet_b4,ILSVRC2012_val_00023865.JPEG,n01950731,115,115,0.46578997,1,imagenet_c,defocus_blur,1,none
efficientnet_b4,ILSVRC2012_val_00026954.JPEG,n01950731,115,115,0.61380655,1,imagenet_c,defocus_blur,1,none
efficientnet_b4,ILSVRC2012_val_00027270.JPEG,n01950731,115,115,0.20015721,1,imagenet_c,defocus_blur,1,none
efficientnet_b4,ILSVRC2012_val_00028918.JPEG,n01950731,115,115,0.3539214,1,imagenet_c,defocus_blur,1,none
efficientnet_b4,ILSVRC2012_val_00029010.JPEG,n01950731,115,110,0.07810194,0,imagenet_c,defocus_blur,1,none
efficientnet_b4,ILSVRC2012_val_00029013.JPEG,n01950731,115,115,0.26463306,1,imagenet_c,defocus_blur,1,none
efficientnet_b4,ILSVRC2012_val_00029111.JPEG,n01950731,115,115,0.08330293,1,imagenet_c,defocus_blur,1,none
efficientnet_b4,ILSVRC2012_val_00029162.JPEG,n01950731,115,119,0.1172782,0,imagenet_c,defocus_blur,1,none
efficientnet_b4,ILSVRC2012_val_00029798.JPEG,n01950731,115,115,0.3619966,1,imagenet_c,defocus_blur,1,none
efficientnet_b4,ILSVRC2012_val_00030041.JPEG,n01950731,115,115,0.6082904,1,imagenet_c,defocus_blur,1,none
efficientnet_b4,ILSVRC2012_val_00030437.JPEG,n01950731,115,115,0.11697468,1,imagenet_c,defocus_blur,1,none
efficientnet_b4,ILSVRC2012_val_00031822.JPEG,n01950731,115,115,0.2724579,1,imagenet_c,defocus_blur,1,none
efficientnet_b4,ILSVRC2012_val_00032139.JPEG,n01950731,115,115,0.65631294,1,imagenet_c,defocus_blur,1,none
efficientnet_b4,ILSVRC2012_val_00033555.JPEG,n01950731,115,69,0.10791705,0,imagenet_c,defocus_blur,1,none
efficientnet_b4,ILSVRC2012_val_00033786.JPEG,n01950731,115,115,0.099818006,1,imagenet_c,defocus_blur,1,none
efficientnet_b4,ILSVRC2012_val_00034076.JPEG,n01950731,115,327,0.3201725,0,imagenet_c,defocus_blur,1,none
efficientnet_b4,ILSVRC2012_val_00034463.JPEG,n01950731,115,115,0.34684592,1,imagenet_c,defocus_blur,1,none
efficientnet_b4,ILSVRC2012_val_00035855.JPEG,n01950731,115,5,0.22447276,0,imagenet_c,defocus_blur,1,none
efficientnet_b4,ILSVRC2012_val_00035885.JPEG,n01950731,115,115,0.44802165,1,imagenet_c,defocus_blur,1,none
efficientnet_b4,ILSVRC2012_val_00036188.JPEG,n01950731,115,973,0.39740145,0,imagenet_c,defocus_blur,1,none
efficientnet_b4,ILSVRC2012_val_00037044.JPEG,n01950731,115,115,0.18116532,1,imagenet_c,defocus_blur,1,none
efficientnet_b4,ILSVRC2012_val_00038214.JPEG,n01950731,115,115,0.20988512,1,imagenet_c,defocus_blur,1,none
efficientnet_b4,ILSVRC2012_val_00038633.JPEG,n01950731,115,110,0.4682059,0,imagenet_c,defocus_blur,1,none
efficientnet_b4,ILSVRC2012_val_00039915.JPEG,n01950731,115,115,0.639334,1,imagenet_c,defocus_blur,1,none
efficientnet_b4,ILSVRC2012_val_00039974.JPEG,n01950731,115,115,0.33428296,1,imagenet_c,defocus_blur,1,none
efficientnet_b4,ILSVRC2012_val_00040586.JPEG,n01950731,115,115,0.30461073,1,imagenet_c,defocus_blur,1,none
efficientnet_b4,ILSVRC2012_val_00041924.JPEG,n01950731,115,993,0.132423,0,imagenet_c,defocus_blur,1,none
efficientnet_b4,ILSVRC2012_val_00044708.JPEG,n01950731,115,115,0.64980984,1,imagenet_c,defocus_blur,1,none
efficientnet_b4,ILSVRC2012_val_00044991.JPEG,n01950731,115,115,0.35479602,1,imagenet_c,defocus_blur,1,none
efficientnet_b4,ILSVRC2012_val_00046587.JPEG,n01950731,115,110,0.5873556,0,imagenet_c,defocus_blur,1,none
efficientnet_b4,ILSVRC2012_val_00048338.JPEG,n01950731,115,115,0.4985597,1,imagenet_c,defocus_blur,1,none
efficientnet_b4,ILSVRC2012_val_00049369.JPEG,n01950731,115,110,0.2821471,0,imagenet_c,defocus_blur,1,none
efficientnet_b4,ILSVRC2012_val_00000689.JPEG,n01955084,116,116,0.6754962,1,imagenet_c,defocus_blur,1,none
efficientnet_b4,ILSVRC2012_val_00000703.JPEG,n01955084,116,116,0.6055059,1,imagenet_c,defocus_blur,1,none
efficientnet_b4,ILSVRC2012_val_00001818.JPEG,n01955084,116,116,0.6879104,1,imagenet_c,defocus_blur,1,none
efficientnet_b4,ILSVRC2012_val_00001857.JPEG,n01955084,116,116,0.668523,1,imagenet_c,defocus_blur,1,none
efficientnet_b4,ILSVRC2012_val_00006446.JPEG,n01955084,116,116,0.680684,1,imagenet_c,defocus_blur,1,none
efficientnet_b4,ILSVRC2012_val_00007287.JPEG,n01955084,116,116,0.6536849,1,imagenet_c,defocus_blur,1,none
efficientnet_b4,ILSVRC2012_val_00009532.JPEG,n01955084,116,116,0.5853285,1,imagenet_c,defocus_blur,1,none
efficientnet_b4,ILSVRC2012_val_00010700.JPEG,n01955084,116,69,0.15782554,0,imagenet_c,defocus_blur,1,none
efficientnet_b4,ILSVRC2012_val_00011430.JPEG,n01955084,116,116,0.65276647,1,imagenet_c,defocus_blur,1,none
efficientnet_b4,ILSVRC2012_val_00012093.JPEG,n01955084,116,116,0.6540981,1,imagenet_c,defocus_blur,1,none
efficientnet_b4,ILSVRC2012_val_00012224.JPEG,n01955084,116,32,0.22957827,0,imagenet_c,defocus_blur,1,none
efficientnet_b4,ILSVRC2012_val_00014350.JPEG,n01955084,116,126,0.27643046,0,imagenet_c,defocus_blur,1,none
efficientnet_b4,ILSVRC2012_val_00015408.JPEG,n01955084,116,885,0.14971867,0,imagenet_c,defocus_blur,1,none
efficientnet_b4,ILSVRC2012_val_00015597.JPEG,n01955084,116,329,0.67502916,0,imagenet_c,defocus_blur,1,none
efficientnet_b4,ILSVRC2012_val_00015932.JPEG,n01955084,116,65,0.057727057,0,imagenet_c,defocus_blur,1,none
efficientnet_b4,ILSVRC2012_val_00016517.JPEG,n01955084,116,116,0.51888126,1,imagenet_c,defocus_blur,1,none
efficientnet_b4,ILSVRC2012_val_00017974.JPEG,n01955084,116,116,0.4520905,1,imagenet_c,defocus_blur,1,none
efficientnet_b4,ILSVRC2012_val_00018435.JPEG,n01955084,116,116,0.6242937,1,imagenet_c,defocus_blur,1,none
efficientnet_b4,ILSVRC2012_val_00019033.JPEG,n01955084,116,116,0.61409605,1,imagenet_c,defocus_blur,1,none
efficientnet_b4,ILSVRC2012_val_00019110.JPEG,n01955084,116,116,0.6096428,1,imagenet_c,defocus_blur,1,none
efficientnet_b4,ILSVRC2012_val_00019925.JPEG,n01955084,116,116,0.68745655,1,imagenet_c,defocus_blur,1,none
efficientnet_b4,ILSVRC2012_val_00020627.JPEG,n01955084,116,116,0.65085226,1,imagenet_c,defocus_blur,1,none
efficientnet_b4,ILSVRC2012_val_00020922.JPEG,n01955084,116,116,0.5466448,1,imagenet_c,defocus_blur,1,none
efficientnet_b4,ILSVRC2012_val_00021788.JPEG,n01955084,116,116,0.6461697,1,imagenet_c,defocus_blur,1,none
efficientnet_b4,ILSVRC2012_val_00023416.JPEG,n01955084,116,116,0.24794576,1,imagenet_c,defocus_blur,1,none
efficientnet_b4,ILSVRC2012_val_00024870.JPEG,n01955084,116,116,0.44166365,1,imagenet_c,defocus_blur,1,none
efficientnet_b4,ILSVRC2012_val_00025056.JPEG,n01955084,116,116,0.57047373,1,imagenet_c,defocus_blur,1,none
efficientnet_b4,ILSVRC2012_val_00026037.JPEG,n01955084,116,116,0.3206702,1,imagenet_c,defocus_blur,1,none
efficientnet_b4,ILSVRC2012_val_00028345.JPEG,n01955084,116,116,0.6899433,1,imagenet_c,defocus_blur,1,none
efficientnet_b4,ILSVRC2012_val_00028635.JPEG,n01955084,116,27,0.07639552,0,imagenet_c,defocus_blur,1,none
efficientnet_b4,ILSVRC2012_val_00028815.JPEG,n01955084,116,116,0.6248485,1,imagenet_c,defocus_blur,1,none
efficientnet_b4,ILSVRC2012_val_00029204.JPEG,n01955084,116,34,0.123233646,0,imagenet_c,defocus_blur,1,none
efficientnet_b4,ILSVRC2012_val_00031321.JPEG,n01955084,116,113,0.17080198,0,imagenet_c,defocus_blur,1,none
efficientnet_b4,ILSVRC2012_val_00032463.JPEG,n01955084,116,119,0.098937176,0,imagenet_c,defocus_blur,1,none
efficientnet_b4,ILSVRC2012_val_00032505.JPEG,n01955084,116,116,0.6622328,1,imagenet_c,defocus_blur,1,none
efficientnet_b4,ILSVRC2012_val_00032797.JPEG,n01955084,116,116,0.7002207,1,imagenet_c,defocus_blur,1,none
efficientnet_b4,ILSVRC2012_val_00035856.JPEG,n01955084,116,116,0.5888387,1,imagenet_c,defocus_blur,1,none
efficientnet_b4,ILSVRC2012_val_00036828.JPEG,n01955084,116,116,0.6132692,1,imagenet_c,defocus_blur,1,none
efficientnet_b4,ILSVRC2012_val_00040593.JPEG,n01955084,116,116,0.69310737,1,imagenet_c,defocus_blur,1,none
efficientnet_b4,ILSVRC2012_val_00041097.JPEG,n01955084,116,116,0.7642764,1,imagenet_c,defocus_blur,1,none
efficientnet_b4,ILSVRC2012_val_00041103.JPEG,n01955084,116,71,0.113500305,0,imagenet_c,defocus_blur,1,none
efficientnet_b4,ILSVRC2012_val_00042276.JPEG,n01955084,116,116,0.75128615,1,imagenet_c,defocus_blur,1,none
efficientnet_b4,ILSVRC2012_val_00042771.JPEG,n01955084,116,329,0.254957,0,imagenet_c,defocus_blur,1,none
efficientnet_b4,ILSVRC2012_val_00042830.JPEG,n01955084,116,116,0.1937255,1,imagenet_c,defocus_blur,1,none
efficientnet_b4,ILSVRC2012_val_00043301.JPEG,n01955084,116,116,0.6001758,1,imagenet_c,defocus_blur,1,none
efficientnet_b4,ILSVRC2012_val_00043514.JPEG,n01955084,116,327,0.59100044,0,imagenet_c,defocus_blur,1,none
efficientnet_b4,ILSVRC2012_val_00044637.JPEG,n01955084,116,116,0.6493593,1,imagenet_c,defocus_blur,1,none
efficientnet_b4,ILSVRC2012_val_00046463.JPEG,n01955084,116,116,0.80292565,1,imagenet_c,defocus_blur,1,none
efficientnet_b4,ILSVRC2012_val_00049301.JPEG,n01955084,116,116,0.6249383,1,imagenet_c,defocus_blur,1,none
efficientnet_b4,ILSVRC2012_val_00049905.JPEG,n01955084,116,116,0.27149153,1,imagenet_c,defocus_blur,1,none
efficientnet_b4,ILSVRC2012_val_00001356.JPEG,n01968897,117,117,0.20326203,1,imagenet_c,defocus_blur,1,none
efficientnet_b4,ILSVRC2012_val_00002628.JPEG,n01968897,117,117,0.6465615,1,imagenet_c,defocus_blur,1,none
efficientnet_b4,ILSVRC2012_val_00002715.JPEG,n01968897,117,117,0.55856365,1,imagenet_c,defocus_blur,1,none
efficientnet_b4,ILSVRC2012_val_00002866.JPEG,n01968897,117,397,0.114198536,0,imagenet_c,defocus_blur,1,none
efficientnet_b4,ILSVRC2012_val_00003475.JPEG,n01968897,117,117,0.636286,1,imagenet_c,defocus_blur,1,none
efficientnet_b4,ILSVRC2012_val_00005945.JPEG,n01968897,117,117,0.61151767,1,imagenet_c,defocus_blur,1,none
efficientnet_b4,ILSVRC2012_val_00006342.JPEG,n01968897,117,117,0.60281533,1,imagenet_c,defocus_blur,1,none
efficientnet_b4,ILSVRC2012_val_00006453.JPEG,n01968897,117,117,0.6448606,1,imagenet_c,defocus_blur,1,none
efficientnet_b4,ILSVRC2012_val_00006645.JPEG,n01968897,117,502,0.48359376,0,imagenet_c,defocus_blur,1,none
efficientnet_b4,ILSVRC2012_val_00007454.JPEG,n01968897,117,117,0.6773915,1,imagenet_c,defocus_blur,1,none
efficientnet_b4,ILSVRC2012_val_00008289.JPEG,n01968897,117,117,0.45092818,1,imagenet_c,defocus_blur,1,none
efficientnet_b4,ILSVRC2012_val_00010214.JPEG,n01968897,117,62,0.48378792,0,imagenet_c,defocus_blur,1,none
efficientnet_b4,ILSVRC2012_val_00011344.JPEG,n01968897,117,117,0.645615,1,imagenet_c,defocus_blur,1,none
efficientnet_b4,ILSVRC2012_val_00013334.JPEG,n01968897,117,117,0.58859396,1,imagenet_c,defocus_blur,1,none
efficientnet_b4,ILSVRC2012_val_00016495.JPEG,n01968897,117,117,0.26501587,1,imagenet_c,defocus_blur,1,none
efficientnet_b4,ILSVRC2012_val_00018477.JPEG,n01968897,117,117,0.62555736,1,imagenet_c,defocus_blur,1,none
efficientnet_b4,ILSVRC2012_val_00024867.JPEG,n01968897,117,117,0.70289725,1,imagenet_c,defocus_blur,1,none
efficientnet_b4,ILSVRC2012_val_00028933.JPEG,n01968897,117,117,0.572117,1,imagenet_c,defocus_blur,1,none
efficientnet_b4,ILSVRC2012_val_00029346.JPEG,n01968897,117,117,0.69677097,1,imagenet_c,defocus_blur,1,none
efficientnet_b4,ILSVRC2012_val_00030526.JPEG,n01968897,117,117,0.5470106,1,imagenet_c,defocus_blur,1,none
efficientnet_b4,ILSVRC2012_val_00030968.JPEG,n01968897,117,696,0.14989124,0,imagenet_c,defocus_blur,1,none
efficientnet_b4,ILSVRC2012_val_00031262.JPEG,n01968897,117,117,0.72827893,1,imagenet_c,defocus_blur,1,none
efficientnet_b4,ILSVRC2012_val_00032056.JPEG,n01968897,117,117,0.61404413,1,imagenet_c,defocus_blur,1,none
efficientnet_b4,ILSVRC2012_val_00033183.JPEG,n01968897,117,117,0.6690945,1,imagenet_c,defocus_blur,1,none
efficientnet_b4,ILSVRC2012_val_00033450.JPEG,n01968897,117,117,0.6404357,1,imagenet_c,defocus_blur,1,none
efficientnet_b4,ILSVRC2012_val_00033931.JPEG,n01968897,117,117,0.6746017,1,imagenet_c,defocus_blur,1,none
efficientnet_b4,ILSVRC2012_val_00033974.JPEG,n01968897,117,117,0.62499094,1,imagenet_c,defocus_blur,1,none
efficientnet_b4,ILSVRC2012_val_00034644.JPEG,n01968897,117,117,0.5626021,1,imagenet_c,defocus_blur,1,none
efficientnet_b4,ILSVRC2012_val_00034901.JPEG,n01968897,117,117,0.5350415,1,imagenet_c,defocus_blur,1,none
efficientnet_b4,ILSVRC2012_val_00035619.JPEG,n01968897,117,117,0.67525303,1,imagenet_c,defocus_blur,1,none
efficientnet_b4,ILSVRC2012_val_00035863.JPEG,n01968897,117,117,0.5407463,1,imagenet_c,defocus_blur,1,none
efficientnet_b4,ILSVRC2012_val_00037009.JPEG,n01968897,117,117,0.7108304,1,imagenet_c,defocus_blur,1,none
efficientnet_b4,ILSVRC2012_val_00037579.JPEG,n01968897,117,117,0.76800436,1,imagenet_c,defocus_blur,1,none
efficientnet_b4,ILSVRC2012_val_00037882.JPEG,n01968897,117,117,0.593823,1,imagenet_c,defocus_blur,1,none
efficientnet_b4,ILSVRC2012_val_00038131.JPEG,n01968897,117,582,0.28151226,0,imagenet_c,defocus_blur,1,none
efficientnet_b4,ILSVRC2012_val_00040448.JPEG,n01968897,117,317,0.3643514,0,imagenet_c,defocus_blur,1,none
efficientnet_b4,ILSVRC2012_val_00040877.JPEG,n01968897,117,117,0.29190335,1,imagenet_c,defocus_blur,1,none
efficientnet_b4,ILSVRC2012_val_00041284.JPEG,n01968897,117,117,0.6788184,1,imagenet_c,defocus_blur,1,none
efficientnet_b4,ILSVRC2012_val_00041316.JPEG,n01968897,117,117,0.7412787,1,imagenet_c,defocus_blur,1,none
efficientnet_b4,ILSVRC2012_val_00041975.JPEG,n01968897,117,117,0.548412,1,imagenet_c,defocus_blur,1,none
efficientnet_b4,ILSVRC2012_val_00042709.JPEG,n01968897,117,117,0.6743625,1,imagenet_c,defocus_blur,1,none
efficientnet_b4,ILSVRC2012_val_00043170.JPEG,n01968897,117,117,0.526096,1,imagenet_c,defocus_blur,1,none
efficientnet_b4,ILSVRC2012_val_00043505.JPEG,n01968897,117,117,0.69120175,1,imagenet_c,defocus_blur,1,none
efficientnet_b4,ILSVRC2012_val_00045343.JPEG,n01968897,117,117,0.6307978,1,imagenet_c,defocus_blur,1,none
efficientnet_b4,ILSVRC2012_val_00045512.JPEG,n01968897,117,117,0.43383807,1,imagenet_c,defocus_blur,1,none
efficientnet_b4,ILSVRC2012_val_00045890.JPEG,n01968897,117,117,0.49750966,1,imagenet_c,defocus_blur,1,none
efficientnet_b4,ILSVRC2012_val_00047024.JPEG,n01968897,117,117,0.47892326,1,imagenet_c,defocus_blur,1,none
efficientnet_b4,ILSVRC2012_val_00047293.JPEG,n01968897,117,117,0.38791752,1,imagenet_c,defocus_blur,1,none
efficientnet_b4,ILSVRC2012_val_00048614.JPEG,n01968897,117,116,0.08619143,0,imagenet_c,defocus_blur,1,none
efficientnet_b4,ILSVRC2012_val_00049763.JPEG,n01968897,117,117,0.7145252,1,imagenet_c,defocus_blur,1,none
efficientnet_b4,ILSVRC2012_val_00000195.JPEG,n01978287,118,118,0.3040932,1,imagenet_c,defocus_blur,1,none
efficientnet_b4,ILSVRC2012_val_00001449.JPEG,n01978287,118,118,0.4568284,1,imagenet_c,defocus_blur,1,none
efficientnet_b4,ILSVRC2012_val_00003074.JPEG,n01978287,118,118,0.28443143,1,imagenet_c,defocus_blur,1,none
efficientnet_b4,ILSVRC2012_val_00003272.JPEG,n01978287,118,118,0.38640612,1,imagenet_c,defocus_blur,1,none
efficientnet_b4,ILSVRC2012_val_00008210.JPEG,n01978287,118,118,0.315371,1,imagenet_c,defocus_blur,1,none
efficientnet_b4,ILSVRC2012_val_00008705.JPEG,n01978287,118,118,0.3549405,1,imagenet_c,defocus_blur,1,none
efficientnet_b4,ILSVRC2012_val_00011087.JPEG,n01978287,118,31,0.383698,0,imagenet_c,defocus_blur,1,none
efficientnet_b4,ILSVRC2012_val_00013618.JPEG,n01978287,118,118,0.5095345,1,imagenet_c,defocus_blur,1,none
efficientnet_b4,ILSVRC2012_val_00013891.JPEG,n01978287,118,118,0.30826008,1,imagenet_c,defocus_blur,1,none
efficientnet_b4,ILSVRC2012_val_00014132.JPEG,n01978287,118,118,0.2281831,1,imagenet_c,defocus_blur,1,none
efficientnet_b4,ILSVRC2012_val_00014895.JPEG,n01978287,118,118,0.6001659,1,imagenet_c,defocus_blur,1,none
efficientnet_b4,ILSVRC2012_val_00015120.JPEG,n01978287,118,996,0.1878993,0,imagenet_c,defocus_blur,1,none
efficientnet_b4,ILSVRC2012_val_00015526.JPEG,n01978287,118,118,0.39772633,1,imagenet_c,defocus_blur,1,none
efficientnet_b4,ILSVRC2012_val_00017157.JPEG,n01978287,118,118,0.278354,1,imagenet_c,defocus_blur,1,none
efficientnet_b4,ILSVRC2012_val_00017751.JPEG,n01978287,118,118,0.095044985,1,imagenet_c,defocus_blur,1,none
efficientnet_b4,ILSVRC2012_val_00018052.JPEG,n01978287,118,996,0.4206193,0,imagenet_c,defocus_blur,1,none
efficientnet_b4,ILSVRC2012_val_00018211.JPEG,n01978287,118,42,0.017432867,0,imagenet_c,defocus_blur,1,none
efficientnet_b4,ILSVRC2012_val_00018265.JPEG,n01978287,118,118,0.50608873,1,imagenet_c,defocus_blur,1,none
efficientnet_b4,ILSVRC2012_val_00018673.JPEG,n01978287,118,118,0.08899716,1,imagenet_c,defocus_blur,1,none
efficientnet_b4,ILSVRC2012_val_00018793.JPEG,n01978287,118,118,0.44397774,1,imagenet_c,defocus_blur,1,none
efficientnet_b4,ILSVRC2012_val_00018961.JPEG,n01978287,118,118,0.5350867,1,imagenet_c,defocus_blur,1,none
efficientnet_b4,ILSVRC2012_val_00019368.JPEG,n01978287,118,926,0.24125844,0,imagenet_c,defocus_blur,1,none
efficientnet_b4,ILSVRC2012_val_00020511.JPEG,n01978287,118,121,0.35314888,0,imagenet_c,defocus_blur,1,none
efficientnet_b4,ILSVRC2012_val_00020536.JPEG,n01978287,118,118,0.47759062,1,imagenet_c,defocus_blur,1,none
efficientnet_b4,ILSVRC2012_val_00020675.JPEG,n01978287,118,118,0.31543192,1,imagenet_c,defocus_blur,1,none
efficientnet_b4,ILSVRC2012_val_00022676.JPEG,n01978287,118,118,0.13761847,1,imagenet_c,defocus_blur,1,none
efficientnet_b4,ILSVRC2012_val_00023583.JPEG,n01978287,118,118,0.22179984,1,imagenet_c,defocus_blur,1,none
efficientnet_b4,ILSVRC2012_val_00023991.JPEG,n01978287,118,118,0.6602728,1,imagenet_c,defocus_blur,1,none
efficientnet_b4,ILSVRC2012_val_00026597.JPEG,n01978287,118,118,0.38451752,1,imagenet_c,defocus_blur,1,none
efficientnet_b4,ILSVRC2012_val_00026925.JPEG,n01978287,118,118,0.4625169,1,imagenet_c,defocus_blur,1,none
efficientnet_b4,ILSVRC2012_val_00028380.JPEG,n01978287,118,119,0.38937005,0,imagenet_c,defocus_blur,1,none
efficientnet_b4,ILSVRC2012_val_00028594.JPEG,n01978287,118,122,0.4853213,0,imagenet_c,defocus_blur,1,none
efficientnet_b4,ILSVRC2012_val_00029471.JPEG,n01978287,118,118,0.52836883,1,imagenet_c,defocus_blur,1,none
efficientnet_b4,ILSVRC2012_val_00030396.JPEG,n01978287,118,118,0.5921514,1,imagenet_c,defocus_blur,1,none
efficientnet_b4,ILSVRC2012_val_00030907.JPEG,n01978287,118,933,0.394025,0,imagenet_c,defocus_blur,1,none
efficientnet_b4,ILSVRC2012_val_00031015.JPEG,n01978287,118,118,0.16947281,1,imagenet_c,defocus_blur,1,none
efficientnet_b4,ILSVRC2012_val_00031826.JPEG,n01978287,118,118,0.3711688,1,imagenet_c,defocus_blur,1,none
efficientnet_b4,ILSVRC2012_val_00033712.JPEG,n01978287,118,118,0.4474787,1,imagenet_c,defocus_blur,1,none
efficientnet_b4,ILSVRC2012_val_00034684.JPEG,n01978287,118,121,0.682092,0,imagenet_c,defocus_blur,1,none
efficientnet_b4,ILSVRC2012_val_00035269.JPEG,n01978287,118,118,0.41776836,1,imagenet_c,defocus_blur,1,none
efficientnet_b4,ILSVRC2012_val_00038309.JPEG,n01978287,118,118,0.26103666,1,imagenet_c,defocus_blur,1,none
efficientnet_b4,ILSVRC2012_val_00040223.JPEG,n01978287,118,119,0.5687797,0,imagenet_c,defocus_blur,1,none
efficientnet_b4,ILSVRC2012_val_00040484.JPEG,n01978287,118,118,0.33803225,1,imagenet_c,defocus_blur,1,none
efficientnet_b4,ILSVRC2012_val_00040764.JPEG,n01978287,118,964,0.1620608,0,imagenet_c,defocus_blur,1,none
efficientnet_b4,ILSVRC2012_val_00040789.JPEG,n01978287,118,118,0.37935922,1,imagenet_c,defocus_blur,1,none
efficientnet_b4,ILSVRC2012_val_00044092.JPEG,n01978287,118,118,0.5150545,1,imagenet_c,defocus_blur,1,none
efficientnet_b4,ILSVRC2012_val_00044814.JPEG,n01978287,118,118,0.39190042,1,imagenet_c,defocus_blur,1,none
efficientnet_b4,ILSVRC2012_val_00047370.JPEG,n01978287,118,121,0.3206757,0,imagenet_c,defocus_blur,1,none
efficientnet_b4,ILSVRC2012_val_00048106.JPEG,n01978287,118,118,0.6097752,1,imagenet_c,defocus_blur,1,none
efficientnet_b4,ILSVRC2012_val_00048351.JPEG,n01978287,118,118,0.36821777,1,imagenet_c,defocus_blur,1,none
efficientnet_b4,ILSVRC2012_val_00002684.JPEG,n01978455,119,119,0.6945089,1,imagenet_c,defocus_blur,1,none
efficientnet_b4,ILSVRC2012_val_00003705.JPEG,n01978455,119,996,0.10839026,0,imagenet_c,defocus_blur,1,none
efficientnet_b4,ILSVRC2012_val_00004113.JPEG,n01978455,119,32,0.3953468,0,imagenet_c,defocus_blur,1,none
efficientnet_b4,ILSVRC2012_val_00004254.JPEG,n01978455,119,125,0.21691811,0,imagenet_c,defocus_blur,1,none
efficientnet_b4,ILSVRC2012_val_00006100.JPEG,n01978455,119,119,0.3805945,1,imagenet_c,defocus_blur,1,none
efficientnet_b4,ILSVRC2012_val_00007769.JPEG,n01978455,119,119,0.36587772,1,imagenet_c,defocus_blur,1,none
efficientnet_b4,ILSVRC2012_val_00008870.JPEG,n01978455,119,71,0.03570123,0,imagenet_c,defocus_blur,1,none
efficientnet_b4,ILSVRC2012_val_00009697.JPEG,n01978455,119,39,0.4060008,0,imagenet_c,defocus_blur,1,none
efficientnet_b4,ILSVRC2012_val_00011071.JPEG,n01978455,119,120,0.15670359,0,imagenet_c,defocus_blur,1,none
efficientnet_b4,ILSVRC2012_val_00011137.JPEG,n01978455,119,119,0.27218932,1,imagenet_c,defocus_blur,1,none
efficientnet_b4,ILSVRC2012_val_00011585.JPEG,n01978455,119,119,0.47199145,1,imagenet_c,defocus_blur,1,none
efficientnet_b4,ILSVRC2012_val_00013377.JPEG,n01978455,119,75,0.4047423,0,imagenet_c,defocus_blur,1,none
efficientnet_b4,ILSVRC2012_val_00013423.JPEG,n01978455,119,120,0.078424335,0,imagenet_c,defocus_blur,1,none
efficientnet_b4,ILSVRC2012_val_00014921.JPEG,n01978455,119,992,0.0711504,0,imagenet_c,defocus_blur,1,none
efficientnet_b4,ILSVRC2012_val_00015789.JPEG,n01978455,119,119,0.6681358,1,imagenet_c,defocus_blur,1,none
efficientnet_b4,ILSVRC2012_val_00017137.JPEG,n01978455,119,119,0.84686553,1,imagenet_c,defocus_blur,1,none
efficientnet_b4,ILSVRC2012_val_00019510.JPEG,n01978455,119,119,0.13625528,1,imagenet_c,defocus_blur,1,none
efficientnet_b4,ILSVRC2012_val_00019859.JPEG,n01978455,119,118,0.20136157,0,imagenet_c,defocus_blur,1,none
efficientnet_b4,ILSVRC2012_val_00020816.JPEG,n01978455,119,119,0.37257004,1,imagenet_c,defocus_blur,1,none
efficientnet_b4,ILSVRC2012_val_00020970.JPEG,n01978455,119,39,0.34536973,0,imagenet_c,defocus_blur,1,none
efficientnet_b4,ILSVRC2012_val_00021334.JPEG,n01978455,119,118,0.14925097,0,imagenet_c,defocus_blur,1,none
efficientnet_b4,ILSVRC2012_val_00021378.JPEG,n01978455,119,119,0.3691278,1,imagenet_c,defocus_blur,1,none
efficientnet_b4,ILSVRC2012_val_00021385.JPEG,n01978455,119,119,0.052308727,1,imagenet_c,defocus_blur,1,none
efficientnet_b4,ILSVRC2012_val_00022596.JPEG,n01978455,119,119,0.58183765,1,imagenet_c,defocus_blur,1,none
efficientnet_b4,ILSVRC2012_val_00023601.JPEG,n01978455,119,116,0.10043264,0,imagenet_c,defocus_blur,1,none
efficientnet_b4,ILSVRC2012_val_00023604.JPEG,n01978455,119,120,0.03893709,0,imagenet_c,defocus_blur,1,none
efficientnet_b4,ILSVRC2012_val_00023840.JPEG,n01978455,119,118,0.16509084,0,imagenet_c,defocus_blur,1,none
efficientnet_b4,ILSVRC2012_val_00024557.JPEG,n01978455,119,125,0.33367914,0,imagenet_c,defocus_blur,1,none
efficientnet_b4,ILSVRC2012_val_00024885.JPEG,n01978455,119,119,0.35882232,1,imagenet_c,defocus_blur,1,none
efficientnet_b4,ILSVRC2012_val_00026314.JPEG,n01978455,119,119,0.52567655,1,imagenet_c,defocus_blur,1,none
efficientnet_b4,ILSVRC2012_val_00026378.JPEG,n01978455,119,119,0.4106787,1,imagenet_c,defocus_blur,1,none
efficientnet_b4,ILSVRC2012_val_00027218.JPEG,n01978455,119,119,0.08937685,1,imagenet_c,defocus_blur,1,none
efficientnet_b4,ILSVRC2012_val_00028096.JPEG,n01978455,119,119,0.72946745,1,imagenet_c,defocus_blur,1,none
efficientnet_b4,ILSVRC2012_val_00029812.JPEG,n01978455,119,840,0.10228222,0,imagenet_c,defocus_blur,1,none
efficientnet_b4,ILSVRC2012_val_00031099.JPEG,n01978455,119,119,0.41420543,1,imagenet_c,defocus_blur,1,none
efficientnet_b4,ILSVRC2012_val_00031923.JPEG,n01978455,119,119,0.14789796,1,imagenet_c,defocus_blur,1,none
efficientnet_b4,ILSVRC2012_val_00033014.JPEG,n01978455,119,119,0.27788246,1,imagenet_c,defocus_blur,1,none
efficientnet_b4,ILSVRC2012_val_00033512.JPEG,n01978455,119,119,0.3252766,1,imagenet_c,defocus_blur,1,none
efficientnet_b4,ILSVRC2012_val_00033808.JPEG,n01978455,119,116,0.11600302,0,imagenet_c,defocus_blur,1,none
efficientnet_b4,ILSVRC2012_val_00034448.JPEG,n01978455,119,42,0.23387553,0,imagenet_c,defocus_blur,1,none
efficientnet_b4,ILSVRC2012_val_00034605.JPEG,n01978455,119,119,0.55192703,1,imagenet_c,defocus_blur,1,none
efficientnet_b4,ILSVRC2012_val_00038694.JPEG,n01978455,119,119,0.37787127,1,imagenet_c,defocus_blur,1,none
efficientnet_b4,ILSVRC2012_val_00042553.JPEG,n01978455,119,121,0.20623596,0,imagenet_c,defocus_blur,1,none
efficientnet_b4,ILSVRC2012_val_00044632.JPEG,n01978455,119,78,0.28950632,0,imagenet_c,defocus_blur,1,none
efficientnet_b4,ILSVRC2012_val_00044836.JPEG,n01978455,119,119,0.33778864,1,imagenet_c,defocus_blur,1,none
efficientnet_b4,ILSVRC2012_val_00047416.JPEG,n01978455,119,120,0.23215191,0,imagenet_c,defocus_blur,1,none
efficientnet_b4,ILSVRC2012_val_00047476.JPEG,n01978455,119,119,0.2784035,1,imagenet_c,defocus_blur,1,none
efficientnet_b4,ILSVRC2012_val_00048052.JPEG,n01978455,119,119,0.09204415,1,imagenet_c,defocus_blur,1,none
efficientnet_b4,ILSVRC2012_val_00048562.JPEG,n01978455,119,119,0.6511303,1,imagenet_c,defocus_blur,1,none
efficientnet_b4,ILSVRC2012_val_00049440.JPEG,n01978455,119,121,0.6057353,0,imagenet_c,defocus_blur,1,none
efficientnet_b4,ILSVRC2012_val_00000818.JPEG,n01980166,120,119,0.25811404,0,imagenet_c,defocus_blur,1,none
efficientnet_b4,ILSVRC2012_val_00001122.JPEG,n01980166,120,120,0.5864652,1,imagenet_c,defocus_blur,1,none
efficientnet_b4,ILSVRC2012_val_00001985.JPEG,n01980166,120,120,0.6888531,1,imagenet_c,defocus_blur,1,none
efficientnet_b4,ILSVRC2012_val_00003308.JPEG,n01980166,120,120,0.5831691,1,imagenet_c,defocus_blur,1,none
efficientnet_b4,ILSVRC2012_val_00003776.JPEG,n01980166,120,120,0.48788938,1,imagenet_c,defocus_blur,1,none
efficientnet_b4,ILSVRC2012_val_00005122.JPEG,n01980166,120,119,0.30111519,0,imagenet_c,defocus_blur,1,none
efficientnet_b4,ILSVRC2012_val_00005836.JPEG,n01980166,120,120,0.6033964,1,imagenet_c,defocus_blur,1,none
efficientnet_b4,ILSVRC2012_val_00005889.JPEG,n01980166,120,120,0.75103074,1,imagenet_c,defocus_blur,1,none
efficientnet_b4,ILSVRC2012_val_00005999.JPEG,n01980166,120,120,0.47014484,1,imagenet_c,defocus_blur,1,none
efficientnet_b4,ILSVRC2012_val_00007370.JPEG,n01980166,120,120,0.43961728,1,imagenet_c,defocus_blur,1,none
efficientnet_b4,ILSVRC2012_val_00008987.JPEG,n01980166,120,120,0.5039111,1,imagenet_c,defocus_blur,1,none
efficientnet_b4,ILSVRC2012_val_00010051.JPEG,n01980166,120,120,0.3947979,1,imagenet_c,defocus_blur,1,none
efficientnet_b4,ILSVRC2012_val_00010412.JPEG,n01980166,120,120,0.5461585,1,imagenet_c,defocus_blur,1,none
efficientnet_b4,ILSVRC2012_val_00010555.JPEG,n01980166,120,119,0.3484575,0,imagenet_c,defocus_blur,1,none
efficientnet_b4,ILSVRC2012_val_00010639.JPEG,n01980166,120,120,0.07908252,1,imagenet_c,defocus_blur,1,none
efficientnet_b4,ILSVRC2012_val_00010725.JPEG,n01980166,120,120,0.57516223,1,imagenet_c,defocus_blur,1,none
efficientnet_b4,ILSVRC2012_val_00011922.JPEG,n01980166,120,120,0.39563614,1,imagenet_c,defocus_blur,1,none
efficientnet_b4,ILSVRC2012_val_00012779.JPEG,n01980166,120,119,0.5190434,0,imagenet_c,defocus_blur,1,none
efficientnet_b4,ILSVRC2012_val_00013183.JPEG,n01980166,120,120,0.5278968,1,imagenet_c,defocus_blur,1,none
efficientnet_b4,ILSVRC2012_val_00013525.JPEG,n01980166,120,120,0.6355784,1,imagenet_c,defocus_blur,1,none
efficientnet_b4,ILSVRC2012_val_00013999.JPEG,n01980166,120,71,0.12209476,0,imagenet_c,defocus_blur,1,none
efficientnet_b4,ILSVRC2012_val_00015319.JPEG,n01980166,120,119,0.15699506,0,imagenet_c,defocus_blur,1,none
efficientnet_b4,ILSVRC2012_val_00016554.JPEG,n01980166,120,119,0.5031654,0,imagenet_c,defocus_blur,1,none
efficientnet_b4,ILSVRC2012_val_00017379.JPEG,n01980166,120,120,0.5151882,1,imagenet_c,defocus_blur,1,none
efficientnet_b4,ILSVRC2012_val_00017911.JPEG,n01980166,120,120,0.4577729,1,imagenet_c,defocus_blur,1,none
efficientnet_b4,ILSVRC2012_val_00020779.JPEG,n01980166,120,118,0.11005346,0,imagenet_c,defocus_blur,1,none
efficientnet_b4,ILSVRC2012_val_00020800.JPEG,n01980166,120,120,0.48860037,1,imagenet_c,defocus_blur,1,none
efficientnet_b4,ILSVRC2012_val_00021269.JPEG,n01980166,120,71,0.1597165,0,imagenet_c,defocus_blur,1,none
efficientnet_b4,ILSVRC2012_val_00023339.JPEG,n01980166,120,119,0.3773684,0,imagenet_c,defocus_blur,1,none
efficientnet_b4,ILSVRC2012_val_00023550.JPEG,n01980166,120,71,0.20341334,0,imagenet_c,defocus_blur,1,none
efficientnet_b4,ILSVRC2012_val_00025960.JPEG,n01980166,120,120,0.63464713,1,imagenet_c,defocus_blur,1,none
efficientnet_b4,ILSVRC2012_val_00026115.JPEG,n01980166,120,120,0.4924175,1,imagenet_c,defocus_blur,1,none
efficientnet_b4,ILSVRC2012_val_00026862.JPEG,n01980166,120,120,0.75213504,1,imagenet_c,defocus_blur,1,none
efficientnet_b4,ILSVRC2012_val_00028730.JPEG,n01980166,120,120,0.57892865,1,imagenet_c,defocus_blur,1,none
efficientnet_b4,ILSVRC2012_val_00030408.JPEG,n01980166,120,120,0.58012754,1,imagenet_c,defocus_blur,1,none
efficientnet_b4,ILSVRC2012_val_00032547.JPEG,n01980166,120,120,0.5206657,1,imagenet_c,defocus_blur,1,none
efficientnet_b4,ILSVRC2012_val_00034670.JPEG,n01980166,120,120,0.5620221,1,imagenet_c,defocus_blur,1,none
efficientnet_b4,ILSVRC2012_val_00035169.JPEG,n01980166,120,119,0.3297588,0,imagenet_c,defocus_blur,1,none
efficientnet_b4,ILSVRC2012_val_00035361.JPEG,n01980166,120,120,0.41076857,1,imagenet_c,defocus_blur,1,none
efficientnet_b4,ILSVRC2012_val_00036212.JPEG,n01980166,120,120,0.3998687,1,imagenet_c,defocus_blur,1,none
efficientnet_b4,ILSVRC2012_val_00037413.JPEG,n01980166,120,120,0.5884678,1,imagenet_c,defocus_blur,1,none
efficientnet_b4,ILSVRC2012_val_00038232.JPEG,n01980166,120,120,0.23521094,1,imagenet_c,defocus_blur,1,none
efficientnet_b4,ILSVRC2012_val_00038526.JPEG,n01980166,120,120,0.6037176,1,imagenet_c,defocus_blur,1,none
efficientnet_b4,ILSVRC2012_val_00038534.JPEG,n01980166,120,120,0.7123581,1,imagenet_c,defocus_blur,1,none
efficientnet_b4,ILSVRC2012_val_00038606.JPEG,n01980166,120,120,0.40686724,1,imagenet_c,defocus_blur,1,none
efficientnet_b4,ILSVRC2012_val_00042567.JPEG,n01980166,120,120,0.13089566,1,imagenet_c,defocus_blur,1,none
efficientnet_b4,ILSVRC2012_val_00047880.JPEG,n01980166,120,119,0.37796453,0,imagenet_c,defocus_blur,1,none
efficientnet_b4,ILSVRC2012_val_00047891.JPEG,n01980166,120,120,0.4945115,1,imagenet_c,defocus_blur,1,none
efficientnet_b4,ILSVRC2012_val_00049598.JPEG,n01980166,120,124,0.17145133,0,imagenet_c,defocus_blur,1,none
efficientnet_b4,ILSVRC2012_val_00049991.JPEG,n01980166,120,120,0.54440725,1,imagenet_c,defocus_blur,1,none
efficientnet_b4,ILSVRC2012_val_00000238.JPEG,n01981276,121,121,0.22028144,1,imagenet_c,defocus_blur,1,none
efficientnet_b4,ILSVRC2012_val_00000821.JPEG,n01981276,121,467,0.15776734,0,imagenet_c,defocus_blur,1,none
efficientnet_b4,ILSVRC2012_val_00001124.JPEG,n01981276,121,121,0.4499741,1,imagenet_c,defocus_blur,1,none
efficientnet_b4,ILSVRC2012_val_00002157.JPEG,n01981276,121,121,0.47586325,1,imagenet_c,defocus_blur,1,none
efficientnet_b4,ILSVRC2012_val_00002190.JPEG,n01981276,121,119,0.1974211,0,imagenet_c,defocus_blur,1,none
efficientnet_b4,ILSVRC2012_val_00002496.JPEG,n01981276,121,121,0.60965526,1,imagenet_c,defocus_blur,1,none
efficientnet_b4,ILSVRC2012_val_00003378.JPEG,n01981276,121,121,0.27363402,1,imagenet_c,defocus_blur,1,none
efficientnet_b4,ILSVRC2012_val_00004400.JPEG,n01981276,121,121,0.75683457,1,imagenet_c,defocus_blur,1,none
efficientnet_b4,ILSVRC2012_val_00004462.JPEG,n01981276,121,121,0.6567019,1,imagenet_c,defocus_blur,1,none
efficientnet_b4,ILSVRC2012_val_00004965.JPEG,n01981276,121,118,0.20243728,0,imagenet_c,defocus_blur,1,none
efficientnet_b4,ILSVRC2012_val_00005084.JPEG,n01981276,121,121,0.82924056,1,imagenet_c,defocus_blur,1,none
efficientnet_b4,ILSVRC2012_val_00005228.JPEG,n01981276,121,121,0.3187386,1,imagenet_c,defocus_blur,1,none
efficientnet_b4,ILSVRC2012_val_00006315.JPEG,n01981276,121,121,0.7838392,1,imagenet_c,defocus_blur,1,none
efficientnet_b4,ILSVRC2012_val_00007999.JPEG,n01981276,121,73,0.26136923,0,imagenet_c,defocus_blur,1,none
efficientnet_b4,ILSVRC2012_val_00009446.JPEG,n01981276,121,121,0.5661006,1,imagenet_c,defocus_blur,1,none
efficientnet_b4,ILSVRC2012_val_00010874.JPEG,n01981276,121,121,0.46846256,1,imagenet_c,defocus_blur,1,none
efficientnet_b4,ILSVRC2012_val_00011070.JPEG,n01981276,121,121,0.8494295,1,imagenet_c,defocus_blur,1,none
efficientnet_b4,ILSVRC2012_val_00011453.JPEG,n01981276,121,121,0.64230233,1,imagenet_c,defocus_blur,1,none
efficientnet_b4,ILSVRC2012_val_00011525.JPEG,n01981276,121,992,0.1147046,0,imagenet_c,defocus_blur,1,none
efficientnet_b4,ILSVRC2012_val_00012713.JPEG,n01981276,121,121,0.5591198,1,imagenet_c,defocus_blur,1,none
efficientnet_b4,ILSVRC2012_val_00012962.JPEG,n01981276,121,121,0.46068987,1,imagenet_c,defocus_blur,1,none
efficientnet_b4,ILSVRC2012_val_00014715.JPEG,n01981276,121,121,0.5201771,1,imagenet_c,defocus_blur,1,none
efficientnet_b4,ILSVRC2012_val_00015402.JPEG,n01981276,121,121,0.6592599,1,imagenet_c,defocus_blur,1,none
efficientnet_b4,ILSVRC2012_val_00015773.JPEG,n01981276,121,122,0.31400135,0,imagenet_c,defocus_blur,1,none
efficientnet_b4,ILSVRC2012_val_00016333.JPEG,n01981276,121,119,0.27835152,0,imagenet_c,defocus_blur,1,none
efficientnet_b4,ILSVRC2012_val_00018750.JPEG,n01981276,121,121,0.20355205,1,imagenet_c,defocus_blur,1,none
efficientnet_b4,ILSVRC2012_val_00021080.JPEG,n01981276,121,121,0.44504836,1,imagenet_c,defocus_blur,1,none
efficientnet_b4,ILSVRC2012_val_00021241.JPEG,n01981276,121,118,0.31596872,0,imagenet_c,defocus_blur,1,none
efficientnet_b4,ILSVRC2012_val_00022608.JPEG,n01981276,121,121,0.24104248,1,imagenet_c,defocus_blur,1,none
efficientnet_b4,ILSVRC2012_val_00023251.JPEG,n01981276,121,76,0.23453107,0,imagenet_c,defocus_blur,1,none
efficientnet_b4,ILSVRC2012_val_00023264.JPEG,n01981276,121,121,0.7935537,1,imagenet_c,defocus_blur,1,none
efficientnet_b4,ILSVRC2012_val_00024010.JPEG,n01981276,121,122,0.30618444,0,imagenet_c,defocus_blur,1,none
efficientnet_b4,ILSVRC2012_val_00025120.JPEG,n01981276,121,121,0.63347584,1,imagenet_c,defocus_blur,1,none
efficientnet_b4,ILSVRC2012_val_00025710.JPEG,n01981276,121,121,0.75271136,1,imagenet_c,defocus_blur,1,none
efficientnet_b4,ILSVRC2012_val_00026511.JPEG,n01981276,121,73,0.4101517,0,imagenet_c,defocus_blur,1,none
efficientnet_b4,ILSVRC2012_val_00026843.JPEG,n01981276,121,121,0.66838807,1,imagenet_c,defocus_blur,1,none
efficientnet_b4,ILSVRC2012_val_00029605.JPEG,n01981276,121,121,0.678812,1,imagenet_c,defocus_blur,1,none
efficientnet_b4,ILSVRC2012_val_00030504.JPEG,n01981276,121,121,0.43980232,1,imagenet_c,defocus_blur,1,none
efficientnet_b4,ILSVRC2012_val_00035209.JPEG,n01981276,121,121,0.38682857,1,imagenet_c,defocus_blur,1,none
efficientnet_b4,ILSVRC2012_val_00035711.JPEG,n01981276,121,121,0.42000607,1,imagenet_c,defocus_blur,1,none
efficientnet_b4,ILSVRC2012_val_00037221.JPEG,n01981276,121,121,0.62139064,1,imagenet_c,defocus_blur,1,none
efficientnet_b4,ILSVRC2012_val_00037684.JPEG,n01981276,121,121,0.56551415,1,imagenet_c,defocus_blur,1,none
efficientnet_b4,ILSVRC2012_val_00037973.JPEG,n01981276,121,121,0.30399796,1,imagenet_c,defocus_blur,1,none
efficientnet_b4,ILSVRC2012_val_00038639.JPEG,n01981276,121,121,0.51541865,1,imagenet_c,defocus_blur,1,none
efficientnet_b4,ILSVRC2012_val_00039138.JPEG,n01981276,121,121,0.74022424,1,imagenet_c,defocus_blur,1,none
efficientnet_b4,ILSVRC2012_val_00042159.JPEG,n01981276,121,121,0.5656633,1,imagenet_c,defocus_blur,1,none
efficientnet_b4,ILSVRC2012_val_00043052.JPEG,n01981276,121,121,0.70406514,1,imagenet_c,defocus_blur,1,none
efficientnet_b4,ILSVRC2012_val_00046611.JPEG,n01981276,121,121,0.29863346,1,imagenet_c,defocus_blur,1,none
efficientnet_b4,ILSVRC2012_val_00047532.JPEG,n01981276,121,121,0.3487281,1,imagenet_c,defocus_blur,1,none
efficientnet_b4,ILSVRC2012_val_00049981.JPEG,n01981276,121,122,0.32359362,0,imagenet_c,defocus_blur,1,none
efficientnet_b4,ILSVRC2012_val_00000111.JPEG,n01983481,122,122,0.5829253,1,imagenet_c,defocus_blur,1,none
efficientnet_b4,ILSVRC2012_val_00001531.JPEG,n01983481,122,122,0.584157,1,imagenet_c,defocus_blur,1,none
efficientnet_b4,ILSVRC2012_val_00002502.JPEG,n01983481,122,122,0.65184236,1,imagenet_c,defocus_blur,1,none
efficientnet_b4,ILSVRC2012_val_00002515.JPEG,n01983481,122,122,0.49630326,1,imagenet_c,defocus_blur,1,none
efficientnet_b4,ILSVRC2012_val_00003434.JPEG,n01983481,122,122,0.5999192,1,imagenet_c,defocus_blur,1,none
efficientnet_b4,ILSVRC2012_val_00005641.JPEG,n01983481,122,122,0.72029656,1,imagenet_c,defocus_blur,1,none
efficientnet_b4,ILSVRC2012_val_00006179.JPEG,n01983481,122,122,0.7641315,1,imagenet_c,defocus_blur,1,none
efficientnet_b4,ILSVRC2012_val_00006727.JPEG,n01983481,122,122,0.63007396,1,imagenet_c,defocus_blur,1,none
efficientnet_b4,ILSVRC2012_val_00007995.JPEG,n01983481,122,124,0.32105932,0,imagenet_c,defocus_blur,1,none
efficientnet_b4,ILSVRC2012_val_00009251.JPEG,n01983481,122,122,0.70353156,1,imagenet_c,defocus_blur,1,none
efficientnet_b4,ILSVRC2012_val_00012183.JPEG,n01983481,122,122,0.57631475,1,imagenet_c,defocus_blur,1,none
efficientnet_b4,ILSVRC2012_val_00013789.JPEG,n01983481,122,122,0.6689357,1,imagenet_c,defocus_blur,1,none
efficientnet_b4,ILSVRC2012_val_00015749.JPEG,n01983481,122,122,0.6339966,1,imagenet_c,defocus_blur,1,none
efficientnet_b4,ILSVRC2012_val_00016493.JPEG,n01983481,122,122,0.61258996,1,imagenet_c,defocus_blur,1,none
efficientnet_b4,ILSVRC2012_val_00016947.JPEG,n01983481,122,122,0.3736354,1,imagenet_c,defocus_blur,1,none
efficientnet_b4,ILSVRC2012_val_00017039.JPEG,n01983481,122,122,0.6020558,1,imagenet_c,defocus_blur,1,none
efficientnet_b4,ILSVRC2012_val_00017889.JPEG,n01983481,122,122,0.36753651,1,imagenet_c,defocus_blur,1,none
efficientnet_b4,ILSVRC2012_val_00019856.JPEG,n01983481,122,122,0.50596064,1,imagenet_c,defocus_blur,1,none
efficientnet_b4,ILSVRC2012_val_00020280.JPEG,n01983481,122,124,0.20663823,0,imagenet_c,defocus_blur,1,none
efficientnet_b4,ILSVRC2012_val_00020795.JPEG,n01983481,122,122,0.8263267,1,imagenet_c,defocus_blur,1,none
efficientnet_b4,ILSVRC2012_val_00024727.JPEG,n01983481,122,122,0.3158854,1,imagenet_c,defocus_blur,1,none
efficientnet_b4,ILSVRC2012_val_00025879.JPEG,n01983481,122,122,0.7065158,1,imagenet_c,defocus_blur,1,none
efficientnet_b4,ILSVRC2012_val_00026193.JPEG,n01983481,122,122,0.548357,1,imagenet_c,defocus_blur,1,none
efficientnet_b4,ILSVRC2012_val_00028475.JPEG,n01983481,122,122,0.5378837,1,imagenet_c,defocus_blur,1,none
efficientnet_b4,ILSVRC2012_val_00028657.JPEG,n01983481,122,122,0.6175654,1,imagenet_c,defocus_blur,1,none
efficientnet_b4,ILSVRC2012_val_00029287.JPEG,n01983481,122,726,0.21402848,0,imagenet_c,defocus_blur,1,none
efficientnet_b4,ILSVRC2012_val_00029434.JPEG,n01983481,122,122,0.5446,1,imagenet_c,defocus_blur,1,none
efficientnet_b4,ILSVRC2012_val_00030811.JPEG,n01983481,122,762,0.13644122,0,imagenet_c,defocus_blur,1,none
efficientnet_b4,ILSVRC2012_val_00032029.JPEG,n01983481,122,122,0.57426846,1,imagenet_c,defocus_blur,1,none
efficientnet_b4,ILSVRC2012_val_00032378.JPEG,n01983481,122,124,0.67802835,0,imagenet_c,defocus_blur,1,none
efficientnet_b4,ILSVRC2012_val_00032614.JPEG,n01983481,122,122,0.5190928,1,imagenet_c,defocus_blur,1,none
efficientnet_b4,ILSVRC2012_val_00033104.JPEG,n01983481,122,122,0.5489509,1,imagenet_c,defocus_blur,1,none
efficientnet_b4,ILSVRC2012_val_00034402.JPEG,n01983481,122,122,0.52953315,1,imagenet_c,defocus_blur,1,none
efficientnet_b4,ILSVRC2012_val_00035178.JPEG,n01983481,122,122,0.65082043,1,imagenet_c,defocus_blur,1,none
efficientnet_b4,ILSVRC2012_val_00036833.JPEG,n01983481,122,123,0.27170995,0,imagenet_c,defocus_blur,1,none
efficientnet_b4,ILSVRC2012_val_00036970.JPEG,n01983481,122,122,0.80736524,1,imagenet_c,defocus_blur,1,none
efficientnet_b4,ILSVRC2012_val_00037229.JPEG,n01983481,122,122,0.66628444,1,imagenet_c,defocus_blur,1,none
efficientnet_b4,ILSVRC2012_val_00037880.JPEG,n01983481,122,122,0.7094967,1,imagenet_c,defocus_blur,1,none
efficientnet_b4,ILSVRC2012_val_00038154.JPEG,n01983481,122,122,0.7237496,1,imagenet_c,defocus_blur,1,none
efficientnet_b4,ILSVRC2012_val_00038454.JPEG,n01983481,122,122,0.3636215,1,imagenet_c,defocus_blur,1,none
efficientnet_b4,ILSVRC2012_val_00039303.JPEG,n01983481,122,122,0.66856647,1,imagenet_c,defocus_blur,1,none
efficientnet_b4,ILSVRC2012_val_00040887.JPEG,n01983481,122,122,0.48227608,1,imagenet_c,defocus_blur,1,none
efficientnet_b4,ILSVRC2012_val_00045926.JPEG,n01983481,122,122,0.59893125,1,imagenet_c,defocus_blur,1,none
efficientnet_b4,ILSVRC2012_val_00046433.JPEG,n01983481,122,122,0.60925996,1,imagenet_c,defocus_blur,1,none
efficientnet_b4,ILSVRC2012_val_00046526.JPEG,n01983481,122,122,0.5347065,1,imagenet_c,defocus_blur,1,none
efficientnet_b4,ILSVRC2012_val_00046975.JPEG,n01983481,122,122,0.605651,1,imagenet_c,defocus_blur,1,none
efficientnet_b4,ILSVRC2012_val_00047059.JPEG,n01983481,122,122,0.8192839,1,imagenet_c,defocus_blur,1,none
efficientnet_b4,ILSVRC2012_val_00048277.JPEG,n01983481,122,122,0.7167474,1,imagenet_c,defocus_blur,1,none
efficientnet_b4,ILSVRC2012_val_00048837.JPEG,n01983481,122,122,0.72654814,1,imagenet_c,defocus_blur,1,none
efficientnet_b4,ILSVRC2012_val_00048921.JPEG,n01983481,122,122,0.17375827,1,imagenet_c,defocus_blur,1,none
efficientnet_b4,ILSVRC2012_val_00002152.JPEG,n01984695,123,766,0.3071668,0,imagenet_c,defocus_blur,1,none
efficientnet_b4,ILSVRC2012_val_00002243.JPEG,n01984695,123,328,0.07572533,0,imagenet_c,defocus_blur,1,none
efficientnet_b4,ILSVRC2012_val_00002743.JPEG,n01984695,123,123,0.069224134,1,imagenet_c,defocus_blur,1,none
efficientnet_b4,ILSVRC2012_val_00003753.JPEG,n01984695,123,123,0.6348122,1,imagenet_c,defocus_blur,1,none
efficientnet_b4,ILSVRC2012_val_00004219.JPEG,n01984695,123,119,0.04907737,0,imagenet_c,defocus_blur,1,none
efficientnet_b4,ILSVRC2012_val_00004362.JPEG,n01984695,123,123,0.5430001,1,imagenet_c,defocus_blur,1,none
efficientnet_b4,ILSVRC2012_val_00004418.JPEG,n01984695,123,123,0.19683462,1,imagenet_c,defocus_blur,1,none
efficientnet_b4,ILSVRC2012_val_00008144.JPEG,n01984695,123,123,0.16288607,1,imagenet_c,defocus_blur,1,none
efficientnet_b4,ILSVRC2012_val_00008156.JPEG,n01984695,123,123,0.30609956,1,imagenet_c,defocus_blur,1,none
efficientnet_b4,ILSVRC2012_val_00008182.JPEG,n01984695,123,122,0.45289084,0,imagenet_c,defocus_blur,1,none
efficientnet_b4,ILSVRC2012_val_00011714.JPEG,n01984695,123,124,0.31646076,0,imagenet_c,defocus_blur,1,none
efficientnet_b4,ILSVRC2012_val_00012455.JPEG,n01984695,123,123,0.44132224,1,imagenet_c,defocus_blur,1,none
efficientnet_b4,ILSVRC2012_val_00013815.JPEG,n01984695,123,123,0.60198814,1,imagenet_c,defocus_blur,1,none
efficientnet_b4,ILSVRC2012_val_00014753.JPEG,n01984695,123,123,0.5326833,1,imagenet_c,defocus_blur,1,none
efficientnet_b4,ILSVRC2012_val_00015282.JPEG,n01984695,123,123,0.46653622,1,imagenet_c,defocus_blur,1,none
efficientnet_b4,ILSVRC2012_val_00017162.JPEG,n01984695,123,123,0.15371473,1,imagenet_c,defocus_blur,1,none
efficientnet_b4,ILSVRC2012_val_00018716.JPEG,n01984695,123,124,0.21124661,0,imagenet_c,defocus_blur,1,none
efficientnet_b4,ILSVRC2012_val_00019394.JPEG,n01984695,123,123,0.48427054,1,imagenet_c,defocus_blur,1,none
efficientnet_b4,ILSVRC2012_val_00019953.JPEG,n01984695,123,119,0.14611597,0,imagenet_c,defocus_blur,1,none
efficientnet_b4,ILSVRC2012_val_00022615.JPEG,n01984695,123,123,0.6350216,1,imagenet_c,defocus_blur,1,none
efficientnet_b4,ILSVRC2012_val_00023530.JPEG,n01984695,123,122,0.05183214,0,imagenet_c,defocus_blur,1,none
efficientnet_b4,ILSVRC2012_val_00026229.JPEG,n01984695,123,123,0.64316416,1,imagenet_c,defocus_blur,1,none
efficientnet_b4,ILSVRC2012_val_00026981.JPEG,n01984695,123,389,0.060923293,0,imagenet_c,defocus_blur,1,none
efficientnet_b4,ILSVRC2012_val_00027227.JPEG,n01984695,123,123,0.64927757,1,imagenet_c,defocus_blur,1,none
efficientnet_b4,ILSVRC2012_val_00027405.JPEG,n01984695,123,390,0.06909582,0,imagenet_c,defocus_blur,1,none
efficientnet_b4,ILSVRC2012_val_00031704.JPEG,n01984695,123,328,0.14524838,0,imagenet_c,defocus_blur,1,none
efficientnet_b4,ILSVRC2012_val_00032217.JPEG,n01984695,123,123,0.6085086,1,imagenet_c,defocus_blur,1,none
efficientnet_b4,ILSVRC2012_val_00032851.JPEG,n01984695,123,118,0.095283076,0,imagenet_c,defocus_blur,1,none
efficientnet_b4,ILSVRC2012_val_00034702.JPEG,n01984695,123,123,0.7991115,1,imagenet_c,defocus_blur,1,none
efficientnet_b4,ILSVRC2012_val_00035310.JPEG,n01984695,123,123,0.67046416,1,imagenet_c,defocus_blur,1,none
efficientnet_b4,ILSVRC2012_val_00036396.JPEG,n01984695,123,123,0.28273612,1,imagenet_c,defocus_blur,1,none
efficientnet_b4,ILSVRC2012_val_00036581.JPEG,n01984695,123,115,0.07833906,0,imagenet_c,defocus_blur,1,none
efficientnet_b4,ILSVRC2012_val_00036759.JPEG,n01984695,123,123,0.4072698,1,imagenet_c,defocus_blur,1,none
efficientnet_b4,ILSVRC2012_val_00037235.JPEG,n01984695,123,123,0.121629335,1,imagenet_c,defocus_blur,1,none
efficientnet_b4,ILSVRC2012_val_00037902.JPEG,n01984695,123,65,0.14261031,0,imagenet_c,defocus_blur,1,none
efficientnet_b4,ILSVRC2012_val_00038635.JPEG,n01984695,123,122,0.25109848,0,imagenet_c,defocus_blur,1,none
efficientnet_b4,ILSVRC2012_val_00039080.JPEG,n01984695,123,305,0.082381025,0,imagenet_c,defocus_blur,1,none
efficientnet_b4,ILSVRC2012_val_00039671.JPEG,n01984695,123,123,0.56543493,1,imagenet_c,defocus_blur,1,none
efficientnet_b4,ILSVRC2012_val_00039918.JPEG,n01984695,123,290,0.1544821,0,imagenet_c,defocus_blur,1,none
efficientnet_b4,ILSVRC2012_val_00040612.JPEG,n01984695,123,65,0.25678745,0,imagenet_c,defocus_blur,1,none
efficientnet_b4,ILSVRC2012_val_00040806.JPEG,n01984695,123,122,0.4644929,0,imagenet_c,defocus_blur,1,none
efficientnet_b4,ILSVRC2012_val_00042315.JPEG,n01984695,123,123,0.27715,1,imagenet_c,defocus_blur,1,none
efficientnet_b4,ILSVRC2012_val_00042491.JPEG,n01984695,123,973,0.27945647,0,imagenet_c,defocus_blur,1,none
efficientnet_b4,ILSVRC2012_val_00042536.JPEG,n01984695,123,124,0.41483855,0,imagenet_c,defocus_blur,1,none
efficientnet_b4,ILSVRC2012_val_00042677.JPEG,n01984695,123,123,0.39228976,1,imagenet_c,defocus_blur,1,none
efficientnet_b4,ILSVRC2012_val_00043359.JPEG,n01984695,123,125,0.26547906,0,imagenet_c,defocus_blur,1,none
efficientnet_b4,ILSVRC2012_val_00044352.JPEG,n01984695,123,110,0.07790636,0,imagenet_c,defocus_blur,1,none
efficientnet_b4,ILSVRC2012_val_00045529.JPEG,n01984695,123,123,0.2856519,1,imagenet_c,defocus_blur,1,none
efficientnet_b4,ILSVRC2012_val_00046180.JPEG,n01984695,123,122,0.3279456,0,imagenet_c,defocus_blur,1,none
efficientnet_b4,ILSVRC2012_val_00049180.JPEG,n01984695,123,123,0.59468687,1,imagenet_c,defocus_blur,1,none
efficientnet_b4,ILSVRC2012_val_00001381.JPEG,n01985128,124,124,0.2997422,1,imagenet_c,defocus_blur,1,none
efficientnet_b4,ILSVRC2012_val_00001744.JPEG,n01985128,124,122,0.63154453,0,imagenet_c,defocus_blur,1,none
efficientnet_b4,ILSVRC2012_val_00001956.JPEG,n01985128,124,124,0.7611601,1,imagenet_c,defocus_blur,1,none
efficientnet_b4,ILSVRC2012_val_00002693.JPEG,n01985128,124,122,0.14126907,0,imagenet_c,defocus_blur,1,none
efficientnet_b4,ILSVRC2012_val_00002944.JPEG,n01985128,124,124,0.13233528,1,imagenet_c,defocus_blur,1,none
efficientnet_b4,ILSVRC2012_val_00003119.JPEG,n01985128,124,124,0.107729964,1,imagenet_c,defocus_blur,1,none
efficientnet_b4,ILSVRC2012_val_00004258.JPEG,n01985128,124,120,0.20447016,0,imagenet_c,defocus_blur,1,none
efficientnet_b4,ILSVRC2012_val_00004598.JPEG,n01985128,124,124,0.38637927,1,imagenet_c,defocus_blur,1,none
efficientnet_b4,ILSVRC2012_val_00004665.JPEG,n01985128,124,124,0.3942128,1,imagenet_c,defocus_blur,1,none
efficientnet_b4,ILSVRC2012_val_00005682.JPEG,n01985128,124,124,0.63079906,1,imagenet_c,defocus_blur,1,none
efficientnet_b4,ILSVRC2012_val_00007938.JPEG,n01985128,124,324,0.066340424,0,imagenet_c,defocus_blur,1,none
efficientnet_b4,ILSVRC2012_val_00010640.JPEG,n01985128,124,126,0.6844728,0,imagenet_c,defocus_blur,1,none
efficientnet_b4,ILSVRC2012_val_00011572.JPEG,n01985128,124,29,0.5208096,0,imagenet_c,defocus_blur,1,none
efficientnet_b4,ILSVRC2012_val_00011978.JPEG,n01985128,124,126,0.36661837,0,imagenet_c,defocus_blur,1,none
efficientnet_b4,ILSVRC2012_val_00013474.JPEG,n01985128,124,395,0.109977655,0,imagenet_c,defocus_blur,1,none
efficientnet_b4,ILSVRC2012_val_00013580.JPEG,n01985128,124,121,0.67313886,0,imagenet_c,defocus_blur,1,none
efficientnet_b4,ILSVRC2012_val_00013707.JPEG,n01985128,124,122,0.32735077,0,imagenet_c,defocus_blur,1,none
efficientnet_b4,ILSVRC2012_val_00013744.JPEG,n01985128,124,124,0.1666771,1,imagenet_c,defocus_blur,1,none
efficientnet_b4,ILSVRC2012_val_00013932.JPEG,n01985128,124,124,0.24998987,1,imagenet_c,defocus_blur,1,none
efficientnet_b4,ILSVRC2012_val_00015500.JPEG,n01985128,124,126,0.21129271,0,imagenet_c,defocus_blur,1,none
efficientnet_b4,ILSVRC2012_val_00016724.JPEG,n01985128,124,121,0.27037725,0,imagenet_c,defocus_blur,1,none
efficientnet_b4,ILSVRC2012_val_00018291.JPEG,n01985128,124,123,0.56517714,0,imagenet_c,defocus_blur,1,none
efficientnet_b4,ILSVRC2012_val_00019574.JPEG,n01985128,124,29,0.22007416,0,imagenet_c,defocus_blur,1,none
efficientnet_b4,ILSVRC2012_val_00021094.JPEG,n01985128,124,124,0.41281557,1,imagenet_c,defocus_blur,1,none
efficientnet_b4,ILSVRC2012_val_00021125.JPEG,n01985128,124,119,0.22593951,0,imagenet_c,defocus_blur,1,none
efficientnet_b4,ILSVRC2012_val_00021995.JPEG,n01985128,124,20,0.22278802,0,imagenet_c,defocus_blur,1,none
efficientnet_b4,ILSVRC2012_val_00022222.JPEG,n01985128,124,911,0.11000511,0,imagenet_c,defocus_blur,1,none
efficientnet_b4,ILSVRC2012_val_00022260.JPEG,n01985128,124,122,0.22999506,0,imagenet_c,defocus_blur,1,none
efficientnet_b4,ILSVRC2012_val_00022720.JPEG,n01985128,124,76,0.35098103,0,imagenet_c,defocus_blur,1,none
efficientnet_b4,ILSVRC2012_val_00022871.JPEG,n01985128,124,123,0.28536156,0,imagenet_c,defocus_blur,1,none
efficientnet_b4,ILSVRC2012_val_00023253.JPEG,n01985128,124,124,0.21599428,1,imagenet_c,defocus_blur,1,none
efficientnet_b4,ILSVRC2012_val_00024160.JPEG,n01985128,124,124,0.3836375,1,imagenet_c,defocus_blur,1,none
efficientnet_b4,ILSVRC2012_val_00025510.JPEG,n01985128,124,124,0.49750808,1,imagenet_c,defocus_blur,1,none
efficientnet_b4,ILSVRC2012_val_00025521.JPEG,n01985128,124,994,0.14333047,0,imagenet_c,defocus_blur,1,none
efficientnet_b4,ILSVRC2012_val_00027920.JPEG,n01985128,124,124,0.53885406,1,imagenet_c,defocus_blur,1,none
efficientnet_b4,ILSVRC2012_val_00028073.JPEG,n01985128,124,124,0.27012536,1,imagenet_c,defocus_blur,1,none
efficientnet_b4,ILSVRC2012_val_00031589.JPEG,n01985128,124,124,0.11181156,1,imagenet_c,defocus_blur,1,none
efficientnet_b4,ILSVRC2012_val_00032174.JPEG,n01985128,124,124,0.52183163,1,imagenet_c,defocus_blur,1,none
efficientnet_b4,ILSVRC2012_val_00032517.JPEG,n01985128,124,122,0.39929625,0,imagenet_c,defocus_blur,1,none
efficientnet_b4,ILSVRC2012_val_00033188.JPEG,n01985128,124,124,0.61119854,1,imagenet_c,defocus_blur,1,none
efficientnet_b4,ILSVRC2012_val_00035967.JPEG,n01985128,124,805,0.22045407,0,imagenet_c,defocus_blur,1,none
efficientnet_b4,ILSVRC2012_val_00037012.JPEG,n01985128,124,124,0.122877195,1,imagenet_c,defocus_blur,1,none
efficientnet_b4,ILSVRC2012_val_00041892.JPEG,n01985128,124,121,0.240685,0,imagenet_c,defocus_blur,1,none
efficientnet_b4,ILSVRC2012_val_00042886.JPEG,n01985128,124,124,0.43368113,1,imagenet_c,defocus_blur,1,none
efficientnet_b4,ILSVRC2012_val_00045022.JPEG,n01985128,124,79,0.23602203,0,imagenet_c,defocus_blur,1,none
efficientnet_b4,ILSVRC2012_val_00046274.JPEG,n01985128,124,58,0.042146116,0,imagenet_c,defocus_blur,1,none
efficientnet_b4,ILSVRC2012_val_00049266.JPEG,n01985128,124,122,0.47810525,0,imagenet_c,defocus_blur,1,none
efficientnet_b4,ILSVRC2012_val_00049657.JPEG,n01985128,124,103,0.19041255,0,imagenet_c,defocus_blur,1,none
efficientnet_b4,ILSVRC2012_val_00049661.JPEG,n01985128,124,124,0.36031392,1,imagenet_c,defocus_blur,1,none
efficientnet_b4,ILSVRC2012_val_00049686.JPEG,n01985128,124,118,0.3117059,0,imagenet_c,defocus_blur,1,none
efficientnet_b4,ILSVRC2012_val_00000231.JPEG,n01986214,125,125,0.090342,1,imagenet_c,defocus_blur,1,none
efficientnet_b4,ILSVRC2012_val_00000245.JPEG,n01986214,125,125,0.3446235,1,imagenet_c,defocus_blur,1,none
efficientnet_b4,ILSVRC2012_val_00003257.JPEG,n01986214,125,125,0.43659133,1,imagenet_c,defocus_blur,1,none
efficientnet_b4,ILSVRC2012_val_00003357.JPEG,n01986214,125,35,0.08203302,0,imagenet_c,defocus_blur,1,none
efficientnet_b4,ILSVRC2012_val_00003636.JPEG,n01986214,125,125,0.6967045,1,imagenet_c,defocus_blur,1,none
efficientnet_b4,ILSVRC2012_val_00003859.JPEG,n01986214,125,125,0.31884897,1,imagenet_c,defocus_blur,1,none
efficientnet_b4,ILSVRC2012_val_00004444.JPEG,n01986214,125,113,0.3142451,0,imagenet_c,defocus_blur,1,none
efficientnet_b4,ILSVRC2012_val_00005125.JPEG,n01986214,125,125,0.5970406,1,imagenet_c,defocus_blur,1,none
efficientnet_b4,ILSVRC2012_val_00005268.JPEG,n01986214,125,125,0.29610768,1,imagenet_c,defocus_blur,1,none
efficientnet_b4,ILSVRC2012_val_00005582.JPEG,n01986214,125,125,0.19511685,1,imagenet_c,defocus_blur,1,none
efficientnet_b4,ILSVRC2012_val_00006591.JPEG,n01986214,125,125,0.63243693,1,imagenet_c,defocus_blur,1,none
efficientnet_b4,ILSVRC2012_val_00007757.JPEG,n01986214,125,305,0.47713348,0,imagenet_c,defocus_blur,1,none
efficientnet_b4,ILSVRC2012_val_00009485.JPEG,n01986214,125,125,0.4867507,1,imagenet_c,defocus_blur,1,none
efficientnet_b4,ILSVRC2012_val_00010039.JPEG,n01986214,125,123,0.4434072,0,imagenet_c,defocus_blur,1,none
efficientnet_b4,ILSVRC2012_val_00012143.JPEG,n01986214,125,125,0.5611312,1,imagenet_c,defocus_blur,1,none
efficientnet_b4,ILSVRC2012_val_00014751.JPEG,n01986214,125,125,0.21939121,1,imagenet_c,defocus_blur,1,none
efficientnet_b4,ILSVRC2012_val_00014759.JPEG,n01986214,125,125,0.7652732,1,imagenet_c,defocus_blur,1,none
efficientnet_b4,ILSVRC2012_val_00016568.JPEG,n01986214,125,125,0.13675712,1,imagenet_c,defocus_blur,1,none
efficientnet_b4,ILSVRC2012_val_00017555.JPEG,n01986214,125,125,0.5644004,1,imagenet_c,defocus_blur,1,none
efficientnet_b4,ILSVRC2012_val_00019512.JPEG,n01986214,125,126,0.1015285,0,imagenet_c,defocus_blur,1,none
efficientnet_b4,ILSVRC2012_val_00020664.JPEG,n01986214,125,78,0.42179066,0,imagenet_c,defocus_blur,1,none
efficientnet_b4,ILSVRC2012_val_00020968.JPEG,n01986214,125,125,0.3725445,1,imagenet_c,defocus_blur,1,none
efficientnet_b4,ILSVRC2012_val_00021819.JPEG,n01986214,125,125,0.67426294,1,imagenet_c,defocus_blur,1,none
efficientnet_b4,ILSVRC2012_val_00023951.JPEG,n01986214,125,125,0.49148685,1,imagenet_c,defocus_blur,1,none
efficientnet_b4,ILSVRC2012_val_00024894.JPEG,n01986214,125,125,0.58583194,1,imagenet_c,defocus_blur,1,none
efficientnet_b4,ILSVRC2012_val_00025381.JPEG,n01986214,125,125,0.61937183,1,imagenet_c,defocus_blur,1,none
efficientnet_b4,ILSVRC2012_val_00025585.JPEG,n01986214,125,125,0.35940772,1,imagenet_c,defocus_blur,1,none
efficientnet_b4,ILSVRC2012_val_00026326.JPEG,n01986214,125,125,0.39472482,1,imagenet_c,defocus_blur,1,none
efficientnet_b4,ILSVRC2012_val_00027404.JPEG,n01986214,125,124,0.16060211,0,imagenet_c,defocus_blur,1,none
efficientnet_b4,ILSVRC2012_val_00028653.JPEG,n01986214,125,994,0.067331,0,imagenet_c,defocus_blur,1,none
efficientnet_b4,ILSVRC2012_val_00029243.JPEG,n01986214,125,125,0.4355133,1,imagenet_c,defocus_blur,1,none
efficientnet_b4,ILSVRC2012_val_00031408.JPEG,n01986214,125,1,0.08854031,0,imagenet_c,defocus_blur,1,none
efficientnet_b4,ILSVRC2012_val_00031943.JPEG,n01986214,125,220,0.04316939,0,imagenet_c,defocus_blur,1,none
efficientnet_b4,ILSVRC2012_val_00031992.JPEG,n01986214,125,119,0.3534999,0,imagenet_c,defocus_blur,1,none
efficientnet_b4,ILSVRC2012_val_00032372.JPEG,n01986214,125,125,0.45424747,1,imagenet_c,defocus_blur,1,none
efficientnet_b4,ILSVRC2012_val_00033105.JPEG,n01986214,125,990,0.0629175,0,imagenet_c,defocus_blur,1,none
efficientnet_b4,ILSVRC2012_val_00033379.JPEG,n01986214,125,265,0.09613405,0,imagenet_c,defocus_blur,1,none
efficientnet_b4,ILSVRC2012_val_00033876.JPEG,n01986214,125,125,0.42058405,1,imagenet_c,defocus_blur,1,none
efficientnet_b4,ILSVRC2012_val_00034774.JPEG,n01986214,125,125,0.46755677,1,imagenet_c,defocus_blur,1,none
efficientnet_b4,ILSVRC2012_val_00036320.JPEG,n01986214,125,125,0.50109345,1,imagenet_c,defocus_blur,1,none
efficientnet_b4,ILSVRC2012_val_00037144.JPEG,n01986214,125,305,0.08996531,0,imagenet_c,defocus_blur,1,none
efficientnet_b4,ILSVRC2012_val_00037765.JPEG,n01986214,125,125,0.24252601,1,imagenet_c,defocus_blur,1,none
efficientnet_b4,ILSVRC2012_val_00039682.JPEG,n01986214,125,125,0.7076351,1,imagenet_c,defocus_blur,1,none
efficientnet_b4,ILSVRC2012_val_00040059.JPEG,n01986214,125,112,0.62558264,0,imagenet_c,defocus_blur,1,none
efficientnet_b4,ILSVRC2012_val_00040913.JPEG,n01986214,125,125,0.18226266,1,imagenet_c,defocus_blur,1,none
efficientnet_b4,ILSVRC2012_val_00041366.JPEG,n01986214,125,125,0.76185924,1,imagenet_c,defocus_blur,1,none
efficientnet_b4,ILSVRC2012_val_00045463.JPEG,n01986214,125,125,0.5731648,1,imagenet_c,defocus_blur,1,none
efficientnet_b4,ILSVRC2012_val_00046344.JPEG,n01986214,125,125,0.48682523,1,imagenet_c,defocus_blur,1,none
efficientnet_b4,ILSVRC2012_val_00046606.JPEG,n01986214,125,125,0.45705947,1,imagenet_c,defocus_blur,1,none
efficientnet_b4,ILSVRC2012_val_00049221.JPEG,n01986214,125,125,0.6959971,1,imagenet_c,defocus_blur,1,none
efficientnet_b4,ILSVRC2012_val_00000669.JPEG,n01990800,126,126,0.8063651,1,imagenet_c,defocus_blur,1,none
efficientnet_b4,ILSVRC2012_val_00001366.JPEG,n01990800,126,126,0.6384735,1,imagenet_c,defocus_blur,1,none
efficientnet_b4,ILSVRC2012_val_00002060.JPEG,n01990800,126,126,0.63290375,1,imagenet_c,defocus_blur,1,none
efficientnet_b4,ILSVRC2012_val_00003115.JPEG,n01990800,126,126,0.61707664,1,imagenet_c,defocus_blur,1,none
efficientnet_b4,ILSVRC2012_val_00003662.JPEG,n01990800,126,79,0.13808449,0,imagenet_c,defocus_blur,1,none
efficientnet_b4,ILSVRC2012_val_00003738.JPEG,n01990800,126,126,0.61419886,1,imagenet_c,defocus_blur,1,none
efficientnet_b4,ILSVRC2012_val_00003858.JPEG,n01990800,126,126,0.7468493,1,imagenet_c,defocus_blur,1,none
efficientnet_b4,ILSVRC2012_val_00004332.JPEG,n01990800,126,930,0.11440072,0,imagenet_c,defocus_blur,1,none
efficientnet_b4,ILSVRC2012_val_00004401.JPEG,n01990800,126,126,0.5282177,1,imagenet_c,defocus_blur,1,none
efficientnet_b4,ILSVRC2012_val_00004659.JPEG,n01990800,126,126,0.49704957,1,imagenet_c,defocus_blur,1,none
efficientnet_b4,ILSVRC2012_val_00005954.JPEG,n01990800,126,126,0.7529902,1,imagenet_c,defocus_blur,1,none
efficientnet_b4,ILSVRC2012_val_00008707.JPEG,n01990800,126,126,0.67610276,1,imagenet_c,defocus_blur,1,none
efficientnet_b4,ILSVRC2012_val_00008721.JPEG,n01990800,126,126,0.55458635,1,imagenet_c,defocus_blur,1,none
efficientnet_b4,ILSVRC2012_val_00009213.JPEG,n01990800,126,126,0.61934733,1,imagenet_c,defocus_blur,1,none
efficientnet_b4,ILSVRC2012_val_00014138.JPEG,n01990800,126,63,0.31828573,0,imagenet_c,defocus_blur,1,none
efficientnet_b4,ILSVRC2012_val_00014367.JPEG,n01990800,126,124,0.20938721,0,imagenet_c,defocus_blur,1,none
efficientnet_b4,ILSVRC2012_val_00015754.JPEG,n01990800,126,126,0.7040321,1,imagenet_c,defocus_blur,1,none
efficientnet_b4,ILSVRC2012_val_00015874.JPEG,n01990800,126,61,0.06650525,0,imagenet_c,defocus_blur,1,none
efficientnet_b4,ILSVRC2012_val_00020769.JPEG,n01990800,126,126,0.5694803,1,imagenet_c,defocus_blur,1,none
efficientnet_b4,ILSVRC2012_val_00021042.JPEG,n01990800,126,305,0.042767894,0,imagenet_c,defocus_blur,1,none
efficientnet_b4,ILSVRC2012_val_00021319.JPEG,n01990800,126,304,0.10052788,0,imagenet_c,defocus_blur,1,none
efficientnet_b4,ILSVRC2012_val_00022755.JPEG,n01990800,126,126,0.091686584,1,imagenet_c,defocus_blur,1,none
efficientnet_b4,ILSVRC2012_val_00024924.JPEG,n01990800,126,126,0.54552597,1,imagenet_c,defocus_blur,1,none
efficientnet_b4,ILSVRC2012_val_00025814.JPEG,n01990800,126,119,0.14391056,0,imagenet_c,defocus_blur,1,none
efficientnet_b4,ILSVRC2012_val_00026939.JPEG,n01990800,126,126,0.55471474,1,imagenet_c,defocus_blur,1,none
efficientnet_b4,ILSVRC2012_val_00028751.JPEG,n01990800,126,71,0.37166604,0,imagenet_c,defocus_blur,1,none
efficientnet_b4,ILSVRC2012_val_00029367.JPEG,n01990800,126,126,0.54669416,1,imagenet_c,defocus_blur,1,none
efficientnet_b4,ILSVRC2012_val_00029733.JPEG,n01990800,126,126,0.24594323,1,imagenet_c,defocus_blur,1,none
efficientnet_b4,ILSVRC2012_val_00029796.JPEG,n01990800,126,790,0.027749935,0,imagenet_c,defocus_blur,1,none
efficientnet_b4,ILSVRC2012_val_00030468.JPEG,n01990800,126,126,0.5582998,1,imagenet_c,defocus_blur,1,none
efficientnet_b4,ILSVRC2012_val_00033427.JPEG,n01990800,126,126,0.58043927,1,imagenet_c,defocus_blur,1,none
efficientnet_b4,ILSVRC2012_val_00034806.JPEG,n01990800,126,816,0.17050727,0,imagenet_c,defocus_blur,1,none
efficientnet_b4,ILSVRC2012_val_00034935.JPEG,n01990800,126,126,0.64018387,1,imagenet_c,defocus_blur,1,none
efficientnet_b4,ILSVRC2012_val_00035191.JPEG,n01990800,126,110,0.13107261,0,imagenet_c,defocus_blur,1,none
efficientnet_b4,ILSVRC2012_val_00036289.JPEG,n01990800,126,126,0.62575716,1,imagenet_c,defocus_blur,1,none
efficientnet_b4,ILSVRC2012_val_00037641.JPEG,n01990800,126,126,0.40872818,1,imagenet_c,defocus_blur,1,none
efficientnet_b4,ILSVRC2012_val_00038119.JPEG,n01990800,126,126,0.43412527,1,imagenet_c,defocus_blur,1,none
efficientnet_b4,ILSVRC2012_val_00039404.JPEG,n01990800,126,126,0.46731666,1,imagenet_c,defocus_blur,1,none
efficientnet_b4,ILSVRC2012_val_00041213.JPEG,n01990800,126,712,0.35920283,0,imagenet_c,defocus_blur,1,none
efficientnet_b4,ILSVRC2012_val_00042476.JPEG,n01990800,126,126,0.724358,1,imagenet_c,defocus_blur,1,none
efficientnet_b4,ILSVRC2012_val_00042752.JPEG,n01990800,126,124,0.057229698,0,imagenet_c,defocus_blur,1,none
efficientnet_b4,ILSVRC2012_val_00042774.JPEG,n01990800,126,126,0.6470213,1,imagenet_c,defocus_blur,1,none
efficientnet_b4,ILSVRC2012_val_00043167.JPEG,n01990800,126,994,0.044574574,0,imagenet_c,defocus_blur,1,none
efficientnet_b4,ILSVRC2012_val_00043515.JPEG,n01990800,126,126,0.40639925,1,imagenet_c,defocus_blur,1,none
efficientnet_b4,ILSVRC2012_val_00043923.JPEG,n01990800,126,126,0.46539485,1,imagenet_c,defocus_blur,1,none
efficientnet_b4,ILSVRC2012_val_00045807.JPEG,n01990800,126,126,0.62567437,1,imagenet_c,defocus_blur,1,none
efficientnet_b4,ILSVRC2012_val_00046912.JPEG,n01990800,126,126,0.7172477,1,imagenet_c,defocus_blur,1,none
efficientnet_b4,ILSVRC2012_val_00047249.JPEG,n01990800,126,126,0.60973346,1,imagenet_c,defocus_blur,1,none
efficientnet_b4,ILSVRC2012_val_00048808.JPEG,n01990800,126,720,0.14293508,0,imagenet_c,defocus_blur,1,none
efficientnet_b4,ILSVRC2012_val_00049411.JPEG,n01990800,126,125,0.050936963,0,imagenet_c,defocus_blur,1,none
efficientnet_b4,ILSVRC2012_val_00000690.JPEG,n02002556,127,127,0.38129914,1,imagenet_c,defocus_blur,1,none
efficientnet_b4,ILSVRC2012_val_00001277.JPEG,n02002556,127,127,0.42274225,1,imagenet_c,defocus_blur,1,none
efficientnet_b4,ILSVRC2012_val_00002901.JPEG,n02002556,127,128,0.47432846,0,imagenet_c,defocus_blur,1,none
efficientnet_b4,ILSVRC2012_val_00006959.JPEG,n02002556,127,856,0.22991145,0,imagenet_c,defocus_blur,1,none
efficientnet_b4,ILSVRC2012_val_00006969.JPEG,n02002556,127,127,0.4005311,1,imagenet_c,defocus_blur,1,none
efficientnet_b4,ILSVRC2012_val_00007369.JPEG,n02002556,127,128,0.040564008,0,imagenet_c,defocus_blur,1,none
efficientnet_b4,ILSVRC2012_val_00008287.JPEG,n02002556,127,127,0.52018523,1,imagenet_c,defocus_blur,1,none
efficientnet_b4,ILSVRC2012_val_00008411.JPEG,n02002556,127,127,0.3504706,1,imagenet_c,defocus_blur,1,none
efficientnet_b4,ILSVRC2012_val_00008857.JPEG,n02002556,127,127,0.47088942,1,imagenet_c,defocus_blur,1,none
efficientnet_b4,ILSVRC2012_val_00009637.JPEG,n02002556,127,483,0.07042414,0,imagenet_c,defocus_blur,1,none
efficientnet_b4,ILSVRC2012_val_00010084.JPEG,n02002556,127,127,0.37319085,1,imagenet_c,defocus_blur,1,none
efficientnet_b4,ILSVRC2012_val_00010426.JPEG,n02002556,127,127,0.2750778,1,imagenet_c,defocus_blur,1,none
efficientnet_b4,ILSVRC2012_val_00010539.JPEG,n02002556,127,127,0.44929278,1,imagenet_c,defocus_blur,1,none
efficientnet_b4,ILSVRC2012_val_00010740.JPEG,n02002556,127,127,0.3278421,1,imagenet_c,defocus_blur,1,none
efficientnet_b4,ILSVRC2012_val_00011357.JPEG,n02002556,127,127,0.7059256,1,imagenet_c,defocus_blur,1,none
efficientnet_b4,ILSVRC2012_val_00011848.JPEG,n02002556,127,127,0.4322285,1,imagenet_c,defocus_blur,1,none
efficientnet_b4,ILSVRC2012_val_00018991.JPEG,n02002556,127,127,0.3659821,1,imagenet_c,defocus_blur,1,none
efficientnet_b4,ILSVRC2012_val_00020578.JPEG,n02002556,127,127,0.30654776,1,imagenet_c,defocus_blur,1,none
efficientnet_b4,ILSVRC2012_val_00023552.JPEG,n02002556,127,127,0.3972635,1,imagenet_c,defocus_blur,1,none
efficientnet_b4,ILSVRC2012_val_00025291.JPEG,n02002556,127,127,0.5283937,1,imagenet_c,defocus_blur,1,none
efficientnet_b4,ILSVRC2012_val_00026139.JPEG,n02002556,127,127,0.41842192,1,imagenet_c,defocus_blur,1,none
efficientnet_b4,ILSVRC2012_val_00026340.JPEG,n02002556,127,127,0.26510477,1,imagenet_c,defocus_blur,1,none
efficientnet_b4,ILSVRC2012_val_00026760.JPEG,n02002556,127,22,0.051173083,0,imagenet_c,defocus_blur,1,none
efficientnet_b4,ILSVRC2012_val_00027901.JPEG,n02002556,127,127,0.24535812,1,imagenet_c,defocus_blur,1,none
efficientnet_b4,ILSVRC2012_val_00027926.JPEG,n02002556,127,127,0.52546006,1,imagenet_c,defocus_blur,1,none
efficientnet_b4,ILSVRC2012_val_00028890.JPEG,n02002556,127,127,0.23358741,1,imagenet_c,defocus_blur,1,none
efficientnet_b4,ILSVRC2012_val_00029696.JPEG,n02002556,127,127,0.41861013,1,imagenet_c,defocus_blur,1,none
efficientnet_b4,ILSVRC2012_val_00030049.JPEG,n02002556,127,127,0.5343181,1,imagenet_c,defocus_blur,1,none
efficientnet_b4,ILSVRC2012_val_00031332.JPEG,n02002556,127,127,0.39955163,1,imagenet_c,defocus_blur,1,none
efficientnet_b4,ILSVRC2012_val_00031575.JPEG,n02002556,127,127,0.43719986,1,imagenet_c,defocus_blur,1,none
efficientnet_b4,ILSVRC2012_val_00031666.JPEG,n02002556,127,128,0.28588575,0,imagenet_c,defocus_blur,1,none
efficientnet_b4,ILSVRC2012_val_00032180.JPEG,n02002556,127,128,0.17521334,0,imagenet_c,defocus_blur,1,none
efficientnet_b4,ILSVRC2012_val_00032580.JPEG,n02002556,127,128,0.493681,0,imagenet_c,defocus_blur,1,none
efficientnet_b4,ILSVRC2012_val_00032643.JPEG,n02002556,127,127,0.41914713,1,imagenet_c,defocus_blur,1,none
efficientnet_b4,ILSVRC2012_val_00034013.JPEG,n02002556,127,127,0.44725397,1,imagenet_c,defocus_blur,1,none
efficientnet_b4,ILSVRC2012_val_00034136.JPEG,n02002556,127,127,0.36104336,1,imagenet_c,defocus_blur,1,none
efficientnet_b4,ILSVRC2012_val_00034176.JPEG,n02002556,127,127,0.44589025,1,imagenet_c,defocus_blur,1,none
efficientnet_b4,ILSVRC2012_val_00035528.JPEG,n02002556,127,127,0.50624,1,imagenet_c,defocus_blur,1,none
efficientnet_b4,ILSVRC2012_val_00035837.JPEG,n02002556,127,127,0.21521042,1,imagenet_c,defocus_blur,1,none
efficientnet_b4,ILSVRC2012_val_00037678.JPEG,n02002556,127,127,0.56019515,1,imagenet_c,defocus_blur,1,none
efficientnet_b4,ILSVRC2012_val_00038245.JPEG,n02002556,127,127,0.37411729,1,imagenet_c,defocus_blur,1,none
efficientnet_b4,ILSVRC2012_val_00038356.JPEG,n02002556,127,128,0.1084254,0,imagenet_c,defocus_blur,1,none
efficientnet_b4,ILSVRC2012_val_00038801.JPEG,n02002556,127,127,0.23072563,1,imagenet_c,defocus_blur,1,none
efficientnet_b4,ILSVRC2012_val_00041881.JPEG,n02002556,127,127,0.4497063,1,imagenet_c,defocus_blur,1,none
efficientnet_b4,ILSVRC2012_val_00043181.JPEG,n02002556,127,127,0.5602859,1,imagenet_c,defocus_blur,1,none
efficientnet_b4,ILSVRC2012_val_00045575.JPEG,n02002556,127,21,0.2749319,0,imagenet_c,defocus_blur,1,none
efficientnet_b4,ILSVRC2012_val_00046533.JPEG,n02002556,127,127,0.38149917,1,imagenet_c,defocus_blur,1,none
efficientnet_b4,ILSVRC2012_val_00048606.JPEG,n02002556,127,127,0.16906357,1,imagenet_c,defocus_blur,1,none
efficientnet_b4,ILSVRC2012_val_00049016.JPEG,n02002556,127,127,0.45415878,1,imagenet_c,defocus_blur,1,none
efficientnet_b4,ILSVRC2012_val_00049315.JPEG,n02002556,127,127,0.39934412,1,imagenet_c,defocus_blur,1,none
efficientnet_b4,ILSVRC2012_val_00001068.JPEG,n02002724,128,128,0.45625824,1,imagenet_c,defocus_blur,1,none
efficientnet_b4,ILSVRC2012_val_00001230.JPEG,n02002724,128,128,0.67652625,1,imagenet_c,defocus_blur,1,none
efficientnet_b4,ILSVRC2012_val_00001387.JPEG,n02002724,128,128,0.49379364,1,imagenet_c,defocus_blur,1,none
efficientnet_b4,ILSVRC2012_val_00002858.JPEG,n02002724,128,128,0.38723105,1,imagenet_c,defocus_blur,1,none
efficientnet_b4,ILSVRC2012_val_00003011.JPEG,n02002724,128,128,0.33223024,1,imagenet_c,defocus_blur,1,none
efficientnet_b4,ILSVRC2012_val_00006116.JPEG,n02002724,128,128,0.55433345,1,imagenet_c,defocus_blur,1,none
efficientnet_b4,ILSVRC2012_val_00006487.JPEG,n02002724,128,128,0.66981995,1,imagenet_c,defocus_blur,1,none
efficientnet_b4,ILSVRC2012_val_00008474.JPEG,n02002724,128,128,0.6999279,1,imagenet_c,defocus_blur,1,none
efficientnet_b4,ILSVRC2012_val_00008521.JPEG,n02002724,128,128,0.66295254,1,imagenet_c,defocus_blur,1,none
efficientnet_b4,ILSVRC2012_val_00012639.JPEG,n02002724,128,128,0.5421369,1,imagenet_c,defocus_blur,1,none
efficientnet_b4,ILSVRC2012_val_00013093.JPEG,n02002724,128,128,0.6538263,1,imagenet_c,defocus_blur,1,none
efficientnet_b4,ILSVRC2012_val_00013598.JPEG,n02002724,128,128,0.14876044,1,imagenet_c,defocus_blur,1,none
efficientnet_b4,ILSVRC2012_val_00013896.JPEG,n02002724,128,128,0.41772765,1,imagenet_c,defocus_blur,1,none
efficientnet_b4,ILSVRC2012_val_00014217.JPEG,n02002724,128,128,0.6052479,1,imagenet_c,defocus_blur,1,none
efficientnet_b4,ILSVRC2012_val_00014949.JPEG,n02002724,128,128,0.07203679,1,imagenet_c,defocus_blur,1,none
efficientnet_b4,ILSVRC2012_val_00015893.JPEG,n02002724,128,128,0.40776917,1,imagenet_c,defocus_blur,1,none
efficientnet_b4,ILSVRC2012_val_00017032.JPEG,n02002724,128,128,0.28715292,1,imagenet_c,defocus_blur,1,none
efficientnet_b4,ILSVRC2012_val_00017388.JPEG,n02002724,128,128,0.19784972,1,imagenet_c,defocus_blur,1,none
efficientnet_b4,ILSVRC2012_val_00017851.JPEG,n02002724,128,344,0.03777169,0,imagenet_c,defocus_blur,1,none
efficientnet_b4,ILSVRC2012_val_00018159.JPEG,n02002724,128,128,0.5819396,1,imagenet_c,defocus_blur,1,none
efficientnet_b4,ILSVRC2012_val_00019562.JPEG,n02002724,128,128,0.7272243,1,imagenet_c,defocus_blur,1,none
efficientnet_b4,ILSVRC2012_val_00019698.JPEG,n02002724,128,128,0.67313695,1,imagenet_c,defocus_blur,1,none
efficientnet_b4,ILSVRC2012_val_00021252.JPEG,n02002724,128,128,0.59570295,1,imagenet_c,defocus_blur,1,none
efficientnet_b4,ILSVRC2012_val_00021872.JPEG,n02002724,128,21,0.43334118,0,imagenet_c,defocus_blur,1,none
efficientnet_b4,ILSVRC2012_val_00022140.JPEG,n02002724,128,128,0.52476263,1,imagenet_c,defocus_blur,1,none
efficientnet_b4,ILSVRC2012_val_00022687.JPEG,n02002724,128,80,0.12431525,0,imagenet_c,defocus_blur,1,none
efficientnet_b4,ILSVRC2012_val_00023454.JPEG,n02002724,128,128,0.67403436,1,imagenet_c,defocus_blur,1,none
efficientnet_b4,ILSVRC2012_val_00023789.JPEG,n02002724,128,294,0.052799568,0,imagenet_c,defocus_blur,1,none
efficientnet_b4,ILSVRC2012_val_00024383.JPEG,n02002724,128,128,0.48564488,1,imagenet_c,defocus_blur,1,none
efficientnet_b4,ILSVRC2012_val_00024835.JPEG,n02002724,128,128,0.5191533,1,imagenet_c,defocus_blur,1,none
efficientnet_b4,ILSVRC2012_val_00025651.JPEG,n02002724,128,128,0.7188008,1,imagenet_c,defocus_blur,1,none
efficientnet_b4,ILSVRC2012_val_00026104.JPEG,n02002724,128,128,0.42448726,1,imagenet_c,defocus_blur,1,none
efficientnet_b4,ILSVRC2012_val_00026338.JPEG,n02002724,128,128,0.5339195,1,imagenet_c,defocus_blur,1,none
efficientnet_b4,ILSVRC2012_val_00029692.JPEG,n02002724,128,138,0.14023106,0,imagenet_c,defocus_blur,1,none
efficientnet_b4,ILSVRC2012_val_00030904.JPEG,n02002724,128,128,0.07928889,1,imagenet_c,defocus_blur,1,none
efficientnet_b4,ILSVRC2012_val_00031399.JPEG,n02002724,128,128,0.69466954,1,imagenet_c,defocus_blur,1,none
efficientnet_b4,ILSVRC2012_val_00033578.JPEG,n02002724,128,128,0.42579868,1,imagenet_c,defocus_blur,1,none
efficientnet_b4,ILSVRC2012_val_00034743.JPEG,n02002724,128,128,0.6075608,1,imagenet_c,defocus_blur,1,none
efficientnet_b4,ILSVRC2012_val_00035214.JPEG,n02002724,128,128,0.49709663,1,imagenet_c,defocus_blur,1,none
efficientnet_b4,ILSVRC2012_val_00036052.JPEG,n02002724,128,144,0.12592931,0,imagenet_c,defocus_blur,1,none
efficientnet_b4,ILSVRC2012_val_00037766.JPEG,n02002724,128,128,0.6079676,1,imagenet_c,defocus_blur,1,none
efficientnet_b4,ILSVRC2012_val_00038579.JPEG,n02002724,128,128,0.67881143,1,imagenet_c,defocus_blur,1,none
efficientnet_b4,ILSVRC2012_val_00038615.JPEG,n02002724,128,128,0.332048,1,imagenet_c,defocus_blur,1,none
efficientnet_b4,ILSVRC2012_val_00038955.JPEG,n02002724,128,128,0.49431282,1,imagenet_c,defocus_blur,1,none
efficientnet_b4,ILSVRC2012_val_00039207.JPEG,n02002724,128,128,0.6130322,1,imagenet_c,defocus_blur,1,none
efficientnet_b4,ILSVRC2012_val_00039398.JPEG,n02002724,128,128,0.37046444,1,imagenet_c,defocus_blur,1,none
efficientnet_b4,ILSVRC2012_val_00042532.JPEG,n02002724,128,128,0.41755134,1,imagenet_c,defocus_blur,1,none
efficientnet_b4,ILSVRC2012_val_00043307.JPEG,n02002724,128,128,0.67475665,1,imagenet_c,defocus_blur,1,none
efficientnet_b4,ILSVRC2012_val_00048008.JPEG,n02002724,128,128,0.64713913,1,imagenet_c,defocus_blur,1,none
efficientnet_b4,ILSVRC2012_val_00048908.JPEG,n02002724,128,128,0.52927816,1,imagenet_c,defocus_blur,1,none
efficientnet_b4,ILSVRC2012_val_00000043.JPEG,n02006656,129,129,0.5626818,1,imagenet_c,defocus_blur,1,none
efficientnet_b4,ILSVRC2012_val_00000593.JPEG,n02006656,129,129,0.27835238,1,imagenet_c,defocus_blur,1,none
efficientnet_b4,ILSVRC2012_val_00000735.JPEG,n02006656,129,129,0.34451228,1,imagenet_c,defocus_blur,1,none
efficientnet_b4,ILSVRC2012_val_00000774.JPEG,n02006656,129,129,0.22414987,1,imagenet_c,defocus_blur,1,none
efficientnet_b4,ILSVRC2012_val_00000878.JPEG,n02006656,129,129,0.4620963,1,imagenet_c,defocus_blur,1,none
efficientnet_b4,ILSVRC2012_val_00002192.JPEG,n02006656,129,129,0.58980834,1,imagenet_c,defocus_blur,1,none
efficientnet_b4,ILSVRC2012_val_00002953.JPEG,n02006656,129,129,0.6116916,1,imagenet_c,defocus_blur,1,none
efficientnet_b4,ILSVRC2012_val_00005107.JPEG,n02006656,129,129,0.46270728,1,imagenet_c,defocus_blur,1,none
efficientnet_b4,ILSVRC2012_val_00005186.JPEG,n02006656,129,129,0.6320739,1,imagenet_c,defocus_blur,1,none
efficientnet_b4,ILSVRC2012_val_00005379.JPEG,n02006656,129,129,0.540118,1,imagenet_c,defocus_blur,1,none
efficientnet_b4,ILSVRC2012_val_00005830.JPEG,n02006656,129,129,0.5156351,1,imagenet_c,defocus_blur,1,none
efficientnet_b4,ILSVRC2012_val_00007697.JPEG,n02006656,129,129,0.60670453,1,imagenet_c,defocus_blur,1,none
efficientnet_b4,ILSVRC2012_val_00008555.JPEG,n02006656,129,129,0.54825675,1,imagenet_c,defocus_blur,1,none
efficientnet_b4,ILSVRC2012_val_00008978.JPEG,n02006656,129,129,0.5648688,1,imagenet_c,defocus_blur,1,none
efficientnet_b4,ILSVRC2012_val_00010002.JPEG,n02006656,129,129,0.5971072,1,imagenet_c,defocus_blur,1,none
efficientnet_b4,ILSVRC2012_val_00012618.JPEG,n02006656,129,129,0.59165704,1,imagenet_c,defocus_blur,1,none
efficientnet_b4,ILSVRC2012_val_00013110.JPEG,n02006656,129,129,0.63661426,1,imagenet_c,defocus_blur,1,none
efficientnet_b4,ILSVRC2012_val_00013256.JPEG,n02006656,129,129,0.5897327,1,imagenet_c,defocus_blur,1,none
efficientnet_b4,ILSVRC2012_val_00013457.JPEG,n02006656,129,129,0.5901294,1,imagenet_c,defocus_blur,1,none
efficientnet_b4,ILSVRC2012_val_00014266.JPEG,n02006656,129,129,0.5062897,1,imagenet_c,defocus_blur,1,none
efficientnet_b4,ILSVRC2012_val_00015505.JPEG,n02006656,129,129,0.45448905,1,imagenet_c,defocus_blur,1,none
efficientnet_b4,ILSVRC2012_val_00017069.JPEG,n02006656,129,129,0.593229,1,imagenet_c,defocus_blur,1,none
efficientnet_b4,ILSVRC2012_val_00017690.JPEG,n02006656,129,129,0.47519845,1,imagenet_c,defocus_blur,1,none
efficientnet_b4,ILSVRC2012_val_00018192.JPEG,n02006656,129,129,0.48822057,1,imagenet_c,defocus_blur,1,none
efficientnet_b4,ILSVRC2012_val_00018489.JPEG,n02006656,129,129,0.6272335,1,imagenet_c,defocus_blur,1,none
efficientnet_b4,ILSVRC2012_val_00019210.JPEG,n02006656,129,129,0.50766236,1,imagenet_c,defocus_blur,1,none
efficientnet_b4,ILSVRC2012_val_00020933.JPEG,n02006656,129,129,0.710097,1,imagenet_c,defocus_blur,1,none
efficientnet_b4,ILSVRC2012_val_00021933.JPEG,n02006656,129,129,0.5056169,1,imagenet_c,defocus_blur,1,none
efficientnet_b4,ILSVRC2012_val_00022418.JPEG,n02006656,129,129,0.5033398,1,imagenet_c,defocus_blur,1,none
efficientnet_b4,ILSVRC2012_val_00025075.JPEG,n02006656,129,129,0.55483806,1,imagenet_c,defocus_blur,1,none
efficientnet_b4,ILSVRC2012_val_00025126.JPEG,n02006656,129,129,0.4543331,1,imagenet_c,defocus_blur,1,none
efficientnet_b4,ILSVRC2012_val_00027667.JPEG,n02006656,129,129,0.45146394,1,imagenet_c,defocus_blur,1,none
efficientnet_b4,ILSVRC2012_val_00027676.JPEG,n02006656,129,129,0.5707262,1,imagenet_c,defocus_blur,1,none
efficientnet_b4,ILSVRC2012_val_00028586.JPEG,n02006656,129,129,0.5707898,1,imagenet_c,defocus_blur,1,none
efficientnet_b4,ILSVRC2012_val_00029168.JPEG,n02006656,129,129,0.5385609,1,imagenet_c,defocus_blur,1,none
efficientnet_b4,ILSVRC2012_val_00029736.JPEG,n02006656,129,129,0.408243,1,imagenet_c,defocus_blur,1,none
efficientnet_b4,ILSVRC2012_val_00032335.JPEG,n02006656,129,129,0.57095677,1,imagenet_c,defocus_blur,1,none
efficientnet_b4,ILSVRC2012_val_00032470.JPEG,n02006656,129,129,0.5359191,1,imagenet_c,defocus_blur,1,none
efficientnet_b4,ILSVRC2012_val_00035605.JPEG,n02006656,129,129,0.5404299,1,imagenet_c,defocus_blur,1,none
efficientnet_b4,ILSVRC2012_val_00036074.JPEG,n02006656,129,129,0.6529789,1,imagenet_c,defocus_blur,1,none
efficientnet_b4,ILSVRC2012_val_00037552.JPEG,n02006656,129,129,0.4811696,1,imagenet_c,defocus_blur,1,none
efficientnet_b4,ILSVRC2012_val_00039784.JPEG,n02006656,129,129,0.5160891,1,imagenet_c,defocus_blur,1,none
efficientnet_b4,ILSVRC2012_val_00040455.JPEG,n02006656,129,129,0.47195736,1,imagenet_c,defocus_blur,1,none
efficientnet_b4,ILSVRC2012_val_00042758.JPEG,n02006656,129,129,0.58099014,1,imagenet_c,defocus_blur,1,none
efficientnet_b4,ILSVRC2012_val_00043081.JPEG,n02006656,129,129,0.6938306,1,imagenet_c,defocus_blur,1,none
efficientnet_b4,ILSVRC2012_val_00044522.JPEG,n02006656,129,129,0.6212909,1,imagenet_c,defocus_blur,1,none
efficientnet_b4,ILSVRC2012_val_00046732.JPEG,n02006656,129,129,0.62081075,1,imagenet_c,defocus_blur,1,none
efficientnet_b4,ILSVRC2012_val_00048553.JPEG,n02006656,129,129,0.6639409,1,imagenet_c,defocus_blur,1,none
efficientnet_b4,ILSVRC2012_val_00048666.JPEG,n02006656,129,129,0.5812175,1,imagenet_c,defocus_blur,1,none
efficientnet_b4,ILSVRC2012_val_00049077.JPEG,n02006656,129,129,0.6761338,1,imagenet_c,defocus_blur,1,none
efficientnet_b4,ILSVRC2012_val_00000356.JPEG,n02007558,130,130,0.7010139,1,imagenet_c,defocus_blur,1,none
efficientnet_b4,ILSVRC2012_val_00000939.JPEG,n02007558,130,130,0.58053076,1,imagenet_c,defocus_blur,1,none
efficientnet_b4,ILSVRC2012_val_00004730.JPEG,n02007558,130,130,0.612988,1,imagenet_c,defocus_blur,1,none
efficientnet_b4,ILSVRC2012_val_00005601.JPEG,n02007558,130,130,0.5388528,1,imagenet_c,defocus_blur,1,none
efficientnet_b4,ILSVRC2012_val_00006696.JPEG,n02007558,130,130,0.46579057,1,imagenet_c,defocus_blur,1,none
efficientnet_b4,ILSVRC2012_val_00007128.JPEG,n02007558,130,130,0.6407383,1,imagenet_c,defocus_blur,1,none
efficientnet_b4,ILSVRC2012_val_00008032.JPEG,n02007558,130,130,0.530632,1,imagenet_c,defocus_blur,1,none
efficientnet_b4,ILSVRC2012_val_00008887.JPEG,n02007558,130,130,0.5584527,1,imagenet_c,defocus_blur,1,none
efficientnet_b4,ILSVRC2012_val_00009988.JPEG,n02007558,130,130,0.5286361,1,imagenet_c,defocus_blur,1,none
efficientnet_b4,ILSVRC2012_val_00011918.JPEG,n02007558,130,130,0.14832182,1,imagenet_c,defocus_blur,1,none
efficientnet_b4,ILSVRC2012_val_00014770.JPEG,n02007558,130,130,0.5240323,1,imagenet_c,defocus_blur,1,none
efficientnet_b4,ILSVRC2012_val_00014883.JPEG,n02007558,130,130,0.53754526,1,imagenet_c,defocus_blur,1,none
efficientnet_b4,ILSVRC2012_val_00016016.JPEG,n02007558,130,130,0.47138718,1,imagenet_c,defocus_blur,1,none
efficientnet_b4,ILSVRC2012_val_00017796.JPEG,n02007558,130,130,0.44497994,1,imagenet_c,defocus_blur,1,none
efficientnet_b4,ILSVRC2012_val_00017930.JPEG,n02007558,130,130,0.17526875,1,imagenet_c,defocus_blur,1,none
efficientnet_b4,ILSVRC2012_val_00018511.JPEG,n02007558,130,130,0.70740885,1,imagenet_c,defocus_blur,1,none
efficientnet_b4,ILSVRC2012_val_00019951.JPEG,n02007558,130,130,0.52587646,1,imagenet_c,defocus_blur,1,none
efficientnet_b4,ILSVRC2012_val_00021574.JPEG,n02007558,130,130,0.56078285,1,imagenet_c,defocus_blur,1,none
efficientnet_b4,ILSVRC2012_val_00022313.JPEG,n02007558,130,66,0.09549498,0,imagenet_c,defocus_blur,1,none
efficientnet_b4,ILSVRC2012_val_00022414.JPEG,n02007558,130,130,0.5599496,1,imagenet_c,defocus_blur,1,none
efficientnet_b4,ILSVRC2012_val_00023502.JPEG,n02007558,130,130,0.6410588,1,imagenet_c,defocus_blur,1,none
efficientnet_b4,ILSVRC2012_val_00023866.JPEG,n02007558,130,130,0.4095118,1,imagenet_c,defocus_blur,1,none
efficientnet_b4,ILSVRC2012_val_00024551.JPEG,n02007558,130,130,0.62196505,1,imagenet_c,defocus_blur,1,none
efficientnet_b4,ILSVRC2012_val_00026082.JPEG,n02007558,130,130,0.610128,1,imagenet_c,defocus_blur,1,none
efficientnet_b4,ILSVRC2012_val_00026248.JPEG,n02007558,130,130,0.5031484,1,imagenet_c,defocus_blur,1,none
efficientnet_b4,ILSVRC2012_val_00027871.JPEG,n02007558,130,130,0.6180784,1,imagenet_c,defocus_blur,1,none
efficientnet_b4,ILSVRC2012_val_00028622.JPEG,n02007558,130,129,0.11025653,0,imagenet_c,defocus_blur,1,none
efficientnet_b4,ILSVRC2012_val_00029718.JPEG,n02007558,130,130,0.49318156,1,imagenet_c,defocus_blur,1,none
efficientnet_b4,ILSVRC2012_val_00029724.JPEG,n02007558,130,130,0.5687252,1,imagenet_c,defocus_blur,1,none
efficientnet_b4,ILSVRC2012_val_00030095.JPEG,n02007558,130,130,0.48666707,1,imagenet_c,defocus_blur,1,none
efficientnet_b4,ILSVRC2012_val_00031931.JPEG,n02007558,130,130,0.60684127,1,imagenet_c,defocus_blur,1,none
efficientnet_b4,ILSVRC2012_val_00034548.JPEG,n02007558,130,130,0.54994375,1,imagenet_c,defocus_blur,1,none
efficientnet_b4,ILSVRC2012_val_00035984.JPEG,n02007558,130,130,0.5151695,1,imagenet_c,defocus_blur,1,none
efficientnet_b4,ILSVRC2012_val_00036302.JPEG,n02007558,130,130,0.55385655,1,imagenet_c,defocus_blur,1,none
efficientnet_b4,ILSVRC2012_val_00036500.JPEG,n02007558,130,130,0.50086105,1,imagenet_c,defocus_blur,1,none
efficientnet_b4,ILSVRC2012_val_00037486.JPEG,n02007558,130,130,0.66756594,1,imagenet_c,defocus_blur,1,none
efficientnet_b4,ILSVRC2012_val_00037831.JPEG,n02007558,130,130,0.6620217,1,imagenet_c,defocus_blur,1,none
efficientnet_b4,ILSVRC2012_val_00037990.JPEG,n02007558,130,310,0.059466615,0,imagenet_c,defocus_blur,1,none
efficientnet_b4,ILSVRC2012_val_00038600.JPEG,n02007558,130,130,0.63985,1,imagenet_c,defocus_blur,1,none
efficientnet_b4,ILSVRC2012_val_00039372.JPEG,n02007558,130,130,0.47259006,1,imagenet_c,defocus_blur,1,none
efficientnet_b4,ILSVRC2012_val_00039514.JPEG,n02007558,130,130,0.5143477,1,imagenet_c,defocus_blur,1,none
efficientnet_b4,ILSVRC2012_val_00040826.JPEG,n02007558,130,130,0.60303366,1,imagenet_c,defocus_blur,1,none
efficientnet_b4,ILSVRC2012_val_00040971.JPEG,n02007558,130,130,0.47328418,1,imagenet_c,defocus_blur,1,none
efficientnet_b4,ILSVRC2012_val_00041083.JPEG,n02007558,130,130,0.38492045,1,imagenet_c,defocus_blur,1,none
efficientnet_b4,ILSVRC2012_val_00042000.JPEG,n02007558,130,130,0.30928963,1,imagenet_c,defocus_blur,1,none
efficientnet_b4,ILSVRC2012_val_00045784.JPEG,n02007558,130,130,0.62609166,1,imagenet_c,defocus_blur,1,none
efficientnet_b4,ILSVRC2012_val_00047041.JPEG,n02007558,130,130,0.2160793,1,imagenet_c,defocus_blur,1,none
efficientnet_b4,ILSVRC2012_val_00047052.JPEG,n02007558,130,130,0.31517822,1,imagenet_c,defocus_blur,1,none
efficientnet_b4,ILSVRC2012_val_00048239.JPEG,n02007558,130,130,0.68954396,1,imagenet_c,defocus_blur,1,none
efficientnet_b4,ILSVRC2012_val_00049783.JPEG,n02007558,130,130,0.6611091,1,imagenet_c,defocus_blur,1,none
efficientnet_b4,ILSVRC2012_val_00000794.JPEG,n02009229,131,131,0.4500019,1,imagenet_c,defocus_blur,1,none
efficientnet_b4,ILSVRC2012_val_00002003.JPEG,n02009229,131,93,0.10766017,0,imagenet_c,defocus_blur,1,none
efficientnet_b4,ILSVRC2012_val_00003659.JPEG,n02009229,131,131,0.3377823,1,imagenet_c,defocus_blur,1,none
efficientnet_b4,ILSVRC2012_val_00006107.JPEG,n02009229,131,131,0.61668235,1,imagenet_c,defocus_blur,1,none
efficientnet_b4,ILSVRC2012_val_00007043.JPEG,n02009229,131,131,0.60537636,1,imagenet_c,defocus_blur,1,none
efficientnet_b4,ILSVRC2012_val_00008364.JPEG,n02009229,131,131,0.73804235,1,imagenet_c,defocus_blur,1,none
efficientnet_b4,ILSVRC2012_val_00009501.JPEG,n02009229,131,131,0.42134923,1,imagenet_c,defocus_blur,1,none
efficientnet_b4,ILSVRC2012_val_00009731.JPEG,n02009229,131,131,0.4881749,1,imagenet_c,defocus_blur,1,none
efficientnet_b4,ILSVRC2012_val_00010673.JPEG,n02009229,131,131,0.6331852,1,imagenet_c,defocus_blur,1,none
efficientnet_b4,ILSVRC2012_val_00016684.JPEG,n02009229,131,131,0.5795182,1,imagenet_c,defocus_blur,1,none
efficientnet_b4,ILSVRC2012_val_00018197.JPEG,n02009229,131,131,0.13418552,1,imagenet_c,defocus_blur,1,none
efficientnet_b4,ILSVRC2012_val_00018939.JPEG,n02009229,131,131,0.52923596,1,imagenet_c,defocus_blur,1,none
efficientnet_b4,ILSVRC2012_val_00019633.JPEG,n02009229,131,131,0.549232,1,imagenet_c,defocus_blur,1,none
efficientnet_b4,ILSVRC2012_val_00020194.JPEG,n02009229,131,131,0.051214956,1,imagenet_c,defocus_blur,1,none
efficientnet_b4,ILSVRC2012_val_00020582.JPEG,n02009229,131,132,0.24405146,0,imagenet_c,defocus_blur,1,none
efficientnet_b4,ILSVRC2012_val_00022954.JPEG,n02009229,131,131,0.5993065,1,imagenet_c,defocus_blur,1,none
efficientnet_b4,ILSVRC2012_val_00025183.JPEG,n02009229,131,131,0.5997214,1,imagenet_c,defocus_blur,1,none
efficientnet_b4,ILSVRC2012_val_00025421.JPEG,n02009229,131,131,0.34943745,1,imagenet_c,defocus_blur,1,none
efficientnet_b4,ILSVRC2012_val_00025744.JPEG,n02009229,131,131,0.49127683,1,imagenet_c,defocus_blur,1,none
efficientnet_b4,ILSVRC2012_val_00026039.JPEG,n02009229,131,131,0.40168446,1,imagenet_c,defocus_blur,1,none
efficientnet_b4,ILSVRC2012_val_00026327.JPEG,n02009229,131,131,0.662695,1,imagenet_c,defocus_blur,1,none
efficientnet_b4,ILSVRC2012_val_00026416.JPEG,n02009229,131,131,0.5286913,1,imagenet_c,defocus_blur,1,none
efficientnet_b4,ILSVRC2012_val_00027355.JPEG,n02009229,131,131,0.41165876,1,imagenet_c,defocus_blur,1,none
efficientnet_b4,ILSVRC2012_val_00030263.JPEG,n02009229,131,131,0.4909458,1,imagenet_c,defocus_blur,1,none
efficientnet_b4,ILSVRC2012_val_00030722.JPEG,n02009229,131,131,0.5856851,1,imagenet_c,defocus_blur,1,none
efficientnet_b4,ILSVRC2012_val_00030843.JPEG,n02009229,131,131,0.5363503,1,imagenet_c,defocus_blur,1,none
efficientnet_b4,ILSVRC2012_val_00030940.JPEG,n02009229,131,131,0.56881344,1,imagenet_c,defocus_blur,1,none
efficientnet_b4,ILSVRC2012_val_00031946.JPEG,n02009229,131,131,0.4728353,1,imagenet_c,defocus_blur,1,none
efficientnet_b4,ILSVRC2012_val_00033760.JPEG,n02009229,131,131,0.5414972,1,imagenet_c,defocus_blur,1,none
efficientnet_b4,ILSVRC2012_val_00034068.JPEG,n02009229,131,131,0.36384842,1,imagenet_c,defocus_blur,1,none
efficientnet_b4,ILSVRC2012_val_00034358.JPEG,n02009229,131,132,0.6251405,0,imagenet_c,defocus_blur,1,none
efficientnet_b4,ILSVRC2012_val_00034578.JPEG,n02009229,131,131,0.47354397,1,imagenet_c,defocus_blur,1,none
efficientnet_b4,ILSVRC2012_val_00034814.JPEG,n02009229,131,131,0.28321585,1,imagenet_c,defocus_blur,1,none
efficientnet_b4,ILSVRC2012_val_00034942.JPEG,n02009229,131,14,0.06871711,0,imagenet_c,defocus_blur,1,none
efficientnet_b4,ILSVRC2012_val_00038576.JPEG,n02009229,131,131,0.26573616,1,imagenet_c,defocus_blur,1,none
efficientnet_b4,ILSVRC2012_val_00038730.JPEG,n02009229,131,128,0.5679815,0,imagenet_c,defocus_blur,1,none
efficientnet_b4,ILSVRC2012_val_00040310.JPEG,n02009229,131,131,0.47215024,1,imagenet_c,defocus_blur,1,none
efficientnet_b4,ILSVRC2012_val_00041126.JPEG,n02009229,131,131,0.47477803,1,imagenet_c,defocus_blur,1,none
efficientnet_b4,ILSVRC2012_val_00041442.JPEG,n02009229,131,131,0.61077887,1,imagenet_c,defocus_blur,1,none
efficientnet_b4,ILSVRC2012_val_00041564.JPEG,n02009229,131,131,0.5463722,1,imagenet_c,defocus_blur,1,none
efficientnet_b4,ILSVRC2012_val_00041797.JPEG,n02009229,131,131,0.57032967,1,imagenet_c,defocus_blur,1,none
efficientnet_b4,ILSVRC2012_val_00042026.JPEG,n02009229,131,21,0.025382537,0,imagenet_c,defocus_blur,1,none
efficientnet_b4,ILSVRC2012_val_00044726.JPEG,n02009229,131,131,0.5957131,1,imagenet_c,defocus_blur,1,none
efficientnet_b4,ILSVRC2012_val_00045819.JPEG,n02009229,131,131,0.45298332,1,imagenet_c,defocus_blur,1,none
efficientnet_b4,ILSVRC2012_val_00047156.JPEG,n02009229,131,131,0.66547817,1,imagenet_c,defocus_blur,1,none
efficientnet_b4,ILSVRC2012_val_00047578.JPEG,n02009229,131,131,0.51391447,1,imagenet_c,defocus_blur,1,none
efficientnet_b4,ILSVRC2012_val_00048814.JPEG,n02009229,131,134,0.05641765,0,imagenet_c,defocus_blur,1,none
efficientnet_b4,ILSVRC2012_val_00049224.JPEG,n02009229,131,131,0.56027085,1,imagenet_c,defocus_blur,1,none
efficientnet_b4,ILSVRC2012_val_00049444.JPEG,n02009229,131,134,0.34746167,0,imagenet_c,defocus_blur,1,none
efficientnet_b4,ILSVRC2012_val_00049488.JPEG,n02009229,131,131,0.5682689,1,imagenet_c,defocus_blur,1,none
efficientnet_b4,ILSVRC2012_val_00001067.JPEG,n02009912,132,132,0.5784868,1,imagenet_c,defocus_blur,1,none
efficientnet_b4,ILSVRC2012_val_00001871.JPEG,n02009912,132,782,0.046826195,0,imagenet_c,defocus_blur,1,none
efficientnet_b4,ILSVRC2012_val_00001891.JPEG,n02009912,132,132,0.44755408,1,imagenet_c,defocus_blur,1,none
efficientnet_b4,ILSVRC2012_val_00005314.JPEG,n02009912,132,132,0.40297127,1,imagenet_c,defocus_blur,1,none
efficientnet_b4,ILSVRC2012_val_00005474.JPEG,n02009912,132,132,0.40283823,1,imagenet_c,defocus_blur,1,none
efficientnet_b4,ILSVRC2012_val_00006761.JPEG,n02009912,132,132,0.57784206,1,imagenet_c,defocus_blur,1,none
efficientnet_b4,ILSVRC2012_val_00007470.JPEG,n02009912,132,132,0.44055483,1,imagenet_c,defocus_blur,1,none
efficientnet_b4,ILSVRC2012_val_00008035.JPEG,n02009912,132,132,0.47102174,1,imagenet_c,defocus_blur,1,none
efficientnet_b4,ILSVRC2012_val_00009393.JPEG,n02009912,132,132,0.38887987,1,imagenet_c,defocus_blur,1,none
efficientnet_b4,ILSVRC2012_val_00010056.JPEG,n02009912,132,132,0.31216535,1,imagenet_c,defocus_blur,1,none
efficientnet_b4,ILSVRC2012_val_00010422.JPEG,n02009912,132,132,0.48808378,1,imagenet_c,defocus_blur,1,none
efficientnet_b4,ILSVRC2012_val_00011369.JPEG,n02009912,132,132,0.31348777,1,imagenet_c,defocus_blur,1,none
efficientnet_b4,ILSVRC2012_val_00013589.JPEG,n02009912,132,132,0.44829774,1,imagenet_c,defocus_blur,1,none
efficientnet_b4,ILSVRC2012_val_00014361.JPEG,n02009912,132,132,0.5960813,1,imagenet_c,defocus_blur,1,none
efficientnet_b4,ILSVRC2012_val_00015455.JPEG,n02009912,132,132,0.37374926,1,imagenet_c,defocus_blur,1,none
efficientnet_b4,ILSVRC2012_val_00015550.JPEG,n02009912,132,132,0.2893586,1,imagenet_c,defocus_blur,1,none
efficientnet_b4,ILSVRC2012_val_00017874.JPEG,n02009912,132,132,0.38860652,1,imagenet_c,defocus_blur,1,none
efficientnet_b4,ILSVRC2012_val_00018615.JPEG,n02009912,132,132,0.46267506,1,imagenet_c,defocus_blur,1,none
efficientnet_b4,ILSVRC2012_val_00019019.JPEG,n02009912,132,574,0.05624791,0,imagenet_c,defocus_blur,1,none
efficientnet_b4,ILSVRC2012_val_00020875.JPEG,n02009912,132,132,0.5095831,1,imagenet_c,defocus_blur,1,none
efficientnet_b4,ILSVRC2012_val_00021875.JPEG,n02009912,132,132,0.5292463,1,imagenet_c,defocus_blur,1,none
efficientnet_b4,ILSVRC2012_val_00022373.JPEG,n02009912,132,132,0.45700803,1,imagenet_c,defocus_blur,1,none
efficientnet_b4,ILSVRC2012_val_00022591.JPEG,n02009912,132,132,0.503384,1,imagenet_c,defocus_blur,1,none
efficientnet_b4,ILSVRC2012_val_00023400.JPEG,n02009912,132,132,0.60554796,1,imagenet_c,defocus_blur,1,none
efficientnet_b4,ILSVRC2012_val_00024166.JPEG,n02009912,132,132,0.414405,1,imagenet_c,defocus_blur,1,none
efficientnet_b4,ILSVRC2012_val_00025793.JPEG,n02009912,132,132,0.23083252,1,imagenet_c,defocus_blur,1,none
efficientnet_b4,ILSVRC2012_val_00026861.JPEG,n02009912,132,132,0.43564564,1,imagenet_c,defocus_blur,1,none
efficientnet_b4,ILSVRC2012_val_00028849.JPEG,n02009912,132,132,0.3123936,1,imagenet_c,defocus_blur,1,none
efficientnet_b4,ILSVRC2012_val_00029402.JPEG,n02009912,132,132,0.5822343,1,imagenet_c,defocus_blur,1,none
efficientnet_b4,ILSVRC2012_val_00030401.JPEG,n02009912,132,132,0.49313703,1,imagenet_c,defocus_blur,1,none
efficientnet_b4,ILSVRC2012_val_00031170.JPEG,n02009912,132,131,0.24502118,0,imagenet_c,defocus_blur,1,none
efficientnet_b4,ILSVRC2012_val_00031290.JPEG,n02009912,132,132,0.4948855,1,imagenet_c,defocus_blur,1,none
efficientnet_b4,ILSVRC2012_val_00032469.JPEG,n02009912,132,132,0.3382234,1,imagenet_c,defocus_blur,1,none
efficientnet_b4,ILSVRC2012_val_00032830.JPEG,n02009912,132,132,0.32871315,1,imagenet_c,defocus_blur,1,none
efficientnet_b4,ILSVRC2012_val_00034611.JPEG,n02009912,132,132,0.40745485,1,imagenet_c,defocus_blur,1,none
efficientnet_b4,ILSVRC2012_val_00034776.JPEG,n02009912,132,132,0.1950137,1,imagenet_c,defocus_blur,1,none
efficientnet_b4,ILSVRC2012_val_00035026.JPEG,n02009912,132,132,0.44716254,1,imagenet_c,defocus_blur,1,none
efficientnet_b4,ILSVRC2012_val_00035490.JPEG,n02009912,132,132,0.3376417,1,imagenet_c,defocus_blur,1,none
efficientnet_b4,ILSVRC2012_val_00035584.JPEG,n02009912,132,132,0.54791355,1,imagenet_c,defocus_blur,1,none
efficientnet_b4,ILSVRC2012_val_00037714.JPEG,n02009912,132,132,0.5131264,1,imagenet_c,defocus_blur,1,none
efficientnet_b4,ILSVRC2012_val_00038793.JPEG,n02009912,132,975,0.2713342,0,imagenet_c,defocus_blur,1,none
efficientnet_b4,ILSVRC2012_val_00040244.JPEG,n02009912,132,132,0.38227078,1,imagenet_c,defocus_blur,1,none
efficientnet_b4,ILSVRC2012_val_00040555.JPEG,n02009912,132,132,0.6294085,1,imagenet_c,defocus_blur,1,none
efficientnet_b4,ILSVRC2012_val_00043076.JPEG,n02009912,132,132,0.5485092,1,imagenet_c,defocus_blur,1,none
efficientnet_b4,ILSVRC2012_val_00043475.JPEG,n02009912,132,132,0.36632866,1,imagenet_c,defocus_blur,1,none
efficientnet_b4,ILSVRC2012_val_00046932.JPEG,n02009912,132,132,0.46079686,1,imagenet_c,defocus_blur,1,none
efficientnet_b4,ILSVRC2012_val_00048053.JPEG,n02009912,132,132,0.6320961,1,imagenet_c,defocus_blur,1,none
efficientnet_b4,ILSVRC2012_val_00048877.JPEG,n02009912,132,132,0.40248874,1,imagenet_c,defocus_blur,1,none
efficientnet_b4,ILSVRC2012_val_00049151.JPEG,n02009912,132,132,0.40413478,1,imagenet_c,defocus_blur,1,none
efficientnet_b4,ILSVRC2012_val_00049286.JPEG,n02009912,132,132,0.5916246,1,imagenet_c,defocus_blur,1,none
efficientnet_b4,ILSVRC2012_val_00000363.JPEG,n02011460,133,133,0.451553,1,imagenet_c,defocus_blur,1,none
efficientnet_b4,ILSVRC2012_val_00000390.JPEG,n02011460,133,133,0.32159883,1,imagenet_c,defocus_blur,1,none
efficientnet_b4,ILSVRC2012_val_00000577.JPEG,n02011460,133,133,0.074859366,1,imagenet_c,defocus_blur,1,none
efficientnet_b4,ILSVRC2012_val_00001046.JPEG,n02011460,133,133,0.5211766,1,imagenet_c,defocus_blur,1,none
efficientnet_b4,ILSVRC2012_val_00002242.JPEG,n02011460,133,131,0.1346411,0,imagenet_c,defocus_blur,1,none
efficientnet_b4,ILSVRC2012_val_00004016.JPEG,n02011460,133,133,0.48739874,1,imagenet_c,defocus_blur,1,none
efficientnet_b4,ILSVRC2012_val_00004572.JPEG,n02011460,133,133,0.36565396,1,imagenet_c,defocus_blur,1,none
efficientnet_b4,ILSVRC2012_val_00006339.JPEG,n02011460,133,138,0.15237825,0,imagenet_c,defocus_blur,1,none
efficientnet_b4,ILSVRC2012_val_00007294.JPEG,n02011460,133,133,0.43088567,1,imagenet_c,defocus_blur,1,none
efficientnet_b4,ILSVRC2012_val_00007313.JPEG,n02011460,133,146,0.18436722,0,imagenet_c,defocus_blur,1,none
efficientnet_b4,ILSVRC2012_val_00007811.JPEG,n02011460,133,337,0.19141865,0,imagenet_c,defocus_blur,1,none
efficientnet_b4,ILSVRC2012_val_00008135.JPEG,n02011460,133,133,0.47970024,1,imagenet_c,defocus_blur,1,none
efficientnet_b4,ILSVRC2012_val_00008302.JPEG,n02011460,133,133,0.30542597,1,imagenet_c,defocus_blur,1,none
efficientnet_b4,ILSVRC2012_val_00008929.JPEG,n02011460,133,133,0.32395524,1,imagenet_c,defocus_blur,1,none
efficientnet_b4,ILSVRC2012_val_00009672.JPEG,n02011460,133,143,0.16587217,0,imagenet_c,defocus_blur,1,none
efficientnet_b4,ILSVRC2012_val_00009866.JPEG,n02011460,133,133,0.104475595,1,imagenet_c,defocus_blur,1,none
efficientnet_b4,ILSVRC2012_val_00009894.JPEG,n02011460,133,133,0.49425358,1,imagenet_c,defocus_blur,1,none
efficientnet_b4,ILSVRC2012_val_00011401.JPEG,n02011460,133,133,0.54211724,1,imagenet_c,defocus_blur,1,none
efficientnet_b4,ILSVRC2012_val_00012338.JPEG,n02011460,133,133,0.44366077,1,imagenet_c,defocus_blur,1,none
efficientnet_b4,ILSVRC2012_val_00012375.JPEG,n02011460,133,133,0.3773272,1,imagenet_c,defocus_blur,1,none
efficientnet_b4,ILSVRC2012_val_00012402.JPEG,n02011460,133,133,0.6538216,1,imagenet_c,defocus_blur,1,none
efficientnet_b4,ILSVRC2012_val_00012655.JPEG,n02011460,133,133,0.36344013,1,imagenet_c,defocus_blur,1,none
efficientnet_b4,ILSVRC2012_val_00013929.JPEG,n02011460,133,133,0.5172796,1,imagenet_c,defocus_blur,1,none
efficientnet_b4,ILSVRC2012_val_00014103.JPEG,n02011460,133,133,0.57866335,1,imagenet_c,defocus_blur,1,none
efficientnet_b4,ILSVRC2012_val_00014731.JPEG,n02011460,133,236,0.05703323,0,imagenet_c,defocus_blur,1,none
efficientnet_b4,ILSVRC2012_val_00015510.JPEG,n02011460,133,86,0.2114148,0,imagenet_c,defocus_blur,1,none
efficientnet_b4,ILSVRC2012_val_00017437.JPEG,n02011460,133,133,0.13534732,1,imagenet_c,defocus_blur,1,none
efficientnet_b4,ILSVRC2012_val_00019172.JPEG,n02011460,133,133,0.48606887,1,imagenet_c,defocus_blur,1,none
efficientnet_b4,ILSVRC2012_val_00019810.JPEG,n02011460,133,133,0.53285855,1,imagenet_c,defocus_blur,1,none
efficientnet_b4,ILSVRC2012_val_00021433.JPEG,n02011460,133,133,0.56005573,1,imagenet_c,defocus_blur,1,none
efficientnet_b4,ILSVRC2012_val_00022706.JPEG,n02011460,133,132,0.06252662,0,imagenet_c,defocus_blur,1,none
efficientnet_b4,ILSVRC2012_val_00024007.JPEG,n02011460,133,63,0.1391433,0,imagenet_c,defocus_blur,1,none
efficientnet_b4,ILSVRC2012_val_00025023.JPEG,n02011460,133,133,0.5505981,1,imagenet_c,defocus_blur,1,none
efficientnet_b4,ILSVRC2012_val_00025317.JPEG,n02011460,133,133,0.33254734,1,imagenet_c,defocus_blur,1,none
efficientnet_b4,ILSVRC2012_val_00028920.JPEG,n02011460,133,133,0.45340434,1,imagenet_c,defocus_blur,1,none
efficientnet_b4,ILSVRC2012_val_00030908.JPEG,n02011460,133,133,0.5208387,1,imagenet_c,defocus_blur,1,none
efficientnet_b4,ILSVRC2012_val_00038197.JPEG,n02011460,133,133,0.50640595,1,imagenet_c,defocus_blur,1,none
efficientnet_b4,ILSVRC2012_val_00038416.JPEG,n02011460,133,133,0.43332326,1,imagenet_c,defocus_blur,1,none
efficientnet_b4,ILSVRC2012_val_00042193.JPEG,n02011460,133,133,0.2527507,1,imagenet_c,defocus_blur,1,none
efficientnet_b4,ILSVRC2012_val_00042966.JPEG,n02011460,133,133,0.13889919,1,imagenet_c,defocus_blur,1,none
efficientnet_b4,ILSVRC2012_val_00044565.JPEG,n02011460,133,133,0.31695282,1,imagenet_c,defocus_blur,1,none
efficientnet_b4,ILSVRC2012_val_00045951.JPEG,n02011460,133,133,0.047584828,1,imagenet_c,defocus_blur,1,none
efficientnet_b4,ILSVRC2012_val_00046003.JPEG,n02011460,133,138,0.04450022,0,imagenet_c,defocus_blur,1,none
efficientnet_b4,ILSVRC2012_val_00046602.JPEG,n02011460,133,57,0.23372568,0,imagenet_c,defocus_blur,1,none
efficientnet_b4,ILSVRC2012_val_00047153.JPEG,n02011460,133,133,0.46789193,1,imagenet_c,defocus_blur,1,none
efficientnet_b4,ILSVRC2012_val_00047287.JPEG,n02011460,133,133,0.50209105,1,imagenet_c,defocus_blur,1,none
efficientnet_b4,ILSVRC2012_val_00047470.JPEG,n02011460,133,133,0.6169415,1,imagenet_c,defocus_blur,1,none
efficientnet_b4,ILSVRC2012_val_00047736.JPEG,n02011460,133,133,0.37032226,1,imagenet_c,defocus_blur,1,none
efficientnet_b4,ILSVRC2012_val_00048540.JPEG,n02011460,133,133,0.23246767,1,imagenet_c,defocus_blur,1,none
efficientnet_b4,ILSVRC2012_val_00049711.JPEG,n02011460,133,133,0.51619023,1,imagenet_c,defocus_blur,1,none
efficientnet_b4,ILSVRC2012_val_00000389.JPEG,n02012849,134,132,0.08134288,0,imagenet_c,defocus_blur,1,none
efficientnet_b4,ILSVRC2012_val_00000648.JPEG,n02012849,134,134,0.6699203,1,imagenet_c,defocus_blur,1,none
efficientnet_b4,ILSVRC2012_val_00001716.JPEG,n02012849,134,80,0.090486765,0,imagenet_c,defocus_blur,1,none
efficientnet_b4,ILSVRC2012_val_00002002.JPEG,n02012849,134,134,0.6590167,1,imagenet_c,defocus_blur,1,none
efficientnet_b4,ILSVRC2012_val_00003472.JPEG,n02012849,134,134,0.48469743,1,imagenet_c,defocus_blur,1,none
efficientnet_b4,ILSVRC2012_val_00006050.JPEG,n02012849,134,134,0.5613705,1,imagenet_c,defocus_blur,1,none
efficientnet_b4,ILSVRC2012_val_00006144.JPEG,n02012849,134,134,0.46981978,1,imagenet_c,defocus_blur,1,none
efficientnet_b4,ILSVRC2012_val_00006711.JPEG,n02012849,134,134,0.3643818,1,imagenet_c,defocus_blur,1,none
efficientnet_b4,ILSVRC2012_val_00007522.JPEG,n02012849,134,134,0.48671877,1,imagenet_c,defocus_blur,1,none
efficientnet_b4,ILSVRC2012_val_00009564.JPEG,n02012849,134,134,0.21561292,1,imagenet_c,defocus_blur,1,none
efficientnet_b4,ILSVRC2012_val_00009739.JPEG,n02012849,134,134,0.6044415,1,imagenet_c,defocus_blur,1,none
efficientnet_b4,ILSVRC2012_val_00010106.JPEG,n02012849,134,134,0.53155315,1,imagenet_c,defocus_blur,1,none
efficientnet_b4,ILSVRC2012_val_00010138.JPEG,n02012849,134,134,0.58816606,1,imagenet_c,defocus_blur,1,none
efficientnet_b4,ILSVRC2012_val_00011111.JPEG,n02012849,134,134,0.6921034,1,imagenet_c,defocus_blur,1,none
efficientnet_b4,ILSVRC2012_val_00011177.JPEG,n02012849,134,134,0.34764284,1,imagenet_c,defocus_blur,1,none
efficientnet_b4,ILSVRC2012_val_00012554.JPEG,n02012849,134,132,0.2829048,0,imagenet_c,defocus_blur,1,none
efficientnet_b4,ILSVRC2012_val_00014005.JPEG,n02012849,134,134,0.51277703,1,imagenet_c,defocus_blur,1,none
efficientnet_b4,ILSVRC2012_val_00014376.JPEG,n02012849,134,134,0.45005676,1,imagenet_c,defocus_blur,1,none
efficientnet_b4,ILSVRC2012_val_00014612.JPEG,n02012849,134,134,0.4210195,1,imagenet_c,defocus_blur,1,none
efficientnet_b4,ILSVRC2012_val_00015450.JPEG,n02012849,134,134,0.59494543,1,imagenet_c,defocus_blur,1,none
efficientnet_b4,ILSVRC2012_val_00016126.JPEG,n02012849,134,134,0.1997873,1,imagenet_c,defocus_blur,1,none
efficientnet_b4,ILSVRC2012_val_00016134.JPEG,n02012849,134,134,0.37506205,1,imagenet_c,defocus_blur,1,none
efficientnet_b4,ILSVRC2012_val_00016463.JPEG,n02012849,134,134,0.36442953,1,imagenet_c,defocus_blur,1,none
efficientnet_b4,ILSVRC2012_val_00018517.JPEG,n02012849,134,132,0.326319,0,imagenet_c,defocus_blur,1,none
efficientnet_b4,ILSVRC2012_val_00018966.JPEG,n02012849,134,129,0.24900714,0,imagenet_c,defocus_blur,1,none
efficientnet_b4,ILSVRC2012_val_00022463.JPEG,n02012849,134,134,0.47517714,1,imagenet_c,defocus_blur,1,none
efficientnet_b4,ILSVRC2012_val_00022533.JPEG,n02012849,134,134,0.55925727,1,imagenet_c,defocus_blur,1,none
efficientnet_b4,ILSVRC2012_val_00023069.JPEG,n02012849,134,134,0.6061137,1,imagenet_c,defocus_blur,1,none
efficientnet_b4,ILSVRC2012_val_00025564.JPEG,n02012849,134,134,0.07175147,1,imagenet_c,defocus_blur,1,none
efficientnet_b4,ILSVRC2012_val_00028854.JPEG,n02012849,134,134,0.72522926,1,imagenet_c,defocus_blur,1,none
efficientnet_b4,ILSVRC2012_val_00029323.JPEG,n02012849,134,99,0.35061556,0,imagenet_c,defocus_blur,1,none
efficientnet_b4,ILSVRC2012_val_00029365.JPEG,n02012849,134,134,0.22432715,1,imagenet_c,defocus_blur,1,none
efficientnet_b4,ILSVRC2012_val_00029503.JPEG,n02012849,134,134,0.5616277,1,imagenet_c,defocus_blur,1,none
efficientnet_b4,ILSVRC2012_val_00030211.JPEG,n02012849,134,132,0.46245745,0,imagenet_c,defocus_blur,1,none
efficientnet_b4,ILSVRC2012_val_00030578.JPEG,n02012849,134,134,0.2319215,1,imagenet_c,defocus_blur,1,none
efficientnet_b4,ILSVRC2012_val_00032626.JPEG,n02012849,134,132,0.5110435,0,imagenet_c,defocus_blur,1,none
efficientnet_b4,ILSVRC2012_val_00032698.JPEG,n02012849,134,134,0.24389836,1,imagenet_c,defocus_blur,1,none
efficientnet_b4,ILSVRC2012_val_00033138.JPEG,n02012849,134,975,0.07524562,0,imagenet_c,defocus_blur,1,none
efficientnet_b4,ILSVRC2012_val_00033893.JPEG,n02012849,134,134,0.44621566,1,imagenet_c,defocus_blur,1,none
efficientnet_b4,ILSVRC2012_val_00034198.JPEG,n02012849,134,134,0.62444794,1,imagenet_c,defocus_blur,1,none
efficientnet_b4,ILSVRC2012_val_00036873.JPEG,n02012849,134,134,0.54634094,1,imagenet_c,defocus_blur,1,none
efficientnet_b4,ILSVRC2012_val_00037379.JPEG,n02012849,134,134,0.50738955,1,imagenet_c,defocus_blur,1,none
efficientnet_b4,ILSVRC2012_val_00038886.JPEG,n02012849,134,134,0.601283,1,imagenet_c,defocus_blur,1,none
efficientnet_b4,ILSVRC2012_val_00042084.JPEG,n02012849,134,134,0.54830253,1,imagenet_c,defocus_blur,1,none
efficientnet_b4,ILSVRC2012_val_00042638.JPEG,n02012849,134,132,0.31348816,0,imagenet_c,defocus_blur,1,none
efficientnet_b4,ILSVRC2012_val_00043150.JPEG,n02012849,134,895,0.17916153,0,imagenet_c,defocus_blur,1,none
efficientnet_b4,ILSVRC2012_val_00046408.JPEG,n02012849,134,134,0.5119759,1,imagenet_c,defocus_blur,1,none
efficientnet_b4,ILSVRC2012_val_00048195.JPEG,n02012849,134,132,0.4105599,0,imagenet_c,defocus_blur,1,none
efficientnet_b4,ILSVRC2012_val_00048640.JPEG,n02012849,134,138,0.29653305,0,imagenet_c,defocus_blur,1,none
efficientnet_b4,ILSVRC2012_val_00049338.JPEG,n02012849,134,134,0.49794686,1,imagenet_c,defocus_blur,1,none
efficientnet_b4,ILSVRC2012_val_00002126.JPEG,n02013706,135,135,0.16683944,1,imagenet_c,defocus_blur,1,none
efficientnet_b4,ILSVRC2012_val_00003001.JPEG,n02013706,135,135,0.661732,1,imagenet_c,defocus_blur,1,none
efficientnet_b4,ILSVRC2012_val_00003053.JPEG,n02013706,135,135,0.42687103,1,imagenet_c,defocus_blur,1,none
efficientnet_b4,ILSVRC2012_val_00003168.JPEG,n02013706,135,135,0.6191861,1,imagenet_c,defocus_blur,1,none
efficientnet_b4,ILSVRC2012_val_00003208.JPEG,n02013706,135,135,0.4557048,1,imagenet_c,defocus_blur,1,none
efficientnet_b4,ILSVRC2012_val_00005203.JPEG,n02013706,135,135,0.4092928,1,imagenet_c,defocus_blur,1,none
efficientnet_b4,ILSVRC2012_val_00006805.JPEG,n02013706,135,135,0.35180032,1,imagenet_c,defocus_blur,1,none
efficientnet_b4,ILSVRC2012_val_00007060.JPEG,n02013706,135,135,0.43962148,1,imagenet_c,defocus_blur,1,none
efficientnet_b4,ILSVRC2012_val_00007564.JPEG,n02013706,135,135,0.5958543,1,imagenet_c,defocus_blur,1,none
efficientnet_b4,ILSVRC2012_val_00010308.JPEG,n02013706,135,135,0.5075842,1,imagenet_c,defocus_blur,1,none
efficientnet_b4,ILSVRC2012_val_00011298.JPEG,n02013706,135,135,0.5620786,1,imagenet_c,defocus_blur,1,none
efficientnet_b4,ILSVRC2012_val_00011406.JPEG,n02013706,135,135,0.43831655,1,imagenet_c,defocus_blur,1,none
efficientnet_b4,ILSVRC2012_val_00012475.JPEG,n02013706,135,135,0.6264419,1,imagenet_c,defocus_blur,1,none
efficientnet_b4,ILSVRC2012_val_00015167.JPEG,n02013706,135,135,0.51598245,1,imagenet_c,defocus_blur,1,none
efficientnet_b4,ILSVRC2012_val_00016152.JPEG,n02013706,135,135,0.54596794,1,imagenet_c,defocus_blur,1,none
efficientnet_b4,ILSVRC2012_val_00016427.JPEG,n02013706,135,135,0.60020655,1,imagenet_c,defocus_blur,1,none
efficientnet_b4,ILSVRC2012_val_00017600.JPEG,n02013706,135,135,0.44482777,1,imagenet_c,defocus_blur,1,none
efficientnet_b4,ILSVRC2012_val_00018895.JPEG,n02013706,135,135,0.45983514,1,imagenet_c,defocus_blur,1,none
efficientnet_b4,ILSVRC2012_val_00019049.JPEG,n02013706,135,135,0.4786861,1,imagenet_c,defocus_blur,1,none
efficientnet_b4,ILSVRC2012_val_00019998.JPEG,n02013706,135,135,0.4117653,1,imagenet_c,defocus_blur,1,none
efficientnet_b4,ILSVRC2012_val_00021124.JPEG,n02013706,135,135,0.45882353,1,imagenet_c,defocus_blur,1,none
efficientnet_b4,ILSVRC2012_val_00022492.JPEG,n02013706,135,135,0.4993216,1,imagenet_c,defocus_blur,1,none
efficientnet_b4,ILSVRC2012_val_00022862.JPEG,n02013706,135,135,0.5833203,1,imagenet_c,defocus_blur,1,none
efficientnet_b4,ILSVRC2012_val_00024162.JPEG,n02013706,135,135,0.5141765,1,imagenet_c,defocus_blur,1,none
efficientnet_b4,ILSVRC2012_val_00025929.JPEG,n02013706,135,135,0.6266932,1,imagenet_c,defocus_blur,1,none
efficientnet_b4,ILSVRC2012_val_00026826.JPEG,n02013706,135,135,0.43017745,1,imagenet_c,defocus_blur,1,none
efficientnet_b4,ILSVRC2012_val_00026942.JPEG,n02013706,135,135,0.086343005,1,imagenet_c,defocus_blur,1,none
efficientnet_b4,ILSVRC2012_val_00028391.JPEG,n02013706,135,134,0.26193935,0,imagenet_c,defocus_blur,1,none
efficientnet_b4,ILSVRC2012_val_00029329.JPEG,n02013706,135,135,0.41315618,1,imagenet_c,defocus_blur,1,none
efficientnet_b4,ILSVRC2012_val_00029885.JPEG,n02013706,135,142,0.39119595,0,imagenet_c,defocus_blur,1,none
efficientnet_b4,ILSVRC2012_val_00030428.JPEG,n02013706,135,135,0.3918053,1,imagenet_c,defocus_blur,1,none
efficientnet_b4,ILSVRC2012_val_00031304.JPEG,n02013706,135,135,0.44657987,1,imagenet_c,defocus_blur,1,none
efficientnet_b4,ILSVRC2012_val_00031582.JPEG,n02013706,135,135,0.41550332,1,imagenet_c,defocus_blur,1,none
efficientnet_b4,ILSVRC2012_val_00032943.JPEG,n02013706,135,135,0.43544358,1,imagenet_c,defocus_blur,1,none
efficientnet_b4,ILSVRC2012_val_00035614.JPEG,n02013706,135,135,0.28319654,1,imagenet_c,defocus_blur,1,none
efficientnet_b4,ILSVRC2012_val_00035722.JPEG,n02013706,135,135,0.5070523,1,imagenet_c,defocus_blur,1,none
efficientnet_b4,ILSVRC2012_val_00039389.JPEG,n02013706,135,135,0.54792184,1,imagenet_c,defocus_blur,1,none
efficientnet_b4,ILSVRC2012_val_00040351.JPEG,n02013706,135,135,0.53175503,1,imagenet_c,defocus_blur,1,none
efficientnet_b4,ILSVRC2012_val_00040933.JPEG,n02013706,135,9,0.16488935,0,imagenet_c,defocus_blur,1,none
efficientnet_b4,ILSVRC2012_val_00042703.JPEG,n02013706,135,135,0.60800356,1,imagenet_c,defocus_blur,1,none
efficientnet_b4,ILSVRC2012_val_00042829.JPEG,n02013706,135,134,0.16735893,0,imagenet_c,defocus_blur,1,none
efficientnet_b4,ILSVRC2012_val_00045054.JPEG,n02013706,135,135,0.5005739,1,imagenet_c,defocus_blur,1,none
efficientnet_b4,ILSVRC2012_val_00045911.JPEG,n02013706,135,135,0.4881244,1,imagenet_c,defocus_blur,1,none
efficientnet_b4,ILSVRC2012_val_00046015.JPEG,n02013706,135,135,0.46897897,1,imagenet_c,defocus_blur,1,none
efficientnet_b4,ILSVRC2012_val_00046537.JPEG,n02013706,135,135,0.49130267,1,imagenet_c,defocus_blur,1,none
efficientnet_b4,ILSVRC2012_val_00046950.JPEG,n02013706,135,135,0.7024972,1,imagenet_c,defocus_blur,1,none
efficientnet_b4,ILSVRC2012_val_00047509.JPEG,n02013706,135,135,0.5651887,1,imagenet_c,defocus_blur,1,none
efficientnet_b4,ILSVRC2012_val_00047809.JPEG,n02013706,135,129,0.10984511,0,imagenet_c,defocus_blur,1,none
efficientnet_b4,ILSVRC2012_val_00048340.JPEG,n02013706,135,135,0.50780606,1,imagenet_c,defocus_blur,1,none
efficientnet_b4,ILSVRC2012_val_00048363.JPEG,n02013706,135,135,0.45286492,1,imagenet_c,defocus_blur,1,none
efficientnet_b4,ILSVRC2012_val_00003399.JPEG,n02017213,136,136,0.53456223,1,imagenet_c,defocus_blur,1,none
efficientnet_b4,ILSVRC2012_val_00005823.JPEG,n02017213,136,136,0.70474714,1,imagenet_c,defocus_blur,1,none
efficientnet_b4,ILSVRC2012_val_00006192.JPEG,n02017213,136,136,0.7608857,1,imagenet_c,defocus_blur,1,none
efficientnet_b4,ILSVRC2012_val_00008934.JPEG,n02017213,136,136,0.38634437,1,imagenet_c,defocus_blur,1,none
efficientnet_b4,ILSVRC2012_val_00009295.JPEG,n02017213,136,136,0.6363289,1,imagenet_c,defocus_blur,1,none
efficientnet_b4,ILSVRC2012_val_00009554.JPEG,n02017213,136,100,0.19121487,0,imagenet_c,defocus_blur,1,none
efficientnet_b4,ILSVRC2012_val_00010288.JPEG,n02017213,136,136,0.5153378,1,imagenet_c,defocus_blur,1,none
efficientnet_b4,ILSVRC2012_val_00011096.JPEG,n02017213,136,136,0.6993237,1,imagenet_c,defocus_blur,1,none
efficientnet_b4,ILSVRC2012_val_00012787.JPEG,n02017213,136,136,0.47715434,1,imagenet_c,defocus_blur,1,none
efficientnet_b4,ILSVRC2012_val_00013734.JPEG,n02017213,136,136,0.5758615,1,imagenet_c,defocus_blur,1,none
efficientnet_b4,ILSVRC2012_val_00013810.JPEG,n02017213,136,136,0.540176,1,imagenet_c,defocus_blur,1,none
efficientnet_b4,ILSVRC2012_val_00014083.JPEG,n02017213,136,136,0.51380426,1,imagenet_c,defocus_blur,1,none
efficientnet_b4,ILSVRC2012_val_00014599.JPEG,n02017213,136,136,0.40555707,1,imagenet_c,defocus_blur,1,none
efficientnet_b4,ILSVRC2012_val_00017004.JPEG,n02017213,136,136,0.5742451,1,imagenet_c,defocus_blur,1,none
efficientnet_b4,ILSVRC2012_val_00018068.JPEG,n02017213,136,136,0.15623693,1,imagenet_c,defocus_blur,1,none
efficientnet_b4,ILSVRC2012_val_00019045.JPEG,n02017213,136,14,0.15248448,0,imagenet_c,defocus_blur,1,none
efficientnet_b4,ILSVRC2012_val_00019382.JPEG,n02017213,136,136,0.5077317,1,imagenet_c,defocus_blur,1,none
efficientnet_b4,ILSVRC2012_val_00019906.JPEG,n02017213,136,136,0.33402485,1,imagenet_c,defocus_blur,1,none
efficientnet_b4,ILSVRC2012_val_00020612.JPEG,n02017213,136,136,0.48165128,1,imagenet_c,defocus_blur,1,none
efficientnet_b4,ILSVRC2012_val_00021135.JPEG,n02017213,136,136,0.5611558,1,imagenet_c,defocus_blur,1,none
efficientnet_b4,ILSVRC2012_val_00023024.JPEG,n02017213,136,136,0.4600444,1,imagenet_c,defocus_blur,1,none
efficientnet_b4,ILSVRC2012_val_00023695.JPEG,n02017213,136,136,0.5358556,1,imagenet_c,defocus_blur,1,none
efficientnet_b4,ILSVRC2012_val_00023773.JPEG,n02017213,136,136,0.6943816,1,imagenet_c,defocus_blur,1,none
efficientnet_b4,ILSVRC2012_val_00024020.JPEG,n02017213,136,136,0.49259806,1,imagenet_c,defocus_blur,1,none
efficientnet_b4,ILSVRC2012_val_00025091.JPEG,n02017213,136,136,0.51321524,1,imagenet_c,defocus_blur,1,none
efficientnet_b4,ILSVRC2012_val_00028065.JPEG,n02017213,136,136,0.36014724,1,imagenet_c,defocus_blur,1,none
efficientnet_b4,ILSVRC2012_val_00029206.JPEG,n02017213,136,136,0.5410987,1,imagenet_c,defocus_blur,1,none
efficientnet_b4,ILSVRC2012_val_00029393.JPEG,n02017213,136,136,0.64797115,1,imagenet_c,defocus_blur,1,none
efficientnet_b4,ILSVRC2012_val_00030662.JPEG,n02017213,136,136,0.56503475,1,imagenet_c,defocus_blur,1,none
efficientnet_b4,ILSVRC2012_val_00031396.JPEG,n02017213,136,136,0.5536396,1,imagenet_c,defocus_blur,1,none
efficientnet_b4,ILSVRC2012_val_00032538.JPEG,n02017213,136,136,0.5071287,1,imagenet_c,defocus_blur,1,none
efficientnet_b4,ILSVRC2012_val_00033034.JPEG,n02017213,136,136,0.46879938,1,imagenet_c,defocus_blur,1,none
efficientnet_b4,ILSVRC2012_val_00033465.JPEG,n02017213,136,136,0.562228,1,imagenet_c,defocus_blur,1,none
efficientnet_b4,ILSVRC2012_val_00034792.JPEG,n02017213,136,136,0.5568211,1,imagenet_c,defocus_blur,1,none
efficientnet_b4,ILSVRC2012_val_00035085.JPEG,n02017213,136,136,0.5752978,1,imagenet_c,defocus_blur,1,none
efficientnet_b4,ILSVRC2012_val_00035139.JPEG,n02017213,136,136,0.44264978,1,imagenet_c,defocus_blur,1,none
efficientnet_b4,ILSVRC2012_val_00035268.JPEG,n02017213,136,136,0.45790574,1,imagenet_c,defocus_blur,1,none
efficientnet_b4,ILSVRC2012_val_00037233.JPEG,n02017213,136,136,0.48601183,1,imagenet_c,defocus_blur,1,none
efficientnet_b4,ILSVRC2012_val_00039374.JPEG,n02017213,136,136,0.7207721,1,imagenet_c,defocus_blur,1,none
efficientnet_b4,ILSVRC2012_val_00041171.JPEG,n02017213,136,136,0.3326168,1,imagenet_c,defocus_blur,1,none
efficientnet_b4,ILSVRC2012_val_00042113.JPEG,n02017213,136,136,0.49482372,1,imagenet_c,defocus_blur,1,none
efficientnet_b4,ILSVRC2012_val_00042156.JPEG,n02017213,136,136,0.74992347,1,imagenet_c,defocus_blur,1,none
efficientnet_b4,ILSVRC2012_val_00042332.JPEG,n02017213,136,136,0.79574054,1,imagenet_c,defocus_blur,1,none
efficientnet_b4,ILSVRC2012_val_00042376.JPEG,n02017213,136,336,0.03705664,0,imagenet_c,defocus_blur,1,none
efficientnet_b4,ILSVRC2012_val_00043456.JPEG,n02017213,136,136,0.2991147,1,imagenet_c,defocus_blur,1,none
efficientnet_b4,ILSVRC2012_val_00043631.JPEG,n02017213,136,136,0.5443064,1,imagenet_c,defocus_blur,1,none
efficientnet_b4,ILSVRC2012_val_00046080.JPEG,n02017213,136,994,0.07200349,0,imagenet_c,defocus_blur,1,none
efficientnet_b4,ILSVRC2012_val_00048009.JPEG,n02017213,136,136,0.5722077,1,imagenet_c,defocus_blur,1,none
efficientnet_b4,ILSVRC2012_val_00048727.JPEG,n02017213,136,136,0.5551602,1,imagenet_c,defocus_blur,1,none
efficientnet_b4,ILSVRC2012_val_00049079.JPEG,n02017213,136,136,0.65373915,1,imagenet_c,defocus_blur,1,none
efficientnet_b4,ILSVRC2012_val_00000825.JPEG,n02018207,137,137,0.44453838,1,imagenet_c,defocus_blur,1,none
efficientnet_b4,ILSVRC2012_val_00001165.JPEG,n02018207,137,98,0.53524154,0,imagenet_c,defocus_blur,1,none
efficientnet_b4,ILSVRC2012_val_00001179.JPEG,n02018207,137,137,0.3472697,1,imagenet_c,defocus_blur,1,none
efficientnet_b4,ILSVRC2012_val_00002144.JPEG,n02018207,137,137,0.5202477,1,imagenet_c,defocus_blur,1,none
efficientnet_b4,ILSVRC2012_val_00002370.JPEG,n02018207,137,137,0.57399714,1,imagenet_c,defocus_blur,1,none
efficientnet_b4,ILSVRC2012_val_00004112.JPEG,n02018207,137,137,0.5387315,1,imagenet_c,defocus_blur,1,none
efficientnet_b4,ILSVRC2012_val_00006231.JPEG,n02018207,137,137,0.42877868,1,imagenet_c,defocus_blur,1,none
efficientnet_b4,ILSVRC2012_val_00006814.JPEG,n02018207,137,137,0.5097126,1,imagenet_c,defocus_blur,1,none
efficientnet_b4,ILSVRC2012_val_00007153.JPEG,n02018207,137,137,0.6996016,1,imagenet_c,defocus_blur,1,none
efficientnet_b4,ILSVRC2012_val_00008388.JPEG,n02018207,137,137,0.6779165,1,imagenet_c,defocus_blur,1,none
efficientnet_b4,ILSVRC2012_val_00008842.JPEG,n02018207,137,137,0.5442077,1,imagenet_c,defocus_blur,1,none
efficientnet_b4,ILSVRC2012_val_00008951.JPEG,n02018207,137,137,0.5342111,1,imagenet_c,defocus_blur,1,none
efficientnet_b4,ILSVRC2012_val_00009270.JPEG,n02018207,137,137,0.7096175,1,imagenet_c,defocus_blur,1,none
efficientnet_b4,ILSVRC2012_val_00010001.JPEG,n02018207,137,137,0.5370078,1,imagenet_c,defocus_blur,1,none
efficientnet_b4,ILSVRC2012_val_00010990.JPEG,n02018207,137,137,0.9078691,1,imagenet_c,defocus_blur,1,none
efficientnet_b4,ILSVRC2012_val_00012309.JPEG,n02018207,137,137,0.27229208,1,imagenet_c,defocus_blur,1,none
efficientnet_b4,ILSVRC2012_val_00012420.JPEG,n02018207,137,137,0.5681275,1,imagenet_c,defocus_blur,1,none
efficientnet_b4,ILSVRC2012_val_00012435.JPEG,n02018207,137,137,0.61494696,1,imagenet_c,defocus_blur,1,none
efficientnet_b4,ILSVRC2012_val_00014805.JPEG,n02018207,137,137,0.22776723,1,imagenet_c,defocus_blur,1,none
efficientnet_b4,ILSVRC2012_val_00015094.JPEG,n02018207,137,137,0.6840121,1,imagenet_c,defocus_blur,1,none
efficientnet_b4,ILSVRC2012_val_00015711.JPEG,n02018207,137,128,0.06400505,0,imagenet_c,defocus_blur,1,none
efficientnet_b4,ILSVRC2012_val_00018064.JPEG,n02018207,137,137,0.5238834,1,imagenet_c,defocus_blur,1,none
efficientnet_b4,ILSVRC2012_val_00021339.JPEG,n02018207,137,137,0.5011276,1,imagenet_c,defocus_blur,1,none
efficientnet_b4,ILSVRC2012_val_00021459.JPEG,n02018207,137,137,0.29267776,1,imagenet_c,defocus_blur,1,none
efficientnet_b4,ILSVRC2012_val_00021851.JPEG,n02018207,137,137,0.6817744,1,imagenet_c,defocus_blur,1,none
efficientnet_b4,ILSVRC2012_val_00022926.JPEG,n02018207,137,137,0.6927826,1,imagenet_c,defocus_blur,1,none
efficientnet_b4,ILSVRC2012_val_00022931.JPEG,n02018207,137,137,0.48107374,1,imagenet_c,defocus_blur,1,none
efficientnet_b4,ILSVRC2012_val_00023211.JPEG,n02018207,137,137,0.7079114,1,imagenet_c,defocus_blur,1,none
efficientnet_b4,ILSVRC2012_val_00024270.JPEG,n02018207,137,137,0.42565432,1,imagenet_c,defocus_blur,1,none
efficientnet_b4,ILSVRC2012_val_00024740.JPEG,n02018207,137,137,0.56757486,1,imagenet_c,defocus_blur,1,none
efficientnet_b4,ILSVRC2012_val_00024787.JPEG,n02018207,137,148,0.5536867,0,imagenet_c,defocus_blur,1,none
efficientnet_b4,ILSVRC2012_val_00026089.JPEG,n02018207,137,137,0.5880452,1,imagenet_c,defocus_blur,1,none
efficientnet_b4,ILSVRC2012_val_00027996.JPEG,n02018207,137,137,0.6015601,1,imagenet_c,defocus_blur,1,none
efficientnet_b4,ILSVRC2012_val_00030491.JPEG,n02018207,137,137,0.5721169,1,imagenet_c,defocus_blur,1,none
efficientnet_b4,ILSVRC2012_val_00032868.JPEG,n02018207,137,20,0.3017869,0,imagenet_c,defocus_blur,1,none
efficientnet_b4,ILSVRC2012_val_00034172.JPEG,n02018207,137,99,0.21864869,0,imagenet_c,defocus_blur,1,none
efficientnet_b4,ILSVRC2012_val_00034734.JPEG,n02018207,137,137,0.11697107,1,imagenet_c,defocus_blur,1,none
efficientnet_b4,ILSVRC2012_val_00035028.JPEG,n02018207,137,975,0.13917646,0,imagenet_c,defocus_blur,1,none
efficientnet_b4,ILSVRC2012_val_00035458.JPEG,n02018207,137,137,0.536299,1,imagenet_c,defocus_blur,1,none
efficientnet_b4,ILSVRC2012_val_00038009.JPEG,n02018207,137,137,0.50856113,1,imagenet_c,defocus_blur,1,none
efficientnet_b4,ILSVRC2012_val_00038290.JPEG,n02018207,137,137,0.5423708,1,imagenet_c,defocus_blur,1,none
efficientnet_b4,ILSVRC2012_val_00038948.JPEG,n02018207,137,137,0.45343572,1,imagenet_c,defocus_blur,1,none
efficientnet_b4,ILSVRC2012_val_00039603.JPEG,n02018207,137,137,0.3946328,1,imagenet_c,defocus_blur,1,none
efficientnet_b4,ILSVRC2012_val_00040135.JPEG,n02018207,137,137,0.53052646,1,imagenet_c,defocus_blur,1,none
efficientnet_b4,ILSVRC2012_val_00041088.JPEG,n02018207,137,137,0.39215413,1,imagenet_c,defocus_blur,1,none
efficientnet_b4,ILSVRC2012_val_00043477.JPEG,n02018207,137,137,0.21802813,1,imagenet_c,defocus_blur,1,none
efficientnet_b4,ILSVRC2012_val_00045346.JPEG,n02018207,137,137,0.5927692,1,imagenet_c,defocus_blur,1,none
efficientnet_b4,ILSVRC2012_val_00046081.JPEG,n02018207,137,142,0.06414074,0,imagenet_c,defocus_blur,1,none
efficientnet_b4,ILSVRC2012_val_00046599.JPEG,n02018207,137,141,0.06442158,0,imagenet_c,defocus_blur,1,none
efficientnet_b4,ILSVRC2012_val_00048163.JPEG,n02018207,137,137,0.5462081,1,imagenet_c,defocus_blur,1,none
efficientnet_b4,ILSVRC2012_val_00001073.JPEG,n02018795,138,138,0.5424056,1,imagenet_c,defocus_blur,1,none
efficientnet_b4,ILSVRC2012_val_00001586.JPEG,n02018795,138,138,0.508383,1,imagenet_c,defocus_blur,1,none
efficientnet_b4,ILSVRC2012_val_00002311.JPEG,n02018795,138,138,0.7038779,1,imagenet_c,defocus_blur,1,none
efficientnet_b4,ILSVRC2012_val_00003324.JPEG,n02018795,138,138,0.6477915,1,imagenet_c,defocus_blur,1,none
efficientnet_b4,ILSVRC2012_val_00004001.JPEG,n02018795,138,138,0.58070093,1,imagenet_c,defocus_blur,1,none
efficientnet_b4,ILSVRC2012_val_00005419.JPEG,n02018795,138,138,0.6964166,1,imagenet_c,defocus_blur,1,none
efficientnet_b4,ILSVRC2012_val_00006613.JPEG,n02018795,138,138,0.5571629,1,imagenet_c,defocus_blur,1,none
efficientnet_b4,ILSVRC2012_val_00007077.JPEG,n02018795,138,138,0.25543097,1,imagenet_c,defocus_blur,1,none
efficientnet_b4,ILSVRC2012_val_00007334.JPEG,n02018795,138,138,0.6212418,1,imagenet_c,defocus_blur,1,none
efficientnet_b4,ILSVRC2012_val_00008222.JPEG,n02018795,138,138,0.65630424,1,imagenet_c,defocus_blur,1,none
efficientnet_b4,ILSVRC2012_val_00008523.JPEG,n02018795,138,138,0.6052064,1,imagenet_c,defocus_blur,1,none
efficientnet_b4,ILSVRC2012_val_00009185.JPEG,n02018795,138,138,0.83597624,1,imagenet_c,defocus_blur,1,none
efficientnet_b4,ILSVRC2012_val_00012166.JPEG,n02018795,138,138,0.60474867,1,imagenet_c,defocus_blur,1,none
efficientnet_b4,ILSVRC2012_val_00012436.JPEG,n02018795,138,138,0.44728142,1,imagenet_c,defocus_blur,1,none
efficientnet_b4,ILSVRC2012_val_00015018.JPEG,n02018795,138,138,0.33212504,1,imagenet_c,defocus_blur,1,none
efficientnet_b4,ILSVRC2012_val_00016264.JPEG,n02018795,138,138,0.6653162,1,imagenet_c,defocus_blur,1,none
efficientnet_b4,ILSVRC2012_val_00017178.JPEG,n02018795,138,138,0.5656384,1,imagenet_c,defocus_blur,1,none
efficientnet_b4,ILSVRC2012_val_00018570.JPEG,n02018795,138,138,0.5816383,1,imagenet_c,defocus_blur,1,none
efficientnet_b4,ILSVRC2012_val_00019964.JPEG,n02018795,138,138,0.6347343,1,imagenet_c,defocus_blur,1,none
efficientnet_b4,ILSVRC2012_val_00021848.JPEG,n02018795,138,138,0.6413672,1,imagenet_c,defocus_blur,1,none
efficientnet_b4,ILSVRC2012_val_00024635.JPEG,n02018795,138,138,0.520152,1,imagenet_c,defocus_blur,1,none
efficientnet_b4,ILSVRC2012_val_00025273.JPEG,n02018795,138,138,0.5574803,1,imagenet_c,defocus_blur,1,none
efficientnet_b4,ILSVRC2012_val_00026355.JPEG,n02018795,138,86,0.21476114,0,imagenet_c,defocus_blur,1,none
efficientnet_b4,ILSVRC2012_val_00027708.JPEG,n02018795,138,138,0.71898645,1,imagenet_c,defocus_blur,1,none
efficientnet_b4,ILSVRC2012_val_00029510.JPEG,n02018795,138,81,0.07894396,0,imagenet_c,defocus_blur,1,none
efficientnet_b4,ILSVRC2012_val_00029551.JPEG,n02018795,138,138,0.57559353,1,imagenet_c,defocus_blur,1,none
efficientnet_b4,ILSVRC2012_val_00030392.JPEG,n02018795,138,353,0.26304263,0,imagenet_c,defocus_blur,1,none
efficientnet_b4,ILSVRC2012_val_00030878.JPEG,n02018795,138,138,0.58885825,1,imagenet_c,defocus_blur,1,none
efficientnet_b4,ILSVRC2012_val_00031866.JPEG,n02018795,138,138,0.67246026,1,imagenet_c,defocus_blur,1,none
efficientnet_b4,ILSVRC2012_val_00034725.JPEG,n02018795,138,138,0.65339947,1,imagenet_c,defocus_blur,1,none
efficientnet_b4,ILSVRC2012_val_00035790.JPEG,n02018795,138,138,0.6071537,1,imagenet_c,defocus_blur,1,none
efficientnet_b4,ILSVRC2012_val_00036457.JPEG,n02018795,138,138,0.60884595,1,imagenet_c,defocus_blur,1,none
efficientnet_b4,ILSVRC2012_val_00037711.JPEG,n02018795,138,83,0.095821254,0,imagenet_c,defocus_blur,1,none
efficientnet_b4,ILSVRC2012_val_00038069.JPEG,n02018795,138,138,0.576283,1,imagenet_c,defocus_blur,1,none
efficientnet_b4,ILSVRC2012_val_00038522.JPEG,n02018795,138,138,0.5344971,1,imagenet_c,defocus_blur,1,none
efficientnet_b4,ILSVRC2012_val_00039102.JPEG,n02018795,138,138,0.3614518,1,imagenet_c,defocus_blur,1,none
efficientnet_b4,ILSVRC2012_val_00039630.JPEG,n02018795,138,138,0.4205552,1,imagenet_c,defocus_blur,1,none
efficientnet_b4,ILSVRC2012_val_00039802.JPEG,n02018795,138,138,0.59845763,1,imagenet_c,defocus_blur,1,none
efficientnet_b4,ILSVRC2012_val_00040285.JPEG,n02018795,138,138,0.6294979,1,imagenet_c,defocus_blur,1,none
efficientnet_b4,ILSVRC2012_val_00040664.JPEG,n02018795,138,138,0.31395605,1,imagenet_c,defocus_blur,1,none
efficientnet_b4,ILSVRC2012_val_00041359.JPEG,n02018795,138,138,0.7043643,1,imagenet_c,defocus_blur,1,none
efficientnet_b4,ILSVRC2012_val_00042760.JPEG,n02018795,138,138,0.57813925,1,imagenet_c,defocus_blur,1,none
efficientnet_b4,ILSVRC2012_val_00042825.JPEG,n02018795,138,138,0.60877866,1,imagenet_c,defocus_blur,1,none
efficientnet_b4,ILSVRC2012_val_00043095.JPEG,n02018795,138,138,0.18416855,1,imagenet_c,defocus_blur,1,none
efficientnet_b4,ILSVRC2012_val_00044694.JPEG,n02018795,138,330,0.1923417,0,imagenet_c,defocus_blur,1,none
efficientnet_b4,ILSVRC2012_val_00044999.JPEG,n02018795,138,276,0.07969684,0,imagenet_c,defocus_blur,1,none
efficientnet_b4,ILSVRC2012_val_00045398.JPEG,n02018795,138,138,0.6351484,1,imagenet_c,defocus_blur,1,none
efficientnet_b4,ILSVRC2012_val_00046505.JPEG,n02018795,138,9,0.3154966,0,imagenet_c,defocus_blur,1,none
efficientnet_b4,ILSVRC2012_val_00048575.JPEG,n02018795,138,138,0.54744375,1,imagenet_c,defocus_blur,1,none
efficientnet_b4,ILSVRC2012_val_00049480.JPEG,n02018795,138,138,0.65163237,1,imagenet_c,defocus_blur,1,none
efficientnet_b4,ILSVRC2012_val_00001800.JPEG,n02025239,139,139,0.47536632,1,imagenet_c,defocus_blur,1,none
efficientnet_b4,ILSVRC2012_val_00002265.JPEG,n02025239,139,139,0.5655024,1,imagenet_c,defocus_blur,1,none
efficientnet_b4,ILSVRC2012_val_00002658.JPEG,n02025239,139,276,0.039105333,0,imagenet_c,defocus_blur,1,none
efficientnet_b4,ILSVRC2012_val_00003361.JPEG,n02025239,139,139,0.43308365,1,imagenet_c,defocus_blur,1,none
efficientnet_b4,ILSVRC2012_val_00003526.JPEG,n02025239,139,139,0.5053319,1,imagenet_c,defocus_blur,1,none
efficientnet_b4,ILSVRC2012_val_00004791.JPEG,n02025239,139,139,0.60515517,1,imagenet_c,defocus_blur,1,none
efficientnet_b4,ILSVRC2012_val_00005753.JPEG,n02025239,139,139,0.5433282,1,imagenet_c,defocus_blur,1,none
efficientnet_b4,ILSVRC2012_val_00009210.JPEG,n02025239,139,139,0.3118294,1,imagenet_c,defocus_blur,1,none
efficientnet_b4,ILSVRC2012_val_00009715.JPEG,n02025239,139,139,0.6896078,1,imagenet_c,defocus_blur,1,none
efficientnet_b4,ILSVRC2012_val_00010988.JPEG,n02025239,139,139,0.5240649,1,imagenet_c,defocus_blur,1,none
efficientnet_b4,ILSVRC2012_val_00012518.JPEG,n02025239,139,139,0.41738063,1,imagenet_c,defocus_blur,1,none
efficientnet_b4,ILSVRC2012_val_00012781.JPEG,n02025239,139,139,0.6215545,1,imagenet_c,defocus_blur,1,none
efficientnet_b4,ILSVRC2012_val_00013509.JPEG,n02025239,139,139,0.5044253,1,imagenet_c,defocus_blur,1,none
efficientnet_b4,ILSVRC2012_val_00013603.JPEG,n02025239,139,139,0.59018266,1,imagenet_c,defocus_blur,1,none
efficientnet_b4,ILSVRC2012_val_00016164.JPEG,n02025239,139,139,0.6236533,1,imagenet_c,defocus_blur,1,none
efficientnet_b4,ILSVRC2012_val_00016929.JPEG,n02025239,139,139,0.50587577,1,imagenet_c,defocus_blur,1,none
efficientnet_b4,ILSVRC2012_val_00020774.JPEG,n02025239,139,139,0.5797818,1,imagenet_c,defocus_blur,1,none
efficientnet_b4,ILSVRC2012_val_00021926.JPEG,n02025239,139,139,0.6794737,1,imagenet_c,defocus_blur,1,none
efficientnet_b4,ILSVRC2012_val_00025269.JPEG,n02025239,139,139,0.43644214,1,imagenet_c,defocus_blur,1,none
efficientnet_b4,ILSVRC2012_val_00025899.JPEG,n02025239,139,139,0.56324875,1,imagenet_c,defocus_blur,1,none
efficientnet_b4,ILSVRC2012_val_00026311.JPEG,n02025239,139,139,0.5101314,1,imagenet_c,defocus_blur,1,none
efficientnet_b4,ILSVRC2012_val_00026462.JPEG,n02025239,139,139,0.59799194,1,imagenet_c,defocus_blur,1,none
efficientnet_b4,ILSVRC2012_val_00026556.JPEG,n02025239,139,139,0.5116563,1,imagenet_c,defocus_blur,1,none
efficientnet_b4,ILSVRC2012_val_00026595.JPEG,n02025239,139,139,0.427515,1,imagenet_c,defocus_blur,1,none
efficientnet_b4,ILSVRC2012_val_00027731.JPEG,n02025239,139,139,0.60270226,1,imagenet_c,defocus_blur,1,none
efficientnet_b4,ILSVRC2012_val_00028115.JPEG,n02025239,139,139,0.5598214,1,imagenet_c,defocus_blur,1,none
efficientnet_b4,ILSVRC2012_val_00028187.JPEG,n02025239,139,139,0.3285787,1,imagenet_c,defocus_blur,1,none
efficientnet_b4,ILSVRC2012_val_00028363.JPEG,n02025239,139,139,0.31364003,1,imagenet_c,defocus_blur,1,none
efficientnet_b4,ILSVRC2012_val_00029092.JPEG,n02025239,139,139,0.63324386,1,imagenet_c,defocus_blur,1,none
efficientnet_b4,ILSVRC2012_val_00030571.JPEG,n02025239,139,139,0.62101805,1,imagenet_c,defocus_blur,1,none
efficientnet_b4,ILSVRC2012_val_00033421.JPEG,n02025239,139,139,0.5155779,1,imagenet_c,defocus_blur,1,none
efficientnet_b4,ILSVRC2012_val_00033718.JPEG,n02025239,139,139,0.25169334,1,imagenet_c,defocus_blur,1,none
efficientnet_b4,ILSVRC2012_val_00034360.JPEG,n02025239,139,139,0.47062463,1,imagenet_c,defocus_blur,1,none
efficientnet_b4,ILSVRC2012_val_00034760.JPEG,n02025239,139,139,0.576399,1,imagenet_c,defocus_blur,1,none
efficientnet_b4,ILSVRC2012_val_00036292.JPEG,n02025239,139,139,0.5999951,1,imagenet_c,defocus_blur,1,none
efficientnet_b4,ILSVRC2012_val_00038431.JPEG,n02025239,139,139,0.5328296,1,imagenet_c,defocus_blur,1,none
efficientnet_b4,ILSVRC2012_val_00038798.JPEG,n02025239,139,81,0.15080932,0,imagenet_c,defocus_blur,1,none
efficientnet_b4,ILSVRC2012_val_00039083.JPEG,n02025239,139,139,0.60970014,1,imagenet_c,defocus_blur,1,none
efficientnet_b4,ILSVRC2012_val_00039363.JPEG,n02025239,139,139,0.4849143,1,imagenet_c,defocus_blur,1,none
efficientnet_b4,ILSVRC2012_val_00039962.JPEG,n02025239,139,139,0.5770673,1,imagenet_c,defocus_blur,1,none
efficientnet_b4,ILSVRC2012_val_00042593.JPEG,n02025239,139,139,0.4787969,1,imagenet_c,defocus_blur,1,none
efficientnet_b4,ILSVRC2012_val_00042705.JPEG,n02025239,139,139,0.38285804,1,imagenet_c,defocus_blur,1,none
efficientnet_b4,ILSVRC2012_val_00043769.JPEG,n02025239,139,139,0.4925404,1,imagenet_c,defocus_blur,1,none
efficientnet_b4,ILSVRC2012_val_00044377.JPEG,n02025239,139,139,0.41954583,1,imagenet_c,defocus_blur,1,none
efficientnet_b4,ILSVRC2012_val_00044385.JPEG,n02025239,139,139,0.51356745,1,imagenet_c,defocus_blur,1,none
efficientnet_b4,ILSVRC2012_val_00044919.JPEG,n02025239,139,139,0.45229447,1,imagenet_c,defocus_blur,1,none
efficientnet_b4,ILSVRC2012_val_00046323.JPEG,n02025239,139,139,0.4733095,1,imagenet_c,defocus_blur,1,none
efficientnet_b4,ILSVRC2012_val_00046677.JPEG,n02025239,139,139,0.53527415,1,imagenet_c,defocus_blur,1,none
efficientnet_b4,ILSVRC2012_val_00046919.JPEG,n02025239,139,139,0.48406368,1,imagenet_c,defocus_blur,1,none
efficientnet_b4,ILSVRC2012_val_00048735.JPEG,n02025239,139,139,0.54451823,1,imagenet_c,defocus_blur,1,none
efficientnet_b4,ILSVRC2012_val_00000177.JPEG,n02027492,140,140,0.590746,1,imagenet_c,defocus_blur,1,none
efficientnet_b4,ILSVRC2012_val_00001162.JPEG,n02027492,140,82,0.10853978,0,imagenet_c,defocus_blur,1,none
efficientnet_b4,ILSVRC2012_val_00001643.JPEG,n02027492,140,139,0.24537364,0,imagenet_c,defocus_blur,1,none
efficientnet_b4,ILSVRC2012_val_00002488.JPEG,n02027492,140,140,0.5312906,1,imagenet_c,defocus_blur,1,none
efficientnet_b4,ILSVRC2012_val_00002491.JPEG,n02027492,140,140,0.46731567,1,imagenet_c,defocus_blur,1,none
efficientnet_b4,ILSVRC2012_val_00002691.JPEG,n02027492,140,140,0.47936422,1,imagenet_c,defocus_blur,1,none
efficientnet_b4,ILSVRC2012_val_00003964.JPEG,n02027492,140,140,0.59930235,1,imagenet_c,defocus_blur,1,none
efficientnet_b4,ILSVRC2012_val_00005771.JPEG,n02027492,140,142,0.25486737,0,imagenet_c,defocus_blur,1,none
efficientnet_b4,ILSVRC2012_val_00005840.JPEG,n02027492,140,140,0.4887195,1,imagenet_c,defocus_blur,1,none
efficientnet_b4,ILSVRC2012_val_00007011.JPEG,n02027492,140,140,0.49406633,1,imagenet_c,defocus_blur,1,none
efficientnet_b4,ILSVRC2012_val_00007524.JPEG,n02027492,140,140,0.38778025,1,imagenet_c,defocus_blur,1,none
efficientnet_b4,ILSVRC2012_val_00007668.JPEG,n02027492,140,140,0.58089983,1,imagenet_c,defocus_blur,1,none
efficientnet_b4,ILSVRC2012_val_00008756.JPEG,n02027492,140,140,0.32515764,1,imagenet_c,defocus_blur,1,none
efficientnet_b4,ILSVRC2012_val_00009198.JPEG,n02027492,140,140,0.10669795,1,imagenet_c,defocus_blur,1,none
efficientnet_b4,ILSVRC2012_val_00009457.JPEG,n02027492,140,140,0.58697236,1,imagenet_c,defocus_blur,1,none
efficientnet_b4,ILSVRC2012_val_00009744.JPEG,n02027492,140,143,0.16252738,0,imagenet_c,defocus_blur,1,none
efficientnet_b4,ILSVRC2012_val_00010176.JPEG,n02027492,140,140,0.56250894,1,imagenet_c,defocus_blur,1,none
efficientnet_b4,ILSVRC2012_val_00011380.JPEG,n02027492,140,142,0.35886246,0,imagenet_c,defocus_blur,1,none
efficientnet_b4,ILSVRC2012_val_00012889.JPEG,n02027492,140,119,0.023496622,0,imagenet_c,defocus_blur,1,none
efficientnet_b4,ILSVRC2012_val_00015557.JPEG,n02027492,140,140,0.5345327,1,imagenet_c,defocus_blur,1,none
efficientnet_b4,ILSVRC2012_val_00015908.JPEG,n02027492,140,140,0.17396532,1,imagenet_c,defocus_blur,1,none
efficientnet_b4,ILSVRC2012_val_00016981.JPEG,n02027492,140,140,0.18482608,1,imagenet_c,defocus_blur,1,none
efficientnet_b4,ILSVRC2012_val_00018099.JPEG,n02027492,140,140,0.40305337,1,imagenet_c,defocus_blur,1,none
efficientnet_b4,ILSVRC2012_val_00019058.JPEG,n02027492,140,140,0.52552116,1,imagenet_c,defocus_blur,1,none
efficientnet_b4,ILSVRC2012_val_00022207.JPEG,n02027492,140,140,0.15405712,1,imagenet_c,defocus_blur,1,none
efficientnet_b4,ILSVRC2012_val_00023226.JPEG,n02027492,140,140,0.63168305,1,imagenet_c,defocus_blur,1,none
efficientnet_b4,ILSVRC2012_val_00026044.JPEG,n02027492,140,140,0.61276424,1,imagenet_c,defocus_blur,1,none
efficientnet_b4,ILSVRC2012_val_00026510.JPEG,n02027492,140,140,0.36377642,1,imagenet_c,defocus_blur,1,none
efficientnet_b4,ILSVRC2012_val_00026820.JPEG,n02027492,140,377,0.16234066,0,imagenet_c,defocus_blur,1,none
efficientnet_b4,ILSVRC2012_val_00029198.JPEG,n02027492,140,140,0.4380348,1,imagenet_c,defocus_blur,1,none
efficientnet_b4,ILSVRC2012_val_00030545.JPEG,n02027492,140,140,0.5961009,1,imagenet_c,defocus_blur,1,none
efficientnet_b4,ILSVRC2012_val_00031225.JPEG,n02027492,140,140,0.55864507,1,imagenet_c,defocus_blur,1,none
efficientnet_b4,ILSVRC2012_val_00033100.JPEG,n02027492,140,140,0.5799581,1,imagenet_c,defocus_blur,1,none
efficientnet_b4,ILSVRC2012_val_00034910.JPEG,n02027492,140,330,0.13006057,0,imagenet_c,defocus_blur,1,none
efficientnet_b4,ILSVRC2012_val_00035836.JPEG,n02027492,140,357,0.10870123,0,imagenet_c,defocus_blur,1,none
efficientnet_b4,ILSVRC2012_val_00036035.JPEG,n02027492,140,140,0.3929898,1,imagenet_c,defocus_blur,1,none
efficientnet_b4,ILSVRC2012_val_00037752.JPEG,n02027492,140,36,0.25567034,0,imagenet_c,defocus_blur,1,none
efficientnet_b4,ILSVRC2012_val_00039220.JPEG,n02027492,140,140,0.74799556,1,imagenet_c,defocus_blur,1,none
efficientnet_b4,ILSVRC2012_val_00039232.JPEG,n02027492,140,140,0.5315224,1,imagenet_c,defocus_blur,1,none
efficientnet_b4,ILSVRC2012_val_00040919.JPEG,n02027492,140,140,0.5682394,1,imagenet_c,defocus_blur,1,none
efficientnet_b4,ILSVRC2012_val_00042083.JPEG,n02027492,140,140,0.5388301,1,imagenet_c,defocus_blur,1,none
efficientnet_b4,ILSVRC2012_val_00042858.JPEG,n02027492,140,140,0.51824975,1,imagenet_c,defocus_blur,1,none
efficientnet_b4,ILSVRC2012_val_00042938.JPEG,n02027492,140,140,0.16081841,1,imagenet_c,defocus_blur,1,none
efficientnet_b4,ILSVRC2012_val_00043597.JPEG,n02027492,140,140,0.48860717,1,imagenet_c,defocus_blur,1,none
efficientnet_b4,ILSVRC2012_val_00045323.JPEG,n02027492,140,140,0.52920717,1,imagenet_c,defocus_blur,1,none
efficientnet_b4,ILSVRC2012_val_00045959.JPEG,n02027492,140,140,0.6354234,1,imagenet_c,defocus_blur,1,none
efficientnet_b4,ILSVRC2012_val_00046333.JPEG,n02027492,140,140,0.5407651,1,imagenet_c,defocus_blur,1,none
efficientnet_b4,ILSVRC2012_val_00046769.JPEG,n02027492,140,140,0.3693206,1,imagenet_c,defocus_blur,1,none
efficientnet_b4,ILSVRC2012_val_00048725.JPEG,n02027492,140,140,0.34882918,1,imagenet_c,defocus_blur,1,none
efficientnet_b4,ILSVRC2012_val_00048888.JPEG,n02027492,140,140,0.30739626,1,imagenet_c,defocus_blur,1,none
efficientnet_b4,ILSVRC2012_val_00000470.JPEG,n02028035,141,141,0.5078699,1,imagenet_c,defocus_blur,1,none
efficientnet_b4,ILSVRC2012_val_00000751.JPEG,n02028035,141,141,0.19248559,1,imagenet_c,defocus_blur,1,none
efficientnet_b4,ILSVRC2012_val_00001121.JPEG,n02028035,141,141,0.43634564,1,imagenet_c,defocus_blur,1,none
efficientnet_b4,ILSVRC2012_val_00001521.JPEG,n02028035,141,23,0.050128866,0,imagenet_c,defocus_blur,1,none
efficientnet_b4,ILSVRC2012_val_00002170.JPEG,n02028035,141,141,0.18645296,1,imagenet_c,defocus_blur,1,none
efficientnet_b4,ILSVRC2012_val_00002633.JPEG,n02028035,141,141,0.42011738,1,imagenet_c,defocus_blur,1,none
efficientnet_b4,ILSVRC2012_val_00002965.JPEG,n02028035,141,141,0.49707395,1,imagenet_c,defocus_blur,1,none
efficientnet_b4,ILSVRC2012_val_00004451.JPEG,n02028035,141,141,0.56091297,1,imagenet_c,defocus_blur,1,none
efficientnet_b4,ILSVRC2012_val_00005034.JPEG,n02028035,141,141,0.57639956,1,imagenet_c,defocus_blur,1,none
efficientnet_b4,ILSVRC2012_val_00005465.JPEG,n02028035,141,142,0.13219996,0,imagenet_c,defocus_blur,1,none
efficientnet_b4,ILSVRC2012_val_00006499.JPEG,n02028035,141,141,0.20053081,1,imagenet_c,defocus_blur,1,none
efficientnet_b4,ILSVRC2012_val_00006580.JPEG,n02028035,141,141,0.461044,1,imagenet_c,defocus_blur,1,none
efficientnet_b4,ILSVRC2012_val_00007651.JPEG,n02028035,141,141,0.62176967,1,imagenet_c,defocus_blur,1,none
efficientnet_b4,ILSVRC2012_val_00009199.JPEG,n02028035,141,141,0.5139845,1,imagenet_c,defocus_blur,1,none
efficientnet_b4,ILSVRC2012_val_00010037.JPEG,n02028035,141,141,0.13540576,1,imagenet_c,defocus_blur,1,none
efficientnet_b4,ILSVRC2012_val_00010618.JPEG,n02028035,141,141,0.52966017,1,imagenet_c,defocus_blur,1,none
efficientnet_b4,ILSVRC2012_val_00012213.JPEG,n02028035,141,141,0.47230908,1,imagenet_c,defocus_blur,1,none
efficientnet_b4,ILSVRC2012_val_00012741.JPEG,n02028035,141,141,0.5243926,1,imagenet_c,defocus_blur,1,none
efficientnet_b4,ILSVRC2012_val_00013192.JPEG,n02028035,141,141,0.4805883,1,imagenet_c,defocus_blur,1,none
efficientnet_b4,ILSVRC2012_val_00013808.JPEG,n02028035,141,141,0.46986938,1,imagenet_c,defocus_blur,1,none
efficientnet_b4,ILSVRC2012_val_00014977.JPEG,n02028035,141,141,0.48472926,1,imagenet_c,defocus_blur,1,none
efficientnet_b4,ILSVRC2012_val_00015392.JPEG,n02028035,141,141,0.6235155,1,imagenet_c,defocus_blur,1,none
efficientnet_b4,ILSVRC2012_val_00015719.JPEG,n02028035,141,141,0.6031724,1,imagenet_c,defocus_blur,1,none
efficientnet_b4,ILSVRC2012_val_00016023.JPEG,n02028035,141,141,0.58165574,1,imagenet_c,defocus_blur,1,none
efficientnet_b4,ILSVRC2012_val_00018043.JPEG,n02028035,141,94,0.0646785,0,imagenet_c,defocus_blur,1,none
efficientnet_b4,ILSVRC2012_val_00019389.JPEG,n02028035,141,141,0.54318446,1,imagenet_c,defocus_blur,1,none
efficientnet_b4,ILSVRC2012_val_00020559.JPEG,n02028035,141,141,0.25085548,1,imagenet_c,defocus_blur,1,none
efficientnet_b4,ILSVRC2012_val_00020680.JPEG,n02028035,141,141,0.5369683,1,imagenet_c,defocus_blur,1,none
efficientnet_b4,ILSVRC2012_val_00023199.JPEG,n02028035,141,141,0.28669503,1,imagenet_c,defocus_blur,1,none
efficientnet_b4,ILSVRC2012_val_00023990.JPEG,n02028035,141,141,0.43184105,1,imagenet_c,defocus_blur,1,none
efficientnet_b4,ILSVRC2012_val_00024808.JPEG,n02028035,141,141,0.21790367,1,imagenet_c,defocus_blur,1,none
efficientnet_b4,ILSVRC2012_val_00024958.JPEG,n02028035,141,141,0.4922476,1,imagenet_c,defocus_blur,1,none
efficientnet_b4,ILSVRC2012_val_00026302.JPEG,n02028035,141,141,0.28565896,1,imagenet_c,defocus_blur,1,none
efficientnet_b4,ILSVRC2012_val_00029974.JPEG,n02028035,141,141,0.042529717,1,imagenet_c,defocus_blur,1,none
efficientnet_b4,ILSVRC2012_val_00030102.JPEG,n02028035,141,141,0.31620368,1,imagenet_c,defocus_blur,1,none
efficientnet_b4,ILSVRC2012_val_00030672.JPEG,n02028035,141,141,0.42983314,1,imagenet_c,defocus_blur,1,none
efficientnet_b4,ILSVRC2012_val_00031514.JPEG,n02028035,141,141,0.5759741,1,imagenet_c,defocus_blur,1,none
efficientnet_b4,ILSVRC2012_val_00031922.JPEG,n02028035,141,141,0.41203216,1,imagenet_c,defocus_blur,1,none
efficientnet_b4,ILSVRC2012_val_00033216.JPEG,n02028035,141,141,0.43584535,1,imagenet_c,defocus_blur,1,none
efficientnet_b4,ILSVRC2012_val_00033333.JPEG,n02028035,141,141,0.47042045,1,imagenet_c,defocus_blur,1,none
efficientnet_b4,ILSVRC2012_val_00034441.JPEG,n02028035,141,141,0.551884,1,imagenet_c,defocus_blur,1,none
efficientnet_b4,ILSVRC2012_val_00035420.JPEG,n02028035,141,143,0.1820733,0,imagenet_c,defocus_blur,1,none
efficientnet_b4,ILSVRC2012_val_00038002.JPEG,n02028035,141,141,0.5218997,1,imagenet_c,defocus_blur,1,none
efficientnet_b4,ILSVRC2012_val_00040390.JPEG,n02028035,141,141,0.6291808,1,imagenet_c,defocus_blur,1,none
efficientnet_b4,ILSVRC2012_val_00040471.JPEG,n02028035,141,141,0.48263863,1,imagenet_c,defocus_blur,1,none
efficientnet_b4,ILSVRC2012_val_00043420.JPEG,n02028035,141,141,0.43309954,1,imagenet_c,defocus_blur,1,none
efficientnet_b4,ILSVRC2012_val_00044481.JPEG,n02028035,141,141,0.39571878,1,imagenet_c,defocus_blur,1,none
efficientnet_b4,ILSVRC2012_val_00044992.JPEG,n02028035,141,141,0.29157555,1,imagenet_c,defocus_blur,1,none
efficientnet_b4,ILSVRC2012_val_00046096.JPEG,n02028035,141,141,0.5313344,1,imagenet_c,defocus_blur,1,none
efficientnet_b4,ILSVRC2012_val_00047784.JPEG,n02028035,141,141,0.3554724,1,imagenet_c,defocus_blur,1,none
efficientnet_b4,ILSVRC2012_val_00000098.JPEG,n02033041,142,142,0.56149566,1,imagenet_c,defocus_blur,1,none
efficientnet_b4,ILSVRC2012_val_00001830.JPEG,n02033041,142,142,0.19757019,1,imagenet_c,defocus_blur,1,none
efficientnet_b4,ILSVRC2012_val_00003261.JPEG,n02033041,142,140,0.31450284,0,imagenet_c,defocus_blur,1,none
efficientnet_b4,ILSVRC2012_val_00005615.JPEG,n02033041,142,142,0.60135347,1,imagenet_c,defocus_blur,1,none
efficientnet_b4,ILSVRC2012_val_00007172.JPEG,n02033041,142,142,0.4873902,1,imagenet_c,defocus_blur,1,none
efficientnet_b4,ILSVRC2012_val_00009138.JPEG,n02033041,142,86,0.121520124,0,imagenet_c,defocus_blur,1,none
efficientnet_b4,ILSVRC2012_val_00010391.JPEG,n02033041,142,142,0.63906926,1,imagenet_c,defocus_blur,1,none
efficientnet_b4,ILSVRC2012_val_00011402.JPEG,n02033041,142,142,0.46183407,1,imagenet_c,defocus_blur,1,none
efficientnet_b4,ILSVRC2012_val_00013660.JPEG,n02033041,142,146,0.2955831,0,imagenet_c,defocus_blur,1,none
efficientnet_b4,ILSVRC2012_val_00014158.JPEG,n02033041,142,142,0.46472007,1,imagenet_c,defocus_blur,1,none
efficientnet_b4,ILSVRC2012_val_00014712.JPEG,n02033041,142,142,0.72777283,1,imagenet_c,defocus_blur,1,none
efficientnet_b4,ILSVRC2012_val_00015817.JPEG,n02033041,142,142,0.47642323,1,imagenet_c,defocus_blur,1,none
efficientnet_b4,ILSVRC2012_val_00016100.JPEG,n02033041,142,142,0.38582632,1,imagenet_c,defocus_blur,1,none
efficientnet_b4,ILSVRC2012_val_00017316.JPEG,n02033041,142,143,0.04858454,0,imagenet_c,defocus_blur,1,none
efficientnet_b4,ILSVRC2012_val_00017634.JPEG,n02033041,142,142,0.4519435,1,imagenet_c,defocus_blur,1,none
efficientnet_b4,ILSVRC2012_val_00017639.JPEG,n02033041,142,142,0.47426426,1,imagenet_c,defocus_blur,1,none
efficientnet_b4,ILSVRC2012_val_00018407.JPEG,n02033041,142,140,0.49699867,0,imagenet_c,defocus_blur,1,none
efficientnet_b4,ILSVRC2012_val_00020205.JPEG,n02033041,142,142,0.45110875,1,imagenet_c,defocus_blur,1,none
efficientnet_b4,ILSVRC2012_val_00020804.JPEG,n02033041,142,142,0.5316907,1,imagenet_c,defocus_blur,1,none
efficientnet_b4,ILSVRC2012_val_00023352.JPEG,n02033041,142,142,0.492059,1,imagenet_c,defocus_blur,1,none
efficientnet_b4,ILSVRC2012_val_00023977.JPEG,n02033041,142,142,0.639647,1,imagenet_c,defocus_blur,1,none
efficientnet_b4,ILSVRC2012_val_00024093.JPEG,n02033041,142,142,0.52921367,1,imagenet_c,defocus_blur,1,none
efficientnet_b4,ILSVRC2012_val_00025027.JPEG,n02033041,142,140,0.11626479,0,imagenet_c,defocus_blur,1,none
efficientnet_b4,ILSVRC2012_val_00025241.JPEG,n02033041,142,142,0.35091102,1,imagenet_c,defocus_blur,1,none
efficientnet_b4,ILSVRC2012_val_00026178.JPEG,n02033041,142,142,0.5967893,1,imagenet_c,defocus_blur,1,none
efficientnet_b4,ILSVRC2012_val_00027281.JPEG,n02033041,142,142,0.61617523,1,imagenet_c,defocus_blur,1,none
efficientnet_b4,ILSVRC2012_val_00027674.JPEG,n02033041,142,142,0.49590945,1,imagenet_c,defocus_blur,1,none
efficientnet_b4,ILSVRC2012_val_00028189.JPEG,n02033041,142,142,0.5684542,1,imagenet_c,defocus_blur,1,none
efficientnet_b4,ILSVRC2012_val_00029782.JPEG,n02033041,142,142,0.45353904,1,imagenet_c,defocus_blur,1,none
efficientnet_b4,ILSVRC2012_val_00029913.JPEG,n02033041,142,142,0.6452727,1,imagenet_c,defocus_blur,1,none
efficientnet_b4,ILSVRC2012_val_00030125.JPEG,n02033041,142,142,0.46121278,1,imagenet_c,defocus_blur,1,none
efficientnet_b4,ILSVRC2012_val_00030590.JPEG,n02033041,142,141,0.17954879,0,imagenet_c,defocus_blur,1,none
efficientnet_b4,ILSVRC2012_val_00031448.JPEG,n02033041,142,142,0.47443432,1,imagenet_c,defocus_blur,1,none
efficientnet_b4,ILSVRC2012_val_00033833.JPEG,n02033041,142,140,0.40506193,0,imagenet_c,defocus_blur,1,none
efficientnet_b4,ILSVRC2012_val_00034186.JPEG,n02033041,142,142,0.48882252,1,imagenet_c,defocus_blur,1,none
efficientnet_b4,ILSVRC2012_val_00035363.JPEG,n02033041,142,142,0.61154777,1,imagenet_c,defocus_blur,1,none
efficientnet_b4,ILSVRC2012_val_00035563.JPEG,n02033041,142,142,0.58124256,1,imagenet_c,defocus_blur,1,none
efficientnet_b4,ILSVRC2012_val_00035602.JPEG,n02033041,142,140,0.35206512,0,imagenet_c,defocus_blur,1,none
efficientnet_b4,ILSVRC2012_val_00035972.JPEG,n02033041,142,140,0.3527563,0,imagenet_c,defocus_blur,1,none
efficientnet_b4,ILSVRC2012_val_00038614.JPEG,n02033041,142,142,0.5863474,1,imagenet_c,defocus_blur,1,none
efficientnet_b4,ILSVRC2012_val_00040942.JPEG,n02033041,142,142,0.5441243,1,imagenet_c,defocus_blur,1,none
efficientnet_b4,ILSVRC2012_val_00041054.JPEG,n02033041,142,142,0.5052266,1,imagenet_c,defocus_blur,1,none
efficientnet_b4,ILSVRC2012_val_00041285.JPEG,n02033041,142,142,0.32975146,1,imagenet_c,defocus_blur,1,none
efficientnet_b4,ILSVRC2012_val_00045006.JPEG,n02033041,142,142,0.5801767,1,imagenet_c,defocus_blur,1,none
efficientnet_b4,ILSVRC2012_val_00045088.JPEG,n02033041,142,142,0.7441281,1,imagenet_c,defocus_blur,1,none
efficientnet_b4,ILSVRC2012_val_00045116.JPEG,n02033041,142,142,0.5500106,1,imagenet_c,defocus_blur,1,none
efficientnet_b4,ILSVRC2012_val_00046892.JPEG,n02033041,142,142,0.61861575,1,imagenet_c,defocus_blur,1,none
efficientnet_b4,ILSVRC2012_val_00047765.JPEG,n02033041,142,142,0.3223008,1,imagenet_c,defocus_blur,1,none
efficientnet_b4,ILSVRC2012_val_00048261.JPEG,n02033041,142,142,0.5725063,1,imagenet_c,defocus_blur,1,none
efficientnet_b4,ILSVRC2012_val_00048802.JPEG,n02033041,142,142,0.6124455,1,imagenet_c,defocus_blur,1,none
efficientnet_b4,ILSVRC2012_val_00000548.JPEG,n02037110,143,143,0.30201745,1,imagenet_c,defocus_blur,1,none
efficientnet_b4,ILSVRC2012_val_00002738.JPEG,n02037110,143,98,0.27913323,0,imagenet_c,defocus_blur,1,none
efficientnet_b4,ILSVRC2012_val_00002779.JPEG,n02037110,143,143,0.61768323,1,imagenet_c,defocus_blur,1,none
efficientnet_b4,ILSVRC2012_val_00003716.JPEG,n02037110,143,143,0.5361633,1,imagenet_c,defocus_blur,1,none
efficientnet_b4,ILSVRC2012_val_00004583.JPEG,n02037110,143,150,0.05736595,0,imagenet_c,defocus_blur,1,none
efficientnet_b4,ILSVRC2012_val_00005178.JPEG,n02037110,143,143,0.6388325,1,imagenet_c,defocus_blur,1,none
efficientnet_b4,ILSVRC2012_val_00005266.JPEG,n02037110,143,146,0.17407642,0,imagenet_c,defocus_blur,1,none
efficientnet_b4,ILSVRC2012_val_00008737.JPEG,n02037110,143,143,0.6292969,1,imagenet_c,defocus_blur,1,none
efficientnet_b4,ILSVRC2012_val_00009047.JPEG,n02037110,143,143,0.42323086,1,imagenet_c,defocus_blur,1,none
efficientnet_b4,ILSVRC2012_val_00009923.JPEG,n02037110,143,143,0.5346115,1,imagenet_c,defocus_blur,1,none
efficientnet_b4,ILSVRC2012_val_00009991.JPEG,n02037110,143,143,0.44326454,1,imagenet_c,defocus_blur,1,none
efficientnet_b4,ILSVRC2012_val_00010080.JPEG,n02037110,143,143,0.5617854,1,imagenet_c,defocus_blur,1,none
efficientnet_b4,ILSVRC2012_val_00010845.JPEG,n02037110,143,143,0.33144814,1,imagenet_c,defocus_blur,1,none
efficientnet_b4,ILSVRC2012_val_00011052.JPEG,n02037110,143,143,0.3432574,1,imagenet_c,defocus_blur,1,none
efficientnet_b4,ILSVRC2012_val_00011196.JPEG,n02037110,143,143,0.54103714,1,imagenet_c,defocus_blur,1,none
efficientnet_b4,ILSVRC2012_val_00012844.JPEG,n02037110,143,143,0.49019048,1,imagenet_c,defocus_blur,1,none
efficientnet_b4,ILSVRC2012_val_00013515.JPEG,n02037110,143,143,0.57232887,1,imagenet_c,defocus_blur,1,none
efficientnet_b4,ILSVRC2012_val_00014450.JPEG,n02037110,143,143,0.55182606,1,imagenet_c,defocus_blur,1,none
efficientnet_b4,ILSVRC2012_val_00014991.JPEG,n02037110,143,143,0.6469048,1,imagenet_c,defocus_blur,1,none
efficientnet_b4,ILSVRC2012_val_00017621.JPEG,n02037110,143,143,0.4548357,1,imagenet_c,defocus_blur,1,none
efficientnet_b4,ILSVRC2012_val_00020025.JPEG,n02037110,143,143,0.5932985,1,imagenet_c,defocus_blur,1,none
efficientnet_b4,ILSVRC2012_val_00023492.JPEG,n02037110,143,143,0.48344576,1,imagenet_c,defocus_blur,1,none
efficientnet_b4,ILSVRC2012_val_00023947.JPEG,n02037110,143,143,0.570321,1,imagenet_c,defocus_blur,1,none
efficientnet_b4,ILSVRC2012_val_00025410.JPEG,n02037110,143,143,0.4066473,1,imagenet_c,defocus_blur,1,none
efficientnet_b4,ILSVRC2012_val_00025491.JPEG,n02037110,143,143,0.43805227,1,imagenet_c,defocus_blur,1,none
efficientnet_b4,ILSVRC2012_val_00026476.JPEG,n02037110,143,143,0.5423122,1,imagenet_c,defocus_blur,1,none
efficientnet_b4,ILSVRC2012_val_00028025.JPEG,n02037110,143,143,0.57721007,1,imagenet_c,defocus_blur,1,none
efficientnet_b4,ILSVRC2012_val_00028721.JPEG,n02037110,143,143,0.5423287,1,imagenet_c,defocus_blur,1,none
efficientnet_b4,ILSVRC2012_val_00028776.JPEG,n02037110,143,143,0.5691986,1,imagenet_c,defocus_blur,1,none
efficientnet_b4,ILSVRC2012_val_00029089.JPEG,n02037110,143,143,0.6457606,1,imagenet_c,defocus_blur,1,none
efficientnet_b4,ILSVRC2012_val_00029817.JPEG,n02037110,143,143,0.47216904,1,imagenet_c,defocus_blur,1,none
efficientnet_b4,ILSVRC2012_val_00029875.JPEG,n02037110,143,143,0.37461492,1,imagenet_c,defocus_blur,1,none
efficientnet_b4,ILSVRC2012_val_00029910.JPEG,n02037110,143,143,0.2082179,1,imagenet_c,defocus_blur,1,none
efficientnet_b4,ILSVRC2012_val_00031760.JPEG,n02037110,143,143,0.5955898,1,imagenet_c,defocus_blur,1,none
efficientnet_b4,ILSVRC2012_val_00031863.JPEG,n02037110,143,143,0.55838287,1,imagenet_c,defocus_blur,1,none
efficientnet_b4,ILSVRC2012_val_00032627.JPEG,n02037110,143,143,0.5642999,1,imagenet_c,defocus_blur,1,none
efficientnet_b4,ILSVRC2012_val_00033510.JPEG,n02037110,143,143,0.5290059,1,imagenet_c,defocus_blur,1,none
efficientnet_b4,ILSVRC2012_val_00034827.JPEG,n02037110,143,146,0.25522658,0,imagenet_c,defocus_blur,1,none
efficientnet_b4,ILSVRC2012_val_00035489.JPEG,n02037110,143,143,0.51645607,1,imagenet_c,defocus_blur,1,none
efficientnet_b4,ILSVRC2012_val_00037207.JPEG,n02037110,143,143,0.45536047,1,imagenet_c,defocus_blur,1,none
efficientnet_b4,ILSVRC2012_val_00037288.JPEG,n02037110,143,353,0.12331995,0,imagenet_c,defocus_blur,1,none
efficientnet_b4,ILSVRC2012_val_00039042.JPEG,n02037110,143,143,0.54759806,1,imagenet_c,defocus_blur,1,none
efficientnet_b4,ILSVRC2012_val_00041535.JPEG,n02037110,143,143,0.49281457,1,imagenet_c,defocus_blur,1,none
efficientnet_b4,ILSVRC2012_val_00044240.JPEG,n02037110,143,143,0.4957293,1,imagenet_c,defocus_blur,1,none
efficientnet_b4,ILSVRC2012_val_00045300.JPEG,n02037110,143,18,0.059286036,0,imagenet_c,defocus_blur,1,none
efficientnet_b4,ILSVRC2012_val_00045774.JPEG,n02037110,143,143,0.45689595,1,imagenet_c,defocus_blur,1,none
efficientnet_b4,ILSVRC2012_val_00046462.JPEG,n02037110,143,143,0.40978768,1,imagenet_c,defocus_blur,1,none
efficientnet_b4,ILSVRC2012_val_00049227.JPEG,n02037110,143,143,0.43558246,1,imagenet_c,defocus_blur,1,none
efficientnet_b4,ILSVRC2012_val_00049521.JPEG,n02037110,143,143,0.6853805,1,imagenet_c,defocus_blur,1,none
efficientnet_b4,ILSVRC2012_val_00049746.JPEG,n02037110,143,143,0.5104436,1,imagenet_c,defocus_blur,1,none
efficientnet_b4,ILSVRC2012_val_00003147.JPEG,n02051845,144,128,0.32461315,0,imagenet_c,defocus_blur,1,none
efficientnet_b4,ILSVRC2012_val_00003153.JPEG,n02051845,144,144,0.609104,1,imagenet_c,defocus_blur,1,none
efficientnet_b4,ILSVRC2012_val_00003493.JPEG,n02051845,144,144,0.5844467,1,imagenet_c,defocus_blur,1,none
efficientnet_b4,ILSVRC2012_val_00005363.JPEG,n02051845,144,144,0.6211151,1,imagenet_c,defocus_blur,1,none
efficientnet_b4,ILSVRC2012_val_00006087.JPEG,n02051845,144,144,0.72097296,1,imagenet_c,defocus_blur,1,none
efficientnet_b4,ILSVRC2012_val_00006383.JPEG,n02051845,144,129,0.54593027,0,imagenet_c,defocus_blur,1,none
efficientnet_b4,ILSVRC2012_val_00010136.JPEG,n02051845,144,144,0.5781862,1,imagenet_c,defocus_blur,1,none
efficientnet_b4,ILSVRC2012_val_00011642.JPEG,n02051845,144,144,0.379506,1,imagenet_c,defocus_blur,1,none
efficientnet_b4,ILSVRC2012_val_00014223.JPEG,n02051845,144,144,0.5356623,1,imagenet_c,defocus_blur,1,none
efficientnet_b4,ILSVRC2012_val_00014594.JPEG,n02051845,144,144,0.61885786,1,imagenet_c,defocus_blur,1,none
efficientnet_b4,ILSVRC2012_val_00015292.JPEG,n02051845,144,144,0.58753306,1,imagenet_c,defocus_blur,1,none
efficientnet_b4,ILSVRC2012_val_00015716.JPEG,n02051845,144,144,0.6218011,1,imagenet_c,defocus_blur,1,none
efficientnet_b4,ILSVRC2012_val_00017172.JPEG,n02051845,144,150,0.11157099,0,imagenet_c,defocus_blur,1,none
efficientnet_b4,ILSVRC2012_val_00018656.JPEG,n02051845,144,144,0.21743776,1,imagenet_c,defocus_blur,1,none
efficientnet_b4,ILSVRC2012_val_00018800.JPEG,n02051845,144,144,0.4777127,1,imagenet_c,defocus_blur,1,none
efficientnet_b4,ILSVRC2012_val_00019198.JPEG,n02051845,144,144,0.29142144,1,imagenet_c,defocus_blur,1,none
efficientnet_b4,ILSVRC2012_val_00019969.JPEG,n02051845,144,144,0.7659492,1,imagenet_c,defocus_blur,1,none
efficientnet_b4,ILSVRC2012_val_00020148.JPEG,n02051845,144,144,0.5916243,1,imagenet_c,defocus_blur,1,none
efficientnet_b4,ILSVRC2012_val_00020326.JPEG,n02051845,144,144,0.32829556,1,imagenet_c,defocus_blur,1,none
efficientnet_b4,ILSVRC2012_val_00021063.JPEG,n02051845,144,21,0.35427457,0,imagenet_c,defocus_blur,1,none
efficientnet_b4,ILSVRC2012_val_00021509.JPEG,n02051845,144,144,0.64458835,1,imagenet_c,defocus_blur,1,none
efficientnet_b4,ILSVRC2012_val_00021677.JPEG,n02051845,144,728,0.15642601,0,imagenet_c,defocus_blur,1,none
efficientnet_b4,ILSVRC2012_val_00021709.JPEG,n02051845,144,144,0.49590078,1,imagenet_c,defocus_blur,1,none
efficientnet_b4,ILSVRC2012_val_00022335.JPEG,n02051845,144,144,0.6474086,1,imagenet_c,defocus_blur,1,none
efficientnet_b4,ILSVRC2012_val_00024180.JPEG,n02051845,144,144,0.32491082,1,imagenet_c,defocus_blur,1,none
efficientnet_b4,ILSVRC2012_val_00025528.JPEG,n02051845,144,144,0.4503273,1,imagenet_c,defocus_blur,1,none
efficientnet_b4,ILSVRC2012_val_00026711.JPEG,n02051845,144,144,0.4602325,1,imagenet_c,defocus_blur,1,none
efficientnet_b4,ILSVRC2012_val_00027363.JPEG,n02051845,144,144,0.45465428,1,imagenet_c,defocus_blur,1,none
efficientnet_b4,ILSVRC2012_val_00030044.JPEG,n02051845,144,144,0.48701188,1,imagenet_c,defocus_blur,1,none
efficientnet_b4,ILSVRC2012_val_00032780.JPEG,n02051845,144,144,0.57714427,1,imagenet_c,defocus_blur,1,none
efficientnet_b4,ILSVRC2012_val_00032890.JPEG,n02051845,144,144,0.46434757,1,imagenet_c,defocus_blur,1,none
efficientnet_b4,ILSVRC2012_val_00033256.JPEG,n02051845,144,144,0.60463375,1,imagenet_c,defocus_blur,1,none
efficientnet_b4,ILSVRC2012_val_00035810.JPEG,n02051845,144,146,0.07636522,0,imagenet_c,defocus_blur,1,none
efficientnet_b4,ILSVRC2012_val_00036344.JPEG,n02051845,144,144,0.52775073,1,imagenet_c,defocus_blur,1,none
efficientnet_b4,ILSVRC2012_val_00036745.JPEG,n02051845,144,128,0.1774322,0,imagenet_c,defocus_blur,1,none
efficientnet_b4,ILSVRC2012_val_00038118.JPEG,n02051845,144,144,0.5598742,1,imagenet_c,defocus_blur,1,none
efficientnet_b4,ILSVRC2012_val_00038863.JPEG,n02051845,144,144,0.6873965,1,imagenet_c,defocus_blur,1,none
efficientnet_b4,ILSVRC2012_val_00038981.JPEG,n02051845,144,144,0.5281801,1,imagenet_c,defocus_blur,1,none
efficientnet_b4,ILSVRC2012_val_00039706.JPEG,n02051845,144,144,0.053082585,1,imagenet_c,defocus_blur,1,none
efficientnet_b4,ILSVRC2012_val_00041469.JPEG,n02051845,144,144,0.6054478,1,imagenet_c,defocus_blur,1,none
efficientnet_b4,ILSVRC2012_val_00041754.JPEG,n02051845,144,144,0.30770048,1,imagenet_c,defocus_blur,1,none
efficientnet_b4,ILSVRC2012_val_00043470.JPEG,n02051845,144,132,0.3296002,0,imagenet_c,defocus_blur,1,none
efficientnet_b4,ILSVRC2012_val_00043668.JPEG,n02051845,144,144,0.6162441,1,imagenet_c,defocus_blur,1,none
efficientnet_b4,ILSVRC2012_val_00043841.JPEG,n02051845,144,144,0.49110064,1,imagenet_c,defocus_blur,1,none
efficientnet_b4,ILSVRC2012_val_00045543.JPEG,n02051845,144,144,0.4407602,1,imagenet_c,defocus_blur,1,none
efficientnet_b4,ILSVRC2012_val_00047047.JPEG,n02051845,144,144,0.41719323,1,imagenet_c,defocus_blur,1,none
efficientnet_b4,ILSVRC2012_val_00047669.JPEG,n02051845,144,144,0.6469284,1,imagenet_c,defocus_blur,1,none
efficientnet_b4,ILSVRC2012_val_00048346.JPEG,n02051845,144,144,0.75435966,1,imagenet_c,defocus_blur,1,none
efficientnet_b4,ILSVRC2012_val_00048644.JPEG,n02051845,144,146,0.3849022,0,imagenet_c,defocus_blur,1,none
efficientnet_b4,ILSVRC2012_val_00048664.JPEG,n02051845,144,144,0.5396223,1,imagenet_c,defocus_blur,1,none
efficientnet_b4,ILSVRC2012_val_00001056.JPEG,n02056570,145,145,0.0376233,1,imagenet_c,defocus_blur,1,none
efficientnet_b4,ILSVRC2012_val_00002352.JPEG,n02056570,145,145,0.43804178,1,imagenet_c,defocus_blur,1,none
efficientnet_b4,ILSVRC2012_val_00004780.JPEG,n02056570,145,145,0.4583604,1,imagenet_c,defocus_blur,1,none
efficientnet_b4,ILSVRC2012_val_00004805.JPEG,n02056570,145,145,0.5514483,1,imagenet_c,defocus_blur,1,none
efficientnet_b4,ILSVRC2012_val_00007988.JPEG,n02056570,145,145,0.48135045,1,imagenet_c,defocus_blur,1,none
efficientnet_b4,ILSVRC2012_val_00008009.JPEG,n02056570,145,145,0.3648553,1,imagenet_c,defocus_blur,1,none
efficientnet_b4,ILSVRC2012_val_00008279.JPEG,n02056570,145,145,0.48099265,1,imagenet_c,defocus_blur,1,none
efficientnet_b4,ILSVRC2012_val_00009115.JPEG,n02056570,145,145,0.30940711,1,imagenet_c,defocus_blur,1,none
efficientnet_b4,ILSVRC2012_val_00009643.JPEG,n02056570,145,145,0.41002026,1,imagenet_c,defocus_blur,1,none
efficientnet_b4,ILSVRC2012_val_00010355.JPEG,n02056570,145,145,0.4123201,1,imagenet_c,defocus_blur,1,none
efficientnet_b4,ILSVRC2012_val_00011062.JPEG,n02056570,145,145,0.4342844,1,imagenet_c,defocus_blur,1,none
efficientnet_b4,ILSVRC2012_val_00011100.JPEG,n02056570,145,145,0.36467808,1,imagenet_c,defocus_blur,1,none
efficientnet_b4,ILSVRC2012_val_00012523.JPEG,n02056570,145,145,0.6374217,1,imagenet_c,defocus_blur,1,none
efficientnet_b4,ILSVRC2012_val_00013402.JPEG,n02056570,145,145,0.39861992,1,imagenet_c,defocus_blur,1,none
efficientnet_b4,ILSVRC2012_val_00015660.JPEG,n02056570,145,145,0.68242896,1,imagenet_c,defocus_blur,1,none
efficientnet_b4,ILSVRC2012_val_00015933.JPEG,n02056570,145,145,0.54302347,1,imagenet_c,defocus_blur,1,none
efficientnet_b4,ILSVRC2012_val_00016262.JPEG,n02056570,145,145,0.12376893,1,imagenet_c,defocus_blur,1,none
efficientnet_b4,ILSVRC2012_val_00017573.JPEG,n02056570,145,145,0.45192015,1,imagenet_c,defocus_blur,1,none
efficientnet_b4,ILSVRC2012_val_00017789.JPEG,n02056570,145,145,0.432443,1,imagenet_c,defocus_blur,1,none
efficientnet_b4,ILSVRC2012_val_00018681.JPEG,n02056570,145,145,0.54627997,1,imagenet_c,defocus_blur,1,none
efficientnet_b4,ILSVRC2012_val_00020888.JPEG,n02056570,145,145,0.36941585,1,imagenet_c,defocus_blur,1,none
efficientnet_b4,ILSVRC2012_val_00021330.JPEG,n02056570,145,145,0.38223046,1,imagenet_c,defocus_blur,1,none
efficientnet_b4,ILSVRC2012_val_00022233.JPEG,n02056570,145,145,0.40891898,1,imagenet_c,defocus_blur,1,none
efficientnet_b4,ILSVRC2012_val_00022735.JPEG,n02056570,145,145,0.49793112,1,imagenet_c,defocus_blur,1,none
efficientnet_b4,ILSVRC2012_val_00023617.JPEG,n02056570,145,145,0.17111726,1,imagenet_c,defocus_blur,1,none
efficientnet_b4,ILSVRC2012_val_00024504.JPEG,n02056570,145,145,0.4638872,1,imagenet_c,defocus_blur,1,none
efficientnet_b4,ILSVRC2012_val_00024571.JPEG,n02056570,145,145,0.42006302,1,imagenet_c,defocus_blur,1,none
efficientnet_b4,ILSVRC2012_val_00025468.JPEG,n02056570,145,145,0.4114383,1,imagenet_c,defocus_blur,1,none
efficientnet_b4,ILSVRC2012_val_00026504.JPEG,n02056570,145,145,0.39814642,1,imagenet_c,defocus_blur,1,none
efficientnet_b4,ILSVRC2012_val_00026749.JPEG,n02056570,145,523,0.12658365,0,imagenet_c,defocus_blur,1,none
efficientnet_b4,ILSVRC2012_val_00026807.JPEG,n02056570,145,145,0.40165526,1,imagenet_c,defocus_blur,1,none
efficientnet_b4,ILSVRC2012_val_00027559.JPEG,n02056570,145,145,0.2332055,1,imagenet_c,defocus_blur,1,none
efficientnet_b4,ILSVRC2012_val_00028670.JPEG,n02056570,145,145,0.40388566,1,imagenet_c,defocus_blur,1,none
efficientnet_b4,ILSVRC2012_val_00029565.JPEG,n02056570,145,145,0.40596783,1,imagenet_c,defocus_blur,1,none
efficientnet_b4,ILSVRC2012_val_00029710.JPEG,n02056570,145,145,0.17141111,1,imagenet_c,defocus_blur,1,none
efficientnet_b4,ILSVRC2012_val_00035982.JPEG,n02056570,145,145,0.4576934,1,imagenet_c,defocus_blur,1,none
efficientnet_b4,ILSVRC2012_val_00036314.JPEG,n02056570,145,145,0.39269602,1,imagenet_c,defocus_blur,1,none
efficientnet_b4,ILSVRC2012_val_00037825.JPEG,n02056570,145,145,0.35523626,1,imagenet_c,defocus_blur,1,none
efficientnet_b4,ILSVRC2012_val_00039171.JPEG,n02056570,145,145,0.35153398,1,imagenet_c,defocus_blur,1,none
efficientnet_b4,ILSVRC2012_val_00039797.JPEG,n02056570,145,145,0.32220572,1,imagenet_c,defocus_blur,1,none
efficientnet_b4,ILSVRC2012_val_00040303.JPEG,n02056570,145,145,0.49711496,1,imagenet_c,defocus_blur,1,none
efficientnet_b4,ILSVRC2012_val_00042878.JPEG,n02056570,145,34,0.071976304,0,imagenet_c,defocus_blur,1,none
efficientnet_b4,ILSVRC2012_val_00043717.JPEG,n02056570,145,145,0.41388187,1,imagenet_c,defocus_blur,1,none
efficientnet_b4,ILSVRC2012_val_00043795.JPEG,n02056570,145,145,0.46312034,1,imagenet_c,defocus_blur,1,none
efficientnet_b4,ILSVRC2012_val_00044119.JPEG,n02056570,145,145,0.5347039,1,imagenet_c,defocus_blur,1,none
efficientnet_b4,ILSVRC2012_val_00045742.JPEG,n02056570,145,375,0.2662245,0,imagenet_c,defocus_blur,1,none
efficientnet_b4,ILSVRC2012_val_00046850.JPEG,n02056570,145,145,0.43126616,1,imagenet_c,defocus_blur,1,none
efficientnet_b4,ILSVRC2012_val_00046966.JPEG,n02056570,145,145,0.35129228,1,imagenet_c,defocus_blur,1,none
efficientnet_b4,ILSVRC2012_val_00047685.JPEG,n02056570,145,145,0.40318426,1,imagenet_c,defocus_blur,1,none
efficientnet_b4,ILSVRC2012_val_00048024.JPEG,n02056570,145,523,0.21447027,0,imagenet_c,defocus_blur,1,none
efficientnet_b4,ILSVRC2012_val_00000207.JPEG,n02058221,146,83,0.2702309,0,imagenet_c,defocus_blur,1,none
efficientnet_b4,ILSVRC2012_val_00000492.JPEG,n02058221,146,119,0.060804892,0,imagenet_c,defocus_blur,1,none
efficientnet_b4,ILSVRC2012_val_00002090.JPEG,n02058221,146,146,0.5388069,1,imagenet_c,defocus_blur,1,none
efficientnet_b4,ILSVRC2012_val_00003410.JPEG,n02058221,146,146,0.29049408,1,imagenet_c,defocus_blur,1,none
efficientnet_b4,ILSVRC2012_val_00003845.JPEG,n02058221,146,146,0.49829197,1,imagenet_c,defocus_blur,1,none
efficientnet_b4,ILSVRC2012_val_00005030.JPEG,n02058221,146,146,0.608382,1,imagenet_c,defocus_blur,1,none
efficientnet_b4,ILSVRC2012_val_00005890.JPEG,n02058221,146,146,0.6156257,1,imagenet_c,defocus_blur,1,none
efficientnet_b4,ILSVRC2012_val_00005988.JPEG,n02058221,146,146,0.59804606,1,imagenet_c,defocus_blur,1,none
efficientnet_b4,ILSVRC2012_val_00007276.JPEG,n02058221,146,146,0.6244807,1,imagenet_c,defocus_blur,1,none
efficientnet_b4,ILSVRC2012_val_00008056.JPEG,n02058221,146,146,0.24183919,1,imagenet_c,defocus_blur,1,none
efficientnet_b4,ILSVRC2012_val_00008106.JPEG,n02058221,146,146,0.504195,1,imagenet_c,defocus_blur,1,none
efficientnet_b4,ILSVRC2012_val_00009694.JPEG,n02058221,146,146,0.5044702,1,imagenet_c,defocus_blur,1,none
efficientnet_b4,ILSVRC2012_val_00009908.JPEG,n02058221,146,146,0.41207615,1,imagenet_c,defocus_blur,1,none
efficientnet_b4,ILSVRC2012_val_00010399.JPEG,n02058221,146,146,0.42288163,1,imagenet_c,defocus_blur,1,none
efficientnet_b4,ILSVRC2012_val_00010446.JPEG,n02058221,146,137,0.4501054,0,imagenet_c,defocus_blur,1,none
efficientnet_b4,ILSVRC2012_val_00012187.JPEG,n02058221,146,146,0.73805803,1,imagenet_c,defocus_blur,1,none
efficientnet_b4,ILSVRC2012_val_00013901.JPEG,n02058221,146,146,0.48395103,1,imagenet_c,defocus_blur,1,none
efficientnet_b4,ILSVRC2012_val_00015132.JPEG,n02058221,146,146,0.53873706,1,imagenet_c,defocus_blur,1,none
efficientnet_b4,ILSVRC2012_val_00016571.JPEG,n02058221,146,132,0.092651606,0,imagenet_c,defocus_blur,1,none
efficientnet_b4,ILSVRC2012_val_00017197.JPEG,n02058221,146,146,0.43540198,1,imagenet_c,defocus_blur,1,none
efficientnet_b4,ILSVRC2012_val_00017807.JPEG,n02058221,146,146,0.428137,1,imagenet_c,defocus_blur,1,none
efficientnet_b4,ILSVRC2012_val_00018662.JPEG,n02058221,146,20,0.0835367,0,imagenet_c,defocus_blur,1,none
efficientnet_b4,ILSVRC2012_val_00018871.JPEG,n02058221,146,146,0.5452954,1,imagenet_c,defocus_blur,1,none
efficientnet_b4,ILSVRC2012_val_00022688.JPEG,n02058221,146,146,0.3708115,1,imagenet_c,defocus_blur,1,none
efficientnet_b4,ILSVRC2012_val_00022938.JPEG,n02058221,146,146,0.631342,1,imagenet_c,defocus_blur,1,none
efficientnet_b4,ILSVRC2012_val_00026683.JPEG,n02058221,146,146,0.56690806,1,imagenet_c,defocus_blur,1,none
efficientnet_b4,ILSVRC2012_val_00026716.JPEG,n02058221,146,146,0.55615,1,imagenet_c,defocus_blur,1,none
efficientnet_b4,ILSVRC2012_val_00026733.JPEG,n02058221,146,146,0.57251996,1,imagenet_c,defocus_blur,1,none
efficientnet_b4,ILSVRC2012_val_00026758.JPEG,n02058221,146,146,0.6073784,1,imagenet_c,defocus_blur,1,none
efficientnet_b4,ILSVRC2012_val_00026949.JPEG,n02058221,146,146,0.6482243,1,imagenet_c,defocus_blur,1,none
efficientnet_b4,ILSVRC2012_val_00029223.JPEG,n02058221,146,146,0.5460905,1,imagenet_c,defocus_blur,1,none
efficientnet_b4,ILSVRC2012_val_00031023.JPEG,n02058221,146,146,0.5072513,1,imagenet_c,defocus_blur,1,none
efficientnet_b4,ILSVRC2012_val_00032575.JPEG,n02058221,146,146,0.40157747,1,imagenet_c,defocus_blur,1,none
efficientnet_b4,ILSVRC2012_val_00034223.JPEG,n02058221,146,146,0.5969915,1,imagenet_c,defocus_blur,1,none
efficientnet_b4,ILSVRC2012_val_00035517.JPEG,n02058221,146,146,0.4739491,1,imagenet_c,defocus_blur,1,none
efficientnet_b4,ILSVRC2012_val_00035766.JPEG,n02058221,146,146,0.5337255,1,imagenet_c,defocus_blur,1,none
efficientnet_b4,ILSVRC2012_val_00036511.JPEG,n02058221,146,146,0.42702425,1,imagenet_c,defocus_blur,1,none
efficientnet_b4,ILSVRC2012_val_00037746.JPEG,n02058221,146,146,0.56785995,1,imagenet_c,defocus_blur,1,none
efficientnet_b4,ILSVRC2012_val_00038241.JPEG,n02058221,146,146,0.42342436,1,imagenet_c,defocus_blur,1,none
efficientnet_b4,ILSVRC2012_val_00038725.JPEG,n02058221,146,146,0.38847765,1,imagenet_c,defocus_blur,1,none
efficientnet_b4,ILSVRC2012_val_00038864.JPEG,n02058221,146,146,0.43660605,1,imagenet_c,defocus_blur,1,none
efficientnet_b4,ILSVRC2012_val_00039539.JPEG,n02058221,146,146,0.42085314,1,imagenet_c,defocus_blur,1,none
efficientnet_b4,ILSVRC2012_val_00040987.JPEG,n02058221,146,146,0.55924547,1,imagenet_c,defocus_blur,1,none
efficientnet_b4,ILSVRC2012_val_00043108.JPEG,n02058221,146,146,0.5453438,1,imagenet_c,defocus_blur,1,none
efficientnet_b4,ILSVRC2012_val_00044749.JPEG,n02058221,146,146,0.60504234,1,imagenet_c,defocus_blur,1,none
efficientnet_b4,ILSVRC2012_val_00046647.JPEG,n02058221,146,146,0.4200451,1,imagenet_c,defocus_blur,1,none
efficientnet_b4,ILSVRC2012_val_00048172.JPEG,n02058221,146,146,0.54966927,1,imagenet_c,defocus_blur,1,none
efficientnet_b4,ILSVRC2012_val_00048348.JPEG,n02058221,146,146,0.45181116,1,imagenet_c,defocus_blur,1,none
efficientnet_b4,ILSVRC2012_val_00048468.JPEG,n02058221,146,146,0.55263376,1,imagenet_c,defocus_blur,1,none
efficientnet_b4,ILSVRC2012_val_00049170.JPEG,n02058221,146,4,0.24426499,0,imagenet_c,defocus_blur,1,none
efficientnet_b4,ILSVRC2012_val_00000016.JPEG,n02066245,147,147,0.69943297,1,imagenet_c,defocus_blur,1,none
efficientnet_b4,ILSVRC2012_val_00000496.JPEG,n02066245,147,148,0.5075854,0,imagenet_c,defocus_blur,1,none
efficientnet_b4,ILSVRC2012_val_00000609.JPEG,n02066245,147,147,0.6810219,1,imagenet_c,defocus_blur,1,none
efficientnet_b4,ILSVRC2012_val_00001271.JPEG,n02066245,147,147,0.6425644,1,imagenet_c,defocus_blur,1,none
efficientnet_b4,ILSVRC2012_val_00001490.JPEG,n02066245,147,147,0.73697615,1,imagenet_c,defocus_blur,1,none
efficientnet_b4,ILSVRC2012_val_00002678.JPEG,n02066245,147,147,0.7751551,1,imagenet_c,defocus_blur,1,none
efficientnet_b4,ILSVRC2012_val_00003822.JPEG,n02066245,147,147,0.6517267,1,imagenet_c,defocus_blur,1,none
efficientnet_b4,ILSVRC2012_val_00004105.JPEG,n02066245,147,147,0.7446385,1,imagenet_c,defocus_blur,1,none
efficientnet_b4,ILSVRC2012_val_00004755.JPEG,n02066245,147,147,0.52449644,1,imagenet_c,defocus_blur,1,none
efficientnet_b4,ILSVRC2012_val_00005322.JPEG,n02066245,147,147,0.584695,1,imagenet_c,defocus_blur,1,none
efficientnet_b4,ILSVRC2012_val_00007399.JPEG,n02066245,147,147,0.52493304,1,imagenet_c,defocus_blur,1,none
efficientnet_b4,ILSVRC2012_val_00008684.JPEG,n02066245,147,147,0.6886349,1,imagenet_c,defocus_blur,1,none
efficientnet_b4,ILSVRC2012_val_00008771.JPEG,n02066245,147,147,0.37141222,1,imagenet_c,defocus_blur,1,none
efficientnet_b4,ILSVRC2012_val_00009440.JPEG,n02066245,147,147,0.7885752,1,imagenet_c,defocus_blur,1,none
efficientnet_b4,ILSVRC2012_val_00011468.JPEG,n02066245,147,147,0.46883982,1,imagenet_c,defocus_blur,1,none
efficientnet_b4,ILSVRC2012_val_00011596.JPEG,n02066245,147,147,0.36249954,1,imagenet_c,defocus_blur,1,none
efficientnet_b4,ILSVRC2012_val_00012511.JPEG,n02066245,147,147,0.79311806,1,imagenet_c,defocus_blur,1,none
efficientnet_b4,ILSVRC2012_val_00013025.JPEG,n02066245,147,147,0.7241668,1,imagenet_c,defocus_blur,1,none
efficientnet_b4,ILSVRC2012_val_00015203.JPEG,n02066245,147,147,0.55907947,1,imagenet_c,defocus_blur,1,none
efficientnet_b4,ILSVRC2012_val_00016771.JPEG,n02066245,147,147,0.4828215,1,imagenet_c,defocus_blur,1,none
efficientnet_b4,ILSVRC2012_val_00017716.JPEG,n02066245,147,147,0.06504291,1,imagenet_c,defocus_blur,1,none
efficientnet_b4,ILSVRC2012_val_00018438.JPEG,n02066245,147,34,0.04894902,0,imagenet_c,defocus_blur,1,none
efficientnet_b4,ILSVRC2012_val_00018500.JPEG,n02066245,147,978,0.049972482,0,imagenet_c,defocus_blur,1,none
efficientnet_b4,ILSVRC2012_val_00018578.JPEG,n02066245,147,147,0.6369298,1,imagenet_c,defocus_blur,1,none
efficientnet_b4,ILSVRC2012_val_00019629.JPEG,n02066245,147,147,0.7497547,1,imagenet_c,defocus_blur,1,none
efficientnet_b4,ILSVRC2012_val_00020123.JPEG,n02066245,147,143,0.18042986,0,imagenet_c,defocus_blur,1,none
efficientnet_b4,ILSVRC2012_val_00020707.JPEG,n02066245,147,147,0.8936499,1,imagenet_c,defocus_blur,1,none
efficientnet_b4,ILSVRC2012_val_00022105.JPEG,n02066245,147,147,0.35605285,1,imagenet_c,defocus_blur,1,none
efficientnet_b4,ILSVRC2012_val_00022756.JPEG,n02066245,147,350,0.04115094,0,imagenet_c,defocus_blur,1,none
efficientnet_b4,ILSVRC2012_val_00022773.JPEG,n02066245,147,147,0.16738151,1,imagenet_c,defocus_blur,1,none
efficientnet_b4,ILSVRC2012_val_00023319.JPEG,n02066245,147,147,0.7905682,1,imagenet_c,defocus_blur,1,none
efficientnet_b4,ILSVRC2012_val_00025825.JPEG,n02066245,147,147,0.65720737,1,imagenet_c,defocus_blur,1,none
efficientnet_b4,ILSVRC2012_val_00025891.JPEG,n02066245,147,147,0.7918621,1,imagenet_c,defocus_blur,1,none
efficientnet_b4,ILSVRC2012_val_00028770.JPEG,n02066245,147,147,0.5533382,1,imagenet_c,defocus_blur,1,none
efficientnet_b4,ILSVRC2012_val_00029505.JPEG,n02066245,147,147,0.20395106,1,imagenet_c,defocus_blur,1,none
efficientnet_b4,ILSVRC2012_val_00031226.JPEG,n02066245,147,147,0.559829,1,imagenet_c,defocus_blur,1,none
efficientnet_b4,ILSVRC2012_val_00033405.JPEG,n02066245,147,148,0.2705873,0,imagenet_c,defocus_blur,1,none
efficientnet_b4,ILSVRC2012_val_00033901.JPEG,n02066245,147,147,0.75039107,1,imagenet_c,defocus_blur,1,none
efficientnet_b4,ILSVRC2012_val_00034218.JPEG,n02066245,147,7,0.05017811,0,imagenet_c,defocus_blur,1,none
efficientnet_b4,ILSVRC2012_val_00034425.JPEG,n02066245,147,147,0.57821244,1,imagenet_c,defocus_blur,1,none
efficientnet_b4,ILSVRC2012_val_00035700.JPEG,n02066245,147,147,0.52310246,1,imagenet_c,defocus_blur,1,none
efficientnet_b4,ILSVRC2012_val_00037778.JPEG,n02066245,147,147,0.32552484,1,imagenet_c,defocus_blur,1,none
efficientnet_b4,ILSVRC2012_val_00037913.JPEG,n02066245,147,147,0.7818001,1,imagenet_c,defocus_blur,1,none
efficientnet_b4,ILSVRC2012_val_00038153.JPEG,n02066245,147,147,0.54231936,1,imagenet_c,defocus_blur,1,none
efficientnet_b4,ILSVRC2012_val_00039684.JPEG,n02066245,147,147,0.7961953,1,imagenet_c,defocus_blur,1,none
efficientnet_b4,ILSVRC2012_val_00041029.JPEG,n02066245,147,147,0.3577494,1,imagenet_c,defocus_blur,1,none
efficientnet_b4,ILSVRC2012_val_00042153.JPEG,n02066245,147,147,0.6655374,1,imagenet_c,defocus_blur,1,none
efficientnet_b4,ILSVRC2012_val_00045222.JPEG,n02066245,147,147,0.6849164,1,imagenet_c,defocus_blur,1,none
efficientnet_b4,ILSVRC2012_val_00047167.JPEG,n02066245,147,147,0.7646434,1,imagenet_c,defocus_blur,1,none
efficientnet_b4,ILSVRC2012_val_00048116.JPEG,n02066245,147,148,0.314554,0,imagenet_c,defocus_blur,1,none
efficientnet_b4,ILSVRC2012_val_00000545.JPEG,n02071294,148,148,0.646157,1,imagenet_c,defocus_blur,1,none
efficientnet_b4,ILSVRC2012_val_00002166.JPEG,n02071294,148,148,0.6817247,1,imagenet_c,defocus_blur,1,none
efficientnet_b4,ILSVRC2012_val_00003275.JPEG,n02071294,148,148,0.7145511,1,imagenet_c,defocus_blur,1,none
efficientnet_b4,ILSVRC2012_val_00005154.JPEG,n02071294,148,148,0.62917274,1,imagenet_c,defocus_blur,1,none
efficientnet_b4,ILSVRC2012_val_00005597.JPEG,n02071294,148,148,0.70701355,1,imagenet_c,defocus_blur,1,none
efficientnet_b4,ILSVRC2012_val_00006253.JPEG,n02071294,148,148,0.7171786,1,imagenet_c,defocus_blur,1,none
efficientnet_b4,ILSVRC2012_val_00007184.JPEG,n02071294,148,148,0.84693944,1,imagenet_c,defocus_blur,1,none
efficientnet_b4,ILSVRC2012_val_00007404.JPEG,n02071294,148,148,0.7172919,1,imagenet_c,defocus_blur,1,none
efficientnet_b4,ILSVRC2012_val_00009667.JPEG,n02071294,148,148,0.67566544,1,imagenet_c,defocus_blur,1,none
efficientnet_b4,ILSVRC2012_val_00010966.JPEG,n02071294,148,148,0.6233004,1,imagenet_c,defocus_blur,1,none
efficientnet_b4,ILSVRC2012_val_00012530.JPEG,n02071294,148,148,0.5636112,1,imagenet_c,defocus_blur,1,none
efficientnet_b4,ILSVRC2012_val_00012977.JPEG,n02071294,148,148,0.4478209,1,imagenet_c,defocus_blur,1,none
efficientnet_b4,ILSVRC2012_val_00013283.JPEG,n02071294,148,148,0.61084783,1,imagenet_c,defocus_blur,1,none
efficientnet_b4,ILSVRC2012_val_00014159.JPEG,n02071294,148,148,0.7037631,1,imagenet_c,defocus_blur,1,none
efficientnet_b4,ILSVRC2012_val_00014819.JPEG,n02071294,148,148,0.90424794,1,imagenet_c,defocus_blur,1,none
efficientnet_b4,ILSVRC2012_val_00015145.JPEG,n02071294,148,148,0.3858794,1,imagenet_c,defocus_blur,1,none
efficientnet_b4,ILSVRC2012_val_00015725.JPEG,n02071294,148,148,0.57417506,1,imagenet_c,defocus_blur,1,none
efficientnet_b4,ILSVRC2012_val_00015842.JPEG,n02071294,148,148,0.69472736,1,imagenet_c,defocus_blur,1,none
efficientnet_b4,ILSVRC2012_val_00016628.JPEG,n02071294,148,148,0.88244635,1,imagenet_c,defocus_blur,1,none
efficientnet_b4,ILSVRC2012_val_00019118.JPEG,n02071294,148,148,0.38110867,1,imagenet_c,defocus_blur,1,none
efficientnet_b4,ILSVRC2012_val_00023090.JPEG,n02071294,148,148,0.49534062,1,imagenet_c,defocus_blur,1,none
efficientnet_b4,ILSVRC2012_val_00023208.JPEG,n02071294,148,148,0.69430655,1,imagenet_c,defocus_blur,1,none
efficientnet_b4,ILSVRC2012_val_00024324.JPEG,n02071294,148,148,0.71547353,1,imagenet_c,defocus_blur,1,none
efficientnet_b4,ILSVRC2012_val_00024749.JPEG,n02071294,148,148,0.33492953,1,imagenet_c,defocus_blur,1,none
efficientnet_b4,ILSVRC2012_val_00025069.JPEG,n02071294,148,148,0.77098805,1,imagenet_c,defocus_blur,1,none
efficientnet_b4,ILSVRC2012_val_00026225.JPEG,n02071294,148,148,0.41280514,1,imagenet_c,defocus_blur,1,none
efficientnet_b4,ILSVRC2012_val_00026936.JPEG,n02071294,148,148,0.6731113,1,imagenet_c,defocus_blur,1,none
efficientnet_b4,ILSVRC2012_val_00028299.JPEG,n02071294,148,147,0.35065374,0,imagenet_c,defocus_blur,1,none
efficientnet_b4,ILSVRC2012_val_00028941.JPEG,n02071294,148,148,0.3549515,1,imagenet_c,defocus_blur,1,none
efficientnet_b4,ILSVRC2012_val_00029128.JPEG,n02071294,148,148,0.31320608,1,imagenet_c,defocus_blur,1,none
efficientnet_b4,ILSVRC2012_val_00030883.JPEG,n02071294,148,148,0.6229783,1,imagenet_c,defocus_blur,1,none
efficientnet_b4,ILSVRC2012_val_00030956.JPEG,n02071294,148,148,0.5760571,1,imagenet_c,defocus_blur,1,none
efficientnet_b4,ILSVRC2012_val_00033122.JPEG,n02071294,148,148,0.6600599,1,imagenet_c,defocus_blur,1,none
efficientnet_b4,ILSVRC2012_val_00033565.JPEG,n02071294,148,148,0.66759056,1,imagenet_c,defocus_blur,1,none
efficientnet_b4,ILSVRC2012_val_00034766.JPEG,n02071294,148,148,0.6518025,1,imagenet_c,defocus_blur,1,none
efficientnet_b4,ILSVRC2012_val_00035115.JPEG,n02071294,148,148,0.70585614,1,imagenet_c,defocus_blur,1,none
efficientnet_b4,ILSVRC2012_val_00035828.JPEG,n02071294,148,148,0.6162845,1,imagenet_c,defocus_blur,1,none
efficientnet_b4,ILSVRC2012_val_00038995.JPEG,n02071294,148,148,0.5403424,1,imagenet_c,defocus_blur,1,none
efficientnet_b4,ILSVRC2012_val_00039369.JPEG,n02071294,148,148,0.6277821,1,imagenet_c,defocus_blur,1,none
efficientnet_b4,ILSVRC2012_val_00039524.JPEG,n02071294,148,148,0.5595626,1,imagenet_c,defocus_blur,1,none
efficientnet_b4,ILSVRC2012_val_00040408.JPEG,n02071294,148,148,0.6051136,1,imagenet_c,defocus_blur,1,none
efficientnet_b4,ILSVRC2012_val_00041225.JPEG,n02071294,148,148,0.6712332,1,imagenet_c,defocus_blur,1,none
efficientnet_b4,ILSVRC2012_val_00042590.JPEG,n02071294,148,148,0.711109,1,imagenet_c,defocus_blur,1,none
efficientnet_b4,ILSVRC2012_val_00044061.JPEG,n02071294,148,148,0.67966425,1,imagenet_c,defocus_blur,1,none
efficientnet_b4,ILSVRC2012_val_00044130.JPEG,n02071294,148,148,0.7564026,1,imagenet_c,defocus_blur,1,none
efficientnet_b4,ILSVRC2012_val_00046988.JPEG,n02071294,148,148,0.6093116,1,imagenet_c,defocus_blur,1,none
efficientnet_b4,ILSVRC2012_val_00047523.JPEG,n02071294,148,148,0.43472445,1,imagenet_c,defocus_blur,1,none
efficientnet_b4,ILSVRC2012_val_00048794.JPEG,n02071294,148,148,0.42251253,1,imagenet_c,defocus_blur,1,none
efficientnet_b4,ILSVRC2012_val_00048861.JPEG,n02071294,148,148,0.7324183,1,imagenet_c,defocus_blur,1,none
efficientnet_b4,ILSVRC2012_val_00049801.JPEG,n02071294,148,148,0.6590097,1,imagenet_c,defocus_blur,1,none
efficientnet_b4,ILSVRC2012_val_00000072.JPEG,n02074367,149,149,0.69929683,1,imagenet_c,defocus_blur,1,none
efficientnet_b4,ILSVRC2012_val_00000578.JPEG,n02074367,149,149,0.43994385,1,imagenet_c,defocus_blur,1,none
efficientnet_b4,ILSVRC2012_val_00001544.JPEG,n02074367,149,149,0.74880433,1,imagenet_c,defocus_blur,1,none
efficientnet_b4,ILSVRC2012_val_00001608.JPEG,n02074367,149,149,0.6755759,1,imagenet_c,defocus_blur,1,none
efficientnet_b4,ILSVRC2012_val_00002000.JPEG,n02074367,149,422,0.044690605,0,imagenet_c,defocus_blur,1,none
efficientnet_b4,ILSVRC2012_val_00004600.JPEG,n02074367,149,149,0.5783086,1,imagenet_c,defocus_blur,1,none
efficientnet_b4,ILSVRC2012_val_00004669.JPEG,n02074367,149,149,0.586154,1,imagenet_c,defocus_blur,1,none
efficientnet_b4,ILSVRC2012_val_00004715.JPEG,n02074367,149,149,0.5924751,1,imagenet_c,defocus_blur,1,none
efficientnet_b4,ILSVRC2012_val_00006722.JPEG,n02074367,149,149,0.71598005,1,imagenet_c,defocus_blur,1,none
efficientnet_b4,ILSVRC2012_val_00008263.JPEG,n02074367,149,475,0.18791027,0,imagenet_c,defocus_blur,1,none
efficientnet_b4,ILSVRC2012_val_00008862.JPEG,n02074367,149,149,0.7233046,1,imagenet_c,defocus_blur,1,none
efficientnet_b4,ILSVRC2012_val_00008901.JPEG,n02074367,149,149,0.7069215,1,imagenet_c,defocus_blur,1,none
efficientnet_b4,ILSVRC2012_val_00009524.JPEG,n02074367,149,149,0.32555166,1,imagenet_c,defocus_blur,1,none
efficientnet_b4,ILSVRC2012_val_00011012.JPEG,n02074367,149,149,0.697215,1,imagenet_c,defocus_blur,1,none
efficientnet_b4,ILSVRC2012_val_00013333.JPEG,n02074367,149,149,0.6496523,1,imagenet_c,defocus_blur,1,none
efficientnet_b4,ILSVRC2012_val_00014550.JPEG,n02074367,149,149,0.68052936,1,imagenet_c,defocus_blur,1,none
efficientnet_b4,ILSVRC2012_val_00016382.JPEG,n02074367,149,149,0.5832333,1,imagenet_c,defocus_blur,1,none
efficientnet_b4,ILSVRC2012_val_00016820.JPEG,n02074367,149,149,0.6674095,1,imagenet_c,defocus_blur,1,none
efficientnet_b4,ILSVRC2012_val_00017048.JPEG,n02074367,149,149,0.6520063,1,imagenet_c,defocus_blur,1,none
efficientnet_b4,ILSVRC2012_val_00020097.JPEG,n02074367,149,149,0.67966795,1,imagenet_c,defocus_blur,1,none
efficientnet_b4,ILSVRC2012_val_00021584.JPEG,n02074367,149,149,0.618505,1,imagenet_c,defocus_blur,1,none
efficientnet_b4,ILSVRC2012_val_00022669.JPEG,n02074367,149,149,0.60139334,1,imagenet_c,defocus_blur,1,none
efficientnet_b4,ILSVRC2012_val_00023213.JPEG,n02074367,149,149,0.5026895,1,imagenet_c,defocus_blur,1,none
efficientnet_b4,ILSVRC2012_val_00024932.JPEG,n02074367,149,149,0.13872984,1,imagenet_c,defocus_blur,1,none
efficientnet_b4,ILSVRC2012_val_00025641.JPEG,n02074367,149,149,0.64050037,1,imagenet_c,defocus_blur,1,none
efficientnet_b4,ILSVRC2012_val_00028337.JPEG,n02074367,149,149,0.74391973,1,imagenet_c,defocus_blur,1,none
efficientnet_b4,ILSVRC2012_val_00028666.JPEG,n02074367,149,149,0.59890395,1,imagenet_c,defocus_blur,1,none
efficientnet_b4,ILSVRC2012_val_00029549.JPEG,n02074367,149,3,0.36498144,0,imagenet_c,defocus_blur,1,none
efficientnet_b4,ILSVRC2012_val_00030029.JPEG,n02074367,149,149,0.37302798,1,imagenet_c,defocus_blur,1,none
efficientnet_b4,ILSVRC2012_val_00030275.JPEG,n02074367,149,149,0.74347585,1,imagenet_c,defocus_blur,1,none
efficientnet_b4,ILSVRC2012_val_00031557.JPEG,n02074367,149,149,0.7247042,1,imagenet_c,defocus_blur,1,none
efficientnet_b4,ILSVRC2012_val_00031855.JPEG,n02074367,149,149,0.2246843,1,imagenet_c,defocus_blur,1,none
efficientnet_b4,ILSVRC2012_val_00032779.JPEG,n02074367,149,149,0.7843665,1,imagenet_c,defocus_blur,1,none
efficientnet_b4,ILSVRC2012_val_00033599.JPEG,n02074367,149,149,0.7437351,1,imagenet_c,defocus_blur,1,none
efficientnet_b4,ILSVRC2012_val_00033885.JPEG,n02074367,149,149,0.7523612,1,imagenet_c,defocus_blur,1,none
efficientnet_b4,ILSVRC2012_val_00035207.JPEG,n02074367,149,149,0.6334538,1,imagenet_c,defocus_blur,1,none
efficientnet_b4,ILSVRC2012_val_00037091.JPEG,n02074367,149,149,0.7190805,1,imagenet_c,defocus_blur,1,none
efficientnet_b4,ILSVRC2012_val_00037474.JPEG,n02074367,149,149,0.5699551,1,imagenet_c,defocus_blur,1,none
efficientnet_b4,ILSVRC2012_val_00037642.JPEG,n02074367,149,149,0.62930375,1,imagenet_c,defocus_blur,1,none
efficientnet_b4,ILSVRC2012_val_00037898.JPEG,n02074367,149,149,0.77952117,1,imagenet_c,defocus_blur,1,none
efficientnet_b4,ILSVRC2012_val_00038110.JPEG,n02074367,149,149,0.6678357,1,imagenet_c,defocus_blur,1,none
efficientnet_b4,ILSVRC2012_val_00038311.JPEG,n02074367,149,149,0.25472814,1,imagenet_c,defocus_blur,1,none
efficientnet_b4,ILSVRC2012_val_00039158.JPEG,n02074367,149,149,0.7554154,1,imagenet_c,defocus_blur,1,none
efficientnet_b4,ILSVRC2012_val_00039561.JPEG,n02074367,149,149,0.66207594,1,imagenet_c,defocus_blur,1,none
efficientnet_b4,ILSVRC2012_val_00040083.JPEG,n02074367,149,149,0.7590369,1,imagenet_c,defocus_blur,1,none
efficientnet_b4,ILSVRC2012_val_00040724.JPEG,n02074367,149,149,0.606243,1,imagenet_c,defocus_blur,1,none
efficientnet_b4,ILSVRC2012_val_00043097.JPEG,n02074367,149,149,0.7146048,1,imagenet_c,defocus_blur,1,none
efficientnet_b4,ILSVRC2012_val_00043544.JPEG,n02074367,149,149,0.61528254,1,imagenet_c,defocus_blur,1,none
efficientnet_b4,ILSVRC2012_val_00046218.JPEG,n02074367,149,149,0.6780557,1,imagenet_c,defocus_blur,1,none
efficientnet_b4,ILSVRC2012_val_00049726.JPEG,n02074367,149,149,0.6114393,1,imagenet_c,defocus_blur,1,none
efficientnet_b4,ILSVRC2012_val_00000033.JPEG,n02077923,150,360,0.2123946,0,imagenet_c,defocus_blur,1,none
efficientnet_b4,ILSVRC2012_val_00001472.JPEG,n02077923,150,150,0.73665744,1,imagenet_c,defocus_blur,1,none
efficientnet_b4,ILSVRC2012_val_00002504.JPEG,n02077923,150,150,0.71523917,1,imagenet_c,defocus_blur,1,none
efficientnet_b4,ILSVRC2012_val_00003149.JPEG,n02077923,150,150,0.4385625,1,imagenet_c,defocus_blur,1,none
efficientnet_b4,ILSVRC2012_val_00003335.JPEG,n02077923,150,150,0.5880223,1,imagenet_c,defocus_blur,1,none
efficientnet_b4,ILSVRC2012_val_00003574.JPEG,n02077923,150,150,0.6073361,1,imagenet_c,defocus_blur,1,none
efficientnet_b4,ILSVRC2012_val_00004302.JPEG,n02077923,150,150,0.23113781,1,imagenet_c,defocus_blur,1,none
efficientnet_b4,ILSVRC2012_val_00005360.JPEG,n02077923,150,150,0.6053895,1,imagenet_c,defocus_blur,1,none
efficientnet_b4,ILSVRC2012_val_00007193.JPEG,n02077923,150,2,0.05756092,0,imagenet_c,defocus_blur,1,none
efficientnet_b4,ILSVRC2012_val_00011255.JPEG,n02077923,150,150,0.4924947,1,imagenet_c,defocus_blur,1,none
efficientnet_b4,ILSVRC2012_val_00012176.JPEG,n02077923,150,103,0.07748029,0,imagenet_c,defocus_blur,1,none
efficientnet_b4,ILSVRC2012_val_00012330.JPEG,n02077923,150,150,0.5256704,1,imagenet_c,defocus_blur,1,none
efficientnet_b4,ILSVRC2012_val_00013004.JPEG,n02077923,150,150,0.82435304,1,imagenet_c,defocus_blur,1,none
efficientnet_b4,ILSVRC2012_val_00013809.JPEG,n02077923,150,150,0.5450504,1,imagenet_c,defocus_blur,1,none
efficientnet_b4,ILSVRC2012_val_00015925.JPEG,n02077923,150,718,0.11330234,0,imagenet_c,defocus_blur,1,none
efficientnet_b4,ILSVRC2012_val_00017786.JPEG,n02077923,150,34,0.07223782,0,imagenet_c,defocus_blur,1,none
efficientnet_b4,ILSVRC2012_val_00020975.JPEG,n02077923,150,150,0.5539967,1,imagenet_c,defocus_blur,1,none
efficientnet_b4,ILSVRC2012_val_00021764.JPEG,n02077923,150,976,0.07733042,0,imagenet_c,defocus_blur,1,none
efficientnet_b4,ILSVRC2012_val_00022358.JPEG,n02077923,150,150,0.6427232,1,imagenet_c,defocus_blur,1,none
efficientnet_b4,ILSVRC2012_val_00022732.JPEG,n02077923,150,150,0.5697419,1,imagenet_c,defocus_blur,1,none
efficientnet_b4,ILSVRC2012_val_00023070.JPEG,n02077923,150,150,0.5032884,1,imagenet_c,defocus_blur,1,none
efficientnet_b4,ILSVRC2012_val_00023081.JPEG,n02077923,150,150,0.42768955,1,imagenet_c,defocus_blur,1,none
efficientnet_b4,ILSVRC2012_val_00025926.JPEG,n02077923,150,150,0.38500473,1,imagenet_c,defocus_blur,1,none
efficientnet_b4,ILSVRC2012_val_00026125.JPEG,n02077923,150,98,0.39682683,0,imagenet_c,defocus_blur,1,none
efficientnet_b4,ILSVRC2012_val_00026339.JPEG,n02077923,150,148,0.47818384,0,imagenet_c,defocus_blur,1,none
efficientnet_b4,ILSVRC2012_val_00026593.JPEG,n02077923,150,150,0.07160583,1,imagenet_c,defocus_blur,1,none
efficientnet_b4,ILSVRC2012_val_00027024.JPEG,n02077923,150,150,0.32639882,1,imagenet_c,defocus_blur,1,none
efficientnet_b4,ILSVRC2012_val_00027457.JPEG,n02077923,150,801,0.41448584,0,imagenet_c,defocus_blur,1,none
efficientnet_b4,ILSVRC2012_val_00027866.JPEG,n02077923,150,150,0.42105433,1,imagenet_c,defocus_blur,1,none
efficientnet_b4,ILSVRC2012_val_00029409.JPEG,n02077923,150,150,0.69155735,1,imagenet_c,defocus_blur,1,none
efficientnet_b4,ILSVRC2012_val_00029634.JPEG,n02077923,150,150,0.68338186,1,imagenet_c,defocus_blur,1,none
efficientnet_b4,ILSVRC2012_val_00030365.JPEG,n02077923,150,150,0.72404784,1,imagenet_c,defocus_blur,1,none
efficientnet_b4,ILSVRC2012_val_00030675.JPEG,n02077923,150,150,0.49619976,1,imagenet_c,defocus_blur,1,none
efficientnet_b4,ILSVRC2012_val_00032166.JPEG,n02077923,150,150,0.64027965,1,imagenet_c,defocus_blur,1,none
efficientnet_b4,ILSVRC2012_val_00032540.JPEG,n02077923,150,150,0.6178283,1,imagenet_c,defocus_blur,1,none
efficientnet_b4,ILSVRC2012_val_00032816.JPEG,n02077923,150,975,0.0401113,0,imagenet_c,defocus_blur,1,none
efficientnet_b4,ILSVRC2012_val_00033000.JPEG,n02077923,150,150,0.47207108,1,imagenet_c,defocus_blur,1,none
efficientnet_b4,ILSVRC2012_val_00038217.JPEG,n02077923,150,150,0.40245578,1,imagenet_c,defocus_blur,1,none
efficientnet_b4,ILSVRC2012_val_00038371.JPEG,n02077923,150,996,0.24114467,0,imagenet_c,defocus_blur,1,none
efficientnet_b4,ILSVRC2012_val_00038726.JPEG,n02077923,150,150,0.6921873,1,imagenet_c,defocus_blur,1,none
efficientnet_b4,ILSVRC2012_val_00039641.JPEG,n02077923,150,150,0.2637341,1,imagenet_c,defocus_blur,1,none
efficientnet_b4,ILSVRC2012_val_00041773.JPEG,n02077923,150,976,0.1219125,0,imagenet_c,defocus_blur,1,none
efficientnet_b4,ILSVRC2012_val_00043231.JPEG,n02077923,150,150,0.5580593,1,imagenet_c,defocus_blur,1,none
efficientnet_b4,ILSVRC2012_val_00043549.JPEG,n02077923,150,150,0.15184473,1,imagenet_c,defocus_blur,1,none
efficientnet_b4,ILSVRC2012_val_00044328.JPEG,n02077923,150,362,0.09835049,0,imagenet_c,defocus_blur,1,none
efficientnet_b4,ILSVRC2012_val_00045435.JPEG,n02077923,150,150,0.6081639,1,imagenet_c,defocus_blur,1,none
efficientnet_b4,ILSVRC2012_val_00046758.JPEG,n02077923,150,149,0.26478165,0,imagenet_c,defocus_blur,1,none
efficientnet_b4,ILSVRC2012_val_00046767.JPEG,n02077923,150,344,0.13449807,0,imagenet_c,defocus_blur,1,none
efficientnet_b4,ILSVRC2012_val_00047983.JPEG,n02077923,150,150,0.2080754,1,imagenet_c,defocus_blur,1,none
efficientnet_b4,ILSVRC2012_val_00048240.JPEG,n02077923,150,149,0.52161133,0,imagenet_c,defocus_blur,1,none
efficientnet_b4,ILSVRC2012_val_00001049.JPEG,n02085620,151,151,0.65989107,1,imagenet_c,defocus_blur,1,none
efficientnet_b4,ILSVRC2012_val_00002917.JPEG,n02085620,151,158,0.65402067,0,imagenet_c,defocus_blur,1,none
efficientnet_b4,ILSVRC2012_val_00002921.JPEG,n02085620,151,237,0.09191717,0,imagenet_c,defocus_blur,1,none
efficientnet_b4,ILSVRC2012_val_00006079.JPEG,n02085620,151,151,0.48859286,1,imagenet_c,defocus_blur,1,none
efficientnet_b4,ILSVRC2012_val_00006892.JPEG,n02085620,151,158,0.23200051,0,imagenet_c,defocus_blur,1,none
efficientnet_b4,ILSVRC2012_val_00011555.JPEG,n02085620,151,151,0.45814544,1,imagenet_c,defocus_blur,1,none
efficientnet_b4,ILSVRC2012_val_00011639.JPEG,n02085620,151,234,0.116021425,0,imagenet_c,defocus_blur,1,none
efficientnet_b4,ILSVRC2012_val_00011728.JPEG,n02085620,151,151,0.57226306,1,imagenet_c,defocus_blur,1,none
efficientnet_b4,ILSVRC2012_val_00011900.JPEG,n02085620,151,171,0.21845493,0,imagenet_c,defocus_blur,1,none
efficientnet_b4,ILSVRC2012_val_00012035.JPEG,n02085620,151,151,0.102076374,1,imagenet_c,defocus_blur,1,none
efficientnet_b4,ILSVRC2012_val_00013195.JPEG,n02085620,151,158,0.48892304,0,imagenet_c,defocus_blur,1,none
efficientnet_b4,ILSVRC2012_val_00014409.JPEG,n02085620,151,162,0.66173553,0,imagenet_c,defocus_blur,1,none
efficientnet_b4,ILSVRC2012_val_00016688.JPEG,n02085620,151,152,0.18277465,0,imagenet_c,defocus_blur,1,none
efficientnet_b4,ILSVRC2012_val_00016757.JPEG,n02085620,151,157,0.23789316,0,imagenet_c,defocus_blur,1,none
efficientnet_b4,ILSVRC2012_val_00017702.JPEG,n02085620,151,173,0.114861,0,imagenet_c,defocus_blur,1,none
efficientnet_b4,ILSVRC2012_val_00018882.JPEG,n02085620,151,157,0.25123003,0,imagenet_c,defocus_blur,1,none
efficientnet_b4,ILSVRC2012_val_00019402.JPEG,n02085620,151,186,0.251932,0,imagenet_c,defocus_blur,1,none
efficientnet_b4,ILSVRC2012_val_00020016.JPEG,n02085620,151,151,0.41347626,1,imagenet_c,defocus_blur,1,none
efficientnet_b4,ILSVRC2012_val_00021266.JPEG,n02085620,151,151,0.18712008,1,imagenet_c,defocus_blur,1,none
efficientnet_b4,ILSVRC2012_val_00022609.JPEG,n02085620,151,195,0.18116914,0,imagenet_c,defocus_blur,1,none
efficientnet_b4,ILSVRC2012_val_00023234.JPEG,n02085620,151,158,0.3953845,0,imagenet_c,defocus_blur,1,none
efficientnet_b4,ILSVRC2012_val_00023749.JPEG,n02085620,151,158,0.30385122,0,imagenet_c,defocus_blur,1,none
efficientnet_b4,ILSVRC2012_val_00023886.JPEG,n02085620,151,174,0.17989735,0,imagenet_c,defocus_blur,1,none
efficientnet_b4,ILSVRC2012_val_00024126.JPEG,n02085620,151,158,0.29558665,0,imagenet_c,defocus_blur,1,none
efficientnet_b4,ILSVRC2012_val_00024590.JPEG,n02085620,151,157,0.2414175,0,imagenet_c,defocus_blur,1,none
efficientnet_b4,ILSVRC2012_val_00026910.JPEG,n02085620,151,151,0.642714,1,imagenet_c,defocus_blur,1,none
efficientnet_b4,ILSVRC2012_val_00027452.JPEG,n02085620,151,231,0.09983784,0,imagenet_c,defocus_blur,1,none
efficientnet_b4,ILSVRC2012_val_00028943.JPEG,n02085620,151,230,0.12757622,0,imagenet_c,defocus_blur,1,none
efficientnet_b4,ILSVRC2012_val_00029289.JPEG,n02085620,151,158,0.2611492,0,imagenet_c,defocus_blur,1,none
efficientnet_b4,ILSVRC2012_val_00029450.JPEG,n02085620,151,158,0.42527366,0,imagenet_c,defocus_blur,1,none
efficientnet_b4,ILSVRC2012_val_00030519.JPEG,n02085620,151,151,0.7063214,1,imagenet_c,defocus_blur,1,none
efficientnet_b4,ILSVRC2012_val_00031154.JPEG,n02085620,151,151,0.66479385,1,imagenet_c,defocus_blur,1,none
efficientnet_b4,ILSVRC2012_val_00031597.JPEG,n02085620,151,158,0.6580845,0,imagenet_c,defocus_blur,1,none
efficientnet_b4,ILSVRC2012_val_00031634.JPEG,n02085620,151,151,0.58838433,1,imagenet_c,defocus_blur,1,none
efficientnet_b4,ILSVRC2012_val_00034782.JPEG,n02085620,151,151,0.72931,1,imagenet_c,defocus_blur,1,none
efficientnet_b4,ILSVRC2012_val_00036150.JPEG,n02085620,151,158,0.22250898,0,imagenet_c,defocus_blur,1,none
efficientnet_b4,ILSVRC2012_val_00037791.JPEG,n02085620,151,157,0.17234498,0,imagenet_c,defocus_blur,1,none
efficientnet_b4,ILSVRC2012_val_00038157.JPEG,n02085620,151,151,0.67149794,1,imagenet_c,defocus_blur,1,none
efficientnet_b4,ILSVRC2012_val_00039188.JPEG,n02085620,151,151,0.1417706,1,imagenet_c,defocus_blur,1,none
efficientnet_b4,ILSVRC2012_val_00039439.JPEG,n02085620,151,151,0.5901407,1,imagenet_c,defocus_blur,1,none
efficientnet_b4,ILSVRC2012_val_00040731.JPEG,n02085620,151,151,0.38343278,1,imagenet_c,defocus_blur,1,none
efficientnet_b4,ILSVRC2012_val_00040732.JPEG,n02085620,151,151,0.61144257,1,imagenet_c,defocus_blur,1,none
efficientnet_b4,ILSVRC2012_val_00041000.JPEG,n02085620,151,151,0.13225105,1,imagenet_c,defocus_blur,1,none
efficientnet_b4,ILSVRC2012_val_00041205.JPEG,n02085620,151,151,0.2107535,1,imagenet_c,defocus_blur,1,none
efficientnet_b4,ILSVRC2012_val_00041642.JPEG,n02085620,151,151,0.51257336,1,imagenet_c,defocus_blur,1,none
efficientnet_b4,ILSVRC2012_val_00041819.JPEG,n02085620,151,151,0.33048603,1,imagenet_c,defocus_blur,1,none
efficientnet_b4,ILSVRC2012_val_00043872.JPEG,n02085620,151,151,0.62875235,1,imagenet_c,defocus_blur,1,none
efficientnet_b4,ILSVRC2012_val_00045358.JPEG,n02085620,151,151,0.35990548,1,imagenet_c,defocus_blur,1,none
efficientnet_b4,ILSVRC2012_val_00046450.JPEG,n02085620,151,151,0.21823272,1,imagenet_c,defocus_blur,1,none
efficientnet_b4,ILSVRC2012_val_00049159.JPEG,n02085620,151,151,0.5586928,1,imagenet_c,defocus_blur,1,none
efficientnet_b4,ILSVRC2012_val_00000462.JPEG,n02085782,152,152,0.6344579,1,imagenet_c,defocus_blur,1,none
efficientnet_b4,ILSVRC2012_val_00001225.JPEG,n02085782,152,152,0.75820816,1,imagenet_c,defocus_blur,1,none
efficientnet_b4,ILSVRC2012_val_00001228.JPEG,n02085782,152,152,0.8018805,1,imagenet_c,defocus_blur,1,none
efficientnet_b4,ILSVRC2012_val_00001779.JPEG,n02085782,152,152,0.6518209,1,imagenet_c,defocus_blur,1,none
efficientnet_b4,ILSVRC2012_val_00003953.JPEG,n02085782,152,152,0.68126225,1,imagenet_c,defocus_blur,1,none
efficientnet_b4,ILSVRC2012_val_00004671.JPEG,n02085782,152,152,0.5435878,1,imagenet_c,defocus_blur,1,none
efficientnet_b4,ILSVRC2012_val_00006146.JPEG,n02085782,152,155,0.1806585,0,imagenet_c,defocus_blur,1,none
efficientnet_b4,ILSVRC2012_val_00007088.JPEG,n02085782,152,152,0.74024326,1,imagenet_c,defocus_blur,1,none
efficientnet_b4,ILSVRC2012_val_00009007.JPEG,n02085782,152,152,0.36000922,1,imagenet_c,defocus_blur,1,none
efficientnet_b4,ILSVRC2012_val_00009247.JPEG,n02085782,152,152,0.75490373,1,imagenet_c,defocus_blur,1,none
efficientnet_b4,ILSVRC2012_val_00010516.JPEG,n02085782,152,152,0.32551184,1,imagenet_c,defocus_blur,1,none
efficientnet_b4,ILSVRC2012_val_00011749.JPEG,n02085782,152,152,0.69814265,1,imagenet_c,defocus_blur,1,none
efficientnet_b4,ILSVRC2012_val_00011985.JPEG,n02085782,152,152,0.74743724,1,imagenet_c,defocus_blur,1,none
efficientnet_b4,ILSVRC2012_val_00012298.JPEG,n02085782,152,156,0.67878246,0,imagenet_c,defocus_blur,1,none
efficientnet_b4,ILSVRC2012_val_00014911.JPEG,n02085782,152,152,0.64756995,1,imagenet_c,defocus_blur,1,none
efficientnet_b4,ILSVRC2012_val_00015082.JPEG,n02085782,152,152,0.8257673,1,imagenet_c,defocus_blur,1,none
efficientnet_b4,ILSVRC2012_val_00015670.JPEG,n02085782,152,152,0.6632034,1,imagenet_c,defocus_blur,1,none
efficientnet_b4,ILSVRC2012_val_00015730.JPEG,n02085782,152,152,0.5492353,1,imagenet_c,defocus_blur,1,none
efficientnet_b4,ILSVRC2012_val_00016603.JPEG,n02085782,152,152,0.63140064,1,imagenet_c,defocus_blur,1,none
efficientnet_b4,ILSVRC2012_val_00018296.JPEG,n02085782,152,152,0.59147537,1,imagenet_c,defocus_blur,1,none
efficientnet_b4,ILSVRC2012_val_00019130.JPEG,n02085782,152,152,0.65943736,1,imagenet_c,defocus_blur,1,none
efficientnet_b4,ILSVRC2012_val_00021896.JPEG,n02085782,152,154,0.18041623,0,imagenet_c,defocus_blur,1,none
efficientnet_b4,ILSVRC2012_val_00022438.JPEG,n02085782,152,152,0.77014345,1,imagenet_c,defocus_blur,1,none
efficientnet_b4,ILSVRC2012_val_00022490.JPEG,n02085782,152,152,0.87193394,1,imagenet_c,defocus_blur,1,none
efficientnet_b4,ILSVRC2012_val_00025098.JPEG,n02085782,152,152,0.723832,1,imagenet_c,defocus_blur,1,none
efficientnet_b4,ILSVRC2012_val_00025437.JPEG,n02085782,152,152,0.3745042,1,imagenet_c,defocus_blur,1,none
efficientnet_b4,ILSVRC2012_val_00026017.JPEG,n02085782,152,152,0.47746575,1,imagenet_c,defocus_blur,1,none
efficientnet_b4,ILSVRC2012_val_00028459.JPEG,n02085782,152,152,0.8928303,1,imagenet_c,defocus_blur,1,none
efficientnet_b4,ILSVRC2012_val_00028706.JPEG,n02085782,152,152,0.8550961,1,imagenet_c,defocus_blur,1,none
efficientnet_b4,ILSVRC2012_val_00029262.JPEG,n02085782,152,152,0.44110292,1,imagenet_c,defocus_blur,1,none
efficientnet_b4,ILSVRC2012_val_00031068.JPEG,n02085782,152,152,0.55889225,1,imagenet_c,defocus_blur,1,none
efficientnet_b4,ILSVRC2012_val_00031965.JPEG,n02085782,152,152,0.7238587,1,imagenet_c,defocus_blur,1,none
efficientnet_b4,ILSVRC2012_val_00033200.JPEG,n02085782,152,152,0.65625787,1,imagenet_c,defocus_blur,1,none
efficientnet_b4,ILSVRC2012_val_00033222.JPEG,n02085782,152,152,0.80216074,1,imagenet_c,defocus_blur,1,none
efficientnet_b4,ILSVRC2012_val_00033476.JPEG,n02085782,152,156,0.3167785,0,imagenet_c,defocus_blur,1,none
efficientnet_b4,ILSVRC2012_val_00034040.JPEG,n02085782,152,152,0.70129883,1,imagenet_c,defocus_blur,1,none
efficientnet_b4,ILSVRC2012_val_00036267.JPEG,n02085782,152,157,0.40580803,0,imagenet_c,defocus_blur,1,none
efficientnet_b4,ILSVRC2012_val_00036433.JPEG,n02085782,152,152,0.5300369,1,imagenet_c,defocus_blur,1,none
efficientnet_b4,ILSVRC2012_val_00036890.JPEG,n02085782,152,152,0.84764236,1,imagenet_c,defocus_blur,1,none
efficientnet_b4,ILSVRC2012_val_00037230.JPEG,n02085782,152,152,0.63036704,1,imagenet_c,defocus_blur,1,none
efficientnet_b4,ILSVRC2012_val_00037960.JPEG,n02085782,152,152,0.6850966,1,imagenet_c,defocus_blur,1,none
efficientnet_b4,ILSVRC2012_val_00038247.JPEG,n02085782,152,152,0.66510844,1,imagenet_c,defocus_blur,1,none
efficientnet_b4,ILSVRC2012_val_00038257.JPEG,n02085782,152,152,0.78538775,1,imagenet_c,defocus_blur,1,none
efficientnet_b4,ILSVRC2012_val_00041705.JPEG,n02085782,152,152,0.84019613,1,imagenet_c,defocus_blur,1,none
efficientnet_b4,ILSVRC2012_val_00043201.JPEG,n02085782,152,152,0.85611486,1,imagenet_c,defocus_blur,1,none
efficientnet_b4,ILSVRC2012_val_00043776.JPEG,n02085782,152,154,0.52749425,0,imagenet_c,defocus_blur,1,none
efficientnet_b4,ILSVRC2012_val_00044642.JPEG,n02085782,152,152,0.8107658,1,imagenet_c,defocus_blur,1,none
efficientnet_b4,ILSVRC2012_val_00046629.JPEG,n02085782,152,152,0.7757031,1,imagenet_c,defocus_blur,1,none
efficientnet_b4,ILSVRC2012_val_00047276.JPEG,n02085782,152,152,0.5408621,1,imagenet_c,defocus_blur,1,none
efficientnet_b4,ILSVRC2012_val_00048123.JPEG,n02085782,152,152,0.7801785,1,imagenet_c,defocus_blur,1,none
efficientnet_b4,ILSVRC2012_val_00000457.JPEG,n02085936,153,153,0.39920968,1,imagenet_c,defocus_blur,1,none
efficientnet_b4,ILSVRC2012_val_00002214.JPEG,n02085936,153,153,0.3676899,1,imagenet_c,defocus_blur,1,none
efficientnet_b4,ILSVRC2012_val_00002683.JPEG,n02085936,153,153,0.26854613,1,imagenet_c,defocus_blur,1,none
efficientnet_b4,ILSVRC2012_val_00003723.JPEG,n02085936,153,190,0.26278087,0,imagenet_c,defocus_blur,1,none
efficientnet_b4,ILSVRC2012_val_00004748.JPEG,n02085936,153,153,0.6486113,1,imagenet_c,defocus_blur,1,none
efficientnet_b4,ILSVRC2012_val_00005738.JPEG,n02085936,153,153,0.7024507,1,imagenet_c,defocus_blur,1,none
efficientnet_b4,ILSVRC2012_val_00007652.JPEG,n02085936,153,153,0.3692818,1,imagenet_c,defocus_blur,1,none
efficientnet_b4,ILSVRC2012_val_00008794.JPEG,n02085936,153,153,0.70101947,1,imagenet_c,defocus_blur,1,none
efficientnet_b4,ILSVRC2012_val_00008811.JPEG,n02085936,153,153,0.43619636,1,imagenet_c,defocus_blur,1,none
efficientnet_b4,ILSVRC2012_val_00010238.JPEG,n02085936,153,204,0.44564143,0,imagenet_c,defocus_blur,1,none
efficientnet_b4,ILSVRC2012_val_00010920.JPEG,n02085936,153,153,0.51274836,1,imagenet_c,defocus_blur,1,none
efficientnet_b4,ILSVRC2012_val_00011612.JPEG,n02085936,153,153,0.4136649,1,imagenet_c,defocus_blur,1,none
efficientnet_b4,ILSVRC2012_val_00011768.JPEG,n02085936,153,153,0.15587857,1,imagenet_c,defocus_blur,1,none
efficientnet_b4,ILSVRC2012_val_00011805.JPEG,n02085936,153,153,0.14419949,1,imagenet_c,defocus_blur,1,none
efficientnet_b4,ILSVRC2012_val_00012291.JPEG,n02085936,153,153,0.61849874,1,imagenet_c,defocus_blur,1,none
efficientnet_b4,ILSVRC2012_val_00014747.JPEG,n02085936,153,153,0.68855935,1,imagenet_c,defocus_blur,1,none
efficientnet_b4,ILSVRC2012_val_00015300.JPEG,n02085936,153,153,0.14827742,1,imagenet_c,defocus_blur,1,none
efficientnet_b4,ILSVRC2012_val_00015807.JPEG,n02085936,153,153,0.34429762,1,imagenet_c,defocus_blur,1,none
efficientnet_b4,ILSVRC2012_val_00016245.JPEG,n02085936,153,153,0.47759253,1,imagenet_c,defocus_blur,1,none
efficientnet_b4,ILSVRC2012_val_00016841.JPEG,n02085936,153,153,0.5412425,1,imagenet_c,defocus_blur,1,none
efficientnet_b4,ILSVRC2012_val_00018264.JPEG,n02085936,153,153,0.18921416,1,imagenet_c,defocus_blur,1,none
efficientnet_b4,ILSVRC2012_val_00018695.JPEG,n02085936,153,153,0.62770283,1,imagenet_c,defocus_blur,1,none
efficientnet_b4,ILSVRC2012_val_00021168.JPEG,n02085936,153,153,0.35274965,1,imagenet_c,defocus_blur,1,none
efficientnet_b4,ILSVRC2012_val_00021452.JPEG,n02085936,153,153,0.47453046,1,imagenet_c,defocus_blur,1,none
efficientnet_b4,ILSVRC2012_val_00024569.JPEG,n02085936,153,153,0.6742998,1,imagenet_c,defocus_blur,1,none
efficientnet_b4,ILSVRC2012_val_00024809.JPEG,n02085936,153,153,0.38469437,1,imagenet_c,defocus_blur,1,none
efficientnet_b4,ILSVRC2012_val_00026761.JPEG,n02085936,153,153,0.5280081,1,imagenet_c,defocus_blur,1,none
efficientnet_b4,ILSVRC2012_val_00028282.JPEG,n02085936,153,153,0.6075533,1,imagenet_c,defocus_blur,1,none
efficientnet_b4,ILSVRC2012_val_00029546.JPEG,n02085936,153,153,0.57758003,1,imagenet_c,defocus_blur,1,none
efficientnet_b4,ILSVRC2012_val_00030056.JPEG,n02085936,153,153,0.23754229,1,imagenet_c,defocus_blur,1,none
efficientnet_b4,ILSVRC2012_val_00030135.JPEG,n02085936,153,153,0.16078323,1,imagenet_c,defocus_blur,1,none
efficientnet_b4,ILSVRC2012_val_00030449.JPEG,n02085936,153,153,0.48282582,1,imagenet_c,defocus_blur,1,none
efficientnet_b4,ILSVRC2012_val_00030893.JPEG,n02085936,153,229,0.20981729,0,imagenet_c,defocus_blur,1,none
efficientnet_b4,ILSVRC2012_val_00033310.JPEG,n02085936,153,257,0.122193225,0,imagenet_c,defocus_blur,1,none
efficientnet_b4,ILSVRC2012_val_00034259.JPEG,n02085936,153,266,0.15331271,0,imagenet_c,defocus_blur,1,none
efficientnet_b4,ILSVRC2012_val_00034602.JPEG,n02085936,153,194,0.14683397,0,imagenet_c,defocus_blur,1,none
efficientnet_b4,ILSVRC2012_val_00036350.JPEG,n02085936,153,153,0.68315643,1,imagenet_c,defocus_blur,1,none
efficientnet_b4,ILSVRC2012_val_00038155.JPEG,n02085936,153,153,0.34864774,1,imagenet_c,defocus_blur,1,none
efficientnet_b4,ILSVRC2012_val_00039146.JPEG,n02085936,153,153,0.15971358,1,imagenet_c,defocus_blur,1,none
efficientnet_b4,ILSVRC2012_val_00039695.JPEG,n02085936,153,153,0.59505373,1,imagenet_c,defocus_blur,1,none
efficientnet_b4,ILSVRC2012_val_00040150.JPEG,n02085936,153,153,0.20553043,1,imagenet_c,defocus_blur,1,none
efficientnet_b4,ILSVRC2012_val_00040549.JPEG,n02085936,153,153,0.65975904,1,imagenet_c,defocus_blur,1,none
efficientnet_b4,ILSVRC2012_val_00041529.JPEG,n02085936,153,969,0.17175332,0,imagenet_c,defocus_blur,1,none
efficientnet_b4,ILSVRC2012_val_00041918.JPEG,n02085936,153,229,0.16677317,0,imagenet_c,defocus_blur,1,none
efficientnet_b4,ILSVRC2012_val_00043839.JPEG,n02085936,153,153,0.46005338,1,imagenet_c,defocus_blur,1,none
efficientnet_b4,ILSVRC2012_val_00045134.JPEG,n02085936,153,153,0.6232383,1,imagenet_c,defocus_blur,1,none
efficientnet_b4,ILSVRC2012_val_00046819.JPEG,n02085936,153,153,0.5135519,1,imagenet_c,defocus_blur,1,none
efficientnet_b4,ILSVRC2012_val_00047729.JPEG,n02085936,153,153,0.5132285,1,imagenet_c,defocus_blur,1,none
efficientnet_b4,ILSVRC2012_val_00048280.JPEG,n02085936,153,153,0.5038093,1,imagenet_c,defocus_blur,1,none
efficientnet_b4,ILSVRC2012_val_00048783.JPEG,n02085936,153,190,0.13010861,0,imagenet_c,defocus_blur,1,none
efficientnet_b4,ILSVRC2012_val_00001069.JPEG,n02086079,154,154,0.40020785,1,imagenet_c,defocus_blur,1,none
efficientnet_b4,ILSVRC2012_val_00002208.JPEG,n02086079,154,154,0.41489542,1,imagenet_c,defocus_blur,1,none
efficientnet_b4,ILSVRC2012_val_00002457.JPEG,n02086079,154,154,0.69289535,1,imagenet_c,defocus_blur,1,none
efficientnet_b4,ILSVRC2012_val_00003136.JPEG,n02086079,154,154,0.6026552,1,imagenet_c,defocus_blur,1,none
efficientnet_b4,ILSVRC2012_val_00004065.JPEG,n02086079,154,154,0.12771554,1,imagenet_c,defocus_blur,1,none
efficientnet_b4,ILSVRC2012_val_00007057.JPEG,n02086079,154,154,0.28108326,1,imagenet_c,defocus_blur,1,none
efficientnet_b4,ILSVRC2012_val_00007111.JPEG,n02086079,154,152,0.40589142,0,imagenet_c,defocus_blur,1,none
efficientnet_b4,ILSVRC2012_val_00007137.JPEG,n02086079,154,154,0.6461238,1,imagenet_c,defocus_blur,1,none
efficientnet_b4,ILSVRC2012_val_00007223.JPEG,n02086079,154,154,0.70519555,1,imagenet_c,defocus_blur,1,none
efficientnet_b4,ILSVRC2012_val_00009105.JPEG,n02086079,154,152,0.2346148,0,imagenet_c,defocus_blur,1,none
efficientnet_b4,ILSVRC2012_val_00009250.JPEG,n02086079,154,187,0.18499495,0,imagenet_c,defocus_blur,1,none
efficientnet_b4,ILSVRC2012_val_00009403.JPEG,n02086079,154,154,0.64391243,1,imagenet_c,defocus_blur,1,none
efficientnet_b4,ILSVRC2012_val_00009576.JPEG,n02086079,154,154,0.5349939,1,imagenet_c,defocus_blur,1,none
efficientnet_b4,ILSVRC2012_val_00009865.JPEG,n02086079,154,154,0.43495545,1,imagenet_c,defocus_blur,1,none
efficientnet_b4,ILSVRC2012_val_00010772.JPEG,n02086079,154,154,0.5931468,1,imagenet_c,defocus_blur,1,none
efficientnet_b4,ILSVRC2012_val_00012995.JPEG,n02086079,154,154,0.66746527,1,imagenet_c,defocus_blur,1,none
efficientnet_b4,ILSVRC2012_val_00013173.JPEG,n02086079,154,154,0.55929935,1,imagenet_c,defocus_blur,1,none
efficientnet_b4,ILSVRC2012_val_00013878.JPEG,n02086079,154,154,0.5844675,1,imagenet_c,defocus_blur,1,none
efficientnet_b4,ILSVRC2012_val_00015334.JPEG,n02086079,154,154,0.54665285,1,imagenet_c,defocus_blur,1,none
efficientnet_b4,ILSVRC2012_val_00015742.JPEG,n02086079,154,154,0.48625433,1,imagenet_c,defocus_blur,1,none
efficientnet_b4,ILSVRC2012_val_00017744.JPEG,n02086079,154,154,0.5582196,1,imagenet_c,defocus_blur,1,none
efficientnet_b4,ILSVRC2012_val_00020784.JPEG,n02086079,154,154,0.81005925,1,imagenet_c,defocus_blur,1,none
efficientnet_b4,ILSVRC2012_val_00020926.JPEG,n02086079,154,154,0.6662491,1,imagenet_c,defocus_blur,1,none
efficientnet_b4,ILSVRC2012_val_00022630.JPEG,n02086079,154,204,0.2281628,0,imagenet_c,defocus_blur,1,none
efficientnet_b4,ILSVRC2012_val_00022788.JPEG,n02086079,154,155,0.14274612,0,imagenet_c,defocus_blur,1,none
efficientnet_b4,ILSVRC2012_val_00023553.JPEG,n02086079,154,154,0.5636649,1,imagenet_c,defocus_blur,1,none
efficientnet_b4,ILSVRC2012_val_00023658.JPEG,n02086079,154,154,0.6699443,1,imagenet_c,defocus_blur,1,none
efficientnet_b4,ILSVRC2012_val_00024836.JPEG,n02086079,154,154,0.5944735,1,imagenet_c,defocus_blur,1,none
efficientnet_b4,ILSVRC2012_val_00025628.JPEG,n02086079,154,154,0.68673456,1,imagenet_c,defocus_blur,1,none
efficientnet_b4,ILSVRC2012_val_00027838.JPEG,n02086079,154,154,0.680351,1,imagenet_c,defocus_blur,1,none
efficientnet_b4,ILSVRC2012_val_00031157.JPEG,n02086079,154,204,0.18374549,0,imagenet_c,defocus_blur,1,none
efficientnet_b4,ILSVRC2012_val_00031721.JPEG,n02086079,154,154,0.7979654,1,imagenet_c,defocus_blur,1,none
efficientnet_b4,ILSVRC2012_val_00036703.JPEG,n02086079,154,155,0.35593194,0,imagenet_c,defocus_blur,1,none
efficientnet_b4,ILSVRC2012_val_00038786.JPEG,n02086079,154,154,0.32600012,1,imagenet_c,defocus_blur,1,none
efficientnet_b4,ILSVRC2012_val_00039901.JPEG,n02086079,154,154,0.49928987,1,imagenet_c,defocus_blur,1,none
efficientnet_b4,ILSVRC2012_val_00040676.JPEG,n02086079,154,154,0.65226126,1,imagenet_c,defocus_blur,1,none
efficientnet_b4,ILSVRC2012_val_00041043.JPEG,n02086079,154,154,0.6757716,1,imagenet_c,defocus_blur,1,none
efficientnet_b4,ILSVRC2012_val_00041109.JPEG,n02086079,154,229,0.12391116,0,imagenet_c,defocus_blur,1,none
efficientnet_b4,ILSVRC2012_val_00041955.JPEG,n02086079,154,154,0.54792786,1,imagenet_c,defocus_blur,1,none
efficientnet_b4,ILSVRC2012_val_00042995.JPEG,n02086079,154,154,0.4461251,1,imagenet_c,defocus_blur,1,none
efficientnet_b4,ILSVRC2012_val_00043457.JPEG,n02086079,154,154,0.79138184,1,imagenet_c,defocus_blur,1,none
efficientnet_b4,ILSVRC2012_val_00043851.JPEG,n02086079,154,154,0.6010025,1,imagenet_c,defocus_blur,1,none
efficientnet_b4,ILSVRC2012_val_00044854.JPEG,n02086079,154,201,0.13593896,0,imagenet_c,defocus_blur,1,none
efficientnet_b4,ILSVRC2012_val_00045155.JPEG,n02086079,154,154,0.64634484,1,imagenet_c,defocus_blur,1,none
efficientnet_b4,ILSVRC2012_val_00046853.JPEG,n02086079,154,359,0.07361477,0,imagenet_c,defocus_blur,1,none
efficientnet_b4,ILSVRC2012_val_00046923.JPEG,n02086079,154,262,0.5857638,0,imagenet_c,defocus_blur,1,none
efficientnet_b4,ILSVRC2012_val_00047979.JPEG,n02086079,154,154,0.53482765,1,imagenet_c,defocus_blur,1,none
efficientnet_b4,ILSVRC2012_val_00048333.JPEG,n02086079,154,154,0.5997648,1,imagenet_c,defocus_blur,1,none
efficientnet_b4,ILSVRC2012_val_00049027.JPEG,n02086079,154,154,0.59020805,1,imagenet_c,defocus_blur,1,none
efficientnet_b4,ILSVRC2012_val_00049800.JPEG,n02086079,154,154,0.23034221,1,imagenet_c,defocus_blur,1,none
efficientnet_b4,ILSVRC2012_val_00000907.JPEG,n02086240,155,155,0.397971,1,imagenet_c,defocus_blur,1,none
efficientnet_b4,ILSVRC2012_val_00001244.JPEG,n02086240,155,155,0.39221895,1,imagenet_c,defocus_blur,1,none
efficientnet_b4,ILSVRC2012_val_00001393.JPEG,n02086240,155,155,0.50160396,1,imagenet_c,defocus_blur,1,none
efficientnet_b4,ILSVRC2012_val_00002701.JPEG,n02086240,155,155,0.45889017,1,imagenet_c,defocus_blur,1,none
efficientnet_b4,ILSVRC2012_val_00002769.JPEG,n02086240,155,155,0.44062498,1,imagenet_c,defocus_blur,1,none
efficientnet_b4,ILSVRC2012_val_00003841.JPEG,n02086240,155,155,0.31974867,1,imagenet_c,defocus_blur,1,none
efficientnet_b4,ILSVRC2012_val_00004049.JPEG,n02086240,155,155,0.5592934,1,imagenet_c,defocus_blur,1,none
efficientnet_b4,ILSVRC2012_val_00004081.JPEG,n02086240,155,155,0.44975007,1,imagenet_c,defocus_blur,1,none
efficientnet_b4,ILSVRC2012_val_00004359.JPEG,n02086240,155,155,0.40819708,1,imagenet_c,defocus_blur,1,none
efficientnet_b4,ILSVRC2012_val_00004557.JPEG,n02086240,155,155,0.43348905,1,imagenet_c,defocus_blur,1,none
efficientnet_b4,ILSVRC2012_val_00005898.JPEG,n02086240,155,153,0.2709551,0,imagenet_c,defocus_blur,1,none
efficientnet_b4,ILSVRC2012_val_00007958.JPEG,n02086240,155,155,0.2640151,1,imagenet_c,defocus_blur,1,none
efficientnet_b4,ILSVRC2012_val_00008206.JPEG,n02086240,155,155,0.5135012,1,imagenet_c,defocus_blur,1,none
efficientnet_b4,ILSVRC2012_val_00010550.JPEG,n02086240,155,157,0.11998574,0,imagenet_c,defocus_blur,1,none
efficientnet_b4,ILSVRC2012_val_00010805.JPEG,n02086240,155,155,0.4356479,1,imagenet_c,defocus_blur,1,none
efficientnet_b4,ILSVRC2012_val_00011754.JPEG,n02086240,155,155,0.35376164,1,imagenet_c,defocus_blur,1,none
efficientnet_b4,ILSVRC2012_val_00011869.JPEG,n02086240,155,204,0.17206523,0,imagenet_c,defocus_blur,1,none
efficientnet_b4,ILSVRC2012_val_00012394.JPEG,n02086240,155,155,0.45561814,1,imagenet_c,defocus_blur,1,none
efficientnet_b4,ILSVRC2012_val_00014050.JPEG,n02086240,155,252,0.09754062,0,imagenet_c,defocus_blur,1,none
efficientnet_b4,ILSVRC2012_val_00014174.JPEG,n02086240,155,155,0.3699131,1,imagenet_c,defocus_blur,1,none
efficientnet_b4,ILSVRC2012_val_00015738.JPEG,n02086240,155,219,0.5286172,0,imagenet_c,defocus_blur,1,none
efficientnet_b4,ILSVRC2012_val_00017268.JPEG,n02086240,155,155,0.51889014,1,imagenet_c,defocus_blur,1,none
efficientnet_b4,ILSVRC2012_val_00018392.JPEG,n02086240,155,153,0.23415177,0,imagenet_c,defocus_blur,1,none
efficientnet_b4,ILSVRC2012_val_00020379.JPEG,n02086240,155,155,0.4643902,1,imagenet_c,defocus_blur,1,none
efficientnet_b4,ILSVRC2012_val_00021998.JPEG,n02086240,155,155,0.48773298,1,imagenet_c,defocus_blur,1,none
efficientnet_b4,ILSVRC2012_val_00022091.JPEG,n02086240,155,155,0.5585414,1,imagenet_c,defocus_blur,1,none
efficientnet_b4,ILSVRC2012_val_00022799.JPEG,n02086240,155,155,0.3828163,1,imagenet_c,defocus_blur,1,none
efficientnet_b4,ILSVRC2012_val_00023653.JPEG,n02086240,155,252,0.53504026,0,imagenet_c,defocus_blur,1,none
efficientnet_b4,ILSVRC2012_val_00024776.JPEG,n02086240,155,204,0.4339256,0,imagenet_c,defocus_blur,1,none
efficientnet_b4,ILSVRC2012_val_00026070.JPEG,n02086240,155,204,0.3148784,0,imagenet_c,defocus_blur,1,none
efficientnet_b4,ILSVRC2012_val_00026421.JPEG,n02086240,155,155,0.19084018,1,imagenet_c,defocus_blur,1,none
efficientnet_b4,ILSVRC2012_val_00026911.JPEG,n02086240,155,155,0.235867,1,imagenet_c,defocus_blur,1,none
efficientnet_b4,ILSVRC2012_val_00027703.JPEG,n02086240,155,200,0.12985955,0,imagenet_c,defocus_blur,1,none
efficientnet_b4,ILSVRC2012_val_00029700.JPEG,n02086240,155,154,0.25117192,0,imagenet_c,defocus_blur,1,none
efficientnet_b4,ILSVRC2012_val_00031191.JPEG,n02086240,155,155,0.4745284,1,imagenet_c,defocus_blur,1,none
efficientnet_b4,ILSVRC2012_val_00031419.JPEG,n02086240,155,204,0.41293722,0,imagenet_c,defocus_blur,1,none
efficientnet_b4,ILSVRC2012_val_00033199.JPEG,n02086240,155,155,0.20260811,1,imagenet_c,defocus_blur,1,none
efficientnet_b4,ILSVRC2012_val_00035293.JPEG,n02086240,155,255,0.20112632,0,imagenet_c,defocus_blur,1,none
efficientnet_b4,ILSVRC2012_val_00036602.JPEG,n02086240,155,204,0.31183055,0,imagenet_c,defocus_blur,1,none
efficientnet_b4,ILSVRC2012_val_00036888.JPEG,n02086240,155,204,0.25483212,0,imagenet_c,defocus_blur,1,none
efficientnet_b4,ILSVRC2012_val_00038882.JPEG,n02086240,155,155,0.37424657,1,imagenet_c,defocus_blur,1,none
efficientnet_b4,ILSVRC2012_val_00040043.JPEG,n02086240,155,154,0.31439745,0,imagenet_c,defocus_blur,1,none
efficientnet_b4,ILSVRC2012_val_00040864.JPEG,n02086240,155,155,0.23956272,1,imagenet_c,defocus_blur,1,none
efficientnet_b4,ILSVRC2012_val_00042523.JPEG,n02086240,155,155,0.30025598,1,imagenet_c,defocus_blur,1,none
efficientnet_b4,ILSVRC2012_val_00042556.JPEG,n02086240,155,155,0.52233076,1,imagenet_c,defocus_blur,1,none
efficientnet_b4,ILSVRC2012_val_00044224.JPEG,n02086240,155,194,0.20033683,0,imagenet_c,defocus_blur,1,none
efficientnet_b4,ILSVRC2012_val_00044661.JPEG,n02086240,155,155,0.59095556,1,imagenet_c,defocus_blur,1,none
efficientnet_b4,ILSVRC2012_val_00045970.JPEG,n02086240,155,155,0.5825351,1,imagenet_c,defocus_blur,1,none
efficientnet_b4,ILSVRC2012_val_00047457.JPEG,n02086240,155,155,0.34176543,1,imagenet_c,defocus_blur,1,none
efficientnet_b4,ILSVRC2012_val_00049405.JPEG,n02086240,155,155,0.34598547,1,imagenet_c,defocus_blur,1,none
efficientnet_b4,ILSVRC2012_val_00000613.JPEG,n02086646,156,156,0.575399,1,imagenet_c,defocus_blur,1,none
efficientnet_b4,ILSVRC2012_val_00001141.JPEG,n02086646,156,156,0.63493663,1,imagenet_c,defocus_blur,1,none
efficientnet_b4,ILSVRC2012_val_00001164.JPEG,n02086646,156,156,0.62238324,1,imagenet_c,defocus_blur,1,none
efficientnet_b4,ILSVRC2012_val_00001848.JPEG,n02086646,156,218,0.31522247,0,imagenet_c,defocus_blur,1,none
efficientnet_b4,ILSVRC2012_val_00002150.JPEG,n02086646,156,156,0.56895447,1,imagenet_c,defocus_blur,1,none
efficientnet_b4,ILSVRC2012_val_00002288.JPEG,n02086646,156,218,0.2411182,0,imagenet_c,defocus_blur,1,none
efficientnet_b4,ILSVRC2012_val_00002988.JPEG,n02086646,156,156,0.6255762,1,imagenet_c,defocus_blur,1,none
efficientnet_b4,ILSVRC2012_val_00004085.JPEG,n02086646,156,156,0.52276874,1,imagenet_c,defocus_blur,1,none
efficientnet_b4,ILSVRC2012_val_00007090.JPEG,n02086646,156,156,0.47337958,1,imagenet_c,defocus_blur,1,none
efficientnet_b4,ILSVRC2012_val_00008198.JPEG,n02086646,156,156,0.57842726,1,imagenet_c,defocus_blur,1,none
efficientnet_b4,ILSVRC2012_val_00008975.JPEG,n02086646,156,156,0.55871105,1,imagenet_c,defocus_blur,1,none
efficientnet_b4,ILSVRC2012_val_00009439.JPEG,n02086646,156,156,0.6606488,1,imagenet_c,defocus_blur,1,none
efficientnet_b4,ILSVRC2012_val_00010098.JPEG,n02086646,156,156,0.53609407,1,imagenet_c,defocus_blur,1,none
efficientnet_b4,ILSVRC2012_val_00010163.JPEG,n02086646,156,156,0.4478145,1,imagenet_c,defocus_blur,1,none
efficientnet_b4,ILSVRC2012_val_00011473.JPEG,n02086646,156,156,0.5404066,1,imagenet_c,defocus_blur,1,none
efficientnet_b4,ILSVRC2012_val_00012074.JPEG,n02086646,156,156,0.5255609,1,imagenet_c,defocus_blur,1,none
efficientnet_b4,ILSVRC2012_val_00014888.JPEG,n02086646,156,156,0.375585,1,imagenet_c,defocus_blur,1,none
efficientnet_b4,ILSVRC2012_val_00015810.JPEG,n02086646,156,156,0.5679632,1,imagenet_c,defocus_blur,1,none
efficientnet_b4,ILSVRC2012_val_00016678.JPEG,n02086646,156,156,0.5825996,1,imagenet_c,defocus_blur,1,none
efficientnet_b4,ILSVRC2012_val_00017568.JPEG,n02086646,156,156,0.49654633,1,imagenet_c,defocus_blur,1,none
efficientnet_b4,ILSVRC2012_val_00018584.JPEG,n02086646,156,156,0.49275106,1,imagenet_c,defocus_blur,1,none
efficientnet_b4,ILSVRC2012_val_00018652.JPEG,n02086646,156,156,0.5734063,1,imagenet_c,defocus_blur,1,none
efficientnet_b4,ILSVRC2012_val_00020031.JPEG,n02086646,156,156,0.7615874,1,imagenet_c,defocus_blur,1,none
efficientnet_b4,ILSVRC2012_val_00022264.JPEG,n02086646,156,156,0.30918768,1,imagenet_c,defocus_blur,1,none
efficientnet_b4,ILSVRC2012_val_00022521.JPEG,n02086646,156,156,0.5904451,1,imagenet_c,defocus_blur,1,none
efficientnet_b4,ILSVRC2012_val_00022705.JPEG,n02086646,156,156,0.593904,1,imagenet_c,defocus_blur,1,none
efficientnet_b4,ILSVRC2012_val_00022868.JPEG,n02086646,156,156,0.59489,1,imagenet_c,defocus_blur,1,none
efficientnet_b4,ILSVRC2012_val_00025085.JPEG,n02086646,156,978,0.12935479,0,imagenet_c,defocus_blur,1,none
efficientnet_b4,ILSVRC2012_val_00025911.JPEG,n02086646,156,156,0.31651366,1,imagenet_c,defocus_blur,1,none
efficientnet_b4,ILSVRC2012_val_00026199.JPEG,n02086646,156,156,0.4042292,1,imagenet_c,defocus_blur,1,none
efficientnet_b4,ILSVRC2012_val_00026969.JPEG,n02086646,156,156,0.5394804,1,imagenet_c,defocus_blur,1,none
efficientnet_b4,ILSVRC2012_val_00027837.JPEG,n02086646,156,156,0.5946571,1,imagenet_c,defocus_blur,1,none
efficientnet_b4,ILSVRC2012_val_00027937.JPEG,n02086646,156,156,0.4381156,1,imagenet_c,defocus_blur,1,none
efficientnet_b4,ILSVRC2012_val_00028631.JPEG,n02086646,156,156,0.46029067,1,imagenet_c,defocus_blur,1,none
efficientnet_b4,ILSVRC2012_val_00028992.JPEG,n02086646,156,156,0.5769764,1,imagenet_c,defocus_blur,1,none
efficientnet_b4,ILSVRC2012_val_00030518.JPEG,n02086646,156,156,0.53515565,1,imagenet_c,defocus_blur,1,none
efficientnet_b4,ILSVRC2012_val_00030642.JPEG,n02086646,156,231,0.34422863,0,imagenet_c,defocus_blur,1,none
efficientnet_b4,ILSVRC2012_val_00031378.JPEG,n02086646,156,156,0.5006268,1,imagenet_c,defocus_blur,1,none
efficientnet_b4,ILSVRC2012_val_00031547.JPEG,n02086646,156,156,0.4317319,1,imagenet_c,defocus_blur,1,none
efficientnet_b4,ILSVRC2012_val_00032774.JPEG,n02086646,156,156,0.6768584,1,imagenet_c,defocus_blur,1,none
efficientnet_b4,ILSVRC2012_val_00037252.JPEG,n02086646,156,156,0.53338563,1,imagenet_c,defocus_blur,1,none
efficientnet_b4,ILSVRC2012_val_00040713.JPEG,n02086646,156,156,0.62623554,1,imagenet_c,defocus_blur,1,none
efficientnet_b4,ILSVRC2012_val_00041305.JPEG,n02086646,156,156,0.6270726,1,imagenet_c,defocus_blur,1,none
efficientnet_b4,ILSVRC2012_val_00041580.JPEG,n02086646,156,156,0.64139456,1,imagenet_c,defocus_blur,1,none
efficientnet_b4,ILSVRC2012_val_00041848.JPEG,n02086646,156,156,0.41946533,1,imagenet_c,defocus_blur,1,none
efficientnet_b4,ILSVRC2012_val_00045091.JPEG,n02086646,156,156,0.4978472,1,imagenet_c,defocus_blur,1,none
efficientnet_b4,ILSVRC2012_val_00045683.JPEG,n02086646,156,156,0.59466285,1,imagenet_c,defocus_blur,1,none
efficientnet_b4,ILSVRC2012_val_00045711.JPEG,n02086646,156,156,0.58377343,1,imagenet_c,defocus_blur,1,none
efficientnet_b4,ILSVRC2012_val_00046701.JPEG,n02086646,156,156,0.35503703,1,imagenet_c,defocus_blur,1,none
efficientnet_b4,ILSVRC2012_val_00047913.JPEG,n02086646,156,156,0.5219792,1,imagenet_c,defocus_blur,1,none
efficientnet_b4,ILSVRC2012_val_00001389.JPEG,n02086910,157,157,0.5538289,1,imagenet_c,defocus_blur,1,none
efficientnet_b4,ILSVRC2012_val_00001697.JPEG,n02086910,157,157,0.5889689,1,imagenet_c,defocus_blur,1,none
efficientnet_b4,ILSVRC2012_val_00001782.JPEG,n02086910,157,157,0.5088,1,imagenet_c,defocus_blur,1,none
efficientnet_b4,ILSVRC2012_val_00004073.JPEG,n02086910,157,157,0.22529295,1,imagenet_c,defocus_blur,1,none
efficientnet_b4,ILSVRC2012_val_00005616.JPEG,n02086910,157,157,0.68995243,1,imagenet_c,defocus_blur,1,none
efficientnet_b4,ILSVRC2012_val_00006710.JPEG,n02086910,157,157,0.68003887,1,imagenet_c,defocus_blur,1,none
efficientnet_b4,ILSVRC2012_val_00007253.JPEG,n02086910,157,157,0.5138828,1,imagenet_c,defocus_blur,1,none
efficientnet_b4,ILSVRC2012_val_00007487.JPEG,n02086910,157,157,0.35782522,1,imagenet_c,defocus_blur,1,none
efficientnet_b4,ILSVRC2012_val_00008910.JPEG,n02086910,157,157,0.5728985,1,imagenet_c,defocus_blur,1,none
efficientnet_b4,ILSVRC2012_val_00009688.JPEG,n02086910,157,157,0.4235826,1,imagenet_c,defocus_blur,1,none
efficientnet_b4,ILSVRC2012_val_00011751.JPEG,n02086910,157,157,0.51212126,1,imagenet_c,defocus_blur,1,none
efficientnet_b4,ILSVRC2012_val_00012161.JPEG,n02086910,157,157,0.5519019,1,imagenet_c,defocus_blur,1,none
efficientnet_b4,ILSVRC2012_val_00014099.JPEG,n02086910,157,157,0.53420764,1,imagenet_c,defocus_blur,1,none
efficientnet_b4,ILSVRC2012_val_00015144.JPEG,n02086910,157,157,0.3874742,1,imagenet_c,defocus_blur,1,none
efficientnet_b4,ILSVRC2012_val_00017891.JPEG,n02086910,157,157,0.4529572,1,imagenet_c,defocus_blur,1,none
efficientnet_b4,ILSVRC2012_val_00017980.JPEG,n02086910,157,157,0.55416876,1,imagenet_c,defocus_blur,1,none
efficientnet_b4,ILSVRC2012_val_00018573.JPEG,n02086910,157,157,0.54661185,1,imagenet_c,defocus_blur,1,none
efficientnet_b4,ILSVRC2012_val_00019603.JPEG,n02086910,157,157,0.50800055,1,imagenet_c,defocus_blur,1,none
efficientnet_b4,ILSVRC2012_val_00019770.JPEG,n02086910,157,157,0.68991435,1,imagenet_c,defocus_blur,1,none
efficientnet_b4,ILSVRC2012_val_00020473.JPEG,n02086910,157,157,0.41080377,1,imagenet_c,defocus_blur,1,none
efficientnet_b4,ILSVRC2012_val_00021961.JPEG,n02086910,157,157,0.19289201,1,imagenet_c,defocus_blur,1,none
efficientnet_b4,ILSVRC2012_val_00022099.JPEG,n02086910,157,152,0.65625787,0,imagenet_c,defocus_blur,1,none
efficientnet_b4,ILSVRC2012_val_00023729.JPEG,n02086910,157,157,0.63290244,1,imagenet_c,defocus_blur,1,none
efficientnet_b4,ILSVRC2012_val_00024758.JPEG,n02086910,157,157,0.25640306,1,imagenet_c,defocus_blur,1,none
efficientnet_b4,ILSVRC2012_val_00024887.JPEG,n02086910,157,157,0.575422,1,imagenet_c,defocus_blur,1,none
efficientnet_b4,ILSVRC2012_val_00025601.JPEG,n02086910,157,157,0.39529997,1,imagenet_c,defocus_blur,1,none
efficientnet_b4,ILSVRC2012_val_00026522.JPEG,n02086910,157,157,0.47069925,1,imagenet_c,defocus_blur,1,none
efficientnet_b4,ILSVRC2012_val_00026689.JPEG,n02086910,157,157,0.34043208,1,imagenet_c,defocus_blur,1,none
efficientnet_b4,ILSVRC2012_val_00027518.JPEG,n02086910,157,157,0.51082784,1,imagenet_c,defocus_blur,1,none
efficientnet_b4,ILSVRC2012_val_00028429.JPEG,n02086910,157,157,0.6825187,1,imagenet_c,defocus_blur,1,none
efficientnet_b4,ILSVRC2012_val_00029131.JPEG,n02086910,157,157,0.6887494,1,imagenet_c,defocus_blur,1,none
efficientnet_b4,ILSVRC2012_val_00030141.JPEG,n02086910,157,157,0.75736547,1,imagenet_c,defocus_blur,1,none
efficientnet_b4,ILSVRC2012_val_00032120.JPEG,n02086910,157,157,0.21832985,1,imagenet_c,defocus_blur,1,none
efficientnet_b4,ILSVRC2012_val_00033263.JPEG,n02086910,157,157,0.3093794,1,imagenet_c,defocus_blur,1,none
efficientnet_b4,ILSVRC2012_val_00033773.JPEG,n02086910,157,157,0.48671743,1,imagenet_c,defocus_blur,1,none
efficientnet_b4,ILSVRC2012_val_00033944.JPEG,n02086910,157,217,0.16234475,0,imagenet_c,defocus_blur,1,none
efficientnet_b4,ILSVRC2012_val_00035935.JPEG,n02086910,157,157,0.6765589,1,imagenet_c,defocus_blur,1,none
efficientnet_b4,ILSVRC2012_val_00036012.JPEG,n02086910,157,157,0.6247396,1,imagenet_c,defocus_blur,1,none
efficientnet_b4,ILSVRC2012_val_00036440.JPEG,n02086910,157,157,0.7226738,1,imagenet_c,defocus_blur,1,none
efficientnet_b4,ILSVRC2012_val_00039062.JPEG,n02086910,157,157,0.49854982,1,imagenet_c,defocus_blur,1,none
efficientnet_b4,ILSVRC2012_val_00040178.JPEG,n02086910,157,157,0.7984482,1,imagenet_c,defocus_blur,1,none
efficientnet_b4,ILSVRC2012_val_00040564.JPEG,n02086910,157,158,0.14376138,0,imagenet_c,defocus_blur,1,none
efficientnet_b4,ILSVRC2012_val_00040587.JPEG,n02086910,157,157,0.5572919,1,imagenet_c,defocus_blur,1,none
efficientnet_b4,ILSVRC2012_val_00040951.JPEG,n02086910,157,157,0.6485502,1,imagenet_c,defocus_blur,1,none
efficientnet_b4,ILSVRC2012_val_00042075.JPEG,n02086910,157,157,0.6858526,1,imagenet_c,defocus_blur,1,none
efficientnet_b4,ILSVRC2012_val_00043575.JPEG,n02086910,157,157,0.55104464,1,imagenet_c,defocus_blur,1,none
efficientnet_b4,ILSVRC2012_val_00044423.JPEG,n02086910,157,157,0.43251762,1,imagenet_c,defocus_blur,1,none
efficientnet_b4,ILSVRC2012_val_00047202.JPEG,n02086910,157,157,0.47373223,1,imagenet_c,defocus_blur,1,none
efficientnet_b4,ILSVRC2012_val_00048254.JPEG,n02086910,157,157,0.5937439,1,imagenet_c,defocus_blur,1,none
efficientnet_b4,ILSVRC2012_val_00049414.JPEG,n02086910,157,157,0.6302028,1,imagenet_c,defocus_blur,1,none
efficientnet_b4,ILSVRC2012_val_00000170.JPEG,n02087046,158,158,0.7646351,1,imagenet_c,defocus_blur,1,none
efficientnet_b4,ILSVRC2012_val_00001371.JPEG,n02087046,158,158,0.21570347,1,imagenet_c,defocus_blur,1,none
efficientnet_b4,ILSVRC2012_val_00002521.JPEG,n02087046,158,158,0.36988038,1,imagenet_c,defocus_blur,1,none
efficientnet_b4,ILSVRC2012_val_00004325.JPEG,n02087046,158,158,0.24094912,1,imagenet_c,defocus_blur,1,none
efficientnet_b4,ILSVRC2012_val_00004717.JPEG,n02087046,158,158,0.20013587,1,imagenet_c,defocus_blur,1,none
efficientnet_b4,ILSVRC2012_val_00005639.JPEG,n02087046,158,158,0.52339464,1,imagenet_c,defocus_blur,1,none
efficientnet_b4,ILSVRC2012_val_00006544.JPEG,n02087046,158,158,0.61057276,1,imagenet_c,defocus_blur,1,none
efficientnet_b4,ILSVRC2012_val_00007511.JPEG,n02087046,158,158,0.3421055,1,imagenet_c,defocus_blur,1,none
efficientnet_b4,ILSVRC2012_val_00009313.JPEG,n02087046,158,158,0.85398394,1,imagenet_c,defocus_blur,1,none
efficientnet_b4,ILSVRC2012_val_00009570.JPEG,n02087046,158,158,0.7382615,1,imagenet_c,defocus_blur,1,none
efficientnet_b4,ILSVRC2012_val_00011204.JPEG,n02087046,158,158,0.5595396,1,imagenet_c,defocus_blur,1,none
efficientnet_b4,ILSVRC2012_val_00011748.JPEG,n02087046,158,262,0.07461064,0,imagenet_c,defocus_blur,1,none
efficientnet_b4,ILSVRC2012_val_00013133.JPEG,n02087046,158,158,0.64415455,1,imagenet_c,defocus_blur,1,none
efficientnet_b4,ILSVRC2012_val_00014912.JPEG,n02087046,158,158,0.51019424,1,imagenet_c,defocus_blur,1,none
efficientnet_b4,ILSVRC2012_val_00015110.JPEG,n02087046,158,158,0.61650133,1,imagenet_c,defocus_blur,1,none
efficientnet_b4,ILSVRC2012_val_00015701.JPEG,n02087046,158,158,0.7479937,1,imagenet_c,defocus_blur,1,none
efficientnet_b4,ILSVRC2012_val_00015845.JPEG,n02087046,158,158,0.7406864,1,imagenet_c,defocus_blur,1,none
efficientnet_b4,ILSVRC2012_val_00017869.JPEG,n02087046,158,158,0.57874316,1,imagenet_c,defocus_blur,1,none
efficientnet_b4,ILSVRC2012_val_00019124.JPEG,n02087046,158,158,0.63808984,1,imagenet_c,defocus_blur,1,none
efficientnet_b4,ILSVRC2012_val_00019128.JPEG,n02087046,158,158,0.8717094,1,imagenet_c,defocus_blur,1,none
efficientnet_b4,ILSVRC2012_val_00019261.JPEG,n02087046,158,195,0.3338068,0,imagenet_c,defocus_blur,1,none
efficientnet_b4,ILSVRC2012_val_00019566.JPEG,n02087046,158,237,0.30822355,0,imagenet_c,defocus_blur,1,none
efficientnet_b4,ILSVRC2012_val_00019883.JPEG,n02087046,158,158,0.28788677,1,imagenet_c,defocus_blur,1,none
efficientnet_b4,ILSVRC2012_val_00020484.JPEG,n02087046,158,158,0.7164663,1,imagenet_c,defocus_blur,1,none
efficientnet_b4,ILSVRC2012_val_00020963.JPEG,n02087046,158,158,0.7910611,1,imagenet_c,defocus_blur,1,none
efficientnet_b4,ILSVRC2012_val_00022182.JPEG,n02087046,158,188,0.18089363,0,imagenet_c,defocus_blur,1,none
efficientnet_b4,ILSVRC2012_val_00022434.JPEG,n02087046,158,158,0.7389965,1,imagenet_c,defocus_blur,1,none
efficientnet_b4,ILSVRC2012_val_00023310.JPEG,n02087046,158,158,0.79327995,1,imagenet_c,defocus_blur,1,none
efficientnet_b4,ILSVRC2012_val_00024053.JPEG,n02087046,158,158,0.8829318,1,imagenet_c,defocus_blur,1,none
efficientnet_b4,ILSVRC2012_val_00025550.JPEG,n02087046,158,158,0.75583464,1,imagenet_c,defocus_blur,1,none
efficientnet_b4,ILSVRC2012_val_00029090.JPEG,n02087046,158,158,0.48441553,1,imagenet_c,defocus_blur,1,none
efficientnet_b4,ILSVRC2012_val_00031402.JPEG,n02087046,158,158,0.3832665,1,imagenet_c,defocus_blur,1,none
efficientnet_b4,ILSVRC2012_val_00033530.JPEG,n02087046,158,158,0.75884616,1,imagenet_c,defocus_blur,1,none
efficientnet_b4,ILSVRC2012_val_00033726.JPEG,n02087046,158,158,0.38355547,1,imagenet_c,defocus_blur,1,none
efficientnet_b4,ILSVRC2012_val_00034454.JPEG,n02087046,158,158,0.7273185,1,imagenet_c,defocus_blur,1,none
efficientnet_b4,ILSVRC2012_val_00036751.JPEG,n02087046,158,188,0.50085175,0,imagenet_c,defocus_blur,1,none
efficientnet_b4,ILSVRC2012_val_00037669.JPEG,n02087046,158,158,0.4849942,1,imagenet_c,defocus_blur,1,none
efficientnet_b4,ILSVRC2012_val_00038107.JPEG,n02087046,158,158,0.74561185,1,imagenet_c,defocus_blur,1,none
efficientnet_b4,ILSVRC2012_val_00038335.JPEG,n02087046,158,158,0.6832754,1,imagenet_c,defocus_blur,1,none
efficientnet_b4,ILSVRC2012_val_00038974.JPEG,n02087046,158,158,0.23633876,1,imagenet_c,defocus_blur,1,none
efficientnet_b4,ILSVRC2012_val_00039622.JPEG,n02087046,158,158,0.6949906,1,imagenet_c,defocus_blur,1,none
efficientnet_b4,ILSVRC2012_val_00040431.JPEG,n02087046,158,253,0.39183363,0,imagenet_c,defocus_blur,1,none
efficientnet_b4,ILSVRC2012_val_00041444.JPEG,n02087046,158,158,0.3788002,1,imagenet_c,defocus_blur,1,none
efficientnet_b4,ILSVRC2012_val_00042289.JPEG,n02087046,158,158,0.35665068,1,imagenet_c,defocus_blur,1,none
efficientnet_b4,ILSVRC2012_val_00042449.JPEG,n02087046,158,158,0.4760663,1,imagenet_c,defocus_blur,1,none
efficientnet_b4,ILSVRC2012_val_00044441.JPEG,n02087046,158,158,0.7287522,1,imagenet_c,defocus_blur,1,none
efficientnet_b4,ILSVRC2012_val_00044963.JPEG,n02087046,158,158,0.83342826,1,imagenet_c,defocus_blur,1,none
efficientnet_b4,ILSVRC2012_val_00045939.JPEG,n02087046,158,158,0.5661856,1,imagenet_c,defocus_blur,1,none
efficientnet_b4,ILSVRC2012_val_00046593.JPEG,n02087046,158,158,0.7668054,1,imagenet_c,defocus_blur,1,none
efficientnet_b4,ILSVRC2012_val_00049421.JPEG,n02087046,158,158,0.3276246,1,imagenet_c,defocus_blur,1,none
efficientnet_b4,ILSVRC2012_val_00000077.JPEG,n02087394,159,159,0.62684965,1,imagenet_c,defocus_blur,1,none
efficientnet_b4,ILSVRC2012_val_00000102.JPEG,n02087394,159,159,0.49614522,1,imagenet_c,defocus_blur,1,none
efficientnet_b4,ILSVRC2012_val_00000948.JPEG,n02087394,159,184,0.1715084,0,imagenet_c,defocus_blur,1,none
efficientnet_b4,ILSVRC2012_val_00001047.JPEG,n02087394,159,159,0.62436795,1,imagenet_c,defocus_blur,1,none
efficientnet_b4,ILSVRC2012_val_00001651.JPEG,n02087394,159,159,0.52886057,1,imagenet_c,defocus_blur,1,none
efficientnet_b4,ILSVRC2012_val_00003154.JPEG,n02087394,159,168,0.19231585,0,imagenet_c,defocus_blur,1,none
efficientnet_b4,ILSVRC2012_val_00003615.JPEG,n02087394,159,176,0.5229429,0,imagenet_c,defocus_blur,1,none
efficientnet_b4,ILSVRC2012_val_00003837.JPEG,n02087394,159,159,0.17690574,1,imagenet_c,defocus_blur,1,none
efficientnet_b4,ILSVRC2012_val_00004074.JPEG,n02087394,159,159,0.4768629,1,imagenet_c,defocus_blur,1,none
efficientnet_b4,ILSVRC2012_val_00004992.JPEG,n02087394,159,159,0.48360196,1,imagenet_c,defocus_blur,1,none
efficientnet_b4,ILSVRC2012_val_00005054.JPEG,n02087394,159,159,0.6037206,1,imagenet_c,defocus_blur,1,none
efficientnet_b4,ILSVRC2012_val_00005215.JPEG,n02087394,159,159,0.7366825,1,imagenet_c,defocus_blur,1,none
efficientnet_b4,ILSVRC2012_val_00005364.JPEG,n02087394,159,159,0.47498783,1,imagenet_c,defocus_blur,1,none
efficientnet_b4,ILSVRC2012_val_00006900.JPEG,n02087394,159,159,0.59663403,1,imagenet_c,defocus_blur,1,none
efficientnet_b4,ILSVRC2012_val_00008104.JPEG,n02087394,159,247,0.21196406,0,imagenet_c,defocus_blur,1,none
efficientnet_b4,ILSVRC2012_val_00009200.JPEG,n02087394,159,159,0.59683365,1,imagenet_c,defocus_blur,1,none
efficientnet_b4,ILSVRC2012_val_00009470.JPEG,n02087394,159,168,0.38206026,0,imagenet_c,defocus_blur,1,none
efficientnet_b4,ILSVRC2012_val_00010038.JPEG,n02087394,159,159,0.6305654,1,imagenet_c,defocus_blur,1,none
efficientnet_b4,ILSVRC2012_val_00010057.JPEG,n02087394,159,159,0.34713346,1,imagenet_c,defocus_blur,1,none
efficientnet_b4,ILSVRC2012_val_00010385.JPEG,n02087394,159,159,0.8465221,1,imagenet_c,defocus_blur,1,none
efficientnet_b4,ILSVRC2012_val_00010643.JPEG,n02087394,159,159,0.5657401,1,imagenet_c,defocus_blur,1,none
efficientnet_b4,ILSVRC2012_val_00016510.JPEG,n02087394,159,159,0.7650119,1,imagenet_c,defocus_blur,1,none
efficientnet_b4,ILSVRC2012_val_00017792.JPEG,n02087394,159,159,0.44198802,1,imagenet_c,defocus_blur,1,none
efficientnet_b4,ILSVRC2012_val_00018629.JPEG,n02087394,159,159,0.4108341,1,imagenet_c,defocus_blur,1,none
efficientnet_b4,ILSVRC2012_val_00018933.JPEG,n02087394,159,159,0.30657935,1,imagenet_c,defocus_blur,1,none
efficientnet_b4,ILSVRC2012_val_00019209.JPEG,n02087394,159,159,0.7058365,1,imagenet_c,defocus_blur,1,none
efficientnet_b4,ILSVRC2012_val_00021365.JPEG,n02087394,159,168,0.29472646,0,imagenet_c,defocus_blur,1,none
efficientnet_b4,ILSVRC2012_val_00021666.JPEG,n02087394,159,159,0.5870902,1,imagenet_c,defocus_blur,1,none
efficientnet_b4,ILSVRC2012_val_00024789.JPEG,n02087394,159,159,0.40661114,1,imagenet_c,defocus_blur,1,none
efficientnet_b4,ILSVRC2012_val_00027290.JPEG,n02087394,159,168,0.3979116,0,imagenet_c,defocus_blur,1,none
efficientnet_b4,ILSVRC2012_val_00027669.JPEG,n02087394,159,159,0.67145735,1,imagenet_c,defocus_blur,1,none
efficientnet_b4,ILSVRC2012_val_00032716.JPEG,n02087394,159,159,0.7001185,1,imagenet_c,defocus_blur,1,none
efficientnet_b4,ILSVRC2012_val_00032859.JPEG,n02087394,159,212,0.19445314,0,imagenet_c,defocus_blur,1,none
efficientnet_b4,ILSVRC2012_val_00033731.JPEG,n02087394,159,168,0.5560252,0,imagenet_c,defocus_blur,1,none
efficientnet_b4,ILSVRC2012_val_00034160.JPEG,n02087394,159,246,0.24775155,0,imagenet_c,defocus_blur,1,none
efficientnet_b4,ILSVRC2012_val_00034616.JPEG,n02087394,159,159,0.6034668,1,imagenet_c,defocus_blur,1,none
efficientnet_b4,ILSVRC2012_val_00035341.JPEG,n02087394,159,211,0.120857276,0,imagenet_c,defocus_blur,1,none
efficientnet_b4,ILSVRC2012_val_00035893.JPEG,n02087394,159,159,0.6059041,1,imagenet_c,defocus_blur,1,none
efficientnet_b4,ILSVRC2012_val_00036088.JPEG,n02087394,159,159,0.5232659,1,imagenet_c,defocus_blur,1,none
efficientnet_b4,ILSVRC2012_val_00036907.JPEG,n02087394,159,159,0.23916666,1,imagenet_c,defocus_blur,1,none
efficientnet_b4,ILSVRC2012_val_00037577.JPEG,n02087394,159,159,0.09118351,1,imagenet_c,defocus_blur,1,none
efficientnet_b4,ILSVRC2012_val_00038227.JPEG,n02087394,159,159,0.37623596,1,imagenet_c,defocus_blur,1,none
efficientnet_b4,ILSVRC2012_val_00042252.JPEG,n02087394,159,159,0.733439,1,imagenet_c,defocus_blur,1,none
efficientnet_b4,ILSVRC2012_val_00043077.JPEG,n02087394,159,211,0.14444363,0,imagenet_c,defocus_blur,1,none
efficientnet_b4,ILSVRC2012_val_00043252.JPEG,n02087394,159,211,0.2438951,0,imagenet_c,defocus_blur,1,none
efficientnet_b4,ILSVRC2012_val_00044094.JPEG,n02087394,159,159,0.4154157,1,imagenet_c,defocus_blur,1,none
efficientnet_b4,ILSVRC2012_val_00044140.JPEG,n02087394,159,159,0.49425048,1,imagenet_c,defocus_blur,1,none
efficientnet_b4,ILSVRC2012_val_00044227.JPEG,n02087394,159,211,0.09890776,0,imagenet_c,defocus_blur,1,none
efficientnet_b4,ILSVRC2012_val_00044285.JPEG,n02087394,159,159,0.2815707,1,imagenet_c,defocus_blur,1,none
efficientnet_b4,ILSVRC2012_val_00047173.JPEG,n02087394,159,168,0.29367757,0,imagenet_c,defocus_blur,1,none
efficientnet_b4,ILSVRC2012_val_00000082.JPEG,n02088094,160,160,0.5880121,1,imagenet_c,defocus_blur,1,none
efficientnet_b4,ILSVRC2012_val_00000424.JPEG,n02088094,160,160,0.72825944,1,imagenet_c,defocus_blur,1,none
efficientnet_b4,ILSVRC2012_val_00005507.JPEG,n02088094,160,160,0.58964616,1,imagenet_c,defocus_blur,1,none
efficientnet_b4,ILSVRC2012_val_00006143.JPEG,n02088094,160,160,0.59145486,1,imagenet_c,defocus_blur,1,none
efficientnet_b4,ILSVRC2012_val_00006271.JPEG,n02088094,160,160,0.80971074,1,imagenet_c,defocus_blur,1,none
efficientnet_b4,ILSVRC2012_val_00006698.JPEG,n02088094,160,192,0.26685935,0,imagenet_c,defocus_blur,1,none
efficientnet_b4,ILSVRC2012_val_00006799.JPEG,n02088094,160,200,0.24988626,0,imagenet_c,defocus_blur,1,none
efficientnet_b4,ILSVRC2012_val_00009139.JPEG,n02088094,160,160,0.71393335,1,imagenet_c,defocus_blur,1,none
efficientnet_b4,ILSVRC2012_val_00009294.JPEG,n02088094,160,160,0.66906625,1,imagenet_c,defocus_blur,1,none
efficientnet_b4,ILSVRC2012_val_00010902.JPEG,n02088094,160,160,0.7744288,1,imagenet_c,defocus_blur,1,none
efficientnet_b4,ILSVRC2012_val_00010933.JPEG,n02088094,160,160,0.8357741,1,imagenet_c,defocus_blur,1,none
efficientnet_b4,ILSVRC2012_val_00013800.JPEG,n02088094,160,160,0.5632747,1,imagenet_c,defocus_blur,1,none
efficientnet_b4,ILSVRC2012_val_00014386.JPEG,n02088094,160,160,0.81249404,1,imagenet_c,defocus_blur,1,none
efficientnet_b4,ILSVRC2012_val_00015249.JPEG,n02088094,160,160,0.388432,1,imagenet_c,defocus_blur,1,none
efficientnet_b4,ILSVRC2012_val_00015990.JPEG,n02088094,160,160,0.7126921,1,imagenet_c,defocus_blur,1,none
efficientnet_b4,ILSVRC2012_val_00016722.JPEG,n02088094,160,160,0.3601866,1,imagenet_c,defocus_blur,1,none
efficientnet_b4,ILSVRC2012_val_00017043.JPEG,n02088094,160,160,0.70354855,1,imagenet_c,defocus_blur,1,none
efficientnet_b4,ILSVRC2012_val_00017625.JPEG,n02088094,160,160,0.48438865,1,imagenet_c,defocus_blur,1,none
efficientnet_b4,ILSVRC2012_val_00021532.JPEG,n02088094,160,160,0.70649886,1,imagenet_c,defocus_blur,1,none
efficientnet_b4,ILSVRC2012_val_00027757.JPEG,n02088094,160,160,0.7059119,1,imagenet_c,defocus_blur,1,none
efficientnet_b4,ILSVRC2012_val_00029056.JPEG,n02088094,160,160,0.51063347,1,imagenet_c,defocus_blur,1,none
efficientnet_b4,ILSVRC2012_val_00029140.JPEG,n02088094,160,160,0.6951902,1,imagenet_c,defocus_blur,1,none
efficientnet_b4,ILSVRC2012_val_00029191.JPEG,n02088094,160,160,0.7703136,1,imagenet_c,defocus_blur,1,none
efficientnet_b4,ILSVRC2012_val_00029232.JPEG,n02088094,160,160,0.16026607,1,imagenet_c,defocus_blur,1,none
efficientnet_b4,ILSVRC2012_val_00029861.JPEG,n02088094,160,160,0.73595977,1,imagenet_c,defocus_blur,1,none
efficientnet_b4,ILSVRC2012_val_00029899.JPEG,n02088094,160,160,0.71107614,1,imagenet_c,defocus_blur,1,none
efficientnet_b4,ILSVRC2012_val_00030323.JPEG,n02088094,160,160,0.29017687,1,imagenet_c,defocus_blur,1,none
efficientnet_b4,ILSVRC2012_val_00031345.JPEG,n02088094,160,160,0.52793604,1,imagenet_c,defocus_blur,1,none
efficientnet_b4,ILSVRC2012_val_00031439.JPEG,n02088094,160,160,0.58574986,1,imagenet_c,defocus_blur,1,none
efficientnet_b4,ILSVRC2012_val_00032668.JPEG,n02088094,160,192,0.29070467,0,imagenet_c,defocus_blur,1,none
efficientnet_b4,ILSVRC2012_val_00035315.JPEG,n02088094,160,160,0.35154122,1,imagenet_c,defocus_blur,1,none
efficientnet_b4,ILSVRC2012_val_00036395.JPEG,n02088094,160,160,0.90346396,1,imagenet_c,defocus_blur,1,none
efficientnet_b4,ILSVRC2012_val_00036881.JPEG,n02088094,160,160,0.6840591,1,imagenet_c,defocus_blur,1,none
efficientnet_b4,ILSVRC2012_val_00040105.JPEG,n02088094,160,160,0.60496044,1,imagenet_c,defocus_blur,1,none
efficientnet_b4,ILSVRC2012_val_00040396.JPEG,n02088094,160,160,0.07676888,1,imagenet_c,defocus_blur,1,none
efficientnet_b4,ILSVRC2012_val_00042097.JPEG,n02088094,160,168,0.13081878,0,imagenet_c,defocus_blur,1,none
efficientnet_b4,ILSVRC2012_val_00042972.JPEG,n02088094,160,160,0.8048882,1,imagenet_c,defocus_blur,1,none
efficientnet_b4,ILSVRC2012_val_00043627.JPEG,n02088094,160,160,0.40355292,1,imagenet_c,defocus_blur,1,none
efficientnet_b4,ILSVRC2012_val_00043825.JPEG,n02088094,160,160,0.67328197,1,imagenet_c,defocus_blur,1,none
efficientnet_b4,ILSVRC2012_val_00043993.JPEG,n02088094,160,160,0.5752309,1,imagenet_c,defocus_blur,1,none
efficientnet_b4,ILSVRC2012_val_00044215.JPEG,n02088094,160,160,0.18615104,1,imagenet_c,defocus_blur,1,none
efficientnet_b4,ILSVRC2012_val_00044644.JPEG,n02088094,160,160,0.6715526,1,imagenet_c,defocus_blur,1,none
efficientnet_b4,ILSVRC2012_val_00045229.JPEG,n02088094,160,160,0.6500282,1,imagenet_c,defocus_blur,1,none
efficientnet_b4,ILSVRC2012_val_00046785.JPEG,n02088094,160,160,0.26981834,1,imagenet_c,defocus_blur,1,none
efficientnet_b4,ILSVRC2012_val_00046996.JPEG,n02088094,160,160,0.6933434,1,imagenet_c,defocus_blur,1,none
efficientnet_b4,ILSVRC2012_val_00047004.JPEG,n02088094,160,160,0.6878147,1,imagenet_c,defocus_blur,1,none
efficientnet_b4,ILSVRC2012_val_00048915.JPEG,n02088094,160,220,0.29038352,0,imagenet_c,defocus_blur,1,none
efficientnet_b4,ILSVRC2012_val_00049756.JPEG,n02088094,160,160,0.75824374,1,imagenet_c,defocus_blur,1,none
efficientnet_b4,ILSVRC2012_val_00049878.JPEG,n02088094,160,160,0.68343586,1,imagenet_c,defocus_blur,1,none
efficientnet_b4,ILSVRC2012_val_00049894.JPEG,n02088094,160,160,0.563829,1,imagenet_c,defocus_blur,1,none
efficientnet_b4,ILSVRC2012_val_00000838.JPEG,n02088238,161,162,0.30198565,0,imagenet_c,defocus_blur,1,none
efficientnet_b4,ILSVRC2012_val_00000992.JPEG,n02088238,161,161,0.24325393,1,imagenet_c,defocus_blur,1,none
efficientnet_b4,ILSVRC2012_val_00002111.JPEG,n02088238,161,195,0.10691471,0,imagenet_c,defocus_blur,1,none
efficientnet_b4,ILSVRC2012_val_00003922.JPEG,n02088238,161,161,0.63637453,1,imagenet_c,defocus_blur,1,none
efficientnet_b4,ILSVRC2012_val_00004403.JPEG,n02088238,161,161,0.45593107,1,imagenet_c,defocus_blur,1,none
efficientnet_b4,ILSVRC2012_val_00008311.JPEG,n02088238,161,161,0.5654829,1,imagenet_c,defocus_blur,1,none
efficientnet_b4,ILSVRC2012_val_00008552.JPEG,n02088238,161,161,0.43425384,1,imagenet_c,defocus_blur,1,none
efficientnet_b4,ILSVRC2012_val_00011191.JPEG,n02088238,161,161,0.27781317,1,imagenet_c,defocus_blur,1,none
efficientnet_b4,ILSVRC2012_val_00011434.JPEG,n02088238,161,161,0.31853616,1,imagenet_c,defocus_blur,1,none
efficientnet_b4,ILSVRC2012_val_00013260.JPEG,n02088238,161,218,0.67878735,0,imagenet_c,defocus_blur,1,none
efficientnet_b4,ILSVRC2012_val_00014024.JPEG,n02088238,161,161,0.6132171,1,imagenet_c,defocus_blur,1,none
efficientnet_b4,ILSVRC2012_val_00014030.JPEG,n02088238,161,168,0.6199749,0,imagenet_c,defocus_blur,1,none
efficientnet_b4,ILSVRC2012_val_00014234.JPEG,n02088238,161,161,0.55673265,1,imagenet_c,defocus_blur,1,none
efficientnet_b4,ILSVRC2012_val_00014887.JPEG,n02088238,161,161,0.4247786,1,imagenet_c,defocus_blur,1,none
efficientnet_b4,ILSVRC2012_val_00015217.JPEG,n02088238,161,161,0.6206494,1,imagenet_c,defocus_blur,1,none
efficientnet_b4,ILSVRC2012_val_00015405.JPEG,n02088238,161,161,0.30659646,1,imagenet_c,defocus_blur,1,none
efficientnet_b4,ILSVRC2012_val_00017892.JPEG,n02088238,161,161,0.17807598,1,imagenet_c,defocus_blur,1,none
efficientnet_b4,ILSVRC2012_val_00017935.JPEG,n02088238,161,161,0.64825344,1,imagenet_c,defocus_blur,1,none
efficientnet_b4,ILSVRC2012_val_00019581.JPEG,n02088238,161,161,0.50967336,1,imagenet_c,defocus_blur,1,none
efficientnet_b4,ILSVRC2012_val_00020460.JPEG,n02088238,161,161,0.39302713,1,imagenet_c,defocus_blur,1,none
efficientnet_b4,ILSVRC2012_val_00020468.JPEG,n02088238,161,161,0.6850578,1,imagenet_c,defocus_blur,1,none
efficientnet_b4,ILSVRC2012_val_00020535.JPEG,n02088238,161,161,0.49564412,1,imagenet_c,defocus_blur,1,none
efficientnet_b4,ILSVRC2012_val_00020930.JPEG,n02088238,161,161,0.29005393,1,imagenet_c,defocus_blur,1,none
efficientnet_b4,ILSVRC2012_val_00023250.JPEG,n02088238,161,161,0.4031562,1,imagenet_c,defocus_blur,1,none
efficientnet_b4,ILSVRC2012_val_00023939.JPEG,n02088238,161,161,0.5716613,1,imagenet_c,defocus_blur,1,none
efficientnet_b4,ILSVRC2012_val_00023968.JPEG,n02088238,161,161,0.22287819,1,imagenet_c,defocus_blur,1,none
efficientnet_b4,ILSVRC2012_val_00024258.JPEG,n02088238,161,161,0.46619633,1,imagenet_c,defocus_blur,1,none
efficientnet_b4,ILSVRC2012_val_00024881.JPEG,n02088238,161,161,0.50574845,1,imagenet_c,defocus_blur,1,none
efficientnet_b4,ILSVRC2012_val_00025539.JPEG,n02088238,161,161,0.7014101,1,imagenet_c,defocus_blur,1,none
efficientnet_b4,ILSVRC2012_val_00026622.JPEG,n02088238,161,161,0.25147128,1,imagenet_c,defocus_blur,1,none
efficientnet_b4,ILSVRC2012_val_00027114.JPEG,n02088238,161,166,0.68543243,0,imagenet_c,defocus_blur,1,none
efficientnet_b4,ILSVRC2012_val_00027939.JPEG,n02088238,161,163,0.21992627,0,imagenet_c,defocus_blur,1,none
efficientnet_b4,ILSVRC2012_val_00029477.JPEG,n02088238,161,161,0.41258103,1,imagenet_c,defocus_blur,1,none
efficientnet_b4,ILSVRC2012_val_00030429.JPEG,n02088238,161,161,0.30406103,1,imagenet_c,defocus_blur,1,none
efficientnet_b4,ILSVRC2012_val_00033003.JPEG,n02088238,161,162,0.22466196,0,imagenet_c,defocus_blur,1,none
efficientnet_b4,ILSVRC2012_val_00034260.JPEG,n02088238,161,161,0.36732286,1,imagenet_c,defocus_blur,1,none
efficientnet_b4,ILSVRC2012_val_00034571.JPEG,n02088238,161,161,0.5730951,1,imagenet_c,defocus_blur,1,none
efficientnet_b4,ILSVRC2012_val_00035117.JPEG,n02088238,161,212,0.19111814,0,imagenet_c,defocus_blur,1,none
efficientnet_b4,ILSVRC2012_val_00036343.JPEG,n02088238,161,161,0.5280733,1,imagenet_c,defocus_blur,1,none
efficientnet_b4,ILSVRC2012_val_00037804.JPEG,n02088238,161,161,0.5142758,1,imagenet_c,defocus_blur,1,none
efficientnet_b4,ILSVRC2012_val_00039242.JPEG,n02088238,161,161,0.44852126,1,imagenet_c,defocus_blur,1,none
efficientnet_b4,ILSVRC2012_val_00039556.JPEG,n02088238,161,161,0.2357652,1,imagenet_c,defocus_blur,1,none
efficientnet_b4,ILSVRC2012_val_00040131.JPEG,n02088238,161,161,0.56728953,1,imagenet_c,defocus_blur,1,none
efficientnet_b4,ILSVRC2012_val_00040185.JPEG,n02088238,161,161,0.6785314,1,imagenet_c,defocus_blur,1,none
efficientnet_b4,ILSVRC2012_val_00040585.JPEG,n02088238,161,161,0.5221329,1,imagenet_c,defocus_blur,1,none
efficientnet_b4,ILSVRC2012_val_00041894.JPEG,n02088238,161,161,0.13650388,1,imagenet_c,defocus_blur,1,none
efficientnet_b4,ILSVRC2012_val_00046072.JPEG,n02088238,161,161,0.61312675,1,imagenet_c,defocus_blur,1,none
efficientnet_b4,ILSVRC2012_val_00047981.JPEG,n02088238,161,241,0.18888156,0,imagenet_c,defocus_blur,1,none
efficientnet_b4,ILSVRC2012_val_00049819.JPEG,n02088238,161,161,0.35786855,1,imagenet_c,defocus_blur,1,none
efficientnet_b4,ILSVRC2012_val_00049931.JPEG,n02088238,161,215,0.082213655,0,imagenet_c,defocus_blur,1,none
efficientnet_b4,ILSVRC2012_val_00000599.JPEG,n02088364,162,162,0.48187694,1,imagenet_c,defocus_blur,1,none
efficientnet_b4,ILSVRC2012_val_00002079.JPEG,n02088364,162,162,0.26393467,1,imagenet_c,defocus_blur,1,none
efficientnet_b4,ILSVRC2012_val_00005291.JPEG,n02088364,162,166,0.28692245,0,imagenet_c,defocus_blur,1,none
efficientnet_b4,ILSVRC2012_val_00005922.JPEG,n02088364,162,162,0.36784285,1,imagenet_c,defocus_blur,1,none
efficientnet_b4,ILSVRC2012_val_00008435.JPEG,n02088364,162,167,0.23146336,0,imagenet_c,defocus_blur,1,none
efficientnet_b4,ILSVRC2012_val_00008675.JPEG,n02088364,162,162,0.79653883,1,imagenet_c,defocus_blur,1,none
efficientnet_b4,ILSVRC2012_val_00009542.JPEG,n02088364,162,162,0.65951973,1,imagenet_c,defocus_blur,1,none
efficientnet_b4,ILSVRC2012_val_00009664.JPEG,n02088364,162,162,0.5588845,1,imagenet_c,defocus_blur,1,none
efficientnet_b4,ILSVRC2012_val_00010420.JPEG,n02088364,162,162,0.41590008,1,imagenet_c,defocus_blur,1,none
efficientnet_b4,ILSVRC2012_val_00011384.JPEG,n02088364,162,162,0.15027384,1,imagenet_c,defocus_blur,1,none
efficientnet_b4,ILSVRC2012_val_00011719.JPEG,n02088364,162,162,0.2737825,1,imagenet_c,defocus_blur,1,none
efficientnet_b4,ILSVRC2012_val_00012235.JPEG,n02088364,162,162,0.2368915,1,imagenet_c,defocus_blur,1,none
efficientnet_b4,ILSVRC2012_val_00013381.JPEG,n02088364,162,166,0.20042813,0,imagenet_c,defocus_blur,1,none
efficientnet_b4,ILSVRC2012_val_00016656.JPEG,n02088364,162,162,0.36849147,1,imagenet_c,defocus_blur,1,none
efficientnet_b4,ILSVRC2012_val_00017873.JPEG,n02088364,162,166,0.44219756,0,imagenet_c,defocus_blur,1,none
efficientnet_b4,ILSVRC2012_val_00018480.JPEG,n02088364,162,162,0.31650084,1,imagenet_c,defocus_blur,1,none
efficientnet_b4,ILSVRC2012_val_00018916.JPEG,n02088364,162,167,0.18471998,0,imagenet_c,defocus_blur,1,none
efficientnet_b4,ILSVRC2012_val_00019187.JPEG,n02088364,162,162,0.5383324,1,imagenet_c,defocus_blur,1,none
efficientnet_b4,ILSVRC2012_val_00019283.JPEG,n02088364,162,161,0.63898104,0,imagenet_c,defocus_blur,1,none
efficientnet_b4,ILSVRC2012_val_00020553.JPEG,n02088364,162,215,0.27414978,0,imagenet_c,defocus_blur,1,none
efficientnet_b4,ILSVRC2012_val_00020762.JPEG,n02088364,162,162,0.45515049,1,imagenet_c,defocus_blur,1,none
efficientnet_b4,ILSVRC2012_val_00023357.JPEG,n02088364,162,167,0.20220202,0,imagenet_c,defocus_blur,1,none
efficientnet_b4,ILSVRC2012_val_00025393.JPEG,n02088364,162,166,0.34907025,0,imagenet_c,defocus_blur,1,none
efficientnet_b4,ILSVRC2012_val_00025613.JPEG,n02088364,162,167,0.53242725,0,imagenet_c,defocus_blur,1,none
efficientnet_b4,ILSVRC2012_val_00027347.JPEG,n02088364,162,162,0.46399528,1,imagenet_c,defocus_blur,1,none
efficientnet_b4,ILSVRC2012_val_00027804.JPEG,n02088364,162,162,0.3435414,1,imagenet_c,defocus_blur,1,none
efficientnet_b4,ILSVRC2012_val_00027989.JPEG,n02088364,162,162,0.5629231,1,imagenet_c,defocus_blur,1,none
efficientnet_b4,ILSVRC2012_val_00028001.JPEG,n02088364,162,166,0.288453,0,imagenet_c,defocus_blur,1,none
efficientnet_b4,ILSVRC2012_val_00028602.JPEG,n02088364,162,162,0.5642208,1,imagenet_c,defocus_blur,1,none
efficientnet_b4,ILSVRC2012_val_00029932.JPEG,n02088364,162,162,0.64044553,1,imagenet_c,defocus_blur,1,none
efficientnet_b4,ILSVRC2012_val_00030567.JPEG,n02088364,162,162,0.40494823,1,imagenet_c,defocus_blur,1,none
efficientnet_b4,ILSVRC2012_val_00031220.JPEG,n02088364,162,162,0.39010683,1,imagenet_c,defocus_blur,1,none
efficientnet_b4,ILSVRC2012_val_00032527.JPEG,n02088364,162,162,0.5450849,1,imagenet_c,defocus_blur,1,none
efficientnet_b4,ILSVRC2012_val_00032594.JPEG,n02088364,162,162,0.38818303,1,imagenet_c,defocus_blur,1,none
efficientnet_b4,ILSVRC2012_val_00034041.JPEG,n02088364,162,166,0.098274164,0,imagenet_c,defocus_blur,1,none
efficientnet_b4,ILSVRC2012_val_00034275.JPEG,n02088364,162,674,0.17548077,0,imagenet_c,defocus_blur,1,none
efficientnet_b4,ILSVRC2012_val_00035320.JPEG,n02088364,162,162,0.5060904,1,imagenet_c,defocus_blur,1,none
efficientnet_b4,ILSVRC2012_val_00035414.JPEG,n02088364,162,166,0.1947177,0,imagenet_c,defocus_blur,1,none
efficientnet_b4,ILSVRC2012_val_00036340.JPEG,n02088364,162,162,0.29543474,1,imagenet_c,defocus_blur,1,none
efficientnet_b4,ILSVRC2012_val_00037353.JPEG,n02088364,162,162,0.27150786,1,imagenet_c,defocus_blur,1,none
efficientnet_b4,ILSVRC2012_val_00039659.JPEG,n02088364,162,162,0.4885371,1,imagenet_c,defocus_blur,1,none
efficientnet_b4,ILSVRC2012_val_00042258.JPEG,n02088364,162,162,0.49655998,1,imagenet_c,defocus_blur,1,none
efficientnet_b4,ILSVRC2012_val_00042531.JPEG,n02088364,162,162,0.31372264,1,imagenet_c,defocus_blur,1,none
efficientnet_b4,ILSVRC2012_val_00044978.JPEG,n02088364,162,162,0.40160355,1,imagenet_c,defocus_blur,1,none
efficientnet_b4,ILSVRC2012_val_00047125.JPEG,n02088364,162,162,0.565446,1,imagenet_c,defocus_blur,1,none
efficientnet_b4,ILSVRC2012_val_00047309.JPEG,n02088364,162,162,0.271033,1,imagenet_c,defocus_blur,1,none
efficientnet_b4,ILSVRC2012_val_00048167.JPEG,n02088364,162,162,0.36424473,1,imagenet_c,defocus_blur,1,none
efficientnet_b4,ILSVRC2012_val_00048273.JPEG,n02088364,162,162,0.52165675,1,imagenet_c,defocus_blur,1,none
efficientnet_b4,ILSVRC2012_val_00049354.JPEG,n02088364,162,215,0.43029836,0,imagenet_c,defocus_blur,1,none
efficientnet_b4,ILSVRC2012_val_00049604.JPEG,n02088364,162,162,0.474275,1,imagenet_c,defocus_blur,1,none
efficientnet_b4,ILSVRC2012_val_00000141.JPEG,n02088466,163,163,0.7205758,1,imagenet_c,defocus_blur,1,none
efficientnet_b4,ILSVRC2012_val_00000884.JPEG,n02088466,163,163,0.5502767,1,imagenet_c,defocus_blur,1,none
efficientnet_b4,ILSVRC2012_val_00000909.JPEG,n02088466,163,165,0.19464493,0,imagenet_c,defocus_blur,1,none
efficientnet_b4,ILSVRC2012_val_00002503.JPEG,n02088466,163,165,0.5284255,0,imagenet_c,defocus_blur,1,none
efficientnet_b4,ILSVRC2012_val_00003954.JPEG,n02088466,163,163,0.509268,1,imagenet_c,defocus_blur,1,none
efficientnet_b4,ILSVRC2012_val_00006895.JPEG,n02088466,163,168,0.2750456,0,imagenet_c,defocus_blur,1,none
efficientnet_b4,ILSVRC2012_val_00007178.JPEG,n02088466,163,163,0.59210837,1,imagenet_c,defocus_blur,1,none
efficientnet_b4,ILSVRC2012_val_00008375.JPEG,n02088466,163,241,0.37985918,0,imagenet_c,defocus_blur,1,none
efficientnet_b4,ILSVRC2012_val_00008460.JPEG,n02088466,163,163,0.67010605,1,imagenet_c,defocus_blur,1,none
efficientnet_b4,ILSVRC2012_val_00009963.JPEG,n02088466,163,163,0.25455636,1,imagenet_c,defocus_blur,1,none
efficientnet_b4,ILSVRC2012_val_00010842.JPEG,n02088466,163,165,0.2863785,0,imagenet_c,defocus_blur,1,none
efficientnet_b4,ILSVRC2012_val_00013080.JPEG,n02088466,163,163,0.31547073,1,imagenet_c,defocus_blur,1,none
efficientnet_b4,ILSVRC2012_val_00013651.JPEG,n02088466,163,161,0.5088194,0,imagenet_c,defocus_blur,1,none
efficientnet_b4,ILSVRC2012_val_00014580.JPEG,n02088466,163,179,0.36993253,0,imagenet_c,defocus_blur,1,none
efficientnet_b4,ILSVRC2012_val_00014631.JPEG,n02088466,163,163,0.44343823,1,imagenet_c,defocus_blur,1,none
efficientnet_b4,ILSVRC2012_val_00014867.JPEG,n02088466,163,163,0.35155785,1,imagenet_c,defocus_blur,1,none
efficientnet_b4,ILSVRC2012_val_00015244.JPEG,n02088466,163,161,0.4609445,0,imagenet_c,defocus_blur,1,none
efficientnet_b4,ILSVRC2012_val_00017226.JPEG,n02088466,163,159,0.15678415,0,imagenet_c,defocus_blur,1,none
efficientnet_b4,ILSVRC2012_val_00017511.JPEG,n02088466,163,210,0.14821182,0,imagenet_c,defocus_blur,1,none
efficientnet_b4,ILSVRC2012_val_00018835.JPEG,n02088466,163,167,0.65564823,0,imagenet_c,defocus_blur,1,none
efficientnet_b4,ILSVRC2012_val_00019241.JPEG,n02088466,163,161,0.5249277,0,imagenet_c,defocus_blur,1,none
efficientnet_b4,ILSVRC2012_val_00020047.JPEG,n02088466,163,159,0.4128343,0,imagenet_c,defocus_blur,1,none
efficientnet_b4,ILSVRC2012_val_00020717.JPEG,n02088466,163,163,0.67077076,1,imagenet_c,defocus_blur,1,none
efficientnet_b4,ILSVRC2012_val_00020740.JPEG,n02088466,163,163,0.7304102,1,imagenet_c,defocus_blur,1,none
efficientnet_b4,ILSVRC2012_val_00021915.JPEG,n02088466,163,163,0.6630366,1,imagenet_c,defocus_blur,1,none
efficientnet_b4,ILSVRC2012_val_00023811.JPEG,n02088466,163,163,0.29041296,1,imagenet_c,defocus_blur,1,none
efficientnet_b4,ILSVRC2012_val_00024046.JPEG,n02088466,163,161,0.5760324,0,imagenet_c,defocus_blur,1,none
efficientnet_b4,ILSVRC2012_val_00024090.JPEG,n02088466,163,162,0.32399577,0,imagenet_c,defocus_blur,1,none
efficientnet_b4,ILSVRC2012_val_00024505.JPEG,n02088466,163,168,0.790669,0,imagenet_c,defocus_blur,1,none
efficientnet_b4,ILSVRC2012_val_00025718.JPEG,n02088466,163,168,0.6370663,0,imagenet_c,defocus_blur,1,none
efficientnet_b4,ILSVRC2012_val_00028118.JPEG,n02088466,163,242,0.11716019,0,imagenet_c,defocus_blur,1,none
efficientnet_b4,ILSVRC2012_val_00028716.JPEG,n02088466,163,163,0.2379519,1,imagenet_c,defocus_blur,1,none
efficientnet_b4,ILSVRC2012_val_00029326.JPEG,n02088466,163,168,0.48616406,0,imagenet_c,defocus_blur,1,none
efficientnet_b4,ILSVRC2012_val_00031603.JPEG,n02088466,163,208,0.2651845,0,imagenet_c,defocus_blur,1,none
efficientnet_b4,ILSVRC2012_val_00032365.JPEG,n02088466,163,167,0.5672809,0,imagenet_c,defocus_blur,1,none
efficientnet_b4,ILSVRC2012_val_00034356.JPEG,n02088466,163,163,0.7056537,1,imagenet_c,defocus_blur,1,none
efficientnet_b4,ILSVRC2012_val_00036523.JPEG,n02088466,163,163,0.34415457,1,imagenet_c,defocus_blur,1,none
efficientnet_b4,ILSVRC2012_val_00038054.JPEG,n02088466,163,273,0.24482313,0,imagenet_c,defocus_blur,1,none
efficientnet_b4,ILSVRC2012_val_00038477.JPEG,n02088466,163,168,0.23132192,0,imagenet_c,defocus_blur,1,none
efficientnet_b4,ILSVRC2012_val_00039540.JPEG,n02088466,163,168,0.34811214,0,imagenet_c,defocus_blur,1,none
efficientnet_b4,ILSVRC2012_val_00039741.JPEG,n02088466,163,163,0.22299363,1,imagenet_c,defocus_blur,1,none
efficientnet_b4,ILSVRC2012_val_00039900.JPEG,n02088466,163,208,0.16679914,0,imagenet_c,defocus_blur,1,none
efficientnet_b4,ILSVRC2012_val_00040708.JPEG,n02088466,163,163,0.6096663,1,imagenet_c,defocus_blur,1,none
efficientnet_b4,ILSVRC2012_val_00042692.JPEG,n02088466,163,209,0.20233184,0,imagenet_c,defocus_blur,1,none
efficientnet_b4,ILSVRC2012_val_00043153.JPEG,n02088466,163,165,0.46435034,0,imagenet_c,defocus_blur,1,none
efficientnet_b4,ILSVRC2012_val_00044554.JPEG,n02088466,163,163,0.3008527,1,imagenet_c,defocus_blur,1,none
efficientnet_b4,ILSVRC2012_val_00044605.JPEG,n02088466,163,163,0.68830407,1,imagenet_c,defocus_blur,1,none
efficientnet_b4,ILSVRC2012_val_00044716.JPEG,n02088466,163,164,0.21301657,0,imagenet_c,defocus_blur,1,none
efficientnet_b4,ILSVRC2012_val_00046691.JPEG,n02088466,163,246,0.49590066,0,imagenet_c,defocus_blur,1,none
efficientnet_b4,ILSVRC2012_val_00049762.JPEG,n02088466,163,163,0.24676009,1,imagenet_c,defocus_blur,1,none
efficientnet_b4,ILSVRC2012_val_00001097.JPEG,n02088632,164,164,0.63864815,1,imagenet_c,defocus_blur,1,none
efficientnet_b4,ILSVRC2012_val_00004436.JPEG,n02088632,164,164,0.671142,1,imagenet_c,defocus_blur,1,none
efficientnet_b4,ILSVRC2012_val_00007493.JPEG,n02088632,164,164,0.6473225,1,imagenet_c,defocus_blur,1,none
efficientnet_b4,ILSVRC2012_val_00007966.JPEG,n02088632,164,164,0.5424945,1,imagenet_c,defocus_blur,1,none
efficientnet_b4,ILSVRC2012_val_00010982.JPEG,n02088632,164,164,0.6070024,1,imagenet_c,defocus_blur,1,none
efficientnet_b4,ILSVRC2012_val_00011878.JPEG,n02088632,164,164,0.7169667,1,imagenet_c,defocus_blur,1,none
efficientnet_b4,ILSVRC2012_val_00012043.JPEG,n02088632,164,164,0.7422064,1,imagenet_c,defocus_blur,1,none
efficientnet_b4,ILSVRC2012_val_00012702.JPEG,n02088632,164,164,0.66481096,1,imagenet_c,defocus_blur,1,none
efficientnet_b4,ILSVRC2012_val_00013962.JPEG,n02088632,164,164,0.24332845,1,imagenet_c,defocus_blur,1,none
efficientnet_b4,ILSVRC2012_val_00016058.JPEG,n02088632,164,164,0.59560925,1,imagenet_c,defocus_blur,1,none
efficientnet_b4,ILSVRC2012_val_00017113.JPEG,n02088632,164,164,0.5021615,1,imagenet_c,defocus_blur,1,none
efficientnet_b4,ILSVRC2012_val_00017259.JPEG,n02088632,164,164,0.7693983,1,imagenet_c,defocus_blur,1,none
efficientnet_b4,ILSVRC2012_val_00017281.JPEG,n02088632,164,167,0.42143583,0,imagenet_c,defocus_blur,1,none
efficientnet_b4,ILSVRC2012_val_00018028.JPEG,n02088632,164,164,0.22908458,1,imagenet_c,defocus_blur,1,none
efficientnet_b4,ILSVRC2012_val_00019481.JPEG,n02088632,164,164,0.36436927,1,imagenet_c,defocus_blur,1,none
efficientnet_b4,ILSVRC2012_val_00020823.JPEG,n02088632,164,164,0.6249204,1,imagenet_c,defocus_blur,1,none
efficientnet_b4,ILSVRC2012_val_00022122.JPEG,n02088632,164,164,0.67288935,1,imagenet_c,defocus_blur,1,none
efficientnet_b4,ILSVRC2012_val_00022179.JPEG,n02088632,164,176,0.27599373,0,imagenet_c,defocus_blur,1,none
efficientnet_b4,ILSVRC2012_val_00022785.JPEG,n02088632,164,210,0.29163688,0,imagenet_c,defocus_blur,1,none
efficientnet_b4,ILSVRC2012_val_00023171.JPEG,n02088632,164,167,0.23908901,0,imagenet_c,defocus_blur,1,none
efficientnet_b4,ILSVRC2012_val_00025655.JPEG,n02088632,164,164,0.045945957,1,imagenet_c,defocus_blur,1,none
efficientnet_b4,ILSVRC2012_val_00025883.JPEG,n02088632,164,164,0.4574448,1,imagenet_c,defocus_blur,1,none
efficientnet_b4,ILSVRC2012_val_00027348.JPEG,n02088632,164,164,0.7516563,1,imagenet_c,defocus_blur,1,none
efficientnet_b4,ILSVRC2012_val_00028089.JPEG,n02088632,164,164,0.61128074,1,imagenet_c,defocus_blur,1,none
efficientnet_b4,ILSVRC2012_val_00029334.JPEG,n02088632,164,164,0.61489165,1,imagenet_c,defocus_blur,1,none
efficientnet_b4,ILSVRC2012_val_00029629.JPEG,n02088632,164,164,0.5840046,1,imagenet_c,defocus_blur,1,none
efficientnet_b4,ILSVRC2012_val_00030757.JPEG,n02088632,164,164,0.53091127,1,imagenet_c,defocus_blur,1,none
efficientnet_b4,ILSVRC2012_val_00031347.JPEG,n02088632,164,164,0.30075392,1,imagenet_c,defocus_blur,1,none
efficientnet_b4,ILSVRC2012_val_00032000.JPEG,n02088632,164,242,0.5984184,0,imagenet_c,defocus_blur,1,none
efficientnet_b4,ILSVRC2012_val_00032429.JPEG,n02088632,164,164,0.59386474,1,imagenet_c,defocus_blur,1,none
efficientnet_b4,ILSVRC2012_val_00032451.JPEG,n02088632,164,164,0.3759375,1,imagenet_c,defocus_blur,1,none
efficientnet_b4,ILSVRC2012_val_00034553.JPEG,n02088632,164,164,0.6299271,1,imagenet_c,defocus_blur,1,none
efficientnet_b4,ILSVRC2012_val_00035347.JPEG,n02088632,164,165,0.45470634,0,imagenet_c,defocus_blur,1,none
efficientnet_b4,ILSVRC2012_val_00036002.JPEG,n02088632,164,164,0.650557,1,imagenet_c,defocus_blur,1,none
efficientnet_b4,ILSVRC2012_val_00036667.JPEG,n02088632,164,164,0.7471144,1,imagenet_c,defocus_blur,1,none
efficientnet_b4,ILSVRC2012_val_00037797.JPEG,n02088632,164,164,0.54494286,1,imagenet_c,defocus_blur,1,none
efficientnet_b4,ILSVRC2012_val_00038423.JPEG,n02088632,164,164,0.20027323,1,imagenet_c,defocus_blur,1,none
efficientnet_b4,ILSVRC2012_val_00038498.JPEG,n02088632,164,164,0.677195,1,imagenet_c,defocus_blur,1,none
efficientnet_b4,ILSVRC2012_val_00038761.JPEG,n02088632,164,210,0.5417965,0,imagenet_c,defocus_blur,1,none
efficientnet_b4,ILSVRC2012_val_00039010.JPEG,n02088632,164,164,0.54539454,1,imagenet_c,defocus_blur,1,none
efficientnet_b4,ILSVRC2012_val_00040515.JPEG,n02088632,164,164,0.5502758,1,imagenet_c,defocus_blur,1,none
efficientnet_b4,ILSVRC2012_val_00040590.JPEG,n02088632,164,164,0.7359005,1,imagenet_c,defocus_blur,1,none
efficientnet_b4,ILSVRC2012_val_00043629.JPEG,n02088632,164,164,0.55663145,1,imagenet_c,defocus_blur,1,none
efficientnet_b4,ILSVRC2012_val_00044875.JPEG,n02088632,164,164,0.41156095,1,imagenet_c,defocus_blur,1,none
efficientnet_b4,ILSVRC2012_val_00045887.JPEG,n02088632,164,176,0.30152175,0,imagenet_c,defocus_blur,1,none
efficientnet_b4,ILSVRC2012_val_00045971.JPEG,n02088632,164,164,0.6267277,1,imagenet_c,defocus_blur,1,none
efficientnet_b4,ILSVRC2012_val_00046158.JPEG,n02088632,164,164,0.16967204,1,imagenet_c,defocus_blur,1,none
efficientnet_b4,ILSVRC2012_val_00046273.JPEG,n02088632,164,219,0.1373612,0,imagenet_c,defocus_blur,1,none
efficientnet_b4,ILSVRC2012_val_00049516.JPEG,n02088632,164,176,0.22173047,0,imagenet_c,defocus_blur,1,none
efficientnet_b4,ILSVRC2012_val_00049779.JPEG,n02088632,164,164,0.22264594,1,imagenet_c,defocus_blur,1,none
efficientnet_b4,ILSVRC2012_val_00000327.JPEG,n02089078,165,234,0.1867053,0,imagenet_c,defocus_blur,1,none
efficientnet_b4,ILSVRC2012_val_00002398.JPEG,n02089078,165,165,0.42737985,1,imagenet_c,defocus_blur,1,none
efficientnet_b4,ILSVRC2012_val_00003905.JPEG,n02089078,165,165,0.63295865,1,imagenet_c,defocus_blur,1,none
efficientnet_b4,ILSVRC2012_val_00005397.JPEG,n02089078,165,165,0.36242807,1,imagenet_c,defocus_blur,1,none
efficientnet_b4,ILSVRC2012_val_00006401.JPEG,n02089078,165,165,0.1948006,1,imagenet_c,defocus_blur,1,none
efficientnet_b4,ILSVRC2012_val_00006415.JPEG,n02089078,165,165,0.23048471,1,imagenet_c,defocus_blur,1,none
efficientnet_b4,ILSVRC2012_val_00007462.JPEG,n02089078,165,165,0.74910015,1,imagenet_c,defocus_blur,1,none
efficientnet_b4,ILSVRC2012_val_00008152.JPEG,n02089078,165,165,0.64801866,1,imagenet_c,defocus_blur,1,none
efficientnet_b4,ILSVRC2012_val_00009405.JPEG,n02089078,165,165,0.59788376,1,imagenet_c,defocus_blur,1,none
efficientnet_b4,ILSVRC2012_val_00012055.JPEG,n02089078,165,236,0.22608602,0,imagenet_c,defocus_blur,1,none
efficientnet_b4,ILSVRC2012_val_00012293.JPEG,n02089078,165,165,0.24667658,1,imagenet_c,defocus_blur,1,none
efficientnet_b4,ILSVRC2012_val_00015252.JPEG,n02089078,165,165,0.81450015,1,imagenet_c,defocus_blur,1,none
efficientnet_b4,ILSVRC2012_val_00017673.JPEG,n02089078,165,165,0.50730795,1,imagenet_c,defocus_blur,1,none
efficientnet_b4,ILSVRC2012_val_00018811.JPEG,n02089078,165,165,0.69155324,1,imagenet_c,defocus_blur,1,none
efficientnet_b4,ILSVRC2012_val_00018840.JPEG,n02089078,165,165,0.6929232,1,imagenet_c,defocus_blur,1,none
efficientnet_b4,ILSVRC2012_val_00019462.JPEG,n02089078,165,236,0.26679412,0,imagenet_c,defocus_blur,1,none
efficientnet_b4,ILSVRC2012_val_00019636.JPEG,n02089078,165,165,0.7678953,1,imagenet_c,defocus_blur,1,none
efficientnet_b4,ILSVRC2012_val_00021831.JPEG,n02089078,165,234,0.44739285,0,imagenet_c,defocus_blur,1,none
efficientnet_b4,ILSVRC2012_val_00023203.JPEG,n02089078,165,165,0.614639,1,imagenet_c,defocus_blur,1,none
efficientnet_b4,ILSVRC2012_val_00023966.JPEG,n02089078,165,234,0.22974828,0,imagenet_c,defocus_blur,1,none
efficientnet_b4,ILSVRC2012_val_00025165.JPEG,n02089078,165,165,0.42383772,1,imagenet_c,defocus_blur,1,none
efficientnet_b4,ILSVRC2012_val_00025318.JPEG,n02089078,165,165,0.553897,1,imagenet_c,defocus_blur,1,none
efficientnet_b4,ILSVRC2012_val_00025466.JPEG,n02089078,165,165,0.48997167,1,imagenet_c,defocus_blur,1,none
efficientnet_b4,ILSVRC2012_val_00025820.JPEG,n02089078,165,165,0.6877836,1,imagenet_c,defocus_blur,1,none
efficientnet_b4,ILSVRC2012_val_00026692.JPEG,n02089078,165,165,0.5427492,1,imagenet_c,defocus_blur,1,none
efficientnet_b4,ILSVRC2012_val_00029648.JPEG,n02089078,165,165,0.7770725,1,imagenet_c,defocus_blur,1,none
efficientnet_b4,ILSVRC2012_val_00029836.JPEG,n02089078,165,227,0.23665087,0,imagenet_c,defocus_blur,1,none
efficientnet_b4,ILSVRC2012_val_00029973.JPEG,n02089078,165,165,0.6926022,1,imagenet_c,defocus_blur,1,none
efficientnet_b4,ILSVRC2012_val_00030002.JPEG,n02089078,165,234,0.26022887,0,imagenet_c,defocus_blur,1,none
efficientnet_b4,ILSVRC2012_val_00030326.JPEG,n02089078,165,165,0.85152364,1,imagenet_c,defocus_blur,1,none
efficientnet_b4,ILSVRC2012_val_00030928.JPEG,n02089078,165,166,0.17173585,0,imagenet_c,defocus_blur,1,none
efficientnet_b4,ILSVRC2012_val_00031040.JPEG,n02089078,165,234,0.3241668,0,imagenet_c,defocus_blur,1,none
efficientnet_b4,ILSVRC2012_val_00031699.JPEG,n02089078,165,488,0.045908235,0,imagenet_c,defocus_blur,1,none
efficientnet_b4,ILSVRC2012_val_00033531.JPEG,n02089078,165,165,0.30599108,1,imagenet_c,defocus_blur,1,none
efficientnet_b4,ILSVRC2012_val_00034171.JPEG,n02089078,165,165,0.42586365,1,imagenet_c,defocus_blur,1,none
efficientnet_b4,ILSVRC2012_val_00037559.JPEG,n02089078,165,165,0.28053936,1,imagenet_c,defocus_blur,1,none
efficientnet_b4,ILSVRC2012_val_00037609.JPEG,n02089078,165,234,0.26165348,0,imagenet_c,defocus_blur,1,none
efficientnet_b4,ILSVRC2012_val_00039934.JPEG,n02089078,165,165,0.62461644,1,imagenet_c,defocus_blur,1,none
efficientnet_b4,ILSVRC2012_val_00041629.JPEG,n02089078,165,239,0.24724157,0,imagenet_c,defocus_blur,1,none
efficientnet_b4,ILSVRC2012_val_00041810.JPEG,n02089078,165,165,0.3814848,1,imagenet_c,defocus_blur,1,none
efficientnet_b4,ILSVRC2012_val_00043206.JPEG,n02089078,165,165,0.5236466,1,imagenet_c,defocus_blur,1,none
efficientnet_b4,ILSVRC2012_val_00045878.JPEG,n02089078,165,165,0.21694559,1,imagenet_c,defocus_blur,1,none
efficientnet_b4,ILSVRC2012_val_00045901.JPEG,n02089078,165,158,0.7650163,0,imagenet_c,defocus_blur,1,none
efficientnet_b4,ILSVRC2012_val_00045912.JPEG,n02089078,165,165,0.47893226,1,imagenet_c,defocus_blur,1,none
efficientnet_b4,ILSVRC2012_val_00045968.JPEG,n02089078,165,165,0.84114367,1,imagenet_c,defocus_blur,1,none
efficientnet_b4,ILSVRC2012_val_00046881.JPEG,n02089078,165,165,0.79697317,1,imagenet_c,defocus_blur,1,none
efficientnet_b4,ILSVRC2012_val_00047117.JPEG,n02089078,165,165,0.76082647,1,imagenet_c,defocus_blur,1,none
efficientnet_b4,ILSVRC2012_val_00047543.JPEG,n02089078,165,165,0.567153,1,imagenet_c,defocus_blur,1,none
efficientnet_b4,ILSVRC2012_val_00049198.JPEG,n02089078,165,165,0.69747335,1,imagenet_c,defocus_blur,1,none
efficientnet_b4,ILSVRC2012_val_00049229.JPEG,n02089078,165,164,0.1466567,0,imagenet_c,defocus_blur,1,none
efficientnet_b4,ILSVRC2012_val_00000511.JPEG,n02089867,166,166,0.54390687,1,imagenet_c,defocus_blur,1,none
efficientnet_b4,ILSVRC2012_val_00001538.JPEG,n02089867,166,166,0.17950192,1,imagenet_c,defocus_blur,1,none
efficientnet_b4,ILSVRC2012_val_00002373.JPEG,n02089867,166,167,0.24955136,0,imagenet_c,defocus_blur,1,none
efficientnet_b4,ILSVRC2012_val_00002656.JPEG,n02089867,166,166,0.602129,1,imagenet_c,defocus_blur,1,none
efficientnet_b4,ILSVRC2012_val_00003646.JPEG,n02089867,166,166,0.49937624,1,imagenet_c,defocus_blur,1,none
efficientnet_b4,ILSVRC2012_val_00004148.JPEG,n02089867,166,166,0.14520374,1,imagenet_c,defocus_blur,1,none
efficientnet_b4,ILSVRC2012_val_00004777.JPEG,n02089867,166,166,0.15270644,1,imagenet_c,defocus_blur,1,none
efficientnet_b4,ILSVRC2012_val_00005831.JPEG,n02089867,166,166,0.6023665,1,imagenet_c,defocus_blur,1,none
efficientnet_b4,ILSVRC2012_val_00007945.JPEG,n02089867,166,164,0.31939396,0,imagenet_c,defocus_blur,1,none
efficientnet_b4,ILSVRC2012_val_00008536.JPEG,n02089867,166,167,0.27497748,0,imagenet_c,defocus_blur,1,none
efficientnet_b4,ILSVRC2012_val_00009220.JPEG,n02089867,166,161,0.34308416,0,imagenet_c,defocus_blur,1,none
efficientnet_b4,ILSVRC2012_val_00010249.JPEG,n02089867,166,167,0.36464834,0,imagenet_c,defocus_blur,1,none
efficientnet_b4,ILSVRC2012_val_00010626.JPEG,n02089867,166,167,0.40220866,0,imagenet_c,defocus_blur,1,none
efficientnet_b4,ILSVRC2012_val_00010950.JPEG,n02089867,166,537,0.4080454,0,imagenet_c,defocus_blur,1,none
efficientnet_b4,ILSVRC2012_val_00011792.JPEG,n02089867,166,167,0.35943347,0,imagenet_c,defocus_blur,1,none
efficientnet_b4,ILSVRC2012_val_00013818.JPEG,n02089867,166,166,0.5879507,1,imagenet_c,defocus_blur,1,none
efficientnet_b4,ILSVRC2012_val_00014045.JPEG,n02089867,166,158,0.13236113,0,imagenet_c,defocus_blur,1,none
efficientnet_b4,ILSVRC2012_val_00016255.JPEG,n02089867,166,167,0.24988623,0,imagenet_c,defocus_blur,1,none
efficientnet_b4,ILSVRC2012_val_00017107.JPEG,n02089867,166,166,0.43936557,1,imagenet_c,defocus_blur,1,none
efficientnet_b4,ILSVRC2012_val_00020442.JPEG,n02089867,166,166,0.7098613,1,imagenet_c,defocus_blur,1,none
efficientnet_b4,ILSVRC2012_val_00021357.JPEG,n02089867,166,162,0.3265994,0,imagenet_c,defocus_blur,1,none
efficientnet_b4,ILSVRC2012_val_00022913.JPEG,n02089867,166,162,0.1535127,0,imagenet_c,defocus_blur,1,none
efficientnet_b4,ILSVRC2012_val_00023765.JPEG,n02089867,166,166,0.70404667,1,imagenet_c,defocus_blur,1,none
efficientnet_b4,ILSVRC2012_val_00024521.JPEG,n02089867,166,166,0.7320443,1,imagenet_c,defocus_blur,1,none
efficientnet_b4,ILSVRC2012_val_00025562.JPEG,n02089867,166,166,0.305755,1,imagenet_c,defocus_blur,1,none
efficientnet_b4,ILSVRC2012_val_00025773.JPEG,n02089867,166,166,0.5309348,1,imagenet_c,defocus_blur,1,none
efficientnet_b4,ILSVRC2012_val_00030025.JPEG,n02089867,166,166,0.2653928,1,imagenet_c,defocus_blur,1,none
efficientnet_b4,ILSVRC2012_val_00030083.JPEG,n02089867,166,166,0.17255029,1,imagenet_c,defocus_blur,1,none
efficientnet_b4,ILSVRC2012_val_00031118.JPEG,n02089867,166,167,0.43392155,0,imagenet_c,defocus_blur,1,none
efficientnet_b4,ILSVRC2012_val_00031823.JPEG,n02089867,166,166,0.24054918,1,imagenet_c,defocus_blur,1,none
efficientnet_b4,ILSVRC2012_val_00031834.JPEG,n02089867,166,166,0.20932247,1,imagenet_c,defocus_blur,1,none
efficientnet_b4,ILSVRC2012_val_00033233.JPEG,n02089867,166,166,0.3114578,1,imagenet_c,defocus_blur,1,none
efficientnet_b4,ILSVRC2012_val_00034382.JPEG,n02089867,166,161,0.81429696,0,imagenet_c,defocus_blur,1,none
efficientnet_b4,ILSVRC2012_val_00035669.JPEG,n02089867,166,166,0.7387843,1,imagenet_c,defocus_blur,1,none
efficientnet_b4,ILSVRC2012_val_00035749.JPEG,n02089867,166,166,0.37386233,1,imagenet_c,defocus_blur,1,none
efficientnet_b4,ILSVRC2012_val_00035767.JPEG,n02089867,166,167,0.20688665,0,imagenet_c,defocus_blur,1,none
efficientnet_b4,ILSVRC2012_val_00036492.JPEG,n02089867,166,166,0.4120843,1,imagenet_c,defocus_blur,1,none
efficientnet_b4,ILSVRC2012_val_00037305.JPEG,n02089867,166,166,0.45113495,1,imagenet_c,defocus_blur,1,none
efficientnet_b4,ILSVRC2012_val_00037331.JPEG,n02089867,166,161,0.2889752,0,imagenet_c,defocus_blur,1,none
efficientnet_b4,ILSVRC2012_val_00038779.JPEG,n02089867,166,166,0.24137528,1,imagenet_c,defocus_blur,1,none
efficientnet_b4,ILSVRC2012_val_00039247.JPEG,n02089867,166,166,0.24662001,1,imagenet_c,defocus_blur,1,none
efficientnet_b4,ILSVRC2012_val_00039788.JPEG,n02089867,166,167,0.46794882,0,imagenet_c,defocus_blur,1,none
efficientnet_b4,ILSVRC2012_val_00042394.JPEG,n02089867,166,167,0.46621743,0,imagenet_c,defocus_blur,1,none
efficientnet_b4,ILSVRC2012_val_00044513.JPEG,n02089867,166,166,0.27917674,1,imagenet_c,defocus_blur,1,none
efficientnet_b4,ILSVRC2012_val_00045469.JPEG,n02089867,166,166,0.24579956,1,imagenet_c,defocus_blur,1,none
efficientnet_b4,ILSVRC2012_val_00045565.JPEG,n02089867,166,166,0.59545606,1,imagenet_c,defocus_blur,1,none
efficientnet_b4,ILSVRC2012_val_00046021.JPEG,n02089867,166,215,0.12313382,0,imagenet_c,defocus_blur,1,none
efficientnet_b4,ILSVRC2012_val_00046997.JPEG,n02089867,166,167,0.37061957,0,imagenet_c,defocus_blur,1,none
efficientnet_b4,ILSVRC2012_val_00048592.JPEG,n02089867,166,167,0.27449173,0,imagenet_c,defocus_blur,1,none
efficientnet_b4,ILSVRC2012_val_00049809.JPEG,n02089867,166,166,0.3903618,1,imagenet_c,defocus_blur,1,none
efficientnet_b4,ILSVRC2012_val_00000028.JPEG,n02089973,167,167,0.4714342,1,imagenet_c,defocus_blur,1,none
efficientnet_b4,ILSVRC2012_val_00000048.JPEG,n02089973,167,264,0.27541742,0,imagenet_c,defocus_blur,1,none
efficientnet_b4,ILSVRC2012_val_00000237.JPEG,n02089973,167,167,0.6487344,1,imagenet_c,defocus_blur,1,none
efficientnet_b4,ILSVRC2012_val_00001128.JPEG,n02089973,167,166,0.20843153,0,imagenet_c,defocus_blur,1,none
efficientnet_b4,ILSVRC2012_val_00001696.JPEG,n02089973,167,167,0.7727823,1,imagenet_c,defocus_blur,1,none
efficientnet_b4,ILSVRC2012_val_00001777.JPEG,n02089973,167,166,0.3847111,0,imagenet_c,defocus_blur,1,none
efficientnet_b4,ILSVRC2012_val_00002246.JPEG,n02089973,167,162,0.19557042,0,imagenet_c,defocus_blur,1,none
efficientnet_b4,ILSVRC2012_val_00003671.JPEG,n02089973,167,167,0.500827,1,imagenet_c,defocus_blur,1,none
efficientnet_b4,ILSVRC2012_val_00004774.JPEG,n02089973,167,167,0.07569194,1,imagenet_c,defocus_blur,1,none
efficientnet_b4,ILSVRC2012_val_00004795.JPEG,n02089973,167,167,0.6526464,1,imagenet_c,defocus_blur,1,none
efficientnet_b4,ILSVRC2012_val_00005943.JPEG,n02089973,167,162,0.3074603,0,imagenet_c,defocus_blur,1,none
efficientnet_b4,ILSVRC2012_val_00006505.JPEG,n02089973,167,215,0.1334417,0,imagenet_c,defocus_blur,1,none
efficientnet_b4,ILSVRC2012_val_00006815.JPEG,n02089973,167,162,0.28408918,0,imagenet_c,defocus_blur,1,none
efficientnet_b4,ILSVRC2012_val_00007850.JPEG,n02089973,167,167,0.8297097,1,imagenet_c,defocus_blur,1,none
efficientnet_b4,ILSVRC2012_val_00007929.JPEG,n02089973,167,167,0.78325397,1,imagenet_c,defocus_blur,1,none
efficientnet_b4,ILSVRC2012_val_00010168.JPEG,n02089973,167,167,0.3387276,1,imagenet_c,defocus_blur,1,none
efficientnet_b4,ILSVRC2012_val_00011342.JPEG,n02089973,167,898,0.057501856,0,imagenet_c,defocus_blur,1,none
efficientnet_b4,ILSVRC2012_val_00011586.JPEG,n02089973,167,167,0.4905901,1,imagenet_c,defocus_blur,1,none
efficientnet_b4,ILSVRC2012_val_00012875.JPEG,n02089973,167,166,0.28681752,0,imagenet_c,defocus_blur,1,none
efficientnet_b4,ILSVRC2012_val_00018202.JPEG,n02089973,167,167,0.39887866,1,imagenet_c,defocus_blur,1,none
efficientnet_b4,ILSVRC2012_val_00018649.JPEG,n02089973,167,167,0.80365616,1,imagenet_c,defocus_blur,1,none
efficientnet_b4,ILSVRC2012_val_00020403.JPEG,n02089973,167,167,0.3979708,1,imagenet_c,defocus_blur,1,none
efficientnet_b4,ILSVRC2012_val_00025914.JPEG,n02089973,167,167,0.26668397,1,imagenet_c,defocus_blur,1,none
efficientnet_b4,ILSVRC2012_val_00029164.JPEG,n02089973,167,164,0.17687695,0,imagenet_c,defocus_blur,1,none
efficientnet_b4,ILSVRC2012_val_00031859.JPEG,n02089973,167,246,0.25236806,0,imagenet_c,defocus_blur,1,none
efficientnet_b4,ILSVRC2012_val_00033378.JPEG,n02089973,167,167,0.44161487,1,imagenet_c,defocus_blur,1,none
efficientnet_b4,ILSVRC2012_val_00033611.JPEG,n02089973,167,166,0.37538144,0,imagenet_c,defocus_blur,1,none
efficientnet_b4,ILSVRC2012_val_00033633.JPEG,n02089973,167,162,0.38403803,0,imagenet_c,defocus_blur,1,none
efficientnet_b4,ILSVRC2012_val_00033666.JPEG,n02089973,167,162,0.28381175,0,imagenet_c,defocus_blur,1,none
efficientnet_b4,ILSVRC2012_val_00033862.JPEG,n02089973,167,167,0.32370555,1,imagenet_c,defocus_blur,1,none
efficientnet_b4,ILSVRC2012_val_00034690.JPEG,n02089973,167,167,0.4676069,1,imagenet_c,defocus_blur,1,none
efficientnet_b4,ILSVRC2012_val_00036191.JPEG,n02089973,167,168,0.78570974,0,imagenet_c,defocus_blur,1,none
efficientnet_b4,ILSVRC2012_val_00036728.JPEG,n02089973,167,167,0.77578795,1,imagenet_c,defocus_blur,1,none
efficientnet_b4,ILSVRC2012_val_00036913.JPEG,n02089973,167,167,0.6869397,1,imagenet_c,defocus_blur,1,none
efficientnet_b4,ILSVRC2012_val_00036938.JPEG,n02089973,167,162,0.5640025,0,imagenet_c,defocus_blur,1,none
efficientnet_b4,ILSVRC2012_val_00037826.JPEG,n02089973,167,162,0.14266974,0,imagenet_c,defocus_blur,1,none
efficientnet_b4,ILSVRC2012_val_00038676.JPEG,n02089973,167,166,0.55811965,0,imagenet_c,defocus_blur,1,none
efficientnet_b4,ILSVRC2012_val_00038944.JPEG,n02089973,167,167,0.70905364,1,imagenet_c,defocus_blur,1,none
efficientnet_b4,ILSVRC2012_val_00039528.JPEG,n02089973,167,167,0.60200167,1,imagenet_c,defocus_blur,1,none
efficientnet_b4,ILSVRC2012_val_00040069.JPEG,n02089973,167,164,0.4725474,0,imagenet_c,defocus_blur,1,none
efficientnet_b4,ILSVRC2012_val_00042318.JPEG,n02089973,167,167,0.3947449,1,imagenet_c,defocus_blur,1,none
efficientnet_b4,ILSVRC2012_val_00043341.JPEG,n02089973,167,166,0.51628286,0,imagenet_c,defocus_blur,1,none
efficientnet_b4,ILSVRC2012_val_00043391.JPEG,n02089973,167,167,0.59286547,1,imagenet_c,defocus_blur,1,none
efficientnet_b4,ILSVRC2012_val_00043580.JPEG,n02089973,167,166,0.30080473,0,imagenet_c,defocus_blur,1,none
efficientnet_b4,ILSVRC2012_val_00043610.JPEG,n02089973,167,167,0.2953027,1,imagenet_c,defocus_blur,1,none
efficientnet_b4,ILSVRC2012_val_00045799.JPEG,n02089973,167,166,0.29058012,0,imagenet_c,defocus_blur,1,none
efficientnet_b4,ILSVRC2012_val_00046454.JPEG,n02089973,167,167,0.5285911,1,imagenet_c,defocus_blur,1,none
efficientnet_b4,ILSVRC2012_val_00048007.JPEG,n02089973,167,167,0.55457956,1,imagenet_c,defocus_blur,1,none
efficientnet_b4,ILSVRC2012_val_00048188.JPEG,n02089973,167,180,0.25216216,0,imagenet_c,defocus_blur,1,none
efficientnet_b4,ILSVRC2012_val_00049640.JPEG,n02089973,167,167,0.4650449,1,imagenet_c,defocus_blur,1,none
efficientnet_b4,ILSVRC2012_val_00001267.JPEG,n02090379,168,168,0.19164458,1,imagenet_c,defocus_blur,1,none
efficientnet_b4,ILSVRC2012_val_00001363.JPEG,n02090379,168,168,0.28341696,1,imagenet_c,defocus_blur,1,none
efficientnet_b4,ILSVRC2012_val_00001862.JPEG,n02090379,168,168,0.5036671,1,imagenet_c,defocus_blur,1,none
efficientnet_b4,ILSVRC2012_val_00002933.JPEG,n02090379,168,225,0.05891189,0,imagenet_c,defocus_blur,1,none
efficientnet_b4,ILSVRC2012_val_00005493.JPEG,n02090379,168,208,0.28091967,0,imagenet_c,defocus_blur,1,none
efficientnet_b4,ILSVRC2012_val_00005808.JPEG,n02090379,168,168,0.8601061,1,imagenet_c,defocus_blur,1,none
efficientnet_b4,ILSVRC2012_val_00006396.JPEG,n02090379,168,168,0.5632758,1,imagenet_c,defocus_blur,1,none
efficientnet_b4,ILSVRC2012_val_00008166.JPEG,n02090379,168,168,0.23009367,1,imagenet_c,defocus_blur,1,none
efficientnet_b4,ILSVRC2012_val_00008272.JPEG,n02090379,168,168,0.70157176,1,imagenet_c,defocus_blur,1,none
efficientnet_b4,ILSVRC2012_val_00008698.JPEG,n02090379,168,168,0.3962069,1,imagenet_c,defocus_blur,1,none
efficientnet_b4,ILSVRC2012_val_00009348.JPEG,n02090379,168,168,0.65213144,1,imagenet_c,defocus_blur,1,none
efficientnet_b4,ILSVRC2012_val_00011113.JPEG,n02090379,168,168,0.6812738,1,imagenet_c,defocus_blur,1,none
efficientnet_b4,ILSVRC2012_val_00011176.JPEG,n02090379,168,168,0.5652548,1,imagenet_c,defocus_blur,1,none
efficientnet_b4,ILSVRC2012_val_00011798.JPEG,n02090379,168,168,0.12893388,1,imagenet_c,defocus_blur,1,none
efficientnet_b4,ILSVRC2012_val_00015885.JPEG,n02090379,168,168,0.6447117,1,imagenet_c,defocus_blur,1,none
efficientnet_b4,ILSVRC2012_val_00017003.JPEG,n02090379,168,168,0.33751893,1,imagenet_c,defocus_blur,1,none
efficientnet_b4,ILSVRC2012_val_00018327.JPEG,n02090379,168,168,0.5588083,1,imagenet_c,defocus_blur,1,none
efficientnet_b4,ILSVRC2012_val_00020739.JPEG,n02090379,168,168,0.44888738,1,imagenet_c,defocus_blur,1,none
efficientnet_b4,ILSVRC2012_val_00021575.JPEG,n02090379,168,168,0.7217335,1,imagenet_c,defocus_blur,1,none
efficientnet_b4,ILSVRC2012_val_00023101.JPEG,n02090379,168,168,0.45750287,1,imagenet_c,defocus_blur,1,none
efficientnet_b4,ILSVRC2012_val_00023155.JPEG,n02090379,168,168,0.6131155,1,imagenet_c,defocus_blur,1,none
efficientnet_b4,ILSVRC2012_val_00024043.JPEG,n02090379,168,168,0.75699055,1,imagenet_c,defocus_blur,1,none
efficientnet_b4,ILSVRC2012_val_00024486.JPEG,n02090379,168,168,0.47080153,1,imagenet_c,defocus_blur,1,none
efficientnet_b4,ILSVRC2012_val_00024950.JPEG,n02090379,168,168,0.3717511,1,imagenet_c,defocus_blur,1,none
efficientnet_b4,ILSVRC2012_val_00025696.JPEG,n02090379,168,168,0.602898,1,imagenet_c,defocus_blur,1,none
efficientnet_b4,ILSVRC2012_val_00026736.JPEG,n02090379,168,168,0.30886456,1,imagenet_c,defocus_blur,1,none
efficientnet_b4,ILSVRC2012_val_00028006.JPEG,n02090379,168,168,0.6336875,1,imagenet_c,defocus_blur,1,none
efficientnet_b4,ILSVRC2012_val_00030696.JPEG,n02090379,168,168,0.4147443,1,imagenet_c,defocus_blur,1,none
efficientnet_b4,ILSVRC2012_val_00031821.JPEG,n02090379,168,159,0.49050587,0,imagenet_c,defocus_blur,1,none
efficientnet_b4,ILSVRC2012_val_00031949.JPEG,n02090379,168,168,0.64938104,1,imagenet_c,defocus_blur,1,none
efficientnet_b4,ILSVRC2012_val_00032746.JPEG,n02090379,168,180,0.29785416,0,imagenet_c,defocus_blur,1,none
efficientnet_b4,ILSVRC2012_val_00033049.JPEG,n02090379,168,168,0.584838,1,imagenet_c,defocus_blur,1,none
efficientnet_b4,ILSVRC2012_val_00033094.JPEG,n02090379,168,168,0.20874576,1,imagenet_c,defocus_blur,1,none
efficientnet_b4,ILSVRC2012_val_00034024.JPEG,n02090379,168,168,0.5999613,1,imagenet_c,defocus_blur,1,none
efficientnet_b4,ILSVRC2012_val_00035488.JPEG,n02090379,168,168,0.24097836,1,imagenet_c,defocus_blur,1,none
efficientnet_b4,ILSVRC2012_val_00035689.JPEG,n02090379,168,179,0.5240479,0,imagenet_c,defocus_blur,1,none
efficientnet_b4,ILSVRC2012_val_00035912.JPEG,n02090379,168,168,0.75076073,1,imagenet_c,defocus_blur,1,none
efficientnet_b4,ILSVRC2012_val_00037855.JPEG,n02090379,168,168,0.70413023,1,imagenet_c,defocus_blur,1,none
efficientnet_b4,ILSVRC2012_val_00038737.JPEG,n02090379,168,168,0.792424,1,imagenet_c,defocus_blur,1,none
efficientnet_b4,ILSVRC2012_val_00039022.JPEG,n02090379,168,168,0.7055345,1,imagenet_c,defocus_blur,1,none
efficientnet_b4,ILSVRC2012_val_00040356.JPEG,n02090379,168,168,0.5092123,1,imagenet_c,defocus_blur,1,none
efficientnet_b4,ILSVRC2012_val_00041591.JPEG,n02090379,168,168,0.55486286,1,imagenet_c,defocus_blur,1,none
efficientnet_b4,ILSVRC2012_val_00041688.JPEG,n02090379,168,168,0.790669,1,imagenet_c,defocus_blur,1,none
efficientnet_b4,ILSVRC2012_val_00042442.JPEG,n02090379,168,168,0.3556541,1,imagenet_c,defocus_blur,1,none
efficientnet_b4,ILSVRC2012_val_00043388.JPEG,n02090379,168,168,0.5080241,1,imagenet_c,defocus_blur,1,none
efficientnet_b4,ILSVRC2012_val_00043888.JPEG,n02090379,168,168,0.20064893,1,imagenet_c,defocus_blur,1,none
efficientnet_b4,ILSVRC2012_val_00044444.JPEG,n02090379,168,168,0.6018573,1,imagenet_c,defocus_blur,1,none
efficientnet_b4,ILSVRC2012_val_00046432.JPEG,n02090379,168,168,0.56519485,1,imagenet_c,defocus_blur,1,none
efficientnet_b4,ILSVRC2012_val_00046753.JPEG,n02090379,168,168,0.85988593,1,imagenet_c,defocus_blur,1,none
efficientnet_b4,ILSVRC2012_val_00049766.JPEG,n02090379,168,168,0.62207097,1,imagenet_c,defocus_blur,1,none
efficientnet_b4,ILSVRC2012_val_00001626.JPEG,n02090622,169,169,0.65688026,1,imagenet_c,defocus_blur,1,none
efficientnet_b4,ILSVRC2012_val_00003164.JPEG,n02090622,169,169,0.57864696,1,imagenet_c,defocus_blur,1,none
efficientnet_b4,ILSVRC2012_val_00003205.JPEG,n02090622,169,169,0.6215188,1,imagenet_c,defocus_blur,1,none
efficientnet_b4,ILSVRC2012_val_00004261.JPEG,n02090622,169,169,0.57539314,1,imagenet_c,defocus_blur,1,none
efficientnet_b4,ILSVRC2012_val_00004390.JPEG,n02090622,169,169,0.8154302,1,imagenet_c,defocus_blur,1,none
efficientnet_b4,ILSVRC2012_val_00005021.JPEG,n02090622,169,169,0.38499558,1,imagenet_c,defocus_blur,1,none
efficientnet_b4,ILSVRC2012_val_00005718.JPEG,n02090622,169,169,0.7180575,1,imagenet_c,defocus_blur,1,none
efficientnet_b4,ILSVRC2012_val_00006265.JPEG,n02090622,169,169,0.52066267,1,imagenet_c,defocus_blur,1,none
efficientnet_b4,ILSVRC2012_val_00006495.JPEG,n02090622,169,169,0.68770224,1,imagenet_c,defocus_blur,1,none
efficientnet_b4,ILSVRC2012_val_00009057.JPEG,n02090622,169,169,0.26173362,1,imagenet_c,defocus_blur,1,none
efficientnet_b4,ILSVRC2012_val_00009167.JPEG,n02090622,169,169,0.6781188,1,imagenet_c,defocus_blur,1,none
efficientnet_b4,ILSVRC2012_val_00009378.JPEG,n02090622,169,169,0.49314794,1,imagenet_c,defocus_blur,1,none
efficientnet_b4,ILSVRC2012_val_00013399.JPEG,n02090622,169,169,0.55102587,1,imagenet_c,defocus_blur,1,none
efficientnet_b4,ILSVRC2012_val_00013799.JPEG,n02090622,169,169,0.6690341,1,imagenet_c,defocus_blur,1,none
efficientnet_b4,ILSVRC2012_val_00013804.JPEG,n02090622,169,169,0.6362791,1,imagenet_c,defocus_blur,1,none
efficientnet_b4,ILSVRC2012_val_00016991.JPEG,n02090622,169,169,0.57425183,1,imagenet_c,defocus_blur,1,none
efficientnet_b4,ILSVRC2012_val_00016996.JPEG,n02090622,169,169,0.6228957,1,imagenet_c,defocus_blur,1,none
efficientnet_b4,ILSVRC2012_val_00017766.JPEG,n02090622,169,169,0.64817667,1,imagenet_c,defocus_blur,1,none
efficientnet_b4,ILSVRC2012_val_00018234.JPEG,n02090622,169,176,0.32283133,0,imagenet_c,defocus_blur,1,none
efficientnet_b4,ILSVRC2012_val_00018654.JPEG,n02090622,169,169,0.2091817,1,imagenet_c,defocus_blur,1,none
efficientnet_b4,ILSVRC2012_val_00020149.JPEG,n02090622,169,169,0.68083507,1,imagenet_c,defocus_blur,1,none
efficientnet_b4,ILSVRC2012_val_00020330.JPEG,n02090622,169,169,0.6949512,1,imagenet_c,defocus_blur,1,none
efficientnet_b4,ILSVRC2012_val_00020810.JPEG,n02090622,169,169,0.68320185,1,imagenet_c,defocus_blur,1,none
efficientnet_b4,ILSVRC2012_val_00021450.JPEG,n02090622,169,169,0.4592874,1,imagenet_c,defocus_blur,1,none
efficientnet_b4,ILSVRC2012_val_00024351.JPEG,n02090622,169,169,0.7445477,1,imagenet_c,defocus_blur,1,none
efficientnet_b4,ILSVRC2012_val_00027722.JPEG,n02090622,169,169,0.6818564,1,imagenet_c,defocus_blur,1,none
efficientnet_b4,ILSVRC2012_val_00029814.JPEG,n02090622,169,169,0.71872765,1,imagenet_c,defocus_blur,1,none
efficientnet_b4,ILSVRC2012_val_00031051.JPEG,n02090622,169,169,0.59882796,1,imagenet_c,defocus_blur,1,none
efficientnet_b4,ILSVRC2012_val_00031672.JPEG,n02090622,169,169,0.32662052,1,imagenet_c,defocus_blur,1,none
efficientnet_b4,ILSVRC2012_val_00032231.JPEG,n02090622,169,169,0.6536178,1,imagenet_c,defocus_blur,1,none
efficientnet_b4,ILSVRC2012_val_00032423.JPEG,n02090622,169,169,0.6773088,1,imagenet_c,defocus_blur,1,none
efficientnet_b4,ILSVRC2012_val_00033651.JPEG,n02090622,169,169,0.757001,1,imagenet_c,defocus_blur,1,none
efficientnet_b4,ILSVRC2012_val_00033904.JPEG,n02090622,169,169,0.6473675,1,imagenet_c,defocus_blur,1,none
efficientnet_b4,ILSVRC2012_val_00034980.JPEG,n02090622,169,169,0.7555095,1,imagenet_c,defocus_blur,1,none
efficientnet_b4,ILSVRC2012_val_00035764.JPEG,n02090622,169,169,0.75323933,1,imagenet_c,defocus_blur,1,none
efficientnet_b4,ILSVRC2012_val_00036047.JPEG,n02090622,169,169,0.58066076,1,imagenet_c,defocus_blur,1,none
efficientnet_b4,ILSVRC2012_val_00036266.JPEG,n02090622,169,169,0.57932526,1,imagenet_c,defocus_blur,1,none
efficientnet_b4,ILSVRC2012_val_00037820.JPEG,n02090622,169,169,0.56999415,1,imagenet_c,defocus_blur,1,none
efficientnet_b4,ILSVRC2012_val_00038397.JPEG,n02090622,169,169,0.2371538,1,imagenet_c,defocus_blur,1,none
efficientnet_b4,ILSVRC2012_val_00038649.JPEG,n02090622,169,169,0.67719424,1,imagenet_c,defocus_blur,1,none
efficientnet_b4,ILSVRC2012_val_00040878.JPEG,n02090622,169,169,0.6611506,1,imagenet_c,defocus_blur,1,none
efficientnet_b4,ILSVRC2012_val_00040908.JPEG,n02090622,169,169,0.6809482,1,imagenet_c,defocus_blur,1,none
efficientnet_b4,ILSVRC2012_val_00043334.JPEG,n02090622,169,169,0.54453236,1,imagenet_c,defocus_blur,1,none
efficientnet_b4,ILSVRC2012_val_00043570.JPEG,n02090622,169,169,0.68283623,1,imagenet_c,defocus_blur,1,none
efficientnet_b4,ILSVRC2012_val_00045735.JPEG,n02090622,169,169,0.70322883,1,imagenet_c,defocus_blur,1,none
efficientnet_b4,ILSVRC2012_val_00046420.JPEG,n02090622,169,169,0.41504413,1,imagenet_c,defocus_blur,1,none
efficientnet_b4,ILSVRC2012_val_00047707.JPEG,n02090622,169,169,0.6112001,1,imagenet_c,defocus_blur,1,none
efficientnet_b4,ILSVRC2012_val_00048925.JPEG,n02090622,169,169,0.75271267,1,imagenet_c,defocus_blur,1,none
efficientnet_b4,ILSVRC2012_val_00049849.JPEG,n02090622,169,169,0.73936224,1,imagenet_c,defocus_blur,1,none
efficientnet_b4,ILSVRC2012_val_00049861.JPEG,n02090622,169,169,0.7626904,1,imagenet_c,defocus_blur,1,none
efficientnet_b4,ILSVRC2012_val_00001765.JPEG,n02090721,170,176,0.21782464,0,imagenet_c,defocus_blur,1,none
efficientnet_b4,ILSVRC2012_val_00001808.JPEG,n02090721,170,170,0.82837456,1,imagenet_c,defocus_blur,1,none
efficientnet_b4,ILSVRC2012_val_00003363.JPEG,n02090721,170,170,0.66632605,1,imagenet_c,defocus_blur,1,none
efficientnet_b4,ILSVRC2012_val_00005946.JPEG,n02090721,170,177,0.2572344,0,imagenet_c,defocus_blur,1,none
efficientnet_b4,ILSVRC2012_val_00006382.JPEG,n02090721,170,176,0.23891649,0,imagenet_c,defocus_blur,1,none
efficientnet_b4,ILSVRC2012_val_00006627.JPEG,n02090721,170,170,0.52451706,1,imagenet_c,defocus_blur,1,none
efficientnet_b4,ILSVRC2012_val_00008739.JPEG,n02090721,170,177,0.29920343,0,imagenet_c,defocus_blur,1,none
efficientnet_b4,ILSVRC2012_val_00009713.JPEG,n02090721,170,170,0.47811696,1,imagenet_c,defocus_blur,1,none
efficientnet_b4,ILSVRC2012_val_00009772.JPEG,n02090721,170,170,0.504721,1,imagenet_c,defocus_blur,1,none
efficientnet_b4,ILSVRC2012_val_00011311.JPEG,n02090721,170,170,0.6412812,1,imagenet_c,defocus_blur,1,none
efficientnet_b4,ILSVRC2012_val_00011400.JPEG,n02090721,170,170,0.80609363,1,imagenet_c,defocus_blur,1,none
efficientnet_b4,ILSVRC2012_val_00011494.JPEG,n02090721,170,170,0.33864737,1,imagenet_c,defocus_blur,1,none
efficientnet_b4,ILSVRC2012_val_00013507.JPEG,n02090721,170,170,0.5432944,1,imagenet_c,defocus_blur,1,none
efficientnet_b4,ILSVRC2012_val_00013817.JPEG,n02090721,170,170,0.24938947,1,imagenet_c,defocus_blur,1,none
efficientnet_b4,ILSVRC2012_val_00014293.JPEG,n02090721,170,170,0.1755882,1,imagenet_c,defocus_blur,1,none
efficientnet_b4,ILSVRC2012_val_00014913.JPEG,n02090721,170,170,0.37569213,1,imagenet_c,defocus_blur,1,none
efficientnet_b4,ILSVRC2012_val_00015050.JPEG,n02090721,170,224,0.5362282,0,imagenet_c,defocus_blur,1,none
efficientnet_b4,ILSVRC2012_val_00016545.JPEG,n02090721,170,170,0.53301585,1,imagenet_c,defocus_blur,1,none
efficientnet_b4,ILSVRC2012_val_00016773.JPEG,n02090721,170,170,0.626892,1,imagenet_c,defocus_blur,1,none
efficientnet_b4,ILSVRC2012_val_00017041.JPEG,n02090721,170,177,0.29532045,0,imagenet_c,defocus_blur,1,none
efficientnet_b4,ILSVRC2012_val_00017327.JPEG,n02090721,170,202,0.22115922,0,imagenet_c,defocus_blur,1,none
efficientnet_b4,ILSVRC2012_val_00017787.JPEG,n02090721,170,170,0.4018162,1,imagenet_c,defocus_blur,1,none
efficientnet_b4,ILSVRC2012_val_00019719.JPEG,n02090721,170,170,0.81477386,1,imagenet_c,defocus_blur,1,none
efficientnet_b4,ILSVRC2012_val_00020070.JPEG,n02090721,170,170,0.60267913,1,imagenet_c,defocus_blur,1,none
efficientnet_b4,ILSVRC2012_val_00020082.JPEG,n02090721,170,170,0.807241,1,imagenet_c,defocus_blur,1,none
efficientnet_b4,ILSVRC2012_val_00020375.JPEG,n02090721,170,177,0.4818001,0,imagenet_c,defocus_blur,1,none
efficientnet_b4,ILSVRC2012_val_00022022.JPEG,n02090721,170,175,0.60931087,0,imagenet_c,defocus_blur,1,none
efficientnet_b4,ILSVRC2012_val_00022071.JPEG,n02090721,170,221,0.716784,0,imagenet_c,defocus_blur,1,none
efficientnet_b4,ILSVRC2012_val_00023327.JPEG,n02090721,170,177,0.28644678,0,imagenet_c,defocus_blur,1,none
efficientnet_b4,ILSVRC2012_val_00023769.JPEG,n02090721,170,233,0.106613,0,imagenet_c,defocus_blur,1,none
efficientnet_b4,ILSVRC2012_val_00026728.JPEG,n02090721,170,160,0.446926,0,imagenet_c,defocus_blur,1,none
efficientnet_b4,ILSVRC2012_val_00027629.JPEG,n02090721,170,169,0.27845496,0,imagenet_c,defocus_blur,1,none
efficientnet_b4,ILSVRC2012_val_00027682.JPEG,n02090721,170,222,0.63880616,0,imagenet_c,defocus_blur,1,none
efficientnet_b4,ILSVRC2012_val_00028881.JPEG,n02090721,170,170,0.578523,1,imagenet_c,defocus_blur,1,none
efficientnet_b4,ILSVRC2012_val_00030412.JPEG,n02090721,170,177,0.41289347,0,imagenet_c,defocus_blur,1,none
efficientnet_b4,ILSVRC2012_val_00031545.JPEG,n02090721,170,170,0.28236276,1,imagenet_c,defocus_blur,1,none
efficientnet_b4,ILSVRC2012_val_00032464.JPEG,n02090721,170,170,0.5899338,1,imagenet_c,defocus_blur,1,none
efficientnet_b4,ILSVRC2012_val_00035108.JPEG,n02090721,170,177,0.3720863,0,imagenet_c,defocus_blur,1,none
efficientnet_b4,ILSVRC2012_val_00037137.JPEG,n02090721,170,170,0.64281505,1,imagenet_c,defocus_blur,1,none
efficientnet_b4,ILSVRC2012_val_00040053.JPEG,n02090721,170,257,0.22695939,0,imagenet_c,defocus_blur,1,none
efficientnet_b4,ILSVRC2012_val_00042118.JPEG,n02090721,170,192,0.42397106,0,imagenet_c,defocus_blur,1,none
efficientnet_b4,ILSVRC2012_val_00042158.JPEG,n02090721,170,177,0.33404183,0,imagenet_c,defocus_blur,1,none
efficientnet_b4,ILSVRC2012_val_00042317.JPEG,n02090721,170,170,0.63488644,1,imagenet_c,defocus_blur,1,none
efficientnet_b4,ILSVRC2012_val_00042818.JPEG,n02090721,170,170,0.28733248,1,imagenet_c,defocus_blur,1,none
efficientnet_b4,ILSVRC2012_val_00043205.JPEG,n02090721,170,177,0.27554637,0,imagenet_c,defocus_blur,1,none
efficientnet_b4,ILSVRC2012_val_00044529.JPEG,n02090721,170,170,0.46295795,1,imagenet_c,defocus_blur,1,none
efficientnet_b4,ILSVRC2012_val_00044944.JPEG,n02090721,170,170,0.4872109,1,imagenet_c,defocus_blur,1,none
efficientnet_b4,ILSVRC2012_val_00047950.JPEG,n02090721,170,170,0.47340587,1,imagenet_c,defocus_blur,1,none
efficientnet_b4,ILSVRC2012_val_00049015.JPEG,n02090721,170,169,0.65998906,0,imagenet_c,defocus_blur,1,none
efficientnet_b4,ILSVRC2012_val_00049744.JPEG,n02090721,170,169,0.6225855,0,imagenet_c,defocus_blur,1,none
efficientnet_b4,ILSVRC2012_val_00001825.JPEG,n02091032,171,171,0.61120725,1,imagenet_c,defocus_blur,1,none
efficientnet_b4,ILSVRC2012_val_00002024.JPEG,n02091032,171,171,0.72595024,1,imagenet_c,defocus_blur,1,none
efficientnet_b4,ILSVRC2012_val_00002239.JPEG,n02091032,171,159,0.24057153,0,imagenet_c,defocus_blur,1,none
efficientnet_b4,ILSVRC2012_val_00002325.JPEG,n02091032,171,172,0.3227928,0,imagenet_c,defocus_blur,1,none
efficientnet_b4,ILSVRC2012_val_00004231.JPEG,n02091032,171,158,0.47330734,0,imagenet_c,defocus_blur,1,none
efficientnet_b4,ILSVRC2012_val_00005059.JPEG,n02091032,171,171,0.4935657,1,imagenet_c,defocus_blur,1,none
efficientnet_b4,ILSVRC2012_val_00005471.JPEG,n02091032,171,171,0.37849244,1,imagenet_c,defocus_blur,1,none
efficientnet_b4,ILSVRC2012_val_00006054.JPEG,n02091032,171,171,0.16036864,1,imagenet_c,defocus_blur,1,none
efficientnet_b4,ILSVRC2012_val_00006261.JPEG,n02091032,171,171,0.73862404,1,imagenet_c,defocus_blur,1,none
efficientnet_b4,ILSVRC2012_val_00007371.JPEG,n02091032,171,151,0.29388297,0,imagenet_c,defocus_blur,1,none
efficientnet_b4,ILSVRC2012_val_00008997.JPEG,n02091032,171,173,0.28441757,0,imagenet_c,defocus_blur,1,none
efficientnet_b4,ILSVRC2012_val_00010302.JPEG,n02091032,171,171,0.57920337,1,imagenet_c,defocus_blur,1,none
efficientnet_b4,ILSVRC2012_val_00011356.JPEG,n02091032,171,171,0.45437148,1,imagenet_c,defocus_blur,1,none
efficientnet_b4,ILSVRC2012_val_00012416.JPEG,n02091032,171,171,0.74277145,1,imagenet_c,defocus_blur,1,none
efficientnet_b4,ILSVRC2012_val_00014653.JPEG,n02091032,171,171,0.6101466,1,imagenet_c,defocus_blur,1,none
efficientnet_b4,ILSVRC2012_val_00017147.JPEG,n02091032,171,171,0.53939635,1,imagenet_c,defocus_blur,1,none
efficientnet_b4,ILSVRC2012_val_00018326.JPEG,n02091032,171,171,0.53832173,1,imagenet_c,defocus_blur,1,none
efficientnet_b4,ILSVRC2012_val_00018767.JPEG,n02091032,171,171,0.84562063,1,imagenet_c,defocus_blur,1,none
efficientnet_b4,ILSVRC2012_val_00019087.JPEG,n02091032,171,264,0.22427046,0,imagenet_c,defocus_blur,1,none
efficientnet_b4,ILSVRC2012_val_00019216.JPEG,n02091032,171,171,0.59054315,1,imagenet_c,defocus_blur,1,none
efficientnet_b4,ILSVRC2012_val_00019488.JPEG,n02091032,171,171,0.4363785,1,imagenet_c,defocus_blur,1,none
efficientnet_b4,ILSVRC2012_val_00019545.JPEG,n02091032,171,171,0.39570868,1,imagenet_c,defocus_blur,1,none
efficientnet_b4,ILSVRC2012_val_00019743.JPEG,n02091032,171,171,0.6804762,1,imagenet_c,defocus_blur,1,none
efficientnet_b4,ILSVRC2012_val_00020613.JPEG,n02091032,171,223,0.07949701,0,imagenet_c,defocus_blur,1,none
efficientnet_b4,ILSVRC2012_val_00021543.JPEG,n02091032,171,171,0.6374634,1,imagenet_c,defocus_blur,1,none
efficientnet_b4,ILSVRC2012_val_00022684.JPEG,n02091032,171,171,0.52649176,1,imagenet_c,defocus_blur,1,none
efficientnet_b4,ILSVRC2012_val_00023949.JPEG,n02091032,171,171,0.650572,1,imagenet_c,defocus_blur,1,none
efficientnet_b4,ILSVRC2012_val_00026310.JPEG,n02091032,171,171,0.7267637,1,imagenet_c,defocus_blur,1,none
efficientnet_b4,ILSVRC2012_val_00027077.JPEG,n02091032,171,171,0.75264746,1,imagenet_c,defocus_blur,1,none
efficientnet_b4,ILSVRC2012_val_00029591.JPEG,n02091032,171,171,0.7351784,1,imagenet_c,defocus_blur,1,none
efficientnet_b4,ILSVRC2012_val_00031302.JPEG,n02091032,171,171,0.25530604,1,imagenet_c,defocus_blur,1,none
efficientnet_b4,ILSVRC2012_val_00031868.JPEG,n02091032,171,171,0.65863127,1,imagenet_c,defocus_blur,1,none
efficientnet_b4,ILSVRC2012_val_00032493.JPEG,n02091032,171,171,0.3871991,1,imagenet_c,defocus_blur,1,none
efficientnet_b4,ILSVRC2012_val_00033015.JPEG,n02091032,171,172,0.52054274,0,imagenet_c,defocus_blur,1,none
efficientnet_b4,ILSVRC2012_val_00034184.JPEG,n02091032,171,171,0.7662287,1,imagenet_c,defocus_blur,1,none
efficientnet_b4,ILSVRC2012_val_00035423.JPEG,n02091032,171,158,0.55934656,0,imagenet_c,defocus_blur,1,none
efficientnet_b4,ILSVRC2012_val_00038196.JPEG,n02091032,171,171,0.7483501,1,imagenet_c,defocus_blur,1,none
efficientnet_b4,ILSVRC2012_val_00038438.JPEG,n02091032,171,158,0.5353001,0,imagenet_c,defocus_blur,1,none
efficientnet_b4,ILSVRC2012_val_00039048.JPEG,n02091032,171,171,0.71701616,1,imagenet_c,defocus_blur,1,none
efficientnet_b4,ILSVRC2012_val_00039851.JPEG,n02091032,171,171,0.46463627,1,imagenet_c,defocus_blur,1,none
efficientnet_b4,ILSVRC2012_val_00042099.JPEG,n02091032,171,171,0.46186006,1,imagenet_c,defocus_blur,1,none
efficientnet_b4,ILSVRC2012_val_00042240.JPEG,n02091032,171,171,0.7967963,1,imagenet_c,defocus_blur,1,none
efficientnet_b4,ILSVRC2012_val_00042781.JPEG,n02091032,171,171,0.22955243,1,imagenet_c,defocus_blur,1,none
efficientnet_b4,ILSVRC2012_val_00043917.JPEG,n02091032,171,173,0.5572472,0,imagenet_c,defocus_blur,1,none
efficientnet_b4,ILSVRC2012_val_00045382.JPEG,n02091032,171,171,0.8310062,1,imagenet_c,defocus_blur,1,none
efficientnet_b4,ILSVRC2012_val_00046154.JPEG,n02091032,171,171,0.8504606,1,imagenet_c,defocus_blur,1,none
efficientnet_b4,ILSVRC2012_val_00046583.JPEG,n02091032,171,171,0.2873178,1,imagenet_c,defocus_blur,1,none
efficientnet_b4,ILSVRC2012_val_00046897.JPEG,n02091032,171,171,0.71574044,1,imagenet_c,defocus_blur,1,none
efficientnet_b4,ILSVRC2012_val_00049193.JPEG,n02091032,171,171,0.44451058,1,imagenet_c,defocus_blur,1,none
efficientnet_b4,ILSVRC2012_val_00049324.JPEG,n02091032,171,171,0.78437144,1,imagenet_c,defocus_blur,1,none
efficientnet_b4,ILSVRC2012_val_00001846.JPEG,n02091134,172,172,0.26087528,1,imagenet_c,defocus_blur,1,none
efficientnet_b4,ILSVRC2012_val_00002648.JPEG,n02091134,172,176,0.52078867,0,imagenet_c,defocus_blur,1,none
efficientnet_b4,ILSVRC2012_val_00002869.JPEG,n02091134,172,172,0.6534405,1,imagenet_c,defocus_blur,1,none
efficientnet_b4,ILSVRC2012_val_00003597.JPEG,n02091134,172,172,0.61544096,1,imagenet_c,defocus_blur,1,none
efficientnet_b4,ILSVRC2012_val_00004378.JPEG,n02091134,172,176,0.19373314,0,imagenet_c,defocus_blur,1,none
efficientnet_b4,ILSVRC2012_val_00004407.JPEG,n02091134,172,172,0.552072,1,imagenet_c,defocus_blur,1,none
efficientnet_b4,ILSVRC2012_val_00004823.JPEG,n02091134,172,172,0.8357104,1,imagenet_c,defocus_blur,1,none
efficientnet_b4,ILSVRC2012_val_00004956.JPEG,n02091134,172,172,0.34950453,1,imagenet_c,defocus_blur,1,none
efficientnet_b4,ILSVRC2012_val_00007445.JPEG,n02091134,172,173,0.36435443,0,imagenet_c,defocus_blur,1,none
efficientnet_b4,ILSVRC2012_val_00007933.JPEG,n02091134,172,172,0.2988755,1,imagenet_c,defocus_blur,1,none
efficientnet_b4,ILSVRC2012_val_00012262.JPEG,n02091134,172,172,0.54199016,1,imagenet_c,defocus_blur,1,none
efficientnet_b4,ILSVRC2012_val_00012492.JPEG,n02091134,172,173,0.29414055,0,imagenet_c,defocus_blur,1,none
efficientnet_b4,ILSVRC2012_val_00012644.JPEG,n02091134,172,172,0.35743916,1,imagenet_c,defocus_blur,1,none
efficientnet_b4,ILSVRC2012_val_00012888.JPEG,n02091134,172,158,0.3300575,0,imagenet_c,defocus_blur,1,none
efficientnet_b4,ILSVRC2012_val_00012906.JPEG,n02091134,172,172,0.17707191,1,imagenet_c,defocus_blur,1,none
efficientnet_b4,ILSVRC2012_val_00015562.JPEG,n02091134,172,172,0.56182325,1,imagenet_c,defocus_blur,1,none
efficientnet_b4,ILSVRC2012_val_00016886.JPEG,n02091134,172,172,0.55852973,1,imagenet_c,defocus_blur,1,none
efficientnet_b4,ILSVRC2012_val_00017287.JPEG,n02091134,172,172,0.59174955,1,imagenet_c,defocus_blur,1,none
efficientnet_b4,ILSVRC2012_val_00017871.JPEG,n02091134,172,171,0.6505303,0,imagenet_c,defocus_blur,1,none
efficientnet_b4,ILSVRC2012_val_00018035.JPEG,n02091134,172,172,0.5281213,1,imagenet_c,defocus_blur,1,none
efficientnet_b4,ILSVRC2012_val_00019115.JPEG,n02091134,172,172,0.73501015,1,imagenet_c,defocus_blur,1,none
efficientnet_b4,ILSVRC2012_val_00019771.JPEG,n02091134,172,172,0.33614755,1,imagenet_c,defocus_blur,1,none
efficientnet_b4,ILSVRC2012_val_00019922.JPEG,n02091134,172,172,0.2692554,1,imagenet_c,defocus_blur,1,none
efficientnet_b4,ILSVRC2012_val_00022753.JPEG,n02091134,172,172,0.55345374,1,imagenet_c,defocus_blur,1,none
efficientnet_b4,ILSVRC2012_val_00023235.JPEG,n02091134,172,171,0.18672948,0,imagenet_c,defocus_blur,1,none
efficientnet_b4,ILSVRC2012_val_00023285.JPEG,n02091134,172,172,0.6952108,1,imagenet_c,defocus_blur,1,none
efficientnet_b4,ILSVRC2012_val_00023697.JPEG,n02091134,172,172,0.5716991,1,imagenet_c,defocus_blur,1,none
efficientnet_b4,ILSVRC2012_val_00023877.JPEG,n02091134,172,176,0.5510061,0,imagenet_c,defocus_blur,1,none
efficientnet_b4,ILSVRC2012_val_00025787.JPEG,n02091134,172,172,0.63723665,1,imagenet_c,defocus_blur,1,none
efficientnet_b4,ILSVRC2012_val_00028379.JPEG,n02091134,172,172,0.34744033,1,imagenet_c,defocus_blur,1,none
efficientnet_b4,ILSVRC2012_val_00029407.JPEG,n02091134,172,172,0.81816393,1,imagenet_c,defocus_blur,1,none
efficientnet_b4,ILSVRC2012_val_00031544.JPEG,n02091134,172,172,0.47612655,1,imagenet_c,defocus_blur,1,none
efficientnet_b4,ILSVRC2012_val_00032398.JPEG,n02091134,172,172,0.60892373,1,imagenet_c,defocus_blur,1,none
efficientnet_b4,ILSVRC2012_val_00033267.JPEG,n02091134,172,172,0.69673955,1,imagenet_c,defocus_blur,1,none
efficientnet_b4,ILSVRC2012_val_00034906.JPEG,n02091134,172,172,0.72203845,1,imagenet_c,defocus_blur,1,none
efficientnet_b4,ILSVRC2012_val_00035403.JPEG,n02091134,172,172,0.2839484,1,imagenet_c,defocus_blur,1,none
efficientnet_b4,ILSVRC2012_val_00035997.JPEG,n02091134,172,172,0.7011406,1,imagenet_c,defocus_blur,1,none
efficientnet_b4,ILSVRC2012_val_00036700.JPEG,n02091134,172,172,0.65824395,1,imagenet_c,defocus_blur,1,none
efficientnet_b4,ILSVRC2012_val_00036765.JPEG,n02091134,172,176,0.17393261,0,imagenet_c,defocus_blur,1,none
efficientnet_b4,ILSVRC2012_val_00037101.JPEG,n02091134,172,172,0.62711674,1,imagenet_c,defocus_blur,1,none
efficientnet_b4,ILSVRC2012_val_00039233.JPEG,n02091134,172,253,0.61747503,0,imagenet_c,defocus_blur,1,none
efficientnet_b4,ILSVRC2012_val_00041224.JPEG,n02091134,172,172,0.25603306,1,imagenet_c,defocus_blur,1,none
efficientnet_b4,ILSVRC2012_val_00042414.JPEG,n02091134,172,172,0.50945073,1,imagenet_c,defocus_blur,1,none
efficientnet_b4,ILSVRC2012_val_00043009.JPEG,n02091134,172,172,0.7881778,1,imagenet_c,defocus_blur,1,none
efficientnet_b4,ILSVRC2012_val_00043147.JPEG,n02091134,172,172,0.65330696,1,imagenet_c,defocus_blur,1,none
efficientnet_b4,ILSVRC2012_val_00043370.JPEG,n02091134,172,172,0.3461281,1,imagenet_c,defocus_blur,1,none
efficientnet_b4,ILSVRC2012_val_00044908.JPEG,n02091134,172,176,0.34347248,0,imagenet_c,defocus_blur,1,none
efficientnet_b4,ILSVRC2012_val_00045708.JPEG,n02091134,172,170,0.14560331,0,imagenet_c,defocus_blur,1,none
efficientnet_b4,ILSVRC2012_val_00047492.JPEG,n02091134,172,172,0.23489484,1,imagenet_c,defocus_blur,1,none
efficientnet_b4,ILSVRC2012_val_00049778.JPEG,n02091134,172,169,0.12239305,0,imagenet_c,defocus_blur,1,none
efficientnet_b4,ILSVRC2012_val_00000022.JPEG,n02091244,173,167,0.13702442,0,imagenet_c,defocus_blur,1,none
efficientnet_b4,ILSVRC2012_val_00000115.JPEG,n02091244,173,215,0.36629388,0,imagenet_c,defocus_blur,1,none
efficientnet_b4,ILSVRC2012_val_00000228.JPEG,n02091244,173,537,0.11267326,0,imagenet_c,defocus_blur,1,none
efficientnet_b4,ILSVRC2012_val_00001137.JPEG,n02091244,173,168,0.034746744,0,imagenet_c,defocus_blur,1,none
efficientnet_b4,ILSVRC2012_val_00001250.JPEG,n02091244,173,173,0.83900774,1,imagenet_c,defocus_blur,1,none
efficientnet_b4,ILSVRC2012_val_00001548.JPEG,n02091244,173,173,0.9097621,1,imagenet_c,defocus_blur,1,none
efficientnet_b4,ILSVRC2012_val_00004434.JPEG,n02091244,173,173,0.8039879,1,imagenet_c,defocus_blur,1,none
efficientnet_b4,ILSVRC2012_val_00004776.JPEG,n02091244,173,173,0.5757724,1,imagenet_c,defocus_blur,1,none
efficientnet_b4,ILSVRC2012_val_00008006.JPEG,n02091244,173,173,0.60014653,1,imagenet_c,defocus_blur,1,none
efficientnet_b4,ILSVRC2012_val_00008379.JPEG,n02091244,173,173,0.828136,1,imagenet_c,defocus_blur,1,none
efficientnet_b4,ILSVRC2012_val_00008687.JPEG,n02091244,173,173,0.7886939,1,imagenet_c,defocus_blur,1,none
efficientnet_b4,ILSVRC2012_val_00009065.JPEG,n02091244,173,158,0.2658965,0,imagenet_c,defocus_blur,1,none
efficientnet_b4,ILSVRC2012_val_00009334.JPEG,n02091244,173,173,0.6296887,1,imagenet_c,defocus_blur,1,none
efficientnet_b4,ILSVRC2012_val_00010072.JPEG,n02091244,173,173,0.8241325,1,imagenet_c,defocus_blur,1,none
efficientnet_b4,ILSVRC2012_val_00012149.JPEG,n02091244,173,215,0.39104623,0,imagenet_c,defocus_blur,1,none
efficientnet_b4,ILSVRC2012_val_00012608.JPEG,n02091244,173,173,0.3191822,1,imagenet_c,defocus_blur,1,none
efficientnet_b4,ILSVRC2012_val_00014107.JPEG,n02091244,173,852,0.2676255,0,imagenet_c,defocus_blur,1,none
efficientnet_b4,ILSVRC2012_val_00015464.JPEG,n02091244,173,173,0.5652256,1,imagenet_c,defocus_blur,1,none
efficientnet_b4,ILSVRC2012_val_00017684.JPEG,n02091244,173,173,0.8003515,1,imagenet_c,defocus_blur,1,none
efficientnet_b4,ILSVRC2012_val_00017734.JPEG,n02091244,173,173,0.7503791,1,imagenet_c,defocus_blur,1,none
efficientnet_b4,ILSVRC2012_val_00017915.JPEG,n02091244,173,173,0.597561,1,imagenet_c,defocus_blur,1,none
efficientnet_b4,ILSVRC2012_val_00018421.JPEG,n02091244,173,173,0.47300214,1,imagenet_c,defocus_blur,1,none
efficientnet_b4,ILSVRC2012_val_00018737.JPEG,n02091244,173,158,0.43480456,0,imagenet_c,defocus_blur,1,none
efficientnet_b4,ILSVRC2012_val_00019020.JPEG,n02091244,173,173,0.8652225,1,imagenet_c,defocus_blur,1,none
efficientnet_b4,ILSVRC2012_val_00019356.JPEG,n02091244,173,212,0.20871396,0,imagenet_c,defocus_blur,1,none
efficientnet_b4,ILSVRC2012_val_00019955.JPEG,n02091244,173,173,0.7847854,1,imagenet_c,defocus_blur,1,none
efficientnet_b4,ILSVRC2012_val_00020049.JPEG,n02091244,173,180,0.63416827,0,imagenet_c,defocus_blur,1,none
efficientnet_b4,ILSVRC2012_val_00020147.JPEG,n02091244,173,173,0.37953112,1,imagenet_c,defocus_blur,1,none
efficientnet_b4,ILSVRC2012_val_00021165.JPEG,n02091244,173,173,0.4669449,1,imagenet_c,defocus_blur,1,none
efficientnet_b4,ILSVRC2012_val_00021323.JPEG,n02091244,173,173,0.24321179,1,imagenet_c,defocus_blur,1,none
efficientnet_b4,ILSVRC2012_val_00024154.JPEG,n02091244,173,173,0.8244624,1,imagenet_c,defocus_blur,1,none
efficientnet_b4,ILSVRC2012_val_00024216.JPEG,n02091244,173,173,0.4449233,1,imagenet_c,defocus_blur,1,none
efficientnet_b4,ILSVRC2012_val_00025708.JPEG,n02091244,173,173,0.11421145,1,imagenet_c,defocus_blur,1,none
efficientnet_b4,ILSVRC2012_val_00026008.JPEG,n02091244,173,273,0.3140511,0,imagenet_c,defocus_blur,1,none
efficientnet_b4,ILSVRC2012_val_00028683.JPEG,n02091244,173,173,0.8488067,1,imagenet_c,defocus_blur,1,none
efficientnet_b4,ILSVRC2012_val_00029555.JPEG,n02091244,173,173,0.8508104,1,imagenet_c,defocus_blur,1,none
efficientnet_b4,ILSVRC2012_val_00030539.JPEG,n02091244,173,173,0.7910154,1,imagenet_c,defocus_blur,1,none
efficientnet_b4,ILSVRC2012_val_00031384.JPEG,n02091244,173,173,0.60922456,1,imagenet_c,defocus_blur,1,none
efficientnet_b4,ILSVRC2012_val_00032400.JPEG,n02091244,173,171,0.16009197,0,imagenet_c,defocus_blur,1,none
efficientnet_b4,ILSVRC2012_val_00035257.JPEG,n02091244,173,173,0.30533397,1,imagenet_c,defocus_blur,1,none
efficientnet_b4,ILSVRC2012_val_00036181.JPEG,n02091244,173,173,0.73407584,1,imagenet_c,defocus_blur,1,none
efficientnet_b4,ILSVRC2012_val_00039325.JPEG,n02091244,173,176,0.24357831,0,imagenet_c,defocus_blur,1,none
efficientnet_b4,ILSVRC2012_val_00039847.JPEG,n02091244,173,173,0.5066183,1,imagenet_c,defocus_blur,1,none
efficientnet_b4,ILSVRC2012_val_00040640.JPEG,n02091244,173,173,0.7905211,1,imagenet_c,defocus_blur,1,none
efficientnet_b4,ILSVRC2012_val_00041436.JPEG,n02091244,173,172,0.44613478,0,imagenet_c,defocus_blur,1,none
efficientnet_b4,ILSVRC2012_val_00041557.JPEG,n02091244,173,273,0.19887443,0,imagenet_c,defocus_blur,1,none
efficientnet_b4,ILSVRC2012_val_00041573.JPEG,n02091244,173,173,0.41284177,1,imagenet_c,defocus_blur,1,none
efficientnet_b4,ILSVRC2012_val_00046329.JPEG,n02091244,173,173,0.66019815,1,imagenet_c,defocus_blur,1,none
efficientnet_b4,ILSVRC2012_val_00047507.JPEG,n02091244,173,173,0.78558654,1,imagenet_c,defocus_blur,1,none
efficientnet_b4,ILSVRC2012_val_00048432.JPEG,n02091244,173,173,0.7602703,1,imagenet_c,defocus_blur,1,none
efficientnet_b4,ILSVRC2012_val_00002328.JPEG,n02091467,174,174,0.73027927,1,imagenet_c,defocus_blur,1,none
efficientnet_b4,ILSVRC2012_val_00003929.JPEG,n02091467,174,223,0.42546153,0,imagenet_c,defocus_blur,1,none
efficientnet_b4,ILSVRC2012_val_00004884.JPEG,n02091467,174,174,0.5482053,1,imagenet_c,defocus_blur,1,none
efficientnet_b4,ILSVRC2012_val_00004996.JPEG,n02091467,174,261,0.5473167,0,imagenet_c,defocus_blur,1,none
efficientnet_b4,ILSVRC2012_val_00006937.JPEG,n02091467,174,174,0.5166893,1,imagenet_c,defocus_blur,1,none
efficientnet_b4,ILSVRC2012_val_00007116.JPEG,n02091467,174,174,0.6968931,1,imagenet_c,defocus_blur,1,none
efficientnet_b4,ILSVRC2012_val_00007835.JPEG,n02091467,174,174,0.592352,1,imagenet_c,defocus_blur,1,none
efficientnet_b4,ILSVRC2012_val_00008042.JPEG,n02091467,174,174,0.6367481,1,imagenet_c,defocus_blur,1,none
efficientnet_b4,ILSVRC2012_val_00008229.JPEG,n02091467,174,174,0.6627052,1,imagenet_c,defocus_blur,1,none
efficientnet_b4,ILSVRC2012_val_00009932.JPEG,n02091467,174,174,0.71907324,1,imagenet_c,defocus_blur,1,none
efficientnet_b4,ILSVRC2012_val_00010665.JPEG,n02091467,174,174,0.7812411,1,imagenet_c,defocus_blur,1,none
efficientnet_b4,ILSVRC2012_val_00012351.JPEG,n02091467,174,174,0.6987235,1,imagenet_c,defocus_blur,1,none
efficientnet_b4,ILSVRC2012_val_00012861.JPEG,n02091467,174,174,0.709097,1,imagenet_c,defocus_blur,1,none
efficientnet_b4,ILSVRC2012_val_00013860.JPEG,n02091467,174,174,0.8641432,1,imagenet_c,defocus_blur,1,none
efficientnet_b4,ILSVRC2012_val_00015804.JPEG,n02091467,174,174,0.46083045,1,imagenet_c,defocus_blur,1,none
efficientnet_b4,ILSVRC2012_val_00017193.JPEG,n02091467,174,174,0.42772466,1,imagenet_c,defocus_blur,1,none
efficientnet_b4,ILSVRC2012_val_00022004.JPEG,n02091467,174,174,0.46329206,1,imagenet_c,defocus_blur,1,none
efficientnet_b4,ILSVRC2012_val_00022125.JPEG,n02091467,174,174,0.5428609,1,imagenet_c,defocus_blur,1,none
efficientnet_b4,ILSVRC2012_val_00022530.JPEG,n02091467,174,174,0.7554201,1,imagenet_c,defocus_blur,1,none
efficientnet_b4,ILSVRC2012_val_00023283.JPEG,n02091467,174,174,0.6294872,1,imagenet_c,defocus_blur,1,none
efficientnet_b4,ILSVRC2012_val_00024649.JPEG,n02091467,174,174,0.66097534,1,imagenet_c,defocus_blur,1,none
efficientnet_b4,ILSVRC2012_val_00025167.JPEG,n02091467,174,174,0.7068531,1,imagenet_c,defocus_blur,1,none
efficientnet_b4,ILSVRC2012_val_00025904.JPEG,n02091467,174,174,0.6728544,1,imagenet_c,defocus_blur,1,none
efficientnet_b4,ILSVRC2012_val_00027011.JPEG,n02091467,174,174,0.6849689,1,imagenet_c,defocus_blur,1,none
efficientnet_b4,ILSVRC2012_val_00027120.JPEG,n02091467,174,174,0.6504115,1,imagenet_c,defocus_blur,1,none
efficientnet_b4,ILSVRC2012_val_00027213.JPEG,n02091467,174,174,0.6898105,1,imagenet_c,defocus_blur,1,none
efficientnet_b4,ILSVRC2012_val_00028021.JPEG,n02091467,174,192,0.0664535,0,imagenet_c,defocus_blur,1,none
efficientnet_b4,ILSVRC2012_val_00028788.JPEG,n02091467,174,174,0.4414518,1,imagenet_c,defocus_blur,1,none
efficientnet_b4,ILSVRC2012_val_00029705.JPEG,n02091467,174,174,0.51419777,1,imagenet_c,defocus_blur,1,none
efficientnet_b4,ILSVRC2012_val_00030088.JPEG,n02091467,174,174,0.62210184,1,imagenet_c,defocus_blur,1,none
efficientnet_b4,ILSVRC2012_val_00030433.JPEG,n02091467,174,174,0.87553596,1,imagenet_c,defocus_blur,1,none
efficientnet_b4,ILSVRC2012_val_00032725.JPEG,n02091467,174,174,0.5149062,1,imagenet_c,defocus_blur,1,none
efficientnet_b4,ILSVRC2012_val_00033843.JPEG,n02091467,174,174,0.57351524,1,imagenet_c,defocus_blur,1,none
efficientnet_b4,ILSVRC2012_val_00034005.JPEG,n02091467,174,174,0.5905009,1,imagenet_c,defocus_blur,1,none
efficientnet_b4,ILSVRC2012_val_00034415.JPEG,n02091467,174,174,0.6269153,1,imagenet_c,defocus_blur,1,none
efficientnet_b4,ILSVRC2012_val_00036618.JPEG,n02091467,174,174,0.70150214,1,imagenet_c,defocus_blur,1,none
efficientnet_b4,ILSVRC2012_val_00037185.JPEG,n02091467,174,174,0.486988,1,imagenet_c,defocus_blur,1,none
efficientnet_b4,ILSVRC2012_val_00037676.JPEG,n02091467,174,174,0.50764614,1,imagenet_c,defocus_blur,1,none
efficientnet_b4,ILSVRC2012_val_00037857.JPEG,n02091467,174,174,0.05883898,1,imagenet_c,defocus_blur,1,none
efficientnet_b4,ILSVRC2012_val_00038933.JPEG,n02091467,174,174,0.56317437,1,imagenet_c,defocus_blur,1,none
efficientnet_b4,ILSVRC2012_val_00040052.JPEG,n02091467,174,174,0.6312432,1,imagenet_c,defocus_blur,1,none
efficientnet_b4,ILSVRC2012_val_00044176.JPEG,n02091467,174,174,0.4796459,1,imagenet_c,defocus_blur,1,none
efficientnet_b4,ILSVRC2012_val_00044846.JPEG,n02091467,174,174,0.59823674,1,imagenet_c,defocus_blur,1,none
efficientnet_b4,ILSVRC2012_val_00045141.JPEG,n02091467,174,174,0.4470419,1,imagenet_c,defocus_blur,1,none
efficientnet_b4,ILSVRC2012_val_00045676.JPEG,n02091467,174,174,0.60225874,1,imagenet_c,defocus_blur,1,none
efficientnet_b4,ILSVRC2012_val_00045874.JPEG,n02091467,174,255,0.26514286,0,imagenet_c,defocus_blur,1,none
efficientnet_b4,ILSVRC2012_val_00046530.JPEG,n02091467,174,174,0.64019096,1,imagenet_c,defocus_blur,1,none
efficientnet_b4,ILSVRC2012_val_00047836.JPEG,n02091467,174,174,0.21050282,1,imagenet_c,defocus_blur,1,none
efficientnet_b4,ILSVRC2012_val_00049263.JPEG,n02091467,174,174,0.7270228,1,imagenet_c,defocus_blur,1,none
efficientnet_b4,ILSVRC2012_val_00049589.JPEG,n02091467,174,174,0.52103883,1,imagenet_c,defocus_blur,1,none
efficientnet_b4,ILSVRC2012_val_00000079.JPEG,n02091635,175,175,0.84979665,1,imagenet_c,defocus_blur,1,none
efficientnet_b4,ILSVRC2012_val_00000441.JPEG,n02091635,175,175,0.7210196,1,imagenet_c,defocus_blur,1,none
efficientnet_b4,ILSVRC2012_val_00000500.JPEG,n02091635,175,175,0.7711816,1,imagenet_c,defocus_blur,1,none
efficientnet_b4,ILSVRC2012_val_00001812.JPEG,n02091635,175,175,0.87290597,1,imagenet_c,defocus_blur,1,none
efficientnet_b4,ILSVRC2012_val_00002059.JPEG,n02091635,175,175,0.78154033,1,imagenet_c,defocus_blur,1,none
efficientnet_b4,ILSVRC2012_val_00002397.JPEG,n02091635,175,175,0.3844772,1,imagenet_c,defocus_blur,1,none
efficientnet_b4,ILSVRC2012_val_00004684.JPEG,n02091635,175,175,0.43100584,1,imagenet_c,defocus_blur,1,none
efficientnet_b4,ILSVRC2012_val_00005139.JPEG,n02091635,175,175,0.8870164,1,imagenet_c,defocus_blur,1,none
efficientnet_b4,ILSVRC2012_val_00005279.JPEG,n02091635,175,175,0.8045123,1,imagenet_c,defocus_blur,1,none
efficientnet_b4,ILSVRC2012_val_00006093.JPEG,n02091635,175,175,0.6628218,1,imagenet_c,defocus_blur,1,none
efficientnet_b4,ILSVRC2012_val_00006704.JPEG,n02091635,175,175,0.38776833,1,imagenet_c,defocus_blur,1,none
efficientnet_b4,ILSVRC2012_val_00006720.JPEG,n02091635,175,175,0.57376486,1,imagenet_c,defocus_blur,1,none
efficientnet_b4,ILSVRC2012_val_00007446.JPEG,n02091635,175,175,0.7159985,1,imagenet_c,defocus_blur,1,none
efficientnet_b4,ILSVRC2012_val_00007801.JPEG,n02091635,175,192,0.17917712,0,imagenet_c,defocus_blur,1,none
efficientnet_b4,ILSVRC2012_val_00009546.JPEG,n02091635,175,175,0.12508652,1,imagenet_c,defocus_blur,1,none
efficientnet_b4,ILSVRC2012_val_00010062.JPEG,n02091635,175,175,0.52501744,1,imagenet_c,defocus_blur,1,none
efficientnet_b4,ILSVRC2012_val_00014357.JPEG,n02091635,175,175,0.9078808,1,imagenet_c,defocus_blur,1,none
efficientnet_b4,ILSVRC2012_val_00014787.JPEG,n02091635,175,175,0.8639916,1,imagenet_c,defocus_blur,1,none
efficientnet_b4,ILSVRC2012_val_00015377.JPEG,n02091635,175,175,0.23297536,1,imagenet_c,defocus_blur,1,none
efficientnet_b4,ILSVRC2012_val_00017046.JPEG,n02091635,175,175,0.5779817,1,imagenet_c,defocus_blur,1,none
efficientnet_b4,ILSVRC2012_val_00017126.JPEG,n02091635,175,194,0.14316243,0,imagenet_c,defocus_blur,1,none
efficientnet_b4,ILSVRC2012_val_00018526.JPEG,n02091635,175,175,0.41169208,1,imagenet_c,defocus_blur,1,none
efficientnet_b4,ILSVRC2012_val_00018912.JPEG,n02091635,175,191,0.5718667,0,imagenet_c,defocus_blur,1,none
efficientnet_b4,ILSVRC2012_val_00018931.JPEG,n02091635,175,175,0.43998492,1,imagenet_c,defocus_blur,1,none
efficientnet_b4,ILSVRC2012_val_00018989.JPEG,n02091635,175,247,0.12955016,0,imagenet_c,defocus_blur,1,none
efficientnet_b4,ILSVRC2012_val_00019639.JPEG,n02091635,175,175,0.52055544,1,imagenet_c,defocus_blur,1,none
efficientnet_b4,ILSVRC2012_val_00019861.JPEG,n02091635,175,175,0.5252121,1,imagenet_c,defocus_blur,1,none
efficientnet_b4,ILSVRC2012_val_00022137.JPEG,n02091635,175,175,0.61202383,1,imagenet_c,defocus_blur,1,none
efficientnet_b4,ILSVRC2012_val_00022593.JPEG,n02091635,175,175,0.84823483,1,imagenet_c,defocus_blur,1,none
efficientnet_b4,ILSVRC2012_val_00022982.JPEG,n02091635,175,226,0.6204662,0,imagenet_c,defocus_blur,1,none
efficientnet_b4,ILSVRC2012_val_00023428.JPEG,n02091635,175,175,0.1747992,1,imagenet_c,defocus_blur,1,none
efficientnet_b4,ILSVRC2012_val_00024169.JPEG,n02091635,175,175,0.48335105,1,imagenet_c,defocus_blur,1,none
efficientnet_b4,ILSVRC2012_val_00031508.JPEG,n02091635,175,175,0.8233318,1,imagenet_c,defocus_blur,1,none
efficientnet_b4,ILSVRC2012_val_00031693.JPEG,n02091635,175,175,0.92613167,1,imagenet_c,defocus_blur,1,none
efficientnet_b4,ILSVRC2012_val_00032727.JPEG,n02091635,175,175,0.85558045,1,imagenet_c,defocus_blur,1,none
efficientnet_b4,ILSVRC2012_val_00032793.JPEG,n02091635,175,175,0.8278064,1,imagenet_c,defocus_blur,1,none
efficientnet_b4,ILSVRC2012_val_00033126.JPEG,n02091635,175,175,0.87980175,1,imagenet_c,defocus_blur,1,none
efficientnet_b4,ILSVRC2012_val_00034121.JPEG,n02091635,175,175,0.8096635,1,imagenet_c,defocus_blur,1,none
efficientnet_b4,ILSVRC2012_val_00036247.JPEG,n02091635,175,175,0.81592816,1,imagenet_c,defocus_blur,1,none
efficientnet_b4,ILSVRC2012_val_00037347.JPEG,n02091635,175,175,0.30861437,1,imagenet_c,defocus_blur,1,none
efficientnet_b4,ILSVRC2012_val_00037989.JPEG,n02091635,175,175,0.27944285,1,imagenet_c,defocus_blur,1,none
efficientnet_b4,ILSVRC2012_val_00038554.JPEG,n02091635,175,175,0.5899098,1,imagenet_c,defocus_blur,1,none
efficientnet_b4,ILSVRC2012_val_00038565.JPEG,n02091635,175,175,0.2763692,1,imagenet_c,defocus_blur,1,none
efficientnet_b4,ILSVRC2012_val_00039569.JPEG,n02091635,175,175,0.8799552,1,imagenet_c,defocus_blur,1,none
efficientnet_b4,ILSVRC2012_val_00041735.JPEG,n02091635,175,175,0.7421955,1,imagenet_c,defocus_blur,1,none
efficientnet_b4,ILSVRC2012_val_00041912.JPEG,n02091635,175,175,0.28169668,1,imagenet_c,defocus_blur,1,none
efficientnet_b4,ILSVRC2012_val_00042053.JPEG,n02091635,175,175,0.8405586,1,imagenet_c,defocus_blur,1,none
efficientnet_b4,ILSVRC2012_val_00043342.JPEG,n02091635,175,194,0.27828172,0,imagenet_c,defocus_blur,1,none
efficientnet_b4,ILSVRC2012_val_00044766.JPEG,n02091635,175,175,0.65930074,1,imagenet_c,defocus_blur,1,none
efficientnet_b4,ILSVRC2012_val_00049144.JPEG,n02091635,175,175,0.8143474,1,imagenet_c,defocus_blur,1,none
efficientnet_b4,ILSVRC2012_val_00000263.JPEG,n02091831,176,176,0.7598432,1,imagenet_c,defocus_blur,1,none
efficientnet_b4,ILSVRC2012_val_00000300.JPEG,n02091831,176,176,0.63227934,1,imagenet_c,defocus_blur,1,none
efficientnet_b4,ILSVRC2012_val_00001576.JPEG,n02091831,176,176,0.3747021,1,imagenet_c,defocus_blur,1,none
efficientnet_b4,ILSVRC2012_val_00003227.JPEG,n02091831,176,176,0.6853361,1,imagenet_c,defocus_blur,1,none
efficientnet_b4,ILSVRC2012_val_00003546.JPEG,n02091831,176,176,0.65598685,1,imagenet_c,defocus_blur,1,none
efficientnet_b4,ILSVRC2012_val_00005217.JPEG,n02091831,176,176,0.35196093,1,imagenet_c,defocus_blur,1,none
efficientnet_b4,ILSVRC2012_val_00005273.JPEG,n02091831,176,171,0.6968424,0,imagenet_c,defocus_blur,1,none
efficientnet_b4,ILSVRC2012_val_00006935.JPEG,n02091831,176,176,0.5714117,1,imagenet_c,defocus_blur,1,none
efficientnet_b4,ILSVRC2012_val_00007002.JPEG,n02091831,176,176,0.707572,1,imagenet_c,defocus_blur,1,none
efficientnet_b4,ILSVRC2012_val_00008812.JPEG,n02091831,176,172,0.2973245,0,imagenet_c,defocus_blur,1,none
efficientnet_b4,ILSVRC2012_val_00009326.JPEG,n02091831,176,176,0.6887453,1,imagenet_c,defocus_blur,1,none
efficientnet_b4,ILSVRC2012_val_00009624.JPEG,n02091831,176,176,0.491215,1,imagenet_c,defocus_blur,1,none
efficientnet_b4,ILSVRC2012_val_00009666.JPEG,n02091831,176,176,0.5526386,1,imagenet_c,defocus_blur,1,none
efficientnet_b4,ILSVRC2012_val_00010087.JPEG,n02091831,176,176,0.5378958,1,imagenet_c,defocus_blur,1,none
efficientnet_b4,ILSVRC2012_val_00012482.JPEG,n02091831,176,176,0.20296168,1,imagenet_c,defocus_blur,1,none
efficientnet_b4,ILSVRC2012_val_00015425.JPEG,n02091831,176,212,0.2735508,0,imagenet_c,defocus_blur,1,none
efficientnet_b4,ILSVRC2012_val_00015632.JPEG,n02091831,176,176,0.5107504,1,imagenet_c,defocus_blur,1,none
efficientnet_b4,ILSVRC2012_val_00016547.JPEG,n02091831,176,176,0.43193972,1,imagenet_c,defocus_blur,1,none
efficientnet_b4,ILSVRC2012_val_00017092.JPEG,n02091831,176,176,0.5372624,1,imagenet_c,defocus_blur,1,none
efficientnet_b4,ILSVRC2012_val_00017553.JPEG,n02091831,176,167,0.11562313,0,imagenet_c,defocus_blur,1,none
efficientnet_b4,ILSVRC2012_val_00019366.JPEG,n02091831,176,268,0.27099094,0,imagenet_c,defocus_blur,1,none
efficientnet_b4,ILSVRC2012_val_00019498.JPEG,n02091831,176,176,0.85421705,1,imagenet_c,defocus_blur,1,none
efficientnet_b4,ILSVRC2012_val_00021150.JPEG,n02091831,176,176,0.80428046,1,imagenet_c,defocus_blur,1,none
efficientnet_b4,ILSVRC2012_val_00021756.JPEG,n02091831,176,273,0.4391825,0,imagenet_c,defocus_blur,1,none
efficientnet_b4,ILSVRC2012_val_00022036.JPEG,n02091831,176,176,0.22839215,1,imagenet_c,defocus_blur,1,none
efficientnet_b4,ILSVRC2012_val_00022920.JPEG,n02091831,176,176,0.39369234,1,imagenet_c,defocus_blur,1,none
efficientnet_b4,ILSVRC2012_val_00025170.JPEG,n02091831,176,176,0.80203813,1,imagenet_c,defocus_blur,1,none
efficientnet_b4,ILSVRC2012_val_00026109.JPEG,n02091831,176,176,0.6593477,1,imagenet_c,defocus_blur,1,none
efficientnet_b4,ILSVRC2012_val_00027058.JPEG,n02091831,176,176,0.17206408,1,imagenet_c,defocus_blur,1,none
efficientnet_b4,ILSVRC2012_val_00027267.JPEG,n02091831,176,176,0.6056218,1,imagenet_c,defocus_blur,1,none
efficientnet_b4,ILSVRC2012_val_00027810.JPEG,n02091831,176,176,0.31421095,1,imagenet_c,defocus_blur,1,none
efficientnet_b4,ILSVRC2012_val_00030249.JPEG,n02091831,176,253,0.29338506,0,imagenet_c,defocus_blur,1,none
efficientnet_b4,ILSVRC2012_val_00031817.JPEG,n02091831,176,246,0.23982671,0,imagenet_c,defocus_blur,1,none
efficientnet_b4,ILSVRC2012_val_00032203.JPEG,n02091831,176,176,0.7706702,1,imagenet_c,defocus_blur,1,none
efficientnet_b4,ILSVRC2012_val_00034334.JPEG,n02091831,176,176,0.88426346,1,imagenet_c,defocus_blur,1,none
efficientnet_b4,ILSVRC2012_val_00035609.JPEG,n02091831,176,176,0.73577344,1,imagenet_c,defocus_blur,1,none
efficientnet_b4,ILSVRC2012_val_00035725.JPEG,n02091831,176,176,0.6888667,1,imagenet_c,defocus_blur,1,none
efficientnet_b4,ILSVRC2012_val_00038759.JPEG,n02091831,176,176,0.85877174,1,imagenet_c,defocus_blur,1,none
efficientnet_b4,ILSVRC2012_val_00039822.JPEG,n02091831,176,176,0.70879644,1,imagenet_c,defocus_blur,1,none
efficientnet_b4,ILSVRC2012_val_00040201.JPEG,n02091831,176,176,0.7935491,1,imagenet_c,defocus_blur,1,none
efficientnet_b4,ILSVRC2012_val_00040650.JPEG,n02091831,176,176,0.75365686,1,imagenet_c,defocus_blur,1,none
efficientnet_b4,ILSVRC2012_val_00041908.JPEG,n02091831,176,176,0.3572198,1,imagenet_c,defocus_blur,1,none
efficientnet_b4,ILSVRC2012_val_00043194.JPEG,n02091831,176,176,0.57609487,1,imagenet_c,defocus_blur,1,none
efficientnet_b4,ILSVRC2012_val_00043842.JPEG,n02091831,176,176,0.26616767,1,imagenet_c,defocus_blur,1,none
efficientnet_b4,ILSVRC2012_val_00043901.JPEG,n02091831,176,173,0.4186948,0,imagenet_c,defocus_blur,1,none
efficientnet_b4,ILSVRC2012_val_00044031.JPEG,n02091831,176,176,0.70623094,1,imagenet_c,defocus_blur,1,none
efficientnet_b4,ILSVRC2012_val_00045441.JPEG,n02091831,176,169,0.26953897,0,imagenet_c,defocus_blur,1,none
efficientnet_b4,ILSVRC2012_val_00047324.JPEG,n02091831,176,176,0.67856663,1,imagenet_c,defocus_blur,1,none
efficientnet_b4,ILSVRC2012_val_00047617.JPEG,n02091831,176,176,0.64437383,1,imagenet_c,defocus_blur,1,none
efficientnet_b4,ILSVRC2012_val_00048421.JPEG,n02091831,176,159,0.25213698,0,imagenet_c,defocus_blur,1,none
efficientnet_b4,ILSVRC2012_val_00000405.JPEG,n02092002,177,177,0.6042144,1,imagenet_c,defocus_blur,1,none
efficientnet_b4,ILSVRC2012_val_00001206.JPEG,n02092002,177,177,0.48474297,1,imagenet_c,defocus_blur,1,none
efficientnet_b4,ILSVRC2012_val_00003725.JPEG,n02092002,177,170,0.37157834,0,imagenet_c,defocus_blur,1,none
efficientnet_b4,ILSVRC2012_val_00004288.JPEG,n02092002,177,177,0.53810585,1,imagenet_c,defocus_blur,1,none
efficientnet_b4,ILSVRC2012_val_00007516.JPEG,n02092002,177,177,0.63240707,1,imagenet_c,defocus_blur,1,none
efficientnet_b4,ILSVRC2012_val_00008297.JPEG,n02092002,177,169,0.067248605,0,imagenet_c,defocus_blur,1,none
efficientnet_b4,ILSVRC2012_val_00010006.JPEG,n02092002,177,177,0.33742782,1,imagenet_c,defocus_blur,1,none
efficientnet_b4,ILSVRC2012_val_00010222.JPEG,n02092002,177,177,0.59082425,1,imagenet_c,defocus_blur,1,none
efficientnet_b4,ILSVRC2012_val_00010398.JPEG,n02092002,177,177,0.7609264,1,imagenet_c,defocus_blur,1,none
efficientnet_b4,ILSVRC2012_val_00010896.JPEG,n02092002,177,177,0.6635134,1,imagenet_c,defocus_blur,1,none
efficientnet_b4,ILSVRC2012_val_00012646.JPEG,n02092002,177,177,0.55197346,1,imagenet_c,defocus_blur,1,none
efficientnet_b4,ILSVRC2012_val_00013361.JPEG,n02092002,177,177,0.45693025,1,imagenet_c,defocus_blur,1,none
efficientnet_b4,ILSVRC2012_val_00017594.JPEG,n02092002,177,177,0.45825595,1,imagenet_c,defocus_blur,1,none
efficientnet_b4,ILSVRC2012_val_00017645.JPEG,n02092002,177,177,0.6932409,1,imagenet_c,defocus_blur,1,none
efficientnet_b4,ILSVRC2012_val_00018121.JPEG,n02092002,177,177,0.63034177,1,imagenet_c,defocus_blur,1,none
efficientnet_b4,ILSVRC2012_val_00019010.JPEG,n02092002,177,251,0.078174025,0,imagenet_c,defocus_blur,1,none
efficientnet_b4,ILSVRC2012_val_00019120.JPEG,n02092002,177,177,0.28056642,1,imagenet_c,defocus_blur,1,none
efficientnet_b4,ILSVRC2012_val_00020058.JPEG,n02092002,177,177,0.42044383,1,imagenet_c,defocus_blur,1,none
efficientnet_b4,ILSVRC2012_val_00020679.JPEG,n02092002,177,177,0.339501,1,imagenet_c,defocus_blur,1,none
efficientnet_b4,ILSVRC2012_val_00020848.JPEG,n02092002,177,177,0.61214936,1,imagenet_c,defocus_blur,1,none
efficientnet_b4,ILSVRC2012_val_00021145.JPEG,n02092002,177,177,0.4767444,1,imagenet_c,defocus_blur,1,none
efficientnet_b4,ILSVRC2012_val_00022857.JPEG,n02092002,177,177,0.44962338,1,imagenet_c,defocus_blur,1,none
efficientnet_b4,ILSVRC2012_val_00023121.JPEG,n02092002,177,177,0.45965347,1,imagenet_c,defocus_blur,1,none
efficientnet_b4,ILSVRC2012_val_00023782.JPEG,n02092002,177,177,0.822994,1,imagenet_c,defocus_blur,1,none
efficientnet_b4,ILSVRC2012_val_00024208.JPEG,n02092002,177,177,0.61583614,1,imagenet_c,defocus_blur,1,none
efficientnet_b4,ILSVRC2012_val_00024254.JPEG,n02092002,177,170,0.30696067,0,imagenet_c,defocus_blur,1,none
efficientnet_b4,ILSVRC2012_val_00024335.JPEG,n02092002,177,177,0.61691725,1,imagenet_c,defocus_blur,1,none
efficientnet_b4,ILSVRC2012_val_00024831.JPEG,n02092002,177,177,0.8368733,1,imagenet_c,defocus_blur,1,none
efficientnet_b4,ILSVRC2012_val_00024989.JPEG,n02092002,177,177,0.40281376,1,imagenet_c,defocus_blur,1,none
efficientnet_b4,ILSVRC2012_val_00025644.JPEG,n02092002,177,177,0.80362785,1,imagenet_c,defocus_blur,1,none
efficientnet_b4,ILSVRC2012_val_00026985.JPEG,n02092002,177,177,0.6605912,1,imagenet_c,defocus_blur,1,none
efficientnet_b4,ILSVRC2012_val_00027622.JPEG,n02092002,177,177,0.386682,1,imagenet_c,defocus_blur,1,none
efficientnet_b4,ILSVRC2012_val_00028731.JPEG,n02092002,177,252,0.40330866,0,imagenet_c,defocus_blur,1,none
efficientnet_b4,ILSVRC2012_val_00028759.JPEG,n02092002,177,177,0.24126354,1,imagenet_c,defocus_blur,1,none
efficientnet_b4,ILSVRC2012_val_00029122.JPEG,n02092002,177,177,0.71601784,1,imagenet_c,defocus_blur,1,none
efficientnet_b4,ILSVRC2012_val_00029451.JPEG,n02092002,177,177,0.52003926,1,imagenet_c,defocus_blur,1,none
efficientnet_b4,ILSVRC2012_val_00029876.JPEG,n02092002,177,177,0.7199275,1,imagenet_c,defocus_blur,1,none
efficientnet_b4,ILSVRC2012_val_00031364.JPEG,n02092002,177,177,0.37367323,1,imagenet_c,defocus_blur,1,none
efficientnet_b4,ILSVRC2012_val_00031814.JPEG,n02092002,177,177,0.6905403,1,imagenet_c,defocus_blur,1,none
efficientnet_b4,ILSVRC2012_val_00031827.JPEG,n02092002,177,177,0.30072683,1,imagenet_c,defocus_blur,1,none
efficientnet_b4,ILSVRC2012_val_00032334.JPEG,n02092002,177,177,0.33470136,1,imagenet_c,defocus_blur,1,none
efficientnet_b4,ILSVRC2012_val_00032368.JPEG,n02092002,177,177,0.6364122,1,imagenet_c,defocus_blur,1,none
efficientnet_b4,ILSVRC2012_val_00036747.JPEG,n02092002,177,177,0.48368004,1,imagenet_c,defocus_blur,1,none
efficientnet_b4,ILSVRC2012_val_00038406.JPEG,n02092002,177,177,0.5648578,1,imagenet_c,defocus_blur,1,none
efficientnet_b4,ILSVRC2012_val_00038500.JPEG,n02092002,177,170,0.34382534,0,imagenet_c,defocus_blur,1,none
efficientnet_b4,ILSVRC2012_val_00038705.JPEG,n02092002,177,177,0.6991318,1,imagenet_c,defocus_blur,1,none
efficientnet_b4,ILSVRC2012_val_00044039.JPEG,n02092002,177,177,0.68760157,1,imagenet_c,defocus_blur,1,none
efficientnet_b4,ILSVRC2012_val_00044345.JPEG,n02092002,177,177,0.5061498,1,imagenet_c,defocus_blur,1,none
efficientnet_b4,ILSVRC2012_val_00049004.JPEG,n02092002,177,177,0.6127159,1,imagenet_c,defocus_blur,1,none
efficientnet_b4,ILSVRC2012_val_00049206.JPEG,n02092002,177,170,0.3068928,0,imagenet_c,defocus_blur,1,none
efficientnet_b4,ILSVRC2012_val_00001385.JPEG,n02092339,178,178,0.72582376,1,imagenet_c,defocus_blur,1,none
efficientnet_b4,ILSVRC2012_val_00001425.JPEG,n02092339,178,178,0.56926775,1,imagenet_c,defocus_blur,1,none
efficientnet_b4,ILSVRC2012_val_00001485.JPEG,n02092339,178,178,0.44898176,1,imagenet_c,defocus_blur,1,none
efficientnet_b4,ILSVRC2012_val_00001486.JPEG,n02092339,178,178,0.45110458,1,imagenet_c,defocus_blur,1,none
efficientnet_b4,ILSVRC2012_val_00002847.JPEG,n02092339,178,178,0.5493437,1,imagenet_c,defocus_blur,1,none
efficientnet_b4,ILSVRC2012_val_00004974.JPEG,n02092339,178,168,0.24091317,0,imagenet_c,defocus_blur,1,none
efficientnet_b4,ILSVRC2012_val_00006676.JPEG,n02092339,178,178,0.6823582,1,imagenet_c,defocus_blur,1,none
efficientnet_b4,ILSVRC2012_val_00009858.JPEG,n02092339,178,178,0.47767296,1,imagenet_c,defocus_blur,1,none
efficientnet_b4,ILSVRC2012_val_00010015.JPEG,n02092339,178,178,0.12703359,1,imagenet_c,defocus_blur,1,none
efficientnet_b4,ILSVRC2012_val_00010294.JPEG,n02092339,178,178,0.641014,1,imagenet_c,defocus_blur,1,none
efficientnet_b4,ILSVRC2012_val_00010657.JPEG,n02092339,178,178,0.7914596,1,imagenet_c,defocus_blur,1,none
efficientnet_b4,ILSVRC2012_val_00011391.JPEG,n02092339,178,178,0.32090616,1,imagenet_c,defocus_blur,1,none
efficientnet_b4,ILSVRC2012_val_00014605.JPEG,n02092339,178,173,0.081785,0,imagenet_c,defocus_blur,1,none
efficientnet_b4,ILSVRC2012_val_00015798.JPEG,n02092339,178,178,0.4583595,1,imagenet_c,defocus_blur,1,none
efficientnet_b4,ILSVRC2012_val_00015848.JPEG,n02092339,178,246,0.18244757,0,imagenet_c,defocus_blur,1,none
efficientnet_b4,ILSVRC2012_val_00017966.JPEG,n02092339,178,178,0.7066212,1,imagenet_c,defocus_blur,1,none
efficientnet_b4,ILSVRC2012_val_00018536.JPEG,n02092339,178,178,0.81840605,1,imagenet_c,defocus_blur,1,none
efficientnet_b4,ILSVRC2012_val_00019259.JPEG,n02092339,178,178,0.6320769,1,imagenet_c,defocus_blur,1,none
efficientnet_b4,ILSVRC2012_val_00020010.JPEG,n02092339,178,178,0.57666624,1,imagenet_c,defocus_blur,1,none
efficientnet_b4,ILSVRC2012_val_00021315.JPEG,n02092339,178,178,0.56262475,1,imagenet_c,defocus_blur,1,none
efficientnet_b4,ILSVRC2012_val_00021668.JPEG,n02092339,178,178,0.27571952,1,imagenet_c,defocus_blur,1,none
efficientnet_b4,ILSVRC2012_val_00022824.JPEG,n02092339,178,178,0.4178431,1,imagenet_c,defocus_blur,1,none
efficientnet_b4,ILSVRC2012_val_00023005.JPEG,n02092339,178,178,0.694114,1,imagenet_c,defocus_blur,1,none
efficientnet_b4,ILSVRC2012_val_00024470.JPEG,n02092339,178,211,0.40631562,0,imagenet_c,defocus_blur,1,none
efficientnet_b4,ILSVRC2012_val_00024567.JPEG,n02092339,178,178,0.8028037,1,imagenet_c,defocus_blur,1,none
efficientnet_b4,ILSVRC2012_val_00025015.JPEG,n02092339,178,178,0.21972965,1,imagenet_c,defocus_blur,1,none
efficientnet_b4,ILSVRC2012_val_00025680.JPEG,n02092339,178,178,0.7063972,1,imagenet_c,defocus_blur,1,none
efficientnet_b4,ILSVRC2012_val_00025711.JPEG,n02092339,178,178,0.59687954,1,imagenet_c,defocus_blur,1,none
efficientnet_b4,ILSVRC2012_val_00026387.JPEG,n02092339,178,178,0.6579196,1,imagenet_c,defocus_blur,1,none
efficientnet_b4,ILSVRC2012_val_00030285.JPEG,n02092339,178,178,0.6764868,1,imagenet_c,defocus_blur,1,none
efficientnet_b4,ILSVRC2012_val_00030591.JPEG,n02092339,178,178,0.57598686,1,imagenet_c,defocus_blur,1,none
efficientnet_b4,ILSVRC2012_val_00030648.JPEG,n02092339,178,178,0.665729,1,imagenet_c,defocus_blur,1,none
efficientnet_b4,ILSVRC2012_val_00031532.JPEG,n02092339,178,178,0.25022683,1,imagenet_c,defocus_blur,1,none
efficientnet_b4,ILSVRC2012_val_00032957.JPEG,n02092339,178,178,0.7532729,1,imagenet_c,defocus_blur,1,none
efficientnet_b4,ILSVRC2012_val_00034796.JPEG,n02092339,178,178,0.6070014,1,imagenet_c,defocus_blur,1,none
efficientnet_b4,ILSVRC2012_val_00038143.JPEG,n02092339,178,178,0.55051005,1,imagenet_c,defocus_blur,1,none
efficientnet_b4,ILSVRC2012_val_00040419.JPEG,n02092339,178,178,0.5269721,1,imagenet_c,defocus_blur,1,none
efficientnet_b4,ILSVRC2012_val_00040809.JPEG,n02092339,178,178,0.5402642,1,imagenet_c,defocus_blur,1,none
efficientnet_b4,ILSVRC2012_val_00040872.JPEG,n02092339,178,178,0.60601276,1,imagenet_c,defocus_blur,1,none
efficientnet_b4,ILSVRC2012_val_00042745.JPEG,n02092339,178,178,0.59741074,1,imagenet_c,defocus_blur,1,none
efficientnet_b4,ILSVRC2012_val_00044137.JPEG,n02092339,178,178,0.735727,1,imagenet_c,defocus_blur,1,none
efficientnet_b4,ILSVRC2012_val_00044611.JPEG,n02092339,178,171,0.54358816,0,imagenet_c,defocus_blur,1,none
efficientnet_b4,ILSVRC2012_val_00044897.JPEG,n02092339,178,178,0.34901682,1,imagenet_c,defocus_blur,1,none
efficientnet_b4,ILSVRC2012_val_00046536.JPEG,n02092339,178,178,0.56353897,1,imagenet_c,defocus_blur,1,none
efficientnet_b4,ILSVRC2012_val_00046957.JPEG,n02092339,178,178,0.6740797,1,imagenet_c,defocus_blur,1,none
efficientnet_b4,ILSVRC2012_val_00047244.JPEG,n02092339,178,178,0.714878,1,imagenet_c,defocus_blur,1,none
efficientnet_b4,ILSVRC2012_val_00047414.JPEG,n02092339,178,178,0.3245636,1,imagenet_c,defocus_blur,1,none
efficientnet_b4,ILSVRC2012_val_00047584.JPEG,n02092339,178,178,0.7261366,1,imagenet_c,defocus_blur,1,none
efficientnet_b4,ILSVRC2012_val_00049196.JPEG,n02092339,178,178,0.71286803,1,imagenet_c,defocus_blur,1,none
efficientnet_b4,ILSVRC2012_val_00049374.JPEG,n02092339,178,255,0.15003699,0,imagenet_c,defocus_blur,1,none
efficientnet_b4,ILSVRC2012_val_00000248.JPEG,n02093256,179,179,0.72222954,1,imagenet_c,defocus_blur,1,none
efficientnet_b4,ILSVRC2012_val_00001222.JPEG,n02093256,179,179,0.47339603,1,imagenet_c,defocus_blur,1,none
efficientnet_b4,ILSVRC2012_val_00001419.JPEG,n02093256,179,179,0.62740856,1,imagenet_c,defocus_blur,1,none
efficientnet_b4,ILSVRC2012_val_00001710.JPEG,n02093256,179,195,0.31210583,0,imagenet_c,defocus_blur,1,none
efficientnet_b4,ILSVRC2012_val_00001844.JPEG,n02093256,179,179,0.19650783,1,imagenet_c,defocus_blur,1,none
efficientnet_b4,ILSVRC2012_val_00003792.JPEG,n02093256,179,179,0.38061363,1,imagenet_c,defocus_blur,1,none
efficientnet_b4,ILSVRC2012_val_00004077.JPEG,n02093256,179,165,0.2261133,0,imagenet_c,defocus_blur,1,none
efficientnet_b4,ILSVRC2012_val_00004771.JPEG,n02093256,179,179,0.39298606,1,imagenet_c,defocus_blur,1,none
efficientnet_b4,ILSVRC2012_val_00007444.JPEG,n02093256,179,179,0.81891346,1,imagenet_c,defocus_blur,1,none
efficientnet_b4,ILSVRC2012_val_00008532.JPEG,n02093256,179,180,0.14214404,0,imagenet_c,defocus_blur,1,none
efficientnet_b4,ILSVRC2012_val_00009051.JPEG,n02093256,179,179,0.16938278,1,imagenet_c,defocus_blur,1,none
efficientnet_b4,ILSVRC2012_val_00009642.JPEG,n02093256,179,179,0.5420298,1,imagenet_c,defocus_blur,1,none
efficientnet_b4,ILSVRC2012_val_00009949.JPEG,n02093256,179,180,0.6568142,0,imagenet_c,defocus_blur,1,none
efficientnet_b4,ILSVRC2012_val_00011583.JPEG,n02093256,179,179,0.4166359,1,imagenet_c,defocus_blur,1,none
efficientnet_b4,ILSVRC2012_val_00011925.JPEG,n02093256,179,179,0.7131254,1,imagenet_c,defocus_blur,1,none
efficientnet_b4,ILSVRC2012_val_00013508.JPEG,n02093256,179,179,0.1963688,1,imagenet_c,defocus_blur,1,none
efficientnet_b4,ILSVRC2012_val_00014047.JPEG,n02093256,179,180,0.4775248,0,imagenet_c,defocus_blur,1,none
efficientnet_b4,ILSVRC2012_val_00016494.JPEG,n02093256,179,179,0.77075326,1,imagenet_c,defocus_blur,1,none
efficientnet_b4,ILSVRC2012_val_00017865.JPEG,n02093256,179,242,0.21311718,0,imagenet_c,defocus_blur,1,none
efficientnet_b4,ILSVRC2012_val_00019759.JPEG,n02093256,179,180,0.50018376,0,imagenet_c,defocus_blur,1,none
efficientnet_b4,ILSVRC2012_val_00019931.JPEG,n02093256,179,243,0.14351237,0,imagenet_c,defocus_blur,1,none
efficientnet_b4,ILSVRC2012_val_00023541.JPEG,n02093256,179,179,0.30105853,1,imagenet_c,defocus_blur,1,none
efficientnet_b4,ILSVRC2012_val_00025951.JPEG,n02093256,179,179,0.7778197,1,imagenet_c,defocus_blur,1,none
efficientnet_b4,ILSVRC2012_val_00026058.JPEG,n02093256,179,179,0.6573205,1,imagenet_c,defocus_blur,1,none
efficientnet_b4,ILSVRC2012_val_00027428.JPEG,n02093256,179,179,0.6202357,1,imagenet_c,defocus_blur,1,none
efficientnet_b4,ILSVRC2012_val_00028332.JPEG,n02093256,179,179,0.7047854,1,imagenet_c,defocus_blur,1,none
efficientnet_b4,ILSVRC2012_val_00030399.JPEG,n02093256,179,205,0.2729518,0,imagenet_c,defocus_blur,1,none
efficientnet_b4,ILSVRC2012_val_00031334.JPEG,n02093256,179,179,0.67034984,1,imagenet_c,defocus_blur,1,none
efficientnet_b4,ILSVRC2012_val_00032018.JPEG,n02093256,179,179,0.774163,1,imagenet_c,defocus_blur,1,none
efficientnet_b4,ILSVRC2012_val_00033319.JPEG,n02093256,179,179,0.83508563,1,imagenet_c,defocus_blur,1,none
efficientnet_b4,ILSVRC2012_val_00033683.JPEG,n02093256,179,179,0.7636563,1,imagenet_c,defocus_blur,1,none
efficientnet_b4,ILSVRC2012_val_00034055.JPEG,n02093256,179,179,0.7317048,1,imagenet_c,defocus_blur,1,none
efficientnet_b4,ILSVRC2012_val_00034733.JPEG,n02093256,179,179,0.50696194,1,imagenet_c,defocus_blur,1,none
efficientnet_b4,ILSVRC2012_val_00034790.JPEG,n02093256,179,179,0.59928536,1,imagenet_c,defocus_blur,1,none
efficientnet_b4,ILSVRC2012_val_00035952.JPEG,n02093256,179,179,0.748497,1,imagenet_c,defocus_blur,1,none
efficientnet_b4,ILSVRC2012_val_00036989.JPEG,n02093256,179,179,0.70561177,1,imagenet_c,defocus_blur,1,none
efficientnet_b4,ILSVRC2012_val_00037318.JPEG,n02093256,179,179,0.78133065,1,imagenet_c,defocus_blur,1,none
efficientnet_b4,ILSVRC2012_val_00037333.JPEG,n02093256,179,179,0.22185877,1,imagenet_c,defocus_blur,1,none
efficientnet_b4,ILSVRC2012_val_00038130.JPEG,n02093256,179,195,0.42285305,0,imagenet_c,defocus_blur,1,none
efficientnet_b4,ILSVRC2012_val_00038280.JPEG,n02093256,179,179,0.46554634,1,imagenet_c,defocus_blur,1,none
efficientnet_b4,ILSVRC2012_val_00039743.JPEG,n02093256,179,179,0.37755302,1,imagenet_c,defocus_blur,1,none
efficientnet_b4,ILSVRC2012_val_00040678.JPEG,n02093256,179,537,0.4478933,0,imagenet_c,defocus_blur,1,none
efficientnet_b4,ILSVRC2012_val_00041620.JPEG,n02093256,179,208,0.25161606,0,imagenet_c,defocus_blur,1,none
efficientnet_b4,ILSVRC2012_val_00043171.JPEG,n02093256,179,180,0.56387734,0,imagenet_c,defocus_blur,1,none
efficientnet_b4,ILSVRC2012_val_00043305.JPEG,n02093256,179,159,0.28270215,0,imagenet_c,defocus_blur,1,none
efficientnet_b4,ILSVRC2012_val_00044003.JPEG,n02093256,179,179,0.7482599,1,imagenet_c,defocus_blur,1,none
efficientnet_b4,ILSVRC2012_val_00044717.JPEG,n02093256,179,179,0.5352472,1,imagenet_c,defocus_blur,1,none
efficientnet_b4,ILSVRC2012_val_00046547.JPEG,n02093256,179,179,0.33785385,1,imagenet_c,defocus_blur,1,none
efficientnet_b4,ILSVRC2012_val_00047652.JPEG,n02093256,179,179,0.7928224,1,imagenet_c,defocus_blur,1,none
efficientnet_b4,ILSVRC2012_val_00049485.JPEG,n02093256,179,179,0.39341003,1,imagenet_c,defocus_blur,1,none
efficientnet_b4,ILSVRC2012_val_00000191.JPEG,n02093428,180,180,0.2558577,1,imagenet_c,defocus_blur,1,none
efficientnet_b4,ILSVRC2012_val_00002417.JPEG,n02093428,180,180,0.26392063,1,imagenet_c,defocus_blur,1,none
efficientnet_b4,ILSVRC2012_val_00004926.JPEG,n02093428,180,179,0.40447128,0,imagenet_c,defocus_blur,1,none
efficientnet_b4,ILSVRC2012_val_00004947.JPEG,n02093428,180,180,0.6337782,1,imagenet_c,defocus_blur,1,none
efficientnet_b4,ILSVRC2012_val_00005790.JPEG,n02093428,180,180,0.7571971,1,imagenet_c,defocus_blur,1,none
efficientnet_b4,ILSVRC2012_val_00007386.JPEG,n02093428,180,180,0.7784376,1,imagenet_c,defocus_blur,1,none
efficientnet_b4,ILSVRC2012_val_00007527.JPEG,n02093428,180,785,0.22214219,0,imagenet_c,defocus_blur,1,none
efficientnet_b4,ILSVRC2012_val_00008303.JPEG,n02093428,180,180,0.5399326,1,imagenet_c,defocus_blur,1,none
efficientnet_b4,ILSVRC2012_val_00008760.JPEG,n02093428,180,180,0.87999994,1,imagenet_c,defocus_blur,1,none
efficientnet_b4,ILSVRC2012_val_00009853.JPEG,n02093428,180,180,0.30024067,1,imagenet_c,defocus_blur,1,none
efficientnet_b4,ILSVRC2012_val_00010627.JPEG,n02093428,180,180,0.600381,1,imagenet_c,defocus_blur,1,none
efficientnet_b4,ILSVRC2012_val_00011381.JPEG,n02093428,180,159,0.26766086,0,imagenet_c,defocus_blur,1,none
efficientnet_b4,ILSVRC2012_val_00011387.JPEG,n02093428,180,178,0.27696618,0,imagenet_c,defocus_blur,1,none
efficientnet_b4,ILSVRC2012_val_00013442.JPEG,n02093428,180,179,0.7010782,0,imagenet_c,defocus_blur,1,none
efficientnet_b4,ILSVRC2012_val_00014719.JPEG,n02093428,180,180,0.59521174,1,imagenet_c,defocus_blur,1,none
efficientnet_b4,ILSVRC2012_val_00015076.JPEG,n02093428,180,179,0.7451726,0,imagenet_c,defocus_blur,1,none
efficientnet_b4,ILSVRC2012_val_00017823.JPEG,n02093428,180,180,0.3696964,1,imagenet_c,defocus_blur,1,none
efficientnet_b4,ILSVRC2012_val_00019276.JPEG,n02093428,180,180,0.4965013,1,imagenet_c,defocus_blur,1,none
efficientnet_b4,ILSVRC2012_val_00020513.JPEG,n02093428,180,243,0.2665066,0,imagenet_c,defocus_blur,1,none
efficientnet_b4,ILSVRC2012_val_00021229.JPEG,n02093428,180,180,0.75034565,1,imagenet_c,defocus_blur,1,none
efficientnet_b4,ILSVRC2012_val_00021754.JPEG,n02093428,180,158,0.4459434,0,imagenet_c,defocus_blur,1,none
efficientnet_b4,ILSVRC2012_val_00021938.JPEG,n02093428,180,180,0.65568185,1,imagenet_c,defocus_blur,1,none
efficientnet_b4,ILSVRC2012_val_00022459.JPEG,n02093428,180,180,0.581021,1,imagenet_c,defocus_blur,1,none
efficientnet_b4,ILSVRC2012_val_00022502.JPEG,n02093428,180,180,0.4446523,1,imagenet_c,defocus_blur,1,none
efficientnet_b4,ILSVRC2012_val_00023180.JPEG,n02093428,180,180,0.42269692,1,imagenet_c,defocus_blur,1,none
efficientnet_b4,ILSVRC2012_val_00023528.JPEG,n02093428,180,173,0.18496381,0,imagenet_c,defocus_blur,1,none
efficientnet_b4,ILSVRC2012_val_00024542.JPEG,n02093428,180,195,0.09338997,0,imagenet_c,defocus_blur,1,none
efficientnet_b4,ILSVRC2012_val_00026525.JPEG,n02093428,180,179,0.5439301,0,imagenet_c,defocus_blur,1,none
efficientnet_b4,ILSVRC2012_val_00026978.JPEG,n02093428,180,180,0.47160643,1,imagenet_c,defocus_blur,1,none
efficientnet_b4,ILSVRC2012_val_00028963.JPEG,n02093428,180,225,0.3985625,0,imagenet_c,defocus_blur,1,none
efficientnet_b4,ILSVRC2012_val_00029175.JPEG,n02093428,180,180,0.30279857,1,imagenet_c,defocus_blur,1,none
efficientnet_b4,ILSVRC2012_val_00029242.JPEG,n02093428,180,209,0.27020323,0,imagenet_c,defocus_blur,1,none
efficientnet_b4,ILSVRC2012_val_00030407.JPEG,n02093428,180,180,0.7703474,1,imagenet_c,defocus_blur,1,none
efficientnet_b4,ILSVRC2012_val_00030915.JPEG,n02093428,180,180,0.907447,1,imagenet_c,defocus_blur,1,none
efficientnet_b4,ILSVRC2012_val_00035793.JPEG,n02093428,180,180,0.41412923,1,imagenet_c,defocus_blur,1,none
efficientnet_b4,ILSVRC2012_val_00037243.JPEG,n02093428,180,180,0.31539658,1,imagenet_c,defocus_blur,1,none
efficientnet_b4,ILSVRC2012_val_00037841.JPEG,n02093428,180,184,0.062454853,0,imagenet_c,defocus_blur,1,none
efficientnet_b4,ILSVRC2012_val_00038022.JPEG,n02093428,180,180,0.719105,1,imagenet_c,defocus_blur,1,none
efficientnet_b4,ILSVRC2012_val_00038254.JPEG,n02093428,180,180,0.27791083,1,imagenet_c,defocus_blur,1,none
efficientnet_b4,ILSVRC2012_val_00039014.JPEG,n02093428,180,171,0.259524,0,imagenet_c,defocus_blur,1,none
efficientnet_b4,ILSVRC2012_val_00039832.JPEG,n02093428,180,168,0.21478027,0,imagenet_c,defocus_blur,1,none
efficientnet_b4,ILSVRC2012_val_00040673.JPEG,n02093428,180,180,0.8135528,1,imagenet_c,defocus_blur,1,none
efficientnet_b4,ILSVRC2012_val_00043007.JPEG,n02093428,180,180,0.686775,1,imagenet_c,defocus_blur,1,none
efficientnet_b4,ILSVRC2012_val_00043556.JPEG,n02093428,180,180,0.1625134,1,imagenet_c,defocus_blur,1,none
efficientnet_b4,ILSVRC2012_val_00043672.JPEG,n02093428,180,180,0.65736914,1,imagenet_c,defocus_blur,1,none
efficientnet_b4,ILSVRC2012_val_00045109.JPEG,n02093428,180,180,0.34458116,1,imagenet_c,defocus_blur,1,none
efficientnet_b4,ILSVRC2012_val_00045238.JPEG,n02093428,180,242,0.10045579,0,imagenet_c,defocus_blur,1,none
efficientnet_b4,ILSVRC2012_val_00045763.JPEG,n02093428,180,212,0.15609711,0,imagenet_c,defocus_blur,1,none
efficientnet_b4,ILSVRC2012_val_00047271.JPEG,n02093428,180,180,0.5671519,1,imagenet_c,defocus_blur,1,none
efficientnet_b4,ILSVRC2012_val_00049036.JPEG,n02093428,180,180,0.19712144,1,imagenet_c,defocus_blur,1,none
efficientnet_b4,ILSVRC2012_val_00000883.JPEG,n02093647,181,181,0.51372474,1,imagenet_c,defocus_blur,1,none
efficientnet_b4,ILSVRC2012_val_00001775.JPEG,n02093647,181,181,0.21262519,1,imagenet_c,defocus_blur,1,none
efficientnet_b4,ILSVRC2012_val_00001957.JPEG,n02093647,181,181,0.62909967,1,imagenet_c,defocus_blur,1,none
efficientnet_b4,ILSVRC2012_val_00002616.JPEG,n02093647,181,181,0.545974,1,imagenet_c,defocus_blur,1,none
efficientnet_b4,ILSVRC2012_val_00003269.JPEG,n02093647,181,181,0.69105625,1,imagenet_c,defocus_blur,1,none
efficientnet_b4,ILSVRC2012_val_00003887.JPEG,n02093647,181,181,0.58365524,1,imagenet_c,defocus_blur,1,none
efficientnet_b4,ILSVRC2012_val_00004060.JPEG,n02093647,181,181,0.61788327,1,imagenet_c,defocus_blur,1,none
efficientnet_b4,ILSVRC2012_val_00004342.JPEG,n02093647,181,181,0.5576332,1,imagenet_c,defocus_blur,1,none
efficientnet_b4,ILSVRC2012_val_00005189.JPEG,n02093647,181,181,0.6251153,1,imagenet_c,defocus_blur,1,none
efficientnet_b4,ILSVRC2012_val_00007892.JPEG,n02093647,181,181,0.20211962,1,imagenet_c,defocus_blur,1,none
efficientnet_b4,ILSVRC2012_val_00008582.JPEG,n02093647,181,747,0.055695496,0,imagenet_c,defocus_blur,1,none
efficientnet_b4,ILSVRC2012_val_00009033.JPEG,n02093647,181,181,0.6373489,1,imagenet_c,defocus_blur,1,none
efficientnet_b4,ILSVRC2012_val_00009636.JPEG,n02093647,181,181,0.58005434,1,imagenet_c,defocus_blur,1,none
efficientnet_b4,ILSVRC2012_val_00011055.JPEG,n02093647,181,181,0.5895928,1,imagenet_c,defocus_blur,1,none
efficientnet_b4,ILSVRC2012_val_00013323.JPEG,n02093647,181,181,0.52575207,1,imagenet_c,defocus_blur,1,none
efficientnet_b4,ILSVRC2012_val_00013873.JPEG,n02093647,181,181,0.52876234,1,imagenet_c,defocus_blur,1,none
efficientnet_b4,ILSVRC2012_val_00015710.JPEG,n02093647,181,181,0.6706681,1,imagenet_c,defocus_blur,1,none
efficientnet_b4,ILSVRC2012_val_00017453.JPEG,n02093647,181,181,0.290756,1,imagenet_c,defocus_blur,1,none
efficientnet_b4,ILSVRC2012_val_00021631.JPEG,n02093647,181,181,0.730704,1,imagenet_c,defocus_blur,1,none
efficientnet_b4,ILSVRC2012_val_00022164.JPEG,n02093647,181,188,0.16662915,0,imagenet_c,defocus_blur,1,none
efficientnet_b4,ILSVRC2012_val_00023175.JPEG,n02093647,181,181,0.6457802,1,imagenet_c,defocus_blur,1,none
efficientnet_b4,ILSVRC2012_val_00023179.JPEG,n02093647,181,181,0.2665132,1,imagenet_c,defocus_blur,1,none
efficientnet_b4,ILSVRC2012_val_00024072.JPEG,n02093647,181,181,0.42589605,1,imagenet_c,defocus_blur,1,none
efficientnet_b4,ILSVRC2012_val_00024144.JPEG,n02093647,181,181,0.2866994,1,imagenet_c,defocus_blur,1,none
efficientnet_b4,ILSVRC2012_val_00026808.JPEG,n02093647,181,181,0.61257786,1,imagenet_c,defocus_blur,1,none
efficientnet_b4,ILSVRC2012_val_00027241.JPEG,n02093647,181,181,0.6488847,1,imagenet_c,defocus_blur,1,none
efficientnet_b4,ILSVRC2012_val_00029993.JPEG,n02093647,181,181,0.3370427,1,imagenet_c,defocus_blur,1,none
efficientnet_b4,ILSVRC2012_val_00031025.JPEG,n02093647,181,181,0.71241206,1,imagenet_c,defocus_blur,1,none
efficientnet_b4,ILSVRC2012_val_00032132.JPEG,n02093647,181,181,0.66860455,1,imagenet_c,defocus_blur,1,none
efficientnet_b4,ILSVRC2012_val_00032280.JPEG,n02093647,181,181,0.50884324,1,imagenet_c,defocus_blur,1,none
efficientnet_b4,ILSVRC2012_val_00033215.JPEG,n02093647,181,181,0.3702281,1,imagenet_c,defocus_blur,1,none
efficientnet_b4,ILSVRC2012_val_00033269.JPEG,n02093647,181,181,0.3448051,1,imagenet_c,defocus_blur,1,none
efficientnet_b4,ILSVRC2012_val_00033466.JPEG,n02093647,181,181,0.7408816,1,imagenet_c,defocus_blur,1,none
efficientnet_b4,ILSVRC2012_val_00034155.JPEG,n02093647,181,181,0.5957965,1,imagenet_c,defocus_blur,1,none
efficientnet_b4,ILSVRC2012_val_00035940.JPEG,n02093647,181,181,0.5032468,1,imagenet_c,defocus_blur,1,none
efficientnet_b4,ILSVRC2012_val_00036152.JPEG,n02093647,181,181,0.58615154,1,imagenet_c,defocus_blur,1,none
efficientnet_b4,ILSVRC2012_val_00037111.JPEG,n02093647,181,181,0.6003096,1,imagenet_c,defocus_blur,1,none
efficientnet_b4,ILSVRC2012_val_00037459.JPEG,n02093647,181,181,0.46427962,1,imagenet_c,defocus_blur,1,none
efficientnet_b4,ILSVRC2012_val_00039013.JPEG,n02093647,181,181,0.4136108,1,imagenet_c,defocus_blur,1,none
efficientnet_b4,ILSVRC2012_val_00040644.JPEG,n02093647,181,181,0.5580616,1,imagenet_c,defocus_blur,1,none
efficientnet_b4,ILSVRC2012_val_00040786.JPEG,n02093647,181,181,0.52131855,1,imagenet_c,defocus_blur,1,none
efficientnet_b4,ILSVRC2012_val_00041342.JPEG,n02093647,181,181,0.6364712,1,imagenet_c,defocus_blur,1,none
efficientnet_b4,ILSVRC2012_val_00041771.JPEG,n02093647,181,181,0.4051089,1,imagenet_c,defocus_blur,1,none
efficientnet_b4,ILSVRC2012_val_00044232.JPEG,n02093647,181,181,0.6438377,1,imagenet_c,defocus_blur,1,none
efficientnet_b4,ILSVRC2012_val_00044818.JPEG,n02093647,181,181,0.63950396,1,imagenet_c,defocus_blur,1,none
efficientnet_b4,ILSVRC2012_val_00044964.JPEG,n02093647,181,188,0.15512803,0,imagenet_c,defocus_blur,1,none
efficientnet_b4,ILSVRC2012_val_00045493.JPEG,n02093647,181,170,0.16040131,0,imagenet_c,defocus_blur,1,none
efficientnet_b4,ILSVRC2012_val_00045903.JPEG,n02093647,181,181,0.23482567,1,imagenet_c,defocus_blur,1,none
efficientnet_b4,ILSVRC2012_val_00046657.JPEG,n02093647,181,181,0.29920712,1,imagenet_c,defocus_blur,1,none
efficientnet_b4,ILSVRC2012_val_00048102.JPEG,n02093647,181,181,0.6566135,1,imagenet_c,defocus_blur,1,none
efficientnet_b4,ILSVRC2012_val_00000832.JPEG,n02093754,182,182,0.2676479,1,imagenet_c,defocus_blur,1,none
efficientnet_b4,ILSVRC2012_val_00003267.JPEG,n02093754,182,151,0.3063049,0,imagenet_c,defocus_blur,1,none
efficientnet_b4,ILSVRC2012_val_00003616.JPEG,n02093754,182,182,0.31485775,1,imagenet_c,defocus_blur,1,none
efficientnet_b4,ILSVRC2012_val_00004053.JPEG,n02093754,182,182,0.37542146,1,imagenet_c,defocus_blur,1,none
efficientnet_b4,ILSVRC2012_val_00004186.JPEG,n02093754,182,182,0.7423211,1,imagenet_c,defocus_blur,1,none
efficientnet_b4,ILSVRC2012_val_00004374.JPEG,n02093754,182,182,0.8280938,1,imagenet_c,defocus_blur,1,none
efficientnet_b4,ILSVRC2012_val_00004511.JPEG,n02093754,182,182,0.4900186,1,imagenet_c,defocus_blur,1,none
efficientnet_b4,ILSVRC2012_val_00005340.JPEG,n02093754,182,182,0.8050079,1,imagenet_c,defocus_blur,1,none
efficientnet_b4,ILSVRC2012_val_00007555.JPEG,n02093754,182,182,0.14825669,1,imagenet_c,defocus_blur,1,none
efficientnet_b4,ILSVRC2012_val_00009740.JPEG,n02093754,182,182,0.25735855,1,imagenet_c,defocus_blur,1,none
efficientnet_b4,ILSVRC2012_val_00010785.JPEG,n02093754,182,182,0.1702006,1,imagenet_c,defocus_blur,1,none
efficientnet_b4,ILSVRC2012_val_00011385.JPEG,n02093754,182,182,0.5377532,1,imagenet_c,defocus_blur,1,none
efficientnet_b4,ILSVRC2012_val_00012605.JPEG,n02093754,182,182,0.5047244,1,imagenet_c,defocus_blur,1,none
efficientnet_b4,ILSVRC2012_val_00013727.JPEG,n02093754,182,182,0.23360035,1,imagenet_c,defocus_blur,1,none
efficientnet_b4,ILSVRC2012_val_00014225.JPEG,n02093754,182,722,0.10783151,0,imagenet_c,defocus_blur,1,none
efficientnet_b4,ILSVRC2012_val_00014318.JPEG,n02093754,182,175,0.1215148,0,imagenet_c,defocus_blur,1,none
efficientnet_b4,ILSVRC2012_val_00014730.JPEG,n02093754,182,182,0.17719871,1,imagenet_c,defocus_blur,1,none
efficientnet_b4,ILSVRC2012_val_00015767.JPEG,n02093754,182,182,0.73125017,1,imagenet_c,defocus_blur,1,none
efficientnet_b4,ILSVRC2012_val_00017227.JPEG,n02093754,182,182,0.23022017,1,imagenet_c,defocus_blur,1,none
efficientnet_b4,ILSVRC2012_val_00017404.JPEG,n02093754,182,182,0.46926677,1,imagenet_c,defocus_blur,1,none
efficientnet_b4,ILSVRC2012_val_00017764.JPEG,n02093754,182,182,0.16220184,1,imagenet_c,defocus_blur,1,none
efficientnet_b4,ILSVRC2012_val_00020832.JPEG,n02093754,182,185,0.19215067,0,imagenet_c,defocus_blur,1,none
efficientnet_b4,ILSVRC2012_val_00020865.JPEG,n02093754,182,182,0.8284787,1,imagenet_c,defocus_blur,1,none
efficientnet_b4,ILSVRC2012_val_00022354.JPEG,n02093754,182,182,0.870412,1,imagenet_c,defocus_blur,1,none
efficientnet_b4,ILSVRC2012_val_00024411.JPEG,n02093754,182,182,0.51363224,1,imagenet_c,defocus_blur,1,none
efficientnet_b4,ILSVRC2012_val_00024566.JPEG,n02093754,182,182,0.527107,1,imagenet_c,defocus_blur,1,none
efficientnet_b4,ILSVRC2012_val_00024681.JPEG,n02093754,182,739,0.043797802,0,imagenet_c,defocus_blur,1,none
efficientnet_b4,ILSVRC2012_val_00025302.JPEG,n02093754,182,182,0.20670357,1,imagenet_c,defocus_blur,1,none
efficientnet_b4,ILSVRC2012_val_00026151.JPEG,n02093754,182,182,0.65675354,1,imagenet_c,defocus_blur,1,none
efficientnet_b4,ILSVRC2012_val_00027082.JPEG,n02093754,182,182,0.57218283,1,imagenet_c,defocus_blur,1,none
efficientnet_b4,ILSVRC2012_val_00027805.JPEG,n02093754,182,273,0.18021132,0,imagenet_c,defocus_blur,1,none
efficientnet_b4,ILSVRC2012_val_00030770.JPEG,n02093754,182,192,0.18614416,0,imagenet_c,defocus_blur,1,none
efficientnet_b4,ILSVRC2012_val_00031172.JPEG,n02093754,182,182,0.23013301,1,imagenet_c,defocus_blur,1,none
efficientnet_b4,ILSVRC2012_val_00031249.JPEG,n02093754,182,255,0.28924954,0,imagenet_c,defocus_blur,1,none
efficientnet_b4,ILSVRC2012_val_00033226.JPEG,n02093754,182,182,0.781076,1,imagenet_c,defocus_blur,1,none
efficientnet_b4,ILSVRC2012_val_00034737.JPEG,n02093754,182,194,0.089007586,0,imagenet_c,defocus_blur,1,none
efficientnet_b4,ILSVRC2012_val_00035173.JPEG,n02093754,182,182,0.3267812,1,imagenet_c,defocus_blur,1,none
efficientnet_b4,ILSVRC2012_val_00038167.JPEG,n02093754,182,262,0.70242435,0,imagenet_c,defocus_blur,1,none
efficientnet_b4,ILSVRC2012_val_00040004.JPEG,n02093754,182,182,0.38616428,1,imagenet_c,defocus_blur,1,none
efficientnet_b4,ILSVRC2012_val_00040130.JPEG,n02093754,182,242,0.4764865,0,imagenet_c,defocus_blur,1,none
efficientnet_b4,ILSVRC2012_val_00041569.JPEG,n02093754,182,182,0.3020465,1,imagenet_c,defocus_blur,1,none
efficientnet_b4,ILSVRC2012_val_00043199.JPEG,n02093754,182,182,0.3120214,1,imagenet_c,defocus_blur,1,none
efficientnet_b4,ILSVRC2012_val_00044070.JPEG,n02093754,182,182,0.35136527,1,imagenet_c,defocus_blur,1,none
efficientnet_b4,ILSVRC2012_val_00044344.JPEG,n02093754,182,182,0.36578482,1,imagenet_c,defocus_blur,1,none
efficientnet_b4,ILSVRC2012_val_00044399.JPEG,n02093754,182,235,0.16009422,0,imagenet_c,defocus_blur,1,none
efficientnet_b4,ILSVRC2012_val_00044977.JPEG,n02093754,182,182,0.864366,1,imagenet_c,defocus_blur,1,none
efficientnet_b4,ILSVRC2012_val_00045614.JPEG,n02093754,182,262,0.19613835,0,imagenet_c,defocus_blur,1,none
efficientnet_b4,ILSVRC2012_val_00045978.JPEG,n02093754,182,182,0.63548726,1,imagenet_c,defocus_blur,1,none
efficientnet_b4,ILSVRC2012_val_00046739.JPEG,n02093754,182,182,0.59493166,1,imagenet_c,defocus_blur,1,none
efficientnet_b4,ILSVRC2012_val_00047445.JPEG,n02093754,182,182,0.5788005,1,imagenet_c,defocus_blur,1,none
efficientnet_b4,ILSVRC2012_val_00000062.JPEG,n02093859,183,183,0.23968601,1,imagenet_c,defocus_blur,1,none
efficientnet_b4,ILSVRC2012_val_00000429.JPEG,n02093859,183,183,0.57563907,1,imagenet_c,defocus_blur,1,none
efficientnet_b4,ILSVRC2012_val_00001929.JPEG,n02093859,183,183,0.61039114,1,imagenet_c,defocus_blur,1,none
efficientnet_b4,ILSVRC2012_val_00002687.JPEG,n02093859,183,233,0.24348915,0,imagenet_c,defocus_blur,1,none
efficientnet_b4,ILSVRC2012_val_00003159.JPEG,n02093859,183,183,0.39975607,1,imagenet_c,defocus_blur,1,none
efficientnet_b4,ILSVRC2012_val_00004571.JPEG,n02093859,183,183,0.6714451,1,imagenet_c,defocus_blur,1,none
efficientnet_b4,ILSVRC2012_val_00007109.JPEG,n02093859,183,183,0.50774115,1,imagenet_c,defocus_blur,1,none
efficientnet_b4,ILSVRC2012_val_00008258.JPEG,n02093859,183,183,0.7267781,1,imagenet_c,defocus_blur,1,none
efficientnet_b4,ILSVRC2012_val_00008502.JPEG,n02093859,183,233,0.22271782,0,imagenet_c,defocus_blur,1,none
efficientnet_b4,ILSVRC2012_val_00010356.JPEG,n02093859,183,183,0.23068467,1,imagenet_c,defocus_blur,1,none
efficientnet_b4,ILSVRC2012_val_00010682.JPEG,n02093859,183,197,0.17416522,0,imagenet_c,defocus_blur,1,none
efficientnet_b4,ILSVRC2012_val_00012584.JPEG,n02093859,183,183,0.7261729,1,imagenet_c,defocus_blur,1,none
efficientnet_b4,ILSVRC2012_val_00012635.JPEG,n02093859,183,183,0.30003265,1,imagenet_c,defocus_blur,1,none
efficientnet_b4,ILSVRC2012_val_00014809.JPEG,n02093859,183,183,0.5880968,1,imagenet_c,defocus_blur,1,none
efficientnet_b4,ILSVRC2012_val_00015358.JPEG,n02093859,183,183,0.47392857,1,imagenet_c,defocus_blur,1,none
efficientnet_b4,ILSVRC2012_val_00015610.JPEG,n02093859,183,183,0.49409917,1,imagenet_c,defocus_blur,1,none
efficientnet_b4,ILSVRC2012_val_00015685.JPEG,n02093859,183,183,0.39900273,1,imagenet_c,defocus_blur,1,none
efficientnet_b4,ILSVRC2012_val_00016342.JPEG,n02093859,183,183,0.6580711,1,imagenet_c,defocus_blur,1,none
efficientnet_b4,ILSVRC2012_val_00019041.JPEG,n02093859,183,176,0.074157186,0,imagenet_c,defocus_blur,1,none
efficientnet_b4,ILSVRC2012_val_00019231.JPEG,n02093859,183,183,0.7134061,1,imagenet_c,defocus_blur,1,none
efficientnet_b4,ILSVRC2012_val_00020043.JPEG,n02093859,183,197,0.43783697,0,imagenet_c,defocus_blur,1,none
efficientnet_b4,ILSVRC2012_val_00020700.JPEG,n02093859,183,183,0.5121975,1,imagenet_c,defocus_blur,1,none
efficientnet_b4,ILSVRC2012_val_00020773.JPEG,n02093859,183,183,0.6479329,1,imagenet_c,defocus_blur,1,none
efficientnet_b4,ILSVRC2012_val_00021000.JPEG,n02093859,183,183,0.70055246,1,imagenet_c,defocus_blur,1,none
efficientnet_b4,ILSVRC2012_val_00022934.JPEG,n02093859,183,183,0.71212405,1,imagenet_c,defocus_blur,1,none
efficientnet_b4,ILSVRC2012_val_00023401.JPEG,n02093859,183,183,0.48472795,1,imagenet_c,defocus_blur,1,none
efficientnet_b4,ILSVRC2012_val_00025206.JPEG,n02093859,183,183,0.56044626,1,imagenet_c,defocus_blur,1,none
efficientnet_b4,ILSVRC2012_val_00026647.JPEG,n02093859,183,183,0.7180972,1,imagenet_c,defocus_blur,1,none
efficientnet_b4,ILSVRC2012_val_00027743.JPEG,n02093859,183,183,0.4400454,1,imagenet_c,defocus_blur,1,none
efficientnet_b4,ILSVRC2012_val_00028160.JPEG,n02093859,183,183,0.5886047,1,imagenet_c,defocus_blur,1,none
efficientnet_b4,ILSVRC2012_val_00029435.JPEG,n02093859,183,183,0.4836101,1,imagenet_c,defocus_blur,1,none
efficientnet_b4,ILSVRC2012_val_00029670.JPEG,n02093859,183,183,0.6081848,1,imagenet_c,defocus_blur,1,none
efficientnet_b4,ILSVRC2012_val_00031752.JPEG,n02093859,183,267,0.21613134,0,imagenet_c,defocus_blur,1,none
efficientnet_b4,ILSVRC2012_val_00032468.JPEG,n02093859,183,206,0.3201368,0,imagenet_c,defocus_blur,1,none
efficientnet_b4,ILSVRC2012_val_00033311.JPEG,n02093859,183,183,0.4703148,1,imagenet_c,defocus_blur,1,none
efficientnet_b4,ILSVRC2012_val_00033997.JPEG,n02093859,183,183,0.672061,1,imagenet_c,defocus_blur,1,none
efficientnet_b4,ILSVRC2012_val_00034352.JPEG,n02093859,183,183,0.28969464,1,imagenet_c,defocus_blur,1,none
efficientnet_b4,ILSVRC2012_val_00035553.JPEG,n02093859,183,183,0.5680029,1,imagenet_c,defocus_blur,1,none
efficientnet_b4,ILSVRC2012_val_00035933.JPEG,n02093859,183,183,0.7088803,1,imagenet_c,defocus_blur,1,none
efficientnet_b4,ILSVRC2012_val_00036491.JPEG,n02093859,183,183,0.5079594,1,imagenet_c,defocus_blur,1,none
efficientnet_b4,ILSVRC2012_val_00037440.JPEG,n02093859,183,183,0.52186656,1,imagenet_c,defocus_blur,1,none
efficientnet_b4,ILSVRC2012_val_00037450.JPEG,n02093859,183,197,0.25217542,0,imagenet_c,defocus_blur,1,none
efficientnet_b4,ILSVRC2012_val_00038116.JPEG,n02093859,183,183,0.70726275,1,imagenet_c,defocus_blur,1,none
efficientnet_b4,ILSVRC2012_val_00039960.JPEG,n02093859,183,183,0.29649812,1,imagenet_c,defocus_blur,1,none
efficientnet_b4,ILSVRC2012_val_00040589.JPEG,n02093859,183,183,0.39717865,1,imagenet_c,defocus_blur,1,none
efficientnet_b4,ILSVRC2012_val_00040743.JPEG,n02093859,183,183,0.6533541,1,imagenet_c,defocus_blur,1,none
efficientnet_b4,ILSVRC2012_val_00040773.JPEG,n02093859,183,189,0.53196776,0,imagenet_c,defocus_blur,1,none
efficientnet_b4,ILSVRC2012_val_00041776.JPEG,n02093859,183,183,0.53385407,1,imagenet_c,defocus_blur,1,none
efficientnet_b4,ILSVRC2012_val_00046296.JPEG,n02093859,183,183,0.7049403,1,imagenet_c,defocus_blur,1,none
efficientnet_b4,ILSVRC2012_val_00049667.JPEG,n02093859,183,199,0.30712435,0,imagenet_c,defocus_blur,1,none
efficientnet_b4,ILSVRC2012_val_00000588.JPEG,n02093991,184,229,0.34039402,0,imagenet_c,defocus_blur,1,none
efficientnet_b4,ILSVRC2012_val_00001927.JPEG,n02093991,184,184,0.2241402,1,imagenet_c,defocus_blur,1,none
efficientnet_b4,ILSVRC2012_val_00004687.JPEG,n02093991,184,191,0.1669225,0,imagenet_c,defocus_blur,1,none
efficientnet_b4,ILSVRC2012_val_00005867.JPEG,n02093991,184,797,0.124697715,0,imagenet_c,defocus_blur,1,none
efficientnet_b4,ILSVRC2012_val_00006531.JPEG,n02093991,184,191,0.13232896,0,imagenet_c,defocus_blur,1,none
efficientnet_b4,ILSVRC2012_val_00007327.JPEG,n02093991,184,184,0.24601403,1,imagenet_c,defocus_blur,1,none
efficientnet_b4,ILSVRC2012_val_00010031.JPEG,n02093991,184,184,0.52135617,1,imagenet_c,defocus_blur,1,none
efficientnet_b4,ILSVRC2012_val_00012395.JPEG,n02093991,184,184,0.18684898,1,imagenet_c,defocus_blur,1,none
efficientnet_b4,ILSVRC2012_val_00012516.JPEG,n02093991,184,184,0.74095625,1,imagenet_c,defocus_blur,1,none
efficientnet_b4,ILSVRC2012_val_00014418.JPEG,n02093991,184,184,0.29279208,1,imagenet_c,defocus_blur,1,none
efficientnet_b4,ILSVRC2012_val_00014749.JPEG,n02093991,184,192,0.24490556,0,imagenet_c,defocus_blur,1,none
efficientnet_b4,ILSVRC2012_val_00015173.JPEG,n02093991,184,184,0.77212924,1,imagenet_c,defocus_blur,1,none
efficientnet_b4,ILSVRC2012_val_00015923.JPEG,n02093991,184,184,0.17722985,1,imagenet_c,defocus_blur,1,none
efficientnet_b4,ILSVRC2012_val_00016668.JPEG,n02093991,184,184,0.59076434,1,imagenet_c,defocus_blur,1,none
efficientnet_b4,ILSVRC2012_val_00016711.JPEG,n02093991,184,184,0.37025988,1,imagenet_c,defocus_blur,1,none
efficientnet_b4,ILSVRC2012_val_00016922.JPEG,n02093991,184,184,0.56146556,1,imagenet_c,defocus_blur,1,none
efficientnet_b4,ILSVRC2012_val_00017850.JPEG,n02093991,184,184,0.2553202,1,imagenet_c,defocus_blur,1,none
efficientnet_b4,ILSVRC2012_val_00017905.JPEG,n02093991,184,189,0.13054709,0,imagenet_c,defocus_blur,1,none
efficientnet_b4,ILSVRC2012_val_00018224.JPEG,n02093991,184,189,0.49173513,0,imagenet_c,defocus_blur,1,none
efficientnet_b4,ILSVRC2012_val_00018575.JPEG,n02093991,184,184,0.7847033,1,imagenet_c,defocus_blur,1,none
efficientnet_b4,ILSVRC2012_val_00019544.JPEG,n02093991,184,191,0.14528386,0,imagenet_c,defocus_blur,1,none
efficientnet_b4,ILSVRC2012_val_00021206.JPEG,n02093991,184,184,0.5381855,1,imagenet_c,defocus_blur,1,none
efficientnet_b4,ILSVRC2012_val_00023340.JPEG,n02093991,184,184,0.63047194,1,imagenet_c,defocus_blur,1,none
efficientnet_b4,ILSVRC2012_val_00023515.JPEG,n02093991,184,184,0.62248296,1,imagenet_c,defocus_blur,1,none
efficientnet_b4,ILSVRC2012_val_00024875.JPEG,n02093991,184,184,0.45752943,1,imagenet_c,defocus_blur,1,none
efficientnet_b4,ILSVRC2012_val_00025429.JPEG,n02093991,184,184,0.73798615,1,imagenet_c,defocus_blur,1,none
efficientnet_b4,ILSVRC2012_val_00025690.JPEG,n02093991,184,262,0.26652128,0,imagenet_c,defocus_blur,1,none
efficientnet_b4,ILSVRC2012_val_00026828.JPEG,n02093991,184,184,0.7550085,1,imagenet_c,defocus_blur,1,none
efficientnet_b4,ILSVRC2012_val_00027992.JPEG,n02093991,184,186,0.28701556,0,imagenet_c,defocus_blur,1,none
efficientnet_b4,ILSVRC2012_val_00029419.JPEG,n02093991,184,184,0.17802742,1,imagenet_c,defocus_blur,1,none
efficientnet_b4,ILSVRC2012_val_00029754.JPEG,n02093991,184,184,0.5892385,1,imagenet_c,defocus_blur,1,none
efficientnet_b4,ILSVRC2012_val_00032226.JPEG,n02093991,184,184,0.22204553,1,imagenet_c,defocus_blur,1,none
efficientnet_b4,ILSVRC2012_val_00032239.JPEG,n02093991,184,653,0.6322359,0,imagenet_c,defocus_blur,1,none
efficientnet_b4,ILSVRC2012_val_00034617.JPEG,n02093991,184,184,0.24771743,1,imagenet_c,defocus_blur,1,none
efficientnet_b4,ILSVRC2012_val_00034701.JPEG,n02093991,184,184,0.2981892,1,imagenet_c,defocus_blur,1,none
efficientnet_b4,ILSVRC2012_val_00037339.JPEG,n02093991,184,207,0.09187961,0,imagenet_c,defocus_blur,1,none
efficientnet_b4,ILSVRC2012_val_00037891.JPEG,n02093991,184,184,0.23138444,1,imagenet_c,defocus_blur,1,none
efficientnet_b4,ILSVRC2012_val_00039027.JPEG,n02093991,184,184,0.7710506,1,imagenet_c,defocus_blur,1,none
efficientnet_b4,ILSVRC2012_val_00039452.JPEG,n02093991,184,184,0.17760047,1,imagenet_c,defocus_blur,1,none
efficientnet_b4,ILSVRC2012_val_00039668.JPEG,n02093991,184,184,0.30352962,1,imagenet_c,defocus_blur,1,none
efficientnet_b4,ILSVRC2012_val_00040915.JPEG,n02093991,184,184,0.24117523,1,imagenet_c,defocus_blur,1,none
efficientnet_b4,ILSVRC2012_val_00040926.JPEG,n02093991,184,182,0.24831744,0,imagenet_c,defocus_blur,1,none
efficientnet_b4,ILSVRC2012_val_00043404.JPEG,n02093991,184,194,0.35409573,0,imagenet_c,defocus_blur,1,none
efficientnet_b4,ILSVRC2012_val_00043837.JPEG,n02093991,184,184,0.50841874,1,imagenet_c,defocus_blur,1,none
efficientnet_b4,ILSVRC2012_val_00044532.JPEG,n02093991,184,184,0.50799936,1,imagenet_c,defocus_blur,1,none
efficientnet_b4,ILSVRC2012_val_00045059.JPEG,n02093991,184,294,0.30418438,0,imagenet_c,defocus_blur,1,none
efficientnet_b4,ILSVRC2012_val_00046443.JPEG,n02093991,184,202,0.2404575,0,imagenet_c,defocus_blur,1,none
efficientnet_b4,ILSVRC2012_val_00047114.JPEG,n02093991,184,184,0.744814,1,imagenet_c,defocus_blur,1,none
efficientnet_b4,ILSVRC2012_val_00047711.JPEG,n02093991,184,209,0.18136618,0,imagenet_c,defocus_blur,1,none
efficientnet_b4,ILSVRC2012_val_00048613.JPEG,n02093991,184,184,0.39120543,1,imagenet_c,defocus_blur,1,none
efficientnet_b4,ILSVRC2012_val_00000391.JPEG,n02094114,185,185,0.7599293,1,imagenet_c,defocus_blur,1,none
efficientnet_b4,ILSVRC2012_val_00001379.JPEG,n02094114,185,185,0.65446055,1,imagenet_c,defocus_blur,1,none
efficientnet_b4,ILSVRC2012_val_00001555.JPEG,n02094114,185,185,0.7269879,1,imagenet_c,defocus_blur,1,none
efficientnet_b4,ILSVRC2012_val_00001634.JPEG,n02094114,185,185,0.70611644,1,imagenet_c,defocus_blur,1,none
efficientnet_b4,ILSVRC2012_val_00001869.JPEG,n02094114,185,242,0.29665956,0,imagenet_c,defocus_blur,1,none
efficientnet_b4,ILSVRC2012_val_00001926.JPEG,n02094114,185,185,0.5295437,1,imagenet_c,defocus_blur,1,none
efficientnet_b4,ILSVRC2012_val_00001997.JPEG,n02094114,185,265,0.15666193,0,imagenet_c,defocus_blur,1,none
efficientnet_b4,ILSVRC2012_val_00002262.JPEG,n02094114,185,208,0.10801652,0,imagenet_c,defocus_blur,1,none
efficientnet_b4,ILSVRC2012_val_00002824.JPEG,n02094114,185,185,0.82359415,1,imagenet_c,defocus_blur,1,none
efficientnet_b4,ILSVRC2012_val_00005393.JPEG,n02094114,185,185,0.6246586,1,imagenet_c,defocus_blur,1,none
efficientnet_b4,ILSVRC2012_val_00006035.JPEG,n02094114,185,185,0.5017735,1,imagenet_c,defocus_blur,1,none
efficientnet_b4,ILSVRC2012_val_00007392.JPEG,n02094114,185,185,0.71976864,1,imagenet_c,defocus_blur,1,none
efficientnet_b4,ILSVRC2012_val_00008085.JPEG,n02094114,185,185,0.13067397,1,imagenet_c,defocus_blur,1,none
efficientnet_b4,ILSVRC2012_val_00009338.JPEG,n02094114,185,184,0.22873792,0,imagenet_c,defocus_blur,1,none
efficientnet_b4,ILSVRC2012_val_00010253.JPEG,n02094114,185,203,0.16822891,0,imagenet_c,defocus_blur,1,none
efficientnet_b4,ILSVRC2012_val_00010798.JPEG,n02094114,185,184,0.20197664,0,imagenet_c,defocus_blur,1,none
efficientnet_b4,ILSVRC2012_val_00010976.JPEG,n02094114,185,185,0.52745277,1,imagenet_c,defocus_blur,1,none
efficientnet_b4,ILSVRC2012_val_00011404.JPEG,n02094114,185,153,0.15418907,0,imagenet_c,defocus_blur,1,none
efficientnet_b4,ILSVRC2012_val_00014810.JPEG,n02094114,185,185,0.43488342,1,imagenet_c,defocus_blur,1,none
efficientnet_b4,ILSVRC2012_val_00015028.JPEG,n02094114,185,185,0.72445256,1,imagenet_c,defocus_blur,1,none
efficientnet_b4,ILSVRC2012_val_00017087.JPEG,n02094114,185,185,0.7262088,1,imagenet_c,defocus_blur,1,none
efficientnet_b4,ILSVRC2012_val_00017535.JPEG,n02094114,185,185,0.7529266,1,imagenet_c,defocus_blur,1,none
efficientnet_b4,ILSVRC2012_val_00018890.JPEG,n02094114,185,185,0.31848055,1,imagenet_c,defocus_blur,1,none
efficientnet_b4,ILSVRC2012_val_00019305.JPEG,n02094114,185,185,0.29847398,1,imagenet_c,defocus_blur,1,none
efficientnet_b4,ILSVRC2012_val_00020556.JPEG,n02094114,185,185,0.7363308,1,imagenet_c,defocus_blur,1,none
efficientnet_b4,ILSVRC2012_val_00020783.JPEG,n02094114,185,207,0.17381787,0,imagenet_c,defocus_blur,1,none
efficientnet_b4,ILSVRC2012_val_00020805.JPEG,n02094114,185,185,0.60601324,1,imagenet_c,defocus_blur,1,none
efficientnet_b4,ILSVRC2012_val_00020814.JPEG,n02094114,185,185,0.7375124,1,imagenet_c,defocus_blur,1,none
efficientnet_b4,ILSVRC2012_val_00023513.JPEG,n02094114,185,185,0.35446107,1,imagenet_c,defocus_blur,1,none
efficientnet_b4,ILSVRC2012_val_00023910.JPEG,n02094114,185,184,0.19777894,0,imagenet_c,defocus_blur,1,none
efficientnet_b4,ILSVRC2012_val_00025679.JPEG,n02094114,185,185,0.7138085,1,imagenet_c,defocus_blur,1,none
efficientnet_b4,ILSVRC2012_val_00026313.JPEG,n02094114,185,193,0.3799821,0,imagenet_c,defocus_blur,1,none
efficientnet_b4,ILSVRC2012_val_00028199.JPEG,n02094114,185,182,0.4591567,0,imagenet_c,defocus_blur,1,none
efficientnet_b4,ILSVRC2012_val_00028235.JPEG,n02094114,185,175,0.15052024,0,imagenet_c,defocus_blur,1,none
efficientnet_b4,ILSVRC2012_val_00029281.JPEG,n02094114,185,185,0.623583,1,imagenet_c,defocus_blur,1,none
efficientnet_b4,ILSVRC2012_val_00031679.JPEG,n02094114,185,185,0.7051392,1,imagenet_c,defocus_blur,1,none
efficientnet_b4,ILSVRC2012_val_00031981.JPEG,n02094114,185,185,0.5524367,1,imagenet_c,defocus_blur,1,none
efficientnet_b4,ILSVRC2012_val_00033720.JPEG,n02094114,185,168,0.12765458,0,imagenet_c,defocus_blur,1,none
efficientnet_b4,ILSVRC2012_val_00033965.JPEG,n02094114,185,185,0.57210934,1,imagenet_c,defocus_blur,1,none
efficientnet_b4,ILSVRC2012_val_00035795.JPEG,n02094114,185,185,0.59217995,1,imagenet_c,defocus_blur,1,none
efficientnet_b4,ILSVRC2012_val_00036176.JPEG,n02094114,185,185,0.6995916,1,imagenet_c,defocus_blur,1,none
efficientnet_b4,ILSVRC2012_val_00037568.JPEG,n02094114,185,186,0.19420059,0,imagenet_c,defocus_blur,1,none
efficientnet_b4,ILSVRC2012_val_00038328.JPEG,n02094114,185,185,0.55073416,1,imagenet_c,defocus_blur,1,none
efficientnet_b4,ILSVRC2012_val_00042473.JPEG,n02094114,185,203,0.3564265,0,imagenet_c,defocus_blur,1,none
efficientnet_b4,ILSVRC2012_val_00043364.JPEG,n02094114,185,185,0.4627398,1,imagenet_c,defocus_blur,1,none
efficientnet_b4,ILSVRC2012_val_00045755.JPEG,n02094114,185,185,0.32741648,1,imagenet_c,defocus_blur,1,none
efficientnet_b4,ILSVRC2012_val_00047331.JPEG,n02094114,185,185,0.20042743,1,imagenet_c,defocus_blur,1,none
efficientnet_b4,ILSVRC2012_val_00048780.JPEG,n02094114,185,153,0.20785065,0,imagenet_c,defocus_blur,1,none
efficientnet_b4,ILSVRC2012_val_00049846.JPEG,n02094114,185,185,0.63342404,1,imagenet_c,defocus_blur,1,none
efficientnet_b4,ILSVRC2012_val_00049926.JPEG,n02094114,185,186,0.19063543,0,imagenet_c,defocus_blur,1,none
efficientnet_b4,ILSVRC2012_val_00000612.JPEG,n02094258,186,192,0.55142456,0,imagenet_c,defocus_blur,1,none
efficientnet_b4,ILSVRC2012_val_00000875.JPEG,n02094258,186,186,0.32452434,1,imagenet_c,defocus_blur,1,none
efficientnet_b4,ILSVRC2012_val_00000922.JPEG,n02094258,186,186,0.78237695,1,imagenet_c,defocus_blur,1,none
efficientnet_b4,ILSVRC2012_val_00007880.JPEG,n02094258,186,186,0.37734905,1,imagenet_c,defocus_blur,1,none
efficientnet_b4,ILSVRC2012_val_00007906.JPEG,n02094258,186,186,0.7946253,1,imagenet_c,defocus_blur,1,none
efficientnet_b4,ILSVRC2012_val_00008633.JPEG,n02094258,186,186,0.45220983,1,imagenet_c,defocus_blur,1,none
efficientnet_b4,ILSVRC2012_val_00008703.JPEG,n02094258,186,186,0.34849918,1,imagenet_c,defocus_blur,1,none
efficientnet_b4,ILSVRC2012_val_00009009.JPEG,n02094258,186,186,0.4162572,1,imagenet_c,defocus_blur,1,none
efficientnet_b4,ILSVRC2012_val_00009525.JPEG,n02094258,186,186,0.8468877,1,imagenet_c,defocus_blur,1,none
efficientnet_b4,ILSVRC2012_val_00013370.JPEG,n02094258,186,189,0.17763421,0,imagenet_c,defocus_blur,1,none
efficientnet_b4,ILSVRC2012_val_00015967.JPEG,n02094258,186,185,0.52435315,0,imagenet_c,defocus_blur,1,none
efficientnet_b4,ILSVRC2012_val_00016717.JPEG,n02094258,186,186,0.4511739,1,imagenet_c,defocus_blur,1,none
efficientnet_b4,ILSVRC2012_val_00016976.JPEG,n02094258,186,186,0.21222368,1,imagenet_c,defocus_blur,1,none
efficientnet_b4,ILSVRC2012_val_00017817.JPEG,n02094258,186,186,0.3325642,1,imagenet_c,defocus_blur,1,none
efficientnet_b4,ILSVRC2012_val_00018405.JPEG,n02094258,186,186,0.8555938,1,imagenet_c,defocus_blur,1,none
efficientnet_b4,ILSVRC2012_val_00018460.JPEG,n02094258,186,186,0.33770445,1,imagenet_c,defocus_blur,1,none
efficientnet_b4,ILSVRC2012_val_00018809.JPEG,n02094258,186,186,0.61579967,1,imagenet_c,defocus_blur,1,none
efficientnet_b4,ILSVRC2012_val_00019094.JPEG,n02094258,186,186,0.08182969,1,imagenet_c,defocus_blur,1,none
efficientnet_b4,ILSVRC2012_val_00020681.JPEG,n02094258,186,185,0.2699342,0,imagenet_c,defocus_blur,1,none
efficientnet_b4,ILSVRC2012_val_00021445.JPEG,n02094258,186,186,0.4920917,1,imagenet_c,defocus_blur,1,none
efficientnet_b4,ILSVRC2012_val_00021697.JPEG,n02094258,186,186,0.7769785,1,imagenet_c,defocus_blur,1,none
efficientnet_b4,ILSVRC2012_val_00022061.JPEG,n02094258,186,203,0.3914418,0,imagenet_c,defocus_blur,1,none
efficientnet_b4,ILSVRC2012_val_00023458.JPEG,n02094258,186,186,0.5079395,1,imagenet_c,defocus_blur,1,none
efficientnet_b4,ILSVRC2012_val_00023558.JPEG,n02094258,186,186,0.3137768,1,imagenet_c,defocus_blur,1,none
efficientnet_b4,ILSVRC2012_val_00024664.JPEG,n02094258,186,192,0.54083025,0,imagenet_c,defocus_blur,1,none
efficientnet_b4,ILSVRC2012_val_00024731.JPEG,n02094258,186,186,0.45053008,1,imagenet_c,defocus_blur,1,none
efficientnet_b4,ILSVRC2012_val_00025947.JPEG,n02094258,186,186,0.72250026,1,imagenet_c,defocus_blur,1,none
efficientnet_b4,ILSVRC2012_val_00026042.JPEG,n02094258,186,186,0.48700315,1,imagenet_c,defocus_blur,1,none
efficientnet_b4,ILSVRC2012_val_00028506.JPEG,n02094258,186,186,0.7488444,1,imagenet_c,defocus_blur,1,none
efficientnet_b4,ILSVRC2012_val_00030005.JPEG,n02094258,186,186,0.43943143,1,imagenet_c,defocus_blur,1,none
efficientnet_b4,ILSVRC2012_val_00030671.JPEG,n02094258,186,186,0.3478273,1,imagenet_c,defocus_blur,1,none
efficientnet_b4,ILSVRC2012_val_00030694.JPEG,n02094258,186,852,0.26381946,0,imagenet_c,defocus_blur,1,none
efficientnet_b4,ILSVRC2012_val_00030822.JPEG,n02094258,186,186,0.29459774,1,imagenet_c,defocus_blur,1,none
efficientnet_b4,ILSVRC2012_val_00031377.JPEG,n02094258,186,186,0.37646127,1,imagenet_c,defocus_blur,1,none
efficientnet_b4,ILSVRC2012_val_00031764.JPEG,n02094258,186,186,0.48785532,1,imagenet_c,defocus_blur,1,none
efficientnet_b4,ILSVRC2012_val_00033194.JPEG,n02094258,186,186,0.15751803,1,imagenet_c,defocus_blur,1,none
efficientnet_b4,ILSVRC2012_val_00036563.JPEG,n02094258,186,186,0.74272156,1,imagenet_c,defocus_blur,1,none
efficientnet_b4,ILSVRC2012_val_00038457.JPEG,n02094258,186,186,0.62197673,1,imagenet_c,defocus_blur,1,none
efficientnet_b4,ILSVRC2012_val_00038911.JPEG,n02094258,186,186,0.6935225,1,imagenet_c,defocus_blur,1,none
efficientnet_b4,ILSVRC2012_val_00039510.JPEG,n02094258,186,186,0.4779632,1,imagenet_c,defocus_blur,1,none
efficientnet_b4,ILSVRC2012_val_00040058.JPEG,n02094258,186,202,0.15655348,0,imagenet_c,defocus_blur,1,none
efficientnet_b4,ILSVRC2012_val_00040263.JPEG,n02094258,186,186,0.11898003,1,imagenet_c,defocus_blur,1,none
efficientnet_b4,ILSVRC2012_val_00042205.JPEG,n02094258,186,186,0.5335413,1,imagenet_c,defocus_blur,1,none
efficientnet_b4,ILSVRC2012_val_00042642.JPEG,n02094258,186,186,0.59700006,1,imagenet_c,defocus_blur,1,none
efficientnet_b4,ILSVRC2012_val_00043261.JPEG,n02094258,186,186,0.3946097,1,imagenet_c,defocus_blur,1,none
efficientnet_b4,ILSVRC2012_val_00043451.JPEG,n02094258,186,186,0.23490371,1,imagenet_c,defocus_blur,1,none
efficientnet_b4,ILSVRC2012_val_00044743.JPEG,n02094258,186,186,0.253412,1,imagenet_c,defocus_blur,1,none
efficientnet_b4,ILSVRC2012_val_00045352.JPEG,n02094258,186,186,0.28965384,1,imagenet_c,defocus_blur,1,none
efficientnet_b4,ILSVRC2012_val_00045518.JPEG,n02094258,186,186,0.84525627,1,imagenet_c,defocus_blur,1,none
efficientnet_b4,ILSVRC2012_val_00047449.JPEG,n02094258,186,186,0.8380035,1,imagenet_c,defocus_blur,1,none
efficientnet_b4,ILSVRC2012_val_00000696.JPEG,n02094433,187,187,0.19535373,1,imagenet_c,defocus_blur,1,none
efficientnet_b4,ILSVRC2012_val_00000949.JPEG,n02094433,187,187,0.3087196,1,imagenet_c,defocus_blur,1,none
efficientnet_b4,ILSVRC2012_val_00001597.JPEG,n02094433,187,589,0.2161552,0,imagenet_c,defocus_blur,1,none
efficientnet_b4,ILSVRC2012_val_00005942.JPEG,n02094433,187,187,0.2781039,1,imagenet_c,defocus_blur,1,none
efficientnet_b4,ILSVRC2012_val_00006083.JPEG,n02094433,187,187,0.22552602,1,imagenet_c,defocus_blur,1,none
efficientnet_b4,ILSVRC2012_val_00008324.JPEG,n02094433,187,187,0.41669488,1,imagenet_c,defocus_blur,1,none
efficientnet_b4,ILSVRC2012_val_00008374.JPEG,n02094433,187,188,0.13131739,0,imagenet_c,defocus_blur,1,none
efficientnet_b4,ILSVRC2012_val_00008956.JPEG,n02094433,187,252,0.18305637,0,imagenet_c,defocus_blur,1,none
efficientnet_b4,ILSVRC2012_val_00009244.JPEG,n02094433,187,852,0.34894183,0,imagenet_c,defocus_blur,1,none
efficientnet_b4,ILSVRC2012_val_00010584.JPEG,n02094433,187,187,0.46385622,1,imagenet_c,defocus_blur,1,none
efficientnet_b4,ILSVRC2012_val_00011893.JPEG,n02094433,187,262,0.07929182,0,imagenet_c,defocus_blur,1,none
efficientnet_b4,ILSVRC2012_val_00012611.JPEG,n02094433,187,162,0.20070714,0,imagenet_c,defocus_blur,1,none
efficientnet_b4,ILSVRC2012_val_00012791.JPEG,n02094433,187,187,0.26331306,1,imagenet_c,defocus_blur,1,none
efficientnet_b4,ILSVRC2012_val_00015703.JPEG,n02094433,187,193,0.2767672,0,imagenet_c,defocus_blur,1,none
efficientnet_b4,ILSVRC2012_val_00016973.JPEG,n02094433,187,187,0.31467578,1,imagenet_c,defocus_blur,1,none
efficientnet_b4,ILSVRC2012_val_00017328.JPEG,n02094433,187,187,0.52667713,1,imagenet_c,defocus_blur,1,none
efficientnet_b4,ILSVRC2012_val_00017964.JPEG,n02094433,187,187,0.50296235,1,imagenet_c,defocus_blur,1,none
efficientnet_b4,ILSVRC2012_val_00018550.JPEG,n02094433,187,187,0.39560157,1,imagenet_c,defocus_blur,1,none
efficientnet_b4,ILSVRC2012_val_00019702.JPEG,n02094433,187,187,0.16091155,1,imagenet_c,defocus_blur,1,none
efficientnet_b4,ILSVRC2012_val_00020628.JPEG,n02094433,187,193,0.12614278,0,imagenet_c,defocus_blur,1,none
efficientnet_b4,ILSVRC2012_val_00021892.JPEG,n02094433,187,187,0.18225805,1,imagenet_c,defocus_blur,1,none
efficientnet_b4,ILSVRC2012_val_00024206.JPEG,n02094433,187,187,0.51578337,1,imagenet_c,defocus_blur,1,none
efficientnet_b4,ILSVRC2012_val_00024241.JPEG,n02094433,187,235,0.07501386,0,imagenet_c,defocus_blur,1,none
efficientnet_b4,ILSVRC2012_val_00025821.JPEG,n02094433,187,187,0.37383324,1,imagenet_c,defocus_blur,1,none
efficientnet_b4,ILSVRC2012_val_00027485.JPEG,n02094433,187,158,0.1897526,0,imagenet_c,defocus_blur,1,none
efficientnet_b4,ILSVRC2012_val_00027517.JPEG,n02094433,187,187,0.45806733,1,imagenet_c,defocus_blur,1,none
efficientnet_b4,ILSVRC2012_val_00028993.JPEG,n02094433,187,153,0.26577833,0,imagenet_c,defocus_blur,1,none
efficientnet_b4,ILSVRC2012_val_00029023.JPEG,n02094433,187,187,0.3198378,1,imagenet_c,defocus_blur,1,none
efficientnet_b4,ILSVRC2012_val_00029506.JPEG,n02094433,187,187,0.41477817,1,imagenet_c,defocus_blur,1,none
efficientnet_b4,ILSVRC2012_val_00032240.JPEG,n02094433,187,187,0.3913233,1,imagenet_c,defocus_blur,1,none
efficientnet_b4,ILSVRC2012_val_00034009.JPEG,n02094433,187,185,0.18919823,0,imagenet_c,defocus_blur,1,none
efficientnet_b4,ILSVRC2012_val_00034082.JPEG,n02094433,187,201,0.37632054,0,imagenet_c,defocus_blur,1,none
efficientnet_b4,ILSVRC2012_val_00035705.JPEG,n02094433,187,193,0.24033214,0,imagenet_c,defocus_blur,1,none
efficientnet_b4,ILSVRC2012_val_00035939.JPEG,n02094433,187,187,0.68578506,1,imagenet_c,defocus_blur,1,none
efficientnet_b4,ILSVRC2012_val_00036254.JPEG,n02094433,187,187,0.5702725,1,imagenet_c,defocus_blur,1,none
efficientnet_b4,ILSVRC2012_val_00037529.JPEG,n02094433,187,187,0.29719043,1,imagenet_c,defocus_blur,1,none
efficientnet_b4,ILSVRC2012_val_00037838.JPEG,n02094433,187,187,0.262836,1,imagenet_c,defocus_blur,1,none
efficientnet_b4,ILSVRC2012_val_00038552.JPEG,n02094433,187,187,0.38327622,1,imagenet_c,defocus_blur,1,none
efficientnet_b4,ILSVRC2012_val_00039256.JPEG,n02094433,187,187,0.28316733,1,imagenet_c,defocus_blur,1,none
efficientnet_b4,ILSVRC2012_val_00040036.JPEG,n02094433,187,187,0.56671786,1,imagenet_c,defocus_blur,1,none
efficientnet_b4,ILSVRC2012_val_00040298.JPEG,n02094433,187,200,0.13025577,0,imagenet_c,defocus_blur,1,none
efficientnet_b4,ILSVRC2012_val_00040968.JPEG,n02094433,187,187,0.28020203,1,imagenet_c,defocus_blur,1,none
efficientnet_b4,ILSVRC2012_val_00043233.JPEG,n02094433,187,187,0.41018924,1,imagenet_c,defocus_blur,1,none
efficientnet_b4,ILSVRC2012_val_00043583.JPEG,n02094433,187,187,0.46114594,1,imagenet_c,defocus_blur,1,none
efficientnet_b4,ILSVRC2012_val_00044200.JPEG,n02094433,187,187,0.64638686,1,imagenet_c,defocus_blur,1,none
efficientnet_b4,ILSVRC2012_val_00045790.JPEG,n02094433,187,187,0.4438015,1,imagenet_c,defocus_blur,1,none
efficientnet_b4,ILSVRC2012_val_00045818.JPEG,n02094433,187,158,0.35308927,0,imagenet_c,defocus_blur,1,none
efficientnet_b4,ILSVRC2012_val_00046717.JPEG,n02094433,187,193,0.20372543,0,imagenet_c,defocus_blur,1,none
efficientnet_b4,ILSVRC2012_val_00047648.JPEG,n02094433,187,201,0.39543483,0,imagenet_c,defocus_blur,1,none
efficientnet_b4,ILSVRC2012_val_00047976.JPEG,n02094433,187,182,0.627434,0,imagenet_c,defocus_blur,1,none
efficientnet_b4,ILSVRC2012_val_00001001.JPEG,n02095314,188,188,0.46419248,1,imagenet_c,defocus_blur,1,none
efficientnet_b4,ILSVRC2012_val_00001195.JPEG,n02095314,188,188,0.6769636,1,imagenet_c,defocus_blur,1,none
efficientnet_b4,ILSVRC2012_val_00005331.JPEG,n02095314,188,188,0.3369184,1,imagenet_c,defocus_blur,1,none
efficientnet_b4,ILSVRC2012_val_00005900.JPEG,n02095314,188,188,0.5398231,1,imagenet_c,defocus_blur,1,none
efficientnet_b4,ILSVRC2012_val_00008441.JPEG,n02095314,188,188,0.550322,1,imagenet_c,defocus_blur,1,none
efficientnet_b4,ILSVRC2012_val_00008463.JPEG,n02095314,188,188,0.32364854,1,imagenet_c,defocus_blur,1,none
efficientnet_b4,ILSVRC2012_val_00010099.JPEG,n02095314,188,188,0.8971637,1,imagenet_c,defocus_blur,1,none
efficientnet_b4,ILSVRC2012_val_00010722.JPEG,n02095314,188,188,0.57796496,1,imagenet_c,defocus_blur,1,none
efficientnet_b4,ILSVRC2012_val_00011082.JPEG,n02095314,188,188,0.7126616,1,imagenet_c,defocus_blur,1,none
efficientnet_b4,ILSVRC2012_val_00012471.JPEG,n02095314,188,188,0.3853813,1,imagenet_c,defocus_blur,1,none
efficientnet_b4,ILSVRC2012_val_00012515.JPEG,n02095314,188,188,0.5151033,1,imagenet_c,defocus_blur,1,none
efficientnet_b4,ILSVRC2012_val_00016508.JPEG,n02095314,188,188,0.61812913,1,imagenet_c,defocus_blur,1,none
efficientnet_b4,ILSVRC2012_val_00018479.JPEG,n02095314,188,188,0.4283927,1,imagenet_c,defocus_blur,1,none
efficientnet_b4,ILSVRC2012_val_00019175.JPEG,n02095314,188,188,0.5283226,1,imagenet_c,defocus_blur,1,none
efficientnet_b4,ILSVRC2012_val_00020399.JPEG,n02095314,188,188,0.55874085,1,imagenet_c,defocus_blur,1,none
efficientnet_b4,ILSVRC2012_val_00022363.JPEG,n02095314,188,188,0.22755718,1,imagenet_c,defocus_blur,1,none
efficientnet_b4,ILSVRC2012_val_00023303.JPEG,n02095314,188,188,0.6036813,1,imagenet_c,defocus_blur,1,none
efficientnet_b4,ILSVRC2012_val_00024187.JPEG,n02095314,188,188,0.47116512,1,imagenet_c,defocus_blur,1,none
efficientnet_b4,ILSVRC2012_val_00025330.JPEG,n02095314,188,188,0.15241085,1,imagenet_c,defocus_blur,1,none
efficientnet_b4,ILSVRC2012_val_00025983.JPEG,n02095314,188,188,0.5844702,1,imagenet_c,defocus_blur,1,none
efficientnet_b4,ILSVRC2012_val_00027245.JPEG,n02095314,188,188,0.48992503,1,imagenet_c,defocus_blur,1,none
efficientnet_b4,ILSVRC2012_val_00028758.JPEG,n02095314,188,188,0.17572308,1,imagenet_c,defocus_blur,1,none
efficientnet_b4,ILSVRC2012_val_00029636.JPEG,n02095314,188,188,0.69682515,1,imagenet_c,defocus_blur,1,none
efficientnet_b4,ILSVRC2012_val_00030776.JPEG,n02095314,188,188,0.710009,1,imagenet_c,defocus_blur,1,none
efficientnet_b4,ILSVRC2012_val_00031048.JPEG,n02095314,188,188,0.7022157,1,imagenet_c,defocus_blur,1,none
efficientnet_b4,ILSVRC2012_val_00031713.JPEG,n02095314,188,215,0.2080483,0,imagenet_c,defocus_blur,1,none
efficientnet_b4,ILSVRC2012_val_00032581.JPEG,n02095314,188,189,0.4600568,0,imagenet_c,defocus_blur,1,none
efficientnet_b4,ILSVRC2012_val_00033834.JPEG,n02095314,188,188,0.7303447,1,imagenet_c,defocus_blur,1,none
efficientnet_b4,ILSVRC2012_val_00034470.JPEG,n02095314,188,188,0.7203774,1,imagenet_c,defocus_blur,1,none
efficientnet_b4,ILSVRC2012_val_00035680.JPEG,n02095314,188,188,0.19577982,1,imagenet_c,defocus_blur,1,none
efficientnet_b4,ILSVRC2012_val_00036220.JPEG,n02095314,188,188,0.48643687,1,imagenet_c,defocus_blur,1,none
efficientnet_b4,ILSVRC2012_val_00037153.JPEG,n02095314,188,189,0.26329836,0,imagenet_c,defocus_blur,1,none
efficientnet_b4,ILSVRC2012_val_00037191.JPEG,n02095314,188,188,0.5322975,1,imagenet_c,defocus_blur,1,none
efficientnet_b4,ILSVRC2012_val_00037195.JPEG,n02095314,188,189,0.37231186,0,imagenet_c,defocus_blur,1,none
efficientnet_b4,ILSVRC2012_val_00037925.JPEG,n02095314,188,188,0.2984796,1,imagenet_c,defocus_blur,1,none
efficientnet_b4,ILSVRC2012_val_00038926.JPEG,n02095314,188,188,0.6170631,1,imagenet_c,defocus_blur,1,none
efficientnet_b4,ILSVRC2012_val_00039386.JPEG,n02095314,188,355,0.026229007,0,imagenet_c,defocus_blur,1,none
efficientnet_b4,ILSVRC2012_val_00039505.JPEG,n02095314,188,188,0.6464541,1,imagenet_c,defocus_blur,1,none
efficientnet_b4,ILSVRC2012_val_00040570.JPEG,n02095314,188,188,0.7728369,1,imagenet_c,defocus_blur,1,none
efficientnet_b4,ILSVRC2012_val_00041718.JPEG,n02095314,188,188,0.28847274,1,imagenet_c,defocus_blur,1,none
efficientnet_b4,ILSVRC2012_val_00041762.JPEG,n02095314,188,790,0.3684463,0,imagenet_c,defocus_blur,1,none
efficientnet_b4,ILSVRC2012_val_00043157.JPEG,n02095314,188,188,0.41926777,1,imagenet_c,defocus_blur,1,none
efficientnet_b4,ILSVRC2012_val_00044804.JPEG,n02095314,188,188,0.4575692,1,imagenet_c,defocus_blur,1,none
efficientnet_b4,ILSVRC2012_val_00045280.JPEG,n02095314,188,188,0.413839,1,imagenet_c,defocus_blur,1,none
efficientnet_b4,ILSVRC2012_val_00045861.JPEG,n02095314,188,188,0.39946738,1,imagenet_c,defocus_blur,1,none
efficientnet_b4,ILSVRC2012_val_00047109.JPEG,n02095314,188,188,0.22286874,1,imagenet_c,defocus_blur,1,none
efficientnet_b4,ILSVRC2012_val_00048639.JPEG,n02095314,188,188,0.2934584,1,imagenet_c,defocus_blur,1,none
efficientnet_b4,ILSVRC2012_val_00048955.JPEG,n02095314,188,188,0.58925134,1,imagenet_c,defocus_blur,1,none
efficientnet_b4,ILSVRC2012_val_00049089.JPEG,n02095314,188,188,0.54372185,1,imagenet_c,defocus_blur,1,none
efficientnet_b4,ILSVRC2012_val_00049364.JPEG,n02095314,188,188,0.74475104,1,imagenet_c,defocus_blur,1,none
efficientnet_b4,ILSVRC2012_val_00002194.JPEG,n02095570,189,262,0.44517192,0,imagenet_c,defocus_blur,1,none
efficientnet_b4,ILSVRC2012_val_00002714.JPEG,n02095570,189,189,0.6552557,1,imagenet_c,defocus_blur,1,none
efficientnet_b4,ILSVRC2012_val_00002773.JPEG,n02095570,189,830,0.12528145,0,imagenet_c,defocus_blur,1,none
efficientnet_b4,ILSVRC2012_val_00003220.JPEG,n02095570,189,184,0.17099683,0,imagenet_c,defocus_blur,1,none
efficientnet_b4,ILSVRC2012_val_00003789.JPEG,n02095570,189,189,0.10529601,1,imagenet_c,defocus_blur,1,none
efficientnet_b4,ILSVRC2012_val_00004968.JPEG,n02095570,189,189,0.8299859,1,imagenet_c,defocus_blur,1,none
efficientnet_b4,ILSVRC2012_val_00005060.JPEG,n02095570,189,191,0.38982898,0,imagenet_c,defocus_blur,1,none
efficientnet_b4,ILSVRC2012_val_00005146.JPEG,n02095570,189,189,0.74742854,1,imagenet_c,defocus_blur,1,none
efficientnet_b4,ILSVRC2012_val_00005564.JPEG,n02095570,189,189,0.14581907,1,imagenet_c,defocus_blur,1,none
efficientnet_b4,ILSVRC2012_val_00007356.JPEG,n02095570,189,189,0.7869247,1,imagenet_c,defocus_blur,1,none
efficientnet_b4,ILSVRC2012_val_00010433.JPEG,n02095570,189,189,0.4490214,1,imagenet_c,defocus_blur,1,none
efficientnet_b4,ILSVRC2012_val_00012026.JPEG,n02095570,189,189,0.6488784,1,imagenet_c,defocus_blur,1,none
efficientnet_b4,ILSVRC2012_val_00012678.JPEG,n02095570,189,175,0.4032016,0,imagenet_c,defocus_blur,1,none
efficientnet_b4,ILSVRC2012_val_00013640.JPEG,n02095570,189,189,0.36971226,1,imagenet_c,defocus_blur,1,none
efficientnet_b4,ILSVRC2012_val_00015434.JPEG,n02095570,189,189,0.423825,1,imagenet_c,defocus_blur,1,none
efficientnet_b4,ILSVRC2012_val_00016742.JPEG,n02095570,189,189,0.5146007,1,imagenet_c,defocus_blur,1,none
efficientnet_b4,ILSVRC2012_val_00017581.JPEG,n02095570,189,189,0.29796097,1,imagenet_c,defocus_blur,1,none
efficientnet_b4,ILSVRC2012_val_00017992.JPEG,n02095570,189,189,0.6939996,1,imagenet_c,defocus_blur,1,none
efficientnet_b4,ILSVRC2012_val_00020065.JPEG,n02095570,189,189,0.4766756,1,imagenet_c,defocus_blur,1,none
efficientnet_b4,ILSVRC2012_val_00020116.JPEG,n02095570,189,189,0.56337404,1,imagenet_c,defocus_blur,1,none
efficientnet_b4,ILSVRC2012_val_00020156.JPEG,n02095570,189,189,0.39470965,1,imagenet_c,defocus_blur,1,none
efficientnet_b4,ILSVRC2012_val_00023143.JPEG,n02095570,189,194,0.1338526,0,imagenet_c,defocus_blur,1,none
efficientnet_b4,ILSVRC2012_val_00023256.JPEG,n02095570,189,189,0.77335364,1,imagenet_c,defocus_blur,1,none
efficientnet_b4,ILSVRC2012_val_00023407.JPEG,n02095570,189,189,0.4465599,1,imagenet_c,defocus_blur,1,none
efficientnet_b4,ILSVRC2012_val_00024085.JPEG,n02095570,189,189,0.73030007,1,imagenet_c,defocus_blur,1,none
efficientnet_b4,ILSVRC2012_val_00024464.JPEG,n02095570,189,189,0.5404543,1,imagenet_c,defocus_blur,1,none
efficientnet_b4,ILSVRC2012_val_00025520.JPEG,n02095570,189,645,0.08251066,0,imagenet_c,defocus_blur,1,none
efficientnet_b4,ILSVRC2012_val_00026286.JPEG,n02095570,189,189,0.25437528,1,imagenet_c,defocus_blur,1,none
efficientnet_b4,ILSVRC2012_val_00026738.JPEG,n02095570,189,189,0.43098688,1,imagenet_c,defocus_blur,1,none
efficientnet_b4,ILSVRC2012_val_00028078.JPEG,n02095570,189,188,0.37497765,0,imagenet_c,defocus_blur,1,none
efficientnet_b4,ILSVRC2012_val_00028322.JPEG,n02095570,189,189,0.8435819,1,imagenet_c,defocus_blur,1,none
efficientnet_b4,ILSVRC2012_val_00030813.JPEG,n02095570,189,207,0.21014827,0,imagenet_c,defocus_blur,1,none
efficientnet_b4,ILSVRC2012_val_00031096.JPEG,n02095570,189,189,0.7833316,1,imagenet_c,defocus_blur,1,none
efficientnet_b4,ILSVRC2012_val_00033766.JPEG,n02095570,189,189,0.56009644,1,imagenet_c,defocus_blur,1,none
efficientnet_b4,ILSVRC2012_val_00036454.JPEG,n02095570,189,191,0.19433522,0,imagenet_c,defocus_blur,1,none
efficientnet_b4,ILSVRC2012_val_00036793.JPEG,n02095570,189,186,0.17967087,0,imagenet_c,defocus_blur,1,none
efficientnet_b4,ILSVRC2012_val_00037033.JPEG,n02095570,189,189,0.54934883,1,imagenet_c,defocus_blur,1,none
efficientnet_b4,ILSVRC2012_val_00037052.JPEG,n02095570,189,189,0.39776304,1,imagenet_c,defocus_blur,1,none
efficientnet_b4,ILSVRC2012_val_00037393.JPEG,n02095570,189,189,0.470849,1,imagenet_c,defocus_blur,1,none
efficientnet_b4,ILSVRC2012_val_00038668.JPEG,n02095570,189,189,0.8965591,1,imagenet_c,defocus_blur,1,none
efficientnet_b4,ILSVRC2012_val_00040663.JPEG,n02095570,189,183,0.40851766,0,imagenet_c,defocus_blur,1,none
efficientnet_b4,ILSVRC2012_val_00041301.JPEG,n02095570,189,189,0.5239059,1,imagenet_c,defocus_blur,1,none
efficientnet_b4,ILSVRC2012_val_00042120.JPEG,n02095570,189,189,0.7488855,1,imagenet_c,defocus_blur,1,none
efficientnet_b4,ILSVRC2012_val_00043375.JPEG,n02095570,189,189,0.39800403,1,imagenet_c,defocus_blur,1,none
efficientnet_b4,ILSVRC2012_val_00044354.JPEG,n02095570,189,207,0.20556659,0,imagenet_c,defocus_blur,1,none
efficientnet_b4,ILSVRC2012_val_00046610.JPEG,n02095570,189,202,0.08953806,0,imagenet_c,defocus_blur,1,none
efficientnet_b4,ILSVRC2012_val_00046999.JPEG,n02095570,189,189,0.47150174,1,imagenet_c,defocus_blur,1,none
efficientnet_b4,ILSVRC2012_val_00047591.JPEG,n02095570,189,189,0.1987128,1,imagenet_c,defocus_blur,1,none
efficientnet_b4,ILSVRC2012_val_00048370.JPEG,n02095570,189,189,0.7424811,1,imagenet_c,defocus_blur,1,none
efficientnet_b4,ILSVRC2012_val_00048963.JPEG,n02095570,189,189,0.18858482,1,imagenet_c,defocus_blur,1,none
efficientnet_b4,ILSVRC2012_val_00000474.JPEG,n02095889,190,190,0.7097394,1,imagenet_c,defocus_blur,1,none
efficientnet_b4,ILSVRC2012_val_00000694.JPEG,n02095889,190,190,0.7316945,1,imagenet_c,defocus_blur,1,none
efficientnet_b4,ILSVRC2012_val_00002176.JPEG,n02095889,190,190,0.6629205,1,imagenet_c,defocus_blur,1,none
efficientnet_b4,ILSVRC2012_val_00004611.JPEG,n02095889,190,190,0.72317594,1,imagenet_c,defocus_blur,1,none
efficientnet_b4,ILSVRC2012_val_00005170.JPEG,n02095889,190,202,0.41449854,0,imagenet_c,defocus_blur,1,none
efficientnet_b4,ILSVRC2012_val_00005687.JPEG,n02095889,190,190,0.6013552,1,imagenet_c,defocus_blur,1,none
efficientnet_b4,ILSVRC2012_val_00006701.JPEG,n02095889,190,190,0.48681805,1,imagenet_c,defocus_blur,1,none
efficientnet_b4,ILSVRC2012_val_00006840.JPEG,n02095889,190,190,0.79730105,1,imagenet_c,defocus_blur,1,none
efficientnet_b4,ILSVRC2012_val_00006992.JPEG,n02095889,190,190,0.747713,1,imagenet_c,defocus_blur,1,none
efficientnet_b4,ILSVRC2012_val_00009347.JPEG,n02095889,190,190,0.6407001,1,imagenet_c,defocus_blur,1,none
efficientnet_b4,ILSVRC2012_val_00010289.JPEG,n02095889,190,153,0.19754913,0,imagenet_c,defocus_blur,1,none
efficientnet_b4,ILSVRC2012_val_00010739.JPEG,n02095889,190,190,0.752581,1,imagenet_c,defocus_blur,1,none
efficientnet_b4,ILSVRC2012_val_00013696.JPEG,n02095889,190,203,0.14345963,0,imagenet_c,defocus_blur,1,none
efficientnet_b4,ILSVRC2012_val_00014148.JPEG,n02095889,190,202,0.13227376,0,imagenet_c,defocus_blur,1,none
efficientnet_b4,ILSVRC2012_val_00014477.JPEG,n02095889,190,190,0.7916982,1,imagenet_c,defocus_blur,1,none
efficientnet_b4,ILSVRC2012_val_00015325.JPEG,n02095889,190,190,0.8748775,1,imagenet_c,defocus_blur,1,none
efficientnet_b4,ILSVRC2012_val_00015338.JPEG,n02095889,190,190,0.2326282,1,imagenet_c,defocus_blur,1,none
efficientnet_b4,ILSVRC2012_val_00017509.JPEG,n02095889,190,190,0.7597865,1,imagenet_c,defocus_blur,1,none
efficientnet_b4,ILSVRC2012_val_00017858.JPEG,n02095889,190,190,0.28747028,1,imagenet_c,defocus_blur,1,none
efficientnet_b4,ILSVRC2012_val_00018558.JPEG,n02095889,190,190,0.6476789,1,imagenet_c,defocus_blur,1,none
efficientnet_b4,ILSVRC2012_val_00019025.JPEG,n02095889,190,190,0.5416308,1,imagenet_c,defocus_blur,1,none
efficientnet_b4,ILSVRC2012_val_00019054.JPEG,n02095889,190,190,0.71606845,1,imagenet_c,defocus_blur,1,none
efficientnet_b4,ILSVRC2012_val_00020357.JPEG,n02095889,190,190,0.7650022,1,imagenet_c,defocus_blur,1,none
efficientnet_b4,ILSVRC2012_val_00020637.JPEG,n02095889,190,190,0.59256923,1,imagenet_c,defocus_blur,1,none
efficientnet_b4,ILSVRC2012_val_00022642.JPEG,n02095889,190,194,0.3943304,0,imagenet_c,defocus_blur,1,none
efficientnet_b4,ILSVRC2012_val_00022681.JPEG,n02095889,190,190,0.66851246,1,imagenet_c,defocus_blur,1,none
efficientnet_b4,ILSVRC2012_val_00027256.JPEG,n02095889,190,203,0.08397241,0,imagenet_c,defocus_blur,1,none
efficientnet_b4,ILSVRC2012_val_00028632.JPEG,n02095889,190,190,0.73909575,1,imagenet_c,defocus_blur,1,none
efficientnet_b4,ILSVRC2012_val_00030339.JPEG,n02095889,190,190,0.56892145,1,imagenet_c,defocus_blur,1,none
efficientnet_b4,ILSVRC2012_val_00030377.JPEG,n02095889,190,190,0.6109098,1,imagenet_c,defocus_blur,1,none
efficientnet_b4,ILSVRC2012_val_00031420.JPEG,n02095889,190,190,0.76168317,1,imagenet_c,defocus_blur,1,none
efficientnet_b4,ILSVRC2012_val_00031845.JPEG,n02095889,190,190,0.5646615,1,imagenet_c,defocus_blur,1,none
efficientnet_b4,ILSVRC2012_val_00032232.JPEG,n02095889,190,190,0.34136033,1,imagenet_c,defocus_blur,1,none
efficientnet_b4,ILSVRC2012_val_00032314.JPEG,n02095889,190,190,0.71983206,1,imagenet_c,defocus_blur,1,none
efficientnet_b4,ILSVRC2012_val_00032325.JPEG,n02095889,190,190,0.715456,1,imagenet_c,defocus_blur,1,none
efficientnet_b4,ILSVRC2012_val_00033489.JPEG,n02095889,190,190,0.69625074,1,imagenet_c,defocus_blur,1,none
efficientnet_b4,ILSVRC2012_val_00034239.JPEG,n02095889,190,190,0.72305495,1,imagenet_c,defocus_blur,1,none
efficientnet_b4,ILSVRC2012_val_00036739.JPEG,n02095889,190,190,0.6817986,1,imagenet_c,defocus_blur,1,none
efficientnet_b4,ILSVRC2012_val_00037272.JPEG,n02095889,190,190,0.8093833,1,imagenet_c,defocus_blur,1,none
efficientnet_b4,ILSVRC2012_val_00038237.JPEG,n02095889,190,190,0.7100013,1,imagenet_c,defocus_blur,1,none
efficientnet_b4,ILSVRC2012_val_00039776.JPEG,n02095889,190,190,0.80785125,1,imagenet_c,defocus_blur,1,none
efficientnet_b4,ILSVRC2012_val_00039862.JPEG,n02095889,190,194,0.251,0,imagenet_c,defocus_blur,1,none
efficientnet_b4,ILSVRC2012_val_00040335.JPEG,n02095889,190,190,0.6132091,1,imagenet_c,defocus_blur,1,none
efficientnet_b4,ILSVRC2012_val_00040712.JPEG,n02095889,190,190,0.6673329,1,imagenet_c,defocus_blur,1,none
efficientnet_b4,ILSVRC2012_val_00042005.JPEG,n02095889,190,190,0.7962829,1,imagenet_c,defocus_blur,1,none
efficientnet_b4,ILSVRC2012_val_00044904.JPEG,n02095889,190,190,0.70601,1,imagenet_c,defocus_blur,1,none
efficientnet_b4,ILSVRC2012_val_00045721.JPEG,n02095889,190,190,0.9390449,1,imagenet_c,defocus_blur,1,none
efficientnet_b4,ILSVRC2012_val_00047487.JPEG,n02095889,190,190,0.7412793,1,imagenet_c,defocus_blur,1,none
efficientnet_b4,ILSVRC2012_val_00048607.JPEG,n02095889,190,190,0.8309585,1,imagenet_c,defocus_blur,1,none
efficientnet_b4,ILSVRC2012_val_00049760.JPEG,n02095889,190,190,0.5336233,1,imagenet_c,defocus_blur,1,none
efficientnet_b4,ILSVRC2012_val_00003002.JPEG,n02096051,191,191,0.63102114,1,imagenet_c,defocus_blur,1,none
efficientnet_b4,ILSVRC2012_val_00004542.JPEG,n02096051,191,191,0.5042088,1,imagenet_c,defocus_blur,1,none
efficientnet_b4,ILSVRC2012_val_00005982.JPEG,n02096051,191,191,0.52779436,1,imagenet_c,defocus_blur,1,none
efficientnet_b4,ILSVRC2012_val_00008066.JPEG,n02096051,191,191,0.4258084,1,imagenet_c,defocus_blur,1,none
efficientnet_b4,ILSVRC2012_val_00009644.JPEG,n02096051,191,191,0.5080693,1,imagenet_c,defocus_blur,1,none
efficientnet_b4,ILSVRC2012_val_00009703.JPEG,n02096051,191,191,0.7148521,1,imagenet_c,defocus_blur,1,none
efficientnet_b4,ILSVRC2012_val_00010070.JPEG,n02096051,191,191,0.48540527,1,imagenet_c,defocus_blur,1,none
efficientnet_b4,ILSVRC2012_val_00010461.JPEG,n02096051,191,209,0.24245955,0,imagenet_c,defocus_blur,1,none
efficientnet_b4,ILSVRC2012_val_00011164.JPEG,n02096051,191,184,0.61625487,0,imagenet_c,defocus_blur,1,none
efficientnet_b4,ILSVRC2012_val_00011394.JPEG,n02096051,191,191,0.42164811,1,imagenet_c,defocus_blur,1,none
efficientnet_b4,ILSVRC2012_val_00013463.JPEG,n02096051,191,175,0.29841337,0,imagenet_c,defocus_blur,1,none
efficientnet_b4,ILSVRC2012_val_00014738.JPEG,n02096051,191,191,0.27670577,1,imagenet_c,defocus_blur,1,none
efficientnet_b4,ILSVRC2012_val_00015571.JPEG,n02096051,191,191,0.42204022,1,imagenet_c,defocus_blur,1,none
efficientnet_b4,ILSVRC2012_val_00019265.JPEG,n02096051,191,191,0.5379713,1,imagenet_c,defocus_blur,1,none
efficientnet_b4,ILSVRC2012_val_00020257.JPEG,n02096051,191,191,0.6134971,1,imagenet_c,defocus_blur,1,none
efficientnet_b4,ILSVRC2012_val_00021545.JPEG,n02096051,191,175,0.30058146,0,imagenet_c,defocus_blur,1,none
efficientnet_b4,ILSVRC2012_val_00022374.JPEG,n02096051,191,191,0.5980752,1,imagenet_c,defocus_blur,1,none
efficientnet_b4,ILSVRC2012_val_00022763.JPEG,n02096051,191,191,0.39734787,1,imagenet_c,defocus_blur,1,none
efficientnet_b4,ILSVRC2012_val_00023011.JPEG,n02096051,191,191,0.6487194,1,imagenet_c,defocus_blur,1,none
efficientnet_b4,ILSVRC2012_val_00024385.JPEG,n02096051,191,191,0.07339205,1,imagenet_c,defocus_blur,1,none
efficientnet_b4,ILSVRC2012_val_00024400.JPEG,n02096051,191,185,0.15078595,0,imagenet_c,defocus_blur,1,none
efficientnet_b4,ILSVRC2012_val_00024827.JPEG,n02096051,191,237,0.20266117,0,imagenet_c,defocus_blur,1,none
efficientnet_b4,ILSVRC2012_val_00024960.JPEG,n02096051,191,191,0.74686736,1,imagenet_c,defocus_blur,1,none
efficientnet_b4,ILSVRC2012_val_00025700.JPEG,n02096051,191,191,0.4072492,1,imagenet_c,defocus_blur,1,none
efficientnet_b4,ILSVRC2012_val_00027860.JPEG,n02096051,191,191,0.38612062,1,imagenet_c,defocus_blur,1,none
efficientnet_b4,ILSVRC2012_val_00030199.JPEG,n02096051,191,191,0.46458012,1,imagenet_c,defocus_blur,1,none
efficientnet_b4,ILSVRC2012_val_00030238.JPEG,n02096051,191,191,0.6661678,1,imagenet_c,defocus_blur,1,none
efficientnet_b4,ILSVRC2012_val_00031914.JPEG,n02096051,191,191,0.32379818,1,imagenet_c,defocus_blur,1,none
efficientnet_b4,ILSVRC2012_val_00033588.JPEG,n02096051,191,191,0.47362772,1,imagenet_c,defocus_blur,1,none
efficientnet_b4,ILSVRC2012_val_00033963.JPEG,n02096051,191,191,0.3581984,1,imagenet_c,defocus_blur,1,none
efficientnet_b4,ILSVRC2012_val_00034407.JPEG,n02096051,191,191,0.54511374,1,imagenet_c,defocus_blur,1,none
efficientnet_b4,ILSVRC2012_val_00034934.JPEG,n02096051,191,191,0.67863035,1,imagenet_c,defocus_blur,1,none
efficientnet_b4,ILSVRC2012_val_00035158.JPEG,n02096051,191,189,0.3270617,0,imagenet_c,defocus_blur,1,none
efficientnet_b4,ILSVRC2012_val_00035597.JPEG,n02096051,191,267,0.62924796,0,imagenet_c,defocus_blur,1,none
efficientnet_b4,ILSVRC2012_val_00036039.JPEG,n02096051,191,191,0.52681017,1,imagenet_c,defocus_blur,1,none
efficientnet_b4,ILSVRC2012_val_00037069.JPEG,n02096051,191,191,0.6817679,1,imagenet_c,defocus_blur,1,none
efficientnet_b4,ILSVRC2012_val_00037490.JPEG,n02096051,191,191,0.75420654,1,imagenet_c,defocus_blur,1,none
efficientnet_b4,ILSVRC2012_val_00038417.JPEG,n02096051,191,191,0.45154715,1,imagenet_c,defocus_blur,1,none
efficientnet_b4,ILSVRC2012_val_00039147.JPEG,n02096051,191,191,0.33036265,1,imagenet_c,defocus_blur,1,none
efficientnet_b4,ILSVRC2012_val_00039927.JPEG,n02096051,191,191,0.23941453,1,imagenet_c,defocus_blur,1,none
efficientnet_b4,ILSVRC2012_val_00041551.JPEG,n02096051,191,175,0.32887784,0,imagenet_c,defocus_blur,1,none
efficientnet_b4,ILSVRC2012_val_00042177.JPEG,n02096051,191,189,0.41403258,0,imagenet_c,defocus_blur,1,none
efficientnet_b4,ILSVRC2012_val_00042855.JPEG,n02096051,191,191,0.6794881,1,imagenet_c,defocus_blur,1,none
efficientnet_b4,ILSVRC2012_val_00043132.JPEG,n02096051,191,191,0.34366107,1,imagenet_c,defocus_blur,1,none
efficientnet_b4,ILSVRC2012_val_00043789.JPEG,n02096051,191,189,0.31802222,0,imagenet_c,defocus_blur,1,none
efficientnet_b4,ILSVRC2012_val_00044543.JPEG,n02096051,191,191,0.37854156,1,imagenet_c,defocus_blur,1,none
efficientnet_b4,ILSVRC2012_val_00046063.JPEG,n02096051,191,191,0.24375981,1,imagenet_c,defocus_blur,1,none
efficientnet_b4,ILSVRC2012_val_00046338.JPEG,n02096051,191,188,0.52249247,0,imagenet_c,defocus_blur,1,none
efficientnet_b4,ILSVRC2012_val_00047518.JPEG,n02096051,191,189,0.14163935,0,imagenet_c,defocus_blur,1,none
efficientnet_b4,ILSVRC2012_val_00049408.JPEG,n02096051,191,191,0.33179078,1,imagenet_c,defocus_blur,1,none
efficientnet_b4,ILSVRC2012_val_00000379.JPEG,n02096177,192,199,0.2143397,0,imagenet_c,defocus_blur,1,none
efficientnet_b4,ILSVRC2012_val_00001286.JPEG,n02096177,192,192,0.5323188,1,imagenet_c,defocus_blur,1,none
efficientnet_b4,ILSVRC2012_val_00001852.JPEG,n02096177,192,192,0.30384704,1,imagenet_c,defocus_blur,1,none
efficientnet_b4,ILSVRC2012_val_00002576.JPEG,n02096177,192,192,0.6761287,1,imagenet_c,defocus_blur,1,none
efficientnet_b4,ILSVRC2012_val_00004397.JPEG,n02096177,192,192,0.71909034,1,imagenet_c,defocus_blur,1,none
efficientnet_b4,ILSVRC2012_val_00006615.JPEG,n02096177,192,193,0.25804704,0,imagenet_c,defocus_blur,1,none
efficientnet_b4,ILSVRC2012_val_00007255.JPEG,n02096177,192,522,0.06967525,0,imagenet_c,defocus_blur,1,none
efficientnet_b4,ILSVRC2012_val_00008679.JPEG,n02096177,192,192,0.51437503,1,imagenet_c,defocus_blur,1,none
efficientnet_b4,ILSVRC2012_val_00009789.JPEG,n02096177,192,182,0.12548819,0,imagenet_c,defocus_blur,1,none
efficientnet_b4,ILSVRC2012_val_00011680.JPEG,n02096177,192,192,0.3329415,1,imagenet_c,defocus_blur,1,none
efficientnet_b4,ILSVRC2012_val_00012827.JPEG,n02096177,192,192,0.6972457,1,imagenet_c,defocus_blur,1,none
efficientnet_b4,ILSVRC2012_val_00013538.JPEG,n02096177,192,192,0.79914445,1,imagenet_c,defocus_blur,1,none
efficientnet_b4,ILSVRC2012_val_00014020.JPEG,n02096177,192,192,0.37454078,1,imagenet_c,defocus_blur,1,none
efficientnet_b4,ILSVRC2012_val_00014645.JPEG,n02096177,192,192,0.25681177,1,imagenet_c,defocus_blur,1,none
efficientnet_b4,ILSVRC2012_val_00015152.JPEG,n02096177,192,192,0.47964856,1,imagenet_c,defocus_blur,1,none
efficientnet_b4,ILSVRC2012_val_00015531.JPEG,n02096177,192,192,0.59731376,1,imagenet_c,defocus_blur,1,none
efficientnet_b4,ILSVRC2012_val_00015607.JPEG,n02096177,192,192,0.50831735,1,imagenet_c,defocus_blur,1,none
efficientnet_b4,ILSVRC2012_val_00016484.JPEG,n02096177,192,186,0.34696075,0,imagenet_c,defocus_blur,1,none
efficientnet_b4,ILSVRC2012_val_00017195.JPEG,n02096177,192,192,0.7099605,1,imagenet_c,defocus_blur,1,none
efficientnet_b4,ILSVRC2012_val_00018642.JPEG,n02096177,192,192,0.7346133,1,imagenet_c,defocus_blur,1,none
efficientnet_b4,ILSVRC2012_val_00019083.JPEG,n02096177,192,192,0.35390994,1,imagenet_c,defocus_blur,1,none
efficientnet_b4,ILSVRC2012_val_00019962.JPEG,n02096177,192,192,0.56665695,1,imagenet_c,defocus_blur,1,none
efficientnet_b4,ILSVRC2012_val_00022682.JPEG,n02096177,192,199,0.09922828,0,imagenet_c,defocus_blur,1,none
efficientnet_b4,ILSVRC2012_val_00023164.JPEG,n02096177,192,192,0.33186898,1,imagenet_c,defocus_blur,1,none
efficientnet_b4,ILSVRC2012_val_00023557.JPEG,n02096177,192,192,0.47882462,1,imagenet_c,defocus_blur,1,none
efficientnet_b4,ILSVRC2012_val_00023783.JPEG,n02096177,192,186,0.105051525,0,imagenet_c,defocus_blur,1,none
efficientnet_b4,ILSVRC2012_val_00024431.JPEG,n02096177,192,186,0.16056255,0,imagenet_c,defocus_blur,1,none
efficientnet_b4,ILSVRC2012_val_00024636.JPEG,n02096177,192,192,0.40392306,1,imagenet_c,defocus_blur,1,none
efficientnet_b4,ILSVRC2012_val_00026417.JPEG,n02096177,192,185,0.1980743,0,imagenet_c,defocus_blur,1,none
efficientnet_b4,ILSVRC2012_val_00030394.JPEG,n02096177,192,158,0.22673237,0,imagenet_c,defocus_blur,1,none
efficientnet_b4,ILSVRC2012_val_00030479.JPEG,n02096177,192,182,0.22123902,0,imagenet_c,defocus_blur,1,none
efficientnet_b4,ILSVRC2012_val_00032177.JPEG,n02096177,192,192,0.40309095,1,imagenet_c,defocus_blur,1,none
efficientnet_b4,ILSVRC2012_val_00032767.JPEG,n02096177,192,192,0.5333797,1,imagenet_c,defocus_blur,1,none
efficientnet_b4,ILSVRC2012_val_00033231.JPEG,n02096177,192,194,0.53244376,0,imagenet_c,defocus_blur,1,none
efficientnet_b4,ILSVRC2012_val_00034049.JPEG,n02096177,192,203,0.16895077,0,imagenet_c,defocus_blur,1,none
efficientnet_b4,ILSVRC2012_val_00035381.JPEG,n02096177,192,193,0.17750421,0,imagenet_c,defocus_blur,1,none
efficientnet_b4,ILSVRC2012_val_00035473.JPEG,n02096177,192,192,0.5599665,1,imagenet_c,defocus_blur,1,none
efficientnet_b4,ILSVRC2012_val_00037036.JPEG,n02096177,192,192,0.66257954,1,imagenet_c,defocus_blur,1,none
efficientnet_b4,ILSVRC2012_val_00037317.JPEG,n02096177,192,192,0.6980101,1,imagenet_c,defocus_blur,1,none
efficientnet_b4,ILSVRC2012_val_00037723.JPEG,n02096177,192,192,0.6224606,1,imagenet_c,defocus_blur,1,none
efficientnet_b4,ILSVRC2012_val_00037972.JPEG,n02096177,192,192,0.34536985,1,imagenet_c,defocus_blur,1,none
efficientnet_b4,ILSVRC2012_val_00038486.JPEG,n02096177,192,185,0.35001603,0,imagenet_c,defocus_blur,1,none
efficientnet_b4,ILSVRC2012_val_00042833.JPEG,n02096177,192,186,0.30627963,0,imagenet_c,defocus_blur,1,none
efficientnet_b4,ILSVRC2012_val_00044107.JPEG,n02096177,192,273,0.16747424,0,imagenet_c,defocus_blur,1,none
efficientnet_b4,ILSVRC2012_val_00044202.JPEG,n02096177,192,192,0.64982945,1,imagenet_c,defocus_blur,1,none
efficientnet_b4,ILSVRC2012_val_00044275.JPEG,n02096177,192,192,0.48574537,1,imagenet_c,defocus_blur,1,none
efficientnet_b4,ILSVRC2012_val_00044570.JPEG,n02096177,192,192,0.39215562,1,imagenet_c,defocus_blur,1,none
efficientnet_b4,ILSVRC2012_val_00044615.JPEG,n02096177,192,192,0.19970725,1,imagenet_c,defocus_blur,1,none
efficientnet_b4,ILSVRC2012_val_00048476.JPEG,n02096177,192,203,0.7010288,0,imagenet_c,defocus_blur,1,none
efficientnet_b4,ILSVRC2012_val_00048904.JPEG,n02096177,192,192,0.33834293,1,imagenet_c,defocus_blur,1,none
efficientnet_b4,ILSVRC2012_val_00001564.JPEG,n02096294,193,193,0.11094311,1,imagenet_c,defocus_blur,1,none
efficientnet_b4,ILSVRC2012_val_00002549.JPEG,n02096294,193,184,0.18867205,0,imagenet_c,defocus_blur,1,none
efficientnet_b4,ILSVRC2012_val_00003407.JPEG,n02096294,193,193,0.27339062,1,imagenet_c,defocus_blur,1,none
efficientnet_b4,ILSVRC2012_val_00003690.JPEG,n02096294,193,187,0.21370472,0,imagenet_c,defocus_blur,1,none
efficientnet_b4,ILSVRC2012_val_00004354.JPEG,n02096294,193,192,0.18872173,0,imagenet_c,defocus_blur,1,none
efficientnet_b4,ILSVRC2012_val_00004605.JPEG,n02096294,193,193,0.62235296,1,imagenet_c,defocus_blur,1,none
efficientnet_b4,ILSVRC2012_val_00009052.JPEG,n02096294,193,193,0.70530075,1,imagenet_c,defocus_blur,1,none
efficientnet_b4,ILSVRC2012_val_00009818.JPEG,n02096294,193,151,0.17162278,0,imagenet_c,defocus_blur,1,none
efficientnet_b4,ILSVRC2012_val_00011152.JPEG,n02096294,193,186,0.17000803,0,imagenet_c,defocus_blur,1,none
efficientnet_b4,ILSVRC2012_val_00012460.JPEG,n02096294,193,193,0.5207773,1,imagenet_c,defocus_blur,1,none
efficientnet_b4,ILSVRC2012_val_00012556.JPEG,n02096294,193,232,0.17003019,0,imagenet_c,defocus_blur,1,none
efficientnet_b4,ILSVRC2012_val_00013756.JPEG,n02096294,193,785,0.26853934,0,imagenet_c,defocus_blur,1,none
efficientnet_b4,ILSVRC2012_val_00016374.JPEG,n02096294,193,175,0.24266599,0,imagenet_c,defocus_blur,1,none
efficientnet_b4,ILSVRC2012_val_00016609.JPEG,n02096294,193,186,0.5325852,0,imagenet_c,defocus_blur,1,none
efficientnet_b4,ILSVRC2012_val_00016913.JPEG,n02096294,193,193,0.33573398,1,imagenet_c,defocus_blur,1,none
efficientnet_b4,ILSVRC2012_val_00017380.JPEG,n02096294,193,186,0.6767946,0,imagenet_c,defocus_blur,1,none
efficientnet_b4,ILSVRC2012_val_00017754.JPEG,n02096294,193,235,0.31954458,0,imagenet_c,defocus_blur,1,none
efficientnet_b4,ILSVRC2012_val_00018045.JPEG,n02096294,193,185,0.23607492,0,imagenet_c,defocus_blur,1,none
efficientnet_b4,ILSVRC2012_val_00019327.JPEG,n02096294,193,193,0.21533766,1,imagenet_c,defocus_blur,1,none
efficientnet_b4,ILSVRC2012_val_00019747.JPEG,n02096294,193,193,0.26873368,1,imagenet_c,defocus_blur,1,none
efficientnet_b4,ILSVRC2012_val_00019830.JPEG,n02096294,193,193,0.4642452,1,imagenet_c,defocus_blur,1,none
efficientnet_b4,ILSVRC2012_val_00022292.JPEG,n02096294,193,200,0.28254887,0,imagenet_c,defocus_blur,1,none
efficientnet_b4,ILSVRC2012_val_00024326.JPEG,n02096294,193,187,0.385191,0,imagenet_c,defocus_blur,1,none
efficientnet_b4,ILSVRC2012_val_00024889.JPEG,n02096294,193,186,0.4016078,0,imagenet_c,defocus_blur,1,none
efficientnet_b4,ILSVRC2012_val_00025912.JPEG,n02096294,193,186,0.7859195,0,imagenet_c,defocus_blur,1,none
efficientnet_b4,ILSVRC2012_val_00026427.JPEG,n02096294,193,193,0.28219345,1,imagenet_c,defocus_blur,1,none
efficientnet_b4,ILSVRC2012_val_00026475.JPEG,n02096294,193,193,0.09825907,1,imagenet_c,defocus_blur,1,none
efficientnet_b4,ILSVRC2012_val_00026863.JPEG,n02096294,193,193,0.47841877,1,imagenet_c,defocus_blur,1,none
efficientnet_b4,ILSVRC2012_val_00027492.JPEG,n02096294,193,193,0.7237021,1,imagenet_c,defocus_blur,1,none
efficientnet_b4,ILSVRC2012_val_00028540.JPEG,n02096294,193,185,0.30511364,0,imagenet_c,defocus_blur,1,none
efficientnet_b4,ILSVRC2012_val_00029254.JPEG,n02096294,193,193,0.40790576,1,imagenet_c,defocus_blur,1,none
efficientnet_b4,ILSVRC2012_val_00029381.JPEG,n02096294,193,193,0.75625867,1,imagenet_c,defocus_blur,1,none
efficientnet_b4,ILSVRC2012_val_00029691.JPEG,n02096294,193,273,0.3654286,0,imagenet_c,defocus_blur,1,none
efficientnet_b4,ILSVRC2012_val_00032563.JPEG,n02096294,193,193,0.6323313,1,imagenet_c,defocus_blur,1,none
efficientnet_b4,ILSVRC2012_val_00034554.JPEG,n02096294,193,186,0.13244025,0,imagenet_c,defocus_blur,1,none
efficientnet_b4,ILSVRC2012_val_00035298.JPEG,n02096294,193,193,0.22763173,1,imagenet_c,defocus_blur,1,none
efficientnet_b4,ILSVRC2012_val_00037134.JPEG,n02096294,193,193,0.5847319,1,imagenet_c,defocus_blur,1,none
efficientnet_b4,ILSVRC2012_val_00037999.JPEG,n02096294,193,193,0.5549339,1,imagenet_c,defocus_blur,1,none
efficientnet_b4,ILSVRC2012_val_00039692.JPEG,n02096294,193,186,0.2222048,0,imagenet_c,defocus_blur,1,none
efficientnet_b4,ILSVRC2012_val_00039701.JPEG,n02096294,193,184,0.2014814,0,imagenet_c,defocus_blur,1,none
efficientnet_b4,ILSVRC2012_val_00041653.JPEG,n02096294,193,193,0.8488674,1,imagenet_c,defocus_blur,1,none
efficientnet_b4,ILSVRC2012_val_00042022.JPEG,n02096294,193,186,0.16732061,0,imagenet_c,defocus_blur,1,none
efficientnet_b4,ILSVRC2012_val_00042133.JPEG,n02096294,193,193,0.60620046,1,imagenet_c,defocus_blur,1,none
efficientnet_b4,ILSVRC2012_val_00042181.JPEG,n02096294,193,193,0.67051786,1,imagenet_c,defocus_blur,1,none
efficientnet_b4,ILSVRC2012_val_00042604.JPEG,n02096294,193,186,0.25703338,0,imagenet_c,defocus_blur,1,none
efficientnet_b4,ILSVRC2012_val_00043474.JPEG,n02096294,193,193,0.085058026,1,imagenet_c,defocus_blur,1,none
efficientnet_b4,ILSVRC2012_val_00044000.JPEG,n02096294,193,193,0.26935214,1,imagenet_c,defocus_blur,1,none
efficientnet_b4,ILSVRC2012_val_00045487.JPEG,n02096294,193,193,0.42242038,1,imagenet_c,defocus_blur,1,none
efficientnet_b4,ILSVRC2012_val_00047658.JPEG,n02096294,193,184,0.25011596,0,imagenet_c,defocus_blur,1,none
efficientnet_b4,ILSVRC2012_val_00048652.JPEG,n02096294,193,207,0.13879792,0,imagenet_c,defocus_blur,1,none
efficientnet_b4,ILSVRC2012_val_00000279.JPEG,n02096437,194,194,0.14352934,1,imagenet_c,defocus_blur,1,none
efficientnet_b4,ILSVRC2012_val_00000725.JPEG,n02096437,194,194,0.85007447,1,imagenet_c,defocus_blur,1,none
efficientnet_b4,ILSVRC2012_val_00001028.JPEG,n02096437,194,194,0.60290205,1,imagenet_c,defocus_blur,1,none
efficientnet_b4,ILSVRC2012_val_00002411.JPEG,n02096437,194,194,0.27868026,1,imagenet_c,defocus_blur,1,none
efficientnet_b4,ILSVRC2012_val_00003380.JPEG,n02096437,194,194,0.5671818,1,imagenet_c,defocus_blur,1,none
efficientnet_b4,ILSVRC2012_val_00005365.JPEG,n02096437,194,194,0.6227586,1,imagenet_c,defocus_blur,1,none
efficientnet_b4,ILSVRC2012_val_00006005.JPEG,n02096437,194,193,0.22461776,0,imagenet_c,defocus_blur,1,none
efficientnet_b4,ILSVRC2012_val_00009036.JPEG,n02096437,194,194,0.8000107,1,imagenet_c,defocus_blur,1,none
efficientnet_b4,ILSVRC2012_val_00010929.JPEG,n02096437,194,194,0.7249635,1,imagenet_c,defocus_blur,1,none
efficientnet_b4,ILSVRC2012_val_00012706.JPEG,n02096437,194,194,0.7072408,1,imagenet_c,defocus_blur,1,none
efficientnet_b4,ILSVRC2012_val_00012834.JPEG,n02096437,194,194,0.70315737,1,imagenet_c,defocus_blur,1,none
efficientnet_b4,ILSVRC2012_val_00013654.JPEG,n02096437,194,203,0.29366615,0,imagenet_c,defocus_blur,1,none
efficientnet_b4,ILSVRC2012_val_00014058.JPEG,n02096437,194,194,0.72912806,1,imagenet_c,defocus_blur,1,none
efficientnet_b4,ILSVRC2012_val_00014995.JPEG,n02096437,194,194,0.580324,1,imagenet_c,defocus_blur,1,none
efficientnet_b4,ILSVRC2012_val_00015182.JPEG,n02096437,194,194,0.83308285,1,imagenet_c,defocus_blur,1,none
efficientnet_b4,ILSVRC2012_val_00015570.JPEG,n02096437,194,194,0.67101854,1,imagenet_c,defocus_blur,1,none
efficientnet_b4,ILSVRC2012_val_00016056.JPEG,n02096437,194,194,0.7820316,1,imagenet_c,defocus_blur,1,none
efficientnet_b4,ILSVRC2012_val_00016136.JPEG,n02096437,194,194,0.7339902,1,imagenet_c,defocus_blur,1,none
efficientnet_b4,ILSVRC2012_val_00016759.JPEG,n02096437,194,170,0.43420318,0,imagenet_c,defocus_blur,1,none
efficientnet_b4,ILSVRC2012_val_00017921.JPEG,n02096437,194,194,0.62174624,1,imagenet_c,defocus_blur,1,none
efficientnet_b4,ILSVRC2012_val_00018262.JPEG,n02096437,194,194,0.5168469,1,imagenet_c,defocus_blur,1,none
efficientnet_b4,ILSVRC2012_val_00019040.JPEG,n02096437,194,194,0.6951694,1,imagenet_c,defocus_blur,1,none
efficientnet_b4,ILSVRC2012_val_00020901.JPEG,n02096437,194,194,0.6535028,1,imagenet_c,defocus_blur,1,none
efficientnet_b4,ILSVRC2012_val_00022518.JPEG,n02096437,194,182,0.27179962,0,imagenet_c,defocus_blur,1,none
efficientnet_b4,ILSVRC2012_val_00022882.JPEG,n02096437,194,194,0.17515482,1,imagenet_c,defocus_blur,1,none
efficientnet_b4,ILSVRC2012_val_00024766.JPEG,n02096437,194,194,0.66104066,1,imagenet_c,defocus_blur,1,none
efficientnet_b4,ILSVRC2012_val_00026267.JPEG,n02096437,194,194,0.70183706,1,imagenet_c,defocus_blur,1,none
efficientnet_b4,ILSVRC2012_val_00026675.JPEG,n02096437,194,194,0.81827366,1,imagenet_c,defocus_blur,1,none
efficientnet_b4,ILSVRC2012_val_00027490.JPEG,n02096437,194,194,0.8831058,1,imagenet_c,defocus_blur,1,none
efficientnet_b4,ILSVRC2012_val_00027512.JPEG,n02096437,194,187,0.19644514,0,imagenet_c,defocus_blur,1,none
efficientnet_b4,ILSVRC2012_val_00030585.JPEG,n02096437,194,194,0.7965472,1,imagenet_c,defocus_blur,1,none
efficientnet_b4,ILSVRC2012_val_00030588.JPEG,n02096437,194,202,0.18572313,0,imagenet_c,defocus_blur,1,none
efficientnet_b4,ILSVRC2012_val_00030620.JPEG,n02096437,194,194,0.73924243,1,imagenet_c,defocus_blur,1,none
efficientnet_b4,ILSVRC2012_val_00030746.JPEG,n02096437,194,194,0.27897948,1,imagenet_c,defocus_blur,1,none
efficientnet_b4,ILSVRC2012_val_00030910.JPEG,n02096437,194,194,0.5784717,1,imagenet_c,defocus_blur,1,none
efficientnet_b4,ILSVRC2012_val_00035027.JPEG,n02096437,194,194,0.74990195,1,imagenet_c,defocus_blur,1,none
efficientnet_b4,ILSVRC2012_val_00035260.JPEG,n02096437,194,194,0.77431387,1,imagenet_c,defocus_blur,1,none
efficientnet_b4,ILSVRC2012_val_00035400.JPEG,n02096437,194,194,0.8062765,1,imagenet_c,defocus_blur,1,none
efficientnet_b4,ILSVRC2012_val_00035844.JPEG,n02096437,194,194,0.7105905,1,imagenet_c,defocus_blur,1,none
efficientnet_b4,ILSVRC2012_val_00036129.JPEG,n02096437,194,194,0.7273126,1,imagenet_c,defocus_blur,1,none
efficientnet_b4,ILSVRC2012_val_00036131.JPEG,n02096437,194,194,0.6677057,1,imagenet_c,defocus_blur,1,none
efficientnet_b4,ILSVRC2012_val_00036443.JPEG,n02096437,194,194,0.6076543,1,imagenet_c,defocus_blur,1,none
efficientnet_b4,ILSVRC2012_val_00039124.JPEG,n02096437,194,194,0.8777551,1,imagenet_c,defocus_blur,1,none
efficientnet_b4,ILSVRC2012_val_00044284.JPEG,n02096437,194,194,0.8183832,1,imagenet_c,defocus_blur,1,none
efficientnet_b4,ILSVRC2012_val_00045661.JPEG,n02096437,194,194,0.69704664,1,imagenet_c,defocus_blur,1,none
efficientnet_b4,ILSVRC2012_val_00046705.JPEG,n02096437,194,194,0.8784737,1,imagenet_c,defocus_blur,1,none
efficientnet_b4,ILSVRC2012_val_00046762.JPEG,n02096437,194,194,0.6844447,1,imagenet_c,defocus_blur,1,none
efficientnet_b4,ILSVRC2012_val_00047757.JPEG,n02096437,194,194,0.5650227,1,imagenet_c,defocus_blur,1,none
efficientnet_b4,ILSVRC2012_val_00048101.JPEG,n02096437,194,194,0.7675192,1,imagenet_c,defocus_blur,1,none
efficientnet_b4,ILSVRC2012_val_00048737.JPEG,n02096437,194,194,0.6376816,1,imagenet_c,defocus_blur,1,none
efficientnet_b4,ILSVRC2012_val_00000350.JPEG,n02096585,195,151,0.24836254,0,imagenet_c,defocus_blur,1,none
efficientnet_b4,ILSVRC2012_val_00001297.JPEG,n02096585,195,179,0.17806631,0,imagenet_c,defocus_blur,1,none
efficientnet_b4,ILSVRC2012_val_00002406.JPEG,n02096585,195,195,0.72274,1,imagenet_c,defocus_blur,1,none
efficientnet_b4,ILSVRC2012_val_00003354.JPEG,n02096585,195,195,0.597523,1,imagenet_c,defocus_blur,1,none
efficientnet_b4,ILSVRC2012_val_00003774.JPEG,n02096585,195,195,0.46794665,1,imagenet_c,defocus_blur,1,none
efficientnet_b4,ILSVRC2012_val_00004674.JPEG,n02096585,195,195,0.2388287,1,imagenet_c,defocus_blur,1,none
efficientnet_b4,ILSVRC2012_val_00004770.JPEG,n02096585,195,195,0.5730252,1,imagenet_c,defocus_blur,1,none
efficientnet_b4,ILSVRC2012_val_00004941.JPEG,n02096585,195,195,0.63227594,1,imagenet_c,defocus_blur,1,none
efficientnet_b4,ILSVRC2012_val_00005457.JPEG,n02096585,195,195,0.64724326,1,imagenet_c,defocus_blur,1,none
efficientnet_b4,ILSVRC2012_val_00006314.JPEG,n02096585,195,195,0.7491751,1,imagenet_c,defocus_blur,1,none
efficientnet_b4,ILSVRC2012_val_00009634.JPEG,n02096585,195,195,0.7294359,1,imagenet_c,defocus_blur,1,none
efficientnet_b4,ILSVRC2012_val_00009712.JPEG,n02096585,195,195,0.40520862,1,imagenet_c,defocus_blur,1,none
efficientnet_b4,ILSVRC2012_val_00010290.JPEG,n02096585,195,195,0.53864217,1,imagenet_c,defocus_blur,1,none
efficientnet_b4,ILSVRC2012_val_00010449.JPEG,n02096585,195,195,0.47047776,1,imagenet_c,defocus_blur,1,none
efficientnet_b4,ILSVRC2012_val_00011673.JPEG,n02096585,195,195,0.19881618,1,imagenet_c,defocus_blur,1,none
efficientnet_b4,ILSVRC2012_val_00012196.JPEG,n02096585,195,195,0.4364908,1,imagenet_c,defocus_blur,1,none
efficientnet_b4,ILSVRC2012_val_00014081.JPEG,n02096585,195,232,0.19595306,0,imagenet_c,defocus_blur,1,none
efficientnet_b4,ILSVRC2012_val_00014651.JPEG,n02096585,195,195,0.7339511,1,imagenet_c,defocus_blur,1,none
efficientnet_b4,ILSVRC2012_val_00014729.JPEG,n02096585,195,195,0.56091404,1,imagenet_c,defocus_blur,1,none
efficientnet_b4,ILSVRC2012_val_00015204.JPEG,n02096585,195,195,0.67089576,1,imagenet_c,defocus_blur,1,none
efficientnet_b4,ILSVRC2012_val_00015705.JPEG,n02096585,195,195,0.5204413,1,imagenet_c,defocus_blur,1,none
efficientnet_b4,ILSVRC2012_val_00015723.JPEG,n02096585,195,195,0.70560646,1,imagenet_c,defocus_blur,1,none
efficientnet_b4,ILSVRC2012_val_00015759.JPEG,n02096585,195,195,0.47048962,1,imagenet_c,defocus_blur,1,none
efficientnet_b4,ILSVRC2012_val_00016902.JPEG,n02096585,195,195,0.5571201,1,imagenet_c,defocus_blur,1,none
efficientnet_b4,ILSVRC2012_val_00017052.JPEG,n02096585,195,195,0.3869217,1,imagenet_c,defocus_blur,1,none
efficientnet_b4,ILSVRC2012_val_00021638.JPEG,n02096585,195,195,0.6586568,1,imagenet_c,defocus_blur,1,none
efficientnet_b4,ILSVRC2012_val_00021914.JPEG,n02096585,195,195,0.6588103,1,imagenet_c,defocus_blur,1,none
efficientnet_b4,ILSVRC2012_val_00022848.JPEG,n02096585,195,195,0.57228714,1,imagenet_c,defocus_blur,1,none
efficientnet_b4,ILSVRC2012_val_00025424.JPEG,n02096585,195,195,0.6223117,1,imagenet_c,defocus_blur,1,none
efficientnet_b4,ILSVRC2012_val_00025498.JPEG,n02096585,195,195,0.7230274,1,imagenet_c,defocus_blur,1,none
efficientnet_b4,ILSVRC2012_val_00028307.JPEG,n02096585,195,195,0.6495903,1,imagenet_c,defocus_blur,1,none
efficientnet_b4,ILSVRC2012_val_00030228.JPEG,n02096585,195,195,0.5204573,1,imagenet_c,defocus_blur,1,none
efficientnet_b4,ILSVRC2012_val_00033268.JPEG,n02096585,195,195,0.6137904,1,imagenet_c,defocus_blur,1,none
efficientnet_b4,ILSVRC2012_val_00033295.JPEG,n02096585,195,195,0.47374213,1,imagenet_c,defocus_blur,1,none
efficientnet_b4,ILSVRC2012_val_00034209.JPEG,n02096585,195,195,0.5173034,1,imagenet_c,defocus_blur,1,none
efficientnet_b4,ILSVRC2012_val_00034691.JPEG,n02096585,195,195,0.6796792,1,imagenet_c,defocus_blur,1,none
efficientnet_b4,ILSVRC2012_val_00035182.JPEG,n02096585,195,195,0.3405257,1,imagenet_c,defocus_blur,1,none
efficientnet_b4,ILSVRC2012_val_00036478.JPEG,n02096585,195,195,0.8175494,1,imagenet_c,defocus_blur,1,none
efficientnet_b4,ILSVRC2012_val_00037256.JPEG,n02096585,195,195,0.43795484,1,imagenet_c,defocus_blur,1,none
efficientnet_b4,ILSVRC2012_val_00038912.JPEG,n02096585,195,195,0.49622488,1,imagenet_c,defocus_blur,1,none
efficientnet_b4,ILSVRC2012_val_00039397.JPEG,n02096585,195,151,0.16919912,0,imagenet_c,defocus_blur,1,none
efficientnet_b4,ILSVRC2012_val_00039408.JPEG,n02096585,195,195,0.41591334,1,imagenet_c,defocus_blur,1,none
efficientnet_b4,ILSVRC2012_val_00039852.JPEG,n02096585,195,195,0.39982235,1,imagenet_c,defocus_blur,1,none
efficientnet_b4,ILSVRC2012_val_00039926.JPEG,n02096585,195,195,0.670519,1,imagenet_c,defocus_blur,1,none
efficientnet_b4,ILSVRC2012_val_00043564.JPEG,n02096585,195,195,0.50540763,1,imagenet_c,defocus_blur,1,none
efficientnet_b4,ILSVRC2012_val_00044773.JPEG,n02096585,195,195,0.41142958,1,imagenet_c,defocus_blur,1,none
efficientnet_b4,ILSVRC2012_val_00045047.JPEG,n02096585,195,195,0.579769,1,imagenet_c,defocus_blur,1,none
efficientnet_b4,ILSVRC2012_val_00046398.JPEG,n02096585,195,180,0.52179503,0,imagenet_c,defocus_blur,1,none
efficientnet_b4,ILSVRC2012_val_00047991.JPEG,n02096585,195,195,0.6571058,1,imagenet_c,defocus_blur,1,none
efficientnet_b4,ILSVRC2012_val_00048157.JPEG,n02096585,195,195,0.8322856,1,imagenet_c,defocus_blur,1,none
efficientnet_b4,ILSVRC2012_val_00000176.JPEG,n02097047,196,199,0.53666383,0,imagenet_c,defocus_blur,1,none
efficientnet_b4,ILSVRC2012_val_00000436.JPEG,n02097047,196,196,0.39659396,1,imagenet_c,defocus_blur,1,none
efficientnet_b4,ILSVRC2012_val_00002021.JPEG,n02097047,196,196,0.41515857,1,imagenet_c,defocus_blur,1,none
efficientnet_b4,ILSVRC2012_val_00002994.JPEG,n02097047,196,196,0.5433479,1,imagenet_c,defocus_blur,1,none
efficientnet_b4,ILSVRC2012_val_00004217.JPEG,n02097047,196,196,0.3409011,1,imagenet_c,defocus_blur,1,none
efficientnet_b4,ILSVRC2012_val_00007072.JPEG,n02097047,196,196,0.3756896,1,imagenet_c,defocus_blur,1,none
efficientnet_b4,ILSVRC2012_val_00008658.JPEG,n02097047,196,196,0.47689512,1,imagenet_c,defocus_blur,1,none
efficientnet_b4,ILSVRC2012_val_00008661.JPEG,n02097047,196,203,0.20928629,0,imagenet_c,defocus_blur,1,none
efficientnet_b4,ILSVRC2012_val_00008905.JPEG,n02097047,196,196,0.5314802,1,imagenet_c,defocus_blur,1,none
efficientnet_b4,ILSVRC2012_val_00008930.JPEG,n02097047,196,196,0.5645104,1,imagenet_c,defocus_blur,1,none
efficientnet_b4,ILSVRC2012_val_00009941.JPEG,n02097047,196,198,0.678932,0,imagenet_c,defocus_blur,1,none
efficientnet_b4,ILSVRC2012_val_00010521.JPEG,n02097047,196,196,0.5188187,1,imagenet_c,defocus_blur,1,none
efficientnet_b4,ILSVRC2012_val_00015136.JPEG,n02097047,196,196,0.25186667,1,imagenet_c,defocus_blur,1,none
efficientnet_b4,ILSVRC2012_val_00015427.JPEG,n02097047,196,198,0.4494388,0,imagenet_c,defocus_blur,1,none
efficientnet_b4,ILSVRC2012_val_00016540.JPEG,n02097047,196,196,0.28982493,1,imagenet_c,defocus_blur,1,none
efficientnet_b4,ILSVRC2012_val_00017832.JPEG,n02097047,196,198,0.2798959,0,imagenet_c,defocus_blur,1,none
efficientnet_b4,ILSVRC2012_val_00018881.JPEG,n02097047,196,198,0.41016415,0,imagenet_c,defocus_blur,1,none
efficientnet_b4,ILSVRC2012_val_00020018.JPEG,n02097047,196,196,0.3937393,1,imagenet_c,defocus_blur,1,none
efficientnet_b4,ILSVRC2012_val_00021485.JPEG,n02097047,196,196,0.47481957,1,imagenet_c,defocus_blur,1,none
efficientnet_b4,ILSVRC2012_val_00022713.JPEG,n02097047,196,194,0.8194767,0,imagenet_c,defocus_blur,1,none
efficientnet_b4,ILSVRC2012_val_00022977.JPEG,n02097047,196,198,0.29106748,0,imagenet_c,defocus_blur,1,none
efficientnet_b4,ILSVRC2012_val_00023218.JPEG,n02097047,196,233,0.27508107,0,imagenet_c,defocus_blur,1,none
efficientnet_b4,ILSVRC2012_val_00023774.JPEG,n02097047,196,196,0.30467293,1,imagenet_c,defocus_blur,1,none
efficientnet_b4,ILSVRC2012_val_00023919.JPEG,n02097047,196,193,0.50459445,0,imagenet_c,defocus_blur,1,none
efficientnet_b4,ILSVRC2012_val_00024178.JPEG,n02097047,196,196,0.30521873,1,imagenet_c,defocus_blur,1,none
efficientnet_b4,ILSVRC2012_val_00026097.JPEG,n02097047,196,198,0.6360874,0,imagenet_c,defocus_blur,1,none
efficientnet_b4,ILSVRC2012_val_00028016.JPEG,n02097047,196,196,0.38897595,1,imagenet_c,defocus_blur,1,none
efficientnet_b4,ILSVRC2012_val_00028135.JPEG,n02097047,196,196,0.46961343,1,imagenet_c,defocus_blur,1,none
efficientnet_b4,ILSVRC2012_val_00029127.JPEG,n02097047,196,196,0.5807129,1,imagenet_c,defocus_blur,1,none
efficientnet_b4,ILSVRC2012_val_00030402.JPEG,n02097047,196,198,0.18544488,0,imagenet_c,defocus_blur,1,none
efficientnet_b4,ILSVRC2012_val_00032277.JPEG,n02097047,196,200,0.29277813,0,imagenet_c,defocus_blur,1,none
efficientnet_b4,ILSVRC2012_val_00032445.JPEG,n02097047,196,196,0.4336643,1,imagenet_c,defocus_blur,1,none
efficientnet_b4,ILSVRC2012_val_00033461.JPEG,n02097047,196,196,0.37280914,1,imagenet_c,defocus_blur,1,none
efficientnet_b4,ILSVRC2012_val_00034118.JPEG,n02097047,196,196,0.4375046,1,imagenet_c,defocus_blur,1,none
efficientnet_b4,ILSVRC2012_val_00034951.JPEG,n02097047,196,196,0.51985997,1,imagenet_c,defocus_blur,1,none
efficientnet_b4,ILSVRC2012_val_00035480.JPEG,n02097047,196,196,0.33191675,1,imagenet_c,defocus_blur,1,none
efficientnet_b4,ILSVRC2012_val_00036019.JPEG,n02097047,196,233,0.31005773,0,imagenet_c,defocus_blur,1,none
efficientnet_b4,ILSVRC2012_val_00037277.JPEG,n02097047,196,196,0.31161776,1,imagenet_c,defocus_blur,1,none
efficientnet_b4,ILSVRC2012_val_00038992.JPEG,n02097047,196,196,0.62776655,1,imagenet_c,defocus_blur,1,none
efficientnet_b4,ILSVRC2012_val_00039547.JPEG,n02097047,196,188,0.16757378,0,imagenet_c,defocus_blur,1,none
efficientnet_b4,ILSVRC2012_val_00040613.JPEG,n02097047,196,198,0.60501105,0,imagenet_c,defocus_blur,1,none
efficientnet_b4,ILSVRC2012_val_00041605.JPEG,n02097047,196,198,0.684566,0,imagenet_c,defocus_blur,1,none
efficientnet_b4,ILSVRC2012_val_00042587.JPEG,n02097047,196,196,0.23381656,1,imagenet_c,defocus_blur,1,none
efficientnet_b4,ILSVRC2012_val_00045674.JPEG,n02097047,196,196,0.30137664,1,imagenet_c,defocus_blur,1,none
efficientnet_b4,ILSVRC2012_val_00046002.JPEG,n02097047,196,183,0.19382246,0,imagenet_c,defocus_blur,1,none
efficientnet_b4,ILSVRC2012_val_00046124.JPEG,n02097047,196,196,0.4497523,1,imagenet_c,defocus_blur,1,none
efficientnet_b4,ILSVRC2012_val_00046290.JPEG,n02097047,196,233,0.104449205,0,imagenet_c,defocus_blur,1,none
efficientnet_b4,ILSVRC2012_val_00046995.JPEG,n02097047,196,198,0.41983664,0,imagenet_c,defocus_blur,1,none
efficientnet_b4,ILSVRC2012_val_00047084.JPEG,n02097047,196,188,0.28242984,0,imagenet_c,defocus_blur,1,none
efficientnet_b4,ILSVRC2012_val_00048183.JPEG,n02097047,196,190,0.62682927,0,imagenet_c,defocus_blur,1,none
efficientnet_b4,ILSVRC2012_val_00002573.JPEG,n02097130,197,197,0.52383274,1,imagenet_c,defocus_blur,1,none
efficientnet_b4,ILSVRC2012_val_00003758.JPEG,n02097130,197,197,0.4440134,1,imagenet_c,defocus_blur,1,none
efficientnet_b4,ILSVRC2012_val_00004248.JPEG,n02097130,197,233,0.31855577,0,imagenet_c,defocus_blur,1,none
efficientnet_b4,ILSVRC2012_val_00004251.JPEG,n02097130,197,233,0.4028903,0,imagenet_c,defocus_blur,1,none
efficientnet_b4,ILSVRC2012_val_00004560.JPEG,n02097130,197,197,0.5239472,1,imagenet_c,defocus_blur,1,none
efficientnet_b4,ILSVRC2012_val_00004593.JPEG,n02097130,197,197,0.90110713,1,imagenet_c,defocus_blur,1,none
efficientnet_b4,ILSVRC2012_val_00005896.JPEG,n02097130,197,197,0.4128269,1,imagenet_c,defocus_blur,1,none
efficientnet_b4,ILSVRC2012_val_00006744.JPEG,n02097130,197,189,0.17011537,0,imagenet_c,defocus_blur,1,none
efficientnet_b4,ILSVRC2012_val_00008207.JPEG,n02097130,197,226,0.1654643,0,imagenet_c,defocus_blur,1,none
efficientnet_b4,ILSVRC2012_val_00009030.JPEG,n02097130,197,183,0.3182001,0,imagenet_c,defocus_blur,1,none
efficientnet_b4,ILSVRC2012_val_00010402.JPEG,n02097130,197,233,0.42350224,0,imagenet_c,defocus_blur,1,none
efficientnet_b4,ILSVRC2012_val_00010563.JPEG,n02097130,197,197,0.46207646,1,imagenet_c,defocus_blur,1,none
efficientnet_b4,ILSVRC2012_val_00011340.JPEG,n02097130,197,197,0.4173352,1,imagenet_c,defocus_blur,1,none
efficientnet_b4,ILSVRC2012_val_00012299.JPEG,n02097130,197,233,0.29054713,0,imagenet_c,defocus_blur,1,none
efficientnet_b4,ILSVRC2012_val_00013448.JPEG,n02097130,197,197,0.5326834,1,imagenet_c,defocus_blur,1,none
efficientnet_b4,ILSVRC2012_val_00014157.JPEG,n02097130,197,199,0.28983498,0,imagenet_c,defocus_blur,1,none
efficientnet_b4,ILSVRC2012_val_00017326.JPEG,n02097130,197,197,0.24956673,1,imagenet_c,defocus_blur,1,none
efficientnet_b4,ILSVRC2012_val_00017476.JPEG,n02097130,197,197,0.639314,1,imagenet_c,defocus_blur,1,none
efficientnet_b4,ILSVRC2012_val_00019220.JPEG,n02097130,197,197,0.2602817,1,imagenet_c,defocus_blur,1,none
efficientnet_b4,ILSVRC2012_val_00019500.JPEG,n02097130,197,197,0.25001347,1,imagenet_c,defocus_blur,1,none
efficientnet_b4,ILSVRC2012_val_00020243.JPEG,n02097130,197,197,0.3861927,1,imagenet_c,defocus_blur,1,none
efficientnet_b4,ILSVRC2012_val_00021599.JPEG,n02097130,197,197,0.6329737,1,imagenet_c,defocus_blur,1,none
efficientnet_b4,ILSVRC2012_val_00023320.JPEG,n02097130,197,205,0.49951363,0,imagenet_c,defocus_blur,1,none
efficientnet_b4,ILSVRC2012_val_00027178.JPEG,n02097130,197,197,0.5363499,1,imagenet_c,defocus_blur,1,none
efficientnet_b4,ILSVRC2012_val_00029609.JPEG,n02097130,197,183,0.32695523,0,imagenet_c,defocus_blur,1,none
efficientnet_b4,ILSVRC2012_val_00031856.JPEG,n02097130,197,197,0.39181614,1,imagenet_c,defocus_blur,1,none
efficientnet_b4,ILSVRC2012_val_00032381.JPEG,n02097130,197,198,0.47117165,0,imagenet_c,defocus_blur,1,none
efficientnet_b4,ILSVRC2012_val_00032524.JPEG,n02097130,197,197,0.38988355,1,imagenet_c,defocus_blur,1,none
efficientnet_b4,ILSVRC2012_val_00033856.JPEG,n02097130,197,197,0.20509277,1,imagenet_c,defocus_blur,1,none
efficientnet_b4,ILSVRC2012_val_00033958.JPEG,n02097130,197,197,0.062446557,1,imagenet_c,defocus_blur,1,none
efficientnet_b4,ILSVRC2012_val_00034166.JPEG,n02097130,197,191,0.15635367,0,imagenet_c,defocus_blur,1,none
efficientnet_b4,ILSVRC2012_val_00035986.JPEG,n02097130,197,233,0.29104534,0,imagenet_c,defocus_blur,1,none
efficientnet_b4,ILSVRC2012_val_00037583.JPEG,n02097130,197,197,0.3132237,1,imagenet_c,defocus_blur,1,none
efficientnet_b4,ILSVRC2012_val_00038174.JPEG,n02097130,197,225,0.2104996,0,imagenet_c,defocus_blur,1,none
efficientnet_b4,ILSVRC2012_val_00038625.JPEG,n02097130,197,197,0.5846258,1,imagenet_c,defocus_blur,1,none
efficientnet_b4,ILSVRC2012_val_00039666.JPEG,n02097130,197,197,0.32774052,1,imagenet_c,defocus_blur,1,none
efficientnet_b4,ILSVRC2012_val_00040836.JPEG,n02097130,197,197,0.31595454,1,imagenet_c,defocus_blur,1,none
efficientnet_b4,ILSVRC2012_val_00041568.JPEG,n02097130,197,199,0.27856463,0,imagenet_c,defocus_blur,1,none
efficientnet_b4,ILSVRC2012_val_00042201.JPEG,n02097130,197,233,0.5249977,0,imagenet_c,defocus_blur,1,none
efficientnet_b4,ILSVRC2012_val_00043186.JPEG,n02097130,197,197,0.36760172,1,imagenet_c,defocus_blur,1,none
efficientnet_b4,ILSVRC2012_val_00043796.JPEG,n02097130,197,197,0.33223256,1,imagenet_c,defocus_blur,1,none
efficientnet_b4,ILSVRC2012_val_00044820.JPEG,n02097130,197,183,0.5166431,0,imagenet_c,defocus_blur,1,none
efficientnet_b4,ILSVRC2012_val_00045665.JPEG,n02097130,197,199,0.30372787,0,imagenet_c,defocus_blur,1,none
efficientnet_b4,ILSVRC2012_val_00045760.JPEG,n02097130,197,197,0.13040873,1,imagenet_c,defocus_blur,1,none
efficientnet_b4,ILSVRC2012_val_00047585.JPEG,n02097130,197,233,0.26388338,0,imagenet_c,defocus_blur,1,none
efficientnet_b4,ILSVRC2012_val_00048087.JPEG,n02097130,197,197,0.23071949,1,imagenet_c,defocus_blur,1,none
efficientnet_b4,ILSVRC2012_val_00048355.JPEG,n02097130,197,197,0.5062745,1,imagenet_c,defocus_blur,1,none
efficientnet_b4,ILSVRC2012_val_00048493.JPEG,n02097130,197,197,0.46893892,1,imagenet_c,defocus_blur,1,none
efficientnet_b4,ILSVRC2012_val_00049063.JPEG,n02097130,197,197,0.24858375,1,imagenet_c,defocus_blur,1,none
efficientnet_b4,ILSVRC2012_val_00049281.JPEG,n02097130,197,197,0.6508859,1,imagenet_c,defocus_blur,1,none
efficientnet_b4,ILSVRC2012_val_00000044.JPEG,n02097209,198,198,0.48467967,1,imagenet_c,defocus_blur,1,none
efficientnet_b4,ILSVRC2012_val_00000889.JPEG,n02097209,198,198,0.7701564,1,imagenet_c,defocus_blur,1,none
efficientnet_b4,ILSVRC2012_val_00003731.JPEG,n02097209,198,198,0.59314334,1,imagenet_c,defocus_blur,1,none
efficientnet_b4,ILSVRC2012_val_00004287.JPEG,n02097209,198,198,0.8824089,1,imagenet_c,defocus_blur,1,none
efficientnet_b4,ILSVRC2012_val_00004960.JPEG,n02097209,198,198,0.7170755,1,imagenet_c,defocus_blur,1,none
efficientnet_b4,ILSVRC2012_val_00006069.JPEG,n02097209,198,198,0.6220649,1,imagenet_c,defocus_blur,1,none
efficientnet_b4,ILSVRC2012_val_00006178.JPEG,n02097209,198,198,0.52409714,1,imagenet_c,defocus_blur,1,none
efficientnet_b4,ILSVRC2012_val_00008453.JPEG,n02097209,198,198,0.5264816,1,imagenet_c,defocus_blur,1,none
efficientnet_b4,ILSVRC2012_val_00009362.JPEG,n02097209,198,198,0.65716064,1,imagenet_c,defocus_blur,1,none
efficientnet_b4,ILSVRC2012_val_00009589.JPEG,n02097209,198,198,0.6089367,1,imagenet_c,defocus_blur,1,none
efficientnet_b4,ILSVRC2012_val_00010046.JPEG,n02097209,198,198,0.5047466,1,imagenet_c,defocus_blur,1,none
efficientnet_b4,ILSVRC2012_val_00010536.JPEG,n02097209,198,198,0.7045343,1,imagenet_c,defocus_blur,1,none
efficientnet_b4,ILSVRC2012_val_00010718.JPEG,n02097209,198,198,0.38934726,1,imagenet_c,defocus_blur,1,none
efficientnet_b4,ILSVRC2012_val_00010720.JPEG,n02097209,198,198,0.7235147,1,imagenet_c,defocus_blur,1,none
efficientnet_b4,ILSVRC2012_val_00011057.JPEG,n02097209,198,198,0.6073447,1,imagenet_c,defocus_blur,1,none
efficientnet_b4,ILSVRC2012_val_00012157.JPEG,n02097209,198,216,0.06559163,0,imagenet_c,defocus_blur,1,none
efficientnet_b4,ILSVRC2012_val_00012193.JPEG,n02097209,198,198,0.50567204,1,imagenet_c,defocus_blur,1,none
efficientnet_b4,ILSVRC2012_val_00013145.JPEG,n02097209,198,198,0.71342754,1,imagenet_c,defocus_blur,1,none
efficientnet_b4,ILSVRC2012_val_00015592.JPEG,n02097209,198,198,0.7894431,1,imagenet_c,defocus_blur,1,none
efficientnet_b4,ILSVRC2012_val_00016642.JPEG,n02097209,198,198,0.7592336,1,imagenet_c,defocus_blur,1,none
efficientnet_b4,ILSVRC2012_val_00019215.JPEG,n02097209,198,198,0.76502514,1,imagenet_c,defocus_blur,1,none
efficientnet_b4,ILSVRC2012_val_00020311.JPEG,n02097209,198,198,0.5521992,1,imagenet_c,defocus_blur,1,none
efficientnet_b4,ILSVRC2012_val_00022042.JPEG,n02097209,198,198,0.70568436,1,imagenet_c,defocus_blur,1,none
efficientnet_b4,ILSVRC2012_val_00022856.JPEG,n02097209,198,198,0.548631,1,imagenet_c,defocus_blur,1,none
efficientnet_b4,ILSVRC2012_val_00023893.JPEG,n02097209,198,198,0.6127398,1,imagenet_c,defocus_blur,1,none
efficientnet_b4,ILSVRC2012_val_00024508.JPEG,n02097209,198,198,0.62639105,1,imagenet_c,defocus_blur,1,none
efficientnet_b4,ILSVRC2012_val_00024888.JPEG,n02097209,198,198,0.548209,1,imagenet_c,defocus_blur,1,none
efficientnet_b4,ILSVRC2012_val_00025185.JPEG,n02097209,198,198,0.35862955,1,imagenet_c,defocus_blur,1,none
efficientnet_b4,ILSVRC2012_val_00025606.JPEG,n02097209,198,198,0.74132,1,imagenet_c,defocus_blur,1,none
efficientnet_b4,ILSVRC2012_val_00027268.JPEG,n02097209,198,198,0.74658895,1,imagenet_c,defocus_blur,1,none
efficientnet_b4,ILSVRC2012_val_00027855.JPEG,n02097209,198,198,0.34153962,1,imagenet_c,defocus_blur,1,none
efficientnet_b4,ILSVRC2012_val_00028152.JPEG,n02097209,198,198,0.6228077,1,imagenet_c,defocus_blur,1,none
efficientnet_b4,ILSVRC2012_val_00028518.JPEG,n02097209,198,197,0.28497118,0,imagenet_c,defocus_blur,1,none
efficientnet_b4,ILSVRC2012_val_00028691.JPEG,n02097209,198,198,0.6605214,1,imagenet_c,defocus_blur,1,none
efficientnet_b4,ILSVRC2012_val_00030213.JPEG,n02097209,198,198,0.47250584,1,imagenet_c,defocus_blur,1,none
efficientnet_b4,ILSVRC2012_val_00031127.JPEG,n02097209,198,198,0.63490963,1,imagenet_c,defocus_blur,1,none
efficientnet_b4,ILSVRC2012_val_00033454.JPEG,n02097209,198,198,0.7060896,1,imagenet_c,defocus_blur,1,none
efficientnet_b4,ILSVRC2012_val_00034823.JPEG,n02097209,198,198,0.44888213,1,imagenet_c,defocus_blur,1,none
efficientnet_b4,ILSVRC2012_val_00036876.JPEG,n02097209,198,198,0.7091571,1,imagenet_c,defocus_blur,1,none
efficientnet_b4,ILSVRC2012_val_00036919.JPEG,n02097209,198,198,0.3277269,1,imagenet_c,defocus_blur,1,none
efficientnet_b4,ILSVRC2012_val_00037194.JPEG,n02097209,198,198,0.5158637,1,imagenet_c,defocus_blur,1,none
efficientnet_b4,ILSVRC2012_val_00038680.JPEG,n02097209,198,198,0.60857004,1,imagenet_c,defocus_blur,1,none
efficientnet_b4,ILSVRC2012_val_00038884.JPEG,n02097209,198,198,0.42370543,1,imagenet_c,defocus_blur,1,none
efficientnet_b4,ILSVRC2012_val_00039008.JPEG,n02097209,198,198,0.42634153,1,imagenet_c,defocus_blur,1,none
efficientnet_b4,ILSVRC2012_val_00040565.JPEG,n02097209,198,198,0.76036245,1,imagenet_c,defocus_blur,1,none
efficientnet_b4,ILSVRC2012_val_00040720.JPEG,n02097209,198,198,0.75394475,1,imagenet_c,defocus_blur,1,none
efficientnet_b4,ILSVRC2012_val_00041251.JPEG,n02097209,198,196,0.15329778,0,imagenet_c,defocus_blur,1,none
efficientnet_b4,ILSVRC2012_val_00045917.JPEG,n02097209,198,198,0.5927979,1,imagenet_c,defocus_blur,1,none
efficientnet_b4,ILSVRC2012_val_00046151.JPEG,n02097209,198,198,0.63298255,1,imagenet_c,defocus_blur,1,none
efficientnet_b4,ILSVRC2012_val_00048588.JPEG,n02097209,198,198,0.35685053,1,imagenet_c,defocus_blur,1,none
efficientnet_b4,ILSVRC2012_val_00000411.JPEG,n02097298,199,199,0.66301924,1,imagenet_c,defocus_blur,1,none
efficientnet_b4,ILSVRC2012_val_00000440.JPEG,n02097298,199,199,0.51200855,1,imagenet_c,defocus_blur,1,none
efficientnet_b4,ILSVRC2012_val_00001445.JPEG,n02097298,199,203,0.6204737,0,imagenet_c,defocus_blur,1,none
efficientnet_b4,ILSVRC2012_val_00002313.JPEG,n02097298,199,199,0.55297107,1,imagenet_c,defocus_blur,1,none
efficientnet_b4,ILSVRC2012_val_00003232.JPEG,n02097298,199,199,0.48779422,1,imagenet_c,defocus_blur,1,none
efficientnet_b4,ILSVRC2012_val_00003584.JPEG,n02097298,199,199,0.42929956,1,imagenet_c,defocus_blur,1,none
efficientnet_b4,ILSVRC2012_val_00004549.JPEG,n02097298,199,199,0.69256943,1,imagenet_c,defocus_blur,1,none
efficientnet_b4,ILSVRC2012_val_00007388.JPEG,n02097298,199,199,0.19065239,1,imagenet_c,defocus_blur,1,none
efficientnet_b4,ILSVRC2012_val_00007546.JPEG,n02097298,199,199,0.8050277,1,imagenet_c,defocus_blur,1,none
efficientnet_b4,ILSVRC2012_val_00009256.JPEG,n02097298,199,645,0.043898933,0,imagenet_c,defocus_blur,1,none
efficientnet_b4,ILSVRC2012_val_00010169.JPEG,n02097298,199,203,0.50991774,0,imagenet_c,defocus_blur,1,none
efficientnet_b4,ILSVRC2012_val_00011138.JPEG,n02097298,199,199,0.64247113,1,imagenet_c,defocus_blur,1,none
efficientnet_b4,ILSVRC2012_val_00012181.JPEG,n02097298,199,199,0.53016824,1,imagenet_c,defocus_blur,1,none
efficientnet_b4,ILSVRC2012_val_00012364.JPEG,n02097298,199,199,0.6042021,1,imagenet_c,defocus_blur,1,none
efficientnet_b4,ILSVRC2012_val_00012695.JPEG,n02097298,199,199,0.45858362,1,imagenet_c,defocus_blur,1,none
efficientnet_b4,ILSVRC2012_val_00012881.JPEG,n02097298,199,203,0.40641898,0,imagenet_c,defocus_blur,1,none
efficientnet_b4,ILSVRC2012_val_00013243.JPEG,n02097298,199,199,0.56761396,1,imagenet_c,defocus_blur,1,none
efficientnet_b4,ILSVRC2012_val_00013424.JPEG,n02097298,199,199,0.35439724,1,imagenet_c,defocus_blur,1,none
efficientnet_b4,ILSVRC2012_val_00014283.JPEG,n02097298,199,199,0.6556239,1,imagenet_c,defocus_blur,1,none
efficientnet_b4,ILSVRC2012_val_00014441.JPEG,n02097298,199,199,0.21829505,1,imagenet_c,defocus_blur,1,none
efficientnet_b4,ILSVRC2012_val_00015164.JPEG,n02097298,199,199,0.733903,1,imagenet_c,defocus_blur,1,none
efficientnet_b4,ILSVRC2012_val_00015774.JPEG,n02097298,199,265,0.16600765,0,imagenet_c,defocus_blur,1,none
efficientnet_b4,ILSVRC2012_val_00017057.JPEG,n02097298,199,199,0.6952124,1,imagenet_c,defocus_blur,1,none
efficientnet_b4,ILSVRC2012_val_00017537.JPEG,n02097298,199,205,0.11325524,0,imagenet_c,defocus_blur,1,none
efficientnet_b4,ILSVRC2012_val_00018804.JPEG,n02097298,199,199,0.4598088,1,imagenet_c,defocus_blur,1,none
efficientnet_b4,ILSVRC2012_val_00018973.JPEG,n02097298,199,199,0.62672466,1,imagenet_c,defocus_blur,1,none
efficientnet_b4,ILSVRC2012_val_00018988.JPEG,n02097298,199,199,0.3147855,1,imagenet_c,defocus_blur,1,none
efficientnet_b4,ILSVRC2012_val_00019057.JPEG,n02097298,199,199,0.7615734,1,imagenet_c,defocus_blur,1,none
efficientnet_b4,ILSVRC2012_val_00022388.JPEG,n02097298,199,203,0.3359883,0,imagenet_c,defocus_blur,1,none
efficientnet_b4,ILSVRC2012_val_00022922.JPEG,n02097298,199,183,0.05776951,0,imagenet_c,defocus_blur,1,none
efficientnet_b4,ILSVRC2012_val_00023055.JPEG,n02097298,199,199,0.6926492,1,imagenet_c,defocus_blur,1,none
efficientnet_b4,ILSVRC2012_val_00024756.JPEG,n02097298,199,251,0.16742061,0,imagenet_c,defocus_blur,1,none
efficientnet_b4,ILSVRC2012_val_00025649.JPEG,n02097298,199,792,0.03199697,0,imagenet_c,defocus_blur,1,none
efficientnet_b4,ILSVRC2012_val_00027162.JPEG,n02097298,199,199,0.5296583,1,imagenet_c,defocus_blur,1,none
efficientnet_b4,ILSVRC2012_val_00027601.JPEG,n02097298,199,199,0.62093765,1,imagenet_c,defocus_blur,1,none
efficientnet_b4,ILSVRC2012_val_00028300.JPEG,n02097298,199,224,0.17965008,0,imagenet_c,defocus_blur,1,none
efficientnet_b4,ILSVRC2012_val_00028500.JPEG,n02097298,199,199,0.5799347,1,imagenet_c,defocus_blur,1,none
efficientnet_b4,ILSVRC2012_val_00028766.JPEG,n02097298,199,199,0.6392721,1,imagenet_c,defocus_blur,1,none
efficientnet_b4,ILSVRC2012_val_00029657.JPEG,n02097298,199,199,0.54051703,1,imagenet_c,defocus_blur,1,none
efficientnet_b4,ILSVRC2012_val_00031084.JPEG,n02097298,199,199,0.53192794,1,imagenet_c,defocus_blur,1,none
efficientnet_b4,ILSVRC2012_val_00031395.JPEG,n02097298,199,199,0.16782774,1,imagenet_c,defocus_blur,1,none
efficientnet_b4,ILSVRC2012_val_00032291.JPEG,n02097298,199,199,0.7754228,1,imagenet_c,defocus_blur,1,none
efficientnet_b4,ILSVRC2012_val_00043974.JPEG,n02097298,199,199,0.5244455,1,imagenet_c,defocus_blur,1,none
efficientnet_b4,ILSVRC2012_val_00044429.JPEG,n02097298,199,199,0.16898306,1,imagenet_c,defocus_blur,1,none
efficientnet_b4,ILSVRC2012_val_00046712.JPEG,n02097298,199,203,0.6193377,0,imagenet_c,defocus_blur,1,none
efficientnet_b4,ILSVRC2012_val_00047572.JPEG,n02097298,199,199,0.56039876,1,imagenet_c,defocus_blur,1,none
efficientnet_b4,ILSVRC2012_val_00047649.JPEG,n02097298,199,199,0.62388307,1,imagenet_c,defocus_blur,1,none
efficientnet_b4,ILSVRC2012_val_00048361.JPEG,n02097298,199,199,0.60382265,1,imagenet_c,defocus_blur,1,none
efficientnet_b4,ILSVRC2012_val_00048527.JPEG,n02097298,199,190,0.06389506,0,imagenet_c,defocus_blur,1,none
efficientnet_b4,ILSVRC2012_val_00049757.JPEG,n02097298,199,199,0.6205585,1,imagenet_c,defocus_blur,1,none
efficientnet_b4,ILSVRC2012_val_00000802.JPEG,n02097474,200,200,0.36195374,1,imagenet_c,defocus_blur,1,none
efficientnet_b4,ILSVRC2012_val_00000882.JPEG,n02097474,200,200,0.5400752,1,imagenet_c,defocus_blur,1,none
efficientnet_b4,ILSVRC2012_val_00001284.JPEG,n02097474,200,200,0.24313927,1,imagenet_c,defocus_blur,1,none
efficientnet_b4,ILSVRC2012_val_00002318.JPEG,n02097474,200,155,0.39417845,0,imagenet_c,defocus_blur,1,none
efficientnet_b4,ILSVRC2012_val_00002320.JPEG,n02097474,200,200,0.8622026,1,imagenet_c,defocus_blur,1,none
efficientnet_b4,ILSVRC2012_val_00002630.JPEG,n02097474,200,200,0.6222469,1,imagenet_c,defocus_blur,1,none
efficientnet_b4,ILSVRC2012_val_00003485.JPEG,n02097474,200,200,0.52930754,1,imagenet_c,defocus_blur,1,none
efficientnet_b4,ILSVRC2012_val_00004045.JPEG,n02097474,200,200,0.49870673,1,imagenet_c,defocus_blur,1,none
efficientnet_b4,ILSVRC2012_val_00004358.JPEG,n02097474,200,200,0.60171825,1,imagenet_c,defocus_blur,1,none
efficientnet_b4,ILSVRC2012_val_00004539.JPEG,n02097474,200,200,0.2936006,1,imagenet_c,defocus_blur,1,none
efficientnet_b4,ILSVRC2012_val_00005082.JPEG,n02097474,200,185,0.2719854,0,imagenet_c,defocus_blur,1,none
efficientnet_b4,ILSVRC2012_val_00007452.JPEG,n02097474,200,200,0.58570725,1,imagenet_c,defocus_blur,1,none
efficientnet_b4,ILSVRC2012_val_00008000.JPEG,n02097474,200,233,0.25356954,0,imagenet_c,defocus_blur,1,none
efficientnet_b4,ILSVRC2012_val_00008488.JPEG,n02097474,200,175,0.6011259,0,imagenet_c,defocus_blur,1,none
efficientnet_b4,ILSVRC2012_val_00009764.JPEG,n02097474,200,204,0.21654004,0,imagenet_c,defocus_blur,1,none
efficientnet_b4,ILSVRC2012_val_00011240.JPEG,n02097474,200,200,0.19012974,1,imagenet_c,defocus_blur,1,none
efficientnet_b4,ILSVRC2012_val_00011258.JPEG,n02097474,200,193,0.09796301,0,imagenet_c,defocus_blur,1,none
efficientnet_b4,ILSVRC2012_val_00011895.JPEG,n02097474,200,200,0.7267419,1,imagenet_c,defocus_blur,1,none
efficientnet_b4,ILSVRC2012_val_00014109.JPEG,n02097474,200,204,0.2712343,0,imagenet_c,defocus_blur,1,none
efficientnet_b4,ILSVRC2012_val_00014189.JPEG,n02097474,200,196,0.18591365,0,imagenet_c,defocus_blur,1,none
efficientnet_b4,ILSVRC2012_val_00015950.JPEG,n02097474,200,194,0.22060397,0,imagenet_c,defocus_blur,1,none
efficientnet_b4,ILSVRC2012_val_00016076.JPEG,n02097474,200,200,0.57555866,1,imagenet_c,defocus_blur,1,none
efficientnet_b4,ILSVRC2012_val_00020633.JPEG,n02097474,200,200,0.48495376,1,imagenet_c,defocus_blur,1,none
efficientnet_b4,ILSVRC2012_val_00023469.JPEG,n02097474,200,200,0.15878114,1,imagenet_c,defocus_blur,1,none
efficientnet_b4,ILSVRC2012_val_00023486.JPEG,n02097474,200,200,0.6509701,1,imagenet_c,defocus_blur,1,none
efficientnet_b4,ILSVRC2012_val_00023596.JPEG,n02097474,200,233,0.39852566,0,imagenet_c,defocus_blur,1,none
efficientnet_b4,ILSVRC2012_val_00023955.JPEG,n02097474,200,252,0.18466492,0,imagenet_c,defocus_blur,1,none
efficientnet_b4,ILSVRC2012_val_00024345.JPEG,n02097474,200,175,0.2739016,0,imagenet_c,defocus_blur,1,none
efficientnet_b4,ILSVRC2012_val_00024655.JPEG,n02097474,200,200,0.6414735,1,imagenet_c,defocus_blur,1,none
efficientnet_b4,ILSVRC2012_val_00025055.JPEG,n02097474,200,200,0.34153977,1,imagenet_c,defocus_blur,1,none
efficientnet_b4,ILSVRC2012_val_00025261.JPEG,n02097474,200,200,0.48776263,1,imagenet_c,defocus_blur,1,none
efficientnet_b4,ILSVRC2012_val_00025400.JPEG,n02097474,200,200,0.41052443,1,imagenet_c,defocus_blur,1,none
efficientnet_b4,ILSVRC2012_val_00029774.JPEG,n02097474,200,200,0.3679822,1,imagenet_c,defocus_blur,1,none
efficientnet_b4,ILSVRC2012_val_00033149.JPEG,n02097474,200,232,0.18221533,0,imagenet_c,defocus_blur,1,none
efficientnet_b4,ILSVRC2012_val_00033285.JPEG,n02097474,200,200,0.42617196,1,imagenet_c,defocus_blur,1,none
efficientnet_b4,ILSVRC2012_val_00034884.JPEG,n02097474,200,200,0.57406914,1,imagenet_c,defocus_blur,1,none
efficientnet_b4,ILSVRC2012_val_00036865.JPEG,n02097474,200,200,0.6709405,1,imagenet_c,defocus_blur,1,none
efficientnet_b4,ILSVRC2012_val_00038294.JPEG,n02097474,200,200,0.14929017,1,imagenet_c,defocus_blur,1,none
efficientnet_b4,ILSVRC2012_val_00038580.JPEG,n02097474,200,200,0.35408518,1,imagenet_c,defocus_blur,1,none
efficientnet_b4,ILSVRC2012_val_00038867.JPEG,n02097474,200,155,0.3923876,0,imagenet_c,defocus_blur,1,none
efficientnet_b4,ILSVRC2012_val_00039144.JPEG,n02097474,200,200,0.45906812,1,imagenet_c,defocus_blur,1,none
efficientnet_b4,ILSVRC2012_val_00039212.JPEG,n02097474,200,204,0.20171542,0,imagenet_c,defocus_blur,1,none
efficientnet_b4,ILSVRC2012_val_00039711.JPEG,n02097474,200,226,0.23747054,0,imagenet_c,defocus_blur,1,none
efficientnet_b4,ILSVRC2012_val_00039870.JPEG,n02097474,200,200,0.16745354,1,imagenet_c,defocus_blur,1,none
efficientnet_b4,ILSVRC2012_val_00043598.JPEG,n02097474,200,200,0.4277334,1,imagenet_c,defocus_blur,1,none
efficientnet_b4,ILSVRC2012_val_00044135.JPEG,n02097474,200,200,0.3419766,1,imagenet_c,defocus_blur,1,none
efficientnet_b4,ILSVRC2012_val_00044819.JPEG,n02097474,200,200,0.6022009,1,imagenet_c,defocus_blur,1,none
efficientnet_b4,ILSVRC2012_val_00045741.JPEG,n02097474,200,185,0.16906239,0,imagenet_c,defocus_blur,1,none
efficientnet_b4,ILSVRC2012_val_00046144.JPEG,n02097474,200,233,0.35247654,0,imagenet_c,defocus_blur,1,none
efficientnet_b4,ILSVRC2012_val_00047152.JPEG,n02097474,200,252,0.27043703,0,imagenet_c,defocus_blur,1,none
efficientnet_b4,ILSVRC2012_val_00000105.JPEG,n02097658,201,201,0.5448711,1,imagenet_c,defocus_blur,1,none
efficientnet_b4,ILSVRC2012_val_00000799.JPEG,n02097658,201,187,0.32615635,0,imagenet_c,defocus_blur,1,none
efficientnet_b4,ILSVRC2012_val_00002222.JPEG,n02097658,201,201,0.266694,1,imagenet_c,defocus_blur,1,none
efficientnet_b4,ILSVRC2012_val_00002558.JPEG,n02097658,201,201,0.36659414,1,imagenet_c,defocus_blur,1,none
efficientnet_b4,ILSVRC2012_val_00002765.JPEG,n02097658,201,187,0.33562323,0,imagenet_c,defocus_blur,1,none
efficientnet_b4,ILSVRC2012_val_00003869.JPEG,n02097658,201,201,0.5211308,1,imagenet_c,defocus_blur,1,none
efficientnet_b4,ILSVRC2012_val_00004744.JPEG,n02097658,201,201,0.5529902,1,imagenet_c,defocus_blur,1,none
efficientnet_b4,ILSVRC2012_val_00004989.JPEG,n02097658,201,201,0.3892668,1,imagenet_c,defocus_blur,1,none
efficientnet_b4,ILSVRC2012_val_00005174.JPEG,n02097658,201,201,0.375246,1,imagenet_c,defocus_blur,1,none
efficientnet_b4,ILSVRC2012_val_00005758.JPEG,n02097658,201,193,0.23949485,0,imagenet_c,defocus_blur,1,none
efficientnet_b4,ILSVRC2012_val_00006610.JPEG,n02097658,201,201,0.36430985,1,imagenet_c,defocus_blur,1,none
efficientnet_b4,ILSVRC2012_val_00007102.JPEG,n02097658,201,187,0.32857907,0,imagenet_c,defocus_blur,1,none
efficientnet_b4,ILSVRC2012_val_00009488.JPEG,n02097658,201,201,0.27355674,1,imagenet_c,defocus_blur,1,none
efficientnet_b4,ILSVRC2012_val_00009848.JPEG,n02097658,201,201,0.29200783,1,imagenet_c,defocus_blur,1,none
efficientnet_b4,ILSVRC2012_val_00010125.JPEG,n02097658,201,201,0.5453414,1,imagenet_c,defocus_blur,1,none
efficientnet_b4,ILSVRC2012_val_00010450.JPEG,n02097658,201,175,0.122027844,0,imagenet_c,defocus_blur,1,none
efficientnet_b4,ILSVRC2012_val_00012549.JPEG,n02097658,201,201,0.5650623,1,imagenet_c,defocus_blur,1,none
efficientnet_b4,ILSVRC2012_val_00013549.JPEG,n02097658,201,194,0.24336442,0,imagenet_c,defocus_blur,1,none
efficientnet_b4,ILSVRC2012_val_00013728.JPEG,n02097658,201,201,0.20044231,1,imagenet_c,defocus_blur,1,none
efficientnet_b4,ILSVRC2012_val_00014259.JPEG,n02097658,201,185,0.28281057,0,imagenet_c,defocus_blur,1,none
efficientnet_b4,ILSVRC2012_val_00015119.JPEG,n02097658,201,201,0.2631404,1,imagenet_c,defocus_blur,1,none
efficientnet_b4,ILSVRC2012_val_00017158.JPEG,n02097658,201,187,0.4966672,0,imagenet_c,defocus_blur,1,none
efficientnet_b4,ILSVRC2012_val_00017515.JPEG,n02097658,201,185,0.09742567,0,imagenet_c,defocus_blur,1,none
efficientnet_b4,ILSVRC2012_val_00020815.JPEG,n02097658,201,187,0.29186705,0,imagenet_c,defocus_blur,1,none
efficientnet_b4,ILSVRC2012_val_00021362.JPEG,n02097658,201,235,0.041233983,0,imagenet_c,defocus_blur,1,none
efficientnet_b4,ILSVRC2012_val_00021426.JPEG,n02097658,201,201,0.49727762,1,imagenet_c,defocus_blur,1,none
efficientnet_b4,ILSVRC2012_val_00022656.JPEG,n02097658,201,157,0.067843996,0,imagenet_c,defocus_blur,1,none
efficientnet_b4,ILSVRC2012_val_00022686.JPEG,n02097658,201,187,0.14084204,0,imagenet_c,defocus_blur,1,none
efficientnet_b4,ILSVRC2012_val_00024329.JPEG,n02097658,201,201,0.51569045,1,imagenet_c,defocus_blur,1,none
efficientnet_b4,ILSVRC2012_val_00025048.JPEG,n02097658,201,193,0.2445793,0,imagenet_c,defocus_blur,1,none
efficientnet_b4,ILSVRC2012_val_00025289.JPEG,n02097658,201,201,0.45618242,1,imagenet_c,defocus_blur,1,none
efficientnet_b4,ILSVRC2012_val_00026153.JPEG,n02097658,201,201,0.40610605,1,imagenet_c,defocus_blur,1,none
efficientnet_b4,ILSVRC2012_val_00028192.JPEG,n02097658,201,201,0.4084416,1,imagenet_c,defocus_blur,1,none
efficientnet_b4,ILSVRC2012_val_00029652.JPEG,n02097658,201,201,0.7101156,1,imagenet_c,defocus_blur,1,none
efficientnet_b4,ILSVRC2012_val_00031646.JPEG,n02097658,201,187,0.23652244,0,imagenet_c,defocus_blur,1,none
efficientnet_b4,ILSVRC2012_val_00032532.JPEG,n02097658,201,201,0.1720735,1,imagenet_c,defocus_blur,1,none
efficientnet_b4,ILSVRC2012_val_00033775.JPEG,n02097658,201,189,0.14101665,0,imagenet_c,defocus_blur,1,none
efficientnet_b4,ILSVRC2012_val_00034815.JPEG,n02097658,201,201,0.57481414,1,imagenet_c,defocus_blur,1,none
efficientnet_b4,ILSVRC2012_val_00035805.JPEG,n02097658,201,201,0.14569977,1,imagenet_c,defocus_blur,1,none
efficientnet_b4,ILSVRC2012_val_00037202.JPEG,n02097658,201,201,0.25364092,1,imagenet_c,defocus_blur,1,none
efficientnet_b4,ILSVRC2012_val_00040109.JPEG,n02097658,201,201,0.5597228,1,imagenet_c,defocus_blur,1,none
efficientnet_b4,ILSVRC2012_val_00040641.JPEG,n02097658,201,201,0.3127648,1,imagenet_c,defocus_blur,1,none
efficientnet_b4,ILSVRC2012_val_00040875.JPEG,n02097658,201,201,0.2094276,1,imagenet_c,defocus_blur,1,none
efficientnet_b4,ILSVRC2012_val_00042451.JPEG,n02097658,201,207,0.09294509,0,imagenet_c,defocus_blur,1,none
efficientnet_b4,ILSVRC2012_val_00043476.JPEG,n02097658,201,193,0.5551035,0,imagenet_c,defocus_blur,1,none
efficientnet_b4,ILSVRC2012_val_00044231.JPEG,n02097658,201,187,0.44488677,0,imagenet_c,defocus_blur,1,none
efficientnet_b4,ILSVRC2012_val_00044353.JPEG,n02097658,201,201,0.3191613,1,imagenet_c,defocus_blur,1,none
efficientnet_b4,ILSVRC2012_val_00044453.JPEG,n02097658,201,187,0.17573477,0,imagenet_c,defocus_blur,1,none
efficientnet_b4,ILSVRC2012_val_00045634.JPEG,n02097658,201,193,0.27192208,0,imagenet_c,defocus_blur,1,none
efficientnet_b4,ILSVRC2012_val_00049653.JPEG,n02097658,201,201,0.16835,1,imagenet_c,defocus_blur,1,none
efficientnet_b4,ILSVRC2012_val_00000748.JPEG,n02098105,202,202,0.7586421,1,imagenet_c,defocus_blur,1,none
efficientnet_b4,ILSVRC2012_val_00001923.JPEG,n02098105,202,202,0.2226194,1,imagenet_c,defocus_blur,1,none
efficientnet_b4,ILSVRC2012_val_00003198.JPEG,n02098105,202,202,0.44129696,1,imagenet_c,defocus_blur,1,none
efficientnet_b4,ILSVRC2012_val_00003791.JPEG,n02098105,202,202,0.3091628,1,imagenet_c,defocus_blur,1,none
efficientnet_b4,ILSVRC2012_val_00005267.JPEG,n02098105,202,202,0.40830222,1,imagenet_c,defocus_blur,1,none
efficientnet_b4,ILSVRC2012_val_00006133.JPEG,n02098105,202,202,0.38581184,1,imagenet_c,defocus_blur,1,none
efficientnet_b4,ILSVRC2012_val_00007366.JPEG,n02098105,202,202,0.6158329,1,imagenet_c,defocus_blur,1,none
efficientnet_b4,ILSVRC2012_val_00008201.JPEG,n02098105,202,202,0.57546663,1,imagenet_c,defocus_blur,1,none
efficientnet_b4,ILSVRC2012_val_00008813.JPEG,n02098105,202,202,0.54996496,1,imagenet_c,defocus_blur,1,none
efficientnet_b4,ILSVRC2012_val_00008926.JPEG,n02098105,202,189,0.18073444,0,imagenet_c,defocus_blur,1,none
efficientnet_b4,ILSVRC2012_val_00009019.JPEG,n02098105,202,202,0.44804958,1,imagenet_c,defocus_blur,1,none
efficientnet_b4,ILSVRC2012_val_00009427.JPEG,n02098105,202,202,0.4682649,1,imagenet_c,defocus_blur,1,none
efficientnet_b4,ILSVRC2012_val_00010624.JPEG,n02098105,202,202,0.1889655,1,imagenet_c,defocus_blur,1,none
efficientnet_b4,ILSVRC2012_val_00011184.JPEG,n02098105,202,202,0.40460542,1,imagenet_c,defocus_blur,1,none
efficientnet_b4,ILSVRC2012_val_00012004.JPEG,n02098105,202,202,0.46262512,1,imagenet_c,defocus_blur,1,none
efficientnet_b4,ILSVRC2012_val_00012527.JPEG,n02098105,202,202,0.34849378,1,imagenet_c,defocus_blur,1,none
efficientnet_b4,ILSVRC2012_val_00015135.JPEG,n02098105,202,189,0.13833459,0,imagenet_c,defocus_blur,1,none
efficientnet_b4,ILSVRC2012_val_00016567.JPEG,n02098105,202,202,0.31785643,1,imagenet_c,defocus_blur,1,none
efficientnet_b4,ILSVRC2012_val_00016860.JPEG,n02098105,202,175,0.46828926,0,imagenet_c,defocus_blur,1,none
efficientnet_b4,ILSVRC2012_val_00021058.JPEG,n02098105,202,200,0.4218879,0,imagenet_c,defocus_blur,1,none
efficientnet_b4,ILSVRC2012_val_00021904.JPEG,n02098105,202,202,0.31279126,1,imagenet_c,defocus_blur,1,none
efficientnet_b4,ILSVRC2012_val_00022576.JPEG,n02098105,202,202,0.38153976,1,imagenet_c,defocus_blur,1,none
efficientnet_b4,ILSVRC2012_val_00023394.JPEG,n02098105,202,226,0.25597647,0,imagenet_c,defocus_blur,1,none
efficientnet_b4,ILSVRC2012_val_00023764.JPEG,n02098105,202,189,0.5320029,0,imagenet_c,defocus_blur,1,none
efficientnet_b4,ILSVRC2012_val_00025970.JPEG,n02098105,202,202,0.6010743,1,imagenet_c,defocus_blur,1,none
efficientnet_b4,ILSVRC2012_val_00026691.JPEG,n02098105,202,189,0.13315168,0,imagenet_c,defocus_blur,1,none
efficientnet_b4,ILSVRC2012_val_00027820.JPEG,n02098105,202,194,0.34011635,0,imagenet_c,defocus_blur,1,none
efficientnet_b4,ILSVRC2012_val_00028052.JPEG,n02098105,202,202,0.26107758,1,imagenet_c,defocus_blur,1,none
efficientnet_b4,ILSVRC2012_val_00029024.JPEG,n02098105,202,170,0.14774328,0,imagenet_c,defocus_blur,1,none
efficientnet_b4,ILSVRC2012_val_00029277.JPEG,n02098105,202,202,0.62637985,1,imagenet_c,defocus_blur,1,none
efficientnet_b4,ILSVRC2012_val_00029834.JPEG,n02098105,202,202,0.3492252,1,imagenet_c,defocus_blur,1,none
efficientnet_b4,ILSVRC2012_val_00031223.JPEG,n02098105,202,202,0.72629863,1,imagenet_c,defocus_blur,1,none
efficientnet_b4,ILSVRC2012_val_00031531.JPEG,n02098105,202,202,0.2998942,1,imagenet_c,defocus_blur,1,none
efficientnet_b4,ILSVRC2012_val_00031905.JPEG,n02098105,202,184,0.34098732,0,imagenet_c,defocus_blur,1,none
efficientnet_b4,ILSVRC2012_val_00032049.JPEG,n02098105,202,202,0.25096473,1,imagenet_c,defocus_blur,1,none
efficientnet_b4,ILSVRC2012_val_00032301.JPEG,n02098105,202,202,0.6475286,1,imagenet_c,defocus_blur,1,none
efficientnet_b4,ILSVRC2012_val_00032582.JPEG,n02098105,202,202,0.27656868,1,imagenet_c,defocus_blur,1,none
efficientnet_b4,ILSVRC2012_val_00034514.JPEG,n02098105,202,202,0.36950696,1,imagenet_c,defocus_blur,1,none
efficientnet_b4,ILSVRC2012_val_00035398.JPEG,n02098105,202,202,0.4375179,1,imagenet_c,defocus_blur,1,none
efficientnet_b4,ILSVRC2012_val_00035847.JPEG,n02098105,202,266,0.28985292,0,imagenet_c,defocus_blur,1,none
efficientnet_b4,ILSVRC2012_val_00036069.JPEG,n02098105,202,202,0.56154644,1,imagenet_c,defocus_blur,1,none
efficientnet_b4,ILSVRC2012_val_00036333.JPEG,n02098105,202,177,0.1437411,0,imagenet_c,defocus_blur,1,none
efficientnet_b4,ILSVRC2012_val_00036959.JPEG,n02098105,202,202,0.34720662,1,imagenet_c,defocus_blur,1,none
efficientnet_b4,ILSVRC2012_val_00041118.JPEG,n02098105,202,202,0.41605672,1,imagenet_c,defocus_blur,1,none
efficientnet_b4,ILSVRC2012_val_00041133.JPEG,n02098105,202,202,0.38927144,1,imagenet_c,defocus_blur,1,none
efficientnet_b4,ILSVRC2012_val_00041356.JPEG,n02098105,202,267,0.30944422,0,imagenet_c,defocus_blur,1,none
efficientnet_b4,ILSVRC2012_val_00042628.JPEG,n02098105,202,202,0.24524444,1,imagenet_c,defocus_blur,1,none
efficientnet_b4,ILSVRC2012_val_00044461.JPEG,n02098105,202,202,0.3160182,1,imagenet_c,defocus_blur,1,none
efficientnet_b4,ILSVRC2012_val_00045987.JPEG,n02098105,202,202,0.5196851,1,imagenet_c,defocus_blur,1,none
efficientnet_b4,ILSVRC2012_val_00046670.JPEG,n02098105,202,202,0.22691748,1,imagenet_c,defocus_blur,1,none
efficientnet_b4,ILSVRC2012_val_00002784.JPEG,n02098286,203,203,0.5878898,1,imagenet_c,defocus_blur,1,none
efficientnet_b4,ILSVRC2012_val_00003276.JPEG,n02098286,203,203,0.57219523,1,imagenet_c,defocus_blur,1,none
efficientnet_b4,ILSVRC2012_val_00006667.JPEG,n02098286,203,203,0.3477197,1,imagenet_c,defocus_blur,1,none
efficientnet_b4,ILSVRC2012_val_00006848.JPEG,n02098286,203,203,0.52499825,1,imagenet_c,defocus_blur,1,none
efficientnet_b4,ILSVRC2012_val_00007746.JPEG,n02098286,203,196,0.08937664,0,imagenet_c,defocus_blur,1,none
efficientnet_b4,ILSVRC2012_val_00008945.JPEG,n02098286,203,203,0.4180695,1,imagenet_c,defocus_blur,1,none
efficientnet_b4,ILSVRC2012_val_00010524.JPEG,n02098286,203,203,0.2802237,1,imagenet_c,defocus_blur,1,none
efficientnet_b4,ILSVRC2012_val_00013050.JPEG,n02098286,203,203,0.30668148,1,imagenet_c,defocus_blur,1,none
efficientnet_b4,ILSVRC2012_val_00013573.JPEG,n02098286,203,203,0.62495106,1,imagenet_c,defocus_blur,1,none
efficientnet_b4,ILSVRC2012_val_00014962.JPEG,n02098286,203,203,0.6418025,1,imagenet_c,defocus_blur,1,none
efficientnet_b4,ILSVRC2012_val_00015415.JPEG,n02098286,203,203,0.21801907,1,imagenet_c,defocus_blur,1,none
efficientnet_b4,ILSVRC2012_val_00016552.JPEG,n02098286,203,203,0.38126382,1,imagenet_c,defocus_blur,1,none
efficientnet_b4,ILSVRC2012_val_00018069.JPEG,n02098286,203,203,0.19832988,1,imagenet_c,defocus_blur,1,none
efficientnet_b4,ILSVRC2012_val_00018703.JPEG,n02098286,203,203,0.37506634,1,imagenet_c,defocus_blur,1,none
efficientnet_b4,ILSVRC2012_val_00020651.JPEG,n02098286,203,203,0.67460173,1,imagenet_c,defocus_blur,1,none
efficientnet_b4,ILSVRC2012_val_00024476.JPEG,n02098286,203,203,0.51404625,1,imagenet_c,defocus_blur,1,none
efficientnet_b4,ILSVRC2012_val_00024637.JPEG,n02098286,203,203,0.38931733,1,imagenet_c,defocus_blur,1,none
efficientnet_b4,ILSVRC2012_val_00024935.JPEG,n02098286,203,203,0.30481547,1,imagenet_c,defocus_blur,1,none
efficientnet_b4,ILSVRC2012_val_00025645.JPEG,n02098286,203,203,0.4552687,1,imagenet_c,defocus_blur,1,none
efficientnet_b4,ILSVRC2012_val_00027017.JPEG,n02098286,203,203,0.6237743,1,imagenet_c,defocus_blur,1,none
efficientnet_b4,ILSVRC2012_val_00028368.JPEG,n02098286,203,203,0.61819327,1,imagenet_c,defocus_blur,1,none
efficientnet_b4,ILSVRC2012_val_00028799.JPEG,n02098286,203,203,0.23593329,1,imagenet_c,defocus_blur,1,none
efficientnet_b4,ILSVRC2012_val_00028892.JPEG,n02098286,203,203,0.5341078,1,imagenet_c,defocus_blur,1,none
efficientnet_b4,ILSVRC2012_val_00028945.JPEG,n02098286,203,203,0.18248832,1,imagenet_c,defocus_blur,1,none
efficientnet_b4,ILSVRC2012_val_00029760.JPEG,n02098286,203,203,0.30753672,1,imagenet_c,defocus_blur,1,none
efficientnet_b4,ILSVRC2012_val_00030138.JPEG,n02098286,203,203,0.32760537,1,imagenet_c,defocus_blur,1,none
efficientnet_b4,ILSVRC2012_val_00030961.JPEG,n02098286,203,156,0.21532542,0,imagenet_c,defocus_blur,1,none
efficientnet_b4,ILSVRC2012_val_00031054.JPEG,n02098286,203,203,0.35708573,1,imagenet_c,defocus_blur,1,none
efficientnet_b4,ILSVRC2012_val_00032194.JPEG,n02098286,203,203,0.5351586,1,imagenet_c,defocus_blur,1,none
efficientnet_b4,ILSVRC2012_val_00033033.JPEG,n02098286,203,203,0.5721826,1,imagenet_c,defocus_blur,1,none
efficientnet_b4,ILSVRC2012_val_00034576.JPEG,n02098286,203,203,0.44117662,1,imagenet_c,defocus_blur,1,none
efficientnet_b4,ILSVRC2012_val_00035333.JPEG,n02098286,203,203,0.57562524,1,imagenet_c,defocus_blur,1,none
efficientnet_b4,ILSVRC2012_val_00035944.JPEG,n02098286,203,203,0.47381926,1,imagenet_c,defocus_blur,1,none
efficientnet_b4,ILSVRC2012_val_00036498.JPEG,n02098286,203,203,0.6918199,1,imagenet_c,defocus_blur,1,none
efficientnet_b4,ILSVRC2012_val_00038253.JPEG,n02098286,203,203,0.4508565,1,imagenet_c,defocus_blur,1,none
efficientnet_b4,ILSVRC2012_val_00038999.JPEG,n02098286,203,203,0.5822452,1,imagenet_c,defocus_blur,1,none
efficientnet_b4,ILSVRC2012_val_00039699.JPEG,n02098286,203,203,0.54341775,1,imagenet_c,defocus_blur,1,none
efficientnet_b4,ILSVRC2012_val_00040114.JPEG,n02098286,203,203,0.44502264,1,imagenet_c,defocus_blur,1,none
efficientnet_b4,ILSVRC2012_val_00041157.JPEG,n02098286,203,203,0.23104909,1,imagenet_c,defocus_blur,1,none
efficientnet_b4,ILSVRC2012_val_00041358.JPEG,n02098286,203,203,0.545537,1,imagenet_c,defocus_blur,1,none
efficientnet_b4,ILSVRC2012_val_00041578.JPEG,n02098286,203,199,0.2365878,0,imagenet_c,defocus_blur,1,none
efficientnet_b4,ILSVRC2012_val_00043038.JPEG,n02098286,203,203,0.34860483,1,imagenet_c,defocus_blur,1,none
efficientnet_b4,ILSVRC2012_val_00043827.JPEG,n02098286,203,203,0.59344864,1,imagenet_c,defocus_blur,1,none
efficientnet_b4,ILSVRC2012_val_00044593.JPEG,n02098286,203,203,0.55284965,1,imagenet_c,defocus_blur,1,none
efficientnet_b4,ILSVRC2012_val_00044696.JPEG,n02098286,203,203,0.5698341,1,imagenet_c,defocus_blur,1,none
efficientnet_b4,ILSVRC2012_val_00044776.JPEG,n02098286,203,203,0.40640393,1,imagenet_c,defocus_blur,1,none
efficientnet_b4,ILSVRC2012_val_00045035.JPEG,n02098286,203,203,0.49586755,1,imagenet_c,defocus_blur,1,none
efficientnet_b4,ILSVRC2012_val_00045584.JPEG,n02098286,203,203,0.2763532,1,imagenet_c,defocus_blur,1,none
efficientnet_b4,ILSVRC2012_val_00047721.JPEG,n02098286,203,203,0.3053132,1,imagenet_c,defocus_blur,1,none
efficientnet_b4,ILSVRC2012_val_00048420.JPEG,n02098286,203,222,0.22524208,0,imagenet_c,defocus_blur,1,none
efficientnet_b4,ILSVRC2012_val_00001481.JPEG,n02098413,204,204,0.67698985,1,imagenet_c,defocus_blur,1,none
efficientnet_b4,ILSVRC2012_val_00001764.JPEG,n02098413,204,154,0.06728836,0,imagenet_c,defocus_blur,1,none
efficientnet_b4,ILSVRC2012_val_00001955.JPEG,n02098413,204,204,0.3864493,1,imagenet_c,defocus_blur,1,none
efficientnet_b4,ILSVRC2012_val_00003377.JPEG,n02098413,204,212,0.1265363,0,imagenet_c,defocus_blur,1,none
efficientnet_b4,ILSVRC2012_val_00005239.JPEG,n02098413,204,204,0.33925167,1,imagenet_c,defocus_blur,1,none
efficientnet_b4,ILSVRC2012_val_00005255.JPEG,n02098413,204,204,0.30237105,1,imagenet_c,defocus_blur,1,none
efficientnet_b4,ILSVRC2012_val_00005685.JPEG,n02098413,204,153,0.61172605,0,imagenet_c,defocus_blur,1,none
efficientnet_b4,ILSVRC2012_val_00006585.JPEG,n02098413,204,204,0.2902412,1,imagenet_c,defocus_blur,1,none
efficientnet_b4,ILSVRC2012_val_00006609.JPEG,n02098413,204,204,0.6608369,1,imagenet_c,defocus_blur,1,none
efficientnet_b4,ILSVRC2012_val_00007497.JPEG,n02098413,204,204,0.40688404,1,imagenet_c,defocus_blur,1,none
efficientnet_b4,ILSVRC2012_val_00007828.JPEG,n02098413,204,204,0.7742132,1,imagenet_c,defocus_blur,1,none
efficientnet_b4,ILSVRC2012_val_00008487.JPEG,n02098413,204,266,0.1708435,0,imagenet_c,defocus_blur,1,none
efficientnet_b4,ILSVRC2012_val_00008639.JPEG,n02098413,204,204,0.24282216,1,imagenet_c,defocus_blur,1,none
efficientnet_b4,ILSVRC2012_val_00008859.JPEG,n02098413,204,153,0.61245775,0,imagenet_c,defocus_blur,1,none
efficientnet_b4,ILSVRC2012_val_00009190.JPEG,n02098413,204,204,0.51978225,1,imagenet_c,defocus_blur,1,none
efficientnet_b4,ILSVRC2012_val_00009755.JPEG,n02098413,204,204,0.77821827,1,imagenet_c,defocus_blur,1,none
efficientnet_b4,ILSVRC2012_val_00011063.JPEG,n02098413,204,204,0.3134702,1,imagenet_c,defocus_blur,1,none
efficientnet_b4,ILSVRC2012_val_00012931.JPEG,n02098413,204,204,0.34249353,1,imagenet_c,defocus_blur,1,none
efficientnet_b4,ILSVRC2012_val_00015063.JPEG,n02098413,204,200,0.21960856,0,imagenet_c,defocus_blur,1,none
efficientnet_b4,ILSVRC2012_val_00015096.JPEG,n02098413,204,204,0.69853544,1,imagenet_c,defocus_blur,1,none
efficientnet_b4,ILSVRC2012_val_00016689.JPEG,n02098413,204,153,0.6961222,0,imagenet_c,defocus_blur,1,none
efficientnet_b4,ILSVRC2012_val_00020428.JPEG,n02098413,204,204,0.49622574,1,imagenet_c,defocus_blur,1,none
efficientnet_b4,ILSVRC2012_val_00025423.JPEG,n02098413,204,204,0.6923187,1,imagenet_c,defocus_blur,1,none
efficientnet_b4,ILSVRC2012_val_00025739.JPEG,n02098413,204,204,0.85108286,1,imagenet_c,defocus_blur,1,none
efficientnet_b4,ILSVRC2012_val_00028616.JPEG,n02098413,204,204,0.42637235,1,imagenet_c,defocus_blur,1,none
efficientnet_b4,ILSVRC2012_val_00029364.JPEG,n02098413,204,204,0.7570327,1,imagenet_c,defocus_blur,1,none
efficientnet_b4,ILSVRC2012_val_00029693.JPEG,n02098413,204,204,0.5613674,1,imagenet_c,defocus_blur,1,none
efficientnet_b4,ILSVRC2012_val_00030555.JPEG,n02098413,204,185,0.16588707,0,imagenet_c,defocus_blur,1,none
efficientnet_b4,ILSVRC2012_val_00030660.JPEG,n02098413,204,155,0.32446504,0,imagenet_c,defocus_blur,1,none
efficientnet_b4,ILSVRC2012_val_00031453.JPEG,n02098413,204,204,0.44760144,1,imagenet_c,defocus_blur,1,none
efficientnet_b4,ILSVRC2012_val_00031626.JPEG,n02098413,204,204,0.6383962,1,imagenet_c,defocus_blur,1,none
efficientnet_b4,ILSVRC2012_val_00032318.JPEG,n02098413,204,204,0.19719608,1,imagenet_c,defocus_blur,1,none
efficientnet_b4,ILSVRC2012_val_00033278.JPEG,n02098413,204,200,0.2170024,0,imagenet_c,defocus_blur,1,none
efficientnet_b4,ILSVRC2012_val_00033308.JPEG,n02098413,204,204,0.28788644,1,imagenet_c,defocus_blur,1,none
efficientnet_b4,ILSVRC2012_val_00033577.JPEG,n02098413,204,204,0.4182841,1,imagenet_c,defocus_blur,1,none
efficientnet_b4,ILSVRC2012_val_00033763.JPEG,n02098413,204,204,0.53060305,1,imagenet_c,defocus_blur,1,none
efficientnet_b4,ILSVRC2012_val_00035633.JPEG,n02098413,204,204,0.52042615,1,imagenet_c,defocus_blur,1,none
efficientnet_b4,ILSVRC2012_val_00036023.JPEG,n02098413,204,153,0.57228804,0,imagenet_c,defocus_blur,1,none
efficientnet_b4,ILSVRC2012_val_00037853.JPEG,n02098413,204,204,0.5859886,1,imagenet_c,defocus_blur,1,none
efficientnet_b4,ILSVRC2012_val_00038403.JPEG,n02098413,204,204,0.5871716,1,imagenet_c,defocus_blur,1,none
efficientnet_b4,ILSVRC2012_val_00039807.JPEG,n02098413,204,155,0.3402728,0,imagenet_c,defocus_blur,1,none
efficientnet_b4,ILSVRC2012_val_00042888.JPEG,n02098413,204,204,0.71050763,1,imagenet_c,defocus_blur,1,none
efficientnet_b4,ILSVRC2012_val_00044357.JPEG,n02098413,204,200,0.29081365,0,imagenet_c,defocus_blur,1,none
efficientnet_b4,ILSVRC2012_val_00045094.JPEG,n02098413,204,204,0.74485743,1,imagenet_c,defocus_blur,1,none
efficientnet_b4,ILSVRC2012_val_00046043.JPEG,n02098413,204,153,0.32048827,0,imagenet_c,defocus_blur,1,none
efficientnet_b4,ILSVRC2012_val_00048235.JPEG,n02098413,204,177,0.13394278,0,imagenet_c,defocus_blur,1,none
efficientnet_b4,ILSVRC2012_val_00048238.JPEG,n02098413,204,204,0.28455073,1,imagenet_c,defocus_blur,1,none
efficientnet_b4,ILSVRC2012_val_00048379.JPEG,n02098413,204,219,0.49299723,0,imagenet_c,defocus_blur,1,none
efficientnet_b4,ILSVRC2012_val_00049190.JPEG,n02098413,204,155,0.13488837,0,imagenet_c,defocus_blur,1,none
efficientnet_b4,ILSVRC2012_val_00049558.JPEG,n02098413,204,204,0.36493763,1,imagenet_c,defocus_blur,1,none
efficientnet_b4,ILSVRC2012_val_00000824.JPEG,n02099267,205,205,0.39944032,1,imagenet_c,defocus_blur,1,none
efficientnet_b4,ILSVRC2012_val_00002764.JPEG,n02099267,205,205,0.42567733,1,imagenet_c,defocus_blur,1,none
efficientnet_b4,ILSVRC2012_val_00003856.JPEG,n02099267,205,165,0.32549614,0,imagenet_c,defocus_blur,1,none
efficientnet_b4,ILSVRC2012_val_00003898.JPEG,n02099267,205,198,0.06758452,0,imagenet_c,defocus_blur,1,none
efficientnet_b4,ILSVRC2012_val_00004228.JPEG,n02099267,205,206,0.5964693,0,imagenet_c,defocus_blur,1,none
efficientnet_b4,ILSVRC2012_val_00004341.JPEG,n02099267,205,205,0.29495278,1,imagenet_c,defocus_blur,1,none
efficientnet_b4,ILSVRC2012_val_00008395.JPEG,n02099267,205,205,0.49434328,1,imagenet_c,defocus_blur,1,none
efficientnet_b4,ILSVRC2012_val_00009505.JPEG,n02099267,205,205,0.4566774,1,imagenet_c,defocus_blur,1,none
efficientnet_b4,ILSVRC2012_val_00010382.JPEG,n02099267,205,205,0.1596105,1,imagenet_c,defocus_blur,1,none
efficientnet_b4,ILSVRC2012_val_00011764.JPEG,n02099267,205,205,0.52931726,1,imagenet_c,defocus_blur,1,none
efficientnet_b4,ILSVRC2012_val_00012007.JPEG,n02099267,205,205,0.7749742,1,imagenet_c,defocus_blur,1,none
efficientnet_b4,ILSVRC2012_val_00012015.JPEG,n02099267,205,205,0.40928394,1,imagenet_c,defocus_blur,1,none
efficientnet_b4,ILSVRC2012_val_00013712.JPEG,n02099267,205,206,0.3018996,0,imagenet_c,defocus_blur,1,none
efficientnet_b4,ILSVRC2012_val_00014636.JPEG,n02099267,205,205,0.24498329,1,imagenet_c,defocus_blur,1,none
efficientnet_b4,ILSVRC2012_val_00017321.JPEG,n02099267,205,205,0.6956599,1,imagenet_c,defocus_blur,1,none
efficientnet_b4,ILSVRC2012_val_00019226.JPEG,n02099267,205,205,0.3190377,1,imagenet_c,defocus_blur,1,none
efficientnet_b4,ILSVRC2012_val_00020892.JPEG,n02099267,205,252,0.13803299,0,imagenet_c,defocus_blur,1,none
efficientnet_b4,ILSVRC2012_val_00021456.JPEG,n02099267,205,205,0.5733105,1,imagenet_c,defocus_blur,1,none
efficientnet_b4,ILSVRC2012_val_00022333.JPEG,n02099267,205,208,0.08034666,0,imagenet_c,defocus_blur,1,none
efficientnet_b4,ILSVRC2012_val_00023611.JPEG,n02099267,205,205,0.44989562,1,imagenet_c,defocus_blur,1,none
efficientnet_b4,ILSVRC2012_val_00025184.JPEG,n02099267,205,205,0.2587796,1,imagenet_c,defocus_blur,1,none
efficientnet_b4,ILSVRC2012_val_00026803.JPEG,n02099267,205,205,0.4351966,1,imagenet_c,defocus_blur,1,none
efficientnet_b4,ILSVRC2012_val_00027230.JPEG,n02099267,205,205,0.16679922,1,imagenet_c,defocus_blur,1,none
efficientnet_b4,ILSVRC2012_val_00027402.JPEG,n02099267,205,252,0.16580917,0,imagenet_c,defocus_blur,1,none
efficientnet_b4,ILSVRC2012_val_00027677.JPEG,n02099267,205,205,0.3508132,1,imagenet_c,defocus_blur,1,none
efficientnet_b4,ILSVRC2012_val_00029888.JPEG,n02099267,205,205,0.5066554,1,imagenet_c,defocus_blur,1,none
efficientnet_b4,ILSVRC2012_val_00030236.JPEG,n02099267,205,205,0.6808775,1,imagenet_c,defocus_blur,1,none
efficientnet_b4,ILSVRC2012_val_00030810.JPEG,n02099267,205,205,0.3604437,1,imagenet_c,defocus_blur,1,none
efficientnet_b4,ILSVRC2012_val_00031325.JPEG,n02099267,205,246,0.2878587,0,imagenet_c,defocus_blur,1,none
efficientnet_b4,ILSVRC2012_val_00031591.JPEG,n02099267,205,205,0.61917084,1,imagenet_c,defocus_blur,1,none
efficientnet_b4,ILSVRC2012_val_00032490.JPEG,n02099267,205,205,0.51396644,1,imagenet_c,defocus_blur,1,none
efficientnet_b4,ILSVRC2012_val_00033072.JPEG,n02099267,205,205,0.68010706,1,imagenet_c,defocus_blur,1,none
efficientnet_b4,ILSVRC2012_val_00033206.JPEG,n02099267,205,206,0.07962104,0,imagenet_c,defocus_blur,1,none
efficientnet_b4,ILSVRC2012_val_00034556.JPEG,n02099267,205,205,0.4572826,1,imagenet_c,defocus_blur,1,none
efficientnet_b4,ILSVRC2012_val_00034920.JPEG,n02099267,205,205,0.24654485,1,imagenet_c,defocus_blur,1,none
efficientnet_b4,ILSVRC2012_val_00035675.JPEG,n02099267,205,210,0.27838507,0,imagenet_c,defocus_blur,1,none
efficientnet_b4,ILSVRC2012_val_00035859.JPEG,n02099267,205,205,0.45163262,1,imagenet_c,defocus_blur,1,none
efficientnet_b4,ILSVRC2012_val_00035881.JPEG,n02099267,205,252,0.17500106,0,imagenet_c,defocus_blur,1,none
efficientnet_b4,ILSVRC2012_val_00036887.JPEG,n02099267,205,205,0.36261943,1,imagenet_c,defocus_blur,1,none
efficientnet_b4,ILSVRC2012_val_00037059.JPEG,n02099267,205,214,0.3468566,0,imagenet_c,defocus_blur,1,none
efficientnet_b4,ILSVRC2012_val_00038434.JPEG,n02099267,205,205,0.48999217,1,imagenet_c,defocus_blur,1,none
efficientnet_b4,ILSVRC2012_val_00039504.JPEG,n02099267,205,266,0.2961211,0,imagenet_c,defocus_blur,1,none
efficientnet_b4,ILSVRC2012_val_00039543.JPEG,n02099267,205,205,0.24782683,1,imagenet_c,defocus_blur,1,none
efficientnet_b4,ILSVRC2012_val_00040660.JPEG,n02099267,205,246,0.26658556,0,imagenet_c,defocus_blur,1,none
efficientnet_b4,ILSVRC2012_val_00043050.JPEG,n02099267,205,205,0.18672414,1,imagenet_c,defocus_blur,1,none
efficientnet_b4,ILSVRC2012_val_00044501.JPEG,n02099267,205,205,0.39184117,1,imagenet_c,defocus_blur,1,none
efficientnet_b4,ILSVRC2012_val_00045739.JPEG,n02099267,205,205,0.13434686,1,imagenet_c,defocus_blur,1,none
efficientnet_b4,ILSVRC2012_val_00045963.JPEG,n02099267,205,205,0.20158009,1,imagenet_c,defocus_blur,1,none
efficientnet_b4,ILSVRC2012_val_00047671.JPEG,n02099267,205,205,0.55848545,1,imagenet_c,defocus_blur,1,none
efficientnet_b4,ILSVRC2012_val_00048874.JPEG,n02099267,205,205,0.2658716,1,imagenet_c,defocus_blur,1,none
efficientnet_b4,ILSVRC2012_val_00001434.JPEG,n02099429,206,206,0.68202883,1,imagenet_c,defocus_blur,1,none
efficientnet_b4,ILSVRC2012_val_00003061.JPEG,n02099429,206,206,0.41288626,1,imagenet_c,defocus_blur,1,none
efficientnet_b4,ILSVRC2012_val_00005699.JPEG,n02099429,206,206,0.3910405,1,imagenet_c,defocus_blur,1,none
efficientnet_b4,ILSVRC2012_val_00005767.JPEG,n02099429,206,206,0.44814885,1,imagenet_c,defocus_blur,1,none
efficientnet_b4,ILSVRC2012_val_00005816.JPEG,n02099429,206,206,0.31887943,1,imagenet_c,defocus_blur,1,none
efficientnet_b4,ILSVRC2012_val_00006836.JPEG,n02099429,206,221,0.36075896,0,imagenet_c,defocus_blur,1,none
efficientnet_b4,ILSVRC2012_val_00008966.JPEG,n02099429,206,206,0.59208125,1,imagenet_c,defocus_blur,1,none
efficientnet_b4,ILSVRC2012_val_00010107.JPEG,n02099429,206,206,0.59903616,1,imagenet_c,defocus_blur,1,none
efficientnet_b4,ILSVRC2012_val_00010328.JPEG,n02099429,206,206,0.51733434,1,imagenet_c,defocus_blur,1,none
efficientnet_b4,ILSVRC2012_val_00011061.JPEG,n02099429,206,206,0.25254136,1,imagenet_c,defocus_blur,1,none
efficientnet_b4,ILSVRC2012_val_00011793.JPEG,n02099429,206,221,0.46494776,0,imagenet_c,defocus_blur,1,none
efficientnet_b4,ILSVRC2012_val_00012952.JPEG,n02099429,206,206,0.4168321,1,imagenet_c,defocus_blur,1,none
efficientnet_b4,ILSVRC2012_val_00014586.JPEG,n02099429,206,205,0.3569055,0,imagenet_c,defocus_blur,1,none
efficientnet_b4,ILSVRC2012_val_00014766.JPEG,n02099429,206,138,0.051592924,0,imagenet_c,defocus_blur,1,none
efficientnet_b4,ILSVRC2012_val_00015349.JPEG,n02099429,206,206,0.22175245,1,imagenet_c,defocus_blur,1,none
efficientnet_b4,ILSVRC2012_val_00018361.JPEG,n02099429,206,206,0.7073469,1,imagenet_c,defocus_blur,1,none
efficientnet_b4,ILSVRC2012_val_00018862.JPEG,n02099429,206,206,0.71416205,1,imagenet_c,defocus_blur,1,none
efficientnet_b4,ILSVRC2012_val_00019162.JPEG,n02099429,206,220,0.23495364,0,imagenet_c,defocus_blur,1,none
efficientnet_b4,ILSVRC2012_val_00019607.JPEG,n02099429,206,206,0.5522995,1,imagenet_c,defocus_blur,1,none
efficientnet_b4,ILSVRC2012_val_00020347.JPEG,n02099429,206,357,0.26615852,0,imagenet_c,defocus_blur,1,none
efficientnet_b4,ILSVRC2012_val_00023634.JPEG,n02099429,206,206,0.33695295,1,imagenet_c,defocus_blur,1,none
efficientnet_b4,ILSVRC2012_val_00023717.JPEG,n02099429,206,206,0.44374427,1,imagenet_c,defocus_blur,1,none
efficientnet_b4,ILSVRC2012_val_00024723.JPEG,n02099429,206,206,0.27719814,1,imagenet_c,defocus_blur,1,none
efficientnet_b4,ILSVRC2012_val_00025714.JPEG,n02099429,206,206,0.5014526,1,imagenet_c,defocus_blur,1,none
efficientnet_b4,ILSVRC2012_val_00027322.JPEG,n02099429,206,206,0.63715947,1,imagenet_c,defocus_blur,1,none
efficientnet_b4,ILSVRC2012_val_00028050.JPEG,n02099429,206,179,0.12948206,0,imagenet_c,defocus_blur,1,none
efficientnet_b4,ILSVRC2012_val_00028965.JPEG,n02099429,206,206,0.5377848,1,imagenet_c,defocus_blur,1,none
efficientnet_b4,ILSVRC2012_val_00028985.JPEG,n02099429,206,206,0.45752093,1,imagenet_c,defocus_blur,1,none
efficientnet_b4,ILSVRC2012_val_00030579.JPEG,n02099429,206,206,0.36124408,1,imagenet_c,defocus_blur,1,none
efficientnet_b4,ILSVRC2012_val_00030633.JPEG,n02099429,206,206,0.28765056,1,imagenet_c,defocus_blur,1,none
efficientnet_b4,ILSVRC2012_val_00031281.JPEG,n02099429,206,206,0.41441098,1,imagenet_c,defocus_blur,1,none
efficientnet_b4,ILSVRC2012_val_00031534.JPEG,n02099429,206,206,0.57292926,1,imagenet_c,defocus_blur,1,none
efficientnet_b4,ILSVRC2012_val_00032181.JPEG,n02099429,206,206,0.12349325,1,imagenet_c,defocus_blur,1,none
efficientnet_b4,ILSVRC2012_val_00032264.JPEG,n02099429,206,197,0.38274756,0,imagenet_c,defocus_blur,1,none
efficientnet_b4,ILSVRC2012_val_00035206.JPEG,n02099429,206,205,0.20896089,0,imagenet_c,defocus_blur,1,none
efficientnet_b4,ILSVRC2012_val_00036467.JPEG,n02099429,206,206,0.37825054,1,imagenet_c,defocus_blur,1,none
efficientnet_b4,ILSVRC2012_val_00036808.JPEG,n02099429,206,189,0.4771209,0,imagenet_c,defocus_blur,1,none
efficientnet_b4,ILSVRC2012_val_00038868.JPEG,n02099429,206,206,0.581117,1,imagenet_c,defocus_blur,1,none
efficientnet_b4,ILSVRC2012_val_00038920.JPEG,n02099429,206,206,0.75321466,1,imagenet_c,defocus_blur,1,none
efficientnet_b4,ILSVRC2012_val_00039794.JPEG,n02099429,206,206,0.6873493,1,imagenet_c,defocus_blur,1,none
efficientnet_b4,ILSVRC2012_val_00039823.JPEG,n02099429,206,206,0.54867136,1,imagenet_c,defocus_blur,1,none
efficientnet_b4,ILSVRC2012_val_00039894.JPEG,n02099429,206,206,0.5962205,1,imagenet_c,defocus_blur,1,none
efficientnet_b4,ILSVRC2012_val_00040055.JPEG,n02099429,206,206,0.6746907,1,imagenet_c,defocus_blur,1,none
efficientnet_b4,ILSVRC2012_val_00041438.JPEG,n02099429,206,251,0.24816963,0,imagenet_c,defocus_blur,1,none
efficientnet_b4,ILSVRC2012_val_00041503.JPEG,n02099429,206,206,0.3227118,1,imagenet_c,defocus_blur,1,none
efficientnet_b4,ILSVRC2012_val_00044629.JPEG,n02099429,206,224,0.12500347,0,imagenet_c,defocus_blur,1,none
efficientnet_b4,ILSVRC2012_val_00046466.JPEG,n02099429,206,206,0.6343503,1,imagenet_c,defocus_blur,1,none
efficientnet_b4,ILSVRC2012_val_00048032.JPEG,n02099429,206,206,0.43653008,1,imagenet_c,defocus_blur,1,none
efficientnet_b4,ILSVRC2012_val_00048141.JPEG,n02099429,206,206,0.27181274,1,imagenet_c,defocus_blur,1,none
efficientnet_b4,ILSVRC2012_val_00048720.JPEG,n02099429,206,206,0.7022548,1,imagenet_c,defocus_blur,1,none
efficientnet_b4,ILSVRC2012_val_00001112.JPEG,n02099601,207,207,0.6739473,1,imagenet_c,defocus_blur,1,none
efficientnet_b4,ILSVRC2012_val_00001123.JPEG,n02099601,207,207,0.16036,1,imagenet_c,defocus_blur,1,none
efficientnet_b4,ILSVRC2012_val_00001191.JPEG,n02099601,207,207,0.31481698,1,imagenet_c,defocus_blur,1,none
efficientnet_b4,ILSVRC2012_val_00005068.JPEG,n02099601,207,207,0.5967639,1,imagenet_c,defocus_blur,1,none
efficientnet_b4,ILSVRC2012_val_00005697.JPEG,n02099601,207,207,0.58961684,1,imagenet_c,defocus_blur,1,none
efficientnet_b4,ILSVRC2012_val_00006046.JPEG,n02099601,207,207,0.59717876,1,imagenet_c,defocus_blur,1,none
efficientnet_b4,ILSVRC2012_val_00006981.JPEG,n02099601,207,212,0.48375234,0,imagenet_c,defocus_blur,1,none
efficientnet_b4,ILSVRC2012_val_00007629.JPEG,n02099601,207,207,0.7539433,1,imagenet_c,defocus_blur,1,none
efficientnet_b4,ILSVRC2012_val_00008338.JPEG,n02099601,207,207,0.5476138,1,imagenet_c,defocus_blur,1,none
efficientnet_b4,ILSVRC2012_val_00008772.JPEG,n02099601,207,207,0.6737078,1,imagenet_c,defocus_blur,1,none
efficientnet_b4,ILSVRC2012_val_00009836.JPEG,n02099601,207,207,0.63036156,1,imagenet_c,defocus_blur,1,none
efficientnet_b4,ILSVRC2012_val_00010298.JPEG,n02099601,207,207,0.7235042,1,imagenet_c,defocus_blur,1,none
efficientnet_b4,ILSVRC2012_val_00011373.JPEG,n02099601,207,207,0.15972868,1,imagenet_c,defocus_blur,1,none
efficientnet_b4,ILSVRC2012_val_00012100.JPEG,n02099601,207,207,0.48515132,1,imagenet_c,defocus_blur,1,none
efficientnet_b4,ILSVRC2012_val_00012954.JPEG,n02099601,207,207,0.42231792,1,imagenet_c,defocus_blur,1,none
efficientnet_b4,ILSVRC2012_val_00013611.JPEG,n02099601,207,215,0.08951717,0,imagenet_c,defocus_blur,1,none
efficientnet_b4,ILSVRC2012_val_00014489.JPEG,n02099601,207,207,0.5054282,1,imagenet_c,defocus_blur,1,none
efficientnet_b4,ILSVRC2012_val_00017672.JPEG,n02099601,207,207,0.30029365,1,imagenet_c,defocus_blur,1,none
efficientnet_b4,ILSVRC2012_val_00019212.JPEG,n02099601,207,207,0.09283099,1,imagenet_c,defocus_blur,1,none
efficientnet_b4,ILSVRC2012_val_00019590.JPEG,n02099601,207,232,0.15254101,0,imagenet_c,defocus_blur,1,none
efficientnet_b4,ILSVRC2012_val_00020224.JPEG,n02099601,207,207,0.16834015,1,imagenet_c,defocus_blur,1,none
efficientnet_b4,ILSVRC2012_val_00020367.JPEG,n02099601,207,207,0.5170731,1,imagenet_c,defocus_blur,1,none
efficientnet_b4,ILSVRC2012_val_00020868.JPEG,n02099601,207,207,0.4919692,1,imagenet_c,defocus_blur,1,none
efficientnet_b4,ILSVRC2012_val_00021654.JPEG,n02099601,207,207,0.5044181,1,imagenet_c,defocus_blur,1,none
efficientnet_b4,ILSVRC2012_val_00023159.JPEG,n02099601,207,207,0.21071877,1,imagenet_c,defocus_blur,1,none
efficientnet_b4,ILSVRC2012_val_00023435.JPEG,n02099601,207,207,0.72704834,1,imagenet_c,defocus_blur,1,none
efficientnet_b4,ILSVRC2012_val_00026887.JPEG,n02099601,207,207,0.5633481,1,imagenet_c,defocus_blur,1,none
efficientnet_b4,ILSVRC2012_val_00027830.JPEG,n02099601,207,207,0.19423793,1,imagenet_c,defocus_blur,1,none
efficientnet_b4,ILSVRC2012_val_00027833.JPEG,n02099601,207,207,0.3590071,1,imagenet_c,defocus_blur,1,none
efficientnet_b4,ILSVRC2012_val_00028411.JPEG,n02099601,207,207,0.58786625,1,imagenet_c,defocus_blur,1,none
efficientnet_b4,ILSVRC2012_val_00028617.JPEG,n02099601,207,207,0.6910724,1,imagenet_c,defocus_blur,1,none
efficientnet_b4,ILSVRC2012_val_00028946.JPEG,n02099601,207,207,0.8807294,1,imagenet_c,defocus_blur,1,none
efficientnet_b4,ILSVRC2012_val_00029751.JPEG,n02099601,207,207,0.81676054,1,imagenet_c,defocus_blur,1,none
efficientnet_b4,ILSVRC2012_val_00030385.JPEG,n02099601,207,207,0.5723169,1,imagenet_c,defocus_blur,1,none
efficientnet_b4,ILSVRC2012_val_00030637.JPEG,n02099601,207,179,0.22031772,0,imagenet_c,defocus_blur,1,none
efficientnet_b4,ILSVRC2012_val_00030710.JPEG,n02099601,207,207,0.61029744,1,imagenet_c,defocus_blur,1,none
efficientnet_b4,ILSVRC2012_val_00031425.JPEG,n02099601,207,207,0.49816686,1,imagenet_c,defocus_blur,1,none
efficientnet_b4,ILSVRC2012_val_00031731.JPEG,n02099601,207,184,0.48046646,0,imagenet_c,defocus_blur,1,none
efficientnet_b4,ILSVRC2012_val_00031917.JPEG,n02099601,207,207,0.5571585,1,imagenet_c,defocus_blur,1,none
efficientnet_b4,ILSVRC2012_val_00033790.JPEG,n02099601,207,207,0.6374564,1,imagenet_c,defocus_blur,1,none
efficientnet_b4,ILSVRC2012_val_00034237.JPEG,n02099601,207,207,0.5715661,1,imagenet_c,defocus_blur,1,none
efficientnet_b4,ILSVRC2012_val_00034584.JPEG,n02099601,207,207,0.21636897,1,imagenet_c,defocus_blur,1,none
efficientnet_b4,ILSVRC2012_val_00035252.JPEG,n02099601,207,207,0.7281824,1,imagenet_c,defocus_blur,1,none
efficientnet_b4,ILSVRC2012_val_00037455.JPEG,n02099601,207,207,0.72454405,1,imagenet_c,defocus_blur,1,none
efficientnet_b4,ILSVRC2012_val_00038781.JPEG,n02099601,207,207,0.2727132,1,imagenet_c,defocus_blur,1,none
efficientnet_b4,ILSVRC2012_val_00039993.JPEG,n02099601,207,207,0.19884174,1,imagenet_c,defocus_blur,1,none
efficientnet_b4,ILSVRC2012_val_00043013.JPEG,n02099601,207,207,0.31753933,1,imagenet_c,defocus_blur,1,none
efficientnet_b4,ILSVRC2012_val_00046220.JPEG,n02099601,207,207,0.725998,1,imagenet_c,defocus_blur,1,none
efficientnet_b4,ILSVRC2012_val_00047737.JPEG,n02099601,207,207,0.69863856,1,imagenet_c,defocus_blur,1,none
efficientnet_b4,ILSVRC2012_val_00049855.JPEG,n02099601,207,371,0.10282526,0,imagenet_c,defocus_blur,1,none
efficientnet_b4,ILSVRC2012_val_00000375.JPEG,n02099712,208,208,0.42834988,1,imagenet_c,defocus_blur,1,none
efficientnet_b4,ILSVRC2012_val_00002485.JPEG,n02099712,208,208,0.45578045,1,imagenet_c,defocus_blur,1,none
efficientnet_b4,ILSVRC2012_val_00003726.JPEG,n02099712,208,208,0.5701521,1,imagenet_c,defocus_blur,1,none
efficientnet_b4,ILSVRC2012_val_00004225.JPEG,n02099712,208,208,0.5222296,1,imagenet_c,defocus_blur,1,none
efficientnet_b4,ILSVRC2012_val_00006473.JPEG,n02099712,208,216,0.18109453,0,imagenet_c,defocus_blur,1,none
efficientnet_b4,ILSVRC2012_val_00007330.JPEG,n02099712,208,151,0.22804023,0,imagenet_c,defocus_blur,1,none
efficientnet_b4,ILSVRC2012_val_00007963.JPEG,n02099712,208,208,0.7551231,1,imagenet_c,defocus_blur,1,none
efficientnet_b4,ILSVRC2012_val_00008346.JPEG,n02099712,208,208,0.5864372,1,imagenet_c,defocus_blur,1,none
efficientnet_b4,ILSVRC2012_val_00009812.JPEG,n02099712,208,208,0.4461011,1,imagenet_c,defocus_blur,1,none
efficientnet_b4,ILSVRC2012_val_00009895.JPEG,n02099712,208,208,0.32520866,1,imagenet_c,defocus_blur,1,none
efficientnet_b4,ILSVRC2012_val_00009984.JPEG,n02099712,208,208,0.37768275,1,imagenet_c,defocus_blur,1,none
efficientnet_b4,ILSVRC2012_val_00010314.JPEG,n02099712,208,208,0.101753116,1,imagenet_c,defocus_blur,1,none
efficientnet_b4,ILSVRC2012_val_00010490.JPEG,n02099712,208,208,0.23124106,1,imagenet_c,defocus_blur,1,none
efficientnet_b4,ILSVRC2012_val_00011507.JPEG,n02099712,208,208,0.26347956,1,imagenet_c,defocus_blur,1,none
efficientnet_b4,ILSVRC2012_val_00011807.JPEG,n02099712,208,208,0.47342703,1,imagenet_c,defocus_blur,1,none
efficientnet_b4,ILSVRC2012_val_00012170.JPEG,n02099712,208,207,0.2866448,0,imagenet_c,defocus_blur,1,none
efficientnet_b4,ILSVRC2012_val_00012566.JPEG,n02099712,208,208,0.3801301,1,imagenet_c,defocus_blur,1,none
efficientnet_b4,ILSVRC2012_val_00014270.JPEG,n02099712,208,208,0.8973594,1,imagenet_c,defocus_blur,1,none
efficientnet_b4,ILSVRC2012_val_00015189.JPEG,n02099712,208,208,0.4344974,1,imagenet_c,defocus_blur,1,none
efficientnet_b4,ILSVRC2012_val_00016148.JPEG,n02099712,208,208,0.25376385,1,imagenet_c,defocus_blur,1,none
efficientnet_b4,ILSVRC2012_val_00018947.JPEG,n02099712,208,208,0.58343214,1,imagenet_c,defocus_blur,1,none
efficientnet_b4,ILSVRC2012_val_00019169.JPEG,n02099712,208,208,0.3944783,1,imagenet_c,defocus_blur,1,none
efficientnet_b4,ILSVRC2012_val_00021183.JPEG,n02099712,208,208,0.5763136,1,imagenet_c,defocus_blur,1,none
efficientnet_b4,ILSVRC2012_val_00022606.JPEG,n02099712,208,151,0.13900915,0,imagenet_c,defocus_blur,1,none
efficientnet_b4,ILSVRC2012_val_00022670.JPEG,n02099712,208,208,0.19390032,1,imagenet_c,defocus_blur,1,none
efficientnet_b4,ILSVRC2012_val_00023471.JPEG,n02099712,208,208,0.60446036,1,imagenet_c,defocus_blur,1,none
efficientnet_b4,ILSVRC2012_val_00025991.JPEG,n02099712,208,208,0.47700092,1,imagenet_c,defocus_blur,1,none
efficientnet_b4,ILSVRC2012_val_00026852.JPEG,n02099712,208,202,0.06379092,0,imagenet_c,defocus_blur,1,none
efficientnet_b4,ILSVRC2012_val_00027373.JPEG,n02099712,208,208,0.32772633,1,imagenet_c,defocus_blur,1,none
efficientnet_b4,ILSVRC2012_val_00027534.JPEG,n02099712,208,208,0.59295475,1,imagenet_c,defocus_blur,1,none
efficientnet_b4,ILSVRC2012_val_00030939.JPEG,n02099712,208,205,0.25013563,0,imagenet_c,defocus_blur,1,none
efficientnet_b4,ILSVRC2012_val_00031451.JPEG,n02099712,208,207,0.5652275,0,imagenet_c,defocus_blur,1,none
efficientnet_b4,ILSVRC2012_val_00033820.JPEG,n02099712,208,208,0.47055477,1,imagenet_c,defocus_blur,1,none
efficientnet_b4,ILSVRC2012_val_00035360.JPEG,n02099712,208,208,0.5305121,1,imagenet_c,defocus_blur,1,none
efficientnet_b4,ILSVRC2012_val_00035794.JPEG,n02099712,208,205,0.43011227,0,imagenet_c,defocus_blur,1,none
efficientnet_b4,ILSVRC2012_val_00038361.JPEG,n02099712,208,208,0.63895684,1,imagenet_c,defocus_blur,1,none
efficientnet_b4,ILSVRC2012_val_00039893.JPEG,n02099712,208,207,0.6689831,0,imagenet_c,defocus_blur,1,none
efficientnet_b4,ILSVRC2012_val_00040210.JPEG,n02099712,208,208,0.5125121,1,imagenet_c,defocus_blur,1,none
efficientnet_b4,ILSVRC2012_val_00041878.JPEG,n02099712,208,151,0.09006199,0,imagenet_c,defocus_blur,1,none
efficientnet_b4,ILSVRC2012_val_00043072.JPEG,n02099712,208,208,0.76568836,1,imagenet_c,defocus_blur,1,none
efficientnet_b4,ILSVRC2012_val_00043089.JPEG,n02099712,208,208,0.50675696,1,imagenet_c,defocus_blur,1,none
efficientnet_b4,ILSVRC2012_val_00043591.JPEG,n02099712,208,208,0.16234596,1,imagenet_c,defocus_blur,1,none
efficientnet_b4,ILSVRC2012_val_00044639.JPEG,n02099712,208,205,0.43657568,0,imagenet_c,defocus_blur,1,none
efficientnet_b4,ILSVRC2012_val_00044701.JPEG,n02099712,208,208,0.28271028,1,imagenet_c,defocus_blur,1,none
efficientnet_b4,ILSVRC2012_val_00045151.JPEG,n02099712,208,180,0.43163824,0,imagenet_c,defocus_blur,1,none
efficientnet_b4,ILSVRC2012_val_00045253.JPEG,n02099712,208,208,0.71799636,1,imagenet_c,defocus_blur,1,none
efficientnet_b4,ILSVRC2012_val_00046817.JPEG,n02099712,208,208,0.37796563,1,imagenet_c,defocus_blur,1,none
efficientnet_b4,ILSVRC2012_val_00048301.JPEG,n02099712,208,207,0.120733775,0,imagenet_c,defocus_blur,1,none
efficientnet_b4,ILSVRC2012_val_00049672.JPEG,n02099712,208,208,0.7374602,1,imagenet_c,defocus_blur,1,none
efficientnet_b4,ILSVRC2012_val_00049959.JPEG,n02099712,208,208,0.4828804,1,imagenet_c,defocus_blur,1,none
efficientnet_b4,ILSVRC2012_val_00000668.JPEG,n02099849,209,209,0.18739907,1,imagenet_c,defocus_blur,1,none
efficientnet_b4,ILSVRC2012_val_00001711.JPEG,n02099849,209,209,0.17906927,1,imagenet_c,defocus_blur,1,none
efficientnet_b4,ILSVRC2012_val_00002559.JPEG,n02099849,209,209,0.6038102,1,imagenet_c,defocus_blur,1,none
efficientnet_b4,ILSVRC2012_val_00004423.JPEG,n02099849,209,209,0.6800586,1,imagenet_c,defocus_blur,1,none
efficientnet_b4,ILSVRC2012_val_00004997.JPEG,n02099849,209,209,0.52978945,1,imagenet_c,defocus_blur,1,none
efficientnet_b4,ILSVRC2012_val_00005909.JPEG,n02099849,209,159,0.1627239,0,imagenet_c,defocus_blur,1,none
efficientnet_b4,ILSVRC2012_val_00006078.JPEG,n02099849,209,209,0.41000465,1,imagenet_c,defocus_blur,1,none
efficientnet_b4,ILSVRC2012_val_00007321.JPEG,n02099849,209,208,0.5096591,0,imagenet_c,defocus_blur,1,none
efficientnet_b4,ILSVRC2012_val_00009335.JPEG,n02099849,209,209,0.28237796,1,imagenet_c,defocus_blur,1,none
efficientnet_b4,ILSVRC2012_val_00009448.JPEG,n02099849,209,163,0.2086628,0,imagenet_c,defocus_blur,1,none
efficientnet_b4,ILSVRC2012_val_00010309.JPEG,n02099849,209,209,0.28926235,1,imagenet_c,defocus_blur,1,none
efficientnet_b4,ILSVRC2012_val_00010702.JPEG,n02099849,209,211,0.32322943,0,imagenet_c,defocus_blur,1,none
efficientnet_b4,ILSVRC2012_val_00011423.JPEG,n02099849,209,209,0.71916425,1,imagenet_c,defocus_blur,1,none
efficientnet_b4,ILSVRC2012_val_00012302.JPEG,n02099849,209,209,0.27093008,1,imagenet_c,defocus_blur,1,none
efficientnet_b4,ILSVRC2012_val_00014655.JPEG,n02099849,209,256,0.113799945,0,imagenet_c,defocus_blur,1,none
efficientnet_b4,ILSVRC2012_val_00015696.JPEG,n02099849,209,225,0.13531296,0,imagenet_c,defocus_blur,1,none
efficientnet_b4,ILSVRC2012_val_00016526.JPEG,n02099849,209,209,0.35523018,1,imagenet_c,defocus_blur,1,none
efficientnet_b4,ILSVRC2012_val_00017132.JPEG,n02099849,209,209,0.48463088,1,imagenet_c,defocus_blur,1,none
efficientnet_b4,ILSVRC2012_val_00017377.JPEG,n02099849,209,227,0.30436414,0,imagenet_c,defocus_blur,1,none
efficientnet_b4,ILSVRC2012_val_00017470.JPEG,n02099849,209,209,0.42159706,1,imagenet_c,defocus_blur,1,none
efficientnet_b4,ILSVRC2012_val_00019468.JPEG,n02099849,209,209,0.3319311,1,imagenet_c,defocus_blur,1,none
efficientnet_b4,ILSVRC2012_val_00021296.JPEG,n02099849,209,227,0.30331644,0,imagenet_c,defocus_blur,1,none
efficientnet_b4,ILSVRC2012_val_00021344.JPEG,n02099849,209,209,0.387523,1,imagenet_c,defocus_blur,1,none
efficientnet_b4,ILSVRC2012_val_00021369.JPEG,n02099849,209,213,0.16664347,0,imagenet_c,defocus_blur,1,none
efficientnet_b4,ILSVRC2012_val_00022066.JPEG,n02099849,209,209,0.15194653,1,imagenet_c,defocus_blur,1,none
efficientnet_b4,ILSVRC2012_val_00022499.JPEG,n02099849,209,209,0.19360577,1,imagenet_c,defocus_blur,1,none
efficientnet_b4,ILSVRC2012_val_00023561.JPEG,n02099849,209,209,0.6335088,1,imagenet_c,defocus_blur,1,none
efficientnet_b4,ILSVRC2012_val_00023943.JPEG,n02099849,209,211,0.15882814,0,imagenet_c,defocus_blur,1,none
efficientnet_b4,ILSVRC2012_val_00024399.JPEG,n02099849,209,209,0.30965257,1,imagenet_c,defocus_blur,1,none
efficientnet_b4,ILSVRC2012_val_00024468.JPEG,n02099849,209,209,0.42778757,1,imagenet_c,defocus_blur,1,none
efficientnet_b4,ILSVRC2012_val_00025013.JPEG,n02099849,209,208,0.42207304,0,imagenet_c,defocus_blur,1,none
efficientnet_b4,ILSVRC2012_val_00026445.JPEG,n02099849,209,209,0.14570495,1,imagenet_c,defocus_blur,1,none
efficientnet_b4,ILSVRC2012_val_00027174.JPEG,n02099849,209,209,0.5055242,1,imagenet_c,defocus_blur,1,none
efficientnet_b4,ILSVRC2012_val_00028702.JPEG,n02099849,209,209,0.29019496,1,imagenet_c,defocus_blur,1,none
efficientnet_b4,ILSVRC2012_val_00029742.JPEG,n02099849,209,168,0.33470735,0,imagenet_c,defocus_blur,1,none
efficientnet_b4,ILSVRC2012_val_00034849.JPEG,n02099849,209,209,0.16841587,1,imagenet_c,defocus_blur,1,none
efficientnet_b4,ILSVRC2012_val_00035719.JPEG,n02099849,209,209,0.30617967,1,imagenet_c,defocus_blur,1,none
efficientnet_b4,ILSVRC2012_val_00038026.JPEG,n02099849,209,208,0.41659832,0,imagenet_c,defocus_blur,1,none
efficientnet_b4,ILSVRC2012_val_00038430.JPEG,n02099849,209,227,0.59104466,0,imagenet_c,defocus_blur,1,none
efficientnet_b4,ILSVRC2012_val_00039150.JPEG,n02099849,209,209,0.14854443,1,imagenet_c,defocus_blur,1,none
efficientnet_b4,ILSVRC2012_val_00040622.JPEG,n02099849,209,209,0.21557903,1,imagenet_c,defocus_blur,1,none
efficientnet_b4,ILSVRC2012_val_00040639.JPEG,n02099849,209,209,0.26880655,1,imagenet_c,defocus_blur,1,none
efficientnet_b4,ILSVRC2012_val_00040961.JPEG,n02099849,209,209,0.7347962,1,imagenet_c,defocus_blur,1,none
efficientnet_b4,ILSVRC2012_val_00041137.JPEG,n02099849,209,209,0.7343025,1,imagenet_c,defocus_blur,1,none
efficientnet_b4,ILSVRC2012_val_00042319.JPEG,n02099849,209,209,0.3275915,1,imagenet_c,defocus_blur,1,none
efficientnet_b4,ILSVRC2012_val_00042838.JPEG,n02099849,209,165,0.16155308,0,imagenet_c,defocus_blur,1,none
efficientnet_b4,ILSVRC2012_val_00042884.JPEG,n02099849,209,209,0.325971,1,imagenet_c,defocus_blur,1,none
efficientnet_b4,ILSVRC2012_val_00044036.JPEG,n02099849,209,209,0.24631049,1,imagenet_c,defocus_blur,1,none
efficientnet_b4,ILSVRC2012_val_00045884.JPEG,n02099849,209,209,0.40086812,1,imagenet_c,defocus_blur,1,none
efficientnet_b4,ILSVRC2012_val_00048972.JPEG,n02099849,209,208,0.20830522,0,imagenet_c,defocus_blur,1,none
efficientnet_b4,ILSVRC2012_val_00001070.JPEG,n02100236,210,210,0.6276148,1,imagenet_c,defocus_blur,1,none
efficientnet_b4,ILSVRC2012_val_00004477.JPEG,n02100236,210,210,0.23454812,1,imagenet_c,defocus_blur,1,none
efficientnet_b4,ILSVRC2012_val_00006065.JPEG,n02100236,210,210,0.5416315,1,imagenet_c,defocus_blur,1,none
efficientnet_b4,ILSVRC2012_val_00006137.JPEG,n02100236,210,210,0.7217497,1,imagenet_c,defocus_blur,1,none
efficientnet_b4,ILSVRC2012_val_00006956.JPEG,n02100236,210,210,0.6908142,1,imagenet_c,defocus_blur,1,none
efficientnet_b4,ILSVRC2012_val_00008587.JPEG,n02100236,210,210,0.6680662,1,imagenet_c,defocus_blur,1,none
efficientnet_b4,ILSVRC2012_val_00008928.JPEG,n02100236,210,210,0.4644035,1,imagenet_c,defocus_blur,1,none
efficientnet_b4,ILSVRC2012_val_00009453.JPEG,n02100236,210,208,0.2339307,0,imagenet_c,defocus_blur,1,none
efficientnet_b4,ILSVRC2012_val_00010533.JPEG,n02100236,210,210,0.67721444,1,imagenet_c,defocus_blur,1,none
efficientnet_b4,ILSVRC2012_val_00010537.JPEG,n02100236,210,210,0.54998326,1,imagenet_c,defocus_blur,1,none
efficientnet_b4,ILSVRC2012_val_00010736.JPEG,n02100236,210,210,0.61735684,1,imagenet_c,defocus_blur,1,none
efficientnet_b4,ILSVRC2012_val_00010956.JPEG,n02100236,210,210,0.41041493,1,imagenet_c,defocus_blur,1,none
efficientnet_b4,ILSVRC2012_val_00011682.JPEG,n02100236,210,210,0.17762296,1,imagenet_c,defocus_blur,1,none
efficientnet_b4,ILSVRC2012_val_00011689.JPEG,n02100236,210,210,0.71575373,1,imagenet_c,defocus_blur,1,none
efficientnet_b4,ILSVRC2012_val_00013991.JPEG,n02100236,210,210,0.73945564,1,imagenet_c,defocus_blur,1,none
efficientnet_b4,ILSVRC2012_val_00016029.JPEG,n02100236,210,210,0.73326504,1,imagenet_c,defocus_blur,1,none
efficientnet_b4,ILSVRC2012_val_00016444.JPEG,n02100236,210,210,0.5957407,1,imagenet_c,defocus_blur,1,none
efficientnet_b4,ILSVRC2012_val_00017036.JPEG,n02100236,210,210,0.41153762,1,imagenet_c,defocus_blur,1,none
efficientnet_b4,ILSVRC2012_val_00017442.JPEG,n02100236,210,210,0.4848162,1,imagenet_c,defocus_blur,1,none
efficientnet_b4,ILSVRC2012_val_00017711.JPEG,n02100236,210,210,0.687167,1,imagenet_c,defocus_blur,1,none
efficientnet_b4,ILSVRC2012_val_00019138.JPEG,n02100236,210,210,0.6576945,1,imagenet_c,defocus_blur,1,none
efficientnet_b4,ILSVRC2012_val_00020414.JPEG,n02100236,210,210,0.4378803,1,imagenet_c,defocus_blur,1,none
efficientnet_b4,ILSVRC2012_val_00020965.JPEG,n02100236,210,210,0.55932176,1,imagenet_c,defocus_blur,1,none
efficientnet_b4,ILSVRC2012_val_00021355.JPEG,n02100236,210,210,0.2929555,1,imagenet_c,defocus_blur,1,none
efficientnet_b4,ILSVRC2012_val_00022367.JPEG,n02100236,210,170,0.17813243,0,imagenet_c,defocus_blur,1,none
efficientnet_b4,ILSVRC2012_val_00022571.JPEG,n02100236,210,211,0.2767524,0,imagenet_c,defocus_blur,1,none
efficientnet_b4,ILSVRC2012_val_00023168.JPEG,n02100236,210,210,0.50316423,1,imagenet_c,defocus_blur,1,none
efficientnet_b4,ILSVRC2012_val_00023577.JPEG,n02100236,210,178,0.25452188,0,imagenet_c,defocus_blur,1,none
efficientnet_b4,ILSVRC2012_val_00023726.JPEG,n02100236,210,210,0.5153918,1,imagenet_c,defocus_blur,1,none
efficientnet_b4,ILSVRC2012_val_00024019.JPEG,n02100236,210,210,0.34884852,1,imagenet_c,defocus_blur,1,none
efficientnet_b4,ILSVRC2012_val_00024751.JPEG,n02100236,210,246,0.14417168,0,imagenet_c,defocus_blur,1,none
efficientnet_b4,ILSVRC2012_val_00031655.JPEG,n02100236,210,172,0.17430973,0,imagenet_c,defocus_blur,1,none
efficientnet_b4,ILSVRC2012_val_00033432.JPEG,n02100236,210,210,0.5167389,1,imagenet_c,defocus_blur,1,none
efficientnet_b4,ILSVRC2012_val_00034943.JPEG,n02100236,210,210,0.59076416,1,imagenet_c,defocus_blur,1,none
efficientnet_b4,ILSVRC2012_val_00035843.JPEG,n02100236,210,210,0.56097853,1,imagenet_c,defocus_blur,1,none
efficientnet_b4,ILSVRC2012_val_00037771.JPEG,n02100236,210,210,0.6089403,1,imagenet_c,defocus_blur,1,none
efficientnet_b4,ILSVRC2012_val_00038044.JPEG,n02100236,210,210,0.5380682,1,imagenet_c,defocus_blur,1,none
efficientnet_b4,ILSVRC2012_val_00039487.JPEG,n02100236,210,210,0.687262,1,imagenet_c,defocus_blur,1,none
efficientnet_b4,ILSVRC2012_val_00039507.JPEG,n02100236,210,210,0.5723136,1,imagenet_c,defocus_blur,1,none
efficientnet_b4,ILSVRC2012_val_00040116.JPEG,n02100236,210,210,0.74743426,1,imagenet_c,defocus_blur,1,none
efficientnet_b4,ILSVRC2012_val_00042030.JPEG,n02100236,210,210,0.7356685,1,imagenet_c,defocus_blur,1,none
efficientnet_b4,ILSVRC2012_val_00043315.JPEG,n02100236,210,210,0.6854575,1,imagenet_c,defocus_blur,1,none
efficientnet_b4,ILSVRC2012_val_00043413.JPEG,n02100236,210,210,0.64761156,1,imagenet_c,defocus_blur,1,none
efficientnet_b4,ILSVRC2012_val_00045355.JPEG,n02100236,210,210,0.7236196,1,imagenet_c,defocus_blur,1,none
efficientnet_b4,ILSVRC2012_val_00047417.JPEG,n02100236,210,210,0.39554185,1,imagenet_c,defocus_blur,1,none
efficientnet_b4,ILSVRC2012_val_00048488.JPEG,n02100236,210,210,0.65442336,1,imagenet_c,defocus_blur,1,none
efficientnet_b4,ILSVRC2012_val_00048694.JPEG,n02100236,210,210,0.70712566,1,imagenet_c,defocus_blur,1,none
efficientnet_b4,ILSVRC2012_val_00048770.JPEG,n02100236,210,210,0.5458418,1,imagenet_c,defocus_blur,1,none
efficientnet_b4,ILSVRC2012_val_00048834.JPEG,n02100236,210,210,0.4881203,1,imagenet_c,defocus_blur,1,none
efficientnet_b4,ILSVRC2012_val_00049130.JPEG,n02100236,210,164,0.20483433,0,imagenet_c,defocus_blur,1,none
efficientnet_b4,ILSVRC2012_val_00002323.JPEG,n02100583,211,211,0.71090513,1,imagenet_c,defocus_blur,1,none
efficientnet_b4,ILSVRC2012_val_00004615.JPEG,n02100583,211,211,0.3896978,1,imagenet_c,defocus_blur,1,none
efficientnet_b4,ILSVRC2012_val_00005923.JPEG,n02100583,211,211,0.3595115,1,imagenet_c,defocus_blur,1,none
efficientnet_b4,ILSVRC2012_val_00007972.JPEG,n02100583,211,211,0.28434923,1,imagenet_c,defocus_blur,1,none
efficientnet_b4,ILSVRC2012_val_00008458.JPEG,n02100583,211,211,0.622835,1,imagenet_c,defocus_blur,1,none
efficientnet_b4,ILSVRC2012_val_00009698.JPEG,n02100583,211,211,0.76059,1,imagenet_c,defocus_blur,1,none
efficientnet_b4,ILSVRC2012_val_00010808.JPEG,n02100583,211,168,0.27231008,0,imagenet_c,defocus_blur,1,none
efficientnet_b4,ILSVRC2012_val_00011699.JPEG,n02100583,211,211,0.85521483,1,imagenet_c,defocus_blur,1,none
efficientnet_b4,ILSVRC2012_val_00013094.JPEG,n02100583,211,168,0.22488268,0,imagenet_c,defocus_blur,1,none
efficientnet_b4,ILSVRC2012_val_00013251.JPEG,n02100583,211,211,0.2845704,1,imagenet_c,defocus_blur,1,none
efficientnet_b4,ILSVRC2012_val_00013398.JPEG,n02100583,211,237,0.1670261,0,imagenet_c,defocus_blur,1,none
efficientnet_b4,ILSVRC2012_val_00013430.JPEG,n02100583,211,208,0.27715316,0,imagenet_c,defocus_blur,1,none
efficientnet_b4,ILSVRC2012_val_00013971.JPEG,n02100583,211,159,0.3747148,0,imagenet_c,defocus_blur,1,none
efficientnet_b4,ILSVRC2012_val_00015407.JPEG,n02100583,211,211,0.76558065,1,imagenet_c,defocus_blur,1,none
efficientnet_b4,ILSVRC2012_val_00016883.JPEG,n02100583,211,211,0.67438436,1,imagenet_c,defocus_blur,1,none
efficientnet_b4,ILSVRC2012_val_00017375.JPEG,n02100583,211,211,0.65950084,1,imagenet_c,defocus_blur,1,none
efficientnet_b4,ILSVRC2012_val_00017439.JPEG,n02100583,211,211,0.7091669,1,imagenet_c,defocus_blur,1,none
efficientnet_b4,ILSVRC2012_val_00018982.JPEG,n02100583,211,168,0.34457767,0,imagenet_c,defocus_blur,1,none
efficientnet_b4,ILSVRC2012_val_00020113.JPEG,n02100583,211,211,0.60737354,1,imagenet_c,defocus_blur,1,none
efficientnet_b4,ILSVRC2012_val_00020489.JPEG,n02100583,211,168,0.408572,0,imagenet_c,defocus_blur,1,none
efficientnet_b4,ILSVRC2012_val_00023794.JPEG,n02100583,211,211,0.21617985,1,imagenet_c,defocus_blur,1,none
efficientnet_b4,ILSVRC2012_val_00025147.JPEG,n02100583,211,211,0.7326309,1,imagenet_c,defocus_blur,1,none
efficientnet_b4,ILSVRC2012_val_00026242.JPEG,n02100583,211,211,0.36278966,1,imagenet_c,defocus_blur,1,none
efficientnet_b4,ILSVRC2012_val_00026854.JPEG,n02100583,211,168,0.15388538,0,imagenet_c,defocus_blur,1,none
efficientnet_b4,ILSVRC2012_val_00026937.JPEG,n02100583,211,211,0.4372617,1,imagenet_c,defocus_blur,1,none
efficientnet_b4,ILSVRC2012_val_00027038.JPEG,n02100583,211,159,0.28652263,0,imagenet_c,defocus_blur,1,none
efficientnet_b4,ILSVRC2012_val_00029514.JPEG,n02100583,211,211,0.43613365,1,imagenet_c,defocus_blur,1,none
efficientnet_b4,ILSVRC2012_val_00029753.JPEG,n02100583,211,159,0.3569482,0,imagenet_c,defocus_blur,1,none
efficientnet_b4,ILSVRC2012_val_00035055.JPEG,n02100583,211,211,0.7535996,1,imagenet_c,defocus_blur,1,none
efficientnet_b4,ILSVRC2012_val_00035278.JPEG,n02100583,211,168,0.2775671,0,imagenet_c,defocus_blur,1,none
efficientnet_b4,ILSVRC2012_val_00038738.JPEG,n02100583,211,210,0.09720704,0,imagenet_c,defocus_blur,1,none
efficientnet_b4,ILSVRC2012_val_00040257.JPEG,n02100583,211,211,0.26240295,1,imagenet_c,defocus_blur,1,none
efficientnet_b4,ILSVRC2012_val_00040467.JPEG,n02100583,211,168,0.2757137,0,imagenet_c,defocus_blur,1,none
efficientnet_b4,ILSVRC2012_val_00040937.JPEG,n02100583,211,168,0.33833233,0,imagenet_c,defocus_blur,1,none
efficientnet_b4,ILSVRC2012_val_00041393.JPEG,n02100583,211,211,0.71255326,1,imagenet_c,defocus_blur,1,none
efficientnet_b4,ILSVRC2012_val_00041472.JPEG,n02100583,211,211,0.28570497,1,imagenet_c,defocus_blur,1,none
efficientnet_b4,ILSVRC2012_val_00041745.JPEG,n02100583,211,180,0.18073599,0,imagenet_c,defocus_blur,1,none
efficientnet_b4,ILSVRC2012_val_00042184.JPEG,n02100583,211,211,0.24486007,1,imagenet_c,defocus_blur,1,none
efficientnet_b4,ILSVRC2012_val_00043272.JPEG,n02100583,211,211,0.7666331,1,imagenet_c,defocus_blur,1,none
efficientnet_b4,ILSVRC2012_val_00043494.JPEG,n02100583,211,211,0.81065655,1,imagenet_c,defocus_blur,1,none
efficientnet_b4,ILSVRC2012_val_00043763.JPEG,n02100583,211,163,0.26904896,0,imagenet_c,defocus_blur,1,none
efficientnet_b4,ILSVRC2012_val_00043912.JPEG,n02100583,211,211,0.72158223,1,imagenet_c,defocus_blur,1,none
efficientnet_b4,ILSVRC2012_val_00045207.JPEG,n02100583,211,211,0.32475084,1,imagenet_c,defocus_blur,1,none
efficientnet_b4,ILSVRC2012_val_00045217.JPEG,n02100583,211,211,0.1457509,1,imagenet_c,defocus_blur,1,none
efficientnet_b4,ILSVRC2012_val_00045544.JPEG,n02100583,211,211,0.8471082,1,imagenet_c,defocus_blur,1,none
efficientnet_b4,ILSVRC2012_val_00045930.JPEG,n02100583,211,211,0.5556606,1,imagenet_c,defocus_blur,1,none
efficientnet_b4,ILSVRC2012_val_00047728.JPEG,n02100583,211,215,0.18835539,0,imagenet_c,defocus_blur,1,none
efficientnet_b4,ILSVRC2012_val_00047990.JPEG,n02100583,211,211,0.6560469,1,imagenet_c,defocus_blur,1,none
efficientnet_b4,ILSVRC2012_val_00049010.JPEG,n02100583,211,168,0.37761742,0,imagenet_c,defocus_blur,1,none
efficientnet_b4,ILSVRC2012_val_00049139.JPEG,n02100583,211,168,0.2576829,0,imagenet_c,defocus_blur,1,none
efficientnet_b4,ILSVRC2012_val_00000172.JPEG,n02100735,212,212,0.49190977,1,imagenet_c,defocus_blur,1,none
efficientnet_b4,ILSVRC2012_val_00001224.JPEG,n02100735,212,212,0.6725005,1,imagenet_c,defocus_blur,1,none
efficientnet_b4,ILSVRC2012_val_00001992.JPEG,n02100735,212,212,0.7456127,1,imagenet_c,defocus_blur,1,none
efficientnet_b4,ILSVRC2012_val_00002297.JPEG,n02100735,212,212,0.4479101,1,imagenet_c,defocus_blur,1,none
efficientnet_b4,ILSVRC2012_val_00002878.JPEG,n02100735,212,212,0.77888095,1,imagenet_c,defocus_blur,1,none
efficientnet_b4,ILSVRC2012_val_00003077.JPEG,n02100735,212,215,0.31001186,0,imagenet_c,defocus_blur,1,none
efficientnet_b4,ILSVRC2012_val_00004797.JPEG,n02100735,212,212,0.66475546,1,imagenet_c,defocus_blur,1,none
efficientnet_b4,ILSVRC2012_val_00005842.JPEG,n02100735,212,217,0.34824452,0,imagenet_c,defocus_blur,1,none
efficientnet_b4,ILSVRC2012_val_00006445.JPEG,n02100735,212,212,0.67034054,1,imagenet_c,defocus_blur,1,none
efficientnet_b4,ILSVRC2012_val_00006837.JPEG,n02100735,212,212,0.18407263,1,imagenet_c,defocus_blur,1,none
efficientnet_b4,ILSVRC2012_val_00008192.JPEG,n02100735,212,212,0.40923896,1,imagenet_c,defocus_blur,1,none
efficientnet_b4,ILSVRC2012_val_00008349.JPEG,n02100735,212,212,0.5645143,1,imagenet_c,defocus_blur,1,none
efficientnet_b4,ILSVRC2012_val_00011024.JPEG,n02100735,212,212,0.34538567,1,imagenet_c,defocus_blur,1,none
efficientnet_b4,ILSVRC2012_val_00012739.JPEG,n02100735,212,212,0.45447254,1,imagenet_c,defocus_blur,1,none
efficientnet_b4,ILSVRC2012_val_00014446.JPEG,n02100735,212,212,0.6367021,1,imagenet_c,defocus_blur,1,none
efficientnet_b4,ILSVRC2012_val_00014963.JPEG,n02100735,212,212,0.640139,1,imagenet_c,defocus_blur,1,none
efficientnet_b4,ILSVRC2012_val_00016108.JPEG,n02100735,212,212,0.86360925,1,imagenet_c,defocus_blur,1,none
efficientnet_b4,ILSVRC2012_val_00016187.JPEG,n02100735,212,212,0.27467197,1,imagenet_c,defocus_blur,1,none
efficientnet_b4,ILSVRC2012_val_00017156.JPEG,n02100735,212,212,0.6024256,1,imagenet_c,defocus_blur,1,none
efficientnet_b4,ILSVRC2012_val_00017592.JPEG,n02100735,212,212,0.56899256,1,imagenet_c,defocus_blur,1,none
efficientnet_b4,ILSVRC2012_val_00019050.JPEG,n02100735,212,185,0.05429721,0,imagenet_c,defocus_blur,1,none
efficientnet_b4,ILSVRC2012_val_00020160.JPEG,n02100735,212,169,0.6144083,0,imagenet_c,defocus_blur,1,none
efficientnet_b4,ILSVRC2012_val_00020173.JPEG,n02100735,212,212,0.7411883,1,imagenet_c,defocus_blur,1,none
efficientnet_b4,ILSVRC2012_val_00020830.JPEG,n02100735,212,212,0.23516275,1,imagenet_c,defocus_blur,1,none
efficientnet_b4,ILSVRC2012_val_00021191.JPEG,n02100735,212,194,0.2321763,0,imagenet_c,defocus_blur,1,none
efficientnet_b4,ILSVRC2012_val_00023675.JPEG,n02100735,212,212,0.6455501,1,imagenet_c,defocus_blur,1,none
efficientnet_b4,ILSVRC2012_val_00025726.JPEG,n02100735,212,173,0.08894268,0,imagenet_c,defocus_blur,1,none
efficientnet_b4,ILSVRC2012_val_00026266.JPEG,n02100735,212,212,0.29120502,1,imagenet_c,defocus_blur,1,none
efficientnet_b4,ILSVRC2012_val_00026666.JPEG,n02100735,212,212,0.83645874,1,imagenet_c,defocus_blur,1,none
efficientnet_b4,ILSVRC2012_val_00030271.JPEG,n02100735,212,212,0.27035567,1,imagenet_c,defocus_blur,1,none
efficientnet_b4,ILSVRC2012_val_00031785.JPEG,n02100735,212,212,0.64389414,1,imagenet_c,defocus_blur,1,none
efficientnet_b4,ILSVRC2012_val_00032017.JPEG,n02100735,212,212,0.9061979,1,imagenet_c,defocus_blur,1,none
efficientnet_b4,ILSVRC2012_val_00032066.JPEG,n02100735,212,166,0.2992692,0,imagenet_c,defocus_blur,1,none
efficientnet_b4,ILSVRC2012_val_00033751.JPEG,n02100735,212,212,0.58186454,1,imagenet_c,defocus_blur,1,none
efficientnet_b4,ILSVRC2012_val_00034436.JPEG,n02100735,212,212,0.28895265,1,imagenet_c,defocus_blur,1,none
efficientnet_b4,ILSVRC2012_val_00036817.JPEG,n02100735,212,212,0.4002537,1,imagenet_c,defocus_blur,1,none
efficientnet_b4,ILSVRC2012_val_00037485.JPEG,n02100735,212,212,0.27011093,1,imagenet_c,defocus_blur,1,none
efficientnet_b4,ILSVRC2012_val_00037674.JPEG,n02100735,212,245,0.06113217,0,imagenet_c,defocus_blur,1,none
efficientnet_b4,ILSVRC2012_val_00037842.JPEG,n02100735,212,222,0.4989531,0,imagenet_c,defocus_blur,1,none
efficientnet_b4,ILSVRC2012_val_00039192.JPEG,n02100735,212,212,0.32948837,1,imagenet_c,defocus_blur,1,none
efficientnet_b4,ILSVRC2012_val_00043313.JPEG,n02100735,212,212,0.7773023,1,imagenet_c,defocus_blur,1,none
efficientnet_b4,ILSVRC2012_val_00043577.JPEG,n02100735,212,212,0.48438263,1,imagenet_c,defocus_blur,1,none
efficientnet_b4,ILSVRC2012_val_00046206.JPEG,n02100735,212,212,0.21759132,1,imagenet_c,defocus_blur,1,none
efficientnet_b4,ILSVRC2012_val_00046878.JPEG,n02100735,212,212,0.22962804,1,imagenet_c,defocus_blur,1,none
efficientnet_b4,ILSVRC2012_val_00048304.JPEG,n02100735,212,212,0.51876205,1,imagenet_c,defocus_blur,1,none
efficientnet_b4,ILSVRC2012_val_00048761.JPEG,n02100735,212,215,0.2323917,0,imagenet_c,defocus_blur,1,none
efficientnet_b4,ILSVRC2012_val_00048858.JPEG,n02100735,212,215,0.22443785,0,imagenet_c,defocus_blur,1,none
efficientnet_b4,ILSVRC2012_val_00049250.JPEG,n02100735,212,200,0.27991697,0,imagenet_c,defocus_blur,1,none
efficientnet_b4,ILSVRC2012_val_00049586.JPEG,n02100735,212,212,0.69578195,1,imagenet_c,defocus_blur,1,none
efficientnet_b4,ILSVRC2012_val_00049965.JPEG,n02100735,212,212,0.497284,1,imagenet_c,defocus_blur,1,none
efficientnet_b4,ILSVRC2012_val_00000161.JPEG,n02100877,213,191,0.23825084,0,imagenet_c,defocus_blur,1,none
efficientnet_b4,ILSVRC2012_val_00000224.JPEG,n02100877,213,213,0.43757108,1,imagenet_c,defocus_blur,1,none
efficientnet_b4,ILSVRC2012_val_00003516.JPEG,n02100877,213,213,0.5480526,1,imagenet_c,defocus_blur,1,none
efficientnet_b4,ILSVRC2012_val_00004223.JPEG,n02100877,213,213,0.42571864,1,imagenet_c,defocus_blur,1,none
efficientnet_b4,ILSVRC2012_val_00005607.JPEG,n02100877,213,220,0.1654048,0,imagenet_c,defocus_blur,1,none
efficientnet_b4,ILSVRC2012_val_00006300.JPEG,n02100877,213,213,0.62278616,1,imagenet_c,defocus_blur,1,none
efficientnet_b4,ILSVRC2012_val_00006857.JPEG,n02100877,213,76,0.48947987,0,imagenet_c,defocus_blur,1,none
efficientnet_b4,ILSVRC2012_val_00007595.JPEG,n02100877,213,213,0.4416954,1,imagenet_c,defocus_blur,1,none
efficientnet_b4,ILSVRC2012_val_00008282.JPEG,n02100877,213,213,0.30467215,1,imagenet_c,defocus_blur,1,none
efficientnet_b4,ILSVRC2012_val_00009476.JPEG,n02100877,213,213,0.6936489,1,imagenet_c,defocus_blur,1,none
efficientnet_b4,ILSVRC2012_val_00011706.JPEG,n02100877,213,213,0.50455475,1,imagenet_c,defocus_blur,1,none
efficientnet_b4,ILSVRC2012_val_00012041.JPEG,n02100877,213,213,0.3927214,1,imagenet_c,defocus_blur,1,none
efficientnet_b4,ILSVRC2012_val_00012067.JPEG,n02100877,213,213,0.6978905,1,imagenet_c,defocus_blur,1,none
efficientnet_b4,ILSVRC2012_val_00012736.JPEG,n02100877,213,213,0.65783685,1,imagenet_c,defocus_blur,1,none
efficientnet_b4,ILSVRC2012_val_00015518.JPEG,n02100877,213,193,0.16708452,0,imagenet_c,defocus_blur,1,none
efficientnet_b4,ILSVRC2012_val_00016411.JPEG,n02100877,213,213,0.6544603,1,imagenet_c,defocus_blur,1,none
efficientnet_b4,ILSVRC2012_val_00016589.JPEG,n02100877,213,168,0.17854135,0,imagenet_c,defocus_blur,1,none
efficientnet_b4,ILSVRC2012_val_00020279.JPEG,n02100877,213,213,0.53036505,1,imagenet_c,defocus_blur,1,none
efficientnet_b4,ILSVRC2012_val_00020737.JPEG,n02100877,213,213,0.55251133,1,imagenet_c,defocus_blur,1,none
efficientnet_b4,ILSVRC2012_val_00021079.JPEG,n02100877,213,218,0.5561551,0,imagenet_c,defocus_blur,1,none
efficientnet_b4,ILSVRC2012_val_00022341.JPEG,n02100877,213,213,0.6905388,1,imagenet_c,defocus_blur,1,none
efficientnet_b4,ILSVRC2012_val_00023270.JPEG,n02100877,213,220,0.43881908,0,imagenet_c,defocus_blur,1,none
efficientnet_b4,ILSVRC2012_val_00023533.JPEG,n02100877,213,213,0.14844938,1,imagenet_c,defocus_blur,1,none
efficientnet_b4,ILSVRC2012_val_00023832.JPEG,n02100877,213,213,0.6643976,1,imagenet_c,defocus_blur,1,none
efficientnet_b4,ILSVRC2012_val_00025288.JPEG,n02100877,213,213,0.09192727,1,imagenet_c,defocus_blur,1,none
efficientnet_b4,ILSVRC2012_val_00025479.JPEG,n02100877,213,213,0.46306112,1,imagenet_c,defocus_blur,1,none
efficientnet_b4,ILSVRC2012_val_00025835.JPEG,n02100877,213,213,0.38325077,1,imagenet_c,defocus_blur,1,none
efficientnet_b4,ILSVRC2012_val_00029353.JPEG,n02100877,213,213,0.24802652,1,imagenet_c,defocus_blur,1,none
efficientnet_b4,ILSVRC2012_val_00029929.JPEG,n02100877,213,213,0.5143322,1,imagenet_c,defocus_blur,1,none
efficientnet_b4,ILSVRC2012_val_00030196.JPEG,n02100877,213,220,0.3972576,0,imagenet_c,defocus_blur,1,none
efficientnet_b4,ILSVRC2012_val_00030663.JPEG,n02100877,213,595,0.086164236,0,imagenet_c,defocus_blur,1,none
efficientnet_b4,ILSVRC2012_val_00031601.JPEG,n02100877,213,213,0.491927,1,imagenet_c,defocus_blur,1,none
efficientnet_b4,ILSVRC2012_val_00031882.JPEG,n02100877,213,213,0.42894325,1,imagenet_c,defocus_blur,1,none
efficientnet_b4,ILSVRC2012_val_00032186.JPEG,n02100877,213,213,0.5638377,1,imagenet_c,defocus_blur,1,none
efficientnet_b4,ILSVRC2012_val_00034110.JPEG,n02100877,213,213,0.23850241,1,imagenet_c,defocus_blur,1,none
efficientnet_b4,ILSVRC2012_val_00034732.JPEG,n02100877,213,213,0.50247824,1,imagenet_c,defocus_blur,1,none
efficientnet_b4,ILSVRC2012_val_00034851.JPEG,n02100877,213,248,0.16507567,0,imagenet_c,defocus_blur,1,none
efficientnet_b4,ILSVRC2012_val_00035538.JPEG,n02100877,213,213,0.27726117,1,imagenet_c,defocus_blur,1,none
efficientnet_b4,ILSVRC2012_val_00035973.JPEG,n02100877,213,213,0.6257505,1,imagenet_c,defocus_blur,1,none
efficientnet_b4,ILSVRC2012_val_00038122.JPEG,n02100877,213,168,0.36153528,0,imagenet_c,defocus_blur,1,none
efficientnet_b4,ILSVRC2012_val_00039638.JPEG,n02100877,213,213,0.54980713,1,imagenet_c,defocus_blur,1,none
efficientnet_b4,ILSVRC2012_val_00039863.JPEG,n02100877,213,220,0.40658435,0,imagenet_c,defocus_blur,1,none
efficientnet_b4,ILSVRC2012_val_00041364.JPEG,n02100877,213,213,0.681401,1,imagenet_c,defocus_blur,1,none
efficientnet_b4,ILSVRC2012_val_00041606.JPEG,n02100877,213,213,0.60368764,1,imagenet_c,defocus_blur,1,none
efficientnet_b4,ILSVRC2012_val_00041739.JPEG,n02100877,213,215,0.14482012,0,imagenet_c,defocus_blur,1,none
efficientnet_b4,ILSVRC2012_val_00041746.JPEG,n02100877,213,213,0.52170986,1,imagenet_c,defocus_blur,1,none
efficientnet_b4,ILSVRC2012_val_00041998.JPEG,n02100877,213,213,0.4951083,1,imagenet_c,defocus_blur,1,none
efficientnet_b4,ILSVRC2012_val_00045363.JPEG,n02100877,213,213,0.6034433,1,imagenet_c,defocus_blur,1,none
efficientnet_b4,ILSVRC2012_val_00045521.JPEG,n02100877,213,213,0.6592762,1,imagenet_c,defocus_blur,1,none
efficientnet_b4,ILSVRC2012_val_00048629.JPEG,n02100877,213,255,0.42972273,0,imagenet_c,defocus_blur,1,none
efficientnet_b4,ILSVRC2012_val_00000708.JPEG,n02101006,214,214,0.61449176,1,imagenet_c,defocus_blur,1,none
efficientnet_b4,ILSVRC2012_val_00001305.JPEG,n02101006,214,214,0.8838085,1,imagenet_c,defocus_blur,1,none
efficientnet_b4,ILSVRC2012_val_00003714.JPEG,n02101006,214,239,0.24389444,0,imagenet_c,defocus_blur,1,none
efficientnet_b4,ILSVRC2012_val_00003769.JPEG,n02101006,214,205,0.22166531,0,imagenet_c,defocus_blur,1,none
efficientnet_b4,ILSVRC2012_val_00004657.JPEG,n02101006,214,214,0.7542766,1,imagenet_c,defocus_blur,1,none
efficientnet_b4,ILSVRC2012_val_00004885.JPEG,n02101006,214,214,0.6470577,1,imagenet_c,defocus_blur,1,none
efficientnet_b4,ILSVRC2012_val_00004977.JPEG,n02101006,214,214,0.74879205,1,imagenet_c,defocus_blur,1,none
efficientnet_b4,ILSVRC2012_val_00005086.JPEG,n02101006,214,214,0.5661158,1,imagenet_c,defocus_blur,1,none
efficientnet_b4,ILSVRC2012_val_00005206.JPEG,n02101006,214,214,0.6351952,1,imagenet_c,defocus_blur,1,none
efficientnet_b4,ILSVRC2012_val_00005258.JPEG,n02101006,214,214,0.7073524,1,imagenet_c,defocus_blur,1,none
efficientnet_b4,ILSVRC2012_val_00006801.JPEG,n02101006,214,214,0.77934736,1,imagenet_c,defocus_blur,1,none
efficientnet_b4,ILSVRC2012_val_00007705.JPEG,n02101006,214,214,0.6880042,1,imagenet_c,defocus_blur,1,none
efficientnet_b4,ILSVRC2012_val_00008906.JPEG,n02101006,214,214,0.77170205,1,imagenet_c,defocus_blur,1,none
efficientnet_b4,ILSVRC2012_val_00010283.JPEG,n02101006,214,214,0.7249656,1,imagenet_c,defocus_blur,1,none
efficientnet_b4,ILSVRC2012_val_00012983.JPEG,n02101006,214,241,0.20304254,0,imagenet_c,defocus_blur,1,none
efficientnet_b4,ILSVRC2012_val_00014032.JPEG,n02101006,214,214,0.60305214,1,imagenet_c,defocus_blur,1,none
efficientnet_b4,ILSVRC2012_val_00014744.JPEG,n02101006,214,214,0.68925935,1,imagenet_c,defocus_blur,1,none
efficientnet_b4,ILSVRC2012_val_00014745.JPEG,n02101006,214,214,0.62079084,1,imagenet_c,defocus_blur,1,none
efficientnet_b4,ILSVRC2012_val_00014774.JPEG,n02101006,214,214,0.6051919,1,imagenet_c,defocus_blur,1,none
efficientnet_b4,ILSVRC2012_val_00015307.JPEG,n02101006,214,214,0.6657802,1,imagenet_c,defocus_blur,1,none
efficientnet_b4,ILSVRC2012_val_00015552.JPEG,n02101006,214,214,0.35354182,1,imagenet_c,defocus_blur,1,none
efficientnet_b4,ILSVRC2012_val_00016085.JPEG,n02101006,214,214,0.688241,1,imagenet_c,defocus_blur,1,none
efficientnet_b4,ILSVRC2012_val_00016520.JPEG,n02101006,214,214,0.8499493,1,imagenet_c,defocus_blur,1,none
efficientnet_b4,ILSVRC2012_val_00016804.JPEG,n02101006,214,165,0.2161282,0,imagenet_c,defocus_blur,1,none
efficientnet_b4,ILSVRC2012_val_00017937.JPEG,n02101006,214,214,0.7572791,1,imagenet_c,defocus_blur,1,none
efficientnet_b4,ILSVRC2012_val_00019013.JPEG,n02101006,214,214,0.7635745,1,imagenet_c,defocus_blur,1,none
efficientnet_b4,ILSVRC2012_val_00019821.JPEG,n02101006,214,214,0.6284644,1,imagenet_c,defocus_blur,1,none
efficientnet_b4,ILSVRC2012_val_00020268.JPEG,n02101006,214,214,0.7566741,1,imagenet_c,defocus_blur,1,none
efficientnet_b4,ILSVRC2012_val_00021473.JPEG,n02101006,214,165,0.29160196,0,imagenet_c,defocus_blur,1,none
efficientnet_b4,ILSVRC2012_val_00022371.JPEG,n02101006,214,214,0.7149566,1,imagenet_c,defocus_blur,1,none
efficientnet_b4,ILSVRC2012_val_00023025.JPEG,n02101006,214,460,0.0783356,0,imagenet_c,defocus_blur,1,none
efficientnet_b4,ILSVRC2012_val_00024179.JPEG,n02101006,214,214,0.6960955,1,imagenet_c,defocus_blur,1,none
efficientnet_b4,ILSVRC2012_val_00024973.JPEG,n02101006,214,214,0.31917435,1,imagenet_c,defocus_blur,1,none
efficientnet_b4,ILSVRC2012_val_00025554.JPEG,n02101006,214,214,0.6212918,1,imagenet_c,defocus_blur,1,none
efficientnet_b4,ILSVRC2012_val_00026797.JPEG,n02101006,214,165,0.3398529,0,imagenet_c,defocus_blur,1,none
efficientnet_b4,ILSVRC2012_val_00027899.JPEG,n02101006,214,214,0.616035,1,imagenet_c,defocus_blur,1,none
efficientnet_b4,ILSVRC2012_val_00028724.JPEG,n02101006,214,214,0.5424142,1,imagenet_c,defocus_blur,1,none
efficientnet_b4,ILSVRC2012_val_00029333.JPEG,n02101006,214,214,0.48810452,1,imagenet_c,defocus_blur,1,none
efficientnet_b4,ILSVRC2012_val_00029512.JPEG,n02101006,214,214,0.20216614,1,imagenet_c,defocus_blur,1,none
efficientnet_b4,ILSVRC2012_val_00030087.JPEG,n02101006,214,214,0.35060197,1,imagenet_c,defocus_blur,1,none
efficientnet_b4,ILSVRC2012_val_00030512.JPEG,n02101006,214,214,0.54312223,1,imagenet_c,defocus_blur,1,none
efficientnet_b4,ILSVRC2012_val_00032333.JPEG,n02101006,214,214,0.70597064,1,imagenet_c,defocus_blur,1,none
efficientnet_b4,ILSVRC2012_val_00033300.JPEG,n02101006,214,214,0.85654694,1,imagenet_c,defocus_blur,1,none
efficientnet_b4,ILSVRC2012_val_00034485.JPEG,n02101006,214,214,0.7679005,1,imagenet_c,defocus_blur,1,none
efficientnet_b4,ILSVRC2012_val_00034682.JPEG,n02101006,214,214,0.40335745,1,imagenet_c,defocus_blur,1,none
efficientnet_b4,ILSVRC2012_val_00039268.JPEG,n02101006,214,214,0.7563995,1,imagenet_c,defocus_blur,1,none
efficientnet_b4,ILSVRC2012_val_00042851.JPEG,n02101006,214,214,0.8248317,1,imagenet_c,defocus_blur,1,none
efficientnet_b4,ILSVRC2012_val_00043887.JPEG,n02101006,214,214,0.8095628,1,imagenet_c,defocus_blur,1,none
efficientnet_b4,ILSVRC2012_val_00047325.JPEG,n02101006,214,214,0.65026253,1,imagenet_c,defocus_blur,1,none
efficientnet_b4,ILSVRC2012_val_00049239.JPEG,n02101006,214,214,0.41572186,1,imagenet_c,defocus_blur,1,none
efficientnet_b4,ILSVRC2012_val_00000227.JPEG,n02101388,215,215,0.82484424,1,imagenet_c,defocus_blur,1,none
efficientnet_b4,ILSVRC2012_val_00001577.JPEG,n02101388,215,218,0.031726543,0,imagenet_c,defocus_blur,1,none
efficientnet_b4,ILSVRC2012_val_00005276.JPEG,n02101388,215,215,0.67545956,1,imagenet_c,defocus_blur,1,none
efficientnet_b4,ILSVRC2012_val_00006077.JPEG,n02101388,215,215,0.68581307,1,imagenet_c,defocus_blur,1,none
efficientnet_b4,ILSVRC2012_val_00007781.JPEG,n02101388,215,215,0.5438348,1,imagenet_c,defocus_blur,1,none
efficientnet_b4,ILSVRC2012_val_00008558.JPEG,n02101388,215,266,0.19155863,0,imagenet_c,defocus_blur,1,none
efficientnet_b4,ILSVRC2012_val_00009088.JPEG,n02101388,215,215,0.77158606,1,imagenet_c,defocus_blur,1,none
efficientnet_b4,ILSVRC2012_val_00010354.JPEG,n02101388,215,215,0.49904725,1,imagenet_c,defocus_blur,1,none
efficientnet_b4,ILSVRC2012_val_00010963.JPEG,n02101388,215,215,0.7614669,1,imagenet_c,defocus_blur,1,none
efficientnet_b4,ILSVRC2012_val_00011777.JPEG,n02101388,215,215,0.2536521,1,imagenet_c,defocus_blur,1,none
efficientnet_b4,ILSVRC2012_val_00012883.JPEG,n02101388,215,215,0.6343247,1,imagenet_c,defocus_blur,1,none
efficientnet_b4,ILSVRC2012_val_00013927.JPEG,n02101388,215,215,0.56898624,1,imagenet_c,defocus_blur,1,none
efficientnet_b4,ILSVRC2012_val_00014779.JPEG,n02101388,215,212,0.2960682,0,imagenet_c,defocus_blur,1,none
efficientnet_b4,ILSVRC2012_val_00015176.JPEG,n02101388,215,215,0.5594973,1,imagenet_c,defocus_blur,1,none
efficientnet_b4,ILSVRC2012_val_00015972.JPEG,n02101388,215,215,0.19439183,1,imagenet_c,defocus_blur,1,none
efficientnet_b4,ILSVRC2012_val_00016166.JPEG,n02101388,215,217,0.27232262,0,imagenet_c,defocus_blur,1,none
efficientnet_b4,ILSVRC2012_val_00016335.JPEG,n02101388,215,215,0.5671645,1,imagenet_c,defocus_blur,1,none
efficientnet_b4,ILSVRC2012_val_00016998.JPEG,n02101388,215,215,0.7030256,1,imagenet_c,defocus_blur,1,none
efficientnet_b4,ILSVRC2012_val_00017331.JPEG,n02101388,215,215,0.79540306,1,imagenet_c,defocus_blur,1,none
efficientnet_b4,ILSVRC2012_val_00017676.JPEG,n02101388,215,215,0.73535264,1,imagenet_c,defocus_blur,1,none
efficientnet_b4,ILSVRC2012_val_00018787.JPEG,n02101388,215,212,0.06718563,0,imagenet_c,defocus_blur,1,none
efficientnet_b4,ILSVRC2012_val_00018832.JPEG,n02101388,215,215,0.82982343,1,imagenet_c,defocus_blur,1,none
efficientnet_b4,ILSVRC2012_val_00018992.JPEG,n02101388,215,215,0.68035626,1,imagenet_c,defocus_blur,1,none
efficientnet_b4,ILSVRC2012_val_00020766.JPEG,n02101388,215,215,0.45706016,1,imagenet_c,defocus_blur,1,none
efficientnet_b4,ILSVRC2012_val_00022344.JPEG,n02101388,215,215,0.8190207,1,imagenet_c,defocus_blur,1,none
efficientnet_b4,ILSVRC2012_val_00022908.JPEG,n02101388,215,215,0.6110024,1,imagenet_c,defocus_blur,1,none
efficientnet_b4,ILSVRC2012_val_00023362.JPEG,n02101388,215,215,0.6102395,1,imagenet_c,defocus_blur,1,none
efficientnet_b4,ILSVRC2012_val_00023824.JPEG,n02101388,215,215,0.77108955,1,imagenet_c,defocus_blur,1,none
efficientnet_b4,ILSVRC2012_val_00024686.JPEG,n02101388,215,215,0.6308382,1,imagenet_c,defocus_blur,1,none
efficientnet_b4,ILSVRC2012_val_00027217.JPEG,n02101388,215,215,0.7255093,1,imagenet_c,defocus_blur,1,none
efficientnet_b4,ILSVRC2012_val_00027526.JPEG,n02101388,215,215,0.55832094,1,imagenet_c,defocus_blur,1,none
efficientnet_b4,ILSVRC2012_val_00027846.JPEG,n02101388,215,215,0.63933176,1,imagenet_c,defocus_blur,1,none
efficientnet_b4,ILSVRC2012_val_00029406.JPEG,n02101388,215,215,0.80340487,1,imagenet_c,defocus_blur,1,none
efficientnet_b4,ILSVRC2012_val_00030291.JPEG,n02101388,215,215,0.41385895,1,imagenet_c,defocus_blur,1,none
efficientnet_b4,ILSVRC2012_val_00031014.JPEG,n02101388,215,218,0.4708694,0,imagenet_c,defocus_blur,1,none
efficientnet_b4,ILSVRC2012_val_00031368.JPEG,n02101388,215,215,0.78987706,1,imagenet_c,defocus_blur,1,none
efficientnet_b4,ILSVRC2012_val_00031599.JPEG,n02101388,215,215,0.6659078,1,imagenet_c,defocus_blur,1,none
efficientnet_b4,ILSVRC2012_val_00031633.JPEG,n02101388,215,166,0.3079488,0,imagenet_c,defocus_blur,1,none
efficientnet_b4,ILSVRC2012_val_00036408.JPEG,n02101388,215,215,0.5825566,1,imagenet_c,defocus_blur,1,none
efficientnet_b4,ILSVRC2012_val_00037943.JPEG,n02101388,215,215,0.7558831,1,imagenet_c,defocus_blur,1,none
efficientnet_b4,ILSVRC2012_val_00040496.JPEG,n02101388,215,215,0.8698427,1,imagenet_c,defocus_blur,1,none
efficientnet_b4,ILSVRC2012_val_00041460.JPEG,n02101388,215,215,0.5388451,1,imagenet_c,defocus_blur,1,none
efficientnet_b4,ILSVRC2012_val_00041987.JPEG,n02101388,215,215,0.6432626,1,imagenet_c,defocus_blur,1,none
efficientnet_b4,ILSVRC2012_val_00042623.JPEG,n02101388,215,215,0.61917615,1,imagenet_c,defocus_blur,1,none
efficientnet_b4,ILSVRC2012_val_00042810.JPEG,n02101388,215,215,0.18107826,1,imagenet_c,defocus_blur,1,none
efficientnet_b4,ILSVRC2012_val_00043880.JPEG,n02101388,215,215,0.6041179,1,imagenet_c,defocus_blur,1,none
efficientnet_b4,ILSVRC2012_val_00047340.JPEG,n02101388,215,215,0.43457833,1,imagenet_c,defocus_blur,1,none
efficientnet_b4,ILSVRC2012_val_00048536.JPEG,n02101388,215,215,0.3522852,1,imagenet_c,defocus_blur,1,none
efficientnet_b4,ILSVRC2012_val_00049857.JPEG,n02101388,215,167,0.1833631,0,imagenet_c,defocus_blur,1,none
efficientnet_b4,ILSVRC2012_val_00049868.JPEG,n02101388,215,215,0.39001516,1,imagenet_c,defocus_blur,1,none
efficientnet_b4,ILSVRC2012_val_00000643.JPEG,n02101556,216,216,0.51454085,1,imagenet_c,defocus_blur,1,none
efficientnet_b4,ILSVRC2012_val_00000716.JPEG,n02101556,216,216,0.6119816,1,imagenet_c,defocus_blur,1,none
efficientnet_b4,ILSVRC2012_val_00001223.JPEG,n02101556,216,216,0.6404588,1,imagenet_c,defocus_blur,1,none
efficientnet_b4,ILSVRC2012_val_00001944.JPEG,n02101556,216,216,0.48500592,1,imagenet_c,defocus_blur,1,none
efficientnet_b4,ILSVRC2012_val_00003301.JPEG,n02101556,216,218,0.2625356,0,imagenet_c,defocus_blur,1,none
efficientnet_b4,ILSVRC2012_val_00005994.JPEG,n02101556,216,216,0.76770675,1,imagenet_c,defocus_blur,1,none
efficientnet_b4,ILSVRC2012_val_00006063.JPEG,n02101556,216,216,0.66878235,1,imagenet_c,defocus_blur,1,none
efficientnet_b4,ILSVRC2012_val_00006827.JPEG,n02101556,216,216,0.2959372,1,imagenet_c,defocus_blur,1,none
efficientnet_b4,ILSVRC2012_val_00008368.JPEG,n02101556,216,216,0.7247237,1,imagenet_c,defocus_blur,1,none
efficientnet_b4,ILSVRC2012_val_00008527.JPEG,n02101556,216,216,0.6623056,1,imagenet_c,defocus_blur,1,none
efficientnet_b4,ILSVRC2012_val_00008619.JPEG,n02101556,216,216,0.7600516,1,imagenet_c,defocus_blur,1,none
efficientnet_b4,ILSVRC2012_val_00008944.JPEG,n02101556,216,220,0.45492,0,imagenet_c,defocus_blur,1,none
efficientnet_b4,ILSVRC2012_val_00009291.JPEG,n02101556,216,216,0.66779274,1,imagenet_c,defocus_blur,1,none
efficientnet_b4,ILSVRC2012_val_00009757.JPEG,n02101556,216,216,0.65353566,1,imagenet_c,defocus_blur,1,none
efficientnet_b4,ILSVRC2012_val_00011077.JPEG,n02101556,216,216,0.7269871,1,imagenet_c,defocus_blur,1,none
efficientnet_b4,ILSVRC2012_val_00012928.JPEG,n02101556,216,216,0.5860159,1,imagenet_c,defocus_blur,1,none
efficientnet_b4,ILSVRC2012_val_00015116.JPEG,n02101556,216,216,0.5071193,1,imagenet_c,defocus_blur,1,none
efficientnet_b4,ILSVRC2012_val_00015213.JPEG,n02101556,216,216,0.6136911,1,imagenet_c,defocus_blur,1,none
efficientnet_b4,ILSVRC2012_val_00018827.JPEG,n02101556,216,216,0.6463105,1,imagenet_c,defocus_blur,1,none
efficientnet_b4,ILSVRC2012_val_00019919.JPEG,n02101556,216,216,0.6732502,1,imagenet_c,defocus_blur,1,none
efficientnet_b4,ILSVRC2012_val_00021360.JPEG,n02101556,216,216,0.6313742,1,imagenet_c,defocus_blur,1,none
efficientnet_b4,ILSVRC2012_val_00023735.JPEG,n02101556,216,212,0.24037184,0,imagenet_c,defocus_blur,1,none
efficientnet_b4,ILSVRC2012_val_00025471.JPEG,n02101556,216,216,0.67782664,1,imagenet_c,defocus_blur,1,none
efficientnet_b4,ILSVRC2012_val_00025549.JPEG,n02101556,216,216,0.27907172,1,imagenet_c,defocus_blur,1,none
efficientnet_b4,ILSVRC2012_val_00025551.JPEG,n02101556,216,216,0.5622362,1,imagenet_c,defocus_blur,1,none
efficientnet_b4,ILSVRC2012_val_00026056.JPEG,n02101556,216,216,0.6364603,1,imagenet_c,defocus_blur,1,none
efficientnet_b4,ILSVRC2012_val_00026353.JPEG,n02101556,216,216,0.654203,1,imagenet_c,defocus_blur,1,none
efficientnet_b4,ILSVRC2012_val_00026367.JPEG,n02101556,216,216,0.4499459,1,imagenet_c,defocus_blur,1,none
efficientnet_b4,ILSVRC2012_val_00026370.JPEG,n02101556,216,216,0.7064626,1,imagenet_c,defocus_blur,1,none
efficientnet_b4,ILSVRC2012_val_00028321.JPEG,n02101556,216,216,0.6386628,1,imagenet_c,defocus_blur,1,none
efficientnet_b4,ILSVRC2012_val_00030261.JPEG,n02101556,216,216,0.6706041,1,imagenet_c,defocus_blur,1,none
efficientnet_b4,ILSVRC2012_val_00030540.JPEG,n02101556,216,216,0.36045563,1,imagenet_c,defocus_blur,1,none
efficientnet_b4,ILSVRC2012_val_00030705.JPEG,n02101556,216,356,0.30917522,0,imagenet_c,defocus_blur,1,none
efficientnet_b4,ILSVRC2012_val_00030747.JPEG,n02101556,216,216,0.7177799,1,imagenet_c,defocus_blur,1,none
efficientnet_b4,ILSVRC2012_val_00031411.JPEG,n02101556,216,216,0.28814703,1,imagenet_c,defocus_blur,1,none
efficientnet_b4,ILSVRC2012_val_00031640.JPEG,n02101556,216,216,0.5911038,1,imagenet_c,defocus_blur,1,none
efficientnet_b4,ILSVRC2012_val_00032124.JPEG,n02101556,216,216,0.75066423,1,imagenet_c,defocus_blur,1,none
efficientnet_b4,ILSVRC2012_val_00032975.JPEG,n02101556,216,216,0.6722617,1,imagenet_c,defocus_blur,1,none
efficientnet_b4,ILSVRC2012_val_00035378.JPEG,n02101556,216,216,0.3135546,1,imagenet_c,defocus_blur,1,none
efficientnet_b4,ILSVRC2012_val_00036977.JPEG,n02101556,216,216,0.66473216,1,imagenet_c,defocus_blur,1,none
efficientnet_b4,ILSVRC2012_val_00038828.JPEG,n02101556,216,216,0.5367732,1,imagenet_c,defocus_blur,1,none
efficientnet_b4,ILSVRC2012_val_00040291.JPEG,n02101556,216,216,0.6423136,1,imagenet_c,defocus_blur,1,none
efficientnet_b4,ILSVRC2012_val_00040308.JPEG,n02101556,216,216,0.5533056,1,imagenet_c,defocus_blur,1,none
efficientnet_b4,ILSVRC2012_val_00044059.JPEG,n02101556,216,216,0.7396445,1,imagenet_c,defocus_blur,1,none
efficientnet_b4,ILSVRC2012_val_00045011.JPEG,n02101556,216,211,0.083571054,0,imagenet_c,defocus_blur,1,none
efficientnet_b4,ILSVRC2012_val_00047295.JPEG,n02101556,216,216,0.7244381,1,imagenet_c,defocus_blur,1,none
efficientnet_b4,ILSVRC2012_val_00047361.JPEG,n02101556,216,216,0.71897846,1,imagenet_c,defocus_blur,1,none
efficientnet_b4,ILSVRC2012_val_00048396.JPEG,n02101556,216,216,0.6459765,1,imagenet_c,defocus_blur,1,none
efficientnet_b4,ILSVRC2012_val_00048439.JPEG,n02101556,216,216,0.65063363,1,imagenet_c,defocus_blur,1,none
efficientnet_b4,ILSVRC2012_val_00049805.JPEG,n02101556,216,216,0.6413669,1,imagenet_c,defocus_blur,1,none
efficientnet_b4,ILSVRC2012_val_00000665.JPEG,n02102040,217,217,0.53460574,1,imagenet_c,defocus_blur,1,none
efficientnet_b4,ILSVRC2012_val_00001968.JPEG,n02102040,217,217,0.76875806,1,imagenet_c,defocus_blur,1,none
efficientnet_b4,ILSVRC2012_val_00002294.JPEG,n02102040,217,217,0.23898357,1,imagenet_c,defocus_blur,1,none
efficientnet_b4,ILSVRC2012_val_00002315.JPEG,n02102040,217,217,0.8119395,1,imagenet_c,defocus_blur,1,none
efficientnet_b4,ILSVRC2012_val_00004548.JPEG,n02102040,217,217,0.23331296,1,imagenet_c,defocus_blur,1,none
efficientnet_b4,ILSVRC2012_val_00004553.JPEG,n02102040,217,217,0.19122519,1,imagenet_c,defocus_blur,1,none
efficientnet_b4,ILSVRC2012_val_00004650.JPEG,n02102040,217,217,0.5967111,1,imagenet_c,defocus_blur,1,none
efficientnet_b4,ILSVRC2012_val_00007032.JPEG,n02102040,217,217,0.74169976,1,imagenet_c,defocus_blur,1,none
efficientnet_b4,ILSVRC2012_val_00007568.JPEG,n02102040,217,217,0.55607426,1,imagenet_c,defocus_blur,1,none
efficientnet_b4,ILSVRC2012_val_00008162.JPEG,n02102040,217,217,0.47654536,1,imagenet_c,defocus_blur,1,none
efficientnet_b4,ILSVRC2012_val_00008334.JPEG,n02102040,217,217,0.6440283,1,imagenet_c,defocus_blur,1,none
efficientnet_b4,ILSVRC2012_val_00010994.JPEG,n02102040,217,215,0.2978806,0,imagenet_c,defocus_blur,1,none
efficientnet_b4,ILSVRC2012_val_00012689.JPEG,n02102040,217,217,0.4569787,1,imagenet_c,defocus_blur,1,none
efficientnet_b4,ILSVRC2012_val_00014125.JPEG,n02102040,217,217,0.63514346,1,imagenet_c,defocus_blur,1,none
efficientnet_b4,ILSVRC2012_val_00014280.JPEG,n02102040,217,217,0.437825,1,imagenet_c,defocus_blur,1,none
efficientnet_b4,ILSVRC2012_val_00015499.JPEG,n02102040,217,217,0.37461132,1,imagenet_c,defocus_blur,1,none
efficientnet_b4,ILSVRC2012_val_00015694.JPEG,n02102040,217,217,0.56722265,1,imagenet_c,defocus_blur,1,none
efficientnet_b4,ILSVRC2012_val_00016582.JPEG,n02102040,217,217,0.5105904,1,imagenet_c,defocus_blur,1,none
efficientnet_b4,ILSVRC2012_val_00016768.JPEG,n02102040,217,217,0.62665707,1,imagenet_c,defocus_blur,1,none
efficientnet_b4,ILSVRC2012_val_00016833.JPEG,n02102040,217,212,0.34644324,0,imagenet_c,defocus_blur,1,none
efficientnet_b4,ILSVRC2012_val_00017370.JPEG,n02102040,217,217,0.8541254,1,imagenet_c,defocus_blur,1,none
efficientnet_b4,ILSVRC2012_val_00017664.JPEG,n02102040,217,217,0.61717343,1,imagenet_c,defocus_blur,1,none
efficientnet_b4,ILSVRC2012_val_00018207.JPEG,n02102040,217,217,0.4790501,1,imagenet_c,defocus_blur,1,none
efficientnet_b4,ILSVRC2012_val_00019414.JPEG,n02102040,217,217,0.765404,1,imagenet_c,defocus_blur,1,none
efficientnet_b4,ILSVRC2012_val_00021016.JPEG,n02102040,217,217,0.3475222,1,imagenet_c,defocus_blur,1,none
efficientnet_b4,ILSVRC2012_val_00021205.JPEG,n02102040,217,217,0.7153446,1,imagenet_c,defocus_blur,1,none
efficientnet_b4,ILSVRC2012_val_00022412.JPEG,n02102040,217,232,0.5095919,0,imagenet_c,defocus_blur,1,none
efficientnet_b4,ILSVRC2012_val_00023242.JPEG,n02102040,217,166,0.05366057,0,imagenet_c,defocus_blur,1,none
efficientnet_b4,ILSVRC2012_val_00023440.JPEG,n02102040,217,217,0.12075576,1,imagenet_c,defocus_blur,1,none
efficientnet_b4,ILSVRC2012_val_00024246.JPEG,n02102040,217,217,0.31059086,1,imagenet_c,defocus_blur,1,none
efficientnet_b4,ILSVRC2012_val_00025442.JPEG,n02102040,217,217,0.577921,1,imagenet_c,defocus_blur,1,none
efficientnet_b4,ILSVRC2012_val_00026521.JPEG,n02102040,217,232,0.511678,0,imagenet_c,defocus_blur,1,none
efficientnet_b4,ILSVRC2012_val_00027182.JPEG,n02102040,217,215,0.20628917,0,imagenet_c,defocus_blur,1,none
efficientnet_b4,ILSVRC2012_val_00027918.JPEG,n02102040,217,210,0.27818665,0,imagenet_c,defocus_blur,1,none
efficientnet_b4,ILSVRC2012_val_00029518.JPEG,n02102040,217,217,0.69332516,1,imagenet_c,defocus_blur,1,none
efficientnet_b4,ILSVRC2012_val_00032959.JPEG,n02102040,217,217,0.6803546,1,imagenet_c,defocus_blur,1,none
efficientnet_b4,ILSVRC2012_val_00035723.JPEG,n02102040,217,217,0.50626,1,imagenet_c,defocus_blur,1,none
efficientnet_b4,ILSVRC2012_val_00036282.JPEG,n02102040,217,217,0.7031261,1,imagenet_c,defocus_blur,1,none
efficientnet_b4,ILSVRC2012_val_00037182.JPEG,n02102040,217,217,0.72850937,1,imagenet_c,defocus_blur,1,none
efficientnet_b4,ILSVRC2012_val_00038569.JPEG,n02102040,217,232,0.23955855,0,imagenet_c,defocus_blur,1,none
efficientnet_b4,ILSVRC2012_val_00040140.JPEG,n02102040,217,217,0.5495762,1,imagenet_c,defocus_blur,1,none
efficientnet_b4,ILSVRC2012_val_00040546.JPEG,n02102040,217,217,0.43237466,1,imagenet_c,defocus_blur,1,none
efficientnet_b4,ILSVRC2012_val_00040679.JPEG,n02102040,217,217,0.7243902,1,imagenet_c,defocus_blur,1,none
efficientnet_b4,ILSVRC2012_val_00040876.JPEG,n02102040,217,217,0.35743928,1,imagenet_c,defocus_blur,1,none
efficientnet_b4,ILSVRC2012_val_00043994.JPEG,n02102040,217,217,0.3059006,1,imagenet_c,defocus_blur,1,none
efficientnet_b4,ILSVRC2012_val_00044718.JPEG,n02102040,217,220,0.27544302,0,imagenet_c,defocus_blur,1,none
efficientnet_b4,ILSVRC2012_val_00046295.JPEG,n02102040,217,217,0.20774832,1,imagenet_c,defocus_blur,1,none
efficientnet_b4,ILSVRC2012_val_00048914.JPEG,n02102040,217,217,0.56267625,1,imagenet_c,defocus_blur,1,none
efficientnet_b4,ILSVRC2012_val_00049218.JPEG,n02102040,217,217,0.7525352,1,imagenet_c,defocus_blur,1,none
efficientnet_b4,ILSVRC2012_val_00049523.JPEG,n02102040,217,217,0.62624145,1,imagenet_c,defocus_blur,1,none
efficientnet_b4,ILSVRC2012_val_00002298.JPEG,n02102177,218,218,0.61337405,1,imagenet_c,defocus_blur,1,none
efficientnet_b4,ILSVRC2012_val_00002353.JPEG,n02102177,218,218,0.64490014,1,imagenet_c,defocus_blur,1,none
efficientnet_b4,ILSVRC2012_val_00002550.JPEG,n02102177,218,218,0.52182025,1,imagenet_c,defocus_blur,1,none
efficientnet_b4,ILSVRC2012_val_00002672.JPEG,n02102177,218,218,0.28677073,1,imagenet_c,defocus_blur,1,none
efficientnet_b4,ILSVRC2012_val_00006404.JPEG,n02102177,218,218,0.78573513,1,imagenet_c,defocus_blur,1,none
efficientnet_b4,ILSVRC2012_val_00006630.JPEG,n02102177,218,218,0.41380578,1,imagenet_c,defocus_blur,1,none
efficientnet_b4,ILSVRC2012_val_00006947.JPEG,n02102177,218,218,0.60997474,1,imagenet_c,defocus_blur,1,none
efficientnet_b4,ILSVRC2012_val_00007149.JPEG,n02102177,218,218,0.5747849,1,imagenet_c,defocus_blur,1,none
efficientnet_b4,ILSVRC2012_val_00007927.JPEG,n02102177,218,218,0.43338755,1,imagenet_c,defocus_blur,1,none
efficientnet_b4,ILSVRC2012_val_00008348.JPEG,n02102177,218,218,0.6710238,1,imagenet_c,defocus_blur,1,none
efficientnet_b4,ILSVRC2012_val_00009397.JPEG,n02102177,218,218,0.5529233,1,imagenet_c,defocus_blur,1,none
efficientnet_b4,ILSVRC2012_val_00009871.JPEG,n02102177,218,218,0.2773095,1,imagenet_c,defocus_blur,1,none
efficientnet_b4,ILSVRC2012_val_00010758.JPEG,n02102177,218,218,0.71060294,1,imagenet_c,defocus_blur,1,none
efficientnet_b4,ILSVRC2012_val_00012288.JPEG,n02102177,218,218,0.35942382,1,imagenet_c,defocus_blur,1,none
efficientnet_b4,ILSVRC2012_val_00012524.JPEG,n02102177,218,218,0.30230543,1,imagenet_c,defocus_blur,1,none
efficientnet_b4,ILSVRC2012_val_00012948.JPEG,n02102177,218,218,0.5737419,1,imagenet_c,defocus_blur,1,none
efficientnet_b4,ILSVRC2012_val_00013116.JPEG,n02102177,218,218,0.56413305,1,imagenet_c,defocus_blur,1,none
efficientnet_b4,ILSVRC2012_val_00013127.JPEG,n02102177,218,218,0.7308774,1,imagenet_c,defocus_blur,1,none
efficientnet_b4,ILSVRC2012_val_00016315.JPEG,n02102177,218,156,0.27762723,0,imagenet_c,defocus_blur,1,none
efficientnet_b4,ILSVRC2012_val_00017830.JPEG,n02102177,218,218,0.3980287,1,imagenet_c,defocus_blur,1,none
efficientnet_b4,ILSVRC2012_val_00018556.JPEG,n02102177,218,218,0.6905598,1,imagenet_c,defocus_blur,1,none
efficientnet_b4,ILSVRC2012_val_00018942.JPEG,n02102177,218,218,0.64929676,1,imagenet_c,defocus_blur,1,none
efficientnet_b4,ILSVRC2012_val_00019002.JPEG,n02102177,218,218,0.69619316,1,imagenet_c,defocus_blur,1,none
efficientnet_b4,ILSVRC2012_val_00020837.JPEG,n02102177,218,218,0.5501921,1,imagenet_c,defocus_blur,1,none
efficientnet_b4,ILSVRC2012_val_00021022.JPEG,n02102177,218,218,0.59986895,1,imagenet_c,defocus_blur,1,none
efficientnet_b4,ILSVRC2012_val_00022501.JPEG,n02102177,218,218,0.6846831,1,imagenet_c,defocus_blur,1,none
efficientnet_b4,ILSVRC2012_val_00023888.JPEG,n02102177,218,218,0.29096183,1,imagenet_c,defocus_blur,1,none
efficientnet_b4,ILSVRC2012_val_00024075.JPEG,n02102177,218,218,0.73544157,1,imagenet_c,defocus_blur,1,none
efficientnet_b4,ILSVRC2012_val_00024715.JPEG,n02102177,218,218,0.7608528,1,imagenet_c,defocus_blur,1,none
efficientnet_b4,ILSVRC2012_val_00025493.JPEG,n02102177,218,218,0.5731784,1,imagenet_c,defocus_blur,1,none
efficientnet_b4,ILSVRC2012_val_00025704.JPEG,n02102177,218,218,0.6629207,1,imagenet_c,defocus_blur,1,none
efficientnet_b4,ILSVRC2012_val_00025869.JPEG,n02102177,218,218,0.66750276,1,imagenet_c,defocus_blur,1,none
efficientnet_b4,ILSVRC2012_val_00025988.JPEG,n02102177,218,218,0.29814255,1,imagenet_c,defocus_blur,1,none
efficientnet_b4,ILSVRC2012_val_00027168.JPEG,n02102177,218,218,0.49384895,1,imagenet_c,defocus_blur,1,none
efficientnet_b4,ILSVRC2012_val_00028131.JPEG,n02102177,218,215,0.28597474,0,imagenet_c,defocus_blur,1,none
efficientnet_b4,ILSVRC2012_val_00028782.JPEG,n02102177,218,218,0.77689457,1,imagenet_c,defocus_blur,1,none
efficientnet_b4,ILSVRC2012_val_00030756.JPEG,n02102177,218,218,0.5654085,1,imagenet_c,defocus_blur,1,none
efficientnet_b4,ILSVRC2012_val_00032784.JPEG,n02102177,218,218,0.6481865,1,imagenet_c,defocus_blur,1,none
efficientnet_b4,ILSVRC2012_val_00035321.JPEG,n02102177,218,218,0.69619507,1,imagenet_c,defocus_blur,1,none
efficientnet_b4,ILSVRC2012_val_00036664.JPEG,n02102177,218,218,0.24958925,1,imagenet_c,defocus_blur,1,none
efficientnet_b4,ILSVRC2012_val_00036781.JPEG,n02102177,218,218,0.72806114,1,imagenet_c,defocus_blur,1,none
efficientnet_b4,ILSVRC2012_val_00040353.JPEG,n02102177,218,218,0.6946408,1,imagenet_c,defocus_blur,1,none
efficientnet_b4,ILSVRC2012_val_00040990.JPEG,n02102177,218,218,0.35574135,1,imagenet_c,defocus_blur,1,none
efficientnet_b4,ILSVRC2012_val_00041026.JPEG,n02102177,218,218,0.49917868,1,imagenet_c,defocus_blur,1,none
efficientnet_b4,ILSVRC2012_val_00041473.JPEG,n02102177,218,218,0.6959878,1,imagenet_c,defocus_blur,1,none
efficientnet_b4,ILSVRC2012_val_00043482.JPEG,n02102177,218,215,0.19383134,0,imagenet_c,defocus_blur,1,none
efficientnet_b4,ILSVRC2012_val_00047049.JPEG,n02102177,218,218,0.80016434,1,imagenet_c,defocus_blur,1,none
efficientnet_b4,ILSVRC2012_val_00047744.JPEG,n02102177,218,218,0.63292927,1,imagenet_c,defocus_blur,1,none
efficientnet_b4,ILSVRC2012_val_00048513.JPEG,n02102177,218,218,0.31730703,1,imagenet_c,defocus_blur,1,none
efficientnet_b4,ILSVRC2012_val_00049642.JPEG,n02102177,218,218,0.77812237,1,imagenet_c,defocus_blur,1,none
efficientnet_b4,ILSVRC2012_val_00000524.JPEG,n02102318,219,219,0.35742643,1,imagenet_c,defocus_blur,1,none
efficientnet_b4,ILSVRC2012_val_00001663.JPEG,n02102318,219,219,0.44670948,1,imagenet_c,defocus_blur,1,none
efficientnet_b4,ILSVRC2012_val_00002097.JPEG,n02102318,219,219,0.31158555,1,imagenet_c,defocus_blur,1,none
efficientnet_b4,ILSVRC2012_val_00003530.JPEG,n02102318,219,219,0.55384845,1,imagenet_c,defocus_blur,1,none
efficientnet_b4,ILSVRC2012_val_00003729.JPEG,n02102318,219,219,0.48589748,1,imagenet_c,defocus_blur,1,none
efficientnet_b4,ILSVRC2012_val_00004995.JPEG,n02102318,219,219,0.22830245,1,imagenet_c,defocus_blur,1,none
efficientnet_b4,ILSVRC2012_val_00007164.JPEG,n02102318,219,218,0.3991238,0,imagenet_c,defocus_blur,1,none
efficientnet_b4,ILSVRC2012_val_00008119.JPEG,n02102318,219,220,0.11870026,0,imagenet_c,defocus_blur,1,none
efficientnet_b4,ILSVRC2012_val_00012155.JPEG,n02102318,219,219,0.36325422,1,imagenet_c,defocus_blur,1,none
efficientnet_b4,ILSVRC2012_val_00012326.JPEG,n02102318,219,220,0.2427939,0,imagenet_c,defocus_blur,1,none
efficientnet_b4,ILSVRC2012_val_00013682.JPEG,n02102318,219,219,0.39932054,1,imagenet_c,defocus_blur,1,none
efficientnet_b4,ILSVRC2012_val_00014573.JPEG,n02102318,219,219,0.41954595,1,imagenet_c,defocus_blur,1,none
efficientnet_b4,ILSVRC2012_val_00015183.JPEG,n02102318,219,207,0.29445338,0,imagenet_c,defocus_blur,1,none
efficientnet_b4,ILSVRC2012_val_00015303.JPEG,n02102318,219,164,0.1138793,0,imagenet_c,defocus_blur,1,none
efficientnet_b4,ILSVRC2012_val_00016093.JPEG,n02102318,219,219,0.68660754,1,imagenet_c,defocus_blur,1,none
efficientnet_b4,ILSVRC2012_val_00016445.JPEG,n02102318,219,219,0.34065738,1,imagenet_c,defocus_blur,1,none
efficientnet_b4,ILSVRC2012_val_00017104.JPEG,n02102318,219,219,0.613372,1,imagenet_c,defocus_blur,1,none
efficientnet_b4,ILSVRC2012_val_00017713.JPEG,n02102318,219,219,0.4990275,1,imagenet_c,defocus_blur,1,none
efficientnet_b4,ILSVRC2012_val_00017742.JPEG,n02102318,219,183,0.17775571,0,imagenet_c,defocus_blur,1,none
efficientnet_b4,ILSVRC2012_val_00018596.JPEG,n02102318,219,219,0.4792615,1,imagenet_c,defocus_blur,1,none
efficientnet_b4,ILSVRC2012_val_00019914.JPEG,n02102318,219,218,0.5316168,0,imagenet_c,defocus_blur,1,none
efficientnet_b4,ILSVRC2012_val_00020250.JPEG,n02102318,219,220,0.25445727,0,imagenet_c,defocus_blur,1,none
efficientnet_b4,ILSVRC2012_val_00020593.JPEG,n02102318,219,219,0.33704844,1,imagenet_c,defocus_blur,1,none
efficientnet_b4,ILSVRC2012_val_00022324.JPEG,n02102318,219,220,0.42611235,0,imagenet_c,defocus_blur,1,none
efficientnet_b4,ILSVRC2012_val_00023133.JPEG,n02102318,219,219,0.18060493,1,imagenet_c,defocus_blur,1,none
efficientnet_b4,ILSVRC2012_val_00023859.JPEG,n02102318,219,219,0.46835312,1,imagenet_c,defocus_blur,1,none
efficientnet_b4,ILSVRC2012_val_00024691.JPEG,n02102318,219,215,0.45622087,0,imagenet_c,defocus_blur,1,none
efficientnet_b4,ILSVRC2012_val_00026152.JPEG,n02102318,219,219,0.29170254,1,imagenet_c,defocus_blur,1,none
efficientnet_b4,ILSVRC2012_val_00026356.JPEG,n02102318,219,220,0.44199878,0,imagenet_c,defocus_blur,1,none
efficientnet_b4,ILSVRC2012_val_00026540.JPEG,n02102318,219,152,0.33936673,0,imagenet_c,defocus_blur,1,none
efficientnet_b4,ILSVRC2012_val_00027963.JPEG,n02102318,219,219,0.37006584,1,imagenet_c,defocus_blur,1,none
efficientnet_b4,ILSVRC2012_val_00028292.JPEG,n02102318,219,220,0.112430274,0,imagenet_c,defocus_blur,1,none
efficientnet_b4,ILSVRC2012_val_00028661.JPEG,n02102318,219,219,0.32102436,1,imagenet_c,defocus_blur,1,none
efficientnet_b4,ILSVRC2012_val_00030798.JPEG,n02102318,219,219,0.46287557,1,imagenet_c,defocus_blur,1,none
efficientnet_b4,ILSVRC2012_val_00032410.JPEG,n02102318,219,220,0.14766002,0,imagenet_c,defocus_blur,1,none
efficientnet_b4,ILSVRC2012_val_00034219.JPEG,n02102318,219,219,0.40688768,1,imagenet_c,defocus_blur,1,none
efficientnet_b4,ILSVRC2012_val_00034933.JPEG,n02102318,219,220,0.1994322,0,imagenet_c,defocus_blur,1,none
efficientnet_b4,ILSVRC2012_val_00034948.JPEG,n02102318,219,219,0.32566005,1,imagenet_c,defocus_blur,1,none
efficientnet_b4,ILSVRC2012_val_00040040.JPEG,n02102318,219,207,0.72222877,0,imagenet_c,defocus_blur,1,none
efficientnet_b4,ILSVRC2012_val_00040400.JPEG,n02102318,219,219,0.3989704,1,imagenet_c,defocus_blur,1,none
efficientnet_b4,ILSVRC2012_val_00040898.JPEG,n02102318,219,213,0.44067833,0,imagenet_c,defocus_blur,1,none
efficientnet_b4,ILSVRC2012_val_00041928.JPEG,n02102318,219,219,0.4671435,1,imagenet_c,defocus_blur,1,none
efficientnet_b4,ILSVRC2012_val_00044730.JPEG,n02102318,219,219,0.4274829,1,imagenet_c,defocus_blur,1,none
efficientnet_b4,ILSVRC2012_val_00044890.JPEG,n02102318,219,219,0.3138232,1,imagenet_c,defocus_blur,1,none
efficientnet_b4,ILSVRC2012_val_00045085.JPEG,n02102318,219,219,0.3122326,1,imagenet_c,defocus_blur,1,none
efficientnet_b4,ILSVRC2012_val_00045753.JPEG,n02102318,219,219,0.22188936,1,imagenet_c,defocus_blur,1,none
efficientnet_b4,ILSVRC2012_val_00045827.JPEG,n02102318,219,219,0.07250212,1,imagenet_c,defocus_blur,1,none
efficientnet_b4,ILSVRC2012_val_00046143.JPEG,n02102318,219,220,0.08788991,0,imagenet_c,defocus_blur,1,none
efficientnet_b4,ILSVRC2012_val_00048469.JPEG,n02102318,219,219,0.50096655,1,imagenet_c,defocus_blur,1,none
efficientnet_b4,ILSVRC2012_val_00049326.JPEG,n02102318,219,219,0.27140963,1,imagenet_c,defocus_blur,1,none
efficientnet_b4,ILSVRC2012_val_00000539.JPEG,n02102480,220,220,0.7244173,1,imagenet_c,defocus_blur,1,none
efficientnet_b4,ILSVRC2012_val_00001414.JPEG,n02102480,220,216,0.3583096,0,imagenet_c,defocus_blur,1,none
efficientnet_b4,ILSVRC2012_val_00001550.JPEG,n02102480,220,220,0.6435626,1,imagenet_c,defocus_blur,1,none
efficientnet_b4,ILSVRC2012_val_00001758.JPEG,n02102480,220,207,0.18153103,0,imagenet_c,defocus_blur,1,none
efficientnet_b4,ILSVRC2012_val_00002303.JPEG,n02102480,220,220,0.68070346,1,imagenet_c,defocus_blur,1,none
efficientnet_b4,ILSVRC2012_val_00002461.JPEG,n02102480,220,264,0.25104544,0,imagenet_c,defocus_blur,1,none
efficientnet_b4,ILSVRC2012_val_00004185.JPEG,n02102480,220,220,0.70900303,1,imagenet_c,defocus_blur,1,none
efficientnet_b4,ILSVRC2012_val_00005027.JPEG,n02102480,220,220,0.6496537,1,imagenet_c,defocus_blur,1,none
efficientnet_b4,ILSVRC2012_val_00006351.JPEG,n02102480,220,220,0.73276854,1,imagenet_c,defocus_blur,1,none
efficientnet_b4,ILSVRC2012_val_00007430.JPEG,n02102480,220,220,0.5944277,1,imagenet_c,defocus_blur,1,none
efficientnet_b4,ILSVRC2012_val_00007507.JPEG,n02102480,220,219,0.5045943,0,imagenet_c,defocus_blur,1,none
efficientnet_b4,ILSVRC2012_val_00007971.JPEG,n02102480,220,220,0.7628772,1,imagenet_c,defocus_blur,1,none
efficientnet_b4,ILSVRC2012_val_00008148.JPEG,n02102480,220,220,0.7535066,1,imagenet_c,defocus_blur,1,none
efficientnet_b4,ILSVRC2012_val_00008713.JPEG,n02102480,220,221,0.3168875,0,imagenet_c,defocus_blur,1,none
efficientnet_b4,ILSVRC2012_val_00009777.JPEG,n02102480,220,220,0.49089557,1,imagenet_c,defocus_blur,1,none
efficientnet_b4,ILSVRC2012_val_00010261.JPEG,n02102480,220,220,0.58929366,1,imagenet_c,defocus_blur,1,none
efficientnet_b4,ILSVRC2012_val_00013126.JPEG,n02102480,220,220,0.7131156,1,imagenet_c,defocus_blur,1,none
efficientnet_b4,ILSVRC2012_val_00013762.JPEG,n02102480,220,220,0.78326035,1,imagenet_c,defocus_blur,1,none
efficientnet_b4,ILSVRC2012_val_00013843.JPEG,n02102480,220,206,0.45765683,0,imagenet_c,defocus_blur,1,none
efficientnet_b4,ILSVRC2012_val_00014117.JPEG,n02102480,220,220,0.7094261,1,imagenet_c,defocus_blur,1,none
efficientnet_b4,ILSVRC2012_val_00015205.JPEG,n02102480,220,219,0.26239625,0,imagenet_c,defocus_blur,1,none
efficientnet_b4,ILSVRC2012_val_00016596.JPEG,n02102480,220,220,0.6536001,1,imagenet_c,defocus_blur,1,none
efficientnet_b4,ILSVRC2012_val_00017499.JPEG,n02102480,220,220,0.7903204,1,imagenet_c,defocus_blur,1,none
efficientnet_b4,ILSVRC2012_val_00019449.JPEG,n02102480,220,220,0.6024531,1,imagenet_c,defocus_blur,1,none
efficientnet_b4,ILSVRC2012_val_00020961.JPEG,n02102480,220,220,0.6032573,1,imagenet_c,defocus_blur,1,none
efficientnet_b4,ILSVRC2012_val_00023012.JPEG,n02102480,220,220,0.7441315,1,imagenet_c,defocus_blur,1,none
efficientnet_b4,ILSVRC2012_val_00023346.JPEG,n02102480,220,221,0.41403708,0,imagenet_c,defocus_blur,1,none
efficientnet_b4,ILSVRC2012_val_00025066.JPEG,n02102480,220,220,0.7907471,1,imagenet_c,defocus_blur,1,none
efficientnet_b4,ILSVRC2012_val_00025082.JPEG,n02102480,220,156,0.5849545,0,imagenet_c,defocus_blur,1,none
efficientnet_b4,ILSVRC2012_val_00025181.JPEG,n02102480,220,220,0.7445224,1,imagenet_c,defocus_blur,1,none
efficientnet_b4,ILSVRC2012_val_00026146.JPEG,n02102480,220,219,0.38335314,0,imagenet_c,defocus_blur,1,none
efficientnet_b4,ILSVRC2012_val_00029295.JPEG,n02102480,220,220,0.8189331,1,imagenet_c,defocus_blur,1,none
efficientnet_b4,ILSVRC2012_val_00030059.JPEG,n02102480,220,220,0.48288673,1,imagenet_c,defocus_blur,1,none
efficientnet_b4,ILSVRC2012_val_00030113.JPEG,n02102480,220,220,0.86086893,1,imagenet_c,defocus_blur,1,none
efficientnet_b4,ILSVRC2012_val_00030226.JPEG,n02102480,220,220,0.4249786,1,imagenet_c,defocus_blur,1,none
efficientnet_b4,ILSVRC2012_val_00030820.JPEG,n02102480,220,220,0.8034708,1,imagenet_c,defocus_blur,1,none
efficientnet_b4,ILSVRC2012_val_00032557.JPEG,n02102480,220,218,0.35935214,0,imagenet_c,defocus_blur,1,none
efficientnet_b4,ILSVRC2012_val_00033198.JPEG,n02102480,220,220,0.7050865,1,imagenet_c,defocus_blur,1,none
efficientnet_b4,ILSVRC2012_val_00035319.JPEG,n02102480,220,205,0.23452528,0,imagenet_c,defocus_blur,1,none
efficientnet_b4,ILSVRC2012_val_00038654.JPEG,n02102480,220,220,0.7737646,1,imagenet_c,defocus_blur,1,none
efficientnet_b4,ILSVRC2012_val_00041060.JPEG,n02102480,220,220,0.8017893,1,imagenet_c,defocus_blur,1,none
efficientnet_b4,ILSVRC2012_val_00041335.JPEG,n02102480,220,220,0.7329006,1,imagenet_c,defocus_blur,1,none
efficientnet_b4,ILSVRC2012_val_00041870.JPEG,n02102480,220,220,0.55992717,1,imagenet_c,defocus_blur,1,none
efficientnet_b4,ILSVRC2012_val_00043030.JPEG,n02102480,220,220,0.75471777,1,imagenet_c,defocus_blur,1,none
efficientnet_b4,ILSVRC2012_val_00045044.JPEG,n02102480,220,220,0.6696559,1,imagenet_c,defocus_blur,1,none
efficientnet_b4,ILSVRC2012_val_00045701.JPEG,n02102480,220,207,0.6391974,0,imagenet_c,defocus_blur,1,none
efficientnet_b4,ILSVRC2012_val_00046700.JPEG,n02102480,220,221,0.26100558,0,imagenet_c,defocus_blur,1,none
efficientnet_b4,ILSVRC2012_val_00048337.JPEG,n02102480,220,220,0.5133381,1,imagenet_c,defocus_blur,1,none
efficientnet_b4,ILSVRC2012_val_00048974.JPEG,n02102480,220,256,0.25246736,0,imagenet_c,defocus_blur,1,none
efficientnet_b4,ILSVRC2012_val_00049792.JPEG,n02102480,220,220,0.7762537,1,imagenet_c,defocus_blur,1,none
efficientnet_b4,ILSVRC2012_val_00001693.JPEG,n02102973,221,221,0.8041856,1,imagenet_c,defocus_blur,1,none
efficientnet_b4,ILSVRC2012_val_00002393.JPEG,n02102973,221,221,0.68832296,1,imagenet_c,defocus_blur,1,none
efficientnet_b4,ILSVRC2012_val_00002416.JPEG,n02102973,221,221,0.35256332,1,imagenet_c,defocus_blur,1,none
efficientnet_b4,ILSVRC2012_val_00002741.JPEG,n02102973,221,221,0.50204885,1,imagenet_c,defocus_blur,1,none
efficientnet_b4,ILSVRC2012_val_00003006.JPEG,n02102973,221,221,0.47051516,1,imagenet_c,defocus_blur,1,none
efficientnet_b4,ILSVRC2012_val_00003628.JPEG,n02102973,221,221,0.19480559,1,imagenet_c,defocus_blur,1,none
efficientnet_b4,ILSVRC2012_val_00003832.JPEG,n02102973,221,221,0.71004266,1,imagenet_c,defocus_blur,1,none
efficientnet_b4,ILSVRC2012_val_00004097.JPEG,n02102973,221,221,0.7388636,1,imagenet_c,defocus_blur,1,none
efficientnet_b4,ILSVRC2012_val_00004713.JPEG,n02102973,221,221,0.6509571,1,imagenet_c,defocus_blur,1,none
efficientnet_b4,ILSVRC2012_val_00008500.JPEG,n02102973,221,221,0.28573656,1,imagenet_c,defocus_blur,1,none
efficientnet_b4,ILSVRC2012_val_00008652.JPEG,n02102973,221,206,0.37508917,0,imagenet_c,defocus_blur,1,none
efficientnet_b4,ILSVRC2012_val_00009130.JPEG,n02102973,221,221,0.50287724,1,imagenet_c,defocus_blur,1,none
efficientnet_b4,ILSVRC2012_val_00009428.JPEG,n02102973,221,221,0.5601238,1,imagenet_c,defocus_blur,1,none
efficientnet_b4,ILSVRC2012_val_00010049.JPEG,n02102973,221,221,0.3850181,1,imagenet_c,defocus_blur,1,none
efficientnet_b4,ILSVRC2012_val_00013204.JPEG,n02102973,221,221,0.7094876,1,imagenet_c,defocus_blur,1,none
efficientnet_b4,ILSVRC2012_val_00013236.JPEG,n02102973,221,177,0.3350553,0,imagenet_c,defocus_blur,1,none
efficientnet_b4,ILSVRC2012_val_00013563.JPEG,n02102973,221,221,0.57908726,1,imagenet_c,defocus_blur,1,none
efficientnet_b4,ILSVRC2012_val_00013752.JPEG,n02102973,221,221,0.32754436,1,imagenet_c,defocus_blur,1,none
efficientnet_b4,ILSVRC2012_val_00013759.JPEG,n02102973,221,183,0.13473335,0,imagenet_c,defocus_blur,1,none
efficientnet_b4,ILSVRC2012_val_00018530.JPEG,n02102973,221,221,0.6368147,1,imagenet_c,defocus_blur,1,none
efficientnet_b4,ILSVRC2012_val_00020128.JPEG,n02102973,221,221,0.47343713,1,imagenet_c,defocus_blur,1,none
efficientnet_b4,ILSVRC2012_val_00024577.JPEG,n02102973,221,221,0.7396771,1,imagenet_c,defocus_blur,1,none
efficientnet_b4,ILSVRC2012_val_00024729.JPEG,n02102973,221,221,0.74579954,1,imagenet_c,defocus_blur,1,none
efficientnet_b4,ILSVRC2012_val_00025660.JPEG,n02102973,221,221,0.54084295,1,imagenet_c,defocus_blur,1,none
efficientnet_b4,ILSVRC2012_val_00025842.JPEG,n02102973,221,221,0.7342694,1,imagenet_c,defocus_blur,1,none
efficientnet_b4,ILSVRC2012_val_00029237.JPEG,n02102973,221,221,0.71273637,1,imagenet_c,defocus_blur,1,none
efficientnet_b4,ILSVRC2012_val_00029437.JPEG,n02102973,221,221,0.5103091,1,imagenet_c,defocus_blur,1,none
efficientnet_b4,ILSVRC2012_val_00029489.JPEG,n02102973,221,221,0.56056947,1,imagenet_c,defocus_blur,1,none
efficientnet_b4,ILSVRC2012_val_00030527.JPEG,n02102973,221,221,0.21109526,1,imagenet_c,defocus_blur,1,none
efficientnet_b4,ILSVRC2012_val_00030888.JPEG,n02102973,221,217,0.121061176,0,imagenet_c,defocus_blur,1,none
efficientnet_b4,ILSVRC2012_val_00030920.JPEG,n02102973,221,233,0.16551805,0,imagenet_c,defocus_blur,1,none
efficientnet_b4,ILSVRC2012_val_00031049.JPEG,n02102973,221,221,0.63728994,1,imagenet_c,defocus_blur,1,none
efficientnet_b4,ILSVRC2012_val_00032521.JPEG,n02102973,221,221,0.5335922,1,imagenet_c,defocus_blur,1,none
efficientnet_b4,ILSVRC2012_val_00034804.JPEG,n02102973,221,221,0.7636877,1,imagenet_c,defocus_blur,1,none
efficientnet_b4,ILSVRC2012_val_00034909.JPEG,n02102973,221,221,0.43380085,1,imagenet_c,defocus_blur,1,none
efficientnet_b4,ILSVRC2012_val_00034993.JPEG,n02102973,221,221,0.24436843,1,imagenet_c,defocus_blur,1,none
efficientnet_b4,ILSVRC2012_val_00035887.JPEG,n02102973,221,221,0.7503972,1,imagenet_c,defocus_blur,1,none
efficientnet_b4,ILSVRC2012_val_00036140.JPEG,n02102973,221,221,0.6353217,1,imagenet_c,defocus_blur,1,none
efficientnet_b4,ILSVRC2012_val_00036655.JPEG,n02102973,221,221,0.29812747,1,imagenet_c,defocus_blur,1,none
efficientnet_b4,ILSVRC2012_val_00037211.JPEG,n02102973,221,221,0.76226,1,imagenet_c,defocus_blur,1,none
efficientnet_b4,ILSVRC2012_val_00038848.JPEG,n02102973,221,221,0.6695231,1,imagenet_c,defocus_blur,1,none
efficientnet_b4,ILSVRC2012_val_00039515.JPEG,n02102973,221,206,0.36459127,0,imagenet_c,defocus_blur,1,none
efficientnet_b4,ILSVRC2012_val_00042627.JPEG,n02102973,221,221,0.54059654,1,imagenet_c,defocus_blur,1,none
efficientnet_b4,ILSVRC2012_val_00042733.JPEG,n02102973,221,221,0.7926069,1,imagenet_c,defocus_blur,1,none
efficientnet_b4,ILSVRC2012_val_00044387.JPEG,n02102973,221,206,0.3991283,0,imagenet_c,defocus_blur,1,none
efficientnet_b4,ILSVRC2012_val_00045436.JPEG,n02102973,221,221,0.50671417,1,imagenet_c,defocus_blur,1,none
efficientnet_b4,ILSVRC2012_val_00047110.JPEG,n02102973,221,221,0.6358795,1,imagenet_c,defocus_blur,1,none
efficientnet_b4,ILSVRC2012_val_00047150.JPEG,n02102973,221,221,0.25499034,1,imagenet_c,defocus_blur,1,none
efficientnet_b4,ILSVRC2012_val_00047277.JPEG,n02102973,221,221,0.6913359,1,imagenet_c,defocus_blur,1,none
efficientnet_b4,ILSVRC2012_val_00049189.JPEG,n02102973,221,221,0.57413435,1,imagenet_c,defocus_blur,1,none
efficientnet_b4,ILSVRC2012_val_00000507.JPEG,n02104029,222,222,0.11648789,1,imagenet_c,defocus_blur,1,none
efficientnet_b4,ILSVRC2012_val_00001484.JPEG,n02104029,222,257,0.47210073,0,imagenet_c,defocus_blur,1,none
efficientnet_b4,ILSVRC2012_val_00002260.JPEG,n02104029,222,222,0.16904752,1,imagenet_c,defocus_blur,1,none
efficientnet_b4,ILSVRC2012_val_00002402.JPEG,n02104029,222,222,0.7751432,1,imagenet_c,defocus_blur,1,none
efficientnet_b4,ILSVRC2012_val_00004100.JPEG,n02104029,222,222,0.55170614,1,imagenet_c,defocus_blur,1,none
efficientnet_b4,ILSVRC2012_val_00005583.JPEG,n02104029,222,207,0.24739645,0,imagenet_c,defocus_blur,1,none
efficientnet_b4,ILSVRC2012_val_00006336.JPEG,n02104029,222,222,0.68008775,1,imagenet_c,defocus_blur,1,none
efficientnet_b4,ILSVRC2012_val_00008459.JPEG,n02104029,222,222,0.27510273,1,imagenet_c,defocus_blur,1,none
efficientnet_b4,ILSVRC2012_val_00011746.JPEG,n02104029,222,222,0.23834756,1,imagenet_c,defocus_blur,1,none
efficientnet_b4,ILSVRC2012_val_00012318.JPEG,n02104029,222,222,0.5270574,1,imagenet_c,defocus_blur,1,none
efficientnet_b4,ILSVRC2012_val_00013715.JPEG,n02104029,222,257,0.2864175,0,imagenet_c,defocus_blur,1,none
efficientnet_b4,ILSVRC2012_val_00014775.JPEG,n02104029,222,222,0.29642865,1,imagenet_c,defocus_blur,1,none
efficientnet_b4,ILSVRC2012_val_00017400.JPEG,n02104029,222,222,0.5883696,1,imagenet_c,defocus_blur,1,none
efficientnet_b4,ILSVRC2012_val_00018529.JPEG,n02104029,222,222,0.7347982,1,imagenet_c,defocus_blur,1,none
efficientnet_b4,ILSVRC2012_val_00019060.JPEG,n02104029,222,222,0.6545325,1,imagenet_c,defocus_blur,1,none
efficientnet_b4,ILSVRC2012_val_00019361.JPEG,n02104029,222,222,0.86375445,1,imagenet_c,defocus_blur,1,none
efficientnet_b4,ILSVRC2012_val_00020132.JPEG,n02104029,222,265,0.03670049,0,imagenet_c,defocus_blur,1,none
efficientnet_b4,ILSVRC2012_val_00022404.JPEG,n02104029,222,257,0.5031575,0,imagenet_c,defocus_blur,1,none
efficientnet_b4,ILSVRC2012_val_00024363.JPEG,n02104029,222,222,0.70366454,1,imagenet_c,defocus_blur,1,none
efficientnet_b4,ILSVRC2012_val_00024533.JPEG,n02104029,222,222,0.52792615,1,imagenet_c,defocus_blur,1,none
efficientnet_b4,ILSVRC2012_val_00024981.JPEG,n02104029,222,978,0.09904514,0,imagenet_c,defocus_blur,1,none
efficientnet_b4,ILSVRC2012_val_00024986.JPEG,n02104029,222,222,0.5790165,1,imagenet_c,defocus_blur,1,none
efficientnet_b4,ILSVRC2012_val_00025006.JPEG,n02104029,222,222,0.38680777,1,imagenet_c,defocus_blur,1,none
efficientnet_b4,ILSVRC2012_val_00025299.JPEG,n02104029,222,222,0.6244528,1,imagenet_c,defocus_blur,1,none
efficientnet_b4,ILSVRC2012_val_00027086.JPEG,n02104029,222,222,0.6923179,1,imagenet_c,defocus_blur,1,none
efficientnet_b4,ILSVRC2012_val_00027529.JPEG,n02104029,222,257,0.38551942,0,imagenet_c,defocus_blur,1,none
efficientnet_b4,ILSVRC2012_val_00028346.JPEG,n02104029,222,222,0.43669346,1,imagenet_c,defocus_blur,1,none
efficientnet_b4,ILSVRC2012_val_00028605.JPEG,n02104029,222,222,0.52525157,1,imagenet_c,defocus_blur,1,none
efficientnet_b4,ILSVRC2012_val_00029261.JPEG,n02104029,222,219,0.19881271,0,imagenet_c,defocus_blur,1,none
efficientnet_b4,ILSVRC2012_val_00032043.JPEG,n02104029,222,222,0.51365834,1,imagenet_c,defocus_blur,1,none
efficientnet_b4,ILSVRC2012_val_00033303.JPEG,n02104029,222,239,0.51395994,0,imagenet_c,defocus_blur,1,none
efficientnet_b4,ILSVRC2012_val_00035377.JPEG,n02104029,222,207,0.12406008,0,imagenet_c,defocus_blur,1,none
efficientnet_b4,ILSVRC2012_val_00036264.JPEG,n02104029,222,257,0.67493176,0,imagenet_c,defocus_blur,1,none
efficientnet_b4,ILSVRC2012_val_00036509.JPEG,n02104029,222,222,0.4050755,1,imagenet_c,defocus_blur,1,none
efficientnet_b4,ILSVRC2012_val_00038982.JPEG,n02104029,222,227,0.18074518,0,imagenet_c,defocus_blur,1,none
efficientnet_b4,ILSVRC2012_val_00039307.JPEG,n02104029,222,222,0.6122828,1,imagenet_c,defocus_blur,1,none
efficientnet_b4,ILSVRC2012_val_00039806.JPEG,n02104029,222,222,0.5777078,1,imagenet_c,defocus_blur,1,none
efficientnet_b4,ILSVRC2012_val_00040368.JPEG,n02104029,222,270,0.25398815,0,imagenet_c,defocus_blur,1,none
efficientnet_b4,ILSVRC2012_val_00040772.JPEG,n02104029,222,222,0.5222923,1,imagenet_c,defocus_blur,1,none
efficientnet_b4,ILSVRC2012_val_00040856.JPEG,n02104029,222,222,0.503566,1,imagenet_c,defocus_blur,1,none
efficientnet_b4,ILSVRC2012_val_00041264.JPEG,n02104029,222,222,0.357784,1,imagenet_c,defocus_blur,1,none
efficientnet_b4,ILSVRC2012_val_00041493.JPEG,n02104029,222,222,0.5064777,1,imagenet_c,defocus_blur,1,none
efficientnet_b4,ILSVRC2012_val_00042003.JPEG,n02104029,222,222,0.52073026,1,imagenet_c,defocus_blur,1,none
efficientnet_b4,ILSVRC2012_val_00043543.JPEG,n02104029,222,222,0.7067647,1,imagenet_c,defocus_blur,1,none
efficientnet_b4,ILSVRC2012_val_00043727.JPEG,n02104029,222,222,0.45739532,1,imagenet_c,defocus_blur,1,none
efficientnet_b4,ILSVRC2012_val_00045545.JPEG,n02104029,222,222,0.6201719,1,imagenet_c,defocus_blur,1,none
efficientnet_b4,ILSVRC2012_val_00047356.JPEG,n02104029,222,222,0.728156,1,imagenet_c,defocus_blur,1,none
efficientnet_b4,ILSVRC2012_val_00048627.JPEG,n02104029,222,207,0.3322897,0,imagenet_c,defocus_blur,1,none
efficientnet_b4,ILSVRC2012_val_00048661.JPEG,n02104029,222,222,0.2618757,1,imagenet_c,defocus_blur,1,none
efficientnet_b4,ILSVRC2012_val_00049934.JPEG,n02104029,222,222,0.34431526,1,imagenet_c,defocus_blur,1,none
efficientnet_b4,ILSVRC2012_val_00000533.JPEG,n02104365,223,223,0.6417684,1,imagenet_c,defocus_blur,1,none
efficientnet_b4,ILSVRC2012_val_00001038.JPEG,n02104365,223,223,0.41602656,1,imagenet_c,defocus_blur,1,none
efficientnet_b4,ILSVRC2012_val_00001851.JPEG,n02104365,223,223,0.39927033,1,imagenet_c,defocus_blur,1,none
efficientnet_b4,ILSVRC2012_val_00003243.JPEG,n02104365,223,223,0.6323648,1,imagenet_c,defocus_blur,1,none
efficientnet_b4,ILSVRC2012_val_00005937.JPEG,n02104365,223,223,0.32857156,1,imagenet_c,defocus_blur,1,none
efficientnet_b4,ILSVRC2012_val_00006842.JPEG,n02104365,223,223,0.5903444,1,imagenet_c,defocus_blur,1,none
efficientnet_b4,ILSVRC2012_val_00007033.JPEG,n02104365,223,223,0.59497625,1,imagenet_c,defocus_blur,1,none
efficientnet_b4,ILSVRC2012_val_00008664.JPEG,n02104365,223,223,0.6425229,1,imagenet_c,defocus_blur,1,none
efficientnet_b4,ILSVRC2012_val_00008860.JPEG,n02104365,223,223,0.10199781,1,imagenet_c,defocus_blur,1,none
efficientnet_b4,ILSVRC2012_val_00008979.JPEG,n02104365,223,223,0.3945918,1,imagenet_c,defocus_blur,1,none
efficientnet_b4,ILSVRC2012_val_00009480.JPEG,n02104365,223,223,0.7745123,1,imagenet_c,defocus_blur,1,none
efficientnet_b4,ILSVRC2012_val_00009939.JPEG,n02104365,223,237,0.33250502,0,imagenet_c,defocus_blur,1,none
efficientnet_b4,ILSVRC2012_val_00010865.JPEG,n02104365,223,223,0.41325432,1,imagenet_c,defocus_blur,1,none
efficientnet_b4,ILSVRC2012_val_00011251.JPEG,n02104365,223,223,0.07297707,1,imagenet_c,defocus_blur,1,none
efficientnet_b4,ILSVRC2012_val_00011873.JPEG,n02104365,223,151,0.052358128,0,imagenet_c,defocus_blur,1,none
efficientnet_b4,ILSVRC2012_val_00012773.JPEG,n02104365,223,223,0.2695082,1,imagenet_c,defocus_blur,1,none
efficientnet_b4,ILSVRC2012_val_00013489.JPEG,n02104365,223,223,0.6507097,1,imagenet_c,defocus_blur,1,none
efficientnet_b4,ILSVRC2012_val_00014101.JPEG,n02104365,223,223,0.6173279,1,imagenet_c,defocus_blur,1,none
efficientnet_b4,ILSVRC2012_val_00014245.JPEG,n02104365,223,223,0.58235586,1,imagenet_c,defocus_blur,1,none
efficientnet_b4,ILSVRC2012_val_00019219.JPEG,n02104365,223,223,0.63933843,1,imagenet_c,defocus_blur,1,none
efficientnet_b4,ILSVRC2012_val_00022058.JPEG,n02104365,223,223,0.53778255,1,imagenet_c,defocus_blur,1,none
efficientnet_b4,ILSVRC2012_val_00022475.JPEG,n02104365,223,223,0.5129084,1,imagenet_c,defocus_blur,1,none
efficientnet_b4,ILSVRC2012_val_00023554.JPEG,n02104365,223,223,0.4355365,1,imagenet_c,defocus_blur,1,none
efficientnet_b4,ILSVRC2012_val_00024589.JPEG,n02104365,223,223,0.58477354,1,imagenet_c,defocus_blur,1,none
efficientnet_b4,ILSVRC2012_val_00025576.JPEG,n02104365,223,223,0.3612847,1,imagenet_c,defocus_blur,1,none
efficientnet_b4,ILSVRC2012_val_00026956.JPEG,n02104365,223,223,0.24136175,1,imagenet_c,defocus_blur,1,none
efficientnet_b4,ILSVRC2012_val_00027051.JPEG,n02104365,223,233,0.1420961,0,imagenet_c,defocus_blur,1,none
efficientnet_b4,ILSVRC2012_val_00029036.JPEG,n02104365,223,223,0.70585686,1,imagenet_c,defocus_blur,1,none
efficientnet_b4,ILSVRC2012_val_00029418.JPEG,n02104365,223,223,0.32468408,1,imagenet_c,defocus_blur,1,none
efficientnet_b4,ILSVRC2012_val_00029723.JPEG,n02104365,223,223,0.19523793,1,imagenet_c,defocus_blur,1,none
efficientnet_b4,ILSVRC2012_val_00030680.JPEG,n02104365,223,223,0.7019652,1,imagenet_c,defocus_blur,1,none
efficientnet_b4,ILSVRC2012_val_00031373.JPEG,n02104365,223,223,0.762961,1,imagenet_c,defocus_blur,1,none
efficientnet_b4,ILSVRC2012_val_00032923.JPEG,n02104365,223,223,0.5341983,1,imagenet_c,defocus_blur,1,none
efficientnet_b4,ILSVRC2012_val_00033312.JPEG,n02104365,223,223,0.58506763,1,imagenet_c,defocus_blur,1,none
efficientnet_b4,ILSVRC2012_val_00035049.JPEG,n02104365,223,223,0.37236783,1,imagenet_c,defocus_blur,1,none
efficientnet_b4,ILSVRC2012_val_00035571.JPEG,n02104365,223,223,0.4071875,1,imagenet_c,defocus_blur,1,none
efficientnet_b4,ILSVRC2012_val_00037330.JPEG,n02104365,223,223,0.48781216,1,imagenet_c,defocus_blur,1,none
efficientnet_b4,ILSVRC2012_val_00037345.JPEG,n02104365,223,199,0.20936961,0,imagenet_c,defocus_blur,1,none
efficientnet_b4,ILSVRC2012_val_00040671.JPEG,n02104365,223,223,0.7814759,1,imagenet_c,defocus_blur,1,none
efficientnet_b4,ILSVRC2012_val_00042421.JPEG,n02104365,223,223,0.39710465,1,imagenet_c,defocus_blur,1,none
efficientnet_b4,ILSVRC2012_val_00042768.JPEG,n02104365,223,223,0.32862675,1,imagenet_c,defocus_blur,1,none
efficientnet_b4,ILSVRC2012_val_00043873.JPEG,n02104365,223,223,0.51505995,1,imagenet_c,defocus_blur,1,none
efficientnet_b4,ILSVRC2012_val_00044348.JPEG,n02104365,223,205,0.6561518,0,imagenet_c,defocus_blur,1,none
efficientnet_b4,ILSVRC2012_val_00045533.JPEG,n02104365,223,227,0.8017478,0,imagenet_c,defocus_blur,1,none
efficientnet_b4,ILSVRC2012_val_00045919.JPEG,n02104365,223,223,0.6361742,1,imagenet_c,defocus_blur,1,none
efficientnet_b4,ILSVRC2012_val_00046683.JPEG,n02104365,223,223,0.80497366,1,imagenet_c,defocus_blur,1,none
efficientnet_b4,ILSVRC2012_val_00046795.JPEG,n02104365,223,223,0.61025804,1,imagenet_c,defocus_blur,1,none
efficientnet_b4,ILSVRC2012_val_00048147.JPEG,n02104365,223,223,0.45001838,1,imagenet_c,defocus_blur,1,none
efficientnet_b4,ILSVRC2012_val_00048663.JPEG,n02104365,223,223,0.39651552,1,imagenet_c,defocus_blur,1,none
efficientnet_b4,ILSVRC2012_val_00048801.JPEG,n02104365,223,223,0.66932654,1,imagenet_c,defocus_blur,1,none
efficientnet_b4,ILSVRC2012_val_00001109.JPEG,n02105056,224,255,0.26972038,0,imagenet_c,defocus_blur,1,none
efficientnet_b4,ILSVRC2012_val_00003026.JPEG,n02105056,224,224,0.43994883,1,imagenet_c,defocus_blur,1,none
efficientnet_b4,ILSVRC2012_val_00004274.JPEG,n02105056,224,224,0.5631187,1,imagenet_c,defocus_blur,1,none
efficientnet_b4,ILSVRC2012_val_00005648.JPEG,n02105056,224,224,0.4802817,1,imagenet_c,defocus_blur,1,none
efficientnet_b4,ILSVRC2012_val_00007183.JPEG,n02105056,224,224,0.34295046,1,imagenet_c,defocus_blur,1,none
efficientnet_b4,ILSVRC2012_val_00007235.JPEG,n02105056,224,224,0.75438094,1,imagenet_c,defocus_blur,1,none
efficientnet_b4,ILSVRC2012_val_00007840.JPEG,n02105056,224,193,0.11648261,0,imagenet_c,defocus_blur,1,none
efficientnet_b4,ILSVRC2012_val_00007903.JPEG,n02105056,224,224,0.5557436,1,imagenet_c,defocus_blur,1,none
efficientnet_b4,ILSVRC2012_val_00010719.JPEG,n02105056,224,224,0.43515354,1,imagenet_c,defocus_blur,1,none
efficientnet_b4,ILSVRC2012_val_00010928.JPEG,n02105056,224,221,0.3189062,0,imagenet_c,defocus_blur,1,none
efficientnet_b4,ILSVRC2012_val_00011573.JPEG,n02105056,224,224,0.384501,1,imagenet_c,defocus_blur,1,none
efficientnet_b4,ILSVRC2012_val_00012237.JPEG,n02105056,224,224,0.6757421,1,imagenet_c,defocus_blur,1,none
efficientnet_b4,ILSVRC2012_val_00012577.JPEG,n02105056,224,223,0.29726887,0,imagenet_c,defocus_blur,1,none
efficientnet_b4,ILSVRC2012_val_00012817.JPEG,n02105056,224,224,0.5138351,1,imagenet_c,defocus_blur,1,none
efficientnet_b4,ILSVRC2012_val_00015878.JPEG,n02105056,224,224,0.56049806,1,imagenet_c,defocus_blur,1,none
efficientnet_b4,ILSVRC2012_val_00016092.JPEG,n02105056,224,224,0.5247943,1,imagenet_c,defocus_blur,1,none
efficientnet_b4,ILSVRC2012_val_00016420.JPEG,n02105056,224,224,0.7047378,1,imagenet_c,defocus_blur,1,none
efficientnet_b4,ILSVRC2012_val_00017117.JPEG,n02105056,224,224,0.63678,1,imagenet_c,defocus_blur,1,none
efficientnet_b4,ILSVRC2012_val_00017554.JPEG,n02105056,224,199,0.35715058,0,imagenet_c,defocus_blur,1,none
efficientnet_b4,ILSVRC2012_val_00019294.JPEG,n02105056,224,224,0.41555887,1,imagenet_c,defocus_blur,1,none
efficientnet_b4,ILSVRC2012_val_00019329.JPEG,n02105056,224,224,0.6212368,1,imagenet_c,defocus_blur,1,none
efficientnet_b4,ILSVRC2012_val_00028393.JPEG,n02105056,224,224,0.581131,1,imagenet_c,defocus_blur,1,none
efficientnet_b4,ILSVRC2012_val_00028966.JPEG,n02105056,224,224,0.6775581,1,imagenet_c,defocus_blur,1,none
efficientnet_b4,ILSVRC2012_val_00031489.JPEG,n02105056,224,224,0.73264235,1,imagenet_c,defocus_blur,1,none
efficientnet_b4,ILSVRC2012_val_00032013.JPEG,n02105056,224,233,0.06748519,0,imagenet_c,defocus_blur,1,none
efficientnet_b4,ILSVRC2012_val_00032418.JPEG,n02105056,224,256,0.16064858,0,imagenet_c,defocus_blur,1,none
efficientnet_b4,ILSVRC2012_val_00032837.JPEG,n02105056,224,256,0.10083904,0,imagenet_c,defocus_blur,1,none
efficientnet_b4,ILSVRC2012_val_00033341.JPEG,n02105056,224,224,0.44382346,1,imagenet_c,defocus_blur,1,none
efficientnet_b4,ILSVRC2012_val_00034070.JPEG,n02105056,224,224,0.37239558,1,imagenet_c,defocus_blur,1,none
efficientnet_b4,ILSVRC2012_val_00034992.JPEG,n02105056,224,205,0.22965997,0,imagenet_c,defocus_blur,1,none
efficientnet_b4,ILSVRC2012_val_00035640.JPEG,n02105056,224,369,0.15918766,0,imagenet_c,defocus_blur,1,none
efficientnet_b4,ILSVRC2012_val_00035891.JPEG,n02105056,224,224,0.19931702,1,imagenet_c,defocus_blur,1,none
efficientnet_b4,ILSVRC2012_val_00036843.JPEG,n02105056,224,252,0.2141878,0,imagenet_c,defocus_blur,1,none
efficientnet_b4,ILSVRC2012_val_00037580.JPEG,n02105056,224,224,0.7831555,1,imagenet_c,defocus_blur,1,none
efficientnet_b4,ILSVRC2012_val_00038674.JPEG,n02105056,224,223,0.20544635,0,imagenet_c,defocus_blur,1,none
efficientnet_b4,ILSVRC2012_val_00039696.JPEG,n02105056,224,224,0.7009812,1,imagenet_c,defocus_blur,1,none
efficientnet_b4,ILSVRC2012_val_00040286.JPEG,n02105056,224,224,0.70553935,1,imagenet_c,defocus_blur,1,none
efficientnet_b4,ILSVRC2012_val_00041702.JPEG,n02105056,224,224,0.68101937,1,imagenet_c,defocus_blur,1,none
efficientnet_b4,ILSVRC2012_val_00042418.JPEG,n02105056,224,224,0.4328595,1,imagenet_c,defocus_blur,1,none
efficientnet_b4,ILSVRC2012_val_00043154.JPEG,n02105056,224,223,0.14998515,0,imagenet_c,defocus_blur,1,none
efficientnet_b4,ILSVRC2012_val_00044277.JPEG,n02105056,224,224,0.6691803,1,imagenet_c,defocus_blur,1,none
efficientnet_b4,ILSVRC2012_val_00044913.JPEG,n02105056,224,224,0.6159391,1,imagenet_c,defocus_blur,1,none
efficientnet_b4,ILSVRC2012_val_00046199.JPEG,n02105056,224,224,0.571157,1,imagenet_c,defocus_blur,1,none
efficientnet_b4,ILSVRC2012_val_00046287.JPEG,n02105056,224,224,0.7156213,1,imagenet_c,defocus_blur,1,none
efficientnet_b4,ILSVRC2012_val_00048051.JPEG,n02105056,224,224,0.7029748,1,imagenet_c,defocus_blur,1,none
efficientnet_b4,ILSVRC2012_val_00048537.JPEG,n02105056,224,224,0.5321051,1,imagenet_c,defocus_blur,1,none
efficientnet_b4,ILSVRC2012_val_00049146.JPEG,n02105056,224,475,0.1174642,0,imagenet_c,defocus_blur,1,none
efficientnet_b4,ILSVRC2012_val_00049719.JPEG,n02105056,224,224,0.35765705,1,imagenet_c,defocus_blur,1,none
efficientnet_b4,ILSVRC2012_val_00049815.JPEG,n02105056,224,227,0.19784114,0,imagenet_c,defocus_blur,1,none
efficientnet_b4,ILSVRC2012_val_00049834.JPEG,n02105056,224,224,0.6654042,1,imagenet_c,defocus_blur,1,none
efficientnet_b4,ILSVRC2012_val_00003176.JPEG,n02105162,225,225,0.64807755,1,imagenet_c,defocus_blur,1,none
efficientnet_b4,ILSVRC2012_val_00004754.JPEG,n02105162,225,225,0.35877913,1,imagenet_c,defocus_blur,1,none
efficientnet_b4,ILSVRC2012_val_00005984.JPEG,n02105162,225,225,0.5415663,1,imagenet_c,defocus_blur,1,none
efficientnet_b4,ILSVRC2012_val_00008923.JPEG,n02105162,225,225,0.78476244,1,imagenet_c,defocus_blur,1,none
efficientnet_b4,ILSVRC2012_val_00010693.JPEG,n02105162,225,225,0.38379222,1,imagenet_c,defocus_blur,1,none
efficientnet_b4,ILSVRC2012_val_00011323.JPEG,n02105162,225,225,0.7459528,1,imagenet_c,defocus_blur,1,none
efficientnet_b4,ILSVRC2012_val_00011433.JPEG,n02105162,225,225,0.32517046,1,imagenet_c,defocus_blur,1,none
efficientnet_b4,ILSVRC2012_val_00011989.JPEG,n02105162,225,235,0.33393213,0,imagenet_c,defocus_blur,1,none
efficientnet_b4,ILSVRC2012_val_00012708.JPEG,n02105162,225,225,0.7553921,1,imagenet_c,defocus_blur,1,none
efficientnet_b4,ILSVRC2012_val_00013248.JPEG,n02105162,225,225,0.67878896,1,imagenet_c,defocus_blur,1,none
efficientnet_b4,ILSVRC2012_val_00013763.JPEG,n02105162,225,225,0.6382893,1,imagenet_c,defocus_blur,1,none
efficientnet_b4,ILSVRC2012_val_00016172.JPEG,n02105162,225,225,0.68471473,1,imagenet_c,defocus_blur,1,none
efficientnet_b4,ILSVRC2012_val_00016658.JPEG,n02105162,225,225,0.25757664,1,imagenet_c,defocus_blur,1,none
efficientnet_b4,ILSVRC2012_val_00016977.JPEG,n02105162,225,167,0.15549903,0,imagenet_c,defocus_blur,1,none
efficientnet_b4,ILSVRC2012_val_00017275.JPEG,n02105162,225,225,0.5139529,1,imagenet_c,defocus_blur,1,none
efficientnet_b4,ILSVRC2012_val_00018087.JPEG,n02105162,225,225,0.65890145,1,imagenet_c,defocus_blur,1,none
efficientnet_b4,ILSVRC2012_val_00018552.JPEG,n02105162,225,225,0.20048581,1,imagenet_c,defocus_blur,1,none
efficientnet_b4,ILSVRC2012_val_00019272.JPEG,n02105162,225,225,0.80343604,1,imagenet_c,defocus_blur,1,none
efficientnet_b4,ILSVRC2012_val_00019957.JPEG,n02105162,225,225,0.72311085,1,imagenet_c,defocus_blur,1,none
efficientnet_b4,ILSVRC2012_val_00021991.JPEG,n02105162,225,225,0.47538474,1,imagenet_c,defocus_blur,1,none
efficientnet_b4,ILSVRC2012_val_00023289.JPEG,n02105162,225,225,0.27507883,1,imagenet_c,defocus_blur,1,none
efficientnet_b4,ILSVRC2012_val_00023926.JPEG,n02105162,225,225,0.6517886,1,imagenet_c,defocus_blur,1,none
efficientnet_b4,ILSVRC2012_val_00025426.JPEG,n02105162,225,225,0.7785337,1,imagenet_c,defocus_blur,1,none
efficientnet_b4,ILSVRC2012_val_00025720.JPEG,n02105162,225,225,0.5277288,1,imagenet_c,defocus_blur,1,none
efficientnet_b4,ILSVRC2012_val_00026164.JPEG,n02105162,225,225,0.4664584,1,imagenet_c,defocus_blur,1,none
efficientnet_b4,ILSVRC2012_val_00027372.JPEG,n02105162,225,225,0.44528776,1,imagenet_c,defocus_blur,1,none
efficientnet_b4,ILSVRC2012_val_00027780.JPEG,n02105162,225,225,0.70843005,1,imagenet_c,defocus_blur,1,none
efficientnet_b4,ILSVRC2012_val_00027807.JPEG,n02105162,225,225,0.66629946,1,imagenet_c,defocus_blur,1,none
efficientnet_b4,ILSVRC2012_val_00028535.JPEG,n02105162,225,172,0.19422056,0,imagenet_c,defocus_blur,1,none
efficientnet_b4,ILSVRC2012_val_00030061.JPEG,n02105162,225,225,0.6132939,1,imagenet_c,defocus_blur,1,none
efficientnet_b4,ILSVRC2012_val_00030239.JPEG,n02105162,225,225,0.65669924,1,imagenet_c,defocus_blur,1,none
efficientnet_b4,ILSVRC2012_val_00030963.JPEG,n02105162,225,225,0.5308697,1,imagenet_c,defocus_blur,1,none
efficientnet_b4,ILSVRC2012_val_00032887.JPEG,n02105162,225,225,0.6001065,1,imagenet_c,defocus_blur,1,none
efficientnet_b4,ILSVRC2012_val_00033785.JPEG,n02105162,225,225,0.7307352,1,imagenet_c,defocus_blur,1,none
efficientnet_b4,ILSVRC2012_val_00034305.JPEG,n02105162,225,225,0.6148087,1,imagenet_c,defocus_blur,1,none
efficientnet_b4,ILSVRC2012_val_00034341.JPEG,n02105162,225,225,0.5594564,1,imagenet_c,defocus_blur,1,none
efficientnet_b4,ILSVRC2012_val_00035189.JPEG,n02105162,225,225,0.28009877,1,imagenet_c,defocus_blur,1,none
efficientnet_b4,ILSVRC2012_val_00036147.JPEG,n02105162,225,225,0.3793046,1,imagenet_c,defocus_blur,1,none
efficientnet_b4,ILSVRC2012_val_00037083.JPEG,n02105162,225,225,0.7105199,1,imagenet_c,defocus_blur,1,none
efficientnet_b4,ILSVRC2012_val_00037351.JPEG,n02105162,225,225,0.702842,1,imagenet_c,defocus_blur,1,none
efficientnet_b4,ILSVRC2012_val_00037799.JPEG,n02105162,225,225,0.2418793,1,imagenet_c,defocus_blur,1,none
efficientnet_b4,ILSVRC2012_val_00038991.JPEG,n02105162,225,225,0.6140303,1,imagenet_c,defocus_blur,1,none
efficientnet_b4,ILSVRC2012_val_00039782.JPEG,n02105162,225,225,0.73410994,1,imagenet_c,defocus_blur,1,none
efficientnet_b4,ILSVRC2012_val_00043021.JPEG,n02105162,225,225,0.6807663,1,imagenet_c,defocus_blur,1,none
efficientnet_b4,ILSVRC2012_val_00043318.JPEG,n02105162,225,225,0.6659412,1,imagenet_c,defocus_blur,1,none
efficientnet_b4,ILSVRC2012_val_00045440.JPEG,n02105162,225,225,0.51629406,1,imagenet_c,defocus_blur,1,none
efficientnet_b4,ILSVRC2012_val_00045943.JPEG,n02105162,225,225,0.6188588,1,imagenet_c,defocus_blur,1,none
efficientnet_b4,ILSVRC2012_val_00046759.JPEG,n02105162,225,225,0.43706715,1,imagenet_c,defocus_blur,1,none
efficientnet_b4,ILSVRC2012_val_00047215.JPEG,n02105162,225,225,0.71230185,1,imagenet_c,defocus_blur,1,none
efficientnet_b4,ILSVRC2012_val_00048948.JPEG,n02105162,225,225,0.44583115,1,imagenet_c,defocus_blur,1,none
efficientnet_b4,ILSVRC2012_val_00004938.JPEG,n02105251,226,226,0.7700485,1,imagenet_c,defocus_blur,1,none
efficientnet_b4,ILSVRC2012_val_00006419.JPEG,n02105251,226,233,0.47119594,0,imagenet_c,defocus_blur,1,none
efficientnet_b4,ILSVRC2012_val_00009530.JPEG,n02105251,226,233,0.2260596,0,imagenet_c,defocus_blur,1,none
efficientnet_b4,ILSVRC2012_val_00010255.JPEG,n02105251,226,226,0.5539083,1,imagenet_c,defocus_blur,1,none
efficientnet_b4,ILSVRC2012_val_00010331.JPEG,n02105251,226,257,0.6550206,0,imagenet_c,defocus_blur,1,none
efficientnet_b4,ILSVRC2012_val_00011212.JPEG,n02105251,226,221,0.119351774,0,imagenet_c,defocus_blur,1,none
efficientnet_b4,ILSVRC2012_val_00012486.JPEG,n02105251,226,184,0.24075511,0,imagenet_c,defocus_blur,1,none
efficientnet_b4,ILSVRC2012_val_00013937.JPEG,n02105251,226,200,0.37500012,0,imagenet_c,defocus_blur,1,none
efficientnet_b4,ILSVRC2012_val_00014571.JPEG,n02105251,226,226,0.1421177,1,imagenet_c,defocus_blur,1,none
efficientnet_b4,ILSVRC2012_val_00016146.JPEG,n02105251,226,226,0.56607103,1,imagenet_c,defocus_blur,1,none
efficientnet_b4,ILSVRC2012_val_00017161.JPEG,n02105251,226,202,0.29272225,0,imagenet_c,defocus_blur,1,none
efficientnet_b4,ILSVRC2012_val_00017473.JPEG,n02105251,226,226,0.54767865,1,imagenet_c,defocus_blur,1,none
efficientnet_b4,ILSVRC2012_val_00018071.JPEG,n02105251,226,226,0.1341949,1,imagenet_c,defocus_blur,1,none
efficientnet_b4,ILSVRC2012_val_00019559.JPEG,n02105251,226,226,0.41269317,1,imagenet_c,defocus_blur,1,none
efficientnet_b4,ILSVRC2012_val_00020177.JPEG,n02105251,226,226,0.5107829,1,imagenet_c,defocus_blur,1,none
efficientnet_b4,ILSVRC2012_val_00021946.JPEG,n02105251,226,175,0.30664283,0,imagenet_c,defocus_blur,1,none
efficientnet_b4,ILSVRC2012_val_00022548.JPEG,n02105251,226,226,0.61658967,1,imagenet_c,defocus_blur,1,none
efficientnet_b4,ILSVRC2012_val_00022566.JPEG,n02105251,226,226,0.250035,1,imagenet_c,defocus_blur,1,none
efficientnet_b4,ILSVRC2012_val_00022759.JPEG,n02105251,226,230,0.53326124,0,imagenet_c,defocus_blur,1,none
efficientnet_b4,ILSVRC2012_val_00025394.JPEG,n02105251,226,226,0.5435827,1,imagenet_c,defocus_blur,1,none
efficientnet_b4,ILSVRC2012_val_00026208.JPEG,n02105251,226,226,0.51678574,1,imagenet_c,defocus_blur,1,none
efficientnet_b4,ILSVRC2012_val_00027053.JPEG,n02105251,226,226,0.6722092,1,imagenet_c,defocus_blur,1,none
efficientnet_b4,ILSVRC2012_val_00028633.JPEG,n02105251,226,226,0.52275133,1,imagenet_c,defocus_blur,1,none
efficientnet_b4,ILSVRC2012_val_00031131.JPEG,n02105251,226,226,0.3050515,1,imagenet_c,defocus_blur,1,none
efficientnet_b4,ILSVRC2012_val_00031458.JPEG,n02105251,226,255,0.19882366,0,imagenet_c,defocus_blur,1,none
efficientnet_b4,ILSVRC2012_val_00032847.JPEG,n02105251,226,226,0.6726788,1,imagenet_c,defocus_blur,1,none
efficientnet_b4,ILSVRC2012_val_00033178.JPEG,n02105251,226,226,0.20054333,1,imagenet_c,defocus_blur,1,none
efficientnet_b4,ILSVRC2012_val_00035781.JPEG,n02105251,226,226,0.47356814,1,imagenet_c,defocus_blur,1,none
efficientnet_b4,ILSVRC2012_val_00035800.JPEG,n02105251,226,233,0.13135645,0,imagenet_c,defocus_blur,1,none
efficientnet_b4,ILSVRC2012_val_00037103.JPEG,n02105251,226,226,0.7356637,1,imagenet_c,defocus_blur,1,none
efficientnet_b4,ILSVRC2012_val_00038048.JPEG,n02105251,226,224,0.74340385,0,imagenet_c,defocus_blur,1,none
efficientnet_b4,ILSVRC2012_val_00038193.JPEG,n02105251,226,229,0.32868475,0,imagenet_c,defocus_blur,1,none
efficientnet_b4,ILSVRC2012_val_00038285.JPEG,n02105251,226,228,0.22498618,0,imagenet_c,defocus_blur,1,none
efficientnet_b4,ILSVRC2012_val_00038314.JPEG,n02105251,226,231,0.30156562,0,imagenet_c,defocus_blur,1,none
efficientnet_b4,ILSVRC2012_val_00040386.JPEG,n02105251,226,175,0.70958847,0,imagenet_c,defocus_blur,1,none
efficientnet_b4,ILSVRC2012_val_00040618.JPEG,n02105251,226,230,0.47684702,0,imagenet_c,defocus_blur,1,none
efficientnet_b4,ILSVRC2012_val_00041178.JPEG,n02105251,226,233,0.5576569,0,imagenet_c,defocus_blur,1,none
efficientnet_b4,ILSVRC2012_val_00042690.JPEG,n02105251,226,175,0.35564253,0,imagenet_c,defocus_blur,1,none
efficientnet_b4,ILSVRC2012_val_00044034.JPEG,n02105251,226,226,0.44030166,1,imagenet_c,defocus_blur,1,none
efficientnet_b4,ILSVRC2012_val_00045720.JPEG,n02105251,226,226,0.41298324,1,imagenet_c,defocus_blur,1,none
efficientnet_b4,ILSVRC2012_val_00046037.JPEG,n02105251,226,233,0.26119125,0,imagenet_c,defocus_blur,1,none
efficientnet_b4,ILSVRC2012_val_00046402.JPEG,n02105251,226,226,0.5654556,1,imagenet_c,defocus_blur,1,none
efficientnet_b4,ILSVRC2012_val_00046477.JPEG,n02105251,226,226,0.6297219,1,imagenet_c,defocus_blur,1,none
efficientnet_b4,ILSVRC2012_val_00047042.JPEG,n02105251,226,226,0.37500402,1,imagenet_c,defocus_blur,1,none
efficientnet_b4,ILSVRC2012_val_00048071.JPEG,n02105251,226,213,0.38833815,0,imagenet_c,defocus_blur,1,none
efficientnet_b4,ILSVRC2012_val_00048194.JPEG,n02105251,226,226,0.21377674,1,imagenet_c,defocus_blur,1,none
efficientnet_b4,ILSVRC2012_val_00048364.JPEG,n02105251,226,226,0.6102945,1,imagenet_c,defocus_blur,1,none
efficientnet_b4,ILSVRC2012_val_00048530.JPEG,n02105251,226,226,0.2566006,1,imagenet_c,defocus_blur,1,none
efficientnet_b4,ILSVRC2012_val_00048748.JPEG,n02105251,226,240,0.15292108,0,imagenet_c,defocus_blur,1,none
efficientnet_b4,ILSVRC2012_val_00049272.JPEG,n02105251,226,226,0.62265384,1,imagenet_c,defocus_blur,1,none
efficientnet_b4,ILSVRC2012_val_00000113.JPEG,n02105412,227,227,0.73754215,1,imagenet_c,defocus_blur,1,none
efficientnet_b4,ILSVRC2012_val_00000603.JPEG,n02105412,227,232,0.2942196,0,imagenet_c,defocus_blur,1,none
efficientnet_b4,ILSVRC2012_val_00001781.JPEG,n02105412,227,227,0.4666496,1,imagenet_c,defocus_blur,1,none
efficientnet_b4,ILSVRC2012_val_00002940.JPEG,n02105412,227,235,0.18207657,0,imagenet_c,defocus_blur,1,none
efficientnet_b4,ILSVRC2012_val_00003545.JPEG,n02105412,227,227,0.3647834,1,imagenet_c,defocus_blur,1,none
efficientnet_b4,ILSVRC2012_val_00006002.JPEG,n02105412,227,208,0.17721705,0,imagenet_c,defocus_blur,1,none
efficientnet_b4,ILSVRC2012_val_00006533.JPEG,n02105412,227,227,0.7022543,1,imagenet_c,defocus_blur,1,none
efficientnet_b4,ILSVRC2012_val_00007762.JPEG,n02105412,227,173,0.1977394,0,imagenet_c,defocus_blur,1,none
efficientnet_b4,ILSVRC2012_val_00008397.JPEG,n02105412,227,227,0.45032954,1,imagenet_c,defocus_blur,1,none
efficientnet_b4,ILSVRC2012_val_00010357.JPEG,n02105412,227,227,0.7389909,1,imagenet_c,defocus_blur,1,none
efficientnet_b4,ILSVRC2012_val_00010768.JPEG,n02105412,227,227,0.85238266,1,imagenet_c,defocus_blur,1,none
efficientnet_b4,ILSVRC2012_val_00011090.JPEG,n02105412,227,179,0.49488595,0,imagenet_c,defocus_blur,1,none
efficientnet_b4,ILSVRC2012_val_00011465.JPEG,n02105412,227,227,0.42718127,1,imagenet_c,defocus_blur,1,none
efficientnet_b4,ILSVRC2012_val_00011765.JPEG,n02105412,227,227,0.61394036,1,imagenet_c,defocus_blur,1,none
efficientnet_b4,ILSVRC2012_val_00013287.JPEG,n02105412,227,264,0.279753,0,imagenet_c,defocus_blur,1,none
efficientnet_b4,ILSVRC2012_val_00013289.JPEG,n02105412,227,264,0.18093324,0,imagenet_c,defocus_blur,1,none
efficientnet_b4,ILSVRC2012_val_00013303.JPEG,n02105412,227,227,0.5703931,1,imagenet_c,defocus_blur,1,none
efficientnet_b4,ILSVRC2012_val_00015146.JPEG,n02105412,227,253,0.40224397,0,imagenet_c,defocus_blur,1,none
efficientnet_b4,ILSVRC2012_val_00015210.JPEG,n02105412,227,227,0.6783643,1,imagenet_c,defocus_blur,1,none
efficientnet_b4,ILSVRC2012_val_00016191.JPEG,n02105412,227,232,0.13471092,0,imagenet_c,defocus_blur,1,none
efficientnet_b4,ILSVRC2012_val_00017056.JPEG,n02105412,227,227,0.3097113,1,imagenet_c,defocus_blur,1,none
efficientnet_b4,ILSVRC2012_val_00017234.JPEG,n02105412,227,165,0.1222617,0,imagenet_c,defocus_blur,1,none
efficientnet_b4,ILSVRC2012_val_00020380.JPEG,n02105412,227,227,0.8711004,1,imagenet_c,defocus_blur,1,none
efficientnet_b4,ILSVRC2012_val_00021424.JPEG,n02105412,227,227,0.91710156,1,imagenet_c,defocus_blur,1,none
efficientnet_b4,ILSVRC2012_val_00021838.JPEG,n02105412,227,208,0.18640079,0,imagenet_c,defocus_blur,1,none
efficientnet_b4,ILSVRC2012_val_00021923.JPEG,n02105412,227,227,0.2727585,1,imagenet_c,defocus_blur,1,none
efficientnet_b4,ILSVRC2012_val_00023038.JPEG,n02105412,227,227,0.06943255,1,imagenet_c,defocus_blur,1,none
efficientnet_b4,ILSVRC2012_val_00025001.JPEG,n02105412,227,227,0.8112973,1,imagenet_c,defocus_blur,1,none
efficientnet_b4,ILSVRC2012_val_00027094.JPEG,n02105412,227,253,0.2737055,0,imagenet_c,defocus_blur,1,none
efficientnet_b4,ILSVRC2012_val_00027895.JPEG,n02105412,227,227,0.6117404,1,imagenet_c,defocus_blur,1,none
efficientnet_b4,ILSVRC2012_val_00030065.JPEG,n02105412,227,227,0.6162101,1,imagenet_c,defocus_blur,1,none
efficientnet_b4,ILSVRC2012_val_00032322.JPEG,n02105412,227,248,0.4226657,0,imagenet_c,defocus_blur,1,none
efficientnet_b4,ILSVRC2012_val_00032826.JPEG,n02105412,227,227,0.8652423,1,imagenet_c,defocus_blur,1,none
efficientnet_b4,ILSVRC2012_val_00033644.JPEG,n02105412,227,227,0.74159575,1,imagenet_c,defocus_blur,1,none
efficientnet_b4,ILSVRC2012_val_00034997.JPEG,n02105412,227,227,0.39182687,1,imagenet_c,defocus_blur,1,none
efficientnet_b4,ILSVRC2012_val_00035455.JPEG,n02105412,227,227,0.7595196,1,imagenet_c,defocus_blur,1,none
efficientnet_b4,ILSVRC2012_val_00035770.JPEG,n02105412,227,227,0.5613252,1,imagenet_c,defocus_blur,1,none
efficientnet_b4,ILSVRC2012_val_00035979.JPEG,n02105412,227,227,0.8096121,1,imagenet_c,defocus_blur,1,none
efficientnet_b4,ILSVRC2012_val_00036712.JPEG,n02105412,227,223,0.22883236,0,imagenet_c,defocus_blur,1,none
efficientnet_b4,ILSVRC2012_val_00037290.JPEG,n02105412,227,227,0.33067945,1,imagenet_c,defocus_blur,1,none
efficientnet_b4,ILSVRC2012_val_00037703.JPEG,n02105412,227,227,0.26331222,1,imagenet_c,defocus_blur,1,none
efficientnet_b4,ILSVRC2012_val_00041115.JPEG,n02105412,227,158,0.21988992,0,imagenet_c,defocus_blur,1,none
efficientnet_b4,ILSVRC2012_val_00041161.JPEG,n02105412,227,227,0.81930596,1,imagenet_c,defocus_blur,1,none
efficientnet_b4,ILSVRC2012_val_00041416.JPEG,n02105412,227,227,0.3788667,1,imagenet_c,defocus_blur,1,none
efficientnet_b4,ILSVRC2012_val_00042144.JPEG,n02105412,227,184,0.09200493,0,imagenet_c,defocus_blur,1,none
efficientnet_b4,ILSVRC2012_val_00042494.JPEG,n02105412,227,227,0.8015807,1,imagenet_c,defocus_blur,1,none
efficientnet_b4,ILSVRC2012_val_00043275.JPEG,n02105412,227,227,0.7014708,1,imagenet_c,defocus_blur,1,none
efficientnet_b4,ILSVRC2012_val_00043442.JPEG,n02105412,227,227,0.55357116,1,imagenet_c,defocus_blur,1,none
efficientnet_b4,ILSVRC2012_val_00043878.JPEG,n02105412,227,227,0.43141395,1,imagenet_c,defocus_blur,1,none
efficientnet_b4,ILSVRC2012_val_00049826.JPEG,n02105412,227,227,0.32248986,1,imagenet_c,defocus_blur,1,none
efficientnet_b4,ILSVRC2012_val_00000383.JPEG,n02105505,228,228,0.610539,1,imagenet_c,defocus_blur,1,none
efficientnet_b4,ILSVRC2012_val_00001113.JPEG,n02105505,228,228,0.75255287,1,imagenet_c,defocus_blur,1,none
efficientnet_b4,ILSVRC2012_val_00003152.JPEG,n02105505,228,228,0.5740816,1,imagenet_c,defocus_blur,1,none
efficientnet_b4,ILSVRC2012_val_00003575.JPEG,n02105505,228,229,0.5094965,0,imagenet_c,defocus_blur,1,none
efficientnet_b4,ILSVRC2012_val_00007059.JPEG,n02105505,228,267,0.102102384,0,imagenet_c,defocus_blur,1,none
efficientnet_b4,ILSVRC2012_val_00007246.JPEG,n02105505,228,229,0.37269422,0,imagenet_c,defocus_blur,1,none
efficientnet_b4,ILSVRC2012_val_00007534.JPEG,n02105505,228,228,0.5549637,1,imagenet_c,defocus_blur,1,none
efficientnet_b4,ILSVRC2012_val_00007833.JPEG,n02105505,228,204,0.06979008,0,imagenet_c,defocus_blur,1,none
efficientnet_b4,ILSVRC2012_val_00008044.JPEG,n02105505,228,228,0.705908,1,imagenet_c,defocus_blur,1,none
efficientnet_b4,ILSVRC2012_val_00008124.JPEG,n02105505,228,228,0.5671349,1,imagenet_c,defocus_blur,1,none
efficientnet_b4,ILSVRC2012_val_00008217.JPEG,n02105505,228,228,0.42191863,1,imagenet_c,defocus_blur,1,none
efficientnet_b4,ILSVRC2012_val_00008939.JPEG,n02105505,228,228,0.5116983,1,imagenet_c,defocus_blur,1,none
efficientnet_b4,ILSVRC2012_val_00010945.JPEG,n02105505,228,228,0.57331234,1,imagenet_c,defocus_blur,1,none
efficientnet_b4,ILSVRC2012_val_00013037.JPEG,n02105505,228,228,0.7628724,1,imagenet_c,defocus_blur,1,none
efficientnet_b4,ILSVRC2012_val_00014485.JPEG,n02105505,228,228,0.3846246,1,imagenet_c,defocus_blur,1,none
efficientnet_b4,ILSVRC2012_val_00014870.JPEG,n02105505,228,228,0.6745479,1,imagenet_c,defocus_blur,1,none
efficientnet_b4,ILSVRC2012_val_00014973.JPEG,n02105505,228,228,0.86034685,1,imagenet_c,defocus_blur,1,none
efficientnet_b4,ILSVRC2012_val_00018706.JPEG,n02105505,228,228,0.6823477,1,imagenet_c,defocus_blur,1,none
efficientnet_b4,ILSVRC2012_val_00019932.JPEG,n02105505,228,228,0.62945914,1,imagenet_c,defocus_blur,1,none
efficientnet_b4,ILSVRC2012_val_00022495.JPEG,n02105505,228,228,0.61080694,1,imagenet_c,defocus_blur,1,none
efficientnet_b4,ILSVRC2012_val_00023582.JPEG,n02105505,228,228,0.6226889,1,imagenet_c,defocus_blur,1,none
efficientnet_b4,ILSVRC2012_val_00023603.JPEG,n02105505,228,228,0.68600726,1,imagenet_c,defocus_blur,1,none
efficientnet_b4,ILSVRC2012_val_00024564.JPEG,n02105505,228,228,0.79456025,1,imagenet_c,defocus_blur,1,none
efficientnet_b4,ILSVRC2012_val_00025132.JPEG,n02105505,228,228,0.7604635,1,imagenet_c,defocus_blur,1,none
efficientnet_b4,ILSVRC2012_val_00026536.JPEG,n02105505,228,228,0.6477919,1,imagenet_c,defocus_blur,1,none
efficientnet_b4,ILSVRC2012_val_00027643.JPEG,n02105505,228,228,0.5178546,1,imagenet_c,defocus_blur,1,none
efficientnet_b4,ILSVRC2012_val_00029214.JPEG,n02105505,228,228,0.7829109,1,imagenet_c,defocus_blur,1,none
efficientnet_b4,ILSVRC2012_val_00029354.JPEG,n02105505,228,228,0.11469705,1,imagenet_c,defocus_blur,1,none
efficientnet_b4,ILSVRC2012_val_00029359.JPEG,n02105505,228,228,0.4216895,1,imagenet_c,defocus_blur,1,none
efficientnet_b4,ILSVRC2012_val_00029820.JPEG,n02105505,228,228,0.5172297,1,imagenet_c,defocus_blur,1,none
efficientnet_b4,ILSVRC2012_val_00029960.JPEG,n02105505,228,228,0.72001374,1,imagenet_c,defocus_blur,1,none
efficientnet_b4,ILSVRC2012_val_00031252.JPEG,n02105505,228,228,0.70888406,1,imagenet_c,defocus_blur,1,none
efficientnet_b4,ILSVRC2012_val_00032099.JPEG,n02105505,228,229,0.42792147,0,imagenet_c,defocus_blur,1,none
efficientnet_b4,ILSVRC2012_val_00032148.JPEG,n02105505,228,228,0.423903,1,imagenet_c,defocus_blur,1,none
efficientnet_b4,ILSVRC2012_val_00032738.JPEG,n02105505,228,228,0.54160553,1,imagenet_c,defocus_blur,1,none
efficientnet_b4,ILSVRC2012_val_00034063.JPEG,n02105505,228,229,0.2720116,0,imagenet_c,defocus_blur,1,none
efficientnet_b4,ILSVRC2012_val_00034880.JPEG,n02105505,228,228,0.5605144,1,imagenet_c,defocus_blur,1,none
efficientnet_b4,ILSVRC2012_val_00037907.JPEG,n02105505,228,228,0.5473098,1,imagenet_c,defocus_blur,1,none
efficientnet_b4,ILSVRC2012_val_00038814.JPEG,n02105505,228,228,0.103565976,1,imagenet_c,defocus_blur,1,none
efficientnet_b4,ILSVRC2012_val_00041147.JPEG,n02105505,228,228,0.3554898,1,imagenet_c,defocus_blur,1,none
efficientnet_b4,ILSVRC2012_val_00042220.JPEG,n02105505,228,228,0.6827321,1,imagenet_c,defocus_blur,1,none
efficientnet_b4,ILSVRC2012_val_00042890.JPEG,n02105505,228,228,0.64881027,1,imagenet_c,defocus_blur,1,none
efficientnet_b4,ILSVRC2012_val_00043383.JPEG,n02105505,228,228,0.6795709,1,imagenet_c,defocus_blur,1,none
efficientnet_b4,ILSVRC2012_val_00043511.JPEG,n02105505,228,228,0.71119463,1,imagenet_c,defocus_blur,1,none
efficientnet_b4,ILSVRC2012_val_00043538.JPEG,n02105505,228,228,0.72094864,1,imagenet_c,defocus_blur,1,none
efficientnet_b4,ILSVRC2012_val_00045248.JPEG,n02105505,228,228,0.30867833,1,imagenet_c,defocus_blur,1,none
efficientnet_b4,ILSVRC2012_val_00046836.JPEG,n02105505,228,228,0.6412561,1,imagenet_c,defocus_blur,1,none
efficientnet_b4,ILSVRC2012_val_00046935.JPEG,n02105505,228,228,0.6631912,1,imagenet_c,defocus_blur,1,none
efficientnet_b4,ILSVRC2012_val_00048075.JPEG,n02105505,228,228,0.14559695,1,imagenet_c,defocus_blur,1,none
efficientnet_b4,ILSVRC2012_val_00048964.JPEG,n02105505,228,228,0.77824384,1,imagenet_c,defocus_blur,1,none
efficientnet_b4,ILSVRC2012_val_00002247.JPEG,n02105641,229,229,0.66542864,1,imagenet_c,defocus_blur,1,none
efficientnet_b4,ILSVRC2012_val_00003413.JPEG,n02105641,229,229,0.7208841,1,imagenet_c,defocus_blur,1,none
efficientnet_b4,ILSVRC2012_val_00004008.JPEG,n02105641,229,229,0.5149797,1,imagenet_c,defocus_blur,1,none
efficientnet_b4,ILSVRC2012_val_00004361.JPEG,n02105641,229,229,0.60819006,1,imagenet_c,defocus_blur,1,none
efficientnet_b4,ILSVRC2012_val_00005390.JPEG,n02105641,229,229,0.69704825,1,imagenet_c,defocus_blur,1,none
efficientnet_b4,ILSVRC2012_val_00005905.JPEG,n02105641,229,229,0.71302927,1,imagenet_c,defocus_blur,1,none
efficientnet_b4,ILSVRC2012_val_00006393.JPEG,n02105641,229,229,0.65168494,1,imagenet_c,defocus_blur,1,none
efficientnet_b4,ILSVRC2012_val_00008774.JPEG,n02105641,229,229,0.793071,1,imagenet_c,defocus_blur,1,none
efficientnet_b4,ILSVRC2012_val_00008885.JPEG,n02105641,229,229,0.5616259,1,imagenet_c,defocus_blur,1,none
efficientnet_b4,ILSVRC2012_val_00009144.JPEG,n02105641,229,229,0.82855755,1,imagenet_c,defocus_blur,1,none
efficientnet_b4,ILSVRC2012_val_00009707.JPEG,n02105641,229,229,0.6651138,1,imagenet_c,defocus_blur,1,none
efficientnet_b4,ILSVRC2012_val_00009784.JPEG,n02105641,229,229,0.75372595,1,imagenet_c,defocus_blur,1,none
efficientnet_b4,ILSVRC2012_val_00010378.JPEG,n02105641,229,229,0.575227,1,imagenet_c,defocus_blur,1,none
efficientnet_b4,ILSVRC2012_val_00011498.JPEG,n02105641,229,229,0.3485362,1,imagenet_c,defocus_blur,1,none
efficientnet_b4,ILSVRC2012_val_00012930.JPEG,n02105641,229,229,0.7035021,1,imagenet_c,defocus_blur,1,none
efficientnet_b4,ILSVRC2012_val_00013007.JPEG,n02105641,229,229,0.6769328,1,imagenet_c,defocus_blur,1,none
efficientnet_b4,ILSVRC2012_val_00017560.JPEG,n02105641,229,229,0.29243776,1,imagenet_c,defocus_blur,1,none
efficientnet_b4,ILSVRC2012_val_00017997.JPEG,n02105641,229,229,0.64298064,1,imagenet_c,defocus_blur,1,none
efficientnet_b4,ILSVRC2012_val_00018762.JPEG,n02105641,229,229,0.66870993,1,imagenet_c,defocus_blur,1,none
efficientnet_b4,ILSVRC2012_val_00022057.JPEG,n02105641,229,232,0.7576699,0,imagenet_c,defocus_blur,1,none
efficientnet_b4,ILSVRC2012_val_00022259.JPEG,n02105641,229,229,0.639045,1,imagenet_c,defocus_blur,1,none
efficientnet_b4,ILSVRC2012_val_00022429.JPEG,n02105641,229,229,0.57146597,1,imagenet_c,defocus_blur,1,none
efficientnet_b4,ILSVRC2012_val_00023328.JPEG,n02105641,229,229,0.7403169,1,imagenet_c,defocus_blur,1,none
efficientnet_b4,ILSVRC2012_val_00025309.JPEG,n02105641,229,229,0.6993266,1,imagenet_c,defocus_blur,1,none
efficientnet_b4,ILSVRC2012_val_00025395.JPEG,n02105641,229,229,0.84557366,1,imagenet_c,defocus_blur,1,none
efficientnet_b4,ILSVRC2012_val_00027064.JPEG,n02105641,229,229,0.59971565,1,imagenet_c,defocus_blur,1,none
efficientnet_b4,ILSVRC2012_val_00028464.JPEG,n02105641,229,229,0.34279048,1,imagenet_c,defocus_blur,1,none
efficientnet_b4,ILSVRC2012_val_00028477.JPEG,n02105641,229,229,0.51694816,1,imagenet_c,defocus_blur,1,none
efficientnet_b4,ILSVRC2012_val_00029478.JPEG,n02105641,229,229,0.3320432,1,imagenet_c,defocus_blur,1,none
efficientnet_b4,ILSVRC2012_val_00030200.JPEG,n02105641,229,229,0.7004424,1,imagenet_c,defocus_blur,1,none
efficientnet_b4,ILSVRC2012_val_00030240.JPEG,n02105641,229,229,0.69712144,1,imagenet_c,defocus_blur,1,none
efficientnet_b4,ILSVRC2012_val_00030524.JPEG,n02105641,229,537,0.07715366,0,imagenet_c,defocus_blur,1,none
efficientnet_b4,ILSVRC2012_val_00030831.JPEG,n02105641,229,203,0.29003507,0,imagenet_c,defocus_blur,1,none
efficientnet_b4,ILSVRC2012_val_00030876.JPEG,n02105641,229,229,0.5556079,1,imagenet_c,defocus_blur,1,none
efficientnet_b4,ILSVRC2012_val_00031433.JPEG,n02105641,229,228,0.56140983,0,imagenet_c,defocus_blur,1,none
efficientnet_b4,ILSVRC2012_val_00032027.JPEG,n02105641,229,229,0.6472074,1,imagenet_c,defocus_blur,1,none
efficientnet_b4,ILSVRC2012_val_00033501.JPEG,n02105641,229,229,0.70655024,1,imagenet_c,defocus_blur,1,none
efficientnet_b4,ILSVRC2012_val_00039591.JPEG,n02105641,229,229,0.7002694,1,imagenet_c,defocus_blur,1,none
efficientnet_b4,ILSVRC2012_val_00041024.JPEG,n02105641,229,229,0.7865303,1,imagenet_c,defocus_blur,1,none
efficientnet_b4,ILSVRC2012_val_00041053.JPEG,n02105641,229,228,0.15830645,0,imagenet_c,defocus_blur,1,none
efficientnet_b4,ILSVRC2012_val_00041351.JPEG,n02105641,229,229,0.17087303,1,imagenet_c,defocus_blur,1,none
efficientnet_b4,ILSVRC2012_val_00041384.JPEG,n02105641,229,229,0.64580613,1,imagenet_c,defocus_blur,1,none
efficientnet_b4,ILSVRC2012_val_00041865.JPEG,n02105641,229,229,0.6360156,1,imagenet_c,defocus_blur,1,none
efficientnet_b4,ILSVRC2012_val_00043008.JPEG,n02105641,229,229,0.7654182,1,imagenet_c,defocus_blur,1,none
efficientnet_b4,ILSVRC2012_val_00043393.JPEG,n02105641,229,229,0.7750599,1,imagenet_c,defocus_blur,1,none
efficientnet_b4,ILSVRC2012_val_00044464.JPEG,n02105641,229,229,0.7881436,1,imagenet_c,defocus_blur,1,none
efficientnet_b4,ILSVRC2012_val_00045477.JPEG,n02105641,229,229,0.540098,1,imagenet_c,defocus_blur,1,none
efficientnet_b4,ILSVRC2012_val_00046310.JPEG,n02105641,229,229,0.58579904,1,imagenet_c,defocus_blur,1,none
efficientnet_b4,ILSVRC2012_val_00047241.JPEG,n02105641,229,229,0.1527783,1,imagenet_c,defocus_blur,1,none
efficientnet_b4,ILSVRC2012_val_00049064.JPEG,n02105641,229,229,0.67721784,1,imagenet_c,defocus_blur,1,none
efficientnet_b4,ILSVRC2012_val_00000003.JPEG,n02105855,230,230,0.46338475,1,imagenet_c,defocus_blur,1,none
efficientnet_b4,ILSVRC2012_val_00000180.JPEG,n02105855,230,230,0.22887099,1,imagenet_c,defocus_blur,1,none
efficientnet_b4,ILSVRC2012_val_00000393.JPEG,n02105855,230,230,0.6606967,1,imagenet_c,defocus_blur,1,none
efficientnet_b4,ILSVRC2012_val_00001147.JPEG,n02105855,230,230,0.56622535,1,imagenet_c,defocus_blur,1,none
efficientnet_b4,ILSVRC2012_val_00001963.JPEG,n02105855,230,230,0.637592,1,imagenet_c,defocus_blur,1,none
efficientnet_b4,ILSVRC2012_val_00001971.JPEG,n02105855,230,231,0.41696838,0,imagenet_c,defocus_blur,1,none
efficientnet_b4,ILSVRC2012_val_00003196.JPEG,n02105855,230,231,0.43958017,0,imagenet_c,defocus_blur,1,none
efficientnet_b4,ILSVRC2012_val_00003810.JPEG,n02105855,230,230,0.5206584,1,imagenet_c,defocus_blur,1,none
efficientnet_b4,ILSVRC2012_val_00003872.JPEG,n02105855,230,230,0.4682125,1,imagenet_c,defocus_blur,1,none
efficientnet_b4,ILSVRC2012_val_00004631.JPEG,n02105855,230,230,0.26458135,1,imagenet_c,defocus_blur,1,none
efficientnet_b4,ILSVRC2012_val_00006114.JPEG,n02105855,230,230,0.5475555,1,imagenet_c,defocus_blur,1,none
efficientnet_b4,ILSVRC2012_val_00009660.JPEG,n02105855,230,230,0.15720801,1,imagenet_c,defocus_blur,1,none
efficientnet_b4,ILSVRC2012_val_00014923.JPEG,n02105855,230,230,0.5067863,1,imagenet_c,defocus_blur,1,none
efficientnet_b4,ILSVRC2012_val_00015329.JPEG,n02105855,230,230,0.518697,1,imagenet_c,defocus_blur,1,none
efficientnet_b4,ILSVRC2012_val_00017879.JPEG,n02105855,230,230,0.8184049,1,imagenet_c,defocus_blur,1,none
efficientnet_b4,ILSVRC2012_val_00017961.JPEG,n02105855,230,176,0.051878728,0,imagenet_c,defocus_blur,1,none
efficientnet_b4,ILSVRC2012_val_00018710.JPEG,n02105855,230,247,0.21920544,0,imagenet_c,defocus_blur,1,none
efficientnet_b4,ILSVRC2012_val_00019155.JPEG,n02105855,230,230,0.20410405,1,imagenet_c,defocus_blur,1,none
efficientnet_b4,ILSVRC2012_val_00019764.JPEG,n02105855,230,230,0.53130484,1,imagenet_c,defocus_blur,1,none
efficientnet_b4,ILSVRC2012_val_00020676.JPEG,n02105855,230,230,0.46957174,1,imagenet_c,defocus_blur,1,none
efficientnet_b4,ILSVRC2012_val_00020678.JPEG,n02105855,230,230,0.47332236,1,imagenet_c,defocus_blur,1,none
efficientnet_b4,ILSVRC2012_val_00021061.JPEG,n02105855,230,231,0.3362166,0,imagenet_c,defocus_blur,1,none
efficientnet_b4,ILSVRC2012_val_00021249.JPEG,n02105855,230,230,0.6280257,1,imagenet_c,defocus_blur,1,none
efficientnet_b4,ILSVRC2012_val_00023405.JPEG,n02105855,230,230,0.7259405,1,imagenet_c,defocus_blur,1,none
efficientnet_b4,ILSVRC2012_val_00024498.JPEG,n02105855,230,230,0.30539334,1,imagenet_c,defocus_blur,1,none
efficientnet_b4,ILSVRC2012_val_00024624.JPEG,n02105855,230,207,0.21900596,0,imagenet_c,defocus_blur,1,none
efficientnet_b4,ILSVRC2012_val_00024677.JPEG,n02105855,230,231,0.43603536,0,imagenet_c,defocus_blur,1,none
efficientnet_b4,ILSVRC2012_val_00024791.JPEG,n02105855,230,230,0.32895365,1,imagenet_c,defocus_blur,1,none
efficientnet_b4,ILSVRC2012_val_00027041.JPEG,n02105855,230,230,0.31409585,1,imagenet_c,defocus_blur,1,none
efficientnet_b4,ILSVRC2012_val_00027445.JPEG,n02105855,230,797,0.19038741,0,imagenet_c,defocus_blur,1,none
efficientnet_b4,ILSVRC2012_val_00027579.JPEG,n02105855,230,230,0.57779735,1,imagenet_c,defocus_blur,1,none
efficientnet_b4,ILSVRC2012_val_00029456.JPEG,n02105855,230,230,0.22511278,1,imagenet_c,defocus_blur,1,none
efficientnet_b4,ILSVRC2012_val_00031875.JPEG,n02105855,230,230,0.48276496,1,imagenet_c,defocus_blur,1,none
efficientnet_b4,ILSVRC2012_val_00031994.JPEG,n02105855,230,230,0.63895744,1,imagenet_c,defocus_blur,1,none
efficientnet_b4,ILSVRC2012_val_00032064.JPEG,n02105855,230,231,0.31650972,0,imagenet_c,defocus_blur,1,none
efficientnet_b4,ILSVRC2012_val_00032272.JPEG,n02105855,230,230,0.53419673,1,imagenet_c,defocus_blur,1,none
efficientnet_b4,ILSVRC2012_val_00032656.JPEG,n02105855,230,230,0.42883036,1,imagenet_c,defocus_blur,1,none
efficientnet_b4,ILSVRC2012_val_00036269.JPEG,n02105855,230,158,0.13256447,0,imagenet_c,defocus_blur,1,none
efficientnet_b4,ILSVRC2012_val_00037410.JPEG,n02105855,230,264,0.15143779,0,imagenet_c,defocus_blur,1,none
efficientnet_b4,ILSVRC2012_val_00038326.JPEG,n02105855,230,162,0.12330172,0,imagenet_c,defocus_blur,1,none
efficientnet_b4,ILSVRC2012_val_00041339.JPEG,n02105855,230,230,0.54394245,1,imagenet_c,defocus_blur,1,none
efficientnet_b4,ILSVRC2012_val_00041505.JPEG,n02105855,230,230,0.6370725,1,imagenet_c,defocus_blur,1,none
efficientnet_b4,ILSVRC2012_val_00044406.JPEG,n02105855,230,361,0.08249684,0,imagenet_c,defocus_blur,1,none
efficientnet_b4,ILSVRC2012_val_00045056.JPEG,n02105855,230,264,0.3817268,0,imagenet_c,defocus_blur,1,none
efficientnet_b4,ILSVRC2012_val_00045482.JPEG,n02105855,230,230,0.5650442,1,imagenet_c,defocus_blur,1,none
efficientnet_b4,ILSVRC2012_val_00045718.JPEG,n02105855,230,230,0.45454353,1,imagenet_c,defocus_blur,1,none
efficientnet_b4,ILSVRC2012_val_00048315.JPEG,n02105855,230,230,0.61429304,1,imagenet_c,defocus_blur,1,none
efficientnet_b4,ILSVRC2012_val_00048650.JPEG,n02105855,230,684,0.021321544,0,imagenet_c,defocus_blur,1,none
efficientnet_b4,ILSVRC2012_val_00048859.JPEG,n02105855,230,230,0.53935564,1,imagenet_c,defocus_blur,1,none
efficientnet_b4,ILSVRC2012_val_00049871.JPEG,n02105855,230,230,0.44154194,1,imagenet_c,defocus_blur,1,none
efficientnet_b4,ILSVRC2012_val_00003480.JPEG,n02106030,231,232,0.56326485,0,imagenet_c,defocus_blur,1,none
efficientnet_b4,ILSVRC2012_val_00003862.JPEG,n02106030,231,231,0.39676434,1,imagenet_c,defocus_blur,1,none
efficientnet_b4,ILSVRC2012_val_00004711.JPEG,n02106030,231,230,0.45946994,0,imagenet_c,defocus_blur,1,none
efficientnet_b4,ILSVRC2012_val_00006330.JPEG,n02106030,231,231,0.5700867,1,imagenet_c,defocus_blur,1,none
efficientnet_b4,ILSVRC2012_val_00007355.JPEG,n02106030,231,200,0.58876103,0,imagenet_c,defocus_blur,1,none
efficientnet_b4,ILSVRC2012_val_00007682.JPEG,n02106030,231,230,0.35866806,0,imagenet_c,defocus_blur,1,none
efficientnet_b4,ILSVRC2012_val_00009055.JPEG,n02106030,231,231,0.61267334,1,imagenet_c,defocus_blur,1,none
efficientnet_b4,ILSVRC2012_val_00011698.JPEG,n02106030,231,232,0.7111001,0,imagenet_c,defocus_blur,1,none
efficientnet_b4,ILSVRC2012_val_00012037.JPEG,n02106030,231,229,0.45673457,0,imagenet_c,defocus_blur,1,none
efficientnet_b4,ILSVRC2012_val_00014086.JPEG,n02106030,231,231,0.61844754,1,imagenet_c,defocus_blur,1,none
efficientnet_b4,ILSVRC2012_val_00014295.JPEG,n02106030,231,230,0.60085315,0,imagenet_c,defocus_blur,1,none
efficientnet_b4,ILSVRC2012_val_00014342.JPEG,n02106030,231,230,0.32157317,0,imagenet_c,defocus_blur,1,none
efficientnet_b4,ILSVRC2012_val_00015294.JPEG,n02106030,231,231,0.39727828,1,imagenet_c,defocus_blur,1,none
efficientnet_b4,ILSVRC2012_val_00016572.JPEG,n02106030,231,232,0.6683294,0,imagenet_c,defocus_blur,1,none
efficientnet_b4,ILSVRC2012_val_00018046.JPEG,n02106030,231,231,0.5054413,1,imagenet_c,defocus_blur,1,none
efficientnet_b4,ILSVRC2012_val_00018126.JPEG,n02106030,231,231,0.43253142,1,imagenet_c,defocus_blur,1,none
efficientnet_b4,ILSVRC2012_val_00019134.JPEG,n02106030,231,231,0.41150913,1,imagenet_c,defocus_blur,1,none
efficientnet_b4,ILSVRC2012_val_00019517.JPEG,n02106030,231,231,0.5646827,1,imagenet_c,defocus_blur,1,none
efficientnet_b4,ILSVRC2012_val_00019767.JPEG,n02106030,231,231,0.44549122,1,imagenet_c,defocus_blur,1,none
efficientnet_b4,ILSVRC2012_val_00020196.JPEG,n02106030,231,239,0.36299998,0,imagenet_c,defocus_blur,1,none
efficientnet_b4,ILSVRC2012_val_00021226.JPEG,n02106030,231,231,0.39427206,1,imagenet_c,defocus_blur,1,none
efficientnet_b4,ILSVRC2012_val_00022645.JPEG,n02106030,231,230,0.3695469,0,imagenet_c,defocus_blur,1,none
efficientnet_b4,ILSVRC2012_val_00023666.JPEG,n02106030,231,537,0.061748195,0,imagenet_c,defocus_blur,1,none
efficientnet_b4,ILSVRC2012_val_00023702.JPEG,n02106030,231,231,0.65271467,1,imagenet_c,defocus_blur,1,none
efficientnet_b4,ILSVRC2012_val_00023788.JPEG,n02106030,231,230,0.2714917,0,imagenet_c,defocus_blur,1,none
efficientnet_b4,ILSVRC2012_val_00024292.JPEG,n02106030,231,231,0.4674726,1,imagenet_c,defocus_blur,1,none
efficientnet_b4,ILSVRC2012_val_00027164.JPEG,n02106030,231,232,0.6448395,0,imagenet_c,defocus_blur,1,none
efficientnet_b4,ILSVRC2012_val_00027165.JPEG,n02106030,231,231,0.4455535,1,imagenet_c,defocus_blur,1,none
efficientnet_b4,ILSVRC2012_val_00027522.JPEG,n02106030,231,230,0.2584208,0,imagenet_c,defocus_blur,1,none
efficientnet_b4,ILSVRC2012_val_00027583.JPEG,n02106030,231,232,0.5333611,0,imagenet_c,defocus_blur,1,none
efficientnet_b4,ILSVRC2012_val_00031799.JPEG,n02106030,231,231,0.4654562,1,imagenet_c,defocus_blur,1,none
efficientnet_b4,ILSVRC2012_val_00033642.JPEG,n02106030,231,231,0.6029359,1,imagenet_c,defocus_blur,1,none
efficientnet_b4,ILSVRC2012_val_00035592.JPEG,n02106030,231,230,0.282646,0,imagenet_c,defocus_blur,1,none
efficientnet_b4,ILSVRC2012_val_00036097.JPEG,n02106030,231,231,0.48211953,1,imagenet_c,defocus_blur,1,none
efficientnet_b4,ILSVRC2012_val_00036360.JPEG,n02106030,231,231,0.23681417,1,imagenet_c,defocus_blur,1,none
efficientnet_b4,ILSVRC2012_val_00036371.JPEG,n02106030,231,230,0.23619755,0,imagenet_c,defocus_blur,1,none
efficientnet_b4,ILSVRC2012_val_00036543.JPEG,n02106030,231,231,0.4720382,1,imagenet_c,defocus_blur,1,none
efficientnet_b4,ILSVRC2012_val_00037075.JPEG,n02106030,231,232,0.20427117,0,imagenet_c,defocus_blur,1,none
efficientnet_b4,ILSVRC2012_val_00037428.JPEG,n02106030,231,232,0.5681997,0,imagenet_c,defocus_blur,1,none
efficientnet_b4,ILSVRC2012_val_00038745.JPEG,n02106030,231,232,0.55608654,0,imagenet_c,defocus_blur,1,none
efficientnet_b4,ILSVRC2012_val_00038789.JPEG,n02106030,231,231,0.7206542,1,imagenet_c,defocus_blur,1,none
efficientnet_b4,ILSVRC2012_val_00039035.JPEG,n02106030,231,230,0.37435213,0,imagenet_c,defocus_blur,1,none
efficientnet_b4,ILSVRC2012_val_00039142.JPEG,n02106030,231,231,0.51213217,1,imagenet_c,defocus_blur,1,none
efficientnet_b4,ILSVRC2012_val_00039761.JPEG,n02106030,231,231,0.3073137,1,imagenet_c,defocus_blur,1,none
efficientnet_b4,ILSVRC2012_val_00040015.JPEG,n02106030,231,232,0.56436354,0,imagenet_c,defocus_blur,1,none
efficientnet_b4,ILSVRC2012_val_00041176.JPEG,n02106030,231,231,0.5827608,1,imagenet_c,defocus_blur,1,none
efficientnet_b4,ILSVRC2012_val_00041929.JPEG,n02106030,231,232,0.551177,0,imagenet_c,defocus_blur,1,none
efficientnet_b4,ILSVRC2012_val_00046531.JPEG,n02106030,231,230,0.26782563,0,imagenet_c,defocus_blur,1,none
efficientnet_b4,ILSVRC2012_val_00046974.JPEG,n02106030,231,231,0.7201556,1,imagenet_c,defocus_blur,1,none
efficientnet_b4,ILSVRC2012_val_00049725.JPEG,n02106030,231,231,0.74942285,1,imagenet_c,defocus_blur,1,none
efficientnet_b4,ILSVRC2012_val_00000672.JPEG,n02106166,232,232,0.555009,1,imagenet_c,defocus_blur,1,none
efficientnet_b4,ILSVRC2012_val_00001900.JPEG,n02106166,232,232,0.5627964,1,imagenet_c,defocus_blur,1,none
efficientnet_b4,ILSVRC2012_val_00003303.JPEG,n02106166,232,232,0.65650433,1,imagenet_c,defocus_blur,1,none
efficientnet_b4,ILSVRC2012_val_00003734.JPEG,n02106166,232,232,0.6353684,1,imagenet_c,defocus_blur,1,none
efficientnet_b4,ILSVRC2012_val_00004766.JPEG,n02106166,232,232,0.70261526,1,imagenet_c,defocus_blur,1,none
efficientnet_b4,ILSVRC2012_val_00005395.JPEG,n02106166,232,264,0.2883878,0,imagenet_c,defocus_blur,1,none
efficientnet_b4,ILSVRC2012_val_00006338.JPEG,n02106166,232,232,0.6969825,1,imagenet_c,defocus_blur,1,none
efficientnet_b4,ILSVRC2012_val_00007632.JPEG,n02106166,232,232,0.08304614,1,imagenet_c,defocus_blur,1,none
efficientnet_b4,ILSVRC2012_val_00007837.JPEG,n02106166,232,169,0.40975437,0,imagenet_c,defocus_blur,1,none
efficientnet_b4,ILSVRC2012_val_00007897.JPEG,n02106166,232,232,0.63334495,1,imagenet_c,defocus_blur,1,none
efficientnet_b4,ILSVRC2012_val_00008138.JPEG,n02106166,232,232,0.7616561,1,imagenet_c,defocus_blur,1,none
efficientnet_b4,ILSVRC2012_val_00009862.JPEG,n02106166,232,232,0.6659346,1,imagenet_c,defocus_blur,1,none
efficientnet_b4,ILSVRC2012_val_00011205.JPEG,n02106166,232,232,0.2026527,1,imagenet_c,defocus_blur,1,none
efficientnet_b4,ILSVRC2012_val_00011457.JPEG,n02106166,232,232,0.3357224,1,imagenet_c,defocus_blur,1,none
efficientnet_b4,ILSVRC2012_val_00011701.JPEG,n02106166,232,232,0.38505337,1,imagenet_c,defocus_blur,1,none
efficientnet_b4,ILSVRC2012_val_00013583.JPEG,n02106166,232,232,0.3130941,1,imagenet_c,defocus_blur,1,none
efficientnet_b4,ILSVRC2012_val_00014471.JPEG,n02106166,232,232,0.4138783,1,imagenet_c,defocus_blur,1,none
efficientnet_b4,ILSVRC2012_val_00014506.JPEG,n02106166,232,232,0.42280725,1,imagenet_c,defocus_blur,1,none
efficientnet_b4,ILSVRC2012_val_00016263.JPEG,n02106166,232,232,0.3451129,1,imagenet_c,defocus_blur,1,none
efficientnet_b4,ILSVRC2012_val_00017551.JPEG,n02106166,232,232,0.46891826,1,imagenet_c,defocus_blur,1,none
efficientnet_b4,ILSVRC2012_val_00018080.JPEG,n02106166,232,152,0.50794524,0,imagenet_c,defocus_blur,1,none
efficientnet_b4,ILSVRC2012_val_00020986.JPEG,n02106166,232,264,0.3307194,0,imagenet_c,defocus_blur,1,none
efficientnet_b4,ILSVRC2012_val_00021489.JPEG,n02106166,232,232,0.55682397,1,imagenet_c,defocus_blur,1,none
efficientnet_b4,ILSVRC2012_val_00026245.JPEG,n02106166,232,232,0.5333611,1,imagenet_c,defocus_blur,1,none
efficientnet_b4,ILSVRC2012_val_00026278.JPEG,n02106166,232,232,0.71072376,1,imagenet_c,defocus_blur,1,none
efficientnet_b4,ILSVRC2012_val_00026448.JPEG,n02106166,232,232,0.45609307,1,imagenet_c,defocus_blur,1,none
efficientnet_b4,ILSVRC2012_val_00028674.JPEG,n02106166,232,232,0.6075036,1,imagenet_c,defocus_blur,1,none
efficientnet_b4,ILSVRC2012_val_00029436.JPEG,n02106166,232,232,0.61225593,1,imagenet_c,defocus_blur,1,none
efficientnet_b4,ILSVRC2012_val_00031093.JPEG,n02106166,232,232,0.72919804,1,imagenet_c,defocus_blur,1,none
efficientnet_b4,ILSVRC2012_val_00031198.JPEG,n02106166,232,232,0.40088314,1,imagenet_c,defocus_blur,1,none
efficientnet_b4,ILSVRC2012_val_00032336.JPEG,n02106166,232,232,0.6797992,1,imagenet_c,defocus_blur,1,none
efficientnet_b4,ILSVRC2012_val_00033155.JPEG,n02106166,232,232,0.29113093,1,imagenet_c,defocus_blur,1,none
efficientnet_b4,ILSVRC2012_val_00033192.JPEG,n02106166,232,232,0.5183559,1,imagenet_c,defocus_blur,1,none
efficientnet_b4,ILSVRC2012_val_00034069.JPEG,n02106166,232,232,0.4457172,1,imagenet_c,defocus_blur,1,none
efficientnet_b4,ILSVRC2012_val_00034821.JPEG,n02106166,232,227,0.111305244,0,imagenet_c,defocus_blur,1,none
efficientnet_b4,ILSVRC2012_val_00035510.JPEG,n02106166,232,232,0.6821578,1,imagenet_c,defocus_blur,1,none
efficientnet_b4,ILSVRC2012_val_00035632.JPEG,n02106166,232,232,0.3912609,1,imagenet_c,defocus_blur,1,none
efficientnet_b4,ILSVRC2012_val_00036445.JPEG,n02106166,232,232,0.46061388,1,imagenet_c,defocus_blur,1,none
efficientnet_b4,ILSVRC2012_val_00037534.JPEG,n02106166,232,235,0.20371205,0,imagenet_c,defocus_blur,1,none
efficientnet_b4,ILSVRC2012_val_00040450.JPEG,n02106166,232,232,0.46784288,1,imagenet_c,defocus_blur,1,none
efficientnet_b4,ILSVRC2012_val_00043367.JPEG,n02106166,232,232,0.2699886,1,imagenet_c,defocus_blur,1,none
efficientnet_b4,ILSVRC2012_val_00044548.JPEG,n02106166,232,232,0.33125266,1,imagenet_c,defocus_blur,1,none
efficientnet_b4,ILSVRC2012_val_00045261.JPEG,n02106166,232,232,0.29125273,1,imagenet_c,defocus_blur,1,none
efficientnet_b4,ILSVRC2012_val_00045454.JPEG,n02106166,232,200,0.11647735,0,imagenet_c,defocus_blur,1,none
efficientnet_b4,ILSVRC2012_val_00045537.JPEG,n02106166,232,232,0.60209477,1,imagenet_c,defocus_blur,1,none
efficientnet_b4,ILSVRC2012_val_00046446.JPEG,n02106166,232,232,0.25349092,1,imagenet_c,defocus_blur,1,none
efficientnet_b4,ILSVRC2012_val_00046867.JPEG,n02106166,232,232,0.70185196,1,imagenet_c,defocus_blur,1,none
efficientnet_b4,ILSVRC2012_val_00048578.JPEG,n02106166,232,232,0.4509721,1,imagenet_c,defocus_blur,1,none
efficientnet_b4,ILSVRC2012_val_00049942.JPEG,n02106166,232,232,0.5919995,1,imagenet_c,defocus_blur,1,none
efficientnet_b4,ILSVRC2012_val_00049998.JPEG,n02106166,232,232,0.24417046,1,imagenet_c,defocus_blur,1,none
efficientnet_b4,ILSVRC2012_val_00000203.JPEG,n02106382,233,233,0.28819272,1,imagenet_c,defocus_blur,1,none
efficientnet_b4,ILSVRC2012_val_00000847.JPEG,n02106382,233,233,0.66761184,1,imagenet_c,defocus_blur,1,none
efficientnet_b4,ILSVRC2012_val_00001074.JPEG,n02106382,233,233,0.5070916,1,imagenet_c,defocus_blur,1,none
efficientnet_b4,ILSVRC2012_val_00003834.JPEG,n02106382,233,183,0.365782,0,imagenet_c,defocus_blur,1,none
efficientnet_b4,ILSVRC2012_val_00006970.JPEG,n02106382,233,233,0.40280774,1,imagenet_c,defocus_blur,1,none
efficientnet_b4,ILSVRC2012_val_00007056.JPEG,n02106382,233,233,0.6486149,1,imagenet_c,defocus_blur,1,none
efficientnet_b4,ILSVRC2012_val_00007165.JPEG,n02106382,233,233,0.4479586,1,imagenet_c,defocus_blur,1,none
efficientnet_b4,ILSVRC2012_val_00007367.JPEG,n02106382,233,233,0.6830901,1,imagenet_c,defocus_blur,1,none
efficientnet_b4,ILSVRC2012_val_00007674.JPEG,n02106382,233,233,0.7016781,1,imagenet_c,defocus_blur,1,none
efficientnet_b4,ILSVRC2012_val_00009547.JPEG,n02106382,233,183,0.34410346,0,imagenet_c,defocus_blur,1,none
efficientnet_b4,ILSVRC2012_val_00010765.JPEG,n02106382,233,206,0.23792869,0,imagenet_c,defocus_blur,1,none
efficientnet_b4,ILSVRC2012_val_00011917.JPEG,n02106382,233,206,0.27036846,0,imagenet_c,defocus_blur,1,none
efficientnet_b4,ILSVRC2012_val_00014000.JPEG,n02106382,233,233,0.32525584,1,imagenet_c,defocus_blur,1,none
efficientnet_b4,ILSVRC2012_val_00014490.JPEG,n02106382,233,233,0.6930996,1,imagenet_c,defocus_blur,1,none
efficientnet_b4,ILSVRC2012_val_00015858.JPEG,n02106382,233,233,0.6499815,1,imagenet_c,defocus_blur,1,none
efficientnet_b4,ILSVRC2012_val_00016409.JPEG,n02106382,233,233,0.6021498,1,imagenet_c,defocus_blur,1,none
efficientnet_b4,ILSVRC2012_val_00016908.JPEG,n02106382,233,205,0.22808352,0,imagenet_c,defocus_blur,1,none
efficientnet_b4,ILSVRC2012_val_00018331.JPEG,n02106382,233,212,0.3449935,0,imagenet_c,defocus_blur,1,none
efficientnet_b4,ILSVRC2012_val_00019671.JPEG,n02106382,233,233,0.6438299,1,imagenet_c,defocus_blur,1,none
efficientnet_b4,ILSVRC2012_val_00019712.JPEG,n02106382,233,233,0.5906803,1,imagenet_c,defocus_blur,1,none
efficientnet_b4,ILSVRC2012_val_00020216.JPEG,n02106382,233,233,0.42052683,1,imagenet_c,defocus_blur,1,none
efficientnet_b4,ILSVRC2012_val_00022254.JPEG,n02106382,233,197,0.19316731,0,imagenet_c,defocus_blur,1,none
efficientnet_b4,ILSVRC2012_val_00022590.JPEG,n02106382,233,233,0.31499964,1,imagenet_c,defocus_blur,1,none
efficientnet_b4,ILSVRC2012_val_00022843.JPEG,n02106382,233,233,0.22110732,1,imagenet_c,defocus_blur,1,none
efficientnet_b4,ILSVRC2012_val_00027100.JPEG,n02106382,233,233,0.6402634,1,imagenet_c,defocus_blur,1,none
efficientnet_b4,ILSVRC2012_val_00027219.JPEG,n02106382,233,177,0.11490787,0,imagenet_c,defocus_blur,1,none
efficientnet_b4,ILSVRC2012_val_00028103.JPEG,n02106382,233,233,0.3356059,1,imagenet_c,defocus_blur,1,none
efficientnet_b4,ILSVRC2012_val_00028955.JPEG,n02106382,233,233,0.6999707,1,imagenet_c,defocus_blur,1,none
efficientnet_b4,ILSVRC2012_val_00030086.JPEG,n02106382,233,250,0.18392934,0,imagenet_c,defocus_blur,1,none
efficientnet_b4,ILSVRC2012_val_00030482.JPEG,n02106382,233,226,0.41306213,0,imagenet_c,defocus_blur,1,none
efficientnet_b4,ILSVRC2012_val_00030971.JPEG,n02106382,233,183,0.17488262,0,imagenet_c,defocus_blur,1,none
efficientnet_b4,ILSVRC2012_val_00032033.JPEG,n02106382,233,233,0.49591848,1,imagenet_c,defocus_blur,1,none
efficientnet_b4,ILSVRC2012_val_00032290.JPEG,n02106382,233,233,0.7076379,1,imagenet_c,defocus_blur,1,none
efficientnet_b4,ILSVRC2012_val_00032564.JPEG,n02106382,233,233,0.16476609,1,imagenet_c,defocus_blur,1,none
efficientnet_b4,ILSVRC2012_val_00032822.JPEG,n02106382,233,233,0.2680025,1,imagenet_c,defocus_blur,1,none
efficientnet_b4,ILSVRC2012_val_00033579.JPEG,n02106382,233,233,0.47477373,1,imagenet_c,defocus_blur,1,none
efficientnet_b4,ILSVRC2012_val_00035562.JPEG,n02106382,233,233,0.6970839,1,imagenet_c,defocus_blur,1,none
efficientnet_b4,ILSVRC2012_val_00035699.JPEG,n02106382,233,233,0.43585104,1,imagenet_c,defocus_blur,1,none
efficientnet_b4,ILSVRC2012_val_00035815.JPEG,n02106382,233,233,0.58948106,1,imagenet_c,defocus_blur,1,none
efficientnet_b4,ILSVRC2012_val_00037396.JPEG,n02106382,233,233,0.33884352,1,imagenet_c,defocus_blur,1,none
efficientnet_b4,ILSVRC2012_val_00038479.JPEG,n02106382,233,233,0.67172176,1,imagenet_c,defocus_blur,1,none
efficientnet_b4,ILSVRC2012_val_00039204.JPEG,n02106382,233,233,0.61169696,1,imagenet_c,defocus_blur,1,none
efficientnet_b4,ILSVRC2012_val_00041527.JPEG,n02106382,233,233,0.75181437,1,imagenet_c,defocus_blur,1,none
efficientnet_b4,ILSVRC2012_val_00041947.JPEG,n02106382,233,233,0.81565815,1,imagenet_c,defocus_blur,1,none
efficientnet_b4,ILSVRC2012_val_00042303.JPEG,n02106382,233,233,0.54052234,1,imagenet_c,defocus_blur,1,none
efficientnet_b4,ILSVRC2012_val_00044869.JPEG,n02106382,233,233,0.18121046,1,imagenet_c,defocus_blur,1,none
efficientnet_b4,ILSVRC2012_val_00046078.JPEG,n02106382,233,226,0.11773277,0,imagenet_c,defocus_blur,1,none
efficientnet_b4,ILSVRC2012_val_00046212.JPEG,n02106382,233,233,0.6382977,1,imagenet_c,defocus_blur,1,none
efficientnet_b4,ILSVRC2012_val_00046672.JPEG,n02106382,233,233,0.18492997,1,imagenet_c,defocus_blur,1,none
efficientnet_b4,ILSVRC2012_val_00047727.JPEG,n02106382,233,233,0.28817162,1,imagenet_c,defocus_blur,1,none
efficientnet_b4,ILSVRC2012_val_00003623.JPEG,n02106550,234,210,0.25963187,0,imagenet_c,defocus_blur,1,none
efficientnet_b4,ILSVRC2012_val_00005351.JPEG,n02106550,234,234,0.5112675,1,imagenet_c,defocus_blur,1,none
efficientnet_b4,ILSVRC2012_val_00010059.JPEG,n02106550,234,238,0.2100245,0,imagenet_c,defocus_blur,1,none
efficientnet_b4,ILSVRC2012_val_00010228.JPEG,n02106550,234,234,0.6869718,1,imagenet_c,defocus_blur,1,none
efficientnet_b4,ILSVRC2012_val_00010620.JPEG,n02106550,234,234,0.19180608,1,imagenet_c,defocus_blur,1,none
efficientnet_b4,ILSVRC2012_val_00012085.JPEG,n02106550,234,165,0.20533141,0,imagenet_c,defocus_blur,1,none
efficientnet_b4,ILSVRC2012_val_00012856.JPEG,n02106550,234,234,0.8587299,1,imagenet_c,defocus_blur,1,none
efficientnet_b4,ILSVRC2012_val_00013447.JPEG,n02106550,234,234,0.6484751,1,imagenet_c,defocus_blur,1,none
efficientnet_b4,ILSVRC2012_val_00013926.JPEG,n02106550,234,165,0.288103,0,imagenet_c,defocus_blur,1,none
efficientnet_b4,ILSVRC2012_val_00014315.JPEG,n02106550,234,234,0.564699,1,imagenet_c,defocus_blur,1,none
efficientnet_b4,ILSVRC2012_val_00014320.JPEG,n02106550,234,234,0.62766385,1,imagenet_c,defocus_blur,1,none
efficientnet_b4,ILSVRC2012_val_00015160.JPEG,n02106550,234,234,0.45719898,1,imagenet_c,defocus_blur,1,none
efficientnet_b4,ILSVRC2012_val_00015333.JPEG,n02106550,234,234,0.78654295,1,imagenet_c,defocus_blur,1,none
efficientnet_b4,ILSVRC2012_val_00016919.JPEG,n02106550,234,234,0.3676697,1,imagenet_c,defocus_blur,1,none
efficientnet_b4,ILSVRC2012_val_00017940.JPEG,n02106550,234,223,0.09632069,0,imagenet_c,defocus_blur,1,none
efficientnet_b4,ILSVRC2012_val_00018357.JPEG,n02106550,234,234,0.55076265,1,imagenet_c,defocus_blur,1,none
efficientnet_b4,ILSVRC2012_val_00018972.JPEG,n02106550,234,234,0.44456297,1,imagenet_c,defocus_blur,1,none
efficientnet_b4,ILSVRC2012_val_00019107.JPEG,n02106550,234,191,0.25394964,0,imagenet_c,defocus_blur,1,none
efficientnet_b4,ILSVRC2012_val_00019353.JPEG,n02106550,234,234,0.48983833,1,imagenet_c,defocus_blur,1,none
efficientnet_b4,ILSVRC2012_val_00019518.JPEG,n02106550,234,234,0.5977108,1,imagenet_c,defocus_blur,1,none
efficientnet_b4,ILSVRC2012_val_00022664.JPEG,n02106550,234,234,0.67859125,1,imagenet_c,defocus_blur,1,none
efficientnet_b4,ILSVRC2012_val_00025059.JPEG,n02106550,234,234,0.63005865,1,imagenet_c,defocus_blur,1,none
efficientnet_b4,ILSVRC2012_val_00026005.JPEG,n02106550,234,537,0.27012885,0,imagenet_c,defocus_blur,1,none
efficientnet_b4,ILSVRC2012_val_00026214.JPEG,n02106550,234,236,0.30062875,0,imagenet_c,defocus_blur,1,none
efficientnet_b4,ILSVRC2012_val_00026388.JPEG,n02106550,234,234,0.37712076,1,imagenet_c,defocus_blur,1,none
efficientnet_b4,ILSVRC2012_val_00027482.JPEG,n02106550,234,234,0.47505227,1,imagenet_c,defocus_blur,1,none
efficientnet_b4,ILSVRC2012_val_00028736.JPEG,n02106550,234,234,0.7332406,1,imagenet_c,defocus_blur,1,none
efficientnet_b4,ILSVRC2012_val_00032554.JPEG,n02106550,234,214,0.40910938,0,imagenet_c,defocus_blur,1,none
efficientnet_b4,ILSVRC2012_val_00032785.JPEG,n02106550,234,234,0.40502414,1,imagenet_c,defocus_blur,1,none
efficientnet_b4,ILSVRC2012_val_00033334.JPEG,n02106550,234,234,0.78863746,1,imagenet_c,defocus_blur,1,none
efficientnet_b4,ILSVRC2012_val_00034298.JPEG,n02106550,234,234,0.67029583,1,imagenet_c,defocus_blur,1,none
efficientnet_b4,ILSVRC2012_val_00034429.JPEG,n02106550,234,234,0.5237136,1,imagenet_c,defocus_blur,1,none
efficientnet_b4,ILSVRC2012_val_00034771.JPEG,n02106550,234,234,0.5115343,1,imagenet_c,defocus_blur,1,none
efficientnet_b4,ILSVRC2012_val_00035656.JPEG,n02106550,234,234,0.5251233,1,imagenet_c,defocus_blur,1,none
efficientnet_b4,ILSVRC2012_val_00036110.JPEG,n02106550,234,234,0.4088371,1,imagenet_c,defocus_blur,1,none
efficientnet_b4,ILSVRC2012_val_00036964.JPEG,n02106550,234,234,0.35159913,1,imagenet_c,defocus_blur,1,none
efficientnet_b4,ILSVRC2012_val_00037152.JPEG,n02106550,234,234,0.67434955,1,imagenet_c,defocus_blur,1,none
efficientnet_b4,ILSVRC2012_val_00038205.JPEG,n02106550,234,234,0.29893097,1,imagenet_c,defocus_blur,1,none
efficientnet_b4,ILSVRC2012_val_00039164.JPEG,n02106550,234,234,0.57810336,1,imagenet_c,defocus_blur,1,none
efficientnet_b4,ILSVRC2012_val_00039235.JPEG,n02106550,234,237,0.09654604,0,imagenet_c,defocus_blur,1,none
efficientnet_b4,ILSVRC2012_val_00041700.JPEG,n02106550,234,234,0.7616542,1,imagenet_c,defocus_blur,1,none
efficientnet_b4,ILSVRC2012_val_00043222.JPEG,n02106550,234,234,0.7518157,1,imagenet_c,defocus_blur,1,none
efficientnet_b4,ILSVRC2012_val_00045096.JPEG,n02106550,234,234,0.64560485,1,imagenet_c,defocus_blur,1,none
efficientnet_b4,ILSVRC2012_val_00045446.JPEG,n02106550,234,234,0.7256048,1,imagenet_c,defocus_blur,1,none
efficientnet_b4,ILSVRC2012_val_00045548.JPEG,n02106550,234,166,0.1025589,0,imagenet_c,defocus_blur,1,none
efficientnet_b4,ILSVRC2012_val_00047499.JPEG,n02106550,234,234,0.666948,1,imagenet_c,defocus_blur,1,none
efficientnet_b4,ILSVRC2012_val_00047977.JPEG,n02106550,234,234,0.19692959,1,imagenet_c,defocus_blur,1,none
efficientnet_b4,ILSVRC2012_val_00048922.JPEG,n02106550,234,234,0.74539965,1,imagenet_c,defocus_blur,1,none
efficientnet_b4,ILSVRC2012_val_00049344.JPEG,n02106550,234,165,0.2972602,0,imagenet_c,defocus_blur,1,none
efficientnet_b4,ILSVRC2012_val_00049351.JPEG,n02106550,234,234,0.34479734,1,imagenet_c,defocus_blur,1,none
efficientnet_b4,ILSVRC2012_val_00000946.JPEG,n02106662,235,235,0.23620048,1,imagenet_c,defocus_blur,1,none
efficientnet_b4,ILSVRC2012_val_00001684.JPEG,n02106662,235,235,0.6391772,1,imagenet_c,defocus_blur,1,none
efficientnet_b4,ILSVRC2012_val_00002012.JPEG,n02106662,235,227,0.37830865,0,imagenet_c,defocus_blur,1,none
efficientnet_b4,ILSVRC2012_val_00004396.JPEG,n02106662,235,235,0.53015655,1,imagenet_c,defocus_blur,1,none
efficientnet_b4,ILSVRC2012_val_00004538.JPEG,n02106662,235,227,0.43310362,0,imagenet_c,defocus_blur,1,none
efficientnet_b4,ILSVRC2012_val_00004563.JPEG,n02106662,235,235,0.59838,1,imagenet_c,defocus_blur,1,none
efficientnet_b4,ILSVRC2012_val_00005662.JPEG,n02106662,235,235,0.4537467,1,imagenet_c,defocus_blur,1,none
efficientnet_b4,ILSVRC2012_val_00007740.JPEG,n02106662,235,235,0.5379486,1,imagenet_c,defocus_blur,1,none
efficientnet_b4,ILSVRC2012_val_00007922.JPEG,n02106662,235,174,0.5449081,0,imagenet_c,defocus_blur,1,none
efficientnet_b4,ILSVRC2012_val_00009534.JPEG,n02106662,235,235,0.621017,1,imagenet_c,defocus_blur,1,none
efficientnet_b4,ILSVRC2012_val_00010109.JPEG,n02106662,235,235,0.29678458,1,imagenet_c,defocus_blur,1,none
efficientnet_b4,ILSVRC2012_val_00011593.JPEG,n02106662,235,174,0.454222,0,imagenet_c,defocus_blur,1,none
efficientnet_b4,ILSVRC2012_val_00011757.JPEG,n02106662,235,235,0.5816546,1,imagenet_c,defocus_blur,1,none
efficientnet_b4,ILSVRC2012_val_00012203.JPEG,n02106662,235,235,0.59420425,1,imagenet_c,defocus_blur,1,none
efficientnet_b4,ILSVRC2012_val_00012924.JPEG,n02106662,235,235,0.48018605,1,imagenet_c,defocus_blur,1,none
efficientnet_b4,ILSVRC2012_val_00012960.JPEG,n02106662,235,235,0.65648067,1,imagenet_c,defocus_blur,1,none
efficientnet_b4,ILSVRC2012_val_00013053.JPEG,n02106662,235,273,0.20964208,0,imagenet_c,defocus_blur,1,none
efficientnet_b4,ILSVRC2012_val_00013467.JPEG,n02106662,235,235,0.63259923,1,imagenet_c,defocus_blur,1,none
efficientnet_b4,ILSVRC2012_val_00013963.JPEG,n02106662,235,235,0.33025742,1,imagenet_c,defocus_blur,1,none
efficientnet_b4,ILSVRC2012_val_00014360.JPEG,n02106662,235,235,0.56054753,1,imagenet_c,defocus_blur,1,none
efficientnet_b4,ILSVRC2012_val_00018107.JPEG,n02106662,235,235,0.6661374,1,imagenet_c,defocus_blur,1,none
efficientnet_b4,ILSVRC2012_val_00019267.JPEG,n02106662,235,225,0.21546413,0,imagenet_c,defocus_blur,1,none
efficientnet_b4,ILSVRC2012_val_00021704.JPEG,n02106662,235,235,0.30256897,1,imagenet_c,defocus_blur,1,none
efficientnet_b4,ILSVRC2012_val_00022142.JPEG,n02106662,235,235,0.73364973,1,imagenet_c,defocus_blur,1,none
efficientnet_b4,ILSVRC2012_val_00022209.JPEG,n02106662,235,236,0.17970085,0,imagenet_c,defocus_blur,1,none
efficientnet_b4,ILSVRC2012_val_00022976.JPEG,n02106662,235,235,0.5335416,1,imagenet_c,defocus_blur,1,none
efficientnet_b4,ILSVRC2012_val_00024896.JPEG,n02106662,235,235,0.6487334,1,imagenet_c,defocus_blur,1,none
efficientnet_b4,ILSVRC2012_val_00026629.JPEG,n02106662,235,235,0.42715228,1,imagenet_c,defocus_blur,1,none
efficientnet_b4,ILSVRC2012_val_00027763.JPEG,n02106662,235,235,0.4570627,1,imagenet_c,defocus_blur,1,none
efficientnet_b4,ILSVRC2012_val_00028009.JPEG,n02106662,235,235,0.3398853,1,imagenet_c,defocus_blur,1,none
efficientnet_b4,ILSVRC2012_val_00028884.JPEG,n02106662,235,235,0.4330568,1,imagenet_c,defocus_blur,1,none
efficientnet_b4,ILSVRC2012_val_00029831.JPEG,n02106662,235,235,0.51638967,1,imagenet_c,defocus_blur,1,none
efficientnet_b4,ILSVRC2012_val_00030773.JPEG,n02106662,235,225,0.55055857,0,imagenet_c,defocus_blur,1,none
efficientnet_b4,ILSVRC2012_val_00030828.JPEG,n02106662,235,231,0.37243187,0,imagenet_c,defocus_blur,1,none
efficientnet_b4,ILSVRC2012_val_00031135.JPEG,n02106662,235,235,0.6803277,1,imagenet_c,defocus_blur,1,none
efficientnet_b4,ILSVRC2012_val_00031612.JPEG,n02106662,235,225,0.5090931,0,imagenet_c,defocus_blur,1,none
efficientnet_b4,ILSVRC2012_val_00031718.JPEG,n02106662,235,235,0.6121059,1,imagenet_c,defocus_blur,1,none
efficientnet_b4,ILSVRC2012_val_00031857.JPEG,n02106662,235,174,0.5367492,0,imagenet_c,defocus_blur,1,none
efficientnet_b4,ILSVRC2012_val_00032995.JPEG,n02106662,235,235,0.61592287,1,imagenet_c,defocus_blur,1,none
efficientnet_b4,ILSVRC2012_val_00033519.JPEG,n02106662,235,235,0.5033045,1,imagenet_c,defocus_blur,1,none
efficientnet_b4,ILSVRC2012_val_00034224.JPEG,n02106662,235,235,0.5155164,1,imagenet_c,defocus_blur,1,none
efficientnet_b4,ILSVRC2012_val_00038218.JPEG,n02106662,235,227,0.2865371,0,imagenet_c,defocus_blur,1,none
efficientnet_b4,ILSVRC2012_val_00042561.JPEG,n02106662,235,235,0.28498638,1,imagenet_c,defocus_blur,1,none
efficientnet_b4,ILSVRC2012_val_00043054.JPEG,n02106662,235,235,0.69245696,1,imagenet_c,defocus_blur,1,none
efficientnet_b4,ILSVRC2012_val_00045005.JPEG,n02106662,235,235,0.4389665,1,imagenet_c,defocus_blur,1,none
efficientnet_b4,ILSVRC2012_val_00045684.JPEG,n02106662,235,235,0.4786888,1,imagenet_c,defocus_blur,1,none
efficientnet_b4,ILSVRC2012_val_00046761.JPEG,n02106662,235,235,0.4623863,1,imagenet_c,defocus_blur,1,none
efficientnet_b4,ILSVRC2012_val_00046902.JPEG,n02106662,235,235,0.62778294,1,imagenet_c,defocus_blur,1,none
efficientnet_b4,ILSVRC2012_val_00048403.JPEG,n02106662,235,235,0.5410656,1,imagenet_c,defocus_blur,1,none
efficientnet_b4,ILSVRC2012_val_00049175.JPEG,n02106662,235,235,0.6105278,1,imagenet_c,defocus_blur,1,none
efficientnet_b4,ILSVRC2012_val_00000134.JPEG,n02107142,236,522,0.14587902,0,imagenet_c,defocus_blur,1,none
efficientnet_b4,ILSVRC2012_val_00001858.JPEG,n02107142,236,236,0.4878062,1,imagenet_c,defocus_blur,1,none
efficientnet_b4,ILSVRC2012_val_00003683.JPEG,n02107142,236,236,0.6681811,1,imagenet_c,defocus_blur,1,none
efficientnet_b4,ILSVRC2012_val_00006586.JPEG,n02107142,236,236,0.6111494,1,imagenet_c,defocus_blur,1,none
efficientnet_b4,ILSVRC2012_val_00006675.JPEG,n02107142,236,236,0.6455114,1,imagenet_c,defocus_blur,1,none
efficientnet_b4,ILSVRC2012_val_00008177.JPEG,n02107142,236,234,0.4279537,0,imagenet_c,defocus_blur,1,none
efficientnet_b4,ILSVRC2012_val_00008343.JPEG,n02107142,236,234,0.6312498,0,imagenet_c,defocus_blur,1,none
efficientnet_b4,ILSVRC2012_val_00009004.JPEG,n02107142,236,236,0.35089225,1,imagenet_c,defocus_blur,1,none
efficientnet_b4,ILSVRC2012_val_00013033.JPEG,n02107142,236,236,0.666208,1,imagenet_c,defocus_blur,1,none
efficientnet_b4,ILSVRC2012_val_00013297.JPEG,n02107142,236,197,0.25919664,0,imagenet_c,defocus_blur,1,none
efficientnet_b4,ILSVRC2012_val_00014378.JPEG,n02107142,236,236,0.5700751,1,imagenet_c,defocus_blur,1,none
efficientnet_b4,ILSVRC2012_val_00015379.JPEG,n02107142,236,236,0.6052379,1,imagenet_c,defocus_blur,1,none
efficientnet_b4,ILSVRC2012_val_00016401.JPEG,n02107142,236,236,0.7573576,1,imagenet_c,defocus_blur,1,none
efficientnet_b4,ILSVRC2012_val_00016451.JPEG,n02107142,236,236,0.36595595,1,imagenet_c,defocus_blur,1,none
efficientnet_b4,ILSVRC2012_val_00016581.JPEG,n02107142,236,236,0.66365236,1,imagenet_c,defocus_blur,1,none
efficientnet_b4,ILSVRC2012_val_00017646.JPEG,n02107142,236,236,0.7759186,1,imagenet_c,defocus_blur,1,none
efficientnet_b4,ILSVRC2012_val_00019918.JPEG,n02107142,236,236,0.55832875,1,imagenet_c,defocus_blur,1,none
efficientnet_b4,ILSVRC2012_val_00021036.JPEG,n02107142,236,236,0.8630938,1,imagenet_c,defocus_blur,1,none
efficientnet_b4,ILSVRC2012_val_00021052.JPEG,n02107142,236,236,0.8036907,1,imagenet_c,defocus_blur,1,none
efficientnet_b4,ILSVRC2012_val_00021155.JPEG,n02107142,236,236,0.57706124,1,imagenet_c,defocus_blur,1,none
efficientnet_b4,ILSVRC2012_val_00021350.JPEG,n02107142,236,236,0.6841905,1,imagenet_c,defocus_blur,1,none
efficientnet_b4,ILSVRC2012_val_00022474.JPEG,n02107142,236,236,0.4469681,1,imagenet_c,defocus_blur,1,none
efficientnet_b4,ILSVRC2012_val_00023068.JPEG,n02107142,236,236,0.6645003,1,imagenet_c,defocus_blur,1,none
efficientnet_b4,ILSVRC2012_val_00023928.JPEG,n02107142,236,227,0.15572867,0,imagenet_c,defocus_blur,1,none
efficientnet_b4,ILSVRC2012_val_00023983.JPEG,n02107142,236,236,0.6765003,1,imagenet_c,defocus_blur,1,none
efficientnet_b4,ILSVRC2012_val_00026118.JPEG,n02107142,236,240,0.15074092,0,imagenet_c,defocus_blur,1,none
efficientnet_b4,ILSVRC2012_val_00028584.JPEG,n02107142,236,236,0.7065021,1,imagenet_c,defocus_blur,1,none
efficientnet_b4,ILSVRC2012_val_00030097.JPEG,n02107142,236,237,0.2748494,0,imagenet_c,defocus_blur,1,none
efficientnet_b4,ILSVRC2012_val_00030370.JPEG,n02107142,236,234,0.35840476,0,imagenet_c,defocus_blur,1,none
efficientnet_b4,ILSVRC2012_val_00030698.JPEG,n02107142,236,234,0.30453598,0,imagenet_c,defocus_blur,1,none
efficientnet_b4,ILSVRC2012_val_00033067.JPEG,n02107142,236,236,0.71223086,1,imagenet_c,defocus_blur,1,none
efficientnet_b4,ILSVRC2012_val_00033404.JPEG,n02107142,236,236,0.51047593,1,imagenet_c,defocus_blur,1,none
efficientnet_b4,ILSVRC2012_val_00036045.JPEG,n02107142,236,165,0.19381137,0,imagenet_c,defocus_blur,1,none
efficientnet_b4,ILSVRC2012_val_00036453.JPEG,n02107142,236,416,0.25621042,0,imagenet_c,defocus_blur,1,none
efficientnet_b4,ILSVRC2012_val_00036945.JPEG,n02107142,236,236,0.19605374,1,imagenet_c,defocus_blur,1,none
efficientnet_b4,ILSVRC2012_val_00037089.JPEG,n02107142,236,236,0.60799164,1,imagenet_c,defocus_blur,1,none
efficientnet_b4,ILSVRC2012_val_00037197.JPEG,n02107142,236,236,0.67619723,1,imagenet_c,defocus_blur,1,none
efficientnet_b4,ILSVRC2012_val_00037931.JPEG,n02107142,236,236,0.56349933,1,imagenet_c,defocus_blur,1,none
efficientnet_b4,ILSVRC2012_val_00039492.JPEG,n02107142,236,236,0.34961104,1,imagenet_c,defocus_blur,1,none
efficientnet_b4,ILSVRC2012_val_00040464.JPEG,n02107142,236,236,0.20803894,1,imagenet_c,defocus_blur,1,none
efficientnet_b4,ILSVRC2012_val_00041795.JPEG,n02107142,236,236,0.21026291,1,imagenet_c,defocus_blur,1,none
efficientnet_b4,ILSVRC2012_val_00043074.JPEG,n02107142,236,236,0.4940452,1,imagenet_c,defocus_blur,1,none
efficientnet_b4,ILSVRC2012_val_00043534.JPEG,n02107142,236,236,0.46697277,1,imagenet_c,defocus_blur,1,none
efficientnet_b4,ILSVRC2012_val_00043835.JPEG,n02107142,236,236,0.6934828,1,imagenet_c,defocus_blur,1,none
efficientnet_b4,ILSVRC2012_val_00045745.JPEG,n02107142,236,236,0.72854245,1,imagenet_c,defocus_blur,1,none
efficientnet_b4,ILSVRC2012_val_00045894.JPEG,n02107142,236,236,0.46766248,1,imagenet_c,defocus_blur,1,none
efficientnet_b4,ILSVRC2012_val_00047225.JPEG,n02107142,236,214,0.14981183,0,imagenet_c,defocus_blur,1,none
efficientnet_b4,ILSVRC2012_val_00047822.JPEG,n02107142,236,234,0.29837266,0,imagenet_c,defocus_blur,1,none
efficientnet_b4,ILSVRC2012_val_00048330.JPEG,n02107142,236,165,0.53814447,0,imagenet_c,defocus_blur,1,none
efficientnet_b4,ILSVRC2012_val_00049614.JPEG,n02107142,236,210,0.31621975,0,imagenet_c,defocus_blur,1,none
efficientnet_b4,ILSVRC2012_val_00004386.JPEG,n02107312,237,237,0.32026508,1,imagenet_c,defocus_blur,1,none
efficientnet_b4,ILSVRC2012_val_00004733.JPEG,n02107312,237,237,0.38492584,1,imagenet_c,defocus_blur,1,none
efficientnet_b4,ILSVRC2012_val_00004750.JPEG,n02107312,237,223,0.085832335,0,imagenet_c,defocus_blur,1,none
efficientnet_b4,ILSVRC2012_val_00004883.JPEG,n02107312,237,237,0.29353398,1,imagenet_c,defocus_blur,1,none
efficientnet_b4,ILSVRC2012_val_00005242.JPEG,n02107312,237,237,0.54343796,1,imagenet_c,defocus_blur,1,none
efficientnet_b4,ILSVRC2012_val_00005404.JPEG,n02107312,237,237,0.4529926,1,imagenet_c,defocus_blur,1,none
efficientnet_b4,ILSVRC2012_val_00005750.JPEG,n02107312,237,350,0.25311676,0,imagenet_c,defocus_blur,1,none
efficientnet_b4,ILSVRC2012_val_00005902.JPEG,n02107312,237,158,0.3764787,0,imagenet_c,defocus_blur,1,none
efficientnet_b4,ILSVRC2012_val_00007236.JPEG,n02107312,237,237,0.5791888,1,imagenet_c,defocus_blur,1,none
efficientnet_b4,ILSVRC2012_val_00007539.JPEG,n02107312,237,237,0.74386084,1,imagenet_c,defocus_blur,1,none
efficientnet_b4,ILSVRC2012_val_00007571.JPEG,n02107312,237,237,0.2923961,1,imagenet_c,defocus_blur,1,none
efficientnet_b4,ILSVRC2012_val_00008809.JPEG,n02107312,237,237,0.27009085,1,imagenet_c,defocus_blur,1,none
efficientnet_b4,ILSVRC2012_val_00009281.JPEG,n02107312,237,237,0.38689372,1,imagenet_c,defocus_blur,1,none
efficientnet_b4,ILSVRC2012_val_00010082.JPEG,n02107312,237,237,0.5538072,1,imagenet_c,defocus_blur,1,none
efficientnet_b4,ILSVRC2012_val_00010372.JPEG,n02107312,237,237,0.59139234,1,imagenet_c,defocus_blur,1,none
efficientnet_b4,ILSVRC2012_val_00012146.JPEG,n02107312,237,237,0.3589522,1,imagenet_c,defocus_blur,1,none
efficientnet_b4,ILSVRC2012_val_00013604.JPEG,n02107312,237,237,0.51042265,1,imagenet_c,defocus_blur,1,none
efficientnet_b4,ILSVRC2012_val_00013703.JPEG,n02107312,237,237,0.53341526,1,imagenet_c,defocus_blur,1,none
efficientnet_b4,ILSVRC2012_val_00014780.JPEG,n02107312,237,237,0.27105907,1,imagenet_c,defocus_blur,1,none
efficientnet_b4,ILSVRC2012_val_00015511.JPEG,n02107312,237,273,0.058306664,0,imagenet_c,defocus_blur,1,none
efficientnet_b4,ILSVRC2012_val_00016157.JPEG,n02107312,237,237,0.25418806,1,imagenet_c,defocus_blur,1,none
efficientnet_b4,ILSVRC2012_val_00016499.JPEG,n02107312,237,237,0.29554182,1,imagenet_c,defocus_blur,1,none
efficientnet_b4,ILSVRC2012_val_00016543.JPEG,n02107312,237,151,0.22482316,0,imagenet_c,defocus_blur,1,none
efficientnet_b4,ILSVRC2012_val_00016577.JPEG,n02107312,237,237,0.61052823,1,imagenet_c,defocus_blur,1,none
efficientnet_b4,ILSVRC2012_val_00019096.JPEG,n02107312,237,237,0.34568927,1,imagenet_c,defocus_blur,1,none
efficientnet_b4,ILSVRC2012_val_00019364.JPEG,n02107312,237,237,0.17717002,1,imagenet_c,defocus_blur,1,none
efficientnet_b4,ILSVRC2012_val_00021934.JPEG,n02107312,237,237,0.47978902,1,imagenet_c,defocus_blur,1,none
efficientnet_b4,ILSVRC2012_val_00022240.JPEG,n02107312,237,158,0.6707328,0,imagenet_c,defocus_blur,1,none
efficientnet_b4,ILSVRC2012_val_00023016.JPEG,n02107312,237,237,0.6486964,1,imagenet_c,defocus_blur,1,none
efficientnet_b4,ILSVRC2012_val_00024305.JPEG,n02107312,237,158,0.29761696,0,imagenet_c,defocus_blur,1,none
efficientnet_b4,ILSVRC2012_val_00026713.JPEG,n02107312,237,236,0.18758209,0,imagenet_c,defocus_blur,1,none
efficientnet_b4,ILSVRC2012_val_00027035.JPEG,n02107312,237,151,0.18992119,0,imagenet_c,defocus_blur,1,none
efficientnet_b4,ILSVRC2012_val_00027983.JPEG,n02107312,237,237,0.48455745,1,imagenet_c,defocus_blur,1,none
efficientnet_b4,ILSVRC2012_val_00030852.JPEG,n02107312,237,253,0.5338697,0,imagenet_c,defocus_blur,1,none
efficientnet_b4,ILSVRC2012_val_00031295.JPEG,n02107312,237,237,0.5596548,1,imagenet_c,defocus_blur,1,none
efficientnet_b4,ILSVRC2012_val_00032419.JPEG,n02107312,237,237,0.6439984,1,imagenet_c,defocus_blur,1,none
efficientnet_b4,ILSVRC2012_val_00034324.JPEG,n02107312,237,205,0.15223677,0,imagenet_c,defocus_blur,1,none
efficientnet_b4,ILSVRC2012_val_00035233.JPEG,n02107312,237,237,0.49099395,1,imagenet_c,defocus_blur,1,none
efficientnet_b4,ILSVRC2012_val_00037164.JPEG,n02107312,237,237,0.36646065,1,imagenet_c,defocus_blur,1,none
efficientnet_b4,ILSVRC2012_val_00037593.JPEG,n02107312,237,158,0.48649207,0,imagenet_c,defocus_blur,1,none
efficientnet_b4,ILSVRC2012_val_00039020.JPEG,n02107312,237,238,0.046390243,0,imagenet_c,defocus_blur,1,none
efficientnet_b4,ILSVRC2012_val_00039460.JPEG,n02107312,237,237,0.36141822,1,imagenet_c,defocus_blur,1,none
efficientnet_b4,ILSVRC2012_val_00040747.JPEG,n02107312,237,674,0.05995971,0,imagenet_c,defocus_blur,1,none
efficientnet_b4,ILSVRC2012_val_00041031.JPEG,n02107312,237,237,0.49022347,1,imagenet_c,defocus_blur,1,none
efficientnet_b4,ILSVRC2012_val_00043723.JPEG,n02107312,237,237,0.23327556,1,imagenet_c,defocus_blur,1,none
efficientnet_b4,ILSVRC2012_val_00044075.JPEG,n02107312,237,237,0.35027802,1,imagenet_c,defocus_blur,1,none
efficientnet_b4,ILSVRC2012_val_00045145.JPEG,n02107312,237,237,0.31071582,1,imagenet_c,defocus_blur,1,none
efficientnet_b4,ILSVRC2012_val_00046399.JPEG,n02107312,237,237,0.354634,1,imagenet_c,defocus_blur,1,none
efficientnet_b4,ILSVRC2012_val_00046730.JPEG,n02107312,237,237,0.48953152,1,imagenet_c,defocus_blur,1,none
efficientnet_b4,ILSVRC2012_val_00048723.JPEG,n02107312,237,237,0.24935909,1,imagenet_c,defocus_blur,1,none
efficientnet_b4,ILSVRC2012_val_00000531.JPEG,n02107574,238,241,0.23321888,0,imagenet_c,defocus_blur,1,none
efficientnet_b4,ILSVRC2012_val_00001302.JPEG,n02107574,238,241,0.1732682,0,imagenet_c,defocus_blur,1,none
efficientnet_b4,ILSVRC2012_val_00002302.JPEG,n02107574,238,238,0.8795393,1,imagenet_c,defocus_blur,1,none
efficientnet_b4,ILSVRC2012_val_00002794.JPEG,n02107574,238,241,0.4224839,0,imagenet_c,defocus_blur,1,none
efficientnet_b4,ILSVRC2012_val_00003139.JPEG,n02107574,238,238,0.50699514,1,imagenet_c,defocus_blur,1,none
efficientnet_b4,ILSVRC2012_val_00004666.JPEG,n02107574,238,238,0.24671303,1,imagenet_c,defocus_blur,1,none
efficientnet_b4,ILSVRC2012_val_00005587.JPEG,n02107574,238,238,0.36537895,1,imagenet_c,defocus_blur,1,none
efficientnet_b4,ILSVRC2012_val_00006191.JPEG,n02107574,238,241,0.45167843,0,imagenet_c,defocus_blur,1,none
efficientnet_b4,ILSVRC2012_val_00006824.JPEG,n02107574,238,238,0.5081537,1,imagenet_c,defocus_blur,1,none
efficientnet_b4,ILSVRC2012_val_00007071.JPEG,n02107574,238,167,0.22124493,0,imagenet_c,defocus_blur,1,none
efficientnet_b4,ILSVRC2012_val_00010268.JPEG,n02107574,238,241,0.20821656,0,imagenet_c,defocus_blur,1,none
efficientnet_b4,ILSVRC2012_val_00011198.JPEG,n02107574,238,238,0.6155014,1,imagenet_c,defocus_blur,1,none
efficientnet_b4,ILSVRC2012_val_00011947.JPEG,n02107574,238,241,0.35526344,0,imagenet_c,defocus_blur,1,none
efficientnet_b4,ILSVRC2012_val_00012839.JPEG,n02107574,238,238,0.21172087,1,imagenet_c,defocus_blur,1,none
efficientnet_b4,ILSVRC2012_val_00014816.JPEG,n02107574,238,241,0.5542039,0,imagenet_c,defocus_blur,1,none
efficientnet_b4,ILSVRC2012_val_00016488.JPEG,n02107574,238,227,0.18824854,0,imagenet_c,defocus_blur,1,none
efficientnet_b4,ILSVRC2012_val_00016745.JPEG,n02107574,238,241,0.53679436,0,imagenet_c,defocus_blur,1,none
efficientnet_b4,ILSVRC2012_val_00017278.JPEG,n02107574,238,238,0.27304414,1,imagenet_c,defocus_blur,1,none
efficientnet_b4,ILSVRC2012_val_00017421.JPEG,n02107574,238,238,0.6752877,1,imagenet_c,defocus_blur,1,none
efficientnet_b4,ILSVRC2012_val_00018178.JPEG,n02107574,238,238,0.4499882,1,imagenet_c,defocus_blur,1,none
efficientnet_b4,ILSVRC2012_val_00019080.JPEG,n02107574,238,238,0.46368757,1,imagenet_c,defocus_blur,1,none
efficientnet_b4,ILSVRC2012_val_00019535.JPEG,n02107574,238,241,0.4135235,0,imagenet_c,defocus_blur,1,none
efficientnet_b4,ILSVRC2012_val_00019626.JPEG,n02107574,238,239,0.6596099,0,imagenet_c,defocus_blur,1,none
efficientnet_b4,ILSVRC2012_val_00020550.JPEG,n02107574,238,238,0.38157985,1,imagenet_c,defocus_blur,1,none
efficientnet_b4,ILSVRC2012_val_00021196.JPEG,n02107574,238,238,0.60160553,1,imagenet_c,defocus_blur,1,none
efficientnet_b4,ILSVRC2012_val_00021642.JPEG,n02107574,238,222,0.62421644,0,imagenet_c,defocus_blur,1,none
efficientnet_b4,ILSVRC2012_val_00022176.JPEG,n02107574,238,238,0.571659,1,imagenet_c,defocus_blur,1,none
efficientnet_b4,ILSVRC2012_val_00023539.JPEG,n02107574,238,238,0.4788601,1,imagenet_c,defocus_blur,1,none
efficientnet_b4,ILSVRC2012_val_00023799.JPEG,n02107574,238,240,0.20163377,0,imagenet_c,defocus_blur,1,none
efficientnet_b4,ILSVRC2012_val_00025684.JPEG,n02107574,238,240,0.40720505,0,imagenet_c,defocus_blur,1,none
efficientnet_b4,ILSVRC2012_val_00026426.JPEG,n02107574,238,238,0.25316483,1,imagenet_c,defocus_blur,1,none
efficientnet_b4,ILSVRC2012_val_00026650.JPEG,n02107574,238,240,0.54156137,0,imagenet_c,defocus_blur,1,none
efficientnet_b4,ILSVRC2012_val_00031343.JPEG,n02107574,238,241,0.4180601,0,imagenet_c,defocus_blur,1,none
efficientnet_b4,ILSVRC2012_val_00031623.JPEG,n02107574,238,238,0.38339457,1,imagenet_c,defocus_blur,1,none
efficientnet_b4,ILSVRC2012_val_00032111.JPEG,n02107574,238,250,0.2875803,0,imagenet_c,defocus_blur,1,none
efficientnet_b4,ILSVRC2012_val_00033603.JPEG,n02107574,238,238,0.32175982,1,imagenet_c,defocus_blur,1,none
efficientnet_b4,ILSVRC2012_val_00033915.JPEG,n02107574,238,241,0.301976,0,imagenet_c,defocus_blur,1,none
efficientnet_b4,ILSVRC2012_val_00034221.JPEG,n02107574,238,234,0.2313675,0,imagenet_c,defocus_blur,1,none
efficientnet_b4,ILSVRC2012_val_00034266.JPEG,n02107574,238,241,0.6585803,0,imagenet_c,defocus_blur,1,none
efficientnet_b4,ILSVRC2012_val_00034747.JPEG,n02107574,238,238,0.54635787,1,imagenet_c,defocus_blur,1,none
efficientnet_b4,ILSVRC2012_val_00037538.JPEG,n02107574,238,238,0.47386754,1,imagenet_c,defocus_blur,1,none
efficientnet_b4,ILSVRC2012_val_00038029.JPEG,n02107574,238,238,0.6051279,1,imagenet_c,defocus_blur,1,none
efficientnet_b4,ILSVRC2012_val_00040869.JPEG,n02107574,238,240,0.15900606,0,imagenet_c,defocus_blur,1,none
efficientnet_b4,ILSVRC2012_val_00043234.JPEG,n02107574,238,238,0.7126008,1,imagenet_c,defocus_blur,1,none
efficientnet_b4,ILSVRC2012_val_00044618.JPEG,n02107574,238,241,0.31083694,0,imagenet_c,defocus_blur,1,none
efficientnet_b4,ILSVRC2012_val_00045495.JPEG,n02107574,238,238,0.34530953,1,imagenet_c,defocus_blur,1,none
efficientnet_b4,ILSVRC2012_val_00045995.JPEG,n02107574,238,241,0.46844733,0,imagenet_c,defocus_blur,1,none
efficientnet_b4,ILSVRC2012_val_00046013.JPEG,n02107574,238,163,0.36590993,0,imagenet_c,defocus_blur,1,none
efficientnet_b4,ILSVRC2012_val_00046704.JPEG,n02107574,238,238,0.45786884,1,imagenet_c,defocus_blur,1,none
efficientnet_b4,ILSVRC2012_val_00049498.JPEG,n02107574,238,241,0.2986073,0,imagenet_c,defocus_blur,1,none
efficientnet_b4,ILSVRC2012_val_00002708.JPEG,n02107683,239,239,0.5612175,1,imagenet_c,defocus_blur,1,none
efficientnet_b4,ILSVRC2012_val_00004180.JPEG,n02107683,239,239,0.4032429,1,imagenet_c,defocus_blur,1,none
efficientnet_b4,ILSVRC2012_val_00004763.JPEG,n02107683,239,239,0.5128374,1,imagenet_c,defocus_blur,1,none
efficientnet_b4,ILSVRC2012_val_00005175.JPEG,n02107683,239,239,0.72694814,1,imagenet_c,defocus_blur,1,none
efficientnet_b4,ILSVRC2012_val_00006673.JPEG,n02107683,239,239,0.38640666,1,imagenet_c,defocus_blur,1,none
efficientnet_b4,ILSVRC2012_val_00006944.JPEG,n02107683,239,239,0.84296703,1,imagenet_c,defocus_blur,1,none
efficientnet_b4,ILSVRC2012_val_00007086.JPEG,n02107683,239,239,0.42948684,1,imagenet_c,defocus_blur,1,none
efficientnet_b4,ILSVRC2012_val_00007535.JPEG,n02107683,239,239,0.7008382,1,imagenet_c,defocus_blur,1,none
efficientnet_b4,ILSVRC2012_val_00008284.JPEG,n02107683,239,239,0.34353995,1,imagenet_c,defocus_blur,1,none
efficientnet_b4,ILSVRC2012_val_00009556.JPEG,n02107683,239,239,0.39373878,1,imagenet_c,defocus_blur,1,none
efficientnet_b4,ILSVRC2012_val_00010786.JPEG,n02107683,239,239,0.62389445,1,imagenet_c,defocus_blur,1,none
efficientnet_b4,ILSVRC2012_val_00011322.JPEG,n02107683,239,239,0.58466566,1,imagenet_c,defocus_blur,1,none
efficientnet_b4,ILSVRC2012_val_00011491.JPEG,n02107683,239,239,0.36179817,1,imagenet_c,defocus_blur,1,none
efficientnet_b4,ILSVRC2012_val_00013814.JPEG,n02107683,239,241,0.22840725,0,imagenet_c,defocus_blur,1,none
efficientnet_b4,ILSVRC2012_val_00016125.JPEG,n02107683,239,238,0.85791826,0,imagenet_c,defocus_blur,1,none
efficientnet_b4,ILSVRC2012_val_00016294.JPEG,n02107683,239,239,0.5726876,1,imagenet_c,defocus_blur,1,none
efficientnet_b4,ILSVRC2012_val_00016462.JPEG,n02107683,239,239,0.16839558,1,imagenet_c,defocus_blur,1,none
efficientnet_b4,ILSVRC2012_val_00016783.JPEG,n02107683,239,239,0.39865965,1,imagenet_c,defocus_blur,1,none
efficientnet_b4,ILSVRC2012_val_00018997.JPEG,n02107683,239,239,0.71452135,1,imagenet_c,defocus_blur,1,none
efficientnet_b4,ILSVRC2012_val_00019153.JPEG,n02107683,239,239,0.42087704,1,imagenet_c,defocus_blur,1,none
efficientnet_b4,ILSVRC2012_val_00019333.JPEG,n02107683,239,239,0.37187082,1,imagenet_c,defocus_blur,1,none
efficientnet_b4,ILSVRC2012_val_00020589.JPEG,n02107683,239,239,0.49854594,1,imagenet_c,defocus_blur,1,none
efficientnet_b4,ILSVRC2012_val_00021172.JPEG,n02107683,239,239,0.47260743,1,imagenet_c,defocus_blur,1,none
efficientnet_b4,ILSVRC2012_val_00022109.JPEG,n02107683,239,239,0.7452474,1,imagenet_c,defocus_blur,1,none
efficientnet_b4,ILSVRC2012_val_00022520.JPEG,n02107683,239,239,0.45378423,1,imagenet_c,defocus_blur,1,none
efficientnet_b4,ILSVRC2012_val_00025474.JPEG,n02107683,239,239,0.37129557,1,imagenet_c,defocus_blur,1,none
efficientnet_b4,ILSVRC2012_val_00026087.JPEG,n02107683,239,239,0.64132255,1,imagenet_c,defocus_blur,1,none
efficientnet_b4,ILSVRC2012_val_00026717.JPEG,n02107683,239,239,0.6212804,1,imagenet_c,defocus_blur,1,none
efficientnet_b4,ILSVRC2012_val_00027912.JPEG,n02107683,239,239,0.80947375,1,imagenet_c,defocus_blur,1,none
efficientnet_b4,ILSVRC2012_val_00029461.JPEG,n02107683,239,239,0.4317897,1,imagenet_c,defocus_blur,1,none
efficientnet_b4,ILSVRC2012_val_00029946.JPEG,n02107683,239,239,0.34368545,1,imagenet_c,defocus_blur,1,none
efficientnet_b4,ILSVRC2012_val_00030297.JPEG,n02107683,239,239,0.64908314,1,imagenet_c,defocus_blur,1,none
efficientnet_b4,ILSVRC2012_val_00033057.JPEG,n02107683,239,239,0.21942417,1,imagenet_c,defocus_blur,1,none
efficientnet_b4,ILSVRC2012_val_00033164.JPEG,n02107683,239,239,0.7058243,1,imagenet_c,defocus_blur,1,none
efficientnet_b4,ILSVRC2012_val_00034011.JPEG,n02107683,239,238,0.20860536,0,imagenet_c,defocus_blur,1,none
efficientnet_b4,ILSVRC2012_val_00034495.JPEG,n02107683,239,239,0.18807112,1,imagenet_c,defocus_blur,1,none
efficientnet_b4,ILSVRC2012_val_00035391.JPEG,n02107683,239,239,0.69940543,1,imagenet_c,defocus_blur,1,none
efficientnet_b4,ILSVRC2012_val_00035628.JPEG,n02107683,239,239,0.34109282,1,imagenet_c,defocus_blur,1,none
efficientnet_b4,ILSVRC2012_val_00035665.JPEG,n02107683,239,239,0.631388,1,imagenet_c,defocus_blur,1,none
efficientnet_b4,ILSVRC2012_val_00036682.JPEG,n02107683,239,239,0.61213225,1,imagenet_c,defocus_blur,1,none
efficientnet_b4,ILSVRC2012_val_00040427.JPEG,n02107683,239,239,0.66379815,1,imagenet_c,defocus_blur,1,none
efficientnet_b4,ILSVRC2012_val_00041233.JPEG,n02107683,239,238,0.2871644,0,imagenet_c,defocus_blur,1,none
efficientnet_b4,ILSVRC2012_val_00042533.JPEG,n02107683,239,239,0.64348876,1,imagenet_c,defocus_blur,1,none
efficientnet_b4,ILSVRC2012_val_00043605.JPEG,n02107683,239,239,0.3677962,1,imagenet_c,defocus_blur,1,none
efficientnet_b4,ILSVRC2012_val_00045305.JPEG,n02107683,239,239,0.27286363,1,imagenet_c,defocus_blur,1,none
efficientnet_b4,ILSVRC2012_val_00046247.JPEG,n02107683,239,239,0.5243045,1,imagenet_c,defocus_blur,1,none
efficientnet_b4,ILSVRC2012_val_00048515.JPEG,n02107683,239,239,0.7045595,1,imagenet_c,defocus_blur,1,none
efficientnet_b4,ILSVRC2012_val_00049417.JPEG,n02107683,239,239,0.52997386,1,imagenet_c,defocus_blur,1,none
efficientnet_b4,ILSVRC2012_val_00049893.JPEG,n02107683,239,239,0.5606509,1,imagenet_c,defocus_blur,1,none
efficientnet_b4,ILSVRC2012_val_00049956.JPEG,n02107683,239,239,0.38531265,1,imagenet_c,defocus_blur,1,none
efficientnet_b4,ILSVRC2012_val_00000594.JPEG,n02107908,240,238,0.6741694,0,imagenet_c,defocus_blur,1,none
efficientnet_b4,ILSVRC2012_val_00000758.JPEG,n02107908,240,241,0.2585091,0,imagenet_c,defocus_blur,1,none
efficientnet_b4,ILSVRC2012_val_00002989.JPEG,n02107908,240,238,0.3915763,0,imagenet_c,defocus_blur,1,none
efficientnet_b4,ILSVRC2012_val_00004404.JPEG,n02107908,240,238,0.24339896,0,imagenet_c,defocus_blur,1,none
efficientnet_b4,ILSVRC2012_val_00004569.JPEG,n02107908,240,241,0.54249144,0,imagenet_c,defocus_blur,1,none
efficientnet_b4,ILSVRC2012_val_00005043.JPEG,n02107908,240,240,0.5082077,1,imagenet_c,defocus_blur,1,none
efficientnet_b4,ILSVRC2012_val_00006168.JPEG,n02107908,240,238,0.5303503,0,imagenet_c,defocus_blur,1,none
efficientnet_b4,ILSVRC2012_val_00007054.JPEG,n02107908,240,238,0.39771056,0,imagenet_c,defocus_blur,1,none
efficientnet_b4,ILSVRC2012_val_00007773.JPEG,n02107908,240,241,0.25002855,0,imagenet_c,defocus_blur,1,none
efficientnet_b4,ILSVRC2012_val_00009877.JPEG,n02107908,240,238,0.48195803,0,imagenet_c,defocus_blur,1,none
efficientnet_b4,ILSVRC2012_val_00011242.JPEG,n02107908,240,240,0.27670828,1,imagenet_c,defocus_blur,1,none
efficientnet_b4,ILSVRC2012_val_00012690.JPEG,n02107908,240,239,0.28910837,0,imagenet_c,defocus_blur,1,none
efficientnet_b4,ILSVRC2012_val_00013876.JPEG,n02107908,240,241,0.46129134,0,imagenet_c,defocus_blur,1,none
efficientnet_b4,ILSVRC2012_val_00016969.JPEG,n02107908,240,239,0.26076552,0,imagenet_c,defocus_blur,1,none
efficientnet_b4,ILSVRC2012_val_00018577.JPEG,n02107908,240,240,0.38188565,1,imagenet_c,defocus_blur,1,none
efficientnet_b4,ILSVRC2012_val_00018589.JPEG,n02107908,240,238,0.41353542,0,imagenet_c,defocus_blur,1,none
efficientnet_b4,ILSVRC2012_val_00019683.JPEG,n02107908,240,241,0.058388807,0,imagenet_c,defocus_blur,1,none
efficientnet_b4,ILSVRC2012_val_00021208.JPEG,n02107908,240,240,0.60163975,1,imagenet_c,defocus_blur,1,none
efficientnet_b4,ILSVRC2012_val_00021846.JPEG,n02107908,240,241,0.1543245,0,imagenet_c,defocus_blur,1,none
efficientnet_b4,ILSVRC2012_val_00025496.JPEG,n02107908,240,241,0.27693897,0,imagenet_c,defocus_blur,1,none
efficientnet_b4,ILSVRC2012_val_00026996.JPEG,n02107908,240,240,0.23399551,1,imagenet_c,defocus_blur,1,none
efficientnet_b4,ILSVRC2012_val_00027905.JPEG,n02107908,240,241,0.3281099,0,imagenet_c,defocus_blur,1,none
efficientnet_b4,ILSVRC2012_val_00029133.JPEG,n02107908,240,241,0.3409462,0,imagenet_c,defocus_blur,1,none
efficientnet_b4,ILSVRC2012_val_00030786.JPEG,n02107908,240,241,0.31700552,0,imagenet_c,defocus_blur,1,none
efficientnet_b4,ILSVRC2012_val_00033982.JPEG,n02107908,240,239,0.45171782,0,imagenet_c,defocus_blur,1,none
efficientnet_b4,ILSVRC2012_val_00034410.JPEG,n02107908,240,240,0.49280432,1,imagenet_c,defocus_blur,1,none
efficientnet_b4,ILSVRC2012_val_00034608.JPEG,n02107908,240,241,0.34352577,0,imagenet_c,defocus_blur,1,none
efficientnet_b4,ILSVRC2012_val_00034931.JPEG,n02107908,240,241,0.5721717,0,imagenet_c,defocus_blur,1,none
efficientnet_b4,ILSVRC2012_val_00035437.JPEG,n02107908,240,240,0.2692435,1,imagenet_c,defocus_blur,1,none
efficientnet_b4,ILSVRC2012_val_00036497.JPEG,n02107908,240,241,0.46220252,0,imagenet_c,defocus_blur,1,none
efficientnet_b4,ILSVRC2012_val_00036796.JPEG,n02107908,240,241,0.31025085,0,imagenet_c,defocus_blur,1,none
efficientnet_b4,ILSVRC2012_val_00039086.JPEG,n02107908,240,240,0.3573148,1,imagenet_c,defocus_blur,1,none
efficientnet_b4,ILSVRC2012_val_00040222.JPEG,n02107908,240,236,0.15406214,0,imagenet_c,defocus_blur,1,none
efficientnet_b4,ILSVRC2012_val_00040909.JPEG,n02107908,240,240,0.61421365,1,imagenet_c,defocus_blur,1,none
efficientnet_b4,ILSVRC2012_val_00040952.JPEG,n02107908,240,240,0.5550571,1,imagenet_c,defocus_blur,1,none
efficientnet_b4,ILSVRC2012_val_00041844.JPEG,n02107908,240,241,0.34359425,0,imagenet_c,defocus_blur,1,none
efficientnet_b4,ILSVRC2012_val_00041886.JPEG,n02107908,240,241,0.32968515,0,imagenet_c,defocus_blur,1,none
efficientnet_b4,ILSVRC2012_val_00042339.JPEG,n02107908,240,238,0.32334626,0,imagenet_c,defocus_blur,1,none
efficientnet_b4,ILSVRC2012_val_00042344.JPEG,n02107908,240,240,0.90056616,1,imagenet_c,defocus_blur,1,none
efficientnet_b4,ILSVRC2012_val_00044380.JPEG,n02107908,240,241,0.45167843,0,imagenet_c,defocus_blur,1,none
efficientnet_b4,ILSVRC2012_val_00044462.JPEG,n02107908,240,241,0.33484405,0,imagenet_c,defocus_blur,1,none
efficientnet_b4,ILSVRC2012_val_00044662.JPEG,n02107908,240,241,0.2657844,0,imagenet_c,defocus_blur,1,none
efficientnet_b4,ILSVRC2012_val_00045080.JPEG,n02107908,240,240,0.3791242,1,imagenet_c,defocus_blur,1,none
efficientnet_b4,ILSVRC2012_val_00045618.JPEG,n02107908,240,238,0.25872454,0,imagenet_c,defocus_blur,1,none
efficientnet_b4,ILSVRC2012_val_00045920.JPEG,n02107908,240,238,0.5990843,0,imagenet_c,defocus_blur,1,none
efficientnet_b4,ILSVRC2012_val_00045980.JPEG,n02107908,240,239,0.2597846,0,imagenet_c,defocus_blur,1,none
efficientnet_b4,ILSVRC2012_val_00045984.JPEG,n02107908,240,240,0.5847162,1,imagenet_c,defocus_blur,1,none
efficientnet_b4,ILSVRC2012_val_00046552.JPEG,n02107908,240,241,0.44318363,0,imagenet_c,defocus_blur,1,none
efficientnet_b4,ILSVRC2012_val_00048486.JPEG,n02107908,240,241,0.21683085,0,imagenet_c,defocus_blur,1,none
efficientnet_b4,ILSVRC2012_val_00049285.JPEG,n02107908,240,238,0.3589551,0,imagenet_c,defocus_blur,1,none
efficientnet_b4,ILSVRC2012_val_00001005.JPEG,n02108000,241,241,0.34797937,1,imagenet_c,defocus_blur,1,none
efficientnet_b4,ILSVRC2012_val_00001872.JPEG,n02108000,241,241,0.62013257,1,imagenet_c,defocus_blur,1,none
efficientnet_b4,ILSVRC2012_val_00002234.JPEG,n02108000,241,241,0.6706185,1,imagenet_c,defocus_blur,1,none
efficientnet_b4,ILSVRC2012_val_00002277.JPEG,n02108000,241,241,0.676355,1,imagenet_c,defocus_blur,1,none
efficientnet_b4,ILSVRC2012_val_00002492.JPEG,n02108000,241,238,0.2583214,0,imagenet_c,defocus_blur,1,none
efficientnet_b4,ILSVRC2012_val_00004818.JPEG,n02108000,241,241,0.4496386,1,imagenet_c,defocus_blur,1,none
efficientnet_b4,ILSVRC2012_val_00005283.JPEG,n02108000,241,241,0.5118913,1,imagenet_c,defocus_blur,1,none
efficientnet_b4,ILSVRC2012_val_00005854.JPEG,n02108000,241,241,0.6888265,1,imagenet_c,defocus_blur,1,none
efficientnet_b4,ILSVRC2012_val_00006659.JPEG,n02108000,241,241,0.49875268,1,imagenet_c,defocus_blur,1,none
efficientnet_b4,ILSVRC2012_val_00006920.JPEG,n02108000,241,241,0.75763315,1,imagenet_c,defocus_blur,1,none
efficientnet_b4,ILSVRC2012_val_00007829.JPEG,n02108000,241,241,0.7001742,1,imagenet_c,defocus_blur,1,none
efficientnet_b4,ILSVRC2012_val_00008114.JPEG,n02108000,241,241,0.19197112,1,imagenet_c,defocus_blur,1,none
efficientnet_b4,ILSVRC2012_val_00009711.JPEG,n02108000,241,241,0.6095828,1,imagenet_c,defocus_blur,1,none
efficientnet_b4,ILSVRC2012_val_00010617.JPEG,n02108000,241,238,0.24621332,0,imagenet_c,defocus_blur,1,none
efficientnet_b4,ILSVRC2012_val_00012140.JPEG,n02108000,241,238,0.1703795,0,imagenet_c,defocus_blur,1,none
efficientnet_b4,ILSVRC2012_val_00012733.JPEG,n02108000,241,241,0.73767483,1,imagenet_c,defocus_blur,1,none
efficientnet_b4,ILSVRC2012_val_00012740.JPEG,n02108000,241,240,0.44433182,0,imagenet_c,defocus_blur,1,none
efficientnet_b4,ILSVRC2012_val_00012901.JPEG,n02108000,241,240,0.6270751,0,imagenet_c,defocus_blur,1,none
efficientnet_b4,ILSVRC2012_val_00016951.JPEG,n02108000,241,241,0.6152941,1,imagenet_c,defocus_blur,1,none
efficientnet_b4,ILSVRC2012_val_00018779.JPEG,n02108000,241,241,0.5733871,1,imagenet_c,defocus_blur,1,none
efficientnet_b4,ILSVRC2012_val_00020748.JPEG,n02108000,241,241,0.39321116,1,imagenet_c,defocus_blur,1,none
efficientnet_b4,ILSVRC2012_val_00023760.JPEG,n02108000,241,241,0.5840336,1,imagenet_c,defocus_blur,1,none
efficientnet_b4,ILSVRC2012_val_00024217.JPEG,n02108000,241,241,0.24417652,1,imagenet_c,defocus_blur,1,none
efficientnet_b4,ILSVRC2012_val_00024509.JPEG,n02108000,241,240,0.17125799,0,imagenet_c,defocus_blur,1,none
efficientnet_b4,ILSVRC2012_val_00026161.JPEG,n02108000,241,241,0.29336867,1,imagenet_c,defocus_blur,1,none
efficientnet_b4,ILSVRC2012_val_00027751.JPEG,n02108000,241,241,0.7424711,1,imagenet_c,defocus_blur,1,none
efficientnet_b4,ILSVRC2012_val_00028922.JPEG,n02108000,241,241,0.60151654,1,imagenet_c,defocus_blur,1,none
efficientnet_b4,ILSVRC2012_val_00029217.JPEG,n02108000,241,241,0.5301604,1,imagenet_c,defocus_blur,1,none
efficientnet_b4,ILSVRC2012_val_00031133.JPEG,n02108000,241,241,0.37794027,1,imagenet_c,defocus_blur,1,none
efficientnet_b4,ILSVRC2012_val_00031461.JPEG,n02108000,241,240,0.4104059,0,imagenet_c,defocus_blur,1,none
efficientnet_b4,ILSVRC2012_val_00032522.JPEG,n02108000,241,241,0.7151888,1,imagenet_c,defocus_blur,1,none
efficientnet_b4,ILSVRC2012_val_00032659.JPEG,n02108000,241,241,0.5071719,1,imagenet_c,defocus_blur,1,none
efficientnet_b4,ILSVRC2012_val_00033553.JPEG,n02108000,241,240,0.21049927,0,imagenet_c,defocus_blur,1,none
efficientnet_b4,ILSVRC2012_val_00033595.JPEG,n02108000,241,241,0.5491422,1,imagenet_c,defocus_blur,1,none
efficientnet_b4,ILSVRC2012_val_00033690.JPEG,n02108000,241,241,0.45838127,1,imagenet_c,defocus_blur,1,none
efficientnet_b4,ILSVRC2012_val_00037081.JPEG,n02108000,241,241,0.77813333,1,imagenet_c,defocus_blur,1,none
efficientnet_b4,ILSVRC2012_val_00037087.JPEG,n02108000,241,241,0.2928246,1,imagenet_c,defocus_blur,1,none
efficientnet_b4,ILSVRC2012_val_00037858.JPEG,n02108000,241,241,0.62239945,1,imagenet_c,defocus_blur,1,none
efficientnet_b4,ILSVRC2012_val_00038056.JPEG,n02108000,241,241,0.565654,1,imagenet_c,defocus_blur,1,none
efficientnet_b4,ILSVRC2012_val_00039942.JPEG,n02108000,241,240,0.3074002,0,imagenet_c,defocus_blur,1,none
efficientnet_b4,ILSVRC2012_val_00040582.JPEG,n02108000,241,241,0.7827817,1,imagenet_c,defocus_blur,1,none
efficientnet_b4,ILSVRC2012_val_00041093.JPEG,n02108000,241,241,0.34625554,1,imagenet_c,defocus_blur,1,none
efficientnet_b4,ILSVRC2012_val_00041306.JPEG,n02108000,241,241,0.60387725,1,imagenet_c,defocus_blur,1,none
efficientnet_b4,ILSVRC2012_val_00042390.JPEG,n02108000,241,241,0.61708146,1,imagenet_c,defocus_blur,1,none
efficientnet_b4,ILSVRC2012_val_00044356.JPEG,n02108000,241,241,0.57911986,1,imagenet_c,defocus_blur,1,none
efficientnet_b4,ILSVRC2012_val_00044430.JPEG,n02108000,241,241,0.55007297,1,imagenet_c,defocus_blur,1,none
efficientnet_b4,ILSVRC2012_val_00047149.JPEG,n02108000,241,238,0.6848514,0,imagenet_c,defocus_blur,1,none
efficientnet_b4,ILSVRC2012_val_00048383.JPEG,n02108000,241,241,0.6272002,1,imagenet_c,defocus_blur,1,none
efficientnet_b4,ILSVRC2012_val_00048636.JPEG,n02108000,241,241,0.47761813,1,imagenet_c,defocus_blur,1,none
efficientnet_b4,ILSVRC2012_val_00049574.JPEG,n02108000,241,241,0.633715,1,imagenet_c,defocus_blur,1,none
efficientnet_b4,ILSVRC2012_val_00000635.JPEG,n02108089,242,242,0.5830376,1,imagenet_c,defocus_blur,1,none
efficientnet_b4,ILSVRC2012_val_00003522.JPEG,n02108089,242,242,0.6470194,1,imagenet_c,defocus_blur,1,none
efficientnet_b4,ILSVRC2012_val_00004449.JPEG,n02108089,242,242,0.8530048,1,imagenet_c,defocus_blur,1,none
efficientnet_b4,ILSVRC2012_val_00005263.JPEG,n02108089,242,180,0.22953112,0,imagenet_c,defocus_blur,1,none
efficientnet_b4,ILSVRC2012_val_00005495.JPEG,n02108089,242,215,0.14132322,0,imagenet_c,defocus_blur,1,none
efficientnet_b4,ILSVRC2012_val_00007001.JPEG,n02108089,242,180,0.18732198,0,imagenet_c,defocus_blur,1,none
efficientnet_b4,ILSVRC2012_val_00007295.JPEG,n02108089,242,242,0.7174302,1,imagenet_c,defocus_blur,1,none
efficientnet_b4,ILSVRC2012_val_00008337.JPEG,n02108089,242,242,0.71983486,1,imagenet_c,defocus_blur,1,none
efficientnet_b4,ILSVRC2012_val_00009189.JPEG,n02108089,242,703,0.12262168,0,imagenet_c,defocus_blur,1,none
efficientnet_b4,ILSVRC2012_val_00009553.JPEG,n02108089,242,167,0.22121805,0,imagenet_c,defocus_blur,1,none
efficientnet_b4,ILSVRC2012_val_00010648.JPEG,n02108089,242,242,0.13721617,1,imagenet_c,defocus_blur,1,none
efficientnet_b4,ILSVRC2012_val_00011921.JPEG,n02108089,242,242,0.56175274,1,imagenet_c,defocus_blur,1,none
efficientnet_b4,ILSVRC2012_val_00013419.JPEG,n02108089,242,242,0.60471404,1,imagenet_c,defocus_blur,1,none
efficientnet_b4,ILSVRC2012_val_00013856.JPEG,n02108089,242,242,0.7503619,1,imagenet_c,defocus_blur,1,none
efficientnet_b4,ILSVRC2012_val_00014721.JPEG,n02108089,242,168,0.08753848,0,imagenet_c,defocus_blur,1,none
efficientnet_b4,ILSVRC2012_val_00015355.JPEG,n02108089,242,242,0.6526188,1,imagenet_c,defocus_blur,1,none
efficientnet_b4,ILSVRC2012_val_00016299.JPEG,n02108089,242,242,0.54569775,1,imagenet_c,defocus_blur,1,none
efficientnet_b4,ILSVRC2012_val_00016416.JPEG,n02108089,242,242,0.21080612,1,imagenet_c,defocus_blur,1,none
efficientnet_b4,ILSVRC2012_val_00016857.JPEG,n02108089,242,242,0.26296097,1,imagenet_c,defocus_blur,1,none
efficientnet_b4,ILSVRC2012_val_00017434.JPEG,n02108089,242,242,0.7195324,1,imagenet_c,defocus_blur,1,none
efficientnet_b4,ILSVRC2012_val_00017602.JPEG,n02108089,242,159,0.21276177,0,imagenet_c,defocus_blur,1,none
efficientnet_b4,ILSVRC2012_val_00018604.JPEG,n02108089,242,242,0.4861721,1,imagenet_c,defocus_blur,1,none
efficientnet_b4,ILSVRC2012_val_00018899.JPEG,n02108089,242,242,0.6543525,1,imagenet_c,defocus_blur,1,none
efficientnet_b4,ILSVRC2012_val_00020841.JPEG,n02108089,242,242,0.7604138,1,imagenet_c,defocus_blur,1,none
efficientnet_b4,ILSVRC2012_val_00022458.JPEG,n02108089,242,242,0.47521278,1,imagenet_c,defocus_blur,1,none
efficientnet_b4,ILSVRC2012_val_00023231.JPEG,n02108089,242,243,0.24782416,0,imagenet_c,defocus_blur,1,none
efficientnet_b4,ILSVRC2012_val_00024675.JPEG,n02108089,242,159,0.44670248,0,imagenet_c,defocus_blur,1,none
efficientnet_b4,ILSVRC2012_val_00025897.JPEG,n02108089,242,242,0.63713384,1,imagenet_c,defocus_blur,1,none
efficientnet_b4,ILSVRC2012_val_00026882.JPEG,n02108089,242,254,0.5219184,0,imagenet_c,defocus_blur,1,none
efficientnet_b4,ILSVRC2012_val_00027128.JPEG,n02108089,242,242,0.38633364,1,imagenet_c,defocus_blur,1,none
efficientnet_b4,ILSVRC2012_val_00028572.JPEG,n02108089,242,242,0.63865197,1,imagenet_c,defocus_blur,1,none
efficientnet_b4,ILSVRC2012_val_00029255.JPEG,n02108089,242,242,0.6583743,1,imagenet_c,defocus_blur,1,none
efficientnet_b4,ILSVRC2012_val_00029970.JPEG,n02108089,242,225,0.21893647,0,imagenet_c,defocus_blur,1,none
efficientnet_b4,ILSVRC2012_val_00031203.JPEG,n02108089,242,242,0.51661396,1,imagenet_c,defocus_blur,1,none
efficientnet_b4,ILSVRC2012_val_00031314.JPEG,n02108089,242,242,0.74126333,1,imagenet_c,defocus_blur,1,none
efficientnet_b4,ILSVRC2012_val_00031818.JPEG,n02108089,242,242,0.69301915,1,imagenet_c,defocus_blur,1,none
efficientnet_b4,ILSVRC2012_val_00032406.JPEG,n02108089,242,254,0.19992252,0,imagenet_c,defocus_blur,1,none
efficientnet_b4,ILSVRC2012_val_00034922.JPEG,n02108089,242,242,0.5911716,1,imagenet_c,defocus_blur,1,none
efficientnet_b4,ILSVRC2012_val_00035275.JPEG,n02108089,242,242,0.2997545,1,imagenet_c,defocus_blur,1,none
efficientnet_b4,ILSVRC2012_val_00037916.JPEG,n02108089,242,242,0.7407119,1,imagenet_c,defocus_blur,1,none
efficientnet_b4,ILSVRC2012_val_00038626.JPEG,n02108089,242,242,0.34876767,1,imagenet_c,defocus_blur,1,none
efficientnet_b4,ILSVRC2012_val_00039448.JPEG,n02108089,242,242,0.26303712,1,imagenet_c,defocus_blur,1,none
efficientnet_b4,ILSVRC2012_val_00041677.JPEG,n02108089,242,242,0.568214,1,imagenet_c,defocus_blur,1,none
efficientnet_b4,ILSVRC2012_val_00043232.JPEG,n02108089,242,242,0.46766567,1,imagenet_c,defocus_blur,1,none
efficientnet_b4,ILSVRC2012_val_00043791.JPEG,n02108089,242,242,0.5730228,1,imagenet_c,defocus_blur,1,none
efficientnet_b4,ILSVRC2012_val_00044308.JPEG,n02108089,242,242,0.17533816,1,imagenet_c,defocus_blur,1,none
efficientnet_b4,ILSVRC2012_val_00045933.JPEG,n02108089,242,168,0.10511782,0,imagenet_c,defocus_blur,1,none
efficientnet_b4,ILSVRC2012_val_00046048.JPEG,n02108089,242,242,0.7154303,1,imagenet_c,defocus_blur,1,none
efficientnet_b4,ILSVRC2012_val_00049040.JPEG,n02108089,242,159,0.34402543,0,imagenet_c,defocus_blur,1,none
efficientnet_b4,ILSVRC2012_val_00049570.JPEG,n02108089,242,242,0.70115715,1,imagenet_c,defocus_blur,1,none
efficientnet_b4,ILSVRC2012_val_00000975.JPEG,n02108422,243,243,0.76818204,1,imagenet_c,defocus_blur,1,none
efficientnet_b4,ILSVRC2012_val_00002317.JPEG,n02108422,243,243,0.45910677,1,imagenet_c,defocus_blur,1,none
efficientnet_b4,ILSVRC2012_val_00002516.JPEG,n02108422,243,211,0.3093341,0,imagenet_c,defocus_blur,1,none
efficientnet_b4,ILSVRC2012_val_00002614.JPEG,n02108422,243,243,0.6268666,1,imagenet_c,defocus_blur,1,none
efficientnet_b4,ILSVRC2012_val_00003022.JPEG,n02108422,243,179,0.2840449,0,imagenet_c,defocus_blur,1,none
efficientnet_b4,ILSVRC2012_val_00003968.JPEG,n02108422,243,262,0.3364528,0,imagenet_c,defocus_blur,1,none
efficientnet_b4,ILSVRC2012_val_00004056.JPEG,n02108422,243,243,0.58049154,1,imagenet_c,defocus_blur,1,none
efficientnet_b4,ILSVRC2012_val_00004579.JPEG,n02108422,243,243,0.31673822,1,imagenet_c,defocus_blur,1,none
efficientnet_b4,ILSVRC2012_val_00004963.JPEG,n02108422,243,243,0.50877774,1,imagenet_c,defocus_blur,1,none
efficientnet_b4,ILSVRC2012_val_00007190.JPEG,n02108422,243,243,0.75775397,1,imagenet_c,defocus_blur,1,none
efficientnet_b4,ILSVRC2012_val_00007219.JPEG,n02108422,243,243,0.5778877,1,imagenet_c,defocus_blur,1,none
efficientnet_b4,ILSVRC2012_val_00007319.JPEG,n02108422,243,159,0.4758021,0,imagenet_c,defocus_blur,1,none
efficientnet_b4,ILSVRC2012_val_00008003.JPEG,n02108422,243,243,0.45358416,1,imagenet_c,defocus_blur,1,none
efficientnet_b4,ILSVRC2012_val_00008061.JPEG,n02108422,243,243,0.5618304,1,imagenet_c,defocus_blur,1,none
efficientnet_b4,ILSVRC2012_val_00009039.JPEG,n02108422,243,242,0.27219847,0,imagenet_c,defocus_blur,1,none
efficientnet_b4,ILSVRC2012_val_00009175.JPEG,n02108422,243,243,0.5437017,1,imagenet_c,defocus_blur,1,none
efficientnet_b4,ILSVRC2012_val_00010709.JPEG,n02108422,243,182,0.33433276,0,imagenet_c,defocus_blur,1,none
efficientnet_b4,ILSVRC2012_val_00011349.JPEG,n02108422,243,243,0.32884938,1,imagenet_c,defocus_blur,1,none
efficientnet_b4,ILSVRC2012_val_00014526.JPEG,n02108422,243,243,0.74281573,1,imagenet_c,defocus_blur,1,none
efficientnet_b4,ILSVRC2012_val_00014755.JPEG,n02108422,243,243,0.6708858,1,imagenet_c,defocus_blur,1,none
efficientnet_b4,ILSVRC2012_val_00015657.JPEG,n02108422,243,243,0.32035995,1,imagenet_c,defocus_blur,1,none
efficientnet_b4,ILSVRC2012_val_00016693.JPEG,n02108422,243,208,0.32978675,0,imagenet_c,defocus_blur,1,none
efficientnet_b4,ILSVRC2012_val_00017075.JPEG,n02108422,243,243,0.7428893,1,imagenet_c,defocus_blur,1,none
efficientnet_b4,ILSVRC2012_val_00017112.JPEG,n02108422,243,180,0.44948587,0,imagenet_c,defocus_blur,1,none
efficientnet_b4,ILSVRC2012_val_00017599.JPEG,n02108422,243,243,0.6736301,1,imagenet_c,defocus_blur,1,none
efficientnet_b4,ILSVRC2012_val_00020989.JPEG,n02108422,243,243,0.36932173,1,imagenet_c,defocus_blur,1,none
efficientnet_b4,ILSVRC2012_val_00022201.JPEG,n02108422,243,243,0.5857534,1,imagenet_c,defocus_blur,1,none
efficientnet_b4,ILSVRC2012_val_00022776.JPEG,n02108422,243,243,0.5961981,1,imagenet_c,defocus_blur,1,none
efficientnet_b4,ILSVRC2012_val_00023105.JPEG,n02108422,243,243,0.51434296,1,imagenet_c,defocus_blur,1,none
efficientnet_b4,ILSVRC2012_val_00023294.JPEG,n02108422,243,243,0.22635305,1,imagenet_c,defocus_blur,1,none
efficientnet_b4,ILSVRC2012_val_00025180.JPEG,n02108422,243,243,0.66556466,1,imagenet_c,defocus_blur,1,none
efficientnet_b4,ILSVRC2012_val_00025536.JPEG,n02108422,243,242,0.3969301,0,imagenet_c,defocus_blur,1,none
efficientnet_b4,ILSVRC2012_val_00026027.JPEG,n02108422,243,179,0.3734724,0,imagenet_c,defocus_blur,1,none
efficientnet_b4,ILSVRC2012_val_00026154.JPEG,n02108422,243,243,0.41724342,1,imagenet_c,defocus_blur,1,none
efficientnet_b4,ILSVRC2012_val_00026273.JPEG,n02108422,243,242,0.3163407,0,imagenet_c,defocus_blur,1,none
efficientnet_b4,ILSVRC2012_val_00029363.JPEG,n02108422,243,246,0.30890986,0,imagenet_c,defocus_blur,1,none
efficientnet_b4,ILSVRC2012_val_00031594.JPEG,n02108422,243,243,0.542638,1,imagenet_c,defocus_blur,1,none
efficientnet_b4,ILSVRC2012_val_00035569.JPEG,n02108422,243,243,0.5708055,1,imagenet_c,defocus_blur,1,none
efficientnet_b4,ILSVRC2012_val_00036844.JPEG,n02108422,243,245,0.3067,0,imagenet_c,defocus_blur,1,none
efficientnet_b4,ILSVRC2012_val_00036859.JPEG,n02108422,243,243,0.40364522,1,imagenet_c,defocus_blur,1,none
efficientnet_b4,ILSVRC2012_val_00037811.JPEG,n02108422,243,243,0.6345435,1,imagenet_c,defocus_blur,1,none
efficientnet_b4,ILSVRC2012_val_00038455.JPEG,n02108422,243,243,0.5850561,1,imagenet_c,defocus_blur,1,none
efficientnet_b4,ILSVRC2012_val_00040189.JPEG,n02108422,243,243,0.12948133,1,imagenet_c,defocus_blur,1,none
efficientnet_b4,ILSVRC2012_val_00041144.JPEG,n02108422,243,243,0.7074894,1,imagenet_c,defocus_blur,1,none
efficientnet_b4,ILSVRC2012_val_00041422.JPEG,n02108422,243,245,0.47992417,0,imagenet_c,defocus_blur,1,none
efficientnet_b4,ILSVRC2012_val_00042576.JPEG,n02108422,243,243,0.5782919,1,imagenet_c,defocus_blur,1,none
efficientnet_b4,ILSVRC2012_val_00043641.JPEG,n02108422,243,243,0.25078943,1,imagenet_c,defocus_blur,1,none
efficientnet_b4,ILSVRC2012_val_00044535.JPEG,n02108422,243,243,0.6398094,1,imagenet_c,defocus_blur,1,none
efficientnet_b4,ILSVRC2012_val_00044795.JPEG,n02108422,243,243,0.44450718,1,imagenet_c,defocus_blur,1,none
efficientnet_b4,ILSVRC2012_val_00049901.JPEG,n02108422,243,243,0.46168205,1,imagenet_c,defocus_blur,1,none
efficientnet_b4,ILSVRC2012_val_00004506.JPEG,n02108551,244,244,0.6496339,1,imagenet_c,defocus_blur,1,none
efficientnet_b4,ILSVRC2012_val_00006242.JPEG,n02108551,244,244,0.6546332,1,imagenet_c,defocus_blur,1,none
efficientnet_b4,ILSVRC2012_val_00006486.JPEG,n02108551,244,244,0.6497752,1,imagenet_c,defocus_blur,1,none
efficientnet_b4,ILSVRC2012_val_00006957.JPEG,n02108551,244,244,0.7122069,1,imagenet_c,defocus_blur,1,none
efficientnet_b4,ILSVRC2012_val_00007234.JPEG,n02108551,244,244,0.52272964,1,imagenet_c,defocus_blur,1,none
efficientnet_b4,ILSVRC2012_val_00008196.JPEG,n02108551,244,244,0.6887663,1,imagenet_c,defocus_blur,1,none
efficientnet_b4,ILSVRC2012_val_00008214.JPEG,n02108551,244,244,0.6115567,1,imagenet_c,defocus_blur,1,none
efficientnet_b4,ILSVRC2012_val_00008967.JPEG,n02108551,244,244,0.5423154,1,imagenet_c,defocus_blur,1,none
efficientnet_b4,ILSVRC2012_val_00010729.JPEG,n02108551,244,244,0.7418773,1,imagenet_c,defocus_blur,1,none
efficientnet_b4,ILSVRC2012_val_00012742.JPEG,n02108551,244,244,0.69525236,1,imagenet_c,defocus_blur,1,none
efficientnet_b4,ILSVRC2012_val_00013211.JPEG,n02108551,244,244,0.7425663,1,imagenet_c,defocus_blur,1,none
efficientnet_b4,ILSVRC2012_val_00013263.JPEG,n02108551,244,244,0.81364876,1,imagenet_c,defocus_blur,1,none
efficientnet_b4,ILSVRC2012_val_00013964.JPEG,n02108551,244,244,0.6879533,1,imagenet_c,defocus_blur,1,none
efficientnet_b4,ILSVRC2012_val_00013997.JPEG,n02108551,244,244,0.72003025,1,imagenet_c,defocus_blur,1,none
efficientnet_b4,ILSVRC2012_val_00016579.JPEG,n02108551,244,244,0.6984407,1,imagenet_c,defocus_blur,1,none
efficientnet_b4,ILSVRC2012_val_00017006.JPEG,n02108551,244,244,0.3011273,1,imagenet_c,defocus_blur,1,none
efficientnet_b4,ILSVRC2012_val_00020152.JPEG,n02108551,244,244,0.46025306,1,imagenet_c,defocus_blur,1,none
efficientnet_b4,ILSVRC2012_val_00023424.JPEG,n02108551,244,244,0.73836774,1,imagenet_c,defocus_blur,1,none
efficientnet_b4,ILSVRC2012_val_00023737.JPEG,n02108551,244,244,0.8713878,1,imagenet_c,defocus_blur,1,none
efficientnet_b4,ILSVRC2012_val_00023750.JPEG,n02108551,244,244,0.78130436,1,imagenet_c,defocus_blur,1,none
efficientnet_b4,ILSVRC2012_val_00025617.JPEG,n02108551,244,244,0.8152236,1,imagenet_c,defocus_blur,1,none
efficientnet_b4,ILSVRC2012_val_00025852.JPEG,n02108551,244,272,0.112804815,0,imagenet_c,defocus_blur,1,none
efficientnet_b4,ILSVRC2012_val_00028229.JPEG,n02108551,244,244,0.5550936,1,imagenet_c,defocus_blur,1,none
efficientnet_b4,ILSVRC2012_val_00028514.JPEG,n02108551,244,244,0.86216503,1,imagenet_c,defocus_blur,1,none
efficientnet_b4,ILSVRC2012_val_00029976.JPEG,n02108551,244,250,0.15104455,0,imagenet_c,defocus_blur,1,none
efficientnet_b4,ILSVRC2012_val_00033394.JPEG,n02108551,244,244,0.7472389,1,imagenet_c,defocus_blur,1,none
efficientnet_b4,ILSVRC2012_val_00034181.JPEG,n02108551,244,256,0.61113364,0,imagenet_c,defocus_blur,1,none
efficientnet_b4,ILSVRC2012_val_00034797.JPEG,n02108551,244,244,0.75131106,1,imagenet_c,defocus_blur,1,none
efficientnet_b4,ILSVRC2012_val_00036054.JPEG,n02108551,244,244,0.24901769,1,imagenet_c,defocus_blur,1,none
efficientnet_b4,ILSVRC2012_val_00036159.JPEG,n02108551,244,223,0.17869265,0,imagenet_c,defocus_blur,1,none
efficientnet_b4,ILSVRC2012_val_00036949.JPEG,n02108551,244,185,0.2959814,0,imagenet_c,defocus_blur,1,none
efficientnet_b4,ILSVRC2012_val_00037388.JPEG,n02108551,244,244,0.8421614,1,imagenet_c,defocus_blur,1,none
efficientnet_b4,ILSVRC2012_val_00038231.JPEG,n02108551,244,244,0.7198296,1,imagenet_c,defocus_blur,1,none
efficientnet_b4,ILSVRC2012_val_00039115.JPEG,n02108551,244,244,0.77599883,1,imagenet_c,defocus_blur,1,none
efficientnet_b4,ILSVRC2012_val_00039200.JPEG,n02108551,244,244,0.73926425,1,imagenet_c,defocus_blur,1,none
efficientnet_b4,ILSVRC2012_val_00039687.JPEG,n02108551,244,244,0.684248,1,imagenet_c,defocus_blur,1,none
efficientnet_b4,ILSVRC2012_val_00039969.JPEG,n02108551,244,244,0.702018,1,imagenet_c,defocus_blur,1,none
efficientnet_b4,ILSVRC2012_val_00040003.JPEG,n02108551,244,244,0.62460655,1,imagenet_c,defocus_blur,1,none
efficientnet_b4,ILSVRC2012_val_00042391.JPEG,n02108551,244,244,0.75521743,1,imagenet_c,defocus_blur,1,none
efficientnet_b4,ILSVRC2012_val_00043131.JPEG,n02108551,244,244,0.37674153,1,imagenet_c,defocus_blur,1,none
efficientnet_b4,ILSVRC2012_val_00043216.JPEG,n02108551,244,244,0.8891125,1,imagenet_c,defocus_blur,1,none
efficientnet_b4,ILSVRC2012_val_00044714.JPEG,n02108551,244,244,0.7331073,1,imagenet_c,defocus_blur,1,none
efficientnet_b4,ILSVRC2012_val_00045160.JPEG,n02108551,244,244,0.6839874,1,imagenet_c,defocus_blur,1,none
efficientnet_b4,ILSVRC2012_val_00045357.JPEG,n02108551,244,244,0.6733873,1,imagenet_c,defocus_blur,1,none
efficientnet_b4,ILSVRC2012_val_00045734.JPEG,n02108551,244,244,0.75706726,1,imagenet_c,defocus_blur,1,none
efficientnet_b4,ILSVRC2012_val_00046776.JPEG,n02108551,244,244,0.73026323,1,imagenet_c,defocus_blur,1,none
efficientnet_b4,ILSVRC2012_val_00047566.JPEG,n02108551,244,244,0.73178804,1,imagenet_c,defocus_blur,1,none
efficientnet_b4,ILSVRC2012_val_00047808.JPEG,n02108551,244,244,0.7839857,1,imagenet_c,defocus_blur,1,none
efficientnet_b4,ILSVRC2012_val_00048128.JPEG,n02108551,244,244,0.57474935,1,imagenet_c,defocus_blur,1,none
efficientnet_b4,ILSVRC2012_val_00048818.JPEG,n02108551,244,244,0.7159331,1,imagenet_c,defocus_blur,1,none
efficientnet_b4,ILSVRC2012_val_00001313.JPEG,n02108915,245,245,0.7522393,1,imagenet_c,defocus_blur,1,none
efficientnet_b4,ILSVRC2012_val_00002780.JPEG,n02108915,245,245,0.34960836,1,imagenet_c,defocus_blur,1,none
efficientnet_b4,ILSVRC2012_val_00003855.JPEG,n02108915,245,245,0.31954995,1,imagenet_c,defocus_blur,1,none
efficientnet_b4,ILSVRC2012_val_00003938.JPEG,n02108915,245,245,0.31270084,1,imagenet_c,defocus_blur,1,none
efficientnet_b4,ILSVRC2012_val_00005126.JPEG,n02108915,245,245,0.75322896,1,imagenet_c,defocus_blur,1,none
efficientnet_b4,ILSVRC2012_val_00005327.JPEG,n02108915,245,245,0.5950252,1,imagenet_c,defocus_blur,1,none
efficientnet_b4,ILSVRC2012_val_00005677.JPEG,n02108915,245,245,0.27153483,1,imagenet_c,defocus_blur,1,none
efficientnet_b4,ILSVRC2012_val_00007318.JPEG,n02108915,245,245,0.15387823,1,imagenet_c,defocus_blur,1,none
efficientnet_b4,ILSVRC2012_val_00008194.JPEG,n02108915,245,158,0.24810275,0,imagenet_c,defocus_blur,1,none
efficientnet_b4,ILSVRC2012_val_00008627.JPEG,n02108915,245,245,0.34591737,1,imagenet_c,defocus_blur,1,none
efficientnet_b4,ILSVRC2012_val_00009585.JPEG,n02108915,245,245,0.6529277,1,imagenet_c,defocus_blur,1,none
efficientnet_b4,ILSVRC2012_val_00010491.JPEG,n02108915,245,251,0.15307811,0,imagenet_c,defocus_blur,1,none
efficientnet_b4,ILSVRC2012_val_00011718.JPEG,n02108915,245,196,0.068177834,0,imagenet_c,defocus_blur,1,none
efficientnet_b4,ILSVRC2012_val_00013155.JPEG,n02108915,245,245,0.657059,1,imagenet_c,defocus_blur,1,none
efficientnet_b4,ILSVRC2012_val_00013748.JPEG,n02108915,245,245,0.40992257,1,imagenet_c,defocus_blur,1,none
efficientnet_b4,ILSVRC2012_val_00014115.JPEG,n02108915,245,245,0.8290488,1,imagenet_c,defocus_blur,1,none
efficientnet_b4,ILSVRC2012_val_00015098.JPEG,n02108915,245,245,0.418075,1,imagenet_c,defocus_blur,1,none
efficientnet_b4,ILSVRC2012_val_00015808.JPEG,n02108915,245,203,0.08000668,0,imagenet_c,defocus_blur,1,none
efficientnet_b4,ILSVRC2012_val_00017762.JPEG,n02108915,245,158,0.13697785,0,imagenet_c,defocus_blur,1,none
efficientnet_b4,ILSVRC2012_val_00017968.JPEG,n02108915,245,245,0.6255121,1,imagenet_c,defocus_blur,1,none
efficientnet_b4,ILSVRC2012_val_00018792.JPEG,n02108915,245,245,0.69313025,1,imagenet_c,defocus_blur,1,none
efficientnet_b4,ILSVRC2012_val_00020761.JPEG,n02108915,245,245,0.5791632,1,imagenet_c,defocus_blur,1,none
efficientnet_b4,ILSVRC2012_val_00021224.JPEG,n02108915,245,245,0.6126985,1,imagenet_c,defocus_blur,1,none
efficientnet_b4,ILSVRC2012_val_00022050.JPEG,n02108915,245,245,0.6997874,1,imagenet_c,defocus_blur,1,none
efficientnet_b4,ILSVRC2012_val_00022996.JPEG,n02108915,245,245,0.41424593,1,imagenet_c,defocus_blur,1,none
efficientnet_b4,ILSVRC2012_val_00023526.JPEG,n02108915,245,245,0.60032034,1,imagenet_c,defocus_blur,1,none
efficientnet_b4,ILSVRC2012_val_00024389.JPEG,n02108915,245,245,0.68625295,1,imagenet_c,defocus_blur,1,none
efficientnet_b4,ILSVRC2012_val_00026283.JPEG,n02108915,245,182,0.1263699,0,imagenet_c,defocus_blur,1,none
efficientnet_b4,ILSVRC2012_val_00026558.JPEG,n02108915,245,245,0.50927866,1,imagenet_c,defocus_blur,1,none
efficientnet_b4,ILSVRC2012_val_00026582.JPEG,n02108915,245,245,0.7451302,1,imagenet_c,defocus_blur,1,none
efficientnet_b4,ILSVRC2012_val_00026918.JPEG,n02108915,245,245,0.73411936,1,imagenet_c,defocus_blur,1,none
efficientnet_b4,ILSVRC2012_val_00026976.JPEG,n02108915,245,158,0.09728789,0,imagenet_c,defocus_blur,1,none
efficientnet_b4,ILSVRC2012_val_00027220.JPEG,n02108915,245,179,0.12070647,0,imagenet_c,defocus_blur,1,none
efficientnet_b4,ILSVRC2012_val_00027433.JPEG,n02108915,245,245,0.5418022,1,imagenet_c,defocus_blur,1,none
efficientnet_b4,ILSVRC2012_val_00027678.JPEG,n02108915,245,151,0.23329075,0,imagenet_c,defocus_blur,1,none
efficientnet_b4,ILSVRC2012_val_00032262.JPEG,n02108915,245,929,0.6751374,0,imagenet_c,defocus_blur,1,none
efficientnet_b4,ILSVRC2012_val_00032658.JPEG,n02108915,245,245,0.49313986,1,imagenet_c,defocus_blur,1,none
efficientnet_b4,ILSVRC2012_val_00034420.JPEG,n02108915,245,245,0.5695737,1,imagenet_c,defocus_blur,1,none
efficientnet_b4,ILSVRC2012_val_00036932.JPEG,n02108915,245,152,0.27890885,0,imagenet_c,defocus_blur,1,none
efficientnet_b4,ILSVRC2012_val_00037117.JPEG,n02108915,245,245,0.575608,1,imagenet_c,defocus_blur,1,none
efficientnet_b4,ILSVRC2012_val_00039471.JPEG,n02108915,245,245,0.6618945,1,imagenet_c,defocus_blur,1,none
efficientnet_b4,ILSVRC2012_val_00040645.JPEG,n02108915,245,245,0.3623341,1,imagenet_c,defocus_blur,1,none
efficientnet_b4,ILSVRC2012_val_00040947.JPEG,n02108915,245,245,0.6204375,1,imagenet_c,defocus_blur,1,none
efficientnet_b4,ILSVRC2012_val_00041524.JPEG,n02108915,245,157,0.5379063,0,imagenet_c,defocus_blur,1,none
efficientnet_b4,ILSVRC2012_val_00041623.JPEG,n02108915,245,179,0.4830676,0,imagenet_c,defocus_blur,1,none
efficientnet_b4,ILSVRC2012_val_00047762.JPEG,n02108915,245,245,0.476815,1,imagenet_c,defocus_blur,1,none
efficientnet_b4,ILSVRC2012_val_00047896.JPEG,n02108915,245,245,0.8054439,1,imagenet_c,defocus_blur,1,none
efficientnet_b4,ILSVRC2012_val_00048120.JPEG,n02108915,245,245,0.59009796,1,imagenet_c,defocus_blur,1,none
efficientnet_b4,ILSVRC2012_val_00049730.JPEG,n02108915,245,245,0.549642,1,imagenet_c,defocus_blur,1,none
efficientnet_b4,ILSVRC2012_val_00049895.JPEG,n02108915,245,245,0.4199197,1,imagenet_c,defocus_blur,1,none
efficientnet_b4,ILSVRC2012_val_00001408.JPEG,n02109047,246,180,0.29687548,0,imagenet_c,defocus_blur,1,none
efficientnet_b4,ILSVRC2012_val_00002330.JPEG,n02109047,246,246,0.77571124,1,imagenet_c,defocus_blur,1,none
efficientnet_b4,ILSVRC2012_val_00003069.JPEG,n02109047,246,186,0.14161587,0,imagenet_c,defocus_blur,1,none
efficientnet_b4,ILSVRC2012_val_00003306.JPEG,n02109047,246,246,0.29737198,1,imagenet_c,defocus_blur,1,none
efficientnet_b4,ILSVRC2012_val_00003836.JPEG,n02109047,246,246,0.7300568,1,imagenet_c,defocus_blur,1,none
efficientnet_b4,ILSVRC2012_val_00004710.JPEG,n02109047,246,246,0.3429388,1,imagenet_c,defocus_blur,1,none
efficientnet_b4,ILSVRC2012_val_00004731.JPEG,n02109047,246,246,0.13091922,1,imagenet_c,defocus_blur,1,none
efficientnet_b4,ILSVRC2012_val_00006172.JPEG,n02109047,246,212,0.08227978,0,imagenet_c,defocus_blur,1,none
efficientnet_b4,ILSVRC2012_val_00006257.JPEG,n02109047,246,246,0.8363187,1,imagenet_c,defocus_blur,1,none
efficientnet_b4,ILSVRC2012_val_00006834.JPEG,n02109047,246,159,0.31961465,0,imagenet_c,defocus_blur,1,none
efficientnet_b4,ILSVRC2012_val_00007915.JPEG,n02109047,246,159,0.39658085,0,imagenet_c,defocus_blur,1,none
efficientnet_b4,ILSVRC2012_val_00009586.JPEG,n02109047,246,251,0.461813,0,imagenet_c,defocus_blur,1,none
efficientnet_b4,ILSVRC2012_val_00013414.JPEG,n02109047,246,246,0.5107137,1,imagenet_c,defocus_blur,1,none
efficientnet_b4,ILSVRC2012_val_00013475.JPEG,n02109047,246,225,0.19677661,0,imagenet_c,defocus_blur,1,none
efficientnet_b4,ILSVRC2012_val_00014257.JPEG,n02109047,246,169,0.18510002,0,imagenet_c,defocus_blur,1,none
efficientnet_b4,ILSVRC2012_val_00014589.JPEG,n02109047,246,246,0.7812574,1,imagenet_c,defocus_blur,1,none
efficientnet_b4,ILSVRC2012_val_00017111.JPEG,n02109047,246,246,0.6692059,1,imagenet_c,defocus_blur,1,none
efficientnet_b4,ILSVRC2012_val_00017333.JPEG,n02109047,246,246,0.4706554,1,imagenet_c,defocus_blur,1,none
efficientnet_b4,ILSVRC2012_val_00017636.JPEG,n02109047,246,246,0.28980234,1,imagenet_c,defocus_blur,1,none
efficientnet_b4,ILSVRC2012_val_00018866.JPEG,n02109047,246,246,0.61771476,1,imagenet_c,defocus_blur,1,none
efficientnet_b4,ILSVRC2012_val_00022808.JPEG,n02109047,246,246,0.72654396,1,imagenet_c,defocus_blur,1,none
efficientnet_b4,ILSVRC2012_val_00022814.JPEG,n02109047,246,153,0.06461514,0,imagenet_c,defocus_blur,1,none
efficientnet_b4,ILSVRC2012_val_00023027.JPEG,n02109047,246,178,0.3483744,0,imagenet_c,defocus_blur,1,none
efficientnet_b4,ILSVRC2012_val_00023076.JPEG,n02109047,246,264,0.07150183,0,imagenet_c,defocus_blur,1,none
efficientnet_b4,ILSVRC2012_val_00023740.JPEG,n02109047,246,208,0.31878862,0,imagenet_c,defocus_blur,1,none
efficientnet_b4,ILSVRC2012_val_00024275.JPEG,n02109047,246,246,0.28014436,1,imagenet_c,defocus_blur,1,none
efficientnet_b4,ILSVRC2012_val_00024587.JPEG,n02109047,246,159,0.3086465,0,imagenet_c,defocus_blur,1,none
efficientnet_b4,ILSVRC2012_val_00025652.JPEG,n02109047,246,246,0.81733686,1,imagenet_c,defocus_blur,1,none
efficientnet_b4,ILSVRC2012_val_00028932.JPEG,n02109047,246,246,0.3339142,1,imagenet_c,defocus_blur,1,none
efficientnet_b4,ILSVRC2012_val_00031336.JPEG,n02109047,246,246,0.10114563,1,imagenet_c,defocus_blur,1,none
efficientnet_b4,ILSVRC2012_val_00032160.JPEG,n02109047,246,246,0.71300924,1,imagenet_c,defocus_blur,1,none
efficientnet_b4,ILSVRC2012_val_00033455.JPEG,n02109047,246,246,0.7648795,1,imagenet_c,defocus_blur,1,none
efficientnet_b4,ILSVRC2012_val_00033634.JPEG,n02109047,246,251,0.65164864,0,imagenet_c,defocus_blur,1,none
efficientnet_b4,ILSVRC2012_val_00033721.JPEG,n02109047,246,208,0.2443948,0,imagenet_c,defocus_blur,1,none
efficientnet_b4,ILSVRC2012_val_00034748.JPEG,n02109047,246,169,0.2119537,0,imagenet_c,defocus_blur,1,none
efficientnet_b4,ILSVRC2012_val_00035579.JPEG,n02109047,246,246,0.40050513,1,imagenet_c,defocus_blur,1,none
efficientnet_b4,ILSVRC2012_val_00036231.JPEG,n02109047,246,210,0.34946686,0,imagenet_c,defocus_blur,1,none
efficientnet_b4,ILSVRC2012_val_00036235.JPEG,n02109047,246,246,0.3981318,1,imagenet_c,defocus_blur,1,none
efficientnet_b4,ILSVRC2012_val_00037442.JPEG,n02109047,246,246,0.8781267,1,imagenet_c,defocus_blur,1,none
efficientnet_b4,ILSVRC2012_val_00038938.JPEG,n02109047,246,246,0.40493456,1,imagenet_c,defocus_blur,1,none
efficientnet_b4,ILSVRC2012_val_00041514.JPEG,n02109047,246,246,0.6307953,1,imagenet_c,defocus_blur,1,none
efficientnet_b4,ILSVRC2012_val_00042206.JPEG,n02109047,246,246,0.80393505,1,imagenet_c,defocus_blur,1,none
efficientnet_b4,ILSVRC2012_val_00043452.JPEG,n02109047,246,246,0.63875675,1,imagenet_c,defocus_blur,1,none
efficientnet_b4,ILSVRC2012_val_00044678.JPEG,n02109047,246,246,0.15686308,1,imagenet_c,defocus_blur,1,none
efficientnet_b4,ILSVRC2012_val_00045195.JPEG,n02109047,246,246,0.62514174,1,imagenet_c,defocus_blur,1,none
efficientnet_b4,ILSVRC2012_val_00047236.JPEG,n02109047,246,246,0.75895387,1,imagenet_c,defocus_blur,1,none
efficientnet_b4,ILSVRC2012_val_00047250.JPEG,n02109047,246,176,0.07810155,0,imagenet_c,defocus_blur,1,none
efficientnet_b4,ILSVRC2012_val_00047438.JPEG,n02109047,246,208,0.30934387,0,imagenet_c,defocus_blur,1,none
efficientnet_b4,ILSVRC2012_val_00048145.JPEG,n02109047,246,180,0.14796725,0,imagenet_c,defocus_blur,1,none
efficientnet_b4,ILSVRC2012_val_00049435.JPEG,n02109047,246,178,0.18025321,0,imagenet_c,defocus_blur,1,none
efficientnet_b4,ILSVRC2012_val_00001937.JPEG,n02109525,247,247,0.65623385,1,imagenet_c,defocus_blur,1,none
efficientnet_b4,ILSVRC2012_val_00002319.JPEG,n02109525,247,247,0.715166,1,imagenet_c,defocus_blur,1,none
efficientnet_b4,ILSVRC2012_val_00002609.JPEG,n02109525,247,247,0.45169362,1,imagenet_c,defocus_blur,1,none
efficientnet_b4,ILSVRC2012_val_00002706.JPEG,n02109525,247,247,0.5681073,1,imagenet_c,defocus_blur,1,none
efficientnet_b4,ILSVRC2012_val_00003390.JPEG,n02109525,247,247,0.67261297,1,imagenet_c,defocus_blur,1,none
efficientnet_b4,ILSVRC2012_val_00004366.JPEG,n02109525,247,247,0.63659644,1,imagenet_c,defocus_blur,1,none
efficientnet_b4,ILSVRC2012_val_00006849.JPEG,n02109525,247,215,0.373695,0,imagenet_c,defocus_blur,1,none
efficientnet_b4,ILSVRC2012_val_00007073.JPEG,n02109525,247,247,0.5913428,1,imagenet_c,defocus_blur,1,none
efficientnet_b4,ILSVRC2012_val_00007813.JPEG,n02109525,247,247,0.29290062,1,imagenet_c,defocus_blur,1,none
efficientnet_b4,ILSVRC2012_val_00009774.JPEG,n02109525,247,247,0.65272593,1,imagenet_c,defocus_blur,1,none
efficientnet_b4,ILSVRC2012_val_00010183.JPEG,n02109525,247,247,0.40766153,1,imagenet_c,defocus_blur,1,none
efficientnet_b4,ILSVRC2012_val_00010245.JPEG,n02109525,247,247,0.7596773,1,imagenet_c,defocus_blur,1,none
efficientnet_b4,ILSVRC2012_val_00010859.JPEG,n02109525,247,247,0.5228421,1,imagenet_c,defocus_blur,1,none
efficientnet_b4,ILSVRC2012_val_00011784.JPEG,n02109525,247,247,0.36861944,1,imagenet_c,defocus_blur,1,none
efficientnet_b4,ILSVRC2012_val_00013885.JPEG,n02109525,247,247,0.5622099,1,imagenet_c,defocus_blur,1,none
efficientnet_b4,ILSVRC2012_val_00016862.JPEG,n02109525,247,247,0.7804316,1,imagenet_c,defocus_blur,1,none
efficientnet_b4,ILSVRC2012_val_00019165.JPEG,n02109525,247,247,0.6382418,1,imagenet_c,defocus_blur,1,none
efficientnet_b4,ILSVRC2012_val_00021963.JPEG,n02109525,247,247,0.63044053,1,imagenet_c,defocus_blur,1,none
efficientnet_b4,ILSVRC2012_val_00022633.JPEG,n02109525,247,247,0.7384573,1,imagenet_c,defocus_blur,1,none
efficientnet_b4,ILSVRC2012_val_00024222.JPEG,n02109525,247,247,0.5321125,1,imagenet_c,defocus_blur,1,none
efficientnet_b4,ILSVRC2012_val_00025620.JPEG,n02109525,247,247,0.6847479,1,imagenet_c,defocus_blur,1,none
efficientnet_b4,ILSVRC2012_val_00026467.JPEG,n02109525,247,247,0.6258793,1,imagenet_c,defocus_blur,1,none
efficientnet_b4,ILSVRC2012_val_00027277.JPEG,n02109525,247,247,0.56613207,1,imagenet_c,defocus_blur,1,none
efficientnet_b4,ILSVRC2012_val_00028010.JPEG,n02109525,247,247,0.7394358,1,imagenet_c,defocus_blur,1,none
efficientnet_b4,ILSVRC2012_val_00028786.JPEG,n02109525,247,247,0.60300595,1,imagenet_c,defocus_blur,1,none
efficientnet_b4,ILSVRC2012_val_00030327.JPEG,n02109525,247,218,0.08087171,0,imagenet_c,defocus_blur,1,none
efficientnet_b4,ILSVRC2012_val_00030882.JPEG,n02109525,247,247,0.6080579,1,imagenet_c,defocus_blur,1,none
efficientnet_b4,ILSVRC2012_val_00033703.JPEG,n02109525,247,247,0.56920856,1,imagenet_c,defocus_blur,1,none
efficientnet_b4,ILSVRC2012_val_00034007.JPEG,n02109525,247,247,0.5886068,1,imagenet_c,defocus_blur,1,none
efficientnet_b4,ILSVRC2012_val_00034025.JPEG,n02109525,247,247,0.58085704,1,imagenet_c,defocus_blur,1,none
efficientnet_b4,ILSVRC2012_val_00034243.JPEG,n02109525,247,247,0.26614314,1,imagenet_c,defocus_blur,1,none
efficientnet_b4,ILSVRC2012_val_00035820.JPEG,n02109525,247,247,0.1703651,1,imagenet_c,defocus_blur,1,none
efficientnet_b4,ILSVRC2012_val_00036240.JPEG,n02109525,247,247,0.23434594,1,imagenet_c,defocus_blur,1,none
efficientnet_b4,ILSVRC2012_val_00037970.JPEG,n02109525,247,537,0.15308636,0,imagenet_c,defocus_blur,1,none
efficientnet_b4,ILSVRC2012_val_00039594.JPEG,n02109525,247,247,0.79992485,1,imagenet_c,defocus_blur,1,none
efficientnet_b4,ILSVRC2012_val_00040092.JPEG,n02109525,247,247,0.44368583,1,imagenet_c,defocus_blur,1,none
efficientnet_b4,ILSVRC2012_val_00041049.JPEG,n02109525,247,247,0.54764014,1,imagenet_c,defocus_blur,1,none
efficientnet_b4,ILSVRC2012_val_00041748.JPEG,n02109525,247,247,0.40921515,1,imagenet_c,defocus_blur,1,none
efficientnet_b4,ILSVRC2012_val_00042090.JPEG,n02109525,247,247,0.58076394,1,imagenet_c,defocus_blur,1,none
efficientnet_b4,ILSVRC2012_val_00042657.JPEG,n02109525,247,247,0.60594034,1,imagenet_c,defocus_blur,1,none
efficientnet_b4,ILSVRC2012_val_00042853.JPEG,n02109525,247,247,0.7997287,1,imagenet_c,defocus_blur,1,none
efficientnet_b4,ILSVRC2012_val_00042860.JPEG,n02109525,247,232,0.095074326,0,imagenet_c,defocus_blur,1,none
efficientnet_b4,ILSVRC2012_val_00043281.JPEG,n02109525,247,247,0.8601216,1,imagenet_c,defocus_blur,1,none
efficientnet_b4,ILSVRC2012_val_00043282.JPEG,n02109525,247,247,0.52853394,1,imagenet_c,defocus_blur,1,none
efficientnet_b4,ILSVRC2012_val_00045060.JPEG,n02109525,247,215,0.05113612,0,imagenet_c,defocus_blur,1,none
efficientnet_b4,ILSVRC2012_val_00047275.JPEG,n02109525,247,247,0.57678545,1,imagenet_c,defocus_blur,1,none
efficientnet_b4,ILSVRC2012_val_00048400.JPEG,n02109525,247,247,0.71551454,1,imagenet_c,defocus_blur,1,none
efficientnet_b4,ILSVRC2012_val_00048842.JPEG,n02109525,247,264,0.21989876,0,imagenet_c,defocus_blur,1,none
efficientnet_b4,ILSVRC2012_val_00048980.JPEG,n02109525,247,247,0.5804144,1,imagenet_c,defocus_blur,1,none
efficientnet_b4,ILSVRC2012_val_00049356.JPEG,n02109525,247,247,0.5928614,1,imagenet_c,defocus_blur,1,none
efficientnet_b4,ILSVRC2012_val_00000178.JPEG,n02109961,248,248,0.4548235,1,imagenet_c,defocus_blur,1,none
efficientnet_b4,ILSVRC2012_val_00002004.JPEG,n02109961,248,537,0.37395492,0,imagenet_c,defocus_blur,1,none
efficientnet_b4,ILSVRC2012_val_00002066.JPEG,n02109961,248,250,0.3342659,0,imagenet_c,defocus_blur,1,none
efficientnet_b4,ILSVRC2012_val_00005019.JPEG,n02109961,248,248,0.37137628,1,imagenet_c,defocus_blur,1,none
efficientnet_b4,ILSVRC2012_val_00005446.JPEG,n02109961,248,248,0.43916857,1,imagenet_c,defocus_blur,1,none
efficientnet_b4,ILSVRC2012_val_00005521.JPEG,n02109961,248,250,0.35323,0,imagenet_c,defocus_blur,1,none
efficientnet_b4,ILSVRC2012_val_00006059.JPEG,n02109961,248,250,0.43260705,0,imagenet_c,defocus_blur,1,none
efficientnet_b4,ILSVRC2012_val_00007551.JPEG,n02109961,248,250,0.2718669,0,imagenet_c,defocus_blur,1,none
efficientnet_b4,ILSVRC2012_val_00008320.JPEG,n02109961,248,231,0.49259683,0,imagenet_c,defocus_blur,1,none
efficientnet_b4,ILSVRC2012_val_00009148.JPEG,n02109961,248,537,0.49094677,0,imagenet_c,defocus_blur,1,none
efficientnet_b4,ILSVRC2012_val_00009157.JPEG,n02109961,248,248,0.27996847,1,imagenet_c,defocus_blur,1,none
efficientnet_b4,ILSVRC2012_val_00010011.JPEG,n02109961,248,249,0.29336187,0,imagenet_c,defocus_blur,1,none
efficientnet_b4,ILSVRC2012_val_00012430.JPEG,n02109961,248,248,0.36147305,1,imagenet_c,defocus_blur,1,none
efficientnet_b4,ILSVRC2012_val_00012657.JPEG,n02109961,248,537,0.14352378,0,imagenet_c,defocus_blur,1,none
efficientnet_b4,ILSVRC2012_val_00014246.JPEG,n02109961,248,250,0.2872182,0,imagenet_c,defocus_blur,1,none
efficientnet_b4,ILSVRC2012_val_00014701.JPEG,n02109961,248,250,0.3204772,0,imagenet_c,defocus_blur,1,none
efficientnet_b4,ILSVRC2012_val_00016370.JPEG,n02109961,248,248,0.2570829,1,imagenet_c,defocus_blur,1,none
efficientnet_b4,ILSVRC2012_val_00017529.JPEG,n02109961,248,248,0.44063157,1,imagenet_c,defocus_blur,1,none
efficientnet_b4,ILSVRC2012_val_00018826.JPEG,n02109961,248,248,0.30949086,1,imagenet_c,defocus_blur,1,none
efficientnet_b4,ILSVRC2012_val_00019173.JPEG,n02109961,248,250,0.34994122,0,imagenet_c,defocus_blur,1,none
efficientnet_b4,ILSVRC2012_val_00019757.JPEG,n02109961,248,249,0.54963017,0,imagenet_c,defocus_blur,1,none
efficientnet_b4,ILSVRC2012_val_00021744.JPEG,n02109961,248,250,0.3799938,0,imagenet_c,defocus_blur,1,none
efficientnet_b4,ILSVRC2012_val_00022133.JPEG,n02109961,248,249,0.40106922,0,imagenet_c,defocus_blur,1,none
efficientnet_b4,ILSVRC2012_val_00022485.JPEG,n02109961,248,250,0.16324265,0,imagenet_c,defocus_blur,1,none
efficientnet_b4,ILSVRC2012_val_00023846.JPEG,n02109961,248,537,0.65128815,0,imagenet_c,defocus_blur,1,none
efficientnet_b4,ILSVRC2012_val_00024226.JPEG,n02109961,248,258,0.24503624,0,imagenet_c,defocus_blur,1,none
efficientnet_b4,ILSVRC2012_val_00024429.JPEG,n02109961,248,248,0.49901304,1,imagenet_c,defocus_blur,1,none
efficientnet_b4,ILSVRC2012_val_00024818.JPEG,n02109961,248,248,0.32379594,1,imagenet_c,defocus_blur,1,none
efficientnet_b4,ILSVRC2012_val_00026698.JPEG,n02109961,248,250,0.20394921,0,imagenet_c,defocus_blur,1,none
efficientnet_b4,ILSVRC2012_val_00028523.JPEG,n02109961,248,258,0.38112006,0,imagenet_c,defocus_blur,1,none
efficientnet_b4,ILSVRC2012_val_00029058.JPEG,n02109961,248,248,0.1263066,1,imagenet_c,defocus_blur,1,none
efficientnet_b4,ILSVRC2012_val_00029190.JPEG,n02109961,248,249,0.17016158,0,imagenet_c,defocus_blur,1,none
efficientnet_b4,ILSVRC2012_val_00029313.JPEG,n02109961,248,248,0.46772653,1,imagenet_c,defocus_blur,1,none
efficientnet_b4,ILSVRC2012_val_00031876.JPEG,n02109961,248,235,0.1362351,0,imagenet_c,defocus_blur,1,none
efficientnet_b4,ILSVRC2012_val_00032304.JPEG,n02109961,248,269,0.32163787,0,imagenet_c,defocus_blur,1,none
efficientnet_b4,ILSVRC2012_val_00032591.JPEG,n02109961,248,249,0.39146525,0,imagenet_c,defocus_blur,1,none
efficientnet_b4,ILSVRC2012_val_00032646.JPEG,n02109961,248,248,0.4668764,1,imagenet_c,defocus_blur,1,none
efficientnet_b4,ILSVRC2012_val_00032991.JPEG,n02109961,248,537,0.31008038,0,imagenet_c,defocus_blur,1,none
efficientnet_b4,ILSVRC2012_val_00033758.JPEG,n02109961,248,250,0.42380834,0,imagenet_c,defocus_blur,1,none
efficientnet_b4,ILSVRC2012_val_00035036.JPEG,n02109961,248,250,0.63506216,0,imagenet_c,defocus_blur,1,none
efficientnet_b4,ILSVRC2012_val_00037595.JPEG,n02109961,248,248,0.3255592,1,imagenet_c,defocus_blur,1,none
efficientnet_b4,ILSVRC2012_val_00039057.JPEG,n02109961,248,248,0.38320622,1,imagenet_c,defocus_blur,1,none
efficientnet_b4,ILSVRC2012_val_00039381.JPEG,n02109961,248,248,0.17865737,1,imagenet_c,defocus_blur,1,none
efficientnet_b4,ILSVRC2012_val_00040410.JPEG,n02109961,248,250,0.30532113,0,imagenet_c,defocus_blur,1,none
efficientnet_b4,ILSVRC2012_val_00044249.JPEG,n02109961,248,248,0.17993422,1,imagenet_c,defocus_blur,1,none
efficientnet_b4,ILSVRC2012_val_00045291.JPEG,n02109961,248,166,0.06164365,0,imagenet_c,defocus_blur,1,none
efficientnet_b4,ILSVRC2012_val_00046423.JPEG,n02109961,248,248,0.29753765,1,imagenet_c,defocus_blur,1,none
efficientnet_b4,ILSVRC2012_val_00047924.JPEG,n02109961,248,248,0.17682387,1,imagenet_c,defocus_blur,1,none
efficientnet_b4,ILSVRC2012_val_00049654.JPEG,n02109961,248,537,0.3284136,0,imagenet_c,defocus_blur,1,none
efficientnet_b4,ILSVRC2012_val_00049841.JPEG,n02109961,248,248,0.35877606,1,imagenet_c,defocus_blur,1,none
efficientnet_b4,ILSVRC2012_val_00000729.JPEG,n02110063,249,248,0.2024518,0,imagenet_c,defocus_blur,1,none
efficientnet_b4,ILSVRC2012_val_00003745.JPEG,n02110063,249,249,0.5159695,1,imagenet_c,defocus_blur,1,none
efficientnet_b4,ILSVRC2012_val_00005575.JPEG,n02110063,249,249,0.7461464,1,imagenet_c,defocus_blur,1,none
efficientnet_b4,ILSVRC2012_val_00006052.JPEG,n02110063,249,249,0.512553,1,imagenet_c,defocus_blur,1,none
efficientnet_b4,ILSVRC2012_val_00007216.JPEG,n02110063,249,174,0.046982672,0,imagenet_c,defocus_blur,1,none
efficientnet_b4,ILSVRC2012_val_00008090.JPEG,n02110063,249,250,0.33597505,0,imagenet_c,defocus_blur,1,none
efficientnet_b4,ILSVRC2012_val_00008270.JPEG,n02110063,249,249,0.22758994,1,imagenet_c,defocus_blur,1,none
efficientnet_b4,ILSVRC2012_val_00009014.JPEG,n02110063,249,249,0.27187645,1,imagenet_c,defocus_blur,1,none
efficientnet_b4,ILSVRC2012_val_00009416.JPEG,n02110063,249,249,0.5689978,1,imagenet_c,defocus_blur,1,none
efficientnet_b4,ILSVRC2012_val_00010500.JPEG,n02110063,249,249,0.54193026,1,imagenet_c,defocus_blur,1,none
efficientnet_b4,ILSVRC2012_val_00011214.JPEG,n02110063,249,248,0.27959776,0,imagenet_c,defocus_blur,1,none
efficientnet_b4,ILSVRC2012_val_00011802.JPEG,n02110063,249,537,0.37240854,0,imagenet_c,defocus_blur,1,none
efficientnet_b4,ILSVRC2012_val_00012226.JPEG,n02110063,249,248,0.36495706,0,imagenet_c,defocus_blur,1,none
efficientnet_b4,ILSVRC2012_val_00012245.JPEG,n02110063,249,248,0.26732382,0,imagenet_c,defocus_blur,1,none
efficientnet_b4,ILSVRC2012_val_00012935.JPEG,n02110063,249,249,0.3596323,1,imagenet_c,defocus_blur,1,none
efficientnet_b4,ILSVRC2012_val_00013090.JPEG,n02110063,249,250,0.21002701,0,imagenet_c,defocus_blur,1,none
efficientnet_b4,ILSVRC2012_val_00013854.JPEG,n02110063,249,250,0.2772115,0,imagenet_c,defocus_blur,1,none
efficientnet_b4,ILSVRC2012_val_00014398.JPEG,n02110063,249,249,0.63348716,1,imagenet_c,defocus_blur,1,none
efficientnet_b4,ILSVRC2012_val_00016960.JPEG,n02110063,249,248,0.27966467,0,imagenet_c,defocus_blur,1,none
efficientnet_b4,ILSVRC2012_val_00017722.JPEG,n02110063,249,249,0.37467292,1,imagenet_c,defocus_blur,1,none
efficientnet_b4,ILSVRC2012_val_00017854.JPEG,n02110063,249,249,0.67683357,1,imagenet_c,defocus_blur,1,none
efficientnet_b4,ILSVRC2012_val_00019342.JPEG,n02110063,249,249,0.341944,1,imagenet_c,defocus_blur,1,none
efficientnet_b4,ILSVRC2012_val_00019519.JPEG,n02110063,249,249,0.29504248,1,imagenet_c,defocus_blur,1,none
efficientnet_b4,ILSVRC2012_val_00020786.JPEG,n02110063,249,250,0.22668463,0,imagenet_c,defocus_blur,1,none
efficientnet_b4,ILSVRC2012_val_00021051.JPEG,n02110063,249,249,0.40544575,1,imagenet_c,defocus_blur,1,none
efficientnet_b4,ILSVRC2012_val_00024218.JPEG,n02110063,249,249,0.48627716,1,imagenet_c,defocus_blur,1,none
efficientnet_b4,ILSVRC2012_val_00025669.JPEG,n02110063,249,249,0.61390495,1,imagenet_c,defocus_blur,1,none
efficientnet_b4,ILSVRC2012_val_00026119.JPEG,n02110063,249,248,0.26082626,0,imagenet_c,defocus_blur,1,none
efficientnet_b4,ILSVRC2012_val_00026645.JPEG,n02110063,249,174,0.2967115,0,imagenet_c,defocus_blur,1,none
efficientnet_b4,ILSVRC2012_val_00027875.JPEG,n02110063,249,249,0.40960145,1,imagenet_c,defocus_blur,1,none
efficientnet_b4,ILSVRC2012_val_00028070.JPEG,n02110063,249,249,0.53981686,1,imagenet_c,defocus_blur,1,none
efficientnet_b4,ILSVRC2012_val_00028214.JPEG,n02110063,249,248,0.20937695,0,imagenet_c,defocus_blur,1,none
efficientnet_b4,ILSVRC2012_val_00028402.JPEG,n02110063,249,250,0.29080313,0,imagenet_c,defocus_blur,1,none
efficientnet_b4,ILSVRC2012_val_00029783.JPEG,n02110063,249,269,0.233003,0,imagenet_c,defocus_blur,1,none
efficientnet_b4,ILSVRC2012_val_00031001.JPEG,n02110063,249,249,0.56390226,1,imagenet_c,defocus_blur,1,none
efficientnet_b4,ILSVRC2012_val_00031391.JPEG,n02110063,249,249,0.36573285,1,imagenet_c,defocus_blur,1,none
efficientnet_b4,ILSVRC2012_val_00031555.JPEG,n02110063,249,176,0.54882395,0,imagenet_c,defocus_blur,1,none
efficientnet_b4,ILSVRC2012_val_00034036.JPEG,n02110063,249,249,0.29805633,1,imagenet_c,defocus_blur,1,none
efficientnet_b4,ILSVRC2012_val_00034291.JPEG,n02110063,249,249,0.24776362,1,imagenet_c,defocus_blur,1,none
efficientnet_b4,ILSVRC2012_val_00038751.JPEG,n02110063,249,249,0.29379278,1,imagenet_c,defocus_blur,1,none
efficientnet_b4,ILSVRC2012_val_00039359.JPEG,n02110063,249,249,0.45812702,1,imagenet_c,defocus_blur,1,none
efficientnet_b4,ILSVRC2012_val_00039402.JPEG,n02110063,249,249,0.20713507,1,imagenet_c,defocus_blur,1,none
efficientnet_b4,ILSVRC2012_val_00040096.JPEG,n02110063,249,249,0.506878,1,imagenet_c,defocus_blur,1,none
efficientnet_b4,ILSVRC2012_val_00040249.JPEG,n02110063,249,249,0.46272978,1,imagenet_c,defocus_blur,1,none
efficientnet_b4,ILSVRC2012_val_00040326.JPEG,n02110063,249,256,0.68207616,0,imagenet_c,defocus_blur,1,none
efficientnet_b4,ILSVRC2012_val_00040535.JPEG,n02110063,249,270,0.29262945,0,imagenet_c,defocus_blur,1,none
efficientnet_b4,ILSVRC2012_val_00042409.JPEG,n02110063,249,249,0.4327743,1,imagenet_c,defocus_blur,1,none
efficientnet_b4,ILSVRC2012_val_00045457.JPEG,n02110063,249,249,0.41311136,1,imagenet_c,defocus_blur,1,none
efficientnet_b4,ILSVRC2012_val_00046768.JPEG,n02110063,249,249,0.40339443,1,imagenet_c,defocus_blur,1,none
efficientnet_b4,ILSVRC2012_val_00047148.JPEG,n02110063,249,249,0.5754693,1,imagenet_c,defocus_blur,1,none
efficientnet_b4,ILSVRC2012_val_00000269.JPEG,n02110185,250,166,0.13890132,0,imagenet_c,defocus_blur,1,none
efficientnet_b4,ILSVRC2012_val_00000993.JPEG,n02110185,250,250,0.29893026,1,imagenet_c,defocus_blur,1,none
efficientnet_b4,ILSVRC2012_val_00001314.JPEG,n02110185,250,272,0.18034436,0,imagenet_c,defocus_blur,1,none
efficientnet_b4,ILSVRC2012_val_00002283.JPEG,n02110185,250,250,0.29832324,1,imagenet_c,defocus_blur,1,none
efficientnet_b4,ILSVRC2012_val_00004192.JPEG,n02110185,250,269,0.20623359,0,imagenet_c,defocus_blur,1,none
efficientnet_b4,ILSVRC2012_val_00004967.JPEG,n02110185,250,248,0.36138028,0,imagenet_c,defocus_blur,1,none
efficientnet_b4,ILSVRC2012_val_00005064.JPEG,n02110185,250,250,0.22645156,1,imagenet_c,defocus_blur,1,none
efficientnet_b4,ILSVRC2012_val_00006539.JPEG,n02110185,250,250,0.24647582,1,imagenet_c,defocus_blur,1,none
efficientnet_b4,ILSVRC2012_val_00006584.JPEG,n02110185,250,248,0.23547977,0,imagenet_c,defocus_blur,1,none
efficientnet_b4,ILSVRC2012_val_00007218.JPEG,n02110185,250,250,0.3838607,1,imagenet_c,defocus_blur,1,none
efficientnet_b4,ILSVRC2012_val_00007501.JPEG,n02110185,250,248,0.3361343,0,imagenet_c,defocus_blur,1,none
efficientnet_b4,ILSVRC2012_val_00007512.JPEG,n02110185,250,250,0.3121757,1,imagenet_c,defocus_blur,1,none
efficientnet_b4,ILSVRC2012_val_00008197.JPEG,n02110185,250,250,0.38005894,1,imagenet_c,defocus_blur,1,none
efficientnet_b4,ILSVRC2012_val_00012604.JPEG,n02110185,250,248,0.327177,0,imagenet_c,defocus_blur,1,none
efficientnet_b4,ILSVRC2012_val_00013150.JPEG,n02110185,250,248,0.3421853,0,imagenet_c,defocus_blur,1,none
efficientnet_b4,ILSVRC2012_val_00013828.JPEG,n02110185,250,250,0.43378842,1,imagenet_c,defocus_blur,1,none
efficientnet_b4,ILSVRC2012_val_00014542.JPEG,n02110185,250,250,0.52902293,1,imagenet_c,defocus_blur,1,none
efficientnet_b4,ILSVRC2012_val_00015251.JPEG,n02110185,250,250,0.36115626,1,imagenet_c,defocus_blur,1,none
efficientnet_b4,ILSVRC2012_val_00016669.JPEG,n02110185,250,250,0.39677465,1,imagenet_c,defocus_blur,1,none
efficientnet_b4,ILSVRC2012_val_00019826.JPEG,n02110185,250,169,0.16628808,0,imagenet_c,defocus_blur,1,none
efficientnet_b4,ILSVRC2012_val_00020169.JPEG,n02110185,250,250,0.28087762,1,imagenet_c,defocus_blur,1,none
efficientnet_b4,ILSVRC2012_val_00020432.JPEG,n02110185,250,248,0.17233796,0,imagenet_c,defocus_blur,1,none
efficientnet_b4,ILSVRC2012_val_00021736.JPEG,n02110185,250,248,0.123879656,0,imagenet_c,defocus_blur,1,none
efficientnet_b4,ILSVRC2012_val_00022762.JPEG,n02110185,250,250,0.44738,1,imagenet_c,defocus_blur,1,none
efficientnet_b4,ILSVRC2012_val_00022851.JPEG,n02110185,250,248,0.38452104,0,imagenet_c,defocus_blur,1,none
efficientnet_b4,ILSVRC2012_val_00023437.JPEG,n02110185,250,250,0.37947872,1,imagenet_c,defocus_blur,1,none
efficientnet_b4,ILSVRC2012_val_00023615.JPEG,n02110185,250,250,0.6418472,1,imagenet_c,defocus_blur,1,none
efficientnet_b4,ILSVRC2012_val_00023659.JPEG,n02110185,250,248,0.36540616,0,imagenet_c,defocus_blur,1,none
efficientnet_b4,ILSVRC2012_val_00024432.JPEG,n02110185,250,269,0.11046079,0,imagenet_c,defocus_blur,1,none
efficientnet_b4,ILSVRC2012_val_00024669.JPEG,n02110185,250,248,0.26741284,0,imagenet_c,defocus_blur,1,none
efficientnet_b4,ILSVRC2012_val_00026086.JPEG,n02110185,250,250,0.4529878,1,imagenet_c,defocus_blur,1,none
efficientnet_b4,ILSVRC2012_val_00026678.JPEG,n02110185,250,250,0.37338644,1,imagenet_c,defocus_blur,1,none
efficientnet_b4,ILSVRC2012_val_00030708.JPEG,n02110185,250,248,0.22969595,0,imagenet_c,defocus_blur,1,none
efficientnet_b4,ILSVRC2012_val_00031687.JPEG,n02110185,250,250,0.33833018,1,imagenet_c,defocus_blur,1,none
efficientnet_b4,ILSVRC2012_val_00033039.JPEG,n02110185,250,250,0.28320193,1,imagenet_c,defocus_blur,1,none
efficientnet_b4,ILSVRC2012_val_00034263.JPEG,n02110185,250,250,0.3546396,1,imagenet_c,defocus_blur,1,none
efficientnet_b4,ILSVRC2012_val_00036248.JPEG,n02110185,250,248,0.49249464,0,imagenet_c,defocus_blur,1,none
efficientnet_b4,ILSVRC2012_val_00039812.JPEG,n02110185,250,248,0.2052305,0,imagenet_c,defocus_blur,1,none
efficientnet_b4,ILSVRC2012_val_00040200.JPEG,n02110185,250,250,0.28585857,1,imagenet_c,defocus_blur,1,none
efficientnet_b4,ILSVRC2012_val_00041189.JPEG,n02110185,250,248,0.2763319,0,imagenet_c,defocus_blur,1,none
efficientnet_b4,ILSVRC2012_val_00041649.JPEG,n02110185,250,174,0.2258613,0,imagenet_c,defocus_blur,1,none
efficientnet_b4,ILSVRC2012_val_00041840.JPEG,n02110185,250,248,0.35277832,0,imagenet_c,defocus_blur,1,none
efficientnet_b4,ILSVRC2012_val_00042601.JPEG,n02110185,250,249,0.30999255,0,imagenet_c,defocus_blur,1,none
efficientnet_b4,ILSVRC2012_val_00043643.JPEG,n02110185,250,248,0.22591478,0,imagenet_c,defocus_blur,1,none
efficientnet_b4,ILSVRC2012_val_00044104.JPEG,n02110185,250,250,0.32929894,1,imagenet_c,defocus_blur,1,none
efficientnet_b4,ILSVRC2012_val_00044573.JPEG,n02110185,250,264,0.29006553,0,imagenet_c,defocus_blur,1,none
efficientnet_b4,ILSVRC2012_val_00046687.JPEG,n02110185,250,250,0.43481132,1,imagenet_c,defocus_blur,1,none
efficientnet_b4,ILSVRC2012_val_00047342.JPEG,n02110185,250,250,0.5852351,1,imagenet_c,defocus_blur,1,none
efficientnet_b4,ILSVRC2012_val_00048830.JPEG,n02110185,250,250,0.31271064,1,imagenet_c,defocus_blur,1,none
efficientnet_b4,ILSVRC2012_val_00049291.JPEG,n02110185,250,227,0.2182971,0,imagenet_c,defocus_blur,1,none
efficientnet_b4,ILSVRC2012_val_00001702.JPEG,n02110341,251,251,0.7267758,1,imagenet_c,defocus_blur,1,none
efficientnet_b4,ILSVRC2012_val_00001898.JPEG,n02110341,251,251,0.6262853,1,imagenet_c,defocus_blur,1,none
efficientnet_b4,ILSVRC2012_val_00002216.JPEG,n02110341,251,251,0.6376717,1,imagenet_c,defocus_blur,1,none
efficientnet_b4,ILSVRC2012_val_00002481.JPEG,n02110341,251,251,0.5856212,1,imagenet_c,defocus_blur,1,none
efficientnet_b4,ILSVRC2012_val_00003355.JPEG,n02110341,251,332,0.04563509,0,imagenet_c,defocus_blur,1,none
efficientnet_b4,ILSVRC2012_val_00004634.JPEG,n02110341,251,251,0.47781855,1,imagenet_c,defocus_blur,1,none
efficientnet_b4,ILSVRC2012_val_00006097.JPEG,n02110341,251,251,0.6720261,1,imagenet_c,defocus_blur,1,none
efficientnet_b4,ILSVRC2012_val_00006273.JPEG,n02110341,251,251,0.41663253,1,imagenet_c,defocus_blur,1,none
efficientnet_b4,ILSVRC2012_val_00008992.JPEG,n02110341,251,251,0.777832,1,imagenet_c,defocus_blur,1,none
efficientnet_b4,ILSVRC2012_val_00009602.JPEG,n02110341,251,251,0.403466,1,imagenet_c,defocus_blur,1,none
efficientnet_b4,ILSVRC2012_val_00010202.JPEG,n02110341,251,251,0.52062565,1,imagenet_c,defocus_blur,1,none
efficientnet_b4,ILSVRC2012_val_00010311.JPEG,n02110341,251,251,0.7338791,1,imagenet_c,defocus_blur,1,none
efficientnet_b4,ILSVRC2012_val_00013848.JPEG,n02110341,251,251,0.5349744,1,imagenet_c,defocus_blur,1,none
efficientnet_b4,ILSVRC2012_val_00013861.JPEG,n02110341,251,251,0.65958065,1,imagenet_c,defocus_blur,1,none
efficientnet_b4,ILSVRC2012_val_00014430.JPEG,n02110341,251,251,0.6190155,1,imagenet_c,defocus_blur,1,none
efficientnet_b4,ILSVRC2012_val_00016430.JPEG,n02110341,251,251,0.37590173,1,imagenet_c,defocus_blur,1,none
efficientnet_b4,ILSVRC2012_val_00016990.JPEG,n02110341,251,251,0.68400866,1,imagenet_c,defocus_blur,1,none
efficientnet_b4,ILSVRC2012_val_00018815.JPEG,n02110341,251,251,0.65170026,1,imagenet_c,defocus_blur,1,none
efficientnet_b4,ILSVRC2012_val_00019824.JPEG,n02110341,251,251,0.66723275,1,imagenet_c,defocus_blur,1,none
efficientnet_b4,ILSVRC2012_val_00020015.JPEG,n02110341,251,246,0.07291869,0,imagenet_c,defocus_blur,1,none
efficientnet_b4,ILSVRC2012_val_00020023.JPEG,n02110341,251,251,0.70003706,1,imagenet_c,defocus_blur,1,none
efficientnet_b4,ILSVRC2012_val_00021176.JPEG,n02110341,251,251,0.6053195,1,imagenet_c,defocus_blur,1,none
efficientnet_b4,ILSVRC2012_val_00021493.JPEG,n02110341,251,251,0.5953598,1,imagenet_c,defocus_blur,1,none
efficientnet_b4,ILSVRC2012_val_00022581.JPEG,n02110341,251,251,0.36009172,1,imagenet_c,defocus_blur,1,none
efficientnet_b4,ILSVRC2012_val_00023620.JPEG,n02110341,251,251,0.5843515,1,imagenet_c,defocus_blur,1,none
efficientnet_b4,ILSVRC2012_val_00023913.JPEG,n02110341,251,251,0.61784446,1,imagenet_c,defocus_blur,1,none
efficientnet_b4,ILSVRC2012_val_00024784.JPEG,n02110341,251,251,0.6422181,1,imagenet_c,defocus_blur,1,none
efficientnet_b4,ILSVRC2012_val_00025851.JPEG,n02110341,251,251,0.55234075,1,imagenet_c,defocus_blur,1,none
efficientnet_b4,ILSVRC2012_val_00025903.JPEG,n02110341,251,251,0.68724275,1,imagenet_c,defocus_blur,1,none
efficientnet_b4,ILSVRC2012_val_00027840.JPEG,n02110341,251,251,0.6956068,1,imagenet_c,defocus_blur,1,none
efficientnet_b4,ILSVRC2012_val_00028175.JPEG,n02110341,251,251,0.14342356,1,imagenet_c,defocus_blur,1,none
efficientnet_b4,ILSVRC2012_val_00030165.JPEG,n02110341,251,251,0.5842462,1,imagenet_c,defocus_blur,1,none
efficientnet_b4,ILSVRC2012_val_00030476.JPEG,n02110341,251,251,0.62769085,1,imagenet_c,defocus_blur,1,none
efficientnet_b4,ILSVRC2012_val_00031688.JPEG,n02110341,251,489,0.58525693,0,imagenet_c,defocus_blur,1,none
efficientnet_b4,ILSVRC2012_val_00032904.JPEG,n02110341,251,251,0.42509156,1,imagenet_c,defocus_blur,1,none
efficientnet_b4,ILSVRC2012_val_00033418.JPEG,n02110341,251,251,0.5848517,1,imagenet_c,defocus_blur,1,none
efficientnet_b4,ILSVRC2012_val_00034465.JPEG,n02110341,251,251,0.71023405,1,imagenet_c,defocus_blur,1,none
efficientnet_b4,ILSVRC2012_val_00036389.JPEG,n02110341,251,251,0.49132252,1,imagenet_c,defocus_blur,1,none
efficientnet_b4,ILSVRC2012_val_00040598.JPEG,n02110341,251,251,0.71940583,1,imagenet_c,defocus_blur,1,none
efficientnet_b4,ILSVRC2012_val_00041081.JPEG,n02110341,251,251,0.6989663,1,imagenet_c,defocus_blur,1,none
efficientnet_b4,ILSVRC2012_val_00042611.JPEG,n02110341,251,251,0.6044548,1,imagenet_c,defocus_blur,1,none
efficientnet_b4,ILSVRC2012_val_00045768.JPEG,n02110341,251,251,0.6285904,1,imagenet_c,defocus_blur,1,none
efficientnet_b4,ILSVRC2012_val_00045937.JPEG,n02110341,251,251,0.68357974,1,imagenet_c,defocus_blur,1,none
efficientnet_b4,ILSVRC2012_val_00047631.JPEG,n02110341,251,537,0.2577375,0,imagenet_c,defocus_blur,1,none
efficientnet_b4,ILSVRC2012_val_00048236.JPEG,n02110341,251,251,0.5173827,1,imagenet_c,defocus_blur,1,none
efficientnet_b4,ILSVRC2012_val_00048427.JPEG,n02110341,251,251,0.620768,1,imagenet_c,defocus_blur,1,none
efficientnet_b4,ILSVRC2012_val_00048591.JPEG,n02110341,251,251,0.51675326,1,imagenet_c,defocus_blur,1,none
efficientnet_b4,ILSVRC2012_val_00048779.JPEG,n02110341,251,251,0.62952095,1,imagenet_c,defocus_blur,1,none
efficientnet_b4,ILSVRC2012_val_00049511.JPEG,n02110341,251,251,0.6649263,1,imagenet_c,defocus_blur,1,none
efficientnet_b4,ILSVRC2012_val_00049881.JPEG,n02110341,251,805,0.6922689,0,imagenet_c,defocus_blur,1,none
efficientnet_b4,ILSVRC2012_val_00002267.JPEG,n02110627,252,252,0.8352216,1,imagenet_c,defocus_blur,1,none
efficientnet_b4,ILSVRC2012_val_00002296.JPEG,n02110627,252,252,0.09255475,1,imagenet_c,defocus_blur,1,none
efficientnet_b4,ILSVRC2012_val_00003851.JPEG,n02110627,252,252,0.6479281,1,imagenet_c,defocus_blur,1,none
efficientnet_b4,ILSVRC2012_val_00005489.JPEG,n02110627,252,252,0.7561965,1,imagenet_c,defocus_blur,1,none
efficientnet_b4,ILSVRC2012_val_00005785.JPEG,n02110627,252,252,0.45882735,1,imagenet_c,defocus_blur,1,none
efficientnet_b4,ILSVRC2012_val_00006545.JPEG,n02110627,252,252,0.68710583,1,imagenet_c,defocus_blur,1,none
efficientnet_b4,ILSVRC2012_val_00006933.JPEG,n02110627,252,252,0.5811836,1,imagenet_c,defocus_blur,1,none
efficientnet_b4,ILSVRC2012_val_00008310.JPEG,n02110627,252,252,0.6936046,1,imagenet_c,defocus_blur,1,none
efficientnet_b4,ILSVRC2012_val_00008653.JPEG,n02110627,252,252,0.8013916,1,imagenet_c,defocus_blur,1,none
efficientnet_b4,ILSVRC2012_val_00009478.JPEG,n02110627,252,252,0.75250095,1,imagenet_c,defocus_blur,1,none
efficientnet_b4,ILSVRC2012_val_00009817.JPEG,n02110627,252,252,0.8847795,1,imagenet_c,defocus_blur,1,none
efficientnet_b4,ILSVRC2012_val_00009985.JPEG,n02110627,252,252,0.8032389,1,imagenet_c,defocus_blur,1,none
efficientnet_b4,ILSVRC2012_val_00012437.JPEG,n02110627,252,252,0.87961495,1,imagenet_c,defocus_blur,1,none
efficientnet_b4,ILSVRC2012_val_00012470.JPEG,n02110627,252,252,0.8036872,1,imagenet_c,defocus_blur,1,none
efficientnet_b4,ILSVRC2012_val_00014145.JPEG,n02110627,252,252,0.57743233,1,imagenet_c,defocus_blur,1,none
efficientnet_b4,ILSVRC2012_val_00014203.JPEG,n02110627,252,252,0.74478155,1,imagenet_c,defocus_blur,1,none
efficientnet_b4,ILSVRC2012_val_00014374.JPEG,n02110627,252,252,0.40338176,1,imagenet_c,defocus_blur,1,none
efficientnet_b4,ILSVRC2012_val_00014698.JPEG,n02110627,252,252,0.6488574,1,imagenet_c,defocus_blur,1,none
efficientnet_b4,ILSVRC2012_val_00017359.JPEG,n02110627,252,262,0.5392158,0,imagenet_c,defocus_blur,1,none
efficientnet_b4,ILSVRC2012_val_00019880.JPEG,n02110627,252,252,0.41272706,1,imagenet_c,defocus_blur,1,none
efficientnet_b4,ILSVRC2012_val_00021573.JPEG,n02110627,252,252,0.37803993,1,imagenet_c,defocus_blur,1,none
efficientnet_b4,ILSVRC2012_val_00022578.JPEG,n02110627,252,252,0.49741986,1,imagenet_c,defocus_blur,1,none
efficientnet_b4,ILSVRC2012_val_00024150.JPEG,n02110627,252,252,0.4920789,1,imagenet_c,defocus_blur,1,none
efficientnet_b4,ILSVRC2012_val_00024186.JPEG,n02110627,252,256,0.6793728,0,imagenet_c,defocus_blur,1,none
efficientnet_b4,ILSVRC2012_val_00025949.JPEG,n02110627,252,252,0.49305698,1,imagenet_c,defocus_blur,1,none
efficientnet_b4,ILSVRC2012_val_00027947.JPEG,n02110627,252,252,0.82395923,1,imagenet_c,defocus_blur,1,none
efficientnet_b4,ILSVRC2012_val_00029382.JPEG,n02110627,252,252,0.3163945,1,imagenet_c,defocus_blur,1,none
efficientnet_b4,ILSVRC2012_val_00029923.JPEG,n02110627,252,252,0.7841484,1,imagenet_c,defocus_blur,1,none
efficientnet_b4,ILSVRC2012_val_00030018.JPEG,n02110627,252,252,0.7794277,1,imagenet_c,defocus_blur,1,none
efficientnet_b4,ILSVRC2012_val_00032592.JPEG,n02110627,252,252,0.5773457,1,imagenet_c,defocus_blur,1,none
efficientnet_b4,ILSVRC2012_val_00032850.JPEG,n02110627,252,252,0.75995195,1,imagenet_c,defocus_blur,1,none
efficientnet_b4,ILSVRC2012_val_00032948.JPEG,n02110627,252,155,0.41899064,0,imagenet_c,defocus_blur,1,none
efficientnet_b4,ILSVRC2012_val_00034745.JPEG,n02110627,252,252,0.41167074,1,imagenet_c,defocus_blur,1,none
efficientnet_b4,ILSVRC2012_val_00036062.JPEG,n02110627,252,252,0.41847175,1,imagenet_c,defocus_blur,1,none
efficientnet_b4,ILSVRC2012_val_00038448.JPEG,n02110627,252,252,0.5884295,1,imagenet_c,defocus_blur,1,none
efficientnet_b4,ILSVRC2012_val_00039928.JPEG,n02110627,252,252,0.67599124,1,imagenet_c,defocus_blur,1,none
efficientnet_b4,ILSVRC2012_val_00040409.JPEG,n02110627,252,252,0.8825323,1,imagenet_c,defocus_blur,1,none
efficientnet_b4,ILSVRC2012_val_00040979.JPEG,n02110627,252,179,0.51193935,0,imagenet_c,defocus_blur,1,none
efficientnet_b4,ILSVRC2012_val_00041953.JPEG,n02110627,252,252,0.40954065,1,imagenet_c,defocus_blur,1,none
efficientnet_b4,ILSVRC2012_val_00043933.JPEG,n02110627,252,252,0.65730965,1,imagenet_c,defocus_blur,1,none
efficientnet_b4,ILSVRC2012_val_00044949.JPEG,n02110627,252,252,0.6813382,1,imagenet_c,defocus_blur,1,none
efficientnet_b4,ILSVRC2012_val_00045250.JPEG,n02110627,252,252,0.80885667,1,imagenet_c,defocus_blur,1,none
efficientnet_b4,ILSVRC2012_val_00046825.JPEG,n02110627,252,252,0.7835587,1,imagenet_c,defocus_blur,1,none
efficientnet_b4,ILSVRC2012_val_00047479.JPEG,n02110627,252,252,0.168796,1,imagenet_c,defocus_blur,1,none
efficientnet_b4,ILSVRC2012_val_00048018.JPEG,n02110627,252,233,0.25244597,0,imagenet_c,defocus_blur,1,none
efficientnet_b4,ILSVRC2012_val_00048030.JPEG,n02110627,252,252,0.5878846,1,imagenet_c,defocus_blur,1,none
efficientnet_b4,ILSVRC2012_val_00048288.JPEG,n02110627,252,252,0.42167532,1,imagenet_c,defocus_blur,1,none
efficientnet_b4,ILSVRC2012_val_00048373.JPEG,n02110627,252,252,0.70550644,1,imagenet_c,defocus_blur,1,none
efficientnet_b4,ILSVRC2012_val_00049147.JPEG,n02110627,252,252,0.5957199,1,imagenet_c,defocus_blur,1,none
efficientnet_b4,ILSVRC2012_val_00049939.JPEG,n02110627,252,252,0.8075965,1,imagenet_c,defocus_blur,1,none
efficientnet_b4,ILSVRC2012_val_00001344.JPEG,n02110806,253,253,0.69861245,1,imagenet_c,defocus_blur,1,none
efficientnet_b4,ILSVRC2012_val_00004804.JPEG,n02110806,253,253,0.6035384,1,imagenet_c,defocus_blur,1,none
efficientnet_b4,ILSVRC2012_val_00006535.JPEG,n02110806,253,253,0.81722134,1,imagenet_c,defocus_blur,1,none
efficientnet_b4,ILSVRC2012_val_00007695.JPEG,n02110806,253,253,0.408872,1,imagenet_c,defocus_blur,1,none
efficientnet_b4,ILSVRC2012_val_00009093.JPEG,n02110806,253,253,0.40758175,1,imagenet_c,defocus_blur,1,none
efficientnet_b4,ILSVRC2012_val_00009224.JPEG,n02110806,253,253,0.6658158,1,imagenet_c,defocus_blur,1,none
efficientnet_b4,ILSVRC2012_val_00009468.JPEG,n02110806,253,253,0.7801298,1,imagenet_c,defocus_blur,1,none
efficientnet_b4,ILSVRC2012_val_00009810.JPEG,n02110806,253,274,0.10700613,0,imagenet_c,defocus_blur,1,none
efficientnet_b4,ILSVRC2012_val_00010686.JPEG,n02110806,253,253,0.5080336,1,imagenet_c,defocus_blur,1,none
efficientnet_b4,ILSVRC2012_val_00010970.JPEG,n02110806,253,253,0.64457583,1,imagenet_c,defocus_blur,1,none
efficientnet_b4,ILSVRC2012_val_00012171.JPEG,n02110806,253,253,0.5550026,1,imagenet_c,defocus_blur,1,none
efficientnet_b4,ILSVRC2012_val_00012221.JPEG,n02110806,253,253,0.6457723,1,imagenet_c,defocus_blur,1,none
efficientnet_b4,ILSVRC2012_val_00013318.JPEG,n02110806,253,158,0.39276358,0,imagenet_c,defocus_blur,1,none
efficientnet_b4,ILSVRC2012_val_00014332.JPEG,n02110806,253,253,0.57768345,1,imagenet_c,defocus_blur,1,none
efficientnet_b4,ILSVRC2012_val_00018009.JPEG,n02110806,253,253,0.8336647,1,imagenet_c,defocus_blur,1,none
efficientnet_b4,ILSVRC2012_val_00020118.JPEG,n02110806,253,253,0.75001687,1,imagenet_c,defocus_blur,1,none
efficientnet_b4,ILSVRC2012_val_00020392.JPEG,n02110806,253,253,0.6688488,1,imagenet_c,defocus_blur,1,none
efficientnet_b4,ILSVRC2012_val_00021126.JPEG,n02110806,253,263,0.25073457,0,imagenet_c,defocus_blur,1,none
efficientnet_b4,ILSVRC2012_val_00021214.JPEG,n02110806,253,253,0.6918985,1,imagenet_c,defocus_blur,1,none
efficientnet_b4,ILSVRC2012_val_00022196.JPEG,n02110806,253,253,0.37433255,1,imagenet_c,defocus_blur,1,none
efficientnet_b4,ILSVRC2012_val_00024321.JPEG,n02110806,253,253,0.5087354,1,imagenet_c,defocus_blur,1,none
efficientnet_b4,ILSVRC2012_val_00025187.JPEG,n02110806,253,253,0.46518436,1,imagenet_c,defocus_blur,1,none
efficientnet_b4,ILSVRC2012_val_00025245.JPEG,n02110806,253,253,0.74534684,1,imagenet_c,defocus_blur,1,none
efficientnet_b4,ILSVRC2012_val_00026028.JPEG,n02110806,253,253,0.6756114,1,imagenet_c,defocus_blur,1,none
efficientnet_b4,ILSVRC2012_val_00027839.JPEG,n02110806,253,253,0.74941295,1,imagenet_c,defocus_blur,1,none
efficientnet_b4,ILSVRC2012_val_00028725.JPEG,n02110806,253,253,0.4543999,1,imagenet_c,defocus_blur,1,none
efficientnet_b4,ILSVRC2012_val_00029934.JPEG,n02110806,253,253,0.70600295,1,imagenet_c,defocus_blur,1,none
efficientnet_b4,ILSVRC2012_val_00030364.JPEG,n02110806,253,253,0.6643548,1,imagenet_c,defocus_blur,1,none
efficientnet_b4,ILSVRC2012_val_00030771.JPEG,n02110806,253,166,0.4604523,0,imagenet_c,defocus_blur,1,none
efficientnet_b4,ILSVRC2012_val_00030970.JPEG,n02110806,253,253,0.7807127,1,imagenet_c,defocus_blur,1,none
efficientnet_b4,ILSVRC2012_val_00032209.JPEG,n02110806,253,264,0.22762956,0,imagenet_c,defocus_blur,1,none
efficientnet_b4,ILSVRC2012_val_00033848.JPEG,n02110806,253,253,0.6912969,1,imagenet_c,defocus_blur,1,none
efficientnet_b4,ILSVRC2012_val_00034075.JPEG,n02110806,253,253,0.83241004,1,imagenet_c,defocus_blur,1,none
efficientnet_b4,ILSVRC2012_val_00035296.JPEG,n02110806,253,253,0.87033606,1,imagenet_c,defocus_blur,1,none
efficientnet_b4,ILSVRC2012_val_00035890.JPEG,n02110806,253,253,0.591609,1,imagenet_c,defocus_blur,1,none
efficientnet_b4,ILSVRC2012_val_00039498.JPEG,n02110806,253,253,0.582974,1,imagenet_c,defocus_blur,1,none
efficientnet_b4,ILSVRC2012_val_00040187.JPEG,n02110806,253,253,0.21683703,1,imagenet_c,defocus_blur,1,none
efficientnet_b4,ILSVRC2012_val_00040381.JPEG,n02110806,253,173,0.35285527,0,imagenet_c,defocus_blur,1,none
efficientnet_b4,ILSVRC2012_val_00043289.JPEG,n02110806,253,253,0.7333814,1,imagenet_c,defocus_blur,1,none
efficientnet_b4,ILSVRC2012_val_00043319.JPEG,n02110806,253,253,0.6465477,1,imagenet_c,defocus_blur,1,none
efficientnet_b4,ILSVRC2012_val_00043464.JPEG,n02110806,253,253,0.37305385,1,imagenet_c,defocus_blur,1,none
efficientnet_b4,ILSVRC2012_val_00043813.JPEG,n02110806,253,253,0.8456887,1,imagenet_c,defocus_blur,1,none
efficientnet_b4,ILSVRC2012_val_00045859.JPEG,n02110806,253,253,0.38059762,1,imagenet_c,defocus_blur,1,none
efficientnet_b4,ILSVRC2012_val_00046134.JPEG,n02110806,253,253,0.5864447,1,imagenet_c,defocus_blur,1,none
efficientnet_b4,ILSVRC2012_val_00046197.JPEG,n02110806,253,253,0.8545977,1,imagenet_c,defocus_blur,1,none
efficientnet_b4,ILSVRC2012_val_00046623.JPEG,n02110806,253,253,0.74759555,1,imagenet_c,defocus_blur,1,none
efficientnet_b4,ILSVRC2012_val_00047019.JPEG,n02110806,253,173,0.11195252,0,imagenet_c,defocus_blur,1,none
efficientnet_b4,ILSVRC2012_val_00047411.JPEG,n02110806,253,253,0.5552575,1,imagenet_c,defocus_blur,1,none
efficientnet_b4,ILSVRC2012_val_00049334.JPEG,n02110806,253,253,0.8207556,1,imagenet_c,defocus_blur,1,none
efficientnet_b4,ILSVRC2012_val_00049397.JPEG,n02110806,253,253,0.7537437,1,imagenet_c,defocus_blur,1,none
efficientnet_b4,ILSVRC2012_val_00000220.JPEG,n02110958,254,254,0.6113609,1,imagenet_c,defocus_blur,1,none
efficientnet_b4,ILSVRC2012_val_00000333.JPEG,n02110958,254,254,0.5073961,1,imagenet_c,defocus_blur,1,none
efficientnet_b4,ILSVRC2012_val_00001009.JPEG,n02110958,254,254,0.5588407,1,imagenet_c,defocus_blur,1,none
efficientnet_b4,ILSVRC2012_val_00001397.JPEG,n02110958,254,254,0.28331763,1,imagenet_c,defocus_blur,1,none
efficientnet_b4,ILSVRC2012_val_00001646.JPEG,n02110958,254,262,0.2142475,0,imagenet_c,defocus_blur,1,none
efficientnet_b4,ILSVRC2012_val_00005017.JPEG,n02110958,254,179,0.3088776,0,imagenet_c,defocus_blur,1,none
efficientnet_b4,ILSVRC2012_val_00007928.JPEG,n02110958,254,254,0.6704715,1,imagenet_c,defocus_blur,1,none
efficientnet_b4,ILSVRC2012_val_00008585.JPEG,n02110958,254,254,0.16921078,1,imagenet_c,defocus_blur,1,none
efficientnet_b4,ILSVRC2012_val_00010846.JPEG,n02110958,254,254,0.58504564,1,imagenet_c,defocus_blur,1,none
efficientnet_b4,ILSVRC2012_val_00011023.JPEG,n02110958,254,254,0.48793587,1,imagenet_c,defocus_blur,1,none
efficientnet_b4,ILSVRC2012_val_00011495.JPEG,n02110958,254,242,0.05607927,0,imagenet_c,defocus_blur,1,none
efficientnet_b4,ILSVRC2012_val_00013278.JPEG,n02110958,254,254,0.3032274,1,imagenet_c,defocus_blur,1,none
efficientnet_b4,ILSVRC2012_val_00013622.JPEG,n02110958,254,254,0.21216473,1,imagenet_c,defocus_blur,1,none
efficientnet_b4,ILSVRC2012_val_00013653.JPEG,n02110958,254,254,0.33342516,1,imagenet_c,defocus_blur,1,none
efficientnet_b4,ILSVRC2012_val_00013670.JPEG,n02110958,254,254,0.61915994,1,imagenet_c,defocus_blur,1,none
efficientnet_b4,ILSVRC2012_val_00013869.JPEG,n02110958,254,254,0.4383761,1,imagenet_c,defocus_blur,1,none
efficientnet_b4,ILSVRC2012_val_00014500.JPEG,n02110958,254,254,0.5760972,1,imagenet_c,defocus_blur,1,none
efficientnet_b4,ILSVRC2012_val_00015395.JPEG,n02110958,254,254,0.4430722,1,imagenet_c,defocus_blur,1,none
efficientnet_b4,ILSVRC2012_val_00015419.JPEG,n02110958,254,254,0.32240227,1,imagenet_c,defocus_blur,1,none
efficientnet_b4,ILSVRC2012_val_00015786.JPEG,n02110958,254,254,0.29339764,1,imagenet_c,defocus_blur,1,none
efficientnet_b4,ILSVRC2012_val_00017188.JPEG,n02110958,254,254,0.7462751,1,imagenet_c,defocus_blur,1,none
efficientnet_b4,ILSVRC2012_val_00017938.JPEG,n02110958,254,254,0.5484021,1,imagenet_c,defocus_blur,1,none
efficientnet_b4,ILSVRC2012_val_00017965.JPEG,n02110958,254,254,0.6340425,1,imagenet_c,defocus_blur,1,none
efficientnet_b4,ILSVRC2012_val_00019464.JPEG,n02110958,254,170,0.17569114,0,imagenet_c,defocus_blur,1,none
efficientnet_b4,ILSVRC2012_val_00023543.JPEG,n02110958,254,254,0.3394183,1,imagenet_c,defocus_blur,1,none
efficientnet_b4,ILSVRC2012_val_00024240.JPEG,n02110958,254,254,0.5711021,1,imagenet_c,defocus_blur,1,none
efficientnet_b4,ILSVRC2012_val_00024249.JPEG,n02110958,254,254,0.52567184,1,imagenet_c,defocus_blur,1,none
efficientnet_b4,ILSVRC2012_val_00024642.JPEG,n02110958,254,254,0.5386274,1,imagenet_c,defocus_blur,1,none
efficientnet_b4,ILSVRC2012_val_00025501.JPEG,n02110958,254,254,0.5667985,1,imagenet_c,defocus_blur,1,none
efficientnet_b4,ILSVRC2012_val_00028408.JPEG,n02110958,254,158,0.22458814,0,imagenet_c,defocus_blur,1,none
efficientnet_b4,ILSVRC2012_val_00028895.JPEG,n02110958,254,254,0.6465217,1,imagenet_c,defocus_blur,1,none
efficientnet_b4,ILSVRC2012_val_00029246.JPEG,n02110958,254,254,0.55079406,1,imagenet_c,defocus_blur,1,none
efficientnet_b4,ILSVRC2012_val_00030603.JPEG,n02110958,254,254,0.53367364,1,imagenet_c,defocus_blur,1,none
efficientnet_b4,ILSVRC2012_val_00030606.JPEG,n02110958,254,254,0.5611682,1,imagenet_c,defocus_blur,1,none
efficientnet_b4,ILSVRC2012_val_00030877.JPEG,n02110958,254,254,0.6878694,1,imagenet_c,defocus_blur,1,none
efficientnet_b4,ILSVRC2012_val_00031219.JPEG,n02110958,254,254,0.46882406,1,imagenet_c,defocus_blur,1,none
efficientnet_b4,ILSVRC2012_val_00032117.JPEG,n02110958,254,223,0.3336324,0,imagenet_c,defocus_blur,1,none
efficientnet_b4,ILSVRC2012_val_00033673.JPEG,n02110958,254,254,0.21221057,1,imagenet_c,defocus_blur,1,none
efficientnet_b4,ILSVRC2012_val_00034267.JPEG,n02110958,254,254,0.6701229,1,imagenet_c,defocus_blur,1,none
efficientnet_b4,ILSVRC2012_val_00034628.JPEG,n02110958,254,254,0.53792924,1,imagenet_c,defocus_blur,1,none
efficientnet_b4,ILSVRC2012_val_00036072.JPEG,n02110958,254,254,0.82572514,1,imagenet_c,defocus_blur,1,none
efficientnet_b4,ILSVRC2012_val_00038637.JPEG,n02110958,254,242,0.30505115,0,imagenet_c,defocus_blur,1,none
efficientnet_b4,ILSVRC2012_val_00039291.JPEG,n02110958,254,254,0.57374,1,imagenet_c,defocus_blur,1,none
efficientnet_b4,ILSVRC2012_val_00042286.JPEG,n02110958,254,254,0.5929581,1,imagenet_c,defocus_blur,1,none
efficientnet_b4,ILSVRC2012_val_00042922.JPEG,n02110958,254,254,0.27804568,1,imagenet_c,defocus_blur,1,none
efficientnet_b4,ILSVRC2012_val_00043817.JPEG,n02110958,254,254,0.4593658,1,imagenet_c,defocus_blur,1,none
efficientnet_b4,ILSVRC2012_val_00045204.JPEG,n02110958,254,254,0.5756314,1,imagenet_c,defocus_blur,1,none
efficientnet_b4,ILSVRC2012_val_00046804.JPEG,n02110958,254,254,0.54538834,1,imagenet_c,defocus_blur,1,none
efficientnet_b4,ILSVRC2012_val_00047017.JPEG,n02110958,254,254,0.7441214,1,imagenet_c,defocus_blur,1,none
efficientnet_b4,ILSVRC2012_val_00047583.JPEG,n02110958,254,254,0.53592914,1,imagenet_c,defocus_blur,1,none
efficientnet_b4,ILSVRC2012_val_00001203.JPEG,n02111129,255,255,0.6462232,1,imagenet_c,defocus_blur,1,none
efficientnet_b4,ILSVRC2012_val_00001401.JPEG,n02111129,255,255,0.5225771,1,imagenet_c,defocus_blur,1,none
efficientnet_b4,ILSVRC2012_val_00001762.JPEG,n02111129,255,255,0.62057936,1,imagenet_c,defocus_blur,1,none
efficientnet_b4,ILSVRC2012_val_00002635.JPEG,n02111129,255,255,0.83613026,1,imagenet_c,defocus_blur,1,none
efficientnet_b4,ILSVRC2012_val_00003638.JPEG,n02111129,255,255,0.775986,1,imagenet_c,defocus_blur,1,none
efficientnet_b4,ILSVRC2012_val_00004026.JPEG,n02111129,255,255,0.677464,1,imagenet_c,defocus_blur,1,none
efficientnet_b4,ILSVRC2012_val_00007211.JPEG,n02111129,255,255,0.6753318,1,imagenet_c,defocus_blur,1,none
efficientnet_b4,ILSVRC2012_val_00008496.JPEG,n02111129,255,255,0.607379,1,imagenet_c,defocus_blur,1,none
efficientnet_b4,ILSVRC2012_val_00008624.JPEG,n02111129,255,255,0.31989187,1,imagenet_c,defocus_blur,1,none
efficientnet_b4,ILSVRC2012_val_00009163.JPEG,n02111129,255,255,0.61573046,1,imagenet_c,defocus_blur,1,none
efficientnet_b4,ILSVRC2012_val_00010113.JPEG,n02111129,255,255,0.6464572,1,imagenet_c,defocus_blur,1,none
efficientnet_b4,ILSVRC2012_val_00011141.JPEG,n02111129,255,255,0.5168254,1,imagenet_c,defocus_blur,1,none
efficientnet_b4,ILSVRC2012_val_00011146.JPEG,n02111129,255,255,0.64095736,1,imagenet_c,defocus_blur,1,none
efficientnet_b4,ILSVRC2012_val_00011316.JPEG,n02111129,255,255,0.524114,1,imagenet_c,defocus_blur,1,none
efficientnet_b4,ILSVRC2012_val_00013159.JPEG,n02111129,255,255,0.56909156,1,imagenet_c,defocus_blur,1,none
efficientnet_b4,ILSVRC2012_val_00014863.JPEG,n02111129,255,255,0.68426627,1,imagenet_c,defocus_blur,1,none
efficientnet_b4,ILSVRC2012_val_00015310.JPEG,n02111129,255,255,0.5828819,1,imagenet_c,defocus_blur,1,none
efficientnet_b4,ILSVRC2012_val_00017151.JPEG,n02111129,255,255,0.61818445,1,imagenet_c,defocus_blur,1,none
efficientnet_b4,ILSVRC2012_val_00018736.JPEG,n02111129,255,255,0.55230474,1,imagenet_c,defocus_blur,1,none
efficientnet_b4,ILSVRC2012_val_00019715.JPEG,n02111129,255,255,0.53542227,1,imagenet_c,defocus_blur,1,none
efficientnet_b4,ILSVRC2012_val_00021370.JPEG,n02111129,255,255,0.6425935,1,imagenet_c,defocus_blur,1,none
efficientnet_b4,ILSVRC2012_val_00021379.JPEG,n02111129,255,255,0.6220952,1,imagenet_c,defocus_blur,1,none
efficientnet_b4,ILSVRC2012_val_00022319.JPEG,n02111129,255,255,0.5056022,1,imagenet_c,defocus_blur,1,none
efficientnet_b4,ILSVRC2012_val_00022950.JPEG,n02111129,255,255,0.6260317,1,imagenet_c,defocus_blur,1,none
efficientnet_b4,ILSVRC2012_val_00025219.JPEG,n02111129,255,255,0.64406943,1,imagenet_c,defocus_blur,1,none
efficientnet_b4,ILSVRC2012_val_00025253.JPEG,n02111129,255,255,0.5786883,1,imagenet_c,defocus_blur,1,none
efficientnet_b4,ILSVRC2012_val_00026684.JPEG,n02111129,255,255,0.51114875,1,imagenet_c,defocus_blur,1,none
efficientnet_b4,ILSVRC2012_val_00028755.JPEG,n02111129,255,255,0.69527346,1,imagenet_c,defocus_blur,1,none
efficientnet_b4,ILSVRC2012_val_00028913.JPEG,n02111129,255,255,0.87688386,1,imagenet_c,defocus_blur,1,none
efficientnet_b4,ILSVRC2012_val_00030170.JPEG,n02111129,255,255,0.61991763,1,imagenet_c,defocus_blur,1,none
efficientnet_b4,ILSVRC2012_val_00030445.JPEG,n02111129,255,255,0.49986044,1,imagenet_c,defocus_blur,1,none
efficientnet_b4,ILSVRC2012_val_00031678.JPEG,n02111129,255,255,0.6391321,1,imagenet_c,defocus_blur,1,none
efficientnet_b4,ILSVRC2012_val_00033357.JPEG,n02111129,255,255,0.5897172,1,imagenet_c,defocus_blur,1,none
efficientnet_b4,ILSVRC2012_val_00033449.JPEG,n02111129,255,255,0.7174545,1,imagenet_c,defocus_blur,1,none
efficientnet_b4,ILSVRC2012_val_00035530.JPEG,n02111129,255,255,0.42052004,1,imagenet_c,defocus_blur,1,none
efficientnet_b4,ILSVRC2012_val_00036462.JPEG,n02111129,255,255,0.5844234,1,imagenet_c,defocus_blur,1,none
efficientnet_b4,ILSVRC2012_val_00037325.JPEG,n02111129,255,255,0.6787603,1,imagenet_c,defocus_blur,1,none
efficientnet_b4,ILSVRC2012_val_00038690.JPEG,n02111129,255,255,0.5282625,1,imagenet_c,defocus_blur,1,none
efficientnet_b4,ILSVRC2012_val_00038704.JPEG,n02111129,255,255,0.6049367,1,imagenet_c,defocus_blur,1,none
efficientnet_b4,ILSVRC2012_val_00038896.JPEG,n02111129,255,255,0.5917061,1,imagenet_c,defocus_blur,1,none
efficientnet_b4,ILSVRC2012_val_00040802.JPEG,n02111129,255,255,0.64227104,1,imagenet_c,defocus_blur,1,none
efficientnet_b4,ILSVRC2012_val_00041337.JPEG,n02111129,255,255,0.6083281,1,imagenet_c,defocus_blur,1,none
efficientnet_b4,ILSVRC2012_val_00042400.JPEG,n02111129,255,255,0.46882984,1,imagenet_c,defocus_blur,1,none
efficientnet_b4,ILSVRC2012_val_00042869.JPEG,n02111129,255,255,0.548149,1,imagenet_c,defocus_blur,1,none
efficientnet_b4,ILSVRC2012_val_00043491.JPEG,n02111129,255,255,0.59254825,1,imagenet_c,defocus_blur,1,none
efficientnet_b4,ILSVRC2012_val_00048080.JPEG,n02111129,255,255,0.86958975,1,imagenet_c,defocus_blur,1,none
efficientnet_b4,ILSVRC2012_val_00048310.JPEG,n02111129,255,255,0.8221822,1,imagenet_c,defocus_blur,1,none
efficientnet_b4,ILSVRC2012_val_00049245.JPEG,n02111129,255,255,0.7064691,1,imagenet_c,defocus_blur,1,none
efficientnet_b4,ILSVRC2012_val_00049484.JPEG,n02111129,255,255,0.89689887,1,imagenet_c,defocus_blur,1,none
efficientnet_b4,ILSVRC2012_val_00049627.JPEG,n02111129,255,255,0.59330106,1,imagenet_c,defocus_blur,1,none
efficientnet_b4,ILSVRC2012_val_00000045.JPEG,n02111277,256,256,0.6135561,1,imagenet_c,defocus_blur,1,none
efficientnet_b4,ILSVRC2012_val_00001129.JPEG,n02111277,256,256,0.68078154,1,imagenet_c,defocus_blur,1,none
efficientnet_b4,ILSVRC2012_val_00002854.JPEG,n02111277,256,256,0.1803474,1,imagenet_c,defocus_blur,1,none
efficientnet_b4,ILSVRC2012_val_00002882.JPEG,n02111277,256,256,0.50008094,1,imagenet_c,defocus_blur,1,none
efficientnet_b4,ILSVRC2012_val_00003242.JPEG,n02111277,256,256,0.5803008,1,imagenet_c,defocus_blur,1,none
efficientnet_b4,ILSVRC2012_val_00004134.JPEG,n02111277,256,256,0.24401452,1,imagenet_c,defocus_blur,1,none
efficientnet_b4,ILSVRC2012_val_00004435.JPEG,n02111277,256,220,0.25147492,0,imagenet_c,defocus_blur,1,none
efficientnet_b4,ILSVRC2012_val_00005626.JPEG,n02111277,256,197,0.121841215,0,imagenet_c,defocus_blur,1,none
efficientnet_b4,ILSVRC2012_val_00006649.JPEG,n02111277,256,256,0.42896897,1,imagenet_c,defocus_blur,1,none
efficientnet_b4,ILSVRC2012_val_00008111.JPEG,n02111277,256,256,0.68813294,1,imagenet_c,defocus_blur,1,none
efficientnet_b4,ILSVRC2012_val_00010734.JPEG,n02111277,256,256,0.5396604,1,imagenet_c,defocus_blur,1,none
efficientnet_b4,ILSVRC2012_val_00011229.JPEG,n02111277,256,256,0.44262692,1,imagenet_c,defocus_blur,1,none
efficientnet_b4,ILSVRC2012_val_00012380.JPEG,n02111277,256,256,0.5658782,1,imagenet_c,defocus_blur,1,none
efficientnet_b4,ILSVRC2012_val_00012617.JPEG,n02111277,256,256,0.5399833,1,imagenet_c,defocus_blur,1,none
efficientnet_b4,ILSVRC2012_val_00013387.JPEG,n02111277,256,256,0.39789888,1,imagenet_c,defocus_blur,1,none
efficientnet_b4,ILSVRC2012_val_00014151.JPEG,n02111277,256,256,0.73470855,1,imagenet_c,defocus_blur,1,none
efficientnet_b4,ILSVRC2012_val_00015197.JPEG,n02111277,256,256,0.5270778,1,imagenet_c,defocus_blur,1,none
efficientnet_b4,ILSVRC2012_val_00016001.JPEG,n02111277,256,244,0.5007824,0,imagenet_c,defocus_blur,1,none
efficientnet_b4,ILSVRC2012_val_00016169.JPEG,n02111277,256,256,0.58998847,1,imagenet_c,defocus_blur,1,none
efficientnet_b4,ILSVRC2012_val_00016890.JPEG,n02111277,256,256,0.43185616,1,imagenet_c,defocus_blur,1,none
efficientnet_b4,ILSVRC2012_val_00017495.JPEG,n02111277,256,256,0.8069515,1,imagenet_c,defocus_blur,1,none
efficientnet_b4,ILSVRC2012_val_00019325.JPEG,n02111277,256,256,0.07784802,1,imagenet_c,defocus_blur,1,none
efficientnet_b4,ILSVRC2012_val_00021356.JPEG,n02111277,256,256,0.37144873,1,imagenet_c,defocus_blur,1,none
efficientnet_b4,ILSVRC2012_val_00021436.JPEG,n02111277,256,256,0.8515425,1,imagenet_c,defocus_blur,1,none
efficientnet_b4,ILSVRC2012_val_00021777.JPEG,n02111277,256,220,0.17634623,0,imagenet_c,defocus_blur,1,none
efficientnet_b4,ILSVRC2012_val_00023569.JPEG,n02111277,256,256,0.81259954,1,imagenet_c,defocus_blur,1,none
efficientnet_b4,ILSVRC2012_val_00024148.JPEG,n02111277,256,256,0.61010504,1,imagenet_c,defocus_blur,1,none
efficientnet_b4,ILSVRC2012_val_00025805.JPEG,n02111277,256,256,0.5375861,1,imagenet_c,defocus_blur,1,none
efficientnet_b4,ILSVRC2012_val_00026718.JPEG,n02111277,256,234,0.564999,0,imagenet_c,defocus_blur,1,none
efficientnet_b4,ILSVRC2012_val_00027399.JPEG,n02111277,256,256,0.5110656,1,imagenet_c,defocus_blur,1,none
efficientnet_b4,ILSVRC2012_val_00027699.JPEG,n02111277,256,256,0.67975223,1,imagenet_c,defocus_blur,1,none
efficientnet_b4,ILSVRC2012_val_00028091.JPEG,n02111277,256,256,0.668193,1,imagenet_c,defocus_blur,1,none
efficientnet_b4,ILSVRC2012_val_00032047.JPEG,n02111277,256,256,0.5450754,1,imagenet_c,defocus_blur,1,none
efficientnet_b4,ILSVRC2012_val_00032188.JPEG,n02111277,256,256,0.4018984,1,imagenet_c,defocus_blur,1,none
efficientnet_b4,ILSVRC2012_val_00034681.JPEG,n02111277,256,256,0.56498164,1,imagenet_c,defocus_blur,1,none
efficientnet_b4,ILSVRC2012_val_00035095.JPEG,n02111277,256,194,0.1415911,0,imagenet_c,defocus_blur,1,none
efficientnet_b4,ILSVRC2012_val_00036716.JPEG,n02111277,256,256,0.71181494,1,imagenet_c,defocus_blur,1,none
efficientnet_b4,ILSVRC2012_val_00037097.JPEG,n02111277,256,220,0.7917773,0,imagenet_c,defocus_blur,1,none
efficientnet_b4,ILSVRC2012_val_00037481.JPEG,n02111277,256,256,0.36844432,1,imagenet_c,defocus_blur,1,none
efficientnet_b4,ILSVRC2012_val_00038018.JPEG,n02111277,256,256,0.6284271,1,imagenet_c,defocus_blur,1,none
efficientnet_b4,ILSVRC2012_val_00039173.JPEG,n02111277,256,256,0.4751478,1,imagenet_c,defocus_blur,1,none
efficientnet_b4,ILSVRC2012_val_00042909.JPEG,n02111277,256,217,0.27682316,0,imagenet_c,defocus_blur,1,none
efficientnet_b4,ILSVRC2012_val_00043152.JPEG,n02111277,256,244,0.26566824,0,imagenet_c,defocus_blur,1,none
efficientnet_b4,ILSVRC2012_val_00044206.JPEG,n02111277,256,361,0.099914946,0,imagenet_c,defocus_blur,1,none
efficientnet_b4,ILSVRC2012_val_00046591.JPEG,n02111277,256,214,0.12604262,0,imagenet_c,defocus_blur,1,none
efficientnet_b4,ILSVRC2012_val_00047062.JPEG,n02111277,256,256,0.32291314,1,imagenet_c,defocus_blur,1,none
efficientnet_b4,ILSVRC2012_val_00047242.JPEG,n02111277,256,693,0.36766872,0,imagenet_c,defocus_blur,1,none
efficientnet_b4,ILSVRC2012_val_00048512.JPEG,n02111277,256,256,0.25650293,1,imagenet_c,defocus_blur,1,none
efficientnet_b4,ILSVRC2012_val_00049046.JPEG,n02111277,256,256,0.6318728,1,imagenet_c,defocus_blur,1,none
efficientnet_b4,ILSVRC2012_val_00049327.JPEG,n02111277,256,256,0.53864014,1,imagenet_c,defocus_blur,1,none
efficientnet_b4,ILSVRC2012_val_00000174.JPEG,n02111500,257,257,0.7265956,1,imagenet_c,defocus_blur,1,none
efficientnet_b4,ILSVRC2012_val_00000450.JPEG,n02111500,257,208,0.36576018,0,imagenet_c,defocus_blur,1,none
efficientnet_b4,ILSVRC2012_val_00001624.JPEG,n02111500,257,202,0.1974593,0,imagenet_c,defocus_blur,1,none
efficientnet_b4,ILSVRC2012_val_00003794.JPEG,n02111500,257,257,0.65159494,1,imagenet_c,defocus_blur,1,none
efficientnet_b4,ILSVRC2012_val_00004208.JPEG,n02111500,257,190,0.05009491,0,imagenet_c,defocus_blur,1,none
efficientnet_b4,ILSVRC2012_val_00004450.JPEG,n02111500,257,257,0.44866535,1,imagenet_c,defocus_blur,1,none
efficientnet_b4,ILSVRC2012_val_00004474.JPEG,n02111500,257,222,0.3952677,0,imagenet_c,defocus_blur,1,none
efficientnet_b4,ILSVRC2012_val_00005317.JPEG,n02111500,257,257,0.2892262,1,imagenet_c,defocus_blur,1,none
efficientnet_b4,ILSVRC2012_val_00006232.JPEG,n02111500,257,257,0.278182,1,imagenet_c,defocus_blur,1,none
efficientnet_b4,ILSVRC2012_val_00008408.JPEG,n02111500,257,222,0.43595374,0,imagenet_c,defocus_blur,1,none
efficientnet_b4,ILSVRC2012_val_00010466.JPEG,n02111500,257,257,0.67764866,1,imagenet_c,defocus_blur,1,none
efficientnet_b4,ILSVRC2012_val_00015226.JPEG,n02111500,257,257,0.35459906,1,imagenet_c,defocus_blur,1,none
efficientnet_b4,ILSVRC2012_val_00016369.JPEG,n02111500,257,222,0.24090032,0,imagenet_c,defocus_blur,1,none
efficientnet_b4,ILSVRC2012_val_00017013.JPEG,n02111500,257,208,0.07826564,0,imagenet_c,defocus_blur,1,none
efficientnet_b4,ILSVRC2012_val_00017735.JPEG,n02111500,257,257,0.85336936,1,imagenet_c,defocus_blur,1,none
efficientnet_b4,ILSVRC2012_val_00020191.JPEG,n02111500,257,257,0.70131797,1,imagenet_c,defocus_blur,1,none
efficientnet_b4,ILSVRC2012_val_00021840.JPEG,n02111500,257,222,0.6418305,0,imagenet_c,defocus_blur,1,none
efficientnet_b4,ILSVRC2012_val_00022390.JPEG,n02111500,257,222,0.41150874,0,imagenet_c,defocus_blur,1,none
efficientnet_b4,ILSVRC2012_val_00022990.JPEG,n02111500,257,158,0.16417836,0,imagenet_c,defocus_blur,1,none
efficientnet_b4,ILSVRC2012_val_00023003.JPEG,n02111500,257,257,0.10404148,1,imagenet_c,defocus_blur,1,none
efficientnet_b4,ILSVRC2012_val_00024785.JPEG,n02111500,257,222,0.17051503,0,imagenet_c,defocus_blur,1,none
efficientnet_b4,ILSVRC2012_val_00024904.JPEG,n02111500,257,257,0.25316918,1,imagenet_c,defocus_blur,1,none
efficientnet_b4,ILSVRC2012_val_00027496.JPEG,n02111500,257,257,0.63280827,1,imagenet_c,defocus_blur,1,none
efficientnet_b4,ILSVRC2012_val_00028742.JPEG,n02111500,257,257,0.290232,1,imagenet_c,defocus_blur,1,none
efficientnet_b4,ILSVRC2012_val_00029259.JPEG,n02111500,257,257,0.22177505,1,imagenet_c,defocus_blur,1,none
efficientnet_b4,ILSVRC2012_val_00029490.JPEG,n02111500,257,257,0.7910172,1,imagenet_c,defocus_blur,1,none
efficientnet_b4,ILSVRC2012_val_00030093.JPEG,n02111500,257,222,0.42779198,0,imagenet_c,defocus_blur,1,none
efficientnet_b4,ILSVRC2012_val_00033002.JPEG,n02111500,257,257,0.26843673,1,imagenet_c,defocus_blur,1,none
efficientnet_b4,ILSVRC2012_val_00034567.JPEG,n02111500,257,257,0.43649262,1,imagenet_c,defocus_blur,1,none
efficientnet_b4,ILSVRC2012_val_00035091.JPEG,n02111500,257,257,0.6385624,1,imagenet_c,defocus_blur,1,none
efficientnet_b4,ILSVRC2012_val_00035941.JPEG,n02111500,257,257,0.5318119,1,imagenet_c,defocus_blur,1,none
efficientnet_b4,ILSVRC2012_val_00036075.JPEG,n02111500,257,222,0.4742438,0,imagenet_c,defocus_blur,1,none
efficientnet_b4,ILSVRC2012_val_00036234.JPEG,n02111500,257,222,0.35733768,0,imagenet_c,defocus_blur,1,none
efficientnet_b4,ILSVRC2012_val_00036918.JPEG,n02111500,257,257,0.83076066,1,imagenet_c,defocus_blur,1,none
efficientnet_b4,ILSVRC2012_val_00037038.JPEG,n02111500,257,257,0.7699438,1,imagenet_c,defocus_blur,1,none
efficientnet_b4,ILSVRC2012_val_00037456.JPEG,n02111500,257,257,0.5945153,1,imagenet_c,defocus_blur,1,none
efficientnet_b4,ILSVRC2012_val_00037462.JPEG,n02111500,257,222,0.32890457,0,imagenet_c,defocus_blur,1,none
efficientnet_b4,ILSVRC2012_val_00037648.JPEG,n02111500,257,257,0.09397885,1,imagenet_c,defocus_blur,1,none
efficientnet_b4,ILSVRC2012_val_00038112.JPEG,n02111500,257,222,0.23253466,0,imagenet_c,defocus_blur,1,none
efficientnet_b4,ILSVRC2012_val_00038589.JPEG,n02111500,257,222,0.31425625,0,imagenet_c,defocus_blur,1,none
efficientnet_b4,ILSVRC2012_val_00039730.JPEG,n02111500,257,257,0.7355584,1,imagenet_c,defocus_blur,1,none
efficientnet_b4,ILSVRC2012_val_00040628.JPEG,n02111500,257,222,0.23882675,0,imagenet_c,defocus_blur,1,none
efficientnet_b4,ILSVRC2012_val_00041406.JPEG,n02111500,257,257,0.70848304,1,imagenet_c,defocus_blur,1,none
efficientnet_b4,ILSVRC2012_val_00043270.JPEG,n02111500,257,257,0.768318,1,imagenet_c,defocus_blur,1,none
efficientnet_b4,ILSVRC2012_val_00043940.JPEG,n02111500,257,257,0.56580186,1,imagenet_c,defocus_blur,1,none
efficientnet_b4,ILSVRC2012_val_00044546.JPEG,n02111500,257,207,0.33720148,0,imagenet_c,defocus_blur,1,none
efficientnet_b4,ILSVRC2012_val_00045598.JPEG,n02111500,257,257,0.35049036,1,imagenet_c,defocus_blur,1,none
efficientnet_b4,ILSVRC2012_val_00046044.JPEG,n02111500,257,257,0.4689378,1,imagenet_c,defocus_blur,1,none
efficientnet_b4,ILSVRC2012_val_00048125.JPEG,n02111500,257,257,0.37888625,1,imagenet_c,defocus_blur,1,none
efficientnet_b4,ILSVRC2012_val_00049200.JPEG,n02111500,257,257,0.446777,1,imagenet_c,defocus_blur,1,none
efficientnet_b4,ILSVRC2012_val_00000590.JPEG,n02111889,258,258,0.8515219,1,imagenet_c,defocus_blur,1,none
efficientnet_b4,ILSVRC2012_val_00003490.JPEG,n02111889,258,258,0.3771829,1,imagenet_c,defocus_blur,1,none
efficientnet_b4,ILSVRC2012_val_00003808.JPEG,n02111889,258,258,0.74559283,1,imagenet_c,defocus_blur,1,none
efficientnet_b4,ILSVRC2012_val_00006353.JPEG,n02111889,258,258,0.6464304,1,imagenet_c,defocus_blur,1,none
efficientnet_b4,ILSVRC2012_val_00006646.JPEG,n02111889,258,258,0.7151157,1,imagenet_c,defocus_blur,1,none
efficientnet_b4,ILSVRC2012_val_00008752.JPEG,n02111889,258,258,0.687485,1,imagenet_c,defocus_blur,1,none
efficientnet_b4,ILSVRC2012_val_00009061.JPEG,n02111889,258,258,0.26270208,1,imagenet_c,defocus_blur,1,none
efficientnet_b4,ILSVRC2012_val_00011049.JPEG,n02111889,258,258,0.7839954,1,imagenet_c,defocus_blur,1,none
efficientnet_b4,ILSVRC2012_val_00011570.JPEG,n02111889,258,258,0.64788544,1,imagenet_c,defocus_blur,1,none
efficientnet_b4,ILSVRC2012_val_00012053.JPEG,n02111889,258,258,0.69962776,1,imagenet_c,defocus_blur,1,none
efficientnet_b4,ILSVRC2012_val_00013501.JPEG,n02111889,258,258,0.7069287,1,imagenet_c,defocus_blur,1,none
efficientnet_b4,ILSVRC2012_val_00015015.JPEG,n02111889,258,258,0.33463374,1,imagenet_c,defocus_blur,1,none
efficientnet_b4,ILSVRC2012_val_00015430.JPEG,n02111889,258,258,0.62576187,1,imagenet_c,defocus_blur,1,none
efficientnet_b4,ILSVRC2012_val_00018007.JPEG,n02111889,258,258,0.5269563,1,imagenet_c,defocus_blur,1,none
efficientnet_b4,ILSVRC2012_val_00021632.JPEG,n02111889,258,258,0.61222994,1,imagenet_c,defocus_blur,1,none
efficientnet_b4,ILSVRC2012_val_00022032.JPEG,n02111889,258,258,0.65214723,1,imagenet_c,defocus_blur,1,none
efficientnet_b4,ILSVRC2012_val_00022266.JPEG,n02111889,258,258,0.3461829,1,imagenet_c,defocus_blur,1,none
efficientnet_b4,ILSVRC2012_val_00022543.JPEG,n02111889,258,258,0.6993862,1,imagenet_c,defocus_blur,1,none
efficientnet_b4,ILSVRC2012_val_00023884.JPEG,n02111889,258,258,0.5455744,1,imagenet_c,defocus_blur,1,none
efficientnet_b4,ILSVRC2012_val_00024330.JPEG,n02111889,258,258,0.62516356,1,imagenet_c,defocus_blur,1,none
efficientnet_b4,ILSVRC2012_val_00024951.JPEG,n02111889,258,257,0.18014866,0,imagenet_c,defocus_blur,1,none
efficientnet_b4,ILSVRC2012_val_00026186.JPEG,n02111889,258,258,0.67760086,1,imagenet_c,defocus_blur,1,none
efficientnet_b4,ILSVRC2012_val_00027025.JPEG,n02111889,258,258,0.7826289,1,imagenet_c,defocus_blur,1,none
efficientnet_b4,ILSVRC2012_val_00027184.JPEG,n02111889,258,258,0.50826466,1,imagenet_c,defocus_blur,1,none
efficientnet_b4,ILSVRC2012_val_00028695.JPEG,n02111889,258,258,0.7929013,1,imagenet_c,defocus_blur,1,none
efficientnet_b4,ILSVRC2012_val_00029610.JPEG,n02111889,258,258,0.5307935,1,imagenet_c,defocus_blur,1,none
efficientnet_b4,ILSVRC2012_val_00030058.JPEG,n02111889,258,153,0.24346845,0,imagenet_c,defocus_blur,1,none
efficientnet_b4,ILSVRC2012_val_00030924.JPEG,n02111889,258,258,0.5463354,1,imagenet_c,defocus_blur,1,none
efficientnet_b4,ILSVRC2012_val_00031031.JPEG,n02111889,258,258,0.62550914,1,imagenet_c,defocus_blur,1,none
efficientnet_b4,ILSVRC2012_val_00031709.JPEG,n02111889,258,258,0.5268593,1,imagenet_c,defocus_blur,1,none
efficientnet_b4,ILSVRC2012_val_00032819.JPEG,n02111889,258,258,0.19084197,1,imagenet_c,defocus_blur,1,none
efficientnet_b4,ILSVRC2012_val_00033101.JPEG,n02111889,258,258,0.8263248,1,imagenet_c,defocus_blur,1,none
efficientnet_b4,ILSVRC2012_val_00033280.JPEG,n02111889,258,258,0.6687683,1,imagenet_c,defocus_blur,1,none
efficientnet_b4,ILSVRC2012_val_00034430.JPEG,n02111889,258,296,0.34002337,0,imagenet_c,defocus_blur,1,none
efficientnet_b4,ILSVRC2012_val_00034581.JPEG,n02111889,258,258,0.6511049,1,imagenet_c,defocus_blur,1,none
efficientnet_b4,ILSVRC2012_val_00035585.JPEG,n02111889,258,258,0.74765766,1,imagenet_c,defocus_blur,1,none
efficientnet_b4,ILSVRC2012_val_00036379.JPEG,n02111889,258,258,0.6239921,1,imagenet_c,defocus_blur,1,none
efficientnet_b4,ILSVRC2012_val_00038550.JPEG,n02111889,258,258,0.7189447,1,imagenet_c,defocus_blur,1,none
efficientnet_b4,ILSVRC2012_val_00038604.JPEG,n02111889,258,258,0.7180873,1,imagenet_c,defocus_blur,1,none
efficientnet_b4,ILSVRC2012_val_00039123.JPEG,n02111889,258,258,0.7867844,1,imagenet_c,defocus_blur,1,none
efficientnet_b4,ILSVRC2012_val_00039709.JPEG,n02111889,258,258,0.4307546,1,imagenet_c,defocus_blur,1,none
efficientnet_b4,ILSVRC2012_val_00040405.JPEG,n02111889,258,258,0.69747233,1,imagenet_c,defocus_blur,1,none
efficientnet_b4,ILSVRC2012_val_00041377.JPEG,n02111889,258,258,0.7169843,1,imagenet_c,defocus_blur,1,none
efficientnet_b4,ILSVRC2012_val_00041480.JPEG,n02111889,258,258,0.7061705,1,imagenet_c,defocus_blur,1,none
efficientnet_b4,ILSVRC2012_val_00041759.JPEG,n02111889,258,258,0.65587854,1,imagenet_c,defocus_blur,1,none
efficientnet_b4,ILSVRC2012_val_00041820.JPEG,n02111889,258,258,0.6278593,1,imagenet_c,defocus_blur,1,none
efficientnet_b4,ILSVRC2012_val_00041880.JPEG,n02111889,258,258,0.6133318,1,imagenet_c,defocus_blur,1,none
efficientnet_b4,ILSVRC2012_val_00042625.JPEG,n02111889,258,258,0.6379284,1,imagenet_c,defocus_blur,1,none
efficientnet_b4,ILSVRC2012_val_00043209.JPEG,n02111889,258,258,0.6084743,1,imagenet_c,defocus_blur,1,none
efficientnet_b4,ILSVRC2012_val_00049242.JPEG,n02111889,258,258,0.60378134,1,imagenet_c,defocus_blur,1,none
efficientnet_b4,ILSVRC2012_val_00000057.JPEG,n02112018,259,154,0.2902598,0,imagenet_c,defocus_blur,1,none
efficientnet_b4,ILSVRC2012_val_00001065.JPEG,n02112018,259,259,0.59830934,1,imagenet_c,defocus_blur,1,none
efficientnet_b4,ILSVRC2012_val_00001198.JPEG,n02112018,259,259,0.20309366,1,imagenet_c,defocus_blur,1,none
efficientnet_b4,ILSVRC2012_val_00002958.JPEG,n02112018,259,259,0.46973604,1,imagenet_c,defocus_blur,1,none
efficientnet_b4,ILSVRC2012_val_00003583.JPEG,n02112018,259,151,0.08655082,0,imagenet_c,defocus_blur,1,none
efficientnet_b4,ILSVRC2012_val_00005073.JPEG,n02112018,259,259,0.53309214,1,imagenet_c,defocus_blur,1,none
efficientnet_b4,ILSVRC2012_val_00005481.JPEG,n02112018,259,259,0.47326335,1,imagenet_c,defocus_blur,1,none
efficientnet_b4,ILSVRC2012_val_00005658.JPEG,n02112018,259,259,0.6461812,1,imagenet_c,defocus_blur,1,none
efficientnet_b4,ILSVRC2012_val_00009775.JPEG,n02112018,259,259,0.60721314,1,imagenet_c,defocus_blur,1,none
efficientnet_b4,ILSVRC2012_val_00010373.JPEG,n02112018,259,259,0.5761139,1,imagenet_c,defocus_blur,1,none
efficientnet_b4,ILSVRC2012_val_00010697.JPEG,n02112018,259,259,0.59319896,1,imagenet_c,defocus_blur,1,none
efficientnet_b4,ILSVRC2012_val_00011837.JPEG,n02112018,259,259,0.282732,1,imagenet_c,defocus_blur,1,none
efficientnet_b4,ILSVRC2012_val_00012717.JPEG,n02112018,259,259,0.49551955,1,imagenet_c,defocus_blur,1,none
efficientnet_b4,ILSVRC2012_val_00014710.JPEG,n02112018,259,259,0.27656573,1,imagenet_c,defocus_blur,1,none
efficientnet_b4,ILSVRC2012_val_00018688.JPEG,n02112018,259,259,0.4902842,1,imagenet_c,defocus_blur,1,none
efficientnet_b4,ILSVRC2012_val_00019415.JPEG,n02112018,259,259,0.6473751,1,imagenet_c,defocus_blur,1,none
efficientnet_b4,ILSVRC2012_val_00019822.JPEG,n02112018,259,259,0.53867203,1,imagenet_c,defocus_blur,1,none
efficientnet_b4,ILSVRC2012_val_00019876.JPEG,n02112018,259,259,0.07613205,1,imagenet_c,defocus_blur,1,none
efficientnet_b4,ILSVRC2012_val_00020488.JPEG,n02112018,259,259,0.5139195,1,imagenet_c,defocus_blur,1,none
efficientnet_b4,ILSVRC2012_val_00021540.JPEG,n02112018,259,259,0.5827219,1,imagenet_c,defocus_blur,1,none
efficientnet_b4,ILSVRC2012_val_00022376.JPEG,n02112018,259,259,0.58454454,1,imagenet_c,defocus_blur,1,none
efficientnet_b4,ILSVRC2012_val_00023731.JPEG,n02112018,259,259,0.516202,1,imagenet_c,defocus_blur,1,none
efficientnet_b4,ILSVRC2012_val_00023801.JPEG,n02112018,259,259,0.43958816,1,imagenet_c,defocus_blur,1,none
efficientnet_b4,ILSVRC2012_val_00024277.JPEG,n02112018,259,259,0.6282442,1,imagenet_c,defocus_blur,1,none
efficientnet_b4,ILSVRC2012_val_00025388.JPEG,n02112018,259,259,0.74824744,1,imagenet_c,defocus_blur,1,none
efficientnet_b4,ILSVRC2012_val_00025608.JPEG,n02112018,259,259,0.47982025,1,imagenet_c,defocus_blur,1,none
efficientnet_b4,ILSVRC2012_val_00025677.JPEG,n02112018,259,259,0.388286,1,imagenet_c,defocus_blur,1,none
efficientnet_b4,ILSVRC2012_val_00025886.JPEG,n02112018,259,259,0.36428618,1,imagenet_c,defocus_blur,1,none
efficientnet_b4,ILSVRC2012_val_00026051.JPEG,n02112018,259,259,0.41892797,1,imagenet_c,defocus_blur,1,none
efficientnet_b4,ILSVRC2012_val_00027360.JPEG,n02112018,259,259,0.6406947,1,imagenet_c,defocus_blur,1,none
efficientnet_b4,ILSVRC2012_val_00033626.JPEG,n02112018,259,259,0.6916923,1,imagenet_c,defocus_blur,1,none
efficientnet_b4,ILSVRC2012_val_00034667.JPEG,n02112018,259,259,0.67544115,1,imagenet_c,defocus_blur,1,none
efficientnet_b4,ILSVRC2012_val_00034828.JPEG,n02112018,259,259,0.5594454,1,imagenet_c,defocus_blur,1,none
efficientnet_b4,ILSVRC2012_val_00037885.JPEG,n02112018,259,259,0.5358804,1,imagenet_c,defocus_blur,1,none
efficientnet_b4,ILSVRC2012_val_00038201.JPEG,n02112018,259,259,0.6045039,1,imagenet_c,defocus_blur,1,none
efficientnet_b4,ILSVRC2012_val_00038989.JPEG,n02112018,259,259,0.3158125,1,imagenet_c,defocus_blur,1,none
efficientnet_b4,ILSVRC2012_val_00039585.JPEG,n02112018,259,259,0.7079939,1,imagenet_c,defocus_blur,1,none
efficientnet_b4,ILSVRC2012_val_00039662.JPEG,n02112018,259,154,0.52970296,0,imagenet_c,defocus_blur,1,none
efficientnet_b4,ILSVRC2012_val_00039719.JPEG,n02112018,259,260,0.115749605,0,imagenet_c,defocus_blur,1,none
efficientnet_b4,ILSVRC2012_val_00039951.JPEG,n02112018,259,259,0.54621744,1,imagenet_c,defocus_blur,1,none
efficientnet_b4,ILSVRC2012_val_00040463.JPEG,n02112018,259,259,0.60239,1,imagenet_c,defocus_blur,1,none
efficientnet_b4,ILSVRC2012_val_00042213.JPEG,n02112018,259,259,0.62060297,1,imagenet_c,defocus_blur,1,none
efficientnet_b4,ILSVRC2012_val_00042565.JPEG,n02112018,259,259,0.5343863,1,imagenet_c,defocus_blur,1,none
efficientnet_b4,ILSVRC2012_val_00043141.JPEG,n02112018,259,259,0.6736783,1,imagenet_c,defocus_blur,1,none
efficientnet_b4,ILSVRC2012_val_00044585.JPEG,n02112018,259,259,0.35842896,1,imagenet_c,defocus_blur,1,none
efficientnet_b4,ILSVRC2012_val_00045249.JPEG,n02112018,259,259,0.81232804,1,imagenet_c,defocus_blur,1,none
efficientnet_b4,ILSVRC2012_val_00045514.JPEG,n02112018,259,259,0.3736767,1,imagenet_c,defocus_blur,1,none
efficientnet_b4,ILSVRC2012_val_00045946.JPEG,n02112018,259,259,0.7225838,1,imagenet_c,defocus_blur,1,none
efficientnet_b4,ILSVRC2012_val_00047289.JPEG,n02112018,259,259,0.5683356,1,imagenet_c,defocus_blur,1,none
efficientnet_b4,ILSVRC2012_val_00049811.JPEG,n02112018,259,259,0.4269847,1,imagenet_c,defocus_blur,1,none
efficientnet_b4,ILSVRC2012_val_00000355.JPEG,n02112137,260,260,0.5591048,1,imagenet_c,defocus_blur,1,none
efficientnet_b4,ILSVRC2012_val_00000536.JPEG,n02112137,260,260,0.6090659,1,imagenet_c,defocus_blur,1,none
efficientnet_b4,ILSVRC2012_val_00001152.JPEG,n02112137,260,260,0.63929874,1,imagenet_c,defocus_blur,1,none
efficientnet_b4,ILSVRC2012_val_00003696.JPEG,n02112137,260,260,0.4700387,1,imagenet_c,defocus_blur,1,none
efficientnet_b4,ILSVRC2012_val_00005910.JPEG,n02112137,260,260,0.7368884,1,imagenet_c,defocus_blur,1,none
efficientnet_b4,ILSVRC2012_val_00006416.JPEG,n02112137,260,260,0.64249593,1,imagenet_c,defocus_blur,1,none
efficientnet_b4,ILSVRC2012_val_00006537.JPEG,n02112137,260,260,0.64383435,1,imagenet_c,defocus_blur,1,none
efficientnet_b4,ILSVRC2012_val_00006664.JPEG,n02112137,260,260,0.5048115,1,imagenet_c,defocus_blur,1,none
efficientnet_b4,ILSVRC2012_val_00007654.JPEG,n02112137,260,207,0.4044803,0,imagenet_c,defocus_blur,1,none
efficientnet_b4,ILSVRC2012_val_00008957.JPEG,n02112137,260,260,0.6551294,1,imagenet_c,defocus_blur,1,none
efficientnet_b4,ILSVRC2012_val_00009909.JPEG,n02112137,260,260,0.6859876,1,imagenet_c,defocus_blur,1,none
efficientnet_b4,ILSVRC2012_val_00010943.JPEG,n02112137,260,260,0.6034063,1,imagenet_c,defocus_blur,1,none
efficientnet_b4,ILSVRC2012_val_00011296.JPEG,n02112137,260,260,0.65750813,1,imagenet_c,defocus_blur,1,none
efficientnet_b4,ILSVRC2012_val_00014403.JPEG,n02112137,260,260,0.42530346,1,imagenet_c,defocus_blur,1,none
efficientnet_b4,ILSVRC2012_val_00014452.JPEG,n02112137,260,185,0.53760755,0,imagenet_c,defocus_blur,1,none
efficientnet_b4,ILSVRC2012_val_00015350.JPEG,n02112137,260,260,0.5830473,1,imagenet_c,defocus_blur,1,none
efficientnet_b4,ILSVRC2012_val_00015920.JPEG,n02112137,260,260,0.5485421,1,imagenet_c,defocus_blur,1,none
efficientnet_b4,ILSVRC2012_val_00017265.JPEG,n02112137,260,234,0.2737101,0,imagenet_c,defocus_blur,1,none
efficientnet_b4,ILSVRC2012_val_00018898.JPEG,n02112137,260,260,0.18536109,1,imagenet_c,defocus_blur,1,none
efficientnet_b4,ILSVRC2012_val_00020518.JPEG,n02112137,260,260,0.5616261,1,imagenet_c,defocus_blur,1,none
efficientnet_b4,ILSVRC2012_val_00020626.JPEG,n02112137,260,260,0.7161223,1,imagenet_c,defocus_blur,1,none
efficientnet_b4,ILSVRC2012_val_00020686.JPEG,n02112137,260,260,0.36567897,1,imagenet_c,defocus_blur,1,none
efficientnet_b4,ILSVRC2012_val_00020728.JPEG,n02112137,260,260,0.5347357,1,imagenet_c,defocus_blur,1,none
efficientnet_b4,ILSVRC2012_val_00021272.JPEG,n02112137,260,262,0.2745292,0,imagenet_c,defocus_blur,1,none
efficientnet_b4,ILSVRC2012_val_00021526.JPEG,n02112137,260,260,0.5996788,1,imagenet_c,defocus_blur,1,none
efficientnet_b4,ILSVRC2012_val_00022725.JPEG,n02112137,260,260,0.60301554,1,imagenet_c,defocus_blur,1,none
efficientnet_b4,ILSVRC2012_val_00022867.JPEG,n02112137,260,168,0.1673977,0,imagenet_c,defocus_blur,1,none
efficientnet_b4,ILSVRC2012_val_00024051.JPEG,n02112137,260,260,0.6017402,1,imagenet_c,defocus_blur,1,none
efficientnet_b4,ILSVRC2012_val_00024588.JPEG,n02112137,260,260,0.41955853,1,imagenet_c,defocus_blur,1,none
efficientnet_b4,ILSVRC2012_val_00026730.JPEG,n02112137,260,260,0.21976264,1,imagenet_c,defocus_blur,1,none
efficientnet_b4,ILSVRC2012_val_00028420.JPEG,n02112137,260,257,0.48926666,0,imagenet_c,defocus_blur,1,none
efficientnet_b4,ILSVRC2012_val_00028497.JPEG,n02112137,260,260,0.7451223,1,imagenet_c,defocus_blur,1,none
efficientnet_b4,ILSVRC2012_val_00028855.JPEG,n02112137,260,260,0.58386934,1,imagenet_c,defocus_blur,1,none
efficientnet_b4,ILSVRC2012_val_00028936.JPEG,n02112137,260,260,0.5317402,1,imagenet_c,defocus_blur,1,none
efficientnet_b4,ILSVRC2012_val_00029673.JPEG,n02112137,260,260,0.62212896,1,imagenet_c,defocus_blur,1,none
efficientnet_b4,ILSVRC2012_val_00030595.JPEG,n02112137,260,260,0.26579478,1,imagenet_c,defocus_blur,1,none
efficientnet_b4,ILSVRC2012_val_00033027.JPEG,n02112137,260,260,0.7173435,1,imagenet_c,defocus_blur,1,none
efficientnet_b4,ILSVRC2012_val_00033250.JPEG,n02112137,260,260,0.67860967,1,imagenet_c,defocus_blur,1,none
efficientnet_b4,ILSVRC2012_val_00033672.JPEG,n02112137,260,260,0.65865886,1,imagenet_c,defocus_blur,1,none
efficientnet_b4,ILSVRC2012_val_00034735.JPEG,n02112137,260,260,0.65064204,1,imagenet_c,defocus_blur,1,none
efficientnet_b4,ILSVRC2012_val_00035436.JPEG,n02112137,260,260,0.42182395,1,imagenet_c,defocus_blur,1,none
efficientnet_b4,ILSVRC2012_val_00040572.JPEG,n02112137,260,260,0.57657367,1,imagenet_c,defocus_blur,1,none
efficientnet_b4,ILSVRC2012_val_00042095.JPEG,n02112137,260,260,0.6724514,1,imagenet_c,defocus_blur,1,none
efficientnet_b4,ILSVRC2012_val_00042148.JPEG,n02112137,260,260,0.6430438,1,imagenet_c,defocus_blur,1,none
efficientnet_b4,ILSVRC2012_val_00042887.JPEG,n02112137,260,260,0.6798097,1,imagenet_c,defocus_blur,1,none
efficientnet_b4,ILSVRC2012_val_00043426.JPEG,n02112137,260,260,0.44918072,1,imagenet_c,defocus_blur,1,none
efficientnet_b4,ILSVRC2012_val_00043838.JPEG,n02112137,260,260,0.16030505,1,imagenet_c,defocus_blur,1,none
efficientnet_b4,ILSVRC2012_val_00045687.JPEG,n02112137,260,260,0.595604,1,imagenet_c,defocus_blur,1,none
efficientnet_b4,ILSVRC2012_val_00045838.JPEG,n02112137,260,260,0.51539063,1,imagenet_c,defocus_blur,1,none
efficientnet_b4,ILSVRC2012_val_00046142.JPEG,n02112137,260,260,0.63486546,1,imagenet_c,defocus_blur,1,none
efficientnet_b4,ILSVRC2012_val_00000658.JPEG,n02112350,261,261,0.8075509,1,imagenet_c,defocus_blur,1,none
efficientnet_b4,ILSVRC2012_val_00001349.JPEG,n02112350,261,261,0.7144577,1,imagenet_c,defocus_blur,1,none
efficientnet_b4,ILSVRC2012_val_00001404.JPEG,n02112350,261,261,0.6067889,1,imagenet_c,defocus_blur,1,none
efficientnet_b4,ILSVRC2012_val_00001698.JPEG,n02112350,261,258,0.6047319,0,imagenet_c,defocus_blur,1,none
efficientnet_b4,ILSVRC2012_val_00002546.JPEG,n02112350,261,261,0.6521925,1,imagenet_c,defocus_blur,1,none
efficientnet_b4,ILSVRC2012_val_00002749.JPEG,n02112350,261,261,0.603777,1,imagenet_c,defocus_blur,1,none
efficientnet_b4,ILSVRC2012_val_00004623.JPEG,n02112350,261,261,0.5152463,1,imagenet_c,defocus_blur,1,none
efficientnet_b4,ILSVRC2012_val_00005209.JPEG,n02112350,261,174,0.31714627,0,imagenet_c,defocus_blur,1,none
efficientnet_b4,ILSVRC2012_val_00005795.JPEG,n02112350,261,261,0.19919713,1,imagenet_c,defocus_blur,1,none
efficientnet_b4,ILSVRC2012_val_00006866.JPEG,n02112350,261,261,0.69758666,1,imagenet_c,defocus_blur,1,none
efficientnet_b4,ILSVRC2012_val_00008118.JPEG,n02112350,261,261,0.48100048,1,imagenet_c,defocus_blur,1,none
efficientnet_b4,ILSVRC2012_val_00008792.JPEG,n02112350,261,261,0.512075,1,imagenet_c,defocus_blur,1,none
efficientnet_b4,ILSVRC2012_val_00008880.JPEG,n02112350,261,261,0.13638909,1,imagenet_c,defocus_blur,1,none
efficientnet_b4,ILSVRC2012_val_00009324.JPEG,n02112350,261,192,0.23735608,0,imagenet_c,defocus_blur,1,none
efficientnet_b4,ILSVRC2012_val_00010065.JPEG,n02112350,261,261,0.5660379,1,imagenet_c,defocus_blur,1,none
efficientnet_b4,ILSVRC2012_val_00013160.JPEG,n02112350,261,261,0.7724613,1,imagenet_c,defocus_blur,1,none
efficientnet_b4,ILSVRC2012_val_00013279.JPEG,n02112350,261,261,0.54415363,1,imagenet_c,defocus_blur,1,none
efficientnet_b4,ILSVRC2012_val_00014547.JPEG,n02112350,261,261,0.6499361,1,imagenet_c,defocus_blur,1,none
efficientnet_b4,ILSVRC2012_val_00014700.JPEG,n02112350,261,261,0.22004299,1,imagenet_c,defocus_blur,1,none
efficientnet_b4,ILSVRC2012_val_00015952.JPEG,n02112350,261,261,0.4537331,1,imagenet_c,defocus_blur,1,none
efficientnet_b4,ILSVRC2012_val_00016074.JPEG,n02112350,261,261,0.40394944,1,imagenet_c,defocus_blur,1,none
efficientnet_b4,ILSVRC2012_val_00016303.JPEG,n02112350,261,261,0.6125643,1,imagenet_c,defocus_blur,1,none
efficientnet_b4,ILSVRC2012_val_00018521.JPEG,n02112350,261,261,0.46100459,1,imagenet_c,defocus_blur,1,none
efficientnet_b4,ILSVRC2012_val_00018701.JPEG,n02112350,261,261,0.5670597,1,imagenet_c,defocus_blur,1,none
efficientnet_b4,ILSVRC2012_val_00019028.JPEG,n02112350,261,255,0.32091329,0,imagenet_c,defocus_blur,1,none
efficientnet_b4,ILSVRC2012_val_00021218.JPEG,n02112350,261,261,0.5185443,1,imagenet_c,defocus_blur,1,none
efficientnet_b4,ILSVRC2012_val_00021389.JPEG,n02112350,261,261,0.6811985,1,imagenet_c,defocus_blur,1,none
efficientnet_b4,ILSVRC2012_val_00023661.JPEG,n02112350,261,261,0.4458646,1,imagenet_c,defocus_blur,1,none
efficientnet_b4,ILSVRC2012_val_00023816.JPEG,n02112350,261,261,0.41793138,1,imagenet_c,defocus_blur,1,none
efficientnet_b4,ILSVRC2012_val_00026812.JPEG,n02112350,261,261,0.503664,1,imagenet_c,defocus_blur,1,none
efficientnet_b4,ILSVRC2012_val_00027121.JPEG,n02112350,261,261,0.43702903,1,imagenet_c,defocus_blur,1,none
efficientnet_b4,ILSVRC2012_val_00028870.JPEG,n02112350,261,261,0.47419617,1,imagenet_c,defocus_blur,1,none
efficientnet_b4,ILSVRC2012_val_00029253.JPEG,n02112350,261,261,0.63240594,1,imagenet_c,defocus_blur,1,none
efficientnet_b4,ILSVRC2012_val_00029862.JPEG,n02112350,261,261,0.6126646,1,imagenet_c,defocus_blur,1,none
efficientnet_b4,ILSVRC2012_val_00030868.JPEG,n02112350,261,261,0.62935865,1,imagenet_c,defocus_blur,1,none
efficientnet_b4,ILSVRC2012_val_00032260.JPEG,n02112350,261,261,0.5422621,1,imagenet_c,defocus_blur,1,none
efficientnet_b4,ILSVRC2012_val_00034419.JPEG,n02112350,261,261,0.6429799,1,imagenet_c,defocus_blur,1,none
efficientnet_b4,ILSVRC2012_val_00035417.JPEG,n02112350,261,261,0.5675566,1,imagenet_c,defocus_blur,1,none
efficientnet_b4,ILSVRC2012_val_00035704.JPEG,n02112350,261,261,0.4890359,1,imagenet_c,defocus_blur,1,none
efficientnet_b4,ILSVRC2012_val_00036055.JPEG,n02112350,261,261,0.60180634,1,imagenet_c,defocus_blur,1,none
efficientnet_b4,ILSVRC2012_val_00038567.JPEG,n02112350,261,261,0.6400603,1,imagenet_c,defocus_blur,1,none
efficientnet_b4,ILSVRC2012_val_00039240.JPEG,n02112350,261,261,0.58886755,1,imagenet_c,defocus_blur,1,none
efficientnet_b4,ILSVRC2012_val_00040313.JPEG,n02112350,261,261,0.6425029,1,imagenet_c,defocus_blur,1,none
efficientnet_b4,ILSVRC2012_val_00042477.JPEG,n02112350,261,261,0.63816804,1,imagenet_c,defocus_blur,1,none
efficientnet_b4,ILSVRC2012_val_00043417.JPEG,n02112350,261,261,0.46417224,1,imagenet_c,defocus_blur,1,none
efficientnet_b4,ILSVRC2012_val_00044811.JPEG,n02112350,261,261,0.32515496,1,imagenet_c,defocus_blur,1,none
efficientnet_b4,ILSVRC2012_val_00047187.JPEG,n02112350,261,261,0.202026,1,imagenet_c,defocus_blur,1,none
efficientnet_b4,ILSVRC2012_val_00047395.JPEG,n02112350,261,174,0.6334549,0,imagenet_c,defocus_blur,1,none
efficientnet_b4,ILSVRC2012_val_00047515.JPEG,n02112350,261,261,0.5807952,1,imagenet_c,defocus_blur,1,none
efficientnet_b4,ILSVRC2012_val_00047918.JPEG,n02112350,261,261,0.59696037,1,imagenet_c,defocus_blur,1,none
efficientnet_b4,ILSVRC2012_val_00001568.JPEG,n02112706,262,262,0.7046942,1,imagenet_c,defocus_blur,1,none
efficientnet_b4,ILSVRC2012_val_00001925.JPEG,n02112706,262,262,0.7458459,1,imagenet_c,defocus_blur,1,none
efficientnet_b4,ILSVRC2012_val_00003327.JPEG,n02112706,262,262,0.8193325,1,imagenet_c,defocus_blur,1,none
efficientnet_b4,ILSVRC2012_val_00003691.JPEG,n02112706,262,182,0.12172772,0,imagenet_c,defocus_blur,1,none
efficientnet_b4,ILSVRC2012_val_00007547.JPEG,n02112706,262,242,0.28534997,0,imagenet_c,defocus_blur,1,none
efficientnet_b4,ILSVRC2012_val_00007726.JPEG,n02112706,262,168,0.15930142,0,imagenet_c,defocus_blur,1,none
efficientnet_b4,ILSVRC2012_val_00008335.JPEG,n02112706,262,262,0.6033037,1,imagenet_c,defocus_blur,1,none
efficientnet_b4,ILSVRC2012_val_00008433.JPEG,n02112706,262,262,0.62512887,1,imagenet_c,defocus_blur,1,none
efficientnet_b4,ILSVRC2012_val_00009435.JPEG,n02112706,262,262,0.46532592,1,imagenet_c,defocus_blur,1,none
efficientnet_b4,ILSVRC2012_val_00012446.JPEG,n02112706,262,252,0.26915732,0,imagenet_c,defocus_blur,1,none
efficientnet_b4,ILSVRC2012_val_00012899.JPEG,n02112706,262,262,0.67531633,1,imagenet_c,defocus_blur,1,none
efficientnet_b4,ILSVRC2012_val_00013524.JPEG,n02112706,262,252,0.5162864,0,imagenet_c,defocus_blur,1,none
efficientnet_b4,ILSVRC2012_val_00013930.JPEG,n02112706,262,262,0.81507427,1,imagenet_c,defocus_blur,1,none
efficientnet_b4,ILSVRC2012_val_00016964.JPEG,n02112706,262,262,0.6825285,1,imagenet_c,defocus_blur,1,none
efficientnet_b4,ILSVRC2012_val_00019318.JPEG,n02112706,262,262,0.816065,1,imagenet_c,defocus_blur,1,none
efficientnet_b4,ILSVRC2012_val_00021483.JPEG,n02112706,262,252,0.5327044,0,imagenet_c,defocus_blur,1,none
efficientnet_b4,ILSVRC2012_val_00021608.JPEG,n02112706,262,262,0.58850765,1,imagenet_c,defocus_blur,1,none
efficientnet_b4,ILSVRC2012_val_00024462.JPEG,n02112706,262,262,0.75456935,1,imagenet_c,defocus_blur,1,none
efficientnet_b4,ILSVRC2012_val_00024967.JPEG,n02112706,262,262,0.6290864,1,imagenet_c,defocus_blur,1,none
efficientnet_b4,ILSVRC2012_val_00025884.JPEG,n02112706,262,252,0.35814762,0,imagenet_c,defocus_blur,1,none
efficientnet_b4,ILSVRC2012_val_00027305.JPEG,n02112706,262,262,0.8240586,1,imagenet_c,defocus_blur,1,none
efficientnet_b4,ILSVRC2012_val_00027862.JPEG,n02112706,262,262,0.676948,1,imagenet_c,defocus_blur,1,none
efficientnet_b4,ILSVRC2012_val_00028642.JPEG,n02112706,262,262,0.7618287,1,imagenet_c,defocus_blur,1,none
efficientnet_b4,ILSVRC2012_val_00028694.JPEG,n02112706,262,262,0.70659417,1,imagenet_c,defocus_blur,1,none
efficientnet_b4,ILSVRC2012_val_00029152.JPEG,n02112706,262,242,0.12119534,0,imagenet_c,defocus_blur,1,none
efficientnet_b4,ILSVRC2012_val_00029157.JPEG,n02112706,262,262,0.6603147,1,imagenet_c,defocus_blur,1,none
efficientnet_b4,ILSVRC2012_val_00029392.JPEG,n02112706,262,262,0.891275,1,imagenet_c,defocus_blur,1,none
efficientnet_b4,ILSVRC2012_val_00029646.JPEG,n02112706,262,262,0.66185695,1,imagenet_c,defocus_blur,1,none
efficientnet_b4,ILSVRC2012_val_00030619.JPEG,n02112706,262,262,0.83909833,1,imagenet_c,defocus_blur,1,none
efficientnet_b4,ILSVRC2012_val_00031355.JPEG,n02112706,262,262,0.875454,1,imagenet_c,defocus_blur,1,none
efficientnet_b4,ILSVRC2012_val_00031787.JPEG,n02112706,262,262,0.26652268,1,imagenet_c,defocus_blur,1,none
efficientnet_b4,ILSVRC2012_val_00033232.JPEG,n02112706,262,262,0.6357551,1,imagenet_c,defocus_blur,1,none
efficientnet_b4,ILSVRC2012_val_00033916.JPEG,n02112706,262,262,0.66031337,1,imagenet_c,defocus_blur,1,none
efficientnet_b4,ILSVRC2012_val_00034056.JPEG,n02112706,262,262,0.6184608,1,imagenet_c,defocus_blur,1,none
efficientnet_b4,ILSVRC2012_val_00034893.JPEG,n02112706,262,262,0.7239994,1,imagenet_c,defocus_blur,1,none
efficientnet_b4,ILSVRC2012_val_00035120.JPEG,n02112706,262,262,0.7991725,1,imagenet_c,defocus_blur,1,none
efficientnet_b4,ILSVRC2012_val_00036061.JPEG,n02112706,262,262,0.66915923,1,imagenet_c,defocus_blur,1,none
efficientnet_b4,ILSVRC2012_val_00037323.JPEG,n02112706,262,262,0.8289472,1,imagenet_c,defocus_blur,1,none
efficientnet_b4,ILSVRC2012_val_00039060.JPEG,n02112706,262,262,0.6652941,1,imagenet_c,defocus_blur,1,none
efficientnet_b4,ILSVRC2012_val_00042249.JPEG,n02112706,262,262,0.49240017,1,imagenet_c,defocus_blur,1,none
efficientnet_b4,ILSVRC2012_val_00042912.JPEG,n02112706,262,262,0.27914053,1,imagenet_c,defocus_blur,1,none
efficientnet_b4,ILSVRC2012_val_00043845.JPEG,n02112706,262,262,0.7772265,1,imagenet_c,defocus_blur,1,none
efficientnet_b4,ILSVRC2012_val_00044091.JPEG,n02112706,262,151,0.24172528,0,imagenet_c,defocus_blur,1,none
efficientnet_b4,ILSVRC2012_val_00044473.JPEG,n02112706,262,262,0.8166991,1,imagenet_c,defocus_blur,1,none
efficientnet_b4,ILSVRC2012_val_00044772.JPEG,n02112706,262,262,0.51457554,1,imagenet_c,defocus_blur,1,none
efficientnet_b4,ILSVRC2012_val_00046390.JPEG,n02112706,262,262,0.66378945,1,imagenet_c,defocus_blur,1,none
efficientnet_b4,ILSVRC2012_val_00047146.JPEG,n02112706,262,262,0.76023644,1,imagenet_c,defocus_blur,1,none
efficientnet_b4,ILSVRC2012_val_00048436.JPEG,n02112706,262,262,0.3763129,1,imagenet_c,defocus_blur,1,none
efficientnet_b4,ILSVRC2012_val_00048760.JPEG,n02112706,262,262,0.7136475,1,imagenet_c,defocus_blur,1,none
efficientnet_b4,ILSVRC2012_val_00049650.JPEG,n02112706,262,243,0.16562417,0,imagenet_c,defocus_blur,1,none
efficientnet_b4,ILSVRC2012_val_00001096.JPEG,n02113023,263,263,0.37010443,1,imagenet_c,defocus_blur,1,none
efficientnet_b4,ILSVRC2012_val_00001768.JPEG,n02113023,263,263,0.21736889,1,imagenet_c,defocus_blur,1,none
efficientnet_b4,ILSVRC2012_val_00002484.JPEG,n02113023,263,227,0.16511029,0,imagenet_c,defocus_blur,1,none
efficientnet_b4,ILSVRC2012_val_00003711.JPEG,n02113023,263,263,0.32567933,1,imagenet_c,defocus_blur,1,none
efficientnet_b4,ILSVRC2012_val_00004129.JPEG,n02113023,263,264,0.2813078,0,imagenet_c,defocus_blur,1,none
efficientnet_b4,ILSVRC2012_val_00005198.JPEG,n02113023,263,263,0.19027838,1,imagenet_c,defocus_blur,1,none
efficientnet_b4,ILSVRC2012_val_00005300.JPEG,n02113023,263,263,0.3977654,1,imagenet_c,defocus_blur,1,none
efficientnet_b4,ILSVRC2012_val_00005746.JPEG,n02113023,263,263,0.383768,1,imagenet_c,defocus_blur,1,none
efficientnet_b4,ILSVRC2012_val_00005886.JPEG,n02113023,263,185,0.11994278,0,imagenet_c,defocus_blur,1,none
efficientnet_b4,ILSVRC2012_val_00006484.JPEG,n02113023,263,263,0.5128108,1,imagenet_c,defocus_blur,1,none
efficientnet_b4,ILSVRC2012_val_00007634.JPEG,n02113023,263,264,0.1524524,0,imagenet_c,defocus_blur,1,none
efficientnet_b4,ILSVRC2012_val_00009452.JPEG,n02113023,263,263,0.6059157,1,imagenet_c,defocus_blur,1,none
efficientnet_b4,ILSVRC2012_val_00009618.JPEG,n02113023,263,263,0.44653374,1,imagenet_c,defocus_blur,1,none
efficientnet_b4,ILSVRC2012_val_00010244.JPEG,n02113023,263,263,0.29726,1,imagenet_c,defocus_blur,1,none
efficientnet_b4,ILSVRC2012_val_00011368.JPEG,n02113023,263,264,0.36008036,0,imagenet_c,defocus_blur,1,none
efficientnet_b4,ILSVRC2012_val_00011556.JPEG,n02113023,263,263,0.39142868,1,imagenet_c,defocus_blur,1,none
efficientnet_b4,ILSVRC2012_val_00012060.JPEG,n02113023,263,263,0.5901655,1,imagenet_c,defocus_blur,1,none
efficientnet_b4,ILSVRC2012_val_00013105.JPEG,n02113023,263,263,0.41909128,1,imagenet_c,defocus_blur,1,none
efficientnet_b4,ILSVRC2012_val_00014560.JPEG,n02113023,263,264,0.5617715,0,imagenet_c,defocus_blur,1,none
efficientnet_b4,ILSVRC2012_val_00017199.JPEG,n02113023,263,264,0.26883587,0,imagenet_c,defocus_blur,1,none
efficientnet_b4,ILSVRC2012_val_00018722.JPEG,n02113023,263,263,0.48505965,1,imagenet_c,defocus_blur,1,none
efficientnet_b4,ILSVRC2012_val_00021908.JPEG,n02113023,263,263,0.4337205,1,imagenet_c,defocus_blur,1,none
efficientnet_b4,ILSVRC2012_val_00022453.JPEG,n02113023,263,263,0.3846762,1,imagenet_c,defocus_blur,1,none
efficientnet_b4,ILSVRC2012_val_00022953.JPEG,n02113023,263,264,0.42785823,0,imagenet_c,defocus_blur,1,none
efficientnet_b4,ILSVRC2012_val_00023546.JPEG,n02113023,263,263,0.5842961,1,imagenet_c,defocus_blur,1,none
efficientnet_b4,ILSVRC2012_val_00024145.JPEG,n02113023,263,164,0.29003388,0,imagenet_c,defocus_blur,1,none
efficientnet_b4,ILSVRC2012_val_00026944.JPEG,n02113023,263,263,0.5173127,1,imagenet_c,defocus_blur,1,none
efficientnet_b4,ILSVRC2012_val_00027856.JPEG,n02113023,263,263,0.4637519,1,imagenet_c,defocus_blur,1,none
efficientnet_b4,ILSVRC2012_val_00031121.JPEG,n02113023,263,373,0.15190856,0,imagenet_c,defocus_blur,1,none
efficientnet_b4,ILSVRC2012_val_00031145.JPEG,n02113023,263,264,0.38566604,0,imagenet_c,defocus_blur,1,none
efficientnet_b4,ILSVRC2012_val_00032854.JPEG,n02113023,263,263,0.48550376,1,imagenet_c,defocus_blur,1,none
efficientnet_b4,ILSVRC2012_val_00033737.JPEG,n02113023,263,263,0.3248834,1,imagenet_c,defocus_blur,1,none
efficientnet_b4,ILSVRC2012_val_00034277.JPEG,n02113023,263,263,0.5857699,1,imagenet_c,defocus_blur,1,none
efficientnet_b4,ILSVRC2012_val_00034619.JPEG,n02113023,263,253,0.2252624,0,imagenet_c,defocus_blur,1,none
efficientnet_b4,ILSVRC2012_val_00034928.JPEG,n02113023,263,186,0.2027735,0,imagenet_c,defocus_blur,1,none
efficientnet_b4,ILSVRC2012_val_00035161.JPEG,n02113023,263,264,0.48019642,0,imagenet_c,defocus_blur,1,none
efficientnet_b4,ILSVRC2012_val_00036894.JPEG,n02113023,263,263,0.37625137,1,imagenet_c,defocus_blur,1,none
efficientnet_b4,ILSVRC2012_val_00038075.JPEG,n02113023,263,263,0.5376814,1,imagenet_c,defocus_blur,1,none
efficientnet_b4,ILSVRC2012_val_00041098.JPEG,n02113023,263,263,0.4422684,1,imagenet_c,defocus_blur,1,none
efficientnet_b4,ILSVRC2012_val_00042294.JPEG,n02113023,263,263,0.34843224,1,imagenet_c,defocus_blur,1,none
efficientnet_b4,ILSVRC2012_val_00042776.JPEG,n02113023,263,264,0.43043667,0,imagenet_c,defocus_blur,1,none
efficientnet_b4,ILSVRC2012_val_00044237.JPEG,n02113023,263,263,0.4334544,1,imagenet_c,defocus_blur,1,none
efficientnet_b4,ILSVRC2012_val_00044435.JPEG,n02113023,263,263,0.658209,1,imagenet_c,defocus_blur,1,none
efficientnet_b4,ILSVRC2012_val_00045068.JPEG,n02113023,263,263,0.47797728,1,imagenet_c,defocus_blur,1,none
efficientnet_b4,ILSVRC2012_val_00045340.JPEG,n02113023,263,263,0.7141205,1,imagenet_c,defocus_blur,1,none
efficientnet_b4,ILSVRC2012_val_00045593.JPEG,n02113023,263,263,0.64348644,1,imagenet_c,defocus_blur,1,none
efficientnet_b4,ILSVRC2012_val_00045747.JPEG,n02113023,263,264,0.37941825,0,imagenet_c,defocus_blur,1,none
efficientnet_b4,ILSVRC2012_val_00047654.JPEG,n02113023,263,263,0.2786876,1,imagenet_c,defocus_blur,1,none
efficientnet_b4,ILSVRC2012_val_00048501.JPEG,n02113023,263,263,0.4706899,1,imagenet_c,defocus_blur,1,none
efficientnet_b4,ILSVRC2012_val_00049215.JPEG,n02113023,263,264,0.27736822,0,imagenet_c,defocus_blur,1,none
efficientnet_b4,ILSVRC2012_val_00000997.JPEG,n02113186,264,264,0.61280835,1,imagenet_c,defocus_blur,1,none
efficientnet_b4,ILSVRC2012_val_00001494.JPEG,n02113186,264,264,0.31792262,1,imagenet_c,defocus_blur,1,none
efficientnet_b4,ILSVRC2012_val_00001686.JPEG,n02113186,264,264,0.26521036,1,imagenet_c,defocus_blur,1,none
efficientnet_b4,ILSVRC2012_val_00001709.JPEG,n02113186,264,264,0.36703867,1,imagenet_c,defocus_blur,1,none
efficientnet_b4,ILSVRC2012_val_00003368.JPEG,n02113186,264,264,0.7819003,1,imagenet_c,defocus_blur,1,none
efficientnet_b4,ILSVRC2012_val_00003910.JPEG,n02113186,264,264,0.31376714,1,imagenet_c,defocus_blur,1,none
efficientnet_b4,ILSVRC2012_val_00003931.JPEG,n02113186,264,263,0.5425919,0,imagenet_c,defocus_blur,1,none
efficientnet_b4,ILSVRC2012_val_00007542.JPEG,n02113186,264,264,0.66835755,1,imagenet_c,defocus_blur,1,none
efficientnet_b4,ILSVRC2012_val_00008973.JPEG,n02113186,264,264,0.9368189,1,imagenet_c,defocus_blur,1,none
efficientnet_b4,ILSVRC2012_val_00009045.JPEG,n02113186,264,264,0.5874249,1,imagenet_c,defocus_blur,1,none
efficientnet_b4,ILSVRC2012_val_00011165.JPEG,n02113186,264,264,0.6723397,1,imagenet_c,defocus_blur,1,none
efficientnet_b4,ILSVRC2012_val_00013309.JPEG,n02113186,264,264,0.77982324,1,imagenet_c,defocus_blur,1,none
efficientnet_b4,ILSVRC2012_val_00013355.JPEG,n02113186,264,264,0.34027284,1,imagenet_c,defocus_blur,1,none
efficientnet_b4,ILSVRC2012_val_00013557.JPEG,n02113186,264,264,0.82801867,1,imagenet_c,defocus_blur,1,none
efficientnet_b4,ILSVRC2012_val_00016302.JPEG,n02113186,264,263,0.32265064,0,imagenet_c,defocus_blur,1,none
efficientnet_b4,ILSVRC2012_val_00016489.JPEG,n02113186,264,264,0.24915463,1,imagenet_c,defocus_blur,1,none
efficientnet_b4,ILSVRC2012_val_00016989.JPEG,n02113186,264,264,0.2912194,1,imagenet_c,defocus_blur,1,none
efficientnet_b4,ILSVRC2012_val_00017715.JPEG,n02113186,264,264,0.49526873,1,imagenet_c,defocus_blur,1,none
efficientnet_b4,ILSVRC2012_val_00018551.JPEG,n02113186,264,264,0.49290597,1,imagenet_c,defocus_blur,1,none
efficientnet_b4,ILSVRC2012_val_00019678.JPEG,n02113186,264,264,0.66677016,1,imagenet_c,defocus_blur,1,none
efficientnet_b4,ILSVRC2012_val_00020260.JPEG,n02113186,264,264,0.49380702,1,imagenet_c,defocus_blur,1,none
efficientnet_b4,ILSVRC2012_val_00020270.JPEG,n02113186,264,264,0.7566585,1,imagenet_c,defocus_blur,1,none
efficientnet_b4,ILSVRC2012_val_00022402.JPEG,n02113186,264,264,0.43550813,1,imagenet_c,defocus_blur,1,none
efficientnet_b4,ILSVRC2012_val_00022692.JPEG,n02113186,264,264,0.45291498,1,imagenet_c,defocus_blur,1,none
efficientnet_b4,ILSVRC2012_val_00022712.JPEG,n02113186,264,264,0.43193403,1,imagenet_c,defocus_blur,1,none
efficientnet_b4,ILSVRC2012_val_00023268.JPEG,n02113186,264,263,0.30859607,0,imagenet_c,defocus_blur,1,none
efficientnet_b4,ILSVRC2012_val_00024284.JPEG,n02113186,264,264,0.6981621,1,imagenet_c,defocus_blur,1,none
efficientnet_b4,ILSVRC2012_val_00025691.JPEG,n02113186,264,264,0.74353033,1,imagenet_c,defocus_blur,1,none
efficientnet_b4,ILSVRC2012_val_00026343.JPEG,n02113186,264,264,0.2574771,1,imagenet_c,defocus_blur,1,none
efficientnet_b4,ILSVRC2012_val_00027124.JPEG,n02113186,264,264,0.7413359,1,imagenet_c,defocus_blur,1,none
efficientnet_b4,ILSVRC2012_val_00028146.JPEG,n02113186,264,264,0.667325,1,imagenet_c,defocus_blur,1,none
efficientnet_b4,ILSVRC2012_val_00029799.JPEG,n02113186,264,264,0.5904425,1,imagenet_c,defocus_blur,1,none
efficientnet_b4,ILSVRC2012_val_00031156.JPEG,n02113186,264,264,0.45990902,1,imagenet_c,defocus_blur,1,none
efficientnet_b4,ILSVRC2012_val_00031206.JPEG,n02113186,264,264,0.83715284,1,imagenet_c,defocus_blur,1,none
efficientnet_b4,ILSVRC2012_val_00031259.JPEG,n02113186,264,264,0.4588341,1,imagenet_c,defocus_blur,1,none
efficientnet_b4,ILSVRC2012_val_00034574.JPEG,n02113186,264,264,0.6697243,1,imagenet_c,defocus_blur,1,none
efficientnet_b4,ILSVRC2012_val_00035552.JPEG,n02113186,264,264,0.43107614,1,imagenet_c,defocus_blur,1,none
efficientnet_b4,ILSVRC2012_val_00039700.JPEG,n02113186,264,264,0.8320055,1,imagenet_c,defocus_blur,1,none
efficientnet_b4,ILSVRC2012_val_00040018.JPEG,n02113186,264,264,0.1911244,1,imagenet_c,defocus_blur,1,none
efficientnet_b4,ILSVRC2012_val_00040725.JPEG,n02113186,264,294,0.1367365,0,imagenet_c,defocus_blur,1,none
efficientnet_b4,ILSVRC2012_val_00042210.JPEG,n02113186,264,264,0.59737813,1,imagenet_c,defocus_blur,1,none
efficientnet_b4,ILSVRC2012_val_00042977.JPEG,n02113186,264,264,0.8635919,1,imagenet_c,defocus_blur,1,none
efficientnet_b4,ILSVRC2012_val_00043399.JPEG,n02113186,264,264,0.38109818,1,imagenet_c,defocus_blur,1,none
efficientnet_b4,ILSVRC2012_val_00043803.JPEG,n02113186,264,263,0.34453163,0,imagenet_c,defocus_blur,1,none
efficientnet_b4,ILSVRC2012_val_00044672.JPEG,n02113186,264,264,0.72692543,1,imagenet_c,defocus_blur,1,none
efficientnet_b4,ILSVRC2012_val_00044971.JPEG,n02113186,264,264,0.4525791,1,imagenet_c,defocus_blur,1,none
efficientnet_b4,ILSVRC2012_val_00047755.JPEG,n02113186,264,264,0.28054848,1,imagenet_c,defocus_blur,1,none
efficientnet_b4,ILSVRC2012_val_00047919.JPEG,n02113186,264,264,0.68554676,1,imagenet_c,defocus_blur,1,none
efficientnet_b4,ILSVRC2012_val_00049129.JPEG,n02113186,264,978,0.21235941,0,imagenet_c,defocus_blur,1,none
efficientnet_b4,ILSVRC2012_val_00049884.JPEG,n02113186,264,253,0.16838557,0,imagenet_c,defocus_blur,1,none
efficientnet_b4,ILSVRC2012_val_00000147.JPEG,n02113624,265,265,0.20562291,1,imagenet_c,defocus_blur,1,none
efficientnet_b4,ILSVRC2012_val_00000425.JPEG,n02113624,265,266,0.37792543,0,imagenet_c,defocus_blur,1,none
efficientnet_b4,ILSVRC2012_val_00001448.JPEG,n02113624,265,266,0.38422105,0,imagenet_c,defocus_blur,1,none
efficientnet_b4,ILSVRC2012_val_00003179.JPEG,n02113624,265,266,0.23557314,0,imagenet_c,defocus_blur,1,none
efficientnet_b4,ILSVRC2012_val_00003698.JPEG,n02113624,265,265,0.18927374,1,imagenet_c,defocus_blur,1,none
efficientnet_b4,ILSVRC2012_val_00004852.JPEG,n02113624,265,266,0.15290216,0,imagenet_c,defocus_blur,1,none
efficientnet_b4,ILSVRC2012_val_00005820.JPEG,n02113624,265,266,0.46806514,0,imagenet_c,defocus_blur,1,none
efficientnet_b4,ILSVRC2012_val_00006209.JPEG,n02113624,265,964,0.22199692,0,imagenet_c,defocus_blur,1,none
efficientnet_b4,ILSVRC2012_val_00006887.JPEG,n02113624,265,265,0.5580992,1,imagenet_c,defocus_blur,1,none
efficientnet_b4,ILSVRC2012_val_00009933.JPEG,n02113624,265,265,0.38111466,1,imagenet_c,defocus_blur,1,none
efficientnet_b4,ILSVRC2012_val_00010612.JPEG,n02113624,265,266,0.5812649,0,imagenet_c,defocus_blur,1,none
efficientnet_b4,ILSVRC2012_val_00011511.JPEG,n02113624,265,266,0.11993397,0,imagenet_c,defocus_blur,1,none
efficientnet_b4,ILSVRC2012_val_00012039.JPEG,n02113624,265,265,0.29548678,1,imagenet_c,defocus_blur,1,none
efficientnet_b4,ILSVRC2012_val_00012610.JPEG,n02113624,265,265,0.47926992,1,imagenet_c,defocus_blur,1,none
efficientnet_b4,ILSVRC2012_val_00012904.JPEG,n02113624,265,265,0.18545574,1,imagenet_c,defocus_blur,1,none
efficientnet_b4,ILSVRC2012_val_00013506.JPEG,n02113624,265,153,0.11597353,0,imagenet_c,defocus_blur,1,none
efficientnet_b4,ILSVRC2012_val_00013862.JPEG,n02113624,265,768,0.16740195,0,imagenet_c,defocus_blur,1,none
efficientnet_b4,ILSVRC2012_val_00014957.JPEG,n02113624,265,265,0.39325902,1,imagenet_c,defocus_blur,1,none
efficientnet_b4,ILSVRC2012_val_00015576.JPEG,n02113624,265,206,0.28604177,0,imagenet_c,defocus_blur,1,none
efficientnet_b4,ILSVRC2012_val_00016130.JPEG,n02113624,265,265,0.61162907,1,imagenet_c,defocus_blur,1,none
efficientnet_b4,ILSVRC2012_val_00016805.JPEG,n02113624,265,181,0.42944,0,imagenet_c,defocus_blur,1,none
efficientnet_b4,ILSVRC2012_val_00018755.JPEG,n02113624,265,202,0.16189294,0,imagenet_c,defocus_blur,1,none
efficientnet_b4,ILSVRC2012_val_00020054.JPEG,n02113624,265,252,0.09864641,0,imagenet_c,defocus_blur,1,none
efficientnet_b4,ILSVRC2012_val_00020474.JPEG,n02113624,265,265,0.5234102,1,imagenet_c,defocus_blur,1,none
efficientnet_b4,ILSVRC2012_val_00020793.JPEG,n02113624,265,265,0.11142662,1,imagenet_c,defocus_blur,1,none
efficientnet_b4,ILSVRC2012_val_00021690.JPEG,n02113624,265,228,0.23753795,0,imagenet_c,defocus_blur,1,none
efficientnet_b4,ILSVRC2012_val_00022911.JPEG,n02113624,265,267,0.5063107,0,imagenet_c,defocus_blur,1,none
efficientnet_b4,ILSVRC2012_val_00023198.JPEG,n02113624,265,265,0.43483865,1,imagenet_c,defocus_blur,1,none
efficientnet_b4,ILSVRC2012_val_00023516.JPEG,n02113624,265,266,0.25098726,0,imagenet_c,defocus_blur,1,none
efficientnet_b4,ILSVRC2012_val_00027140.JPEG,n02113624,265,202,0.08365097,0,imagenet_c,defocus_blur,1,none
efficientnet_b4,ILSVRC2012_val_00027962.JPEG,n02113624,265,266,0.18431021,0,imagenet_c,defocus_blur,1,none
efficientnet_b4,ILSVRC2012_val_00029115.JPEG,n02113624,265,265,0.32762077,1,imagenet_c,defocus_blur,1,none
efficientnet_b4,ILSVRC2012_val_00031006.JPEG,n02113624,265,265,0.2585065,1,imagenet_c,defocus_blur,1,none
efficientnet_b4,ILSVRC2012_val_00031224.JPEG,n02113624,265,332,0.15642732,0,imagenet_c,defocus_blur,1,none
efficientnet_b4,ILSVRC2012_val_00033017.JPEG,n02113624,265,265,0.36586812,1,imagenet_c,defocus_blur,1,none
efficientnet_b4,ILSVRC2012_val_00034297.JPEG,n02113624,265,181,0.2587668,0,imagenet_c,defocus_blur,1,none
efficientnet_b4,ILSVRC2012_val_00035459.JPEG,n02113624,265,266,0.37122554,0,imagenet_c,defocus_blur,1,none
efficientnet_b4,ILSVRC2012_val_00036458.JPEG,n02113624,265,153,0.20154908,0,imagenet_c,defocus_blur,1,none
efficientnet_b4,ILSVRC2012_val_00036490.JPEG,n02113624,265,266,0.38271067,0,imagenet_c,defocus_blur,1,none
efficientnet_b4,ILSVRC2012_val_00037250.JPEG,n02113624,265,266,0.24253151,0,imagenet_c,defocus_blur,1,none
efficientnet_b4,ILSVRC2012_val_00037437.JPEG,n02113624,265,153,0.2744214,0,imagenet_c,defocus_blur,1,none
efficientnet_b4,ILSVRC2012_val_00037634.JPEG,n02113624,265,265,0.4361812,1,imagenet_c,defocus_blur,1,none
efficientnet_b4,ILSVRC2012_val_00039376.JPEG,n02113624,265,259,0.19639504,0,imagenet_c,defocus_blur,1,none
efficientnet_b4,ILSVRC2012_val_00044258.JPEG,n02113624,265,345,0.053665675,0,imagenet_c,defocus_blur,1,none
efficientnet_b4,ILSVRC2012_val_00044709.JPEG,n02113624,265,265,0.38817617,1,imagenet_c,defocus_blur,1,none
efficientnet_b4,ILSVRC2012_val_00044727.JPEG,n02113624,265,153,0.18126161,0,imagenet_c,defocus_blur,1,none
efficientnet_b4,ILSVRC2012_val_00045956.JPEG,n02113624,265,265,0.30267432,1,imagenet_c,defocus_blur,1,none
efficientnet_b4,ILSVRC2012_val_00046483.JPEG,n02113624,265,265,0.24841215,1,imagenet_c,defocus_blur,1,none
efficientnet_b4,ILSVRC2012_val_00046823.JPEG,n02113624,265,266,0.29552174,0,imagenet_c,defocus_blur,1,none
efficientnet_b4,ILSVRC2012_val_00047862.JPEG,n02113624,265,265,0.30516338,1,imagenet_c,defocus_blur,1,none
efficientnet_b4,ILSVRC2012_val_00000867.JPEG,n02113712,266,266,0.47941285,1,imagenet_c,defocus_blur,1,none
efficientnet_b4,ILSVRC2012_val_00001234.JPEG,n02113712,266,265,0.2998397,0,imagenet_c,defocus_blur,1,none
efficientnet_b4,ILSVRC2012_val_00002409.JPEG,n02113712,266,265,0.2469637,0,imagenet_c,defocus_blur,1,none
efficientnet_b4,ILSVRC2012_val_00002460.JPEG,n02113712,266,202,0.1816682,0,imagenet_c,defocus_blur,1,none
efficientnet_b4,ILSVRC2012_val_00002827.JPEG,n02113712,266,265,0.2949192,0,imagenet_c,defocus_blur,1,none
efficientnet_b4,ILSVRC2012_val_00003063.JPEG,n02113712,266,265,0.28739432,0,imagenet_c,defocus_blur,1,none
efficientnet_b4,ILSVRC2012_val_00005524.JPEG,n02113712,266,266,0.28676715,1,imagenet_c,defocus_blur,1,none
efficientnet_b4,ILSVRC2012_val_00007180.JPEG,n02113712,266,265,0.27886686,0,imagenet_c,defocus_blur,1,none
efficientnet_b4,ILSVRC2012_val_00007261.JPEG,n02113712,266,266,0.45891342,1,imagenet_c,defocus_blur,1,none
efficientnet_b4,ILSVRC2012_val_00008018.JPEG,n02113712,266,266,0.34638655,1,imagenet_c,defocus_blur,1,none
efficientnet_b4,ILSVRC2012_val_00009464.JPEG,n02113712,266,267,0.33698526,0,imagenet_c,defocus_blur,1,none
efficientnet_b4,ILSVRC2012_val_00010221.JPEG,n02113712,266,266,0.28306866,1,imagenet_c,defocus_blur,1,none
efficientnet_b4,ILSVRC2012_val_00010575.JPEG,n02113712,266,266,0.43284142,1,imagenet_c,defocus_blur,1,none
efficientnet_b4,ILSVRC2012_val_00012355.JPEG,n02113712,266,266,0.4101972,1,imagenet_c,defocus_blur,1,none
efficientnet_b4,ILSVRC2012_val_00016673.JPEG,n02113712,266,265,0.29365626,0,imagenet_c,defocus_blur,1,none
efficientnet_b4,ILSVRC2012_val_00017724.JPEG,n02113712,266,153,0.24186021,0,imagenet_c,defocus_blur,1,none
efficientnet_b4,ILSVRC2012_val_00020201.JPEG,n02113712,266,266,0.5505807,1,imagenet_c,defocus_blur,1,none
efficientnet_b4,ILSVRC2012_val_00020512.JPEG,n02113712,266,266,0.30858383,1,imagenet_c,defocus_blur,1,none
efficientnet_b4,ILSVRC2012_val_00021546.JPEG,n02113712,266,153,0.432072,0,imagenet_c,defocus_blur,1,none
efficientnet_b4,ILSVRC2012_val_00021671.JPEG,n02113712,266,265,0.31979087,0,imagenet_c,defocus_blur,1,none
efficientnet_b4,ILSVRC2012_val_00023113.JPEG,n02113712,266,266,0.24068208,1,imagenet_c,defocus_blur,1,none
efficientnet_b4,ILSVRC2012_val_00025353.JPEG,n02113712,266,221,0.5477257,0,imagenet_c,defocus_blur,1,none
efficientnet_b4,ILSVRC2012_val_00026000.JPEG,n02113712,266,266,0.33461726,1,imagenet_c,defocus_blur,1,none
efficientnet_b4,ILSVRC2012_val_00026547.JPEG,n02113712,266,183,0.30444288,0,imagenet_c,defocus_blur,1,none
efficientnet_b4,ILSVRC2012_val_00026778.JPEG,n02113712,266,215,0.15121879,0,imagenet_c,defocus_blur,1,none
efficientnet_b4,ILSVRC2012_val_00027109.JPEG,n02113712,266,220,0.123659045,0,imagenet_c,defocus_blur,1,none
efficientnet_b4,ILSVRC2012_val_00028246.JPEG,n02113712,266,266,0.17230505,1,imagenet_c,defocus_blur,1,none
efficientnet_b4,ILSVRC2012_val_00029375.JPEG,n02113712,266,266,0.4329335,1,imagenet_c,defocus_blur,1,none
efficientnet_b4,ILSVRC2012_val_00029675.JPEG,n02113712,266,266,0.43116614,1,imagenet_c,defocus_blur,1,none
efficientnet_b4,ILSVRC2012_val_00030403.JPEG,n02113712,266,265,0.29624435,0,imagenet_c,defocus_blur,1,none
efficientnet_b4,ILSVRC2012_val_00031306.JPEG,n02113712,266,266,0.62963045,1,imagenet_c,defocus_blur,1,none
efficientnet_b4,ILSVRC2012_val_00031415.JPEG,n02113712,266,266,0.25200015,1,imagenet_c,defocus_blur,1,none
efficientnet_b4,ILSVRC2012_val_00031963.JPEG,n02113712,266,266,0.32210588,1,imagenet_c,defocus_blur,1,none
efficientnet_b4,ILSVRC2012_val_00032452.JPEG,n02113712,266,266,0.3860367,1,imagenet_c,defocus_blur,1,none
efficientnet_b4,ILSVRC2012_val_00032466.JPEG,n02113712,266,265,0.3327136,0,imagenet_c,defocus_blur,1,none
efficientnet_b4,ILSVRC2012_val_00032529.JPEG,n02113712,266,194,0.6681607,0,imagenet_c,defocus_blur,1,none
efficientnet_b4,ILSVRC2012_val_00037896.JPEG,n02113712,266,265,0.1159157,0,imagenet_c,defocus_blur,1,none
efficientnet_b4,ILSVRC2012_val_00040991.JPEG,n02113712,266,266,0.38912123,1,imagenet_c,defocus_blur,1,none
efficientnet_b4,ILSVRC2012_val_00041275.JPEG,n02113712,266,265,0.04499546,0,imagenet_c,defocus_blur,1,none
efficientnet_b4,ILSVRC2012_val_00041346.JPEG,n02113712,266,265,0.36942992,0,imagenet_c,defocus_blur,1,none
efficientnet_b4,ILSVRC2012_val_00042462.JPEG,n02113712,266,266,0.45852637,1,imagenet_c,defocus_blur,1,none
efficientnet_b4,ILSVRC2012_val_00043139.JPEG,n02113712,266,266,0.31814742,1,imagenet_c,defocus_blur,1,none
efficientnet_b4,ILSVRC2012_val_00043516.JPEG,n02113712,266,266,0.35252234,1,imagenet_c,defocus_blur,1,none
efficientnet_b4,ILSVRC2012_val_00043750.JPEG,n02113712,266,265,0.29065636,0,imagenet_c,defocus_blur,1,none
efficientnet_b4,ILSVRC2012_val_00044968.JPEG,n02113712,266,153,0.117218204,0,imagenet_c,defocus_blur,1,none
efficientnet_b4,ILSVRC2012_val_00046788.JPEG,n02113712,266,153,0.47683048,0,imagenet_c,defocus_blur,1,none
efficientnet_b4,ILSVRC2012_val_00046822.JPEG,n02113712,266,153,0.13350588,0,imagenet_c,defocus_blur,1,none
efficientnet_b4,ILSVRC2012_val_00047119.JPEG,n02113712,266,266,0.20095913,1,imagenet_c,defocus_blur,1,none
efficientnet_b4,ILSVRC2012_val_00049115.JPEG,n02113712,266,266,0.31069514,1,imagenet_c,defocus_blur,1,none
efficientnet_b4,ILSVRC2012_val_00049715.JPEG,n02113712,266,265,0.29419667,0,imagenet_c,defocus_blur,1,none
efficientnet_b4,ILSVRC2012_val_00000399.JPEG,n02113799,267,267,0.27828503,1,imagenet_c,defocus_blur,1,none
efficientnet_b4,ILSVRC2012_val_00000800.JPEG,n02113799,267,267,0.17666702,1,imagenet_c,defocus_blur,1,none
efficientnet_b4,ILSVRC2012_val_00004278.JPEG,n02113799,267,267,0.19182014,1,imagenet_c,defocus_blur,1,none
efficientnet_b4,ILSVRC2012_val_00005238.JPEG,n02113799,267,155,0.105401345,0,imagenet_c,defocus_blur,1,none
efficientnet_b4,ILSVRC2012_val_00005936.JPEG,n02113799,267,267,0.7415757,1,imagenet_c,defocus_blur,1,none
efficientnet_b4,ILSVRC2012_val_00006652.JPEG,n02113799,267,266,0.23485671,0,imagenet_c,defocus_blur,1,none
efficientnet_b4,ILSVRC2012_val_00007866.JPEG,n02113799,267,155,0.080657125,0,imagenet_c,defocus_blur,1,none
efficientnet_b4,ILSVRC2012_val_00007931.JPEG,n02113799,267,217,0.111577645,0,imagenet_c,defocus_blur,1,none
efficientnet_b4,ILSVRC2012_val_00009523.JPEG,n02113799,267,267,0.53106403,1,imagenet_c,defocus_blur,1,none
efficientnet_b4,ILSVRC2012_val_00010688.JPEG,n02113799,267,267,0.35278228,1,imagenet_c,defocus_blur,1,none
efficientnet_b4,ILSVRC2012_val_00012255.JPEG,n02113799,267,267,0.2582787,1,imagenet_c,defocus_blur,1,none
efficientnet_b4,ILSVRC2012_val_00013083.JPEG,n02113799,267,266,0.30330542,0,imagenet_c,defocus_blur,1,none
efficientnet_b4,ILSVRC2012_val_00014975.JPEG,n02113799,267,267,0.42283934,1,imagenet_c,defocus_blur,1,none
efficientnet_b4,ILSVRC2012_val_00016697.JPEG,n02113799,267,267,0.38895744,1,imagenet_c,defocus_blur,1,none
efficientnet_b4,ILSVRC2012_val_00017569.JPEG,n02113799,267,266,0.4660356,0,imagenet_c,defocus_blur,1,none
efficientnet_b4,ILSVRC2012_val_00018491.JPEG,n02113799,267,175,0.2677692,0,imagenet_c,defocus_blur,1,none
efficientnet_b4,ILSVRC2012_val_00018934.JPEG,n02113799,267,267,0.29740107,1,imagenet_c,defocus_blur,1,none
efficientnet_b4,ILSVRC2012_val_00018971.JPEG,n02113799,267,267,0.44408926,1,imagenet_c,defocus_blur,1,none
efficientnet_b4,ILSVRC2012_val_00021171.JPEG,n02113799,267,221,0.33480293,0,imagenet_c,defocus_blur,1,none
efficientnet_b4,ILSVRC2012_val_00021801.JPEG,n02113799,267,267,0.26358294,1,imagenet_c,defocus_blur,1,none
efficientnet_b4,ILSVRC2012_val_00022629.JPEG,n02113799,267,267,0.7138925,1,imagenet_c,defocus_blur,1,none
efficientnet_b4,ILSVRC2012_val_00022881.JPEG,n02113799,267,267,0.6907329,1,imagenet_c,defocus_blur,1,none
efficientnet_b4,ILSVRC2012_val_00024272.JPEG,n02113799,267,267,0.45385337,1,imagenet_c,defocus_blur,1,none
efficientnet_b4,ILSVRC2012_val_00025065.JPEG,n02113799,267,267,0.5747509,1,imagenet_c,defocus_blur,1,none
efficientnet_b4,ILSVRC2012_val_00026130.JPEG,n02113799,267,267,0.4044891,1,imagenet_c,defocus_blur,1,none
efficientnet_b4,ILSVRC2012_val_00026858.JPEG,n02113799,267,267,0.6931264,1,imagenet_c,defocus_blur,1,none
efficientnet_b4,ILSVRC2012_val_00027366.JPEG,n02113799,267,267,0.16174325,1,imagenet_c,defocus_blur,1,none
efficientnet_b4,ILSVRC2012_val_00027990.JPEG,n02113799,267,267,0.32193348,1,imagenet_c,defocus_blur,1,none
efficientnet_b4,ILSVRC2012_val_00029775.JPEG,n02113799,267,267,0.5105593,1,imagenet_c,defocus_blur,1,none
efficientnet_b4,ILSVRC2012_val_00029984.JPEG,n02113799,267,267,0.4292019,1,imagenet_c,defocus_blur,1,none
efficientnet_b4,ILSVRC2012_val_00032938.JPEG,n02113799,267,267,0.22754914,1,imagenet_c,defocus_blur,1,none
efficientnet_b4,ILSVRC2012_val_00033897.JPEG,n02113799,267,267,0.3832859,1,imagenet_c,defocus_blur,1,none
efficientnet_b4,ILSVRC2012_val_00034090.JPEG,n02113799,267,267,0.18432589,1,imagenet_c,defocus_blur,1,none
efficientnet_b4,ILSVRC2012_val_00034908.JPEG,n02113799,267,267,0.39326924,1,imagenet_c,defocus_blur,1,none
efficientnet_b4,ILSVRC2012_val_00036842.JPEG,n02113799,267,267,0.5513732,1,imagenet_c,defocus_blur,1,none
efficientnet_b4,ILSVRC2012_val_00038194.JPEG,n02113799,267,267,0.49724525,1,imagenet_c,defocus_blur,1,none
efficientnet_b4,ILSVRC2012_val_00038393.JPEG,n02113799,267,805,0.0428201,0,imagenet_c,defocus_blur,1,none
efficientnet_b4,ILSVRC2012_val_00039393.JPEG,n02113799,267,221,0.3877895,0,imagenet_c,defocus_blur,1,none
efficientnet_b4,ILSVRC2012_val_00040088.JPEG,n02113799,267,267,0.15374532,1,imagenet_c,defocus_blur,1,none
efficientnet_b4,ILSVRC2012_val_00040742.JPEG,n02113799,267,267,0.77770734,1,imagenet_c,defocus_blur,1,none
efficientnet_b4,ILSVRC2012_val_00043599.JPEG,n02113799,267,368,0.12630865,0,imagenet_c,defocus_blur,1,none
efficientnet_b4,ILSVRC2012_val_00043688.JPEG,n02113799,267,267,0.26397803,1,imagenet_c,defocus_blur,1,none
efficientnet_b4,ILSVRC2012_val_00045292.JPEG,n02113799,267,267,0.48815113,1,imagenet_c,defocus_blur,1,none
efficientnet_b4,ILSVRC2012_val_00045485.JPEG,n02113799,267,267,0.5260968,1,imagenet_c,defocus_blur,1,none
efficientnet_b4,ILSVRC2012_val_00045628.JPEG,n02113799,267,267,0.57267344,1,imagenet_c,defocus_blur,1,none
efficientnet_b4,ILSVRC2012_val_00047026.JPEG,n02113799,267,181,0.5163574,0,imagenet_c,defocus_blur,1,none
efficientnet_b4,ILSVRC2012_val_00047597.JPEG,n02113799,267,267,0.38003272,1,imagenet_c,defocus_blur,1,none
efficientnet_b4,ILSVRC2012_val_00047699.JPEG,n02113799,267,267,0.5617417,1,imagenet_c,defocus_blur,1,none
efficientnet_b4,ILSVRC2012_val_00048311.JPEG,n02113799,267,267,0.3143816,1,imagenet_c,defocus_blur,1,none
efficientnet_b4,ILSVRC2012_val_00048625.JPEG,n02113799,267,267,0.659641,1,imagenet_c,defocus_blur,1,none
efficientnet_b4,ILSVRC2012_val_00000719.JPEG,n02113978,268,268,0.696352,1,imagenet_c,defocus_blur,1,none
efficientnet_b4,ILSVRC2012_val_00001039.JPEG,n02113978,268,268,0.8005474,1,imagenet_c,defocus_blur,1,none
efficientnet_b4,ILSVRC2012_val_00001467.JPEG,n02113978,268,237,0.1768157,0,imagenet_c,defocus_blur,1,none
efficientnet_b4,ILSVRC2012_val_00001917.JPEG,n02113978,268,268,0.5904163,1,imagenet_c,defocus_blur,1,none
efficientnet_b4,ILSVRC2012_val_00003140.JPEG,n02113978,268,171,0.12411222,0,imagenet_c,defocus_blur,1,none
efficientnet_b4,ILSVRC2012_val_00003435.JPEG,n02113978,268,151,0.27067807,0,imagenet_c,defocus_blur,1,none
efficientnet_b4,ILSVRC2012_val_00004782.JPEG,n02113978,268,268,0.5602609,1,imagenet_c,defocus_blur,1,none
efficientnet_b4,ILSVRC2012_val_00005018.JPEG,n02113978,268,246,0.20319732,0,imagenet_c,defocus_blur,1,none
efficientnet_b4,ILSVRC2012_val_00008137.JPEG,n02113978,268,208,0.19576718,0,imagenet_c,defocus_blur,1,none
efficientnet_b4,ILSVRC2012_val_00008727.JPEG,n02113978,268,268,0.6396386,1,imagenet_c,defocus_blur,1,none
efficientnet_b4,ILSVRC2012_val_00009673.JPEG,n02113978,268,268,0.6439258,1,imagenet_c,defocus_blur,1,none
efficientnet_b4,ILSVRC2012_val_00009888.JPEG,n02113978,268,268,0.66799164,1,imagenet_c,defocus_blur,1,none
efficientnet_b4,ILSVRC2012_val_00011009.JPEG,n02113978,268,268,0.5903957,1,imagenet_c,defocus_blur,1,none
efficientnet_b4,ILSVRC2012_val_00011202.JPEG,n02113978,268,268,0.5471871,1,imagenet_c,defocus_blur,1,none
efficientnet_b4,ILSVRC2012_val_00013045.JPEG,n02113978,268,268,0.26355687,1,imagenet_c,defocus_blur,1,none
efficientnet_b4,ILSVRC2012_val_00014147.JPEG,n02113978,268,151,0.23351412,0,imagenet_c,defocus_blur,1,none
efficientnet_b4,ILSVRC2012_val_00014711.JPEG,n02113978,268,268,0.28661865,1,imagenet_c,defocus_blur,1,none
efficientnet_b4,ILSVRC2012_val_00014845.JPEG,n02113978,268,268,0.56176466,1,imagenet_c,defocus_blur,1,none
efficientnet_b4,ILSVRC2012_val_00014877.JPEG,n02113978,268,268,0.789624,1,imagenet_c,defocus_blur,1,none
efficientnet_b4,ILSVRC2012_val_00014928.JPEG,n02113978,268,268,0.80818546,1,imagenet_c,defocus_blur,1,none
efficientnet_b4,ILSVRC2012_val_00018055.JPEG,n02113978,268,268,0.4918686,1,imagenet_c,defocus_blur,1,none
efficientnet_b4,ILSVRC2012_val_00018141.JPEG,n02113978,268,268,0.6538497,1,imagenet_c,defocus_blur,1,none
efficientnet_b4,ILSVRC2012_val_00019665.JPEG,n02113978,268,268,0.79172796,1,imagenet_c,defocus_blur,1,none
efficientnet_b4,ILSVRC2012_val_00021475.JPEG,n02113978,268,151,0.13794072,0,imagenet_c,defocus_blur,1,none
efficientnet_b4,ILSVRC2012_val_00026094.JPEG,n02113978,268,158,0.21619646,0,imagenet_c,defocus_blur,1,none
efficientnet_b4,ILSVRC2012_val_00026509.JPEG,n02113978,268,268,0.58377236,1,imagenet_c,defocus_blur,1,none
efficientnet_b4,ILSVRC2012_val_00028425.JPEG,n02113978,268,268,0.58298737,1,imagenet_c,defocus_blur,1,none
efficientnet_b4,ILSVRC2012_val_00028901.JPEG,n02113978,268,268,0.6086016,1,imagenet_c,defocus_blur,1,none
efficientnet_b4,ILSVRC2012_val_00028908.JPEG,n02113978,268,268,0.71793544,1,imagenet_c,defocus_blur,1,none
efficientnet_b4,ILSVRC2012_val_00030255.JPEG,n02113978,268,268,0.7157596,1,imagenet_c,defocus_blur,1,none
efficientnet_b4,ILSVRC2012_val_00031747.JPEG,n02113978,268,268,0.77146363,1,imagenet_c,defocus_blur,1,none
efficientnet_b4,ILSVRC2012_val_00031864.JPEG,n02113978,268,268,0.15646766,1,imagenet_c,defocus_blur,1,none
efficientnet_b4,ILSVRC2012_val_00033581.JPEG,n02113978,268,151,0.46485975,0,imagenet_c,defocus_blur,1,none
efficientnet_b4,ILSVRC2012_val_00034516.JPEG,n02113978,268,268,0.7195701,1,imagenet_c,defocus_blur,1,none
efficientnet_b4,ILSVRC2012_val_00034744.JPEG,n02113978,268,268,0.68152225,1,imagenet_c,defocus_blur,1,none
efficientnet_b4,ILSVRC2012_val_00035604.JPEG,n02113978,268,268,0.65335226,1,imagenet_c,defocus_blur,1,none
efficientnet_b4,ILSVRC2012_val_00036709.JPEG,n02113978,268,268,0.5846117,1,imagenet_c,defocus_blur,1,none
efficientnet_b4,ILSVRC2012_val_00037767.JPEG,n02113978,268,268,0.30760336,1,imagenet_c,defocus_blur,1,none
efficientnet_b4,ILSVRC2012_val_00038583.JPEG,n02113978,268,268,0.4176161,1,imagenet_c,defocus_blur,1,none
efficientnet_b4,ILSVRC2012_val_00039850.JPEG,n02113978,268,268,0.656084,1,imagenet_c,defocus_blur,1,none
efficientnet_b4,ILSVRC2012_val_00040556.JPEG,n02113978,268,268,0.6346036,1,imagenet_c,defocus_blur,1,none
efficientnet_b4,ILSVRC2012_val_00041092.JPEG,n02113978,268,171,0.268495,0,imagenet_c,defocus_blur,1,none
efficientnet_b4,ILSVRC2012_val_00042233.JPEG,n02113978,268,268,0.68940187,1,imagenet_c,defocus_blur,1,none
efficientnet_b4,ILSVRC2012_val_00044187.JPEG,n02113978,268,268,0.18148197,1,imagenet_c,defocus_blur,1,none
efficientnet_b4,ILSVRC2012_val_00044217.JPEG,n02113978,268,268,0.8596305,1,imagenet_c,defocus_blur,1,none
efficientnet_b4,ILSVRC2012_val_00044767.JPEG,n02113978,268,171,0.107384615,0,imagenet_c,defocus_blur,1,none
efficientnet_b4,ILSVRC2012_val_00044882.JPEG,n02113978,268,268,0.4188525,1,imagenet_c,defocus_blur,1,none
efficientnet_b4,ILSVRC2012_val_00046981.JPEG,n02113978,268,268,0.0615289,1,imagenet_c,defocus_blur,1,none
efficientnet_b4,ILSVRC2012_val_00049044.JPEG,n02113978,268,268,0.5814322,1,imagenet_c,defocus_blur,1,none
efficientnet_b4,ILSVRC2012_val_00049908.JPEG,n02113978,268,268,0.61837006,1,imagenet_c,defocus_blur,1,none
efficientnet_b4,ILSVRC2012_val_00000530.JPEG,n02114367,269,347,0.27241492,0,imagenet_c,defocus_blur,1,none
efficientnet_b4,ILSVRC2012_val_00000912.JPEG,n02114367,269,276,0.17098476,0,imagenet_c,defocus_blur,1,none
efficientnet_b4,ILSVRC2012_val_00001172.JPEG,n02114367,269,269,0.3510667,1,imagenet_c,defocus_blur,1,none
efficientnet_b4,ILSVRC2012_val_00001469.JPEG,n02114367,269,269,0.46135736,1,imagenet_c,defocus_blur,1,none
efficientnet_b4,ILSVRC2012_val_00002259.JPEG,n02114367,269,269,0.23329243,1,imagenet_c,defocus_blur,1,none
efficientnet_b4,ILSVRC2012_val_00006666.JPEG,n02114367,269,269,0.37002802,1,imagenet_c,defocus_blur,1,none
efficientnet_b4,ILSVRC2012_val_00009604.JPEG,n02114367,269,269,0.4034916,1,imagenet_c,defocus_blur,1,none
efficientnet_b4,ILSVRC2012_val_00011188.JPEG,n02114367,269,269,0.30444512,1,imagenet_c,defocus_blur,1,none
efficientnet_b4,ILSVRC2012_val_00011463.JPEG,n02114367,269,269,0.54647565,1,imagenet_c,defocus_blur,1,none
efficientnet_b4,ILSVRC2012_val_00012840.JPEG,n02114367,269,269,0.4147828,1,imagenet_c,defocus_blur,1,none
efficientnet_b4,ILSVRC2012_val_00013412.JPEG,n02114367,269,272,0.2987147,0,imagenet_c,defocus_blur,1,none
efficientnet_b4,ILSVRC2012_val_00013479.JPEG,n02114367,269,269,0.26232976,1,imagenet_c,defocus_blur,1,none
efficientnet_b4,ILSVRC2012_val_00014508.JPEG,n02114367,269,269,0.35271144,1,imagenet_c,defocus_blur,1,none
efficientnet_b4,ILSVRC2012_val_00014734.JPEG,n02114367,269,271,0.41600385,0,imagenet_c,defocus_blur,1,none
efficientnet_b4,ILSVRC2012_val_00015030.JPEG,n02114367,269,269,0.4607509,1,imagenet_c,defocus_blur,1,none
efficientnet_b4,ILSVRC2012_val_00015465.JPEG,n02114367,269,274,0.22339949,0,imagenet_c,defocus_blur,1,none
efficientnet_b4,ILSVRC2012_val_00015625.JPEG,n02114367,269,269,0.24197862,1,imagenet_c,defocus_blur,1,none
efficientnet_b4,ILSVRC2012_val_00016281.JPEG,n02114367,269,272,0.17648935,0,imagenet_c,defocus_blur,1,none
efficientnet_b4,ILSVRC2012_val_00017311.JPEG,n02114367,269,269,0.32735872,1,imagenet_c,defocus_blur,1,none
efficientnet_b4,ILSVRC2012_val_00017773.JPEG,n02114367,269,269,0.5221036,1,imagenet_c,defocus_blur,1,none
efficientnet_b4,ILSVRC2012_val_00017809.JPEG,n02114367,269,269,0.25342163,1,imagenet_c,defocus_blur,1,none
efficientnet_b4,ILSVRC2012_val_00018311.JPEG,n02114367,269,269,0.42966458,1,imagenet_c,defocus_blur,1,none
efficientnet_b4,ILSVRC2012_val_00018872.JPEG,n02114367,269,269,0.50976276,1,imagenet_c,defocus_blur,1,none
efficientnet_b4,ILSVRC2012_val_00022055.JPEG,n02114367,269,269,0.37566006,1,imagenet_c,defocus_blur,1,none
efficientnet_b4,ILSVRC2012_val_00024863.JPEG,n02114367,269,248,0.34309998,0,imagenet_c,defocus_blur,1,none
efficientnet_b4,ILSVRC2012_val_00027497.JPEG,n02114367,269,269,0.45211956,1,imagenet_c,defocus_blur,1,none
efficientnet_b4,ILSVRC2012_val_00027951.JPEG,n02114367,269,272,0.31288943,0,imagenet_c,defocus_blur,1,none
efficientnet_b4,ILSVRC2012_val_00028990.JPEG,n02114367,269,269,0.5605237,1,imagenet_c,defocus_blur,1,none
efficientnet_b4,ILSVRC2012_val_00029659.JPEG,n02114367,269,269,0.3390117,1,imagenet_c,defocus_blur,1,none
efficientnet_b4,ILSVRC2012_val_00029769.JPEG,n02114367,269,269,0.38295177,1,imagenet_c,defocus_blur,1,none
efficientnet_b4,ILSVRC2012_val_00031414.JPEG,n02114367,269,249,0.24240872,0,imagenet_c,defocus_blur,1,none
efficientnet_b4,ILSVRC2012_val_00032568.JPEG,n02114367,269,269,0.45277405,1,imagenet_c,defocus_blur,1,none
efficientnet_b4,ILSVRC2012_val_00032749.JPEG,n02114367,269,269,0.3276255,1,imagenet_c,defocus_blur,1,none
efficientnet_b4,ILSVRC2012_val_00033884.JPEG,n02114367,269,269,0.719768,1,imagenet_c,defocus_blur,1,none
efficientnet_b4,ILSVRC2012_val_00037118.JPEG,n02114367,269,272,0.09512079,0,imagenet_c,defocus_blur,1,none
efficientnet_b4,ILSVRC2012_val_00037630.JPEG,n02114367,269,274,0.20082377,0,imagenet_c,defocus_blur,1,none
efficientnet_b4,ILSVRC2012_val_00038239.JPEG,n02114367,269,270,0.38948798,0,imagenet_c,defocus_blur,1,none
efficientnet_b4,ILSVRC2012_val_00039885.JPEG,n02114367,269,269,0.35612518,1,imagenet_c,defocus_blur,1,none
efficientnet_b4,ILSVRC2012_val_00041601.JPEG,n02114367,269,269,0.516089,1,imagenet_c,defocus_blur,1,none
efficientnet_b4,ILSVRC2012_val_00041991.JPEG,n02114367,269,224,0.34790805,0,imagenet_c,defocus_blur,1,none
efficientnet_b4,ILSVRC2012_val_00042413.JPEG,n02114367,269,269,0.26700416,1,imagenet_c,defocus_blur,1,none
efficientnet_b4,ILSVRC2012_val_00042434.JPEG,n02114367,269,269,0.38442418,1,imagenet_c,defocus_blur,1,none
efficientnet_b4,ILSVRC2012_val_00042816.JPEG,n02114367,269,269,0.29015547,1,imagenet_c,defocus_blur,1,none
efficientnet_b4,ILSVRC2012_val_00043363.JPEG,n02114367,269,350,0.102419525,0,imagenet_c,defocus_blur,1,none
efficientnet_b4,ILSVRC2012_val_00044765.JPEG,n02114367,269,269,0.2671118,1,imagenet_c,defocus_blur,1,none
efficientnet_b4,ILSVRC2012_val_00045453.JPEG,n02114367,269,271,0.23750572,0,imagenet_c,defocus_blur,1,none
efficientnet_b4,ILSVRC2012_val_00046989.JPEG,n02114367,269,269,0.36071253,1,imagenet_c,defocus_blur,1,none
efficientnet_b4,ILSVRC2012_val_00047435.JPEG,n02114367,269,270,0.33520144,0,imagenet_c,defocus_blur,1,none
efficientnet_b4,ILSVRC2012_val_00047767.JPEG,n02114367,269,270,0.68392456,0,imagenet_c,defocus_blur,1,none
efficientnet_b4,ILSVRC2012_val_00049296.JPEG,n02114367,269,271,0.28506193,0,imagenet_c,defocus_blur,1,none
efficientnet_b4,ILSVRC2012_val_00000027.JPEG,n02114548,270,270,0.6327656,1,imagenet_c,defocus_blur,1,none
efficientnet_b4,ILSVRC2012_val_00000091.JPEG,n02114548,270,270,0.26707116,1,imagenet_c,defocus_blur,1,none
efficientnet_b4,ILSVRC2012_val_00000409.JPEG,n02114548,270,270,0.6150792,1,imagenet_c,defocus_blur,1,none
efficientnet_b4,ILSVRC2012_val_00000501.JPEG,n02114548,270,270,0.5929865,1,imagenet_c,defocus_blur,1,none
efficientnet_b4,ILSVRC2012_val_00002063.JPEG,n02114548,270,270,0.5673547,1,imagenet_c,defocus_blur,1,none
efficientnet_b4,ILSVRC2012_val_00002565.JPEG,n02114548,270,270,0.48330623,1,imagenet_c,defocus_blur,1,none
efficientnet_b4,ILSVRC2012_val_00002948.JPEG,n02114548,270,270,0.4389733,1,imagenet_c,defocus_blur,1,none
efficientnet_b4,ILSVRC2012_val_00003265.JPEG,n02114548,270,270,0.6901164,1,imagenet_c,defocus_blur,1,none
efficientnet_b4,ILSVRC2012_val_00004604.JPEG,n02114548,270,270,0.6233492,1,imagenet_c,defocus_blur,1,none
efficientnet_b4,ILSVRC2012_val_00006174.JPEG,n02114548,270,270,0.5697756,1,imagenet_c,defocus_blur,1,none
efficientnet_b4,ILSVRC2012_val_00007379.JPEG,n02114548,270,270,0.7100077,1,imagenet_c,defocus_blur,1,none
efficientnet_b4,ILSVRC2012_val_00009539.JPEG,n02114548,270,270,0.36019853,1,imagenet_c,defocus_blur,1,none
efficientnet_b4,ILSVRC2012_val_00012800.JPEG,n02114548,270,270,0.441112,1,imagenet_c,defocus_blur,1,none
efficientnet_b4,ILSVRC2012_val_00013358.JPEG,n02114548,270,270,0.2461283,1,imagenet_c,defocus_blur,1,none
efficientnet_b4,ILSVRC2012_val_00013699.JPEG,n02114548,270,269,0.4484819,0,imagenet_c,defocus_blur,1,none
efficientnet_b4,ILSVRC2012_val_00013911.JPEG,n02114548,270,270,0.4800387,1,imagenet_c,defocus_blur,1,none
efficientnet_b4,ILSVRC2012_val_00015446.JPEG,n02114548,270,296,0.52621406,0,imagenet_c,defocus_blur,1,none
efficientnet_b4,ILSVRC2012_val_00016104.JPEG,n02114548,270,270,0.5896025,1,imagenet_c,defocus_blur,1,none
efficientnet_b4,ILSVRC2012_val_00016243.JPEG,n02114548,270,269,0.27631938,0,imagenet_c,defocus_blur,1,none
efficientnet_b4,ILSVRC2012_val_00016319.JPEG,n02114548,270,270,0.6828956,1,imagenet_c,defocus_blur,1,none
efficientnet_b4,ILSVRC2012_val_00017957.JPEG,n02114548,270,270,0.66396874,1,imagenet_c,defocus_blur,1,none
efficientnet_b4,ILSVRC2012_val_00018188.JPEG,n02114548,270,270,0.42396244,1,imagenet_c,defocus_blur,1,none
efficientnet_b4,ILSVRC2012_val_00019391.JPEG,n02114548,270,270,0.64766955,1,imagenet_c,defocus_blur,1,none
efficientnet_b4,ILSVRC2012_val_00020076.JPEG,n02114548,270,270,0.34182486,1,imagenet_c,defocus_blur,1,none
efficientnet_b4,ILSVRC2012_val_00020708.JPEG,n02114548,270,270,0.39109656,1,imagenet_c,defocus_blur,1,none
efficientnet_b4,ILSVRC2012_val_00022202.JPEG,n02114548,270,270,0.23721421,1,imagenet_c,defocus_blur,1,none
efficientnet_b4,ILSVRC2012_val_00022393.JPEG,n02114548,270,270,0.5704316,1,imagenet_c,defocus_blur,1,none
efficientnet_b4,ILSVRC2012_val_00022452.JPEG,n02114548,270,270,0.61704,1,imagenet_c,defocus_blur,1,none
efficientnet_b4,ILSVRC2012_val_00024054.JPEG,n02114548,270,248,0.21566778,0,imagenet_c,defocus_blur,1,none
efficientnet_b4,ILSVRC2012_val_00025285.JPEG,n02114548,270,270,0.67583257,1,imagenet_c,defocus_blur,1,none
efficientnet_b4,ILSVRC2012_val_00025665.JPEG,n02114548,270,270,0.7087327,1,imagenet_c,defocus_blur,1,none
efficientnet_b4,ILSVRC2012_val_00027641.JPEG,n02114548,270,270,0.59305626,1,imagenet_c,defocus_blur,1,none
efficientnet_b4,ILSVRC2012_val_00028165.JPEG,n02114548,270,270,0.5621719,1,imagenet_c,defocus_blur,1,none
efficientnet_b4,ILSVRC2012_val_00028264.JPEG,n02114548,270,270,0.41157636,1,imagenet_c,defocus_blur,1,none
efficientnet_b4,ILSVRC2012_val_00030270.JPEG,n02114548,270,270,0.5119997,1,imagenet_c,defocus_blur,1,none
efficientnet_b4,ILSVRC2012_val_00030613.JPEG,n02114548,270,270,0.41166887,1,imagenet_c,defocus_blur,1,none
efficientnet_b4,ILSVRC2012_val_00031241.JPEG,n02114548,270,270,0.668849,1,imagenet_c,defocus_blur,1,none
efficientnet_b4,ILSVRC2012_val_00034856.JPEG,n02114548,270,270,0.57721305,1,imagenet_c,defocus_blur,1,none
efficientnet_b4,ILSVRC2012_val_00035908.JPEG,n02114548,270,270,0.57309234,1,imagenet_c,defocus_blur,1,none
efficientnet_b4,ILSVRC2012_val_00037010.JPEG,n02114548,270,270,0.61248803,1,imagenet_c,defocus_blur,1,none
efficientnet_b4,ILSVRC2012_val_00040757.JPEG,n02114548,270,270,0.7942168,1,imagenet_c,defocus_blur,1,none
efficientnet_b4,ILSVRC2012_val_00041513.JPEG,n02114548,270,270,0.3473011,1,imagenet_c,defocus_blur,1,none
efficientnet_b4,ILSVRC2012_val_00042098.JPEG,n02114548,270,270,0.6875138,1,imagenet_c,defocus_blur,1,none
efficientnet_b4,ILSVRC2012_val_00042172.JPEG,n02114548,270,270,0.78868055,1,imagenet_c,defocus_blur,1,none
efficientnet_b4,ILSVRC2012_val_00043401.JPEG,n02114548,270,270,0.27475995,1,imagenet_c,defocus_blur,1,none
efficientnet_b4,ILSVRC2012_val_00044679.JPEG,n02114548,270,258,0.31764168,0,imagenet_c,defocus_blur,1,none
efficientnet_b4,ILSVRC2012_val_00045961.JPEG,n02114548,270,270,0.22969574,1,imagenet_c,defocus_blur,1,none
efficientnet_b4,ILSVRC2012_val_00046088.JPEG,n02114548,270,270,0.51880765,1,imagenet_c,defocus_blur,1,none
efficientnet_b4,ILSVRC2012_val_00048997.JPEG,n02114548,270,222,0.21206157,0,imagenet_c,defocus_blur,1,none
efficientnet_b4,ILSVRC2012_val_00049731.JPEG,n02114548,270,270,0.5717211,1,imagenet_c,defocus_blur,1,none
efficientnet_b4,ILSVRC2012_val_00003172.JPEG,n02114712,271,274,0.28665373,0,imagenet_c,defocus_blur,1,none
efficientnet_b4,ILSVRC2012_val_00004870.JPEG,n02114712,271,271,0.34306857,1,imagenet_c,defocus_blur,1,none
efficientnet_b4,ILSVRC2012_val_00007419.JPEG,n02114712,271,271,0.39971098,1,imagenet_c,defocus_blur,1,none
efficientnet_b4,ILSVRC2012_val_00009312.JPEG,n02114712,271,271,0.7495049,1,imagenet_c,defocus_blur,1,none
efficientnet_b4,ILSVRC2012_val_00009578.JPEG,n02114712,271,272,0.4679256,0,imagenet_c,defocus_blur,1,none
efficientnet_b4,ILSVRC2012_val_00010369.JPEG,n02114712,271,271,0.578151,1,imagenet_c,defocus_blur,1,none
efficientnet_b4,ILSVRC2012_val_00010883.JPEG,n02114712,271,272,0.6719129,0,imagenet_c,defocus_blur,1,none
efficientnet_b4,ILSVRC2012_val_00011506.JPEG,n02114712,271,248,0.302131,0,imagenet_c,defocus_blur,1,none
efficientnet_b4,ILSVRC2012_val_00011537.JPEG,n02114712,271,291,0.42066574,0,imagenet_c,defocus_blur,1,none
efficientnet_b4,ILSVRC2012_val_00012738.JPEG,n02114712,271,272,0.27999505,0,imagenet_c,defocus_blur,1,none
efficientnet_b4,ILSVRC2012_val_00012922.JPEG,n02114712,271,271,0.5053583,1,imagenet_c,defocus_blur,1,none
efficientnet_b4,ILSVRC2012_val_00013554.JPEG,n02114712,271,269,0.42452195,0,imagenet_c,defocus_blur,1,none
efficientnet_b4,ILSVRC2012_val_00013714.JPEG,n02114712,271,272,0.3262145,0,imagenet_c,defocus_blur,1,none
efficientnet_b4,ILSVRC2012_val_00013903.JPEG,n02114712,271,278,0.2723298,0,imagenet_c,defocus_blur,1,none
efficientnet_b4,ILSVRC2012_val_00013985.JPEG,n02114712,271,271,0.6557978,1,imagenet_c,defocus_blur,1,none
efficientnet_b4,ILSVRC2012_val_00015766.JPEG,n02114712,271,272,0.3208506,0,imagenet_c,defocus_blur,1,none
efficientnet_b4,ILSVRC2012_val_00017288.JPEG,n02114712,271,271,0.8357249,1,imagenet_c,defocus_blur,1,none
efficientnet_b4,ILSVRC2012_val_00017363.JPEG,n02114712,271,269,0.38834676,0,imagenet_c,defocus_blur,1,none
efficientnet_b4,ILSVRC2012_val_00017643.JPEG,n02114712,271,269,0.42262298,0,imagenet_c,defocus_blur,1,none
efficientnet_b4,ILSVRC2012_val_00018735.JPEG,n02114712,271,269,0.6800763,0,imagenet_c,defocus_blur,1,none
efficientnet_b4,ILSVRC2012_val_00019784.JPEG,n02114712,271,269,0.29613668,0,imagenet_c,defocus_blur,1,none
efficientnet_b4,ILSVRC2012_val_00021773.JPEG,n02114712,271,248,0.29152268,0,imagenet_c,defocus_blur,1,none
efficientnet_b4,ILSVRC2012_val_00021812.JPEG,n02114712,271,271,0.72923523,1,imagenet_c,defocus_blur,1,none
efficientnet_b4,ILSVRC2012_val_00021835.JPEG,n02114712,271,271,0.5919057,1,imagenet_c,defocus_blur,1,none
efficientnet_b4,ILSVRC2012_val_00024356.JPEG,n02114712,271,271,0.6910907,1,imagenet_c,defocus_blur,1,none
efficientnet_b4,ILSVRC2012_val_00025448.JPEG,n02114712,271,271,0.6431027,1,imagenet_c,defocus_blur,1,none
efficientnet_b4,ILSVRC2012_val_00025845.JPEG,n02114712,271,271,0.32747588,1,imagenet_c,defocus_blur,1,none
efficientnet_b4,ILSVRC2012_val_00027459.JPEG,n02114712,271,272,0.46151042,0,imagenet_c,defocus_blur,1,none
efficientnet_b4,ILSVRC2012_val_00028593.JPEG,n02114712,271,269,0.54817975,0,imagenet_c,defocus_blur,1,none
efficientnet_b4,ILSVRC2012_val_00030561.JPEG,n02114712,271,271,0.40451145,1,imagenet_c,defocus_blur,1,none
efficientnet_b4,ILSVRC2012_val_00031199.JPEG,n02114712,271,278,0.34163603,0,imagenet_c,defocus_blur,1,none
efficientnet_b4,ILSVRC2012_val_00032720.JPEG,n02114712,271,274,0.77343726,0,imagenet_c,defocus_blur,1,none
efficientnet_b4,ILSVRC2012_val_00033911.JPEG,n02114712,271,271,0.5890276,1,imagenet_c,defocus_blur,1,none
efficientnet_b4,ILSVRC2012_val_00036798.JPEG,n02114712,271,271,0.18274908,1,imagenet_c,defocus_blur,1,none
efficientnet_b4,ILSVRC2012_val_00036997.JPEG,n02114712,271,272,0.1543619,0,imagenet_c,defocus_blur,1,none
efficientnet_b4,ILSVRC2012_val_00037582.JPEG,n02114712,271,280,0.43929985,0,imagenet_c,defocus_blur,1,none
efficientnet_b4,ILSVRC2012_val_00037617.JPEG,n02114712,271,271,0.46609992,1,imagenet_c,defocus_blur,1,none
efficientnet_b4,ILSVRC2012_val_00039939.JPEG,n02114712,271,271,0.4178513,1,imagenet_c,defocus_blur,1,none
efficientnet_b4,ILSVRC2012_val_00040677.JPEG,n02114712,271,272,0.26459426,0,imagenet_c,defocus_blur,1,none
efficientnet_b4,ILSVRC2012_val_00041286.JPEG,n02114712,271,272,0.19635923,0,imagenet_c,defocus_blur,1,none
efficientnet_b4,ILSVRC2012_val_00041684.JPEG,n02114712,271,174,0.5943902,0,imagenet_c,defocus_blur,1,none
efficientnet_b4,ILSVRC2012_val_00041914.JPEG,n02114712,271,271,0.5134205,1,imagenet_c,defocus_blur,1,none
efficientnet_b4,ILSVRC2012_val_00042706.JPEG,n02114712,271,271,0.3741572,1,imagenet_c,defocus_blur,1,none
efficientnet_b4,ILSVRC2012_val_00042834.JPEG,n02114712,271,271,0.8276539,1,imagenet_c,defocus_blur,1,none
efficientnet_b4,ILSVRC2012_val_00044684.JPEG,n02114712,271,271,0.59992915,1,imagenet_c,defocus_blur,1,none
efficientnet_b4,ILSVRC2012_val_00044842.JPEG,n02114712,271,271,0.57933056,1,imagenet_c,defocus_blur,1,none
efficientnet_b4,ILSVRC2012_val_00045702.JPEG,n02114712,271,271,0.40106323,1,imagenet_c,defocus_blur,1,none
efficientnet_b4,ILSVRC2012_val_00046849.JPEG,n02114712,271,271,0.67896944,1,imagenet_c,defocus_blur,1,none
efficientnet_b4,ILSVRC2012_val_00047850.JPEG,n02114712,271,271,0.7416649,1,imagenet_c,defocus_blur,1,none
efficientnet_b4,ILSVRC2012_val_00047973.JPEG,n02114712,271,271,0.3532861,1,imagenet_c,defocus_blur,1,none
efficientnet_b4,ILSVRC2012_val_00000156.JPEG,n02114855,272,274,0.5987063,0,imagenet_c,defocus_blur,1,none
efficientnet_b4,ILSVRC2012_val_00000188.JPEG,n02114855,272,272,0.2927082,1,imagenet_c,defocus_blur,1,none
efficientnet_b4,ILSVRC2012_val_00003765.JPEG,n02114855,272,280,0.2933767,0,imagenet_c,defocus_blur,1,none
efficientnet_b4,ILSVRC2012_val_00004178.JPEG,n02114855,272,280,0.25070053,0,imagenet_c,defocus_blur,1,none
efficientnet_b4,ILSVRC2012_val_00004540.JPEG,n02114855,272,280,0.57632446,0,imagenet_c,defocus_blur,1,none
efficientnet_b4,ILSVRC2012_val_00004869.JPEG,n02114855,272,272,0.5580366,1,imagenet_c,defocus_blur,1,none
efficientnet_b4,ILSVRC2012_val_00006092.JPEG,n02114855,272,272,0.22103228,1,imagenet_c,defocus_blur,1,none
efficientnet_b4,ILSVRC2012_val_00009474.JPEG,n02114855,272,272,0.39195308,1,imagenet_c,defocus_blur,1,none
efficientnet_b4,ILSVRC2012_val_00012230.JPEG,n02114855,272,273,0.74384844,0,imagenet_c,defocus_blur,1,none
efficientnet_b4,ILSVRC2012_val_00016398.JPEG,n02114855,272,272,0.3996337,1,imagenet_c,defocus_blur,1,none
efficientnet_b4,ILSVRC2012_val_00016443.JPEG,n02114855,272,269,0.6142788,0,imagenet_c,defocus_blur,1,none
efficientnet_b4,ILSVRC2012_val_00016911.JPEG,n02114855,272,272,0.59783417,1,imagenet_c,defocus_blur,1,none
efficientnet_b4,ILSVRC2012_val_00017231.JPEG,n02114855,272,280,0.38195065,0,imagenet_c,defocus_blur,1,none
efficientnet_b4,ILSVRC2012_val_00019239.JPEG,n02114855,272,272,0.24288617,1,imagenet_c,defocus_blur,1,none
efficientnet_b4,ILSVRC2012_val_00019680.JPEG,n02114855,272,272,0.5170646,1,imagenet_c,defocus_blur,1,none
efficientnet_b4,ILSVRC2012_val_00020256.JPEG,n02114855,272,271,0.5570346,0,imagenet_c,defocus_blur,1,none
efficientnet_b4,ILSVRC2012_val_00023411.JPEG,n02114855,272,272,0.421523,1,imagenet_c,defocus_blur,1,none
efficientnet_b4,ILSVRC2012_val_00023813.JPEG,n02114855,272,271,0.29614273,0,imagenet_c,defocus_blur,1,none
efficientnet_b4,ILSVRC2012_val_00024990.JPEG,n02114855,272,272,0.6263346,1,imagenet_c,defocus_blur,1,none
efficientnet_b4,ILSVRC2012_val_00026228.JPEG,n02114855,272,272,0.23788863,1,imagenet_c,defocus_blur,1,none
efficientnet_b4,ILSVRC2012_val_00026869.JPEG,n02114855,272,272,0.5635314,1,imagenet_c,defocus_blur,1,none
efficientnet_b4,ILSVRC2012_val_00028347.JPEG,n02114855,272,272,0.46517465,1,imagenet_c,defocus_blur,1,none
efficientnet_b4,ILSVRC2012_val_00028916.JPEG,n02114855,272,272,0.667095,1,imagenet_c,defocus_blur,1,none
efficientnet_b4,ILSVRC2012_val_00029066.JPEG,n02114855,272,330,0.12524574,0,imagenet_c,defocus_blur,1,none
efficientnet_b4,ILSVRC2012_val_00029186.JPEG,n02114855,272,272,0.76758873,1,imagenet_c,defocus_blur,1,none
efficientnet_b4,ILSVRC2012_val_00031197.JPEG,n02114855,272,272,0.14558707,1,imagenet_c,defocus_blur,1,none
efficientnet_b4,ILSVRC2012_val_00032758.JPEG,n02114855,272,272,0.5057712,1,imagenet_c,defocus_blur,1,none
efficientnet_b4,ILSVRC2012_val_00034279.JPEG,n02114855,272,335,0.10521833,0,imagenet_c,defocus_blur,1,none
efficientnet_b4,ILSVRC2012_val_00035375.JPEG,n02114855,272,272,0.59073484,1,imagenet_c,defocus_blur,1,none
efficientnet_b4,ILSVRC2012_val_00036317.JPEG,n02114855,272,272,0.58017814,1,imagenet_c,defocus_blur,1,none
efficientnet_b4,ILSVRC2012_val_00036324.JPEG,n02114855,272,272,0.3116186,1,imagenet_c,defocus_blur,1,none
efficientnet_b4,ILSVRC2012_val_00036450.JPEG,n02114855,272,272,0.33393043,1,imagenet_c,defocus_blur,1,none
efficientnet_b4,ILSVRC2012_val_00036897.JPEG,n02114855,272,269,0.37062055,0,imagenet_c,defocus_blur,1,none
efficientnet_b4,ILSVRC2012_val_00037275.JPEG,n02114855,272,272,0.49903336,1,imagenet_c,defocus_blur,1,none
efficientnet_b4,ILSVRC2012_val_00038396.JPEG,n02114855,272,272,0.19709186,1,imagenet_c,defocus_blur,1,none
efficientnet_b4,ILSVRC2012_val_00039555.JPEG,n02114855,272,272,0.71691376,1,imagenet_c,defocus_blur,1,none
efficientnet_b4,ILSVRC2012_val_00039736.JPEG,n02114855,272,272,0.5917288,1,imagenet_c,defocus_blur,1,none
efficientnet_b4,ILSVRC2012_val_00040727.JPEG,n02114855,272,174,0.16598919,0,imagenet_c,defocus_blur,1,none
efficientnet_b4,ILSVRC2012_val_00041643.JPEG,n02114855,272,272,0.37783337,1,imagenet_c,defocus_blur,1,none
efficientnet_b4,ILSVRC2012_val_00041761.JPEG,n02114855,272,273,0.24848473,0,imagenet_c,defocus_blur,1,none
efficientnet_b4,ILSVRC2012_val_00042357.JPEG,n02114855,272,272,0.49510935,1,imagenet_c,defocus_blur,1,none
efficientnet_b4,ILSVRC2012_val_00044021.JPEG,n02114855,272,362,0.30830905,0,imagenet_c,defocus_blur,1,none
efficientnet_b4,ILSVRC2012_val_00044600.JPEG,n02114855,272,272,0.26331103,1,imagenet_c,defocus_blur,1,none
efficientnet_b4,ILSVRC2012_val_00044732.JPEG,n02114855,272,272,0.15523627,1,imagenet_c,defocus_blur,1,none
efficientnet_b4,ILSVRC2012_val_00045318.JPEG,n02114855,272,272,0.6237498,1,imagenet_c,defocus_blur,1,none
efficientnet_b4,ILSVRC2012_val_00046340.JPEG,n02114855,272,272,0.72797257,1,imagenet_c,defocus_blur,1,none
efficientnet_b4,ILSVRC2012_val_00048162.JPEG,n02114855,272,272,0.7092531,1,imagenet_c,defocus_blur,1,none
efficientnet_b4,ILSVRC2012_val_00048219.JPEG,n02114855,272,272,0.37496954,1,imagenet_c,defocus_blur,1,none
efficientnet_b4,ILSVRC2012_val_00048693.JPEG,n02114855,272,272,0.7445737,1,imagenet_c,defocus_blur,1,none
efficientnet_b4,ILSVRC2012_val_00049643.JPEG,n02114855,272,272,0.6398492,1,imagenet_c,defocus_blur,1,none
efficientnet_b4,ILSVRC2012_val_00000604.JPEG,n02115641,273,273,0.42304248,1,imagenet_c,defocus_blur,1,none
efficientnet_b4,ILSVRC2012_val_00000785.JPEG,n02115641,273,227,0.9227423,0,imagenet_c,defocus_blur,1,none
efficientnet_b4,ILSVRC2012_val_00001212.JPEG,n02115641,273,273,0.6767767,1,imagenet_c,defocus_blur,1,none
efficientnet_b4,ILSVRC2012_val_00002786.JPEG,n02115641,273,273,0.75106734,1,imagenet_c,defocus_blur,1,none
efficientnet_b4,ILSVRC2012_val_00004320.JPEG,n02115641,273,273,0.40573263,1,imagenet_c,defocus_blur,1,none
efficientnet_b4,ILSVRC2012_val_00004334.JPEG,n02115641,273,273,0.64076054,1,imagenet_c,defocus_blur,1,none
efficientnet_b4,ILSVRC2012_val_00004372.JPEG,n02115641,273,263,0.25653875,0,imagenet_c,defocus_blur,1,none
efficientnet_b4,ILSVRC2012_val_00005735.JPEG,n02115641,273,273,0.38935438,1,imagenet_c,defocus_blur,1,none
efficientnet_b4,ILSVRC2012_val_00007782.JPEG,n02115641,273,223,0.36379567,0,imagenet_c,defocus_blur,1,none
efficientnet_b4,ILSVRC2012_val_00007858.JPEG,n02115641,273,271,0.09936698,0,imagenet_c,defocus_blur,1,none
efficientnet_b4,ILSVRC2012_val_00010040.JPEG,n02115641,273,273,0.516681,1,imagenet_c,defocus_blur,1,none
efficientnet_b4,ILSVRC2012_val_00011750.JPEG,n02115641,273,273,0.26956987,1,imagenet_c,defocus_blur,1,none
efficientnet_b4,ILSVRC2012_val_00012401.JPEG,n02115641,273,273,0.71448624,1,imagenet_c,defocus_blur,1,none
efficientnet_b4,ILSVRC2012_val_00012752.JPEG,n02115641,273,273,0.7000111,1,imagenet_c,defocus_blur,1,none
efficientnet_b4,ILSVRC2012_val_00015821.JPEG,n02115641,273,270,0.46760014,0,imagenet_c,defocus_blur,1,none
efficientnet_b4,ILSVRC2012_val_00016713.JPEG,n02115641,273,273,0.8862732,1,imagenet_c,defocus_blur,1,none
efficientnet_b4,ILSVRC2012_val_00017164.JPEG,n02115641,273,273,0.4889818,1,imagenet_c,defocus_blur,1,none
efficientnet_b4,ILSVRC2012_val_00017313.JPEG,n02115641,273,273,0.46746343,1,imagenet_c,defocus_blur,1,none
efficientnet_b4,ILSVRC2012_val_00019417.JPEG,n02115641,273,273,0.59739965,1,imagenet_c,defocus_blur,1,none
efficientnet_b4,ILSVRC2012_val_00019728.JPEG,n02115641,273,273,0.42548475,1,imagenet_c,defocus_blur,1,none
efficientnet_b4,ILSVRC2012_val_00021318.JPEG,n02115641,273,339,0.10256252,0,imagenet_c,defocus_blur,1,none
efficientnet_b4,ILSVRC2012_val_00021767.JPEG,n02115641,273,263,0.14416471,0,imagenet_c,defocus_blur,1,none
efficientnet_b4,ILSVRC2012_val_00022330.JPEG,n02115641,273,273,0.63406265,1,imagenet_c,defocus_blur,1,none
efficientnet_b4,ILSVRC2012_val_00023415.JPEG,n02115641,273,273,0.5939937,1,imagenet_c,defocus_blur,1,none
efficientnet_b4,ILSVRC2012_val_00024961.JPEG,n02115641,273,356,0.16296253,0,imagenet_c,defocus_blur,1,none
efficientnet_b4,ILSVRC2012_val_00029825.JPEG,n02115641,273,273,0.6960086,1,imagenet_c,defocus_blur,1,none
efficientnet_b4,ILSVRC2012_val_00030055.JPEG,n02115641,273,273,0.6617814,1,imagenet_c,defocus_blur,1,none
efficientnet_b4,ILSVRC2012_val_00030693.JPEG,n02115641,273,273,0.615549,1,imagenet_c,defocus_blur,1,none
efficientnet_b4,ILSVRC2012_val_00030815.JPEG,n02115641,273,273,0.7747475,1,imagenet_c,defocus_blur,1,none
efficientnet_b4,ILSVRC2012_val_00031077.JPEG,n02115641,273,273,0.120217144,1,imagenet_c,defocus_blur,1,none
efficientnet_b4,ILSVRC2012_val_00032652.JPEG,n02115641,273,273,0.6838892,1,imagenet_c,defocus_blur,1,none
efficientnet_b4,ILSVRC2012_val_00033743.JPEG,n02115641,273,227,0.18291566,0,imagenet_c,defocus_blur,1,none
efficientnet_b4,ILSVRC2012_val_00034729.JPEG,n02115641,273,214,0.1014911,0,imagenet_c,defocus_blur,1,none
efficientnet_b4,ILSVRC2012_val_00035768.JPEG,n02115641,273,273,0.47570264,1,imagenet_c,defocus_blur,1,none
efficientnet_b4,ILSVRC2012_val_00036464.JPEG,n02115641,273,273,0.5158738,1,imagenet_c,defocus_blur,1,none
efficientnet_b4,ILSVRC2012_val_00036908.JPEG,n02115641,273,163,0.046573203,0,imagenet_c,defocus_blur,1,none
efficientnet_b4,ILSVRC2012_val_00037363.JPEG,n02115641,273,253,0.23117316,0,imagenet_c,defocus_blur,1,none
efficientnet_b4,ILSVRC2012_val_00038489.JPEG,n02115641,273,273,0.6225187,1,imagenet_c,defocus_blur,1,none
efficientnet_b4,ILSVRC2012_val_00038762.JPEG,n02115641,273,235,0.2978667,0,imagenet_c,defocus_blur,1,none
efficientnet_b4,ILSVRC2012_val_00038986.JPEG,n02115641,273,172,0.19475824,0,imagenet_c,defocus_blur,1,none
efficientnet_b4,ILSVRC2012_val_00039177.JPEG,n02115641,273,273,0.31179717,1,imagenet_c,defocus_blur,1,none
efficientnet_b4,ILSVRC2012_val_00041341.JPEG,n02115641,273,273,0.85065943,1,imagenet_c,defocus_blur,1,none
efficientnet_b4,ILSVRC2012_val_00041777.JPEG,n02115641,273,273,0.6487999,1,imagenet_c,defocus_blur,1,none
efficientnet_b4,ILSVRC2012_val_00042325.JPEG,n02115641,273,273,0.34009662,1,imagenet_c,defocus_blur,1,none
efficientnet_b4,ILSVRC2012_val_00042614.JPEG,n02115641,273,273,0.49169916,1,imagenet_c,defocus_blur,1,none
efficientnet_b4,ILSVRC2012_val_00042731.JPEG,n02115641,273,273,0.65173775,1,imagenet_c,defocus_blur,1,none
efficientnet_b4,ILSVRC2012_val_00046318.JPEG,n02115641,273,271,0.11816959,0,imagenet_c,defocus_blur,1,none
efficientnet_b4,ILSVRC2012_val_00047670.JPEG,n02115641,273,273,0.58416855,1,imagenet_c,defocus_blur,1,none
efficientnet_b4,ILSVRC2012_val_00048498.JPEG,n02115641,273,273,0.762118,1,imagenet_c,defocus_blur,1,none
efficientnet_b4,ILSVRC2012_val_00048971.JPEG,n02115641,273,273,0.8061566,1,imagenet_c,defocus_blur,1,none
efficientnet_b4,ILSVRC2012_val_00001148.JPEG,n02115913,274,274,0.6872256,1,imagenet_c,defocus_blur,1,none
efficientnet_b4,ILSVRC2012_val_00001487.JPEG,n02115913,274,274,0.63405144,1,imagenet_c,defocus_blur,1,none
efficientnet_b4,ILSVRC2012_val_00002551.JPEG,n02115913,274,274,0.4547941,1,imagenet_c,defocus_blur,1,none
efficientnet_b4,ILSVRC2012_val_00003403.JPEG,n02115913,274,274,0.5447925,1,imagenet_c,defocus_blur,1,none
efficientnet_b4,ILSVRC2012_val_00004746.JPEG,n02115913,274,274,0.44126514,1,imagenet_c,defocus_blur,1,none
efficientnet_b4,ILSVRC2012_val_00006757.JPEG,n02115913,274,274,0.69032407,1,imagenet_c,defocus_blur,1,none
efficientnet_b4,ILSVRC2012_val_00007526.JPEG,n02115913,274,274,0.69739497,1,imagenet_c,defocus_blur,1,none
efficientnet_b4,ILSVRC2012_val_00008362.JPEG,n02115913,274,274,0.36163318,1,imagenet_c,defocus_blur,1,none
efficientnet_b4,ILSVRC2012_val_00008592.JPEG,n02115913,274,274,0.6842877,1,imagenet_c,defocus_blur,1,none
efficientnet_b4,ILSVRC2012_val_00008729.JPEG,n02115913,274,274,0.6363539,1,imagenet_c,defocus_blur,1,none
efficientnet_b4,ILSVRC2012_val_00009314.JPEG,n02115913,274,274,0.61982214,1,imagenet_c,defocus_blur,1,none
efficientnet_b4,ILSVRC2012_val_00010834.JPEG,n02115913,274,274,0.81279117,1,imagenet_c,defocus_blur,1,none
efficientnet_b4,ILSVRC2012_val_00011623.JPEG,n02115913,274,274,0.54539186,1,imagenet_c,defocus_blur,1,none
efficientnet_b4,ILSVRC2012_val_00012250.JPEG,n02115913,274,274,0.5739834,1,imagenet_c,defocus_blur,1,none
efficientnet_b4,ILSVRC2012_val_00012316.JPEG,n02115913,274,274,0.63658625,1,imagenet_c,defocus_blur,1,none
efficientnet_b4,ILSVRC2012_val_00013697.JPEG,n02115913,274,274,0.7667677,1,imagenet_c,defocus_blur,1,none
efficientnet_b4,ILSVRC2012_val_00015330.JPEG,n02115913,274,274,0.49226314,1,imagenet_c,defocus_blur,1,none
efficientnet_b4,ILSVRC2012_val_00015605.JPEG,n02115913,274,274,0.33128482,1,imagenet_c,defocus_blur,1,none
efficientnet_b4,ILSVRC2012_val_00015888.JPEG,n02115913,274,274,0.6134581,1,imagenet_c,defocus_blur,1,none
efficientnet_b4,ILSVRC2012_val_00018791.JPEG,n02115913,274,274,0.71054566,1,imagenet_c,defocus_blur,1,none
efficientnet_b4,ILSVRC2012_val_00020094.JPEG,n02115913,274,274,0.6484766,1,imagenet_c,defocus_blur,1,none
efficientnet_b4,ILSVRC2012_val_00020566.JPEG,n02115913,274,274,0.5364156,1,imagenet_c,defocus_blur,1,none
efficientnet_b4,ILSVRC2012_val_00022893.JPEG,n02115913,274,274,0.8404874,1,imagenet_c,defocus_blur,1,none
efficientnet_b4,ILSVRC2012_val_00023202.JPEG,n02115913,274,273,0.72732675,0,imagenet_c,defocus_blur,1,none
efficientnet_b4,ILSVRC2012_val_00023259.JPEG,n02115913,274,274,0.719535,1,imagenet_c,defocus_blur,1,none
efficientnet_b4,ILSVRC2012_val_00025522.JPEG,n02115913,274,274,0.59688973,1,imagenet_c,defocus_blur,1,none
efficientnet_b4,ILSVRC2012_val_00025537.JPEG,n02115913,274,274,0.71786845,1,imagenet_c,defocus_blur,1,none
efficientnet_b4,ILSVRC2012_val_00026888.JPEG,n02115913,274,274,0.541225,1,imagenet_c,defocus_blur,1,none
efficientnet_b4,ILSVRC2012_val_00030305.JPEG,n02115913,274,274,0.543243,1,imagenet_c,defocus_blur,1,none
efficientnet_b4,ILSVRC2012_val_00030851.JPEG,n02115913,274,271,0.61370975,0,imagenet_c,defocus_blur,1,none
efficientnet_b4,ILSVRC2012_val_00031865.JPEG,n02115913,274,274,0.8008338,1,imagenet_c,defocus_blur,1,none
efficientnet_b4,ILSVRC2012_val_00032685.JPEG,n02115913,274,274,0.6897542,1,imagenet_c,defocus_blur,1,none
efficientnet_b4,ILSVRC2012_val_00035212.JPEG,n02115913,274,274,0.8137822,1,imagenet_c,defocus_blur,1,none
efficientnet_b4,ILSVRC2012_val_00035289.JPEG,n02115913,274,274,0.6111276,1,imagenet_c,defocus_blur,1,none
efficientnet_b4,ILSVRC2012_val_00035811.JPEG,n02115913,274,274,0.5887992,1,imagenet_c,defocus_blur,1,none
efficientnet_b4,ILSVRC2012_val_00036414.JPEG,n02115913,274,274,0.7588685,1,imagenet_c,defocus_blur,1,none
efficientnet_b4,ILSVRC2012_val_00036691.JPEG,n02115913,274,274,0.20742893,1,imagenet_c,defocus_blur,1,none
efficientnet_b4,ILSVRC2012_val_00036756.JPEG,n02115913,274,274,0.643345,1,imagenet_c,defocus_blur,1,none
efficientnet_b4,ILSVRC2012_val_00039039.JPEG,n02115913,274,274,0.70769554,1,imagenet_c,defocus_blur,1,none
efficientnet_b4,ILSVRC2012_val_00039608.JPEG,n02115913,274,274,0.6480721,1,imagenet_c,defocus_blur,1,none
efficientnet_b4,ILSVRC2012_val_00040454.JPEG,n02115913,274,274,0.45875606,1,imagenet_c,defocus_blur,1,none
efficientnet_b4,ILSVRC2012_val_00040810.JPEG,n02115913,274,274,0.5248469,1,imagenet_c,defocus_blur,1,none
efficientnet_b4,ILSVRC2012_val_00041976.JPEG,n02115913,274,274,0.8423884,1,imagenet_c,defocus_blur,1,none
efficientnet_b4,ILSVRC2012_val_00042475.JPEG,n02115913,274,274,0.8966908,1,imagenet_c,defocus_blur,1,none
efficientnet_b4,ILSVRC2012_val_00042978.JPEG,n02115913,274,274,0.590959,1,imagenet_c,defocus_blur,1,none
efficientnet_b4,ILSVRC2012_val_00043707.JPEG,n02115913,274,274,0.629532,1,imagenet_c,defocus_blur,1,none
efficientnet_b4,ILSVRC2012_val_00044248.JPEG,n02115913,274,273,0.33961815,0,imagenet_c,defocus_blur,1,none
efficientnet_b4,ILSVRC2012_val_00044553.JPEG,n02115913,274,274,0.6434768,1,imagenet_c,defocus_blur,1,none
efficientnet_b4,ILSVRC2012_val_00047112.JPEG,n02115913,274,274,0.58590776,1,imagenet_c,defocus_blur,1,none
efficientnet_b4,ILSVRC2012_val_00048438.JPEG,n02115913,274,274,0.65817505,1,imagenet_c,defocus_blur,1,none
efficientnet_b4,ILSVRC2012_val_00000078.JPEG,n02116738,275,275,0.4615266,1,imagenet_c,defocus_blur,1,none
efficientnet_b4,ILSVRC2012_val_00001637.JPEG,n02116738,275,275,0.15409511,1,imagenet_c,defocus_blur,1,none
efficientnet_b4,ILSVRC2012_val_00002365.JPEG,n02116738,275,275,0.31651202,1,imagenet_c,defocus_blur,1,none
efficientnet_b4,ILSVRC2012_val_00002468.JPEG,n02116738,275,275,0.45978025,1,imagenet_c,defocus_blur,1,none
efficientnet_b4,ILSVRC2012_val_00003999.JPEG,n02116738,275,275,0.52588725,1,imagenet_c,defocus_blur,1,none
efficientnet_b4,ILSVRC2012_val_00004276.JPEG,n02116738,275,275,0.52767277,1,imagenet_c,defocus_blur,1,none
efficientnet_b4,ILSVRC2012_val_00004282.JPEG,n02116738,275,275,0.32045162,1,imagenet_c,defocus_blur,1,none
efficientnet_b4,ILSVRC2012_val_00007075.JPEG,n02116738,275,352,0.09226795,0,imagenet_c,defocus_blur,1,none
efficientnet_b4,ILSVRC2012_val_00008357.JPEG,n02116738,275,275,0.39387,1,imagenet_c,defocus_blur,1,none
efficientnet_b4,ILSVRC2012_val_00009062.JPEG,n02116738,275,275,0.46628338,1,imagenet_c,defocus_blur,1,none
efficientnet_b4,ILSVRC2012_val_00010405.JPEG,n02116738,275,275,0.26693895,1,imagenet_c,defocus_blur,1,none
efficientnet_b4,ILSVRC2012_val_00010487.JPEG,n02116738,275,275,0.44390106,1,imagenet_c,defocus_blur,1,none
efficientnet_b4,ILSVRC2012_val_00013368.JPEG,n02116738,275,275,0.65679014,1,imagenet_c,defocus_blur,1,none
efficientnet_b4,ILSVRC2012_val_00013369.JPEG,n02116738,275,275,0.4406022,1,imagenet_c,defocus_blur,1,none
efficientnet_b4,ILSVRC2012_val_00013584.JPEG,n02116738,275,275,0.4395739,1,imagenet_c,defocus_blur,1,none
efficientnet_b4,ILSVRC2012_val_00013740.JPEG,n02116738,275,275,0.49332726,1,imagenet_c,defocus_blur,1,none
efficientnet_b4,ILSVRC2012_val_00014250.JPEG,n02116738,275,275,0.37685645,1,imagenet_c,defocus_blur,1,none
efficientnet_b4,ILSVRC2012_val_00014532.JPEG,n02116738,275,275,0.45517036,1,imagenet_c,defocus_blur,1,none
efficientnet_b4,ILSVRC2012_val_00016666.JPEG,n02116738,275,275,0.49648756,1,imagenet_c,defocus_blur,1,none
efficientnet_b4,ILSVRC2012_val_00019324.JPEG,n02116738,275,275,0.53660476,1,imagenet_c,defocus_blur,1,none
efficientnet_b4,ILSVRC2012_val_00020193.JPEG,n02116738,275,275,0.3551851,1,imagenet_c,defocus_blur,1,none
efficientnet_b4,ILSVRC2012_val_00021003.JPEG,n02116738,275,275,0.49064928,1,imagenet_c,defocus_blur,1,none
efficientnet_b4,ILSVRC2012_val_00022062.JPEG,n02116738,275,275,0.44279313,1,imagenet_c,defocus_blur,1,none
efficientnet_b4,ILSVRC2012_val_00022432.JPEG,n02116738,275,275,0.5083661,1,imagenet_c,defocus_blur,1,none
efficientnet_b4,ILSVRC2012_val_00022569.JPEG,n02116738,275,275,0.49224484,1,imagenet_c,defocus_blur,1,none
efficientnet_b4,ILSVRC2012_val_00023748.JPEG,n02116738,275,275,0.17407617,1,imagenet_c,defocus_blur,1,none
efficientnet_b4,ILSVRC2012_val_00026158.JPEG,n02116738,275,275,0.38720518,1,imagenet_c,defocus_blur,1,none
efficientnet_b4,ILSVRC2012_val_00026167.JPEG,n02116738,275,275,0.45885202,1,imagenet_c,defocus_blur,1,none
efficientnet_b4,ILSVRC2012_val_00027066.JPEG,n02116738,275,275,0.5024896,1,imagenet_c,defocus_blur,1,none
efficientnet_b4,ILSVRC2012_val_00028339.JPEG,n02116738,275,275,0.36072782,1,imagenet_c,defocus_blur,1,none
efficientnet_b4,ILSVRC2012_val_00029123.JPEG,n02116738,275,275,0.3594088,1,imagenet_c,defocus_blur,1,none
efficientnet_b4,ILSVRC2012_val_00030678.JPEG,n02116738,275,275,0.4942651,1,imagenet_c,defocus_blur,1,none
efficientnet_b4,ILSVRC2012_val_00032535.JPEG,n02116738,275,275,0.3373243,1,imagenet_c,defocus_blur,1,none
efficientnet_b4,ILSVRC2012_val_00034123.JPEG,n02116738,275,275,0.61045,1,imagenet_c,defocus_blur,1,none
efficientnet_b4,ILSVRC2012_val_00034551.JPEG,n02116738,275,275,0.40388837,1,imagenet_c,defocus_blur,1,none
efficientnet_b4,ILSVRC2012_val_00035741.JPEG,n02116738,275,275,0.43697402,1,imagenet_c,defocus_blur,1,none
efficientnet_b4,ILSVRC2012_val_00037354.JPEG,n02116738,275,275,0.37010702,1,imagenet_c,defocus_blur,1,none
efficientnet_b4,ILSVRC2012_val_00037949.JPEG,n02116738,275,275,0.3997288,1,imagenet_c,defocus_blur,1,none
efficientnet_b4,ILSVRC2012_val_00039076.JPEG,n02116738,275,275,0.37042704,1,imagenet_c,defocus_blur,1,none
efficientnet_b4,ILSVRC2012_val_00039513.JPEG,n02116738,275,275,0.5288327,1,imagenet_c,defocus_blur,1,none
efficientnet_b4,ILSVRC2012_val_00039573.JPEG,n02116738,275,275,0.6833794,1,imagenet_c,defocus_blur,1,none
efficientnet_b4,ILSVRC2012_val_00041220.JPEG,n02116738,275,275,0.33662963,1,imagenet_c,defocus_blur,1,none
efficientnet_b4,ILSVRC2012_val_00041831.JPEG,n02116738,275,275,0.4043875,1,imagenet_c,defocus_blur,1,none
efficientnet_b4,ILSVRC2012_val_00042267.JPEG,n02116738,275,275,0.51495034,1,imagenet_c,defocus_blur,1,none
efficientnet_b4,ILSVRC2012_val_00044707.JPEG,n02116738,275,275,0.34406617,1,imagenet_c,defocus_blur,1,none
efficientnet_b4,ILSVRC2012_val_00046470.JPEG,n02116738,275,275,0.58165103,1,imagenet_c,defocus_blur,1,none
efficientnet_b4,ILSVRC2012_val_00047535.JPEG,n02116738,275,275,0.5446925,1,imagenet_c,defocus_blur,1,none
efficientnet_b4,ILSVRC2012_val_00048385.JPEG,n02116738,275,275,0.34328708,1,imagenet_c,defocus_blur,1,none
efficientnet_b4,ILSVRC2012_val_00049136.JPEG,n02116738,275,275,0.40351838,1,imagenet_c,defocus_blur,1,none
efficientnet_b4,ILSVRC2012_val_00049534.JPEG,n02116738,275,275,0.4908341,1,imagenet_c,defocus_blur,1,none
efficientnet_b4,ILSVRC2012_val_00000133.JPEG,n02117135,276,276,0.5797434,1,imagenet_c,defocus_blur,1,none
efficientnet_b4,ILSVRC2012_val_00000983.JPEG,n02117135,276,276,0.37574252,1,imagenet_c,defocus_blur,1,none
efficientnet_b4,ILSVRC2012_val_00003038.JPEG,n02117135,276,276,0.45031852,1,imagenet_c,defocus_blur,1,none
efficientnet_b4,ILSVRC2012_val_00003550.JPEG,n02117135,276,276,0.34467557,1,imagenet_c,defocus_blur,1,none
efficientnet_b4,ILSVRC2012_val_00004940.JPEG,n02117135,276,276,0.43439046,1,imagenet_c,defocus_blur,1,none
efficientnet_b4,ILSVRC2012_val_00005473.JPEG,n02117135,276,276,0.5174259,1,imagenet_c,defocus_blur,1,none
efficientnet_b4,ILSVRC2012_val_00006431.JPEG,n02117135,276,276,0.5385853,1,imagenet_c,defocus_blur,1,none
efficientnet_b4,ILSVRC2012_val_00006604.JPEG,n02117135,276,276,0.6096759,1,imagenet_c,defocus_blur,1,none
efficientnet_b4,ILSVRC2012_val_00008947.JPEG,n02117135,276,275,0.59449244,0,imagenet_c,defocus_blur,1,none
efficientnet_b4,ILSVRC2012_val_00009354.JPEG,n02117135,276,276,0.48876077,1,imagenet_c,defocus_blur,1,none
efficientnet_b4,ILSVRC2012_val_00011000.JPEG,n02117135,276,192,0.1465737,0,imagenet_c,defocus_blur,1,none
efficientnet_b4,ILSVRC2012_val_00012833.JPEG,n02117135,276,353,0.1429517,0,imagenet_c,defocus_blur,1,none
efficientnet_b4,ILSVRC2012_val_00013034.JPEG,n02117135,276,276,0.5620835,1,imagenet_c,defocus_blur,1,none
efficientnet_b4,ILSVRC2012_val_00016830.JPEG,n02117135,276,276,0.47475883,1,imagenet_c,defocus_blur,1,none
efficientnet_b4,ILSVRC2012_val_00019942.JPEG,n02117135,276,276,0.44708985,1,imagenet_c,defocus_blur,1,none
efficientnet_b4,ILSVRC2012_val_00020325.JPEG,n02117135,276,276,0.3873175,1,imagenet_c,defocus_blur,1,none
efficientnet_b4,ILSVRC2012_val_00021035.JPEG,n02117135,276,276,0.46708596,1,imagenet_c,defocus_blur,1,none
efficientnet_b4,ILSVRC2012_val_00022947.JPEG,n02117135,276,276,0.41393214,1,imagenet_c,defocus_blur,1,none
efficientnet_b4,ILSVRC2012_val_00023004.JPEG,n02117135,276,276,0.43362856,1,imagenet_c,defocus_blur,1,none
efficientnet_b4,ILSVRC2012_val_00023307.JPEG,n02117135,276,276,0.4861465,1,imagenet_c,defocus_blur,1,none
efficientnet_b4,ILSVRC2012_val_00024786.JPEG,n02117135,276,276,0.3087806,1,imagenet_c,defocus_blur,1,none
efficientnet_b4,ILSVRC2012_val_00025662.JPEG,n02117135,276,276,0.6169912,1,imagenet_c,defocus_blur,1,none
efficientnet_b4,ILSVRC2012_val_00026516.JPEG,n02117135,276,272,0.21007253,0,imagenet_c,defocus_blur,1,none
efficientnet_b4,ILSVRC2012_val_00027765.JPEG,n02117135,276,276,0.6539185,1,imagenet_c,defocus_blur,1,none
efficientnet_b4,ILSVRC2012_val_00028857.JPEG,n02117135,276,343,0.53846735,0,imagenet_c,defocus_blur,1,none
efficientnet_b4,ILSVRC2012_val_00029059.JPEG,n02117135,276,276,0.37671113,1,imagenet_c,defocus_blur,1,none
efficientnet_b4,ILSVRC2012_val_00029308.JPEG,n02117135,276,276,0.4565599,1,imagenet_c,defocus_blur,1,none
efficientnet_b4,ILSVRC2012_val_00029816.JPEG,n02117135,276,276,0.34786502,1,imagenet_c,defocus_blur,1,none
efficientnet_b4,ILSVRC2012_val_00030115.JPEG,n02117135,276,276,0.47767606,1,imagenet_c,defocus_blur,1,none
efficientnet_b4,ILSVRC2012_val_00030724.JPEG,n02117135,276,276,0.477121,1,imagenet_c,defocus_blur,1,none
efficientnet_b4,ILSVRC2012_val_00031041.JPEG,n02117135,276,276,0.44638202,1,imagenet_c,defocus_blur,1,none
efficientnet_b4,ILSVRC2012_val_00031792.JPEG,n02117135,276,276,0.36096954,1,imagenet_c,defocus_blur,1,none
efficientnet_b4,ILSVRC2012_val_00034379.JPEG,n02117135,276,276,0.37301624,1,imagenet_c,defocus_blur,1,none
efficientnet_b4,ILSVRC2012_val_00035727.JPEG,n02117135,276,276,0.35482258,1,imagenet_c,defocus_blur,1,none
efficientnet_b4,ILSVRC2012_val_00035999.JPEG,n02117135,276,276,0.70464057,1,imagenet_c,defocus_blur,1,none
efficientnet_b4,ILSVRC2012_val_00037216.JPEG,n02117135,276,276,0.3796751,1,imagenet_c,defocus_blur,1,none
efficientnet_b4,ILSVRC2012_val_00037265.JPEG,n02117135,276,276,0.5545862,1,imagenet_c,defocus_blur,1,none
efficientnet_b4,ILSVRC2012_val_00039085.JPEG,n02117135,276,276,0.44956967,1,imagenet_c,defocus_blur,1,none
efficientnet_b4,ILSVRC2012_val_00039990.JPEG,n02117135,276,276,0.3437439,1,imagenet_c,defocus_blur,1,none
efficientnet_b4,ILSVRC2012_val_00040327.JPEG,n02117135,276,275,0.29081824,0,imagenet_c,defocus_blur,1,none
efficientnet_b4,ILSVRC2012_val_00040615.JPEG,n02117135,276,276,0.37428325,1,imagenet_c,defocus_blur,1,none
efficientnet_b4,ILSVRC2012_val_00041142.JPEG,n02117135,276,276,0.5463553,1,imagenet_c,defocus_blur,1,none
efficientnet_b4,ILSVRC2012_val_00042684.JPEG,n02117135,276,276,0.46949112,1,imagenet_c,defocus_blur,1,none
efficientnet_b4,ILSVRC2012_val_00043079.JPEG,n02117135,276,276,0.37040028,1,imagenet_c,defocus_blur,1,none
efficientnet_b4,ILSVRC2012_val_00043660.JPEG,n02117135,276,276,0.6180142,1,imagenet_c,defocus_blur,1,none
efficientnet_b4,ILSVRC2012_val_00044364.JPEG,n02117135,276,276,0.501646,1,imagenet_c,defocus_blur,1,none
efficientnet_b4,ILSVRC2012_val_00044496.JPEG,n02117135,276,276,0.41884905,1,imagenet_c,defocus_blur,1,none
efficientnet_b4,ILSVRC2012_val_00048181.JPEG,n02117135,276,276,0.36943147,1,imagenet_c,defocus_blur,1,none
efficientnet_b4,ILSVRC2012_val_00048499.JPEG,n02117135,276,276,0.5328573,1,imagenet_c,defocus_blur,1,none
efficientnet_b4,ILSVRC2012_val_00049629.JPEG,n02117135,276,276,0.63509434,1,imagenet_c,defocus_blur,1,none
efficientnet_b4,ILSVRC2012_val_00000157.JPEG,n02119022,277,277,0.37088162,1,imagenet_c,defocus_blur,1,none
efficientnet_b4,ILSVRC2012_val_00000517.JPEG,n02119022,277,278,0.46024188,0,imagenet_c,defocus_blur,1,none
efficientnet_b4,ILSVRC2012_val_00003449.JPEG,n02119022,277,277,0.35375136,1,imagenet_c,defocus_blur,1,none
efficientnet_b4,ILSVRC2012_val_00003974.JPEG,n02119022,277,277,0.4595435,1,imagenet_c,defocus_blur,1,none
efficientnet_b4,ILSVRC2012_val_00004141.JPEG,n02119022,277,151,0.36905372,0,imagenet_c,defocus_blur,1,none
efficientnet_b4,ILSVRC2012_val_00004643.JPEG,n02119022,277,278,0.49777478,0,imagenet_c,defocus_blur,1,none
efficientnet_b4,ILSVRC2012_val_00005979.JPEG,n02119022,277,278,0.50756985,0,imagenet_c,defocus_blur,1,none
efficientnet_b4,ILSVRC2012_val_00006668.JPEG,n02119022,277,278,0.3051952,0,imagenet_c,defocus_blur,1,none
efficientnet_b4,ILSVRC2012_val_00006818.JPEG,n02119022,277,278,0.33552086,0,imagenet_c,defocus_blur,1,none
efficientnet_b4,ILSVRC2012_val_00008113.JPEG,n02119022,277,277,0.38372082,1,imagenet_c,defocus_blur,1,none
efficientnet_b4,ILSVRC2012_val_00008938.JPEG,n02119022,277,277,0.44177392,1,imagenet_c,defocus_blur,1,none
efficientnet_b4,ILSVRC2012_val_00009066.JPEG,n02119022,277,273,0.111322425,0,imagenet_c,defocus_blur,1,none
efficientnet_b4,ILSVRC2012_val_00010297.JPEG,n02119022,277,277,0.41447386,1,imagenet_c,defocus_blur,1,none
efficientnet_b4,ILSVRC2012_val_00010552.JPEG,n02119022,277,387,0.38458148,0,imagenet_c,defocus_blur,1,none
efficientnet_b4,ILSVRC2012_val_00011084.JPEG,n02119022,277,277,0.28576788,1,imagenet_c,defocus_blur,1,none
efficientnet_b4,ILSVRC2012_val_00012749.JPEG,n02119022,277,277,0.3468134,1,imagenet_c,defocus_blur,1,none
efficientnet_b4,ILSVRC2012_val_00012978.JPEG,n02119022,277,278,0.36176464,0,imagenet_c,defocus_blur,1,none
efficientnet_b4,ILSVRC2012_val_00014133.JPEG,n02119022,277,277,0.3491533,1,imagenet_c,defocus_blur,1,none
efficientnet_b4,ILSVRC2012_val_00014798.JPEG,n02119022,277,277,0.3941199,1,imagenet_c,defocus_blur,1,none
efficientnet_b4,ILSVRC2012_val_00016471.JPEG,n02119022,277,277,0.42528984,1,imagenet_c,defocus_blur,1,none
efficientnet_b4,ILSVRC2012_val_00018381.JPEG,n02119022,277,278,0.5025035,0,imagenet_c,defocus_blur,1,none
efficientnet_b4,ILSVRC2012_val_00020225.JPEG,n02119022,277,277,0.4734711,1,imagenet_c,defocus_blur,1,none
efficientnet_b4,ILSVRC2012_val_00020790.JPEG,n02119022,277,350,0.06712997,0,imagenet_c,defocus_blur,1,none
efficientnet_b4,ILSVRC2012_val_00025140.JPEG,n02119022,277,277,0.48908615,1,imagenet_c,defocus_blur,1,none
efficientnet_b4,ILSVRC2012_val_00025207.JPEG,n02119022,277,277,0.6562601,1,imagenet_c,defocus_blur,1,none
efficientnet_b4,ILSVRC2012_val_00026288.JPEG,n02119022,277,277,0.38522276,1,imagenet_c,defocus_blur,1,none
efficientnet_b4,ILSVRC2012_val_00027828.JPEG,n02119022,277,278,0.37086895,0,imagenet_c,defocus_blur,1,none
efficientnet_b4,ILSVRC2012_val_00029361.JPEG,n02119022,277,272,0.51368237,0,imagenet_c,defocus_blur,1,none
efficientnet_b4,ILSVRC2012_val_00029562.JPEG,n02119022,277,277,0.34881637,1,imagenet_c,defocus_blur,1,none
efficientnet_b4,ILSVRC2012_val_00029735.JPEG,n02119022,277,278,0.22345924,0,imagenet_c,defocus_blur,1,none
efficientnet_b4,ILSVRC2012_val_00031297.JPEG,n02119022,277,277,0.21787089,1,imagenet_c,defocus_blur,1,none
efficientnet_b4,ILSVRC2012_val_00031470.JPEG,n02119022,277,294,0.15603408,0,imagenet_c,defocus_blur,1,none
efficientnet_b4,ILSVRC2012_val_00032508.JPEG,n02119022,277,278,0.32573628,0,imagenet_c,defocus_blur,1,none
efficientnet_b4,ILSVRC2012_val_00032623.JPEG,n02119022,277,277,0.5086363,1,imagenet_c,defocus_blur,1,none
efficientnet_b4,ILSVRC2012_val_00033177.JPEG,n02119022,277,278,0.46471047,0,imagenet_c,defocus_blur,1,none
efficientnet_b4,ILSVRC2012_val_00033641.JPEG,n02119022,277,277,0.37581664,1,imagenet_c,defocus_blur,1,none
efficientnet_b4,ILSVRC2012_val_00034084.JPEG,n02119022,277,277,0.53011703,1,imagenet_c,defocus_blur,1,none
efficientnet_b4,ILSVRC2012_val_00035165.JPEG,n02119022,277,277,0.2900199,1,imagenet_c,defocus_blur,1,none
efficientnet_b4,ILSVRC2012_val_00036547.JPEG,n02119022,277,277,0.20132925,1,imagenet_c,defocus_blur,1,none
efficientnet_b4,ILSVRC2012_val_00037080.JPEG,n02119022,277,274,0.25147763,0,imagenet_c,defocus_blur,1,none
efficientnet_b4,ILSVRC2012_val_00039745.JPEG,n02119022,277,278,0.47688037,0,imagenet_c,defocus_blur,1,none
efficientnet_b4,ILSVRC2012_val_00041499.JPEG,n02119022,277,277,0.56808436,1,imagenet_c,defocus_blur,1,none
efficientnet_b4,ILSVRC2012_val_00045465.JPEG,n02119022,277,278,0.415262,0,imagenet_c,defocus_blur,1,none
efficientnet_b4,ILSVRC2012_val_00045601.JPEG,n02119022,277,277,0.70588845,1,imagenet_c,defocus_blur,1,none
efficientnet_b4,ILSVRC2012_val_00046388.JPEG,n02119022,277,278,0.35651577,0,imagenet_c,defocus_blur,1,none
efficientnet_b4,ILSVRC2012_val_00047690.JPEG,n02119022,277,278,0.32916453,0,imagenet_c,defocus_blur,1,none
efficientnet_b4,ILSVRC2012_val_00049262.JPEG,n02119022,277,277,0.4780415,1,imagenet_c,defocus_blur,1,none
efficientnet_b4,ILSVRC2012_val_00049298.JPEG,n02119022,277,277,0.4599942,1,imagenet_c,defocus_blur,1,none
efficientnet_b4,ILSVRC2012_val_00049886.JPEG,n02119022,277,277,0.32929322,1,imagenet_c,defocus_blur,1,none
efficientnet_b4,ILSVRC2012_val_00049984.JPEG,n02119022,277,277,0.49653822,1,imagenet_c,defocus_blur,1,none
efficientnet_b4,ILSVRC2012_val_00000756.JPEG,n02119789,278,278,0.38252634,1,imagenet_c,defocus_blur,1,none
efficientnet_b4,ILSVRC2012_val_00001260.JPEG,n02119789,278,277,0.19585443,0,imagenet_c,defocus_blur,1,none
efficientnet_b4,ILSVRC2012_val_00002147.JPEG,n02119789,278,277,0.38877335,0,imagenet_c,defocus_blur,1,none
efficientnet_b4,ILSVRC2012_val_00002881.JPEG,n02119789,278,277,0.47735786,0,imagenet_c,defocus_blur,1,none
efficientnet_b4,ILSVRC2012_val_00005613.JPEG,n02119789,278,279,0.62992597,0,imagenet_c,defocus_blur,1,none
efficientnet_b4,ILSVRC2012_val_00006145.JPEG,n02119789,278,277,0.37645948,0,imagenet_c,defocus_blur,1,none
efficientnet_b4,ILSVRC2012_val_00006183.JPEG,n02119789,278,278,0.5017921,1,imagenet_c,defocus_blur,1,none
efficientnet_b4,ILSVRC2012_val_00007406.JPEG,n02119789,278,278,0.55976695,1,imagenet_c,defocus_blur,1,none
efficientnet_b4,ILSVRC2012_val_00008631.JPEG,n02119789,278,278,0.29823676,1,imagenet_c,defocus_blur,1,none
efficientnet_b4,ILSVRC2012_val_00008726.JPEG,n02119789,278,278,0.57991785,1,imagenet_c,defocus_blur,1,none
efficientnet_b4,ILSVRC2012_val_00009128.JPEG,n02119789,278,278,0.56335765,1,imagenet_c,defocus_blur,1,none
efficientnet_b4,ILSVRC2012_val_00009336.JPEG,n02119789,278,278,0.5004135,1,imagenet_c,defocus_blur,1,none
efficientnet_b4,ILSVRC2012_val_00009503.JPEG,n02119789,278,278,0.7648048,1,imagenet_c,defocus_blur,1,none
efficientnet_b4,ILSVRC2012_val_00011624.JPEG,n02119789,278,278,0.3191982,1,imagenet_c,defocus_blur,1,none
efficientnet_b4,ILSVRC2012_val_00014861.JPEG,n02119789,278,277,0.50937426,0,imagenet_c,defocus_blur,1,none
efficientnet_b4,ILSVRC2012_val_00015800.JPEG,n02119789,278,278,0.35851547,1,imagenet_c,defocus_blur,1,none
efficientnet_b4,ILSVRC2012_val_00016254.JPEG,n02119789,278,277,0.41283357,0,imagenet_c,defocus_blur,1,none
efficientnet_b4,ILSVRC2012_val_00016385.JPEG,n02119789,278,277,0.4650258,0,imagenet_c,defocus_blur,1,none
efficientnet_b4,ILSVRC2012_val_00017444.JPEG,n02119789,278,278,0.4016866,1,imagenet_c,defocus_blur,1,none
efficientnet_b4,ILSVRC2012_val_00017881.JPEG,n02119789,278,278,0.4477491,1,imagenet_c,defocus_blur,1,none
efficientnet_b4,ILSVRC2012_val_00018313.JPEG,n02119789,278,280,0.36575764,0,imagenet_c,defocus_blur,1,none
efficientnet_b4,ILSVRC2012_val_00018821.JPEG,n02119789,278,278,0.3728928,1,imagenet_c,defocus_blur,1,none
efficientnet_b4,ILSVRC2012_val_00021044.JPEG,n02119789,278,278,0.56180817,1,imagenet_c,defocus_blur,1,none
efficientnet_b4,ILSVRC2012_val_00021231.JPEG,n02119789,278,278,0.2941947,1,imagenet_c,defocus_blur,1,none
efficientnet_b4,ILSVRC2012_val_00021730.JPEG,n02119789,278,277,0.4431825,0,imagenet_c,defocus_blur,1,none
efficientnet_b4,ILSVRC2012_val_00021899.JPEG,n02119789,278,278,0.26134536,1,imagenet_c,defocus_blur,1,none
efficientnet_b4,ILSVRC2012_val_00023924.JPEG,n02119789,278,278,0.29008013,1,imagenet_c,defocus_blur,1,none
efficientnet_b4,ILSVRC2012_val_00024529.JPEG,n02119789,278,278,0.25346598,1,imagenet_c,defocus_blur,1,none
efficientnet_b4,ILSVRC2012_val_00025957.JPEG,n02119789,278,278,0.25919056,1,imagenet_c,defocus_blur,1,none
efficientnet_b4,ILSVRC2012_val_00027842.JPEG,n02119789,278,278,0.42474404,1,imagenet_c,defocus_blur,1,none
efficientnet_b4,ILSVRC2012_val_00028623.JPEG,n02119789,278,278,0.45001167,1,imagenet_c,defocus_blur,1,none
efficientnet_b4,ILSVRC2012_val_00029683.JPEG,n02119789,278,278,0.63927317,1,imagenet_c,defocus_blur,1,none
efficientnet_b4,ILSVRC2012_val_00030573.JPEG,n02119789,278,277,0.5104265,0,imagenet_c,defocus_blur,1,none
efficientnet_b4,ILSVRC2012_val_00032528.JPEG,n02119789,278,274,0.17934182,0,imagenet_c,defocus_blur,1,none
efficientnet_b4,ILSVRC2012_val_00033561.JPEG,n02119789,278,277,0.30590278,0,imagenet_c,defocus_blur,1,none
efficientnet_b4,ILSVRC2012_val_00033890.JPEG,n02119789,278,278,0.17224027,1,imagenet_c,defocus_blur,1,none
efficientnet_b4,ILSVRC2012_val_00035439.JPEG,n02119789,278,277,0.5727994,0,imagenet_c,defocus_blur,1,none
efficientnet_b4,ILSVRC2012_val_00039222.JPEG,n02119789,278,278,0.2519835,1,imagenet_c,defocus_blur,1,none
efficientnet_b4,ILSVRC2012_val_00039454.JPEG,n02119789,278,277,0.33728537,0,imagenet_c,defocus_blur,1,none
efficientnet_b4,ILSVRC2012_val_00040503.JPEG,n02119789,278,274,0.09902257,0,imagenet_c,defocus_blur,1,none
efficientnet_b4,ILSVRC2012_val_00042430.JPEG,n02119789,278,278,0.25320268,1,imagenet_c,defocus_blur,1,none
efficientnet_b4,ILSVRC2012_val_00042460.JPEG,n02119789,278,278,0.39426178,1,imagenet_c,defocus_blur,1,none
efficientnet_b4,ILSVRC2012_val_00042670.JPEG,n02119789,278,278,0.43793464,1,imagenet_c,defocus_blur,1,none
efficientnet_b4,ILSVRC2012_val_00042699.JPEG,n02119789,278,278,0.5645868,1,imagenet_c,defocus_blur,1,none
efficientnet_b4,ILSVRC2012_val_00043219.JPEG,n02119789,278,280,0.78286076,0,imagenet_c,defocus_blur,1,none
efficientnet_b4,ILSVRC2012_val_00044954.JPEG,n02119789,278,278,0.42788628,1,imagenet_c,defocus_blur,1,none
efficientnet_b4,ILSVRC2012_val_00045295.JPEG,n02119789,278,278,0.41307834,1,imagenet_c,defocus_blur,1,none
efficientnet_b4,ILSVRC2012_val_00046145.JPEG,n02119789,278,278,0.40349197,1,imagenet_c,defocus_blur,1,none
efficientnet_b4,ILSVRC2012_val_00047804.JPEG,n02119789,278,277,0.48544824,0,imagenet_c,defocus_blur,1,none
efficientnet_b4,ILSVRC2012_val_00048440.JPEG,n02119789,278,278,0.5516347,1,imagenet_c,defocus_blur,1,none
efficientnet_b4,ILSVRC2012_val_00001335.JPEG,n02120079,279,279,0.57681316,1,imagenet_c,defocus_blur,1,none
efficientnet_b4,ILSVRC2012_val_00002447.JPEG,n02120079,279,279,0.6973275,1,imagenet_c,defocus_blur,1,none
efficientnet_b4,ILSVRC2012_val_00005387.JPEG,n02120079,279,279,0.7038537,1,imagenet_c,defocus_blur,1,none
efficientnet_b4,ILSVRC2012_val_00007290.JPEG,n02120079,279,279,0.50314736,1,imagenet_c,defocus_blur,1,none
efficientnet_b4,ILSVRC2012_val_00007411.JPEG,n02120079,279,279,0.6782886,1,imagenet_c,defocus_blur,1,none
efficientnet_b4,ILSVRC2012_val_00007847.JPEG,n02120079,279,279,0.5591031,1,imagenet_c,defocus_blur,1,none
efficientnet_b4,ILSVRC2012_val_00011211.JPEG,n02120079,279,279,0.7204333,1,imagenet_c,defocus_blur,1,none
efficientnet_b4,ILSVRC2012_val_00011289.JPEG,n02120079,279,279,0.4174152,1,imagenet_c,defocus_blur,1,none
efficientnet_b4,ILSVRC2012_val_00012251.JPEG,n02120079,279,279,0.44414884,1,imagenet_c,defocus_blur,1,none
efficientnet_b4,ILSVRC2012_val_00012857.JPEG,n02120079,279,279,0.6374808,1,imagenet_c,defocus_blur,1,none
efficientnet_b4,ILSVRC2012_val_00013487.JPEG,n02120079,279,279,0.8099439,1,imagenet_c,defocus_blur,1,none
efficientnet_b4,ILSVRC2012_val_00013609.JPEG,n02120079,279,294,0.08247778,0,imagenet_c,defocus_blur,1,none
efficientnet_b4,ILSVRC2012_val_00014825.JPEG,n02120079,279,279,0.51300764,1,imagenet_c,defocus_blur,1,none
efficientnet_b4,ILSVRC2012_val_00015128.JPEG,n02120079,279,279,0.42605272,1,imagenet_c,defocus_blur,1,none
efficientnet_b4,ILSVRC2012_val_00015412.JPEG,n02120079,279,279,0.6452384,1,imagenet_c,defocus_blur,1,none
efficientnet_b4,ILSVRC2012_val_00019222.JPEG,n02120079,279,279,0.20086618,1,imagenet_c,defocus_blur,1,none
efficientnet_b4,ILSVRC2012_val_00019937.JPEG,n02120079,279,279,0.6767066,1,imagenet_c,defocus_blur,1,none
efficientnet_b4,ILSVRC2012_val_00020302.JPEG,n02120079,279,279,0.4663761,1,imagenet_c,defocus_blur,1,none
efficientnet_b4,ILSVRC2012_val_00020481.JPEG,n02120079,279,279,0.6006608,1,imagenet_c,defocus_blur,1,none
efficientnet_b4,ILSVRC2012_val_00022888.JPEG,n02120079,279,279,0.59501714,1,imagenet_c,defocus_blur,1,none
efficientnet_b4,ILSVRC2012_val_00023755.JPEG,n02120079,279,279,0.49553058,1,imagenet_c,defocus_blur,1,none
efficientnet_b4,ILSVRC2012_val_00023960.JPEG,n02120079,279,279,0.59842396,1,imagenet_c,defocus_blur,1,none
efficientnet_b4,ILSVRC2012_val_00024185.JPEG,n02120079,279,279,0.33715895,1,imagenet_c,defocus_blur,1,none
efficientnet_b4,ILSVRC2012_val_00024465.JPEG,n02120079,279,279,0.711908,1,imagenet_c,defocus_blur,1,none
efficientnet_b4,ILSVRC2012_val_00025068.JPEG,n02120079,279,212,0.06959133,0,imagenet_c,defocus_blur,1,none
efficientnet_b4,ILSVRC2012_val_00026546.JPEG,n02120079,279,279,0.22337951,1,imagenet_c,defocus_blur,1,none
efficientnet_b4,ILSVRC2012_val_00027233.JPEG,n02120079,279,279,0.40976498,1,imagenet_c,defocus_blur,1,none
efficientnet_b4,ILSVRC2012_val_00027511.JPEG,n02120079,279,279,0.85609406,1,imagenet_c,defocus_blur,1,none
efficientnet_b4,ILSVRC2012_val_00029068.JPEG,n02120079,279,279,0.37537086,1,imagenet_c,defocus_blur,1,none
efficientnet_b4,ILSVRC2012_val_00030494.JPEG,n02120079,279,279,0.49481654,1,imagenet_c,defocus_blur,1,none
efficientnet_b4,ILSVRC2012_val_00030558.JPEG,n02120079,279,279,0.30240956,1,imagenet_c,defocus_blur,1,none
efficientnet_b4,ILSVRC2012_val_00031178.JPEG,n02120079,279,279,0.46038163,1,imagenet_c,defocus_blur,1,none
efficientnet_b4,ILSVRC2012_val_00031285.JPEG,n02120079,279,279,0.5821324,1,imagenet_c,defocus_blur,1,none
efficientnet_b4,ILSVRC2012_val_00031530.JPEG,n02120079,279,279,0.426649,1,imagenet_c,defocus_blur,1,none
efficientnet_b4,ILSVRC2012_val_00033625.JPEG,n02120079,279,258,0.3581295,0,imagenet_c,defocus_blur,1,none
efficientnet_b4,ILSVRC2012_val_00034065.JPEG,n02120079,279,279,0.657999,1,imagenet_c,defocus_blur,1,none
efficientnet_b4,ILSVRC2012_val_00034932.JPEG,n02120079,279,279,0.29120186,1,imagenet_c,defocus_blur,1,none
efficientnet_b4,ILSVRC2012_val_00035154.JPEG,n02120079,279,279,0.67203325,1,imagenet_c,defocus_blur,1,none
efficientnet_b4,ILSVRC2012_val_00036301.JPEG,n02120079,279,279,0.55770713,1,imagenet_c,defocus_blur,1,none
efficientnet_b4,ILSVRC2012_val_00037005.JPEG,n02120079,279,279,0.45397544,1,imagenet_c,defocus_blur,1,none
efficientnet_b4,ILSVRC2012_val_00037343.JPEG,n02120079,279,279,0.5557537,1,imagenet_c,defocus_blur,1,none
efficientnet_b4,ILSVRC2012_val_00038740.JPEG,n02120079,279,279,0.5650515,1,imagenet_c,defocus_blur,1,none
efficientnet_b4,ILSVRC2012_val_00039554.JPEG,n02120079,279,279,0.4919445,1,imagenet_c,defocus_blur,1,none
efficientnet_b4,ILSVRC2012_val_00039620.JPEG,n02120079,279,279,0.22232263,1,imagenet_c,defocus_blur,1,none
efficientnet_b4,ILSVRC2012_val_00042659.JPEG,n02120079,279,279,0.7139433,1,imagenet_c,defocus_blur,1,none
efficientnet_b4,ILSVRC2012_val_00043127.JPEG,n02120079,279,279,0.70762604,1,imagenet_c,defocus_blur,1,none
efficientnet_b4,ILSVRC2012_val_00045026.JPEG,n02120079,279,279,0.39760152,1,imagenet_c,defocus_blur,1,none
efficientnet_b4,ILSVRC2012_val_00045175.JPEG,n02120079,279,279,0.5936684,1,imagenet_c,defocus_blur,1,none
efficientnet_b4,ILSVRC2012_val_00046934.JPEG,n02120079,279,279,0.43404162,1,imagenet_c,defocus_blur,1,none
efficientnet_b4,ILSVRC2012_val_00049517.JPEG,n02120079,279,279,0.63108224,1,imagenet_c,defocus_blur,1,none
efficientnet_b4,ILSVRC2012_val_00000323.JPEG,n02120505,280,280,0.75174797,1,imagenet_c,defocus_blur,1,none
efficientnet_b4,ILSVRC2012_val_00002987.JPEG,n02120505,280,280,0.48714998,1,imagenet_c,defocus_blur,1,none
efficientnet_b4,ILSVRC2012_val_00003984.JPEG,n02120505,280,277,0.30034444,0,imagenet_c,defocus_blur,1,none
efficientnet_b4,ILSVRC2012_val_00006964.JPEG,n02120505,280,280,0.5688359,1,imagenet_c,defocus_blur,1,none
efficientnet_b4,ILSVRC2012_val_00008815.JPEG,n02120505,280,280,0.40545085,1,imagenet_c,defocus_blur,1,none
efficientnet_b4,ILSVRC2012_val_00009156.JPEG,n02120505,280,280,0.52156603,1,imagenet_c,defocus_blur,1,none
efficientnet_b4,ILSVRC2012_val_00010075.JPEG,n02120505,280,280,0.5471481,1,imagenet_c,defocus_blur,1,none
efficientnet_b4,ILSVRC2012_val_00010241.JPEG,n02120505,280,280,0.4103989,1,imagenet_c,defocus_blur,1,none
efficientnet_b4,ILSVRC2012_val_00010941.JPEG,n02120505,280,279,0.26613286,0,imagenet_c,defocus_blur,1,none
efficientnet_b4,ILSVRC2012_val_00011811.JPEG,n02120505,280,280,0.38610944,1,imagenet_c,defocus_blur,1,none
efficientnet_b4,ILSVRC2012_val_00013158.JPEG,n02120505,280,280,0.5832886,1,imagenet_c,defocus_blur,1,none
efficientnet_b4,ILSVRC2012_val_00014956.JPEG,n02120505,280,272,0.46841195,0,imagenet_c,defocus_blur,1,none
efficientnet_b4,ILSVRC2012_val_00015781.JPEG,n02120505,280,278,0.5676274,0,imagenet_c,defocus_blur,1,none
efficientnet_b4,ILSVRC2012_val_00016027.JPEG,n02120505,280,277,0.38425118,0,imagenet_c,defocus_blur,1,none
efficientnet_b4,ILSVRC2012_val_00018714.JPEG,n02120505,280,371,0.17572497,0,imagenet_c,defocus_blur,1,none
efficientnet_b4,ILSVRC2012_val_00019252.JPEG,n02120505,280,272,0.39316335,0,imagenet_c,defocus_blur,1,none
efficientnet_b4,ILSVRC2012_val_00019480.JPEG,n02120505,280,278,0.34656408,0,imagenet_c,defocus_blur,1,none
efficientnet_b4,ILSVRC2012_val_00019589.JPEG,n02120505,280,280,0.24067976,1,imagenet_c,defocus_blur,1,none
efficientnet_b4,ILSVRC2012_val_00020859.JPEG,n02120505,280,280,0.63539034,1,imagenet_c,defocus_blur,1,none
efficientnet_b4,ILSVRC2012_val_00022283.JPEG,n02120505,280,280,0.5884932,1,imagenet_c,defocus_blur,1,none
efficientnet_b4,ILSVRC2012_val_00022726.JPEG,n02120505,280,280,0.30858582,1,imagenet_c,defocus_blur,1,none
efficientnet_b4,ILSVRC2012_val_00023598.JPEG,n02120505,280,280,0.56450725,1,imagenet_c,defocus_blur,1,none
efficientnet_b4,ILSVRC2012_val_00025412.JPEG,n02120505,280,277,0.58058214,0,imagenet_c,defocus_blur,1,none
efficientnet_b4,ILSVRC2012_val_00026842.JPEG,n02120505,280,280,0.34051082,1,imagenet_c,defocus_blur,1,none
efficientnet_b4,ILSVRC2012_val_00027398.JPEG,n02120505,280,280,0.7100949,1,imagenet_c,defocus_blur,1,none
efficientnet_b4,ILSVRC2012_val_00028275.JPEG,n02120505,280,280,0.64796215,1,imagenet_c,defocus_blur,1,none
efficientnet_b4,ILSVRC2012_val_00028276.JPEG,n02120505,280,280,0.65574175,1,imagenet_c,defocus_blur,1,none
efficientnet_b4,ILSVRC2012_val_00029855.JPEG,n02120505,280,280,0.57339543,1,imagenet_c,defocus_blur,1,none
efficientnet_b4,ILSVRC2012_val_00030289.JPEG,n02120505,280,280,0.545335,1,imagenet_c,defocus_blur,1,none
efficientnet_b4,ILSVRC2012_val_00030656.JPEG,n02120505,280,280,0.3452539,1,imagenet_c,defocus_blur,1,none
efficientnet_b4,ILSVRC2012_val_00030934.JPEG,n02120505,280,280,0.43035927,1,imagenet_c,defocus_blur,1,none
efficientnet_b4,ILSVRC2012_val_00033228.JPEG,n02120505,280,280,0.6600078,1,imagenet_c,defocus_blur,1,none
efficientnet_b4,ILSVRC2012_val_00034043.JPEG,n02120505,280,280,0.673069,1,imagenet_c,defocus_blur,1,none
efficientnet_b4,ILSVRC2012_val_00034848.JPEG,n02120505,280,177,0.2548702,0,imagenet_c,defocus_blur,1,none
efficientnet_b4,ILSVRC2012_val_00034996.JPEG,n02120505,280,280,0.3435303,1,imagenet_c,defocus_blur,1,none
efficientnet_b4,ILSVRC2012_val_00035164.JPEG,n02120505,280,280,0.4495178,1,imagenet_c,defocus_blur,1,none
efficientnet_b4,ILSVRC2012_val_00036004.JPEG,n02120505,280,271,0.6537011,0,imagenet_c,defocus_blur,1,none
efficientnet_b4,ILSVRC2012_val_00037906.JPEG,n02120505,280,280,0.35393137,1,imagenet_c,defocus_blur,1,none
efficientnet_b4,ILSVRC2012_val_00039937.JPEG,n02120505,280,279,0.64374906,0,imagenet_c,defocus_blur,1,none
efficientnet_b4,ILSVRC2012_val_00042055.JPEG,n02120505,280,272,0.05993006,0,imagenet_c,defocus_blur,1,none
efficientnet_b4,ILSVRC2012_val_00043254.JPEG,n02120505,280,280,0.6372868,1,imagenet_c,defocus_blur,1,none
efficientnet_b4,ILSVRC2012_val_00043421.JPEG,n02120505,280,280,0.6599378,1,imagenet_c,defocus_blur,1,none
efficientnet_b4,ILSVRC2012_val_00043662.JPEG,n02120505,280,280,0.34245878,1,imagenet_c,defocus_blur,1,none
efficientnet_b4,ILSVRC2012_val_00043918.JPEG,n02120505,280,280,0.17504142,1,imagenet_c,defocus_blur,1,none
efficientnet_b4,ILSVRC2012_val_00044748.JPEG,n02120505,280,280,0.59700125,1,imagenet_c,defocus_blur,1,none
efficientnet_b4,ILSVRC2012_val_00044957.JPEG,n02120505,280,280,0.49674186,1,imagenet_c,defocus_blur,1,none
efficientnet_b4,ILSVRC2012_val_00045171.JPEG,n02120505,280,280,0.4792081,1,imagenet_c,defocus_blur,1,none
efficientnet_b4,ILSVRC2012_val_00045532.JPEG,n02120505,280,280,0.47599077,1,imagenet_c,defocus_blur,1,none
efficientnet_b4,ILSVRC2012_val_00048756.JPEG,n02120505,280,278,0.25607195,0,imagenet_c,defocus_blur,1,none
efficientnet_b4,ILSVRC2012_val_00049125.JPEG,n02120505,280,273,0.2885227,0,imagenet_c,defocus_blur,1,none
efficientnet_b4,ILSVRC2012_val_00001341.JPEG,n02123045,281,526,0.12849373,0,imagenet_c,defocus_blur,1,none
efficientnet_b4,ILSVRC2012_val_00002823.JPEG,n02123045,281,281,0.36675122,1,imagenet_c,defocus_blur,1,none
efficientnet_b4,ILSVRC2012_val_00004422.JPEG,n02123045,281,281,0.10332494,1,imagenet_c,defocus_blur,1,none
efficientnet_b4,ILSVRC2012_val_00004902.JPEG,n02123045,281,281,0.25382262,1,imagenet_c,defocus_blur,1,none
efficientnet_b4,ILSVRC2012_val_00005358.JPEG,n02123045,281,285,0.37432396,0,imagenet_c,defocus_blur,1,none
efficientnet_b4,ILSVRC2012_val_00007006.JPEG,n02123045,281,281,0.23062736,1,imagenet_c,defocus_blur,1,none
efficientnet_b4,ILSVRC2012_val_00008876.JPEG,n02123045,281,281,0.27455956,1,imagenet_c,defocus_blur,1,none
efficientnet_b4,ILSVRC2012_val_00009921.JPEG,n02123045,281,285,0.60759497,0,imagenet_c,defocus_blur,1,none
efficientnet_b4,ILSVRC2012_val_00010711.JPEG,n02123045,281,281,0.16865265,1,imagenet_c,defocus_blur,1,none
efficientnet_b4,ILSVRC2012_val_00011015.JPEG,n02123045,281,805,0.12806354,0,imagenet_c,defocus_blur,1,none
efficientnet_b4,ILSVRC2012_val_00011142.JPEG,n02123045,281,281,0.19053929,1,imagenet_c,defocus_blur,1,none
efficientnet_b4,ILSVRC2012_val_00012377.JPEG,n02123045,281,281,0.24692665,1,imagenet_c,defocus_blur,1,none
efficientnet_b4,ILSVRC2012_val_00012551.JPEG,n02123045,281,281,0.16373302,1,imagenet_c,defocus_blur,1,none
efficientnet_b4,ILSVRC2012_val_00012975.JPEG,n02123045,281,281,0.33455193,1,imagenet_c,defocus_blur,1,none
efficientnet_b4,ILSVRC2012_val_00013494.JPEG,n02123045,281,283,0.46597663,0,imagenet_c,defocus_blur,1,none
efficientnet_b4,ILSVRC2012_val_00013673.JPEG,n02123045,281,281,0.3815451,1,imagenet_c,defocus_blur,1,none
efficientnet_b4,ILSVRC2012_val_00013684.JPEG,n02123045,281,281,0.14891636,1,imagenet_c,defocus_blur,1,none
efficientnet_b4,ILSVRC2012_val_00016240.JPEG,n02123045,281,285,0.32444257,0,imagenet_c,defocus_blur,1,none
efficientnet_b4,ILSVRC2012_val_00016389.JPEG,n02123045,281,281,0.17338552,1,imagenet_c,defocus_blur,1,none
efficientnet_b4,ILSVRC2012_val_00016483.JPEG,n02123045,281,281,0.53436726,1,imagenet_c,defocus_blur,1,none
efficientnet_b4,ILSVRC2012_val_00020136.JPEG,n02123045,281,281,0.20641857,1,imagenet_c,defocus_blur,1,none
efficientnet_b4,ILSVRC2012_val_00022080.JPEG,n02123045,281,264,0.16691945,0,imagenet_c,defocus_blur,1,none
efficientnet_b4,ILSVRC2012_val_00022853.JPEG,n02123045,281,281,0.22495925,1,imagenet_c,defocus_blur,1,none
efficientnet_b4,ILSVRC2012_val_00023779.JPEG,n02123045,281,285,0.2735068,0,imagenet_c,defocus_blur,1,none
efficientnet_b4,ILSVRC2012_val_00025650.JPEG,n02123045,281,281,0.35617772,1,imagenet_c,defocus_blur,1,none
efficientnet_b4,ILSVRC2012_val_00025876.JPEG,n02123045,281,281,0.40120664,1,imagenet_c,defocus_blur,1,none
efficientnet_b4,ILSVRC2012_val_00027013.JPEG,n02123045,281,281,0.35628113,1,imagenet_c,defocus_blur,1,none
efficientnet_b4,ILSVRC2012_val_00027695.JPEG,n02123045,281,285,0.22710721,0,imagenet_c,defocus_blur,1,none
efficientnet_b4,ILSVRC2012_val_00028829.JPEG,n02123045,281,12,0.061933164,0,imagenet_c,defocus_blur,1,none
efficientnet_b4,ILSVRC2012_val_00030052.JPEG,n02123045,281,281,0.27320358,1,imagenet_c,defocus_blur,1,none
efficientnet_b4,ILSVRC2012_val_00030706.JPEG,n02123045,281,287,0.22249441,0,imagenet_c,defocus_blur,1,none
efficientnet_b4,ILSVRC2012_val_00033420.JPEG,n02123045,281,281,0.18515892,1,imagenet_c,defocus_blur,1,none
efficientnet_b4,ILSVRC2012_val_00033490.JPEG,n02123045,281,285,0.29294205,0,imagenet_c,defocus_blur,1,none
efficientnet_b4,ILSVRC2012_val_00033837.JPEG,n02123045,281,281,0.2707895,1,imagenet_c,defocus_blur,1,none
efficientnet_b4,ILSVRC2012_val_00034676.JPEG,n02123045,281,285,0.25448018,0,imagenet_c,defocus_blur,1,none
efficientnet_b4,ILSVRC2012_val_00035163.JPEG,n02123045,281,281,0.1678242,1,imagenet_c,defocus_blur,1,none
efficientnet_b4,ILSVRC2012_val_00036661.JPEG,n02123045,281,281,0.11451521,1,imagenet_c,defocus_blur,1,none
efficientnet_b4,ILSVRC2012_val_00038661.JPEG,n02123045,281,281,0.36839128,1,imagenet_c,defocus_blur,1,none
efficientnet_b4,ILSVRC2012_val_00038672.JPEG,n02123045,281,282,0.08363033,0,imagenet_c,defocus_blur,1,none
efficientnet_b4,ILSVRC2012_val_00039084.JPEG,n02123045,281,281,0.25258029,1,imagenet_c,defocus_blur,1,none
efficientnet_b4,ILSVRC2012_val_00039877.JPEG,n02123045,281,281,0.25913638,1,imagenet_c,defocus_blur,1,none
efficientnet_b4,ILSVRC2012_val_00040238.JPEG,n02123045,281,281,0.42043608,1,imagenet_c,defocus_blur,1,none
efficientnet_b4,ILSVRC2012_val_00040251.JPEG,n02123045,281,282,0.30339643,0,imagenet_c,defocus_blur,1,none
efficientnet_b4,ILSVRC2012_val_00040745.JPEG,n02123045,281,281,0.35298836,1,imagenet_c,defocus_blur,1,none
efficientnet_b4,ILSVRC2012_val_00041570.JPEG,n02123045,281,281,0.24677344,1,imagenet_c,defocus_blur,1,none
efficientnet_b4,ILSVRC2012_val_00043014.JPEG,n02123045,281,281,0.29450768,1,imagenet_c,defocus_blur,1,none
efficientnet_b4,ILSVRC2012_val_00044027.JPEG,n02123045,281,282,0.17692746,0,imagenet_c,defocus_blur,1,none
efficientnet_b4,ILSVRC2012_val_00045239.JPEG,n02123045,281,281,0.25377867,1,imagenet_c,defocus_blur,1,none
efficientnet_b4,ILSVRC2012_val_00047455.JPEG,n02123045,281,281,0.21914254,1,imagenet_c,defocus_blur,1,none
efficientnet_b4,ILSVRC2012_val_00047911.JPEG,n02123045,281,285,0.2647488,0,imagenet_c,defocus_blur,1,none
efficientnet_b4,ILSVRC2012_val_00000796.JPEG,n02123159,282,282,0.4601215,1,imagenet_c,defocus_blur,1,none
efficientnet_b4,ILSVRC2012_val_00002472.JPEG,n02123159,282,292,0.45194235,0,imagenet_c,defocus_blur,1,none
efficientnet_b4,ILSVRC2012_val_00003042.JPEG,n02123159,282,281,0.47388908,0,imagenet_c,defocus_blur,1,none
efficientnet_b4,ILSVRC2012_val_00003295.JPEG,n02123159,282,292,0.43819138,0,imagenet_c,defocus_blur,1,none
efficientnet_b4,ILSVRC2012_val_00007303.JPEG,n02123159,282,292,0.4698241,0,imagenet_c,defocus_blur,1,none
efficientnet_b4,ILSVRC2012_val_00007676.JPEG,n02123159,282,287,0.30891502,0,imagenet_c,defocus_blur,1,none
efficientnet_b4,ILSVRC2012_val_00009125.JPEG,n02123159,282,292,0.56671464,0,imagenet_c,defocus_blur,1,none
efficientnet_b4,ILSVRC2012_val_00009964.JPEG,n02123159,282,281,0.1515617,0,imagenet_c,defocus_blur,1,none
efficientnet_b4,ILSVRC2012_val_00011854.JPEG,n02123159,282,285,0.19801232,0,imagenet_c,defocus_blur,1,none
efficientnet_b4,ILSVRC2012_val_00012339.JPEG,n02123159,282,282,0.23218739,1,imagenet_c,defocus_blur,1,none
efficientnet_b4,ILSVRC2012_val_00013550.JPEG,n02123159,282,281,0.22495611,0,imagenet_c,defocus_blur,1,none
efficientnet_b4,ILSVRC2012_val_00013788.JPEG,n02123159,282,282,0.2649714,1,imagenet_c,defocus_blur,1,none
efficientnet_b4,ILSVRC2012_val_00014815.JPEG,n02123159,282,292,0.51983136,0,imagenet_c,defocus_blur,1,none
efficientnet_b4,ILSVRC2012_val_00014860.JPEG,n02123159,282,285,0.11008777,0,imagenet_c,defocus_blur,1,none
efficientnet_b4,ILSVRC2012_val_00015265.JPEG,n02123159,282,294,0.10085339,0,imagenet_c,defocus_blur,1,none
efficientnet_b4,ILSVRC2012_val_00015378.JPEG,n02123159,282,281,0.3444106,0,imagenet_c,defocus_blur,1,none
efficientnet_b4,ILSVRC2012_val_00015741.JPEG,n02123159,282,207,0.08245447,0,imagenet_c,defocus_blur,1,none
efficientnet_b4,ILSVRC2012_val_00016000.JPEG,n02123159,282,797,0.526479,0,imagenet_c,defocus_blur,1,none
efficientnet_b4,ILSVRC2012_val_00016399.JPEG,n02123159,282,282,0.14639059,1,imagenet_c,defocus_blur,1,none
efficientnet_b4,ILSVRC2012_val_00017486.JPEG,n02123159,282,154,0.07221762,0,imagenet_c,defocus_blur,1,none
efficientnet_b4,ILSVRC2012_val_00019262.JPEG,n02123159,282,292,0.34377134,0,imagenet_c,defocus_blur,1,none
efficientnet_b4,ILSVRC2012_val_00019303.JPEG,n02123159,282,282,0.15204585,1,imagenet_c,defocus_blur,1,none
efficientnet_b4,ILSVRC2012_val_00020140.JPEG,n02123159,282,281,0.3716156,0,imagenet_c,defocus_blur,1,none
efficientnet_b4,ILSVRC2012_val_00021195.JPEG,n02123159,282,281,0.4755835,0,imagenet_c,defocus_blur,1,none
efficientnet_b4,ILSVRC2012_val_00022085.JPEG,n02123159,282,281,0.19585732,0,imagenet_c,defocus_blur,1,none
efficientnet_b4,ILSVRC2012_val_00022822.JPEG,n02123159,282,285,0.23308547,0,imagenet_c,defocus_blur,1,none
efficientnet_b4,ILSVRC2012_val_00022896.JPEG,n02123159,282,282,0.109358124,1,imagenet_c,defocus_blur,1,none
efficientnet_b4,ILSVRC2012_val_00023092.JPEG,n02123159,282,282,0.08982748,1,imagenet_c,defocus_blur,1,none
efficientnet_b4,ILSVRC2012_val_00023228.JPEG,n02123159,282,292,0.7215692,0,imagenet_c,defocus_blur,1,none
efficientnet_b4,ILSVRC2012_val_00023267.JPEG,n02123159,282,282,0.16398346,1,imagenet_c,defocus_blur,1,none
efficientnet_b4,ILSVRC2012_val_00025396.JPEG,n02123159,282,281,0.49151582,0,imagenet_c,defocus_blur,1,none
efficientnet_b4,ILSVRC2012_val_00025723.JPEG,n02123159,282,285,0.20483768,0,imagenet_c,defocus_blur,1,none
efficientnet_b4,ILSVRC2012_val_00027226.JPEG,n02123159,282,281,0.17057048,0,imagenet_c,defocus_blur,1,none
efficientnet_b4,ILSVRC2012_val_00027313.JPEG,n02123159,282,292,0.5383812,0,imagenet_c,defocus_blur,1,none
efficientnet_b4,ILSVRC2012_val_00027539.JPEG,n02123159,282,281,0.22772531,0,imagenet_c,defocus_blur,1,none
efficientnet_b4,ILSVRC2012_val_00028302.JPEG,n02123159,282,285,0.19453746,0,imagenet_c,defocus_blur,1,none
efficientnet_b4,ILSVRC2012_val_00029397.JPEG,n02123159,282,285,0.26748765,0,imagenet_c,defocus_blur,1,none
efficientnet_b4,ILSVRC2012_val_00031361.JPEG,n02123159,282,282,0.22952844,1,imagenet_c,defocus_blur,1,none
efficientnet_b4,ILSVRC2012_val_00035532.JPEG,n02123159,282,282,0.20761341,1,imagenet_c,defocus_blur,1,none
efficientnet_b4,ILSVRC2012_val_00036268.JPEG,n02123159,282,281,0.14510943,0,imagenet_c,defocus_blur,1,none
efficientnet_b4,ILSVRC2012_val_00039553.JPEG,n02123159,282,282,0.16730095,1,imagenet_c,defocus_blur,1,none
efficientnet_b4,ILSVRC2012_val_00039621.JPEG,n02123159,282,281,0.31447583,0,imagenet_c,defocus_blur,1,none
efficientnet_b4,ILSVRC2012_val_00040611.JPEG,n02123159,282,292,0.47846052,0,imagenet_c,defocus_blur,1,none
efficientnet_b4,ILSVRC2012_val_00041877.JPEG,n02123159,282,282,0.060333293,1,imagenet_c,defocus_blur,1,none
efficientnet_b4,ILSVRC2012_val_00042803.JPEG,n02123159,282,292,0.4219901,0,imagenet_c,defocus_blur,1,none
efficientnet_b4,ILSVRC2012_val_00045420.JPEG,n02123159,282,281,0.2324577,0,imagenet_c,defocus_blur,1,none
efficientnet_b4,ILSVRC2012_val_00045958.JPEG,n02123159,282,292,0.33952865,0,imagenet_c,defocus_blur,1,none
efficientnet_b4,ILSVRC2012_val_00046457.JPEG,n02123159,282,281,0.4660783,0,imagenet_c,defocus_blur,1,none
efficientnet_b4,ILSVRC2012_val_00047925.JPEG,n02123159,282,282,0.339008,1,imagenet_c,defocus_blur,1,none
efficientnet_b4,ILSVRC2012_val_00049279.JPEG,n02123159,282,292,0.33134466,0,imagenet_c,defocus_blur,1,none
efficientnet_b4,ILSVRC2012_val_00000130.JPEG,n02123394,283,283,0.6345125,1,imagenet_c,defocus_blur,1,none
efficientnet_b4,ILSVRC2012_val_00000283.JPEG,n02123394,283,283,0.66985965,1,imagenet_c,defocus_blur,1,none
efficientnet_b4,ILSVRC2012_val_00000733.JPEG,n02123394,283,283,0.6599381,1,imagenet_c,defocus_blur,1,none
efficientnet_b4,ILSVRC2012_val_00001040.JPEG,n02123394,283,283,0.13556647,1,imagenet_c,defocus_blur,1,none
efficientnet_b4,ILSVRC2012_val_00001101.JPEG,n02123394,283,287,0.28385198,0,imagenet_c,defocus_blur,1,none
efficientnet_b4,ILSVRC2012_val_00001132.JPEG,n02123394,283,283,0.6254619,1,imagenet_c,defocus_blur,1,none
efficientnet_b4,ILSVRC2012_val_00002036.JPEG,n02123394,283,283,0.62418497,1,imagenet_c,defocus_blur,1,none
efficientnet_b4,ILSVRC2012_val_00002967.JPEG,n02123394,283,283,0.3765441,1,imagenet_c,defocus_blur,1,none
efficientnet_b4,ILSVRC2012_val_00003382.JPEG,n02123394,283,283,0.54961795,1,imagenet_c,defocus_blur,1,none
efficientnet_b4,ILSVRC2012_val_00004411.JPEG,n02123394,283,750,0.14547448,0,imagenet_c,defocus_blur,1,none
efficientnet_b4,ILSVRC2012_val_00004894.JPEG,n02123394,283,283,0.6483637,1,imagenet_c,defocus_blur,1,none
efficientnet_b4,ILSVRC2012_val_00005627.JPEG,n02123394,283,283,0.4584619,1,imagenet_c,defocus_blur,1,none
efficientnet_b4,ILSVRC2012_val_00007808.JPEG,n02123394,283,283,0.59494483,1,imagenet_c,defocus_blur,1,none
efficientnet_b4,ILSVRC2012_val_00008491.JPEG,n02123394,283,283,0.49116996,1,imagenet_c,defocus_blur,1,none
efficientnet_b4,ILSVRC2012_val_00008986.JPEG,n02123394,283,283,0.62961125,1,imagenet_c,defocus_blur,1,none
efficientnet_b4,ILSVRC2012_val_00009594.JPEG,n02123394,283,283,0.65101117,1,imagenet_c,defocus_blur,1,none
efficientnet_b4,ILSVRC2012_val_00009899.JPEG,n02123394,283,283,0.36306986,1,imagenet_c,defocus_blur,1,none
efficientnet_b4,ILSVRC2012_val_00010218.JPEG,n02123394,283,281,0.16168177,0,imagenet_c,defocus_blur,1,none
efficientnet_b4,ILSVRC2012_val_00010995.JPEG,n02123394,283,283,0.6160448,1,imagenet_c,defocus_blur,1,none
efficientnet_b4,ILSVRC2012_val_00012798.JPEG,n02123394,283,283,0.38499594,1,imagenet_c,defocus_blur,1,none
efficientnet_b4,ILSVRC2012_val_00013785.JPEG,n02123394,283,283,0.52876323,1,imagenet_c,defocus_blur,1,none
efficientnet_b4,ILSVRC2012_val_00014216.JPEG,n02123394,283,283,0.6554366,1,imagenet_c,defocus_blur,1,none
efficientnet_b4,ILSVRC2012_val_00014813.JPEG,n02123394,283,332,0.48593402,0,imagenet_c,defocus_blur,1,none
efficientnet_b4,ILSVRC2012_val_00015372.JPEG,n02123394,283,284,0.44597292,0,imagenet_c,defocus_blur,1,none
efficientnet_b4,ILSVRC2012_val_00015898.JPEG,n02123394,283,283,0.5952439,1,imagenet_c,defocus_blur,1,none
efficientnet_b4,ILSVRC2012_val_00016194.JPEG,n02123394,283,332,0.41861594,0,imagenet_c,defocus_blur,1,none
efficientnet_b4,ILSVRC2012_val_00016354.JPEG,n02123394,283,283,0.6808659,1,imagenet_c,defocus_blur,1,none
efficientnet_b4,ILSVRC2012_val_00016598.JPEG,n02123394,283,283,0.36445075,1,imagenet_c,defocus_blur,1,none
efficientnet_b4,ILSVRC2012_val_00017814.JPEG,n02123394,283,283,0.16889857,1,imagenet_c,defocus_blur,1,none
efficientnet_b4,ILSVRC2012_val_00020765.JPEG,n02123394,283,283,0.49613184,1,imagenet_c,defocus_blur,1,none
efficientnet_b4,ILSVRC2012_val_00021703.JPEG,n02123394,283,283,0.5230656,1,imagenet_c,defocus_blur,1,none
efficientnet_b4,ILSVRC2012_val_00023827.JPEG,n02123394,283,283,0.5988505,1,imagenet_c,defocus_blur,1,none
efficientnet_b4,ILSVRC2012_val_00023898.JPEG,n02123394,283,283,0.41400793,1,imagenet_c,defocus_blur,1,none
efficientnet_b4,ILSVRC2012_val_00024427.JPEG,n02123394,283,283,0.3875497,1,imagenet_c,defocus_blur,1,none
efficientnet_b4,ILSVRC2012_val_00024500.JPEG,n02123394,283,283,0.57586455,1,imagenet_c,defocus_blur,1,none
efficientnet_b4,ILSVRC2012_val_00026830.JPEG,n02123394,283,283,0.58882785,1,imagenet_c,defocus_blur,1,none
efficientnet_b4,ILSVRC2012_val_00027906.JPEG,n02123394,283,283,0.6587816,1,imagenet_c,defocus_blur,1,none
efficientnet_b4,ILSVRC2012_val_00031180.JPEG,n02123394,283,283,0.49152145,1,imagenet_c,defocus_blur,1,none
efficientnet_b4,ILSVRC2012_val_00032609.JPEG,n02123394,283,332,0.17560755,0,imagenet_c,defocus_blur,1,none
efficientnet_b4,ILSVRC2012_val_00032910.JPEG,n02123394,283,287,0.29496783,0,imagenet_c,defocus_blur,1,none
efficientnet_b4,ILSVRC2012_val_00033195.JPEG,n02123394,283,283,0.5057285,1,imagenet_c,defocus_blur,1,none
efficientnet_b4,ILSVRC2012_val_00034244.JPEG,n02123394,283,283,0.70320815,1,imagenet_c,defocus_blur,1,none
efficientnet_b4,ILSVRC2012_val_00035172.JPEG,n02123394,283,283,0.7355455,1,imagenet_c,defocus_blur,1,none
efficientnet_b4,ILSVRC2012_val_00037733.JPEG,n02123394,283,283,0.66788346,1,imagenet_c,defocus_blur,1,none
efficientnet_b4,ILSVRC2012_val_00039390.JPEG,n02123394,283,283,0.61395365,1,imagenet_c,defocus_blur,1,none
efficientnet_b4,ILSVRC2012_val_00040780.JPEG,n02123394,283,283,0.5072073,1,imagenet_c,defocus_blur,1,none
efficientnet_b4,ILSVRC2012_val_00041347.JPEG,n02123394,283,283,0.50846565,1,imagenet_c,defocus_blur,1,none
efficientnet_b4,ILSVRC2012_val_00043898.JPEG,n02123394,283,283,0.31728888,1,imagenet_c,defocus_blur,1,none
efficientnet_b4,ILSVRC2012_val_00044097.JPEG,n02123394,283,283,0.56305385,1,imagenet_c,defocus_blur,1,none
efficientnet_b4,ILSVRC2012_val_00049996.JPEG,n02123394,283,283,0.40919805,1,imagenet_c,defocus_blur,1,none
efficientnet_b4,ILSVRC2012_val_00000211.JPEG,n02123597,284,284,0.4535842,1,imagenet_c,defocus_blur,1,none
efficientnet_b4,ILSVRC2012_val_00002475.JPEG,n02123597,284,284,0.426382,1,imagenet_c,defocus_blur,1,none
efficientnet_b4,ILSVRC2012_val_00002659.JPEG,n02123597,284,284,0.43606424,1,imagenet_c,defocus_blur,1,none
efficientnet_b4,ILSVRC2012_val_00003133.JPEG,n02123597,284,284,0.31179363,1,imagenet_c,defocus_blur,1,none
efficientnet_b4,ILSVRC2012_val_00004088.JPEG,n02123597,284,284,0.4680069,1,imagenet_c,defocus_blur,1,none
efficientnet_b4,ILSVRC2012_val_00004821.JPEG,n02123597,284,284,0.6346251,1,imagenet_c,defocus_blur,1,none
efficientnet_b4,ILSVRC2012_val_00005466.JPEG,n02123597,284,103,0.265428,0,imagenet_c,defocus_blur,1,none
efficientnet_b4,ILSVRC2012_val_00010389.JPEG,n02123597,284,284,0.66088843,1,imagenet_c,defocus_blur,1,none
efficientnet_b4,ILSVRC2012_val_00010436.JPEG,n02123597,284,284,0.48548454,1,imagenet_c,defocus_blur,1,none
efficientnet_b4,ILSVRC2012_val_00011528.JPEG,n02123597,284,284,0.20155683,1,imagenet_c,defocus_blur,1,none
efficientnet_b4,ILSVRC2012_val_00011738.JPEG,n02123597,284,284,0.7958112,1,imagenet_c,defocus_blur,1,none
efficientnet_b4,ILSVRC2012_val_00012173.JPEG,n02123597,284,284,0.41363296,1,imagenet_c,defocus_blur,1,none
efficientnet_b4,ILSVRC2012_val_00015401.JPEG,n02123597,284,284,0.56219417,1,imagenet_c,defocus_blur,1,none
efficientnet_b4,ILSVRC2012_val_00017186.JPEG,n02123597,284,284,0.59441364,1,imagenet_c,defocus_blur,1,none
efficientnet_b4,ILSVRC2012_val_00017325.JPEG,n02123597,284,284,0.61855364,1,imagenet_c,defocus_blur,1,none
efficientnet_b4,ILSVRC2012_val_00017692.JPEG,n02123597,284,284,0.44222417,1,imagenet_c,defocus_blur,1,none
efficientnet_b4,ILSVRC2012_val_00020230.JPEG,n02123597,284,284,0.45983163,1,imagenet_c,defocus_blur,1,none
efficientnet_b4,ILSVRC2012_val_00020594.JPEG,n02123597,284,284,0.43481994,1,imagenet_c,defocus_blur,1,none
efficientnet_b4,ILSVRC2012_val_00020688.JPEG,n02123597,284,284,0.4857783,1,imagenet_c,defocus_blur,1,none
efficientnet_b4,ILSVRC2012_val_00022535.JPEG,n02123597,284,284,0.280065,1,imagenet_c,defocus_blur,1,none
efficientnet_b4,ILSVRC2012_val_00024760.JPEG,n02123597,284,285,0.40356916,0,imagenet_c,defocus_blur,1,none
efficientnet_b4,ILSVRC2012_val_00025519.JPEG,n02123597,284,284,0.48068637,1,imagenet_c,defocus_blur,1,none
efficientnet_b4,ILSVRC2012_val_00025887.JPEG,n02123597,284,284,0.55435467,1,imagenet_c,defocus_blur,1,none
efficientnet_b4,ILSVRC2012_val_00026893.JPEG,n02123597,284,284,0.5148255,1,imagenet_c,defocus_blur,1,none
efficientnet_b4,ILSVRC2012_val_00028213.JPEG,n02123597,284,284,0.5165448,1,imagenet_c,defocus_blur,1,none
efficientnet_b4,ILSVRC2012_val_00029839.JPEG,n02123597,284,284,0.45090413,1,imagenet_c,defocus_blur,1,none
efficientnet_b4,ILSVRC2012_val_00030929.JPEG,n02123597,284,284,0.5766615,1,imagenet_c,defocus_blur,1,none
efficientnet_b4,ILSVRC2012_val_00032328.JPEG,n02123597,284,281,0.22362141,0,imagenet_c,defocus_blur,1,none
efficientnet_b4,ILSVRC2012_val_00034254.JPEG,n02123597,284,284,0.5192793,1,imagenet_c,defocus_blur,1,none
efficientnet_b4,ILSVRC2012_val_00034421.JPEG,n02123597,284,284,0.52685934,1,imagenet_c,defocus_blur,1,none
efficientnet_b4,ILSVRC2012_val_00035566.JPEG,n02123597,284,284,0.65975225,1,imagenet_c,defocus_blur,1,none
efficientnet_b4,ILSVRC2012_val_00036290.JPEG,n02123597,284,284,0.4524825,1,imagenet_c,defocus_blur,1,none
efficientnet_b4,ILSVRC2012_val_00036526.JPEG,n02123597,284,284,0.48335445,1,imagenet_c,defocus_blur,1,none
efficientnet_b4,ILSVRC2012_val_00036961.JPEG,n02123597,284,284,0.7458861,1,imagenet_c,defocus_blur,1,none
efficientnet_b4,ILSVRC2012_val_00038168.JPEG,n02123597,284,284,0.5959327,1,imagenet_c,defocus_blur,1,none
efficientnet_b4,ILSVRC2012_val_00039580.JPEG,n02123597,284,284,0.50477946,1,imagenet_c,defocus_blur,1,none
efficientnet_b4,ILSVRC2012_val_00039931.JPEG,n02123597,284,284,0.58642566,1,imagenet_c,defocus_blur,1,none
efficientnet_b4,ILSVRC2012_val_00039979.JPEG,n02123597,284,284,0.5065107,1,imagenet_c,defocus_blur,1,none
efficientnet_b4,ILSVRC2012_val_00040854.JPEG,n02123597,284,284,0.5021188,1,imagenet_c,defocus_blur,1,none
efficientnet_b4,ILSVRC2012_val_00043051.JPEG,n02123597,284,284,0.61683416,1,imagenet_c,defocus_blur,1,none
efficientnet_b4,ILSVRC2012_val_00043090.JPEG,n02123597,284,284,0.5244605,1,imagenet_c,defocus_blur,1,none
efficientnet_b4,ILSVRC2012_val_00043145.JPEG,n02123597,284,284,0.16909556,1,imagenet_c,defocus_blur,1,none
efficientnet_b4,ILSVRC2012_val_00043546.JPEG,n02123597,284,284,0.4335001,1,imagenet_c,defocus_blur,1,none
efficientnet_b4,ILSVRC2012_val_00043632.JPEG,n02123597,284,284,0.4714711,1,imagenet_c,defocus_blur,1,none
efficientnet_b4,ILSVRC2012_val_00043891.JPEG,n02123597,284,284,0.67066115,1,imagenet_c,defocus_blur,1,none
efficientnet_b4,ILSVRC2012_val_00045347.JPEG,n02123597,284,284,0.5922643,1,imagenet_c,defocus_blur,1,none
efficientnet_b4,ILSVRC2012_val_00045829.JPEG,n02123597,284,284,0.50135225,1,imagenet_c,defocus_blur,1,none
efficientnet_b4,ILSVRC2012_val_00046572.JPEG,n02123597,284,284,0.6174632,1,imagenet_c,defocus_blur,1,none
efficientnet_b4,ILSVRC2012_val_00047103.JPEG,n02123597,284,284,0.46357313,1,imagenet_c,defocus_blur,1,none
efficientnet_b4,ILSVRC2012_val_00048160.JPEG,n02123597,284,284,0.5472245,1,imagenet_c,defocus_blur,1,none
efficientnet_b4,ILSVRC2012_val_00000709.JPEG,n02124075,285,285,0.4275144,1,imagenet_c,defocus_blur,1,none
efficientnet_b4,ILSVRC2012_val_00001496.JPEG,n02124075,285,285,0.11707689,1,imagenet_c,defocus_blur,1,none
efficientnet_b4,ILSVRC2012_val_00002072.JPEG,n02124075,285,285,0.4953094,1,imagenet_c,defocus_blur,1,none
efficientnet_b4,ILSVRC2012_val_00004612.JPEG,n02124075,285,285,0.10676607,1,imagenet_c,defocus_blur,1,none
efficientnet_b4,ILSVRC2012_val_00004719.JPEG,n02124075,285,285,0.37635356,1,imagenet_c,defocus_blur,1,none
efficientnet_b4,ILSVRC2012_val_00005207.JPEG,n02124075,285,285,0.115482435,1,imagenet_c,defocus_blur,1,none
efficientnet_b4,ILSVRC2012_val_00005362.JPEG,n02124075,285,284,0.45194143,0,imagenet_c,defocus_blur,1,none
efficientnet_b4,ILSVRC2012_val_00007023.JPEG,n02124075,285,285,0.1746106,1,imagenet_c,defocus_blur,1,none
efficientnet_b4,ILSVRC2012_val_00008778.JPEG,n02124075,285,797,0.32415232,0,imagenet_c,defocus_blur,1,none
efficientnet_b4,ILSVRC2012_val_00009683.JPEG,n02124075,285,298,0.1099311,0,imagenet_c,defocus_blur,1,none
efficientnet_b4,ILSVRC2012_val_00010417.JPEG,n02124075,285,237,0.15015362,0,imagenet_c,defocus_blur,1,none
efficientnet_b4,ILSVRC2012_val_00010598.JPEG,n02124075,285,731,0.07985555,0,imagenet_c,defocus_blur,1,none
efficientnet_b4,ILSVRC2012_val_00011952.JPEG,n02124075,285,285,0.28849882,1,imagenet_c,defocus_blur,1,none
efficientnet_b4,ILSVRC2012_val_00013410.JPEG,n02124075,285,285,0.45327333,1,imagenet_c,defocus_blur,1,none
efficientnet_b4,ILSVRC2012_val_00013918.JPEG,n02124075,285,285,0.1460553,1,imagenet_c,defocus_blur,1,none
efficientnet_b4,ILSVRC2012_val_00014432.JPEG,n02124075,285,223,0.34125876,0,imagenet_c,defocus_blur,1,none
efficientnet_b4,ILSVRC2012_val_00014773.JPEG,n02124075,285,284,0.4733996,0,imagenet_c,defocus_blur,1,none
efficientnet_b4,ILSVRC2012_val_00016918.JPEG,n02124075,285,862,0.018318,0,imagenet_c,defocus_blur,1,none
efficientnet_b4,ILSVRC2012_val_00019119.JPEG,n02124075,285,285,0.2741316,1,imagenet_c,defocus_blur,1,none
efficientnet_b4,ILSVRC2012_val_00021675.JPEG,n02124075,285,673,0.38092896,0,imagenet_c,defocus_blur,1,none
efficientnet_b4,ILSVRC2012_val_00022337.JPEG,n02124075,285,598,0.19801065,0,imagenet_c,defocus_blur,1,none
efficientnet_b4,ILSVRC2012_val_00023393.JPEG,n02124075,285,285,0.2946856,1,imagenet_c,defocus_blur,1,none
efficientnet_b4,ILSVRC2012_val_00023696.JPEG,n02124075,285,285,0.34296197,1,imagenet_c,defocus_blur,1,none
efficientnet_b4,ILSVRC2012_val_00023786.JPEG,n02124075,285,281,0.24452987,0,imagenet_c,defocus_blur,1,none
efficientnet_b4,ILSVRC2012_val_00023871.JPEG,n02124075,285,285,0.44098818,1,imagenet_c,defocus_blur,1,none
efficientnet_b4,ILSVRC2012_val_00023906.JPEG,n02124075,285,285,0.49810103,1,imagenet_c,defocus_blur,1,none
efficientnet_b4,ILSVRC2012_val_00024000.JPEG,n02124075,285,722,0.3886745,0,imagenet_c,defocus_blur,1,none
efficientnet_b4,ILSVRC2012_val_00025168.JPEG,n02124075,285,285,0.45356366,1,imagenet_c,defocus_blur,1,none
efficientnet_b4,ILSVRC2012_val_00026403.JPEG,n02124075,285,199,0.14118066,0,imagenet_c,defocus_blur,1,none
efficientnet_b4,ILSVRC2012_val_00026412.JPEG,n02124075,285,673,0.07205336,0,imagenet_c,defocus_blur,1,none
efficientnet_b4,ILSVRC2012_val_00027189.JPEG,n02124075,285,285,0.35578278,1,imagenet_c,defocus_blur,1,none
efficientnet_b4,ILSVRC2012_val_00027448.JPEG,n02124075,285,283,0.19482695,0,imagenet_c,defocus_blur,1,none
efficientnet_b4,ILSVRC2012_val_00028628.JPEG,n02124075,285,285,0.3753372,1,imagenet_c,defocus_blur,1,none
efficientnet_b4,ILSVRC2012_val_00028970.JPEG,n02124075,285,285,0.13905126,1,imagenet_c,defocus_blur,1,none
efficientnet_b4,ILSVRC2012_val_00029864.JPEG,n02124075,285,281,0.41114375,0,imagenet_c,defocus_blur,1,none
efficientnet_b4,ILSVRC2012_val_00031185.JPEG,n02124075,285,232,0.1418319,0,imagenet_c,defocus_blur,1,none
efficientnet_b4,ILSVRC2012_val_00032637.JPEG,n02124075,285,285,0.5697933,1,imagenet_c,defocus_blur,1,none
efficientnet_b4,ILSVRC2012_val_00033582.JPEG,n02124075,285,284,0.20351437,0,imagenet_c,defocus_blur,1,none
efficientnet_b4,ILSVRC2012_val_00037997.JPEG,n02124075,285,281,0.33464846,0,imagenet_c,defocus_blur,1,none
efficientnet_b4,ILSVRC2012_val_00038683.JPEG,n02124075,285,285,0.15713474,1,imagenet_c,defocus_blur,1,none
efficientnet_b4,ILSVRC2012_val_00038976.JPEG,n02124075,285,285,0.1318003,1,imagenet_c,defocus_blur,1,none
efficientnet_b4,ILSVRC2012_val_00040192.JPEG,n02124075,285,285,0.25274664,1,imagenet_c,defocus_blur,1,none
efficientnet_b4,ILSVRC2012_val_00040600.JPEG,n02124075,285,285,0.09248724,1,imagenet_c,defocus_blur,1,none
efficientnet_b4,ILSVRC2012_val_00041427.JPEG,n02124075,285,285,0.20023602,1,imagenet_c,defocus_blur,1,none
efficientnet_b4,ILSVRC2012_val_00041579.JPEG,n02124075,285,281,0.22667874,0,imagenet_c,defocus_blur,1,none
efficientnet_b4,ILSVRC2012_val_00042232.JPEG,n02124075,285,463,0.080900736,0,imagenet_c,defocus_blur,1,none
efficientnet_b4,ILSVRC2012_val_00044374.JPEG,n02124075,285,203,0.053681605,0,imagenet_c,defocus_blur,1,none
efficientnet_b4,ILSVRC2012_val_00046770.JPEG,n02124075,285,104,0.36490053,0,imagenet_c,defocus_blur,1,none
efficientnet_b4,ILSVRC2012_val_00046964.JPEG,n02124075,285,282,0.09075364,0,imagenet_c,defocus_blur,1,none
efficientnet_b4,ILSVRC2012_val_00049735.JPEG,n02124075,285,285,0.14101003,1,imagenet_c,defocus_blur,1,none
efficientnet_b4,ILSVRC2012_val_00000012.JPEG,n02125311,286,286,0.4610823,1,imagenet_c,defocus_blur,1,none
efficientnet_b4,ILSVRC2012_val_00000487.JPEG,n02125311,286,286,0.3123293,1,imagenet_c,defocus_blur,1,none
efficientnet_b4,ILSVRC2012_val_00001888.JPEG,n02125311,286,286,0.532452,1,imagenet_c,defocus_blur,1,none
efficientnet_b4,ILSVRC2012_val_00003013.JPEG,n02125311,286,291,0.4754592,0,imagenet_c,defocus_blur,1,none
efficientnet_b4,ILSVRC2012_val_00003940.JPEG,n02125311,286,286,0.46494713,1,imagenet_c,defocus_blur,1,none
efficientnet_b4,ILSVRC2012_val_00003978.JPEG,n02125311,286,349,0.37747586,0,imagenet_c,defocus_blur,1,none
efficientnet_b4,ILSVRC2012_val_00005004.JPEG,n02125311,286,286,0.7122849,1,imagenet_c,defocus_blur,1,none
efficientnet_b4,ILSVRC2012_val_00006112.JPEG,n02125311,286,286,0.25579217,1,imagenet_c,defocus_blur,1,none
efficientnet_b4,ILSVRC2012_val_00006400.JPEG,n02125311,286,286,0.44691077,1,imagenet_c,defocus_blur,1,none
efficientnet_b4,ILSVRC2012_val_00006612.JPEG,n02125311,286,286,0.59463686,1,imagenet_c,defocus_blur,1,none
efficientnet_b4,ILSVRC2012_val_00007737.JPEG,n02125311,286,293,0.7260545,0,imagenet_c,defocus_blur,1,none
efficientnet_b4,ILSVRC2012_val_00009330.JPEG,n02125311,286,286,0.526699,1,imagenet_c,defocus_blur,1,none
efficientnet_b4,ILSVRC2012_val_00010047.JPEG,n02125311,286,350,0.14209256,0,imagenet_c,defocus_blur,1,none
efficientnet_b4,ILSVRC2012_val_00010823.JPEG,n02125311,286,286,0.56957495,1,imagenet_c,defocus_blur,1,none
efficientnet_b4,ILSVRC2012_val_00011732.JPEG,n02125311,286,286,0.54261863,1,imagenet_c,defocus_blur,1,none
efficientnet_b4,ILSVRC2012_val_00012457.JPEG,n02125311,286,286,0.4341335,1,imagenet_c,defocus_blur,1,none
efficientnet_b4,ILSVRC2012_val_00014538.JPEG,n02125311,286,286,0.6425783,1,imagenet_c,defocus_blur,1,none
efficientnet_b4,ILSVRC2012_val_00015558.JPEG,n02125311,286,286,0.34896994,1,imagenet_c,defocus_blur,1,none
efficientnet_b4,ILSVRC2012_val_00016394.JPEG,n02125311,286,286,0.5648269,1,imagenet_c,defocus_blur,1,none
efficientnet_b4,ILSVRC2012_val_00017189.JPEG,n02125311,286,285,0.37059978,0,imagenet_c,defocus_blur,1,none
efficientnet_b4,ILSVRC2012_val_00017918.JPEG,n02125311,286,286,0.5626473,1,imagenet_c,defocus_blur,1,none
efficientnet_b4,ILSVRC2012_val_00018664.JPEG,n02125311,286,286,0.60866684,1,imagenet_c,defocus_blur,1,none
efficientnet_b4,ILSVRC2012_val_00019091.JPEG,n02125311,286,286,0.6458764,1,imagenet_c,defocus_blur,1,none
efficientnet_b4,ILSVRC2012_val_00019370.JPEG,n02125311,286,286,0.5574435,1,imagenet_c,defocus_blur,1,none
efficientnet_b4,ILSVRC2012_val_00019401.JPEG,n02125311,286,286,0.56267977,1,imagenet_c,defocus_blur,1,none
efficientnet_b4,ILSVRC2012_val_00020684.JPEG,n02125311,286,286,0.39609766,1,imagenet_c,defocus_blur,1,none
efficientnet_b4,ILSVRC2012_val_00020973.JPEG,n02125311,286,286,0.47653437,1,imagenet_c,defocus_blur,1,none
efficientnet_b4,ILSVRC2012_val_00021045.JPEG,n02125311,286,286,0.66363686,1,imagenet_c,defocus_blur,1,none
efficientnet_b4,ILSVRC2012_val_00022007.JPEG,n02125311,286,286,0.46088094,1,imagenet_c,defocus_blur,1,none
efficientnet_b4,ILSVRC2012_val_00023864.JPEG,n02125311,286,284,0.18838878,0,imagenet_c,defocus_blur,1,none
efficientnet_b4,ILSVRC2012_val_00023923.JPEG,n02125311,286,371,0.32098797,0,imagenet_c,defocus_blur,1,none
efficientnet_b4,ILSVRC2012_val_00024128.JPEG,n02125311,286,286,0.6047814,1,imagenet_c,defocus_blur,1,none
efficientnet_b4,ILSVRC2012_val_00025629.JPEG,n02125311,286,286,0.62778133,1,imagenet_c,defocus_blur,1,none
efficientnet_b4,ILSVRC2012_val_00027069.JPEG,n02125311,286,345,0.07305276,0,imagenet_c,defocus_blur,1,none
efficientnet_b4,ILSVRC2012_val_00028318.JPEG,n02125311,286,286,0.4291993,1,imagenet_c,defocus_blur,1,none
efficientnet_b4,ILSVRC2012_val_00029306.JPEG,n02125311,286,286,0.5484674,1,imagenet_c,defocus_blur,1,none
efficientnet_b4,ILSVRC2012_val_00030787.JPEG,n02125311,286,286,0.5012641,1,imagenet_c,defocus_blur,1,none
efficientnet_b4,ILSVRC2012_val_00031884.JPEG,n02125311,286,286,0.55025434,1,imagenet_c,defocus_blur,1,none
efficientnet_b4,ILSVRC2012_val_00032090.JPEG,n02125311,286,286,0.6155823,1,imagenet_c,defocus_blur,1,none
efficientnet_b4,ILSVRC2012_val_00035464.JPEG,n02125311,286,286,0.53227115,1,imagenet_c,defocus_blur,1,none
efficientnet_b4,ILSVRC2012_val_00035821.JPEG,n02125311,286,286,0.069288485,1,imagenet_c,defocus_blur,1,none
efficientnet_b4,ILSVRC2012_val_00036603.JPEG,n02125311,286,286,0.573129,1,imagenet_c,defocus_blur,1,none
efficientnet_b4,ILSVRC2012_val_00037623.JPEG,n02125311,286,286,0.44541624,1,imagenet_c,defocus_blur,1,none
efficientnet_b4,ILSVRC2012_val_00037633.JPEG,n02125311,286,286,0.4440587,1,imagenet_c,defocus_blur,1,none
efficientnet_b4,ILSVRC2012_val_00038007.JPEG,n02125311,286,286,0.29816452,1,imagenet_c,defocus_blur,1,none
efficientnet_b4,ILSVRC2012_val_00038675.JPEG,n02125311,286,286,0.47836474,1,imagenet_c,defocus_blur,1,none
efficientnet_b4,ILSVRC2012_val_00039595.JPEG,n02125311,286,286,0.5906595,1,imagenet_c,defocus_blur,1,none
efficientnet_b4,ILSVRC2012_val_00042529.JPEG,n02125311,286,286,0.40966338,1,imagenet_c,defocus_blur,1,none
efficientnet_b4,ILSVRC2012_val_00045185.JPEG,n02125311,286,286,0.47744986,1,imagenet_c,defocus_blur,1,none
efficientnet_b4,ILSVRC2012_val_00048368.JPEG,n02125311,286,286,0.5652079,1,imagenet_c,defocus_blur,1,none
efficientnet_b4,ILSVRC2012_val_00000898.JPEG,n02127052,287,287,0.5893289,1,imagenet_c,defocus_blur,1,none
efficientnet_b4,ILSVRC2012_val_00004042.JPEG,n02127052,287,269,0.29278126,0,imagenet_c,defocus_blur,1,none
efficientnet_b4,ILSVRC2012_val_00005998.JPEG,n02127052,287,287,0.47331804,1,imagenet_c,defocus_blur,1,none
efficientnet_b4,ILSVRC2012_val_00006056.JPEG,n02127052,287,287,0.7332375,1,imagenet_c,defocus_blur,1,none
efficientnet_b4,ILSVRC2012_val_00006407.JPEG,n02127052,287,287,0.2613853,1,imagenet_c,defocus_blur,1,none
efficientnet_b4,ILSVRC2012_val_00006792.JPEG,n02127052,287,287,0.65311104,1,imagenet_c,defocus_blur,1,none
efficientnet_b4,ILSVRC2012_val_00008342.JPEG,n02127052,287,282,0.2461954,0,imagenet_c,defocus_blur,1,none
efficientnet_b4,ILSVRC2012_val_00009992.JPEG,n02127052,287,286,0.3686854,0,imagenet_c,defocus_blur,1,none
efficientnet_b4,ILSVRC2012_val_00011825.JPEG,n02127052,287,285,0.46326837,0,imagenet_c,defocus_blur,1,none
efficientnet_b4,ILSVRC2012_val_00012958.JPEG,n02127052,287,287,0.7322548,1,imagenet_c,defocus_blur,1,none
efficientnet_b4,ILSVRC2012_val_00013798.JPEG,n02127052,287,287,0.7224616,1,imagenet_c,defocus_blur,1,none
efficientnet_b4,ILSVRC2012_val_00013812.JPEG,n02127052,287,287,0.53115165,1,imagenet_c,defocus_blur,1,none
efficientnet_b4,ILSVRC2012_val_00014321.JPEG,n02127052,287,287,0.5046916,1,imagenet_c,defocus_blur,1,none
efficientnet_b4,ILSVRC2012_val_00014363.JPEG,n02127052,287,287,0.76753163,1,imagenet_c,defocus_blur,1,none
efficientnet_b4,ILSVRC2012_val_00016118.JPEG,n02127052,287,335,0.42284122,0,imagenet_c,defocus_blur,1,none
efficientnet_b4,ILSVRC2012_val_00016729.JPEG,n02127052,287,282,0.21234481,0,imagenet_c,defocus_blur,1,none
efficientnet_b4,ILSVRC2012_val_00017219.JPEG,n02127052,287,287,0.72935736,1,imagenet_c,defocus_blur,1,none
efficientnet_b4,ILSVRC2012_val_00017717.JPEG,n02127052,287,287,0.28114232,1,imagenet_c,defocus_blur,1,none
efficientnet_b4,ILSVRC2012_val_00018269.JPEG,n02127052,287,286,0.18805498,0,imagenet_c,defocus_blur,1,none
efficientnet_b4,ILSVRC2012_val_00018389.JPEG,n02127052,287,287,0.57929015,1,imagenet_c,defocus_blur,1,none
efficientnet_b4,ILSVRC2012_val_00020716.JPEG,n02127052,287,287,0.44261315,1,imagenet_c,defocus_blur,1,none
efficientnet_b4,ILSVRC2012_val_00024645.JPEG,n02127052,287,287,0.8186163,1,imagenet_c,defocus_blur,1,none
efficientnet_b4,ILSVRC2012_val_00024903.JPEG,n02127052,287,356,0.3717354,0,imagenet_c,defocus_blur,1,none
efficientnet_b4,ILSVRC2012_val_00025942.JPEG,n02127052,287,287,0.718267,1,imagenet_c,defocus_blur,1,none
efficientnet_b4,ILSVRC2012_val_00027736.JPEG,n02127052,287,287,0.39263815,1,imagenet_c,defocus_blur,1,none
efficientnet_b4,ILSVRC2012_val_00028583.JPEG,n02127052,287,287,0.3220977,1,imagenet_c,defocus_blur,1,none
efficientnet_b4,ILSVRC2012_val_00028798.JPEG,n02127052,287,287,0.5503056,1,imagenet_c,defocus_blur,1,none
efficientnet_b4,ILSVRC2012_val_00029101.JPEG,n02127052,287,287,0.6095345,1,imagenet_c,defocus_blur,1,none
efficientnet_b4,ILSVRC2012_val_00030530.JPEG,n02127052,287,287,0.66192025,1,imagenet_c,defocus_blur,1,none
efficientnet_b4,ILSVRC2012_val_00030860.JPEG,n02127052,287,287,0.4995673,1,imagenet_c,defocus_blur,1,none
efficientnet_b4,ILSVRC2012_val_00031090.JPEG,n02127052,287,293,0.55784416,0,imagenet_c,defocus_blur,1,none
efficientnet_b4,ILSVRC2012_val_00032552.JPEG,n02127052,287,277,0.12961978,0,imagenet_c,defocus_blur,1,none
efficientnet_b4,ILSVRC2012_val_00033797.JPEG,n02127052,287,287,0.75998574,1,imagenet_c,defocus_blur,1,none
efficientnet_b4,ILSVRC2012_val_00034088.JPEG,n02127052,287,287,0.77061355,1,imagenet_c,defocus_blur,1,none
efficientnet_b4,ILSVRC2012_val_00034892.JPEG,n02127052,287,287,0.28930098,1,imagenet_c,defocus_blur,1,none
efficientnet_b4,ILSVRC2012_val_00035366.JPEG,n02127052,287,281,0.17228043,0,imagenet_c,defocus_blur,1,none
efficientnet_b4,ILSVRC2012_val_00035577.JPEG,n02127052,287,287,0.28023526,1,imagenet_c,defocus_blur,1,none
efficientnet_b4,ILSVRC2012_val_00036244.JPEG,n02127052,287,287,0.6803252,1,imagenet_c,defocus_blur,1,none
efficientnet_b4,ILSVRC2012_val_00036625.JPEG,n02127052,287,287,0.5997962,1,imagenet_c,defocus_blur,1,none
efficientnet_b4,ILSVRC2012_val_00036933.JPEG,n02127052,287,287,0.73568225,1,imagenet_c,defocus_blur,1,none
efficientnet_b4,ILSVRC2012_val_00038913.JPEG,n02127052,287,287,0.8188907,1,imagenet_c,defocus_blur,1,none
efficientnet_b4,ILSVRC2012_val_00040372.JPEG,n02127052,287,287,0.60193264,1,imagenet_c,defocus_blur,1,none
efficientnet_b4,ILSVRC2012_val_00041961.JPEG,n02127052,287,287,0.6924084,1,imagenet_c,defocus_blur,1,none
efficientnet_b4,ILSVRC2012_val_00043396.JPEG,n02127052,287,896,0.23959456,0,imagenet_c,defocus_blur,1,none
efficientnet_b4,ILSVRC2012_val_00044715.JPEG,n02127052,287,290,0.32955,0,imagenet_c,defocus_blur,1,none
efficientnet_b4,ILSVRC2012_val_00044925.JPEG,n02127052,287,287,0.59464884,1,imagenet_c,defocus_blur,1,none
efficientnet_b4,ILSVRC2012_val_00046297.JPEG,n02127052,287,281,0.20364155,0,imagenet_c,defocus_blur,1,none
efficientnet_b4,ILSVRC2012_val_00047045.JPEG,n02127052,287,287,0.67430186,1,imagenet_c,defocus_blur,1,none
efficientnet_b4,ILSVRC2012_val_00047955.JPEG,n02127052,287,287,0.7644241,1,imagenet_c,defocus_blur,1,none
efficientnet_b4,ILSVRC2012_val_00049483.JPEG,n02127052,287,287,0.71028376,1,imagenet_c,defocus_blur,1,none
efficientnet_b4,ILSVRC2012_val_00000600.JPEG,n02128385,288,288,0.482445,1,imagenet_c,defocus_blur,1,none
efficientnet_b4,ILSVRC2012_val_00000650.JPEG,n02128385,288,288,0.5938666,1,imagenet_c,defocus_blur,1,none
efficientnet_b4,ILSVRC2012_val_00003839.JPEG,n02128385,288,286,0.15175284,0,imagenet_c,defocus_blur,1,none
efficientnet_b4,ILSVRC2012_val_00005603.JPEG,n02128385,288,288,0.62521267,1,imagenet_c,defocus_blur,1,none
efficientnet_b4,ILSVRC2012_val_00006155.JPEG,n02128385,288,288,0.6669212,1,imagenet_c,defocus_blur,1,none
efficientnet_b4,ILSVRC2012_val_00006619.JPEG,n02128385,288,288,0.5664352,1,imagenet_c,defocus_blur,1,none
efficientnet_b4,ILSVRC2012_val_00008295.JPEG,n02128385,288,288,0.72075105,1,imagenet_c,defocus_blur,1,none
efficientnet_b4,ILSVRC2012_val_00009158.JPEG,n02128385,288,288,0.6274336,1,imagenet_c,defocus_blur,1,none
efficientnet_b4,ILSVRC2012_val_00009418.JPEG,n02128385,288,288,0.46032634,1,imagenet_c,defocus_blur,1,none
efficientnet_b4,ILSVRC2012_val_00012399.JPEG,n02128385,288,288,0.4718136,1,imagenet_c,defocus_blur,1,none
efficientnet_b4,ILSVRC2012_val_00012818.JPEG,n02128385,288,290,0.5887634,0,imagenet_c,defocus_blur,1,none
efficientnet_b4,ILSVRC2012_val_00013002.JPEG,n02128385,288,288,0.48432064,1,imagenet_c,defocus_blur,1,none
efficientnet_b4,ILSVRC2012_val_00015785.JPEG,n02128385,288,288,0.66084814,1,imagenet_c,defocus_blur,1,none
efficientnet_b4,ILSVRC2012_val_00018358.JPEG,n02128385,288,288,0.587626,1,imagenet_c,defocus_blur,1,none
efficientnet_b4,ILSVRC2012_val_00019439.JPEG,n02128385,288,293,0.18740347,0,imagenet_c,defocus_blur,1,none
efficientnet_b4,ILSVRC2012_val_00019655.JPEG,n02128385,288,335,0.1855281,0,imagenet_c,defocus_blur,1,none
efficientnet_b4,ILSVRC2012_val_00019753.JPEG,n02128385,288,288,0.47325304,1,imagenet_c,defocus_blur,1,none
efficientnet_b4,ILSVRC2012_val_00021066.JPEG,n02128385,288,287,0.4757529,0,imagenet_c,defocus_blur,1,none
efficientnet_b4,ILSVRC2012_val_00021212.JPEG,n02128385,288,288,0.5271026,1,imagenet_c,defocus_blur,1,none
efficientnet_b4,ILSVRC2012_val_00021538.JPEG,n02128385,288,293,0.64886457,0,imagenet_c,defocus_blur,1,none
efficientnet_b4,ILSVRC2012_val_00024214.JPEG,n02128385,288,288,0.38284007,1,imagenet_c,defocus_blur,1,none
efficientnet_b4,ILSVRC2012_val_00024219.JPEG,n02128385,288,288,0.64158714,1,imagenet_c,defocus_blur,1,none
efficientnet_b4,ILSVRC2012_val_00025569.JPEG,n02128385,288,288,0.38242695,1,imagenet_c,defocus_blur,1,none
efficientnet_b4,ILSVRC2012_val_00025688.JPEG,n02128385,288,288,0.6366133,1,imagenet_c,defocus_blur,1,none
efficientnet_b4,ILSVRC2012_val_00026060.JPEG,n02128385,288,288,0.3117144,1,imagenet_c,defocus_blur,1,none
efficientnet_b4,ILSVRC2012_val_00027464.JPEG,n02128385,288,288,0.5233225,1,imagenet_c,defocus_blur,1,none
efficientnet_b4,ILSVRC2012_val_00029212.JPEG,n02128385,288,288,0.3738109,1,imagenet_c,defocus_blur,1,none
efficientnet_b4,ILSVRC2012_val_00029939.JPEG,n02128385,288,288,0.48901805,1,imagenet_c,defocus_blur,1,none
efficientnet_b4,ILSVRC2012_val_00030737.JPEG,n02128385,288,288,0.61422855,1,imagenet_c,defocus_blur,1,none
efficientnet_b4,ILSVRC2012_val_00031056.JPEG,n02128385,288,288,0.5934442,1,imagenet_c,defocus_blur,1,none
efficientnet_b4,ILSVRC2012_val_00032718.JPEG,n02128385,288,288,0.47402847,1,imagenet_c,defocus_blur,1,none
efficientnet_b4,ILSVRC2012_val_00032869.JPEG,n02128385,288,288,0.3426264,1,imagenet_c,defocus_blur,1,none
efficientnet_b4,ILSVRC2012_val_00035368.JPEG,n02128385,288,288,0.6193242,1,imagenet_c,defocus_blur,1,none
efficientnet_b4,ILSVRC2012_val_00036527.JPEG,n02128385,288,288,0.6301962,1,imagenet_c,defocus_blur,1,none
efficientnet_b4,ILSVRC2012_val_00036533.JPEG,n02128385,288,288,0.34921047,1,imagenet_c,defocus_blur,1,none
efficientnet_b4,ILSVRC2012_val_00037032.JPEG,n02128385,288,288,0.47408837,1,imagenet_c,defocus_blur,1,none
efficientnet_b4,ILSVRC2012_val_00037779.JPEG,n02128385,288,287,0.80077636,0,imagenet_c,defocus_blur,1,none
efficientnet_b4,ILSVRC2012_val_00037850.JPEG,n02128385,288,288,0.56904465,1,imagenet_c,defocus_blur,1,none
efficientnet_b4,ILSVRC2012_val_00038812.JPEG,n02128385,288,293,0.27328745,0,imagenet_c,defocus_blur,1,none
efficientnet_b4,ILSVRC2012_val_00040100.JPEG,n02128385,288,288,0.3859167,1,imagenet_c,defocus_blur,1,none
efficientnet_b4,ILSVRC2012_val_00040955.JPEG,n02128385,288,288,0.5597126,1,imagenet_c,defocus_blur,1,none
efficientnet_b4,ILSVRC2012_val_00041521.JPEG,n02128385,288,288,0.5063661,1,imagenet_c,defocus_blur,1,none
efficientnet_b4,ILSVRC2012_val_00042868.JPEG,n02128385,288,288,0.58167726,1,imagenet_c,defocus_blur,1,none
efficientnet_b4,ILSVRC2012_val_00043117.JPEG,n02128385,288,288,0.6332261,1,imagenet_c,defocus_blur,1,none
efficientnet_b4,ILSVRC2012_val_00043350.JPEG,n02128385,288,288,0.5744883,1,imagenet_c,defocus_blur,1,none
efficientnet_b4,ILSVRC2012_val_00044343.JPEG,n02128385,288,288,0.49338543,1,imagenet_c,defocus_blur,1,none
efficientnet_b4,ILSVRC2012_val_00045139.JPEG,n02128385,288,288,0.6592655,1,imagenet_c,defocus_blur,1,none
efficientnet_b4,ILSVRC2012_val_00046032.JPEG,n02128385,288,288,0.5598933,1,imagenet_c,defocus_blur,1,none
efficientnet_b4,ILSVRC2012_val_00048233.JPEG,n02128385,288,288,0.30086452,1,imagenet_c,defocus_blur,1,none
efficientnet_b4,ILSVRC2012_val_00049471.JPEG,n02128385,288,288,0.67976207,1,imagenet_c,defocus_blur,1,none
efficientnet_b4,ILSVRC2012_val_00000186.JPEG,n02128757,289,289,0.50466937,1,imagenet_c,defocus_blur,1,none
efficientnet_b4,ILSVRC2012_val_00000233.JPEG,n02128757,289,289,0.44931015,1,imagenet_c,defocus_blur,1,none
efficientnet_b4,ILSVRC2012_val_00001352.JPEG,n02128757,289,289,0.50308955,1,imagenet_c,defocus_blur,1,none
efficientnet_b4,ILSVRC2012_val_00002557.JPEG,n02128757,289,289,0.48131377,1,imagenet_c,defocus_blur,1,none
efficientnet_b4,ILSVRC2012_val_00002572.JPEG,n02128757,289,289,0.43184793,1,imagenet_c,defocus_blur,1,none
efficientnet_b4,ILSVRC2012_val_00002646.JPEG,n02128757,289,289,0.3893082,1,imagenet_c,defocus_blur,1,none
efficientnet_b4,ILSVRC2012_val_00004135.JPEG,n02128757,289,289,0.30644724,1,imagenet_c,defocus_blur,1,none
efficientnet_b4,ILSVRC2012_val_00005164.JPEG,n02128757,289,289,0.45065513,1,imagenet_c,defocus_blur,1,none
efficientnet_b4,ILSVRC2012_val_00005277.JPEG,n02128757,289,289,0.42885342,1,imagenet_c,defocus_blur,1,none
efficientnet_b4,ILSVRC2012_val_00005628.JPEG,n02128757,289,289,0.2058342,1,imagenet_c,defocus_blur,1,none
efficientnet_b4,ILSVRC2012_val_00005917.JPEG,n02128757,289,289,0.43484324,1,imagenet_c,defocus_blur,1,none
efficientnet_b4,ILSVRC2012_val_00006556.JPEG,n02128757,289,289,0.48291364,1,imagenet_c,defocus_blur,1,none
efficientnet_b4,ILSVRC2012_val_00007140.JPEG,n02128757,289,289,0.5374295,1,imagenet_c,defocus_blur,1,none
efficientnet_b4,ILSVRC2012_val_00007548.JPEG,n02128757,289,289,0.4203754,1,imagenet_c,defocus_blur,1,none
efficientnet_b4,ILSVRC2012_val_00009922.JPEG,n02128757,289,289,0.5452171,1,imagenet_c,defocus_blur,1,none
efficientnet_b4,ILSVRC2012_val_00010472.JPEG,n02128757,289,289,0.5170274,1,imagenet_c,defocus_blur,1,none
efficientnet_b4,ILSVRC2012_val_00012079.JPEG,n02128757,289,289,0.45955133,1,imagenet_c,defocus_blur,1,none
efficientnet_b4,ILSVRC2012_val_00012404.JPEG,n02128757,289,289,0.5550234,1,imagenet_c,defocus_blur,1,none
efficientnet_b4,ILSVRC2012_val_00013141.JPEG,n02128757,289,289,0.56314594,1,imagenet_c,defocus_blur,1,none
efficientnet_b4,ILSVRC2012_val_00016720.JPEG,n02128757,289,288,0.38136542,0,imagenet_c,defocus_blur,1,none
efficientnet_b4,ILSVRC2012_val_00019738.JPEG,n02128757,289,289,0.4943511,1,imagenet_c,defocus_blur,1,none
efficientnet_b4,ILSVRC2012_val_00019816.JPEG,n02128757,289,289,0.45526394,1,imagenet_c,defocus_blur,1,none
efficientnet_b4,ILSVRC2012_val_00019978.JPEG,n02128757,289,289,0.5531433,1,imagenet_c,defocus_blur,1,none
efficientnet_b4,ILSVRC2012_val_00022170.JPEG,n02128757,289,289,0.45542124,1,imagenet_c,defocus_blur,1,none
efficientnet_b4,ILSVRC2012_val_00023086.JPEG,n02128757,289,289,0.48025844,1,imagenet_c,defocus_blur,1,none
efficientnet_b4,ILSVRC2012_val_00024910.JPEG,n02128757,289,290,0.4128905,0,imagenet_c,defocus_blur,1,none
efficientnet_b4,ILSVRC2012_val_00026325.JPEG,n02128757,289,289,0.09948232,1,imagenet_c,defocus_blur,1,none
efficientnet_b4,ILSVRC2012_val_00026982.JPEG,n02128757,289,289,0.08314357,1,imagenet_c,defocus_blur,1,none
efficientnet_b4,ILSVRC2012_val_00029508.JPEG,n02128757,289,289,0.4191241,1,imagenet_c,defocus_blur,1,none
efficientnet_b4,ILSVRC2012_val_00032285.JPEG,n02128757,289,289,0.4957171,1,imagenet_c,defocus_blur,1,none
efficientnet_b4,ILSVRC2012_val_00032712.JPEG,n02128757,289,289,0.38610286,1,imagenet_c,defocus_blur,1,none
efficientnet_b4,ILSVRC2012_val_00032794.JPEG,n02128757,289,289,0.18749538,1,imagenet_c,defocus_blur,1,none
efficientnet_b4,ILSVRC2012_val_00033369.JPEG,n02128757,289,289,0.43169066,1,imagenet_c,defocus_blur,1,none
efficientnet_b4,ILSVRC2012_val_00033934.JPEG,n02128757,289,289,0.38770443,1,imagenet_c,defocus_blur,1,none
efficientnet_b4,ILSVRC2012_val_00035192.JPEG,n02128757,289,289,0.58589786,1,imagenet_c,defocus_blur,1,none
efficientnet_b4,ILSVRC2012_val_00035332.JPEG,n02128757,289,289,0.5189125,1,imagenet_c,defocus_blur,1,none
efficientnet_b4,ILSVRC2012_val_00035868.JPEG,n02128757,289,289,0.43759748,1,imagenet_c,defocus_blur,1,none
efficientnet_b4,ILSVRC2012_val_00036401.JPEG,n02128757,289,289,0.44486806,1,imagenet_c,defocus_blur,1,none
efficientnet_b4,ILSVRC2012_val_00036474.JPEG,n02128757,289,289,0.5186981,1,imagenet_c,defocus_blur,1,none
efficientnet_b4,ILSVRC2012_val_00036622.JPEG,n02128757,289,289,0.39832205,1,imagenet_c,defocus_blur,1,none
efficientnet_b4,ILSVRC2012_val_00040632.JPEG,n02128757,289,289,0.37570077,1,imagenet_c,defocus_blur,1,none
efficientnet_b4,ILSVRC2012_val_00040972.JPEG,n02128757,289,916,0.06416813,0,imagenet_c,defocus_blur,1,none
efficientnet_b4,ILSVRC2012_val_00041476.JPEG,n02128757,289,289,0.44218433,1,imagenet_c,defocus_blur,1,none
efficientnet_b4,ILSVRC2012_val_00042484.JPEG,n02128757,289,289,0.42580763,1,imagenet_c,defocus_blur,1,none
efficientnet_b4,ILSVRC2012_val_00045279.JPEG,n02128757,289,289,0.5490189,1,imagenet_c,defocus_blur,1,none
efficientnet_b4,ILSVRC2012_val_00045606.JPEG,n02128757,289,289,0.31611156,1,imagenet_c,defocus_blur,1,none
efficientnet_b4,ILSVRC2012_val_00046555.JPEG,n02128757,289,289,0.44166735,1,imagenet_c,defocus_blur,1,none
efficientnet_b4,ILSVRC2012_val_00048394.JPEG,n02128757,289,289,0.44229957,1,imagenet_c,defocus_blur,1,none
efficientnet_b4,ILSVRC2012_val_00048717.JPEG,n02128757,289,289,0.47530293,1,imagenet_c,defocus_blur,1,none
efficientnet_b4,ILSVRC2012_val_00049389.JPEG,n02128757,289,289,0.48702493,1,imagenet_c,defocus_blur,1,none
efficientnet_b4,ILSVRC2012_val_00000610.JPEG,n02128925,290,290,0.6674908,1,imagenet_c,defocus_blur,1,none
efficientnet_b4,ILSVRC2012_val_00002931.JPEG,n02128925,290,290,0.64974177,1,imagenet_c,defocus_blur,1,none
efficientnet_b4,ILSVRC2012_val_00007232.JPEG,n02128925,290,288,0.26405135,0,imagenet_c,defocus_blur,1,none
efficientnet_b4,ILSVRC2012_val_00009209.JPEG,n02128925,290,293,0.14317335,0,imagenet_c,defocus_blur,1,none
efficientnet_b4,ILSVRC2012_val_00009297.JPEG,n02128925,290,290,0.74824786,1,imagenet_c,defocus_blur,1,none
efficientnet_b4,ILSVRC2012_val_00009924.JPEG,n02128925,290,290,0.58448327,1,imagenet_c,defocus_blur,1,none
efficientnet_b4,ILSVRC2012_val_00010173.JPEG,n02128925,290,290,0.38330695,1,imagenet_c,defocus_blur,1,none
efficientnet_b4,ILSVRC2012_val_00011325.JPEG,n02128925,290,342,0.46388826,0,imagenet_c,defocus_blur,1,none
efficientnet_b4,ILSVRC2012_val_00011543.JPEG,n02128925,290,288,0.45974684,0,imagenet_c,defocus_blur,1,none
efficientnet_b4,ILSVRC2012_val_00012411.JPEG,n02128925,290,290,0.60842484,1,imagenet_c,defocus_blur,1,none
efficientnet_b4,ILSVRC2012_val_00012994.JPEG,n02128925,290,290,0.22451894,1,imagenet_c,defocus_blur,1,none
efficientnet_b4,ILSVRC2012_val_00012999.JPEG,n02128925,290,293,0.51110256,0,imagenet_c,defocus_blur,1,none
efficientnet_b4,ILSVRC2012_val_00013107.JPEG,n02128925,290,288,0.2599033,0,imagenet_c,defocus_blur,1,none
efficientnet_b4,ILSVRC2012_val_00017739.JPEG,n02128925,290,288,0.1989804,0,imagenet_c,defocus_blur,1,none
efficientnet_b4,ILSVRC2012_val_00018819.JPEG,n02128925,290,290,0.5553107,1,imagenet_c,defocus_blur,1,none
efficientnet_b4,ILSVRC2012_val_00018843.JPEG,n02128925,290,290,0.61567134,1,imagenet_c,defocus_blur,1,none
efficientnet_b4,ILSVRC2012_val_00018859.JPEG,n02128925,290,289,0.42580763,0,imagenet_c,defocus_blur,1,none
efficientnet_b4,ILSVRC2012_val_00019365.JPEG,n02128925,290,290,0.3413774,1,imagenet_c,defocus_blur,1,none
efficientnet_b4,ILSVRC2012_val_00020344.JPEG,n02128925,290,290,0.64891446,1,imagenet_c,defocus_blur,1,none
efficientnet_b4,ILSVRC2012_val_00021064.JPEG,n02128925,290,294,0.16388804,0,imagenet_c,defocus_blur,1,none
efficientnet_b4,ILSVRC2012_val_00021213.JPEG,n02128925,290,290,0.3873583,1,imagenet_c,defocus_blur,1,none
efficientnet_b4,ILSVRC2012_val_00021542.JPEG,n02128925,290,289,0.5969124,0,imagenet_c,defocus_blur,1,none
efficientnet_b4,ILSVRC2012_val_00021585.JPEG,n02128925,290,290,0.63707256,1,imagenet_c,defocus_blur,1,none
efficientnet_b4,ILSVRC2012_val_00025277.JPEG,n02128925,290,288,0.3868916,0,imagenet_c,defocus_blur,1,none
efficientnet_b4,ILSVRC2012_val_00027052.JPEG,n02128925,290,290,0.33573794,1,imagenet_c,defocus_blur,1,none
efficientnet_b4,ILSVRC2012_val_00027974.JPEG,n02128925,290,290,0.58263546,1,imagenet_c,defocus_blur,1,none
efficientnet_b4,ILSVRC2012_val_00029007.JPEG,n02128925,290,290,0.4345233,1,imagenet_c,defocus_blur,1,none
efficientnet_b4,ILSVRC2012_val_00029126.JPEG,n02128925,290,290,0.6296513,1,imagenet_c,defocus_blur,1,none
efficientnet_b4,ILSVRC2012_val_00029178.JPEG,n02128925,290,290,0.6312757,1,imagenet_c,defocus_blur,1,none
efficientnet_b4,ILSVRC2012_val_00029684.JPEG,n02128925,290,290,0.6639527,1,imagenet_c,defocus_blur,1,none
efficientnet_b4,ILSVRC2012_val_00031686.JPEG,n02128925,290,287,0.5061249,0,imagenet_c,defocus_blur,1,none
efficientnet_b4,ILSVRC2012_val_00031974.JPEG,n02128925,290,290,0.61563164,1,imagenet_c,defocus_blur,1,none
efficientnet_b4,ILSVRC2012_val_00032150.JPEG,n02128925,290,290,0.60031134,1,imagenet_c,defocus_blur,1,none
efficientnet_b4,ILSVRC2012_val_00033573.JPEG,n02128925,290,38,0.38537362,0,imagenet_c,defocus_blur,1,none
efficientnet_b4,ILSVRC2012_val_00035883.JPEG,n02128925,290,287,0.35860866,0,imagenet_c,defocus_blur,1,none
efficientnet_b4,ILSVRC2012_val_00036139.JPEG,n02128925,290,290,0.47419778,1,imagenet_c,defocus_blur,1,none
efficientnet_b4,ILSVRC2012_val_00037004.JPEG,n02128925,290,293,0.30712438,0,imagenet_c,defocus_blur,1,none
efficientnet_b4,ILSVRC2012_val_00039473.JPEG,n02128925,290,290,0.6151859,1,imagenet_c,defocus_blur,1,none
efficientnet_b4,ILSVRC2012_val_00040208.JPEG,n02128925,290,290,0.5536063,1,imagenet_c,defocus_blur,1,none
efficientnet_b4,ILSVRC2012_val_00040784.JPEG,n02128925,290,290,0.6348871,1,imagenet_c,defocus_blur,1,none
efficientnet_b4,ILSVRC2012_val_00040788.JPEG,n02128925,290,290,0.6977849,1,imagenet_c,defocus_blur,1,none
efficientnet_b4,ILSVRC2012_val_00041267.JPEG,n02128925,290,288,0.40516886,0,imagenet_c,defocus_blur,1,none
efficientnet_b4,ILSVRC2012_val_00042570.JPEG,n02128925,290,288,0.37618864,0,imagenet_c,defocus_blur,1,none
efficientnet_b4,ILSVRC2012_val_00045369.JPEG,n02128925,290,369,0.16360076,0,imagenet_c,defocus_blur,1,none
efficientnet_b4,ILSVRC2012_val_00045488.JPEG,n02128925,290,290,0.62300503,1,imagenet_c,defocus_blur,1,none
efficientnet_b4,ILSVRC2012_val_00046612.JPEG,n02128925,290,290,0.3591715,1,imagenet_c,defocus_blur,1,none
efficientnet_b4,ILSVRC2012_val_00046786.JPEG,n02128925,290,290,0.6592192,1,imagenet_c,defocus_blur,1,none
efficientnet_b4,ILSVRC2012_val_00046815.JPEG,n02128925,290,288,0.6389333,0,imagenet_c,defocus_blur,1,none
efficientnet_b4,ILSVRC2012_val_00048716.JPEG,n02128925,290,290,0.5074465,1,imagenet_c,defocus_blur,1,none
efficientnet_b4,ILSVRC2012_val_00049347.JPEG,n02128925,290,288,0.4176571,0,imagenet_c,defocus_blur,1,none
efficientnet_b4,ILSVRC2012_val_00001359.JPEG,n02129165,291,291,0.4850297,1,imagenet_c,defocus_blur,1,none
efficientnet_b4,ILSVRC2012_val_00002640.JPEG,n02129165,291,291,0.58452755,1,imagenet_c,defocus_blur,1,none
efficientnet_b4,ILSVRC2012_val_00003788.JPEG,n02129165,291,291,0.71009636,1,imagenet_c,defocus_blur,1,none
efficientnet_b4,ILSVRC2012_val_00005410.JPEG,n02129165,291,291,0.5342455,1,imagenet_c,defocus_blur,1,none
efficientnet_b4,ILSVRC2012_val_00006345.JPEG,n02129165,291,291,0.64750165,1,imagenet_c,defocus_blur,1,none
efficientnet_b4,ILSVRC2012_val_00006778.JPEG,n02129165,291,291,0.53520495,1,imagenet_c,defocus_blur,1,none
efficientnet_b4,ILSVRC2012_val_00007646.JPEG,n02129165,291,291,0.24545206,1,imagenet_c,defocus_blur,1,none
efficientnet_b4,ILSVRC2012_val_00008167.JPEG,n02129165,291,291,0.5757466,1,imagenet_c,defocus_blur,1,none
efficientnet_b4,ILSVRC2012_val_00008553.JPEG,n02129165,291,291,0.4700479,1,imagenet_c,defocus_blur,1,none
efficientnet_b4,ILSVRC2012_val_00009124.JPEG,n02129165,291,291,0.32343128,1,imagenet_c,defocus_blur,1,none
efficientnet_b4,ILSVRC2012_val_00011018.JPEG,n02129165,291,291,0.65770936,1,imagenet_c,defocus_blur,1,none
efficientnet_b4,ILSVRC2012_val_00011645.JPEG,n02129165,291,291,0.4412739,1,imagenet_c,defocus_blur,1,none
efficientnet_b4,ILSVRC2012_val_00011713.JPEG,n02129165,291,291,0.45653406,1,imagenet_c,defocus_blur,1,none
efficientnet_b4,ILSVRC2012_val_00012343.JPEG,n02129165,291,291,0.61724526,1,imagenet_c,defocus_blur,1,none
efficientnet_b4,ILSVRC2012_val_00012353.JPEG,n02129165,291,291,0.48827025,1,imagenet_c,defocus_blur,1,none
efficientnet_b4,ILSVRC2012_val_00012423.JPEG,n02129165,291,291,0.43579966,1,imagenet_c,defocus_blur,1,none
efficientnet_b4,ILSVRC2012_val_00014657.JPEG,n02129165,291,291,0.5024162,1,imagenet_c,defocus_blur,1,none
efficientnet_b4,ILSVRC2012_val_00014967.JPEG,n02129165,291,291,0.74361753,1,imagenet_c,defocus_blur,1,none
efficientnet_b4,ILSVRC2012_val_00015547.JPEG,n02129165,291,291,0.249275,1,imagenet_c,defocus_blur,1,none
efficientnet_b4,ILSVRC2012_val_00016765.JPEG,n02129165,291,291,0.43292323,1,imagenet_c,defocus_blur,1,none
efficientnet_b4,ILSVRC2012_val_00019456.JPEG,n02129165,291,291,0.48673087,1,imagenet_c,defocus_blur,1,none
efficientnet_b4,ILSVRC2012_val_00020119.JPEG,n02129165,291,291,0.7603561,1,imagenet_c,defocus_blur,1,none
efficientnet_b4,ILSVRC2012_val_00023212.JPEG,n02129165,291,291,0.31764355,1,imagenet_c,defocus_blur,1,none
efficientnet_b4,ILSVRC2012_val_00024234.JPEG,n02129165,291,291,0.44803318,1,imagenet_c,defocus_blur,1,none
efficientnet_b4,ILSVRC2012_val_00024902.JPEG,n02129165,291,291,0.7904722,1,imagenet_c,defocus_blur,1,none
efficientnet_b4,ILSVRC2012_val_00026545.JPEG,n02129165,291,291,0.48241547,1,imagenet_c,defocus_blur,1,none
efficientnet_b4,ILSVRC2012_val_00026880.JPEG,n02129165,291,291,0.48467726,1,imagenet_c,defocus_blur,1,none
efficientnet_b4,ILSVRC2012_val_00027413.JPEG,n02129165,291,291,0.78598344,1,imagenet_c,defocus_blur,1,none
efficientnet_b4,ILSVRC2012_val_00029001.JPEG,n02129165,291,291,0.5429153,1,imagenet_c,defocus_blur,1,none
efficientnet_b4,ILSVRC2012_val_00029424.JPEG,n02129165,291,291,0.41532493,1,imagenet_c,defocus_blur,1,none
efficientnet_b4,ILSVRC2012_val_00030269.JPEG,n02129165,291,291,0.55511695,1,imagenet_c,defocus_blur,1,none
efficientnet_b4,ILSVRC2012_val_00030502.JPEG,n02129165,291,291,0.5910815,1,imagenet_c,defocus_blur,1,none
efficientnet_b4,ILSVRC2012_val_00030575.JPEG,n02129165,291,291,0.4672415,1,imagenet_c,defocus_blur,1,none
efficientnet_b4,ILSVRC2012_val_00031111.JPEG,n02129165,291,291,0.6630861,1,imagenet_c,defocus_blur,1,none
efficientnet_b4,ILSVRC2012_val_00033659.JPEG,n02129165,291,291,0.5887948,1,imagenet_c,defocus_blur,1,none
efficientnet_b4,ILSVRC2012_val_00034589.JPEG,n02129165,291,291,0.49230924,1,imagenet_c,defocus_blur,1,none
efficientnet_b4,ILSVRC2012_val_00034811.JPEG,n02129165,291,291,0.4957666,1,imagenet_c,defocus_blur,1,none
efficientnet_b4,ILSVRC2012_val_00036117.JPEG,n02129165,291,291,0.5745186,1,imagenet_c,defocus_blur,1,none
efficientnet_b4,ILSVRC2012_val_00038186.JPEG,n02129165,291,291,0.5857866,1,imagenet_c,defocus_blur,1,none
efficientnet_b4,ILSVRC2012_val_00039833.JPEG,n02129165,291,291,0.64816284,1,imagenet_c,defocus_blur,1,none
efficientnet_b4,ILSVRC2012_val_00040607.JPEG,n02129165,291,291,0.83084244,1,imagenet_c,defocus_blur,1,none
efficientnet_b4,ILSVRC2012_val_00040627.JPEG,n02129165,291,291,0.5333884,1,imagenet_c,defocus_blur,1,none
efficientnet_b4,ILSVRC2012_val_00040647.JPEG,n02129165,291,291,0.54507303,1,imagenet_c,defocus_blur,1,none
efficientnet_b4,ILSVRC2012_val_00041380.JPEG,n02129165,291,291,0.6153722,1,imagenet_c,defocus_blur,1,none
efficientnet_b4,ILSVRC2012_val_00044195.JPEG,n02129165,291,291,0.55475414,1,imagenet_c,defocus_blur,1,none
efficientnet_b4,ILSVRC2012_val_00045668.JPEG,n02129165,291,291,0.699275,1,imagenet_c,defocus_blur,1,none
efficientnet_b4,ILSVRC2012_val_00047193.JPEG,n02129165,291,291,0.63650215,1,imagenet_c,defocus_blur,1,none
efficientnet_b4,ILSVRC2012_val_00048502.JPEG,n02129165,291,291,0.60408145,1,imagenet_c,defocus_blur,1,none
efficientnet_b4,ILSVRC2012_val_00049018.JPEG,n02129165,291,291,0.4679289,1,imagenet_c,defocus_blur,1,none
efficientnet_b4,ILSVRC2012_val_00049477.JPEG,n02129165,291,291,0.50443745,1,imagenet_c,defocus_blur,1,none
efficientnet_b4,ILSVRC2012_val_00000303.JPEG,n02129604,292,288,0.45204192,0,imagenet_c,defocus_blur,1,none
efficientnet_b4,ILSVRC2012_val_00001988.JPEG,n02129604,292,292,0.6295071,1,imagenet_c,defocus_blur,1,none
efficientnet_b4,ILSVRC2012_val_00002601.JPEG,n02129604,292,292,0.38778865,1,imagenet_c,defocus_blur,1,none
efficientnet_b4,ILSVRC2012_val_00003963.JPEG,n02129604,292,292,0.10610765,1,imagenet_c,defocus_blur,1,none
efficientnet_b4,ILSVRC2012_val_00005323.JPEG,n02129604,292,292,0.52223444,1,imagenet_c,defocus_blur,1,none
efficientnet_b4,ILSVRC2012_val_00008676.JPEG,n02129604,292,292,0.28342876,1,imagenet_c,defocus_blur,1,none
efficientnet_b4,ILSVRC2012_val_00011590.JPEG,n02129604,292,291,0.4183201,0,imagenet_c,defocus_blur,1,none
efficientnet_b4,ILSVRC2012_val_00011736.JPEG,n02129604,292,292,0.5044461,1,imagenet_c,defocus_blur,1,none
efficientnet_b4,ILSVRC2012_val_00013239.JPEG,n02129604,292,292,0.5638373,1,imagenet_c,defocus_blur,1,none
efficientnet_b4,ILSVRC2012_val_00015313.JPEG,n02129604,292,292,0.7461383,1,imagenet_c,defocus_blur,1,none
efficientnet_b4,ILSVRC2012_val_00015897.JPEG,n02129604,292,292,0.55457324,1,imagenet_c,defocus_blur,1,none
efficientnet_b4,ILSVRC2012_val_00016518.JPEG,n02129604,292,292,0.42773083,1,imagenet_c,defocus_blur,1,none
efficientnet_b4,ILSVRC2012_val_00016587.JPEG,n02129604,292,292,0.43214968,1,imagenet_c,defocus_blur,1,none
efficientnet_b4,ILSVRC2012_val_00017765.JPEG,n02129604,292,292,0.5024095,1,imagenet_c,defocus_blur,1,none
efficientnet_b4,ILSVRC2012_val_00018241.JPEG,n02129604,292,292,0.5364219,1,imagenet_c,defocus_blur,1,none
efficientnet_b4,ILSVRC2012_val_00018437.JPEG,n02129604,292,292,0.23906878,1,imagenet_c,defocus_blur,1,none
efficientnet_b4,ILSVRC2012_val_00021043.JPEG,n02129604,292,286,0.12558977,0,imagenet_c,defocus_blur,1,none
efficientnet_b4,ILSVRC2012_val_00022411.JPEG,n02129604,292,292,0.33408505,1,imagenet_c,defocus_blur,1,none
efficientnet_b4,ILSVRC2012_val_00023810.JPEG,n02129604,292,292,0.51413435,1,imagenet_c,defocus_blur,1,none
efficientnet_b4,ILSVRC2012_val_00024050.JPEG,n02129604,292,292,0.5610058,1,imagenet_c,defocus_blur,1,none
efficientnet_b4,ILSVRC2012_val_00025213.JPEG,n02129604,292,276,0.18669353,0,imagenet_c,defocus_blur,1,none
efficientnet_b4,ILSVRC2012_val_00027576.JPEG,n02129604,292,292,0.4060207,1,imagenet_c,defocus_blur,1,none
efficientnet_b4,ILSVRC2012_val_00029267.JPEG,n02129604,292,292,0.5218877,1,imagenet_c,defocus_blur,1,none
efficientnet_b4,ILSVRC2012_val_00029335.JPEG,n02129604,292,292,0.5590363,1,imagenet_c,defocus_blur,1,none
efficientnet_b4,ILSVRC2012_val_00029635.JPEG,n02129604,292,292,0.5193179,1,imagenet_c,defocus_blur,1,none
efficientnet_b4,ILSVRC2012_val_00029685.JPEG,n02129604,292,292,0.52453357,1,imagenet_c,defocus_blur,1,none
efficientnet_b4,ILSVRC2012_val_00030651.JPEG,n02129604,292,292,0.43558186,1,imagenet_c,defocus_blur,1,none
efficientnet_b4,ILSVRC2012_val_00031017.JPEG,n02129604,292,292,0.30263823,1,imagenet_c,defocus_blur,1,none
efficientnet_b4,ILSVRC2012_val_00031492.JPEG,n02129604,292,292,0.44216096,1,imagenet_c,defocus_blur,1,none
efficientnet_b4,ILSVRC2012_val_00032038.JPEG,n02129604,292,292,0.39885575,1,imagenet_c,defocus_blur,1,none
efficientnet_b4,ILSVRC2012_val_00032925.JPEG,n02129604,292,292,0.5649836,1,imagenet_c,defocus_blur,1,none
efficientnet_b4,ILSVRC2012_val_00033542.JPEG,n02129604,292,292,0.2922107,1,imagenet_c,defocus_blur,1,none
efficientnet_b4,ILSVRC2012_val_00034256.JPEG,n02129604,292,292,0.62478995,1,imagenet_c,defocus_blur,1,none
efficientnet_b4,ILSVRC2012_val_00034321.JPEG,n02129604,292,292,0.50351363,1,imagenet_c,defocus_blur,1,none
efficientnet_b4,ILSVRC2012_val_00034686.JPEG,n02129604,292,292,0.41115838,1,imagenet_c,defocus_blur,1,none
efficientnet_b4,ILSVRC2012_val_00035494.JPEG,n02129604,292,292,0.52434826,1,imagenet_c,defocus_blur,1,none
efficientnet_b4,ILSVRC2012_val_00036718.JPEG,n02129604,292,292,0.4328831,1,imagenet_c,defocus_blur,1,none
efficientnet_b4,ILSVRC2012_val_00036868.JPEG,n02129604,292,292,0.45345044,1,imagenet_c,defocus_blur,1,none
efficientnet_b4,ILSVRC2012_val_00038124.JPEG,n02129604,292,292,0.40437523,1,imagenet_c,defocus_blur,1,none
efficientnet_b4,ILSVRC2012_val_00038673.JPEG,n02129604,292,292,0.66044414,1,imagenet_c,defocus_blur,1,none
efficientnet_b4,ILSVRC2012_val_00038924.JPEG,n02129604,292,292,0.4075958,1,imagenet_c,defocus_blur,1,none
efficientnet_b4,ILSVRC2012_val_00039169.JPEG,n02129604,292,292,0.47450227,1,imagenet_c,defocus_blur,1,none
efficientnet_b4,ILSVRC2012_val_00040630.JPEG,n02129604,292,292,0.44632003,1,imagenet_c,defocus_blur,1,none
efficientnet_b4,ILSVRC2012_val_00042617.JPEG,n02129604,292,292,0.40514633,1,imagenet_c,defocus_blur,1,none
efficientnet_b4,ILSVRC2012_val_00045709.JPEG,n02129604,292,292,0.40438297,1,imagenet_c,defocus_blur,1,none
efficientnet_b4,ILSVRC2012_val_00047614.JPEG,n02129604,292,292,0.3841522,1,imagenet_c,defocus_blur,1,none
efficientnet_b4,ILSVRC2012_val_00048186.JPEG,n02129604,292,292,0.5445524,1,imagenet_c,defocus_blur,1,none
efficientnet_b4,ILSVRC2012_val_00048375.JPEG,n02129604,292,292,0.40498328,1,imagenet_c,defocus_blur,1,none
efficientnet_b4,ILSVRC2012_val_00048380.JPEG,n02129604,292,292,0.31294027,1,imagenet_c,defocus_blur,1,none
efficientnet_b4,ILSVRC2012_val_00049631.JPEG,n02129604,292,292,0.21439664,1,imagenet_c,defocus_blur,1,none
efficientnet_b4,ILSVRC2012_val_00000348.JPEG,n02130308,293,293,0.5314108,1,imagenet_c,defocus_blur,1,none
efficientnet_b4,ILSVRC2012_val_00001060.JPEG,n02130308,293,293,0.34060177,1,imagenet_c,defocus_blur,1,none
efficientnet_b4,ILSVRC2012_val_00002718.JPEG,n02130308,293,293,0.6405513,1,imagenet_c,defocus_blur,1,none
efficientnet_b4,ILSVRC2012_val_00003773.JPEG,n02130308,293,351,0.116089076,0,imagenet_c,defocus_blur,1,none
efficientnet_b4,ILSVRC2012_val_00005006.JPEG,n02130308,293,293,0.54321086,1,imagenet_c,defocus_blur,1,none
efficientnet_b4,ILSVRC2012_val_00006239.JPEG,n02130308,293,293,0.6548112,1,imagenet_c,defocus_blur,1,none
efficientnet_b4,ILSVRC2012_val_00006341.JPEG,n02130308,293,293,0.2567115,1,imagenet_c,defocus_blur,1,none
efficientnet_b4,ILSVRC2012_val_00007031.JPEG,n02130308,293,293,0.6070835,1,imagenet_c,defocus_blur,1,none
efficientnet_b4,ILSVRC2012_val_00007606.JPEG,n02130308,293,293,0.8484305,1,imagenet_c,defocus_blur,1,none
efficientnet_b4,ILSVRC2012_val_00008094.JPEG,n02130308,293,293,0.64799094,1,imagenet_c,defocus_blur,1,none
efficientnet_b4,ILSVRC2012_val_00009133.JPEG,n02130308,293,293,0.7393004,1,imagenet_c,defocus_blur,1,none
efficientnet_b4,ILSVRC2012_val_00013129.JPEG,n02130308,293,293,0.63774604,1,imagenet_c,defocus_blur,1,none
efficientnet_b4,ILSVRC2012_val_00013656.JPEG,n02130308,293,293,0.65557706,1,imagenet_c,defocus_blur,1,none
efficientnet_b4,ILSVRC2012_val_00014974.JPEG,n02130308,293,293,0.3988489,1,imagenet_c,defocus_blur,1,none
efficientnet_b4,ILSVRC2012_val_00017208.JPEG,n02130308,293,293,0.35546383,1,imagenet_c,defocus_blur,1,none
efficientnet_b4,ILSVRC2012_val_00017732.JPEG,n02130308,293,293,0.5923841,1,imagenet_c,defocus_blur,1,none
efficientnet_b4,ILSVRC2012_val_00018205.JPEG,n02130308,293,293,0.6321856,1,imagenet_c,defocus_blur,1,none
efficientnet_b4,ILSVRC2012_val_00018233.JPEG,n02130308,293,287,0.255552,0,imagenet_c,defocus_blur,1,none
efficientnet_b4,ILSVRC2012_val_00018743.JPEG,n02130308,293,293,0.54433507,1,imagenet_c,defocus_blur,1,none
efficientnet_b4,ILSVRC2012_val_00018812.JPEG,n02130308,293,293,0.8040259,1,imagenet_c,defocus_blur,1,none
efficientnet_b4,ILSVRC2012_val_00019433.JPEG,n02130308,293,293,0.73500896,1,imagenet_c,defocus_blur,1,none
efficientnet_b4,ILSVRC2012_val_00020305.JPEG,n02130308,293,293,0.5343851,1,imagenet_c,defocus_blur,1,none
efficientnet_b4,ILSVRC2012_val_00021006.JPEG,n02130308,293,293,0.2555949,1,imagenet_c,defocus_blur,1,none
efficientnet_b4,ILSVRC2012_val_00021920.JPEG,n02130308,293,293,0.68303055,1,imagenet_c,defocus_blur,1,none
efficientnet_b4,ILSVRC2012_val_00022161.JPEG,n02130308,293,293,0.6066493,1,imagenet_c,defocus_blur,1,none
efficientnet_b4,ILSVRC2012_val_00022327.JPEG,n02130308,293,293,0.70886517,1,imagenet_c,defocus_blur,1,none
efficientnet_b4,ILSVRC2012_val_00023909.JPEG,n02130308,293,293,0.6843666,1,imagenet_c,defocus_blur,1,none
efficientnet_b4,ILSVRC2012_val_00025336.JPEG,n02130308,293,293,0.42806366,1,imagenet_c,defocus_blur,1,none
efficientnet_b4,ILSVRC2012_val_00026943.JPEG,n02130308,293,293,0.4734195,1,imagenet_c,defocus_blur,1,none
efficientnet_b4,ILSVRC2012_val_00029216.JPEG,n02130308,293,293,0.6005404,1,imagenet_c,defocus_blur,1,none
efficientnet_b4,ILSVRC2012_val_00030969.JPEG,n02130308,293,293,0.5675907,1,imagenet_c,defocus_blur,1,none
efficientnet_b4,ILSVRC2012_val_00031348.JPEG,n02130308,293,293,0.6612142,1,imagenet_c,defocus_blur,1,none
efficientnet_b4,ILSVRC2012_val_00033042.JPEG,n02130308,293,276,0.33421022,0,imagenet_c,defocus_blur,1,none
efficientnet_b4,ILSVRC2012_val_00033338.JPEG,n02130308,293,293,0.68038434,1,imagenet_c,defocus_blur,1,none
efficientnet_b4,ILSVRC2012_val_00033687.JPEG,n02130308,293,66,0.46911556,0,imagenet_c,defocus_blur,1,none
efficientnet_b4,ILSVRC2012_val_00033907.JPEG,n02130308,293,293,0.60129416,1,imagenet_c,defocus_blur,1,none
efficientnet_b4,ILSVRC2012_val_00033988.JPEG,n02130308,293,293,0.57402974,1,imagenet_c,defocus_blur,1,none
efficientnet_b4,ILSVRC2012_val_00035388.JPEG,n02130308,293,291,0.103037015,0,imagenet_c,defocus_blur,1,none
efficientnet_b4,ILSVRC2012_val_00037412.JPEG,n02130308,293,293,0.7040626,1,imagenet_c,defocus_blur,1,none
efficientnet_b4,ILSVRC2012_val_00038707.JPEG,n02130308,293,293,0.5454255,1,imagenet_c,defocus_blur,1,none
efficientnet_b4,ILSVRC2012_val_00039217.JPEG,n02130308,293,288,0.6389333,0,imagenet_c,defocus_blur,1,none
efficientnet_b4,ILSVRC2012_val_00039516.JPEG,n02130308,293,276,0.15789172,0,imagenet_c,defocus_blur,1,none
efficientnet_b4,ILSVRC2012_val_00040323.JPEG,n02130308,293,372,0.37419295,0,imagenet_c,defocus_blur,1,none
efficientnet_b4,ILSVRC2012_val_00040790.JPEG,n02130308,293,293,0.6361034,1,imagenet_c,defocus_blur,1,none
efficientnet_b4,ILSVRC2012_val_00041296.JPEG,n02130308,293,288,0.18830389,0,imagenet_c,defocus_blur,1,none
efficientnet_b4,ILSVRC2012_val_00041415.JPEG,n02130308,293,293,0.7401751,1,imagenet_c,defocus_blur,1,none
efficientnet_b4,ILSVRC2012_val_00041645.JPEG,n02130308,293,293,0.5062065,1,imagenet_c,defocus_blur,1,none
efficientnet_b4,ILSVRC2012_val_00041740.JPEG,n02130308,293,293,0.61948603,1,imagenet_c,defocus_blur,1,none
efficientnet_b4,ILSVRC2012_val_00044463.JPEG,n02130308,293,293,0.6383277,1,imagenet_c,defocus_blur,1,none
efficientnet_b4,ILSVRC2012_val_00047021.JPEG,n02130308,293,293,0.5268957,1,imagenet_c,defocus_blur,1,none
efficientnet_b4,ILSVRC2012_val_00000871.JPEG,n02132136,294,294,0.6836075,1,imagenet_c,defocus_blur,1,none
efficientnet_b4,ILSVRC2012_val_00001199.JPEG,n02132136,294,294,0.64965814,1,imagenet_c,defocus_blur,1,none
efficientnet_b4,ILSVRC2012_val_00003044.JPEG,n02132136,294,294,0.6119188,1,imagenet_c,defocus_blur,1,none
efficientnet_b4,ILSVRC2012_val_00004578.JPEG,n02132136,294,294,0.44479284,1,imagenet_c,defocus_blur,1,none
efficientnet_b4,ILSVRC2012_val_00006703.JPEG,n02132136,294,294,0.5350174,1,imagenet_c,defocus_blur,1,none
efficientnet_b4,ILSVRC2012_val_00008922.JPEG,n02132136,294,294,0.6582685,1,imagenet_c,defocus_blur,1,none
efficientnet_b4,ILSVRC2012_val_00010281.JPEG,n02132136,294,294,0.52316767,1,imagenet_c,defocus_blur,1,none
efficientnet_b4,ILSVRC2012_val_00011447.JPEG,n02132136,294,294,0.5580583,1,imagenet_c,defocus_blur,1,none
efficientnet_b4,ILSVRC2012_val_00011967.JPEG,n02132136,294,294,0.6000207,1,imagenet_c,defocus_blur,1,none
efficientnet_b4,ILSVRC2012_val_00013390.JPEG,n02132136,294,294,0.42693445,1,imagenet_c,defocus_blur,1,none
efficientnet_b4,ILSVRC2012_val_00013482.JPEG,n02132136,294,294,0.68298036,1,imagenet_c,defocus_blur,1,none
efficientnet_b4,ILSVRC2012_val_00015955.JPEG,n02132136,294,294,0.6259685,1,imagenet_c,defocus_blur,1,none
efficientnet_b4,ILSVRC2012_val_00016512.JPEG,n02132136,294,294,0.37985682,1,imagenet_c,defocus_blur,1,none
efficientnet_b4,ILSVRC2012_val_00017155.JPEG,n02132136,294,356,0.13340244,0,imagenet_c,defocus_blur,1,none
efficientnet_b4,ILSVRC2012_val_00017545.JPEG,n02132136,294,294,0.6636696,1,imagenet_c,defocus_blur,1,none
efficientnet_b4,ILSVRC2012_val_00018369.JPEG,n02132136,294,294,0.65322864,1,imagenet_c,defocus_blur,1,none
efficientnet_b4,ILSVRC2012_val_00018469.JPEG,n02132136,294,294,0.6327867,1,imagenet_c,defocus_blur,1,none
efficientnet_b4,ILSVRC2012_val_00019682.JPEG,n02132136,294,294,0.6091237,1,imagenet_c,defocus_blur,1,none
efficientnet_b4,ILSVRC2012_val_00020362.JPEG,n02132136,294,294,0.69538057,1,imagenet_c,defocus_blur,1,none
efficientnet_b4,ILSVRC2012_val_00023511.JPEG,n02132136,294,294,0.60799843,1,imagenet_c,defocus_blur,1,none
efficientnet_b4,ILSVRC2012_val_00031253.JPEG,n02132136,294,294,0.78081006,1,imagenet_c,defocus_blur,1,none
efficientnet_b4,ILSVRC2012_val_00031645.JPEG,n02132136,294,294,0.56766546,1,imagenet_c,defocus_blur,1,none
efficientnet_b4,ILSVRC2012_val_00031906.JPEG,n02132136,294,294,0.41555893,1,imagenet_c,defocus_blur,1,none
efficientnet_b4,ILSVRC2012_val_00032453.JPEG,n02132136,294,294,0.49512783,1,imagenet_c,defocus_blur,1,none
efficientnet_b4,ILSVRC2012_val_00034130.JPEG,n02132136,294,294,0.56822914,1,imagenet_c,defocus_blur,1,none
efficientnet_b4,ILSVRC2012_val_00034153.JPEG,n02132136,294,294,0.20114124,1,imagenet_c,defocus_blur,1,none
efficientnet_b4,ILSVRC2012_val_00035969.JPEG,n02132136,294,271,0.11454508,0,imagenet_c,defocus_blur,1,none
efficientnet_b4,ILSVRC2012_val_00036597.JPEG,n02132136,294,294,0.52477187,1,imagenet_c,defocus_blur,1,none
efficientnet_b4,ILSVRC2012_val_00038263.JPEG,n02132136,294,294,0.64253163,1,imagenet_c,defocus_blur,1,none
efficientnet_b4,ILSVRC2012_val_00039227.JPEG,n02132136,294,294,0.7191757,1,imagenet_c,defocus_blur,1,none
efficientnet_b4,ILSVRC2012_val_00039777.JPEG,n02132136,294,294,0.45932186,1,imagenet_c,defocus_blur,1,none
efficientnet_b4,ILSVRC2012_val_00039795.JPEG,n02132136,294,294,0.58843076,1,imagenet_c,defocus_blur,1,none
efficientnet_b4,ILSVRC2012_val_00040005.JPEG,n02132136,294,294,0.6353572,1,imagenet_c,defocus_blur,1,none
efficientnet_b4,ILSVRC2012_val_00040376.JPEG,n02132136,294,294,0.56549585,1,imagenet_c,defocus_blur,1,none
efficientnet_b4,ILSVRC2012_val_00042274.JPEG,n02132136,294,294,0.46824002,1,imagenet_c,defocus_blur,1,none
efficientnet_b4,ILSVRC2012_val_00043182.JPEG,n02132136,294,294,0.49708396,1,imagenet_c,defocus_blur,1,none
efficientnet_b4,ILSVRC2012_val_00043730.JPEG,n02132136,294,294,0.6318263,1,imagenet_c,defocus_blur,1,none
efficientnet_b4,ILSVRC2012_val_00043856.JPEG,n02132136,294,294,0.5747482,1,imagenet_c,defocus_blur,1,none
efficientnet_b4,ILSVRC2012_val_00044008.JPEG,n02132136,294,294,0.5343485,1,imagenet_c,defocus_blur,1,none
efficientnet_b4,ILSVRC2012_val_00045270.JPEG,n02132136,294,294,0.67268676,1,imagenet_c,defocus_blur,1,none
efficientnet_b4,ILSVRC2012_val_00045952.JPEG,n02132136,294,294,0.74326724,1,imagenet_c,defocus_blur,1,none
efficientnet_b4,ILSVRC2012_val_00046207.JPEG,n02132136,294,294,0.46010497,1,imagenet_c,defocus_blur,1,none
efficientnet_b4,ILSVRC2012_val_00046763.JPEG,n02132136,294,294,0.56944776,1,imagenet_c,defocus_blur,1,none
efficientnet_b4,ILSVRC2012_val_00047752.JPEG,n02132136,294,294,0.54475224,1,imagenet_c,defocus_blur,1,none
efficientnet_b4,ILSVRC2012_val_00048883.JPEG,n02132136,294,294,0.61517864,1,imagenet_c,defocus_blur,1,none
efficientnet_b4,ILSVRC2012_val_00048979.JPEG,n02132136,294,294,0.58649766,1,imagenet_c,defocus_blur,1,none
efficientnet_b4,ILSVRC2012_val_00049345.JPEG,n02132136,294,294,0.6295198,1,imagenet_c,defocus_blur,1,none
efficientnet_b4,ILSVRC2012_val_00049788.JPEG,n02132136,294,294,0.5324412,1,imagenet_c,defocus_blur,1,none
efficientnet_b4,ILSVRC2012_val_00049822.JPEG,n02132136,294,294,0.5763134,1,imagenet_c,defocus_blur,1,none
efficientnet_b4,ILSVRC2012_val_00049960.JPEG,n02132136,294,294,0.41216087,1,imagenet_c,defocus_blur,1,none
efficientnet_b4,ILSVRC2012_val_00000592.JPEG,n02133161,295,295,0.4339028,1,imagenet_c,defocus_blur,1,none
efficientnet_b4,ILSVRC2012_val_00000865.JPEG,n02133161,295,295,0.4894522,1,imagenet_c,defocus_blur,1,none
efficientnet_b4,ILSVRC2012_val_00004660.JPEG,n02133161,295,199,0.027984025,0,imagenet_c,defocus_blur,1,none
efficientnet_b4,ILSVRC2012_val_00006350.JPEG,n02133161,295,295,0.580608,1,imagenet_c,defocus_blur,1,none
efficientnet_b4,ILSVRC2012_val_00006793.JPEG,n02133161,295,294,0.4355838,0,imagenet_c,defocus_blur,1,none
efficientnet_b4,ILSVRC2012_val_00007093.JPEG,n02133161,295,295,0.4052913,1,imagenet_c,defocus_blur,1,none
efficientnet_b4,ILSVRC2012_val_00007514.JPEG,n02133161,295,295,0.4460523,1,imagenet_c,defocus_blur,1,none
efficientnet_b4,ILSVRC2012_val_00011726.JPEG,n02133161,295,295,0.51562154,1,imagenet_c,defocus_blur,1,none
efficientnet_b4,ILSVRC2012_val_00012011.JPEG,n02133161,295,295,0.527228,1,imagenet_c,defocus_blur,1,none
efficientnet_b4,ILSVRC2012_val_00012507.JPEG,n02133161,295,295,0.6467186,1,imagenet_c,defocus_blur,1,none
efficientnet_b4,ILSVRC2012_val_00012998.JPEG,n02133161,295,295,0.81941617,1,imagenet_c,defocus_blur,1,none
efficientnet_b4,ILSVRC2012_val_00014029.JPEG,n02133161,295,295,0.42218134,1,imagenet_c,defocus_blur,1,none
efficientnet_b4,ILSVRC2012_val_00014576.JPEG,n02133161,295,295,0.14925437,1,imagenet_c,defocus_blur,1,none
efficientnet_b4,ILSVRC2012_val_00016050.JPEG,n02133161,295,295,0.37290937,1,imagenet_c,defocus_blur,1,none
efficientnet_b4,ILSVRC2012_val_00016229.JPEG,n02133161,295,294,0.18279144,0,imagenet_c,defocus_blur,1,none
efficientnet_b4,ILSVRC2012_val_00016621.JPEG,n02133161,295,295,0.43722165,1,imagenet_c,defocus_blur,1,none
efficientnet_b4,ILSVRC2012_val_00017273.JPEG,n02133161,295,295,0.51821446,1,imagenet_c,defocus_blur,1,none
efficientnet_b4,ILSVRC2012_val_00018471.JPEG,n02133161,295,295,0.4748457,1,imagenet_c,defocus_blur,1,none
efficientnet_b4,ILSVRC2012_val_00018788.JPEG,n02133161,295,295,0.48999622,1,imagenet_c,defocus_blur,1,none
efficientnet_b4,ILSVRC2012_val_00019862.JPEG,n02133161,295,979,0.24556369,0,imagenet_c,defocus_blur,1,none
efficientnet_b4,ILSVRC2012_val_00020050.JPEG,n02133161,295,297,0.5251667,0,imagenet_c,defocus_blur,1,none
efficientnet_b4,ILSVRC2012_val_00020482.JPEG,n02133161,295,295,0.6249681,1,imagenet_c,defocus_blur,1,none
efficientnet_b4,ILSVRC2012_val_00024289.JPEG,n02133161,295,183,0.28182572,0,imagenet_c,defocus_blur,1,none
efficientnet_b4,ILSVRC2012_val_00026962.JPEG,n02133161,295,295,0.45680827,1,imagenet_c,defocus_blur,1,none
efficientnet_b4,ILSVRC2012_val_00027292.JPEG,n02133161,295,295,0.5082996,1,imagenet_c,defocus_blur,1,none
efficientnet_b4,ILSVRC2012_val_00028733.JPEG,n02133161,295,295,0.43102545,1,imagenet_c,defocus_blur,1,none
efficientnet_b4,ILSVRC2012_val_00029278.JPEG,n02133161,295,295,0.2525514,1,imagenet_c,defocus_blur,1,none
efficientnet_b4,ILSVRC2012_val_00030951.JPEG,n02133161,295,295,0.54685634,1,imagenet_c,defocus_blur,1,none
efficientnet_b4,ILSVRC2012_val_00032762.JPEG,n02133161,295,295,0.34978795,1,imagenet_c,defocus_blur,1,none
efficientnet_b4,ILSVRC2012_val_00033328.JPEG,n02133161,295,295,0.59562194,1,imagenet_c,defocus_blur,1,none
efficientnet_b4,ILSVRC2012_val_00033693.JPEG,n02133161,295,295,0.57119817,1,imagenet_c,defocus_blur,1,none
efficientnet_b4,ILSVRC2012_val_00033782.JPEG,n02133161,295,295,0.5441249,1,imagenet_c,defocus_blur,1,none
efficientnet_b4,ILSVRC2012_val_00033969.JPEG,n02133161,295,295,0.6446367,1,imagenet_c,defocus_blur,1,none
efficientnet_b4,ILSVRC2012_val_00035157.JPEG,n02133161,295,295,0.53267807,1,imagenet_c,defocus_blur,1,none
efficientnet_b4,ILSVRC2012_val_00035292.JPEG,n02133161,295,295,0.47188514,1,imagenet_c,defocus_blur,1,none
efficientnet_b4,ILSVRC2012_val_00035591.JPEG,n02133161,295,295,0.5054143,1,imagenet_c,defocus_blur,1,none
efficientnet_b4,ILSVRC2012_val_00038918.JPEG,n02133161,295,295,0.49760404,1,imagenet_c,defocus_blur,1,none
efficientnet_b4,ILSVRC2012_val_00039819.JPEG,n02133161,295,295,0.28966737,1,imagenet_c,defocus_blur,1,none
efficientnet_b4,ILSVRC2012_val_00040347.JPEG,n02133161,295,197,0.078274556,0,imagenet_c,defocus_blur,1,none
efficientnet_b4,ILSVRC2012_val_00041522.JPEG,n02133161,295,295,0.37592027,1,imagenet_c,defocus_blur,1,none
efficientnet_b4,ILSVRC2012_val_00041813.JPEG,n02133161,295,295,0.43692178,1,imagenet_c,defocus_blur,1,none
efficientnet_b4,ILSVRC2012_val_00042882.JPEG,n02133161,295,295,0.383338,1,imagenet_c,defocus_blur,1,none
efficientnet_b4,ILSVRC2012_val_00043432.JPEG,n02133161,295,295,0.47521734,1,imagenet_c,defocus_blur,1,none
efficientnet_b4,ILSVRC2012_val_00043648.JPEG,n02133161,295,295,0.66039115,1,imagenet_c,defocus_blur,1,none
efficientnet_b4,ILSVRC2012_val_00045189.JPEG,n02133161,295,294,0.439389,0,imagenet_c,defocus_blur,1,none
efficientnet_b4,ILSVRC2012_val_00045891.JPEG,n02133161,295,295,0.66029054,1,imagenet_c,defocus_blur,1,none
efficientnet_b4,ILSVRC2012_val_00046668.JPEG,n02133161,295,344,0.09489257,0,imagenet_c,defocus_blur,1,none
efficientnet_b4,ILSVRC2012_val_00048118.JPEG,n02133161,295,295,0.4849327,1,imagenet_c,defocus_blur,1,none
efficientnet_b4,ILSVRC2012_val_00049613.JPEG,n02133161,295,295,0.40679446,1,imagenet_c,defocus_blur,1,none
efficientnet_b4,ILSVRC2012_val_00049973.JPEG,n02133161,295,295,0.58620477,1,imagenet_c,defocus_blur,1,none
efficientnet_b4,ILSVRC2012_val_00001498.JPEG,n02134084,296,296,0.72444844,1,imagenet_c,defocus_blur,1,none
efficientnet_b4,ILSVRC2012_val_00002105.JPEG,n02134084,296,296,0.40737534,1,imagenet_c,defocus_blur,1,none
efficientnet_b4,ILSVRC2012_val_00002578.JPEG,n02134084,296,296,0.64531785,1,imagenet_c,defocus_blur,1,none
efficientnet_b4,ILSVRC2012_val_00005369.JPEG,n02134084,296,296,0.6963277,1,imagenet_c,defocus_blur,1,none
efficientnet_b4,ILSVRC2012_val_00005470.JPEG,n02134084,296,296,0.62893295,1,imagenet_c,defocus_blur,1,none
efficientnet_b4,ILSVRC2012_val_00007578.JPEG,n02134084,296,296,0.6412296,1,imagenet_c,defocus_blur,1,none
efficientnet_b4,ILSVRC2012_val_00007713.JPEG,n02134084,296,296,0.6148852,1,imagenet_c,defocus_blur,1,none
efficientnet_b4,ILSVRC2012_val_00010742.JPEG,n02134084,296,296,0.6491266,1,imagenet_c,defocus_blur,1,none
efficientnet_b4,ILSVRC2012_val_00010745.JPEG,n02134084,296,296,0.5988376,1,imagenet_c,defocus_blur,1,none
efficientnet_b4,ILSVRC2012_val_00012893.JPEG,n02134084,296,296,0.65217066,1,imagenet_c,defocus_blur,1,none
efficientnet_b4,ILSVRC2012_val_00012997.JPEG,n02134084,296,296,0.5118382,1,imagenet_c,defocus_blur,1,none
efficientnet_b4,ILSVRC2012_val_00016340.JPEG,n02134084,296,296,0.6566311,1,imagenet_c,defocus_blur,1,none
efficientnet_b4,ILSVRC2012_val_00016459.JPEG,n02134084,296,296,0.4912471,1,imagenet_c,defocus_blur,1,none
efficientnet_b4,ILSVRC2012_val_00017605.JPEG,n02134084,296,747,0.30613002,0,imagenet_c,defocus_blur,1,none
efficientnet_b4,ILSVRC2012_val_00019930.JPEG,n02134084,296,296,0.7460185,1,imagenet_c,defocus_blur,1,none
efficientnet_b4,ILSVRC2012_val_00020332.JPEG,n02134084,296,296,0.691451,1,imagenet_c,defocus_blur,1,none
efficientnet_b4,ILSVRC2012_val_00020386.JPEG,n02134084,296,296,0.26347432,1,imagenet_c,defocus_blur,1,none
efficientnet_b4,ILSVRC2012_val_00020441.JPEG,n02134084,296,294,0.35874066,0,imagenet_c,defocus_blur,1,none
efficientnet_b4,ILSVRC2012_val_00020806.JPEG,n02134084,296,296,0.5422642,1,imagenet_c,defocus_blur,1,none
efficientnet_b4,ILSVRC2012_val_00021883.JPEG,n02134084,296,296,0.5608785,1,imagenet_c,defocus_blur,1,none
efficientnet_b4,ILSVRC2012_val_00021889.JPEG,n02134084,296,296,0.68553257,1,imagenet_c,defocus_blur,1,none
efficientnet_b4,ILSVRC2012_val_00021962.JPEG,n02134084,296,296,0.67727214,1,imagenet_c,defocus_blur,1,none
efficientnet_b4,ILSVRC2012_val_00027089.JPEG,n02134084,296,149,0.457972,0,imagenet_c,defocus_blur,1,none
efficientnet_b4,ILSVRC2012_val_00027913.JPEG,n02134084,296,296,0.7101092,1,imagenet_c,defocus_blur,1,none
efficientnet_b4,ILSVRC2012_val_00028222.JPEG,n02134084,296,296,0.5483452,1,imagenet_c,defocus_blur,1,none
efficientnet_b4,ILSVRC2012_val_00028938.JPEG,n02134084,296,150,0.2486195,0,imagenet_c,defocus_blur,1,none
efficientnet_b4,ILSVRC2012_val_00029624.JPEG,n02134084,296,296,0.74523395,1,imagenet_c,defocus_blur,1,none
efficientnet_b4,ILSVRC2012_val_00030136.JPEG,n02134084,296,296,0.5069834,1,imagenet_c,defocus_blur,1,none
efficientnet_b4,ILSVRC2012_val_00030485.JPEG,n02134084,296,296,0.13061255,1,imagenet_c,defocus_blur,1,none
efficientnet_b4,ILSVRC2012_val_00030704.JPEG,n02134084,296,296,0.40698618,1,imagenet_c,defocus_blur,1,none
efficientnet_b4,ILSVRC2012_val_00031877.JPEG,n02134084,296,296,0.282997,1,imagenet_c,defocus_blur,1,none
efficientnet_b4,ILSVRC2012_val_00036763.JPEG,n02134084,296,296,0.6332929,1,imagenet_c,defocus_blur,1,none
efficientnet_b4,ILSVRC2012_val_00037133.JPEG,n02134084,296,296,0.5344177,1,imagenet_c,defocus_blur,1,none
efficientnet_b4,ILSVRC2012_val_00037253.JPEG,n02134084,296,296,0.2904374,1,imagenet_c,defocus_blur,1,none
efficientnet_b4,ILSVRC2012_val_00038291.JPEG,n02134084,296,296,0.40981603,1,imagenet_c,defocus_blur,1,none
efficientnet_b4,ILSVRC2012_val_00038821.JPEG,n02134084,296,296,0.71340376,1,imagenet_c,defocus_blur,1,none
efficientnet_b4,ILSVRC2012_val_00040753.JPEG,n02134084,296,296,0.4914399,1,imagenet_c,defocus_blur,1,none
efficientnet_b4,ILSVRC2012_val_00040871.JPEG,n02134084,296,296,0.64431685,1,imagenet_c,defocus_blur,1,none
efficientnet_b4,ILSVRC2012_val_00041156.JPEG,n02134084,296,296,0.31877488,1,imagenet_c,defocus_blur,1,none
efficientnet_b4,ILSVRC2012_val_00042273.JPEG,n02134084,296,296,0.6912542,1,imagenet_c,defocus_blur,1,none
efficientnet_b4,ILSVRC2012_val_00042320.JPEG,n02134084,296,296,0.64846146,1,imagenet_c,defocus_blur,1,none
efficientnet_b4,ILSVRC2012_val_00042687.JPEG,n02134084,296,296,0.58102125,1,imagenet_c,defocus_blur,1,none
efficientnet_b4,ILSVRC2012_val_00044126.JPEG,n02134084,296,296,0.4441089,1,imagenet_c,defocus_blur,1,none
efficientnet_b4,ILSVRC2012_val_00044402.JPEG,n02134084,296,294,0.457464,0,imagenet_c,defocus_blur,1,none
efficientnet_b4,ILSVRC2012_val_00044610.JPEG,n02134084,296,296,0.5658896,1,imagenet_c,defocus_blur,1,none
efficientnet_b4,ILSVRC2012_val_00047020.JPEG,n02134084,296,296,0.48646307,1,imagenet_c,defocus_blur,1,none
efficientnet_b4,ILSVRC2012_val_00047527.JPEG,n02134084,296,296,0.54580265,1,imagenet_c,defocus_blur,1,none
efficientnet_b4,ILSVRC2012_val_00048086.JPEG,n02134084,296,296,0.5070349,1,imagenet_c,defocus_blur,1,none
efficientnet_b4,ILSVRC2012_val_00048105.JPEG,n02134084,296,296,0.48559028,1,imagenet_c,defocus_blur,1,none
efficientnet_b4,ILSVRC2012_val_00048940.JPEG,n02134084,296,279,0.32851526,0,imagenet_c,defocus_blur,1,none
efficientnet_b4,ILSVRC2012_val_00001745.JPEG,n02134418,297,387,0.40371257,0,imagenet_c,defocus_blur,1,none
efficientnet_b4,ILSVRC2012_val_00002329.JPEG,n02134418,297,297,0.46050274,1,imagenet_c,defocus_blur,1,none
efficientnet_b4,ILSVRC2012_val_00003135.JPEG,n02134418,297,295,0.3286966,0,imagenet_c,defocus_blur,1,none
efficientnet_b4,ILSVRC2012_val_00003499.JPEG,n02134418,297,297,0.7318748,1,imagenet_c,defocus_blur,1,none
efficientnet_b4,ILSVRC2012_val_00005415.JPEG,n02134418,297,297,0.56928235,1,imagenet_c,defocus_blur,1,none
efficientnet_b4,ILSVRC2012_val_00006386.JPEG,n02134418,297,297,0.55816776,1,imagenet_c,defocus_blur,1,none
efficientnet_b4,ILSVRC2012_val_00009976.JPEG,n02134418,297,297,0.7055959,1,imagenet_c,defocus_blur,1,none
efficientnet_b4,ILSVRC2012_val_00011036.JPEG,n02134418,297,360,0.23258083,0,imagenet_c,defocus_blur,1,none
efficientnet_b4,ILSVRC2012_val_00012603.JPEG,n02134418,297,297,0.7194692,1,imagenet_c,defocus_blur,1,none
efficientnet_b4,ILSVRC2012_val_00013052.JPEG,n02134418,297,297,0.50995123,1,imagenet_c,defocus_blur,1,none
efficientnet_b4,ILSVRC2012_val_00014529.JPEG,n02134418,297,297,0.38981283,1,imagenet_c,defocus_blur,1,none
efficientnet_b4,ILSVRC2012_val_00016132.JPEG,n02134418,297,297,0.7579761,1,imagenet_c,defocus_blur,1,none
efficientnet_b4,ILSVRC2012_val_00016513.JPEG,n02134418,297,297,0.5723556,1,imagenet_c,defocus_blur,1,none
efficientnet_b4,ILSVRC2012_val_00018303.JPEG,n02134418,297,295,0.46014014,0,imagenet_c,defocus_blur,1,none
efficientnet_b4,ILSVRC2012_val_00019901.JPEG,n02134418,297,297,0.47414932,1,imagenet_c,defocus_blur,1,none
efficientnet_b4,ILSVRC2012_val_00022111.JPEG,n02134418,297,358,0.045301087,0,imagenet_c,defocus_blur,1,none
efficientnet_b4,ILSVRC2012_val_00022112.JPEG,n02134418,297,297,0.52205694,1,imagenet_c,defocus_blur,1,none
efficientnet_b4,ILSVRC2012_val_00022698.JPEG,n02134418,297,295,0.4979562,0,imagenet_c,defocus_blur,1,none
efficientnet_b4,ILSVRC2012_val_00023812.JPEG,n02134418,297,297,0.74125546,1,imagenet_c,defocus_blur,1,none
efficientnet_b4,ILSVRC2012_val_00024825.JPEG,n02134418,297,297,0.45014206,1,imagenet_c,defocus_blur,1,none
efficientnet_b4,ILSVRC2012_val_00026261.JPEG,n02134418,297,295,0.6530538,0,imagenet_c,defocus_blur,1,none
efficientnet_b4,ILSVRC2012_val_00027563.JPEG,n02134418,297,294,0.44268468,0,imagenet_c,defocus_blur,1,none
efficientnet_b4,ILSVRC2012_val_00028217.JPEG,n02134418,297,297,0.7996826,1,imagenet_c,defocus_blur,1,none
efficientnet_b4,ILSVRC2012_val_00028703.JPEG,n02134418,297,297,0.55122936,1,imagenet_c,defocus_blur,1,none
efficientnet_b4,ILSVRC2012_val_00032283.JPEG,n02134418,297,297,0.24647483,1,imagenet_c,defocus_blur,1,none
efficientnet_b4,ILSVRC2012_val_00032576.JPEG,n02134418,297,297,0.73772705,1,imagenet_c,defocus_blur,1,none
efficientnet_b4,ILSVRC2012_val_00033241.JPEG,n02134418,297,297,0.5849356,1,imagenet_c,defocus_blur,1,none
efficientnet_b4,ILSVRC2012_val_00033689.JPEG,n02134418,297,297,0.6550514,1,imagenet_c,defocus_blur,1,none
efficientnet_b4,ILSVRC2012_val_00034200.JPEG,n02134418,297,297,0.5176373,1,imagenet_c,defocus_blur,1,none
efficientnet_b4,ILSVRC2012_val_00034637.JPEG,n02134418,297,297,0.38360462,1,imagenet_c,defocus_blur,1,none
efficientnet_b4,ILSVRC2012_val_00036734.JPEG,n02134418,297,297,0.77487844,1,imagenet_c,defocus_blur,1,none
efficientnet_b4,ILSVRC2012_val_00037836.JPEG,n02134418,297,295,0.403472,0,imagenet_c,defocus_blur,1,none
efficientnet_b4,ILSVRC2012_val_00038825.JPEG,n02134418,297,295,0.4094087,0,imagenet_c,defocus_blur,1,none
efficientnet_b4,ILSVRC2012_val_00038961.JPEG,n02134418,297,295,0.5598602,0,imagenet_c,defocus_blur,1,none
efficientnet_b4,ILSVRC2012_val_00039399.JPEG,n02134418,297,297,0.46764413,1,imagenet_c,defocus_blur,1,none
efficientnet_b4,ILSVRC2012_val_00039564.JPEG,n02134418,297,297,0.4080568,1,imagenet_c,defocus_blur,1,none
efficientnet_b4,ILSVRC2012_val_00042361.JPEG,n02134418,297,297,0.59677887,1,imagenet_c,defocus_blur,1,none
efficientnet_b4,ILSVRC2012_val_00043016.JPEG,n02134418,297,297,0.6958055,1,imagenet_c,defocus_blur,1,none
efficientnet_b4,ILSVRC2012_val_00043326.JPEG,n02134418,297,297,0.62310755,1,imagenet_c,defocus_blur,1,none
efficientnet_b4,ILSVRC2012_val_00044129.JPEG,n02134418,297,297,0.5478566,1,imagenet_c,defocus_blur,1,none
efficientnet_b4,ILSVRC2012_val_00044349.JPEG,n02134418,297,297,0.5470872,1,imagenet_c,defocus_blur,1,none
efficientnet_b4,ILSVRC2012_val_00044901.JPEG,n02134418,297,234,0.27490747,0,imagenet_c,defocus_blur,1,none
efficientnet_b4,ILSVRC2012_val_00044947.JPEG,n02134418,297,297,0.6088348,1,imagenet_c,defocus_blur,1,none
efficientnet_b4,ILSVRC2012_val_00045098.JPEG,n02134418,297,297,0.59754485,1,imagenet_c,defocus_blur,1,none
efficientnet_b4,ILSVRC2012_val_00045672.JPEG,n02134418,297,297,0.65599877,1,imagenet_c,defocus_blur,1,none
efficientnet_b4,ILSVRC2012_val_00046036.JPEG,n02134418,297,297,0.6987049,1,imagenet_c,defocus_blur,1,none
efficientnet_b4,ILSVRC2012_val_00046498.JPEG,n02134418,297,297,0.61527973,1,imagenet_c,defocus_blur,1,none
efficientnet_b4,ILSVRC2012_val_00046945.JPEG,n02134418,297,297,0.53413314,1,imagenet_c,defocus_blur,1,none
efficientnet_b4,ILSVRC2012_val_00047458.JPEG,n02134418,297,294,0.6024648,0,imagenet_c,defocus_blur,1,none
efficientnet_b4,ILSVRC2012_val_00048174.JPEG,n02134418,297,297,0.55959487,1,imagenet_c,defocus_blur,1,none
efficientnet_b4,ILSVRC2012_val_00000518.JPEG,n02137549,298,225,0.05780831,0,imagenet_c,defocus_blur,1,none
efficientnet_b4,ILSVRC2012_val_00000585.JPEG,n02137549,298,335,0.22994362,0,imagenet_c,defocus_blur,1,none
efficientnet_b4,ILSVRC2012_val_00003012.JPEG,n02137549,298,298,0.45601696,1,imagenet_c,defocus_blur,1,none
efficientnet_b4,ILSVRC2012_val_00003540.JPEG,n02137549,298,298,0.14900848,1,imagenet_c,defocus_blur,1,none
efficientnet_b4,ILSVRC2012_val_00003556.JPEG,n02137549,298,278,0.08143477,0,imagenet_c,defocus_blur,1,none
efficientnet_b4,ILSVRC2012_val_00005083.JPEG,n02137549,298,384,0.5490497,0,imagenet_c,defocus_blur,1,none
efficientnet_b4,ILSVRC2012_val_00008051.JPEG,n02137549,298,299,0.33689132,0,imagenet_c,defocus_blur,1,none
efficientnet_b4,ILSVRC2012_val_00008417.JPEG,n02137549,298,298,0.5917651,1,imagenet_c,defocus_blur,1,none
efficientnet_b4,ILSVRC2012_val_00011580.JPEG,n02137549,298,298,0.3148163,1,imagenet_c,defocus_blur,1,none
efficientnet_b4,ILSVRC2012_val_00014662.JPEG,n02137549,298,63,0.546801,0,imagenet_c,defocus_blur,1,none
efficientnet_b4,ILSVRC2012_val_00016810.JPEG,n02137549,298,298,0.42835742,1,imagenet_c,defocus_blur,1,none
efficientnet_b4,ILSVRC2012_val_00016867.JPEG,n02137549,298,298,0.5722111,1,imagenet_c,defocus_blur,1,none
efficientnet_b4,ILSVRC2012_val_00017084.JPEG,n02137549,298,357,0.14899884,0,imagenet_c,defocus_blur,1,none
efficientnet_b4,ILSVRC2012_val_00017694.JPEG,n02137549,298,298,0.49332523,1,imagenet_c,defocus_blur,1,none
efficientnet_b4,ILSVRC2012_val_00018630.JPEG,n02137549,298,298,0.5027591,1,imagenet_c,defocus_blur,1,none
efficientnet_b4,ILSVRC2012_val_00019048.JPEG,n02137549,298,298,0.44184735,1,imagenet_c,defocus_blur,1,none
efficientnet_b4,ILSVRC2012_val_00019975.JPEG,n02137549,298,298,0.18803881,1,imagenet_c,defocus_blur,1,none
efficientnet_b4,ILSVRC2012_val_00020040.JPEG,n02137549,298,298,0.701049,1,imagenet_c,defocus_blur,1,none
efficientnet_b4,ILSVRC2012_val_00020520.JPEG,n02137549,298,298,0.5839286,1,imagenet_c,defocus_blur,1,none
efficientnet_b4,ILSVRC2012_val_00022241.JPEG,n02137549,298,298,0.22904715,1,imagenet_c,defocus_blur,1,none
efficientnet_b4,ILSVRC2012_val_00022398.JPEG,n02137549,298,298,0.67364985,1,imagenet_c,defocus_blur,1,none
efficientnet_b4,ILSVRC2012_val_00022586.JPEG,n02137549,298,298,0.17094131,1,imagenet_c,defocus_blur,1,none
efficientnet_b4,ILSVRC2012_val_00022659.JPEG,n02137549,298,298,0.56849027,1,imagenet_c,defocus_blur,1,none
efficientnet_b4,ILSVRC2012_val_00023033.JPEG,n02137549,298,298,0.4223281,1,imagenet_c,defocus_blur,1,none
efficientnet_b4,ILSVRC2012_val_00023445.JPEG,n02137549,298,298,0.20884582,1,imagenet_c,defocus_blur,1,none
efficientnet_b4,ILSVRC2012_val_00023636.JPEG,n02137549,298,298,0.43837792,1,imagenet_c,defocus_blur,1,none
efficientnet_b4,ILSVRC2012_val_00023662.JPEG,n02137549,298,280,0.19830061,0,imagenet_c,defocus_blur,1,none
efficientnet_b4,ILSVRC2012_val_00023825.JPEG,n02137549,298,298,0.7010138,1,imagenet_c,defocus_blur,1,none
efficientnet_b4,ILSVRC2012_val_00027922.JPEG,n02137549,298,335,0.20293151,0,imagenet_c,defocus_blur,1,none
efficientnet_b4,ILSVRC2012_val_00028519.JPEG,n02137549,298,298,0.39488602,1,imagenet_c,defocus_blur,1,none
efficientnet_b4,ILSVRC2012_val_00030188.JPEG,n02137549,298,298,0.5891442,1,imagenet_c,defocus_blur,1,none
efficientnet_b4,ILSVRC2012_val_00031784.JPEG,n02137549,298,298,0.25779352,1,imagenet_c,defocus_blur,1,none
efficientnet_b4,ILSVRC2012_val_00032777.JPEG,n02137549,298,299,0.32111055,0,imagenet_c,defocus_blur,1,none
efficientnet_b4,ILSVRC2012_val_00032952.JPEG,n02137549,298,298,0.58642083,1,imagenet_c,defocus_blur,1,none
efficientnet_b4,ILSVRC2012_val_00033010.JPEG,n02137549,298,377,0.050866634,0,imagenet_c,defocus_blur,1,none
efficientnet_b4,ILSVRC2012_val_00033747.JPEG,n02137549,298,298,0.6201441,1,imagenet_c,defocus_blur,1,none
efficientnet_b4,ILSVRC2012_val_00034388.JPEG,n02137549,298,298,0.69245756,1,imagenet_c,defocus_blur,1,none
efficientnet_b4,ILSVRC2012_val_00036466.JPEG,n02137549,298,298,0.25789857,1,imagenet_c,defocus_blur,1,none
efficientnet_b4,ILSVRC2012_val_00036537.JPEG,n02137549,298,384,0.7723771,0,imagenet_c,defocus_blur,1,none
efficientnet_b4,ILSVRC2012_val_00036708.JPEG,n02137549,298,298,0.14085852,1,imagenet_c,defocus_blur,1,none
efficientnet_b4,ILSVRC2012_val_00037155.JPEG,n02137549,298,298,0.5495518,1,imagenet_c,defocus_blur,1,none
efficientnet_b4,ILSVRC2012_val_00039800.JPEG,n02137549,298,333,0.06869179,0,imagenet_c,defocus_blur,1,none
efficientnet_b4,ILSVRC2012_val_00040841.JPEG,n02137549,298,298,0.51180416,1,imagenet_c,defocus_blur,1,none
efficientnet_b4,ILSVRC2012_val_00041597.JPEG,n02137549,298,298,0.31950375,1,imagenet_c,defocus_blur,1,none
efficientnet_b4,ILSVRC2012_val_00046702.JPEG,n02137549,298,356,0.47625566,0,imagenet_c,defocus_blur,1,none
efficientnet_b4,ILSVRC2012_val_00047303.JPEG,n02137549,298,357,0.20070507,0,imagenet_c,defocus_blur,1,none
efficientnet_b4,ILSVRC2012_val_00047555.JPEG,n02137549,298,359,0.13744079,0,imagenet_c,defocus_blur,1,none
efficientnet_b4,ILSVRC2012_val_00048500.JPEG,n02137549,298,298,0.26186466,1,imagenet_c,defocus_blur,1,none
efficientnet_b4,ILSVRC2012_val_00049303.JPEG,n02137549,298,299,0.42967504,0,imagenet_c,defocus_blur,1,none
efficientnet_b4,ILSVRC2012_val_00049781.JPEG,n02137549,298,357,0.34098625,0,imagenet_c,defocus_blur,1,none
efficientnet_b4,ILSVRC2012_val_00000779.JPEG,n02138441,299,298,0.2216998,0,imagenet_c,defocus_blur,1,none
efficientnet_b4,ILSVRC2012_val_00001742.JPEG,n02138441,299,299,0.4724549,1,imagenet_c,defocus_blur,1,none
efficientnet_b4,ILSVRC2012_val_00002132.JPEG,n02138441,299,299,0.4586921,1,imagenet_c,defocus_blur,1,none
efficientnet_b4,ILSVRC2012_val_00003982.JPEG,n02138441,299,9,0.0685762,0,imagenet_c,defocus_blur,1,none
efficientnet_b4,ILSVRC2012_val_00004864.JPEG,n02138441,299,48,0.07447527,0,imagenet_c,defocus_blur,1,none
efficientnet_b4,ILSVRC2012_val_00005695.JPEG,n02138441,299,299,0.15520586,1,imagenet_c,defocus_blur,1,none
efficientnet_b4,ILSVRC2012_val_00006356.JPEG,n02138441,299,335,0.4061908,0,imagenet_c,defocus_blur,1,none
efficientnet_b4,ILSVRC2012_val_00007702.JPEG,n02138441,299,299,0.3524298,1,imagenet_c,defocus_blur,1,none
efficientnet_b4,ILSVRC2012_val_00008046.JPEG,n02138441,299,299,0.31121808,1,imagenet_c,defocus_blur,1,none
efficientnet_b4,ILSVRC2012_val_00012478.JPEG,n02138441,299,299,0.3492785,1,imagenet_c,defocus_blur,1,none
efficientnet_b4,ILSVRC2012_val_00013532.JPEG,n02138441,299,359,0.37003306,0,imagenet_c,defocus_blur,1,none
efficientnet_b4,ILSVRC2012_val_00016283.JPEG,n02138441,299,299,0.34294608,1,imagenet_c,defocus_blur,1,none
efficientnet_b4,ILSVRC2012_val_00016368.JPEG,n02138441,299,299,0.6242612,1,imagenet_c,defocus_blur,1,none
efficientnet_b4,ILSVRC2012_val_00016694.JPEG,n02138441,299,299,0.23309413,1,imagenet_c,defocus_blur,1,none
efficientnet_b4,ILSVRC2012_val_00017408.JPEG,n02138441,299,299,0.3659583,1,imagenet_c,defocus_blur,1,none
efficientnet_b4,ILSVRC2012_val_00017410.JPEG,n02138441,299,299,0.4070931,1,imagenet_c,defocus_blur,1,none
efficientnet_b4,ILSVRC2012_val_00021855.JPEG,n02138441,299,299,0.23468438,1,imagenet_c,defocus_blur,1,none
efficientnet_b4,ILSVRC2012_val_00023299.JPEG,n02138441,299,299,0.33325416,1,imagenet_c,defocus_blur,1,none
efficientnet_b4,ILSVRC2012_val_00024122.JPEG,n02138441,299,336,0.3578693,0,imagenet_c,defocus_blur,1,none
efficientnet_b4,ILSVRC2012_val_00024371.JPEG,n02138441,299,299,0.3232529,1,imagenet_c,defocus_blur,1,none
efficientnet_b4,ILSVRC2012_val_00024406.JPEG,n02138441,299,299,0.28062627,1,imagenet_c,defocus_blur,1,none
efficientnet_b4,ILSVRC2012_val_00024744.JPEG,n02138441,299,299,0.42992747,1,imagenet_c,defocus_blur,1,none
efficientnet_b4,ILSVRC2012_val_00025454.JPEG,n02138441,299,299,0.47258335,1,imagenet_c,defocus_blur,1,none
efficientnet_b4,ILSVRC2012_val_00026239.JPEG,n02138441,299,299,0.4112457,1,imagenet_c,defocus_blur,1,none
efficientnet_b4,ILSVRC2012_val_00026404.JPEG,n02138441,299,182,0.17043462,0,imagenet_c,defocus_blur,1,none
efficientnet_b4,ILSVRC2012_val_00026450.JPEG,n02138441,299,299,0.6215812,1,imagenet_c,defocus_blur,1,none
efficientnet_b4,ILSVRC2012_val_00028655.JPEG,n02138441,299,299,0.49115607,1,imagenet_c,defocus_blur,1,none
efficientnet_b4,ILSVRC2012_val_00028836.JPEG,n02138441,299,299,0.12725456,1,imagenet_c,defocus_blur,1,none
efficientnet_b4,ILSVRC2012_val_00029590.JPEG,n02138441,299,299,0.52628165,1,imagenet_c,defocus_blur,1,none
efficientnet_b4,ILSVRC2012_val_00032687.JPEG,n02138441,299,299,0.41183087,1,imagenet_c,defocus_blur,1,none
efficientnet_b4,ILSVRC2012_val_00032737.JPEG,n02138441,299,336,0.45493218,0,imagenet_c,defocus_blur,1,none
efficientnet_b4,ILSVRC2012_val_00032885.JPEG,n02138441,299,299,0.26078334,1,imagenet_c,defocus_blur,1,none
efficientnet_b4,ILSVRC2012_val_00033142.JPEG,n02138441,299,299,0.4959892,1,imagenet_c,defocus_blur,1,none
efficientnet_b4,ILSVRC2012_val_00033234.JPEG,n02138441,299,299,0.2390809,1,imagenet_c,defocus_blur,1,none
efficientnet_b4,ILSVRC2012_val_00034460.JPEG,n02138441,299,299,0.41114727,1,imagenet_c,defocus_blur,1,none
efficientnet_b4,ILSVRC2012_val_00035330.JPEG,n02138441,299,299,0.5582746,1,imagenet_c,defocus_blur,1,none
efficientnet_b4,ILSVRC2012_val_00037627.JPEG,n02138441,299,299,0.42779198,1,imagenet_c,defocus_blur,1,none
efficientnet_b4,ILSVRC2012_val_00037731.JPEG,n02138441,299,299,0.35094544,1,imagenet_c,defocus_blur,1,none
efficientnet_b4,ILSVRC2012_val_00038452.JPEG,n02138441,299,299,0.634618,1,imagenet_c,defocus_blur,1,none
efficientnet_b4,ILSVRC2012_val_00039182.JPEG,n02138441,299,299,0.30534983,1,imagenet_c,defocus_blur,1,none
efficientnet_b4,ILSVRC2012_val_00039283.JPEG,n02138441,299,299,0.38301188,1,imagenet_c,defocus_blur,1,none
efficientnet_b4,ILSVRC2012_val_00040642.JPEG,n02138441,299,299,0.42669332,1,imagenet_c,defocus_blur,1,none
efficientnet_b4,ILSVRC2012_val_00041174.JPEG,n02138441,299,299,0.326472,1,imagenet_c,defocus_blur,1,none
efficientnet_b4,ILSVRC2012_val_00043148.JPEG,n02138441,299,299,0.4484159,1,imagenet_c,defocus_blur,1,none
efficientnet_b4,ILSVRC2012_val_00046136.JPEG,n02138441,299,298,0.4038326,0,imagenet_c,defocus_blur,1,none
efficientnet_b4,ILSVRC2012_val_00046692.JPEG,n02138441,299,299,0.32728422,1,imagenet_c,defocus_blur,1,none
efficientnet_b4,ILSVRC2012_val_00046893.JPEG,n02138441,299,299,0.37512928,1,imagenet_c,defocus_blur,1,none
efficientnet_b4,ILSVRC2012_val_00047118.JPEG,n02138441,299,299,0.30655172,1,imagenet_c,defocus_blur,1,none
efficientnet_b4,ILSVRC2012_val_00048077.JPEG,n02138441,299,382,0.079740904,0,imagenet_c,defocus_blur,1,none
efficientnet_b4,ILSVRC2012_val_00049426.JPEG,n02138441,299,299,0.32995072,1,imagenet_c,defocus_blur,1,none
efficientnet_b4,ILSVRC2012_val_00000361.JPEG,n02165105,300,300,0.49749514,1,imagenet_c,defocus_blur,1,none
efficientnet_b4,ILSVRC2012_val_00000768.JPEG,n02165105,300,356,0.056372922,0,imagenet_c,defocus_blur,1,none
efficientnet_b4,ILSVRC2012_val_00001566.JPEG,n02165105,300,300,0.49245712,1,imagenet_c,defocus_blur,1,none
efficientnet_b4,ILSVRC2012_val_00002141.JPEG,n02165105,300,300,0.40777144,1,imagenet_c,defocus_blur,1,none
efficientnet_b4,ILSVRC2012_val_00002279.JPEG,n02165105,300,300,0.07302086,1,imagenet_c,defocus_blur,1,none
efficientnet_b4,ILSVRC2012_val_00002845.JPEG,n02165105,300,300,0.5437364,1,imagenet_c,defocus_blur,1,none
efficientnet_b4,ILSVRC2012_val_00003852.JPEG,n02165105,300,300,0.39402345,1,imagenet_c,defocus_blur,1,none
efficientnet_b4,ILSVRC2012_val_00005482.JPEG,n02165105,300,300,0.43312517,1,imagenet_c,defocus_blur,1,none
efficientnet_b4,ILSVRC2012_val_00006529.JPEG,n02165105,300,300,0.112820484,1,imagenet_c,defocus_blur,1,none
efficientnet_b4,ILSVRC2012_val_00007350.JPEG,n02165105,300,300,0.5865969,1,imagenet_c,defocus_blur,1,none
efficientnet_b4,ILSVRC2012_val_00007429.JPEG,n02165105,300,300,0.38631448,1,imagenet_c,defocus_blur,1,none
efficientnet_b4,ILSVRC2012_val_00009387.JPEG,n02165105,300,300,0.57617265,1,imagenet_c,defocus_blur,1,none
efficientnet_b4,ILSVRC2012_val_00012894.JPEG,n02165105,300,300,0.44817102,1,imagenet_c,defocus_blur,1,none
efficientnet_b4,ILSVRC2012_val_00013552.JPEG,n02165105,300,300,0.38782686,1,imagenet_c,defocus_blur,1,none
efficientnet_b4,ILSVRC2012_val_00014824.JPEG,n02165105,300,300,0.45589414,1,imagenet_c,defocus_blur,1,none
efficientnet_b4,ILSVRC2012_val_00015535.JPEG,n02165105,300,300,0.5241528,1,imagenet_c,defocus_blur,1,none
efficientnet_b4,ILSVRC2012_val_00015776.JPEG,n02165105,300,300,0.51661074,1,imagenet_c,defocus_blur,1,none
efficientnet_b4,ILSVRC2012_val_00019643.JPEG,n02165105,300,300,0.55765784,1,imagenet_c,defocus_blur,1,none
efficientnet_b4,ILSVRC2012_val_00021423.JPEG,n02165105,300,300,0.54860216,1,imagenet_c,defocus_blur,1,none
efficientnet_b4,ILSVRC2012_val_00021653.JPEG,n02165105,300,300,0.5437646,1,imagenet_c,defocus_blur,1,none
efficientnet_b4,ILSVRC2012_val_00022394.JPEG,n02165105,300,300,0.4389261,1,imagenet_c,defocus_blur,1,none
efficientnet_b4,ILSVRC2012_val_00023281.JPEG,n02165105,300,300,0.46197945,1,imagenet_c,defocus_blur,1,none
efficientnet_b4,ILSVRC2012_val_00024426.JPEG,n02165105,300,300,0.25251347,1,imagenet_c,defocus_blur,1,none
efficientnet_b4,ILSVRC2012_val_00025596.JPEG,n02165105,300,300,0.4758379,1,imagenet_c,defocus_blur,1,none
efficientnet_b4,ILSVRC2012_val_00028794.JPEG,n02165105,300,300,0.4171365,1,imagenet_c,defocus_blur,1,none
efficientnet_b4,ILSVRC2012_val_00030472.JPEG,n02165105,300,303,0.2252312,0,imagenet_c,defocus_blur,1,none
efficientnet_b4,ILSVRC2012_val_00030936.JPEG,n02165105,300,300,0.46341327,1,imagenet_c,defocus_blur,1,none
efficientnet_b4,ILSVRC2012_val_00031429.JPEG,n02165105,300,302,0.38046107,0,imagenet_c,defocus_blur,1,none
efficientnet_b4,ILSVRC2012_val_00031488.JPEG,n02165105,300,300,0.500746,1,imagenet_c,defocus_blur,1,none
efficientnet_b4,ILSVRC2012_val_00031887.JPEG,n02165105,300,300,0.45801786,1,imagenet_c,defocus_blur,1,none
efficientnet_b4,ILSVRC2012_val_00031925.JPEG,n02165105,300,300,0.509708,1,imagenet_c,defocus_blur,1,none
efficientnet_b4,ILSVRC2012_val_00031945.JPEG,n02165105,300,300,0.40230933,1,imagenet_c,defocus_blur,1,none
efficientnet_b4,ILSVRC2012_val_00031959.JPEG,n02165105,300,300,0.588103,1,imagenet_c,defocus_blur,1,none
efficientnet_b4,ILSVRC2012_val_00033781.JPEG,n02165105,300,300,0.50738966,1,imagenet_c,defocus_blur,1,none
efficientnet_b4,ILSVRC2012_val_00035247.JPEG,n02165105,300,300,0.50279105,1,imagenet_c,defocus_blur,1,none
efficientnet_b4,ILSVRC2012_val_00036100.JPEG,n02165105,300,302,0.27888396,0,imagenet_c,defocus_blur,1,none
efficientnet_b4,ILSVRC2012_val_00036310.JPEG,n02165105,300,300,0.52170086,1,imagenet_c,defocus_blur,1,none
efficientnet_b4,ILSVRC2012_val_00036417.JPEG,n02165105,300,310,0.16910622,0,imagenet_c,defocus_blur,1,none
efficientnet_b4,ILSVRC2012_val_00036631.JPEG,n02165105,300,300,0.44437903,1,imagenet_c,defocus_blur,1,none
efficientnet_b4,ILSVRC2012_val_00036784.JPEG,n02165105,300,300,0.52878726,1,imagenet_c,defocus_blur,1,none
efficientnet_b4,ILSVRC2012_val_00038929.JPEG,n02165105,300,300,0.66168654,1,imagenet_c,defocus_blur,1,none
efficientnet_b4,ILSVRC2012_val_00040348.JPEG,n02165105,300,300,0.446175,1,imagenet_c,defocus_blur,1,none
efficientnet_b4,ILSVRC2012_val_00041851.JPEG,n02165105,300,300,0.36361545,1,imagenet_c,defocus_blur,1,none
efficientnet_b4,ILSVRC2012_val_00043705.JPEG,n02165105,300,300,0.4658321,1,imagenet_c,defocus_blur,1,none
efficientnet_b4,ILSVRC2012_val_00045009.JPEG,n02165105,300,300,0.51742417,1,imagenet_c,defocus_blur,1,none
efficientnet_b4,ILSVRC2012_val_00046267.JPEG,n02165105,300,303,0.3131646,0,imagenet_c,defocus_blur,1,none
efficientnet_b4,ILSVRC2012_val_00048224.JPEG,n02165105,300,302,0.24840179,0,imagenet_c,defocus_blur,1,none
efficientnet_b4,ILSVRC2012_val_00048477.JPEG,n02165105,300,300,0.29887617,1,imagenet_c,defocus_blur,1,none
efficientnet_b4,ILSVRC2012_val_00048766.JPEG,n02165105,300,300,0.43221337,1,imagenet_c,defocus_blur,1,none
efficientnet_b4,ILSVRC2012_val_00049578.JPEG,n02165105,300,303,0.119695485,0,imagenet_c,defocus_blur,1,none
efficientnet_b4,ILSVRC2012_val_00000625.JPEG,n02165456,301,301,0.5078041,1,imagenet_c,defocus_blur,1,none
efficientnet_b4,ILSVRC2012_val_00005343.JPEG,n02165456,301,301,0.53038096,1,imagenet_c,defocus_blur,1,none
efficientnet_b4,ILSVRC2012_val_00005858.JPEG,n02165456,301,599,0.44629186,0,imagenet_c,defocus_blur,1,none
efficientnet_b4,ILSVRC2012_val_00006966.JPEG,n02165456,301,301,0.42247102,1,imagenet_c,defocus_blur,1,none
efficientnet_b4,ILSVRC2012_val_00007365.JPEG,n02165456,301,301,0.5884525,1,imagenet_c,defocus_blur,1,none
efficientnet_b4,ILSVRC2012_val_00009918.JPEG,n02165456,301,316,0.06555419,0,imagenet_c,defocus_blur,1,none
efficientnet_b4,ILSVRC2012_val_00011966.JPEG,n02165456,301,301,0.3415057,1,imagenet_c,defocus_blur,1,none
efficientnet_b4,ILSVRC2012_val_00013832.JPEG,n02165456,301,301,0.563115,1,imagenet_c,defocus_blur,1,none
efficientnet_b4,ILSVRC2012_val_00015975.JPEG,n02165456,301,301,0.55926055,1,imagenet_c,defocus_blur,1,none
efficientnet_b4,ILSVRC2012_val_00016683.JPEG,n02165456,301,304,0.25524414,0,imagenet_c,defocus_blur,1,none
efficientnet_b4,ILSVRC2012_val_00017130.JPEG,n02165456,301,301,0.5668989,1,imagenet_c,defocus_blur,1,none
efficientnet_b4,ILSVRC2012_val_00017398.JPEG,n02165456,301,301,0.39606017,1,imagenet_c,defocus_blur,1,none
efficientnet_b4,ILSVRC2012_val_00017406.JPEG,n02165456,301,301,0.61165226,1,imagenet_c,defocus_blur,1,none
efficientnet_b4,ILSVRC2012_val_00017635.JPEG,n02165456,301,301,0.6019886,1,imagenet_c,defocus_blur,1,none
efficientnet_b4,ILSVRC2012_val_00018102.JPEG,n02165456,301,301,0.5390557,1,imagenet_c,defocus_blur,1,none
efficientnet_b4,ILSVRC2012_val_00018142.JPEG,n02165456,301,301,0.47930005,1,imagenet_c,defocus_blur,1,none
efficientnet_b4,ILSVRC2012_val_00018332.JPEG,n02165456,301,989,0.13504441,0,imagenet_c,defocus_blur,1,none
efficientnet_b4,ILSVRC2012_val_00019029.JPEG,n02165456,301,301,0.6152353,1,imagenet_c,defocus_blur,1,none
efficientnet_b4,ILSVRC2012_val_00019299.JPEG,n02165456,301,80,0.10023002,0,imagenet_c,defocus_blur,1,none
efficientnet_b4,ILSVRC2012_val_00021152.JPEG,n02165456,301,301,0.4205382,1,imagenet_c,defocus_blur,1,none
efficientnet_b4,ILSVRC2012_val_00021935.JPEG,n02165456,301,301,0.2849499,1,imagenet_c,defocus_blur,1,none
efficientnet_b4,ILSVRC2012_val_00023650.JPEG,n02165456,301,301,0.48875564,1,imagenet_c,defocus_blur,1,none
efficientnet_b4,ILSVRC2012_val_00024507.JPEG,n02165456,301,301,0.44269073,1,imagenet_c,defocus_blur,1,none
efficientnet_b4,ILSVRC2012_val_00024572.JPEG,n02165456,301,301,0.56239074,1,imagenet_c,defocus_blur,1,none
efficientnet_b4,ILSVRC2012_val_00025218.JPEG,n02165456,301,301,0.5121676,1,imagenet_c,defocus_blur,1,none
efficientnet_b4,ILSVRC2012_val_00027557.JPEG,n02165456,301,301,0.4328388,1,imagenet_c,defocus_blur,1,none
efficientnet_b4,ILSVRC2012_val_00027586.JPEG,n02165456,301,301,0.51291114,1,imagenet_c,defocus_blur,1,none
efficientnet_b4,ILSVRC2012_val_00027954.JPEG,n02165456,301,301,0.3380531,1,imagenet_c,defocus_blur,1,none
efficientnet_b4,ILSVRC2012_val_00029086.JPEG,n02165456,301,301,0.52816653,1,imagenet_c,defocus_blur,1,none
efficientnet_b4,ILSVRC2012_val_00029943.JPEG,n02165456,301,301,0.28355125,1,imagenet_c,defocus_blur,1,none
efficientnet_b4,ILSVRC2012_val_00030697.JPEG,n02165456,301,301,0.7008856,1,imagenet_c,defocus_blur,1,none
efficientnet_b4,ILSVRC2012_val_00030921.JPEG,n02165456,301,301,0.45892915,1,imagenet_c,defocus_blur,1,none
efficientnet_b4,ILSVRC2012_val_00031140.JPEG,n02165456,301,301,0.57184595,1,imagenet_c,defocus_blur,1,none
efficientnet_b4,ILSVRC2012_val_00031147.JPEG,n02165456,301,301,0.5479462,1,imagenet_c,defocus_blur,1,none
efficientnet_b4,ILSVRC2012_val_00031903.JPEG,n02165456,301,301,0.4681296,1,imagenet_c,defocus_blur,1,none
efficientnet_b4,ILSVRC2012_val_00034497.JPEG,n02165456,301,81,0.112040624,0,imagenet_c,defocus_blur,1,none
efficientnet_b4,ILSVRC2012_val_00035067.JPEG,n02165456,301,301,0.627808,1,imagenet_c,defocus_blur,1,none
efficientnet_b4,ILSVRC2012_val_00035497.JPEG,n02165456,301,301,0.51223403,1,imagenet_c,defocus_blur,1,none
efficientnet_b4,ILSVRC2012_val_00035694.JPEG,n02165456,301,301,0.5643653,1,imagenet_c,defocus_blur,1,none
efficientnet_b4,ILSVRC2012_val_00036005.JPEG,n02165456,301,301,0.40849173,1,imagenet_c,defocus_blur,1,none
efficientnet_b4,ILSVRC2012_val_00036251.JPEG,n02165456,301,301,0.22490574,1,imagenet_c,defocus_blur,1,none
efficientnet_b4,ILSVRC2012_val_00036486.JPEG,n02165456,301,301,0.49592507,1,imagenet_c,defocus_blur,1,none
efficientnet_b4,ILSVRC2012_val_00038463.JPEG,n02165456,301,301,0.1804891,1,imagenet_c,defocus_blur,1,none
efficientnet_b4,ILSVRC2012_val_00038697.JPEG,n02165456,301,301,0.3097167,1,imagenet_c,defocus_blur,1,none
efficientnet_b4,ILSVRC2012_val_00038773.JPEG,n02165456,301,301,0.42401648,1,imagenet_c,defocus_blur,1,none
efficientnet_b4,ILSVRC2012_val_00039712.JPEG,n02165456,301,985,0.4860953,0,imagenet_c,defocus_blur,1,none
efficientnet_b4,ILSVRC2012_val_00040156.JPEG,n02165456,301,301,0.31891292,1,imagenet_c,defocus_blur,1,none
efficientnet_b4,ILSVRC2012_val_00043854.JPEG,n02165456,301,326,0.14948699,0,imagenet_c,defocus_blur,1,none
efficientnet_b4,ILSVRC2012_val_00045549.JPEG,n02165456,301,301,0.5672326,1,imagenet_c,defocus_blur,1,none
efficientnet_b4,ILSVRC2012_val_00046856.JPEG,n02165456,301,304,0.37877637,0,imagenet_c,defocus_blur,1,none
efficientnet_b4,ILSVRC2012_val_00000956.JPEG,n02167151,302,302,0.26696366,1,imagenet_c,defocus_blur,1,none
efficientnet_b4,ILSVRC2012_val_00001421.JPEG,n02167151,302,302,0.3646245,1,imagenet_c,defocus_blur,1,none
efficientnet_b4,ILSVRC2012_val_00003144.JPEG,n02167151,302,306,0.4645344,0,imagenet_c,defocus_blur,1,none
efficientnet_b4,ILSVRC2012_val_00003331.JPEG,n02167151,302,302,0.17021412,1,imagenet_c,defocus_blur,1,none
efficientnet_b4,ILSVRC2012_val_00003440.JPEG,n02167151,302,302,0.81505406,1,imagenet_c,defocus_blur,1,none
efficientnet_b4,ILSVRC2012_val_00004517.JPEG,n02167151,302,305,0.54071563,0,imagenet_c,defocus_blur,1,none
efficientnet_b4,ILSVRC2012_val_00005169.JPEG,n02167151,302,302,0.4823342,1,imagenet_c,defocus_blur,1,none
efficientnet_b4,ILSVRC2012_val_00005891.JPEG,n02167151,302,302,0.65435743,1,imagenet_c,defocus_blur,1,none
efficientnet_b4,ILSVRC2012_val_00005947.JPEG,n02167151,302,302,0.2872476,1,imagenet_c,defocus_blur,1,none
efficientnet_b4,ILSVRC2012_val_00009626.JPEG,n02167151,302,302,0.6852285,1,imagenet_c,defocus_blur,1,none
efficientnet_b4,ILSVRC2012_val_00010028.JPEG,n02167151,302,302,0.6500192,1,imagenet_c,defocus_blur,1,none
efficientnet_b4,ILSVRC2012_val_00011973.JPEG,n02167151,302,302,0.536003,1,imagenet_c,defocus_blur,1,none
efficientnet_b4,ILSVRC2012_val_00012845.JPEG,n02167151,302,302,0.6259968,1,imagenet_c,defocus_blur,1,none
efficientnet_b4,ILSVRC2012_val_00014218.JPEG,n02167151,302,302,0.49407995,1,imagenet_c,defocus_blur,1,none
efficientnet_b4,ILSVRC2012_val_00014278.JPEG,n02167151,302,302,0.7137708,1,imagenet_c,defocus_blur,1,none
efficientnet_b4,ILSVRC2012_val_00016594.JPEG,n02167151,302,302,0.6622373,1,imagenet_c,defocus_blur,1,none
efficientnet_b4,ILSVRC2012_val_00017630.JPEG,n02167151,302,302,0.6979624,1,imagenet_c,defocus_blur,1,none
efficientnet_b4,ILSVRC2012_val_00018839.JPEG,n02167151,302,302,0.65796775,1,imagenet_c,defocus_blur,1,none
efficientnet_b4,ILSVRC2012_val_00019183.JPEG,n02167151,302,300,0.38437673,0,imagenet_c,defocus_blur,1,none
efficientnet_b4,ILSVRC2012_val_00020013.JPEG,n02167151,302,300,0.33403468,0,imagenet_c,defocus_blur,1,none
efficientnet_b4,ILSVRC2012_val_00021953.JPEG,n02167151,302,300,0.55459094,0,imagenet_c,defocus_blur,1,none
efficientnet_b4,ILSVRC2012_val_00022273.JPEG,n02167151,302,302,0.4283719,1,imagenet_c,defocus_blur,1,none
efficientnet_b4,ILSVRC2012_val_00022537.JPEG,n02167151,302,302,0.607805,1,imagenet_c,defocus_blur,1,none
efficientnet_b4,ILSVRC2012_val_00023624.JPEG,n02167151,302,302,0.23475456,1,imagenet_c,defocus_blur,1,none
efficientnet_b4,ILSVRC2012_val_00023890.JPEG,n02167151,302,302,0.2392742,1,imagenet_c,defocus_blur,1,none
efficientnet_b4,ILSVRC2012_val_00025224.JPEG,n02167151,302,302,0.60399854,1,imagenet_c,defocus_blur,1,none
efficientnet_b4,ILSVRC2012_val_00025364.JPEG,n02167151,302,300,0.4584446,0,imagenet_c,defocus_blur,1,none
efficientnet_b4,ILSVRC2012_val_00027791.JPEG,n02167151,302,314,0.34672293,0,imagenet_c,defocus_blur,1,none
efficientnet_b4,ILSVRC2012_val_00028697.JPEG,n02167151,302,305,0.4720381,0,imagenet_c,defocus_blur,1,none
efficientnet_b4,ILSVRC2012_val_00029325.JPEG,n02167151,302,305,0.1034617,0,imagenet_c,defocus_blur,1,none
efficientnet_b4,ILSVRC2012_val_00030419.JPEG,n02167151,302,302,0.24570921,1,imagenet_c,defocus_blur,1,none
efficientnet_b4,ILSVRC2012_val_00030459.JPEG,n02167151,302,306,0.34023002,0,imagenet_c,defocus_blur,1,none
efficientnet_b4,ILSVRC2012_val_00030792.JPEG,n02167151,302,302,0.68248457,1,imagenet_c,defocus_blur,1,none
efficientnet_b4,ILSVRC2012_val_00031128.JPEG,n02167151,302,302,0.3736561,1,imagenet_c,defocus_blur,1,none
efficientnet_b4,ILSVRC2012_val_00031506.JPEG,n02167151,302,302,0.7157963,1,imagenet_c,defocus_blur,1,none
efficientnet_b4,ILSVRC2012_val_00032023.JPEG,n02167151,302,302,0.7130993,1,imagenet_c,defocus_blur,1,none
efficientnet_b4,ILSVRC2012_val_00033826.JPEG,n02167151,302,314,0.3054821,0,imagenet_c,defocus_blur,1,none
efficientnet_b4,ILSVRC2012_val_00035797.JPEG,n02167151,302,302,0.7402407,1,imagenet_c,defocus_blur,1,none
efficientnet_b4,ILSVRC2012_val_00037453.JPEG,n02167151,302,302,0.3467777,1,imagenet_c,defocus_blur,1,none
efficientnet_b4,ILSVRC2012_val_00037713.JPEG,n02167151,302,305,0.37072164,0,imagenet_c,defocus_blur,1,none
efficientnet_b4,ILSVRC2012_val_00038818.JPEG,n02167151,302,308,0.34545118,0,imagenet_c,defocus_blur,1,none
efficientnet_b4,ILSVRC2012_val_00039157.JPEG,n02167151,302,300,0.66236407,0,imagenet_c,defocus_blur,1,none
efficientnet_b4,ILSVRC2012_val_00041011.JPEG,n02167151,302,300,0.49689865,0,imagenet_c,defocus_blur,1,none
efficientnet_b4,ILSVRC2012_val_00042127.JPEG,n02167151,302,302,0.70632845,1,imagenet_c,defocus_blur,1,none
efficientnet_b4,ILSVRC2012_val_00042180.JPEG,n02167151,302,302,0.7411004,1,imagenet_c,defocus_blur,1,none
efficientnet_b4,ILSVRC2012_val_00042610.JPEG,n02167151,302,302,0.7165396,1,imagenet_c,defocus_blur,1,none
efficientnet_b4,ILSVRC2012_val_00043655.JPEG,n02167151,302,310,0.15997708,0,imagenet_c,defocus_blur,1,none
efficientnet_b4,ILSVRC2012_val_00046689.JPEG,n02167151,302,302,0.65414524,1,imagenet_c,defocus_blur,1,none
efficientnet_b4,ILSVRC2012_val_00049611.JPEG,n02167151,302,302,0.6746679,1,imagenet_c,defocus_blur,1,none
efficientnet_b4,ILSVRC2012_val_00049722.JPEG,n02167151,302,302,0.6519422,1,imagenet_c,defocus_blur,1,none
efficientnet_b4,ILSVRC2012_val_00000926.JPEG,n02168699,303,998,0.059674013,0,imagenet_c,defocus_blur,1,none
efficientnet_b4,ILSVRC2012_val_00001529.JPEG,n02168699,303,303,0.39408544,1,imagenet_c,defocus_blur,1,none
efficientnet_b4,ILSVRC2012_val_00003444.JPEG,n02168699,303,304,0.4210513,0,imagenet_c,defocus_blur,1,none
efficientnet_b4,ILSVRC2012_val_00004919.JPEG,n02168699,303,303,0.675323,1,imagenet_c,defocus_blur,1,none
efficientnet_b4,ILSVRC2012_val_00006595.JPEG,n02168699,303,314,0.18948768,0,imagenet_c,defocus_blur,1,none
efficientnet_b4,ILSVRC2012_val_00006614.JPEG,n02168699,303,303,0.48539668,1,imagenet_c,defocus_blur,1,none
efficientnet_b4,ILSVRC2012_val_00006823.JPEG,n02168699,303,303,0.58872205,1,imagenet_c,defocus_blur,1,none
efficientnet_b4,ILSVRC2012_val_00006867.JPEG,n02168699,303,303,0.7469778,1,imagenet_c,defocus_blur,1,none
efficientnet_b4,ILSVRC2012_val_00007520.JPEG,n02168699,303,313,0.082317345,0,imagenet_c,defocus_blur,1,none
efficientnet_b4,ILSVRC2012_val_00008858.JPEG,n02168699,303,77,0.13381428,0,imagenet_c,defocus_blur,1,none
efficientnet_b4,ILSVRC2012_val_00010411.JPEG,n02168699,303,314,0.09071047,0,imagenet_c,defocus_blur,1,none
efficientnet_b4,ILSVRC2012_val_00013153.JPEG,n02168699,303,303,0.06835,1,imagenet_c,defocus_blur,1,none
efficientnet_b4,ILSVRC2012_val_00013422.JPEG,n02168699,303,303,0.69001293,1,imagenet_c,defocus_blur,1,none
efficientnet_b4,ILSVRC2012_val_00015056.JPEG,n02168699,303,303,0.40158302,1,imagenet_c,defocus_blur,1,none
efficientnet_b4,ILSVRC2012_val_00015603.JPEG,n02168699,303,303,0.45837423,1,imagenet_c,defocus_blur,1,none
efficientnet_b4,ILSVRC2012_val_00017552.JPEG,n02168699,303,302,0.378458,0,imagenet_c,defocus_blur,1,none
efficientnet_b4,ILSVRC2012_val_00017727.JPEG,n02168699,303,303,0.3739749,1,imagenet_c,defocus_blur,1,none
efficientnet_b4,ILSVRC2012_val_00017893.JPEG,n02168699,303,303,0.12145169,1,imagenet_c,defocus_blur,1,none
efficientnet_b4,ILSVRC2012_val_00018022.JPEG,n02168699,303,303,0.62035197,1,imagenet_c,defocus_blur,1,none
efficientnet_b4,ILSVRC2012_val_00018106.JPEG,n02168699,303,303,0.48887452,1,imagenet_c,defocus_blur,1,none
efficientnet_b4,ILSVRC2012_val_00020053.JPEG,n02168699,303,306,0.117278405,0,imagenet_c,defocus_blur,1,none
efficientnet_b4,ILSVRC2012_val_00021688.JPEG,n02168699,303,303,0.64902824,1,imagenet_c,defocus_blur,1,none
efficientnet_b4,ILSVRC2012_val_00023834.JPEG,n02168699,303,303,0.40535337,1,imagenet_c,defocus_blur,1,none
efficientnet_b4,ILSVRC2012_val_00024014.JPEG,n02168699,303,303,0.6024422,1,imagenet_c,defocus_blur,1,none
efficientnet_b4,ILSVRC2012_val_00026324.JPEG,n02168699,303,304,0.5931707,0,imagenet_c,defocus_blur,1,none
efficientnet_b4,ILSVRC2012_val_00028427.JPEG,n02168699,303,303,0.21659699,1,imagenet_c,defocus_blur,1,none
efficientnet_b4,ILSVRC2012_val_00029227.JPEG,n02168699,303,303,0.64249253,1,imagenet_c,defocus_blur,1,none
efficientnet_b4,ILSVRC2012_val_00029307.JPEG,n02168699,303,303,0.5708687,1,imagenet_c,defocus_blur,1,none
efficientnet_b4,ILSVRC2012_val_00029410.JPEG,n02168699,303,303,0.27006364,1,imagenet_c,defocus_blur,1,none
efficientnet_b4,ILSVRC2012_val_00031227.JPEG,n02168699,303,303,0.5545301,1,imagenet_c,defocus_blur,1,none
efficientnet_b4,ILSVRC2012_val_00031928.JPEG,n02168699,303,114,0.06462186,0,imagenet_c,defocus_blur,1,none
efficientnet_b4,ILSVRC2012_val_00032989.JPEG,n02168699,303,316,0.05979449,0,imagenet_c,defocus_blur,1,none
efficientnet_b4,ILSVRC2012_val_00034014.JPEG,n02168699,303,312,0.25896263,0,imagenet_c,defocus_blur,1,none
efficientnet_b4,ILSVRC2012_val_00035526.JPEG,n02168699,303,309,0.24213247,0,imagenet_c,defocus_blur,1,none
efficientnet_b4,ILSVRC2012_val_00036405.JPEG,n02168699,303,303,0.17311427,1,imagenet_c,defocus_blur,1,none
efficientnet_b4,ILSVRC2012_val_00037126.JPEG,n02168699,303,303,0.6993591,1,imagenet_c,defocus_blur,1,none
efficientnet_b4,ILSVRC2012_val_00040132.JPEG,n02168699,303,303,0.25317293,1,imagenet_c,defocus_blur,1,none
efficientnet_b4,ILSVRC2012_val_00041250.JPEG,n02168699,303,126,0.32793427,0,imagenet_c,defocus_blur,1,none
efficientnet_b4,ILSVRC2012_val_00041381.JPEG,n02168699,303,303,0.43662447,1,imagenet_c,defocus_blur,1,none
efficientnet_b4,ILSVRC2012_val_00041506.JPEG,n02168699,303,303,0.2704399,1,imagenet_c,defocus_blur,1,none
efficientnet_b4,ILSVRC2012_val_00044361.JPEG,n02168699,303,303,0.29929465,1,imagenet_c,defocus_blur,1,none
efficientnet_b4,ILSVRC2012_val_00044476.JPEG,n02168699,303,126,0.21945554,0,imagenet_c,defocus_blur,1,none
efficientnet_b4,ILSVRC2012_val_00045848.JPEG,n02168699,303,303,0.6329563,1,imagenet_c,defocus_blur,1,none
efficientnet_b4,ILSVRC2012_val_00045910.JPEG,n02168699,303,303,0.57104975,1,imagenet_c,defocus_blur,1,none
efficientnet_b4,ILSVRC2012_val_00046314.JPEG,n02168699,303,303,0.18806314,1,imagenet_c,defocus_blur,1,none
efficientnet_b4,ILSVRC2012_val_00046784.JPEG,n02168699,303,77,0.10432142,0,imagenet_c,defocus_blur,1,none
efficientnet_b4,ILSVRC2012_val_00047337.JPEG,n02168699,303,323,0.44224545,0,imagenet_c,defocus_blur,1,none
efficientnet_b4,ILSVRC2012_val_00047392.JPEG,n02168699,303,303,0.7301114,1,imagenet_c,defocus_blur,1,none
efficientnet_b4,ILSVRC2012_val_00048076.JPEG,n02168699,303,303,0.5604298,1,imagenet_c,defocus_blur,1,none
efficientnet_b4,ILSVRC2012_val_00048676.JPEG,n02168699,303,303,0.6372558,1,imagenet_c,defocus_blur,1,none
efficientnet_b4,ILSVRC2012_val_00000510.JPEG,n02169497,304,301,0.4823649,0,imagenet_c,defocus_blur,1,none
efficientnet_b4,ILSVRC2012_val_00001539.JPEG,n02169497,304,305,0.10912323,0,imagenet_c,defocus_blur,1,none
efficientnet_b4,ILSVRC2012_val_00001776.JPEG,n02169497,304,304,0.73809034,1,imagenet_c,defocus_blur,1,none
efficientnet_b4,ILSVRC2012_val_00002305.JPEG,n02169497,304,301,0.4652894,0,imagenet_c,defocus_blur,1,none
efficientnet_b4,ILSVRC2012_val_00003430.JPEG,n02169497,304,304,0.47773206,1,imagenet_c,defocus_blur,1,none
efficientnet_b4,ILSVRC2012_val_00004716.JPEG,n02169497,304,304,0.45829025,1,imagenet_c,defocus_blur,1,none
efficientnet_b4,ILSVRC2012_val_00004851.JPEG,n02169497,304,301,0.5950709,0,imagenet_c,defocus_blur,1,none
efficientnet_b4,ILSVRC2012_val_00007549.JPEG,n02169497,304,304,0.587312,1,imagenet_c,defocus_blur,1,none
efficientnet_b4,ILSVRC2012_val_00008140.JPEG,n02169497,304,304,0.23264001,1,imagenet_c,defocus_blur,1,none
efficientnet_b4,ILSVRC2012_val_00008393.JPEG,n02169497,304,302,0.54693645,0,imagenet_c,defocus_blur,1,none
efficientnet_b4,ILSVRC2012_val_00011845.JPEG,n02169497,304,301,0.465248,0,imagenet_c,defocus_blur,1,none
efficientnet_b4,ILSVRC2012_val_00014134.JPEG,n02169497,304,304,0.5995539,1,imagenet_c,defocus_blur,1,none
efficientnet_b4,ILSVRC2012_val_00015755.JPEG,n02169497,304,304,0.5388157,1,imagenet_c,defocus_blur,1,none
efficientnet_b4,ILSVRC2012_val_00015802.JPEG,n02169497,304,304,0.331899,1,imagenet_c,defocus_blur,1,none
efficientnet_b4,ILSVRC2012_val_00016355.JPEG,n02169497,304,301,0.52596605,0,imagenet_c,defocus_blur,1,none
efficientnet_b4,ILSVRC2012_val_00017264.JPEG,n02169497,304,304,0.3928668,1,imagenet_c,defocus_blur,1,none
efficientnet_b4,ILSVRC2012_val_00018858.JPEG,n02169497,304,301,0.35669342,0,imagenet_c,defocus_blur,1,none
efficientnet_b4,ILSVRC2012_val_00019171.JPEG,n02169497,304,73,0.38211647,0,imagenet_c,defocus_blur,1,none
efficientnet_b4,ILSVRC2012_val_00019357.JPEG,n02169497,304,303,0.29328045,0,imagenet_c,defocus_blur,1,none
efficientnet_b4,ILSVRC2012_val_00020159.JPEG,n02169497,304,304,0.6701144,1,imagenet_c,defocus_blur,1,none
efficientnet_b4,ILSVRC2012_val_00020652.JPEG,n02169497,304,303,0.29865,0,imagenet_c,defocus_blur,1,none
efficientnet_b4,ILSVRC2012_val_00021794.JPEG,n02169497,304,304,0.28116497,1,imagenet_c,defocus_blur,1,none
efficientnet_b4,ILSVRC2012_val_00021847.JPEG,n02169497,304,304,0.49945658,1,imagenet_c,defocus_blur,1,none
efficientnet_b4,ILSVRC2012_val_00021880.JPEG,n02169497,304,304,0.64098907,1,imagenet_c,defocus_blur,1,none
efficientnet_b4,ILSVRC2012_val_00022351.JPEG,n02169497,304,304,0.5312277,1,imagenet_c,defocus_blur,1,none
efficientnet_b4,ILSVRC2012_val_00023833.JPEG,n02169497,304,301,0.6070149,0,imagenet_c,defocus_blur,1,none
efficientnet_b4,ILSVRC2012_val_00024558.JPEG,n02169497,304,301,0.44465604,0,imagenet_c,defocus_blur,1,none
efficientnet_b4,ILSVRC2012_val_00025729.JPEG,n02169497,304,300,0.18614933,0,imagenet_c,defocus_blur,1,none
efficientnet_b4,ILSVRC2012_val_00027714.JPEG,n02169497,304,304,0.09668754,1,imagenet_c,defocus_blur,1,none
efficientnet_b4,ILSVRC2012_val_00029421.JPEG,n02169497,304,989,0.18617828,0,imagenet_c,defocus_blur,1,none
efficientnet_b4,ILSVRC2012_val_00031036.JPEG,n02169497,304,304,0.5203229,1,imagenet_c,defocus_blur,1,none
efficientnet_b4,ILSVRC2012_val_00031660.JPEG,n02169497,304,301,0.5679562,0,imagenet_c,defocus_blur,1,none
efficientnet_b4,ILSVRC2012_val_00031961.JPEG,n02169497,304,304,0.38177785,1,imagenet_c,defocus_blur,1,none
efficientnet_b4,ILSVRC2012_val_00032871.JPEG,n02169497,304,304,0.29694748,1,imagenet_c,defocus_blur,1,none
efficientnet_b4,ILSVRC2012_val_00032986.JPEG,n02169497,304,304,0.31376714,1,imagenet_c,defocus_blur,1,none
efficientnet_b4,ILSVRC2012_val_00034190.JPEG,n02169497,304,304,0.33515313,1,imagenet_c,defocus_blur,1,none
efficientnet_b4,ILSVRC2012_val_00034954.JPEG,n02169497,304,310,0.22666429,0,imagenet_c,defocus_blur,1,none
efficientnet_b4,ILSVRC2012_val_00036173.JPEG,n02169497,304,304,0.52132136,1,imagenet_c,defocus_blur,1,none
efficientnet_b4,ILSVRC2012_val_00036613.JPEG,n02169497,304,304,0.4180305,1,imagenet_c,defocus_blur,1,none
efficientnet_b4,ILSVRC2012_val_00041728.JPEG,n02169497,304,306,0.32517242,0,imagenet_c,defocus_blur,1,none
efficientnet_b4,ILSVRC2012_val_00042299.JPEG,n02169497,304,303,0.57236546,0,imagenet_c,defocus_blur,1,none
efficientnet_b4,ILSVRC2012_val_00043134.JPEG,n02169497,304,304,0.38109463,1,imagenet_c,defocus_blur,1,none
efficientnet_b4,ILSVRC2012_val_00043250.JPEG,n02169497,304,304,0.37936532,1,imagenet_c,defocus_blur,1,none
efficientnet_b4,ILSVRC2012_val_00047115.JPEG,n02169497,304,304,0.5274264,1,imagenet_c,defocus_blur,1,none
efficientnet_b4,ILSVRC2012_val_00047901.JPEG,n02169497,304,304,0.17466228,1,imagenet_c,defocus_blur,1,none
efficientnet_b4,ILSVRC2012_val_00047928.JPEG,n02169497,304,304,0.26335448,1,imagenet_c,defocus_blur,1,none
efficientnet_b4,ILSVRC2012_val_00048026.JPEG,n02169497,304,301,0.42116582,0,imagenet_c,defocus_blur,1,none
efficientnet_b4,ILSVRC2012_val_00048058.JPEG,n02169497,304,326,0.16368441,0,imagenet_c,defocus_blur,1,none
efficientnet_b4,ILSVRC2012_val_00048894.JPEG,n02169497,304,304,0.2061172,1,imagenet_c,defocus_blur,1,none
efficientnet_b4,ILSVRC2012_val_00049845.JPEG,n02169497,304,304,0.19733277,1,imagenet_c,defocus_blur,1,none
efficientnet_b4,ILSVRC2012_val_00000342.JPEG,n02172182,305,305,0.47625658,1,imagenet_c,defocus_blur,1,none
efficientnet_b4,ILSVRC2012_val_00000924.JPEG,n02172182,305,305,0.1688686,1,imagenet_c,defocus_blur,1,none
efficientnet_b4,ILSVRC2012_val_00002042.JPEG,n02172182,305,305,0.30484936,1,imagenet_c,defocus_blur,1,none
efficientnet_b4,ILSVRC2012_val_00003677.JPEG,n02172182,305,305,0.72528136,1,imagenet_c,defocus_blur,1,none
efficientnet_b4,ILSVRC2012_val_00003993.JPEG,n02172182,305,305,0.6366303,1,imagenet_c,defocus_blur,1,none
efficientnet_b4,ILSVRC2012_val_00004004.JPEG,n02172182,305,305,0.22447477,1,imagenet_c,defocus_blur,1,none
efficientnet_b4,ILSVRC2012_val_00004813.JPEG,n02172182,305,120,0.07524734,0,imagenet_c,defocus_blur,1,none
efficientnet_b4,ILSVRC2012_val_00005763.JPEG,n02172182,305,305,0.6373801,1,imagenet_c,defocus_blur,1,none
efficientnet_b4,ILSVRC2012_val_00006883.JPEG,n02172182,305,73,0.25223964,0,imagenet_c,defocus_blur,1,none
efficientnet_b4,ILSVRC2012_val_00007375.JPEG,n02172182,305,305,0.7419415,1,imagenet_c,defocus_blur,1,none
efficientnet_b4,ILSVRC2012_val_00008706.JPEG,n02172182,305,305,0.6474753,1,imagenet_c,defocus_blur,1,none
efficientnet_b4,ILSVRC2012_val_00009945.JPEG,n02172182,305,305,0.058376957,1,imagenet_c,defocus_blur,1,none
efficientnet_b4,ILSVRC2012_val_00010424.JPEG,n02172182,305,305,0.20173447,1,imagenet_c,defocus_blur,1,none
efficientnet_b4,ILSVRC2012_val_00010678.JPEG,n02172182,305,305,0.625777,1,imagenet_c,defocus_blur,1,none
efficientnet_b4,ILSVRC2012_val_00011085.JPEG,n02172182,305,305,0.5254448,1,imagenet_c,defocus_blur,1,none
efficientnet_b4,ILSVRC2012_val_00012986.JPEG,n02172182,305,305,0.6361556,1,imagenet_c,defocus_blur,1,none
efficientnet_b4,ILSVRC2012_val_00013314.JPEG,n02172182,305,305,0.45544696,1,imagenet_c,defocus_blur,1,none
efficientnet_b4,ILSVRC2012_val_00013351.JPEG,n02172182,305,305,0.52376753,1,imagenet_c,defocus_blur,1,none
efficientnet_b4,ILSVRC2012_val_00015022.JPEG,n02172182,305,305,0.5993279,1,imagenet_c,defocus_blur,1,none
efficientnet_b4,ILSVRC2012_val_00018288.JPEG,n02172182,305,305,0.48808843,1,imagenet_c,defocus_blur,1,none
efficientnet_b4,ILSVRC2012_val_00019092.JPEG,n02172182,305,305,0.57682157,1,imagenet_c,defocus_blur,1,none
efficientnet_b4,ILSVRC2012_val_00019467.JPEG,n02172182,305,305,0.5954587,1,imagenet_c,defocus_blur,1,none
efficientnet_b4,ILSVRC2012_val_00019838.JPEG,n02172182,305,305,0.17725307,1,imagenet_c,defocus_blur,1,none
efficientnet_b4,ILSVRC2012_val_00020308.JPEG,n02172182,305,739,0.06806673,0,imagenet_c,defocus_blur,1,none
efficientnet_b4,ILSVRC2012_val_00020397.JPEG,n02172182,305,305,0.54035914,1,imagenet_c,defocus_blur,1,none
efficientnet_b4,ILSVRC2012_val_00020824.JPEG,n02172182,305,306,0.290172,0,imagenet_c,defocus_blur,1,none
efficientnet_b4,ILSVRC2012_val_00021314.JPEG,n02172182,305,306,0.23819774,0,imagenet_c,defocus_blur,1,none
efficientnet_b4,ILSVRC2012_val_00024737.JPEG,n02172182,305,305,0.5809064,1,imagenet_c,defocus_blur,1,none
efficientnet_b4,ILSVRC2012_val_00028122.JPEG,n02172182,305,305,0.6198231,1,imagenet_c,defocus_blur,1,none
efficientnet_b4,ILSVRC2012_val_00029442.JPEG,n02172182,305,305,0.25176385,1,imagenet_c,defocus_blur,1,none
efficientnet_b4,ILSVRC2012_val_00029856.JPEG,n02172182,305,305,0.63574946,1,imagenet_c,defocus_blur,1,none
efficientnet_b4,ILSVRC2012_val_00030596.JPEG,n02172182,305,305,0.5828904,1,imagenet_c,defocus_blur,1,none
efficientnet_b4,ILSVRC2012_val_00031062.JPEG,n02172182,305,305,0.5318438,1,imagenet_c,defocus_blur,1,none
efficientnet_b4,ILSVRC2012_val_00034769.JPEG,n02172182,305,305,0.355348,1,imagenet_c,defocus_blur,1,none
efficientnet_b4,ILSVRC2012_val_00036265.JPEG,n02172182,305,305,0.5738587,1,imagenet_c,defocus_blur,1,none
efficientnet_b4,ILSVRC2012_val_00036729.JPEG,n02172182,305,305,0.15399487,1,imagenet_c,defocus_blur,1,none
efficientnet_b4,ILSVRC2012_val_00037483.JPEG,n02172182,305,305,0.38745317,1,imagenet_c,defocus_blur,1,none
efficientnet_b4,ILSVRC2012_val_00037505.JPEG,n02172182,305,305,0.15647605,1,imagenet_c,defocus_blur,1,none
efficientnet_b4,ILSVRC2012_val_00037889.JPEG,n02172182,305,305,0.747484,1,imagenet_c,defocus_blur,1,none
efficientnet_b4,ILSVRC2012_val_00037930.JPEG,n02172182,305,305,0.7454499,1,imagenet_c,defocus_blur,1,none
efficientnet_b4,ILSVRC2012_val_00037987.JPEG,n02172182,305,300,0.29188547,0,imagenet_c,defocus_blur,1,none
efficientnet_b4,ILSVRC2012_val_00040267.JPEG,n02172182,305,998,0.16155475,0,imagenet_c,defocus_blur,1,none
efficientnet_b4,ILSVRC2012_val_00043670.JPEG,n02172182,305,306,0.34035784,0,imagenet_c,defocus_blur,1,none
efficientnet_b4,ILSVRC2012_val_00043711.JPEG,n02172182,305,305,0.3225618,1,imagenet_c,defocus_blur,1,none
efficientnet_b4,ILSVRC2012_val_00045513.JPEG,n02172182,305,305,0.037744395,1,imagenet_c,defocus_blur,1,none
efficientnet_b4,ILSVRC2012_val_00045900.JPEG,n02172182,305,305,0.56739736,1,imagenet_c,defocus_blur,1,none
efficientnet_b4,ILSVRC2012_val_00046782.JPEG,n02172182,305,305,0.25497764,1,imagenet_c,defocus_blur,1,none
efficientnet_b4,ILSVRC2012_val_00047541.JPEG,n02172182,305,305,0.03305436,1,imagenet_c,defocus_blur,1,none
efficientnet_b4,ILSVRC2012_val_00048079.JPEG,n02172182,305,305,0.37987775,1,imagenet_c,defocus_blur,1,none
efficientnet_b4,ILSVRC2012_val_00049259.JPEG,n02172182,305,305,0.650166,1,imagenet_c,defocus_blur,1,none
efficientnet_b4,ILSVRC2012_val_00000692.JPEG,n02174001,306,306,0.52741474,1,imagenet_c,defocus_blur,1,none
efficientnet_b4,ILSVRC2012_val_00000819.JPEG,n02174001,306,306,0.5920239,1,imagenet_c,defocus_blur,1,none
efficientnet_b4,ILSVRC2012_val_00001835.JPEG,n02174001,306,306,0.75930774,1,imagenet_c,defocus_blur,1,none
efficientnet_b4,ILSVRC2012_val_00003191.JPEG,n02174001,306,306,0.70997095,1,imagenet_c,defocus_blur,1,none
efficientnet_b4,ILSVRC2012_val_00003572.JPEG,n02174001,306,306,0.5267303,1,imagenet_c,defocus_blur,1,none
efficientnet_b4,ILSVRC2012_val_00004339.JPEG,n02174001,306,306,0.61742496,1,imagenet_c,defocus_blur,1,none
efficientnet_b4,ILSVRC2012_val_00005305.JPEG,n02174001,306,306,0.6601032,1,imagenet_c,defocus_blur,1,none
efficientnet_b4,ILSVRC2012_val_00009002.JPEG,n02174001,306,306,0.61220664,1,imagenet_c,defocus_blur,1,none
efficientnet_b4,ILSVRC2012_val_00011744.JPEG,n02174001,306,306,0.5254345,1,imagenet_c,defocus_blur,1,none
efficientnet_b4,ILSVRC2012_val_00011899.JPEG,n02174001,306,306,0.5038371,1,imagenet_c,defocus_blur,1,none
efficientnet_b4,ILSVRC2012_val_00014060.JPEG,n02174001,306,306,0.61727697,1,imagenet_c,defocus_blur,1,none
efficientnet_b4,ILSVRC2012_val_00014365.JPEG,n02174001,306,306,0.34580666,1,imagenet_c,defocus_blur,1,none
efficientnet_b4,ILSVRC2012_val_00016150.JPEG,n02174001,306,306,0.49690363,1,imagenet_c,defocus_blur,1,none
efficientnet_b4,ILSVRC2012_val_00016171.JPEG,n02174001,306,306,0.33340588,1,imagenet_c,defocus_blur,1,none
efficientnet_b4,ILSVRC2012_val_00016776.JPEG,n02174001,306,306,0.68546844,1,imagenet_c,defocus_blur,1,none
efficientnet_b4,ILSVRC2012_val_00018048.JPEG,n02174001,306,306,0.7545942,1,imagenet_c,defocus_blur,1,none
efficientnet_b4,ILSVRC2012_val_00020026.JPEG,n02174001,306,306,0.17013599,1,imagenet_c,defocus_blur,1,none
efficientnet_b4,ILSVRC2012_val_00020089.JPEG,n02174001,306,306,0.5519748,1,imagenet_c,defocus_blur,1,none
efficientnet_b4,ILSVRC2012_val_00021478.JPEG,n02174001,306,306,0.66455966,1,imagenet_c,defocus_blur,1,none
efficientnet_b4,ILSVRC2012_val_00021607.JPEG,n02174001,306,306,0.6598067,1,imagenet_c,defocus_blur,1,none
efficientnet_b4,ILSVRC2012_val_00023013.JPEG,n02174001,306,306,0.44498608,1,imagenet_c,defocus_blur,1,none
efficientnet_b4,ILSVRC2012_val_00023049.JPEG,n02174001,306,306,0.62664115,1,imagenet_c,defocus_blur,1,none
efficientnet_b4,ILSVRC2012_val_00023188.JPEG,n02174001,306,0,0.031312052,0,imagenet_c,defocus_blur,1,none
efficientnet_b4,ILSVRC2012_val_00023719.JPEG,n02174001,306,306,0.5745243,1,imagenet_c,defocus_blur,1,none
efficientnet_b4,ILSVRC2012_val_00023897.JPEG,n02174001,306,306,0.6658705,1,imagenet_c,defocus_blur,1,none
efficientnet_b4,ILSVRC2012_val_00024458.JPEG,n02174001,306,306,0.51618814,1,imagenet_c,defocus_blur,1,none
efficientnet_b4,ILSVRC2012_val_00024743.JPEG,n02174001,306,306,0.644176,1,imagenet_c,defocus_blur,1,none
efficientnet_b4,ILSVRC2012_val_00025225.JPEG,n02174001,306,306,0.42497125,1,imagenet_c,defocus_blur,1,none
efficientnet_b4,ILSVRC2012_val_00025694.JPEG,n02174001,306,306,0.6292709,1,imagenet_c,defocus_blur,1,none
efficientnet_b4,ILSVRC2012_val_00025855.JPEG,n02174001,306,25,0.10482229,0,imagenet_c,defocus_blur,1,none
efficientnet_b4,ILSVRC2012_val_00027857.JPEG,n02174001,306,306,0.6324367,1,imagenet_c,defocus_blur,1,none
efficientnet_b4,ILSVRC2012_val_00029795.JPEG,n02174001,306,306,0.53042376,1,imagenet_c,defocus_blur,1,none
efficientnet_b4,ILSVRC2012_val_00031766.JPEG,n02174001,306,306,0.45392734,1,imagenet_c,defocus_blur,1,none
efficientnet_b4,ILSVRC2012_val_00032303.JPEG,n02174001,306,306,0.33413658,1,imagenet_c,defocus_blur,1,none
efficientnet_b4,ILSVRC2012_val_00033980.JPEG,n02174001,306,306,0.44818774,1,imagenet_c,defocus_blur,1,none
efficientnet_b4,ILSVRC2012_val_00034738.JPEG,n02174001,306,305,0.4033833,0,imagenet_c,defocus_blur,1,none
efficientnet_b4,ILSVRC2012_val_00035175.JPEG,n02174001,306,306,0.6207235,1,imagenet_c,defocus_blur,1,none
efficientnet_b4,ILSVRC2012_val_00036186.JPEG,n02174001,306,302,0.29365933,0,imagenet_c,defocus_blur,1,none
efficientnet_b4,ILSVRC2012_val_00038181.JPEG,n02174001,306,319,0.3316428,0,imagenet_c,defocus_blur,1,none
efficientnet_b4,ILSVRC2012_val_00038832.JPEG,n02174001,306,306,0.5376388,1,imagenet_c,defocus_blur,1,none
efficientnet_b4,ILSVRC2012_val_00039332.JPEG,n02174001,306,306,0.5100929,1,imagenet_c,defocus_blur,1,none
efficientnet_b4,ILSVRC2012_val_00040044.JPEG,n02174001,306,306,0.6197548,1,imagenet_c,defocus_blur,1,none
efficientnet_b4,ILSVRC2012_val_00043410.JPEG,n02174001,306,306,0.304946,1,imagenet_c,defocus_blur,1,none
efficientnet_b4,ILSVRC2012_val_00044390.JPEG,n02174001,306,302,0.23832066,0,imagenet_c,defocus_blur,1,none
efficientnet_b4,ILSVRC2012_val_00046485.JPEG,n02174001,306,306,0.6038342,1,imagenet_c,defocus_blur,1,none
efficientnet_b4,ILSVRC2012_val_00047630.JPEG,n02174001,306,446,0.042891983,0,imagenet_c,defocus_blur,1,none
efficientnet_b4,ILSVRC2012_val_00047820.JPEG,n02174001,306,306,0.4917428,1,imagenet_c,defocus_blur,1,none
efficientnet_b4,ILSVRC2012_val_00048326.JPEG,n02174001,306,306,0.54472905,1,imagenet_c,defocus_blur,1,none
efficientnet_b4,ILSVRC2012_val_00048570.JPEG,n02174001,306,306,0.47358114,1,imagenet_c,defocus_blur,1,none
efficientnet_b4,ILSVRC2012_val_00049168.JPEG,n02174001,306,306,0.75908,1,imagenet_c,defocus_blur,1,none
efficientnet_b4,ILSVRC2012_val_00001570.JPEG,n02177972,307,307,0.6854633,1,imagenet_c,defocus_blur,1,none
efficientnet_b4,ILSVRC2012_val_00001737.JPEG,n02177972,307,307,0.42082924,1,imagenet_c,defocus_blur,1,none
efficientnet_b4,ILSVRC2012_val_00004765.JPEG,n02177972,307,307,0.1437222,1,imagenet_c,defocus_blur,1,none
efficientnet_b4,ILSVRC2012_val_00006121.JPEG,n02177972,307,307,0.5252189,1,imagenet_c,defocus_blur,1,none
efficientnet_b4,ILSVRC2012_val_00006901.JPEG,n02177972,307,307,0.61904377,1,imagenet_c,defocus_blur,1,none
efficientnet_b4,ILSVRC2012_val_00008931.JPEG,n02177972,307,307,0.28248227,1,imagenet_c,defocus_blur,1,none
efficientnet_b4,ILSVRC2012_val_00009282.JPEG,n02177972,307,78,0.20359632,0,imagenet_c,defocus_blur,1,none
efficientnet_b4,ILSVRC2012_val_00010610.JPEG,n02177972,307,307,0.46765321,1,imagenet_c,defocus_blur,1,none
efficientnet_b4,ILSVRC2012_val_00010952.JPEG,n02177972,307,307,0.80759066,1,imagenet_c,defocus_blur,1,none
efficientnet_b4,ILSVRC2012_val_00011181.JPEG,n02177972,307,78,0.28012574,0,imagenet_c,defocus_blur,1,none
efficientnet_b4,ILSVRC2012_val_00012825.JPEG,n02177972,307,307,0.64511734,1,imagenet_c,defocus_blur,1,none
efficientnet_b4,ILSVRC2012_val_00013078.JPEG,n02177972,307,307,0.62479585,1,imagenet_c,defocus_blur,1,none
efficientnet_b4,ILSVRC2012_val_00013708.JPEG,n02177972,307,307,0.5229298,1,imagenet_c,defocus_blur,1,none
efficientnet_b4,ILSVRC2012_val_00014408.JPEG,n02177972,307,307,0.34902978,1,imagenet_c,defocus_blur,1,none
efficientnet_b4,ILSVRC2012_val_00015112.JPEG,n02177972,307,307,0.30463398,1,imagenet_c,defocus_blur,1,none
efficientnet_b4,ILSVRC2012_val_00015186.JPEG,n02177972,307,307,0.6067701,1,imagenet_c,defocus_blur,1,none
efficientnet_b4,ILSVRC2012_val_00015293.JPEG,n02177972,307,302,0.14836329,0,imagenet_c,defocus_blur,1,none
efficientnet_b4,ILSVRC2012_val_00015600.JPEG,n02177972,307,307,0.4376906,1,imagenet_c,defocus_blur,1,none
efficientnet_b4,ILSVRC2012_val_00015729.JPEG,n02177972,307,307,0.66357213,1,imagenet_c,defocus_blur,1,none
efficientnet_b4,ILSVRC2012_val_00016770.JPEG,n02177972,307,307,0.19025913,1,imagenet_c,defocus_blur,1,none
efficientnet_b4,ILSVRC2012_val_00017638.JPEG,n02177972,307,307,0.40910193,1,imagenet_c,defocus_blur,1,none
efficientnet_b4,ILSVRC2012_val_00019202.JPEG,n02177972,307,307,0.28646347,1,imagenet_c,defocus_blur,1,none
efficientnet_b4,ILSVRC2012_val_00020581.JPEG,n02177972,307,302,0.69948024,0,imagenet_c,defocus_blur,1,none
efficientnet_b4,ILSVRC2012_val_00024850.JPEG,n02177972,307,307,0.38932472,1,imagenet_c,defocus_blur,1,none
efficientnet_b4,ILSVRC2012_val_00025188.JPEG,n02177972,307,307,0.5283294,1,imagenet_c,defocus_blur,1,none
efficientnet_b4,ILSVRC2012_val_00025212.JPEG,n02177972,307,307,0.33662295,1,imagenet_c,defocus_blur,1,none
efficientnet_b4,ILSVRC2012_val_00025754.JPEG,n02177972,307,78,0.38327524,0,imagenet_c,defocus_blur,1,none
efficientnet_b4,ILSVRC2012_val_00027378.JPEG,n02177972,307,307,0.44164547,1,imagenet_c,defocus_blur,1,none
efficientnet_b4,ILSVRC2012_val_00027717.JPEG,n02177972,307,742,0.19340953,0,imagenet_c,defocus_blur,1,none
efficientnet_b4,ILSVRC2012_val_00028453.JPEG,n02177972,307,302,0.28757483,0,imagenet_c,defocus_blur,1,none
efficientnet_b4,ILSVRC2012_val_00030510.JPEG,n02177972,307,307,0.525271,1,imagenet_c,defocus_blur,1,none
efficientnet_b4,ILSVRC2012_val_00030638.JPEG,n02177972,307,307,0.6845485,1,imagenet_c,defocus_blur,1,none
efficientnet_b4,ILSVRC2012_val_00030795.JPEG,n02177972,307,307,0.3660985,1,imagenet_c,defocus_blur,1,none
efficientnet_b4,ILSVRC2012_val_00031097.JPEG,n02177972,307,306,0.25787687,0,imagenet_c,defocus_blur,1,none
efficientnet_b4,ILSVRC2012_val_00031920.JPEG,n02177972,307,307,0.41931918,1,imagenet_c,defocus_blur,1,none
efficientnet_b4,ILSVRC2012_val_00033035.JPEG,n02177972,307,307,0.13085088,1,imagenet_c,defocus_blur,1,none
efficientnet_b4,ILSVRC2012_val_00034203.JPEG,n02177972,307,307,0.628965,1,imagenet_c,defocus_blur,1,none
efficientnet_b4,ILSVRC2012_val_00036295.JPEG,n02177972,307,307,0.5706749,1,imagenet_c,defocus_blur,1,none
efficientnet_b4,ILSVRC2012_val_00037269.JPEG,n02177972,307,310,0.28453538,0,imagenet_c,defocus_blur,1,none
efficientnet_b4,ILSVRC2012_val_00037768.JPEG,n02177972,307,307,0.24979423,1,imagenet_c,defocus_blur,1,none
efficientnet_b4,ILSVRC2012_val_00039201.JPEG,n02177972,307,307,0.32173032,1,imagenet_c,defocus_blur,1,none
efficientnet_b4,ILSVRC2012_val_00039406.JPEG,n02177972,307,307,0.19709349,1,imagenet_c,defocus_blur,1,none
efficientnet_b4,ILSVRC2012_val_00039589.JPEG,n02177972,307,302,0.17093,0,imagenet_c,defocus_blur,1,none
efficientnet_b4,ILSVRC2012_val_00039612.JPEG,n02177972,307,307,0.40724665,1,imagenet_c,defocus_blur,1,none
efficientnet_b4,ILSVRC2012_val_00040996.JPEG,n02177972,307,318,0.13024056,0,imagenet_c,defocus_blur,1,none
efficientnet_b4,ILSVRC2012_val_00041117.JPEG,n02177972,307,307,0.69998866,1,imagenet_c,defocus_blur,1,none
efficientnet_b4,ILSVRC2012_val_00044574.JPEG,n02177972,307,307,0.6023709,1,imagenet_c,defocus_blur,1,none
efficientnet_b4,ILSVRC2012_val_00044760.JPEG,n02177972,307,308,0.23053308,0,imagenet_c,defocus_blur,1,none
efficientnet_b4,ILSVRC2012_val_00047065.JPEG,n02177972,307,310,0.34915534,0,imagenet_c,defocus_blur,1,none
efficientnet_b4,ILSVRC2012_val_00049384.JPEG,n02177972,307,307,0.5035556,1,imagenet_c,defocus_blur,1,none
efficientnet_b4,ILSVRC2012_val_00001763.JPEG,n02190166,308,904,0.31463495,0,imagenet_c,defocus_blur,1,none
efficientnet_b4,ILSVRC2012_val_00002127.JPEG,n02190166,308,308,0.7039245,1,imagenet_c,defocus_blur,1,none
efficientnet_b4,ILSVRC2012_val_00002396.JPEG,n02190166,308,309,0.28779557,0,imagenet_c,defocus_blur,1,none
efficientnet_b4,ILSVRC2012_val_00003656.JPEG,n02190166,308,308,0.4156657,1,imagenet_c,defocus_blur,1,none
efficientnet_b4,ILSVRC2012_val_00004132.JPEG,n02190166,308,308,0.6263029,1,imagenet_c,defocus_blur,1,none
efficientnet_b4,ILSVRC2012_val_00005894.JPEG,n02190166,308,303,0.31019002,0,imagenet_c,defocus_blur,1,none
efficientnet_b4,ILSVRC2012_val_00007082.JPEG,n02190166,308,78,0.18286774,0,imagenet_c,defocus_blur,1,none
efficientnet_b4,ILSVRC2012_val_00007143.JPEG,n02190166,308,308,0.47681716,1,imagenet_c,defocus_blur,1,none
efficientnet_b4,ILSVRC2012_val_00008038.JPEG,n02190166,308,309,0.30389887,0,imagenet_c,defocus_blur,1,none
efficientnet_b4,ILSVRC2012_val_00008826.JPEG,n02190166,308,308,0.18598543,1,imagenet_c,defocus_blur,1,none
efficientnet_b4,ILSVRC2012_val_00008941.JPEG,n02190166,308,989,0.16765812,0,imagenet_c,defocus_blur,1,none
efficientnet_b4,ILSVRC2012_val_00011393.JPEG,n02190166,308,316,0.52125067,0,imagenet_c,defocus_blur,1,none
efficientnet_b4,ILSVRC2012_val_00014356.JPEG,n02190166,308,310,0.1596478,0,imagenet_c,defocus_blur,1,none
efficientnet_b4,ILSVRC2012_val_00014639.JPEG,n02190166,308,73,0.49205968,0,imagenet_c,defocus_blur,1,none
efficientnet_b4,ILSVRC2012_val_00016181.JPEG,n02190166,308,309,0.21888718,0,imagenet_c,defocus_blur,1,none
efficientnet_b4,ILSVRC2012_val_00016823.JPEG,n02190166,308,308,0.23135139,1,imagenet_c,defocus_blur,1,none
efficientnet_b4,ILSVRC2012_val_00018149.JPEG,n02190166,308,308,0.5495665,1,imagenet_c,defocus_blur,1,none
efficientnet_b4,ILSVRC2012_val_00018375.JPEG,n02190166,308,308,0.37936628,1,imagenet_c,defocus_blur,1,none
efficientnet_b4,ILSVRC2012_val_00019460.JPEG,n02190166,308,308,0.5126102,1,imagenet_c,defocus_blur,1,none
efficientnet_b4,ILSVRC2012_val_00019569.JPEG,n02190166,308,308,0.19839174,1,imagenet_c,defocus_blur,1,none
efficientnet_b4,ILSVRC2012_val_00020056.JPEG,n02190166,308,308,0.3509414,1,imagenet_c,defocus_blur,1,none
efficientnet_b4,ILSVRC2012_val_00020286.JPEG,n02190166,308,308,0.46482697,1,imagenet_c,defocus_blur,1,none
efficientnet_b4,ILSVRC2012_val_00020331.JPEG,n02190166,308,308,0.3965768,1,imagenet_c,defocus_blur,1,none
efficientnet_b4,ILSVRC2012_val_00020635.JPEG,n02190166,308,308,0.37757564,1,imagenet_c,defocus_blur,1,none
efficientnet_b4,ILSVRC2012_val_00021808.JPEG,n02190166,308,308,0.42283225,1,imagenet_c,defocus_blur,1,none
efficientnet_b4,ILSVRC2012_val_00022437.JPEG,n02190166,308,313,0.36947578,0,imagenet_c,defocus_blur,1,none
efficientnet_b4,ILSVRC2012_val_00022772.JPEG,n02190166,308,308,0.46621463,1,imagenet_c,defocus_blur,1,none
efficientnet_b4,ILSVRC2012_val_00024555.JPEG,n02190166,308,308,0.59007204,1,imagenet_c,defocus_blur,1,none
efficientnet_b4,ILSVRC2012_val_00026620.JPEG,n02190166,308,318,0.32920825,0,imagenet_c,defocus_blur,1,none
efficientnet_b4,ILSVRC2012_val_00029062.JPEG,n02190166,308,308,0.43899712,1,imagenet_c,defocus_blur,1,none
efficientnet_b4,ILSVRC2012_val_00030902.JPEG,n02190166,308,302,0.27198896,0,imagenet_c,defocus_blur,1,none
efficientnet_b4,ILSVRC2012_val_00031033.JPEG,n02190166,308,308,0.5518089,1,imagenet_c,defocus_blur,1,none
efficientnet_b4,ILSVRC2012_val_00033359.JPEG,n02190166,308,310,0.26122412,0,imagenet_c,defocus_blur,1,none
efficientnet_b4,ILSVRC2012_val_00033705.JPEG,n02190166,308,73,0.30331245,0,imagenet_c,defocus_blur,1,none
efficientnet_b4,ILSVRC2012_val_00034895.JPEG,n02190166,308,75,0.34862432,0,imagenet_c,defocus_blur,1,none
efficientnet_b4,ILSVRC2012_val_00035262.JPEG,n02190166,308,308,0.53061986,1,imagenet_c,defocus_blur,1,none
efficientnet_b4,ILSVRC2012_val_00036434.JPEG,n02190166,308,308,0.65632963,1,imagenet_c,defocus_blur,1,none
efficientnet_b4,ILSVRC2012_val_00036693.JPEG,n02190166,308,318,0.70112306,0,imagenet_c,defocus_blur,1,none
efficientnet_b4,ILSVRC2012_val_00038035.JPEG,n02190166,308,308,0.51017874,1,imagenet_c,defocus_blur,1,none
efficientnet_b4,ILSVRC2012_val_00038170.JPEG,n02190166,308,308,0.26393813,1,imagenet_c,defocus_blur,1,none
efficientnet_b4,ILSVRC2012_val_00038774.JPEG,n02190166,308,308,0.5233657,1,imagenet_c,defocus_blur,1,none
efficientnet_b4,ILSVRC2012_val_00039130.JPEG,n02190166,308,308,0.09200604,1,imagenet_c,defocus_blur,1,none
efficientnet_b4,ILSVRC2012_val_00039189.JPEG,n02190166,308,308,0.4905638,1,imagenet_c,defocus_blur,1,none
efficientnet_b4,ILSVRC2012_val_00039673.JPEG,n02190166,308,300,0.29958093,0,imagenet_c,defocus_blur,1,none
efficientnet_b4,ILSVRC2012_val_00040161.JPEG,n02190166,308,308,0.51788497,1,imagenet_c,defocus_blur,1,none
efficientnet_b4,ILSVRC2012_val_00040278.JPEG,n02190166,308,303,0.086916216,0,imagenet_c,defocus_blur,1,none
efficientnet_b4,ILSVRC2012_val_00040397.JPEG,n02190166,308,73,0.54105335,0,imagenet_c,defocus_blur,1,none
efficientnet_b4,ILSVRC2012_val_00043104.JPEG,n02190166,308,308,0.2682311,1,imagenet_c,defocus_blur,1,none
efficientnet_b4,ILSVRC2012_val_00045438.JPEG,n02190166,308,308,0.3456805,1,imagenet_c,defocus_blur,1,none
efficientnet_b4,ILSVRC2012_val_00045542.JPEG,n02190166,308,125,0.094458565,0,imagenet_c,defocus_blur,1,none
efficientnet_b4,ILSVRC2012_val_00001876.JPEG,n02206856,309,309,0.5279561,1,imagenet_c,defocus_blur,1,none
efficientnet_b4,ILSVRC2012_val_00002566.JPEG,n02206856,309,946,0.68229634,0,imagenet_c,defocus_blur,1,none
efficientnet_b4,ILSVRC2012_val_00003030.JPEG,n02206856,309,309,0.081648394,1,imagenet_c,defocus_blur,1,none
efficientnet_b4,ILSVRC2012_val_00005559.JPEG,n02206856,309,309,0.053446252,1,imagenet_c,defocus_blur,1,none
efficientnet_b4,ILSVRC2012_val_00005930.JPEG,n02206856,309,674,0.15035476,0,imagenet_c,defocus_blur,1,none
efficientnet_b4,ILSVRC2012_val_00006501.JPEG,n02206856,309,309,0.23282996,1,imagenet_c,defocus_blur,1,none
efficientnet_b4,ILSVRC2012_val_00011167.JPEG,n02206856,309,946,0.48259482,0,imagenet_c,defocus_blur,1,none
efficientnet_b4,ILSVRC2012_val_00011867.JPEG,n02206856,309,410,0.46832785,0,imagenet_c,defocus_blur,1,none
efficientnet_b4,ILSVRC2012_val_00012294.JPEG,n02206856,309,309,0.69241077,1,imagenet_c,defocus_blur,1,none
efficientnet_b4,ILSVRC2012_val_00014008.JPEG,n02206856,309,985,0.26237732,0,imagenet_c,defocus_blur,1,none
efficientnet_b4,ILSVRC2012_val_00014390.JPEG,n02206856,309,316,0.3409174,0,imagenet_c,defocus_blur,1,none
efficientnet_b4,ILSVRC2012_val_00015172.JPEG,n02206856,309,309,0.4009311,1,imagenet_c,defocus_blur,1,none
efficientnet_b4,ILSVRC2012_val_00015727.JPEG,n02206856,309,324,0.23052727,0,imagenet_c,defocus_blur,1,none
efficientnet_b4,ILSVRC2012_val_00015983.JPEG,n02206856,309,309,0.23928657,1,imagenet_c,defocus_blur,1,none
efficientnet_b4,ILSVRC2012_val_00016467.JPEG,n02206856,309,309,0.32288718,1,imagenet_c,defocus_blur,1,none
efficientnet_b4,ILSVRC2012_val_00016575.JPEG,n02206856,309,985,0.273082,0,imagenet_c,defocus_blur,1,none
efficientnet_b4,ILSVRC2012_val_00017073.JPEG,n02206856,309,410,0.10208596,0,imagenet_c,defocus_blur,1,none
efficientnet_b4,ILSVRC2012_val_00017418.JPEG,n02206856,309,309,0.5109801,1,imagenet_c,defocus_blur,1,none
efficientnet_b4,ILSVRC2012_val_00017875.JPEG,n02206856,309,323,0.1315848,0,imagenet_c,defocus_blur,1,none
efficientnet_b4,ILSVRC2012_val_00018271.JPEG,n02206856,309,309,0.6329899,1,imagenet_c,defocus_blur,1,none
efficientnet_b4,ILSVRC2012_val_00020564.JPEG,n02206856,309,309,0.3427239,1,imagenet_c,defocus_blur,1,none
efficientnet_b4,ILSVRC2012_val_00020657.JPEG,n02206856,309,309,0.3841532,1,imagenet_c,defocus_blur,1,none
efficientnet_b4,ILSVRC2012_val_00022919.JPEG,n02206856,309,309,0.4462789,1,imagenet_c,defocus_blur,1,none
efficientnet_b4,ILSVRC2012_val_00022948.JPEG,n02206856,309,302,0.349584,0,imagenet_c,defocus_blur,1,none
efficientnet_b4,ILSVRC2012_val_00024483.JPEG,n02206856,309,309,0.11697139,1,imagenet_c,defocus_blur,1,none
efficientnet_b4,ILSVRC2012_val_00024531.JPEG,n02206856,309,599,0.34188953,0,imagenet_c,defocus_blur,1,none
efficientnet_b4,ILSVRC2012_val_00025807.JPEG,n02206856,309,946,0.26951212,0,imagenet_c,defocus_blur,1,none
efficientnet_b4,ILSVRC2012_val_00028248.JPEG,n02206856,309,316,0.20047997,0,imagenet_c,defocus_blur,1,none
efficientnet_b4,ILSVRC2012_val_00028469.JPEG,n02206856,309,309,0.23702934,1,imagenet_c,defocus_blur,1,none
efficientnet_b4,ILSVRC2012_val_00029759.JPEG,n02206856,309,309,0.72276485,1,imagenet_c,defocus_blur,1,none
efficientnet_b4,ILSVRC2012_val_00030537.JPEG,n02206856,309,309,0.6135528,1,imagenet_c,defocus_blur,1,none
efficientnet_b4,ILSVRC2012_val_00032624.JPEG,n02206856,309,309,0.40891546,1,imagenet_c,defocus_blur,1,none
efficientnet_b4,ILSVRC2012_val_00034923.JPEG,n02206856,309,309,0.3891032,1,imagenet_c,defocus_blur,1,none
efficientnet_b4,ILSVRC2012_val_00035503.JPEG,n02206856,309,309,0.4128595,1,imagenet_c,defocus_blur,1,none
efficientnet_b4,ILSVRC2012_val_00035838.JPEG,n02206856,309,309,0.3341031,1,imagenet_c,defocus_blur,1,none
efficientnet_b4,ILSVRC2012_val_00036958.JPEG,n02206856,309,308,0.27600464,0,imagenet_c,defocus_blur,1,none
efficientnet_b4,ILSVRC2012_val_00037491.JPEG,n02206856,309,985,0.65479976,0,imagenet_c,defocus_blur,1,none
efficientnet_b4,ILSVRC2012_val_00038129.JPEG,n02206856,309,985,0.57576317,0,imagenet_c,defocus_blur,1,none
efficientnet_b4,ILSVRC2012_val_00039252.JPEG,n02206856,309,955,0.4011206,0,imagenet_c,defocus_blur,1,none
efficientnet_b4,ILSVRC2012_val_00042015.JPEG,n02206856,309,303,0.35584787,0,imagenet_c,defocus_blur,1,none
efficientnet_b4,ILSVRC2012_val_00042433.JPEG,n02206856,309,309,0.56123537,1,imagenet_c,defocus_blur,1,none
efficientnet_b4,ILSVRC2012_val_00042624.JPEG,n02206856,309,309,0.5781685,1,imagenet_c,defocus_blur,1,none
efficientnet_b4,ILSVRC2012_val_00042965.JPEG,n02206856,309,309,0.31059894,1,imagenet_c,defocus_blur,1,none
efficientnet_b4,ILSVRC2012_val_00043768.JPEG,n02206856,309,325,0.03389331,0,imagenet_c,defocus_blur,1,none
efficientnet_b4,ILSVRC2012_val_00044010.JPEG,n02206856,309,309,0.32937878,1,imagenet_c,defocus_blur,1,none
efficientnet_b4,ILSVRC2012_val_00045227.JPEG,n02206856,309,309,0.5353934,1,imagenet_c,defocus_blur,1,none
efficientnet_b4,ILSVRC2012_val_00047075.JPEG,n02206856,309,309,0.5527384,1,imagenet_c,defocus_blur,1,none
efficientnet_b4,ILSVRC2012_val_00047352.JPEG,n02206856,309,309,0.15249921,1,imagenet_c,defocus_blur,1,none
efficientnet_b4,ILSVRC2012_val_00047552.JPEG,n02206856,309,309,0.448549,1,imagenet_c,defocus_blur,1,none
efficientnet_b4,ILSVRC2012_val_00049624.JPEG,n02206856,309,599,0.45151234,0,imagenet_c,defocus_blur,1,none
efficientnet_b4,ILSVRC2012_val_00000407.JPEG,n02219486,310,310,0.6175798,1,imagenet_c,defocus_blur,1,none
efficientnet_b4,ILSVRC2012_val_00001502.JPEG,n02219486,310,310,0.625611,1,imagenet_c,defocus_blur,1,none
efficientnet_b4,ILSVRC2012_val_00002451.JPEG,n02219486,310,488,0.27766463,0,imagenet_c,defocus_blur,1,none
efficientnet_b4,ILSVRC2012_val_00003814.JPEG,n02219486,310,310,0.8300264,1,imagenet_c,defocus_blur,1,none
efficientnet_b4,ILSVRC2012_val_00009332.JPEG,n02219486,310,309,0.47945303,0,imagenet_c,defocus_blur,1,none
efficientnet_b4,ILSVRC2012_val_00009635.JPEG,n02219486,310,310,0.8333082,1,imagenet_c,defocus_blur,1,none
efficientnet_b4,ILSVRC2012_val_00009720.JPEG,n02219486,310,310,0.6308866,1,imagenet_c,defocus_blur,1,none
efficientnet_b4,ILSVRC2012_val_00010231.JPEG,n02219486,310,310,0.75264335,1,imagenet_c,defocus_blur,1,none
efficientnet_b4,ILSVRC2012_val_00011617.JPEG,n02219486,310,310,0.3146169,1,imagenet_c,defocus_blur,1,none
efficientnet_b4,ILSVRC2012_val_00011669.JPEG,n02219486,310,310,0.76704276,1,imagenet_c,defocus_blur,1,none
efficientnet_b4,ILSVRC2012_val_00012102.JPEG,n02219486,310,301,0.49067417,0,imagenet_c,defocus_blur,1,none
efficientnet_b4,ILSVRC2012_val_00014966.JPEG,n02219486,310,310,0.38943776,1,imagenet_c,defocus_blur,1,none
efficientnet_b4,ILSVRC2012_val_00015860.JPEG,n02219486,310,447,0.14659934,0,imagenet_c,defocus_blur,1,none
efficientnet_b4,ILSVRC2012_val_00018877.JPEG,n02219486,310,310,0.6681884,1,imagenet_c,defocus_blur,1,none
efficientnet_b4,ILSVRC2012_val_00020792.JPEG,n02219486,310,119,0.07326869,0,imagenet_c,defocus_blur,1,none
efficientnet_b4,ILSVRC2012_val_00021157.JPEG,n02219486,310,310,0.7433572,1,imagenet_c,defocus_blur,1,none
efficientnet_b4,ILSVRC2012_val_00021597.JPEG,n02219486,310,310,0.80655295,1,imagenet_c,defocus_blur,1,none
efficientnet_b4,ILSVRC2012_val_00021864.JPEG,n02219486,310,310,0.51833034,1,imagenet_c,defocus_blur,1,none
efficientnet_b4,ILSVRC2012_val_00022160.JPEG,n02219486,310,305,0.06829932,0,imagenet_c,defocus_blur,1,none
efficientnet_b4,ILSVRC2012_val_00022915.JPEG,n02219486,310,312,0.13900374,0,imagenet_c,defocus_blur,1,none
efficientnet_b4,ILSVRC2012_val_00023798.JPEG,n02219486,310,993,0.37578347,0,imagenet_c,defocus_blur,1,none
efficientnet_b4,ILSVRC2012_val_00025252.JPEG,n02219486,310,78,0.23153892,0,imagenet_c,defocus_blur,1,none
efficientnet_b4,ILSVRC2012_val_00028343.JPEG,n02219486,310,310,0.67489344,1,imagenet_c,defocus_blur,1,none
efficientnet_b4,ILSVRC2012_val_00029109.JPEG,n02219486,310,310,0.33098403,1,imagenet_c,defocus_blur,1,none
efficientnet_b4,ILSVRC2012_val_00029660.JPEG,n02219486,310,310,0.7787098,1,imagenet_c,defocus_blur,1,none
efficientnet_b4,ILSVRC2012_val_00029818.JPEG,n02219486,310,310,0.60985994,1,imagenet_c,defocus_blur,1,none
efficientnet_b4,ILSVRC2012_val_00030054.JPEG,n02219486,310,310,0.13995822,1,imagenet_c,defocus_blur,1,none
efficientnet_b4,ILSVRC2012_val_00031237.JPEG,n02219486,310,310,0.624842,1,imagenet_c,defocus_blur,1,none
efficientnet_b4,ILSVRC2012_val_00031267.JPEG,n02219486,310,310,0.824199,1,imagenet_c,defocus_blur,1,none
efficientnet_b4,ILSVRC2012_val_00031820.JPEG,n02219486,310,310,0.32422313,1,imagenet_c,defocus_blur,1,none
efficientnet_b4,ILSVRC2012_val_00032504.JPEG,n02219486,310,78,0.53798646,0,imagenet_c,defocus_blur,1,none
efficientnet_b4,ILSVRC2012_val_00032551.JPEG,n02219486,310,310,0.52711916,1,imagenet_c,defocus_blur,1,none
efficientnet_b4,ILSVRC2012_val_00033632.JPEG,n02219486,310,310,0.5793707,1,imagenet_c,defocus_blur,1,none
efficientnet_b4,ILSVRC2012_val_00034370.JPEG,n02219486,310,310,0.86181295,1,imagenet_c,defocus_blur,1,none
efficientnet_b4,ILSVRC2012_val_00034921.JPEG,n02219486,310,310,0.7970161,1,imagenet_c,defocus_blur,1,none
efficientnet_b4,ILSVRC2012_val_00035087.JPEG,n02219486,310,310,0.8240414,1,imagenet_c,defocus_blur,1,none
efficientnet_b4,ILSVRC2012_val_00036555.JPEG,n02219486,310,29,0.02192957,0,imagenet_c,defocus_blur,1,none
efficientnet_b4,ILSVRC2012_val_00037198.JPEG,n02219486,310,310,0.387716,1,imagenet_c,defocus_blur,1,none
efficientnet_b4,ILSVRC2012_val_00038010.JPEG,n02219486,310,305,0.09372366,0,imagenet_c,defocus_blur,1,none
efficientnet_b4,ILSVRC2012_val_00038182.JPEG,n02219486,310,29,0.25992128,0,imagenet_c,defocus_blur,1,none
efficientnet_b4,ILSVRC2012_val_00040778.JPEG,n02219486,310,310,0.81143606,1,imagenet_c,defocus_blur,1,none
efficientnet_b4,ILSVRC2012_val_00040944.JPEG,n02219486,310,310,0.67255217,1,imagenet_c,defocus_blur,1,none
efficientnet_b4,ILSVRC2012_val_00042076.JPEG,n02219486,310,34,0.5045986,0,imagenet_c,defocus_blur,1,none
efficientnet_b4,ILSVRC2012_val_00043616.JPEG,n02219486,310,310,0.2378848,1,imagenet_c,defocus_blur,1,none
efficientnet_b4,ILSVRC2012_val_00044296.JPEG,n02219486,310,310,0.7588695,1,imagenet_c,defocus_blur,1,none
efficientnet_b4,ILSVRC2012_val_00044990.JPEG,n02219486,310,73,0.26809272,0,imagenet_c,defocus_blur,1,none
efficientnet_b4,ILSVRC2012_val_00045673.JPEG,n02219486,310,988,0.042828593,0,imagenet_c,defocus_blur,1,none
efficientnet_b4,ILSVRC2012_val_00046083.JPEG,n02219486,310,310,0.5742812,1,imagenet_c,defocus_blur,1,none
efficientnet_b4,ILSVRC2012_val_00049042.JPEG,n02219486,310,310,0.9158156,1,imagenet_c,defocus_blur,1,none
efficientnet_b4,ILSVRC2012_val_00049152.JPEG,n02219486,310,310,0.78219485,1,imagenet_c,defocus_blur,1,none
efficientnet_b4,ILSVRC2012_val_00000125.JPEG,n02226429,311,312,0.14530165,0,imagenet_c,defocus_blur,1,none
efficientnet_b4,ILSVRC2012_val_00000972.JPEG,n02226429,311,311,0.43849236,1,imagenet_c,defocus_blur,1,none
efficientnet_b4,ILSVRC2012_val_00002904.JPEG,n02226429,311,315,0.34593585,0,imagenet_c,defocus_blur,1,none
efficientnet_b4,ILSVRC2012_val_00005775.JPEG,n02226429,311,311,0.3154759,1,imagenet_c,defocus_blur,1,none
efficientnet_b4,ILSVRC2012_val_00006915.JPEG,n02226429,311,994,0.26069164,0,imagenet_c,defocus_blur,1,none
efficientnet_b4,ILSVRC2012_val_00007152.JPEG,n02226429,311,311,0.45194265,1,imagenet_c,defocus_blur,1,none
efficientnet_b4,ILSVRC2012_val_00007529.JPEG,n02226429,311,311,0.5918417,1,imagenet_c,defocus_blur,1,none
efficientnet_b4,ILSVRC2012_val_00007589.JPEG,n02226429,311,318,0.15135661,0,imagenet_c,defocus_blur,1,none
efficientnet_b4,ILSVRC2012_val_00007696.JPEG,n02226429,311,799,0.08786582,0,imagenet_c,defocus_blur,1,none
efficientnet_b4,ILSVRC2012_val_00009090.JPEG,n02226429,311,312,0.046149626,0,imagenet_c,defocus_blur,1,none
efficientnet_b4,ILSVRC2012_val_00010494.JPEG,n02226429,311,311,0.3809811,1,imagenet_c,defocus_blur,1,none
efficientnet_b4,ILSVRC2012_val_00013924.JPEG,n02226429,311,989,0.071055904,0,imagenet_c,defocus_blur,1,none
efficientnet_b4,ILSVRC2012_val_00017299.JPEG,n02226429,311,311,0.15919627,1,imagenet_c,defocus_blur,1,none
efficientnet_b4,ILSVRC2012_val_00019820.JPEG,n02226429,311,312,0.3254789,0,imagenet_c,defocus_blur,1,none
efficientnet_b4,ILSVRC2012_val_00020551.JPEG,n02226429,311,312,0.35922736,0,imagenet_c,defocus_blur,1,none
efficientnet_b4,ILSVRC2012_val_00020985.JPEG,n02226429,311,318,0.2078619,0,imagenet_c,defocus_blur,1,none
efficientnet_b4,ILSVRC2012_val_00022361.JPEG,n02226429,311,311,0.61776435,1,imagenet_c,defocus_blur,1,none
efficientnet_b4,ILSVRC2012_val_00022737.JPEG,n02226429,311,311,0.57267594,1,imagenet_c,defocus_blur,1,none
efficientnet_b4,ILSVRC2012_val_00023570.JPEG,n02226429,311,312,0.25465545,0,imagenet_c,defocus_blur,1,none
efficientnet_b4,ILSVRC2012_val_00023689.JPEG,n02226429,311,311,0.3092285,1,imagenet_c,defocus_blur,1,none
efficientnet_b4,ILSVRC2012_val_00024755.JPEG,n02226429,311,311,0.57224005,1,imagenet_c,defocus_blur,1,none
efficientnet_b4,ILSVRC2012_val_00025061.JPEG,n02226429,311,315,0.19802216,0,imagenet_c,defocus_blur,1,none
efficientnet_b4,ILSVRC2012_val_00026081.JPEG,n02226429,311,312,0.46999246,0,imagenet_c,defocus_blur,1,none
efficientnet_b4,ILSVRC2012_val_00026349.JPEG,n02226429,311,312,0.3626643,0,imagenet_c,defocus_blur,1,none
efficientnet_b4,ILSVRC2012_val_00027558.JPEG,n02226429,311,312,0.2679655,0,imagenet_c,defocus_blur,1,none
efficientnet_b4,ILSVRC2012_val_00028492.JPEG,n02226429,311,311,0.5191967,1,imagenet_c,defocus_blur,1,none
efficientnet_b4,ILSVRC2012_val_00030474.JPEG,n02226429,311,311,0.54678655,1,imagenet_c,defocus_blur,1,none
efficientnet_b4,ILSVRC2012_val_00031573.JPEG,n02226429,311,311,0.37968096,1,imagenet_c,defocus_blur,1,none
efficientnet_b4,ILSVRC2012_val_00032265.JPEG,n02226429,311,311,0.39079687,1,imagenet_c,defocus_blur,1,none
efficientnet_b4,ILSVRC2012_val_00032352.JPEG,n02226429,311,311,0.53638566,1,imagenet_c,defocus_blur,1,none
efficientnet_b4,ILSVRC2012_val_00032533.JPEG,n02226429,311,311,0.33496994,1,imagenet_c,defocus_blur,1,none
efficientnet_b4,ILSVRC2012_val_00032705.JPEG,n02226429,311,311,0.34431285,1,imagenet_c,defocus_blur,1,none
efficientnet_b4,ILSVRC2012_val_00033360.JPEG,n02226429,311,311,0.6210701,1,imagenet_c,defocus_blur,1,none
efficientnet_b4,ILSVRC2012_val_00037042.JPEG,n02226429,311,122,0.24052808,0,imagenet_c,defocus_blur,1,none
efficientnet_b4,ILSVRC2012_val_00037090.JPEG,n02226429,311,311,0.49542955,1,imagenet_c,defocus_blur,1,none
efficientnet_b4,ILSVRC2012_val_00037893.JPEG,n02226429,311,312,0.24113885,0,imagenet_c,defocus_blur,1,none
efficientnet_b4,ILSVRC2012_val_00038662.JPEG,n02226429,311,312,0.48080605,0,imagenet_c,defocus_blur,1,none
efficientnet_b4,ILSVRC2012_val_00039032.JPEG,n02226429,311,315,0.6422098,0,imagenet_c,defocus_blur,1,none
efficientnet_b4,ILSVRC2012_val_00040980.JPEG,n02226429,311,363,0.023503862,0,imagenet_c,defocus_blur,1,none
efficientnet_b4,ILSVRC2012_val_00042223.JPEG,n02226429,311,311,0.69005245,1,imagenet_c,defocus_blur,1,none
efficientnet_b4,ILSVRC2012_val_00042342.JPEG,n02226429,311,312,0.512231,0,imagenet_c,defocus_blur,1,none
efficientnet_b4,ILSVRC2012_val_00042700.JPEG,n02226429,311,311,0.19170895,1,imagenet_c,defocus_blur,1,none
efficientnet_b4,ILSVRC2012_val_00042841.JPEG,n02226429,311,311,0.54188275,1,imagenet_c,defocus_blur,1,none
efficientnet_b4,ILSVRC2012_val_00043022.JPEG,n02226429,311,33,0.22022888,0,imagenet_c,defocus_blur,1,none
efficientnet_b4,ILSVRC2012_val_00044404.JPEG,n02226429,311,994,0.039375912,0,imagenet_c,defocus_blur,1,none
efficientnet_b4,ILSVRC2012_val_00045770.JPEG,n02226429,311,311,0.28574234,1,imagenet_c,defocus_blur,1,none
efficientnet_b4,ILSVRC2012_val_00045775.JPEG,n02226429,311,305,0.08635674,0,imagenet_c,defocus_blur,1,none
efficientnet_b4,ILSVRC2012_val_00046054.JPEG,n02226429,311,311,0.51057535,1,imagenet_c,defocus_blur,1,none
efficientnet_b4,ILSVRC2012_val_00047043.JPEG,n02226429,311,311,0.36408037,1,imagenet_c,defocus_blur,1,none
efficientnet_b4,ILSVRC2012_val_00047260.JPEG,n02226429,311,311,0.60636777,1,imagenet_c,defocus_blur,1,none
efficientnet_b4,ILSVRC2012_val_00001873.JPEG,n02229544,312,311,0.18686076,0,imagenet_c,defocus_blur,1,none
efficientnet_b4,ILSVRC2012_val_00003343.JPEG,n02229544,312,738,0.13092518,0,imagenet_c,defocus_blur,1,none
efficientnet_b4,ILSVRC2012_val_00003649.JPEG,n02229544,312,300,0.17556305,0,imagenet_c,defocus_blur,1,none
efficientnet_b4,ILSVRC2012_val_00003874.JPEG,n02229544,312,311,0.096954346,0,imagenet_c,defocus_blur,1,none
efficientnet_b4,ILSVRC2012_val_00003997.JPEG,n02229544,312,312,0.52890426,1,imagenet_c,defocus_blur,1,none
efficientnet_b4,ILSVRC2012_val_00004706.JPEG,n02229544,312,311,0.41203353,0,imagenet_c,defocus_blur,1,none
efficientnet_b4,ILSVRC2012_val_00006730.JPEG,n02229544,312,311,0.45769632,0,imagenet_c,defocus_blur,1,none
efficientnet_b4,ILSVRC2012_val_00007678.JPEG,n02229544,312,743,0.16892137,0,imagenet_c,defocus_blur,1,none
efficientnet_b4,ILSVRC2012_val_00009275.JPEG,n02229544,312,311,0.43762708,0,imagenet_c,defocus_blur,1,none
efficientnet_b4,ILSVRC2012_val_00012677.JPEG,n02229544,312,312,0.26742828,1,imagenet_c,defocus_blur,1,none
efficientnet_b4,ILSVRC2012_val_00014067.JPEG,n02229544,312,312,0.42464873,1,imagenet_c,defocus_blur,1,none
efficientnet_b4,ILSVRC2012_val_00014271.JPEG,n02229544,312,946,0.0694543,0,imagenet_c,defocus_blur,1,none
efficientnet_b4,ILSVRC2012_val_00015021.JPEG,n02229544,312,312,0.6195568,1,imagenet_c,defocus_blur,1,none
efficientnet_b4,ILSVRC2012_val_00015068.JPEG,n02229544,312,311,0.44385004,0,imagenet_c,defocus_blur,1,none
efficientnet_b4,ILSVRC2012_val_00016276.JPEG,n02229544,312,312,0.39802706,1,imagenet_c,defocus_blur,1,none
efficientnet_b4,ILSVRC2012_val_00017221.JPEG,n02229544,312,314,0.36192605,0,imagenet_c,defocus_blur,1,none
efficientnet_b4,ILSVRC2012_val_00017677.JPEG,n02229544,312,312,0.26251534,1,imagenet_c,defocus_blur,1,none
efficientnet_b4,ILSVRC2012_val_00017942.JPEG,n02229544,312,312,0.3871428,1,imagenet_c,defocus_blur,1,none
efficientnet_b4,ILSVRC2012_val_00018365.JPEG,n02229544,312,312,0.3667737,1,imagenet_c,defocus_blur,1,none
efficientnet_b4,ILSVRC2012_val_00018535.JPEG,n02229544,312,311,0.3805328,0,imagenet_c,defocus_blur,1,none
efficientnet_b4,ILSVRC2012_val_00018634.JPEG,n02229544,312,312,0.42199647,1,imagenet_c,defocus_blur,1,none
efficientnet_b4,ILSVRC2012_val_00019314.JPEG,n02229544,312,314,0.36187878,0,imagenet_c,defocus_blur,1,none
efficientnet_b4,ILSVRC2012_val_00021221.JPEG,n02229544,312,312,0.71203864,1,imagenet_c,defocus_blur,1,none
efficientnet_b4,ILSVRC2012_val_00021521.JPEG,n02229544,312,311,0.3863108,0,imagenet_c,defocus_blur,1,none
efficientnet_b4,ILSVRC2012_val_00021602.JPEG,n02229544,312,310,0.27565253,0,imagenet_c,defocus_blur,1,none
efficientnet_b4,ILSVRC2012_val_00022001.JPEG,n02229544,312,322,0.16013102,0,imagenet_c,defocus_blur,1,none
efficientnet_b4,ILSVRC2012_val_00026590.JPEG,n02229544,312,314,0.10313321,0,imagenet_c,defocus_blur,1,none
efficientnet_b4,ILSVRC2012_val_00026894.JPEG,n02229544,312,764,0.036087655,0,imagenet_c,defocus_blur,1,none
efficientnet_b4,ILSVRC2012_val_00027608.JPEG,n02229544,312,311,0.49188396,0,imagenet_c,defocus_blur,1,none
efficientnet_b4,ILSVRC2012_val_00028270.JPEG,n02229544,312,311,0.10514496,0,imagenet_c,defocus_blur,1,none
efficientnet_b4,ILSVRC2012_val_00029373.JPEG,n02229544,312,312,0.5854096,1,imagenet_c,defocus_blur,1,none
efficientnet_b4,ILSVRC2012_val_00030715.JPEG,n02229544,312,312,0.36639163,1,imagenet_c,defocus_blur,1,none
efficientnet_b4,ILSVRC2012_val_00031335.JPEG,n02229544,312,311,0.2048996,0,imagenet_c,defocus_blur,1,none
efficientnet_b4,ILSVRC2012_val_00034270.JPEG,n02229544,312,312,0.5647718,1,imagenet_c,defocus_blur,1,none
efficientnet_b4,ILSVRC2012_val_00034566.JPEG,n02229544,312,312,0.4641545,1,imagenet_c,defocus_blur,1,none
efficientnet_b4,ILSVRC2012_val_00035324.JPEG,n02229544,312,312,0.40461805,1,imagenet_c,defocus_blur,1,none
efficientnet_b4,ILSVRC2012_val_00035409.JPEG,n02229544,312,312,0.48418176,1,imagenet_c,defocus_blur,1,none
efficientnet_b4,ILSVRC2012_val_00035710.JPEG,n02229544,312,312,0.32954946,1,imagenet_c,defocus_blur,1,none
efficientnet_b4,ILSVRC2012_val_00037356.JPEG,n02229544,312,312,0.36008787,1,imagenet_c,defocus_blur,1,none
efficientnet_b4,ILSVRC2012_val_00038716.JPEG,n02229544,312,311,0.4136125,0,imagenet_c,defocus_blur,1,none
efficientnet_b4,ILSVRC2012_val_00039267.JPEG,n02229544,312,315,0.2058978,0,imagenet_c,defocus_blur,1,none
efficientnet_b4,ILSVRC2012_val_00040533.JPEG,n02229544,312,312,0.4546544,1,imagenet_c,defocus_blur,1,none
efficientnet_b4,ILSVRC2012_val_00041261.JPEG,n02229544,312,312,0.37985963,1,imagenet_c,defocus_blur,1,none
efficientnet_b4,ILSVRC2012_val_00042010.JPEG,n02229544,312,312,0.65263456,1,imagenet_c,defocus_blur,1,none
efficientnet_b4,ILSVRC2012_val_00042904.JPEG,n02229544,312,312,0.19762084,1,imagenet_c,defocus_blur,1,none
efficientnet_b4,ILSVRC2012_val_00044578.JPEG,n02229544,312,311,0.37112474,0,imagenet_c,defocus_blur,1,none
efficientnet_b4,ILSVRC2012_val_00047433.JPEG,n02229544,312,311,0.49277607,0,imagenet_c,defocus_blur,1,none
efficientnet_b4,ILSVRC2012_val_00047643.JPEG,n02229544,312,312,0.38313505,1,imagenet_c,defocus_blur,1,none
efficientnet_b4,ILSVRC2012_val_00048072.JPEG,n02229544,312,303,0.21753615,0,imagenet_c,defocus_blur,1,none
efficientnet_b4,ILSVRC2012_val_00049638.JPEG,n02229544,312,311,0.20580932,0,imagenet_c,defocus_blur,1,none
efficientnet_b4,ILSVRC2012_val_00001585.JPEG,n02231487,313,313,0.6137995,1,imagenet_c,defocus_blur,1,none
efficientnet_b4,ILSVRC2012_val_00001714.JPEG,n02231487,313,994,0.053646248,0,imagenet_c,defocus_blur,1,none
efficientnet_b4,ILSVRC2012_val_00002014.JPEG,n02231487,313,43,0.053207874,0,imagenet_c,defocus_blur,1,none
efficientnet_b4,ILSVRC2012_val_00002727.JPEG,n02231487,313,313,0.5285767,1,imagenet_c,defocus_blur,1,none
efficientnet_b4,ILSVRC2012_val_00003586.JPEG,n02231487,313,738,0.08855307,0,imagenet_c,defocus_blur,1,none
efficientnet_b4,ILSVRC2012_val_00005237.JPEG,n02231487,313,313,0.5879317,1,imagenet_c,defocus_blur,1,none
efficientnet_b4,ILSVRC2012_val_00006095.JPEG,n02231487,313,313,0.59597325,1,imagenet_c,defocus_blur,1,none
efficientnet_b4,ILSVRC2012_val_00008634.JPEG,n02231487,313,313,0.3903657,1,imagenet_c,defocus_blur,1,none
efficientnet_b4,ILSVRC2012_val_00009912.JPEG,n02231487,313,313,0.035318237,1,imagenet_c,defocus_blur,1,none
efficientnet_b4,ILSVRC2012_val_00009943.JPEG,n02231487,313,313,0.44408748,1,imagenet_c,defocus_blur,1,none
efficientnet_b4,ILSVRC2012_val_00010198.JPEG,n02231487,313,313,0.6888079,1,imagenet_c,defocus_blur,1,none
efficientnet_b4,ILSVRC2012_val_00010292.JPEG,n02231487,313,313,0.37142146,1,imagenet_c,defocus_blur,1,none
efficientnet_b4,ILSVRC2012_val_00011889.JPEG,n02231487,313,313,0.61910534,1,imagenet_c,defocus_blur,1,none
efficientnet_b4,ILSVRC2012_val_00013535.JPEG,n02231487,313,313,0.39008823,1,imagenet_c,defocus_blur,1,none
efficientnet_b4,ILSVRC2012_val_00014572.JPEG,n02231487,313,994,0.0878554,0,imagenet_c,defocus_blur,1,none
efficientnet_b4,ILSVRC2012_val_00014683.JPEG,n02231487,313,70,0.2908063,0,imagenet_c,defocus_blur,1,none
efficientnet_b4,ILSVRC2012_val_00016740.JPEG,n02231487,313,313,0.16272561,1,imagenet_c,defocus_blur,1,none
efficientnet_b4,ILSVRC2012_val_00017245.JPEG,n02231487,313,313,0.37504992,1,imagenet_c,defocus_blur,1,none
efficientnet_b4,ILSVRC2012_val_00017423.JPEG,n02231487,313,91,0.07259595,0,imagenet_c,defocus_blur,1,none
efficientnet_b4,ILSVRC2012_val_00018003.JPEG,n02231487,313,313,0.6166149,1,imagenet_c,defocus_blur,1,none
efficientnet_b4,ILSVRC2012_val_00020464.JPEG,n02231487,313,315,0.52322793,0,imagenet_c,defocus_blur,1,none
efficientnet_b4,ILSVRC2012_val_00020649.JPEG,n02231487,313,313,0.061651174,1,imagenet_c,defocus_blur,1,none
efficientnet_b4,ILSVRC2012_val_00021238.JPEG,n02231487,313,313,0.17972586,1,imagenet_c,defocus_blur,1,none
efficientnet_b4,ILSVRC2012_val_00021678.JPEG,n02231487,313,313,0.58522403,1,imagenet_c,defocus_blur,1,none
efficientnet_b4,ILSVRC2012_val_00021735.JPEG,n02231487,313,313,0.4719631,1,imagenet_c,defocus_blur,1,none
efficientnet_b4,ILSVRC2012_val_00023940.JPEG,n02231487,313,313,0.60578907,1,imagenet_c,defocus_blur,1,none
efficientnet_b4,ILSVRC2012_val_00025356.JPEG,n02231487,313,313,0.4057403,1,imagenet_c,defocus_blur,1,none
efficientnet_b4,ILSVRC2012_val_00026518.JPEG,n02231487,313,313,0.10033494,1,imagenet_c,defocus_blur,1,none
efficientnet_b4,ILSVRC2012_val_00030101.JPEG,n02231487,313,300,0.049147673,0,imagenet_c,defocus_blur,1,none
efficientnet_b4,ILSVRC2012_val_00030778.JPEG,n02231487,313,313,0.69346875,1,imagenet_c,defocus_blur,1,none
efficientnet_b4,ILSVRC2012_val_00030859.JPEG,n02231487,313,313,0.52007276,1,imagenet_c,defocus_blur,1,none
efficientnet_b4,ILSVRC2012_val_00032661.JPEG,n02231487,313,73,0.15222803,0,imagenet_c,defocus_blur,1,none
efficientnet_b4,ILSVRC2012_val_00033021.JPEG,n02231487,313,986,0.11991529,0,imagenet_c,defocus_blur,1,none
efficientnet_b4,ILSVRC2012_val_00033053.JPEG,n02231487,313,310,0.129409,0,imagenet_c,defocus_blur,1,none
efficientnet_b4,ILSVRC2012_val_00035014.JPEG,n02231487,313,313,0.59989357,1,imagenet_c,defocus_blur,1,none
efficientnet_b4,ILSVRC2012_val_00035534.JPEG,n02231487,313,303,0.3217245,0,imagenet_c,defocus_blur,1,none
efficientnet_b4,ILSVRC2012_val_00036158.JPEG,n02231487,313,313,0.517266,1,imagenet_c,defocus_blur,1,none
efficientnet_b4,ILSVRC2012_val_00036990.JPEG,n02231487,313,994,0.07220616,0,imagenet_c,defocus_blur,1,none
efficientnet_b4,ILSVRC2012_val_00037571.JPEG,n02231487,313,313,0.07060437,1,imagenet_c,defocus_blur,1,none
efficientnet_b4,ILSVRC2012_val_00037807.JPEG,n02231487,313,313,0.57822657,1,imagenet_c,defocus_blur,1,none
efficientnet_b4,ILSVRC2012_val_00038537.JPEG,n02231487,313,410,0.2665898,0,imagenet_c,defocus_blur,1,none
efficientnet_b4,ILSVRC2012_val_00039948.JPEG,n02231487,313,738,0.21342628,0,imagenet_c,defocus_blur,1,none
efficientnet_b4,ILSVRC2012_val_00041596.JPEG,n02231487,313,313,0.6063368,1,imagenet_c,defocus_blur,1,none
efficientnet_b4,ILSVRC2012_val_00043867.JPEG,n02231487,313,315,0.40941992,0,imagenet_c,defocus_blur,1,none
efficientnet_b4,ILSVRC2012_val_00044824.JPEG,n02231487,313,52,0.14387703,0,imagenet_c,defocus_blur,1,none
efficientnet_b4,ILSVRC2012_val_00047601.JPEG,n02231487,313,114,0.09100126,0,imagenet_c,defocus_blur,1,none
efficientnet_b4,ILSVRC2012_val_00047704.JPEG,n02231487,313,428,0.14312515,0,imagenet_c,defocus_blur,1,none
efficientnet_b4,ILSVRC2012_val_00047863.JPEG,n02231487,313,313,0.35201252,1,imagenet_c,defocus_blur,1,none
efficientnet_b4,ILSVRC2012_val_00047952.JPEG,n02231487,313,597,0.2200614,0,imagenet_c,defocus_blur,1,none
efficientnet_b4,ILSVRC2012_val_00048091.JPEG,n02231487,313,0,0.05983651,0,imagenet_c,defocus_blur,1,none
efficientnet_b4,ILSVRC2012_val_00001082.JPEG,n02233338,314,314,0.59898084,1,imagenet_c,defocus_blur,1,none
efficientnet_b4,ILSVRC2012_val_00001884.JPEG,n02233338,314,314,0.6831735,1,imagenet_c,defocus_blur,1,none
efficientnet_b4,ILSVRC2012_val_00002007.JPEG,n02233338,314,314,0.15516014,1,imagenet_c,defocus_blur,1,none
efficientnet_b4,ILSVRC2012_val_00004177.JPEG,n02233338,314,314,0.48245195,1,imagenet_c,defocus_blur,1,none
efficientnet_b4,ILSVRC2012_val_00004210.JPEG,n02233338,314,314,0.6092573,1,imagenet_c,defocus_blur,1,none
efficientnet_b4,ILSVRC2012_val_00007863.JPEG,n02233338,314,314,0.47115386,1,imagenet_c,defocus_blur,1,none
efficientnet_b4,ILSVRC2012_val_00007891.JPEG,n02233338,314,302,0.43620533,0,imagenet_c,defocus_blur,1,none
efficientnet_b4,ILSVRC2012_val_00009321.JPEG,n02233338,314,314,0.5120158,1,imagenet_c,defocus_blur,1,none
efficientnet_b4,ILSVRC2012_val_00010774.JPEG,n02233338,314,666,0.39784318,0,imagenet_c,defocus_blur,1,none
efficientnet_b4,ILSVRC2012_val_00010888.JPEG,n02233338,314,314,0.6533673,1,imagenet_c,defocus_blur,1,none
efficientnet_b4,ILSVRC2012_val_00012774.JPEG,n02233338,314,314,0.38922533,1,imagenet_c,defocus_blur,1,none
efficientnet_b4,ILSVRC2012_val_00013951.JPEG,n02233338,314,314,0.6671384,1,imagenet_c,defocus_blur,1,none
efficientnet_b4,ILSVRC2012_val_00015470.JPEG,n02233338,314,314,0.25287408,1,imagenet_c,defocus_blur,1,none
efficientnet_b4,ILSVRC2012_val_00016160.JPEG,n02233338,314,314,0.44843462,1,imagenet_c,defocus_blur,1,none
efficientnet_b4,ILSVRC2012_val_00016777.JPEG,n02233338,314,306,0.024596598,0,imagenet_c,defocus_blur,1,none
efficientnet_b4,ILSVRC2012_val_00017845.JPEG,n02233338,314,314,0.6079131,1,imagenet_c,defocus_blur,1,none
efficientnet_b4,ILSVRC2012_val_00019245.JPEG,n02233338,314,674,0.22177912,0,imagenet_c,defocus_blur,1,none
efficientnet_b4,ILSVRC2012_val_00019524.JPEG,n02233338,314,314,0.36848846,1,imagenet_c,defocus_blur,1,none
efficientnet_b4,ILSVRC2012_val_00019592.JPEG,n02233338,314,314,0.640819,1,imagenet_c,defocus_blur,1,none
efficientnet_b4,ILSVRC2012_val_00020454.JPEG,n02233338,314,314,0.3087301,1,imagenet_c,defocus_blur,1,none
efficientnet_b4,ILSVRC2012_val_00021514.JPEG,n02233338,314,312,0.28189248,0,imagenet_c,defocus_blur,1,none
efficientnet_b4,ILSVRC2012_val_00021755.JPEG,n02233338,314,314,0.71005774,1,imagenet_c,defocus_blur,1,none
efficientnet_b4,ILSVRC2012_val_00022227.JPEG,n02233338,314,223,0.2055668,0,imagenet_c,defocus_blur,1,none
efficientnet_b4,ILSVRC2012_val_00022332.JPEG,n02233338,314,314,0.5391638,1,imagenet_c,defocus_blur,1,none
efficientnet_b4,ILSVRC2012_val_00022874.JPEG,n02233338,314,314,0.67686886,1,imagenet_c,defocus_blur,1,none
efficientnet_b4,ILSVRC2012_val_00024082.JPEG,n02233338,314,314,0.12238653,1,imagenet_c,defocus_blur,1,none
efficientnet_b4,ILSVRC2012_val_00024192.JPEG,n02233338,314,885,0.15550257,0,imagenet_c,defocus_blur,1,none
efficientnet_b4,ILSVRC2012_val_00024767.JPEG,n02233338,314,314,0.47217488,1,imagenet_c,defocus_blur,1,none
efficientnet_b4,ILSVRC2012_val_00025580.JPEG,n02233338,314,314,0.53540754,1,imagenet_c,defocus_blur,1,none
efficientnet_b4,ILSVRC2012_val_00030466.JPEG,n02233338,314,314,0.26066166,1,imagenet_c,defocus_blur,1,none
efficientnet_b4,ILSVRC2012_val_00031479.JPEG,n02233338,314,78,0.3379158,0,imagenet_c,defocus_blur,1,none
efficientnet_b4,ILSVRC2012_val_00031638.JPEG,n02233338,314,151,0.012311635,0,imagenet_c,defocus_blur,1,none
efficientnet_b4,ILSVRC2012_val_00032443.JPEG,n02233338,314,314,0.52469474,1,imagenet_c,defocus_blur,1,none
efficientnet_b4,ILSVRC2012_val_00033184.JPEG,n02233338,314,310,0.4205426,0,imagenet_c,defocus_blur,1,none
efficientnet_b4,ILSVRC2012_val_00033524.JPEG,n02233338,314,315,0.14562681,0,imagenet_c,defocus_blur,1,none
efficientnet_b4,ILSVRC2012_val_00033788.JPEG,n02233338,314,314,0.5373474,1,imagenet_c,defocus_blur,1,none
efficientnet_b4,ILSVRC2012_val_00036832.JPEG,n02233338,314,927,0.12293216,0,imagenet_c,defocus_blur,1,none
efficientnet_b4,ILSVRC2012_val_00036880.JPEG,n02233338,314,306,0.30438653,0,imagenet_c,defocus_blur,1,none
efficientnet_b4,ILSVRC2012_val_00037636.JPEG,n02233338,314,314,0.3109844,1,imagenet_c,defocus_blur,1,none
efficientnet_b4,ILSVRC2012_val_00037993.JPEG,n02233338,314,314,0.164632,1,imagenet_c,defocus_blur,1,none
efficientnet_b4,ILSVRC2012_val_00038142.JPEG,n02233338,314,314,0.6111613,1,imagenet_c,defocus_blur,1,none
efficientnet_b4,ILSVRC2012_val_00038519.JPEG,n02233338,314,223,0.0151356,0,imagenet_c,defocus_blur,1,none
efficientnet_b4,ILSVRC2012_val_00039550.JPEG,n02233338,314,589,0.08278905,0,imagenet_c,defocus_blur,1,none
efficientnet_b4,ILSVRC2012_val_00039843.JPEG,n02233338,314,314,0.5380859,1,imagenet_c,defocus_blur,1,none
efficientnet_b4,ILSVRC2012_val_00040914.JPEG,n02233338,314,542,0.061798837,0,imagenet_c,defocus_blur,1,none
efficientnet_b4,ILSVRC2012_val_00042811.JPEG,n02233338,314,78,0.33596244,0,imagenet_c,defocus_blur,1,none
efficientnet_b4,ILSVRC2012_val_00042897.JPEG,n02233338,314,314,0.6640209,1,imagenet_c,defocus_blur,1,none
efficientnet_b4,ILSVRC2012_val_00044491.JPEG,n02233338,314,314,0.37799257,1,imagenet_c,defocus_blur,1,none
efficientnet_b4,ILSVRC2012_val_00044619.JPEG,n02233338,314,314,0.5258602,1,imagenet_c,defocus_blur,1,none
efficientnet_b4,ILSVRC2012_val_00047533.JPEG,n02233338,314,390,0.12693639,0,imagenet_c,defocus_blur,1,none
efficientnet_b4,ILSVRC2012_val_00000772.JPEG,n02236044,315,315,0.17270799,1,imagenet_c,defocus_blur,1,none
efficientnet_b4,ILSVRC2012_val_00001948.JPEG,n02236044,315,126,0.30877915,0,imagenet_c,defocus_blur,1,none
efficientnet_b4,ILSVRC2012_val_00002415.JPEG,n02236044,315,315,0.7367654,1,imagenet_c,defocus_blur,1,none
efficientnet_b4,ILSVRC2012_val_00002844.JPEG,n02236044,315,315,0.7306358,1,imagenet_c,defocus_blur,1,none
efficientnet_b4,ILSVRC2012_val_00004091.JPEG,n02236044,315,313,0.39440262,0,imagenet_c,defocus_blur,1,none
efficientnet_b4,ILSVRC2012_val_00004255.JPEG,n02236044,315,312,0.49336383,0,imagenet_c,defocus_blur,1,none
efficientnet_b4,ILSVRC2012_val_00005089.JPEG,n02236044,315,315,0.5296643,1,imagenet_c,defocus_blur,1,none
efficientnet_b4,ILSVRC2012_val_00007130.JPEG,n02236044,315,315,0.5350751,1,imagenet_c,defocus_blur,1,none
efficientnet_b4,ILSVRC2012_val_00008697.JPEG,n02236044,315,318,0.3705198,0,imagenet_c,defocus_blur,1,none
efficientnet_b4,ILSVRC2012_val_00009445.JPEG,n02236044,315,318,0.17461663,0,imagenet_c,defocus_blur,1,none
efficientnet_b4,ILSVRC2012_val_00010653.JPEG,n02236044,315,738,0.2885459,0,imagenet_c,defocus_blur,1,none
efficientnet_b4,ILSVRC2012_val_00011079.JPEG,n02236044,315,315,0.45173633,1,imagenet_c,defocus_blur,1,none
efficientnet_b4,ILSVRC2012_val_00011932.JPEG,n02236044,315,315,0.7166437,1,imagenet_c,defocus_blur,1,none
efficientnet_b4,ILSVRC2012_val_00012127.JPEG,n02236044,315,489,0.30826873,0,imagenet_c,defocus_blur,1,none
efficientnet_b4,ILSVRC2012_val_00012268.JPEG,n02236044,315,674,0.057031617,0,imagenet_c,defocus_blur,1,none
efficientnet_b4,ILSVRC2012_val_00013395.JPEG,n02236044,315,315,0.53112,1,imagenet_c,defocus_blur,1,none
efficientnet_b4,ILSVRC2012_val_00015745.JPEG,n02236044,315,316,0.152608,0,imagenet_c,defocus_blur,1,none
efficientnet_b4,ILSVRC2012_val_00015818.JPEG,n02236044,315,59,0.06515089,0,imagenet_c,defocus_blur,1,none
efficientnet_b4,ILSVRC2012_val_00016634.JPEG,n02236044,315,315,0.24334934,1,imagenet_c,defocus_blur,1,none
efficientnet_b4,ILSVRC2012_val_00017115.JPEG,n02236044,315,315,0.6506235,1,imagenet_c,defocus_blur,1,none
efficientnet_b4,ILSVRC2012_val_00018257.JPEG,n02236044,315,311,0.2387759,0,imagenet_c,defocus_blur,1,none
efficientnet_b4,ILSVRC2012_val_00019527.JPEG,n02236044,315,315,0.6284496,1,imagenet_c,defocus_blur,1,none
efficientnet_b4,ILSVRC2012_val_00020360.JPEG,n02236044,315,315,0.536406,1,imagenet_c,defocus_blur,1,none
efficientnet_b4,ILSVRC2012_val_00021072.JPEG,n02236044,315,313,0.3360949,0,imagenet_c,defocus_blur,1,none
efficientnet_b4,ILSVRC2012_val_00021366.JPEG,n02236044,315,985,0.07930147,0,imagenet_c,defocus_blur,1,none
efficientnet_b4,ILSVRC2012_val_00021918.JPEG,n02236044,315,315,0.59840846,1,imagenet_c,defocus_blur,1,none
efficientnet_b4,ILSVRC2012_val_00023230.JPEG,n02236044,315,315,0.5576459,1,imagenet_c,defocus_blur,1,none
efficientnet_b4,ILSVRC2012_val_00023258.JPEG,n02236044,315,318,0.09539752,0,imagenet_c,defocus_blur,1,none
efficientnet_b4,ILSVRC2012_val_00023826.JPEG,n02236044,315,119,0.23903428,0,imagenet_c,defocus_blur,1,none
efficientnet_b4,ILSVRC2012_val_00025089.JPEG,n02236044,315,315,0.41666213,1,imagenet_c,defocus_blur,1,none
efficientnet_b4,ILSVRC2012_val_00026181.JPEG,n02236044,315,315,0.5526602,1,imagenet_c,defocus_blur,1,none
efficientnet_b4,ILSVRC2012_val_00026885.JPEG,n02236044,315,315,0.51960975,1,imagenet_c,defocus_blur,1,none
efficientnet_b4,ILSVRC2012_val_00027153.JPEG,n02236044,315,315,0.6686995,1,imagenet_c,defocus_blur,1,none
efficientnet_b4,ILSVRC2012_val_00029524.JPEG,n02236044,315,923,0.044339173,0,imagenet_c,defocus_blur,1,none
efficientnet_b4,ILSVRC2012_val_00031050.JPEG,n02236044,315,936,0.24072821,0,imagenet_c,defocus_blur,1,none
efficientnet_b4,ILSVRC2012_val_00031168.JPEG,n02236044,315,317,0.17596458,0,imagenet_c,defocus_blur,1,none
efficientnet_b4,ILSVRC2012_val_00034245.JPEG,n02236044,315,315,0.5170503,1,imagenet_c,defocus_blur,1,none
efficientnet_b4,ILSVRC2012_val_00034722.JPEG,n02236044,315,315,0.09261504,1,imagenet_c,defocus_blur,1,none
efficientnet_b4,ILSVRC2012_val_00034775.JPEG,n02236044,315,313,0.2771075,0,imagenet_c,defocus_blur,1,none
efficientnet_b4,ILSVRC2012_val_00035199.JPEG,n02236044,315,315,0.65999,1,imagenet_c,defocus_blur,1,none
efficientnet_b4,ILSVRC2012_val_00035261.JPEG,n02236044,315,790,0.3233026,0,imagenet_c,defocus_blur,1,none
efficientnet_b4,ILSVRC2012_val_00035713.JPEG,n02236044,315,315,0.38180706,1,imagenet_c,defocus_blur,1,none
efficientnet_b4,ILSVRC2012_val_00037773.JPEG,n02236044,315,313,0.4118639,0,imagenet_c,defocus_blur,1,none
efficientnet_b4,ILSVRC2012_val_00041766.JPEG,n02236044,315,311,0.3030837,0,imagenet_c,defocus_blur,1,none
efficientnet_b4,ILSVRC2012_val_00041950.JPEG,n02236044,315,315,0.22782892,1,imagenet_c,defocus_blur,1,none
efficientnet_b4,ILSVRC2012_val_00042186.JPEG,n02236044,315,315,0.78909695,1,imagenet_c,defocus_blur,1,none
efficientnet_b4,ILSVRC2012_val_00042438.JPEG,n02236044,315,315,0.20376323,1,imagenet_c,defocus_blur,1,none
efficientnet_b4,ILSVRC2012_val_00043266.JPEG,n02236044,315,315,0.75618184,1,imagenet_c,defocus_blur,1,none
efficientnet_b4,ILSVRC2012_val_00046716.JPEG,n02236044,315,315,0.56697774,1,imagenet_c,defocus_blur,1,none
efficientnet_b4,ILSVRC2012_val_00047877.JPEG,n02236044,315,315,0.4948188,1,imagenet_c,defocus_blur,1,none
efficientnet_b4,ILSVRC2012_val_00002649.JPEG,n02256656,316,316,0.24677178,1,imagenet_c,defocus_blur,1,none
efficientnet_b4,ILSVRC2012_val_00003487.JPEG,n02256656,316,316,0.20162426,1,imagenet_c,defocus_blur,1,none
efficientnet_b4,ILSVRC2012_val_00003876.JPEG,n02256656,316,316,0.47182846,1,imagenet_c,defocus_blur,1,none
efficientnet_b4,ILSVRC2012_val_00004284.JPEG,n02256656,316,316,0.58282423,1,imagenet_c,defocus_blur,1,none
efficientnet_b4,ILSVRC2012_val_00005538.JPEG,n02256656,316,988,0.056557022,0,imagenet_c,defocus_blur,1,none
efficientnet_b4,ILSVRC2012_val_00005778.JPEG,n02256656,316,316,0.48142266,1,imagenet_c,defocus_blur,1,none
efficientnet_b4,ILSVRC2012_val_00006532.JPEG,n02256656,316,316,0.3164058,1,imagenet_c,defocus_blur,1,none
efficientnet_b4,ILSVRC2012_val_00008798.JPEG,n02256656,316,316,0.4820442,1,imagenet_c,defocus_blur,1,none
efficientnet_b4,ILSVRC2012_val_00010562.JPEG,n02256656,316,316,0.48563015,1,imagenet_c,defocus_blur,1,none
efficientnet_b4,ILSVRC2012_val_00012124.JPEG,n02256656,316,309,0.23015052,0,imagenet_c,defocus_blur,1,none
efficientnet_b4,ILSVRC2012_val_00012629.JPEG,n02256656,316,316,0.4468147,1,imagenet_c,defocus_blur,1,none
efficientnet_b4,ILSVRC2012_val_00016480.JPEG,n02256656,316,314,0.19311161,0,imagenet_c,defocus_blur,1,none
efficientnet_b4,ILSVRC2012_val_00017139.JPEG,n02256656,316,316,0.2819944,1,imagenet_c,defocus_blur,1,none
efficientnet_b4,ILSVRC2012_val_00017399.JPEG,n02256656,316,73,0.20916542,0,imagenet_c,defocus_blur,1,none
efficientnet_b4,ILSVRC2012_val_00017593.JPEG,n02256656,316,316,0.37359604,1,imagenet_c,defocus_blur,1,none
efficientnet_b4,ILSVRC2012_val_00017848.JPEG,n02256656,316,316,0.10436685,1,imagenet_c,defocus_blur,1,none
efficientnet_b4,ILSVRC2012_val_00018161.JPEG,n02256656,316,316,0.48783854,1,imagenet_c,defocus_blur,1,none
efficientnet_b4,ILSVRC2012_val_00019151.JPEG,n02256656,316,316,0.58591795,1,imagenet_c,defocus_blur,1,none
efficientnet_b4,ILSVRC2012_val_00019811.JPEG,n02256656,316,316,0.43215877,1,imagenet_c,defocus_blur,1,none
efficientnet_b4,ILSVRC2012_val_00023381.JPEG,n02256656,316,316,0.5555558,1,imagenet_c,defocus_blur,1,none
efficientnet_b4,ILSVRC2012_val_00024167.JPEG,n02256656,316,316,0.5542513,1,imagenet_c,defocus_blur,1,none
efficientnet_b4,ILSVRC2012_val_00024250.JPEG,n02256656,316,316,0.44527742,1,imagenet_c,defocus_blur,1,none
efficientnet_b4,ILSVRC2012_val_00024417.JPEG,n02256656,316,316,0.5312601,1,imagenet_c,defocus_blur,1,none
efficientnet_b4,ILSVRC2012_val_00024538.JPEG,n02256656,316,316,0.26125947,1,imagenet_c,defocus_blur,1,none
efficientnet_b4,ILSVRC2012_val_00026040.JPEG,n02256656,316,316,0.45159954,1,imagenet_c,defocus_blur,1,none
efficientnet_b4,ILSVRC2012_val_00026323.JPEG,n02256656,316,316,0.5572515,1,imagenet_c,defocus_blur,1,none
efficientnet_b4,ILSVRC2012_val_00026567.JPEG,n02256656,316,316,0.20594554,1,imagenet_c,defocus_blur,1,none
efficientnet_b4,ILSVRC2012_val_00028068.JPEG,n02256656,316,316,0.15368372,1,imagenet_c,defocus_blur,1,none
efficientnet_b4,ILSVRC2012_val_00028250.JPEG,n02256656,316,316,0.3539928,1,imagenet_c,defocus_blur,1,none
efficientnet_b4,ILSVRC2012_val_00030829.JPEG,n02256656,316,316,0.38040707,1,imagenet_c,defocus_blur,1,none
efficientnet_b4,ILSVRC2012_val_00032172.JPEG,n02256656,316,316,0.56380785,1,imagenet_c,defocus_blur,1,none
efficientnet_b4,ILSVRC2012_val_00034839.JPEG,n02256656,316,316,0.4758251,1,imagenet_c,defocus_blur,1,none
efficientnet_b4,ILSVRC2012_val_00034900.JPEG,n02256656,316,316,0.52944106,1,imagenet_c,defocus_blur,1,none
efficientnet_b4,ILSVRC2012_val_00035308.JPEG,n02256656,316,316,0.5668925,1,imagenet_c,defocus_blur,1,none
efficientnet_b4,ILSVRC2012_val_00037610.JPEG,n02256656,316,316,0.43455514,1,imagenet_c,defocus_blur,1,none
efficientnet_b4,ILSVRC2012_val_00038090.JPEG,n02256656,316,316,0.6885464,1,imagenet_c,defocus_blur,1,none
efficientnet_b4,ILSVRC2012_val_00038728.JPEG,n02256656,316,316,0.5188377,1,imagenet_c,defocus_blur,1,none
efficientnet_b4,ILSVRC2012_val_00039744.JPEG,n02256656,316,316,0.38743725,1,imagenet_c,defocus_blur,1,none
efficientnet_b4,ILSVRC2012_val_00039898.JPEG,n02256656,316,316,0.4577781,1,imagenet_c,defocus_blur,1,none
efficientnet_b4,ILSVRC2012_val_00040805.JPEG,n02256656,316,316,0.5422473,1,imagenet_c,defocus_blur,1,none
efficientnet_b4,ILSVRC2012_val_00041190.JPEG,n02256656,316,126,0.21675578,0,imagenet_c,defocus_blur,1,none
efficientnet_b4,ILSVRC2012_val_00041431.JPEG,n02256656,316,316,0.5425773,1,imagenet_c,defocus_blur,1,none
efficientnet_b4,ILSVRC2012_val_00041528.JPEG,n02256656,316,316,0.5242983,1,imagenet_c,defocus_blur,1,none
efficientnet_b4,ILSVRC2012_val_00042251.JPEG,n02256656,316,71,0.41733456,0,imagenet_c,defocus_blur,1,none
efficientnet_b4,ILSVRC2012_val_00042557.JPEG,n02256656,316,335,0.06253387,0,imagenet_c,defocus_blur,1,none
efficientnet_b4,ILSVRC2012_val_00044314.JPEG,n02256656,316,316,0.5537787,1,imagenet_c,defocus_blur,1,none
efficientnet_b4,ILSVRC2012_val_00044407.JPEG,n02256656,316,316,0.47998393,1,imagenet_c,defocus_blur,1,none
efficientnet_b4,ILSVRC2012_val_00044514.JPEG,n02256656,316,316,0.52924246,1,imagenet_c,defocus_blur,1,none
efficientnet_b4,ILSVRC2012_val_00045442.JPEG,n02256656,316,316,0.34061906,1,imagenet_c,defocus_blur,1,none
efficientnet_b4,ILSVRC2012_val_00045569.JPEG,n02256656,316,738,0.18472266,0,imagenet_c,defocus_blur,1,none
efficientnet_b4,ILSVRC2012_val_00003032.JPEG,n02259212,317,317,0.54484713,1,imagenet_c,defocus_blur,1,none
efficientnet_b4,ILSVRC2012_val_00003854.JPEG,n02259212,317,317,0.58389103,1,imagenet_c,defocus_blur,1,none
efficientnet_b4,ILSVRC2012_val_00005916.JPEG,n02259212,317,317,0.42797396,1,imagenet_c,defocus_blur,1,none
efficientnet_b4,ILSVRC2012_val_00007916.JPEG,n02259212,317,317,0.32800618,1,imagenet_c,defocus_blur,1,none
efficientnet_b4,ILSVRC2012_val_00010192.JPEG,n02259212,317,317,0.40602595,1,imagenet_c,defocus_blur,1,none
efficientnet_b4,ILSVRC2012_val_00011112.JPEG,n02259212,317,317,0.602491,1,imagenet_c,defocus_blur,1,none
efficientnet_b4,ILSVRC2012_val_00011382.JPEG,n02259212,317,317,0.55726516,1,imagenet_c,defocus_blur,1,none
efficientnet_b4,ILSVRC2012_val_00011535.JPEG,n02259212,317,317,0.38223034,1,imagenet_c,defocus_blur,1,none
efficientnet_b4,ILSVRC2012_val_00011820.JPEG,n02259212,317,317,0.5170322,1,imagenet_c,defocus_blur,1,none
efficientnet_b4,ILSVRC2012_val_00011888.JPEG,n02259212,317,317,0.598858,1,imagenet_c,defocus_blur,1,none
efficientnet_b4,ILSVRC2012_val_00012106.JPEG,n02259212,317,317,0.5307168,1,imagenet_c,defocus_blur,1,none
efficientnet_b4,ILSVRC2012_val_00015606.JPEG,n02259212,317,317,0.56206244,1,imagenet_c,defocus_blur,1,none
efficientnet_b4,ILSVRC2012_val_00019237.JPEG,n02259212,317,317,0.6108656,1,imagenet_c,defocus_blur,1,none
efficientnet_b4,ILSVRC2012_val_00019737.JPEG,n02259212,317,317,0.53341705,1,imagenet_c,defocus_blur,1,none
efficientnet_b4,ILSVRC2012_val_00020354.JPEG,n02259212,317,317,0.59542733,1,imagenet_c,defocus_blur,1,none
efficientnet_b4,ILSVRC2012_val_00021086.JPEG,n02259212,317,317,0.58528996,1,imagenet_c,defocus_blur,1,none
efficientnet_b4,ILSVRC2012_val_00021255.JPEG,n02259212,317,317,0.4434783,1,imagenet_c,defocus_blur,1,none
efficientnet_b4,ILSVRC2012_val_00021513.JPEG,n02259212,317,317,0.54536885,1,imagenet_c,defocus_blur,1,none
efficientnet_b4,ILSVRC2012_val_00022765.JPEG,n02259212,317,318,0.6486995,0,imagenet_c,defocus_blur,1,none
efficientnet_b4,ILSVRC2012_val_00024868.JPEG,n02259212,317,316,0.40651733,0,imagenet_c,defocus_blur,1,none
efficientnet_b4,ILSVRC2012_val_00025343.JPEG,n02259212,317,317,0.4317199,1,imagenet_c,defocus_blur,1,none
efficientnet_b4,ILSVRC2012_val_00025974.JPEG,n02259212,317,317,0.14421926,1,imagenet_c,defocus_blur,1,none
efficientnet_b4,ILSVRC2012_val_00026484.JPEG,n02259212,317,311,0.16609,0,imagenet_c,defocus_blur,1,none
efficientnet_b4,ILSVRC2012_val_00026591.JPEG,n02259212,317,317,0.3041689,1,imagenet_c,defocus_blur,1,none
efficientnet_b4,ILSVRC2012_val_00027387.JPEG,n02259212,317,317,0.43809256,1,imagenet_c,defocus_blur,1,none
efficientnet_b4,ILSVRC2012_val_00027844.JPEG,n02259212,317,317,0.4092599,1,imagenet_c,defocus_blur,1,none
efficientnet_b4,ILSVRC2012_val_00028533.JPEG,n02259212,317,317,0.602149,1,imagenet_c,defocus_blur,1,none
efficientnet_b4,ILSVRC2012_val_00028692.JPEG,n02259212,317,316,0.4916997,0,imagenet_c,defocus_blur,1,none
efficientnet_b4,ILSVRC2012_val_00028750.JPEG,n02259212,317,317,0.5291673,1,imagenet_c,defocus_blur,1,none
efficientnet_b4,ILSVRC2012_val_00028803.JPEG,n02259212,317,317,0.55233496,1,imagenet_c,defocus_blur,1,none
efficientnet_b4,ILSVRC2012_val_00029444.JPEG,n02259212,317,317,0.56453454,1,imagenet_c,defocus_blur,1,none
efficientnet_b4,ILSVRC2012_val_00030294.JPEG,n02259212,317,317,0.28415966,1,imagenet_c,defocus_blur,1,none
efficientnet_b4,ILSVRC2012_val_00030505.JPEG,n02259212,317,103,0.34923932,0,imagenet_c,defocus_blur,1,none
efficientnet_b4,ILSVRC2012_val_00031472.JPEG,n02259212,317,317,0.49431595,1,imagenet_c,defocus_blur,1,none
efficientnet_b4,ILSVRC2012_val_00031502.JPEG,n02259212,317,317,0.48668614,1,imagenet_c,defocus_blur,1,none
efficientnet_b4,ILSVRC2012_val_00031648.JPEG,n02259212,317,317,0.44750535,1,imagenet_c,defocus_blur,1,none
efficientnet_b4,ILSVRC2012_val_00032390.JPEG,n02259212,317,317,0.32835317,1,imagenet_c,defocus_blur,1,none
efficientnet_b4,ILSVRC2012_val_00034185.JPEG,n02259212,317,317,0.3871936,1,imagenet_c,defocus_blur,1,none
efficientnet_b4,ILSVRC2012_val_00035295.JPEG,n02259212,317,317,0.48343718,1,imagenet_c,defocus_blur,1,none
efficientnet_b4,ILSVRC2012_val_00037589.JPEG,n02259212,317,317,0.35987735,1,imagenet_c,defocus_blur,1,none
efficientnet_b4,ILSVRC2012_val_00038354.JPEG,n02259212,317,317,0.43491963,1,imagenet_c,defocus_blur,1,none
efficientnet_b4,ILSVRC2012_val_00038903.JPEG,n02259212,317,317,0.5343695,1,imagenet_c,defocus_blur,1,none
efficientnet_b4,ILSVRC2012_val_00039092.JPEG,n02259212,317,318,0.26009342,0,imagenet_c,defocus_blur,1,none
efficientnet_b4,ILSVRC2012_val_00039365.JPEG,n02259212,317,317,0.3865563,1,imagenet_c,defocus_blur,1,none
efficientnet_b4,ILSVRC2012_val_00040451.JPEG,n02259212,317,103,0.54578686,0,imagenet_c,defocus_blur,1,none
efficientnet_b4,ILSVRC2012_val_00042796.JPEG,n02259212,317,317,0.5398658,1,imagenet_c,defocus_blur,1,none
efficientnet_b4,ILSVRC2012_val_00044153.JPEG,n02259212,317,315,0.18944167,0,imagenet_c,defocus_blur,1,none
efficientnet_b4,ILSVRC2012_val_00045724.JPEG,n02259212,317,317,0.17057309,1,imagenet_c,defocus_blur,1,none
efficientnet_b4,ILSVRC2012_val_00046417.JPEG,n02259212,317,315,0.13010783,0,imagenet_c,defocus_blur,1,none
efficientnet_b4,ILSVRC2012_val_00046801.JPEG,n02259212,317,317,0.32085964,1,imagenet_c,defocus_blur,1,none
efficientnet_b4,ILSVRC2012_val_00001466.JPEG,n02264363,318,318,0.4001945,1,imagenet_c,defocus_blur,1,none
efficientnet_b4,ILSVRC2012_val_00002027.JPEG,n02264363,318,318,0.51008636,1,imagenet_c,defocus_blur,1,none
efficientnet_b4,ILSVRC2012_val_00004661.JPEG,n02264363,318,318,0.59988624,1,imagenet_c,defocus_blur,1,none
efficientnet_b4,ILSVRC2012_val_00008069.JPEG,n02264363,318,318,0.19330984,1,imagenet_c,defocus_blur,1,none
efficientnet_b4,ILSVRC2012_val_00011013.JPEG,n02264363,318,318,0.68353903,1,imagenet_c,defocus_blur,1,none
efficientnet_b4,ILSVRC2012_val_00011601.JPEG,n02264363,318,318,0.23264879,1,imagenet_c,defocus_blur,1,none
efficientnet_b4,ILSVRC2012_val_00011783.JPEG,n02264363,318,318,0.18782169,1,imagenet_c,defocus_blur,1,none
efficientnet_b4,ILSVRC2012_val_00012045.JPEG,n02264363,318,308,0.22227734,0,imagenet_c,defocus_blur,1,none
efficientnet_b4,ILSVRC2012_val_00014031.JPEG,n02264363,318,318,0.58264226,1,imagenet_c,defocus_blur,1,none
efficientnet_b4,ILSVRC2012_val_00014964.JPEG,n02264363,318,318,0.69170755,1,imagenet_c,defocus_blur,1,none
efficientnet_b4,ILSVRC2012_val_00015271.JPEG,n02264363,318,318,0.539316,1,imagenet_c,defocus_blur,1,none
efficientnet_b4,ILSVRC2012_val_00015493.JPEG,n02264363,318,318,0.58930653,1,imagenet_c,defocus_blur,1,none
efficientnet_b4,ILSVRC2012_val_00016641.JPEG,n02264363,318,986,0.10355382,0,imagenet_c,defocus_blur,1,none
efficientnet_b4,ILSVRC2012_val_00016888.JPEG,n02264363,318,318,0.12490134,1,imagenet_c,defocus_blur,1,none
efficientnet_b4,ILSVRC2012_val_00020164.JPEG,n02264363,318,308,0.36774942,0,imagenet_c,defocus_blur,1,none
efficientnet_b4,ILSVRC2012_val_00020183.JPEG,n02264363,318,990,0.07444762,0,imagenet_c,defocus_blur,1,none
efficientnet_b4,ILSVRC2012_val_00022155.JPEG,n02264363,318,318,0.5070458,1,imagenet_c,defocus_blur,1,none
efficientnet_b4,ILSVRC2012_val_00025589.JPEG,n02264363,318,318,0.093253404,1,imagenet_c,defocus_blur,1,none
efficientnet_b4,ILSVRC2012_val_00026489.JPEG,n02264363,318,318,0.53232276,1,imagenet_c,defocus_blur,1,none
efficientnet_b4,ILSVRC2012_val_00026775.JPEG,n02264363,318,951,0.08674513,0,imagenet_c,defocus_blur,1,none
efficientnet_b4,ILSVRC2012_val_00027031.JPEG,n02264363,318,318,0.642315,1,imagenet_c,defocus_blur,1,none
efficientnet_b4,ILSVRC2012_val_00027062.JPEG,n02264363,318,318,0.6433115,1,imagenet_c,defocus_blur,1,none
efficientnet_b4,ILSVRC2012_val_00027634.JPEG,n02264363,318,318,0.6500109,1,imagenet_c,defocus_blur,1,none
efficientnet_b4,ILSVRC2012_val_00027803.JPEG,n02264363,318,318,0.51634526,1,imagenet_c,defocus_blur,1,none
efficientnet_b4,ILSVRC2012_val_00029196.JPEG,n02264363,318,318,0.70111394,1,imagenet_c,defocus_blur,1,none
efficientnet_b4,ILSVRC2012_val_00029539.JPEG,n02264363,318,318,0.67059416,1,imagenet_c,defocus_blur,1,none
efficientnet_b4,ILSVRC2012_val_00029843.JPEG,n02264363,318,70,0.31098074,0,imagenet_c,defocus_blur,1,none
efficientnet_b4,ILSVRC2012_val_00031524.JPEG,n02264363,318,318,0.24338569,1,imagenet_c,defocus_blur,1,none
efficientnet_b4,ILSVRC2012_val_00031696.JPEG,n02264363,318,318,0.63580734,1,imagenet_c,defocus_blur,1,none
efficientnet_b4,ILSVRC2012_val_00034213.JPEG,n02264363,318,126,0.5480268,0,imagenet_c,defocus_blur,1,none
efficientnet_b4,ILSVRC2012_val_00034274.JPEG,n02264363,318,318,0.5431655,1,imagenet_c,defocus_blur,1,none
efficientnet_b4,ILSVRC2012_val_00034502.JPEG,n02264363,318,320,0.14784299,0,imagenet_c,defocus_blur,1,none
efficientnet_b4,ILSVRC2012_val_00034688.JPEG,n02264363,318,318,0.6120213,1,imagenet_c,defocus_blur,1,none
efficientnet_b4,ILSVRC2012_val_00034764.JPEG,n02264363,318,318,0.7379963,1,imagenet_c,defocus_blur,1,none
efficientnet_b4,ILSVRC2012_val_00036196.JPEG,n02264363,318,319,0.31612492,0,imagenet_c,defocus_blur,1,none
efficientnet_b4,ILSVRC2012_val_00038262.JPEG,n02264363,318,120,0.27422985,0,imagenet_c,defocus_blur,1,none
efficientnet_b4,ILSVRC2012_val_00038765.JPEG,n02264363,318,318,0.76871246,1,imagenet_c,defocus_blur,1,none
efficientnet_b4,ILSVRC2012_val_00040239.JPEG,n02264363,318,318,0.21933304,1,imagenet_c,defocus_blur,1,none
efficientnet_b4,ILSVRC2012_val_00041871.JPEG,n02264363,318,318,0.5381729,1,imagenet_c,defocus_blur,1,none
efficientnet_b4,ILSVRC2012_val_00044228.JPEG,n02264363,318,318,0.81593555,1,imagenet_c,defocus_blur,1,none
efficientnet_b4,ILSVRC2012_val_00044490.JPEG,n02264363,318,318,0.6193787,1,imagenet_c,defocus_blur,1,none
efficientnet_b4,ILSVRC2012_val_00045489.JPEG,n02264363,318,318,0.6139527,1,imagenet_c,defocus_blur,1,none
efficientnet_b4,ILSVRC2012_val_00045525.JPEG,n02264363,318,318,0.6716852,1,imagenet_c,defocus_blur,1,none
efficientnet_b4,ILSVRC2012_val_00045985.JPEG,n02264363,318,318,0.60141563,1,imagenet_c,defocus_blur,1,none
efficientnet_b4,ILSVRC2012_val_00047169.JPEG,n02264363,318,318,0.757832,1,imagenet_c,defocus_blur,1,none
efficientnet_b4,ILSVRC2012_val_00047717.JPEG,n02264363,318,318,0.60829204,1,imagenet_c,defocus_blur,1,none
efficientnet_b4,ILSVRC2012_val_00047939.JPEG,n02264363,318,318,0.488104,1,imagenet_c,defocus_blur,1,none
efficientnet_b4,ILSVRC2012_val_00048414.JPEG,n02264363,318,318,0.5822587,1,imagenet_c,defocus_blur,1,none
efficientnet_b4,ILSVRC2012_val_00048423.JPEG,n02264363,318,318,0.54828185,1,imagenet_c,defocus_blur,1,none
efficientnet_b4,ILSVRC2012_val_00048687.JPEG,n02264363,318,738,0.042480644,0,imagenet_c,defocus_blur,1,none
efficientnet_b4,ILSVRC2012_val_00000418.JPEG,n02268443,319,320,0.15146169,0,imagenet_c,defocus_blur,1,none
efficientnet_b4,ILSVRC2012_val_00001238.JPEG,n02268443,319,319,0.44399327,1,imagenet_c,defocus_blur,1,none
efficientnet_b4,ILSVRC2012_val_00001752.JPEG,n02268443,319,318,0.08961412,0,imagenet_c,defocus_blur,1,none
efficientnet_b4,ILSVRC2012_val_00002225.JPEG,n02268443,319,319,0.32256457,1,imagenet_c,defocus_blur,1,none
efficientnet_b4,ILSVRC2012_val_00005158.JPEG,n02268443,319,319,0.23851004,1,imagenet_c,defocus_blur,1,none
efficientnet_b4,ILSVRC2012_val_00006760.JPEG,n02268443,319,30,0.2528244,0,imagenet_c,defocus_blur,1,none
efficientnet_b4,ILSVRC2012_val_00007425.JPEG,n02268443,319,95,0.045567647,0,imagenet_c,defocus_blur,1,none
efficientnet_b4,ILSVRC2012_val_00008001.JPEG,n02268443,319,319,0.46293142,1,imagenet_c,defocus_blur,1,none
efficientnet_b4,ILSVRC2012_val_00010150.JPEG,n02268443,319,319,0.5790998,1,imagenet_c,defocus_blur,1,none
efficientnet_b4,ILSVRC2012_val_00010925.JPEG,n02268443,319,310,0.09649372,0,imagenet_c,defocus_blur,1,none
efficientnet_b4,ILSVRC2012_val_00013994.JPEG,n02268443,319,41,0.107572526,0,imagenet_c,defocus_blur,1,none
efficientnet_b4,ILSVRC2012_val_00014483.JPEG,n02268443,319,319,0.28137183,1,imagenet_c,defocus_blur,1,none
efficientnet_b4,ILSVRC2012_val_00016664.JPEG,n02268443,319,315,0.24895348,0,imagenet_c,defocus_blur,1,none
efficientnet_b4,ILSVRC2012_val_00016926.JPEG,n02268443,319,324,0.17397396,0,imagenet_c,defocus_blur,1,none
efficientnet_b4,ILSVRC2012_val_00017556.JPEG,n02268443,319,319,0.25609732,1,imagenet_c,defocus_blur,1,none
efficientnet_b4,ILSVRC2012_val_00018415.JPEG,n02268443,319,319,0.63659024,1,imagenet_c,defocus_blur,1,none
efficientnet_b4,ILSVRC2012_val_00021739.JPEG,n02268443,319,319,0.58587945,1,imagenet_c,defocus_blur,1,none
efficientnet_b4,ILSVRC2012_val_00022215.JPEG,n02268443,319,320,0.4268724,0,imagenet_c,defocus_blur,1,none
efficientnet_b4,ILSVRC2012_val_00024612.JPEG,n02268443,319,319,0.27607167,1,imagenet_c,defocus_blur,1,none
efficientnet_b4,ILSVRC2012_val_00024816.JPEG,n02268443,319,312,0.14549208,0,imagenet_c,defocus_blur,1,none
efficientnet_b4,ILSVRC2012_val_00024823.JPEG,n02268443,319,319,0.4779686,1,imagenet_c,defocus_blur,1,none
efficientnet_b4,ILSVRC2012_val_00025968.JPEG,n02268443,319,319,0.4156636,1,imagenet_c,defocus_blur,1,none
efficientnet_b4,ILSVRC2012_val_00026557.JPEG,n02268443,319,320,0.40799528,0,imagenet_c,defocus_blur,1,none
efficientnet_b4,ILSVRC2012_val_00028381.JPEG,n02268443,319,319,0.5978354,1,imagenet_c,defocus_blur,1,none
efficientnet_b4,ILSVRC2012_val_00030535.JPEG,n02268443,319,319,0.26565182,1,imagenet_c,defocus_blur,1,none
efficientnet_b4,ILSVRC2012_val_00031167.JPEG,n02268443,319,319,0.11361679,1,imagenet_c,defocus_blur,1,none
efficientnet_b4,ILSVRC2012_val_00034192.JPEG,n02268443,319,319,0.5594149,1,imagenet_c,defocus_blur,1,none
efficientnet_b4,ILSVRC2012_val_00035582.JPEG,n02268443,319,300,0.16384643,0,imagenet_c,defocus_blur,1,none
efficientnet_b4,ILSVRC2012_val_00035932.JPEG,n02268443,319,135,0.056928236,0,imagenet_c,defocus_blur,1,none
efficientnet_b4,ILSVRC2012_val_00036578.JPEG,n02268443,319,319,0.08528397,1,imagenet_c,defocus_blur,1,none
efficientnet_b4,ILSVRC2012_val_00036761.JPEG,n02268443,319,319,0.3470302,1,imagenet_c,defocus_blur,1,none
efficientnet_b4,ILSVRC2012_val_00037832.JPEG,n02268443,319,319,0.575551,1,imagenet_c,defocus_blur,1,none
efficientnet_b4,ILSVRC2012_val_00037958.JPEG,n02268443,319,994,0.15695289,0,imagenet_c,defocus_blur,1,none
efficientnet_b4,ILSVRC2012_val_00041084.JPEG,n02268443,319,303,0.13752167,0,imagenet_c,defocus_blur,1,none
efficientnet_b4,ILSVRC2012_val_00042405.JPEG,n02268443,319,298,0.033598475,0,imagenet_c,defocus_blur,1,none
efficientnet_b4,ILSVRC2012_val_00043136.JPEG,n02268443,319,320,0.24965058,0,imagenet_c,defocus_blur,1,none
efficientnet_b4,ILSVRC2012_val_00043294.JPEG,n02268443,319,319,0.28354135,1,imagenet_c,defocus_blur,1,none
efficientnet_b4,ILSVRC2012_val_00043424.JPEG,n02268443,319,320,0.13068865,0,imagenet_c,defocus_blur,1,none
efficientnet_b4,ILSVRC2012_val_00044158.JPEG,n02268443,319,319,0.32692146,1,imagenet_c,defocus_blur,1,none
efficientnet_b4,ILSVRC2012_val_00044603.JPEG,n02268443,319,319,0.4463781,1,imagenet_c,defocus_blur,1,none
efficientnet_b4,ILSVRC2012_val_00044892.JPEG,n02268443,319,319,0.18724345,1,imagenet_c,defocus_blur,1,none
efficientnet_b4,ILSVRC2012_val_00045703.JPEG,n02268443,319,319,0.36587963,1,imagenet_c,defocus_blur,1,none
efficientnet_b4,ILSVRC2012_val_00046231.JPEG,n02268443,319,320,0.41623586,0,imagenet_c,defocus_blur,1,none
efficientnet_b4,ILSVRC2012_val_00046425.JPEG,n02268443,319,320,0.24664512,0,imagenet_c,defocus_blur,1,none
efficientnet_b4,ILSVRC2012_val_00047870.JPEG,n02268443,319,319,0.25238985,1,imagenet_c,defocus_blur,1,none
efficientnet_b4,ILSVRC2012_val_00048401.JPEG,n02268443,319,319,0.28013796,1,imagenet_c,defocus_blur,1,none
efficientnet_b4,ILSVRC2012_val_00048743.JPEG,n02268443,319,305,0.04633551,0,imagenet_c,defocus_blur,1,none
efficientnet_b4,ILSVRC2012_val_00048895.JPEG,n02268443,319,319,0.46932504,1,imagenet_c,defocus_blur,1,none
efficientnet_b4,ILSVRC2012_val_00049085.JPEG,n02268443,319,574,0.021279769,0,imagenet_c,defocus_blur,1,none
efficientnet_b4,ILSVRC2012_val_00049201.JPEG,n02268443,319,319,0.4640609,1,imagenet_c,defocus_blur,1,none
efficientnet_b4,ILSVRC2012_val_00000639.JPEG,n02268853,320,320,0.39324826,1,imagenet_c,defocus_blur,1,none
efficientnet_b4,ILSVRC2012_val_00000965.JPEG,n02268853,320,320,0.5336376,1,imagenet_c,defocus_blur,1,none
efficientnet_b4,ILSVRC2012_val_00001842.JPEG,n02268853,320,320,0.61513585,1,imagenet_c,defocus_blur,1,none
efficientnet_b4,ILSVRC2012_val_00001921.JPEG,n02268853,320,320,0.492938,1,imagenet_c,defocus_blur,1,none
efficientnet_b4,ILSVRC2012_val_00002582.JPEG,n02268853,320,320,0.6019144,1,imagenet_c,defocus_blur,1,none
efficientnet_b4,ILSVRC2012_val_00002893.JPEG,n02268853,320,320,0.39853346,1,imagenet_c,defocus_blur,1,none
efficientnet_b4,ILSVRC2012_val_00003239.JPEG,n02268853,320,324,0.22593018,0,imagenet_c,defocus_blur,1,none
efficientnet_b4,ILSVRC2012_val_00004215.JPEG,n02268853,320,320,0.33214155,1,imagenet_c,defocus_blur,1,none
efficientnet_b4,ILSVRC2012_val_00004260.JPEG,n02268853,320,320,0.51874286,1,imagenet_c,defocus_blur,1,none
efficientnet_b4,ILSVRC2012_val_00006313.JPEG,n02268853,320,320,0.37510547,1,imagenet_c,defocus_blur,1,none
efficientnet_b4,ILSVRC2012_val_00008894.JPEG,n02268853,320,326,0.22795269,0,imagenet_c,defocus_blur,1,none
efficientnet_b4,ILSVRC2012_val_00009622.JPEG,n02268853,320,320,0.3190068,1,imagenet_c,defocus_blur,1,none
efficientnet_b4,ILSVRC2012_val_00009625.JPEG,n02268853,320,320,0.36281702,1,imagenet_c,defocus_blur,1,none
efficientnet_b4,ILSVRC2012_val_00010151.JPEG,n02268853,320,320,0.4541267,1,imagenet_c,defocus_blur,1,none
efficientnet_b4,ILSVRC2012_val_00010484.JPEG,n02268853,320,320,0.60344595,1,imagenet_c,defocus_blur,1,none
efficientnet_b4,ILSVRC2012_val_00010997.JPEG,n02268853,320,320,0.15283541,1,imagenet_c,defocus_blur,1,none
efficientnet_b4,ILSVRC2012_val_00011771.JPEG,n02268853,320,320,0.4559598,1,imagenet_c,defocus_blur,1,none
efficientnet_b4,ILSVRC2012_val_00012152.JPEG,n02268853,320,320,0.52809787,1,imagenet_c,defocus_blur,1,none
efficientnet_b4,ILSVRC2012_val_00012526.JPEG,n02268853,320,320,0.5440215,1,imagenet_c,defocus_blur,1,none
efficientnet_b4,ILSVRC2012_val_00012681.JPEG,n02268853,320,320,0.3712131,1,imagenet_c,defocus_blur,1,none
efficientnet_b4,ILSVRC2012_val_00012905.JPEG,n02268853,320,320,0.60760164,1,imagenet_c,defocus_blur,1,none
efficientnet_b4,ILSVRC2012_val_00014038.JPEG,n02268853,320,313,0.05947836,0,imagenet_c,defocus_blur,1,none
efficientnet_b4,ILSVRC2012_val_00018455.JPEG,n02268853,320,319,0.29006645,0,imagenet_c,defocus_blur,1,none
efficientnet_b4,ILSVRC2012_val_00019014.JPEG,n02268853,320,320,0.43314904,1,imagenet_c,defocus_blur,1,none
efficientnet_b4,ILSVRC2012_val_00019888.JPEG,n02268853,320,320,0.21839796,1,imagenet_c,defocus_blur,1,none
efficientnet_b4,ILSVRC2012_val_00019984.JPEG,n02268853,320,320,0.52691895,1,imagenet_c,defocus_blur,1,none
efficientnet_b4,ILSVRC2012_val_00022224.JPEG,n02268853,320,320,0.44762146,1,imagenet_c,defocus_blur,1,none
efficientnet_b4,ILSVRC2012_val_00023183.JPEG,n02268853,320,320,0.5117882,1,imagenet_c,defocus_blur,1,none
efficientnet_b4,ILSVRC2012_val_00026065.JPEG,n02268853,320,59,0.09663428,0,imagenet_c,defocus_blur,1,none
efficientnet_b4,ILSVRC2012_val_00026913.JPEG,n02268853,320,320,0.122618,1,imagenet_c,defocus_blur,1,none
efficientnet_b4,ILSVRC2012_val_00027652.JPEG,n02268853,320,320,0.48474532,1,imagenet_c,defocus_blur,1,none
efficientnet_b4,ILSVRC2012_val_00028579.JPEG,n02268853,320,320,0.46470025,1,imagenet_c,defocus_blur,1,none
efficientnet_b4,ILSVRC2012_val_00032109.JPEG,n02268853,320,320,0.5313571,1,imagenet_c,defocus_blur,1,none
efficientnet_b4,ILSVRC2012_val_00032356.JPEG,n02268853,320,320,0.6218591,1,imagenet_c,defocus_blur,1,none
efficientnet_b4,ILSVRC2012_val_00033064.JPEG,n02268853,320,320,0.5732719,1,imagenet_c,defocus_blur,1,none
efficientnet_b4,ILSVRC2012_val_00033686.JPEG,n02268853,320,320,0.057246007,1,imagenet_c,defocus_blur,1,none
efficientnet_b4,ILSVRC2012_val_00034197.JPEG,n02268853,320,320,0.5813302,1,imagenet_c,defocus_blur,1,none
efficientnet_b4,ILSVRC2012_val_00035819.JPEG,n02268853,320,319,0.40819046,0,imagenet_c,defocus_blur,1,none
efficientnet_b4,ILSVRC2012_val_00036639.JPEG,n02268853,320,320,0.54097396,1,imagenet_c,defocus_blur,1,none
efficientnet_b4,ILSVRC2012_val_00037978.JPEG,n02268853,320,985,0.40752152,0,imagenet_c,defocus_blur,1,none
efficientnet_b4,ILSVRC2012_val_00038466.JPEG,n02268853,320,320,0.21381511,1,imagenet_c,defocus_blur,1,none
efficientnet_b4,ILSVRC2012_val_00040288.JPEG,n02268853,320,320,0.64272565,1,imagenet_c,defocus_blur,1,none
efficientnet_b4,ILSVRC2012_val_00042277.JPEG,n02268853,320,320,0.27029458,1,imagenet_c,defocus_blur,1,none
efficientnet_b4,ILSVRC2012_val_00042323.JPEG,n02268853,320,320,0.31188944,1,imagenet_c,defocus_blur,1,none
efficientnet_b4,ILSVRC2012_val_00042764.JPEG,n02268853,320,320,0.57053566,1,imagenet_c,defocus_blur,1,none
efficientnet_b4,ILSVRC2012_val_00043486.JPEG,n02268853,320,320,0.3909393,1,imagenet_c,defocus_blur,1,none
efficientnet_b4,ILSVRC2012_val_00047903.JPEG,n02268853,320,320,0.62106496,1,imagenet_c,defocus_blur,1,none
efficientnet_b4,ILSVRC2012_val_00049041.JPEG,n02268853,320,320,0.5454071,1,imagenet_c,defocus_blur,1,none
efficientnet_b4,ILSVRC2012_val_00049442.JPEG,n02268853,320,320,0.2746524,1,imagenet_c,defocus_blur,1,none
efficientnet_b4,ILSVRC2012_val_00049961.JPEG,n02268853,320,53,0.060409278,0,imagenet_c,defocus_blur,1,none
efficientnet_b4,ILSVRC2012_val_00001187.JPEG,n02276258,321,321,0.25443658,1,imagenet_c,defocus_blur,1,none
efficientnet_b4,ILSVRC2012_val_00001215.JPEG,n02276258,321,322,0.16283838,0,imagenet_c,defocus_blur,1,none
efficientnet_b4,ILSVRC2012_val_00003481.JPEG,n02276258,321,321,0.6540187,1,imagenet_c,defocus_blur,1,none
efficientnet_b4,ILSVRC2012_val_00004453.JPEG,n02276258,321,321,0.69291604,1,imagenet_c,defocus_blur,1,none
efficientnet_b4,ILSVRC2012_val_00005000.JPEG,n02276258,321,805,0.03954236,0,imagenet_c,defocus_blur,1,none
efficientnet_b4,ILSVRC2012_val_00006819.JPEG,n02276258,321,321,0.67550296,1,imagenet_c,defocus_blur,1,none
efficientnet_b4,ILSVRC2012_val_00007016.JPEG,n02276258,321,321,0.6540265,1,imagenet_c,defocus_blur,1,none
efficientnet_b4,ILSVRC2012_val_00008663.JPEG,n02276258,321,321,0.610865,1,imagenet_c,defocus_blur,1,none
efficientnet_b4,ILSVRC2012_val_00008693.JPEG,n02276258,321,321,0.67590237,1,imagenet_c,defocus_blur,1,none
efficientnet_b4,ILSVRC2012_val_00009859.JPEG,n02276258,321,321,0.6377704,1,imagenet_c,defocus_blur,1,none
efficientnet_b4,ILSVRC2012_val_00010777.JPEG,n02276258,321,321,0.30916017,1,imagenet_c,defocus_blur,1,none
efficientnet_b4,ILSVRC2012_val_00011772.JPEG,n02276258,321,321,0.6809906,1,imagenet_c,defocus_blur,1,none
efficientnet_b4,ILSVRC2012_val_00012463.JPEG,n02276258,321,321,0.63110703,1,imagenet_c,defocus_blur,1,none
efficientnet_b4,ILSVRC2012_val_00012764.JPEG,n02276258,321,994,0.092157975,0,imagenet_c,defocus_blur,1,none
efficientnet_b4,ILSVRC2012_val_00013250.JPEG,n02276258,321,321,0.6702497,1,imagenet_c,defocus_blur,1,none
efficientnet_b4,ILSVRC2012_val_00014187.JPEG,n02276258,321,321,0.6620562,1,imagenet_c,defocus_blur,1,none
efficientnet_b4,ILSVRC2012_val_00015025.JPEG,n02276258,321,321,0.09830386,1,imagenet_c,defocus_blur,1,none
efficientnet_b4,ILSVRC2012_val_00017169.JPEG,n02276258,321,321,0.4806628,1,imagenet_c,defocus_blur,1,none
efficientnet_b4,ILSVRC2012_val_00021108.JPEG,n02276258,321,321,0.5812648,1,imagenet_c,defocus_blur,1,none
efficientnet_b4,ILSVRC2012_val_00021382.JPEG,n02276258,321,321,0.7801959,1,imagenet_c,defocus_blur,1,none
efficientnet_b4,ILSVRC2012_val_00021499.JPEG,n02276258,321,321,0.5986033,1,imagenet_c,defocus_blur,1,none
efficientnet_b4,ILSVRC2012_val_00023523.JPEG,n02276258,321,321,0.34132034,1,imagenet_c,defocus_blur,1,none
efficientnet_b4,ILSVRC2012_val_00025122.JPEG,n02276258,321,321,0.44055977,1,imagenet_c,defocus_blur,1,none
efficientnet_b4,ILSVRC2012_val_00025210.JPEG,n02276258,321,321,0.6176305,1,imagenet_c,defocus_blur,1,none
efficientnet_b4,ILSVRC2012_val_00026791.JPEG,n02276258,321,321,0.3736902,1,imagenet_c,defocus_blur,1,none
efficientnet_b4,ILSVRC2012_val_00026877.JPEG,n02276258,321,321,0.701152,1,imagenet_c,defocus_blur,1,none
efficientnet_b4,ILSVRC2012_val_00027353.JPEG,n02276258,321,321,0.5726333,1,imagenet_c,defocus_blur,1,none
efficientnet_b4,ILSVRC2012_val_00028372.JPEG,n02276258,321,321,0.61389613,1,imagenet_c,defocus_blur,1,none
efficientnet_b4,ILSVRC2012_val_00032156.JPEG,n02276258,321,321,0.5840552,1,imagenet_c,defocus_blur,1,none
efficientnet_b4,ILSVRC2012_val_00032773.JPEG,n02276258,321,321,0.6476041,1,imagenet_c,defocus_blur,1,none
efficientnet_b4,ILSVRC2012_val_00036285.JPEG,n02276258,321,321,0.46973014,1,imagenet_c,defocus_blur,1,none
efficientnet_b4,ILSVRC2012_val_00036738.JPEG,n02276258,321,321,0.7368137,1,imagenet_c,defocus_blur,1,none
efficientnet_b4,ILSVRC2012_val_00037053.JPEG,n02276258,321,321,0.27803558,1,imagenet_c,defocus_blur,1,none
efficientnet_b4,ILSVRC2012_val_00037056.JPEG,n02276258,321,321,0.66754353,1,imagenet_c,defocus_blur,1,none
efficientnet_b4,ILSVRC2012_val_00038718.JPEG,n02276258,321,321,0.7029756,1,imagenet_c,defocus_blur,1,none
efficientnet_b4,ILSVRC2012_val_00038719.JPEG,n02276258,321,321,0.59104925,1,imagenet_c,defocus_blur,1,none
efficientnet_b4,ILSVRC2012_val_00039078.JPEG,n02276258,321,321,0.7184674,1,imagenet_c,defocus_blur,1,none
efficientnet_b4,ILSVRC2012_val_00041566.JPEG,n02276258,321,321,0.65255487,1,imagenet_c,defocus_blur,1,none
efficientnet_b4,ILSVRC2012_val_00042337.JPEG,n02276258,321,321,0.6733281,1,imagenet_c,defocus_blur,1,none
efficientnet_b4,ILSVRC2012_val_00042436.JPEG,n02276258,321,321,0.5545481,1,imagenet_c,defocus_blur,1,none
efficientnet_b4,ILSVRC2012_val_00042846.JPEG,n02276258,321,321,0.58577085,1,imagenet_c,defocus_blur,1,none
efficientnet_b4,ILSVRC2012_val_00043976.JPEG,n02276258,321,321,0.71000534,1,imagenet_c,defocus_blur,1,none
efficientnet_b4,ILSVRC2012_val_00044223.JPEG,n02276258,321,321,0.6615733,1,imagenet_c,defocus_blur,1,none
efficientnet_b4,ILSVRC2012_val_00044686.JPEG,n02276258,321,321,0.65579575,1,imagenet_c,defocus_blur,1,none
efficientnet_b4,ILSVRC2012_val_00044711.JPEG,n02276258,321,321,0.5087504,1,imagenet_c,defocus_blur,1,none
efficientnet_b4,ILSVRC2012_val_00045550.JPEG,n02276258,321,321,0.5750452,1,imagenet_c,defocus_blur,1,none
efficientnet_b4,ILSVRC2012_val_00047722.JPEG,n02276258,321,32,0.11405785,0,imagenet_c,defocus_blur,1,none
efficientnet_b4,ILSVRC2012_val_00047761.JPEG,n02276258,321,321,0.6509788,1,imagenet_c,defocus_blur,1,none
efficientnet_b4,ILSVRC2012_val_00048696.JPEG,n02276258,321,321,0.6002052,1,imagenet_c,defocus_blur,1,none
efficientnet_b4,ILSVRC2012_val_00049499.JPEG,n02276258,321,321,0.6426523,1,imagenet_c,defocus_blur,1,none
efficientnet_b4,ILSVRC2012_val_00000810.JPEG,n02277742,322,322,0.58216804,1,imagenet_c,defocus_blur,1,none
efficientnet_b4,ILSVRC2012_val_00001015.JPEG,n02277742,322,322,0.07418465,1,imagenet_c,defocus_blur,1,none
efficientnet_b4,ILSVRC2012_val_00004590.JPEG,n02277742,322,322,0.5779934,1,imagenet_c,defocus_blur,1,none
efficientnet_b4,ILSVRC2012_val_00004850.JPEG,n02277742,322,322,0.5097002,1,imagenet_c,defocus_blur,1,none
efficientnet_b4,ILSVRC2012_val_00005786.JPEG,n02277742,322,322,0.6911121,1,imagenet_c,defocus_blur,1,none
efficientnet_b4,ILSVRC2012_val_00006514.JPEG,n02277742,322,324,0.39848542,0,imagenet_c,defocus_blur,1,none
efficientnet_b4,ILSVRC2012_val_00007198.JPEG,n02277742,322,322,0.6779627,1,imagenet_c,defocus_blur,1,none
efficientnet_b4,ILSVRC2012_val_00008142.JPEG,n02277742,322,322,0.74163276,1,imagenet_c,defocus_blur,1,none
efficientnet_b4,ILSVRC2012_val_00011074.JPEG,n02277742,322,322,0.70088404,1,imagenet_c,defocus_blur,1,none
efficientnet_b4,ILSVRC2012_val_00011911.JPEG,n02277742,322,322,0.85462546,1,imagenet_c,defocus_blur,1,none
efficientnet_b4,ILSVRC2012_val_00012500.JPEG,n02277742,322,322,0.6270452,1,imagenet_c,defocus_blur,1,none
efficientnet_b4,ILSVRC2012_val_00013386.JPEG,n02277742,322,322,0.49472344,1,imagenet_c,defocus_blur,1,none
efficientnet_b4,ILSVRC2012_val_00014724.JPEG,n02277742,322,322,0.654737,1,imagenet_c,defocus_blur,1,none
efficientnet_b4,ILSVRC2012_val_00015608.JPEG,n02277742,322,322,0.7114936,1,imagenet_c,defocus_blur,1,none
efficientnet_b4,ILSVRC2012_val_00016811.JPEG,n02277742,322,322,0.6954369,1,imagenet_c,defocus_blur,1,none
efficientnet_b4,ILSVRC2012_val_00017910.JPEG,n02277742,322,322,0.6197762,1,imagenet_c,defocus_blur,1,none
efficientnet_b4,ILSVRC2012_val_00021979.JPEG,n02277742,322,322,0.6195737,1,imagenet_c,defocus_blur,1,none
efficientnet_b4,ILSVRC2012_val_00022498.JPEG,n02277742,322,324,0.24437076,0,imagenet_c,defocus_blur,1,none
efficientnet_b4,ILSVRC2012_val_00022979.JPEG,n02277742,322,322,0.6329804,1,imagenet_c,defocus_blur,1,none
efficientnet_b4,ILSVRC2012_val_00023815.JPEG,n02277742,322,322,0.6502055,1,imagenet_c,defocus_blur,1,none
efficientnet_b4,ILSVRC2012_val_00024295.JPEG,n02277742,322,322,0.6617845,1,imagenet_c,defocus_blur,1,none
efficientnet_b4,ILSVRC2012_val_00025382.JPEG,n02277742,322,322,0.71467346,1,imagenet_c,defocus_blur,1,none
efficientnet_b4,ILSVRC2012_val_00025952.JPEG,n02277742,322,322,0.5985908,1,imagenet_c,defocus_blur,1,none
efficientnet_b4,ILSVRC2012_val_00028204.JPEG,n02277742,322,322,0.6574986,1,imagenet_c,defocus_blur,1,none
efficientnet_b4,ILSVRC2012_val_00028551.JPEG,n02277742,322,322,0.29941615,1,imagenet_c,defocus_blur,1,none
efficientnet_b4,ILSVRC2012_val_00029018.JPEG,n02277742,322,322,0.6925629,1,imagenet_c,defocus_blur,1,none
efficientnet_b4,ILSVRC2012_val_00029047.JPEG,n02277742,322,322,0.62990427,1,imagenet_c,defocus_blur,1,none
efficientnet_b4,ILSVRC2012_val_00029616.JPEG,n02277742,322,322,0.69671893,1,imagenet_c,defocus_blur,1,none
efficientnet_b4,ILSVRC2012_val_00030779.JPEG,n02277742,322,322,0.6346956,1,imagenet_c,defocus_blur,1,none
efficientnet_b4,ILSVRC2012_val_00033554.JPEG,n02277742,322,321,0.08963419,0,imagenet_c,defocus_blur,1,none
efficientnet_b4,ILSVRC2012_val_00033639.JPEG,n02277742,322,322,0.26700553,1,imagenet_c,defocus_blur,1,none
efficientnet_b4,ILSVRC2012_val_00033745.JPEG,n02277742,322,322,0.32683757,1,imagenet_c,defocus_blur,1,none
efficientnet_b4,ILSVRC2012_val_00034673.JPEG,n02277742,322,322,0.6514172,1,imagenet_c,defocus_blur,1,none
efficientnet_b4,ILSVRC2012_val_00034945.JPEG,n02277742,322,322,0.73883307,1,imagenet_c,defocus_blur,1,none
efficientnet_b4,ILSVRC2012_val_00035074.JPEG,n02277742,322,322,0.5658653,1,imagenet_c,defocus_blur,1,none
efficientnet_b4,ILSVRC2012_val_00035107.JPEG,n02277742,322,322,0.67620355,1,imagenet_c,defocus_blur,1,none
efficientnet_b4,ILSVRC2012_val_00035399.JPEG,n02277742,322,322,0.6902041,1,imagenet_c,defocus_blur,1,none
efficientnet_b4,ILSVRC2012_val_00035673.JPEG,n02277742,322,322,0.6656896,1,imagenet_c,defocus_blur,1,none
efficientnet_b4,ILSVRC2012_val_00036926.JPEG,n02277742,322,326,0.18678823,0,imagenet_c,defocus_blur,1,none
efficientnet_b4,ILSVRC2012_val_00039579.JPEG,n02277742,322,322,0.6110008,1,imagenet_c,defocus_blur,1,none
efficientnet_b4,ILSVRC2012_val_00040035.JPEG,n02277742,322,322,0.37459043,1,imagenet_c,defocus_blur,1,none
efficientnet_b4,ILSVRC2012_val_00040045.JPEG,n02277742,322,322,0.70652634,1,imagenet_c,defocus_blur,1,none
efficientnet_b4,ILSVRC2012_val_00041543.JPEG,n02277742,322,322,0.52392894,1,imagenet_c,defocus_blur,1,none
efficientnet_b4,ILSVRC2012_val_00041803.JPEG,n02277742,322,322,0.67994964,1,imagenet_c,defocus_blur,1,none
efficientnet_b4,ILSVRC2012_val_00042734.JPEG,n02277742,322,322,0.77139366,1,imagenet_c,defocus_blur,1,none
efficientnet_b4,ILSVRC2012_val_00046372.JPEG,n02277742,322,326,0.5703847,0,imagenet_c,defocus_blur,1,none
efficientnet_b4,ILSVRC2012_val_00047996.JPEG,n02277742,322,91,0.10815699,0,imagenet_c,defocus_blur,1,none
efficientnet_b4,ILSVRC2012_val_00048001.JPEG,n02277742,322,322,0.73000985,1,imagenet_c,defocus_blur,1,none
efficientnet_b4,ILSVRC2012_val_00048641.JPEG,n02277742,322,946,0.14545187,0,imagenet_c,defocus_blur,1,none
efficientnet_b4,ILSVRC2012_val_00049126.JPEG,n02277742,322,322,0.36544493,1,imagenet_c,defocus_blur,1,none
efficientnet_b4,ILSVRC2012_val_00001290.JPEG,n02279972,323,322,0.2913228,0,imagenet_c,defocus_blur,1,none
efficientnet_b4,ILSVRC2012_val_00001717.JPEG,n02279972,323,323,0.08112832,1,imagenet_c,defocus_blur,1,none
efficientnet_b4,ILSVRC2012_val_00002935.JPEG,n02279972,323,323,0.67059565,1,imagenet_c,defocus_blur,1,none
efficientnet_b4,ILSVRC2012_val_00005137.JPEG,n02279972,323,330,0.02214737,0,imagenet_c,defocus_blur,1,none
efficientnet_b4,ILSVRC2012_val_00005614.JPEG,n02279972,323,323,0.5947006,1,imagenet_c,defocus_blur,1,none
efficientnet_b4,ILSVRC2012_val_00005952.JPEG,n02279972,323,738,0.07262171,0,imagenet_c,defocus_blur,1,none
efficientnet_b4,ILSVRC2012_val_00006608.JPEG,n02279972,323,323,0.6177172,1,imagenet_c,defocus_blur,1,none
efficientnet_b4,ILSVRC2012_val_00007583.JPEG,n02279972,323,323,0.5892155,1,imagenet_c,defocus_blur,1,none
efficientnet_b4,ILSVRC2012_val_00011143.JPEG,n02279972,323,323,0.59213644,1,imagenet_c,defocus_blur,1,none
efficientnet_b4,ILSVRC2012_val_00011374.JPEG,n02279972,323,323,0.65049595,1,imagenet_c,defocus_blur,1,none
efficientnet_b4,ILSVRC2012_val_00011515.JPEG,n02279972,323,323,0.64583284,1,imagenet_c,defocus_blur,1,none
efficientnet_b4,ILSVRC2012_val_00011564.JPEG,n02279972,323,323,0.62765276,1,imagenet_c,defocus_blur,1,none
efficientnet_b4,ILSVRC2012_val_00012137.JPEG,n02279972,323,323,0.64680827,1,imagenet_c,defocus_blur,1,none
efficientnet_b4,ILSVRC2012_val_00012557.JPEG,n02279972,323,323,0.6439829,1,imagenet_c,defocus_blur,1,none
efficientnet_b4,ILSVRC2012_val_00014310.JPEG,n02279972,323,323,0.48506156,1,imagenet_c,defocus_blur,1,none
efficientnet_b4,ILSVRC2012_val_00014827.JPEG,n02279972,323,323,0.62015826,1,imagenet_c,defocus_blur,1,none
efficientnet_b4,ILSVRC2012_val_00015737.JPEG,n02279972,323,323,0.6684705,1,imagenet_c,defocus_blur,1,none
efficientnet_b4,ILSVRC2012_val_00017836.JPEG,n02279972,323,323,0.7579803,1,imagenet_c,defocus_blur,1,none
efficientnet_b4,ILSVRC2012_val_00019145.JPEG,n02279972,323,749,0.066822566,0,imagenet_c,defocus_blur,1,none
efficientnet_b4,ILSVRC2012_val_00019714.JPEG,n02279972,323,323,0.63937753,1,imagenet_c,defocus_blur,1,none
efficientnet_b4,ILSVRC2012_val_00019869.JPEG,n02279972,323,323,0.48748654,1,imagenet_c,defocus_blur,1,none
efficientnet_b4,ILSVRC2012_val_00020458.JPEG,n02279972,323,323,0.7075129,1,imagenet_c,defocus_blur,1,none
efficientnet_b4,ILSVRC2012_val_00022757.JPEG,n02279972,323,323,0.6803843,1,imagenet_c,defocus_blur,1,none
efficientnet_b4,ILSVRC2012_val_00023054.JPEG,n02279972,323,323,0.901602,1,imagenet_c,defocus_blur,1,none
efficientnet_b4,ILSVRC2012_val_00023084.JPEG,n02279972,323,998,0.07050992,0,imagenet_c,defocus_blur,1,none
efficientnet_b4,ILSVRC2012_val_00023111.JPEG,n02279972,323,323,0.7250633,1,imagenet_c,defocus_blur,1,none
efficientnet_b4,ILSVRC2012_val_00024165.JPEG,n02279972,323,323,0.3174055,1,imagenet_c,defocus_blur,1,none
efficientnet_b4,ILSVRC2012_val_00024527.JPEG,n02279972,323,323,0.7212587,1,imagenet_c,defocus_blur,1,none
efficientnet_b4,ILSVRC2012_val_00025875.JPEG,n02279972,323,323,0.6231843,1,imagenet_c,defocus_blur,1,none
efficientnet_b4,ILSVRC2012_val_00026906.JPEG,n02279972,323,323,0.42943147,1,imagenet_c,defocus_blur,1,none
efficientnet_b4,ILSVRC2012_val_00028241.JPEG,n02279972,323,323,0.615355,1,imagenet_c,defocus_blur,1,none
efficientnet_b4,ILSVRC2012_val_00029192.JPEG,n02279972,323,323,0.6911042,1,imagenet_c,defocus_blur,1,none
efficientnet_b4,ILSVRC2012_val_00033695.JPEG,n02279972,323,323,0.6763156,1,imagenet_c,defocus_blur,1,none
efficientnet_b4,ILSVRC2012_val_00033925.JPEG,n02279972,323,323,0.6469467,1,imagenet_c,defocus_blur,1,none
efficientnet_b4,ILSVRC2012_val_00034478.JPEG,n02279972,323,323,0.54452765,1,imagenet_c,defocus_blur,1,none
efficientnet_b4,ILSVRC2012_val_00034926.JPEG,n02279972,323,323,0.65716827,1,imagenet_c,defocus_blur,1,none
efficientnet_b4,ILSVRC2012_val_00035113.JPEG,n02279972,323,323,0.74950665,1,imagenet_c,defocus_blur,1,none
efficientnet_b4,ILSVRC2012_val_00036259.JPEG,n02279972,323,323,0.63040656,1,imagenet_c,defocus_blur,1,none
efficientnet_b4,ILSVRC2012_val_00037418.JPEG,n02279972,323,323,0.66528577,1,imagenet_c,defocus_blur,1,none
efficientnet_b4,ILSVRC2012_val_00040814.JPEG,n02279972,323,323,0.58656543,1,imagenet_c,defocus_blur,1,none
efficientnet_b4,ILSVRC2012_val_00041804.JPEG,n02279972,323,323,0.59422946,1,imagenet_c,defocus_blur,1,none
efficientnet_b4,ILSVRC2012_val_00043292.JPEG,n02279972,323,323,0.615305,1,imagenet_c,defocus_blur,1,none
efficientnet_b4,ILSVRC2012_val_00046253.JPEG,n02279972,323,323,0.6287514,1,imagenet_c,defocus_blur,1,none
efficientnet_b4,ILSVRC2012_val_00046412.JPEG,n02279972,323,946,0.02095253,0,imagenet_c,defocus_blur,1,none
efficientnet_b4,ILSVRC2012_val_00046963.JPEG,n02279972,323,132,0.020478502,0,imagenet_c,defocus_blur,1,none
efficientnet_b4,ILSVRC2012_val_00047039.JPEG,n02279972,323,323,0.75507134,1,imagenet_c,defocus_blur,1,none
efficientnet_b4,ILSVRC2012_val_00047456.JPEG,n02279972,323,323,0.74236417,1,imagenet_c,defocus_blur,1,none
efficientnet_b4,ILSVRC2012_val_00047733.JPEG,n02279972,323,323,0.6375191,1,imagenet_c,defocus_blur,1,none
efficientnet_b4,ILSVRC2012_val_00049418.JPEG,n02279972,323,323,0.7015191,1,imagenet_c,defocus_blur,1,none
efficientnet_b4,ILSVRC2012_val_00049460.JPEG,n02279972,323,323,0.6592018,1,imagenet_c,defocus_blur,1,none
efficientnet_b4,ILSVRC2012_val_00000031.JPEG,n02280649,324,324,0.757951,1,imagenet_c,defocus_blur,1,none
efficientnet_b4,ILSVRC2012_val_00001014.JPEG,n02280649,324,324,0.6479165,1,imagenet_c,defocus_blur,1,none
efficientnet_b4,ILSVRC2012_val_00004011.JPEG,n02280649,324,324,0.6660782,1,imagenet_c,defocus_blur,1,none
efficientnet_b4,ILSVRC2012_val_00004075.JPEG,n02280649,324,324,0.3505654,1,imagenet_c,defocus_blur,1,none
efficientnet_b4,ILSVRC2012_val_00007368.JPEG,n02280649,324,324,0.26979887,1,imagenet_c,defocus_blur,1,none
efficientnet_b4,ILSVRC2012_val_00008545.JPEG,n02280649,324,946,0.193441,0,imagenet_c,defocus_blur,1,none
efficientnet_b4,ILSVRC2012_val_00010025.JPEG,n02280649,324,324,0.61738294,1,imagenet_c,defocus_blur,1,none
efficientnet_b4,ILSVRC2012_val_00011175.JPEG,n02280649,324,324,0.6395046,1,imagenet_c,defocus_blur,1,none
efficientnet_b4,ILSVRC2012_val_00011589.JPEG,n02280649,324,324,0.66089976,1,imagenet_c,defocus_blur,1,none
efficientnet_b4,ILSVRC2012_val_00011780.JPEG,n02280649,324,324,0.79352593,1,imagenet_c,defocus_blur,1,none
efficientnet_b4,ILSVRC2012_val_00012269.JPEG,n02280649,324,324,0.6726828,1,imagenet_c,defocus_blur,1,none
efficientnet_b4,ILSVRC2012_val_00012315.JPEG,n02280649,324,324,0.68513894,1,imagenet_c,defocus_blur,1,none
efficientnet_b4,ILSVRC2012_val_00013255.JPEG,n02280649,324,322,0.314757,0,imagenet_c,defocus_blur,1,none
efficientnet_b4,ILSVRC2012_val_00014909.JPEG,n02280649,324,324,0.6805158,1,imagenet_c,defocus_blur,1,none
efficientnet_b4,ILSVRC2012_val_00016780.JPEG,n02280649,324,324,0.68114775,1,imagenet_c,defocus_blur,1,none
efficientnet_b4,ILSVRC2012_val_00016787.JPEG,n02280649,324,324,0.683354,1,imagenet_c,defocus_blur,1,none
efficientnet_b4,ILSVRC2012_val_00017342.JPEG,n02280649,324,324,0.38693267,1,imagenet_c,defocus_blur,1,none
efficientnet_b4,ILSVRC2012_val_00019664.JPEG,n02280649,324,324,0.6281348,1,imagenet_c,defocus_blur,1,none
efficientnet_b4,ILSVRC2012_val_00020422.JPEG,n02280649,324,324,0.5175174,1,imagenet_c,defocus_blur,1,none
efficientnet_b4,ILSVRC2012_val_00020571.JPEG,n02280649,324,324,0.6094916,1,imagenet_c,defocus_blur,1,none
efficientnet_b4,ILSVRC2012_val_00020691.JPEG,n02280649,324,985,0.34579024,0,imagenet_c,defocus_blur,1,none
efficientnet_b4,ILSVRC2012_val_00020851.JPEG,n02280649,324,324,0.650337,1,imagenet_c,defocus_blur,1,none
efficientnet_b4,ILSVRC2012_val_00020938.JPEG,n02280649,324,384,0.053325824,0,imagenet_c,defocus_blur,1,none
efficientnet_b4,ILSVRC2012_val_00021073.JPEG,n02280649,324,324,0.6564938,1,imagenet_c,defocus_blur,1,none
efficientnet_b4,ILSVRC2012_val_00021992.JPEG,n02280649,324,324,0.62512505,1,imagenet_c,defocus_blur,1,none
efficientnet_b4,ILSVRC2012_val_00024536.JPEG,n02280649,324,324,0.6251388,1,imagenet_c,defocus_blur,1,none
efficientnet_b4,ILSVRC2012_val_00026478.JPEG,n02280649,324,324,0.5466764,1,imagenet_c,defocus_blur,1,none
efficientnet_b4,ILSVRC2012_val_00026902.JPEG,n02280649,324,324,0.6207995,1,imagenet_c,defocus_blur,1,none
efficientnet_b4,ILSVRC2012_val_00026917.JPEG,n02280649,324,324,0.48810813,1,imagenet_c,defocus_blur,1,none
efficientnet_b4,ILSVRC2012_val_00028366.JPEG,n02280649,324,324,0.7167812,1,imagenet_c,defocus_blur,1,none
efficientnet_b4,ILSVRC2012_val_00028853.JPEG,n02280649,324,324,0.6532678,1,imagenet_c,defocus_blur,1,none
efficientnet_b4,ILSVRC2012_val_00030984.JPEG,n02280649,324,324,0.6353891,1,imagenet_c,defocus_blur,1,none
efficientnet_b4,ILSVRC2012_val_00033606.JPEG,n02280649,324,324,0.5216469,1,imagenet_c,defocus_blur,1,none
efficientnet_b4,ILSVRC2012_val_00033836.JPEG,n02280649,324,324,0.5747087,1,imagenet_c,defocus_blur,1,none
efficientnet_b4,ILSVRC2012_val_00034175.JPEG,n02280649,324,324,0.56987935,1,imagenet_c,defocus_blur,1,none
efficientnet_b4,ILSVRC2012_val_00034626.JPEG,n02280649,324,325,0.52508926,0,imagenet_c,defocus_blur,1,none
efficientnet_b4,ILSVRC2012_val_00034706.JPEG,n02280649,324,324,0.73223627,1,imagenet_c,defocus_blur,1,none
efficientnet_b4,ILSVRC2012_val_00035518.JPEG,n02280649,324,324,0.52253115,1,imagenet_c,defocus_blur,1,none
efficientnet_b4,ILSVRC2012_val_00035809.JPEG,n02280649,324,324,0.5882781,1,imagenet_c,defocus_blur,1,none
efficientnet_b4,ILSVRC2012_val_00035898.JPEG,n02280649,324,324,0.6662849,1,imagenet_c,defocus_blur,1,none
efficientnet_b4,ILSVRC2012_val_00037181.JPEG,n02280649,324,324,0.5813126,1,imagenet_c,defocus_blur,1,none
efficientnet_b4,ILSVRC2012_val_00039030.JPEG,n02280649,324,324,0.4856117,1,imagenet_c,defocus_blur,1,none
efficientnet_b4,ILSVRC2012_val_00039335.JPEG,n02280649,324,324,0.63782114,1,imagenet_c,defocus_blur,1,none
efficientnet_b4,ILSVRC2012_val_00039764.JPEG,n02280649,324,324,0.4402928,1,imagenet_c,defocus_blur,1,none
efficientnet_b4,ILSVRC2012_val_00040652.JPEG,n02280649,324,324,0.7802417,1,imagenet_c,defocus_blur,1,none
efficientnet_b4,ILSVRC2012_val_00042519.JPEG,n02280649,324,985,0.1041804,0,imagenet_c,defocus_blur,1,none
efficientnet_b4,ILSVRC2012_val_00042876.JPEG,n02280649,324,324,0.6531927,1,imagenet_c,defocus_blur,1,none
efficientnet_b4,ILSVRC2012_val_00044952.JPEG,n02280649,324,324,0.6520047,1,imagenet_c,defocus_blur,1,none
efficientnet_b4,ILSVRC2012_val_00045102.JPEG,n02280649,324,324,0.6305939,1,imagenet_c,defocus_blur,1,none
efficientnet_b4,ILSVRC2012_val_00045914.JPEG,n02280649,324,324,0.5827854,1,imagenet_c,defocus_blur,1,none
efficientnet_b4,ILSVRC2012_val_00000581.JPEG,n02281406,325,325,0.0509454,1,imagenet_c,defocus_blur,1,none
efficientnet_b4,ILSVRC2012_val_00000618.JPEG,n02281406,325,325,0.56857604,1,imagenet_c,defocus_blur,1,none
efficientnet_b4,ILSVRC2012_val_00002379.JPEG,n02281406,325,325,0.742112,1,imagenet_c,defocus_blur,1,none
efficientnet_b4,ILSVRC2012_val_00002906.JPEG,n02281406,325,325,0.2008883,1,imagenet_c,defocus_blur,1,none
efficientnet_b4,ILSVRC2012_val_00003498.JPEG,n02281406,325,325,0.74012935,1,imagenet_c,defocus_blur,1,none
efficientnet_b4,ILSVRC2012_val_00005117.JPEG,n02281406,325,325,0.51759523,1,imagenet_c,defocus_blur,1,none
efficientnet_b4,ILSVRC2012_val_00005904.JPEG,n02281406,325,325,0.717793,1,imagenet_c,defocus_blur,1,none
efficientnet_b4,ILSVRC2012_val_00007946.JPEG,n02281406,325,325,0.7174429,1,imagenet_c,defocus_blur,1,none
efficientnet_b4,ILSVRC2012_val_00010431.JPEG,n02281406,325,325,0.34869224,1,imagenet_c,defocus_blur,1,none
efficientnet_b4,ILSVRC2012_val_00011161.JPEG,n02281406,325,325,0.43168882,1,imagenet_c,defocus_blur,1,none
efficientnet_b4,ILSVRC2012_val_00011476.JPEG,n02281406,325,325,0.6840033,1,imagenet_c,defocus_blur,1,none
efficientnet_b4,ILSVRC2012_val_00013363.JPEG,n02281406,325,325,0.53474957,1,imagenet_c,defocus_blur,1,none
efficientnet_b4,ILSVRC2012_val_00013558.JPEG,n02281406,325,325,0.7047597,1,imagenet_c,defocus_blur,1,none
efficientnet_b4,ILSVRC2012_val_00013795.JPEG,n02281406,325,325,0.78272796,1,imagenet_c,defocus_blur,1,none
efficientnet_b4,ILSVRC2012_val_00014128.JPEG,n02281406,325,325,0.6929953,1,imagenet_c,defocus_blur,1,none
efficientnet_b4,ILSVRC2012_val_00014925.JPEG,n02281406,325,325,0.68460304,1,imagenet_c,defocus_blur,1,none
efficientnet_b4,ILSVRC2012_val_00019900.JPEG,n02281406,325,325,0.740412,1,imagenet_c,defocus_blur,1,none
efficientnet_b4,ILSVRC2012_val_00021222.JPEG,n02281406,325,325,0.67372924,1,imagenet_c,defocus_blur,1,none
efficientnet_b4,ILSVRC2012_val_00022078.JPEG,n02281406,325,325,0.79649013,1,imagenet_c,defocus_blur,1,none
efficientnet_b4,ILSVRC2012_val_00023163.JPEG,n02281406,325,325,0.75734925,1,imagenet_c,defocus_blur,1,none
efficientnet_b4,ILSVRC2012_val_00024754.JPEG,n02281406,325,325,0.60067916,1,imagenet_c,defocus_blur,1,none
efficientnet_b4,ILSVRC2012_val_00025559.JPEG,n02281406,325,325,0.68968165,1,imagenet_c,defocus_blur,1,none
efficientnet_b4,ILSVRC2012_val_00027311.JPEG,n02281406,325,325,0.7503557,1,imagenet_c,defocus_blur,1,none
efficientnet_b4,ILSVRC2012_val_00027546.JPEG,n02281406,325,325,0.7805951,1,imagenet_c,defocus_blur,1,none
efficientnet_b4,ILSVRC2012_val_00029592.JPEG,n02281406,325,325,0.811541,1,imagenet_c,defocus_blur,1,none
efficientnet_b4,ILSVRC2012_val_00032068.JPEG,n02281406,325,325,0.2601947,1,imagenet_c,defocus_blur,1,none
efficientnet_b4,ILSVRC2012_val_00034368.JPEG,n02281406,325,325,0.6302397,1,imagenet_c,defocus_blur,1,none
efficientnet_b4,ILSVRC2012_val_00034808.JPEG,n02281406,325,325,0.23640172,1,imagenet_c,defocus_blur,1,none
efficientnet_b4,ILSVRC2012_val_00034927.JPEG,n02281406,325,325,0.51002914,1,imagenet_c,defocus_blur,1,none
efficientnet_b4,ILSVRC2012_val_00035465.JPEG,n02281406,325,325,0.221941,1,imagenet_c,defocus_blur,1,none
efficientnet_b4,ILSVRC2012_val_00037381.JPEG,n02281406,325,325,0.16802207,1,imagenet_c,defocus_blur,1,none
efficientnet_b4,ILSVRC2012_val_00037624.JPEG,n02281406,325,325,0.69458055,1,imagenet_c,defocus_blur,1,none
efficientnet_b4,ILSVRC2012_val_00037876.JPEG,n02281406,325,325,0.6709052,1,imagenet_c,defocus_blur,1,none
efficientnet_b4,ILSVRC2012_val_00038064.JPEG,n02281406,325,325,0.73092085,1,imagenet_c,defocus_blur,1,none
efficientnet_b4,ILSVRC2012_val_00038721.JPEG,n02281406,325,325,0.6929031,1,imagenet_c,defocus_blur,1,none
efficientnet_b4,ILSVRC2012_val_00039971.JPEG,n02281406,325,325,0.7105934,1,imagenet_c,defocus_blur,1,none
efficientnet_b4,ILSVRC2012_val_00040842.JPEG,n02281406,325,325,0.7310399,1,imagenet_c,defocus_blur,1,none
efficientnet_b4,ILSVRC2012_val_00041173.JPEG,n02281406,325,324,0.33113807,0,imagenet_c,defocus_blur,1,none
efficientnet_b4,ILSVRC2012_val_00041390.JPEG,n02281406,325,325,0.69242996,1,imagenet_c,defocus_blur,1,none
efficientnet_b4,ILSVRC2012_val_00041447.JPEG,n02281406,325,325,0.7218203,1,imagenet_c,defocus_blur,1,none
efficientnet_b4,ILSVRC2012_val_00042019.JPEG,n02281406,325,325,0.59308386,1,imagenet_c,defocus_blur,1,none
efficientnet_b4,ILSVRC2012_val_00045771.JPEG,n02281406,325,323,0.07575749,0,imagenet_c,defocus_blur,1,none
efficientnet_b4,ILSVRC2012_val_00046093.JPEG,n02281406,325,325,0.70193106,1,imagenet_c,defocus_blur,1,none
efficientnet_b4,ILSVRC2012_val_00046570.JPEG,n02281406,325,324,0.6704401,0,imagenet_c,defocus_blur,1,none
efficientnet_b4,ILSVRC2012_val_00046852.JPEG,n02281406,325,325,0.7601822,1,imagenet_c,defocus_blur,1,none
efficientnet_b4,ILSVRC2012_val_00047359.JPEG,n02281406,325,325,0.7084348,1,imagenet_c,defocus_blur,1,none
efficientnet_b4,ILSVRC2012_val_00047683.JPEG,n02281406,325,325,0.60506594,1,imagenet_c,defocus_blur,1,none
efficientnet_b4,ILSVRC2012_val_00048184.JPEG,n02281406,325,325,0.642766,1,imagenet_c,defocus_blur,1,none
efficientnet_b4,ILSVRC2012_val_00049133.JPEG,n02281406,325,325,0.6903227,1,imagenet_c,defocus_blur,1,none
efficientnet_b4,ILSVRC2012_val_00049742.JPEG,n02281406,325,325,0.03403051,1,imagenet_c,defocus_blur,1,none
efficientnet_b4,ILSVRC2012_val_00001536.JPEG,n02281787,326,326,0.5700196,1,imagenet_c,defocus_blur,1,none
efficientnet_b4,ILSVRC2012_val_00002787.JPEG,n02281787,326,326,0.37822387,1,imagenet_c,defocus_blur,1,none
efficientnet_b4,ILSVRC2012_val_00005157.JPEG,n02281787,326,326,0.42171645,1,imagenet_c,defocus_blur,1,none
efficientnet_b4,ILSVRC2012_val_00009023.JPEG,n02281787,326,326,0.62581336,1,imagenet_c,defocus_blur,1,none
efficientnet_b4,ILSVRC2012_val_00010102.JPEG,n02281787,326,326,0.60187835,1,imagenet_c,defocus_blur,1,none
efficientnet_b4,ILSVRC2012_val_00011979.JPEG,n02281787,326,326,0.6924908,1,imagenet_c,defocus_blur,1,none
efficientnet_b4,ILSVRC2012_val_00013187.JPEG,n02281787,326,326,0.55294174,1,imagenet_c,defocus_blur,1,none
efficientnet_b4,ILSVRC2012_val_00013322.JPEG,n02281787,326,326,0.5427246,1,imagenet_c,defocus_blur,1,none
efficientnet_b4,ILSVRC2012_val_00013440.JPEG,n02281787,326,326,0.54288846,1,imagenet_c,defocus_blur,1,none
efficientnet_b4,ILSVRC2012_val_00017100.JPEG,n02281787,326,326,0.24152598,1,imagenet_c,defocus_blur,1,none
efficientnet_b4,ILSVRC2012_val_00017393.JPEG,n02281787,326,326,0.5216009,1,imagenet_c,defocus_blur,1,none
efficientnet_b4,ILSVRC2012_val_00018935.JPEG,n02281787,326,326,0.3752607,1,imagenet_c,defocus_blur,1,none
efficientnet_b4,ILSVRC2012_val_00019795.JPEG,n02281787,326,326,0.5243137,1,imagenet_c,defocus_blur,1,none
efficientnet_b4,ILSVRC2012_val_00019946.JPEG,n02281787,326,326,0.6254023,1,imagenet_c,defocus_blur,1,none
efficientnet_b4,ILSVRC2012_val_00020376.JPEG,n02281787,326,322,0.42696196,0,imagenet_c,defocus_blur,1,none
efficientnet_b4,ILSVRC2012_val_00021806.JPEG,n02281787,326,322,0.6699704,0,imagenet_c,defocus_blur,1,none
efficientnet_b4,ILSVRC2012_val_00021929.JPEG,n02281787,326,326,0.5663674,1,imagenet_c,defocus_blur,1,none
efficientnet_b4,ILSVRC2012_val_00024595.JPEG,n02281787,326,326,0.5504651,1,imagenet_c,defocus_blur,1,none
efficientnet_b4,ILSVRC2012_val_00025307.JPEG,n02281787,326,326,0.5006081,1,imagenet_c,defocus_blur,1,none
efficientnet_b4,ILSVRC2012_val_00025314.JPEG,n02281787,326,326,0.37599134,1,imagenet_c,defocus_blur,1,none
efficientnet_b4,ILSVRC2012_val_00026704.JPEG,n02281787,326,326,0.30778405,1,imagenet_c,defocus_blur,1,none
efficientnet_b4,ILSVRC2012_val_00027787.JPEG,n02281787,326,325,0.44408813,0,imagenet_c,defocus_blur,1,none
efficientnet_b4,ILSVRC2012_val_00028071.JPEG,n02281787,326,326,0.5965064,1,imagenet_c,defocus_blur,1,none
efficientnet_b4,ILSVRC2012_val_00028202.JPEG,n02281787,326,326,0.49624613,1,imagenet_c,defocus_blur,1,none
efficientnet_b4,ILSVRC2012_val_00028263.JPEG,n02281787,326,326,0.62827855,1,imagenet_c,defocus_blur,1,none
efficientnet_b4,ILSVRC2012_val_00032196.JPEG,n02281787,326,322,0.35060662,0,imagenet_c,defocus_blur,1,none
efficientnet_b4,ILSVRC2012_val_00032299.JPEG,n02281787,326,326,0.6090182,1,imagenet_c,defocus_blur,1,none
efficientnet_b4,ILSVRC2012_val_00032862.JPEG,n02281787,326,322,0.39676356,0,imagenet_c,defocus_blur,1,none
efficientnet_b4,ILSVRC2012_val_00032927.JPEG,n02281787,326,326,0.29554987,1,imagenet_c,defocus_blur,1,none
efficientnet_b4,ILSVRC2012_val_00033317.JPEG,n02281787,326,326,0.48639277,1,imagenet_c,defocus_blur,1,none
efficientnet_b4,ILSVRC2012_val_00033593.JPEG,n02281787,326,326,0.40160462,1,imagenet_c,defocus_blur,1,none
efficientnet_b4,ILSVRC2012_val_00035696.JPEG,n02281787,326,326,0.47639152,1,imagenet_c,defocus_blur,1,none
efficientnet_b4,ILSVRC2012_val_00036148.JPEG,n02281787,326,326,0.49414438,1,imagenet_c,defocus_blur,1,none
efficientnet_b4,ILSVRC2012_val_00036924.JPEG,n02281787,326,326,0.5988869,1,imagenet_c,defocus_blur,1,none
efficientnet_b4,ILSVRC2012_val_00037965.JPEG,n02281787,326,326,0.6184427,1,imagenet_c,defocus_blur,1,none
efficientnet_b4,ILSVRC2012_val_00038236.JPEG,n02281787,326,326,0.15180981,1,imagenet_c,defocus_blur,1,none
efficientnet_b4,ILSVRC2012_val_00039181.JPEG,n02281787,326,326,0.5719172,1,imagenet_c,defocus_blur,1,none
efficientnet_b4,ILSVRC2012_val_00039215.JPEG,n02281787,326,326,0.5042571,1,imagenet_c,defocus_blur,1,none
efficientnet_b4,ILSVRC2012_val_00039360.JPEG,n02281787,326,326,0.5188275,1,imagenet_c,defocus_blur,1,none
efficientnet_b4,ILSVRC2012_val_00039804.JPEG,n02281787,326,326,0.6055395,1,imagenet_c,defocus_blur,1,none
efficientnet_b4,ILSVRC2012_val_00040785.JPEG,n02281787,326,326,0.45388013,1,imagenet_c,defocus_blur,1,none
efficientnet_b4,ILSVRC2012_val_00042940.JPEG,n02281787,326,326,0.4957489,1,imagenet_c,defocus_blur,1,none
efficientnet_b4,ILSVRC2012_val_00043218.JPEG,n02281787,326,326,0.65937,1,imagenet_c,defocus_blur,1,none
efficientnet_b4,ILSVRC2012_val_00043381.JPEG,n02281787,326,326,0.6575124,1,imagenet_c,defocus_blur,1,none
efficientnet_b4,ILSVRC2012_val_00043407.JPEG,n02281787,326,326,0.5214183,1,imagenet_c,defocus_blur,1,none
efficientnet_b4,ILSVRC2012_val_00044300.JPEG,n02281787,326,326,0.57918745,1,imagenet_c,defocus_blur,1,none
efficientnet_b4,ILSVRC2012_val_00045620.JPEG,n02281787,326,326,0.848791,1,imagenet_c,defocus_blur,1,none
efficientnet_b4,ILSVRC2012_val_00048827.JPEG,n02281787,326,326,0.5422071,1,imagenet_c,defocus_blur,1,none
efficientnet_b4,ILSVRC2012_val_00048962.JPEG,n02281787,326,326,0.6392676,1,imagenet_c,defocus_blur,1,none
efficientnet_b4,ILSVRC2012_val_00049071.JPEG,n02281787,326,326,0.603138,1,imagenet_c,defocus_blur,1,none
efficientnet_b4,ILSVRC2012_val_00001161.JPEG,n02317335,327,327,0.4686865,1,imagenet_c,defocus_blur,1,none
efficientnet_b4,ILSVRC2012_val_00001499.JPEG,n02317335,327,327,0.3103628,1,imagenet_c,defocus_blur,1,none
efficientnet_b4,ILSVRC2012_val_00001740.JPEG,n02317335,327,327,0.5358409,1,imagenet_c,defocus_blur,1,none
efficientnet_b4,ILSVRC2012_val_00001748.JPEG,n02317335,327,391,0.053474765,0,imagenet_c,defocus_blur,1,none
efficientnet_b4,ILSVRC2012_val_00003537.JPEG,n02317335,327,723,0.11611794,0,imagenet_c,defocus_blur,1,none
efficientnet_b4,ILSVRC2012_val_00003995.JPEG,n02317335,327,885,0.06818709,0,imagenet_c,defocus_blur,1,none
efficientnet_b4,ILSVRC2012_val_00004153.JPEG,n02317335,327,973,0.3955206,0,imagenet_c,defocus_blur,1,none
efficientnet_b4,ILSVRC2012_val_00004810.JPEG,n02317335,327,327,0.5891741,1,imagenet_c,defocus_blur,1,none
efficientnet_b4,ILSVRC2012_val_00005011.JPEG,n02317335,327,327,0.6439685,1,imagenet_c,defocus_blur,1,none
efficientnet_b4,ILSVRC2012_val_00007244.JPEG,n02317335,327,327,0.5543203,1,imagenet_c,defocus_blur,1,none
efficientnet_b4,ILSVRC2012_val_00007644.JPEG,n02317335,327,327,0.47047645,1,imagenet_c,defocus_blur,1,none
efficientnet_b4,ILSVRC2012_val_00010430.JPEG,n02317335,327,327,0.4775252,1,imagenet_c,defocus_blur,1,none
efficientnet_b4,ILSVRC2012_val_00010703.JPEG,n02317335,327,327,0.40541822,1,imagenet_c,defocus_blur,1,none
efficientnet_b4,ILSVRC2012_val_00011730.JPEG,n02317335,327,327,0.36951882,1,imagenet_c,defocus_blur,1,none
efficientnet_b4,ILSVRC2012_val_00012640.JPEG,n02317335,327,327,0.69336504,1,imagenet_c,defocus_blur,1,none
efficientnet_b4,ILSVRC2012_val_00014059.JPEG,n02317335,327,327,0.3864475,1,imagenet_c,defocus_blur,1,none
efficientnet_b4,ILSVRC2012_val_00014590.JPEG,n02317335,327,327,0.49227902,1,imagenet_c,defocus_blur,1,none
efficientnet_b4,ILSVRC2012_val_00014948.JPEG,n02317335,327,327,0.64909416,1,imagenet_c,defocus_blur,1,none
efficientnet_b4,ILSVRC2012_val_00015004.JPEG,n02317335,327,327,0.30500123,1,imagenet_c,defocus_blur,1,none
efficientnet_b4,ILSVRC2012_val_00016273.JPEG,n02317335,327,108,0.14665489,0,imagenet_c,defocus_blur,1,none
efficientnet_b4,ILSVRC2012_val_00017129.JPEG,n02317335,327,327,0.5237978,1,imagenet_c,defocus_blur,1,none
efficientnet_b4,ILSVRC2012_val_00017888.JPEG,n02317335,327,327,0.45244342,1,imagenet_c,defocus_blur,1,none
efficientnet_b4,ILSVRC2012_val_00018447.JPEG,n02317335,327,327,0.2187627,1,imagenet_c,defocus_blur,1,none
efficientnet_b4,ILSVRC2012_val_00018772.JPEG,n02317335,327,327,0.3229323,1,imagenet_c,defocus_blur,1,none
efficientnet_b4,ILSVRC2012_val_00021742.JPEG,n02317335,327,327,0.50806653,1,imagenet_c,defocus_blur,1,none
efficientnet_b4,ILSVRC2012_val_00021973.JPEG,n02317335,327,327,0.4974495,1,imagenet_c,defocus_blur,1,none
efficientnet_b4,ILSVRC2012_val_00022804.JPEG,n02317335,327,327,0.5455337,1,imagenet_c,defocus_blur,1,none
efficientnet_b4,ILSVRC2012_val_00023403.JPEG,n02317335,327,327,0.40533575,1,imagenet_c,defocus_blur,1,none
efficientnet_b4,ILSVRC2012_val_00024247.JPEG,n02317335,327,76,0.06562287,0,imagenet_c,defocus_blur,1,none
efficientnet_b4,ILSVRC2012_val_00025161.JPEG,n02317335,327,327,0.47115412,1,imagenet_c,defocus_blur,1,none
efficientnet_b4,ILSVRC2012_val_00026260.JPEG,n02317335,327,327,0.47127408,1,imagenet_c,defocus_blur,1,none
efficientnet_b4,ILSVRC2012_val_00027582.JPEG,n02317335,327,327,0.33425203,1,imagenet_c,defocus_blur,1,none
efficientnet_b4,ILSVRC2012_val_00027930.JPEG,n02317335,327,327,0.1209402,1,imagenet_c,defocus_blur,1,none
efficientnet_b4,ILSVRC2012_val_00029527.JPEG,n02317335,327,327,0.4222726,1,imagenet_c,defocus_blur,1,none
efficientnet_b4,ILSVRC2012_val_00030782.JPEG,n02317335,327,327,0.55306697,1,imagenet_c,defocus_blur,1,none
efficientnet_b4,ILSVRC2012_val_00032690.JPEG,n02317335,327,327,0.6652513,1,imagenet_c,defocus_blur,1,none
efficientnet_b4,ILSVRC2012_val_00032937.JPEG,n02317335,327,327,0.73429686,1,imagenet_c,defocus_blur,1,none
efficientnet_b4,ILSVRC2012_val_00035040.JPEG,n02317335,327,327,0.49354088,1,imagenet_c,defocus_blur,1,none
efficientnet_b4,ILSVRC2012_val_00042188.JPEG,n02317335,327,327,0.41448936,1,imagenet_c,defocus_blur,1,none
efficientnet_b4,ILSVRC2012_val_00042968.JPEG,n02317335,327,327,0.5846653,1,imagenet_c,defocus_blur,1,none
efficientnet_b4,ILSVRC2012_val_00043732.JPEG,n02317335,327,327,0.30236715,1,imagenet_c,defocus_blur,1,none
efficientnet_b4,ILSVRC2012_val_00043929.JPEG,n02317335,327,327,0.08373094,1,imagenet_c,defocus_blur,1,none
efficientnet_b4,ILSVRC2012_val_00044117.JPEG,n02317335,327,327,0.5080265,1,imagenet_c,defocus_blur,1,none
efficientnet_b4,ILSVRC2012_val_00045028.JPEG,n02317335,327,327,0.50967544,1,imagenet_c,defocus_blur,1,none
efficientnet_b4,ILSVRC2012_val_00045998.JPEG,n02317335,327,33,0.22056627,0,imagenet_c,defocus_blur,1,none
efficientnet_b4,ILSVRC2012_val_00046544.JPEG,n02317335,327,327,0.5952547,1,imagenet_c,defocus_blur,1,none
efficientnet_b4,ILSVRC2012_val_00048358.JPEG,n02317335,327,327,0.5443466,1,imagenet_c,defocus_blur,1,none
efficientnet_b4,ILSVRC2012_val_00048546.JPEG,n02317335,327,327,0.4935825,1,imagenet_c,defocus_blur,1,none
efficientnet_b4,ILSVRC2012_val_00049508.JPEG,n02317335,327,327,0.58072144,1,imagenet_c,defocus_blur,1,none
efficientnet_b4,ILSVRC2012_val_00049576.JPEG,n02317335,327,327,0.49048197,1,imagenet_c,defocus_blur,1,none
efficientnet_b4,ILSVRC2012_val_00000138.JPEG,n02319095,328,328,0.6627651,1,imagenet_c,defocus_blur,1,none
efficientnet_b4,ILSVRC2012_val_00000142.JPEG,n02319095,328,328,0.5287219,1,imagenet_c,defocus_blur,1,none
efficientnet_b4,ILSVRC2012_val_00000990.JPEG,n02319095,328,328,0.52041376,1,imagenet_c,defocus_blur,1,none
efficientnet_b4,ILSVRC2012_val_00001026.JPEG,n02319095,328,328,0.28166682,1,imagenet_c,defocus_blur,1,none
efficientnet_b4,ILSVRC2012_val_00001594.JPEG,n02319095,328,335,0.13658942,0,imagenet_c,defocus_blur,1,none
efficientnet_b4,ILSVRC2012_val_00004772.JPEG,n02319095,328,328,0.4757615,1,imagenet_c,defocus_blur,1,none
efficientnet_b4,ILSVRC2012_val_00006322.JPEG,n02319095,328,328,0.14620669,1,imagenet_c,defocus_blur,1,none
efficientnet_b4,ILSVRC2012_val_00008674.JPEG,n02319095,328,328,0.29101437,1,imagenet_c,defocus_blur,1,none
efficientnet_b4,ILSVRC2012_val_00008818.JPEG,n02319095,328,328,0.2816237,1,imagenet_c,defocus_blur,1,none
efficientnet_b4,ILSVRC2012_val_00009288.JPEG,n02319095,328,334,0.19212599,0,imagenet_c,defocus_blur,1,none
efficientnet_b4,ILSVRC2012_val_00010265.JPEG,n02319095,328,328,0.37350768,1,imagenet_c,defocus_blur,1,none
efficientnet_b4,ILSVRC2012_val_00010615.JPEG,n02319095,328,328,0.3786127,1,imagenet_c,defocus_blur,1,none
efficientnet_b4,ILSVRC2012_val_00014170.JPEG,n02319095,328,990,0.36213008,0,imagenet_c,defocus_blur,1,none
efficientnet_b4,ILSVRC2012_val_00020616.JPEG,n02319095,328,328,0.5638911,1,imagenet_c,defocus_blur,1,none
efficientnet_b4,ILSVRC2012_val_00020644.JPEG,n02319095,328,123,0.055240758,0,imagenet_c,defocus_blur,1,none
efficientnet_b4,ILSVRC2012_val_00021857.JPEG,n02319095,328,923,0.124068856,0,imagenet_c,defocus_blur,1,none
efficientnet_b4,ILSVRC2012_val_00022652.JPEG,n02319095,328,328,0.56731343,1,imagenet_c,defocus_blur,1,none
efficientnet_b4,ILSVRC2012_val_00025570.JPEG,n02319095,328,952,0.113800734,0,imagenet_c,defocus_blur,1,none
efficientnet_b4,ILSVRC2012_val_00028454.JPEG,n02319095,328,328,0.3877774,1,imagenet_c,defocus_blur,1,none
efficientnet_b4,ILSVRC2012_val_00028991.JPEG,n02319095,328,328,0.34754318,1,imagenet_c,defocus_blur,1,none
efficientnet_b4,ILSVRC2012_val_00029492.JPEG,n02319095,328,328,0.36544856,1,imagenet_c,defocus_blur,1,none
efficientnet_b4,ILSVRC2012_val_00032016.JPEG,n02319095,328,973,0.2512299,0,imagenet_c,defocus_blur,1,none
efficientnet_b4,ILSVRC2012_val_00033093.JPEG,n02319095,328,328,0.33702224,1,imagenet_c,defocus_blur,1,none
efficientnet_b4,ILSVRC2012_val_00033163.JPEG,n02319095,328,990,0.10750982,0,imagenet_c,defocus_blur,1,none
efficientnet_b4,ILSVRC2012_val_00035323.JPEG,n02319095,328,109,0.4891563,0,imagenet_c,defocus_blur,1,none
efficientnet_b4,ILSVRC2012_val_00035430.JPEG,n02319095,328,328,0.6094439,1,imagenet_c,defocus_blur,1,none
efficientnet_b4,ILSVRC2012_val_00035549.JPEG,n02319095,328,328,0.5194739,1,imagenet_c,defocus_blur,1,none
efficientnet_b4,ILSVRC2012_val_00035655.JPEG,n02319095,328,328,0.38447282,1,imagenet_c,defocus_blur,1,none
efficientnet_b4,ILSVRC2012_val_00036863.JPEG,n02319095,328,328,0.34396413,1,imagenet_c,defocus_blur,1,none
efficientnet_b4,ILSVRC2012_val_00038301.JPEG,n02319095,328,328,0.65046334,1,imagenet_c,defocus_blur,1,none
efficientnet_b4,ILSVRC2012_val_00039357.JPEG,n02319095,328,328,0.44313806,1,imagenet_c,defocus_blur,1,none
efficientnet_b4,ILSVRC2012_val_00039456.JPEG,n02319095,328,328,0.34856665,1,imagenet_c,defocus_blur,1,none
efficientnet_b4,ILSVRC2012_val_00042173.JPEG,n02319095,328,885,0.1370742,0,imagenet_c,defocus_blur,1,none
efficientnet_b4,ILSVRC2012_val_00042654.JPEG,n02319095,328,328,0.33838576,1,imagenet_c,defocus_blur,1,none
efficientnet_b4,ILSVRC2012_val_00042667.JPEG,n02319095,328,328,0.576319,1,imagenet_c,defocus_blur,1,none
efficientnet_b4,ILSVRC2012_val_00043765.JPEG,n02319095,328,65,0.103590846,0,imagenet_c,defocus_blur,1,none
efficientnet_b4,ILSVRC2012_val_00044777.JPEG,n02319095,328,328,0.37487173,1,imagenet_c,defocus_blur,1,none
efficientnet_b4,ILSVRC2012_val_00045604.JPEG,n02319095,328,980,0.09732435,0,imagenet_c,defocus_blur,1,none
efficientnet_b4,ILSVRC2012_val_00045696.JPEG,n02319095,328,985,0.05000562,0,imagenet_c,defocus_blur,1,none
efficientnet_b4,ILSVRC2012_val_00046501.JPEG,n02319095,328,328,0.5351634,1,imagenet_c,defocus_blur,1,none
efficientnet_b4,ILSVRC2012_val_00046618.JPEG,n02319095,328,119,0.060489945,0,imagenet_c,defocus_blur,1,none
efficientnet_b4,ILSVRC2012_val_00046724.JPEG,n02319095,328,328,0.24601354,1,imagenet_c,defocus_blur,1,none
efficientnet_b4,ILSVRC2012_val_00046960.JPEG,n02319095,328,328,0.31500575,1,imagenet_c,defocus_blur,1,none
efficientnet_b4,ILSVRC2012_val_00047278.JPEG,n02319095,328,995,0.106264524,0,imagenet_c,defocus_blur,1,none
efficientnet_b4,ILSVRC2012_val_00047377.JPEG,n02319095,328,328,0.42777064,1,imagenet_c,defocus_blur,1,none
efficientnet_b4,ILSVRC2012_val_00047776.JPEG,n02319095,328,328,0.106496915,1,imagenet_c,defocus_blur,1,none
efficientnet_b4,ILSVRC2012_val_00047860.JPEG,n02319095,328,328,0.5888541,1,imagenet_c,defocus_blur,1,none
efficientnet_b4,ILSVRC2012_val_00048422.JPEG,n02319095,328,108,0.12091574,0,imagenet_c,defocus_blur,1,none
efficientnet_b4,ILSVRC2012_val_00048810.JPEG,n02319095,328,328,0.41031188,1,imagenet_c,defocus_blur,1,none
efficientnet_b4,ILSVRC2012_val_00049372.JPEG,n02319095,328,328,0.71087986,1,imagenet_c,defocus_blur,1,none
efficientnet_b4,ILSVRC2012_val_00000301.JPEG,n02321529,329,119,0.055340115,0,imagenet_c,defocus_blur,1,none
efficientnet_b4,ILSVRC2012_val_00003820.JPEG,n02321529,329,126,0.4410677,0,imagenet_c,defocus_blur,1,none
efficientnet_b4,ILSVRC2012_val_00004419.JPEG,n02321529,329,329,0.34346795,1,imagenet_c,defocus_blur,1,none
efficientnet_b4,ILSVRC2012_val_00005418.JPEG,n02321529,329,329,0.67943454,1,imagenet_c,defocus_blur,1,none
efficientnet_b4,ILSVRC2012_val_00005880.JPEG,n02321529,329,119,0.1365824,0,imagenet_c,defocus_blur,1,none
efficientnet_b4,ILSVRC2012_val_00007344.JPEG,n02321529,329,114,0.14712384,0,imagenet_c,defocus_blur,1,none
efficientnet_b4,ILSVRC2012_val_00008866.JPEG,n02321529,329,66,0.20275374,0,imagenet_c,defocus_blur,1,none
efficientnet_b4,ILSVRC2012_val_00011857.JPEG,n02321529,329,57,0.20812476,0,imagenet_c,defocus_blur,1,none
efficientnet_b4,ILSVRC2012_val_00012113.JPEG,n02321529,329,329,0.38883528,1,imagenet_c,defocus_blur,1,none
efficientnet_b4,ILSVRC2012_val_00014279.JPEG,n02321529,329,329,0.6257899,1,imagenet_c,defocus_blur,1,none
efficientnet_b4,ILSVRC2012_val_00015243.JPEG,n02321529,329,65,0.21020995,0,imagenet_c,defocus_blur,1,none
efficientnet_b4,ILSVRC2012_val_00016075.JPEG,n02321529,329,638,0.19423673,0,imagenet_c,defocus_blur,1,none
efficientnet_b4,ILSVRC2012_val_00017063.JPEG,n02321529,329,329,0.6594931,1,imagenet_c,defocus_blur,1,none
efficientnet_b4,ILSVRC2012_val_00018073.JPEG,n02321529,329,110,0.23430541,0,imagenet_c,defocus_blur,1,none
efficientnet_b4,ILSVRC2012_val_00018853.JPEG,n02321529,329,801,0.37657493,0,imagenet_c,defocus_blur,1,none
efficientnet_b4,ILSVRC2012_val_00019121.JPEG,n02321529,329,120,0.02648151,0,imagenet_c,defocus_blur,1,none
efficientnet_b4,ILSVRC2012_val_00021501.JPEG,n02321529,329,329,0.80712473,1,imagenet_c,defocus_blur,1,none
efficientnet_b4,ILSVRC2012_val_00021580.JPEG,n02321529,329,329,0.0788573,1,imagenet_c,defocus_blur,1,none
efficientnet_b4,ILSVRC2012_val_00021636.JPEG,n02321529,329,329,0.24261947,1,imagenet_c,defocus_blur,1,none
efficientnet_b4,ILSVRC2012_val_00022946.JPEG,n02321529,329,329,0.32809022,1,imagenet_c,defocus_blur,1,none
efficientnet_b4,ILSVRC2012_val_00024300.JPEG,n02321529,329,329,0.12174478,1,imagenet_c,defocus_blur,1,none
efficientnet_b4,ILSVRC2012_val_00026823.JPEG,n02321529,329,114,0.12819351,0,imagenet_c,defocus_blur,1,none
efficientnet_b4,ILSVRC2012_val_00027655.JPEG,n02321529,329,329,0.5380734,1,imagenet_c,defocus_blur,1,none
efficientnet_b4,ILSVRC2012_val_00029107.JPEG,n02321529,329,329,0.12914841,1,imagenet_c,defocus_blur,1,none
efficientnet_b4,ILSVRC2012_val_00029916.JPEG,n02321529,329,329,0.6501309,1,imagenet_c,defocus_blur,1,none
efficientnet_b4,ILSVRC2012_val_00030847.JPEG,n02321529,329,842,0.13014038,0,imagenet_c,defocus_blur,1,none
efficientnet_b4,ILSVRC2012_val_00032053.JPEG,n02321529,329,329,0.70267904,1,imagenet_c,defocus_blur,1,none
efficientnet_b4,ILSVRC2012_val_00032844.JPEG,n02321529,329,111,0.22804008,0,imagenet_c,defocus_blur,1,none
efficientnet_b4,ILSVRC2012_val_00034757.JPEG,n02321529,329,329,0.5981181,1,imagenet_c,defocus_blur,1,none
efficientnet_b4,ILSVRC2012_val_00035186.JPEG,n02321529,329,329,0.62726676,1,imagenet_c,defocus_blur,1,none
efficientnet_b4,ILSVRC2012_val_00035545.JPEG,n02321529,329,329,0.4615912,1,imagenet_c,defocus_blur,1,none
efficientnet_b4,ILSVRC2012_val_00036757.JPEG,n02321529,329,329,0.5285439,1,imagenet_c,defocus_blur,1,none
efficientnet_b4,ILSVRC2012_val_00036810.JPEG,n02321529,329,329,0.36447278,1,imagenet_c,defocus_blur,1,none
efficientnet_b4,ILSVRC2012_val_00038618.JPEG,n02321529,329,329,0.65185213,1,imagenet_c,defocus_blur,1,none
efficientnet_b4,ILSVRC2012_val_00038874.JPEG,n02321529,329,329,0.59319705,1,imagenet_c,defocus_blur,1,none
efficientnet_b4,ILSVRC2012_val_00039063.JPEG,n02321529,329,329,0.60423815,1,imagenet_c,defocus_blur,1,none
efficientnet_b4,ILSVRC2012_val_00039967.JPEG,n02321529,329,26,0.13146283,0,imagenet_c,defocus_blur,1,none
efficientnet_b4,ILSVRC2012_val_00040385.JPEG,n02321529,329,329,0.75897604,1,imagenet_c,defocus_blur,1,none
efficientnet_b4,ILSVRC2012_val_00041485.JPEG,n02321529,329,469,0.116233334,0,imagenet_c,defocus_blur,1,none
efficientnet_b4,ILSVRC2012_val_00042639.JPEG,n02321529,329,126,0.17607483,0,imagenet_c,defocus_blur,1,none
efficientnet_b4,ILSVRC2012_val_00043240.JPEG,n02321529,329,329,0.30280057,1,imagenet_c,defocus_blur,1,none
efficientnet_b4,ILSVRC2012_val_00043443.JPEG,n02321529,329,119,0.0342058,0,imagenet_c,defocus_blur,1,none
efficientnet_b4,ILSVRC2012_val_00044355.JPEG,n02321529,329,26,0.1814408,0,imagenet_c,defocus_blur,1,none
efficientnet_b4,ILSVRC2012_val_00044581.JPEG,n02321529,329,329,0.70324534,1,imagenet_c,defocus_blur,1,none
efficientnet_b4,ILSVRC2012_val_00045864.JPEG,n02321529,329,329,0.23728679,1,imagenet_c,defocus_blur,1,none
efficientnet_b4,ILSVRC2012_val_00046049.JPEG,n02321529,329,329,0.28849322,1,imagenet_c,defocus_blur,1,none
efficientnet_b4,ILSVRC2012_val_00046065.JPEG,n02321529,329,329,0.50993586,1,imagenet_c,defocus_blur,1,none
efficientnet_b4,ILSVRC2012_val_00047871.JPEG,n02321529,329,329,0.6632203,1,imagenet_c,defocus_blur,1,none
efficientnet_b4,ILSVRC2012_val_00048044.JPEG,n02321529,329,111,0.14461562,0,imagenet_c,defocus_blur,1,none
efficientnet_b4,ILSVRC2012_val_00049504.JPEG,n02321529,329,329,0.55300075,1,imagenet_c,defocus_blur,1,none
efficientnet_b4,ILSVRC2012_val_00000097.JPEG,n02325366,330,330,0.41901,1,imagenet_c,defocus_blur,1,none
efficientnet_b4,ILSVRC2012_val_00000685.JPEG,n02325366,330,330,0.4993081,1,imagenet_c,defocus_blur,1,none
efficientnet_b4,ILSVRC2012_val_00000937.JPEG,n02325366,330,331,0.38347155,0,imagenet_c,defocus_blur,1,none
efficientnet_b4,ILSVRC2012_val_00001670.JPEG,n02325366,330,332,0.30877116,0,imagenet_c,defocus_blur,1,none
efficientnet_b4,ILSVRC2012_val_00002029.JPEG,n02325366,330,330,0.39431483,1,imagenet_c,defocus_blur,1,none
efficientnet_b4,ILSVRC2012_val_00002473.JPEG,n02325366,330,330,0.60016745,1,imagenet_c,defocus_blur,1,none
efficientnet_b4,ILSVRC2012_val_00004300.JPEG,n02325366,330,330,0.43318892,1,imagenet_c,defocus_blur,1,none
efficientnet_b4,ILSVRC2012_val_00005259.JPEG,n02325366,330,330,0.54364854,1,imagenet_c,defocus_blur,1,none
efficientnet_b4,ILSVRC2012_val_00005636.JPEG,n02325366,330,330,0.5774325,1,imagenet_c,defocus_blur,1,none
efficientnet_b4,ILSVRC2012_val_00006108.JPEG,n02325366,330,330,0.51476145,1,imagenet_c,defocus_blur,1,none
efficientnet_b4,ILSVRC2012_val_00010064.JPEG,n02325366,330,330,0.5019865,1,imagenet_c,defocus_blur,1,none
efficientnet_b4,ILSVRC2012_val_00010923.JPEG,n02325366,330,330,0.6518988,1,imagenet_c,defocus_blur,1,none
efficientnet_b4,ILSVRC2012_val_00011502.JPEG,n02325366,330,330,0.4217158,1,imagenet_c,defocus_blur,1,none
efficientnet_b4,ILSVRC2012_val_00012698.JPEG,n02325366,330,330,0.53907764,1,imagenet_c,defocus_blur,1,none
efficientnet_b4,ILSVRC2012_val_00013125.JPEG,n02325366,330,331,0.43624708,0,imagenet_c,defocus_blur,1,none
efficientnet_b4,ILSVRC2012_val_00013352.JPEG,n02325366,330,331,0.31410468,0,imagenet_c,defocus_blur,1,none
efficientnet_b4,ILSVRC2012_val_00014071.JPEG,n02325366,330,330,0.58037883,1,imagenet_c,defocus_blur,1,none
efficientnet_b4,ILSVRC2012_val_00014688.JPEG,n02325366,330,330,0.65963423,1,imagenet_c,defocus_blur,1,none
efficientnet_b4,ILSVRC2012_val_00014788.JPEG,n02325366,330,330,0.3265258,1,imagenet_c,defocus_blur,1,none
efficientnet_b4,ILSVRC2012_val_00017270.JPEG,n02325366,330,330,0.5843614,1,imagenet_c,defocus_blur,1,none
efficientnet_b4,ILSVRC2012_val_00017565.JPEG,n02325366,330,330,0.3364999,1,imagenet_c,defocus_blur,1,none
efficientnet_b4,ILSVRC2012_val_00017619.JPEG,n02325366,330,332,0.1213957,0,imagenet_c,defocus_blur,1,none
efficientnet_b4,ILSVRC2012_val_00019651.JPEG,n02325366,330,330,0.62164575,1,imagenet_c,defocus_blur,1,none
efficientnet_b4,ILSVRC2012_val_00020084.JPEG,n02325366,330,330,0.6910537,1,imagenet_c,defocus_blur,1,none
efficientnet_b4,ILSVRC2012_val_00020415.JPEG,n02325366,330,330,0.68682545,1,imagenet_c,defocus_blur,1,none
efficientnet_b4,ILSVRC2012_val_00020917.JPEG,n02325366,330,330,0.5278167,1,imagenet_c,defocus_blur,1,none
efficientnet_b4,ILSVRC2012_val_00021667.JPEG,n02325366,330,330,0.4748385,1,imagenet_c,defocus_blur,1,none
efficientnet_b4,ILSVRC2012_val_00021928.JPEG,n02325366,330,330,0.50834876,1,imagenet_c,defocus_blur,1,none
efficientnet_b4,ILSVRC2012_val_00024646.JPEG,n02325366,330,330,0.43920442,1,imagenet_c,defocus_blur,1,none
efficientnet_b4,ILSVRC2012_val_00024659.JPEG,n02325366,330,330,0.37661952,1,imagenet_c,defocus_blur,1,none
efficientnet_b4,ILSVRC2012_val_00024858.JPEG,n02325366,330,330,0.5414702,1,imagenet_c,defocus_blur,1,none
efficientnet_b4,ILSVRC2012_val_00025889.JPEG,n02325366,330,353,0.07814195,0,imagenet_c,defocus_blur,1,none
efficientnet_b4,ILSVRC2012_val_00026361.JPEG,n02325366,330,330,0.56355804,1,imagenet_c,defocus_blur,1,none
efficientnet_b4,ILSVRC2012_val_00026482.JPEG,n02325366,330,330,0.12124941,1,imagenet_c,defocus_blur,1,none
efficientnet_b4,ILSVRC2012_val_00027435.JPEG,n02325366,330,335,0.5759705,0,imagenet_c,defocus_blur,1,none
efficientnet_b4,ILSVRC2012_val_00029387.JPEG,n02325366,330,330,0.45357287,1,imagenet_c,defocus_blur,1,none
efficientnet_b4,ILSVRC2012_val_00029810.JPEG,n02325366,330,335,0.49755383,0,imagenet_c,defocus_blur,1,none
efficientnet_b4,ILSVRC2012_val_00033548.JPEG,n02325366,330,330,0.6708042,1,imagenet_c,defocus_blur,1,none
efficientnet_b4,ILSVRC2012_val_00033989.JPEG,n02325366,330,335,0.16947691,0,imagenet_c,defocus_blur,1,none
efficientnet_b4,ILSVRC2012_val_00034860.JPEG,n02325366,330,330,0.5881709,1,imagenet_c,defocus_blur,1,none
efficientnet_b4,ILSVRC2012_val_00035244.JPEG,n02325366,330,330,0.38793695,1,imagenet_c,defocus_blur,1,none
efficientnet_b4,ILSVRC2012_val_00040227.JPEG,n02325366,330,331,0.7078183,0,imagenet_c,defocus_blur,1,none
efficientnet_b4,ILSVRC2012_val_00040884.JPEG,n02325366,330,330,0.50305134,1,imagenet_c,defocus_blur,1,none
efficientnet_b4,ILSVRC2012_val_00041378.JPEG,n02325366,330,331,0.5846943,0,imagenet_c,defocus_blur,1,none
efficientnet_b4,ILSVRC2012_val_00041387.JPEG,n02325366,330,330,0.37214792,1,imagenet_c,defocus_blur,1,none
efficientnet_b4,ILSVRC2012_val_00041946.JPEG,n02325366,330,330,0.44358218,1,imagenet_c,defocus_blur,1,none
efficientnet_b4,ILSVRC2012_val_00042110.JPEG,n02325366,330,331,0.40626627,0,imagenet_c,defocus_blur,1,none
efficientnet_b4,ILSVRC2012_val_00044412.JPEG,n02325366,330,330,0.59091973,1,imagenet_c,defocus_blur,1,none
efficientnet_b4,ILSVRC2012_val_00049274.JPEG,n02325366,330,330,0.5839943,1,imagenet_c,defocus_blur,1,none
efficientnet_b4,ILSVRC2012_val_00049739.JPEG,n02325366,330,330,0.43471125,1,imagenet_c,defocus_blur,1,none
efficientnet_b4,ILSVRC2012_val_00000644.JPEG,n02326432,331,146,0.0422932,0,imagenet_c,defocus_blur,1,none
efficientnet_b4,ILSVRC2012_val_00001088.JPEG,n02326432,331,331,0.2931066,1,imagenet_c,defocus_blur,1,none
efficientnet_b4,ILSVRC2012_val_00001217.JPEG,n02326432,331,331,0.58147526,1,imagenet_c,defocus_blur,1,none
efficientnet_b4,ILSVRC2012_val_00002413.JPEG,n02326432,331,331,0.60763556,1,imagenet_c,defocus_blur,1,none
efficientnet_b4,ILSVRC2012_val_00003602.JPEG,n02326432,331,331,0.4986178,1,imagenet_c,defocus_blur,1,none
efficientnet_b4,ILSVRC2012_val_00003697.JPEG,n02326432,331,331,0.6656714,1,imagenet_c,defocus_blur,1,none
efficientnet_b4,ILSVRC2012_val_00004064.JPEG,n02326432,331,331,0.6622248,1,imagenet_c,defocus_blur,1,none
efficientnet_b4,ILSVRC2012_val_00005118.JPEG,n02326432,331,331,0.8112891,1,imagenet_c,defocus_blur,1,none
efficientnet_b4,ILSVRC2012_val_00007440.JPEG,n02326432,331,182,0.04631467,0,imagenet_c,defocus_blur,1,none
efficientnet_b4,ILSVRC2012_val_00010836.JPEG,n02326432,331,331,0.1817642,1,imagenet_c,defocus_blur,1,none
efficientnet_b4,ILSVRC2012_val_00010884.JPEG,n02326432,331,331,0.73887485,1,imagenet_c,defocus_blur,1,none
efficientnet_b4,ILSVRC2012_val_00011291.JPEG,n02326432,331,331,0.29356945,1,imagenet_c,defocus_blur,1,none
efficientnet_b4,ILSVRC2012_val_00013062.JPEG,n02326432,331,331,0.75906855,1,imagenet_c,defocus_blur,1,none
efficientnet_b4,ILSVRC2012_val_00013328.JPEG,n02326432,331,331,0.55342424,1,imagenet_c,defocus_blur,1,none
efficientnet_b4,ILSVRC2012_val_00015113.JPEG,n02326432,331,331,0.36137912,1,imagenet_c,defocus_blur,1,none
efficientnet_b4,ILSVRC2012_val_00015770.JPEG,n02326432,331,331,0.35520688,1,imagenet_c,defocus_blur,1,none
efficientnet_b4,ILSVRC2012_val_00016344.JPEG,n02326432,331,330,0.30623347,0,imagenet_c,defocus_blur,1,none
efficientnet_b4,ILSVRC2012_val_00018196.JPEG,n02326432,331,330,0.5302502,0,imagenet_c,defocus_blur,1,none
efficientnet_b4,ILSVRC2012_val_00018969.JPEG,n02326432,331,331,0.74084336,1,imagenet_c,defocus_blur,1,none
efficientnet_b4,ILSVRC2012_val_00021612.JPEG,n02326432,331,331,0.5321082,1,imagenet_c,defocus_blur,1,none
efficientnet_b4,ILSVRC2012_val_00022000.JPEG,n02326432,331,331,0.5650895,1,imagenet_c,defocus_blur,1,none
efficientnet_b4,ILSVRC2012_val_00022780.JPEG,n02326432,331,331,0.76182365,1,imagenet_c,defocus_blur,1,none
efficientnet_b4,ILSVRC2012_val_00023041.JPEG,n02326432,331,331,0.68417627,1,imagenet_c,defocus_blur,1,none
efficientnet_b4,ILSVRC2012_val_00023449.JPEG,n02326432,331,331,0.7451292,1,imagenet_c,defocus_blur,1,none
efficientnet_b4,ILSVRC2012_val_00023819.JPEG,n02326432,331,331,0.30142438,1,imagenet_c,defocus_blur,1,none
efficientnet_b4,ILSVRC2012_val_00024176.JPEG,n02326432,331,331,0.63400096,1,imagenet_c,defocus_blur,1,none
efficientnet_b4,ILSVRC2012_val_00024397.JPEG,n02326432,331,331,0.32908043,1,imagenet_c,defocus_blur,1,none
efficientnet_b4,ILSVRC2012_val_00025005.JPEG,n02326432,331,331,0.61808467,1,imagenet_c,defocus_blur,1,none
efficientnet_b4,ILSVRC2012_val_00027789.JPEG,n02326432,331,331,0.71668386,1,imagenet_c,defocus_blur,1,none
efficientnet_b4,ILSVRC2012_val_00028827.JPEG,n02326432,331,331,0.35670957,1,imagenet_c,defocus_blur,1,none
efficientnet_b4,ILSVRC2012_val_00029401.JPEG,n02326432,331,331,0.83428663,1,imagenet_c,defocus_blur,1,none
efficientnet_b4,ILSVRC2012_val_00033347.JPEG,n02326432,331,331,0.59330744,1,imagenet_c,defocus_blur,1,none
efficientnet_b4,ILSVRC2012_val_00033403.JPEG,n02326432,331,331,0.67421883,1,imagenet_c,defocus_blur,1,none
efficientnet_b4,ILSVRC2012_val_00034786.JPEG,n02326432,331,331,0.5242087,1,imagenet_c,defocus_blur,1,none
efficientnet_b4,ILSVRC2012_val_00035418.JPEG,n02326432,331,331,0.5146504,1,imagenet_c,defocus_blur,1,none
efficientnet_b4,ILSVRC2012_val_00037546.JPEG,n02326432,331,331,0.29868335,1,imagenet_c,defocus_blur,1,none
efficientnet_b4,ILSVRC2012_val_00038132.JPEG,n02326432,331,330,0.5648617,0,imagenet_c,defocus_blur,1,none
efficientnet_b4,ILSVRC2012_val_00038648.JPEG,n02326432,331,331,0.67587006,1,imagenet_c,defocus_blur,1,none
efficientnet_b4,ILSVRC2012_val_00040218.JPEG,n02326432,331,331,0.41538653,1,imagenet_c,defocus_blur,1,none
efficientnet_b4,ILSVRC2012_val_00040452.JPEG,n02326432,331,331,0.46169537,1,imagenet_c,defocus_blur,1,none
efficientnet_b4,ILSVRC2012_val_00041538.JPEG,n02326432,331,331,0.69509304,1,imagenet_c,defocus_blur,1,none
efficientnet_b4,ILSVRC2012_val_00042759.JPEG,n02326432,331,331,0.801603,1,imagenet_c,defocus_blur,1,none
efficientnet_b4,ILSVRC2012_val_00043365.JPEG,n02326432,331,331,0.4951519,1,imagenet_c,defocus_blur,1,none
efficientnet_b4,ILSVRC2012_val_00043437.JPEG,n02326432,331,331,0.723937,1,imagenet_c,defocus_blur,1,none
efficientnet_b4,ILSVRC2012_val_00043531.JPEG,n02326432,331,331,0.56322914,1,imagenet_c,defocus_blur,1,none
efficientnet_b4,ILSVRC2012_val_00043541.JPEG,n02326432,331,331,0.66465545,1,imagenet_c,defocus_blur,1,none
efficientnet_b4,ILSVRC2012_val_00047500.JPEG,n02326432,331,331,0.6223636,1,imagenet_c,defocus_blur,1,none
efficientnet_b4,ILSVRC2012_val_00049280.JPEG,n02326432,331,330,0.22118019,0,imagenet_c,defocus_blur,1,none
efficientnet_b4,ILSVRC2012_val_00049897.JPEG,n02326432,331,331,0.6504571,1,imagenet_c,defocus_blur,1,none
efficientnet_b4,ILSVRC2012_val_00049948.JPEG,n02326432,331,330,0.5176586,0,imagenet_c,defocus_blur,1,none
efficientnet_b4,ILSVRC2012_val_00000010.JPEG,n02328150,332,153,0.30897307,0,imagenet_c,defocus_blur,1,none
efficientnet_b4,ILSVRC2012_val_00000981.JPEG,n02328150,332,332,0.6159353,1,imagenet_c,defocus_blur,1,none
efficientnet_b4,ILSVRC2012_val_00002200.JPEG,n02328150,332,332,0.70142114,1,imagenet_c,defocus_blur,1,none
efficientnet_b4,ILSVRC2012_val_00002723.JPEG,n02328150,332,332,0.14401695,1,imagenet_c,defocus_blur,1,none
efficientnet_b4,ILSVRC2012_val_00003933.JPEG,n02328150,332,332,0.5989711,1,imagenet_c,defocus_blur,1,none
efficientnet_b4,ILSVRC2012_val_00005845.JPEG,n02328150,332,332,0.5483678,1,imagenet_c,defocus_blur,1,none
efficientnet_b4,ILSVRC2012_val_00007037.JPEG,n02328150,332,332,0.6170128,1,imagenet_c,defocus_blur,1,none
efficientnet_b4,ILSVRC2012_val_00007878.JPEG,n02328150,332,332,0.610651,1,imagenet_c,defocus_blur,1,none
efficientnet_b4,ILSVRC2012_val_00010100.JPEG,n02328150,332,332,0.7308056,1,imagenet_c,defocus_blur,1,none
efficientnet_b4,ILSVRC2012_val_00010148.JPEG,n02328150,332,332,0.62059027,1,imagenet_c,defocus_blur,1,none
efficientnet_b4,ILSVRC2012_val_00011104.JPEG,n02328150,332,332,0.6283463,1,imagenet_c,defocus_blur,1,none
efficientnet_b4,ILSVRC2012_val_00014708.JPEG,n02328150,332,332,0.86700237,1,imagenet_c,defocus_blur,1,none
efficientnet_b4,ILSVRC2012_val_00015153.JPEG,n02328150,332,332,0.67401785,1,imagenet_c,defocus_blur,1,none
efficientnet_b4,ILSVRC2012_val_00015301.JPEG,n02328150,332,332,0.60386384,1,imagenet_c,defocus_blur,1,none
efficientnet_b4,ILSVRC2012_val_00015683.JPEG,n02328150,332,332,0.73110735,1,imagenet_c,defocus_blur,1,none
efficientnet_b4,ILSVRC2012_val_00015971.JPEG,n02328150,332,332,0.67274874,1,imagenet_c,defocus_blur,1,none
efficientnet_b4,ILSVRC2012_val_00015997.JPEG,n02328150,332,332,0.51844704,1,imagenet_c,defocus_blur,1,none
efficientnet_b4,ILSVRC2012_val_00016059.JPEG,n02328150,332,332,0.62346774,1,imagenet_c,defocus_blur,1,none
efficientnet_b4,ILSVRC2012_val_00017187.JPEG,n02328150,332,332,0.6092203,1,imagenet_c,defocus_blur,1,none
efficientnet_b4,ILSVRC2012_val_00017261.JPEG,n02328150,332,332,0.27068043,1,imagenet_c,defocus_blur,1,none
efficientnet_b4,ILSVRC2012_val_00017952.JPEG,n02328150,332,332,0.72019017,1,imagenet_c,defocus_blur,1,none
efficientnet_b4,ILSVRC2012_val_00018640.JPEG,n02328150,332,332,0.6430857,1,imagenet_c,defocus_blur,1,none
efficientnet_b4,ILSVRC2012_val_00019031.JPEG,n02328150,332,332,0.6960542,1,imagenet_c,defocus_blur,1,none
efficientnet_b4,ILSVRC2012_val_00019381.JPEG,n02328150,332,332,0.5819132,1,imagenet_c,defocus_blur,1,none
efficientnet_b4,ILSVRC2012_val_00020006.JPEG,n02328150,332,332,0.5988798,1,imagenet_c,defocus_blur,1,none
efficientnet_b4,ILSVRC2012_val_00023391.JPEG,n02328150,332,332,0.7393084,1,imagenet_c,defocus_blur,1,none
efficientnet_b4,ILSVRC2012_val_00025326.JPEG,n02328150,332,332,0.53784966,1,imagenet_c,defocus_blur,1,none
efficientnet_b4,ILSVRC2012_val_00026585.JPEG,n02328150,332,332,0.76886475,1,imagenet_c,defocus_blur,1,none
efficientnet_b4,ILSVRC2012_val_00026958.JPEG,n02328150,332,332,0.6805934,1,imagenet_c,defocus_blur,1,none
efficientnet_b4,ILSVRC2012_val_00027262.JPEG,n02328150,332,332,0.82571054,1,imagenet_c,defocus_blur,1,none
efficientnet_b4,ILSVRC2012_val_00027686.JPEG,n02328150,332,332,0.722757,1,imagenet_c,defocus_blur,1,none
efficientnet_b4,ILSVRC2012_val_00027738.JPEG,n02328150,332,332,0.45033032,1,imagenet_c,defocus_blur,1,none
efficientnet_b4,ILSVRC2012_val_00027898.JPEG,n02328150,332,332,0.7156888,1,imagenet_c,defocus_blur,1,none
efficientnet_b4,ILSVRC2012_val_00028851.JPEG,n02328150,332,332,0.7136276,1,imagenet_c,defocus_blur,1,none
efficientnet_b4,ILSVRC2012_val_00029632.JPEG,n02328150,332,332,0.16737674,1,imagenet_c,defocus_blur,1,none
efficientnet_b4,ILSVRC2012_val_00029767.JPEG,n02328150,332,332,0.5329018,1,imagenet_c,defocus_blur,1,none
efficientnet_b4,ILSVRC2012_val_00029874.JPEG,n02328150,332,332,0.4965716,1,imagenet_c,defocus_blur,1,none
efficientnet_b4,ILSVRC2012_val_00030881.JPEG,n02328150,332,332,0.72828597,1,imagenet_c,defocus_blur,1,none
efficientnet_b4,ILSVRC2012_val_00031754.JPEG,n02328150,332,332,0.4156171,1,imagenet_c,defocus_blur,1,none
efficientnet_b4,ILSVRC2012_val_00032296.JPEG,n02328150,332,332,0.5476937,1,imagenet_c,defocus_blur,1,none
efficientnet_b4,ILSVRC2012_val_00032730.JPEG,n02328150,332,332,0.6955102,1,imagenet_c,defocus_blur,1,none
efficientnet_b4,ILSVRC2012_val_00034505.JPEG,n02328150,332,332,0.3690044,1,imagenet_c,defocus_blur,1,none
efficientnet_b4,ILSVRC2012_val_00036041.JPEG,n02328150,332,332,0.6623985,1,imagenet_c,defocus_blur,1,none
efficientnet_b4,ILSVRC2012_val_00040394.JPEG,n02328150,332,332,0.6557592,1,imagenet_c,defocus_blur,1,none
efficientnet_b4,ILSVRC2012_val_00040623.JPEG,n02328150,332,332,0.7466255,1,imagenet_c,defocus_blur,1,none
efficientnet_b4,ILSVRC2012_val_00041056.JPEG,n02328150,332,332,0.28588098,1,imagenet_c,defocus_blur,1,none
efficientnet_b4,ILSVRC2012_val_00044103.JPEG,n02328150,332,332,0.6359481,1,imagenet_c,defocus_blur,1,none
efficientnet_b4,ILSVRC2012_val_00046186.JPEG,n02328150,332,332,0.6098113,1,imagenet_c,defocus_blur,1,none
efficientnet_b4,ILSVRC2012_val_00048594.JPEG,n02328150,332,332,0.60279715,1,imagenet_c,defocus_blur,1,none
efficientnet_b4,ILSVRC2012_val_00049684.JPEG,n02328150,332,332,0.8730401,1,imagenet_c,defocus_blur,1,none
efficientnet_b4,ILSVRC2012_val_00000617.JPEG,n02342885,333,333,0.1442767,1,imagenet_c,defocus_blur,1,none
efficientnet_b4,ILSVRC2012_val_00001226.JPEG,n02342885,333,333,0.5622469,1,imagenet_c,defocus_blur,1,none
efficientnet_b4,ILSVRC2012_val_00001439.JPEG,n02342885,333,333,0.6639943,1,imagenet_c,defocus_blur,1,none
efficientnet_b4,ILSVRC2012_val_00001478.JPEG,n02342885,333,333,0.54572725,1,imagenet_c,defocus_blur,1,none
efficientnet_b4,ILSVRC2012_val_00002048.JPEG,n02342885,333,333,0.48394573,1,imagenet_c,defocus_blur,1,none
efficientnet_b4,ILSVRC2012_val_00002255.JPEG,n02342885,333,333,0.5117616,1,imagenet_c,defocus_blur,1,none
efficientnet_b4,ILSVRC2012_val_00004693.JPEG,n02342885,333,333,0.39376947,1,imagenet_c,defocus_blur,1,none
efficientnet_b4,ILSVRC2012_val_00004985.JPEG,n02342885,333,333,0.5895144,1,imagenet_c,defocus_blur,1,none
efficientnet_b4,ILSVRC2012_val_00005002.JPEG,n02342885,333,333,0.50088555,1,imagenet_c,defocus_blur,1,none
efficientnet_b4,ILSVRC2012_val_00005728.JPEG,n02342885,333,333,0.5082362,1,imagenet_c,defocus_blur,1,none
efficientnet_b4,ILSVRC2012_val_00006185.JPEG,n02342885,333,333,0.47070494,1,imagenet_c,defocus_blur,1,none
efficientnet_b4,ILSVRC2012_val_00007980.JPEG,n02342885,333,333,0.48141322,1,imagenet_c,defocus_blur,1,none
efficientnet_b4,ILSVRC2012_val_00009112.JPEG,n02342885,333,333,0.45197976,1,imagenet_c,defocus_blur,1,none
efficientnet_b4,ILSVRC2012_val_00010974.JPEG,n02342885,333,333,0.42962745,1,imagenet_c,defocus_blur,1,none
efficientnet_b4,ILSVRC2012_val_00011257.JPEG,n02342885,333,333,0.5996338,1,imagenet_c,defocus_blur,1,none
efficientnet_b4,ILSVRC2012_val_00011351.JPEG,n02342885,333,333,0.4267779,1,imagenet_c,defocus_blur,1,none
efficientnet_b4,ILSVRC2012_val_00012541.JPEG,n02342885,333,333,0.52313894,1,imagenet_c,defocus_blur,1,none
efficientnet_b4,ILSVRC2012_val_00013528.JPEG,n02342885,333,333,0.5801351,1,imagenet_c,defocus_blur,1,none
efficientnet_b4,ILSVRC2012_val_00014630.JPEG,n02342885,333,333,0.5567231,1,imagenet_c,defocus_blur,1,none
efficientnet_b4,ILSVRC2012_val_00015181.JPEG,n02342885,333,333,0.36430234,1,imagenet_c,defocus_blur,1,none
efficientnet_b4,ILSVRC2012_val_00016348.JPEG,n02342885,333,333,0.6280415,1,imagenet_c,defocus_blur,1,none
efficientnet_b4,ILSVRC2012_val_00016460.JPEG,n02342885,333,686,0.11775439,0,imagenet_c,defocus_blur,1,none
efficientnet_b4,ILSVRC2012_val_00017445.JPEG,n02342885,333,333,0.45195317,1,imagenet_c,defocus_blur,1,none
efficientnet_b4,ILSVRC2012_val_00019752.JPEG,n02342885,333,333,0.5721004,1,imagenet_c,defocus_blur,1,none
efficientnet_b4,ILSVRC2012_val_00020285.JPEG,n02342885,333,333,0.38830122,1,imagenet_c,defocus_blur,1,none
efficientnet_b4,ILSVRC2012_val_00023034.JPEG,n02342885,333,333,0.3855578,1,imagenet_c,defocus_blur,1,none
efficientnet_b4,ILSVRC2012_val_00023969.JPEG,n02342885,333,333,0.3680537,1,imagenet_c,defocus_blur,1,none
efficientnet_b4,ILSVRC2012_val_00025315.JPEG,n02342885,333,333,0.46365532,1,imagenet_c,defocus_blur,1,none
efficientnet_b4,ILSVRC2012_val_00026102.JPEG,n02342885,333,333,0.36685616,1,imagenet_c,defocus_blur,1,none
efficientnet_b4,ILSVRC2012_val_00026382.JPEG,n02342885,333,333,0.48416114,1,imagenet_c,defocus_blur,1,none
efficientnet_b4,ILSVRC2012_val_00027868.JPEG,n02342885,333,333,0.60649043,1,imagenet_c,defocus_blur,1,none
efficientnet_b4,ILSVRC2012_val_00028831.JPEG,n02342885,333,333,0.4700147,1,imagenet_c,defocus_blur,1,none
efficientnet_b4,ILSVRC2012_val_00029758.JPEG,n02342885,333,333,0.38507938,1,imagenet_c,defocus_blur,1,none
efficientnet_b4,ILSVRC2012_val_00030463.JPEG,n02342885,333,333,0.58122635,1,imagenet_c,defocus_blur,1,none
efficientnet_b4,ILSVRC2012_val_00031690.JPEG,n02342885,333,333,0.57882303,1,imagenet_c,defocus_blur,1,none
efficientnet_b4,ILSVRC2012_val_00031930.JPEG,n02342885,333,333,0.5728169,1,imagenet_c,defocus_blur,1,none
efficientnet_b4,ILSVRC2012_val_00036070.JPEG,n02342885,333,333,0.47595695,1,imagenet_c,defocus_blur,1,none
efficientnet_b4,ILSVRC2012_val_00038780.JPEG,n02342885,333,333,0.4909435,1,imagenet_c,defocus_blur,1,none
efficientnet_b4,ILSVRC2012_val_00039073.JPEG,n02342885,333,333,0.40529907,1,imagenet_c,defocus_blur,1,none
efficientnet_b4,ILSVRC2012_val_00039766.JPEG,n02342885,333,333,0.44231606,1,imagenet_c,defocus_blur,1,none
efficientnet_b4,ILSVRC2012_val_00039958.JPEG,n02342885,333,333,0.56040686,1,imagenet_c,defocus_blur,1,none
efficientnet_b4,ILSVRC2012_val_00039968.JPEG,n02342885,333,333,0.44967481,1,imagenet_c,defocus_blur,1,none
efficientnet_b4,ILSVRC2012_val_00040139.JPEG,n02342885,333,333,0.48205128,1,imagenet_c,defocus_blur,1,none
efficientnet_b4,ILSVRC2012_val_00040194.JPEG,n02342885,333,333,0.45930004,1,imagenet_c,defocus_blur,1,none
efficientnet_b4,ILSVRC2012_val_00040750.JPEG,n02342885,333,333,0.3726102,1,imagenet_c,defocus_blur,1,none
efficientnet_b4,ILSVRC2012_val_00041792.JPEG,n02342885,333,529,0.0896405,0,imagenet_c,defocus_blur,1,none
efficientnet_b4,ILSVRC2012_val_00042043.JPEG,n02342885,333,333,0.54557663,1,imagenet_c,defocus_blur,1,none
efficientnet_b4,ILSVRC2012_val_00043249.JPEG,n02342885,333,333,0.38999847,1,imagenet_c,defocus_blur,1,none
efficientnet_b4,ILSVRC2012_val_00043441.JPEG,n02342885,333,333,0.6054603,1,imagenet_c,defocus_blur,1,none
efficientnet_b4,ILSVRC2012_val_00047769.JPEG,n02342885,333,333,0.62849396,1,imagenet_c,defocus_blur,1,none
efficientnet_b4,ILSVRC2012_val_00000007.JPEG,n02346627,334,377,0.41499934,0,imagenet_c,defocus_blur,1,none
efficientnet_b4,ILSVRC2012_val_00000021.JPEG,n02346627,334,334,0.23950568,1,imagenet_c,defocus_blur,1,none
efficientnet_b4,ILSVRC2012_val_00001241.JPEG,n02346627,334,334,0.74447685,1,imagenet_c,defocus_blur,1,none
efficientnet_b4,ILSVRC2012_val_00003579.JPEG,n02346627,334,379,0.62085,0,imagenet_c,defocus_blur,1,none
efficientnet_b4,ILSVRC2012_val_00004861.JPEG,n02346627,334,334,0.67623675,1,imagenet_c,defocus_blur,1,none
efficientnet_b4,ILSVRC2012_val_00004986.JPEG,n02346627,334,334,0.47131512,1,imagenet_c,defocus_blur,1,none
efficientnet_b4,ILSVRC2012_val_00005243.JPEG,n02346627,334,334,0.67819864,1,imagenet_c,defocus_blur,1,none
efficientnet_b4,ILSVRC2012_val_00005716.JPEG,n02346627,334,337,0.29721344,0,imagenet_c,defocus_blur,1,none
efficientnet_b4,ILSVRC2012_val_00005852.JPEG,n02346627,334,380,0.2878591,0,imagenet_c,defocus_blur,1,none
efficientnet_b4,ILSVRC2012_val_00007251.JPEG,n02346627,334,371,0.3380125,0,imagenet_c,defocus_blur,1,none
efficientnet_b4,ILSVRC2012_val_00008208.JPEG,n02346627,334,334,0.6253702,1,imagenet_c,defocus_blur,1,none
efficientnet_b4,ILSVRC2012_val_00010410.JPEG,n02346627,334,334,0.62835467,1,imagenet_c,defocus_blur,1,none
efficientnet_b4,ILSVRC2012_val_00012165.JPEG,n02346627,334,102,0.6770957,0,imagenet_c,defocus_blur,1,none
efficientnet_b4,ILSVRC2012_val_00012406.JPEG,n02346627,334,334,0.19112816,1,imagenet_c,defocus_blur,1,none
efficientnet_b4,ILSVRC2012_val_00012414.JPEG,n02346627,334,334,0.75436085,1,imagenet_c,defocus_blur,1,none
efficientnet_b4,ILSVRC2012_val_00013237.JPEG,n02346627,334,361,0.045535386,0,imagenet_c,defocus_blur,1,none
efficientnet_b4,ILSVRC2012_val_00015985.JPEG,n02346627,334,377,0.34975338,0,imagenet_c,defocus_blur,1,none
efficientnet_b4,ILSVRC2012_val_00016015.JPEG,n02346627,334,334,0.48326987,1,imagenet_c,defocus_blur,1,none
efficientnet_b4,ILSVRC2012_val_00016953.JPEG,n02346627,334,334,0.2721786,1,imagenet_c,defocus_blur,1,none
efficientnet_b4,ILSVRC2012_val_00017315.JPEG,n02346627,334,334,0.22866179,1,imagenet_c,defocus_blur,1,none
efficientnet_b4,ILSVRC2012_val_00019746.JPEG,n02346627,334,334,0.6591765,1,imagenet_c,defocus_blur,1,none
efficientnet_b4,ILSVRC2012_val_00019800.JPEG,n02346627,334,377,0.75850654,0,imagenet_c,defocus_blur,1,none
efficientnet_b4,ILSVRC2012_val_00021587.JPEG,n02346627,334,334,0.46517295,1,imagenet_c,defocus_blur,1,none
efficientnet_b4,ILSVRC2012_val_00022951.JPEG,n02346627,334,334,0.40981832,1,imagenet_c,defocus_blur,1,none
efficientnet_b4,ILSVRC2012_val_00024325.JPEG,n02346627,334,334,0.8497612,1,imagenet_c,defocus_blur,1,none
efficientnet_b4,ILSVRC2012_val_00025333.JPEG,n02346627,334,334,0.316739,1,imagenet_c,defocus_blur,1,none
efficientnet_b4,ILSVRC2012_val_00025637.JPEG,n02346627,334,81,0.030697543,0,imagenet_c,defocus_blur,1,none
efficientnet_b4,ILSVRC2012_val_00027802.JPEG,n02346627,334,334,0.4960345,1,imagenet_c,defocus_blur,1,none
efficientnet_b4,ILSVRC2012_val_00027925.JPEG,n02346627,334,334,0.68219346,1,imagenet_c,defocus_blur,1,none
efficientnet_b4,ILSVRC2012_val_00031089.JPEG,n02346627,334,334,0.35000396,1,imagenet_c,defocus_blur,1,none
efficientnet_b4,ILSVRC2012_val_00031706.JPEG,n02346627,334,334,0.5843836,1,imagenet_c,defocus_blur,1,none
efficientnet_b4,ILSVRC2012_val_00033368.JPEG,n02346627,334,337,0.19493525,0,imagenet_c,defocus_blur,1,none
efficientnet_b4,ILSVRC2012_val_00034246.JPEG,n02346627,334,374,0.026088826,0,imagenet_c,defocus_blur,1,none
efficientnet_b4,ILSVRC2012_val_00036853.JPEG,n02346627,334,357,0.21926752,0,imagenet_c,defocus_blur,1,none
efficientnet_b4,ILSVRC2012_val_00037361.JPEG,n02346627,334,334,0.52213615,1,imagenet_c,defocus_blur,1,none
efficientnet_b4,ILSVRC2012_val_00037557.JPEG,n02346627,334,334,0.53179675,1,imagenet_c,defocus_blur,1,none
efficientnet_b4,ILSVRC2012_val_00038065.JPEG,n02346627,334,334,0.7292621,1,imagenet_c,defocus_blur,1,none
efficientnet_b4,ILSVRC2012_val_00039685.JPEG,n02346627,334,537,0.033329442,0,imagenet_c,defocus_blur,1,none
efficientnet_b4,ILSVRC2012_val_00040165.JPEG,n02346627,334,334,0.7249105,1,imagenet_c,defocus_blur,1,none
efficientnet_b4,ILSVRC2012_val_00041439.JPEG,n02346627,334,358,0.12862173,0,imagenet_c,defocus_blur,1,none
efficientnet_b4,ILSVRC2012_val_00041510.JPEG,n02346627,334,334,0.18226911,1,imagenet_c,defocus_blur,1,none
efficientnet_b4,ILSVRC2012_val_00043963.JPEG,n02346627,334,334,0.6384242,1,imagenet_c,defocus_blur,1,none
efficientnet_b4,ILSVRC2012_val_00044340.JPEG,n02346627,334,334,0.65609896,1,imagenet_c,defocus_blur,1,none
efficientnet_b4,ILSVRC2012_val_00044646.JPEG,n02346627,334,334,0.7702388,1,imagenet_c,defocus_blur,1,none
efficientnet_b4,ILSVRC2012_val_00045275.JPEG,n02346627,334,334,0.6737107,1,imagenet_c,defocus_blur,1,none
efficientnet_b4,ILSVRC2012_val_00047267.JPEG,n02346627,334,334,0.17381042,1,imagenet_c,defocus_blur,1,none
efficientnet_b4,ILSVRC2012_val_00047422.JPEG,n02346627,334,377,0.06453534,0,imagenet_c,defocus_blur,1,none
efficientnet_b4,ILSVRC2012_val_00048070.JPEG,n02346627,334,334,0.49243414,1,imagenet_c,defocus_blur,1,none
efficientnet_b4,ILSVRC2012_val_00049030.JPEG,n02346627,334,334,0.75412214,1,imagenet_c,defocus_blur,1,none
efficientnet_b4,ILSVRC2012_val_00049176.JPEG,n02346627,334,334,0.5459135,1,imagenet_c,defocus_blur,1,none
efficientnet_b4,ILSVRC2012_val_00000502.JPEG,n02356798,335,335,0.47520238,1,imagenet_c,defocus_blur,1,none
efficientnet_b4,ILSVRC2012_val_00001003.JPEG,n02356798,335,335,0.5938865,1,imagenet_c,defocus_blur,1,none
efficientnet_b4,ILSVRC2012_val_00001237.JPEG,n02356798,335,24,0.0854492,0,imagenet_c,defocus_blur,1,none
efficientnet_b4,ILSVRC2012_val_00005344.JPEG,n02356798,335,335,0.37038213,1,imagenet_c,defocus_blur,1,none
efficientnet_b4,ILSVRC2012_val_00005551.JPEG,n02356798,335,335,0.6023167,1,imagenet_c,defocus_blur,1,none
efficientnet_b4,ILSVRC2012_val_00006392.JPEG,n02356798,335,335,0.15803142,1,imagenet_c,defocus_blur,1,none
efficientnet_b4,ILSVRC2012_val_00006700.JPEG,n02356798,335,335,0.44310585,1,imagenet_c,defocus_blur,1,none
efficientnet_b4,ILSVRC2012_val_00007315.JPEG,n02356798,335,335,0.372671,1,imagenet_c,defocus_blur,1,none
efficientnet_b4,ILSVRC2012_val_00007457.JPEG,n02356798,335,335,0.5211103,1,imagenet_c,defocus_blur,1,none
efficientnet_b4,ILSVRC2012_val_00009363.JPEG,n02356798,335,335,0.5626271,1,imagenet_c,defocus_blur,1,none
efficientnet_b4,ILSVRC2012_val_00009581.JPEG,n02356798,335,376,0.26692018,0,imagenet_c,defocus_blur,1,none
efficientnet_b4,ILSVRC2012_val_00010476.JPEG,n02356798,335,335,0.26625994,1,imagenet_c,defocus_blur,1,none
efficientnet_b4,ILSVRC2012_val_00013919.JPEG,n02356798,335,335,0.5958264,1,imagenet_c,defocus_blur,1,none
efficientnet_b4,ILSVRC2012_val_00014331.JPEG,n02356798,335,335,0.578566,1,imagenet_c,defocus_blur,1,none
efficientnet_b4,ILSVRC2012_val_00016105.JPEG,n02356798,335,335,0.6252422,1,imagenet_c,defocus_blur,1,none
efficientnet_b4,ILSVRC2012_val_00016497.JPEG,n02356798,335,335,0.556572,1,imagenet_c,defocus_blur,1,none
efficientnet_b4,ILSVRC2012_val_00016733.JPEG,n02356798,335,335,0.50959,1,imagenet_c,defocus_blur,1,none
efficientnet_b4,ILSVRC2012_val_00019533.JPEG,n02356798,335,335,0.32551622,1,imagenet_c,defocus_blur,1,none
efficientnet_b4,ILSVRC2012_val_00020198.JPEG,n02356798,335,314,0.031393446,0,imagenet_c,defocus_blur,1,none
efficientnet_b4,ILSVRC2012_val_00023383.JPEG,n02356798,335,335,0.41910627,1,imagenet_c,defocus_blur,1,none
efficientnet_b4,ILSVRC2012_val_00024584.JPEG,n02356798,335,335,0.32408348,1,imagenet_c,defocus_blur,1,none
efficientnet_b4,ILSVRC2012_val_00025734.JPEG,n02356798,335,335,0.4388204,1,imagenet_c,defocus_blur,1,none
efficientnet_b4,ILSVRC2012_val_00027471.JPEG,n02356798,335,335,0.45495313,1,imagenet_c,defocus_blur,1,none
efficientnet_b4,ILSVRC2012_val_00028178.JPEG,n02356798,335,380,0.39049107,0,imagenet_c,defocus_blur,1,none
efficientnet_b4,ILSVRC2012_val_00029719.JPEG,n02356798,335,384,0.2637663,0,imagenet_c,defocus_blur,1,none
efficientnet_b4,ILSVRC2012_val_00030458.JPEG,n02356798,335,335,0.63298684,1,imagenet_c,defocus_blur,1,none
efficientnet_b4,ILSVRC2012_val_00033103.JPEG,n02356798,335,335,0.44148895,1,imagenet_c,defocus_blur,1,none
efficientnet_b4,ILSVRC2012_val_00034812.JPEG,n02356798,335,335,0.09993565,1,imagenet_c,defocus_blur,1,none
efficientnet_b4,ILSVRC2012_val_00035136.JPEG,n02356798,335,384,0.084456176,0,imagenet_c,defocus_blur,1,none
efficientnet_b4,ILSVRC2012_val_00035501.JPEG,n02356798,335,335,0.5079159,1,imagenet_c,defocus_blur,1,none
efficientnet_b4,ILSVRC2012_val_00036257.JPEG,n02356798,335,335,0.42838538,1,imagenet_c,defocus_blur,1,none
efficientnet_b4,ILSVRC2012_val_00036710.JPEG,n02356798,335,335,0.21672003,1,imagenet_c,defocus_blur,1,none
efficientnet_b4,ILSVRC2012_val_00037743.JPEG,n02356798,335,335,0.7028412,1,imagenet_c,defocus_blur,1,none
efficientnet_b4,ILSVRC2012_val_00038414.JPEG,n02356798,335,336,0.15587215,0,imagenet_c,defocus_blur,1,none
efficientnet_b4,ILSVRC2012_val_00038622.JPEG,n02356798,335,335,0.56862783,1,imagenet_c,defocus_blur,1,none
efficientnet_b4,ILSVRC2012_val_00038993.JPEG,n02356798,335,335,0.567027,1,imagenet_c,defocus_blur,1,none
efficientnet_b4,ILSVRC2012_val_00041520.JPEG,n02356798,335,335,0.40579996,1,imagenet_c,defocus_blur,1,none
efficientnet_b4,ILSVRC2012_val_00042187.JPEG,n02356798,335,374,0.15341567,0,imagenet_c,defocus_blur,1,none
efficientnet_b4,ILSVRC2012_val_00042334.JPEG,n02356798,335,335,0.4277162,1,imagenet_c,defocus_blur,1,none
efficientnet_b4,ILSVRC2012_val_00042981.JPEG,n02356798,335,335,0.4679268,1,imagenet_c,defocus_blur,1,none
efficientnet_b4,ILSVRC2012_val_00043512.JPEG,n02356798,335,335,0.5672697,1,imagenet_c,defocus_blur,1,none
efficientnet_b4,ILSVRC2012_val_00045433.JPEG,n02356798,335,335,0.4069608,1,imagenet_c,defocus_blur,1,none
efficientnet_b4,ILSVRC2012_val_00046102.JPEG,n02356798,335,335,0.79887885,1,imagenet_c,defocus_blur,1,none
efficientnet_b4,ILSVRC2012_val_00047262.JPEG,n02356798,335,335,0.8066776,1,imagenet_c,defocus_blur,1,none
efficientnet_b4,ILSVRC2012_val_00048669.JPEG,n02356798,335,335,0.25949264,1,imagenet_c,defocus_blur,1,none
efficientnet_b4,ILSVRC2012_val_00048792.JPEG,n02356798,335,335,0.66573787,1,imagenet_c,defocus_blur,1,none
efficientnet_b4,ILSVRC2012_val_00049024.JPEG,n02356798,335,335,0.63854635,1,imagenet_c,defocus_blur,1,none
efficientnet_b4,ILSVRC2012_val_00049288.JPEG,n02356798,335,335,0.44454902,1,imagenet_c,defocus_blur,1,none
efficientnet_b4,ILSVRC2012_val_00049770.JPEG,n02356798,335,335,0.48692304,1,imagenet_c,defocus_blur,1,none
efficientnet_b4,ILSVRC2012_val_00049865.JPEG,n02356798,335,335,0.82051516,1,imagenet_c,defocus_blur,1,none
efficientnet_b4,ILSVRC2012_val_00000675.JPEG,n02361337,336,336,0.3851277,1,imagenet_c,defocus_blur,1,none
efficientnet_b4,ILSVRC2012_val_00002571.JPEG,n02361337,336,87,0.047783524,0,imagenet_c,defocus_blur,1,none
efficientnet_b4,ILSVRC2012_val_00003781.JPEG,n02361337,336,336,0.5075452,1,imagenet_c,defocus_blur,1,none
efficientnet_b4,ILSVRC2012_val_00006898.JPEG,n02361337,336,336,0.57610965,1,imagenet_c,defocus_blur,1,none
efficientnet_b4,ILSVRC2012_val_00007212.JPEG,n02361337,336,336,0.051119376,1,imagenet_c,defocus_blur,1,none
efficientnet_b4,ILSVRC2012_val_00008030.JPEG,n02361337,336,336,0.2180333,1,imagenet_c,defocus_blur,1,none
efficientnet_b4,ILSVRC2012_val_00008770.JPEG,n02361337,336,336,0.386272,1,imagenet_c,defocus_blur,1,none
efficientnet_b4,ILSVRC2012_val_00008856.JPEG,n02361337,336,336,0.6654134,1,imagenet_c,defocus_blur,1,none
efficientnet_b4,ILSVRC2012_val_00008936.JPEG,n02361337,336,336,0.54853445,1,imagenet_c,defocus_blur,1,none
efficientnet_b4,ILSVRC2012_val_00009972.JPEG,n02361337,336,336,0.46511692,1,imagenet_c,defocus_blur,1,none
efficientnet_b4,ILSVRC2012_val_00010959.JPEG,n02361337,336,336,0.37026003,1,imagenet_c,defocus_blur,1,none
efficientnet_b4,ILSVRC2012_val_00011409.JPEG,n02361337,336,336,0.514653,1,imagenet_c,defocus_blur,1,none
efficientnet_b4,ILSVRC2012_val_00011891.JPEG,n02361337,336,336,0.4611113,1,imagenet_c,defocus_blur,1,none
efficientnet_b4,ILSVRC2012_val_00013505.JPEG,n02361337,336,336,0.4948952,1,imagenet_c,defocus_blur,1,none
efficientnet_b4,ILSVRC2012_val_00013990.JPEG,n02361337,336,336,0.21797587,1,imagenet_c,defocus_blur,1,none
efficientnet_b4,ILSVRC2012_val_00015451.JPEG,n02361337,336,336,0.06962987,1,imagenet_c,defocus_blur,1,none
efficientnet_b4,ILSVRC2012_val_00016788.JPEG,n02361337,336,336,0.6064781,1,imagenet_c,defocus_blur,1,none
efficientnet_b4,ILSVRC2012_val_00018582.JPEG,n02361337,336,299,0.14336085,0,imagenet_c,defocus_blur,1,none
efficientnet_b4,ILSVRC2012_val_00020009.JPEG,n02361337,336,336,0.15842065,1,imagenet_c,defocus_blur,1,none
efficientnet_b4,ILSVRC2012_val_00021219.JPEG,n02361337,336,336,0.6602029,1,imagenet_c,defocus_blur,1,none
efficientnet_b4,ILSVRC2012_val_00021685.JPEG,n02361337,336,336,0.16461101,1,imagenet_c,defocus_blur,1,none
efficientnet_b4,ILSVRC2012_val_00021723.JPEG,n02361337,336,336,0.55586016,1,imagenet_c,defocus_blur,1,none
efficientnet_b4,ILSVRC2012_val_00023196.JPEG,n02361337,336,336,0.5779595,1,imagenet_c,defocus_blur,1,none
efficientnet_b4,ILSVRC2012_val_00023597.JPEG,n02361337,336,336,0.5849864,1,imagenet_c,defocus_blur,1,none
efficientnet_b4,ILSVRC2012_val_00025459.JPEG,n02361337,336,336,0.57730806,1,imagenet_c,defocus_blur,1,none
efficientnet_b4,ILSVRC2012_val_00025533.JPEG,n02361337,336,336,0.2528291,1,imagenet_c,defocus_blur,1,none
efficientnet_b4,ILSVRC2012_val_00026331.JPEG,n02361337,336,336,0.6164403,1,imagenet_c,defocus_blur,1,none
efficientnet_b4,ILSVRC2012_val_00026537.JPEG,n02361337,336,336,0.6199569,1,imagenet_c,defocus_blur,1,none
efficientnet_b4,ILSVRC2012_val_00028439.JPEG,n02361337,336,336,0.48179135,1,imagenet_c,defocus_blur,1,none
efficientnet_b4,ILSVRC2012_val_00029829.JPEG,n02361337,336,336,0.23071916,1,imagenet_c,defocus_blur,1,none
efficientnet_b4,ILSVRC2012_val_00030520.JPEG,n02361337,336,336,0.25597423,1,imagenet_c,defocus_blur,1,none
efficientnet_b4,ILSVRC2012_val_00031360.JPEG,n02361337,336,336,0.46099815,1,imagenet_c,defocus_blur,1,none
efficientnet_b4,ILSVRC2012_val_00031934.JPEG,n02361337,336,336,0.54664594,1,imagenet_c,defocus_blur,1,none
efficientnet_b4,ILSVRC2012_val_00033800.JPEG,n02361337,336,336,0.48871812,1,imagenet_c,defocus_blur,1,none
efficientnet_b4,ILSVRC2012_val_00034294.JPEG,n02361337,336,336,0.592398,1,imagenet_c,defocus_blur,1,none
efficientnet_b4,ILSVRC2012_val_00036095.JPEG,n02361337,336,336,0.49903882,1,imagenet_c,defocus_blur,1,none
efficientnet_b4,ILSVRC2012_val_00037289.JPEG,n02361337,336,336,0.4891883,1,imagenet_c,defocus_blur,1,none
efficientnet_b4,ILSVRC2012_val_00037480.JPEG,n02361337,336,336,0.1333079,1,imagenet_c,defocus_blur,1,none
efficientnet_b4,ILSVRC2012_val_00038028.JPEG,n02361337,336,299,0.23271023,0,imagenet_c,defocus_blur,1,none
efficientnet_b4,ILSVRC2012_val_00038413.JPEG,n02361337,336,336,0.20758767,1,imagenet_c,defocus_blur,1,none
efficientnet_b4,ILSVRC2012_val_00039457.JPEG,n02361337,336,336,0.59559405,1,imagenet_c,defocus_blur,1,none
efficientnet_b4,ILSVRC2012_val_00040049.JPEG,n02361337,336,336,0.7198521,1,imagenet_c,defocus_blur,1,none
efficientnet_b4,ILSVRC2012_val_00041110.JPEG,n02361337,336,336,0.5932343,1,imagenet_c,defocus_blur,1,none
efficientnet_b4,ILSVRC2012_val_00042013.JPEG,n02361337,336,544,0.16765743,0,imagenet_c,defocus_blur,1,none
efficientnet_b4,ILSVRC2012_val_00043861.JPEG,n02361337,336,336,0.44723558,1,imagenet_c,defocus_blur,1,none
efficientnet_b4,ILSVRC2012_val_00044265.JPEG,n02361337,336,336,0.66852725,1,imagenet_c,defocus_blur,1,none
efficientnet_b4,ILSVRC2012_val_00047875.JPEG,n02361337,336,336,0.06581262,1,imagenet_c,defocus_blur,1,none
efficientnet_b4,ILSVRC2012_val_00048088.JPEG,n02361337,336,336,0.53126746,1,imagenet_c,defocus_blur,1,none
efficientnet_b4,ILSVRC2012_val_00048892.JPEG,n02361337,336,336,0.4152384,1,imagenet_c,defocus_blur,1,none
efficientnet_b4,ILSVRC2012_val_00049706.JPEG,n02361337,336,336,0.31367224,1,imagenet_c,defocus_blur,1,none
efficientnet_b4,ILSVRC2012_val_00003202.JPEG,n02363005,337,337,0.6270825,1,imagenet_c,defocus_blur,1,none
efficientnet_b4,ILSVRC2012_val_00003248.JPEG,n02363005,337,318,0.10307736,0,imagenet_c,defocus_blur,1,none
efficientnet_b4,ILSVRC2012_val_00003292.JPEG,n02363005,337,337,0.51878184,1,imagenet_c,defocus_blur,1,none
efficientnet_b4,ILSVRC2012_val_00004479.JPEG,n02363005,337,337,0.5552253,1,imagenet_c,defocus_blur,1,none
efficientnet_b4,ILSVRC2012_val_00004875.JPEG,n02363005,337,129,0.048792068,0,imagenet_c,defocus_blur,1,none
efficientnet_b4,ILSVRC2012_val_00005020.JPEG,n02363005,337,337,0.5429125,1,imagenet_c,defocus_blur,1,none
efficientnet_b4,ILSVRC2012_val_00007796.JPEG,n02363005,337,336,0.4433847,0,imagenet_c,defocus_blur,1,none
efficientnet_b4,ILSVRC2012_val_00008157.JPEG,n02363005,337,98,0.14384224,0,imagenet_c,defocus_blur,1,none
efficientnet_b4,ILSVRC2012_val_00009075.JPEG,n02363005,337,337,0.68262947,1,imagenet_c,defocus_blur,1,none
efficientnet_b4,ILSVRC2012_val_00009081.JPEG,n02363005,337,337,0.118399225,1,imagenet_c,defocus_blur,1,none
efficientnet_b4,ILSVRC2012_val_00012209.JPEG,n02363005,337,58,0.29514733,0,imagenet_c,defocus_blur,1,none
efficientnet_b4,ILSVRC2012_val_00012580.JPEG,n02363005,337,337,0.12565689,1,imagenet_c,defocus_blur,1,none
efficientnet_b4,ILSVRC2012_val_00012619.JPEG,n02363005,337,337,0.7207407,1,imagenet_c,defocus_blur,1,none
efficientnet_b4,ILSVRC2012_val_00012735.JPEG,n02363005,337,336,0.3377058,0,imagenet_c,defocus_blur,1,none
efficientnet_b4,ILSVRC2012_val_00014389.JPEG,n02363005,337,98,0.18232895,0,imagenet_c,defocus_blur,1,none
efficientnet_b4,ILSVRC2012_val_00015977.JPEG,n02363005,337,337,0.73296136,1,imagenet_c,defocus_blur,1,none
efficientnet_b4,ILSVRC2012_val_00016120.JPEG,n02363005,337,333,0.14309686,0,imagenet_c,defocus_blur,1,none
efficientnet_b4,ILSVRC2012_val_00017230.JPEG,n02363005,337,337,0.12750596,1,imagenet_c,defocus_blur,1,none
efficientnet_b4,ILSVRC2012_val_00017339.JPEG,n02363005,337,346,0.15383379,0,imagenet_c,defocus_blur,1,none
efficientnet_b4,ILSVRC2012_val_00017417.JPEG,n02363005,337,337,0.6068301,1,imagenet_c,defocus_blur,1,none
efficientnet_b4,ILSVRC2012_val_00017953.JPEG,n02363005,337,337,0.69913876,1,imagenet_c,defocus_blur,1,none
efficientnet_b4,ILSVRC2012_val_00018422.JPEG,n02363005,337,335,0.06751226,0,imagenet_c,defocus_blur,1,none
efficientnet_b4,ILSVRC2012_val_00019617.JPEG,n02363005,337,336,0.5010005,0,imagenet_c,defocus_blur,1,none
efficientnet_b4,ILSVRC2012_val_00019646.JPEG,n02363005,337,337,0.78623635,1,imagenet_c,defocus_blur,1,none
efficientnet_b4,ILSVRC2012_val_00021586.JPEG,n02363005,337,336,0.31342044,0,imagenet_c,defocus_blur,1,none
efficientnet_b4,ILSVRC2012_val_00022067.JPEG,n02363005,337,337,0.79133004,1,imagenet_c,defocus_blur,1,none
efficientnet_b4,ILSVRC2012_val_00023296.JPEG,n02363005,337,337,0.697804,1,imagenet_c,defocus_blur,1,none
efficientnet_b4,ILSVRC2012_val_00024409.JPEG,n02363005,337,337,0.5153419,1,imagenet_c,defocus_blur,1,none
efficientnet_b4,ILSVRC2012_val_00025114.JPEG,n02363005,337,337,0.66781455,1,imagenet_c,defocus_blur,1,none
efficientnet_b4,ILSVRC2012_val_00025500.JPEG,n02363005,337,337,0.71169215,1,imagenet_c,defocus_blur,1,none
efficientnet_b4,ILSVRC2012_val_00026915.JPEG,n02363005,337,337,0.74773365,1,imagenet_c,defocus_blur,1,none
efficientnet_b4,ILSVRC2012_val_00026970.JPEG,n02363005,337,337,0.6531625,1,imagenet_c,defocus_blur,1,none
efficientnet_b4,ILSVRC2012_val_00027523.JPEG,n02363005,337,337,0.6120942,1,imagenet_c,defocus_blur,1,none
efficientnet_b4,ILSVRC2012_val_00027591.JPEG,n02363005,337,337,0.7653845,1,imagenet_c,defocus_blur,1,none
efficientnet_b4,ILSVRC2012_val_00028074.JPEG,n02363005,337,336,0.5558988,0,imagenet_c,defocus_blur,1,none
efficientnet_b4,ILSVRC2012_val_00028341.JPEG,n02363005,337,337,0.64463776,1,imagenet_c,defocus_blur,1,none
efficientnet_b4,ILSVRC2012_val_00028493.JPEG,n02363005,337,334,0.40446308,0,imagenet_c,defocus_blur,1,none
efficientnet_b4,ILSVRC2012_val_00028839.JPEG,n02363005,337,337,0.45882288,1,imagenet_c,defocus_blur,1,none
efficientnet_b4,ILSVRC2012_val_00029016.JPEG,n02363005,337,337,0.8084445,1,imagenet_c,defocus_blur,1,none
efficientnet_b4,ILSVRC2012_val_00029941.JPEG,n02363005,337,336,0.54503787,0,imagenet_c,defocus_blur,1,none
efficientnet_b4,ILSVRC2012_val_00032413.JPEG,n02363005,337,336,0.24484609,0,imagenet_c,defocus_blur,1,none
efficientnet_b4,ILSVRC2012_val_00032416.JPEG,n02363005,337,337,0.81580216,1,imagenet_c,defocus_blur,1,none
efficientnet_b4,ILSVRC2012_val_00033361.JPEG,n02363005,337,337,0.7157931,1,imagenet_c,defocus_blur,1,none
efficientnet_b4,ILSVRC2012_val_00035029.JPEG,n02363005,337,103,0.19110587,0,imagenet_c,defocus_blur,1,none
efficientnet_b4,ILSVRC2012_val_00035537.JPEG,n02363005,337,337,0.3825172,1,imagenet_c,defocus_blur,1,none
efficientnet_b4,ILSVRC2012_val_00036380.JPEG,n02363005,337,337,0.5917923,1,imagenet_c,defocus_blur,1,none
efficientnet_b4,ILSVRC2012_val_00037704.JPEG,n02363005,337,337,0.5677088,1,imagenet_c,defocus_blur,1,none
efficientnet_b4,ILSVRC2012_val_00038631.JPEG,n02363005,337,344,0.31204504,0,imagenet_c,defocus_blur,1,none
efficientnet_b4,ILSVRC2012_val_00040322.JPEG,n02363005,337,360,0.5658726,0,imagenet_c,defocus_blur,1,none
efficientnet_b4,ILSVRC2012_val_00043893.JPEG,n02363005,337,337,0.722785,1,imagenet_c,defocus_blur,1,none
efficientnet_b4,ILSVRC2012_val_00000565.JPEG,n02364673,338,112,0.34031707,0,imagenet_c,defocus_blur,1,none
efficientnet_b4,ILSVRC2012_val_00000642.JPEG,n02364673,338,298,0.06627247,0,imagenet_c,defocus_blur,1,none
efficientnet_b4,ILSVRC2012_val_00003035.JPEG,n02364673,338,338,0.51445735,1,imagenet_c,defocus_blur,1,none
efficientnet_b4,ILSVRC2012_val_00003675.JPEG,n02364673,338,338,0.7151764,1,imagenet_c,defocus_blur,1,none
efficientnet_b4,ILSVRC2012_val_00004030.JPEG,n02364673,338,338,0.6286062,1,imagenet_c,defocus_blur,1,none
efficientnet_b4,ILSVRC2012_val_00005591.JPEG,n02364673,338,338,0.6401714,1,imagenet_c,defocus_blur,1,none
efficientnet_b4,ILSVRC2012_val_00006125.JPEG,n02364673,338,338,0.45442706,1,imagenet_c,defocus_blur,1,none
efficientnet_b4,ILSVRC2012_val_00006291.JPEG,n02364673,338,338,0.72029793,1,imagenet_c,defocus_blur,1,none
efficientnet_b4,ILSVRC2012_val_00006354.JPEG,n02364673,338,674,0.39906693,0,imagenet_c,defocus_blur,1,none
efficientnet_b4,ILSVRC2012_val_00006685.JPEG,n02364673,338,338,0.23554486,1,imagenet_c,defocus_blur,1,none
efficientnet_b4,ILSVRC2012_val_00008071.JPEG,n02364673,338,338,0.6528776,1,imagenet_c,defocus_blur,1,none
efficientnet_b4,ILSVRC2012_val_00009233.JPEG,n02364673,338,338,0.3080158,1,imagenet_c,defocus_blur,1,none
efficientnet_b4,ILSVRC2012_val_00010589.JPEG,n02364673,338,338,0.5908307,1,imagenet_c,defocus_blur,1,none
efficientnet_b4,ILSVRC2012_val_00012892.JPEG,n02364673,338,338,0.5879505,1,imagenet_c,defocus_blur,1,none
efficientnet_b4,ILSVRC2012_val_00013167.JPEG,n02364673,338,338,0.46074867,1,imagenet_c,defocus_blur,1,none
efficientnet_b4,ILSVRC2012_val_00014881.JPEG,n02364673,338,338,0.3818459,1,imagenet_c,defocus_blur,1,none
efficientnet_b4,ILSVRC2012_val_00016612.JPEG,n02364673,338,338,0.6469385,1,imagenet_c,defocus_blur,1,none
efficientnet_b4,ILSVRC2012_val_00018359.JPEG,n02364673,338,338,0.43374398,1,imagenet_c,defocus_blur,1,none
efficientnet_b4,ILSVRC2012_val_00019362.JPEG,n02364673,338,338,0.6365621,1,imagenet_c,defocus_blur,1,none
efficientnet_b4,ILSVRC2012_val_00019642.JPEG,n02364673,338,338,0.4903868,1,imagenet_c,defocus_blur,1,none
efficientnet_b4,ILSVRC2012_val_00020498.JPEG,n02364673,338,338,0.48000634,1,imagenet_c,defocus_blur,1,none
efficientnet_b4,ILSVRC2012_val_00022152.JPEG,n02364673,338,180,0.21943234,0,imagenet_c,defocus_blur,1,none
efficientnet_b4,ILSVRC2012_val_00022509.JPEG,n02364673,338,331,0.17647307,0,imagenet_c,defocus_blur,1,none
efficientnet_b4,ILSVRC2012_val_00024745.JPEG,n02364673,338,338,0.60598236,1,imagenet_c,defocus_blur,1,none
efficientnet_b4,ILSVRC2012_val_00025263.JPEG,n02364673,338,220,0.3627529,0,imagenet_c,defocus_blur,1,none
efficientnet_b4,ILSVRC2012_val_00027337.JPEG,n02364673,338,338,0.35022572,1,imagenet_c,defocus_blur,1,none
efficientnet_b4,ILSVRC2012_val_00027661.JPEG,n02364673,338,338,0.6591004,1,imagenet_c,defocus_blur,1,none
efficientnet_b4,ILSVRC2012_val_00027956.JPEG,n02364673,338,338,0.48995307,1,imagenet_c,defocus_blur,1,none
efficientnet_b4,ILSVRC2012_val_00028625.JPEG,n02364673,338,338,0.08674674,1,imagenet_c,defocus_blur,1,none
efficientnet_b4,ILSVRC2012_val_00029982.JPEG,n02364673,338,338,0.48763055,1,imagenet_c,defocus_blur,1,none
efficientnet_b4,ILSVRC2012_val_00034233.JPEG,n02364673,338,338,0.24107504,1,imagenet_c,defocus_blur,1,none
efficientnet_b4,ILSVRC2012_val_00034572.JPEG,n02364673,338,338,0.4454292,1,imagenet_c,defocus_blur,1,none
efficientnet_b4,ILSVRC2012_val_00035452.JPEG,n02364673,338,338,0.5181317,1,imagenet_c,defocus_blur,1,none
efficientnet_b4,ILSVRC2012_val_00035921.JPEG,n02364673,338,333,0.35196355,0,imagenet_c,defocus_blur,1,none
efficientnet_b4,ILSVRC2012_val_00038303.JPEG,n02364673,338,338,0.5488577,1,imagenet_c,defocus_blur,1,none
efficientnet_b4,ILSVRC2012_val_00039733.JPEG,n02364673,338,338,0.3915163,1,imagenet_c,defocus_blur,1,none
efficientnet_b4,ILSVRC2012_val_00040870.JPEG,n02364673,338,338,0.6239378,1,imagenet_c,defocus_blur,1,none
efficientnet_b4,ILSVRC2012_val_00041458.JPEG,n02364673,338,338,0.65253675,1,imagenet_c,defocus_blur,1,none
efficientnet_b4,ILSVRC2012_val_00042033.JPEG,n02364673,338,338,0.4813494,1,imagenet_c,defocus_blur,1,none
efficientnet_b4,ILSVRC2012_val_00042112.JPEG,n02364673,338,338,0.46069646,1,imagenet_c,defocus_blur,1,none
efficientnet_b4,ILSVRC2012_val_00043664.JPEG,n02364673,338,338,0.3955048,1,imagenet_c,defocus_blur,1,none
efficientnet_b4,ILSVRC2012_val_00044948.JPEG,n02364673,338,942,0.3012703,0,imagenet_c,defocus_blur,1,none
efficientnet_b4,ILSVRC2012_val_00045289.JPEG,n02364673,338,917,0.05667343,0,imagenet_c,defocus_blur,1,none
efficientnet_b4,ILSVRC2012_val_00045479.JPEG,n02364673,338,338,0.5713026,1,imagenet_c,defocus_blur,1,none
efficientnet_b4,ILSVRC2012_val_00045507.JPEG,n02364673,338,332,0.1580887,0,imagenet_c,defocus_blur,1,none
efficientnet_b4,ILSVRC2012_val_00045928.JPEG,n02364673,338,240,0.10706303,0,imagenet_c,defocus_blur,1,none
efficientnet_b4,ILSVRC2012_val_00046562.JPEG,n02364673,338,338,0.52112013,1,imagenet_c,defocus_blur,1,none
efficientnet_b4,ILSVRC2012_val_00046951.JPEG,n02364673,338,338,0.5903163,1,imagenet_c,defocus_blur,1,none
efficientnet_b4,ILSVRC2012_val_00048259.JPEG,n02364673,338,338,0.5279451,1,imagenet_c,defocus_blur,1,none
efficientnet_b4,ILSVRC2012_val_00048560.JPEG,n02364673,338,338,0.58204246,1,imagenet_c,defocus_blur,1,none
efficientnet_b4,ILSVRC2012_val_00000179.JPEG,n02389026,339,339,0.41721055,1,imagenet_c,defocus_blur,1,none
efficientnet_b4,ILSVRC2012_val_00000892.JPEG,n02389026,339,339,0.65811867,1,imagenet_c,defocus_blur,1,none
efficientnet_b4,ILSVRC2012_val_00004734.JPEG,n02389026,339,339,0.6167426,1,imagenet_c,defocus_blur,1,none
efficientnet_b4,ILSVRC2012_val_00005097.JPEG,n02389026,339,339,0.58086085,1,imagenet_c,defocus_blur,1,none
efficientnet_b4,ILSVRC2012_val_00007267.JPEG,n02389026,339,339,0.46010125,1,imagenet_c,defocus_blur,1,none
efficientnet_b4,ILSVRC2012_val_00008317.JPEG,n02389026,339,339,0.49296466,1,imagenet_c,defocus_blur,1,none
efficientnet_b4,ILSVRC2012_val_00009113.JPEG,n02389026,339,339,0.6069866,1,imagenet_c,defocus_blur,1,none
efficientnet_b4,ILSVRC2012_val_00009168.JPEG,n02389026,339,339,0.16418059,1,imagenet_c,defocus_blur,1,none
efficientnet_b4,ILSVRC2012_val_00009344.JPEG,n02389026,339,339,0.43777442,1,imagenet_c,defocus_blur,1,none
efficientnet_b4,ILSVRC2012_val_00011600.JPEG,n02389026,339,339,0.5956308,1,imagenet_c,defocus_blur,1,none
efficientnet_b4,ILSVRC2012_val_00014304.JPEG,n02389026,339,339,0.67796344,1,imagenet_c,defocus_blur,1,none
efficientnet_b4,ILSVRC2012_val_00014369.JPEG,n02389026,339,339,0.3699892,1,imagenet_c,defocus_blur,1,none
efficientnet_b4,ILSVRC2012_val_00014370.JPEG,n02389026,339,339,0.39304665,1,imagenet_c,defocus_blur,1,none
efficientnet_b4,ILSVRC2012_val_00017358.JPEG,n02389026,339,339,0.5613547,1,imagenet_c,defocus_blur,1,none
efficientnet_b4,ILSVRC2012_val_00017532.JPEG,n02389026,339,339,0.51913977,1,imagenet_c,defocus_blur,1,none
efficientnet_b4,ILSVRC2012_val_00018417.JPEG,n02389026,339,339,0.47975937,1,imagenet_c,defocus_blur,1,none
efficientnet_b4,ILSVRC2012_val_00018928.JPEG,n02389026,339,339,0.3070043,1,imagenet_c,defocus_blur,1,none
efficientnet_b4,ILSVRC2012_val_00018932.JPEG,n02389026,339,339,0.6157387,1,imagenet_c,defocus_blur,1,none
efficientnet_b4,ILSVRC2012_val_00019729.JPEG,n02389026,339,339,0.41399837,1,imagenet_c,defocus_blur,1,none
efficientnet_b4,ILSVRC2012_val_00019843.JPEG,n02389026,339,339,0.58422714,1,imagenet_c,defocus_blur,1,none
efficientnet_b4,ILSVRC2012_val_00021242.JPEG,n02389026,339,339,0.469036,1,imagenet_c,defocus_blur,1,none
efficientnet_b4,ILSVRC2012_val_00022302.JPEG,n02389026,339,339,0.5291868,1,imagenet_c,defocus_blur,1,none
efficientnet_b4,ILSVRC2012_val_00023066.JPEG,n02389026,339,339,0.59458196,1,imagenet_c,defocus_blur,1,none
efficientnet_b4,ILSVRC2012_val_00023360.JPEG,n02389026,339,339,0.46767494,1,imagenet_c,defocus_blur,1,none
efficientnet_b4,ILSVRC2012_val_00023408.JPEG,n02389026,339,339,0.53523064,1,imagenet_c,defocus_blur,1,none
efficientnet_b4,ILSVRC2012_val_00027043.JPEG,n02389026,339,339,0.39272282,1,imagenet_c,defocus_blur,1,none
efficientnet_b4,ILSVRC2012_val_00029082.JPEG,n02389026,339,339,0.61694765,1,imagenet_c,defocus_blur,1,none
efficientnet_b4,ILSVRC2012_val_00029378.JPEG,n02389026,339,339,0.5069073,1,imagenet_c,defocus_blur,1,none
efficientnet_b4,ILSVRC2012_val_00030081.JPEG,n02389026,339,339,0.4405411,1,imagenet_c,defocus_blur,1,none
efficientnet_b4,ILSVRC2012_val_00032126.JPEG,n02389026,339,339,0.48240083,1,imagenet_c,defocus_blur,1,none
efficientnet_b4,ILSVRC2012_val_00033221.JPEG,n02389026,339,339,0.25713447,1,imagenet_c,defocus_blur,1,none
efficientnet_b4,ILSVRC2012_val_00033323.JPEG,n02389026,339,339,0.4817452,1,imagenet_c,defocus_blur,1,none
efficientnet_b4,ILSVRC2012_val_00034046.JPEG,n02389026,339,339,0.4021538,1,imagenet_c,defocus_blur,1,none
efficientnet_b4,ILSVRC2012_val_00034108.JPEG,n02389026,339,339,0.30180278,1,imagenet_c,defocus_blur,1,none
efficientnet_b4,ILSVRC2012_val_00035846.JPEG,n02389026,339,339,0.5675619,1,imagenet_c,defocus_blur,1,none
efficientnet_b4,ILSVRC2012_val_00039259.JPEG,n02389026,339,339,0.5182097,1,imagenet_c,defocus_blur,1,none
efficientnet_b4,ILSVRC2012_val_00039474.JPEG,n02389026,339,339,0.612025,1,imagenet_c,defocus_blur,1,none
efficientnet_b4,ILSVRC2012_val_00041332.JPEG,n02389026,339,339,0.4906899,1,imagenet_c,defocus_blur,1,none
efficientnet_b4,ILSVRC2012_val_00042235.JPEG,n02389026,339,339,0.4871538,1,imagenet_c,defocus_blur,1,none
efficientnet_b4,ILSVRC2012_val_00043299.JPEG,n02389026,339,339,0.5284117,1,imagenet_c,defocus_blur,1,none
efficientnet_b4,ILSVRC2012_val_00044391.JPEG,n02389026,339,339,0.45868996,1,imagenet_c,defocus_blur,1,none
efficientnet_b4,ILSVRC2012_val_00044832.JPEG,n02389026,339,339,0.52156353,1,imagenet_c,defocus_blur,1,none
efficientnet_b4,ILSVRC2012_val_00045251.JPEG,n02389026,339,339,0.40342644,1,imagenet_c,defocus_blur,1,none
efficientnet_b4,ILSVRC2012_val_00045356.JPEG,n02389026,339,339,0.66574085,1,imagenet_c,defocus_blur,1,none
efficientnet_b4,ILSVRC2012_val_00045409.JPEG,n02389026,339,160,0.12160192,0,imagenet_c,defocus_blur,1,none
efficientnet_b4,ILSVRC2012_val_00046638.JPEG,n02389026,339,339,0.59643555,1,imagenet_c,defocus_blur,1,none
efficientnet_b4,ILSVRC2012_val_00047494.JPEG,n02389026,339,339,0.6082881,1,imagenet_c,defocus_blur,1,none
efficientnet_b4,ILSVRC2012_val_00048225.JPEG,n02389026,339,274,0.06607032,0,imagenet_c,defocus_blur,1,none
efficientnet_b4,ILSVRC2012_val_00049082.JPEG,n02389026,339,339,0.6773859,1,imagenet_c,defocus_blur,1,none
efficientnet_b4,ILSVRC2012_val_00049605.JPEG,n02389026,339,339,0.5845966,1,imagenet_c,defocus_blur,1,none
efficientnet_b4,ILSVRC2012_val_00002070.JPEG,n02391049,340,340,0.58678824,1,imagenet_c,defocus_blur,1,none
efficientnet_b4,ILSVRC2012_val_00002483.JPEG,n02391049,340,340,0.5651985,1,imagenet_c,defocus_blur,1,none
efficientnet_b4,ILSVRC2012_val_00002789.JPEG,n02391049,340,340,0.6505288,1,imagenet_c,defocus_blur,1,none
efficientnet_b4,ILSVRC2012_val_00002996.JPEG,n02391049,340,340,0.24076171,1,imagenet_c,defocus_blur,1,none
efficientnet_b4,ILSVRC2012_val_00004267.JPEG,n02391049,340,340,0.6196267,1,imagenet_c,defocus_blur,1,none
efficientnet_b4,ILSVRC2012_val_00005604.JPEG,n02391049,340,340,0.5420651,1,imagenet_c,defocus_blur,1,none
efficientnet_b4,ILSVRC2012_val_00006129.JPEG,n02391049,340,340,0.60448945,1,imagenet_c,defocus_blur,1,none
efficientnet_b4,ILSVRC2012_val_00009159.JPEG,n02391049,340,340,0.74490625,1,imagenet_c,defocus_blur,1,none
efficientnet_b4,ILSVRC2012_val_00009633.JPEG,n02391049,340,340,0.55322254,1,imagenet_c,defocus_blur,1,none
efficientnet_b4,ILSVRC2012_val_00009948.JPEG,n02391049,340,340,0.71858394,1,imagenet_c,defocus_blur,1,none
efficientnet_b4,ILSVRC2012_val_00012340.JPEG,n02391049,340,340,0.6291985,1,imagenet_c,defocus_blur,1,none
efficientnet_b4,ILSVRC2012_val_00012498.JPEG,n02391049,340,340,0.6035145,1,imagenet_c,defocus_blur,1,none
efficientnet_b4,ILSVRC2012_val_00012974.JPEG,n02391049,340,340,0.31520635,1,imagenet_c,defocus_blur,1,none
efficientnet_b4,ILSVRC2012_val_00014584.JPEG,n02391049,340,340,0.56666654,1,imagenet_c,defocus_blur,1,none
efficientnet_b4,ILSVRC2012_val_00015124.JPEG,n02391049,340,340,0.25259694,1,imagenet_c,defocus_blur,1,none
efficientnet_b4,ILSVRC2012_val_00015166.JPEG,n02391049,340,346,0.07930065,0,imagenet_c,defocus_blur,1,none
efficientnet_b4,ILSVRC2012_val_00017212.JPEG,n02391049,340,340,0.4972934,1,imagenet_c,defocus_blur,1,none
efficientnet_b4,ILSVRC2012_val_00018423.JPEG,n02391049,340,340,0.5188818,1,imagenet_c,defocus_blur,1,none
efficientnet_b4,ILSVRC2012_val_00019146.JPEG,n02391049,340,340,0.5302185,1,imagenet_c,defocus_blur,1,none
efficientnet_b4,ILSVRC2012_val_00023129.JPEG,n02391049,340,340,0.62018514,1,imagenet_c,defocus_blur,1,none
efficientnet_b4,ILSVRC2012_val_00023210.JPEG,n02391049,340,340,0.623721,1,imagenet_c,defocus_blur,1,none
efficientnet_b4,ILSVRC2012_val_00024008.JPEG,n02391049,340,340,0.5436787,1,imagenet_c,defocus_blur,1,none
efficientnet_b4,ILSVRC2012_val_00024175.JPEG,n02391049,340,355,0.12767729,0,imagenet_c,defocus_blur,1,none
efficientnet_b4,ILSVRC2012_val_00025344.JPEG,n02391049,340,978,0.06406137,0,imagenet_c,defocus_blur,1,none
efficientnet_b4,ILSVRC2012_val_00026458.JPEG,n02391049,340,340,0.68605953,1,imagenet_c,defocus_blur,1,none
efficientnet_b4,ILSVRC2012_val_00026486.JPEG,n02391049,340,340,0.51986784,1,imagenet_c,defocus_blur,1,none
efficientnet_b4,ILSVRC2012_val_00027429.JPEG,n02391049,340,340,0.6773019,1,imagenet_c,defocus_blur,1,none
efficientnet_b4,ILSVRC2012_val_00027836.JPEG,n02391049,340,340,0.55598617,1,imagenet_c,defocus_blur,1,none
efficientnet_b4,ILSVRC2012_val_00028480.JPEG,n02391049,340,340,0.60308856,1,imagenet_c,defocus_blur,1,none
efficientnet_b4,ILSVRC2012_val_00028634.JPEG,n02391049,340,340,0.6757943,1,imagenet_c,defocus_blur,1,none
efficientnet_b4,ILSVRC2012_val_00029124.JPEG,n02391049,340,340,0.8137045,1,imagenet_c,defocus_blur,1,none
efficientnet_b4,ILSVRC2012_val_00030688.JPEG,n02391049,340,340,0.54830325,1,imagenet_c,defocus_blur,1,none
efficientnet_b4,ILSVRC2012_val_00032022.JPEG,n02391049,340,340,0.6281103,1,imagenet_c,defocus_blur,1,none
efficientnet_b4,ILSVRC2012_val_00033660.JPEG,n02391049,340,340,0.48900563,1,imagenet_c,defocus_blur,1,none
efficientnet_b4,ILSVRC2012_val_00034575.JPEG,n02391049,340,340,0.5624914,1,imagenet_c,defocus_blur,1,none
efficientnet_b4,ILSVRC2012_val_00035101.JPEG,n02391049,340,340,0.60022134,1,imagenet_c,defocus_blur,1,none
efficientnet_b4,ILSVRC2012_val_00035356.JPEG,n02391049,340,340,0.65725046,1,imagenet_c,defocus_blur,1,none
efficientnet_b4,ILSVRC2012_val_00035763.JPEG,n02391049,340,340,0.6020195,1,imagenet_c,defocus_blur,1,none
efficientnet_b4,ILSVRC2012_val_00036934.JPEG,n02391049,340,340,0.53064084,1,imagenet_c,defocus_blur,1,none
efficientnet_b4,ILSVRC2012_val_00037130.JPEG,n02391049,340,340,0.5957265,1,imagenet_c,defocus_blur,1,none
efficientnet_b4,ILSVRC2012_val_00037475.JPEG,n02391049,340,340,0.5985412,1,imagenet_c,defocus_blur,1,none
efficientnet_b4,ILSVRC2012_val_00037886.JPEG,n02391049,340,340,0.44394326,1,imagenet_c,defocus_blur,1,none
efficientnet_b4,ILSVRC2012_val_00038914.JPEG,n02391049,340,340,0.56617075,1,imagenet_c,defocus_blur,1,none
efficientnet_b4,ILSVRC2012_val_00041989.JPEG,n02391049,340,340,0.6154029,1,imagenet_c,defocus_blur,1,none
efficientnet_b4,ILSVRC2012_val_00042330.JPEG,n02391049,340,340,0.57981235,1,imagenet_c,defocus_blur,1,none
efficientnet_b4,ILSVRC2012_val_00043714.JPEG,n02391049,340,340,0.5781488,1,imagenet_c,defocus_blur,1,none
efficientnet_b4,ILSVRC2012_val_00043935.JPEG,n02391049,340,340,0.47038558,1,imagenet_c,defocus_blur,1,none
efficientnet_b4,ILSVRC2012_val_00045135.JPEG,n02391049,340,340,0.5402867,1,imagenet_c,defocus_blur,1,none
efficientnet_b4,ILSVRC2012_val_00047305.JPEG,n02391049,340,340,0.66234034,1,imagenet_c,defocus_blur,1,none
efficientnet_b4,ILSVRC2012_val_00048670.JPEG,n02391049,340,340,0.30100796,1,imagenet_c,defocus_blur,1,none
efficientnet_b4,ILSVRC2012_val_00000478.JPEG,n02395406,341,341,0.3316777,1,imagenet_c,defocus_blur,1,none
efficientnet_b4,ILSVRC2012_val_00000661.JPEG,n02395406,341,234,0.084712416,0,imagenet_c,defocus_blur,1,none
efficientnet_b4,ILSVRC2012_val_00003973.JPEG,n02395406,341,341,0.7198563,1,imagenet_c,defocus_blur,1,none
efficientnet_b4,ILSVRC2012_val_00005151.JPEG,n02395406,341,341,0.5534629,1,imagenet_c,defocus_blur,1,none
efficientnet_b4,ILSVRC2012_val_00007278.JPEG,n02395406,341,341,0.590447,1,imagenet_c,defocus_blur,1,none
efficientnet_b4,ILSVRC2012_val_00007609.JPEG,n02395406,341,343,0.2668407,0,imagenet_c,defocus_blur,1,none
efficientnet_b4,ILSVRC2012_val_00008257.JPEG,n02395406,341,341,0.30882677,1,imagenet_c,defocus_blur,1,none
efficientnet_b4,ILSVRC2012_val_00010899.JPEG,n02395406,341,342,0.17476821,0,imagenet_c,defocus_blur,1,none
efficientnet_b4,ILSVRC2012_val_00011163.JPEG,n02395406,341,341,0.5760761,1,imagenet_c,defocus_blur,1,none
efficientnet_b4,ILSVRC2012_val_00011856.JPEG,n02395406,341,341,0.4810027,1,imagenet_c,defocus_blur,1,none
efficientnet_b4,ILSVRC2012_val_00011892.JPEG,n02395406,341,341,0.8592522,1,imagenet_c,defocus_blur,1,none
efficientnet_b4,ILSVRC2012_val_00012335.JPEG,n02395406,341,341,0.15448132,1,imagenet_c,defocus_blur,1,none
efficientnet_b4,ILSVRC2012_val_00013411.JPEG,n02395406,341,341,0.46223697,1,imagenet_c,defocus_blur,1,none
efficientnet_b4,ILSVRC2012_val_00013666.JPEG,n02395406,341,341,0.6118378,1,imagenet_c,defocus_blur,1,none
efficientnet_b4,ILSVRC2012_val_00014171.JPEG,n02395406,341,341,0.5630739,1,imagenet_c,defocus_blur,1,none
efficientnet_b4,ILSVRC2012_val_00015456.JPEG,n02395406,341,342,0.2337762,0,imagenet_c,defocus_blur,1,none
efficientnet_b4,ILSVRC2012_val_00016806.JPEG,n02395406,341,341,0.41089377,1,imagenet_c,defocus_blur,1,none
efficientnet_b4,ILSVRC2012_val_00017374.JPEG,n02395406,341,341,0.4778309,1,imagenet_c,defocus_blur,1,none
efficientnet_b4,ILSVRC2012_val_00018004.JPEG,n02395406,341,359,0.044430554,0,imagenet_c,defocus_blur,1,none
efficientnet_b4,ILSVRC2012_val_00018776.JPEG,n02395406,341,341,0.4232283,1,imagenet_c,defocus_blur,1,none
efficientnet_b4,ILSVRC2012_val_00019657.JPEG,n02395406,341,341,0.71991783,1,imagenet_c,defocus_blur,1,none
efficientnet_b4,ILSVRC2012_val_00020095.JPEG,n02395406,341,341,0.689735,1,imagenet_c,defocus_blur,1,none
efficientnet_b4,ILSVRC2012_val_00020439.JPEG,n02395406,341,491,0.0933214,0,imagenet_c,defocus_blur,1,none
efficientnet_b4,ILSVRC2012_val_00021327.JPEG,n02395406,341,275,0.14566612,0,imagenet_c,defocus_blur,1,none
efficientnet_b4,ILSVRC2012_val_00022018.JPEG,n02395406,341,336,0.1693531,0,imagenet_c,defocus_blur,1,none
efficientnet_b4,ILSVRC2012_val_00022191.JPEG,n02395406,341,674,0.08359382,0,imagenet_c,defocus_blur,1,none
efficientnet_b4,ILSVRC2012_val_00023351.JPEG,n02395406,341,294,0.16563204,0,imagenet_c,defocus_blur,1,none
efficientnet_b4,ILSVRC2012_val_00023420.JPEG,n02395406,341,341,0.9326751,1,imagenet_c,defocus_blur,1,none
efficientnet_b4,ILSVRC2012_val_00024546.JPEG,n02395406,341,341,0.7027029,1,imagenet_c,defocus_blur,1,none
efficientnet_b4,ILSVRC2012_val_00026374.JPEG,n02395406,341,341,0.50924647,1,imagenet_c,defocus_blur,1,none
efficientnet_b4,ILSVRC2012_val_00026390.JPEG,n02395406,341,341,0.6584595,1,imagenet_c,defocus_blur,1,none
efficientnet_b4,ILSVRC2012_val_00027056.JPEG,n02395406,341,341,0.52957225,1,imagenet_c,defocus_blur,1,none
efficientnet_b4,ILSVRC2012_val_00029309.JPEG,n02395406,341,341,0.3344128,1,imagenet_c,defocus_blur,1,none
efficientnet_b4,ILSVRC2012_val_00029653.JPEG,n02395406,341,341,0.0244262,1,imagenet_c,defocus_blur,1,none
efficientnet_b4,ILSVRC2012_val_00029786.JPEG,n02395406,341,341,0.431554,1,imagenet_c,defocus_blur,1,none
efficientnet_b4,ILSVRC2012_val_00030014.JPEG,n02395406,341,171,0.064094335,0,imagenet_c,defocus_blur,1,none
efficientnet_b4,ILSVRC2012_val_00030806.JPEG,n02395406,341,342,0.3649108,0,imagenet_c,defocus_blur,1,none
efficientnet_b4,ILSVRC2012_val_00031236.JPEG,n02395406,341,341,0.63830197,1,imagenet_c,defocus_blur,1,none
efficientnet_b4,ILSVRC2012_val_00031491.JPEG,n02395406,341,341,0.5457717,1,imagenet_c,defocus_blur,1,none
efficientnet_b4,ILSVRC2012_val_00032734.JPEG,n02395406,341,743,0.15024304,0,imagenet_c,defocus_blur,1,none
efficientnet_b4,ILSVRC2012_val_00032867.JPEG,n02395406,341,341,0.3465004,1,imagenet_c,defocus_blur,1,none
efficientnet_b4,ILSVRC2012_val_00033668.JPEG,n02395406,341,341,0.8206861,1,imagenet_c,defocus_blur,1,none
efficientnet_b4,ILSVRC2012_val_00034418.JPEG,n02395406,341,341,0.19662623,1,imagenet_c,defocus_blur,1,none
efficientnet_b4,ILSVRC2012_val_00036996.JPEG,n02395406,341,342,0.19144087,0,imagenet_c,defocus_blur,1,none
efficientnet_b4,ILSVRC2012_val_00039055.JPEG,n02395406,341,342,0.29886225,0,imagenet_c,defocus_blur,1,none
efficientnet_b4,ILSVRC2012_val_00045459.JPEG,n02395406,341,344,0.33239633,0,imagenet_c,defocus_blur,1,none
efficientnet_b4,ILSVRC2012_val_00046042.JPEG,n02395406,341,596,0.09378865,0,imagenet_c,defocus_blur,1,none
efficientnet_b4,ILSVRC2012_val_00046395.JPEG,n02395406,341,342,0.25929192,0,imagenet_c,defocus_blur,1,none
efficientnet_b4,ILSVRC2012_val_00047280.JPEG,n02395406,341,740,0.04474656,0,imagenet_c,defocus_blur,1,none
efficientnet_b4,ILSVRC2012_val_00048187.JPEG,n02395406,341,341,0.5153339,1,imagenet_c,defocus_blur,1,none
efficientnet_b4,ILSVRC2012_val_00002006.JPEG,n02396427,342,342,0.13228145,1,imagenet_c,defocus_blur,1,none
efficientnet_b4,ILSVRC2012_val_00002757.JPEG,n02396427,342,342,0.41934866,1,imagenet_c,defocus_blur,1,none
efficientnet_b4,ILSVRC2012_val_00003223.JPEG,n02396427,342,342,0.63977647,1,imagenet_c,defocus_blur,1,none
efficientnet_b4,ILSVRC2012_val_00005885.JPEG,n02396427,342,342,0.5617824,1,imagenet_c,defocus_blur,1,none
efficientnet_b4,ILSVRC2012_val_00006459.JPEG,n02396427,342,342,0.32007352,1,imagenet_c,defocus_blur,1,none
efficientnet_b4,ILSVRC2012_val_00006678.JPEG,n02396427,342,347,0.415586,0,imagenet_c,defocus_blur,1,none
efficientnet_b4,ILSVRC2012_val_00007631.JPEG,n02396427,342,357,0.20904289,0,imagenet_c,defocus_blur,1,none
efficientnet_b4,ILSVRC2012_val_00008616.JPEG,n02396427,342,342,0.37536073,1,imagenet_c,defocus_blur,1,none
efficientnet_b4,ILSVRC2012_val_00009353.JPEG,n02396427,342,342,0.59588337,1,imagenet_c,defocus_blur,1,none
efficientnet_b4,ILSVRC2012_val_00009551.JPEG,n02396427,342,342,0.48316687,1,imagenet_c,defocus_blur,1,none
efficientnet_b4,ILSVRC2012_val_00011042.JPEG,n02396427,342,341,0.42457885,0,imagenet_c,defocus_blur,1,none
efficientnet_b4,ILSVRC2012_val_00011372.JPEG,n02396427,342,342,0.3455361,1,imagenet_c,defocus_blur,1,none
efficientnet_b4,ILSVRC2012_val_00011734.JPEG,n02396427,342,342,0.5323318,1,imagenet_c,defocus_blur,1,none
efficientnet_b4,ILSVRC2012_val_00014124.JPEG,n02396427,342,342,0.5480427,1,imagenet_c,defocus_blur,1,none
efficientnet_b4,ILSVRC2012_val_00014783.JPEG,n02396427,342,297,0.12955631,0,imagenet_c,defocus_blur,1,none
efficientnet_b4,ILSVRC2012_val_00018096.JPEG,n02396427,342,342,0.3889147,1,imagenet_c,defocus_blur,1,none
efficientnet_b4,ILSVRC2012_val_00018260.JPEG,n02396427,342,342,0.49324673,1,imagenet_c,defocus_blur,1,none
efficientnet_b4,ILSVRC2012_val_00019258.JPEG,n02396427,342,342,0.5113394,1,imagenet_c,defocus_blur,1,none
efficientnet_b4,ILSVRC2012_val_00019681.JPEG,n02396427,342,342,0.33038384,1,imagenet_c,defocus_blur,1,none
efficientnet_b4,ILSVRC2012_val_00019873.JPEG,n02396427,342,342,0.27114692,1,imagenet_c,defocus_blur,1,none
efficientnet_b4,ILSVRC2012_val_00023062.JPEG,n02396427,342,350,0.15699506,0,imagenet_c,defocus_blur,1,none
efficientnet_b4,ILSVRC2012_val_00023375.JPEG,n02396427,342,342,0.4107765,1,imagenet_c,defocus_blur,1,none
efficientnet_b4,ILSVRC2012_val_00024750.JPEG,n02396427,342,342,0.47156408,1,imagenet_c,defocus_blur,1,none
efficientnet_b4,ILSVRC2012_val_00025142.JPEG,n02396427,342,342,0.118139505,1,imagenet_c,defocus_blur,1,none
efficientnet_b4,ILSVRC2012_val_00025795.JPEG,n02396427,342,342,0.5331129,1,imagenet_c,defocus_blur,1,none
efficientnet_b4,ILSVRC2012_val_00027556.JPEG,n02396427,342,106,0.119917445,0,imagenet_c,defocus_blur,1,none
efficientnet_b4,ILSVRC2012_val_00028775.JPEG,n02396427,342,342,0.5414858,1,imagenet_c,defocus_blur,1,none
efficientnet_b4,ILSVRC2012_val_00028931.JPEG,n02396427,342,342,0.36574912,1,imagenet_c,defocus_blur,1,none
efficientnet_b4,ILSVRC2012_val_00029063.JPEG,n02396427,342,342,0.46946946,1,imagenet_c,defocus_blur,1,none
efficientnet_b4,ILSVRC2012_val_00029618.JPEG,n02396427,342,342,0.5604022,1,imagenet_c,defocus_blur,1,none
efficientnet_b4,ILSVRC2012_val_00031202.JPEG,n02396427,342,133,0.039543413,0,imagenet_c,defocus_blur,1,none
efficientnet_b4,ILSVRC2012_val_00032163.JPEG,n02396427,342,341,0.47592184,0,imagenet_c,defocus_blur,1,none
efficientnet_b4,ILSVRC2012_val_00032481.JPEG,n02396427,342,343,0.32602564,0,imagenet_c,defocus_blur,1,none
efficientnet_b4,ILSVRC2012_val_00033505.JPEG,n02396427,342,341,0.48158568,0,imagenet_c,defocus_blur,1,none
efficientnet_b4,ILSVRC2012_val_00035134.JPEG,n02396427,342,343,0.545124,0,imagenet_c,defocus_blur,1,none
efficientnet_b4,ILSVRC2012_val_00037643.JPEG,n02396427,342,342,0.25453475,1,imagenet_c,defocus_blur,1,none
efficientnet_b4,ILSVRC2012_val_00037833.JPEG,n02396427,342,342,0.3038662,1,imagenet_c,defocus_blur,1,none
efficientnet_b4,ILSVRC2012_val_00038016.JPEG,n02396427,342,342,0.36054683,1,imagenet_c,defocus_blur,1,none
efficientnet_b4,ILSVRC2012_val_00038051.JPEG,n02396427,342,342,0.22152543,1,imagenet_c,defocus_blur,1,none
efficientnet_b4,ILSVRC2012_val_00038735.JPEG,n02396427,342,342,0.39268965,1,imagenet_c,defocus_blur,1,none
efficientnet_b4,ILSVRC2012_val_00040119.JPEG,n02396427,342,342,0.463563,1,imagenet_c,defocus_blur,1,none
efficientnet_b4,ILSVRC2012_val_00041008.JPEG,n02396427,342,343,0.4342062,0,imagenet_c,defocus_blur,1,none
efficientnet_b4,ILSVRC2012_val_00042943.JPEG,n02396427,342,342,0.28039643,1,imagenet_c,defocus_blur,1,none
efficientnet_b4,ILSVRC2012_val_00043558.JPEG,n02396427,342,346,0.13799362,0,imagenet_c,defocus_blur,1,none
efficientnet_b4,ILSVRC2012_val_00045108.JPEG,n02396427,342,342,0.43742356,1,imagenet_c,defocus_blur,1,none
efficientnet_b4,ILSVRC2012_val_00045758.JPEG,n02396427,342,343,0.5279029,0,imagenet_c,defocus_blur,1,none
efficientnet_b4,ILSVRC2012_val_00046391.JPEG,n02396427,342,342,0.14415653,1,imagenet_c,defocus_blur,1,none
efficientnet_b4,ILSVRC2012_val_00046930.JPEG,n02396427,342,342,0.4043984,1,imagenet_c,defocus_blur,1,none
efficientnet_b4,ILSVRC2012_val_00048282.JPEG,n02396427,342,342,0.27298993,1,imagenet_c,defocus_blur,1,none
efficientnet_b4,ILSVRC2012_val_00049830.JPEG,n02396427,342,341,0.5558782,0,imagenet_c,defocus_blur,1,none
efficientnet_b4,ILSVRC2012_val_00000136.JPEG,n02397096,343,106,0.21506597,0,imagenet_c,defocus_blur,1,none
efficientnet_b4,ILSVRC2012_val_00001712.JPEG,n02397096,343,343,0.41387254,1,imagenet_c,defocus_blur,1,none
efficientnet_b4,ILSVRC2012_val_00003166.JPEG,n02397096,343,343,0.5261006,1,imagenet_c,defocus_blur,1,none
efficientnet_b4,ILSVRC2012_val_00003341.JPEG,n02397096,343,343,0.5455804,1,imagenet_c,defocus_blur,1,none
efficientnet_b4,ILSVRC2012_val_00004394.JPEG,n02397096,343,342,0.12612393,0,imagenet_c,defocus_blur,1,none
efficientnet_b4,ILSVRC2012_val_00006343.JPEG,n02397096,343,343,0.4335623,1,imagenet_c,defocus_blur,1,none
efficientnet_b4,ILSVRC2012_val_00006975.JPEG,n02397096,343,343,0.44997188,1,imagenet_c,defocus_blur,1,none
efficientnet_b4,ILSVRC2012_val_00007890.JPEG,n02397096,343,343,0.4630711,1,imagenet_c,defocus_blur,1,none
efficientnet_b4,ILSVRC2012_val_00009406.JPEG,n02397096,343,341,0.4197576,0,imagenet_c,defocus_blur,1,none
efficientnet_b4,ILSVRC2012_val_00009708.JPEG,n02397096,343,343,0.36770537,1,imagenet_c,defocus_blur,1,none
efficientnet_b4,ILSVRC2012_val_00011043.JPEG,n02397096,343,343,0.51122826,1,imagenet_c,defocus_blur,1,none
efficientnet_b4,ILSVRC2012_val_00012835.JPEG,n02397096,343,343,0.4637904,1,imagenet_c,defocus_blur,1,none
efficientnet_b4,ILSVRC2012_val_00012902.JPEG,n02397096,343,297,0.06778851,0,imagenet_c,defocus_blur,1,none
efficientnet_b4,ILSVRC2012_val_00014028.JPEG,n02397096,343,343,0.2914241,1,imagenet_c,defocus_blur,1,none
efficientnet_b4,ILSVRC2012_val_00014092.JPEG,n02397096,343,343,0.47384125,1,imagenet_c,defocus_blur,1,none
efficientnet_b4,ILSVRC2012_val_00015122.JPEG,n02397096,343,343,0.34104407,1,imagenet_c,defocus_blur,1,none
efficientnet_b4,ILSVRC2012_val_00016486.JPEG,n02397096,343,343,0.5722672,1,imagenet_c,defocus_blur,1,none
efficientnet_b4,ILSVRC2012_val_00017522.JPEG,n02397096,343,343,0.52565646,1,imagenet_c,defocus_blur,1,none
efficientnet_b4,ILSVRC2012_val_00020202.JPEG,n02397096,343,343,0.49344462,1,imagenet_c,defocus_blur,1,none
efficientnet_b4,ILSVRC2012_val_00020323.JPEG,n02397096,343,343,0.42918232,1,imagenet_c,defocus_blur,1,none
efficientnet_b4,ILSVRC2012_val_00021428.JPEG,n02397096,343,349,0.17495446,0,imagenet_c,defocus_blur,1,none
efficientnet_b4,ILSVRC2012_val_00023920.JPEG,n02397096,343,343,0.45801932,1,imagenet_c,defocus_blur,1,none
efficientnet_b4,ILSVRC2012_val_00024376.JPEG,n02397096,343,343,0.64952564,1,imagenet_c,defocus_blur,1,none
efficientnet_b4,ILSVRC2012_val_00024548.JPEG,n02397096,343,342,0.20368609,0,imagenet_c,defocus_blur,1,none
efficientnet_b4,ILSVRC2012_val_00025638.JPEG,n02397096,343,343,0.44343716,1,imagenet_c,defocus_blur,1,none
efficientnet_b4,ILSVRC2012_val_00026512.JPEG,n02397096,343,343,0.36173356,1,imagenet_c,defocus_blur,1,none
efficientnet_b4,ILSVRC2012_val_00026934.JPEG,n02397096,343,343,0.5293725,1,imagenet_c,defocus_blur,1,none
efficientnet_b4,ILSVRC2012_val_00028546.JPEG,n02397096,343,343,0.4575735,1,imagenet_c,defocus_blur,1,none
efficientnet_b4,ILSVRC2012_val_00028989.JPEG,n02397096,343,343,0.36363098,1,imagenet_c,defocus_blur,1,none
efficientnet_b4,ILSVRC2012_val_00031585.JPEG,n02397096,343,343,0.23443727,1,imagenet_c,defocus_blur,1,none
efficientnet_b4,ILSVRC2012_val_00032456.JPEG,n02397096,343,343,0.16500747,1,imagenet_c,defocus_blur,1,none
efficientnet_b4,ILSVRC2012_val_00033386.JPEG,n02397096,343,343,0.24390383,1,imagenet_c,defocus_blur,1,none
efficientnet_b4,ILSVRC2012_val_00034205.JPEG,n02397096,343,342,0.14358935,0,imagenet_c,defocus_blur,1,none
efficientnet_b4,ILSVRC2012_val_00037020.JPEG,n02397096,343,343,0.359965,1,imagenet_c,defocus_blur,1,none
efficientnet_b4,ILSVRC2012_val_00037303.JPEG,n02397096,343,343,0.46567634,1,imagenet_c,defocus_blur,1,none
efficientnet_b4,ILSVRC2012_val_00040039.JPEG,n02397096,343,343,0.48112985,1,imagenet_c,defocus_blur,1,none
efficientnet_b4,ILSVRC2012_val_00040609.JPEG,n02397096,343,343,0.35764912,1,imagenet_c,defocus_blur,1,none
efficientnet_b4,ILSVRC2012_val_00041050.JPEG,n02397096,343,343,0.41724712,1,imagenet_c,defocus_blur,1,none
efficientnet_b4,ILSVRC2012_val_00041563.JPEG,n02397096,343,343,0.5680702,1,imagenet_c,defocus_blur,1,none
efficientnet_b4,ILSVRC2012_val_00042741.JPEG,n02397096,343,343,0.46262413,1,imagenet_c,defocus_blur,1,none
efficientnet_b4,ILSVRC2012_val_00042953.JPEG,n02397096,343,343,0.41901934,1,imagenet_c,defocus_blur,1,none
efficientnet_b4,ILSVRC2012_val_00043023.JPEG,n02397096,343,343,0.35835105,1,imagenet_c,defocus_blur,1,none
efficientnet_b4,ILSVRC2012_val_00043406.JPEG,n02397096,343,342,0.22383077,0,imagenet_c,defocus_blur,1,none
efficientnet_b4,ILSVRC2012_val_00043924.JPEG,n02397096,343,342,0.27210093,0,imagenet_c,defocus_blur,1,none
efficientnet_b4,ILSVRC2012_val_00044182.JPEG,n02397096,343,343,0.5073166,1,imagenet_c,defocus_blur,1,none
efficientnet_b4,ILSVRC2012_val_00045010.JPEG,n02397096,343,343,0.23393176,1,imagenet_c,defocus_blur,1,none
efficientnet_b4,ILSVRC2012_val_00046916.JPEG,n02397096,343,274,0.3880394,0,imagenet_c,defocus_blur,1,none
efficientnet_b4,ILSVRC2012_val_00047171.JPEG,n02397096,343,343,0.40873483,1,imagenet_c,defocus_blur,1,none
efficientnet_b4,ILSVRC2012_val_00047268.JPEG,n02397096,343,343,0.5138468,1,imagenet_c,defocus_blur,1,none
efficientnet_b4,ILSVRC2012_val_00047754.JPEG,n02397096,343,342,0.2486931,0,imagenet_c,defocus_blur,1,none
efficientnet_b4,ILSVRC2012_val_00001066.JPEG,n02398521,344,344,0.59922814,1,imagenet_c,defocus_blur,1,none
efficientnet_b4,ILSVRC2012_val_00001473.JPEG,n02398521,344,344,0.53014135,1,imagenet_c,defocus_blur,1,none
efficientnet_b4,ILSVRC2012_val_00001979.JPEG,n02398521,344,344,0.13384196,1,imagenet_c,defocus_blur,1,none
efficientnet_b4,ILSVRC2012_val_00003302.JPEG,n02398521,344,344,0.61376673,1,imagenet_c,defocus_blur,1,none
efficientnet_b4,ILSVRC2012_val_00006013.JPEG,n02398521,344,344,0.28528494,1,imagenet_c,defocus_blur,1,none
efficientnet_b4,ILSVRC2012_val_00006991.JPEG,n02398521,344,344,0.37434977,1,imagenet_c,defocus_blur,1,none
efficientnet_b4,ILSVRC2012_val_00009136.JPEG,n02398521,344,344,0.5324354,1,imagenet_c,defocus_blur,1,none
efficientnet_b4,ILSVRC2012_val_00009331.JPEG,n02398521,344,344,0.32289207,1,imagenet_c,defocus_blur,1,none
efficientnet_b4,ILSVRC2012_val_00010123.JPEG,n02398521,344,975,0.038513094,0,imagenet_c,defocus_blur,1,none
efficientnet_b4,ILSVRC2012_val_00012118.JPEG,n02398521,344,344,0.48895672,1,imagenet_c,defocus_blur,1,none
efficientnet_b4,ILSVRC2012_val_00013465.JPEG,n02398521,344,344,0.25567597,1,imagenet_c,defocus_blur,1,none
efficientnet_b4,ILSVRC2012_val_00014340.JPEG,n02398521,344,344,0.2589596,1,imagenet_c,defocus_blur,1,none
efficientnet_b4,ILSVRC2012_val_00014656.JPEG,n02398521,344,103,0.58945143,0,imagenet_c,defocus_blur,1,none
efficientnet_b4,ILSVRC2012_val_00015452.JPEG,n02398521,344,149,0.3461782,0,imagenet_c,defocus_blur,1,none
efficientnet_b4,ILSVRC2012_val_00016253.JPEG,n02398521,344,433,0.103093565,0,imagenet_c,defocus_blur,1,none
efficientnet_b4,ILSVRC2012_val_00016426.JPEG,n02398521,344,344,0.47277486,1,imagenet_c,defocus_blur,1,none
efficientnet_b4,ILSVRC2012_val_00018354.JPEG,n02398521,344,814,0.19888166,0,imagenet_c,defocus_blur,1,none
efficientnet_b4,ILSVRC2012_val_00019139.JPEG,n02398521,344,344,0.50578046,1,imagenet_c,defocus_blur,1,none
efficientnet_b4,ILSVRC2012_val_00019345.JPEG,n02398521,344,344,0.2696665,1,imagenet_c,defocus_blur,1,none
efficientnet_b4,ILSVRC2012_val_00022573.JPEG,n02398521,344,344,0.61453277,1,imagenet_c,defocus_blur,1,none
efficientnet_b4,ILSVRC2012_val_00023663.JPEG,n02398521,344,346,0.18499668,0,imagenet_c,defocus_blur,1,none
efficientnet_b4,ILSVRC2012_val_00023744.JPEG,n02398521,344,344,0.4492719,1,imagenet_c,defocus_blur,1,none
efficientnet_b4,ILSVRC2012_val_00024115.JPEG,n02398521,344,344,0.24705584,1,imagenet_c,defocus_blur,1,none
efficientnet_b4,ILSVRC2012_val_00024656.JPEG,n02398521,344,344,0.57475203,1,imagenet_c,defocus_blur,1,none
efficientnet_b4,ILSVRC2012_val_00025996.JPEG,n02398521,344,344,0.5276436,1,imagenet_c,defocus_blur,1,none
efficientnet_b4,ILSVRC2012_val_00026103.JPEG,n02398521,344,344,0.51566863,1,imagenet_c,defocus_blur,1,none
efficientnet_b4,ILSVRC2012_val_00027472.JPEG,n02398521,344,149,0.3449785,0,imagenet_c,defocus_blur,1,none
efficientnet_b4,ILSVRC2012_val_00027933.JPEG,n02398521,344,149,0.44975263,0,imagenet_c,defocus_blur,1,none
efficientnet_b4,ILSVRC2012_val_00027980.JPEG,n02398521,344,277,0.12252614,0,imagenet_c,defocus_blur,1,none
efficientnet_b4,ILSVRC2012_val_00028825.JPEG,n02398521,344,344,0.7730998,1,imagenet_c,defocus_blur,1,none
efficientnet_b4,ILSVRC2012_val_00028867.JPEG,n02398521,344,344,0.8093272,1,imagenet_c,defocus_blur,1,none
efficientnet_b4,ILSVRC2012_val_00030665.JPEG,n02398521,344,344,0.57441205,1,imagenet_c,defocus_blur,1,none
efficientnet_b4,ILSVRC2012_val_00031293.JPEG,n02398521,344,344,0.55621195,1,imagenet_c,defocus_blur,1,none
efficientnet_b4,ILSVRC2012_val_00032449.JPEG,n02398521,344,344,0.5015817,1,imagenet_c,defocus_blur,1,none
efficientnet_b4,ILSVRC2012_val_00033265.JPEG,n02398521,344,344,0.42843643,1,imagenet_c,defocus_blur,1,none
efficientnet_b4,ILSVRC2012_val_00034570.JPEG,n02398521,344,344,0.64577585,1,imagenet_c,defocus_blur,1,none
efficientnet_b4,ILSVRC2012_val_00035386.JPEG,n02398521,344,344,0.44585133,1,imagenet_c,defocus_blur,1,none
efficientnet_b4,ILSVRC2012_val_00035697.JPEG,n02398521,344,344,0.43954545,1,imagenet_c,defocus_blur,1,none
efficientnet_b4,ILSVRC2012_val_00035707.JPEG,n02398521,344,344,0.45315754,1,imagenet_c,defocus_blur,1,none
efficientnet_b4,ILSVRC2012_val_00036081.JPEG,n02398521,344,344,0.45085743,1,imagenet_c,defocus_blur,1,none
efficientnet_b4,ILSVRC2012_val_00038173.JPEG,n02398521,344,343,0.21621434,0,imagenet_c,defocus_blur,1,none
efficientnet_b4,ILSVRC2012_val_00038714.JPEG,n02398521,344,344,0.4750514,1,imagenet_c,defocus_blur,1,none
efficientnet_b4,ILSVRC2012_val_00038747.JPEG,n02398521,344,344,0.62432116,1,imagenet_c,defocus_blur,1,none
efficientnet_b4,ILSVRC2012_val_00038791.JPEG,n02398521,344,344,0.55432385,1,imagenet_c,defocus_blur,1,none
efficientnet_b4,ILSVRC2012_val_00039400.JPEG,n02398521,344,344,0.2647493,1,imagenet_c,defocus_blur,1,none
efficientnet_b4,ILSVRC2012_val_00041243.JPEG,n02398521,344,344,0.4860952,1,imagenet_c,defocus_blur,1,none
efficientnet_b4,ILSVRC2012_val_00041708.JPEG,n02398521,344,344,0.50199145,1,imagenet_c,defocus_blur,1,none
efficientnet_b4,ILSVRC2012_val_00041835.JPEG,n02398521,344,344,0.5298002,1,imagenet_c,defocus_blur,1,none
efficientnet_b4,ILSVRC2012_val_00043907.JPEG,n02398521,344,344,0.47620606,1,imagenet_c,defocus_blur,1,none
efficientnet_b4,ILSVRC2012_val_00045847.JPEG,n02398521,344,344,0.61208624,1,imagenet_c,defocus_blur,1,none
efficientnet_b4,ILSVRC2012_val_00001280.JPEG,n02403003,345,345,0.27385762,1,imagenet_c,defocus_blur,1,none
efficientnet_b4,ILSVRC2012_val_00001513.JPEG,n02403003,345,345,0.49978325,1,imagenet_c,defocus_blur,1,none
efficientnet_b4,ILSVRC2012_val_00002273.JPEG,n02403003,345,690,0.336897,0,imagenet_c,defocus_blur,1,none
efficientnet_b4,ILSVRC2012_val_00004751.JPEG,n02403003,345,345,0.7605,1,imagenet_c,defocus_blur,1,none
efficientnet_b4,ILSVRC2012_val_00004838.JPEG,n02403003,345,345,0.5682744,1,imagenet_c,defocus_blur,1,none
efficientnet_b4,ILSVRC2012_val_00005184.JPEG,n02403003,345,405,0.08450454,0,imagenet_c,defocus_blur,1,none
efficientnet_b4,ILSVRC2012_val_00005366.JPEG,n02403003,345,345,0.39109087,1,imagenet_c,defocus_blur,1,none
efficientnet_b4,ILSVRC2012_val_00006439.JPEG,n02403003,345,690,0.28758898,0,imagenet_c,defocus_blur,1,none
efficientnet_b4,ILSVRC2012_val_00007380.JPEG,n02403003,345,345,0.17816643,1,imagenet_c,defocus_blur,1,none
efficientnet_b4,ILSVRC2012_val_00009046.JPEG,n02403003,345,345,0.29666334,1,imagenet_c,defocus_blur,1,none
efficientnet_b4,ILSVRC2012_val_00010029.JPEG,n02403003,345,690,0.1473477,0,imagenet_c,defocus_blur,1,none
efficientnet_b4,ILSVRC2012_val_00010513.JPEG,n02403003,345,345,0.5304405,1,imagenet_c,defocus_blur,1,none
efficientnet_b4,ILSVRC2012_val_00010592.JPEG,n02403003,345,690,0.38230747,0,imagenet_c,defocus_blur,1,none
efficientnet_b4,ILSVRC2012_val_00012346.JPEG,n02403003,345,346,0.6656106,0,imagenet_c,defocus_blur,1,none
efficientnet_b4,ILSVRC2012_val_00013190.JPEG,n02403003,345,345,0.48185712,1,imagenet_c,defocus_blur,1,none
efficientnet_b4,ILSVRC2012_val_00013637.JPEG,n02403003,345,345,0.3235532,1,imagenet_c,defocus_blur,1,none
efficientnet_b4,ILSVRC2012_val_00014502.JPEG,n02403003,345,690,0.56369483,0,imagenet_c,defocus_blur,1,none
efficientnet_b4,ILSVRC2012_val_00015027.JPEG,n02403003,345,345,0.64746857,1,imagenet_c,defocus_blur,1,none
efficientnet_b4,ILSVRC2012_val_00015911.JPEG,n02403003,345,345,0.8480138,1,imagenet_c,defocus_blur,1,none
efficientnet_b4,ILSVRC2012_val_00016115.JPEG,n02403003,345,345,0.66517633,1,imagenet_c,defocus_blur,1,none
efficientnet_b4,ILSVRC2012_val_00016415.JPEG,n02403003,345,690,0.5044523,0,imagenet_c,defocus_blur,1,none
efficientnet_b4,ILSVRC2012_val_00017987.JPEG,n02403003,345,345,0.5483215,1,imagenet_c,defocus_blur,1,none
efficientnet_b4,ILSVRC2012_val_00018643.JPEG,n02403003,345,256,0.26795802,0,imagenet_c,defocus_blur,1,none
efficientnet_b4,ILSVRC2012_val_00021400.JPEG,n02403003,345,690,0.22689113,0,imagenet_c,defocus_blur,1,none
efficientnet_b4,ILSVRC2012_val_00023387.JPEG,n02403003,345,345,0.42747715,1,imagenet_c,defocus_blur,1,none
efficientnet_b4,ILSVRC2012_val_00024033.JPEG,n02403003,345,690,0.36360672,0,imagenet_c,defocus_blur,1,none
efficientnet_b4,ILSVRC2012_val_00025775.JPEG,n02403003,345,345,0.7458577,1,imagenet_c,defocus_blur,1,none
efficientnet_b4,ILSVRC2012_val_00026120.JPEG,n02403003,345,345,0.7127509,1,imagenet_c,defocus_blur,1,none
efficientnet_b4,ILSVRC2012_val_00027362.JPEG,n02403003,345,639,0.11248608,0,imagenet_c,defocus_blur,1,none
efficientnet_b4,ILSVRC2012_val_00028017.JPEG,n02403003,345,345,0.51749563,1,imagenet_c,defocus_blur,1,none
efficientnet_b4,ILSVRC2012_val_00028929.JPEG,n02403003,345,345,0.51539576,1,imagenet_c,defocus_blur,1,none
efficientnet_b4,ILSVRC2012_val_00030497.JPEG,n02403003,345,345,0.29650408,1,imagenet_c,defocus_blur,1,none
efficientnet_b4,ILSVRC2012_val_00034143.JPEG,n02403003,345,345,0.45802,1,imagenet_c,defocus_blur,1,none
efficientnet_b4,ILSVRC2012_val_00035962.JPEG,n02403003,345,345,0.4091032,1,imagenet_c,defocus_blur,1,none
efficientnet_b4,ILSVRC2012_val_00037334.JPEG,n02403003,345,345,0.4553412,1,imagenet_c,defocus_blur,1,none
efficientnet_b4,ILSVRC2012_val_00038286.JPEG,n02403003,345,345,0.26746842,1,imagenet_c,defocus_blur,1,none
efficientnet_b4,ILSVRC2012_val_00038349.JPEG,n02403003,345,345,0.28117102,1,imagenet_c,defocus_blur,1,none
efficientnet_b4,ILSVRC2012_val_00038584.JPEG,n02403003,345,690,0.5315243,0,imagenet_c,defocus_blur,1,none
efficientnet_b4,ILSVRC2012_val_00038866.JPEG,n02403003,345,690,0.52529824,0,imagenet_c,defocus_blur,1,none
efficientnet_b4,ILSVRC2012_val_00039271.JPEG,n02403003,345,345,0.27095753,1,imagenet_c,defocus_blur,1,none
efficientnet_b4,ILSVRC2012_val_00041005.JPEG,n02403003,345,345,0.3672379,1,imagenet_c,defocus_blur,1,none
efficientnet_b4,ILSVRC2012_val_00041495.JPEG,n02403003,345,346,0.30091575,0,imagenet_c,defocus_blur,1,none
efficientnet_b4,ILSVRC2012_val_00042064.JPEG,n02403003,345,346,0.18259089,0,imagenet_c,defocus_blur,1,none
efficientnet_b4,ILSVRC2012_val_00042129.JPEG,n02403003,345,690,0.40861514,0,imagenet_c,defocus_blur,1,none
efficientnet_b4,ILSVRC2012_val_00042936.JPEG,n02403003,345,690,0.40797812,0,imagenet_c,defocus_blur,1,none
efficientnet_b4,ILSVRC2012_val_00043758.JPEG,n02403003,345,690,0.6169916,0,imagenet_c,defocus_blur,1,none
efficientnet_b4,ILSVRC2012_val_00045025.JPEG,n02403003,345,351,0.5399573,0,imagenet_c,defocus_blur,1,none
efficientnet_b4,ILSVRC2012_val_00047750.JPEG,n02403003,345,346,0.52220726,0,imagenet_c,defocus_blur,1,none
efficientnet_b4,ILSVRC2012_val_00049278.JPEG,n02403003,345,345,0.6016987,1,imagenet_c,defocus_blur,1,none
efficientnet_b4,ILSVRC2012_val_00049320.JPEG,n02403003,345,345,0.353227,1,imagenet_c,defocus_blur,1,none
efficientnet_b4,ILSVRC2012_val_00000306.JPEG,n02408429,346,205,0.120587684,0,imagenet_c,defocus_blur,1,none
efficientnet_b4,ILSVRC2012_val_00000456.JPEG,n02408429,346,346,0.24723925,1,imagenet_c,defocus_blur,1,none
efficientnet_b4,ILSVRC2012_val_00000552.JPEG,n02408429,346,346,0.3513205,1,imagenet_c,defocus_blur,1,none
efficientnet_b4,ILSVRC2012_val_00001248.JPEG,n02408429,346,690,0.28083637,0,imagenet_c,defocus_blur,1,none
efficientnet_b4,ILSVRC2012_val_00001360.JPEG,n02408429,346,346,0.66955286,1,imagenet_c,defocus_blur,1,none
efficientnet_b4,ILSVRC2012_val_00002692.JPEG,n02408429,346,345,0.29143387,0,imagenet_c,defocus_blur,1,none
efficientnet_b4,ILSVRC2012_val_00002726.JPEG,n02408429,346,690,0.2497432,0,imagenet_c,defocus_blur,1,none
efficientnet_b4,ILSVRC2012_val_00003349.JPEG,n02408429,346,350,0.24341688,0,imagenet_c,defocus_blur,1,none
efficientnet_b4,ILSVRC2012_val_00003464.JPEG,n02408429,346,346,0.77036935,1,imagenet_c,defocus_blur,1,none
efficientnet_b4,ILSVRC2012_val_00003801.JPEG,n02408429,346,349,0.2272047,0,imagenet_c,defocus_blur,1,none
efficientnet_b4,ILSVRC2012_val_00005454.JPEG,n02408429,346,346,0.5046481,1,imagenet_c,defocus_blur,1,none
efficientnet_b4,ILSVRC2012_val_00005913.JPEG,n02408429,346,346,0.50768816,1,imagenet_c,defocus_blur,1,none
efficientnet_b4,ILSVRC2012_val_00005951.JPEG,n02408429,346,345,0.29803672,0,imagenet_c,defocus_blur,1,none
efficientnet_b4,ILSVRC2012_val_00006427.JPEG,n02408429,346,346,0.67992944,1,imagenet_c,defocus_blur,1,none
efficientnet_b4,ILSVRC2012_val_00006709.JPEG,n02408429,346,346,0.56794107,1,imagenet_c,defocus_blur,1,none
efficientnet_b4,ILSVRC2012_val_00007108.JPEG,n02408429,346,346,0.63908297,1,imagenet_c,defocus_blur,1,none
efficientnet_b4,ILSVRC2012_val_00008103.JPEG,n02408429,346,346,0.097345896,1,imagenet_c,defocus_blur,1,none
efficientnet_b4,ILSVRC2012_val_00009898.JPEG,n02408429,346,690,0.32066515,0,imagenet_c,defocus_blur,1,none
efficientnet_b4,ILSVRC2012_val_00010071.JPEG,n02408429,346,346,0.6284417,1,imagenet_c,defocus_blur,1,none
efficientnet_b4,ILSVRC2012_val_00010601.JPEG,n02408429,346,346,0.58799285,1,imagenet_c,defocus_blur,1,none
efficientnet_b4,ILSVRC2012_val_00013252.JPEG,n02408429,346,346,0.61997104,1,imagenet_c,defocus_blur,1,none
efficientnet_b4,ILSVRC2012_val_00013548.JPEG,n02408429,346,345,0.48971474,0,imagenet_c,defocus_blur,1,none
efficientnet_b4,ILSVRC2012_val_00014354.JPEG,n02408429,346,346,0.24843699,1,imagenet_c,defocus_blur,1,none
efficientnet_b4,ILSVRC2012_val_00015254.JPEG,n02408429,346,346,0.4295519,1,imagenet_c,defocus_blur,1,none
efficientnet_b4,ILSVRC2012_val_00015521.JPEG,n02408429,346,346,0.3117133,1,imagenet_c,defocus_blur,1,none
efficientnet_b4,ILSVRC2012_val_00018198.JPEG,n02408429,346,345,0.25942403,0,imagenet_c,defocus_blur,1,none
efficientnet_b4,ILSVRC2012_val_00020008.JPEG,n02408429,346,346,0.36506286,1,imagenet_c,defocus_blur,1,none
efficientnet_b4,ILSVRC2012_val_00021624.JPEG,n02408429,346,346,0.6843112,1,imagenet_c,defocus_blur,1,none
efficientnet_b4,ILSVRC2012_val_00021810.JPEG,n02408429,346,346,0.5824353,1,imagenet_c,defocus_blur,1,none
efficientnet_b4,ILSVRC2012_val_00022696.JPEG,n02408429,346,346,0.3164701,1,imagenet_c,defocus_blur,1,none
efficientnet_b4,ILSVRC2012_val_00025011.JPEG,n02408429,346,346,0.65123415,1,imagenet_c,defocus_blur,1,none
efficientnet_b4,ILSVRC2012_val_00029776.JPEG,n02408429,346,346,0.58779377,1,imagenet_c,defocus_blur,1,none
efficientnet_b4,ILSVRC2012_val_00031319.JPEG,n02408429,346,346,0.5278366,1,imagenet_c,defocus_blur,1,none
efficientnet_b4,ILSVRC2012_val_00032045.JPEG,n02408429,346,346,0.68668723,1,imagenet_c,defocus_blur,1,none
efficientnet_b4,ILSVRC2012_val_00033018.JPEG,n02408429,346,346,0.5732969,1,imagenet_c,defocus_blur,1,none
efficientnet_b4,ILSVRC2012_val_00037147.JPEG,n02408429,346,341,0.4791259,0,imagenet_c,defocus_blur,1,none
efficientnet_b4,ILSVRC2012_val_00037214.JPEG,n02408429,346,346,0.6914955,1,imagenet_c,defocus_blur,1,none
efficientnet_b4,ILSVRC2012_val_00037946.JPEG,n02408429,346,346,0.42594233,1,imagenet_c,defocus_blur,1,none
efficientnet_b4,ILSVRC2012_val_00040331.JPEG,n02408429,346,202,0.08722836,0,imagenet_c,defocus_blur,1,none
efficientnet_b4,ILSVRC2012_val_00040531.JPEG,n02408429,346,343,0.11062708,0,imagenet_c,defocus_blur,1,none
efficientnet_b4,ILSVRC2012_val_00041767.JPEG,n02408429,346,346,0.64333797,1,imagenet_c,defocus_blur,1,none
efficientnet_b4,ILSVRC2012_val_00041957.JPEG,n02408429,346,346,0.54314446,1,imagenet_c,defocus_blur,1,none
efficientnet_b4,ILSVRC2012_val_00042208.JPEG,n02408429,346,346,0.6132907,1,imagenet_c,defocus_blur,1,none
efficientnet_b4,ILSVRC2012_val_00042379.JPEG,n02408429,346,189,0.109855115,0,imagenet_c,defocus_blur,1,none
efficientnet_b4,ILSVRC2012_val_00045445.JPEG,n02408429,346,346,0.6132642,1,imagenet_c,defocus_blur,1,none
efficientnet_b4,ILSVRC2012_val_00045554.JPEG,n02408429,346,343,0.25229344,0,imagenet_c,defocus_blur,1,none
efficientnet_b4,ILSVRC2012_val_00047859.JPEG,n02408429,346,346,0.30516592,1,imagenet_c,defocus_blur,1,none
efficientnet_b4,ILSVRC2012_val_00048372.JPEG,n02408429,346,346,0.60749584,1,imagenet_c,defocus_blur,1,none
efficientnet_b4,ILSVRC2012_val_00048535.JPEG,n02408429,346,346,0.40955445,1,imagenet_c,defocus_blur,1,none
efficientnet_b4,ILSVRC2012_val_00049866.JPEG,n02408429,346,346,0.4619163,1,imagenet_c,defocus_blur,1,none
efficientnet_b4,ILSVRC2012_val_00002433.JPEG,n02410509,347,347,0.30922842,1,imagenet_c,defocus_blur,1,none
efficientnet_b4,ILSVRC2012_val_00002669.JPEG,n02410509,347,347,0.5792093,1,imagenet_c,defocus_blur,1,none
efficientnet_b4,ILSVRC2012_val_00004508.JPEG,n02410509,347,347,0.4563235,1,imagenet_c,defocus_blur,1,none
efficientnet_b4,ILSVRC2012_val_00006576.JPEG,n02410509,347,347,0.11474453,1,imagenet_c,defocus_blur,1,none
efficientnet_b4,ILSVRC2012_val_00007597.JPEG,n02410509,347,347,0.5735456,1,imagenet_c,defocus_blur,1,none
efficientnet_b4,ILSVRC2012_val_00008629.JPEG,n02410509,347,347,0.61705685,1,imagenet_c,defocus_blur,1,none
efficientnet_b4,ILSVRC2012_val_00008943.JPEG,n02410509,347,347,0.62224257,1,imagenet_c,defocus_blur,1,none
efficientnet_b4,ILSVRC2012_val_00009221.JPEG,n02410509,347,347,0.5096469,1,imagenet_c,defocus_blur,1,none
efficientnet_b4,ILSVRC2012_val_00009956.JPEG,n02410509,347,347,0.5085886,1,imagenet_c,defocus_blur,1,none
efficientnet_b4,ILSVRC2012_val_00014395.JPEG,n02410509,347,347,0.5950252,1,imagenet_c,defocus_blur,1,none
efficientnet_b4,ILSVRC2012_val_00014539.JPEG,n02410509,347,347,0.77187985,1,imagenet_c,defocus_blur,1,none
efficientnet_b4,ILSVRC2012_val_00014800.JPEG,n02410509,347,347,0.5946294,1,imagenet_c,defocus_blur,1,none
efficientnet_b4,ILSVRC2012_val_00016437.JPEG,n02410509,347,351,0.1026519,0,imagenet_c,defocus_blur,1,none
efficientnet_b4,ILSVRC2012_val_00018032.JPEG,n02410509,347,347,0.49343225,1,imagenet_c,defocus_blur,1,none
efficientnet_b4,ILSVRC2012_val_00018349.JPEG,n02410509,347,347,0.515942,1,imagenet_c,defocus_blur,1,none
efficientnet_b4,ILSVRC2012_val_00020346.JPEG,n02410509,347,347,0.46032858,1,imagenet_c,defocus_blur,1,none
efficientnet_b4,ILSVRC2012_val_00021781.JPEG,n02410509,347,347,0.60217243,1,imagenet_c,defocus_blur,1,none
efficientnet_b4,ILSVRC2012_val_00022568.JPEG,n02410509,347,347,0.6365568,1,imagenet_c,defocus_blur,1,none
efficientnet_b4,ILSVRC2012_val_00023312.JPEG,n02410509,347,347,0.62474656,1,imagenet_c,defocus_blur,1,none
efficientnet_b4,ILSVRC2012_val_00024594.JPEG,n02410509,347,342,0.26202247,0,imagenet_c,defocus_blur,1,none
efficientnet_b4,ILSVRC2012_val_00027460.JPEG,n02410509,347,347,0.40659446,1,imagenet_c,defocus_blur,1,none
efficientnet_b4,ILSVRC2012_val_00028496.JPEG,n02410509,347,347,0.6677782,1,imagenet_c,defocus_blur,1,none
efficientnet_b4,ILSVRC2012_val_00028745.JPEG,n02410509,347,347,0.5905569,1,imagenet_c,defocus_blur,1,none
efficientnet_b4,ILSVRC2012_val_00030959.JPEG,n02410509,347,347,0.53845674,1,imagenet_c,defocus_blur,1,none
efficientnet_b4,ILSVRC2012_val_00032942.JPEG,n02410509,347,347,0.46508747,1,imagenet_c,defocus_blur,1,none
efficientnet_b4,ILSVRC2012_val_00033952.JPEG,n02410509,347,660,0.19164711,0,imagenet_c,defocus_blur,1,none
efficientnet_b4,ILSVRC2012_val_00033998.JPEG,n02410509,347,347,0.20118412,1,imagenet_c,defocus_blur,1,none
efficientnet_b4,ILSVRC2012_val_00034061.JPEG,n02410509,347,347,0.28850925,1,imagenet_c,defocus_blur,1,none
efficientnet_b4,ILSVRC2012_val_00035245.JPEG,n02410509,347,347,0.65124106,1,imagenet_c,defocus_blur,1,none
efficientnet_b4,ILSVRC2012_val_00035618.JPEG,n02410509,347,347,0.26202524,1,imagenet_c,defocus_blur,1,none
efficientnet_b4,ILSVRC2012_val_00035778.JPEG,n02410509,347,347,0.5090164,1,imagenet_c,defocus_blur,1,none
efficientnet_b4,ILSVRC2012_val_00036666.JPEG,n02410509,347,347,0.40577886,1,imagenet_c,defocus_blur,1,none
efficientnet_b4,ILSVRC2012_val_00037054.JPEG,n02410509,347,347,0.4337486,1,imagenet_c,defocus_blur,1,none
efficientnet_b4,ILSVRC2012_val_00039117.JPEG,n02410509,347,347,0.6319004,1,imagenet_c,defocus_blur,1,none
efficientnet_b4,ILSVRC2012_val_00039568.JPEG,n02410509,347,197,0.16907217,0,imagenet_c,defocus_blur,1,none
efficientnet_b4,ILSVRC2012_val_00039846.JPEG,n02410509,347,347,0.47789273,1,imagenet_c,defocus_blur,1,none
efficientnet_b4,ILSVRC2012_val_00040273.JPEG,n02410509,347,347,0.6830114,1,imagenet_c,defocus_blur,1,none
efficientnet_b4,ILSVRC2012_val_00040338.JPEG,n02410509,347,347,0.6658797,1,imagenet_c,defocus_blur,1,none
efficientnet_b4,ILSVRC2012_val_00040511.JPEG,n02410509,347,347,0.5673939,1,imagenet_c,defocus_blur,1,none
efficientnet_b4,ILSVRC2012_val_00040808.JPEG,n02410509,347,347,0.54251313,1,imagenet_c,defocus_blur,1,none
efficientnet_b4,ILSVRC2012_val_00041565.JPEG,n02410509,347,345,0.4565056,0,imagenet_c,defocus_blur,1,none
efficientnet_b4,ILSVRC2012_val_00042893.JPEG,n02410509,347,347,0.7102456,1,imagenet_c,defocus_blur,1,none
efficientnet_b4,ILSVRC2012_val_00043684.JPEG,n02410509,347,347,0.55404705,1,imagenet_c,defocus_blur,1,none
efficientnet_b4,ILSVRC2012_val_00044165.JPEG,n02410509,347,347,0.506908,1,imagenet_c,defocus_blur,1,none
efficientnet_b4,ILSVRC2012_val_00044556.JPEG,n02410509,347,347,0.5438227,1,imagenet_c,defocus_blur,1,none
efficientnet_b4,ILSVRC2012_val_00046658.JPEG,n02410509,347,347,0.6691337,1,imagenet_c,defocus_blur,1,none
efficientnet_b4,ILSVRC2012_val_00048448.JPEG,n02410509,347,347,0.54470676,1,imagenet_c,defocus_blur,1,none
efficientnet_b4,ILSVRC2012_val_00048511.JPEG,n02410509,347,347,0.4999547,1,imagenet_c,defocus_blur,1,none
efficientnet_b4,ILSVRC2012_val_00049202.JPEG,n02410509,347,347,0.5728101,1,imagenet_c,defocus_blur,1,none
efficientnet_b4,ILSVRC2012_val_00049958.JPEG,n02410509,347,347,0.60792214,1,imagenet_c,defocus_blur,1,none
efficientnet_b4,ILSVRC2012_val_00001027.JPEG,n02412080,348,350,0.15987106,0,imagenet_c,defocus_blur,1,none
efficientnet_b4,ILSVRC2012_val_00003314.JPEG,n02412080,348,349,0.5033053,0,imagenet_c,defocus_blur,1,none
efficientnet_b4,ILSVRC2012_val_00004137.JPEG,n02412080,348,349,0.3673076,0,imagenet_c,defocus_blur,1,none
efficientnet_b4,ILSVRC2012_val_00004978.JPEG,n02412080,348,349,0.5853147,0,imagenet_c,defocus_blur,1,none
efficientnet_b4,ILSVRC2012_val_00006940.JPEG,n02412080,348,349,0.5043088,0,imagenet_c,defocus_blur,1,none
efficientnet_b4,ILSVRC2012_val_00007299.JPEG,n02412080,348,349,0.66218704,0,imagenet_c,defocus_blur,1,none
efficientnet_b4,ILSVRC2012_val_00008559.JPEG,n02412080,348,349,0.4585709,0,imagenet_c,defocus_blur,1,none
efficientnet_b4,ILSVRC2012_val_00010829.JPEG,n02412080,348,349,0.48557353,0,imagenet_c,defocus_blur,1,none
efficientnet_b4,ILSVRC2012_val_00011902.JPEG,n02412080,348,348,0.520143,1,imagenet_c,defocus_blur,1,none
efficientnet_b4,ILSVRC2012_val_00013570.JPEG,n02412080,348,348,0.37958065,1,imagenet_c,defocus_blur,1,none
efficientnet_b4,ILSVRC2012_val_00014235.JPEG,n02412080,348,348,0.14419983,1,imagenet_c,defocus_blur,1,none
efficientnet_b4,ILSVRC2012_val_00014327.JPEG,n02412080,348,349,0.41032705,0,imagenet_c,defocus_blur,1,none
efficientnet_b4,ILSVRC2012_val_00014871.JPEG,n02412080,348,243,0.10072548,0,imagenet_c,defocus_blur,1,none
efficientnet_b4,ILSVRC2012_val_00015868.JPEG,n02412080,348,349,0.329863,0,imagenet_c,defocus_blur,1,none
efficientnet_b4,ILSVRC2012_val_00016391.JPEG,n02412080,348,349,0.41809726,0,imagenet_c,defocus_blur,1,none
efficientnet_b4,ILSVRC2012_val_00016555.JPEG,n02412080,348,349,0.5928473,0,imagenet_c,defocus_blur,1,none
efficientnet_b4,ILSVRC2012_val_00016916.JPEG,n02412080,348,345,0.11181859,0,imagenet_c,defocus_blur,1,none
efficientnet_b4,ILSVRC2012_val_00017145.JPEG,n02412080,348,348,0.1947137,1,imagenet_c,defocus_blur,1,none
efficientnet_b4,ILSVRC2012_val_00019446.JPEG,n02412080,348,345,0.3500747,0,imagenet_c,defocus_blur,1,none
efficientnet_b4,ILSVRC2012_val_00022185.JPEG,n02412080,348,348,0.4776918,1,imagenet_c,defocus_blur,1,none
efficientnet_b4,ILSVRC2012_val_00022880.JPEG,n02412080,348,350,0.3338603,0,imagenet_c,defocus_blur,1,none
efficientnet_b4,ILSVRC2012_val_00022981.JPEG,n02412080,348,349,0.5391615,0,imagenet_c,defocus_blur,1,none
efficientnet_b4,ILSVRC2012_val_00023019.JPEG,n02412080,348,349,0.47122404,0,imagenet_c,defocus_blur,1,none
efficientnet_b4,ILSVRC2012_val_00023652.JPEG,n02412080,348,349,0.48221165,0,imagenet_c,defocus_blur,1,none
efficientnet_b4,ILSVRC2012_val_00023655.JPEG,n02412080,348,349,0.35372517,0,imagenet_c,defocus_blur,1,none
efficientnet_b4,ILSVRC2012_val_00025910.JPEG,n02412080,348,348,0.07011035,1,imagenet_c,defocus_blur,1,none
efficientnet_b4,ILSVRC2012_val_00026395.JPEG,n02412080,348,349,0.53273386,0,imagenet_c,defocus_blur,1,none
efficientnet_b4,ILSVRC2012_val_00026750.JPEG,n02412080,348,348,0.3054725,1,imagenet_c,defocus_blur,1,none
efficientnet_b4,ILSVRC2012_val_00027882.JPEG,n02412080,348,348,0.1671066,1,imagenet_c,defocus_blur,1,none
efficientnet_b4,ILSVRC2012_val_00030484.JPEG,n02412080,348,348,0.48154488,1,imagenet_c,defocus_blur,1,none
efficientnet_b4,ILSVRC2012_val_00035280.JPEG,n02412080,348,348,0.2525253,1,imagenet_c,defocus_blur,1,none
efficientnet_b4,ILSVRC2012_val_00035372.JPEG,n02412080,348,346,0.12809663,0,imagenet_c,defocus_blur,1,none
efficientnet_b4,ILSVRC2012_val_00035988.JPEG,n02412080,348,188,0.08626017,0,imagenet_c,defocus_blur,1,none
efficientnet_b4,ILSVRC2012_val_00036891.JPEG,n02412080,348,349,0.48615548,0,imagenet_c,defocus_blur,1,none
efficientnet_b4,ILSVRC2012_val_00038653.JPEG,n02412080,348,228,0.3412366,0,imagenet_c,defocus_blur,1,none
efficientnet_b4,ILSVRC2012_val_00040411.JPEG,n02412080,348,349,0.128257,0,imagenet_c,defocus_blur,1,none
efficientnet_b4,ILSVRC2012_val_00040492.JPEG,n02412080,348,348,0.56531173,1,imagenet_c,defocus_blur,1,none
efficientnet_b4,ILSVRC2012_val_00041048.JPEG,n02412080,348,519,0.1511094,0,imagenet_c,defocus_blur,1,none
efficientnet_b4,ILSVRC2012_val_00041575.JPEG,n02412080,348,349,0.5727979,0,imagenet_c,defocus_blur,1,none
efficientnet_b4,ILSVRC2012_val_00042513.JPEG,n02412080,348,348,0.23751727,1,imagenet_c,defocus_blur,1,none
efficientnet_b4,ILSVRC2012_val_00043956.JPEG,n02412080,348,349,0.50538087,0,imagenet_c,defocus_blur,1,none
efficientnet_b4,ILSVRC2012_val_00043984.JPEG,n02412080,348,349,0.3963623,0,imagenet_c,defocus_blur,1,none
efficientnet_b4,ILSVRC2012_val_00044042.JPEG,n02412080,348,349,0.3800633,0,imagenet_c,defocus_blur,1,none
efficientnet_b4,ILSVRC2012_val_00047313.JPEG,n02412080,348,345,0.44496933,0,imagenet_c,defocus_blur,1,none
efficientnet_b4,ILSVRC2012_val_00047560.JPEG,n02412080,348,349,0.6226599,0,imagenet_c,defocus_blur,1,none
efficientnet_b4,ILSVRC2012_val_00048002.JPEG,n02412080,348,349,0.47063053,0,imagenet_c,defocus_blur,1,none
efficientnet_b4,ILSVRC2012_val_00048706.JPEG,n02412080,348,348,0.5954226,1,imagenet_c,defocus_blur,1,none
efficientnet_b4,ILSVRC2012_val_00048757.JPEG,n02412080,348,348,0.24713033,1,imagenet_c,defocus_blur,1,none
efficientnet_b4,ILSVRC2012_val_00048771.JPEG,n02412080,348,354,0.09824821,0,imagenet_c,defocus_blur,1,none
efficientnet_b4,ILSVRC2012_val_00049332.JPEG,n02412080,348,348,0.21976723,1,imagenet_c,defocus_blur,1,none
efficientnet_b4,ILSVRC2012_val_00000100.JPEG,n02415577,349,336,0.16526568,0,imagenet_c,defocus_blur,1,none
efficientnet_b4,ILSVRC2012_val_00000246.JPEG,n02415577,349,349,0.5875846,1,imagenet_c,defocus_blur,1,none
efficientnet_b4,ILSVRC2012_val_00001279.JPEG,n02415577,349,349,0.4891174,1,imagenet_c,defocus_blur,1,none
efficientnet_b4,ILSVRC2012_val_00002924.JPEG,n02415577,349,349,0.68743706,1,imagenet_c,defocus_blur,1,none
efficientnet_b4,ILSVRC2012_val_00003504.JPEG,n02415577,349,349,0.5504236,1,imagenet_c,defocus_blur,1,none
efficientnet_b4,ILSVRC2012_val_00004840.JPEG,n02415577,349,349,0.41333824,1,imagenet_c,defocus_blur,1,none
efficientnet_b4,ILSVRC2012_val_00007269.JPEG,n02415577,349,349,0.46241164,1,imagenet_c,defocus_blur,1,none
efficientnet_b4,ILSVRC2012_val_00007416.JPEG,n02415577,349,349,0.570199,1,imagenet_c,defocus_blur,1,none
efficientnet_b4,ILSVRC2012_val_00008037.JPEG,n02415577,349,349,0.40677455,1,imagenet_c,defocus_blur,1,none
efficientnet_b4,ILSVRC2012_val_00008701.JPEG,n02415577,349,151,0.071160205,0,imagenet_c,defocus_blur,1,none
efficientnet_b4,ILSVRC2012_val_00009728.JPEG,n02415577,349,349,0.5214773,1,imagenet_c,defocus_blur,1,none
efficientnet_b4,ILSVRC2012_val_00012393.JPEG,n02415577,349,349,0.4600875,1,imagenet_c,defocus_blur,1,none
efficientnet_b4,ILSVRC2012_val_00012720.JPEG,n02415577,349,350,0.2897813,0,imagenet_c,defocus_blur,1,none
efficientnet_b4,ILSVRC2012_val_00013120.JPEG,n02415577,349,349,0.3525658,1,imagenet_c,defocus_blur,1,none
efficientnet_b4,ILSVRC2012_val_00016046.JPEG,n02415577,349,349,0.5131777,1,imagenet_c,defocus_blur,1,none
efficientnet_b4,ILSVRC2012_val_00016135.JPEG,n02415577,349,349,0.515847,1,imagenet_c,defocus_blur,1,none
efficientnet_b4,ILSVRC2012_val_00016316.JPEG,n02415577,349,349,0.47263736,1,imagenet_c,defocus_blur,1,none
efficientnet_b4,ILSVRC2012_val_00017917.JPEG,n02415577,349,349,0.48075375,1,imagenet_c,defocus_blur,1,none
efficientnet_b4,ILSVRC2012_val_00017949.JPEG,n02415577,349,349,0.365823,1,imagenet_c,defocus_blur,1,none
efficientnet_b4,ILSVRC2012_val_00019055.JPEG,n02415577,349,349,0.52581525,1,imagenet_c,defocus_blur,1,none
efficientnet_b4,ILSVRC2012_val_00019344.JPEG,n02415577,349,349,0.50163466,1,imagenet_c,defocus_blur,1,none
efficientnet_b4,ILSVRC2012_val_00020499.JPEG,n02415577,349,349,0.7593861,1,imagenet_c,defocus_blur,1,none
efficientnet_b4,ILSVRC2012_val_00020934.JPEG,n02415577,349,975,0.09643514,0,imagenet_c,defocus_blur,1,none
efficientnet_b4,ILSVRC2012_val_00021149.JPEG,n02415577,349,349,0.5576827,1,imagenet_c,defocus_blur,1,none
efficientnet_b4,ILSVRC2012_val_00021766.JPEG,n02415577,349,349,0.600335,1,imagenet_c,defocus_blur,1,none
efficientnet_b4,ILSVRC2012_val_00022966.JPEG,n02415577,349,349,0.3883268,1,imagenet_c,defocus_blur,1,none
efficientnet_b4,ILSVRC2012_val_00024343.JPEG,n02415577,349,349,0.7113045,1,imagenet_c,defocus_blur,1,none
efficientnet_b4,ILSVRC2012_val_00024683.JPEG,n02415577,349,350,0.11110324,0,imagenet_c,defocus_blur,1,none
efficientnet_b4,ILSVRC2012_val_00024759.JPEG,n02415577,349,350,0.557238,0,imagenet_c,defocus_blur,1,none
efficientnet_b4,ILSVRC2012_val_00030991.JPEG,n02415577,349,349,0.6527633,1,imagenet_c,defocus_blur,1,none
efficientnet_b4,ILSVRC2012_val_00031474.JPEG,n02415577,349,349,0.56062216,1,imagenet_c,defocus_blur,1,none
efficientnet_b4,ILSVRC2012_val_00032956.JPEG,n02415577,349,349,0.62577146,1,imagenet_c,defocus_blur,1,none
efficientnet_b4,ILSVRC2012_val_00033087.JPEG,n02415577,349,349,0.36936972,1,imagenet_c,defocus_blur,1,none
efficientnet_b4,ILSVRC2012_val_00033844.JPEG,n02415577,349,349,0.19866379,1,imagenet_c,defocus_blur,1,none
efficientnet_b4,ILSVRC2012_val_00036236.JPEG,n02415577,349,349,0.42910367,1,imagenet_c,defocus_blur,1,none
efficientnet_b4,ILSVRC2012_val_00038652.JPEG,n02415577,349,349,0.46302667,1,imagenet_c,defocus_blur,1,none
efficientnet_b4,ILSVRC2012_val_00038931.JPEG,n02415577,349,349,0.4607302,1,imagenet_c,defocus_blur,1,none
efficientnet_b4,ILSVRC2012_val_00039697.JPEG,n02415577,349,349,0.41791955,1,imagenet_c,defocus_blur,1,none
efficientnet_b4,ILSVRC2012_val_00040551.JPEG,n02415577,349,349,0.47737744,1,imagenet_c,defocus_blur,1,none
efficientnet_b4,ILSVRC2012_val_00041263.JPEG,n02415577,349,349,0.32768056,1,imagenet_c,defocus_blur,1,none
efficientnet_b4,ILSVRC2012_val_00041343.JPEG,n02415577,349,349,0.58277744,1,imagenet_c,defocus_blur,1,none
efficientnet_b4,ILSVRC2012_val_00042432.JPEG,n02415577,349,349,0.29045558,1,imagenet_c,defocus_blur,1,none
efficientnet_b4,ILSVRC2012_val_00043752.JPEG,n02415577,349,349,0.6653263,1,imagenet_c,defocus_blur,1,none
efficientnet_b4,ILSVRC2012_val_00044438.JPEG,n02415577,349,351,0.31234813,0,imagenet_c,defocus_blur,1,none
efficientnet_b4,ILSVRC2012_val_00044653.JPEG,n02415577,349,349,0.48444507,1,imagenet_c,defocus_blur,1,none
efficientnet_b4,ILSVRC2012_val_00048266.JPEG,n02415577,349,349,0.4226362,1,imagenet_c,defocus_blur,1,none
efficientnet_b4,ILSVRC2012_val_00049043.JPEG,n02415577,349,349,0.61135566,1,imagenet_c,defocus_blur,1,none
efficientnet_b4,ILSVRC2012_val_00049562.JPEG,n02415577,349,349,0.44136557,1,imagenet_c,defocus_blur,1,none
efficientnet_b4,ILSVRC2012_val_00049581.JPEG,n02415577,349,349,0.42884272,1,imagenet_c,defocus_blur,1,none
efficientnet_b4,ILSVRC2012_val_00049704.JPEG,n02415577,349,349,0.41400796,1,imagenet_c,defocus_blur,1,none
efficientnet_b4,ILSVRC2012_val_00000444.JPEG,n02417914,350,350,0.611255,1,imagenet_c,defocus_blur,1,none
efficientnet_b4,ILSVRC2012_val_00001705.JPEG,n02417914,350,350,0.49123743,1,imagenet_c,defocus_blur,1,none
efficientnet_b4,ILSVRC2012_val_00001885.JPEG,n02417914,350,350,0.52391905,1,imagenet_c,defocus_blur,1,none
efficientnet_b4,ILSVRC2012_val_00002583.JPEG,n02417914,350,350,0.619972,1,imagenet_c,defocus_blur,1,none
efficientnet_b4,ILSVRC2012_val_00002956.JPEG,n02417914,350,350,0.5594916,1,imagenet_c,defocus_blur,1,none
efficientnet_b4,ILSVRC2012_val_00003685.JPEG,n02417914,350,350,0.5405129,1,imagenet_c,defocus_blur,1,none
efficientnet_b4,ILSVRC2012_val_00004814.JPEG,n02417914,350,350,0.060699683,1,imagenet_c,defocus_blur,1,none
efficientnet_b4,ILSVRC2012_val_00004914.JPEG,n02417914,350,350,0.4565701,1,imagenet_c,defocus_blur,1,none
efficientnet_b4,ILSVRC2012_val_00009082.JPEG,n02417914,350,350,0.6823157,1,imagenet_c,defocus_blur,1,none
efficientnet_b4,ILSVRC2012_val_00009996.JPEG,n02417914,350,350,0.040082477,1,imagenet_c,defocus_blur,1,none
efficientnet_b4,ILSVRC2012_val_00010701.JPEG,n02417914,350,350,0.5228701,1,imagenet_c,defocus_blur,1,none
efficientnet_b4,ILSVRC2012_val_00011631.JPEG,n02417914,350,350,0.671994,1,imagenet_c,defocus_blur,1,none
efficientnet_b4,ILSVRC2012_val_00011977.JPEG,n02417914,350,350,0.53365266,1,imagenet_c,defocus_blur,1,none
efficientnet_b4,ILSVRC2012_val_00012409.JPEG,n02417914,350,350,0.6243462,1,imagenet_c,defocus_blur,1,none
efficientnet_b4,ILSVRC2012_val_00015236.JPEG,n02417914,350,350,0.5818067,1,imagenet_c,defocus_blur,1,none
efficientnet_b4,ILSVRC2012_val_00015259.JPEG,n02417914,350,350,0.55467314,1,imagenet_c,defocus_blur,1,none
efficientnet_b4,ILSVRC2012_val_00016192.JPEG,n02417914,350,350,0.32198855,1,imagenet_c,defocus_blur,1,none
efficientnet_b4,ILSVRC2012_val_00020802.JPEG,n02417914,350,350,0.36364552,1,imagenet_c,defocus_blur,1,none
efficientnet_b4,ILSVRC2012_val_00021563.JPEG,n02417914,350,350,0.47023797,1,imagenet_c,defocus_blur,1,none
efficientnet_b4,ILSVRC2012_val_00023225.JPEG,n02417914,350,350,0.55740803,1,imagenet_c,defocus_blur,1,none
efficientnet_b4,ILSVRC2012_val_00023489.JPEG,n02417914,350,350,0.55300546,1,imagenet_c,defocus_blur,1,none
efficientnet_b4,ILSVRC2012_val_00024279.JPEG,n02417914,350,350,0.4592272,1,imagenet_c,defocus_blur,1,none
efficientnet_b4,ILSVRC2012_val_00024722.JPEG,n02417914,350,350,0.3536145,1,imagenet_c,defocus_blur,1,none
efficientnet_b4,ILSVRC2012_val_00025770.JPEG,n02417914,350,350,0.5008963,1,imagenet_c,defocus_blur,1,none
efficientnet_b4,ILSVRC2012_val_00025982.JPEG,n02417914,350,350,0.4110613,1,imagenet_c,defocus_blur,1,none
efficientnet_b4,ILSVRC2012_val_00027987.JPEG,n02417914,350,350,0.583826,1,imagenet_c,defocus_blur,1,none
efficientnet_b4,ILSVRC2012_val_00028619.JPEG,n02417914,350,350,0.5748799,1,imagenet_c,defocus_blur,1,none
efficientnet_b4,ILSVRC2012_val_00028707.JPEG,n02417914,350,350,0.5318108,1,imagenet_c,defocus_blur,1,none
efficientnet_b4,ILSVRC2012_val_00029221.JPEG,n02417914,350,350,0.4922638,1,imagenet_c,defocus_blur,1,none
efficientnet_b4,ILSVRC2012_val_00029315.JPEG,n02417914,350,350,0.5699133,1,imagenet_c,defocus_blur,1,none
efficientnet_b4,ILSVRC2012_val_00029669.JPEG,n02417914,350,350,0.35715088,1,imagenet_c,defocus_blur,1,none
efficientnet_b4,ILSVRC2012_val_00030559.JPEG,n02417914,350,350,0.5359708,1,imagenet_c,defocus_blur,1,none
efficientnet_b4,ILSVRC2012_val_00030738.JPEG,n02417914,350,350,0.7007947,1,imagenet_c,defocus_blur,1,none
efficientnet_b4,ILSVRC2012_val_00032208.JPEG,n02417914,350,350,0.4727773,1,imagenet_c,defocus_blur,1,none
efficientnet_b4,ILSVRC2012_val_00032467.JPEG,n02417914,350,350,0.34940717,1,imagenet_c,defocus_blur,1,none
efficientnet_b4,ILSVRC2012_val_00032544.JPEG,n02417914,350,350,0.44139054,1,imagenet_c,defocus_blur,1,none
efficientnet_b4,ILSVRC2012_val_00032672.JPEG,n02417914,350,350,0.3179371,1,imagenet_c,defocus_blur,1,none
efficientnet_b4,ILSVRC2012_val_00033322.JPEG,n02417914,350,350,0.4916691,1,imagenet_c,defocus_blur,1,none
efficientnet_b4,ILSVRC2012_val_00034207.JPEG,n02417914,350,350,0.46376556,1,imagenet_c,defocus_blur,1,none
efficientnet_b4,ILSVRC2012_val_00034916.JPEG,n02417914,350,350,0.49223277,1,imagenet_c,defocus_blur,1,none
efficientnet_b4,ILSVRC2012_val_00035284.JPEG,n02417914,350,350,0.5361968,1,imagenet_c,defocus_blur,1,none
efficientnet_b4,ILSVRC2012_val_00035331.JPEG,n02417914,350,350,0.5119666,1,imagenet_c,defocus_blur,1,none
efficientnet_b4,ILSVRC2012_val_00038004.JPEG,n02417914,350,350,0.44826365,1,imagenet_c,defocus_blur,1,none
efficientnet_b4,ILSVRC2012_val_00040252.JPEG,n02417914,350,350,0.3341062,1,imagenet_c,defocus_blur,1,none
efficientnet_b4,ILSVRC2012_val_00041622.JPEG,n02417914,350,350,0.48811314,1,imagenet_c,defocus_blur,1,none
efficientnet_b4,ILSVRC2012_val_00042511.JPEG,n02417914,350,350,0.1739074,1,imagenet_c,defocus_blur,1,none
efficientnet_b4,ILSVRC2012_val_00044074.JPEG,n02417914,350,350,0.52709204,1,imagenet_c,defocus_blur,1,none
efficientnet_b4,ILSVRC2012_val_00046345.JPEG,n02417914,350,350,0.5859491,1,imagenet_c,defocus_blur,1,none
efficientnet_b4,ILSVRC2012_val_00047806.JPEG,n02417914,350,350,0.5844247,1,imagenet_c,defocus_blur,1,none
efficientnet_b4,ILSVRC2012_val_00048647.JPEG,n02417914,350,350,0.4342701,1,imagenet_c,defocus_blur,1,none
efficientnet_b4,ILSVRC2012_val_00001232.JPEG,n02422106,351,351,0.7194339,1,imagenet_c,defocus_blur,1,none
efficientnet_b4,ILSVRC2012_val_00002073.JPEG,n02422106,351,351,0.7956835,1,imagenet_c,defocus_blur,1,none
efficientnet_b4,ILSVRC2012_val_00002891.JPEG,n02422106,351,351,0.79108435,1,imagenet_c,defocus_blur,1,none
efficientnet_b4,ILSVRC2012_val_00003221.JPEG,n02422106,351,351,0.70960873,1,imagenet_c,defocus_blur,1,none
efficientnet_b4,ILSVRC2012_val_00003225.JPEG,n02422106,351,351,0.7206592,1,imagenet_c,defocus_blur,1,none
efficientnet_b4,ILSVRC2012_val_00003402.JPEG,n02422106,351,351,0.3962412,1,imagenet_c,defocus_blur,1,none
efficientnet_b4,ILSVRC2012_val_00003482.JPEG,n02422106,351,351,0.6131184,1,imagenet_c,defocus_blur,1,none
efficientnet_b4,ILSVRC2012_val_00006240.JPEG,n02422106,351,351,0.5184328,1,imagenet_c,defocus_blur,1,none
efficientnet_b4,ILSVRC2012_val_00006385.JPEG,n02422106,351,351,0.6763479,1,imagenet_c,defocus_blur,1,none
efficientnet_b4,ILSVRC2012_val_00007363.JPEG,n02422106,351,351,0.6841571,1,imagenet_c,defocus_blur,1,none
efficientnet_b4,ILSVRC2012_val_00007690.JPEG,n02422106,351,351,0.76862097,1,imagenet_c,defocus_blur,1,none
efficientnet_b4,ILSVRC2012_val_00009077.JPEG,n02422106,351,351,0.55519307,1,imagenet_c,defocus_blur,1,none
efficientnet_b4,ILSVRC2012_val_00010317.JPEG,n02422106,351,351,0.6799703,1,imagenet_c,defocus_blur,1,none
efficientnet_b4,ILSVRC2012_val_00011716.JPEG,n02422106,351,351,0.70922464,1,imagenet_c,defocus_blur,1,none
efficientnet_b4,ILSVRC2012_val_00014740.JPEG,n02422106,351,351,0.41918468,1,imagenet_c,defocus_blur,1,none
efficientnet_b4,ILSVRC2012_val_00014980.JPEG,n02422106,351,351,0.7375834,1,imagenet_c,defocus_blur,1,none
efficientnet_b4,ILSVRC2012_val_00015362.JPEG,n02422106,351,351,0.68489426,1,imagenet_c,defocus_blur,1,none
efficientnet_b4,ILSVRC2012_val_00015744.JPEG,n02422106,351,351,0.65177804,1,imagenet_c,defocus_blur,1,none
efficientnet_b4,ILSVRC2012_val_00016312.JPEG,n02422106,351,351,0.6659508,1,imagenet_c,defocus_blur,1,none
efficientnet_b4,ILSVRC2012_val_00017389.JPEG,n02422106,351,351,0.76309776,1,imagenet_c,defocus_blur,1,none
efficientnet_b4,ILSVRC2012_val_00018252.JPEG,n02422106,351,351,0.6238694,1,imagenet_c,defocus_blur,1,none
efficientnet_b4,ILSVRC2012_val_00020226.JPEG,n02422106,351,351,0.2222546,1,imagenet_c,defocus_blur,1,none
efficientnet_b4,ILSVRC2012_val_00020699.JPEG,n02422106,351,351,0.65835935,1,imagenet_c,defocus_blur,1,none
efficientnet_b4,ILSVRC2012_val_00020942.JPEG,n02422106,351,351,0.5709276,1,imagenet_c,defocus_blur,1,none
efficientnet_b4,ILSVRC2012_val_00021796.JPEG,n02422106,351,351,0.6199761,1,imagenet_c,defocus_blur,1,none
efficientnet_b4,ILSVRC2012_val_00023238.JPEG,n02422106,351,351,0.7351827,1,imagenet_c,defocus_blur,1,none
efficientnet_b4,ILSVRC2012_val_00023252.JPEG,n02422106,351,351,0.82724154,1,imagenet_c,defocus_blur,1,none
efficientnet_b4,ILSVRC2012_val_00024349.JPEG,n02422106,351,351,0.61612064,1,imagenet_c,defocus_blur,1,none
efficientnet_b4,ILSVRC2012_val_00028435.JPEG,n02422106,351,351,0.6335658,1,imagenet_c,defocus_blur,1,none
efficientnet_b4,ILSVRC2012_val_00028542.JPEG,n02422106,351,351,0.72422105,1,imagenet_c,defocus_blur,1,none
efficientnet_b4,ILSVRC2012_val_00028894.JPEG,n02422106,351,351,0.6169837,1,imagenet_c,defocus_blur,1,none
efficientnet_b4,ILSVRC2012_val_00030075.JPEG,n02422106,351,351,0.6054579,1,imagenet_c,defocus_blur,1,none
efficientnet_b4,ILSVRC2012_val_00032603.JPEG,n02422106,351,351,0.5473267,1,imagenet_c,defocus_blur,1,none
efficientnet_b4,ILSVRC2012_val_00032678.JPEG,n02422106,351,351,0.71773034,1,imagenet_c,defocus_blur,1,none
efficientnet_b4,ILSVRC2012_val_00034990.JPEG,n02422106,351,351,0.65043086,1,imagenet_c,defocus_blur,1,none
efficientnet_b4,ILSVRC2012_val_00035337.JPEG,n02422106,351,351,0.66803324,1,imagenet_c,defocus_blur,1,none
efficientnet_b4,ILSVRC2012_val_00036270.JPEG,n02422106,351,346,0.19501376,0,imagenet_c,defocus_blur,1,none
efficientnet_b4,ILSVRC2012_val_00037470.JPEG,n02422106,351,351,0.65989244,1,imagenet_c,defocus_blur,1,none
efficientnet_b4,ILSVRC2012_val_00037816.JPEG,n02422106,351,351,0.76558733,1,imagenet_c,defocus_blur,1,none
efficientnet_b4,ILSVRC2012_val_00038984.JPEG,n02422106,351,351,0.6270961,1,imagenet_c,defocus_blur,1,none
efficientnet_b4,ILSVRC2012_val_00039423.JPEG,n02422106,351,351,0.61503804,1,imagenet_c,defocus_blur,1,none
efficientnet_b4,ILSVRC2012_val_00041272.JPEG,n02422106,351,351,0.6427722,1,imagenet_c,defocus_blur,1,none
efficientnet_b4,ILSVRC2012_val_00043623.JPEG,n02422106,351,351,0.74368393,1,imagenet_c,defocus_blur,1,none
efficientnet_b4,ILSVRC2012_val_00044986.JPEG,n02422106,351,351,0.68716186,1,imagenet_c,defocus_blur,1,none
efficientnet_b4,ILSVRC2012_val_00045174.JPEG,n02422106,351,351,0.72940034,1,imagenet_c,defocus_blur,1,none
efficientnet_b4,ILSVRC2012_val_00046722.JPEG,n02422106,351,351,0.17235038,1,imagenet_c,defocus_blur,1,none
efficientnet_b4,ILSVRC2012_val_00047424.JPEG,n02422106,351,351,0.74289054,1,imagenet_c,defocus_blur,1,none
efficientnet_b4,ILSVRC2012_val_00047709.JPEG,n02422106,351,351,0.66535145,1,imagenet_c,defocus_blur,1,none
efficientnet_b4,ILSVRC2012_val_00047814.JPEG,n02422106,351,351,0.31878355,1,imagenet_c,defocus_blur,1,none
efficientnet_b4,ILSVRC2012_val_00049022.JPEG,n02422106,351,351,0.60192066,1,imagenet_c,defocus_blur,1,none
efficientnet_b4,ILSVRC2012_val_00000127.JPEG,n02422699,352,352,0.5677073,1,imagenet_c,defocus_blur,1,none
efficientnet_b4,ILSVRC2012_val_00001640.JPEG,n02422699,352,353,0.32725725,0,imagenet_c,defocus_blur,1,none
efficientnet_b4,ILSVRC2012_val_00002064.JPEG,n02422699,352,352,0.603981,1,imagenet_c,defocus_blur,1,none
efficientnet_b4,ILSVRC2012_val_00002815.JPEG,n02422699,352,352,0.4831072,1,imagenet_c,defocus_blur,1,none
efficientnet_b4,ILSVRC2012_val_00003871.JPEG,n02422699,352,352,0.2640581,1,imagenet_c,defocus_blur,1,none
efficientnet_b4,ILSVRC2012_val_00006306.JPEG,n02422699,352,352,0.40757772,1,imagenet_c,defocus_blur,1,none
efficientnet_b4,ILSVRC2012_val_00006973.JPEG,n02422699,352,352,0.5679714,1,imagenet_c,defocus_blur,1,none
efficientnet_b4,ILSVRC2012_val_00007395.JPEG,n02422699,352,353,0.30822286,0,imagenet_c,defocus_blur,1,none
efficientnet_b4,ILSVRC2012_val_00007586.JPEG,n02422699,352,353,0.3033811,0,imagenet_c,defocus_blur,1,none
efficientnet_b4,ILSVRC2012_val_00009287.JPEG,n02422699,352,352,0.5572271,1,imagenet_c,defocus_blur,1,none
efficientnet_b4,ILSVRC2012_val_00009954.JPEG,n02422699,352,352,0.30982643,1,imagenet_c,defocus_blur,1,none
efficientnet_b4,ILSVRC2012_val_00010132.JPEG,n02422699,352,352,0.48360318,1,imagenet_c,defocus_blur,1,none
efficientnet_b4,ILSVRC2012_val_00011737.JPEG,n02422699,352,352,0.4733821,1,imagenet_c,defocus_blur,1,none
efficientnet_b4,ILSVRC2012_val_00011756.JPEG,n02422699,352,353,0.5807375,0,imagenet_c,defocus_blur,1,none
efficientnet_b4,ILSVRC2012_val_00012297.JPEG,n02422699,352,352,0.5562612,1,imagenet_c,defocus_blur,1,none
efficientnet_b4,ILSVRC2012_val_00015081.JPEG,n02422699,352,352,0.5725718,1,imagenet_c,defocus_blur,1,none
efficientnet_b4,ILSVRC2012_val_00016293.JPEG,n02422699,352,352,0.20514992,1,imagenet_c,defocus_blur,1,none
efficientnet_b4,ILSVRC2012_val_00018210.JPEG,n02422699,352,352,0.46532536,1,imagenet_c,defocus_blur,1,none
efficientnet_b4,ILSVRC2012_val_00018236.JPEG,n02422699,352,352,0.44842952,1,imagenet_c,defocus_blur,1,none
efficientnet_b4,ILSVRC2012_val_00018674.JPEG,n02422699,352,352,0.5125217,1,imagenet_c,defocus_blur,1,none
efficientnet_b4,ILSVRC2012_val_00020404.JPEG,n02422699,352,353,0.2696643,0,imagenet_c,defocus_blur,1,none
efficientnet_b4,ILSVRC2012_val_00021701.JPEG,n02422699,352,353,0.2779193,0,imagenet_c,defocus_blur,1,none
efficientnet_b4,ILSVRC2012_val_00024665.JPEG,n02422699,352,352,0.39029047,1,imagenet_c,defocus_blur,1,none
efficientnet_b4,ILSVRC2012_val_00025116.JPEG,n02422699,352,805,0.02949784,0,imagenet_c,defocus_blur,1,none
efficientnet_b4,ILSVRC2012_val_00025352.JPEG,n02422699,352,353,0.6378681,0,imagenet_c,defocus_blur,1,none
efficientnet_b4,ILSVRC2012_val_00025384.JPEG,n02422699,352,352,0.4449915,1,imagenet_c,defocus_blur,1,none
efficientnet_b4,ILSVRC2012_val_00026299.JPEG,n02422699,352,353,0.29709566,0,imagenet_c,defocus_blur,1,none
efficientnet_b4,ILSVRC2012_val_00027012.JPEG,n02422699,352,353,0.2784541,0,imagenet_c,defocus_blur,1,none
efficientnet_b4,ILSVRC2012_val_00027136.JPEG,n02422699,352,353,0.0521314,0,imagenet_c,defocus_blur,1,none
efficientnet_b4,ILSVRC2012_val_00027625.JPEG,n02422699,352,703,0.059522137,0,imagenet_c,defocus_blur,1,none
efficientnet_b4,ILSVRC2012_val_00028451.JPEG,n02422699,352,352,0.43830606,1,imagenet_c,defocus_blur,1,none
efficientnet_b4,ILSVRC2012_val_00028482.JPEG,n02422699,352,352,0.37761757,1,imagenet_c,defocus_blur,1,none
efficientnet_b4,ILSVRC2012_val_00030033.JPEG,n02422699,352,352,0.5181148,1,imagenet_c,defocus_blur,1,none
efficientnet_b4,ILSVRC2012_val_00031421.JPEG,n02422699,352,352,0.5727706,1,imagenet_c,defocus_blur,1,none
efficientnet_b4,ILSVRC2012_val_00031910.JPEG,n02422699,352,352,0.5181846,1,imagenet_c,defocus_blur,1,none
efficientnet_b4,ILSVRC2012_val_00032385.JPEG,n02422699,352,352,0.5297957,1,imagenet_c,defocus_blur,1,none
efficientnet_b4,ILSVRC2012_val_00034071.JPEG,n02422699,352,353,0.27651897,0,imagenet_c,defocus_blur,1,none
efficientnet_b4,ILSVRC2012_val_00035239.JPEG,n02422699,352,351,0.050326526,0,imagenet_c,defocus_blur,1,none
efficientnet_b4,ILSVRC2012_val_00036108.JPEG,n02422699,352,352,0.35237297,1,imagenet_c,defocus_blur,1,none
efficientnet_b4,ILSVRC2012_val_00036178.JPEG,n02422699,352,276,0.09827256,0,imagenet_c,defocus_blur,1,none
efficientnet_b4,ILSVRC2012_val_00037295.JPEG,n02422699,352,353,0.3805187,0,imagenet_c,defocus_blur,1,none
efficientnet_b4,ILSVRC2012_val_00037656.JPEG,n02422699,352,353,0.36246452,0,imagenet_c,defocus_blur,1,none
efficientnet_b4,ILSVRC2012_val_00041130.JPEG,n02422699,352,352,0.30006853,1,imagenet_c,defocus_blur,1,none
efficientnet_b4,ILSVRC2012_val_00042401.JPEG,n02422699,352,352,0.3260392,1,imagenet_c,defocus_blur,1,none
efficientnet_b4,ILSVRC2012_val_00042971.JPEG,n02422699,352,352,0.35639873,1,imagenet_c,defocus_blur,1,none
efficientnet_b4,ILSVRC2012_val_00043784.JPEG,n02422699,352,352,0.42254668,1,imagenet_c,defocus_blur,1,none
efficientnet_b4,ILSVRC2012_val_00047823.JPEG,n02422699,352,352,0.3679094,1,imagenet_c,defocus_blur,1,none
efficientnet_b4,ILSVRC2012_val_00047967.JPEG,n02422699,352,352,0.21293847,1,imagenet_c,defocus_blur,1,none
efficientnet_b4,ILSVRC2012_val_00048459.JPEG,n02422699,352,353,0.28730148,0,imagenet_c,defocus_blur,1,none
efficientnet_b4,ILSVRC2012_val_00049120.JPEG,n02422699,352,352,0.31089738,1,imagenet_c,defocus_blur,1,none
efficientnet_b4,ILSVRC2012_val_00003125.JPEG,n02423022,353,353,0.3792755,1,imagenet_c,defocus_blur,1,none
efficientnet_b4,ILSVRC2012_val_00003163.JPEG,n02423022,353,353,0.4577712,1,imagenet_c,defocus_blur,1,none
efficientnet_b4,ILSVRC2012_val_00003655.JPEG,n02423022,353,353,0.7261833,1,imagenet_c,defocus_blur,1,none
efficientnet_b4,ILSVRC2012_val_00003958.JPEG,n02423022,353,353,0.27734828,1,imagenet_c,defocus_blur,1,none
efficientnet_b4,ILSVRC2012_val_00004880.JPEG,n02423022,353,353,0.18613747,1,imagenet_c,defocus_blur,1,none
efficientnet_b4,ILSVRC2012_val_00007265.JPEG,n02423022,353,353,0.4814301,1,imagenet_c,defocus_blur,1,none
efficientnet_b4,ILSVRC2012_val_00008084.JPEG,n02423022,353,353,0.4582903,1,imagenet_c,defocus_blur,1,none
efficientnet_b4,ILSVRC2012_val_00009267.JPEG,n02423022,353,353,0.65777385,1,imagenet_c,defocus_blur,1,none
efficientnet_b4,ILSVRC2012_val_00012135.JPEG,n02423022,353,353,0.33203065,1,imagenet_c,defocus_blur,1,none
efficientnet_b4,ILSVRC2012_val_00013170.JPEG,n02423022,353,353,0.563127,1,imagenet_c,defocus_blur,1,none
efficientnet_b4,ILSVRC2012_val_00013417.JPEG,n02423022,353,355,0.46355337,0,imagenet_c,defocus_blur,1,none
efficientnet_b4,ILSVRC2012_val_00013750.JPEG,n02423022,353,353,0.53363854,1,imagenet_c,defocus_blur,1,none
efficientnet_b4,ILSVRC2012_val_00016223.JPEG,n02423022,353,351,0.38956052,0,imagenet_c,defocus_blur,1,none
efficientnet_b4,ILSVRC2012_val_00018436.JPEG,n02423022,353,352,0.25181237,0,imagenet_c,defocus_blur,1,none
efficientnet_b4,ILSVRC2012_val_00019066.JPEG,n02423022,353,353,0.5567641,1,imagenet_c,defocus_blur,1,none
efficientnet_b4,ILSVRC2012_val_00019079.JPEG,n02423022,353,353,0.4822306,1,imagenet_c,defocus_blur,1,none
efficientnet_b4,ILSVRC2012_val_00019917.JPEG,n02423022,353,353,0.5645085,1,imagenet_c,defocus_blur,1,none
efficientnet_b4,ILSVRC2012_val_00020949.JPEG,n02423022,353,351,0.19811723,0,imagenet_c,defocus_blur,1,none
efficientnet_b4,ILSVRC2012_val_00021151.JPEG,n02423022,353,353,0.05783345,1,imagenet_c,defocus_blur,1,none
efficientnet_b4,ILSVRC2012_val_00021549.JPEG,n02423022,353,353,0.25222138,1,imagenet_c,defocus_blur,1,none
efficientnet_b4,ILSVRC2012_val_00021795.JPEG,n02423022,353,353,0.42774618,1,imagenet_c,defocus_blur,1,none
efficientnet_b4,ILSVRC2012_val_00023708.JPEG,n02423022,353,353,0.5513768,1,imagenet_c,defocus_blur,1,none
efficientnet_b4,ILSVRC2012_val_00023933.JPEG,n02423022,353,353,0.6073769,1,imagenet_c,defocus_blur,1,none
efficientnet_b4,ILSVRC2012_val_00023976.JPEG,n02423022,353,353,0.116279274,1,imagenet_c,defocus_blur,1,none
efficientnet_b4,ILSVRC2012_val_00024266.JPEG,n02423022,353,353,0.45449448,1,imagenet_c,defocus_blur,1,none
efficientnet_b4,ILSVRC2012_val_00025678.JPEG,n02423022,353,353,0.7517236,1,imagenet_c,defocus_blur,1,none
efficientnet_b4,ILSVRC2012_val_00028130.JPEG,n02423022,353,345,0.13192633,0,imagenet_c,defocus_blur,1,none
efficientnet_b4,ILSVRC2012_val_00028513.JPEG,n02423022,353,353,0.5375065,1,imagenet_c,defocus_blur,1,none
efficientnet_b4,ILSVRC2012_val_00029599.JPEG,n02423022,353,353,0.7288141,1,imagenet_c,defocus_blur,1,none
efficientnet_b4,ILSVRC2012_val_00029641.JPEG,n02423022,353,353,0.6774691,1,imagenet_c,defocus_blur,1,none
efficientnet_b4,ILSVRC2012_val_00029872.JPEG,n02423022,353,352,0.24310516,0,imagenet_c,defocus_blur,1,none
efficientnet_b4,ILSVRC2012_val_00030609.JPEG,n02423022,353,353,0.667108,1,imagenet_c,defocus_blur,1,none
efficientnet_b4,ILSVRC2012_val_00030844.JPEG,n02423022,353,353,0.8291609,1,imagenet_c,defocus_blur,1,none
efficientnet_b4,ILSVRC2012_val_00031339.JPEG,n02423022,353,353,0.2467604,1,imagenet_c,defocus_blur,1,none
efficientnet_b4,ILSVRC2012_val_00033252.JPEG,n02423022,353,353,0.48259982,1,imagenet_c,defocus_blur,1,none
efficientnet_b4,ILSVRC2012_val_00034438.JPEG,n02423022,353,353,0.31130993,1,imagenet_c,defocus_blur,1,none
efficientnet_b4,ILSVRC2012_val_00035003.JPEG,n02423022,353,356,0.034851722,0,imagenet_c,defocus_blur,1,none
efficientnet_b4,ILSVRC2012_val_00035456.JPEG,n02423022,353,353,0.510497,1,imagenet_c,defocus_blur,1,none
efficientnet_b4,ILSVRC2012_val_00035559.JPEG,n02423022,353,372,0.032938894,0,imagenet_c,defocus_blur,1,none
efficientnet_b4,ILSVRC2012_val_00036577.JPEG,n02423022,353,353,0.7986521,1,imagenet_c,defocus_blur,1,none
efficientnet_b4,ILSVRC2012_val_00039366.JPEG,n02423022,353,353,0.19306128,1,imagenet_c,defocus_blur,1,none
efficientnet_b4,ILSVRC2012_val_00041491.JPEG,n02423022,353,353,0.71783394,1,imagenet_c,defocus_blur,1,none
efficientnet_b4,ILSVRC2012_val_00042716.JPEG,n02423022,353,353,0.66676074,1,imagenet_c,defocus_blur,1,none
efficientnet_b4,ILSVRC2012_val_00044005.JPEG,n02423022,353,353,0.6449451,1,imagenet_c,defocus_blur,1,none
efficientnet_b4,ILSVRC2012_val_00044567.JPEG,n02423022,353,353,0.71446794,1,imagenet_c,defocus_blur,1,none
efficientnet_b4,ILSVRC2012_val_00044771.JPEG,n02423022,353,353,0.8348668,1,imagenet_c,defocus_blur,1,none
efficientnet_b4,ILSVRC2012_val_00046413.JPEG,n02423022,353,353,0.64313287,1,imagenet_c,defocus_blur,1,none
efficientnet_b4,ILSVRC2012_val_00047308.JPEG,n02423022,353,353,0.714516,1,imagenet_c,defocus_blur,1,none
efficientnet_b4,ILSVRC2012_val_00047318.JPEG,n02423022,353,353,0.34601724,1,imagenet_c,defocus_blur,1,none
efficientnet_b4,ILSVRC2012_val_00048342.JPEG,n02423022,353,353,0.3915606,1,imagenet_c,defocus_blur,1,none
efficientnet_b4,ILSVRC2012_val_00002271.JPEG,n02437312,354,354,0.27368802,1,imagenet_c,defocus_blur,1,none
efficientnet_b4,ILSVRC2012_val_00003409.JPEG,n02437312,354,354,0.5178754,1,imagenet_c,defocus_blur,1,none
efficientnet_b4,ILSVRC2012_val_00004720.JPEG,n02437312,354,354,0.44252414,1,imagenet_c,defocus_blur,1,none
efficientnet_b4,ILSVRC2012_val_00005356.JPEG,n02437312,354,354,0.65813196,1,imagenet_c,defocus_blur,1,none
efficientnet_b4,ILSVRC2012_val_00006200.JPEG,n02437312,354,354,0.6984092,1,imagenet_c,defocus_blur,1,none
efficientnet_b4,ILSVRC2012_val_00006245.JPEG,n02437312,354,354,0.3571631,1,imagenet_c,defocus_blur,1,none
efficientnet_b4,ILSVRC2012_val_00006577.JPEG,n02437312,354,354,0.5452254,1,imagenet_c,defocus_blur,1,none
efficientnet_b4,ILSVRC2012_val_00009825.JPEG,n02437312,354,354,0.42809704,1,imagenet_c,defocus_blur,1,none
efficientnet_b4,ILSVRC2012_val_00011354.JPEG,n02437312,354,354,0.5032952,1,imagenet_c,defocus_blur,1,none
efficientnet_b4,ILSVRC2012_val_00013383.JPEG,n02437312,354,354,0.41511512,1,imagenet_c,defocus_blur,1,none
efficientnet_b4,ILSVRC2012_val_00013553.JPEG,n02437312,354,354,0.43352544,1,imagenet_c,defocus_blur,1,none
efficientnet_b4,ILSVRC2012_val_00014644.JPEG,n02437312,354,354,0.4725989,1,imagenet_c,defocus_blur,1,none
efficientnet_b4,ILSVRC2012_val_00015229.JPEG,n02437312,354,354,0.35684827,1,imagenet_c,defocus_blur,1,none
efficientnet_b4,ILSVRC2012_val_00015861.JPEG,n02437312,354,354,0.44254944,1,imagenet_c,defocus_blur,1,none
efficientnet_b4,ILSVRC2012_val_00015872.JPEG,n02437312,354,354,0.5090864,1,imagenet_c,defocus_blur,1,none
efficientnet_b4,ILSVRC2012_val_00016367.JPEG,n02437312,354,354,0.46204224,1,imagenet_c,defocus_blur,1,none
efficientnet_b4,ILSVRC2012_val_00016386.JPEG,n02437312,354,354,0.53976035,1,imagenet_c,defocus_blur,1,none
efficientnet_b4,ILSVRC2012_val_00016586.JPEG,n02437312,354,354,0.36797136,1,imagenet_c,defocus_blur,1,none
efficientnet_b4,ILSVRC2012_val_00018774.JPEG,n02437312,354,354,0.50351125,1,imagenet_c,defocus_blur,1,none
efficientnet_b4,ILSVRC2012_val_00019200.JPEG,n02437312,354,354,0.5963013,1,imagenet_c,defocus_blur,1,none
efficientnet_b4,ILSVRC2012_val_00019248.JPEG,n02437312,354,354,0.53612196,1,imagenet_c,defocus_blur,1,none
efficientnet_b4,ILSVRC2012_val_00019635.JPEG,n02437312,354,354,0.584758,1,imagenet_c,defocus_blur,1,none
efficientnet_b4,ILSVRC2012_val_00020137.JPEG,n02437312,354,354,0.399401,1,imagenet_c,defocus_blur,1,none
efficientnet_b4,ILSVRC2012_val_00020515.JPEG,n02437312,354,354,0.53003657,1,imagenet_c,defocus_blur,1,none
efficientnet_b4,ILSVRC2012_val_00020850.JPEG,n02437312,354,354,0.4859615,1,imagenet_c,defocus_blur,1,none
efficientnet_b4,ILSVRC2012_val_00021903.JPEG,n02437312,354,354,0.32151273,1,imagenet_c,defocus_blur,1,none
efficientnet_b4,ILSVRC2012_val_00022162.JPEG,n02437312,354,207,0.06926779,0,imagenet_c,defocus_blur,1,none
efficientnet_b4,ILSVRC2012_val_00024798.JPEG,n02437312,354,170,0.1691454,0,imagenet_c,defocus_blur,1,none
efficientnet_b4,ILSVRC2012_val_00025683.JPEG,n02437312,354,354,0.48109156,1,imagenet_c,defocus_blur,1,none
efficientnet_b4,ILSVRC2012_val_00026662.JPEG,n02437312,354,354,0.81334627,1,imagenet_c,defocus_blur,1,none
efficientnet_b4,ILSVRC2012_val_00027334.JPEG,n02437312,354,354,0.6276982,1,imagenet_c,defocus_blur,1,none
efficientnet_b4,ILSVRC2012_val_00027819.JPEG,n02437312,354,354,0.5021533,1,imagenet_c,defocus_blur,1,none
efficientnet_b4,ILSVRC2012_val_00027955.JPEG,n02437312,354,354,0.15361087,1,imagenet_c,defocus_blur,1,none
efficientnet_b4,ILSVRC2012_val_00029986.JPEG,n02437312,354,354,0.54403335,1,imagenet_c,defocus_blur,1,none
efficientnet_b4,ILSVRC2012_val_00030464.JPEG,n02437312,354,354,0.2553834,1,imagenet_c,defocus_blur,1,none
efficientnet_b4,ILSVRC2012_val_00032207.JPEG,n02437312,354,354,0.35576233,1,imagenet_c,defocus_blur,1,none
efficientnet_b4,ILSVRC2012_val_00033344.JPEG,n02437312,354,354,0.5936952,1,imagenet_c,defocus_blur,1,none
efficientnet_b4,ILSVRC2012_val_00033508.JPEG,n02437312,354,354,0.64360344,1,imagenet_c,defocus_blur,1,none
efficientnet_b4,ILSVRC2012_val_00035662.JPEG,n02437312,354,354,0.533822,1,imagenet_c,defocus_blur,1,none
efficientnet_b4,ILSVRC2012_val_00037340.JPEG,n02437312,354,354,0.5978841,1,imagenet_c,defocus_blur,1,none
efficientnet_b4,ILSVRC2012_val_00037772.JPEG,n02437312,354,9,0.04893549,0,imagenet_c,defocus_blur,1,none
efficientnet_b4,ILSVRC2012_val_00038495.JPEG,n02437312,354,354,0.44724023,1,imagenet_c,defocus_blur,1,none
efficientnet_b4,ILSVRC2012_val_00039249.JPEG,n02437312,354,354,0.6687541,1,imagenet_c,defocus_blur,1,none
efficientnet_b4,ILSVRC2012_val_00040087.JPEG,n02437312,354,354,0.5749154,1,imagenet_c,defocus_blur,1,none
efficientnet_b4,ILSVRC2012_val_00042231.JPEG,n02437312,354,354,0.47118944,1,imagenet_c,defocus_blur,1,none
efficientnet_b4,ILSVRC2012_val_00046714.JPEG,n02437312,354,354,0.6161246,1,imagenet_c,defocus_blur,1,none
efficientnet_b4,ILSVRC2012_val_00046752.JPEG,n02437312,354,354,0.5646896,1,imagenet_c,defocus_blur,1,none
efficientnet_b4,ILSVRC2012_val_00048618.JPEG,n02437312,354,354,0.50394106,1,imagenet_c,defocus_blur,1,none
efficientnet_b4,ILSVRC2012_val_00049007.JPEG,n02437312,354,354,0.5978869,1,imagenet_c,defocus_blur,1,none
efficientnet_b4,ILSVRC2012_val_00049912.JPEG,n02437312,354,354,0.56399375,1,imagenet_c,defocus_blur,1,none
efficientnet_b4,ILSVRC2012_val_00000343.JPEG,n02437616,355,355,0.6875303,1,imagenet_c,defocus_blur,1,none
efficientnet_b4,ILSVRC2012_val_00001050.JPEG,n02437616,355,355,0.44944307,1,imagenet_c,defocus_blur,1,none
efficientnet_b4,ILSVRC2012_val_00001333.JPEG,n02437616,355,355,0.4266395,1,imagenet_c,defocus_blur,1,none
efficientnet_b4,ILSVRC2012_val_00003654.JPEG,n02437616,355,355,0.50895464,1,imagenet_c,defocus_blur,1,none
efficientnet_b4,ILSVRC2012_val_00004793.JPEG,n02437616,355,355,0.6409446,1,imagenet_c,defocus_blur,1,none
efficientnet_b4,ILSVRC2012_val_00005960.JPEG,n02437616,355,354,0.56680924,0,imagenet_c,defocus_blur,1,none
efficientnet_b4,ILSVRC2012_val_00009205.JPEG,n02437616,355,355,0.53033197,1,imagenet_c,defocus_blur,1,none
efficientnet_b4,ILSVRC2012_val_00009719.JPEG,n02437616,355,355,0.5273875,1,imagenet_c,defocus_blur,1,none
efficientnet_b4,ILSVRC2012_val_00010441.JPEG,n02437616,355,355,0.6385893,1,imagenet_c,defocus_blur,1,none
efficientnet_b4,ILSVRC2012_val_00010862.JPEG,n02437616,355,355,0.52772915,1,imagenet_c,defocus_blur,1,none
efficientnet_b4,ILSVRC2012_val_00014548.JPEG,n02437616,355,355,0.40872094,1,imagenet_c,defocus_blur,1,none
efficientnet_b4,ILSVRC2012_val_00015482.JPEG,n02437616,355,355,0.647782,1,imagenet_c,defocus_blur,1,none
efficientnet_b4,ILSVRC2012_val_00016710.JPEG,n02437616,355,752,0.23709825,0,imagenet_c,defocus_blur,1,none
efficientnet_b4,ILSVRC2012_val_00018238.JPEG,n02437616,355,355,0.43977165,1,imagenet_c,defocus_blur,1,none
efficientnet_b4,ILSVRC2012_val_00018496.JPEG,n02437616,355,355,0.30862838,1,imagenet_c,defocus_blur,1,none
efficientnet_b4,ILSVRC2012_val_00019044.JPEG,n02437616,355,971,0.035781603,0,imagenet_c,defocus_blur,1,none
efficientnet_b4,ILSVRC2012_val_00019427.JPEG,n02437616,355,355,0.72064096,1,imagenet_c,defocus_blur,1,none
efficientnet_b4,ILSVRC2012_val_00019696.JPEG,n02437616,355,80,0.020610716,0,imagenet_c,defocus_blur,1,none
efficientnet_b4,ILSVRC2012_val_00020139.JPEG,n02437616,355,355,0.6725542,1,imagenet_c,defocus_blur,1,none
efficientnet_b4,ILSVRC2012_val_00020158.JPEG,n02437616,355,355,0.5390215,1,imagenet_c,defocus_blur,1,none
efficientnet_b4,ILSVRC2012_val_00021181.JPEG,n02437616,355,355,0.57328707,1,imagenet_c,defocus_blur,1,none
efficientnet_b4,ILSVRC2012_val_00022237.JPEG,n02437616,355,355,0.54718626,1,imagenet_c,defocus_blur,1,none
efficientnet_b4,ILSVRC2012_val_00024978.JPEG,n02437616,355,355,0.6824348,1,imagenet_c,defocus_blur,1,none
efficientnet_b4,ILSVRC2012_val_00025221.JPEG,n02437616,355,355,0.49283507,1,imagenet_c,defocus_blur,1,none
efficientnet_b4,ILSVRC2012_val_00026173.JPEG,n02437616,355,277,0.108005054,0,imagenet_c,defocus_blur,1,none
efficientnet_b4,ILSVRC2012_val_00026223.JPEG,n02437616,355,355,0.35141754,1,imagenet_c,defocus_blur,1,none
efficientnet_b4,ILSVRC2012_val_00026578.JPEG,n02437616,355,355,0.2820465,1,imagenet_c,defocus_blur,1,none
efficientnet_b4,ILSVRC2012_val_00026926.JPEG,n02437616,355,355,0.6808474,1,imagenet_c,defocus_blur,1,none
efficientnet_b4,ILSVRC2012_val_00029207.JPEG,n02437616,355,355,0.4527267,1,imagenet_c,defocus_blur,1,none
efficientnet_b4,ILSVRC2012_val_00029566.JPEG,n02437616,355,355,0.5269299,1,imagenet_c,defocus_blur,1,none
efficientnet_b4,ILSVRC2012_val_00030358.JPEG,n02437616,355,355,0.5338929,1,imagenet_c,defocus_blur,1,none
efficientnet_b4,ILSVRC2012_val_00030488.JPEG,n02437616,355,355,0.23538502,1,imagenet_c,defocus_blur,1,none
efficientnet_b4,ILSVRC2012_val_00030863.JPEG,n02437616,355,355,0.4306426,1,imagenet_c,defocus_blur,1,none
efficientnet_b4,ILSVRC2012_val_00030927.JPEG,n02437616,355,355,0.51843274,1,imagenet_c,defocus_blur,1,none
efficientnet_b4,ILSVRC2012_val_00030943.JPEG,n02437616,355,104,0.075395845,0,imagenet_c,defocus_blur,1,none
efficientnet_b4,ILSVRC2012_val_00033984.JPEG,n02437616,355,355,0.51858234,1,imagenet_c,defocus_blur,1,none
efficientnet_b4,ILSVRC2012_val_00035823.JPEG,n02437616,355,355,0.5209604,1,imagenet_c,defocus_blur,1,none
efficientnet_b4,ILSVRC2012_val_00036473.JPEG,n02437616,355,355,0.6373417,1,imagenet_c,defocus_blur,1,none
efficientnet_b4,ILSVRC2012_val_00037380.JPEG,n02437616,355,355,0.48258555,1,imagenet_c,defocus_blur,1,none
efficientnet_b4,ILSVRC2012_val_00038163.JPEG,n02437616,355,355,0.5670136,1,imagenet_c,defocus_blur,1,none
efficientnet_b4,ILSVRC2012_val_00038684.JPEG,n02437616,355,355,0.4309897,1,imagenet_c,defocus_blur,1,none
efficientnet_b4,ILSVRC2012_val_00039936.JPEG,n02437616,355,355,0.37109524,1,imagenet_c,defocus_blur,1,none
efficientnet_b4,ILSVRC2012_val_00041185.JPEG,n02437616,355,355,0.24353896,1,imagenet_c,defocus_blur,1,none
efficientnet_b4,ILSVRC2012_val_00041905.JPEG,n02437616,355,355,0.8279877,1,imagenet_c,defocus_blur,1,none
efficientnet_b4,ILSVRC2012_val_00044769.JPEG,n02437616,355,355,0.46398857,1,imagenet_c,defocus_blur,1,none
efficientnet_b4,ILSVRC2012_val_00045049.JPEG,n02437616,355,355,0.38674745,1,imagenet_c,defocus_blur,1,none
efficientnet_b4,ILSVRC2012_val_00046051.JPEG,n02437616,355,9,0.14100337,0,imagenet_c,defocus_blur,1,none
efficientnet_b4,ILSVRC2012_val_00046841.JPEG,n02437616,355,355,0.5749697,1,imagenet_c,defocus_blur,1,none
efficientnet_b4,ILSVRC2012_val_00047279.JPEG,n02437616,355,355,0.5891051,1,imagenet_c,defocus_blur,1,none
efficientnet_b4,ILSVRC2012_val_00050000.JPEG,n02437616,355,355,0.51853925,1,imagenet_c,defocus_blur,1,none
efficientnet_b4,ILSVRC2012_val_00000723.JPEG,n02441942,356,184,0.17491461,0,imagenet_c,defocus_blur,1,none
efficientnet_b4,ILSVRC2012_val_00001386.JPEG,n02441942,356,294,0.11021488,0,imagenet_c,defocus_blur,1,none
efficientnet_b4,ILSVRC2012_val_00002874.JPEG,n02441942,356,356,0.6274078,1,imagenet_c,defocus_blur,1,none
efficientnet_b4,ILSVRC2012_val_00003458.JPEG,n02441942,356,358,0.28808275,0,imagenet_c,defocus_blur,1,none
efficientnet_b4,ILSVRC2012_val_00003947.JPEG,n02441942,356,356,0.7751845,1,imagenet_c,defocus_blur,1,none
efficientnet_b4,ILSVRC2012_val_00007735.JPEG,n02441942,356,356,0.68109,1,imagenet_c,defocus_blur,1,none
efficientnet_b4,ILSVRC2012_val_00007760.JPEG,n02441942,356,359,0.47346517,0,imagenet_c,defocus_blur,1,none
efficientnet_b4,ILSVRC2012_val_00008636.JPEG,n02441942,356,358,0.53546107,0,imagenet_c,defocus_blur,1,none
efficientnet_b4,ILSVRC2012_val_00009986.JPEG,n02441942,356,357,0.21027854,0,imagenet_c,defocus_blur,1,none
efficientnet_b4,ILSVRC2012_val_00011095.JPEG,n02441942,356,356,0.5856131,1,imagenet_c,defocus_blur,1,none
efficientnet_b4,ILSVRC2012_val_00013635.JPEG,n02441942,356,357,0.55106616,0,imagenet_c,defocus_blur,1,none
efficientnet_b4,ILSVRC2012_val_00019059.JPEG,n02441942,356,356,0.78282446,1,imagenet_c,defocus_blur,1,none
efficientnet_b4,ILSVRC2012_val_00021127.JPEG,n02441942,356,356,0.6845807,1,imagenet_c,defocus_blur,1,none
efficientnet_b4,ILSVRC2012_val_00022151.JPEG,n02441942,356,356,0.4909508,1,imagenet_c,defocus_blur,1,none
efficientnet_b4,ILSVRC2012_val_00022695.JPEG,n02441942,356,360,0.60092217,0,imagenet_c,defocus_blur,1,none
efficientnet_b4,ILSVRC2012_val_00022744.JPEG,n02441942,356,356,0.57510525,1,imagenet_c,defocus_blur,1,none
efficientnet_b4,ILSVRC2012_val_00022832.JPEG,n02441942,356,356,0.6171351,1,imagenet_c,defocus_blur,1,none
efficientnet_b4,ILSVRC2012_val_00023317.JPEG,n02441942,356,358,0.21063703,0,imagenet_c,defocus_blur,1,none
efficientnet_b4,ILSVRC2012_val_00023803.JPEG,n02441942,356,356,0.67533445,1,imagenet_c,defocus_blur,1,none
efficientnet_b4,ILSVRC2012_val_00024239.JPEG,n02441942,356,356,0.31857747,1,imagenet_c,defocus_blur,1,none
efficientnet_b4,ILSVRC2012_val_00024653.JPEG,n02441942,356,360,0.31100306,0,imagenet_c,defocus_blur,1,none
efficientnet_b4,ILSVRC2012_val_00026472.JPEG,n02441942,356,356,0.45930168,1,imagenet_c,defocus_blur,1,none
efficientnet_b4,ILSVRC2012_val_00026588.JPEG,n02441942,356,356,0.42575866,1,imagenet_c,defocus_blur,1,none
efficientnet_b4,ILSVRC2012_val_00026889.JPEG,n02441942,356,356,0.5423582,1,imagenet_c,defocus_blur,1,none
efficientnet_b4,ILSVRC2012_val_00028413.JPEG,n02441942,356,357,0.5331734,0,imagenet_c,defocus_blur,1,none
efficientnet_b4,ILSVRC2012_val_00029331.JPEG,n02441942,356,356,0.6580065,1,imagenet_c,defocus_blur,1,none
efficientnet_b4,ILSVRC2012_val_00029560.JPEG,n02441942,356,295,0.33259597,0,imagenet_c,defocus_blur,1,none
efficientnet_b4,ILSVRC2012_val_00029998.JPEG,n02441942,356,358,0.46403894,0,imagenet_c,defocus_blur,1,none
efficientnet_b4,ILSVRC2012_val_00030626.JPEG,n02441942,356,359,0.34583572,0,imagenet_c,defocus_blur,1,none
efficientnet_b4,ILSVRC2012_val_00031073.JPEG,n02441942,356,362,0.5293657,0,imagenet_c,defocus_blur,1,none
efficientnet_b4,ILSVRC2012_val_00031587.JPEG,n02441942,356,388,0.050783284,0,imagenet_c,defocus_blur,1,none
efficientnet_b4,ILSVRC2012_val_00031642.JPEG,n02441942,356,362,0.35947502,0,imagenet_c,defocus_blur,1,none
efficientnet_b4,ILSVRC2012_val_00031908.JPEG,n02441942,356,356,0.52457076,1,imagenet_c,defocus_blur,1,none
efficientnet_b4,ILSVRC2012_val_00032202.JPEG,n02441942,356,358,0.3090061,0,imagenet_c,defocus_blur,1,none
efficientnet_b4,ILSVRC2012_val_00036772.JPEG,n02441942,356,360,0.6341993,0,imagenet_c,defocus_blur,1,none
efficientnet_b4,ILSVRC2012_val_00036861.JPEG,n02441942,356,356,0.56847584,1,imagenet_c,defocus_blur,1,none
efficientnet_b4,ILSVRC2012_val_00037395.JPEG,n02441942,356,358,0.30352142,0,imagenet_c,defocus_blur,1,none
efficientnet_b4,ILSVRC2012_val_00038150.JPEG,n02441942,356,356,0.748745,1,imagenet_c,defocus_blur,1,none
efficientnet_b4,ILSVRC2012_val_00039691.JPEG,n02441942,356,358,0.3429398,0,imagenet_c,defocus_blur,1,none
efficientnet_b4,ILSVRC2012_val_00042140.JPEG,n02441942,356,357,0.15185261,0,imagenet_c,defocus_blur,1,none
efficientnet_b4,ILSVRC2012_val_00042355.JPEG,n02441942,356,362,0.63945603,0,imagenet_c,defocus_blur,1,none
efficientnet_b4,ILSVRC2012_val_00042483.JPEG,n02441942,356,356,0.56589514,1,imagenet_c,defocus_blur,1,none
efficientnet_b4,ILSVRC2012_val_00043742.JPEG,n02441942,356,356,0.7212607,1,imagenet_c,defocus_blur,1,none
efficientnet_b4,ILSVRC2012_val_00044001.JPEG,n02441942,356,359,0.24820036,0,imagenet_c,defocus_blur,1,none
efficientnet_b4,ILSVRC2012_val_00044247.JPEG,n02441942,356,358,0.5993253,0,imagenet_c,defocus_blur,1,none
efficientnet_b4,ILSVRC2012_val_00045854.JPEG,n02441942,356,356,0.3175974,1,imagenet_c,defocus_blur,1,none
efficientnet_b4,ILSVRC2012_val_00047001.JPEG,n02441942,356,358,0.33235484,0,imagenet_c,defocus_blur,1,none
efficientnet_b4,ILSVRC2012_val_00048255.JPEG,n02441942,356,359,0.32460093,0,imagenet_c,defocus_blur,1,none
efficientnet_b4,ILSVRC2012_val_00048496.JPEG,n02441942,356,356,0.56765956,1,imagenet_c,defocus_blur,1,none
efficientnet_b4,ILSVRC2012_val_00049636.JPEG,n02441942,356,358,0.28169194,0,imagenet_c,defocus_blur,1,none
efficientnet_b4,ILSVRC2012_val_00002028.JPEG,n02442845,357,357,0.52087456,1,imagenet_c,defocus_blur,1,none
efficientnet_b4,ILSVRC2012_val_00002307.JPEG,n02442845,357,356,0.4219977,0,imagenet_c,defocus_blur,1,none
efficientnet_b4,ILSVRC2012_val_00002454.JPEG,n02442845,357,357,0.24898179,1,imagenet_c,defocus_blur,1,none
efficientnet_b4,ILSVRC2012_val_00005149.JPEG,n02442845,357,357,0.3805495,1,imagenet_c,defocus_blur,1,none
efficientnet_b4,ILSVRC2012_val_00005294.JPEG,n02442845,357,357,0.31223166,1,imagenet_c,defocus_blur,1,none
efficientnet_b4,ILSVRC2012_val_00005621.JPEG,n02442845,357,357,0.5502933,1,imagenet_c,defocus_blur,1,none
efficientnet_b4,ILSVRC2012_val_00007870.JPEG,n02442845,357,381,0.4733737,0,imagenet_c,defocus_blur,1,none
efficientnet_b4,ILSVRC2012_val_00008479.JPEG,n02442845,357,150,0.111759484,0,imagenet_c,defocus_blur,1,none
efficientnet_b4,ILSVRC2012_val_00012258.JPEG,n02442845,357,357,0.43540433,1,imagenet_c,defocus_blur,1,none
efficientnet_b4,ILSVRC2012_val_00014437.JPEG,n02442845,357,357,0.62491655,1,imagenet_c,defocus_blur,1,none
efficientnet_b4,ILSVRC2012_val_00014833.JPEG,n02442845,357,357,0.5598506,1,imagenet_c,defocus_blur,1,none
efficientnet_b4,ILSVRC2012_val_00015699.JPEG,n02442845,357,357,0.18731958,1,imagenet_c,defocus_blur,1,none
efficientnet_b4,ILSVRC2012_val_00016649.JPEG,n02442845,357,357,0.48609865,1,imagenet_c,defocus_blur,1,none
efficientnet_b4,ILSVRC2012_val_00022124.JPEG,n02442845,357,357,0.32102042,1,imagenet_c,defocus_blur,1,none
efficientnet_b4,ILSVRC2012_val_00022236.JPEG,n02442845,357,357,0.6357735,1,imagenet_c,defocus_blur,1,none
efficientnet_b4,ILSVRC2012_val_00023994.JPEG,n02442845,357,357,0.4811638,1,imagenet_c,defocus_blur,1,none
efficientnet_b4,ILSVRC2012_val_00024374.JPEG,n02442845,357,357,0.25067118,1,imagenet_c,defocus_blur,1,none
efficientnet_b4,ILSVRC2012_val_00025532.JPEG,n02442845,357,357,0.27144,1,imagenet_c,defocus_blur,1,none
efficientnet_b4,ILSVRC2012_val_00026106.JPEG,n02442845,357,366,0.2945143,0,imagenet_c,defocus_blur,1,none
efficientnet_b4,ILSVRC2012_val_00027304.JPEG,n02442845,357,357,0.3836535,1,imagenet_c,defocus_blur,1,none
efficientnet_b4,ILSVRC2012_val_00027995.JPEG,n02442845,357,357,0.268554,1,imagenet_c,defocus_blur,1,none
efficientnet_b4,ILSVRC2012_val_00028458.JPEG,n02442845,357,9,0.056643378,0,imagenet_c,defocus_blur,1,none
efficientnet_b4,ILSVRC2012_val_00029078.JPEG,n02442845,357,357,0.15204081,1,imagenet_c,defocus_blur,1,none
efficientnet_b4,ILSVRC2012_val_00029498.JPEG,n02442845,357,357,0.403807,1,imagenet_c,defocus_blur,1,none
efficientnet_b4,ILSVRC2012_val_00029734.JPEG,n02442845,357,357,0.6308677,1,imagenet_c,defocus_blur,1,none
efficientnet_b4,ILSVRC2012_val_00029822.JPEG,n02442845,357,357,0.5657288,1,imagenet_c,defocus_blur,1,none
efficientnet_b4,ILSVRC2012_val_00030316.JPEG,n02442845,357,357,0.38153285,1,imagenet_c,defocus_blur,1,none
efficientnet_b4,ILSVRC2012_val_00030624.JPEG,n02442845,357,996,0.14340168,0,imagenet_c,defocus_blur,1,none
efficientnet_b4,ILSVRC2012_val_00031891.JPEG,n02442845,357,146,0.11617286,0,imagenet_c,defocus_blur,1,none
efficientnet_b4,ILSVRC2012_val_00033047.JPEG,n02442845,357,357,0.29374042,1,imagenet_c,defocus_blur,1,none
efficientnet_b4,ILSVRC2012_val_00034452.JPEG,n02442845,357,357,0.594411,1,imagenet_c,defocus_blur,1,none
efficientnet_b4,ILSVRC2012_val_00035243.JPEG,n02442845,357,357,0.066455305,1,imagenet_c,defocus_blur,1,none
efficientnet_b4,ILSVRC2012_val_00036871.JPEG,n02442845,357,357,0.38395166,1,imagenet_c,defocus_blur,1,none
efficientnet_b4,ILSVRC2012_val_00037447.JPEG,n02442845,357,357,0.62190557,1,imagenet_c,defocus_blur,1,none
efficientnet_b4,ILSVRC2012_val_00039409.JPEG,n02442845,357,357,0.29542288,1,imagenet_c,defocus_blur,1,none
efficientnet_b4,ILSVRC2012_val_00040698.JPEG,n02442845,357,357,0.5268492,1,imagenet_c,defocus_blur,1,none
efficientnet_b4,ILSVRC2012_val_00041087.JPEG,n02442845,357,357,0.0673031,1,imagenet_c,defocus_blur,1,none
efficientnet_b4,ILSVRC2012_val_00041633.JPEG,n02442845,357,357,0.58983636,1,imagenet_c,defocus_blur,1,none
efficientnet_b4,ILSVRC2012_val_00043521.JPEG,n02442845,357,357,0.1087655,1,imagenet_c,defocus_blur,1,none
efficientnet_b4,ILSVRC2012_val_00046150.JPEG,n02442845,357,357,0.5171023,1,imagenet_c,defocus_blur,1,none
efficientnet_b4,ILSVRC2012_val_00046175.JPEG,n02442845,357,357,0.42597187,1,imagenet_c,defocus_blur,1,none
efficientnet_b4,ILSVRC2012_val_00046219.JPEG,n02442845,357,336,0.07811743,0,imagenet_c,defocus_blur,1,none
efficientnet_b4,ILSVRC2012_val_00046403.JPEG,n02442845,357,357,0.38833916,1,imagenet_c,defocus_blur,1,none
efficientnet_b4,ILSVRC2012_val_00048096.JPEG,n02442845,357,357,0.35476395,1,imagenet_c,defocus_blur,1,none
efficientnet_b4,ILSVRC2012_val_00048217.JPEG,n02442845,357,357,0.82531744,1,imagenet_c,defocus_blur,1,none
efficientnet_b4,ILSVRC2012_val_00048718.JPEG,n02442845,357,357,0.44699392,1,imagenet_c,defocus_blur,1,none
efficientnet_b4,ILSVRC2012_val_00049513.JPEG,n02442845,357,357,0.23033988,1,imagenet_c,defocus_blur,1,none
efficientnet_b4,ILSVRC2012_val_00049545.JPEG,n02442845,357,356,0.08034621,0,imagenet_c,defocus_blur,1,none
efficientnet_b4,ILSVRC2012_val_00049780.JPEG,n02442845,357,80,0.15464416,0,imagenet_c,defocus_blur,1,none
efficientnet_b4,ILSVRC2012_val_00049992.JPEG,n02442845,357,357,0.6392904,1,imagenet_c,defocus_blur,1,none
efficientnet_b4,ILSVRC2012_val_00000055.JPEG,n02443114,358,358,0.29795998,1,imagenet_c,defocus_blur,1,none
efficientnet_b4,ILSVRC2012_val_00002076.JPEG,n02443114,358,358,0.29148674,1,imagenet_c,defocus_blur,1,none
efficientnet_b4,ILSVRC2012_val_00002339.JPEG,n02443114,358,358,0.23450741,1,imagenet_c,defocus_blur,1,none
efficientnet_b4,ILSVRC2012_val_00002501.JPEG,n02443114,358,357,0.65124947,0,imagenet_c,defocus_blur,1,none
efficientnet_b4,ILSVRC2012_val_00003081.JPEG,n02443114,358,358,0.20217364,1,imagenet_c,defocus_blur,1,none
efficientnet_b4,ILSVRC2012_val_00004999.JPEG,n02443114,358,359,0.33456862,0,imagenet_c,defocus_blur,1,none
efficientnet_b4,ILSVRC2012_val_00005085.JPEG,n02443114,358,335,0.18014067,0,imagenet_c,defocus_blur,1,none
efficientnet_b4,ILSVRC2012_val_00006225.JPEG,n02443114,358,356,0.27441156,0,imagenet_c,defocus_blur,1,none
efficientnet_b4,ILSVRC2012_val_00006629.JPEG,n02443114,358,359,0.3705372,0,imagenet_c,defocus_blur,1,none
efficientnet_b4,ILSVRC2012_val_00006826.JPEG,n02443114,358,357,0.12972371,0,imagenet_c,defocus_blur,1,none
efficientnet_b4,ILSVRC2012_val_00007987.JPEG,n02443114,358,357,0.21698274,0,imagenet_c,defocus_blur,1,none
efficientnet_b4,ILSVRC2012_val_00008891.JPEG,n02443114,358,358,0.301908,1,imagenet_c,defocus_blur,1,none
efficientnet_b4,ILSVRC2012_val_00009881.JPEG,n02443114,358,359,0.3770224,0,imagenet_c,defocus_blur,1,none
efficientnet_b4,ILSVRC2012_val_00010052.JPEG,n02443114,358,358,0.25392187,1,imagenet_c,defocus_blur,1,none
efficientnet_b4,ILSVRC2012_val_00011224.JPEG,n02443114,358,359,0.3217779,0,imagenet_c,defocus_blur,1,none
efficientnet_b4,ILSVRC2012_val_00011616.JPEG,n02443114,358,358,0.23425396,1,imagenet_c,defocus_blur,1,none
efficientnet_b4,ILSVRC2012_val_00011710.JPEG,n02443114,358,994,0.0847268,0,imagenet_c,defocus_blur,1,none
efficientnet_b4,ILSVRC2012_val_00012633.JPEG,n02443114,358,359,0.3752478,0,imagenet_c,defocus_blur,1,none
efficientnet_b4,ILSVRC2012_val_00013853.JPEG,n02443114,358,359,0.38499162,0,imagenet_c,defocus_blur,1,none
efficientnet_b4,ILSVRC2012_val_00015211.JPEG,n02443114,358,356,0.45202896,0,imagenet_c,defocus_blur,1,none
efficientnet_b4,ILSVRC2012_val_00016067.JPEG,n02443114,358,356,0.67929405,0,imagenet_c,defocus_blur,1,none
efficientnet_b4,ILSVRC2012_val_00016220.JPEG,n02443114,358,358,0.51972103,1,imagenet_c,defocus_blur,1,none
efficientnet_b4,ILSVRC2012_val_00016277.JPEG,n02443114,358,358,0.27557024,1,imagenet_c,defocus_blur,1,none
efficientnet_b4,ILSVRC2012_val_00016853.JPEG,n02443114,358,359,0.2576504,0,imagenet_c,defocus_blur,1,none
efficientnet_b4,ILSVRC2012_val_00017019.JPEG,n02443114,358,359,0.3177185,0,imagenet_c,defocus_blur,1,none
efficientnet_b4,ILSVRC2012_val_00019825.JPEG,n02443114,358,359,0.40736797,0,imagenet_c,defocus_blur,1,none
efficientnet_b4,ILSVRC2012_val_00022810.JPEG,n02443114,358,359,0.22809967,0,imagenet_c,defocus_blur,1,none
efficientnet_b4,ILSVRC2012_val_00023519.JPEG,n02443114,358,359,0.3376703,0,imagenet_c,defocus_blur,1,none
efficientnet_b4,ILSVRC2012_val_00024734.JPEG,n02443114,358,359,0.32011795,0,imagenet_c,defocus_blur,1,none
efficientnet_b4,ILSVRC2012_val_00029173.JPEG,n02443114,358,359,0.405138,0,imagenet_c,defocus_blur,1,none
efficientnet_b4,ILSVRC2012_val_00029184.JPEG,n02443114,358,358,0.20225833,1,imagenet_c,defocus_blur,1,none
efficientnet_b4,ILSVRC2012_val_00029265.JPEG,n02443114,358,359,0.17446524,0,imagenet_c,defocus_blur,1,none
efficientnet_b4,ILSVRC2012_val_00030469.JPEG,n02443114,358,359,0.31265622,0,imagenet_c,defocus_blur,1,none
efficientnet_b4,ILSVRC2012_val_00030791.JPEG,n02443114,358,358,0.5534756,1,imagenet_c,defocus_blur,1,none
efficientnet_b4,ILSVRC2012_val_00031370.JPEG,n02443114,358,358,0.6485083,1,imagenet_c,defocus_blur,1,none
efficientnet_b4,ILSVRC2012_val_00032317.JPEG,n02443114,358,359,0.26606983,0,imagenet_c,defocus_blur,1,none
efficientnet_b4,ILSVRC2012_val_00033926.JPEG,n02443114,358,358,0.38768384,1,imagenet_c,defocus_blur,1,none
efficientnet_b4,ILSVRC2012_val_00035129.JPEG,n02443114,358,357,0.5540691,0,imagenet_c,defocus_blur,1,none
efficientnet_b4,ILSVRC2012_val_00037122.JPEG,n02443114,358,358,0.30132416,1,imagenet_c,defocus_blur,1,none
efficientnet_b4,ILSVRC2012_val_00039421.JPEG,n02443114,358,358,0.48947603,1,imagenet_c,defocus_blur,1,none
efficientnet_b4,ILSVRC2012_val_00042406.JPEG,n02443114,358,358,0.6487782,1,imagenet_c,defocus_blur,1,none
efficientnet_b4,ILSVRC2012_val_00043015.JPEG,n02443114,358,359,0.25389776,0,imagenet_c,defocus_blur,1,none
efficientnet_b4,ILSVRC2012_val_00043425.JPEG,n02443114,358,360,0.3547931,0,imagenet_c,defocus_blur,1,none
efficientnet_b4,ILSVRC2012_val_00045379.JPEG,n02443114,358,359,0.49080956,0,imagenet_c,defocus_blur,1,none
efficientnet_b4,ILSVRC2012_val_00045602.JPEG,n02443114,358,359,0.3868853,0,imagenet_c,defocus_blur,1,none
efficientnet_b4,ILSVRC2012_val_00045898.JPEG,n02443114,358,358,0.5166744,1,imagenet_c,defocus_blur,1,none
efficientnet_b4,ILSVRC2012_val_00048246.JPEG,n02443114,358,358,0.16062896,1,imagenet_c,defocus_blur,1,none
efficientnet_b4,ILSVRC2012_val_00048525.JPEG,n02443114,358,359,0.30915824,0,imagenet_c,defocus_blur,1,none
efficientnet_b4,ILSVRC2012_val_00049220.JPEG,n02443114,358,358,0.18569496,1,imagenet_c,defocus_blur,1,none
efficientnet_b4,ILSVRC2012_val_00049618.JPEG,n02443114,358,356,0.60344607,0,imagenet_c,defocus_blur,1,none
efficientnet_b4,ILSVRC2012_val_00000326.JPEG,n02443484,359,359,0.32052377,1,imagenet_c,defocus_blur,1,none
efficientnet_b4,ILSVRC2012_val_00000401.JPEG,n02443484,359,359,0.3501667,1,imagenet_c,defocus_blur,1,none
efficientnet_b4,ILSVRC2012_val_00000480.JPEG,n02443484,359,359,0.30483764,1,imagenet_c,defocus_blur,1,none
efficientnet_b4,ILSVRC2012_val_00001509.JPEG,n02443484,359,359,0.4313511,1,imagenet_c,defocus_blur,1,none
efficientnet_b4,ILSVRC2012_val_00001791.JPEG,n02443484,359,359,0.3882843,1,imagenet_c,defocus_blur,1,none
efficientnet_b4,ILSVRC2012_val_00001909.JPEG,n02443484,359,521,0.04857545,0,imagenet_c,defocus_blur,1,none
efficientnet_b4,ILSVRC2012_val_00006104.JPEG,n02443484,359,359,0.62323266,1,imagenet_c,defocus_blur,1,none
efficientnet_b4,ILSVRC2012_val_00011092.JPEG,n02443484,359,359,0.4346193,1,imagenet_c,defocus_blur,1,none
efficientnet_b4,ILSVRC2012_val_00011477.JPEG,n02443484,359,359,0.42950824,1,imagenet_c,defocus_blur,1,none
efficientnet_b4,ILSVRC2012_val_00012000.JPEG,n02443484,359,359,0.4044582,1,imagenet_c,defocus_blur,1,none
efficientnet_b4,ILSVRC2012_val_00012685.JPEG,n02443484,359,359,0.18890202,1,imagenet_c,defocus_blur,1,none
efficientnet_b4,ILSVRC2012_val_00013240.JPEG,n02443484,359,359,0.39910746,1,imagenet_c,defocus_blur,1,none
efficientnet_b4,ILSVRC2012_val_00014233.JPEG,n02443484,359,358,0.26560566,0,imagenet_c,defocus_blur,1,none
efficientnet_b4,ILSVRC2012_val_00014852.JPEG,n02443484,359,359,0.20090628,1,imagenet_c,defocus_blur,1,none
efficientnet_b4,ILSVRC2012_val_00016084.JPEG,n02443484,359,359,0.4613588,1,imagenet_c,defocus_blur,1,none
efficientnet_b4,ILSVRC2012_val_00016721.JPEG,n02443484,359,359,0.40210545,1,imagenet_c,defocus_blur,1,none
efficientnet_b4,ILSVRC2012_val_00017666.JPEG,n02443484,359,356,0.45745912,0,imagenet_c,defocus_blur,1,none
efficientnet_b4,ILSVRC2012_val_00018383.JPEG,n02443484,359,359,0.55812174,1,imagenet_c,defocus_blur,1,none
efficientnet_b4,ILSVRC2012_val_00023673.JPEG,n02443484,359,358,0.33909348,0,imagenet_c,defocus_blur,1,none
efficientnet_b4,ILSVRC2012_val_00023680.JPEG,n02443484,359,359,0.30239916,1,imagenet_c,defocus_blur,1,none
efficientnet_b4,ILSVRC2012_val_00025162.JPEG,n02443484,359,359,0.3546307,1,imagenet_c,defocus_blur,1,none
efficientnet_b4,ILSVRC2012_val_00025750.JPEG,n02443484,359,358,0.25061882,0,imagenet_c,defocus_blur,1,none
efficientnet_b4,ILSVRC2012_val_00026767.JPEG,n02443484,359,697,0.21702054,0,imagenet_c,defocus_blur,1,none
efficientnet_b4,ILSVRC2012_val_00027016.JPEG,n02443484,359,359,0.44569972,1,imagenet_c,defocus_blur,1,none
efficientnet_b4,ILSVRC2012_val_00027914.JPEG,n02443484,359,359,0.47169772,1,imagenet_c,defocus_blur,1,none
efficientnet_b4,ILSVRC2012_val_00030982.JPEG,n02443484,359,359,0.36244667,1,imagenet_c,defocus_blur,1,none
efficientnet_b4,ILSVRC2012_val_00031517.JPEG,n02443484,359,362,0.213081,0,imagenet_c,defocus_blur,1,none
efficientnet_b4,ILSVRC2012_val_00032457.JPEG,n02443484,359,359,0.12449424,1,imagenet_c,defocus_blur,1,none
efficientnet_b4,ILSVRC2012_val_00032951.JPEG,n02443484,359,359,0.508534,1,imagenet_c,defocus_blur,1,none
efficientnet_b4,ILSVRC2012_val_00033362.JPEG,n02443484,359,359,0.43190122,1,imagenet_c,defocus_blur,1,none
efficientnet_b4,ILSVRC2012_val_00033474.JPEG,n02443484,359,359,0.31157032,1,imagenet_c,defocus_blur,1,none
efficientnet_b4,ILSVRC2012_val_00034590.JPEG,n02443484,359,359,0.22068171,1,imagenet_c,defocus_blur,1,none
efficientnet_b4,ILSVRC2012_val_00036425.JPEG,n02443484,359,359,0.41810068,1,imagenet_c,defocus_blur,1,none
efficientnet_b4,ILSVRC2012_val_00036439.JPEG,n02443484,359,359,0.39507222,1,imagenet_c,defocus_blur,1,none
efficientnet_b4,ILSVRC2012_val_00036771.JPEG,n02443484,359,359,0.39708605,1,imagenet_c,defocus_blur,1,none
efficientnet_b4,ILSVRC2012_val_00039109.JPEG,n02443484,359,358,0.39036068,0,imagenet_c,defocus_blur,1,none
efficientnet_b4,ILSVRC2012_val_00040026.JPEG,n02443484,359,359,0.5104714,1,imagenet_c,defocus_blur,1,none
efficientnet_b4,ILSVRC2012_val_00040766.JPEG,n02443484,359,359,0.5465659,1,imagenet_c,defocus_blur,1,none
efficientnet_b4,ILSVRC2012_val_00040895.JPEG,n02443484,359,454,0.038943164,0,imagenet_c,defocus_blur,1,none
efficientnet_b4,ILSVRC2012_val_00040904.JPEG,n02443484,359,359,0.49091148,1,imagenet_c,defocus_blur,1,none
efficientnet_b4,ILSVRC2012_val_00041260.JPEG,n02443484,359,359,0.62719375,1,imagenet_c,defocus_blur,1,none
efficientnet_b4,ILSVRC2012_val_00041818.JPEG,n02443484,359,359,0.32870826,1,imagenet_c,defocus_blur,1,none
efficientnet_b4,ILSVRC2012_val_00042850.JPEG,n02443484,359,359,0.45515057,1,imagenet_c,defocus_blur,1,none
efficientnet_b4,ILSVRC2012_val_00043098.JPEG,n02443484,359,359,0.49209017,1,imagenet_c,defocus_blur,1,none
efficientnet_b4,ILSVRC2012_val_00043276.JPEG,n02443484,359,359,0.5284889,1,imagenet_c,defocus_blur,1,none
efficientnet_b4,ILSVRC2012_val_00044484.JPEG,n02443484,359,255,0.03067576,0,imagenet_c,defocus_blur,1,none
efficientnet_b4,ILSVRC2012_val_00046518.JPEG,n02443484,359,359,0.41304582,1,imagenet_c,defocus_blur,1,none
efficientnet_b4,ILSVRC2012_val_00047022.JPEG,n02443484,359,359,0.45229,1,imagenet_c,defocus_blur,1,none
efficientnet_b4,ILSVRC2012_val_00047800.JPEG,n02443484,359,19,0.10834464,0,imagenet_c,defocus_blur,1,none
efficientnet_b4,ILSVRC2012_val_00048131.JPEG,n02443484,359,358,0.501335,0,imagenet_c,defocus_blur,1,none
efficientnet_b4,ILSVRC2012_val_00001407.JPEG,n02444819,360,360,0.54581743,1,imagenet_c,defocus_blur,1,none
efficientnet_b4,ILSVRC2012_val_00004298.JPEG,n02444819,360,360,0.399667,1,imagenet_c,defocus_blur,1,none
efficientnet_b4,ILSVRC2012_val_00004584.JPEG,n02444819,360,360,0.33199063,1,imagenet_c,defocus_blur,1,none
efficientnet_b4,ILSVRC2012_val_00004856.JPEG,n02444819,360,360,0.30425665,1,imagenet_c,defocus_blur,1,none
efficientnet_b4,ILSVRC2012_val_00006954.JPEG,n02444819,360,103,0.36679956,0,imagenet_c,defocus_blur,1,none
efficientnet_b4,ILSVRC2012_val_00007115.JPEG,n02444819,360,360,0.13072285,1,imagenet_c,defocus_blur,1,none
efficientnet_b4,ILSVRC2012_val_00007360.JPEG,n02444819,360,360,0.26929986,1,imagenet_c,defocus_blur,1,none
efficientnet_b4,ILSVRC2012_val_00007443.JPEG,n02444819,360,360,0.5545372,1,imagenet_c,defocus_blur,1,none
efficientnet_b4,ILSVRC2012_val_00008520.JPEG,n02444819,360,360,0.52116996,1,imagenet_c,defocus_blur,1,none
efficientnet_b4,ILSVRC2012_val_00009656.JPEG,n02444819,360,360,0.37036926,1,imagenet_c,defocus_blur,1,none
efficientnet_b4,ILSVRC2012_val_00011216.JPEG,n02444819,360,360,0.3751697,1,imagenet_c,defocus_blur,1,none
efficientnet_b4,ILSVRC2012_val_00011227.JPEG,n02444819,360,360,0.63302743,1,imagenet_c,defocus_blur,1,none
efficientnet_b4,ILSVRC2012_val_00011877.JPEG,n02444819,360,360,0.32556662,1,imagenet_c,defocus_blur,1,none
efficientnet_b4,ILSVRC2012_val_00015927.JPEG,n02444819,360,360,0.32557523,1,imagenet_c,defocus_blur,1,none
efficientnet_b4,ILSVRC2012_val_00016202.JPEG,n02444819,360,360,0.61748487,1,imagenet_c,defocus_blur,1,none
efficientnet_b4,ILSVRC2012_val_00016665.JPEG,n02444819,360,801,0.037549466,0,imagenet_c,defocus_blur,1,none
efficientnet_b4,ILSVRC2012_val_00016986.JPEG,n02444819,360,360,0.6591173,1,imagenet_c,defocus_blur,1,none
efficientnet_b4,ILSVRC2012_val_00017559.JPEG,n02444819,360,360,0.40477073,1,imagenet_c,defocus_blur,1,none
efficientnet_b4,ILSVRC2012_val_00018580.JPEG,n02444819,360,360,0.4776191,1,imagenet_c,defocus_blur,1,none
efficientnet_b4,ILSVRC2012_val_00020847.JPEG,n02444819,360,360,0.44812587,1,imagenet_c,defocus_blur,1,none
efficientnet_b4,ILSVRC2012_val_00023114.JPEG,n02444819,360,20,0.104208276,0,imagenet_c,defocus_blur,1,none
efficientnet_b4,ILSVRC2012_val_00024190.JPEG,n02444819,360,360,0.38642657,1,imagenet_c,defocus_blur,1,none
efficientnet_b4,ILSVRC2012_val_00025626.JPEG,n02444819,360,360,0.3401813,1,imagenet_c,defocus_blur,1,none
efficientnet_b4,ILSVRC2012_val_00026048.JPEG,n02444819,360,360,0.30470964,1,imagenet_c,defocus_blur,1,none
efficientnet_b4,ILSVRC2012_val_00027060.JPEG,n02444819,360,360,0.2496452,1,imagenet_c,defocus_blur,1,none
efficientnet_b4,ILSVRC2012_val_00027549.JPEG,n02444819,360,360,0.28891823,1,imagenet_c,defocus_blur,1,none
efficientnet_b4,ILSVRC2012_val_00029038.JPEG,n02444819,360,360,0.52635485,1,imagenet_c,defocus_blur,1,none
efficientnet_b4,ILSVRC2012_val_00029427.JPEG,n02444819,360,150,0.429692,0,imagenet_c,defocus_blur,1,none
efficientnet_b4,ILSVRC2012_val_00030257.JPEG,n02444819,360,360,0.70950633,1,imagenet_c,defocus_blur,1,none
efficientnet_b4,ILSVRC2012_val_00030612.JPEG,n02444819,360,360,0.30750915,1,imagenet_c,defocus_blur,1,none
efficientnet_b4,ILSVRC2012_val_00030804.JPEG,n02444819,360,360,0.5248752,1,imagenet_c,defocus_blur,1,none
efficientnet_b4,ILSVRC2012_val_00032035.JPEG,n02444819,360,360,0.60872316,1,imagenet_c,defocus_blur,1,none
efficientnet_b4,ILSVRC2012_val_00032447.JPEG,n02444819,360,360,0.26504615,1,imagenet_c,defocus_blur,1,none
efficientnet_b4,ILSVRC2012_val_00032606.JPEG,n02444819,360,360,0.36336166,1,imagenet_c,defocus_blur,1,none
efficientnet_b4,ILSVRC2012_val_00032812.JPEG,n02444819,360,266,0.06429537,0,imagenet_c,defocus_blur,1,none
efficientnet_b4,ILSVRC2012_val_00033514.JPEG,n02444819,360,360,0.6935405,1,imagenet_c,defocus_blur,1,none
efficientnet_b4,ILSVRC2012_val_00034384.JPEG,n02444819,360,356,0.23355521,0,imagenet_c,defocus_blur,1,none
efficientnet_b4,ILSVRC2012_val_00036342.JPEG,n02444819,360,357,0.13171619,0,imagenet_c,defocus_blur,1,none
efficientnet_b4,ILSVRC2012_val_00038242.JPEG,n02444819,360,360,0.19831243,1,imagenet_c,defocus_blur,1,none
efficientnet_b4,ILSVRC2012_val_00038487.JPEG,n02444819,360,360,0.38618624,1,imagenet_c,defocus_blur,1,none
efficientnet_b4,ILSVRC2012_val_00039178.JPEG,n02444819,360,357,0.3430792,0,imagenet_c,defocus_blur,1,none
efficientnet_b4,ILSVRC2012_val_00039520.JPEG,n02444819,360,360,0.52703995,1,imagenet_c,defocus_blur,1,none
efficientnet_b4,ILSVRC2012_val_00039796.JPEG,n02444819,360,360,0.475372,1,imagenet_c,defocus_blur,1,none
efficientnet_b4,ILSVRC2012_val_00039985.JPEG,n02444819,360,103,0.14122623,0,imagenet_c,defocus_blur,1,none
efficientnet_b4,ILSVRC2012_val_00041866.JPEG,n02444819,360,360,0.35581514,1,imagenet_c,defocus_blur,1,none
efficientnet_b4,ILSVRC2012_val_00042588.JPEG,n02444819,360,360,0.27288207,1,imagenet_c,defocus_blur,1,none
efficientnet_b4,ILSVRC2012_val_00042779.JPEG,n02444819,360,20,0.18320599,0,imagenet_c,defocus_blur,1,none
efficientnet_b4,ILSVRC2012_val_00045491.JPEG,n02444819,360,360,0.15916818,1,imagenet_c,defocus_blur,1,none
efficientnet_b4,ILSVRC2012_val_00046184.JPEG,n02444819,360,359,0.14606765,0,imagenet_c,defocus_blur,1,none
efficientnet_b4,ILSVRC2012_val_00047484.JPEG,n02444819,360,150,0.121230006,0,imagenet_c,defocus_blur,1,none
efficientnet_b4,ILSVRC2012_val_00000181.JPEG,n02445715,361,338,0.05445521,0,imagenet_c,defocus_blur,1,none
efficientnet_b4,ILSVRC2012_val_00000273.JPEG,n02445715,361,361,0.33967757,1,imagenet_c,defocus_blur,1,none
efficientnet_b4,ILSVRC2012_val_00000322.JPEG,n02445715,361,361,0.60614586,1,imagenet_c,defocus_blur,1,none
efficientnet_b4,ILSVRC2012_val_00000446.JPEG,n02445715,361,361,0.5473019,1,imagenet_c,defocus_blur,1,none
efficientnet_b4,ILSVRC2012_val_00000447.JPEG,n02445715,361,361,0.70826745,1,imagenet_c,defocus_blur,1,none
efficientnet_b4,ILSVRC2012_val_00001721.JPEG,n02445715,361,361,0.60606873,1,imagenet_c,defocus_blur,1,none
efficientnet_b4,ILSVRC2012_val_00003299.JPEG,n02445715,361,361,0.66234773,1,imagenet_c,defocus_blur,1,none
efficientnet_b4,ILSVRC2012_val_00003766.JPEG,n02445715,361,361,0.6351352,1,imagenet_c,defocus_blur,1,none
efficientnet_b4,ILSVRC2012_val_00004601.JPEG,n02445715,361,361,0.7213307,1,imagenet_c,defocus_blur,1,none
efficientnet_b4,ILSVRC2012_val_00004808.JPEG,n02445715,361,361,0.63482934,1,imagenet_c,defocus_blur,1,none
efficientnet_b4,ILSVRC2012_val_00005312.JPEG,n02445715,361,361,0.6130421,1,imagenet_c,defocus_blur,1,none
efficientnet_b4,ILSVRC2012_val_00006283.JPEG,n02445715,361,361,0.6299714,1,imagenet_c,defocus_blur,1,none
efficientnet_b4,ILSVRC2012_val_00008517.JPEG,n02445715,361,257,0.13913545,0,imagenet_c,defocus_blur,1,none
efficientnet_b4,ILSVRC2012_val_00008722.JPEG,n02445715,361,361,0.5923921,1,imagenet_c,defocus_blur,1,none
efficientnet_b4,ILSVRC2012_val_00009067.JPEG,n02445715,361,361,0.5995159,1,imagenet_c,defocus_blur,1,none
efficientnet_b4,ILSVRC2012_val_00011219.JPEG,n02445715,361,361,0.65053564,1,imagenet_c,defocus_blur,1,none
efficientnet_b4,ILSVRC2012_val_00012283.JPEG,n02445715,361,361,0.6770039,1,imagenet_c,defocus_blur,1,none
efficientnet_b4,ILSVRC2012_val_00012662.JPEG,n02445715,361,361,0.5305772,1,imagenet_c,defocus_blur,1,none
efficientnet_b4,ILSVRC2012_val_00014343.JPEG,n02445715,361,361,0.9322535,1,imagenet_c,defocus_blur,1,none
efficientnet_b4,ILSVRC2012_val_00014391.JPEG,n02445715,361,361,0.6780841,1,imagenet_c,defocus_blur,1,none
efficientnet_b4,ILSVRC2012_val_00015239.JPEG,n02445715,361,361,0.53791285,1,imagenet_c,defocus_blur,1,none
efficientnet_b4,ILSVRC2012_val_00015459.JPEG,n02445715,361,361,0.67514795,1,imagenet_c,defocus_blur,1,none
efficientnet_b4,ILSVRC2012_val_00015894.JPEG,n02445715,361,361,0.64085233,1,imagenet_c,defocus_blur,1,none
efficientnet_b4,ILSVRC2012_val_00016741.JPEG,n02445715,361,775,0.04339021,0,imagenet_c,defocus_blur,1,none
efficientnet_b4,ILSVRC2012_val_00017341.JPEG,n02445715,361,361,0.51484406,1,imagenet_c,defocus_blur,1,none
efficientnet_b4,ILSVRC2012_val_00017860.JPEG,n02445715,361,361,0.8547093,1,imagenet_c,defocus_blur,1,none
efficientnet_b4,ILSVRC2012_val_00021874.JPEG,n02445715,361,361,0.4572165,1,imagenet_c,defocus_blur,1,none
efficientnet_b4,ILSVRC2012_val_00022864.JPEG,n02445715,361,361,0.6106821,1,imagenet_c,defocus_blur,1,none
efficientnet_b4,ILSVRC2012_val_00023119.JPEG,n02445715,361,361,0.7331714,1,imagenet_c,defocus_blur,1,none
efficientnet_b4,ILSVRC2012_val_00023656.JPEG,n02445715,361,361,0.6143427,1,imagenet_c,defocus_blur,1,none
efficientnet_b4,ILSVRC2012_val_00026215.JPEG,n02445715,361,361,0.7229732,1,imagenet_c,defocus_blur,1,none
efficientnet_b4,ILSVRC2012_val_00027295.JPEG,n02445715,361,361,0.62179816,1,imagenet_c,defocus_blur,1,none
efficientnet_b4,ILSVRC2012_val_00028802.JPEG,n02445715,361,361,0.5021646,1,imagenet_c,defocus_blur,1,none
efficientnet_b4,ILSVRC2012_val_00033947.JPEG,n02445715,361,361,0.60226536,1,imagenet_c,defocus_blur,1,none
efficientnet_b4,ILSVRC2012_val_00034780.JPEG,n02445715,361,361,0.7141458,1,imagenet_c,defocus_blur,1,none
efficientnet_b4,ILSVRC2012_val_00035314.JPEG,n02445715,361,361,0.5109246,1,imagenet_c,defocus_blur,1,none
efficientnet_b4,ILSVRC2012_val_00036461.JPEG,n02445715,361,361,0.38992134,1,imagenet_c,defocus_blur,1,none
efficientnet_b4,ILSVRC2012_val_00037139.JPEG,n02445715,361,361,0.706844,1,imagenet_c,defocus_blur,1,none
efficientnet_b4,ILSVRC2012_val_00038199.JPEG,n02445715,361,361,0.7015693,1,imagenet_c,defocus_blur,1,none
efficientnet_b4,ILSVRC2012_val_00039135.JPEG,n02445715,361,361,0.61684966,1,imagenet_c,defocus_blur,1,none
efficientnet_b4,ILSVRC2012_val_00040228.JPEG,n02445715,361,361,0.6750543,1,imagenet_c,defocus_blur,1,none
efficientnet_b4,ILSVRC2012_val_00042428.JPEG,n02445715,361,361,0.4280204,1,imagenet_c,defocus_blur,1,none
efficientnet_b4,ILSVRC2012_val_00042443.JPEG,n02445715,361,361,0.63371825,1,imagenet_c,defocus_blur,1,none
efficientnet_b4,ILSVRC2012_val_00044511.JPEG,n02445715,361,240,0.41949692,0,imagenet_c,defocus_blur,1,none
efficientnet_b4,ILSVRC2012_val_00044929.JPEG,n02445715,361,361,0.6086272,1,imagenet_c,defocus_blur,1,none
efficientnet_b4,ILSVRC2012_val_00045193.JPEG,n02445715,361,589,0.21863738,0,imagenet_c,defocus_blur,1,none
efficientnet_b4,ILSVRC2012_val_00047048.JPEG,n02445715,361,361,0.5441333,1,imagenet_c,defocus_blur,1,none
efficientnet_b4,ILSVRC2012_val_00048581.JPEG,n02445715,361,361,0.5837338,1,imagenet_c,defocus_blur,1,none
efficientnet_b4,ILSVRC2012_val_00049081.JPEG,n02445715,361,361,0.35976842,1,imagenet_c,defocus_blur,1,none
efficientnet_b4,ILSVRC2012_val_00049976.JPEG,n02445715,361,361,0.6348466,1,imagenet_c,defocus_blur,1,none
efficientnet_b4,ILSVRC2012_val_00000726.JPEG,n02447366,362,362,0.6043105,1,imagenet_c,defocus_blur,1,none
efficientnet_b4,ILSVRC2012_val_00002903.JPEG,n02447366,362,362,0.5575173,1,imagenet_c,defocus_blur,1,none
efficientnet_b4,ILSVRC2012_val_00003213.JPEG,n02447366,362,362,0.74720705,1,imagenet_c,defocus_blur,1,none
efficientnet_b4,ILSVRC2012_val_00003383.JPEG,n02447366,362,362,0.49925646,1,imagenet_c,defocus_blur,1,none
efficientnet_b4,ILSVRC2012_val_00004409.JPEG,n02447366,362,362,0.402258,1,imagenet_c,defocus_blur,1,none
efficientnet_b4,ILSVRC2012_val_00005155.JPEG,n02447366,362,362,0.24969819,1,imagenet_c,defocus_blur,1,none
efficientnet_b4,ILSVRC2012_val_00006320.JPEG,n02447366,362,362,0.30744514,1,imagenet_c,defocus_blur,1,none
efficientnet_b4,ILSVRC2012_val_00006734.JPEG,n02447366,362,362,0.3862868,1,imagenet_c,defocus_blur,1,none
efficientnet_b4,ILSVRC2012_val_00007541.JPEG,n02447366,362,362,0.5903951,1,imagenet_c,defocus_blur,1,none
efficientnet_b4,ILSVRC2012_val_00007728.JPEG,n02447366,362,362,0.50407666,1,imagenet_c,defocus_blur,1,none
efficientnet_b4,ILSVRC2012_val_00008419.JPEG,n02447366,362,362,0.64107955,1,imagenet_c,defocus_blur,1,none
efficientnet_b4,ILSVRC2012_val_00008562.JPEG,n02447366,362,362,0.6220675,1,imagenet_c,defocus_blur,1,none
efficientnet_b4,ILSVRC2012_val_00009254.JPEG,n02447366,362,362,0.5784087,1,imagenet_c,defocus_blur,1,none
efficientnet_b4,ILSVRC2012_val_00009878.JPEG,n02447366,362,362,0.37010154,1,imagenet_c,defocus_blur,1,none
efficientnet_b4,ILSVRC2012_val_00012860.JPEG,n02447366,362,362,0.32090396,1,imagenet_c,defocus_blur,1,none
efficientnet_b4,ILSVRC2012_val_00013425.JPEG,n02447366,362,362,0.40531334,1,imagenet_c,defocus_blur,1,none
efficientnet_b4,ILSVRC2012_val_00017114.JPEG,n02447366,362,362,0.51911014,1,imagenet_c,defocus_blur,1,none
efficientnet_b4,ILSVRC2012_val_00017517.JPEG,n02447366,362,362,0.7361436,1,imagenet_c,defocus_blur,1,none
efficientnet_b4,ILSVRC2012_val_00018072.JPEG,n02447366,362,362,0.4691277,1,imagenet_c,defocus_blur,1,none
efficientnet_b4,ILSVRC2012_val_00019336.JPEG,n02447366,362,299,0.09256809,0,imagenet_c,defocus_blur,1,none
efficientnet_b4,ILSVRC2012_val_00020219.JPEG,n02447366,362,362,0.3055356,1,imagenet_c,defocus_blur,1,none
efficientnet_b4,ILSVRC2012_val_00020668.JPEG,n02447366,362,362,0.57109475,1,imagenet_c,defocus_blur,1,none
efficientnet_b4,ILSVRC2012_val_00020969.JPEG,n02447366,362,362,0.53160566,1,imagenet_c,defocus_blur,1,none
efficientnet_b4,ILSVRC2012_val_00023566.JPEG,n02447366,362,362,0.5915777,1,imagenet_c,defocus_blur,1,none
efficientnet_b4,ILSVRC2012_val_00023776.JPEG,n02447366,362,362,0.47670096,1,imagenet_c,defocus_blur,1,none
efficientnet_b4,ILSVRC2012_val_00023870.JPEG,n02447366,362,356,0.1281473,0,imagenet_c,defocus_blur,1,none
efficientnet_b4,ILSVRC2012_val_00025242.JPEG,n02447366,362,362,0.18769434,1,imagenet_c,defocus_blur,1,none
efficientnet_b4,ILSVRC2012_val_00026422.JPEG,n02447366,362,362,0.7386016,1,imagenet_c,defocus_blur,1,none
efficientnet_b4,ILSVRC2012_val_00028238.JPEG,n02447366,362,362,0.7811743,1,imagenet_c,defocus_blur,1,none
efficientnet_b4,ILSVRC2012_val_00029690.JPEG,n02447366,362,362,0.5643134,1,imagenet_c,defocus_blur,1,none
efficientnet_b4,ILSVRC2012_val_00029936.JPEG,n02447366,362,362,0.59575635,1,imagenet_c,defocus_blur,1,none
efficientnet_b4,ILSVRC2012_val_00031436.JPEG,n02447366,362,362,0.43005073,1,imagenet_c,defocus_blur,1,none
efficientnet_b4,ILSVRC2012_val_00031622.JPEG,n02447366,362,362,0.42265406,1,imagenet_c,defocus_blur,1,none
efficientnet_b4,ILSVRC2012_val_00034872.JPEG,n02447366,362,362,0.5892699,1,imagenet_c,defocus_blur,1,none
efficientnet_b4,ILSVRC2012_val_00035718.JPEG,n02447366,362,362,0.61958814,1,imagenet_c,defocus_blur,1,none
efficientnet_b4,ILSVRC2012_val_00036141.JPEG,n02447366,362,362,0.5647212,1,imagenet_c,defocus_blur,1,none
efficientnet_b4,ILSVRC2012_val_00036224.JPEG,n02447366,362,362,0.6029572,1,imagenet_c,defocus_blur,1,none
efficientnet_b4,ILSVRC2012_val_00037650.JPEG,n02447366,362,362,0.5644629,1,imagenet_c,defocus_blur,1,none
efficientnet_b4,ILSVRC2012_val_00037899.JPEG,n02447366,362,359,0.12375707,0,imagenet_c,defocus_blur,1,none
efficientnet_b4,ILSVRC2012_val_00038889.JPEG,n02447366,362,362,0.48277345,1,imagenet_c,defocus_blur,1,none
efficientnet_b4,ILSVRC2012_val_00038987.JPEG,n02447366,362,362,0.54320794,1,imagenet_c,defocus_blur,1,none
efficientnet_b4,ILSVRC2012_val_00039103.JPEG,n02447366,362,362,0.43064752,1,imagenet_c,defocus_blur,1,none
efficientnet_b4,ILSVRC2012_val_00039772.JPEG,n02447366,362,362,0.54602623,1,imagenet_c,defocus_blur,1,none
efficientnet_b4,ILSVRC2012_val_00041647.JPEG,n02447366,362,362,0.7254759,1,imagenet_c,defocus_blur,1,none
efficientnet_b4,ILSVRC2012_val_00042540.JPEG,n02447366,362,362,0.48050863,1,imagenet_c,defocus_blur,1,none
efficientnet_b4,ILSVRC2012_val_00043025.JPEG,n02447366,362,362,0.6310697,1,imagenet_c,defocus_blur,1,none
efficientnet_b4,ILSVRC2012_val_00043982.JPEG,n02447366,362,362,0.61633545,1,imagenet_c,defocus_blur,1,none
efficientnet_b4,ILSVRC2012_val_00044044.JPEG,n02447366,362,362,0.4414202,1,imagenet_c,defocus_blur,1,none
efficientnet_b4,ILSVRC2012_val_00044114.JPEG,n02447366,362,362,0.43590707,1,imagenet_c,defocus_blur,1,none
efficientnet_b4,ILSVRC2012_val_00044728.JPEG,n02447366,362,362,0.5019158,1,imagenet_c,defocus_blur,1,none
efficientnet_b4,ILSVRC2012_val_00002448.JPEG,n02454379,363,363,0.5885615,1,imagenet_c,defocus_blur,1,none
efficientnet_b4,ILSVRC2012_val_00002762.JPEG,n02454379,363,363,0.66410583,1,imagenet_c,defocus_blur,1,none
efficientnet_b4,ILSVRC2012_val_00004762.JPEG,n02454379,363,363,0.7729157,1,imagenet_c,defocus_blur,1,none
efficientnet_b4,ILSVRC2012_val_00005298.JPEG,n02454379,363,363,0.5950023,1,imagenet_c,defocus_blur,1,none
efficientnet_b4,ILSVRC2012_val_00005355.JPEG,n02454379,363,363,0.34922773,1,imagenet_c,defocus_blur,1,none
efficientnet_b4,ILSVRC2012_val_00005580.JPEG,n02454379,363,363,0.6880443,1,imagenet_c,defocus_blur,1,none
efficientnet_b4,ILSVRC2012_val_00007681.JPEG,n02454379,363,363,0.2887254,1,imagenet_c,defocus_blur,1,none
efficientnet_b4,ILSVRC2012_val_00009806.JPEG,n02454379,363,363,0.598852,1,imagenet_c,defocus_blur,1,none
efficientnet_b4,ILSVRC2012_val_00011253.JPEG,n02454379,363,363,0.09012761,1,imagenet_c,defocus_blur,1,none
efficientnet_b4,ILSVRC2012_val_00011512.JPEG,n02454379,363,363,0.71851754,1,imagenet_c,defocus_blur,1,none
efficientnet_b4,ILSVRC2012_val_00011597.JPEG,n02454379,363,363,0.6962774,1,imagenet_c,defocus_blur,1,none
efficientnet_b4,ILSVRC2012_val_00011755.JPEG,n02454379,363,363,0.10408121,1,imagenet_c,defocus_blur,1,none
efficientnet_b4,ILSVRC2012_val_00013409.JPEG,n02454379,363,363,0.4953216,1,imagenet_c,defocus_blur,1,none
efficientnet_b4,ILSVRC2012_val_00014043.JPEG,n02454379,363,363,0.5630451,1,imagenet_c,defocus_blur,1,none
efficientnet_b4,ILSVRC2012_val_00014288.JPEG,n02454379,363,363,0.5801867,1,imagenet_c,defocus_blur,1,none
efficientnet_b4,ILSVRC2012_val_00015170.JPEG,n02454379,363,330,0.23117453,0,imagenet_c,defocus_blur,1,none
efficientnet_b4,ILSVRC2012_val_00016608.JPEG,n02454379,363,363,0.5667307,1,imagenet_c,defocus_blur,1,none
efficientnet_b4,ILSVRC2012_val_00017710.JPEG,n02454379,363,363,0.6166037,1,imagenet_c,defocus_blur,1,none
efficientnet_b4,ILSVRC2012_val_00018382.JPEG,n02454379,363,363,0.60001296,1,imagenet_c,defocus_blur,1,none
efficientnet_b4,ILSVRC2012_val_00018686.JPEG,n02454379,363,48,0.1248564,0,imagenet_c,defocus_blur,1,none
efficientnet_b4,ILSVRC2012_val_00018717.JPEG,n02454379,363,103,0.13251004,0,imagenet_c,defocus_blur,1,none
efficientnet_b4,ILSVRC2012_val_00018994.JPEG,n02454379,363,363,0.15991144,1,imagenet_c,defocus_blur,1,none
efficientnet_b4,ILSVRC2012_val_00019625.JPEG,n02454379,363,363,0.68494165,1,imagenet_c,defocus_blur,1,none
efficientnet_b4,ILSVRC2012_val_00020579.JPEG,n02454379,363,363,0.6938671,1,imagenet_c,defocus_blur,1,none
efficientnet_b4,ILSVRC2012_val_00020980.JPEG,n02454379,363,363,0.070253395,1,imagenet_c,defocus_blur,1,none
efficientnet_b4,ILSVRC2012_val_00022827.JPEG,n02454379,363,363,0.6820232,1,imagenet_c,defocus_blur,1,none
efficientnet_b4,ILSVRC2012_val_00023679.JPEG,n02454379,363,363,0.5373109,1,imagenet_c,defocus_blur,1,none
efficientnet_b4,ILSVRC2012_val_00024257.JPEG,n02454379,363,35,0.1612836,0,imagenet_c,defocus_blur,1,none
efficientnet_b4,ILSVRC2012_val_00025171.JPEG,n02454379,363,978,0.22537851,0,imagenet_c,defocus_blur,1,none
efficientnet_b4,ILSVRC2012_val_00025208.JPEG,n02454379,363,363,0.71910286,1,imagenet_c,defocus_blur,1,none
efficientnet_b4,ILSVRC2012_val_00025235.JPEG,n02454379,363,363,0.5796727,1,imagenet_c,defocus_blur,1,none
efficientnet_b4,ILSVRC2012_val_00027204.JPEG,n02454379,363,363,0.6949851,1,imagenet_c,defocus_blur,1,none
efficientnet_b4,ILSVRC2012_val_00030043.JPEG,n02454379,363,363,0.76987535,1,imagenet_c,defocus_blur,1,none
efficientnet_b4,ILSVRC2012_val_00031417.JPEG,n02454379,363,341,0.31954202,0,imagenet_c,defocus_blur,1,none
efficientnet_b4,ILSVRC2012_val_00032100.JPEG,n02454379,363,343,0.10430406,0,imagenet_c,defocus_blur,1,none
efficientnet_b4,ILSVRC2012_val_00032906.JPEG,n02454379,363,125,0.30786157,0,imagenet_c,defocus_blur,1,none
efficientnet_b4,ILSVRC2012_val_00033827.JPEG,n02454379,363,363,0.6009953,1,imagenet_c,defocus_blur,1,none
efficientnet_b4,ILSVRC2012_val_00036094.JPEG,n02454379,363,363,0.67864376,1,imagenet_c,defocus_blur,1,none
efficientnet_b4,ILSVRC2012_val_00037901.JPEG,n02454379,363,363,0.71357566,1,imagenet_c,defocus_blur,1,none
efficientnet_b4,ILSVRC2012_val_00037983.JPEG,n02454379,363,363,0.5077547,1,imagenet_c,defocus_blur,1,none
efficientnet_b4,ILSVRC2012_val_00038758.JPEG,n02454379,363,363,0.67901975,1,imagenet_c,defocus_blur,1,none
efficientnet_b4,ILSVRC2012_val_00038760.JPEG,n02454379,363,363,0.6848695,1,imagenet_c,defocus_blur,1,none
efficientnet_b4,ILSVRC2012_val_00038784.JPEG,n02454379,363,363,0.5673968,1,imagenet_c,defocus_blur,1,none
efficientnet_b4,ILSVRC2012_val_00040090.JPEG,n02454379,363,363,0.7544424,1,imagenet_c,defocus_blur,1,none
efficientnet_b4,ILSVRC2012_val_00040825.JPEG,n02454379,363,363,0.12983666,1,imagenet_c,defocus_blur,1,none
efficientnet_b4,ILSVRC2012_val_00044035.JPEG,n02454379,363,363,0.5953521,1,imagenet_c,defocus_blur,1,none
efficientnet_b4,ILSVRC2012_val_00045646.JPEG,n02454379,363,363,0.1646095,1,imagenet_c,defocus_blur,1,none
efficientnet_b4,ILSVRC2012_val_00046214.JPEG,n02454379,363,363,0.5640792,1,imagenet_c,defocus_blur,1,none
efficientnet_b4,ILSVRC2012_val_00047246.JPEG,n02454379,363,363,0.69553006,1,imagenet_c,defocus_blur,1,none
efficientnet_b4,ILSVRC2012_val_00047889.JPEG,n02454379,363,363,0.5799553,1,imagenet_c,defocus_blur,1,none
efficientnet_b4,ILSVRC2012_val_00001442.JPEG,n02457408,364,364,0.70157534,1,imagenet_c,defocus_blur,1,none
efficientnet_b4,ILSVRC2012_val_00006352.JPEG,n02457408,364,364,0.17920475,1,imagenet_c,defocus_blur,1,none
efficientnet_b4,ILSVRC2012_val_00007499.JPEG,n02457408,364,364,0.47354424,1,imagenet_c,defocus_blur,1,none
efficientnet_b4,ILSVRC2012_val_00007554.JPEG,n02457408,364,364,0.42700922,1,imagenet_c,defocus_blur,1,none
efficientnet_b4,ILSVRC2012_val_00007831.JPEG,n02457408,364,364,0.40904647,1,imagenet_c,defocus_blur,1,none
efficientnet_b4,ILSVRC2012_val_00008300.JPEG,n02457408,364,379,0.37329975,0,imagenet_c,defocus_blur,1,none
efficientnet_b4,ILSVRC2012_val_00011353.JPEG,n02457408,364,380,0.36128893,0,imagenet_c,defocus_blur,1,none
efficientnet_b4,ILSVRC2012_val_00012938.JPEG,n02457408,364,364,0.19852553,1,imagenet_c,defocus_blur,1,none
efficientnet_b4,ILSVRC2012_val_00013700.JPEG,n02457408,364,364,0.47244412,1,imagenet_c,defocus_blur,1,none
efficientnet_b4,ILSVRC2012_val_00015126.JPEG,n02457408,364,379,0.06242655,0,imagenet_c,defocus_blur,1,none
efficientnet_b4,ILSVRC2012_val_00017781.JPEG,n02457408,364,364,0.27633172,1,imagenet_c,defocus_blur,1,none
efficientnet_b4,ILSVRC2012_val_00018316.JPEG,n02457408,364,364,0.30204248,1,imagenet_c,defocus_blur,1,none
efficientnet_b4,ILSVRC2012_val_00019352.JPEG,n02457408,364,364,0.6363629,1,imagenet_c,defocus_blur,1,none
efficientnet_b4,ILSVRC2012_val_00020211.JPEG,n02457408,364,364,0.44126925,1,imagenet_c,defocus_blur,1,none
efficientnet_b4,ILSVRC2012_val_00020433.JPEG,n02457408,364,364,0.41116995,1,imagenet_c,defocus_blur,1,none
efficientnet_b4,ILSVRC2012_val_00020654.JPEG,n02457408,364,364,0.50504833,1,imagenet_c,defocus_blur,1,none
efficientnet_b4,ILSVRC2012_val_00022195.JPEG,n02457408,364,364,0.5765916,1,imagenet_c,defocus_blur,1,none
efficientnet_b4,ILSVRC2012_val_00024118.JPEG,n02457408,364,364,0.46185,1,imagenet_c,defocus_blur,1,none
efficientnet_b4,ILSVRC2012_val_00024501.JPEG,n02457408,364,364,0.12990637,1,imagenet_c,defocus_blur,1,none
efficientnet_b4,ILSVRC2012_val_00026524.JPEG,n02457408,364,364,0.23795386,1,imagenet_c,defocus_blur,1,none
efficientnet_b4,ILSVRC2012_val_00027033.JPEG,n02457408,364,364,0.18023951,1,imagenet_c,defocus_blur,1,none
efficientnet_b4,ILSVRC2012_val_00029006.JPEG,n02457408,364,364,0.34428835,1,imagenet_c,defocus_blur,1,none
efficientnet_b4,ILSVRC2012_val_00029041.JPEG,n02457408,364,379,0.062283833,0,imagenet_c,defocus_blur,1,none
efficientnet_b4,ILSVRC2012_val_00029890.JPEG,n02457408,364,364,0.428627,1,imagenet_c,defocus_blur,1,none
efficientnet_b4,ILSVRC2012_val_00030344.JPEG,n02457408,364,381,0.14392436,0,imagenet_c,defocus_blur,1,none
efficientnet_b4,ILSVRC2012_val_00030508.JPEG,n02457408,364,364,0.4980779,1,imagenet_c,defocus_blur,1,none
efficientnet_b4,ILSVRC2012_val_00031042.JPEG,n02457408,364,364,0.47604707,1,imagenet_c,defocus_blur,1,none
efficientnet_b4,ILSVRC2012_val_00031183.JPEG,n02457408,364,379,0.13264893,0,imagenet_c,defocus_blur,1,none
efficientnet_b4,ILSVRC2012_val_00031214.JPEG,n02457408,364,364,0.089427345,1,imagenet_c,defocus_blur,1,none
efficientnet_b4,ILSVRC2012_val_00031278.JPEG,n02457408,364,364,0.4758875,1,imagenet_c,defocus_blur,1,none
efficientnet_b4,ILSVRC2012_val_00031363.JPEG,n02457408,364,364,0.35383898,1,imagenet_c,defocus_blur,1,none
efficientnet_b4,ILSVRC2012_val_00031565.JPEG,n02457408,364,364,0.6536687,1,imagenet_c,defocus_blur,1,none
efficientnet_b4,ILSVRC2012_val_00033283.JPEG,n02457408,364,364,0.3234893,1,imagenet_c,defocus_blur,1,none
efficientnet_b4,ILSVRC2012_val_00034598.JPEG,n02457408,364,364,0.41031307,1,imagenet_c,defocus_blur,1,none
efficientnet_b4,ILSVRC2012_val_00035990.JPEG,n02457408,364,364,0.40128708,1,imagenet_c,defocus_blur,1,none
efficientnet_b4,ILSVRC2012_val_00038710.JPEG,n02457408,364,364,0.3993771,1,imagenet_c,defocus_blur,1,none
efficientnet_b4,ILSVRC2012_val_00040703.JPEG,n02457408,364,364,0.41957894,1,imagenet_c,defocus_blur,1,none
efficientnet_b4,ILSVRC2012_val_00041441.JPEG,n02457408,364,364,0.48379508,1,imagenet_c,defocus_blur,1,none
efficientnet_b4,ILSVRC2012_val_00042044.JPEG,n02457408,364,364,0.3998154,1,imagenet_c,defocus_blur,1,none
efficientnet_b4,ILSVRC2012_val_00042228.JPEG,n02457408,364,364,0.30370194,1,imagenet_c,defocus_blur,1,none
efficientnet_b4,ILSVRC2012_val_00043100.JPEG,n02457408,364,364,0.41805115,1,imagenet_c,defocus_blur,1,none
efficientnet_b4,ILSVRC2012_val_00044120.JPEG,n02457408,364,364,0.62386507,1,imagenet_c,defocus_blur,1,none
efficientnet_b4,ILSVRC2012_val_00044424.JPEG,n02457408,364,364,0.22818978,1,imagenet_c,defocus_blur,1,none
efficientnet_b4,ILSVRC2012_val_00044983.JPEG,n02457408,364,364,0.35489437,1,imagenet_c,defocus_blur,1,none
efficientnet_b4,ILSVRC2012_val_00045063.JPEG,n02457408,364,364,0.4582135,1,imagenet_c,defocus_blur,1,none
efficientnet_b4,ILSVRC2012_val_00045127.JPEG,n02457408,364,380,0.19533464,0,imagenet_c,defocus_blur,1,none
efficientnet_b4,ILSVRC2012_val_00046495.JPEG,n02457408,364,367,0.087826066,0,imagenet_c,defocus_blur,1,none
efficientnet_b4,ILSVRC2012_val_00047311.JPEG,n02457408,364,378,0.17674176,0,imagenet_c,defocus_blur,1,none
efficientnet_b4,ILSVRC2012_val_00048084.JPEG,n02457408,364,364,0.06089996,1,imagenet_c,defocus_blur,1,none
efficientnet_b4,ILSVRC2012_val_00048223.JPEG,n02457408,364,364,0.08227029,1,imagenet_c,defocus_blur,1,none
efficientnet_b4,ILSVRC2012_val_00001535.JPEG,n02480495,365,365,0.6240302,1,imagenet_c,defocus_blur,1,none
efficientnet_b4,ILSVRC2012_val_00002862.JPEG,n02480495,365,365,0.39818686,1,imagenet_c,defocus_blur,1,none
efficientnet_b4,ILSVRC2012_val_00002911.JPEG,n02480495,365,365,0.5832919,1,imagenet_c,defocus_blur,1,none
efficientnet_b4,ILSVRC2012_val_00004003.JPEG,n02480495,365,365,0.63874626,1,imagenet_c,defocus_blur,1,none
efficientnet_b4,ILSVRC2012_val_00005726.JPEG,n02480495,365,365,0.5751598,1,imagenet_c,defocus_blur,1,none
efficientnet_b4,ILSVRC2012_val_00007506.JPEG,n02480495,365,365,0.50940233,1,imagenet_c,defocus_blur,1,none
efficientnet_b4,ILSVRC2012_val_00008615.JPEG,n02480495,365,365,0.6350214,1,imagenet_c,defocus_blur,1,none
efficientnet_b4,ILSVRC2012_val_00009381.JPEG,n02480495,365,365,0.5810861,1,imagenet_c,defocus_blur,1,none
efficientnet_b4,ILSVRC2012_val_00009574.JPEG,n02480495,365,372,0.53295016,0,imagenet_c,defocus_blur,1,none
efficientnet_b4,ILSVRC2012_val_00010212.JPEG,n02480495,365,365,0.6592126,1,imagenet_c,defocus_blur,1,none
efficientnet_b4,ILSVRC2012_val_00010576.JPEG,n02480495,365,365,0.49802324,1,imagenet_c,defocus_blur,1,none
efficientnet_b4,ILSVRC2012_val_00011425.JPEG,n02480495,365,365,0.5386474,1,imagenet_c,defocus_blur,1,none
efficientnet_b4,ILSVRC2012_val_00011592.JPEG,n02480495,365,365,0.57535577,1,imagenet_c,defocus_blur,1,none
efficientnet_b4,ILSVRC2012_val_00012167.JPEG,n02480495,365,365,0.50949365,1,imagenet_c,defocus_blur,1,none
efficientnet_b4,ILSVRC2012_val_00012782.JPEG,n02480495,365,376,0.28473103,0,imagenet_c,defocus_blur,1,none
efficientnet_b4,ILSVRC2012_val_00015704.JPEG,n02480495,365,365,0.5405365,1,imagenet_c,defocus_blur,1,none
efficientnet_b4,ILSVRC2012_val_00015876.JPEG,n02480495,365,365,0.56561023,1,imagenet_c,defocus_blur,1,none
efficientnet_b4,ILSVRC2012_val_00016196.JPEG,n02480495,365,365,0.48456332,1,imagenet_c,defocus_blur,1,none
efficientnet_b4,ILSVRC2012_val_00016432.JPEG,n02480495,365,365,0.25659126,1,imagenet_c,defocus_blur,1,none
efficientnet_b4,ILSVRC2012_val_00016559.JPEG,n02480495,365,365,0.55439615,1,imagenet_c,defocus_blur,1,none
efficientnet_b4,ILSVRC2012_val_00017493.JPEG,n02480495,365,377,0.0789578,0,imagenet_c,defocus_blur,1,none
efficientnet_b4,ILSVRC2012_val_00019448.JPEG,n02480495,365,365,0.493659,1,imagenet_c,defocus_blur,1,none
efficientnet_b4,ILSVRC2012_val_00020171.JPEG,n02480495,365,367,0.4082166,0,imagenet_c,defocus_blur,1,none
efficientnet_b4,ILSVRC2012_val_00020525.JPEG,n02480495,365,365,0.6905942,1,imagenet_c,defocus_blur,1,none
efficientnet_b4,ILSVRC2012_val_00021352.JPEG,n02480495,365,365,0.5190247,1,imagenet_c,defocus_blur,1,none
efficientnet_b4,ILSVRC2012_val_00022223.JPEG,n02480495,365,365,0.39613312,1,imagenet_c,defocus_blur,1,none
efficientnet_b4,ILSVRC2012_val_00023426.JPEG,n02480495,365,365,0.27507508,1,imagenet_c,defocus_blur,1,none
efficientnet_b4,ILSVRC2012_val_00024622.JPEG,n02480495,365,365,0.44068146,1,imagenet_c,defocus_blur,1,none
efficientnet_b4,ILSVRC2012_val_00024886.JPEG,n02480495,365,365,0.68538076,1,imagenet_c,defocus_blur,1,none
efficientnet_b4,ILSVRC2012_val_00026499.JPEG,n02480495,365,365,0.7750446,1,imagenet_c,defocus_blur,1,none
efficientnet_b4,ILSVRC2012_val_00028636.JPEG,n02480495,365,365,0.62632066,1,imagenet_c,defocus_blur,1,none
efficientnet_b4,ILSVRC2012_val_00028784.JPEG,n02480495,365,365,0.4069513,1,imagenet_c,defocus_blur,1,none
efficientnet_b4,ILSVRC2012_val_00031083.JPEG,n02480495,365,255,0.59483546,0,imagenet_c,defocus_blur,1,none
efficientnet_b4,ILSVRC2012_val_00031880.JPEG,n02480495,365,365,0.5335104,1,imagenet_c,defocus_blur,1,none
efficientnet_b4,ILSVRC2012_val_00032080.JPEG,n02480495,365,365,0.54007304,1,imagenet_c,defocus_blur,1,none
efficientnet_b4,ILSVRC2012_val_00033650.JPEG,n02480495,365,365,0.6839367,1,imagenet_c,defocus_blur,1,none
efficientnet_b4,ILSVRC2012_val_00033841.JPEG,n02480495,365,365,0.4939156,1,imagenet_c,defocus_blur,1,none
efficientnet_b4,ILSVRC2012_val_00034740.JPEG,n02480495,365,365,0.41448367,1,imagenet_c,defocus_blur,1,none
efficientnet_b4,ILSVRC2012_val_00035901.JPEG,n02480495,365,365,0.26358664,1,imagenet_c,defocus_blur,1,none
efficientnet_b4,ILSVRC2012_val_00037212.JPEG,n02480495,365,365,0.6007058,1,imagenet_c,defocus_blur,1,none
efficientnet_b4,ILSVRC2012_val_00037228.JPEG,n02480495,365,365,0.6649591,1,imagenet_c,defocus_blur,1,none
efficientnet_b4,ILSVRC2012_val_00042045.JPEG,n02480495,365,365,0.54207426,1,imagenet_c,defocus_blur,1,none
efficientnet_b4,ILSVRC2012_val_00045304.JPEG,n02480495,365,365,0.5118622,1,imagenet_c,defocus_blur,1,none
efficientnet_b4,ILSVRC2012_val_00046846.JPEG,n02480495,365,365,0.44188,1,imagenet_c,defocus_blur,1,none
efficientnet_b4,ILSVRC2012_val_00047222.JPEG,n02480495,365,365,0.6835421,1,imagenet_c,defocus_blur,1,none
efficientnet_b4,ILSVRC2012_val_00047956.JPEG,n02480495,365,365,0.6081737,1,imagenet_c,defocus_blur,1,none
efficientnet_b4,ILSVRC2012_val_00048291.JPEG,n02480495,365,365,0.7034608,1,imagenet_c,defocus_blur,1,none
efficientnet_b4,ILSVRC2012_val_00048294.JPEG,n02480495,365,365,0.6002358,1,imagenet_c,defocus_blur,1,none
efficientnet_b4,ILSVRC2012_val_00049124.JPEG,n02480495,365,220,0.10923603,0,imagenet_c,defocus_blur,1,none
efficientnet_b4,ILSVRC2012_val_00049377.JPEG,n02480495,365,365,0.5312319,1,imagenet_c,defocus_blur,1,none
efficientnet_b4,ILSVRC2012_val_00000093.JPEG,n02480855,366,366,0.4462092,1,imagenet_c,defocus_blur,1,none
efficientnet_b4,ILSVRC2012_val_00000242.JPEG,n02480855,366,101,0.1858475,0,imagenet_c,defocus_blur,1,none
efficientnet_b4,ILSVRC2012_val_00002530.JPEG,n02480855,366,367,0.42120916,0,imagenet_c,defocus_blur,1,none
efficientnet_b4,ILSVRC2012_val_00004173.JPEG,n02480855,366,366,0.4047291,1,imagenet_c,defocus_blur,1,none
efficientnet_b4,ILSVRC2012_val_00004272.JPEG,n02480855,366,366,0.31575602,1,imagenet_c,defocus_blur,1,none
efficientnet_b4,ILSVRC2012_val_00005565.JPEG,n02480855,366,366,0.3129146,1,imagenet_c,defocus_blur,1,none
efficientnet_b4,ILSVRC2012_val_00005826.JPEG,n02480855,366,379,0.28589684,0,imagenet_c,defocus_blur,1,none
efficientnet_b4,ILSVRC2012_val_00006141.JPEG,n02480855,366,366,0.34886894,1,imagenet_c,defocus_blur,1,none
efficientnet_b4,ILSVRC2012_val_00006498.JPEG,n02480855,366,366,0.41364256,1,imagenet_c,defocus_blur,1,none
efficientnet_b4,ILSVRC2012_val_00006541.JPEG,n02480855,366,366,0.40973067,1,imagenet_c,defocus_blur,1,none
efficientnet_b4,ILSVRC2012_val_00006775.JPEG,n02480855,366,366,0.36389998,1,imagenet_c,defocus_blur,1,none
efficientnet_b4,ILSVRC2012_val_00007588.JPEG,n02480855,366,366,0.44789642,1,imagenet_c,defocus_blur,1,none
efficientnet_b4,ILSVRC2012_val_00009390.JPEG,n02480855,366,366,0.50691026,1,imagenet_c,defocus_blur,1,none
efficientnet_b4,ILSVRC2012_val_00010853.JPEG,n02480855,366,366,0.37492165,1,imagenet_c,defocus_blur,1,none
efficientnet_b4,ILSVRC2012_val_00011482.JPEG,n02480855,366,366,0.38075516,1,imagenet_c,defocus_blur,1,none
efficientnet_b4,ILSVRC2012_val_00012496.JPEG,n02480855,366,366,0.4002352,1,imagenet_c,defocus_blur,1,none
efficientnet_b4,ILSVRC2012_val_00014055.JPEG,n02480855,366,367,0.2984506,0,imagenet_c,defocus_blur,1,none
efficientnet_b4,ILSVRC2012_val_00015064.JPEG,n02480855,366,366,0.4852289,1,imagenet_c,defocus_blur,1,none
efficientnet_b4,ILSVRC2012_val_00015909.JPEG,n02480855,366,367,0.28723747,0,imagenet_c,defocus_blur,1,none
efficientnet_b4,ILSVRC2012_val_00015928.JPEG,n02480855,366,366,0.41012952,1,imagenet_c,defocus_blur,1,none
efficientnet_b4,ILSVRC2012_val_00016173.JPEG,n02480855,366,366,0.42682132,1,imagenet_c,defocus_blur,1,none
efficientnet_b4,ILSVRC2012_val_00017200.JPEG,n02480855,366,367,0.13742907,0,imagenet_c,defocus_blur,1,none
efficientnet_b4,ILSVRC2012_val_00020000.JPEG,n02480855,366,366,0.3385662,1,imagenet_c,defocus_blur,1,none
efficientnet_b4,ILSVRC2012_val_00021361.JPEG,n02480855,366,366,0.30451962,1,imagenet_c,defocus_blur,1,none
efficientnet_b4,ILSVRC2012_val_00021741.JPEG,n02480855,366,367,0.26532027,0,imagenet_c,defocus_blur,1,none
efficientnet_b4,ILSVRC2012_val_00022791.JPEG,n02480855,366,366,0.21410325,1,imagenet_c,defocus_blur,1,none
efficientnet_b4,ILSVRC2012_val_00023514.JPEG,n02480855,366,366,0.4057901,1,imagenet_c,defocus_blur,1,none
efficientnet_b4,ILSVRC2012_val_00027670.JPEG,n02480855,366,366,0.37777755,1,imagenet_c,defocus_blur,1,none
efficientnet_b4,ILSVRC2012_val_00028049.JPEG,n02480855,366,366,0.40073967,1,imagenet_c,defocus_blur,1,none
efficientnet_b4,ILSVRC2012_val_00028177.JPEG,n02480855,366,367,0.043309063,0,imagenet_c,defocus_blur,1,none
efficientnet_b4,ILSVRC2012_val_00028296.JPEG,n02480855,366,366,0.13339865,1,imagenet_c,defocus_blur,1,none
efficientnet_b4,ILSVRC2012_val_00030729.JPEG,n02480855,366,743,0.82470125,0,imagenet_c,defocus_blur,1,none
efficientnet_b4,ILSVRC2012_val_00032006.JPEG,n02480855,366,367,0.31165078,0,imagenet_c,defocus_blur,1,none
efficientnet_b4,ILSVRC2012_val_00032223.JPEG,n02480855,366,366,0.31197876,1,imagenet_c,defocus_blur,1,none
efficientnet_b4,ILSVRC2012_val_00032655.JPEG,n02480855,366,366,0.45496628,1,imagenet_c,defocus_blur,1,none
efficientnet_b4,ILSVRC2012_val_00033298.JPEG,n02480855,366,366,0.41080642,1,imagenet_c,defocus_blur,1,none
efficientnet_b4,ILSVRC2012_val_00035543.JPEG,n02480855,366,851,0.03391821,0,imagenet_c,defocus_blur,1,none
efficientnet_b4,ILSVRC2012_val_00038024.JPEG,n02480855,366,366,0.39803398,1,imagenet_c,defocus_blur,1,none
efficientnet_b4,ILSVRC2012_val_00040008.JPEG,n02480855,366,366,0.5123071,1,imagenet_c,defocus_blur,1,none
efficientnet_b4,ILSVRC2012_val_00040216.JPEG,n02480855,366,367,0.328974,0,imagenet_c,defocus_blur,1,none
efficientnet_b4,ILSVRC2012_val_00040794.JPEG,n02480855,366,366,0.4180452,1,imagenet_c,defocus_blur,1,none
efficientnet_b4,ILSVRC2012_val_00041155.JPEG,n02480855,366,410,0.028653312,0,imagenet_c,defocus_blur,1,none
efficientnet_b4,ILSVRC2012_val_00041607.JPEG,n02480855,366,366,0.42168176,1,imagenet_c,defocus_blur,1,none
efficientnet_b4,ILSVRC2012_val_00042024.JPEG,n02480855,366,366,0.35979038,1,imagenet_c,defocus_blur,1,none
efficientnet_b4,ILSVRC2012_val_00042046.JPEG,n02480855,366,366,0.37493718,1,imagenet_c,defocus_blur,1,none
efficientnet_b4,ILSVRC2012_val_00042839.JPEG,n02480855,366,366,0.45428762,1,imagenet_c,defocus_blur,1,none
efficientnet_b4,ILSVRC2012_val_00044145.JPEG,n02480855,366,366,0.33932158,1,imagenet_c,defocus_blur,1,none
efficientnet_b4,ILSVRC2012_val_00045156.JPEG,n02480855,366,366,0.48101285,1,imagenet_c,defocus_blur,1,none
efficientnet_b4,ILSVRC2012_val_00047603.JPEG,n02480855,366,367,0.15004854,0,imagenet_c,defocus_blur,1,none
efficientnet_b4,ILSVRC2012_val_00049323.JPEG,n02480855,366,366,0.35039854,1,imagenet_c,defocus_blur,1,none
efficientnet_b4,ILSVRC2012_val_00000553.JPEG,n02481823,367,367,0.46253252,1,imagenet_c,defocus_blur,1,none
efficientnet_b4,ILSVRC2012_val_00000788.JPEG,n02481823,367,367,0.2938043,1,imagenet_c,defocus_blur,1,none
efficientnet_b4,ILSVRC2012_val_00000870.JPEG,n02481823,367,216,0.01937233,0,imagenet_c,defocus_blur,1,none
efficientnet_b4,ILSVRC2012_val_00000974.JPEG,n02481823,367,367,0.47508338,1,imagenet_c,defocus_blur,1,none
efficientnet_b4,ILSVRC2012_val_00001546.JPEG,n02481823,367,295,0.27084386,0,imagenet_c,defocus_blur,1,none
efficientnet_b4,ILSVRC2012_val_00007604.JPEG,n02481823,367,367,0.49390593,1,imagenet_c,defocus_blur,1,none
efficientnet_b4,ILSVRC2012_val_00007619.JPEG,n02481823,367,367,0.4555127,1,imagenet_c,defocus_blur,1,none
efficientnet_b4,ILSVRC2012_val_00007639.JPEG,n02481823,367,367,0.5597722,1,imagenet_c,defocus_blur,1,none
efficientnet_b4,ILSVRC2012_val_00008256.JPEG,n02481823,367,369,0.24599212,0,imagenet_c,defocus_blur,1,none
efficientnet_b4,ILSVRC2012_val_00008330.JPEG,n02481823,367,367,0.5686115,1,imagenet_c,defocus_blur,1,none
efficientnet_b4,ILSVRC2012_val_00008351.JPEG,n02481823,367,367,0.5615283,1,imagenet_c,defocus_blur,1,none
efficientnet_b4,ILSVRC2012_val_00008889.JPEG,n02481823,367,367,0.32907078,1,imagenet_c,defocus_blur,1,none
efficientnet_b4,ILSVRC2012_val_00011245.JPEG,n02481823,367,367,0.47476557,1,imagenet_c,defocus_blur,1,none
efficientnet_b4,ILSVRC2012_val_00012253.JPEG,n02481823,367,179,0.17081301,0,imagenet_c,defocus_blur,1,none
efficientnet_b4,ILSVRC2012_val_00012830.JPEG,n02481823,367,367,0.35041794,1,imagenet_c,defocus_blur,1,none
efficientnet_b4,ILSVRC2012_val_00013943.JPEG,n02481823,367,367,0.5623114,1,imagenet_c,defocus_blur,1,none
efficientnet_b4,ILSVRC2012_val_00015148.JPEG,n02481823,367,367,0.5804508,1,imagenet_c,defocus_blur,1,none
efficientnet_b4,ILSVRC2012_val_00015432.JPEG,n02481823,367,367,0.3569951,1,imagenet_c,defocus_blur,1,none
efficientnet_b4,ILSVRC2012_val_00019335.JPEG,n02481823,367,367,0.34337586,1,imagenet_c,defocus_blur,1,none
efficientnet_b4,ILSVRC2012_val_00020642.JPEG,n02481823,367,367,0.46625456,1,imagenet_c,defocus_blur,1,none
efficientnet_b4,ILSVRC2012_val_00020869.JPEG,n02481823,367,367,0.644735,1,imagenet_c,defocus_blur,1,none
efficientnet_b4,ILSVRC2012_val_00022194.JPEG,n02481823,367,367,0.4397288,1,imagenet_c,defocus_blur,1,none
efficientnet_b4,ILSVRC2012_val_00023262.JPEG,n02481823,367,367,0.45887268,1,imagenet_c,defocus_blur,1,none
efficientnet_b4,ILSVRC2012_val_00024600.JPEG,n02481823,367,367,0.6038554,1,imagenet_c,defocus_blur,1,none
efficientnet_b4,ILSVRC2012_val_00024840.JPEG,n02481823,367,367,0.3240153,1,imagenet_c,defocus_blur,1,none
efficientnet_b4,ILSVRC2012_val_00024921.JPEG,n02481823,367,367,0.5624899,1,imagenet_c,defocus_blur,1,none
efficientnet_b4,ILSVRC2012_val_00027941.JPEG,n02481823,367,367,0.101985246,1,imagenet_c,defocus_blur,1,none
efficientnet_b4,ILSVRC2012_val_00028562.JPEG,n02481823,367,367,0.40993026,1,imagenet_c,defocus_blur,1,none
efficientnet_b4,ILSVRC2012_val_00029160.JPEG,n02481823,367,367,0.35740346,1,imagenet_c,defocus_blur,1,none
efficientnet_b4,ILSVRC2012_val_00030426.JPEG,n02481823,367,367,0.67396057,1,imagenet_c,defocus_blur,1,none
efficientnet_b4,ILSVRC2012_val_00031769.JPEG,n02481823,367,367,0.17547254,1,imagenet_c,defocus_blur,1,none
efficientnet_b4,ILSVRC2012_val_00032684.JPEG,n02481823,367,367,0.6389478,1,imagenet_c,defocus_blur,1,none
efficientnet_b4,ILSVRC2012_val_00033537.JPEG,n02481823,367,367,0.34605077,1,imagenet_c,defocus_blur,1,none
efficientnet_b4,ILSVRC2012_val_00034215.JPEG,n02481823,367,367,0.5553277,1,imagenet_c,defocus_blur,1,none
efficientnet_b4,ILSVRC2012_val_00036080.JPEG,n02481823,367,367,0.4953209,1,imagenet_c,defocus_blur,1,none
efficientnet_b4,ILSVRC2012_val_00037790.JPEG,n02481823,367,367,0.19687526,1,imagenet_c,defocus_blur,1,none
efficientnet_b4,ILSVRC2012_val_00038769.JPEG,n02481823,367,367,0.6138938,1,imagenet_c,defocus_blur,1,none
efficientnet_b4,ILSVRC2012_val_00038816.JPEG,n02481823,367,367,0.50494784,1,imagenet_c,defocus_blur,1,none
efficientnet_b4,ILSVRC2012_val_00038902.JPEG,n02481823,367,367,0.43341845,1,imagenet_c,defocus_blur,1,none
efficientnet_b4,ILSVRC2012_val_00039545.JPEG,n02481823,367,367,0.6463796,1,imagenet_c,defocus_blur,1,none
efficientnet_b4,ILSVRC2012_val_00042086.JPEG,n02481823,367,367,0.37031037,1,imagenet_c,defocus_blur,1,none
efficientnet_b4,ILSVRC2012_val_00042946.JPEG,n02481823,367,366,0.22330767,0,imagenet_c,defocus_blur,1,none
efficientnet_b4,ILSVRC2012_val_00044781.JPEG,n02481823,367,367,0.39274487,1,imagenet_c,defocus_blur,1,none
efficientnet_b4,ILSVRC2012_val_00045826.JPEG,n02481823,367,367,0.49011594,1,imagenet_c,defocus_blur,1,none
efficientnet_b4,ILSVRC2012_val_00046456.JPEG,n02481823,367,367,0.33154875,1,imagenet_c,defocus_blur,1,none
efficientnet_b4,ILSVRC2012_val_00046703.JPEG,n02481823,367,367,0.39334553,1,imagenet_c,defocus_blur,1,none
efficientnet_b4,ILSVRC2012_val_00046741.JPEG,n02481823,367,386,0.16943772,0,imagenet_c,defocus_blur,1,none
efficientnet_b4,ILSVRC2012_val_00048741.JPEG,n02481823,367,367,0.5159453,1,imagenet_c,defocus_blur,1,none
efficientnet_b4,ILSVRC2012_val_00049902.JPEG,n02481823,367,367,0.60768574,1,imagenet_c,defocus_blur,1,none
efficientnet_b4,ILSVRC2012_val_00049985.JPEG,n02481823,367,367,0.56529593,1,imagenet_c,defocus_blur,1,none
efficientnet_b4,ILSVRC2012_val_00003388.JPEG,n02483362,368,368,0.6811903,1,imagenet_c,defocus_blur,1,none
efficientnet_b4,ILSVRC2012_val_00003712.JPEG,n02483362,368,368,0.61949986,1,imagenet_c,defocus_blur,1,none
efficientnet_b4,ILSVRC2012_val_00004058.JPEG,n02483362,368,368,0.6584064,1,imagenet_c,defocus_blur,1,none
efficientnet_b4,ILSVRC2012_val_00004753.JPEG,n02483362,368,299,0.13740417,0,imagenet_c,defocus_blur,1,none
efficientnet_b4,ILSVRC2012_val_00006256.JPEG,n02483362,368,368,0.50279546,1,imagenet_c,defocus_blur,1,none
efficientnet_b4,ILSVRC2012_val_00006447.JPEG,n02483362,368,368,0.54836816,1,imagenet_c,defocus_blur,1,none
efficientnet_b4,ILSVRC2012_val_00006451.JPEG,n02483362,368,368,0.6043344,1,imagenet_c,defocus_blur,1,none
efficientnet_b4,ILSVRC2012_val_00008017.JPEG,n02483362,368,368,0.5454932,1,imagenet_c,defocus_blur,1,none
efficientnet_b4,ILSVRC2012_val_00009303.JPEG,n02483362,368,368,0.5902973,1,imagenet_c,defocus_blur,1,none
efficientnet_b4,ILSVRC2012_val_00009519.JPEG,n02483362,368,368,0.54259217,1,imagenet_c,defocus_blur,1,none
efficientnet_b4,ILSVRC2012_val_00009925.JPEG,n02483362,368,368,0.56267256,1,imagenet_c,defocus_blur,1,none
efficientnet_b4,ILSVRC2012_val_00010482.JPEG,n02483362,368,368,0.6103506,1,imagenet_c,defocus_blur,1,none
efficientnet_b4,ILSVRC2012_val_00011039.JPEG,n02483362,368,369,0.5004171,0,imagenet_c,defocus_blur,1,none
efficientnet_b4,ILSVRC2012_val_00011281.JPEG,n02483362,368,368,0.61636406,1,imagenet_c,defocus_blur,1,none
efficientnet_b4,ILSVRC2012_val_00011523.JPEG,n02483362,368,368,0.41437823,1,imagenet_c,defocus_blur,1,none
efficientnet_b4,ILSVRC2012_val_00015010.JPEG,n02483362,368,368,0.69000304,1,imagenet_c,defocus_blur,1,none
efficientnet_b4,ILSVRC2012_val_00016611.JPEG,n02483362,368,368,0.37132916,1,imagenet_c,defocus_blur,1,none
efficientnet_b4,ILSVRC2012_val_00017266.JPEG,n02483362,368,365,0.6700838,0,imagenet_c,defocus_blur,1,none
efficientnet_b4,ILSVRC2012_val_00018962.JPEG,n02483362,368,368,0.15327771,1,imagenet_c,defocus_blur,1,none
efficientnet_b4,ILSVRC2012_val_00020301.JPEG,n02483362,368,374,0.08303994,0,imagenet_c,defocus_blur,1,none
efficientnet_b4,ILSVRC2012_val_00020978.JPEG,n02483362,368,368,0.54228,1,imagenet_c,defocus_blur,1,none
efficientnet_b4,ILSVRC2012_val_00020997.JPEG,n02483362,368,374,0.4507328,0,imagenet_c,defocus_blur,1,none
efficientnet_b4,ILSVRC2012_val_00023595.JPEG,n02483362,368,368,0.32825768,1,imagenet_c,defocus_blur,1,none
efficientnet_b4,ILSVRC2012_val_00025031.JPEG,n02483362,368,368,0.6905373,1,imagenet_c,defocus_blur,1,none
efficientnet_b4,ILSVRC2012_val_00025033.JPEG,n02483362,368,368,0.43089893,1,imagenet_c,defocus_blur,1,none
efficientnet_b4,ILSVRC2012_val_00026222.JPEG,n02483362,368,368,0.7226164,1,imagenet_c,defocus_blur,1,none
efficientnet_b4,ILSVRC2012_val_00027489.JPEG,n02483362,368,384,0.608398,0,imagenet_c,defocus_blur,1,none
efficientnet_b4,ILSVRC2012_val_00028219.JPEG,n02483362,368,368,0.6999174,1,imagenet_c,defocus_blur,1,none
efficientnet_b4,ILSVRC2012_val_00029459.JPEG,n02483362,368,368,0.64956594,1,imagenet_c,defocus_blur,1,none
efficientnet_b4,ILSVRC2012_val_00029465.JPEG,n02483362,368,368,0.570795,1,imagenet_c,defocus_blur,1,none
efficientnet_b4,ILSVRC2012_val_00029738.JPEG,n02483362,368,365,0.19693021,0,imagenet_c,defocus_blur,1,none
efficientnet_b4,ILSVRC2012_val_00031929.JPEG,n02483362,368,368,0.59893745,1,imagenet_c,defocus_blur,1,none
efficientnet_b4,ILSVRC2012_val_00032133.JPEG,n02483362,368,368,0.69269454,1,imagenet_c,defocus_blur,1,none
efficientnet_b4,ILSVRC2012_val_00033513.JPEG,n02483362,368,368,0.6077542,1,imagenet_c,defocus_blur,1,none
efficientnet_b4,ILSVRC2012_val_00033717.JPEG,n02483362,368,368,0.70908755,1,imagenet_c,defocus_blur,1,none
efficientnet_b4,ILSVRC2012_val_00034271.JPEG,n02483362,368,368,0.549311,1,imagenet_c,defocus_blur,1,none
efficientnet_b4,ILSVRC2012_val_00035668.JPEG,n02483362,368,368,0.54274195,1,imagenet_c,defocus_blur,1,none
efficientnet_b4,ILSVRC2012_val_00035799.JPEG,n02483362,368,368,0.56889504,1,imagenet_c,defocus_blur,1,none
efficientnet_b4,ILSVRC2012_val_00035977.JPEG,n02483362,368,368,0.4386803,1,imagenet_c,defocus_blur,1,none
efficientnet_b4,ILSVRC2012_val_00038037.JPEG,n02483362,368,355,0.3916126,0,imagenet_c,defocus_blur,1,none
efficientnet_b4,ILSVRC2012_val_00040852.JPEG,n02483362,368,368,0.5119029,1,imagenet_c,defocus_blur,1,none
efficientnet_b4,ILSVRC2012_val_00041756.JPEG,n02483362,368,368,0.6604079,1,imagenet_c,defocus_blur,1,none
efficientnet_b4,ILSVRC2012_val_00042637.JPEG,n02483362,368,294,0.15122436,0,imagenet_c,defocus_blur,1,none
efficientnet_b4,ILSVRC2012_val_00045321.JPEG,n02483362,368,380,0.22983862,0,imagenet_c,defocus_blur,1,none
efficientnet_b4,ILSVRC2012_val_00046137.JPEG,n02483362,368,368,0.5221516,1,imagenet_c,defocus_blur,1,none
efficientnet_b4,ILSVRC2012_val_00046486.JPEG,n02483362,368,379,0.16635224,0,imagenet_c,defocus_blur,1,none
efficientnet_b4,ILSVRC2012_val_00046590.JPEG,n02483362,368,378,0.18001713,0,imagenet_c,defocus_blur,1,none
efficientnet_b4,ILSVRC2012_val_00046783.JPEG,n02483362,368,368,0.3758413,1,imagenet_c,defocus_blur,1,none
efficientnet_b4,ILSVRC2012_val_00048939.JPEG,n02483362,368,369,0.38585508,0,imagenet_c,defocus_blur,1,none
efficientnet_b4,ILSVRC2012_val_00049019.JPEG,n02483362,368,368,0.6642058,1,imagenet_c,defocus_blur,1,none
efficientnet_b4,ILSVRC2012_val_00000087.JPEG,n02483708,369,379,0.15027454,0,imagenet_c,defocus_blur,1,none
efficientnet_b4,ILSVRC2012_val_00002084.JPEG,n02483708,369,369,0.53743577,1,imagenet_c,defocus_blur,1,none
efficientnet_b4,ILSVRC2012_val_00002367.JPEG,n02483708,369,369,0.52033424,1,imagenet_c,defocus_blur,1,none
efficientnet_b4,ILSVRC2012_val_00002857.JPEG,n02483708,369,369,0.6361074,1,imagenet_c,defocus_blur,1,none
efficientnet_b4,ILSVRC2012_val_00003170.JPEG,n02483708,369,369,0.31176588,1,imagenet_c,defocus_blur,1,none
efficientnet_b4,ILSVRC2012_val_00003337.JPEG,n02483708,369,369,0.6512218,1,imagenet_c,defocus_blur,1,none
efficientnet_b4,ILSVRC2012_val_00004168.JPEG,n02483708,369,369,0.6275577,1,imagenet_c,defocus_blur,1,none
efficientnet_b4,ILSVRC2012_val_00007788.JPEG,n02483708,369,372,0.31677887,0,imagenet_c,defocus_blur,1,none
efficientnet_b4,ILSVRC2012_val_00008134.JPEG,n02483708,369,369,0.4634343,1,imagenet_c,defocus_blur,1,none
efficientnet_b4,ILSVRC2012_val_00008179.JPEG,n02483708,369,369,0.5986092,1,imagenet_c,defocus_blur,1,none
efficientnet_b4,ILSVRC2012_val_00011520.JPEG,n02483708,369,369,0.3804258,1,imagenet_c,defocus_blur,1,none
efficientnet_b4,ILSVRC2012_val_00012017.JPEG,n02483708,369,369,0.57473606,1,imagenet_c,defocus_blur,1,none
efficientnet_b4,ILSVRC2012_val_00013151.JPEG,n02483708,369,381,0.25635996,0,imagenet_c,defocus_blur,1,none
efficientnet_b4,ILSVRC2012_val_00013966.JPEG,n02483708,369,368,0.48606122,0,imagenet_c,defocus_blur,1,none
efficientnet_b4,ILSVRC2012_val_00014505.JPEG,n02483708,369,368,0.57381445,0,imagenet_c,defocus_blur,1,none
efficientnet_b4,ILSVRC2012_val_00015529.JPEG,n02483708,369,9,0.06546879,0,imagenet_c,defocus_blur,1,none
efficientnet_b4,ILSVRC2012_val_00018059.JPEG,n02483708,369,369,0.37658796,1,imagenet_c,defocus_blur,1,none
efficientnet_b4,ILSVRC2012_val_00018333.JPEG,n02483708,369,369,0.64454424,1,imagenet_c,defocus_blur,1,none
efficientnet_b4,ILSVRC2012_val_00019132.JPEG,n02483708,369,367,0.3830746,0,imagenet_c,defocus_blur,1,none
efficientnet_b4,ILSVRC2012_val_00020341.JPEG,n02483708,369,369,0.65077573,1,imagenet_c,defocus_blur,1,none
efficientnet_b4,ILSVRC2012_val_00021406.JPEG,n02483708,369,357,0.10209135,0,imagenet_c,defocus_blur,1,none
efficientnet_b4,ILSVRC2012_val_00021828.JPEG,n02483708,369,369,0.5075123,1,imagenet_c,defocus_blur,1,none
efficientnet_b4,ILSVRC2012_val_00022740.JPEG,n02483708,369,369,0.17739514,1,imagenet_c,defocus_blur,1,none
efficientnet_b4,ILSVRC2012_val_00023772.JPEG,n02483708,369,369,0.27053452,1,imagenet_c,defocus_blur,1,none
efficientnet_b4,ILSVRC2012_val_00024163.JPEG,n02483708,369,369,0.6102686,1,imagenet_c,defocus_blur,1,none
efficientnet_b4,ILSVRC2012_val_00025058.JPEG,n02483708,369,369,0.5410821,1,imagenet_c,defocus_blur,1,none
efficientnet_b4,ILSVRC2012_val_00025470.JPEG,n02483708,369,369,0.5100647,1,imagenet_c,defocus_blur,1,none
efficientnet_b4,ILSVRC2012_val_00026246.JPEG,n02483708,369,369,0.3937475,1,imagenet_c,defocus_blur,1,none
efficientnet_b4,ILSVRC2012_val_00026496.JPEG,n02483708,369,368,0.5679167,0,imagenet_c,defocus_blur,1,none
efficientnet_b4,ILSVRC2012_val_00028746.JPEG,n02483708,369,369,0.5515397,1,imagenet_c,defocus_blur,1,none
efficientnet_b4,ILSVRC2012_val_00029097.JPEG,n02483708,369,369,0.5670265,1,imagenet_c,defocus_blur,1,none
efficientnet_b4,ILSVRC2012_val_00030605.JPEG,n02483708,369,369,0.49548402,1,imagenet_c,defocus_blur,1,none
efficientnet_b4,ILSVRC2012_val_00031916.JPEG,n02483708,369,369,0.65395933,1,imagenet_c,defocus_blur,1,none
efficientnet_b4,ILSVRC2012_val_00031942.JPEG,n02483708,369,369,0.6188491,1,imagenet_c,defocus_blur,1,none
efficientnet_b4,ILSVRC2012_val_00033080.JPEG,n02483708,369,369,0.7365644,1,imagenet_c,defocus_blur,1,none
efficientnet_b4,ILSVRC2012_val_00033243.JPEG,n02483708,369,369,0.616652,1,imagenet_c,defocus_blur,1,none
efficientnet_b4,ILSVRC2012_val_00035448.JPEG,n02483708,369,367,0.30040663,0,imagenet_c,defocus_blur,1,none
efficientnet_b4,ILSVRC2012_val_00035564.JPEG,n02483708,369,369,0.5960327,1,imagenet_c,defocus_blur,1,none
efficientnet_b4,ILSVRC2012_val_00035682.JPEG,n02483708,369,369,0.4917828,1,imagenet_c,defocus_blur,1,none
efficientnet_b4,ILSVRC2012_val_00036823.JPEG,n02483708,369,369,0.70218194,1,imagenet_c,defocus_blur,1,none
efficientnet_b4,ILSVRC2012_val_00037156.JPEG,n02483708,369,369,0.32679397,1,imagenet_c,defocus_blur,1,none
efficientnet_b4,ILSVRC2012_val_00039346.JPEG,n02483708,369,369,0.57176554,1,imagenet_c,defocus_blur,1,none
efficientnet_b4,ILSVRC2012_val_00040147.JPEG,n02483708,369,369,0.14890948,1,imagenet_c,defocus_blur,1,none
efficientnet_b4,ILSVRC2012_val_00040264.JPEG,n02483708,369,369,0.47616827,1,imagenet_c,defocus_blur,1,none
efficientnet_b4,ILSVRC2012_val_00040762.JPEG,n02483708,369,369,0.4417781,1,imagenet_c,defocus_blur,1,none
efficientnet_b4,ILSVRC2012_val_00042719.JPEG,n02483708,369,369,0.5140751,1,imagenet_c,defocus_blur,1,none
efficientnet_b4,ILSVRC2012_val_00043701.JPEG,n02483708,369,368,0.31826058,0,imagenet_c,defocus_blur,1,none
efficientnet_b4,ILSVRC2012_val_00047151.JPEG,n02483708,369,369,0.6745438,1,imagenet_c,defocus_blur,1,none
efficientnet_b4,ILSVRC2012_val_00047520.JPEG,n02483708,369,372,0.42894968,0,imagenet_c,defocus_blur,1,none
efficientnet_b4,ILSVRC2012_val_00048035.JPEG,n02483708,369,369,0.6312596,1,imagenet_c,defocus_blur,1,none
efficientnet_b4,ILSVRC2012_val_00000013.JPEG,n02484975,370,370,0.384891,1,imagenet_c,defocus_blur,1,none
efficientnet_b4,ILSVRC2012_val_00000695.JPEG,n02484975,370,370,0.44422632,1,imagenet_c,defocus_blur,1,none
efficientnet_b4,ILSVRC2012_val_00001092.JPEG,n02484975,370,372,0.16579108,0,imagenet_c,defocus_blur,1,none
efficientnet_b4,ILSVRC2012_val_00001580.JPEG,n02484975,370,371,0.35366893,0,imagenet_c,defocus_blur,1,none
efficientnet_b4,ILSVRC2012_val_00001824.JPEG,n02484975,370,370,0.7025995,1,imagenet_c,defocus_blur,1,none
efficientnet_b4,ILSVRC2012_val_00002334.JPEG,n02484975,370,374,0.1992516,0,imagenet_c,defocus_blur,1,none
efficientnet_b4,ILSVRC2012_val_00002543.JPEG,n02484975,370,370,0.48520228,1,imagenet_c,defocus_blur,1,none
efficientnet_b4,ILSVRC2012_val_00002767.JPEG,n02484975,370,370,0.44933972,1,imagenet_c,defocus_blur,1,none
efficientnet_b4,ILSVRC2012_val_00003511.JPEG,n02484975,370,370,0.24135901,1,imagenet_c,defocus_blur,1,none
efficientnet_b4,ILSVRC2012_val_00003700.JPEG,n02484975,370,370,0.58699673,1,imagenet_c,defocus_blur,1,none
efficientnet_b4,ILSVRC2012_val_00003752.JPEG,n02484975,370,370,0.48112467,1,imagenet_c,defocus_blur,1,none
efficientnet_b4,ILSVRC2012_val_00004683.JPEG,n02484975,370,370,0.15241775,1,imagenet_c,defocus_blur,1,none
efficientnet_b4,ILSVRC2012_val_00005653.JPEG,n02484975,370,372,0.44268298,0,imagenet_c,defocus_blur,1,none
efficientnet_b4,ILSVRC2012_val_00006410.JPEG,n02484975,370,370,0.61719555,1,imagenet_c,defocus_blur,1,none
efficientnet_b4,ILSVRC2012_val_00006599.JPEG,n02484975,370,370,0.33167508,1,imagenet_c,defocus_blur,1,none
efficientnet_b4,ILSVRC2012_val_00006791.JPEG,n02484975,370,104,0.16914804,0,imagenet_c,defocus_blur,1,none
efficientnet_b4,ILSVRC2012_val_00007960.JPEG,n02484975,370,370,0.5144919,1,imagenet_c,defocus_blur,1,none
efficientnet_b4,ILSVRC2012_val_00008539.JPEG,n02484975,370,370,0.6866619,1,imagenet_c,defocus_blur,1,none
efficientnet_b4,ILSVRC2012_val_00009846.JPEG,n02484975,370,370,0.26632124,1,imagenet_c,defocus_blur,1,none
efficientnet_b4,ILSVRC2012_val_00010023.JPEG,n02484975,370,370,0.58540624,1,imagenet_c,defocus_blur,1,none
efficientnet_b4,ILSVRC2012_val_00011396.JPEG,n02484975,370,370,0.23600933,1,imagenet_c,defocus_blur,1,none
efficientnet_b4,ILSVRC2012_val_00012743.JPEG,n02484975,370,370,0.58023816,1,imagenet_c,defocus_blur,1,none
efficientnet_b4,ILSVRC2012_val_00014211.JPEG,n02484975,370,371,0.26621327,0,imagenet_c,defocus_blur,1,none
efficientnet_b4,ILSVRC2012_val_00015380.JPEG,n02484975,370,367,0.17876849,0,imagenet_c,defocus_blur,1,none
efficientnet_b4,ILSVRC2012_val_00016599.JPEG,n02484975,370,371,0.43108287,0,imagenet_c,defocus_blur,1,none
efficientnet_b4,ILSVRC2012_val_00017290.JPEG,n02484975,370,370,0.3889498,1,imagenet_c,defocus_blur,1,none
efficientnet_b4,ILSVRC2012_val_00021557.JPEG,n02484975,370,371,0.22710367,0,imagenet_c,defocus_blur,1,none
efficientnet_b4,ILSVRC2012_val_00022174.JPEG,n02484975,370,370,0.26629645,1,imagenet_c,defocus_blur,1,none
efficientnet_b4,ILSVRC2012_val_00025604.JPEG,n02484975,370,371,0.24829541,0,imagenet_c,defocus_blur,1,none
efficientnet_b4,ILSVRC2012_val_00026284.JPEG,n02484975,370,373,0.60780084,0,imagenet_c,defocus_blur,1,none
efficientnet_b4,ILSVRC2012_val_00027365.JPEG,n02484975,370,370,0.4872102,1,imagenet_c,defocus_blur,1,none
efficientnet_b4,ILSVRC2012_val_00027443.JPEG,n02484975,370,261,0.1176942,0,imagenet_c,defocus_blur,1,none
efficientnet_b4,ILSVRC2012_val_00031190.JPEG,n02484975,370,370,0.596915,1,imagenet_c,defocus_blur,1,none
efficientnet_b4,ILSVRC2012_val_00033528.JPEG,n02484975,370,371,0.19226655,0,imagenet_c,defocus_blur,1,none
efficientnet_b4,ILSVRC2012_val_00036219.JPEG,n02484975,370,381,0.20693153,0,imagenet_c,defocus_blur,1,none
efficientnet_b4,ILSVRC2012_val_00036542.JPEG,n02484975,370,370,0.36545333,1,imagenet_c,defocus_blur,1,none
efficientnet_b4,ILSVRC2012_val_00037276.JPEG,n02484975,370,370,0.4601247,1,imagenet_c,defocus_blur,1,none
efficientnet_b4,ILSVRC2012_val_00037489.JPEG,n02484975,370,278,0.13869585,0,imagenet_c,defocus_blur,1,none
efficientnet_b4,ILSVRC2012_val_00037535.JPEG,n02484975,370,370,0.63975066,1,imagenet_c,defocus_blur,1,none
efficientnet_b4,ILSVRC2012_val_00038869.JPEG,n02484975,370,370,0.09052304,1,imagenet_c,defocus_blur,1,none
efficientnet_b4,ILSVRC2012_val_00039156.JPEG,n02484975,370,370,0.26755565,1,imagenet_c,defocus_blur,1,none
efficientnet_b4,ILSVRC2012_val_00039838.JPEG,n02484975,370,370,0.5829079,1,imagenet_c,defocus_blur,1,none
efficientnet_b4,ILSVRC2012_val_00041786.JPEG,n02484975,370,370,0.32029602,1,imagenet_c,defocus_blur,1,none
efficientnet_b4,ILSVRC2012_val_00042595.JPEG,n02484975,370,370,0.2217679,1,imagenet_c,defocus_blur,1,none
efficientnet_b4,ILSVRC2012_val_00045387.JPEG,n02484975,370,370,0.32336473,1,imagenet_c,defocus_blur,1,none
efficientnet_b4,ILSVRC2012_val_00045413.JPEG,n02484975,370,370,0.4662621,1,imagenet_c,defocus_blur,1,none
efficientnet_b4,ILSVRC2012_val_00045626.JPEG,n02484975,370,370,0.40993196,1,imagenet_c,defocus_blur,1,none
efficientnet_b4,ILSVRC2012_val_00045921.JPEG,n02484975,370,370,0.21307947,1,imagenet_c,defocus_blur,1,none
efficientnet_b4,ILSVRC2012_val_00046645.JPEG,n02484975,370,370,0.6071767,1,imagenet_c,defocus_blur,1,none
efficientnet_b4,ILSVRC2012_val_00049161.JPEG,n02484975,370,370,0.26308012,1,imagenet_c,defocus_blur,1,none
efficientnet_b4,ILSVRC2012_val_00000964.JPEG,n02486261,371,371,0.754397,1,imagenet_c,defocus_blur,1,none
efficientnet_b4,ILSVRC2012_val_00001032.JPEG,n02486261,371,380,0.29073668,0,imagenet_c,defocus_blur,1,none
efficientnet_b4,ILSVRC2012_val_00001236.JPEG,n02486261,371,376,0.14610235,0,imagenet_c,defocus_blur,1,none
efficientnet_b4,ILSVRC2012_val_00005969.JPEG,n02486261,371,373,0.50989366,0,imagenet_c,defocus_blur,1,none
efficientnet_b4,ILSVRC2012_val_00006875.JPEG,n02486261,371,371,0.65121174,1,imagenet_c,defocus_blur,1,none
efficientnet_b4,ILSVRC2012_val_00007174.JPEG,n02486261,371,371,0.5106154,1,imagenet_c,defocus_blur,1,none
efficientnet_b4,ILSVRC2012_val_00007845.JPEG,n02486261,371,371,0.53528494,1,imagenet_c,defocus_blur,1,none
efficientnet_b4,ILSVRC2012_val_00009830.JPEG,n02486261,371,371,0.61823875,1,imagenet_c,defocus_blur,1,none
efficientnet_b4,ILSVRC2012_val_00010854.JPEG,n02486261,371,371,0.4094646,1,imagenet_c,defocus_blur,1,none
efficientnet_b4,ILSVRC2012_val_00010938.JPEG,n02486261,371,376,0.21951361,0,imagenet_c,defocus_blur,1,none
efficientnet_b4,ILSVRC2012_val_00011101.JPEG,n02486261,371,372,0.43788177,0,imagenet_c,defocus_blur,1,none
efficientnet_b4,ILSVRC2012_val_00011789.JPEG,n02486261,371,371,0.6084975,1,imagenet_c,defocus_blur,1,none
efficientnet_b4,ILSVRC2012_val_00014578.JPEG,n02486261,371,371,0.6813098,1,imagenet_c,defocus_blur,1,none
efficientnet_b4,ILSVRC2012_val_00014940.JPEG,n02486261,371,371,0.21603633,1,imagenet_c,defocus_blur,1,none
efficientnet_b4,ILSVRC2012_val_00015084.JPEG,n02486261,371,371,0.48352364,1,imagenet_c,defocus_blur,1,none
efficientnet_b4,ILSVRC2012_val_00016190.JPEG,n02486261,371,371,0.59747666,1,imagenet_c,defocus_blur,1,none
efficientnet_b4,ILSVRC2012_val_00018639.JPEG,n02486261,371,371,0.7174951,1,imagenet_c,defocus_blur,1,none
efficientnet_b4,ILSVRC2012_val_00019078.JPEG,n02486261,371,371,0.7491949,1,imagenet_c,defocus_blur,1,none
efficientnet_b4,ILSVRC2012_val_00020727.JPEG,n02486261,371,367,0.5208587,0,imagenet_c,defocus_blur,1,none
efficientnet_b4,ILSVRC2012_val_00020811.JPEG,n02486261,371,366,0.41809964,0,imagenet_c,defocus_blur,1,none
efficientnet_b4,ILSVRC2012_val_00022420.JPEG,n02486261,371,371,0.73796594,1,imagenet_c,defocus_blur,1,none
efficientnet_b4,ILSVRC2012_val_00023073.JPEG,n02486261,371,367,0.45204046,0,imagenet_c,defocus_blur,1,none
efficientnet_b4,ILSVRC2012_val_00024107.JPEG,n02486261,371,371,0.65991527,1,imagenet_c,defocus_blur,1,none
efficientnet_b4,ILSVRC2012_val_00025698.JPEG,n02486261,371,371,0.36266786,1,imagenet_c,defocus_blur,1,none
efficientnet_b4,ILSVRC2012_val_00026258.JPEG,n02486261,371,371,0.41165558,1,imagenet_c,defocus_blur,1,none
efficientnet_b4,ILSVRC2012_val_00026737.JPEG,n02486261,371,371,0.7659603,1,imagenet_c,defocus_blur,1,none
efficientnet_b4,ILSVRC2012_val_00027323.JPEG,n02486261,371,371,0.6714707,1,imagenet_c,defocus_blur,1,none
efficientnet_b4,ILSVRC2012_val_00028220.JPEG,n02486261,371,291,0.5408799,0,imagenet_c,defocus_blur,1,none
efficientnet_b4,ILSVRC2012_val_00028925.JPEG,n02486261,371,371,0.9094213,1,imagenet_c,defocus_blur,1,none
efficientnet_b4,ILSVRC2012_val_00033107.JPEG,n02486261,371,371,0.63866013,1,imagenet_c,defocus_blur,1,none
efficientnet_b4,ILSVRC2012_val_00033385.JPEG,n02486261,371,371,0.6636925,1,imagenet_c,defocus_blur,1,none
efficientnet_b4,ILSVRC2012_val_00033967.JPEG,n02486261,371,380,0.3840698,0,imagenet_c,defocus_blur,1,none
efficientnet_b4,ILSVRC2012_val_00034754.JPEG,n02486261,371,371,0.5367327,1,imagenet_c,defocus_blur,1,none
efficientnet_b4,ILSVRC2012_val_00035045.JPEG,n02486261,371,371,0.53597236,1,imagenet_c,defocus_blur,1,none
efficientnet_b4,ILSVRC2012_val_00035402.JPEG,n02486261,371,371,0.605633,1,imagenet_c,defocus_blur,1,none
efficientnet_b4,ILSVRC2012_val_00035493.JPEG,n02486261,371,381,0.4052359,0,imagenet_c,defocus_blur,1,none
efficientnet_b4,ILSVRC2012_val_00035653.JPEG,n02486261,371,371,0.6654377,1,imagenet_c,defocus_blur,1,none
efficientnet_b4,ILSVRC2012_val_00035760.JPEG,n02486261,371,382,0.35676858,0,imagenet_c,defocus_blur,1,none
efficientnet_b4,ILSVRC2012_val_00035879.JPEG,n02486261,371,371,0.7765722,1,imagenet_c,defocus_blur,1,none
efficientnet_b4,ILSVRC2012_val_00036838.JPEG,n02486261,371,371,0.6688762,1,imagenet_c,defocus_blur,1,none
efficientnet_b4,ILSVRC2012_val_00037467.JPEG,n02486261,371,371,0.78510916,1,imagenet_c,defocus_blur,1,none
efficientnet_b4,ILSVRC2012_val_00038203.JPEG,n02486261,371,372,0.3205873,0,imagenet_c,defocus_blur,1,none
efficientnet_b4,ILSVRC2012_val_00038873.JPEG,n02486261,371,371,0.64141464,1,imagenet_c,defocus_blur,1,none
efficientnet_b4,ILSVRC2012_val_00041861.JPEG,n02486261,371,371,0.7835902,1,imagenet_c,defocus_blur,1,none
efficientnet_b4,ILSVRC2012_val_00043687.JPEG,n02486261,371,371,0.6846825,1,imagenet_c,defocus_blur,1,none
efficientnet_b4,ILSVRC2012_val_00047375.JPEG,n02486261,371,371,0.19290471,1,imagenet_c,defocus_blur,1,none
efficientnet_b4,ILSVRC2012_val_00047740.JPEG,n02486261,371,371,0.6009922,1,imagenet_c,defocus_blur,1,none
efficientnet_b4,ILSVRC2012_val_00047795.JPEG,n02486261,371,370,0.3687426,0,imagenet_c,defocus_blur,1,none
efficientnet_b4,ILSVRC2012_val_00048388.JPEG,n02486261,371,373,0.60973346,0,imagenet_c,defocus_blur,1,none
efficientnet_b4,ILSVRC2012_val_00048475.JPEG,n02486261,371,371,0.595742,1,imagenet_c,defocus_blur,1,none
efficientnet_b4,ILSVRC2012_val_00000486.JPEG,n02486410,372,372,0.1306275,1,imagenet_c,defocus_blur,1,none
efficientnet_b4,ILSVRC2012_val_00000945.JPEG,n02486410,372,372,0.2917637,1,imagenet_c,defocus_blur,1,none
efficientnet_b4,ILSVRC2012_val_00001155.JPEG,n02486410,372,352,0.094066024,0,imagenet_c,defocus_blur,1,none
efficientnet_b4,ILSVRC2012_val_00003454.JPEG,n02486410,372,372,0.3665866,1,imagenet_c,defocus_blur,1,none
efficientnet_b4,ILSVRC2012_val_00004227.JPEG,n02486410,372,372,0.4529975,1,imagenet_c,defocus_blur,1,none
efficientnet_b4,ILSVRC2012_val_00005813.JPEG,n02486410,372,372,0.09822918,1,imagenet_c,defocus_blur,1,none
efficientnet_b4,ILSVRC2012_val_00007455.JPEG,n02486410,372,372,0.34384117,1,imagenet_c,defocus_blur,1,none
efficientnet_b4,ILSVRC2012_val_00008014.JPEG,n02486410,372,372,0.22776438,1,imagenet_c,defocus_blur,1,none
efficientnet_b4,ILSVRC2012_val_00008154.JPEG,n02486410,372,372,0.66167724,1,imagenet_c,defocus_blur,1,none
efficientnet_b4,ILSVRC2012_val_00008484.JPEG,n02486410,372,372,0.5604959,1,imagenet_c,defocus_blur,1,none
efficientnet_b4,ILSVRC2012_val_00008877.JPEG,n02486410,372,372,0.5302723,1,imagenet_c,defocus_blur,1,none
efficientnet_b4,ILSVRC2012_val_00009799.JPEG,n02486410,372,372,0.60965306,1,imagenet_c,defocus_blur,1,none
efficientnet_b4,ILSVRC2012_val_00013761.JPEG,n02486410,372,372,0.7153633,1,imagenet_c,defocus_blur,1,none
efficientnet_b4,ILSVRC2012_val_00014339.JPEG,n02486410,372,372,0.6417616,1,imagenet_c,defocus_blur,1,none
efficientnet_b4,ILSVRC2012_val_00015023.JPEG,n02486410,372,372,0.46299702,1,imagenet_c,defocus_blur,1,none
efficientnet_b4,ILSVRC2012_val_00016257.JPEG,n02486410,372,372,0.34045953,1,imagenet_c,defocus_blur,1,none
efficientnet_b4,ILSVRC2012_val_00016651.JPEG,n02486410,372,372,0.57033354,1,imagenet_c,defocus_blur,1,none
efficientnet_b4,ILSVRC2012_val_00016706.JPEG,n02486410,372,372,0.6666314,1,imagenet_c,defocus_blur,1,none
efficientnet_b4,ILSVRC2012_val_00017616.JPEG,n02486410,372,372,0.3870836,1,imagenet_c,defocus_blur,1,none
efficientnet_b4,ILSVRC2012_val_00018328.JPEG,n02486410,372,372,0.6425458,1,imagenet_c,defocus_blur,1,none
efficientnet_b4,ILSVRC2012_val_00018619.JPEG,n02486410,372,373,0.31175143,0,imagenet_c,defocus_blur,1,none
efficientnet_b4,ILSVRC2012_val_00018747.JPEG,n02486410,372,372,0.4343346,1,imagenet_c,defocus_blur,1,none
efficientnet_b4,ILSVRC2012_val_00019077.JPEG,n02486410,372,351,0.04947023,0,imagenet_c,defocus_blur,1,none
efficientnet_b4,ILSVRC2012_val_00021248.JPEG,n02486410,372,372,0.49637368,1,imagenet_c,defocus_blur,1,none
efficientnet_b4,ILSVRC2012_val_00021331.JPEG,n02486410,372,372,0.4860488,1,imagenet_c,defocus_blur,1,none
efficientnet_b4,ILSVRC2012_val_00022565.JPEG,n02486410,372,372,0.67670727,1,imagenet_c,defocus_blur,1,none
efficientnet_b4,ILSVRC2012_val_00025961.JPEG,n02486410,372,372,0.5811403,1,imagenet_c,defocus_blur,1,none
efficientnet_b4,ILSVRC2012_val_00026043.JPEG,n02486410,372,372,0.4103258,1,imagenet_c,defocus_blur,1,none
efficientnet_b4,ILSVRC2012_val_00030191.JPEG,n02486410,372,372,0.33649057,1,imagenet_c,defocus_blur,1,none
efficientnet_b4,ILSVRC2012_val_00030727.JPEG,n02486410,372,372,0.23475827,1,imagenet_c,defocus_blur,1,none
efficientnet_b4,ILSVRC2012_val_00031403.JPEG,n02486410,372,372,0.425502,1,imagenet_c,defocus_blur,1,none
efficientnet_b4,ILSVRC2012_val_00032273.JPEG,n02486410,372,372,0.26229364,1,imagenet_c,defocus_blur,1,none
efficientnet_b4,ILSVRC2012_val_00032732.JPEG,n02486410,372,372,0.5821959,1,imagenet_c,defocus_blur,1,none
efficientnet_b4,ILSVRC2012_val_00035204.JPEG,n02486410,372,372,0.33085394,1,imagenet_c,defocus_blur,1,none
efficientnet_b4,ILSVRC2012_val_00035561.JPEG,n02486410,372,372,0.04450103,1,imagenet_c,defocus_blur,1,none
efficientnet_b4,ILSVRC2012_val_00036238.JPEG,n02486410,372,373,0.42489636,0,imagenet_c,defocus_blur,1,none
efficientnet_b4,ILSVRC2012_val_00036471.JPEG,n02486410,372,372,0.54731303,1,imagenet_c,defocus_blur,1,none
efficientnet_b4,ILSVRC2012_val_00036528.JPEG,n02486410,372,372,0.32123774,1,imagenet_c,defocus_blur,1,none
efficientnet_b4,ILSVRC2012_val_00039253.JPEG,n02486410,372,372,0.54781747,1,imagenet_c,defocus_blur,1,none
efficientnet_b4,ILSVRC2012_val_00039925.JPEG,n02486410,372,370,0.3204993,0,imagenet_c,defocus_blur,1,none
efficientnet_b4,ILSVRC2012_val_00041245.JPEG,n02486410,372,372,0.3763068,1,imagenet_c,defocus_blur,1,none
efficientnet_b4,ILSVRC2012_val_00041749.JPEG,n02486410,372,372,0.48135626,1,imagenet_c,defocus_blur,1,none
efficientnet_b4,ILSVRC2012_val_00042103.JPEG,n02486410,372,372,0.32137057,1,imagenet_c,defocus_blur,1,none
efficientnet_b4,ILSVRC2012_val_00044305.JPEG,n02486410,372,372,0.41970146,1,imagenet_c,defocus_blur,1,none
efficientnet_b4,ILSVRC2012_val_00045037.JPEG,n02486410,372,372,0.4713372,1,imagenet_c,defocus_blur,1,none
efficientnet_b4,ILSVRC2012_val_00046291.JPEG,n02486410,372,372,0.15940826,1,imagenet_c,defocus_blur,1,none
efficientnet_b4,ILSVRC2012_val_00046494.JPEG,n02486410,372,372,0.39352074,1,imagenet_c,defocus_blur,1,none
efficientnet_b4,ILSVRC2012_val_00046666.JPEG,n02486410,372,370,0.22277065,0,imagenet_c,defocus_blur,1,none
efficientnet_b4,ILSVRC2012_val_00049603.JPEG,n02486410,372,372,0.2878044,1,imagenet_c,defocus_blur,1,none
efficientnet_b4,ILSVRC2012_val_00049974.JPEG,n02486410,372,372,0.55695444,1,imagenet_c,defocus_blur,1,none
efficientnet_b4,ILSVRC2012_val_00000095.JPEG,n02487347,373,373,0.38025618,1,imagenet_c,defocus_blur,1,none
efficientnet_b4,ILSVRC2012_val_00001656.JPEG,n02487347,373,374,0.4539522,0,imagenet_c,defocus_blur,1,none
efficientnet_b4,ILSVRC2012_val_00003000.JPEG,n02487347,373,371,0.2694849,0,imagenet_c,defocus_blur,1,none
efficientnet_b4,ILSVRC2012_val_00003943.JPEG,n02487347,373,378,0.5664529,0,imagenet_c,defocus_blur,1,none
efficientnet_b4,ILSVRC2012_val_00005171.JPEG,n02487347,373,373,0.4329766,1,imagenet_c,defocus_blur,1,none
efficientnet_b4,ILSVRC2012_val_00005306.JPEG,n02487347,373,367,0.18790177,0,imagenet_c,defocus_blur,1,none
efficientnet_b4,ILSVRC2012_val_00008873.JPEG,n02487347,373,373,0.5499722,1,imagenet_c,defocus_blur,1,none
efficientnet_b4,ILSVRC2012_val_00010077.JPEG,n02487347,373,374,0.68073297,0,imagenet_c,defocus_blur,1,none
efficientnet_b4,ILSVRC2012_val_00010340.JPEG,n02487347,373,378,0.11854162,0,imagenet_c,defocus_blur,1,none
efficientnet_b4,ILSVRC2012_val_00013264.JPEG,n02487347,373,371,0.17535065,0,imagenet_c,defocus_blur,1,none
efficientnet_b4,ILSVRC2012_val_00014402.JPEG,n02487347,373,373,0.56163466,1,imagenet_c,defocus_blur,1,none
efficientnet_b4,ILSVRC2012_val_00014694.JPEG,n02487347,373,373,0.45012853,1,imagenet_c,defocus_blur,1,none
efficientnet_b4,ILSVRC2012_val_00015926.JPEG,n02487347,373,370,0.15654461,0,imagenet_c,defocus_blur,1,none
efficientnet_b4,ILSVRC2012_val_00017458.JPEG,n02487347,373,373,0.60116297,1,imagenet_c,defocus_blur,1,none
efficientnet_b4,ILSVRC2012_val_00018852.JPEG,n02487347,373,373,0.30002224,1,imagenet_c,defocus_blur,1,none
efficientnet_b4,ILSVRC2012_val_00018904.JPEG,n02487347,373,294,0.069532126,0,imagenet_c,defocus_blur,1,none
efficientnet_b4,ILSVRC2012_val_00021137.JPEG,n02487347,373,373,0.38747528,1,imagenet_c,defocus_blur,1,none
efficientnet_b4,ILSVRC2012_val_00021140.JPEG,n02487347,373,373,0.16021411,1,imagenet_c,defocus_blur,1,none
efficientnet_b4,ILSVRC2012_val_00022040.JPEG,n02487347,373,373,0.23122388,1,imagenet_c,defocus_blur,1,none
efficientnet_b4,ILSVRC2012_val_00024253.JPEG,n02487347,373,373,0.4268819,1,imagenet_c,defocus_blur,1,none
efficientnet_b4,ILSVRC2012_val_00024625.JPEG,n02487347,373,373,0.22570163,1,imagenet_c,defocus_blur,1,none
efficientnet_b4,ILSVRC2012_val_00024926.JPEG,n02487347,373,373,0.58770233,1,imagenet_c,defocus_blur,1,none
efficientnet_b4,ILSVRC2012_val_00025312.JPEG,n02487347,373,373,0.5134674,1,imagenet_c,defocus_blur,1,none
efficientnet_b4,ILSVRC2012_val_00026995.JPEG,n02487347,373,373,0.1648944,1,imagenet_c,defocus_blur,1,none
efficientnet_b4,ILSVRC2012_val_00027491.JPEG,n02487347,373,373,0.5144414,1,imagenet_c,defocus_blur,1,none
efficientnet_b4,ILSVRC2012_val_00027668.JPEG,n02487347,373,373,0.32066894,1,imagenet_c,defocus_blur,1,none
efficientnet_b4,ILSVRC2012_val_00027705.JPEG,n02487347,373,371,0.2670378,0,imagenet_c,defocus_blur,1,none
efficientnet_b4,ILSVRC2012_val_00029161.JPEG,n02487347,373,373,0.27610308,1,imagenet_c,defocus_blur,1,none
efficientnet_b4,ILSVRC2012_val_00029789.JPEG,n02487347,373,373,0.24237059,1,imagenet_c,defocus_blur,1,none
efficientnet_b4,ILSVRC2012_val_00030712.JPEG,n02487347,373,373,0.2854445,1,imagenet_c,defocus_blur,1,none
efficientnet_b4,ILSVRC2012_val_00031691.JPEG,n02487347,373,373,0.69372815,1,imagenet_c,defocus_blur,1,none
efficientnet_b4,ILSVRC2012_val_00031750.JPEG,n02487347,373,373,0.65051395,1,imagenet_c,defocus_blur,1,none
efficientnet_b4,ILSVRC2012_val_00032067.JPEG,n02487347,373,373,0.56397516,1,imagenet_c,defocus_blur,1,none
efficientnet_b4,ILSVRC2012_val_00032193.JPEG,n02487347,373,376,0.20780148,0,imagenet_c,defocus_blur,1,none
efficientnet_b4,ILSVRC2012_val_00034777.JPEG,n02487347,373,373,0.5094265,1,imagenet_c,defocus_blur,1,none
efficientnet_b4,ILSVRC2012_val_00036612.JPEG,n02487347,373,373,0.5982301,1,imagenet_c,defocus_blur,1,none
efficientnet_b4,ILSVRC2012_val_00037107.JPEG,n02487347,373,373,0.21856594,1,imagenet_c,defocus_blur,1,none
efficientnet_b4,ILSVRC2012_val_00038883.JPEG,n02487347,373,373,0.50396174,1,imagenet_c,defocus_blur,1,none
efficientnet_b4,ILSVRC2012_val_00039563.JPEG,n02487347,373,373,0.38953543,1,imagenet_c,defocus_blur,1,none
efficientnet_b4,ILSVRC2012_val_00039624.JPEG,n02487347,373,373,0.43077964,1,imagenet_c,defocus_blur,1,none
efficientnet_b4,ILSVRC2012_val_00040245.JPEG,n02487347,373,380,0.15370488,0,imagenet_c,defocus_blur,1,none
efficientnet_b4,ILSVRC2012_val_00040723.JPEG,n02487347,373,373,0.3306178,1,imagenet_c,defocus_blur,1,none
efficientnet_b4,ILSVRC2012_val_00040983.JPEG,n02487347,373,373,0.43614155,1,imagenet_c,defocus_blur,1,none
efficientnet_b4,ILSVRC2012_val_00041704.JPEG,n02487347,373,373,0.52844465,1,imagenet_c,defocus_blur,1,none
efficientnet_b4,ILSVRC2012_val_00042068.JPEG,n02487347,373,373,0.1514378,1,imagenet_c,defocus_blur,1,none
efficientnet_b4,ILSVRC2012_val_00045123.JPEG,n02487347,373,373,0.2859276,1,imagenet_c,defocus_blur,1,none
efficientnet_b4,ILSVRC2012_val_00045230.JPEG,n02487347,373,373,0.44827694,1,imagenet_c,defocus_blur,1,none
efficientnet_b4,ILSVRC2012_val_00048608.JPEG,n02487347,373,371,0.19952741,0,imagenet_c,defocus_blur,1,none
efficientnet_b4,ILSVRC2012_val_00048662.JPEG,n02487347,373,373,0.18876182,1,imagenet_c,defocus_blur,1,none
efficientnet_b4,ILSVRC2012_val_00048855.JPEG,n02487347,373,373,0.4091025,1,imagenet_c,defocus_blur,1,none
efficientnet_b4,ILSVRC2012_val_00001254.JPEG,n02488291,374,374,0.26987064,1,imagenet_c,defocus_blur,1,none
efficientnet_b4,ILSVRC2012_val_00001458.JPEG,n02488291,374,374,0.607571,1,imagenet_c,defocus_blur,1,none
efficientnet_b4,ILSVRC2012_val_00001928.JPEG,n02488291,374,374,0.588588,1,imagenet_c,defocus_blur,1,none
efficientnet_b4,ILSVRC2012_val_00002477.JPEG,n02488291,374,374,0.55001634,1,imagenet_c,defocus_blur,1,none
efficientnet_b4,ILSVRC2012_val_00003187.JPEG,n02488291,374,374,0.30924988,1,imagenet_c,defocus_blur,1,none
efficientnet_b4,ILSVRC2012_val_00003426.JPEG,n02488291,374,374,0.22733131,1,imagenet_c,defocus_blur,1,none
efficientnet_b4,ILSVRC2012_val_00003438.JPEG,n02488291,374,373,0.41555735,0,imagenet_c,defocus_blur,1,none
efficientnet_b4,ILSVRC2012_val_00003445.JPEG,n02488291,374,374,0.40595946,1,imagenet_c,defocus_blur,1,none
efficientnet_b4,ILSVRC2012_val_00003539.JPEG,n02488291,374,374,0.367689,1,imagenet_c,defocus_blur,1,none
efficientnet_b4,ILSVRC2012_val_00004617.JPEG,n02488291,374,374,0.63714695,1,imagenet_c,defocus_blur,1,none
efficientnet_b4,ILSVRC2012_val_00005090.JPEG,n02488291,374,374,0.56030905,1,imagenet_c,defocus_blur,1,none
efficientnet_b4,ILSVRC2012_val_00007010.JPEG,n02488291,374,374,0.59474945,1,imagenet_c,defocus_blur,1,none
efficientnet_b4,ILSVRC2012_val_00007456.JPEG,n02488291,374,374,0.3605536,1,imagenet_c,defocus_blur,1,none
efficientnet_b4,ILSVRC2012_val_00008074.JPEG,n02488291,374,374,0.55055463,1,imagenet_c,defocus_blur,1,none
efficientnet_b4,ILSVRC2012_val_00008092.JPEG,n02488291,374,374,0.4099366,1,imagenet_c,defocus_blur,1,none
efficientnet_b4,ILSVRC2012_val_00009359.JPEG,n02488291,374,375,0.14498101,0,imagenet_c,defocus_blur,1,none
efficientnet_b4,ILSVRC2012_val_00009560.JPEG,n02488291,374,374,0.5064938,1,imagenet_c,defocus_blur,1,none
efficientnet_b4,ILSVRC2012_val_00011256.JPEG,n02488291,374,379,0.12501904,0,imagenet_c,defocus_blur,1,none
efficientnet_b4,ILSVRC2012_val_00012723.JPEG,n02488291,374,374,0.56956685,1,imagenet_c,defocus_blur,1,none
efficientnet_b4,ILSVRC2012_val_00014947.JPEG,n02488291,374,374,0.49490535,1,imagenet_c,defocus_blur,1,none
efficientnet_b4,ILSVRC2012_val_00017303.JPEG,n02488291,374,374,0.7003931,1,imagenet_c,defocus_blur,1,none
efficientnet_b4,ILSVRC2012_val_00017574.JPEG,n02488291,374,374,0.56074756,1,imagenet_c,defocus_blur,1,none
efficientnet_b4,ILSVRC2012_val_00018175.JPEG,n02488291,374,374,0.16584441,1,imagenet_c,defocus_blur,1,none
efficientnet_b4,ILSVRC2012_val_00018242.JPEG,n02488291,374,374,0.339559,1,imagenet_c,defocus_blur,1,none
efficientnet_b4,ILSVRC2012_val_00024011.JPEG,n02488291,374,374,0.41164804,1,imagenet_c,defocus_blur,1,none
efficientnet_b4,ILSVRC2012_val_00024488.JPEG,n02488291,374,376,0.4234736,0,imagenet_c,defocus_blur,1,none
efficientnet_b4,ILSVRC2012_val_00025546.JPEG,n02488291,374,374,0.59091264,1,imagenet_c,defocus_blur,1,none
efficientnet_b4,ILSVRC2012_val_00028883.JPEG,n02488291,374,374,0.45821005,1,imagenet_c,defocus_blur,1,none
efficientnet_b4,ILSVRC2012_val_00028982.JPEG,n02488291,374,374,0.32232764,1,imagenet_c,defocus_blur,1,none
efficientnet_b4,ILSVRC2012_val_00031294.JPEG,n02488291,374,374,0.5132503,1,imagenet_c,defocus_blur,1,none
efficientnet_b4,ILSVRC2012_val_00031939.JPEG,n02488291,374,374,0.57238317,1,imagenet_c,defocus_blur,1,none
efficientnet_b4,ILSVRC2012_val_00032374.JPEG,n02488291,374,374,0.52243495,1,imagenet_c,defocus_blur,1,none
efficientnet_b4,ILSVRC2012_val_00032874.JPEG,n02488291,374,374,0.5530009,1,imagenet_c,defocus_blur,1,none
efficientnet_b4,ILSVRC2012_val_00033951.JPEG,n02488291,374,374,0.7376133,1,imagenet_c,defocus_blur,1,none
efficientnet_b4,ILSVRC2012_val_00035849.JPEG,n02488291,374,374,0.62047267,1,imagenet_c,defocus_blur,1,none
efficientnet_b4,ILSVRC2012_val_00038601.JPEG,n02488291,374,373,0.54916847,0,imagenet_c,defocus_blur,1,none
efficientnet_b4,ILSVRC2012_val_00039225.JPEG,n02488291,374,373,0.34116602,0,imagenet_c,defocus_blur,1,none
efficientnet_b4,ILSVRC2012_val_00039767.JPEG,n02488291,374,374,0.30988783,1,imagenet_c,defocus_blur,1,none
efficientnet_b4,ILSVRC2012_val_00040289.JPEG,n02488291,374,381,0.41702914,0,imagenet_c,defocus_blur,1,none
efficientnet_b4,ILSVRC2012_val_00040839.JPEG,n02488291,374,374,0.4934185,1,imagenet_c,defocus_blur,1,none
efficientnet_b4,ILSVRC2012_val_00041180.JPEG,n02488291,374,382,0.28750604,0,imagenet_c,defocus_blur,1,none
efficientnet_b4,ILSVRC2012_val_00044270.JPEG,n02488291,374,374,0.53946173,1,imagenet_c,defocus_blur,1,none
efficientnet_b4,ILSVRC2012_val_00044914.JPEG,n02488291,374,374,0.38364562,1,imagenet_c,defocus_blur,1,none
efficientnet_b4,ILSVRC2012_val_00045431.JPEG,n02488291,374,379,0.1242709,0,imagenet_c,defocus_blur,1,none
efficientnet_b4,ILSVRC2012_val_00046153.JPEG,n02488291,374,374,0.12195453,1,imagenet_c,defocus_blur,1,none
efficientnet_b4,ILSVRC2012_val_00046873.JPEG,n02488291,374,371,0.6369524,0,imagenet_c,defocus_blur,1,none
efficientnet_b4,ILSVRC2012_val_00047281.JPEG,n02488291,374,374,0.48901397,1,imagenet_c,defocus_blur,1,none
efficientnet_b4,ILSVRC2012_val_00047372.JPEG,n02488291,374,371,0.27383208,0,imagenet_c,defocus_blur,1,none
efficientnet_b4,ILSVRC2012_val_00048817.JPEG,n02488291,374,374,0.1387653,1,imagenet_c,defocus_blur,1,none
efficientnet_b4,ILSVRC2012_val_00049462.JPEG,n02488291,374,373,0.4585435,0,imagenet_c,defocus_blur,1,none
efficientnet_b4,ILSVRC2012_val_00001095.JPEG,n02488702,375,375,0.5481276,1,imagenet_c,defocus_blur,1,none
efficientnet_b4,ILSVRC2012_val_00004294.JPEG,n02488702,375,375,0.5989,1,imagenet_c,defocus_blur,1,none
efficientnet_b4,ILSVRC2012_val_00007151.JPEG,n02488702,375,375,0.57184863,1,imagenet_c,defocus_blur,1,none
efficientnet_b4,ILSVRC2012_val_00007204.JPEG,n02488702,375,375,0.65086776,1,imagenet_c,defocus_blur,1,none
efficientnet_b4,ILSVRC2012_val_00007426.JPEG,n02488702,375,375,0.46717468,1,imagenet_c,defocus_blur,1,none
efficientnet_b4,ILSVRC2012_val_00008175.JPEG,n02488702,375,375,0.39396426,1,imagenet_c,defocus_blur,1,none
efficientnet_b4,ILSVRC2012_val_00008682.JPEG,n02488702,375,375,0.5614269,1,imagenet_c,defocus_blur,1,none
efficientnet_b4,ILSVRC2012_val_00009491.JPEG,n02488702,375,375,0.7511752,1,imagenet_c,defocus_blur,1,none
efficientnet_b4,ILSVRC2012_val_00009645.JPEG,n02488702,375,375,0.5900259,1,imagenet_c,defocus_blur,1,none
efficientnet_b4,ILSVRC2012_val_00010182.JPEG,n02488702,375,375,0.50940305,1,imagenet_c,defocus_blur,1,none
efficientnet_b4,ILSVRC2012_val_00012204.JPEG,n02488702,375,375,0.7347507,1,imagenet_c,defocus_blur,1,none
efficientnet_b4,ILSVRC2012_val_00012568.JPEG,n02488702,375,375,0.56626797,1,imagenet_c,defocus_blur,1,none
efficientnet_b4,ILSVRC2012_val_00012664.JPEG,n02488702,375,375,0.3064665,1,imagenet_c,defocus_blur,1,none
efficientnet_b4,ILSVRC2012_val_00013280.JPEG,n02488702,375,375,0.61354744,1,imagenet_c,defocus_blur,1,none
efficientnet_b4,ILSVRC2012_val_00014918.JPEG,n02488702,375,375,0.6443169,1,imagenet_c,defocus_blur,1,none
efficientnet_b4,ILSVRC2012_val_00015257.JPEG,n02488702,375,380,0.13089031,0,imagenet_c,defocus_blur,1,none
efficientnet_b4,ILSVRC2012_val_00016881.JPEG,n02488702,375,375,0.523255,1,imagenet_c,defocus_blur,1,none
efficientnet_b4,ILSVRC2012_val_00017803.JPEG,n02488702,375,375,0.35431185,1,imagenet_c,defocus_blur,1,none
efficientnet_b4,ILSVRC2012_val_00018131.JPEG,n02488702,375,375,0.56336033,1,imagenet_c,defocus_blur,1,none
efficientnet_b4,ILSVRC2012_val_00019047.JPEG,n02488702,375,375,0.642218,1,imagenet_c,defocus_blur,1,none
efficientnet_b4,ILSVRC2012_val_00021074.JPEG,n02488702,375,375,0.5786248,1,imagenet_c,defocus_blur,1,none
efficientnet_b4,ILSVRC2012_val_00021333.JPEG,n02488702,375,375,0.4831516,1,imagenet_c,defocus_blur,1,none
efficientnet_b4,ILSVRC2012_val_00021477.JPEG,n02488702,375,375,0.46925625,1,imagenet_c,defocus_blur,1,none
efficientnet_b4,ILSVRC2012_val_00022092.JPEG,n02488702,375,375,0.5750497,1,imagenet_c,defocus_blur,1,none
efficientnet_b4,ILSVRC2012_val_00022320.JPEG,n02488702,375,368,0.27768952,0,imagenet_c,defocus_blur,1,none
efficientnet_b4,ILSVRC2012_val_00022359.JPEG,n02488702,375,375,0.61765194,1,imagenet_c,defocus_blur,1,none
efficientnet_b4,ILSVRC2012_val_00024844.JPEG,n02488702,375,375,0.5586623,1,imagenet_c,defocus_blur,1,none
efficientnet_b4,ILSVRC2012_val_00024908.JPEG,n02488702,375,375,0.53467375,1,imagenet_c,defocus_blur,1,none
efficientnet_b4,ILSVRC2012_val_00027834.JPEG,n02488702,375,370,0.37671423,0,imagenet_c,defocus_blur,1,none
efficientnet_b4,ILSVRC2012_val_00028290.JPEG,n02488702,375,375,0.5167804,1,imagenet_c,defocus_blur,1,none
efficientnet_b4,ILSVRC2012_val_00028585.JPEG,n02488702,375,375,0.5610962,1,imagenet_c,defocus_blur,1,none
efficientnet_b4,ILSVRC2012_val_00030222.JPEG,n02488702,375,375,0.5850843,1,imagenet_c,defocus_blur,1,none
efficientnet_b4,ILSVRC2012_val_00031100.JPEG,n02488702,375,353,0.15871124,0,imagenet_c,defocus_blur,1,none
efficientnet_b4,ILSVRC2012_val_00032396.JPEG,n02488702,375,361,0.22091146,0,imagenet_c,defocus_blur,1,none
efficientnet_b4,ILSVRC2012_val_00034230.JPEG,n02488702,375,375,0.48848936,1,imagenet_c,defocus_blur,1,none
efficientnet_b4,ILSVRC2012_val_00035454.JPEG,n02488702,375,375,0.48716992,1,imagenet_c,defocus_blur,1,none
efficientnet_b4,ILSVRC2012_val_00036154.JPEG,n02488702,375,101,0.034543045,0,imagenet_c,defocus_blur,1,none
efficientnet_b4,ILSVRC2012_val_00036767.JPEG,n02488702,375,375,0.13815579,1,imagenet_c,defocus_blur,1,none
efficientnet_b4,ILSVRC2012_val_00037296.JPEG,n02488702,375,375,0.43296766,1,imagenet_c,defocus_blur,1,none
efficientnet_b4,ILSVRC2012_val_00038696.JPEG,n02488702,375,381,0.083147146,0,imagenet_c,defocus_blur,1,none
efficientnet_b4,ILSVRC2012_val_00038910.JPEG,n02488702,375,375,0.55311704,1,imagenet_c,defocus_blur,1,none
efficientnet_b4,ILSVRC2012_val_00039808.JPEG,n02488702,375,375,0.5516487,1,imagenet_c,defocus_blur,1,none
efficientnet_b4,ILSVRC2012_val_00042059.JPEG,n02488702,375,375,0.65269256,1,imagenet_c,defocus_blur,1,none
efficientnet_b4,ILSVRC2012_val_00043067.JPEG,n02488702,375,375,0.53417754,1,imagenet_c,defocus_blur,1,none
efficientnet_b4,ILSVRC2012_val_00044307.JPEG,n02488702,375,375,0.5367699,1,imagenet_c,defocus_blur,1,none
efficientnet_b4,ILSVRC2012_val_00045991.JPEG,n02488702,375,375,0.053831216,1,imagenet_c,defocus_blur,1,none
efficientnet_b4,ILSVRC2012_val_00047525.JPEG,n02488702,375,375,0.5065686,1,imagenet_c,defocus_blur,1,none
efficientnet_b4,ILSVRC2012_val_00047657.JPEG,n02488702,375,367,0.5603912,0,imagenet_c,defocus_blur,1,none
efficientnet_b4,ILSVRC2012_val_00048491.JPEG,n02488702,375,374,0.61401093,0,imagenet_c,defocus_blur,1,none
efficientnet_b4,ILSVRC2012_val_00049111.JPEG,n02488702,375,375,0.24789813,1,imagenet_c,defocus_blur,1,none
efficientnet_b4,ILSVRC2012_val_00000206.JPEG,n02489166,376,376,0.1837056,1,imagenet_c,defocus_blur,1,none
efficientnet_b4,ILSVRC2012_val_00000495.JPEG,n02489166,376,376,0.6963466,1,imagenet_c,defocus_blur,1,none
efficientnet_b4,ILSVRC2012_val_00001075.JPEG,n02489166,376,376,0.4943625,1,imagenet_c,defocus_blur,1,none
efficientnet_b4,ILSVRC2012_val_00002140.JPEG,n02489166,376,376,0.54014844,1,imagenet_c,defocus_blur,1,none
efficientnet_b4,ILSVRC2012_val_00003631.JPEG,n02489166,376,376,0.41607207,1,imagenet_c,defocus_blur,1,none
efficientnet_b4,ILSVRC2012_val_00008428.JPEG,n02489166,376,376,0.44236118,1,imagenet_c,defocus_blur,1,none
efficientnet_b4,ILSVRC2012_val_00009012.JPEG,n02489166,376,376,0.5459016,1,imagenet_c,defocus_blur,1,none
efficientnet_b4,ILSVRC2012_val_00009283.JPEG,n02489166,376,376,0.46763742,1,imagenet_c,defocus_blur,1,none
efficientnet_b4,ILSVRC2012_val_00009611.JPEG,n02489166,376,376,0.4830572,1,imagenet_c,defocus_blur,1,none
efficientnet_b4,ILSVRC2012_val_00011904.JPEG,n02489166,376,376,0.5999593,1,imagenet_c,defocus_blur,1,none
efficientnet_b4,ILSVRC2012_val_00011998.JPEG,n02489166,376,376,0.53121185,1,imagenet_c,defocus_blur,1,none
efficientnet_b4,ILSVRC2012_val_00013049.JPEG,n02489166,376,376,0.39597738,1,imagenet_c,defocus_blur,1,none
efficientnet_b4,ILSVRC2012_val_00014163.JPEG,n02489166,376,376,0.5611422,1,imagenet_c,defocus_blur,1,none
efficientnet_b4,ILSVRC2012_val_00014275.JPEG,n02489166,376,376,0.53533727,1,imagenet_c,defocus_blur,1,none
efficientnet_b4,ILSVRC2012_val_00015066.JPEG,n02489166,376,376,0.45361492,1,imagenet_c,defocus_blur,1,none
efficientnet_b4,ILSVRC2012_val_00017223.JPEG,n02489166,376,376,0.6885271,1,imagenet_c,defocus_blur,1,none
efficientnet_b4,ILSVRC2012_val_00018017.JPEG,n02489166,376,376,0.54077584,1,imagenet_c,defocus_blur,1,none
efficientnet_b4,ILSVRC2012_val_00018502.JPEG,n02489166,376,376,0.5227248,1,imagenet_c,defocus_blur,1,none
efficientnet_b4,ILSVRC2012_val_00018749.JPEG,n02489166,376,376,0.52597326,1,imagenet_c,defocus_blur,1,none
efficientnet_b4,ILSVRC2012_val_00019235.JPEG,n02489166,376,376,0.49240682,1,imagenet_c,defocus_blur,1,none
efficientnet_b4,ILSVRC2012_val_00020217.JPEG,n02489166,376,376,0.5389301,1,imagenet_c,defocus_blur,1,none
efficientnet_b4,ILSVRC2012_val_00022029.JPEG,n02489166,376,376,0.3700927,1,imagenet_c,defocus_blur,1,none
efficientnet_b4,ILSVRC2012_val_00023642.JPEG,n02489166,376,376,0.47878477,1,imagenet_c,defocus_blur,1,none
efficientnet_b4,ILSVRC2012_val_00023802.JPEG,n02489166,376,376,0.6082543,1,imagenet_c,defocus_blur,1,none
efficientnet_b4,ILSVRC2012_val_00024136.JPEG,n02489166,376,376,0.5368453,1,imagenet_c,defocus_blur,1,none
efficientnet_b4,ILSVRC2012_val_00024447.JPEG,n02489166,376,376,0.47465724,1,imagenet_c,defocus_blur,1,none
efficientnet_b4,ILSVRC2012_val_00024608.JPEG,n02489166,376,376,0.2508906,1,imagenet_c,defocus_blur,1,none
efficientnet_b4,ILSVRC2012_val_00024732.JPEG,n02489166,376,376,0.48212495,1,imagenet_c,defocus_blur,1,none
efficientnet_b4,ILSVRC2012_val_00026156.JPEG,n02489166,376,376,0.5708613,1,imagenet_c,defocus_blur,1,none
efficientnet_b4,ILSVRC2012_val_00026904.JPEG,n02489166,376,376,0.51242334,1,imagenet_c,defocus_blur,1,none
efficientnet_b4,ILSVRC2012_val_00028291.JPEG,n02489166,376,376,0.49038216,1,imagenet_c,defocus_blur,1,none
efficientnet_b4,ILSVRC2012_val_00029721.JPEG,n02489166,376,376,0.6194444,1,imagenet_c,defocus_blur,1,none
efficientnet_b4,ILSVRC2012_val_00031562.JPEG,n02489166,376,376,0.55984616,1,imagenet_c,defocus_blur,1,none
efficientnet_b4,ILSVRC2012_val_00033056.JPEG,n02489166,376,376,0.46724582,1,imagenet_c,defocus_blur,1,none
efficientnet_b4,ILSVRC2012_val_00036079.JPEG,n02489166,376,376,0.45120832,1,imagenet_c,defocus_blur,1,none
efficientnet_b4,ILSVRC2012_val_00036567.JPEG,n02489166,376,376,0.6205564,1,imagenet_c,defocus_blur,1,none
efficientnet_b4,ILSVRC2012_val_00036720.JPEG,n02489166,376,376,0.3911059,1,imagenet_c,defocus_blur,1,none
efficientnet_b4,ILSVRC2012_val_00037564.JPEG,n02489166,376,376,0.46748537,1,imagenet_c,defocus_blur,1,none
efficientnet_b4,ILSVRC2012_val_00038238.JPEG,n02489166,376,376,0.4320242,1,imagenet_c,defocus_blur,1,none
efficientnet_b4,ILSVRC2012_val_00038566.JPEG,n02489166,376,376,0.5747972,1,imagenet_c,defocus_blur,1,none
efficientnet_b4,ILSVRC2012_val_00041477.JPEG,n02489166,376,376,0.40722817,1,imagenet_c,defocus_blur,1,none
efficientnet_b4,ILSVRC2012_val_00041764.JPEG,n02489166,376,376,0.46332338,1,imagenet_c,defocus_blur,1,none
efficientnet_b4,ILSVRC2012_val_00042933.JPEG,n02489166,376,376,0.5236098,1,imagenet_c,defocus_blur,1,none
efficientnet_b4,ILSVRC2012_val_00043037.JPEG,n02489166,376,376,0.48159757,1,imagenet_c,defocus_blur,1,none
efficientnet_b4,ILSVRC2012_val_00043126.JPEG,n02489166,376,376,0.5038241,1,imagenet_c,defocus_blur,1,none
efficientnet_b4,ILSVRC2012_val_00044076.JPEG,n02489166,376,376,0.5083247,1,imagenet_c,defocus_blur,1,none
efficientnet_b4,ILSVRC2012_val_00045058.JPEG,n02489166,376,376,0.39665955,1,imagenet_c,defocus_blur,1,none
efficientnet_b4,ILSVRC2012_val_00047126.JPEG,n02489166,376,376,0.4425615,1,imagenet_c,defocus_blur,1,none
efficientnet_b4,ILSVRC2012_val_00048099.JPEG,n02489166,376,376,0.46096653,1,imagenet_c,defocus_blur,1,none
efficientnet_b4,ILSVRC2012_val_00049194.JPEG,n02489166,376,376,0.3998807,1,imagenet_c,defocus_blur,1,none
efficientnet_b4,ILSVRC2012_val_00000520.JPEG,n02490219,377,377,0.6515828,1,imagenet_c,defocus_blur,1,none
efficientnet_b4,ILSVRC2012_val_00001099.JPEG,n02490219,377,377,0.40351868,1,imagenet_c,defocus_blur,1,none
efficientnet_b4,ILSVRC2012_val_00001504.JPEG,n02490219,377,377,0.35460928,1,imagenet_c,defocus_blur,1,none
efficientnet_b4,ILSVRC2012_val_00002936.JPEG,n02490219,377,377,0.5426408,1,imagenet_c,defocus_blur,1,none
efficientnet_b4,ILSVRC2012_val_00003437.JPEG,n02490219,377,377,0.28908068,1,imagenet_c,defocus_blur,1,none
efficientnet_b4,ILSVRC2012_val_00003541.JPEG,n02490219,377,377,0.43883884,1,imagenet_c,defocus_blur,1,none
efficientnet_b4,ILSVRC2012_val_00004564.JPEG,n02490219,377,377,0.7336302,1,imagenet_c,defocus_blur,1,none
efficientnet_b4,ILSVRC2012_val_00004788.JPEG,n02490219,377,377,0.4130809,1,imagenet_c,defocus_blur,1,none
efficientnet_b4,ILSVRC2012_val_00005153.JPEG,n02490219,377,377,0.39874896,1,imagenet_c,defocus_blur,1,none
efficientnet_b4,ILSVRC2012_val_00005625.JPEG,n02490219,377,377,0.424712,1,imagenet_c,defocus_blur,1,none
efficientnet_b4,ILSVRC2012_val_00006014.JPEG,n02490219,377,377,0.52304226,1,imagenet_c,defocus_blur,1,none
efficientnet_b4,ILSVRC2012_val_00006161.JPEG,n02490219,377,377,0.3750201,1,imagenet_c,defocus_blur,1,none
efficientnet_b4,ILSVRC2012_val_00006219.JPEG,n02490219,377,380,0.12618689,0,imagenet_c,defocus_blur,1,none
efficientnet_b4,ILSVRC2012_val_00007182.JPEG,n02490219,377,377,0.37372458,1,imagenet_c,defocus_blur,1,none
efficientnet_b4,ILSVRC2012_val_00008188.JPEG,n02490219,377,416,0.35328463,0,imagenet_c,defocus_blur,1,none
efficientnet_b4,ILSVRC2012_val_00008550.JPEG,n02490219,377,382,0.31852022,0,imagenet_c,defocus_blur,1,none
efficientnet_b4,ILSVRC2012_val_00009701.JPEG,n02490219,377,377,0.31587428,1,imagenet_c,defocus_blur,1,none
efficientnet_b4,ILSVRC2012_val_00010233.JPEG,n02490219,377,377,0.33671516,1,imagenet_c,defocus_blur,1,none
efficientnet_b4,ILSVRC2012_val_00010454.JPEG,n02490219,377,377,0.4727575,1,imagenet_c,defocus_blur,1,none
efficientnet_b4,ILSVRC2012_val_00010551.JPEG,n02490219,377,377,0.4513452,1,imagenet_c,defocus_blur,1,none
efficientnet_b4,ILSVRC2012_val_00011913.JPEG,n02490219,377,380,0.27758226,0,imagenet_c,defocus_blur,1,none
efficientnet_b4,ILSVRC2012_val_00012044.JPEG,n02490219,377,377,0.46904987,1,imagenet_c,defocus_blur,1,none
efficientnet_b4,ILSVRC2012_val_00015041.JPEG,n02490219,377,377,0.37809318,1,imagenet_c,defocus_blur,1,none
efficientnet_b4,ILSVRC2012_val_00015114.JPEG,n02490219,377,377,0.41670647,1,imagenet_c,defocus_blur,1,none
efficientnet_b4,ILSVRC2012_val_00020215.JPEG,n02490219,377,377,0.37576023,1,imagenet_c,defocus_blur,1,none
efficientnet_b4,ILSVRC2012_val_00023852.JPEG,n02490219,377,377,0.15470079,1,imagenet_c,defocus_blur,1,none
efficientnet_b4,ILSVRC2012_val_00024140.JPEG,n02490219,377,380,0.35059988,0,imagenet_c,defocus_blur,1,none
efficientnet_b4,ILSVRC2012_val_00026725.JPEG,n02490219,377,377,0.4864402,1,imagenet_c,defocus_blur,1,none
efficientnet_b4,ILSVRC2012_val_00028231.JPEG,n02490219,377,377,0.49863142,1,imagenet_c,defocus_blur,1,none
efficientnet_b4,ILSVRC2012_val_00028331.JPEG,n02490219,377,381,0.16373695,0,imagenet_c,defocus_blur,1,none
efficientnet_b4,ILSVRC2012_val_00029703.JPEG,n02490219,377,382,0.23557884,0,imagenet_c,defocus_blur,1,none
efficientnet_b4,ILSVRC2012_val_00029804.JPEG,n02490219,377,377,0.2088152,1,imagenet_c,defocus_blur,1,none
efficientnet_b4,ILSVRC2012_val_00029926.JPEG,n02490219,377,380,0.327591,0,imagenet_c,defocus_blur,1,none
efficientnet_b4,ILSVRC2012_val_00031762.JPEG,n02490219,377,377,0.3875083,1,imagenet_c,defocus_blur,1,none
efficientnet_b4,ILSVRC2012_val_00031854.JPEG,n02490219,377,382,0.32410038,0,imagenet_c,defocus_blur,1,none
efficientnet_b4,ILSVRC2012_val_00031989.JPEG,n02490219,377,377,0.48442268,1,imagenet_c,defocus_blur,1,none
efficientnet_b4,ILSVRC2012_val_00034295.JPEG,n02490219,377,377,0.28095636,1,imagenet_c,defocus_blur,1,none
efficientnet_b4,ILSVRC2012_val_00039121.JPEG,n02490219,377,377,0.46461248,1,imagenet_c,defocus_blur,1,none
efficientnet_b4,ILSVRC2012_val_00039552.JPEG,n02490219,377,377,0.6401882,1,imagenet_c,defocus_blur,1,none
efficientnet_b4,ILSVRC2012_val_00039866.JPEG,n02490219,377,377,0.38936925,1,imagenet_c,defocus_blur,1,none
efficientnet_b4,ILSVRC2012_val_00040232.JPEG,n02490219,377,380,0.2654373,0,imagenet_c,defocus_blur,1,none
efficientnet_b4,ILSVRC2012_val_00042165.JPEG,n02490219,377,377,0.4858819,1,imagenet_c,defocus_blur,1,none
efficientnet_b4,ILSVRC2012_val_00042278.JPEG,n02490219,377,379,0.1800689,0,imagenet_c,defocus_blur,1,none
efficientnet_b4,ILSVRC2012_val_00044704.JPEG,n02490219,377,377,0.56080073,1,imagenet_c,defocus_blur,1,none
efficientnet_b4,ILSVRC2012_val_00044827.JPEG,n02490219,377,377,0.5011161,1,imagenet_c,defocus_blur,1,none
efficientnet_b4,ILSVRC2012_val_00045164.JPEG,n02490219,377,380,0.19596684,0,imagenet_c,defocus_blur,1,none
efficientnet_b4,ILSVRC2012_val_00046568.JPEG,n02490219,377,377,0.5350034,1,imagenet_c,defocus_blur,1,none
efficientnet_b4,ILSVRC2012_val_00046674.JPEG,n02490219,377,377,0.7698011,1,imagenet_c,defocus_blur,1,none
efficientnet_b4,ILSVRC2012_val_00047085.JPEG,n02490219,377,377,0.13199787,1,imagenet_c,defocus_blur,1,none
efficientnet_b4,ILSVRC2012_val_00049404.JPEG,n02490219,377,371,0.11263783,0,imagenet_c,defocus_blur,1,none
efficientnet_b4,ILSVRC2012_val_00002450.JPEG,n02492035,378,378,0.36413625,1,imagenet_c,defocus_blur,1,none
efficientnet_b4,ILSVRC2012_val_00004190.JPEG,n02492035,378,378,0.6555189,1,imagenet_c,defocus_blur,1,none
efficientnet_b4,ILSVRC2012_val_00004355.JPEG,n02492035,378,378,0.4348821,1,imagenet_c,defocus_blur,1,none
efficientnet_b4,ILSVRC2012_val_00004458.JPEG,n02492035,378,378,0.5136657,1,imagenet_c,defocus_blur,1,none
efficientnet_b4,ILSVRC2012_val_00004842.JPEG,n02492035,378,378,0.51436377,1,imagenet_c,defocus_blur,1,none
efficientnet_b4,ILSVRC2012_val_00005099.JPEG,n02492035,378,378,0.54073143,1,imagenet_c,defocus_blur,1,none
efficientnet_b4,ILSVRC2012_val_00005637.JPEG,n02492035,378,378,0.56219625,1,imagenet_c,defocus_blur,1,none
efficientnet_b4,ILSVRC2012_val_00005761.JPEG,n02492035,378,378,0.29403815,1,imagenet_c,defocus_blur,1,none
efficientnet_b4,ILSVRC2012_val_00005934.JPEG,n02492035,378,378,0.42627606,1,imagenet_c,defocus_blur,1,none
efficientnet_b4,ILSVRC2012_val_00006945.JPEG,n02492035,378,378,0.5628196,1,imagenet_c,defocus_blur,1,none
efficientnet_b4,ILSVRC2012_val_00007008.JPEG,n02492035,378,378,0.48435953,1,imagenet_c,defocus_blur,1,none
efficientnet_b4,ILSVRC2012_val_00009955.JPEG,n02492035,378,368,0.52274126,0,imagenet_c,defocus_blur,1,none
efficientnet_b4,ILSVRC2012_val_00014497.JPEG,n02492035,378,378,0.6690898,1,imagenet_c,defocus_blur,1,none
efficientnet_b4,ILSVRC2012_val_00016791.JPEG,n02492035,378,134,0.020141453,0,imagenet_c,defocus_blur,1,none
efficientnet_b4,ILSVRC2012_val_00016946.JPEG,n02492035,378,378,0.3899621,1,imagenet_c,defocus_blur,1,none
efficientnet_b4,ILSVRC2012_val_00017044.JPEG,n02492035,378,378,0.5455219,1,imagenet_c,defocus_blur,1,none
efficientnet_b4,ILSVRC2012_val_00018016.JPEG,n02492035,378,377,0.19000305,0,imagenet_c,defocus_blur,1,none
efficientnet_b4,ILSVRC2012_val_00019103.JPEG,n02492035,378,378,0.4566297,1,imagenet_c,defocus_blur,1,none
efficientnet_b4,ILSVRC2012_val_00019113.JPEG,n02492035,378,373,0.31345952,0,imagenet_c,defocus_blur,1,none
efficientnet_b4,ILSVRC2012_val_00019129.JPEG,n02492035,378,378,0.706428,1,imagenet_c,defocus_blur,1,none
efficientnet_b4,ILSVRC2012_val_00019432.JPEG,n02492035,378,91,0.09342089,0,imagenet_c,defocus_blur,1,none
efficientnet_b4,ILSVRC2012_val_00019451.JPEG,n02492035,378,378,0.4205062,1,imagenet_c,defocus_blur,1,none
efficientnet_b4,ILSVRC2012_val_00019469.JPEG,n02492035,378,379,0.12760262,0,imagenet_c,defocus_blur,1,none
efficientnet_b4,ILSVRC2012_val_00020936.JPEG,n02492035,378,357,0.18942995,0,imagenet_c,defocus_blur,1,none
efficientnet_b4,ILSVRC2012_val_00021469.JPEG,n02492035,378,378,0.6699309,1,imagenet_c,defocus_blur,1,none
efficientnet_b4,ILSVRC2012_val_00021490.JPEG,n02492035,378,378,0.42644837,1,imagenet_c,defocus_blur,1,none
efficientnet_b4,ILSVRC2012_val_00021520.JPEG,n02492035,378,378,0.4929982,1,imagenet_c,defocus_blur,1,none
efficientnet_b4,ILSVRC2012_val_00021572.JPEG,n02492035,378,378,0.47472128,1,imagenet_c,defocus_blur,1,none
efficientnet_b4,ILSVRC2012_val_00022912.JPEG,n02492035,378,378,0.3310358,1,imagenet_c,defocus_blur,1,none
efficientnet_b4,ILSVRC2012_val_00023531.JPEG,n02492035,378,378,0.42130545,1,imagenet_c,defocus_blur,1,none
efficientnet_b4,ILSVRC2012_val_00027108.JPEG,n02492035,378,378,0.35592803,1,imagenet_c,defocus_blur,1,none
efficientnet_b4,ILSVRC2012_val_00030690.JPEG,n02492035,378,378,0.53525,1,imagenet_c,defocus_blur,1,none
efficientnet_b4,ILSVRC2012_val_00034322.JPEG,n02492035,378,378,0.6271153,1,imagenet_c,defocus_blur,1,none
efficientnet_b4,ILSVRC2012_val_00034467.JPEG,n02492035,378,378,0.64856815,1,imagenet_c,defocus_blur,1,none
efficientnet_b4,ILSVRC2012_val_00035382.JPEG,n02492035,378,378,0.54077345,1,imagenet_c,defocus_blur,1,none
efficientnet_b4,ILSVRC2012_val_00035531.JPEG,n02492035,378,380,0.33983842,0,imagenet_c,defocus_blur,1,none
efficientnet_b4,ILSVRC2012_val_00036562.JPEG,n02492035,378,378,0.37276837,1,imagenet_c,defocus_blur,1,none
efficientnet_b4,ILSVRC2012_val_00037084.JPEG,n02492035,378,378,0.43778032,1,imagenet_c,defocus_blur,1,none
efficientnet_b4,ILSVRC2012_val_00037115.JPEG,n02492035,378,381,0.47557396,0,imagenet_c,defocus_blur,1,none
efficientnet_b4,ILSVRC2012_val_00037693.JPEG,n02492035,378,380,0.18482862,0,imagenet_c,defocus_blur,1,none
efficientnet_b4,ILSVRC2012_val_00038839.JPEG,n02492035,378,378,0.1810382,1,imagenet_c,defocus_blur,1,none
efficientnet_b4,ILSVRC2012_val_00039459.JPEG,n02492035,378,378,0.8001188,1,imagenet_c,defocus_blur,1,none
efficientnet_b4,ILSVRC2012_val_00040730.JPEG,n02492035,378,379,0.287959,0,imagenet_c,defocus_blur,1,none
efficientnet_b4,ILSVRC2012_val_00041046.JPEG,n02492035,378,378,0.3871913,1,imagenet_c,defocus_blur,1,none
efficientnet_b4,ILSVRC2012_val_00041232.JPEG,n02492035,378,378,0.15768586,1,imagenet_c,defocus_blur,1,none
efficientnet_b4,ILSVRC2012_val_00043766.JPEG,n02492035,378,378,0.3767058,1,imagenet_c,defocus_blur,1,none
efficientnet_b4,ILSVRC2012_val_00044586.JPEG,n02492035,378,378,0.42563263,1,imagenet_c,defocus_blur,1,none
efficientnet_b4,ILSVRC2012_val_00045600.JPEG,n02492035,378,378,0.11154449,1,imagenet_c,defocus_blur,1,none
efficientnet_b4,ILSVRC2012_val_00047154.JPEG,n02492035,378,378,0.36023423,1,imagenet_c,defocus_blur,1,none
efficientnet_b4,ILSVRC2012_val_00047365.JPEG,n02492035,378,378,0.47865626,1,imagenet_c,defocus_blur,1,none
efficientnet_b4,ILSVRC2012_val_00003118.JPEG,n02492660,379,379,0.568518,1,imagenet_c,defocus_blur,1,none
efficientnet_b4,ILSVRC2012_val_00003818.JPEG,n02492660,379,369,0.27413988,0,imagenet_c,defocus_blur,1,none
efficientnet_b4,ILSVRC2012_val_00005127.JPEG,n02492660,379,379,0.54973483,1,imagenet_c,defocus_blur,1,none
efficientnet_b4,ILSVRC2012_val_00005525.JPEG,n02492660,379,379,0.5292458,1,imagenet_c,defocus_blur,1,none
efficientnet_b4,ILSVRC2012_val_00005620.JPEG,n02492660,379,379,0.59597313,1,imagenet_c,defocus_blur,1,none
efficientnet_b4,ILSVRC2012_val_00007297.JPEG,n02492660,379,379,0.68083763,1,imagenet_c,defocus_blur,1,none
efficientnet_b4,ILSVRC2012_val_00008204.JPEG,n02492660,379,89,0.014705371,0,imagenet_c,defocus_blur,1,none
efficientnet_b4,ILSVRC2012_val_00008878.JPEG,n02492660,379,379,0.1909575,1,imagenet_c,defocus_blur,1,none
efficientnet_b4,ILSVRC2012_val_00009461.JPEG,n02492660,379,379,0.31077105,1,imagenet_c,defocus_blur,1,none
efficientnet_b4,ILSVRC2012_val_00009511.JPEG,n02492660,379,379,0.4422855,1,imagenet_c,defocus_blur,1,none
efficientnet_b4,ILSVRC2012_val_00011058.JPEG,n02492660,379,379,0.52927226,1,imagenet_c,defocus_blur,1,none
efficientnet_b4,ILSVRC2012_val_00012711.JPEG,n02492660,379,379,0.64928955,1,imagenet_c,defocus_blur,1,none
efficientnet_b4,ILSVRC2012_val_00013754.JPEG,n02492660,379,378,0.33912542,0,imagenet_c,defocus_blur,1,none
efficientnet_b4,ILSVRC2012_val_00015033.JPEG,n02492660,379,379,0.5314542,1,imagenet_c,defocus_blur,1,none
efficientnet_b4,ILSVRC2012_val_00015339.JPEG,n02492660,379,379,0.48321652,1,imagenet_c,defocus_blur,1,none
efficientnet_b4,ILSVRC2012_val_00016829.JPEG,n02492660,379,364,0.16043448,0,imagenet_c,defocus_blur,1,none
efficientnet_b4,ILSVRC2012_val_00017479.JPEG,n02492660,379,379,0.5899561,1,imagenet_c,defocus_blur,1,none
efficientnet_b4,ILSVRC2012_val_00019099.JPEG,n02492660,379,379,0.6554674,1,imagenet_c,defocus_blur,1,none
efficientnet_b4,ILSVRC2012_val_00020406.JPEG,n02492660,379,379,0.5605323,1,imagenet_c,defocus_blur,1,none
efficientnet_b4,ILSVRC2012_val_00021147.JPEG,n02492660,379,379,0.47485006,1,imagenet_c,defocus_blur,1,none
efficientnet_b4,ILSVRC2012_val_00023194.JPEG,n02492660,379,379,0.7195921,1,imagenet_c,defocus_blur,1,none
efficientnet_b4,ILSVRC2012_val_00024386.JPEG,n02492660,379,379,0.58419645,1,imagenet_c,defocus_blur,1,none
efficientnet_b4,ILSVRC2012_val_00026012.JPEG,n02492660,379,379,0.5285743,1,imagenet_c,defocus_blur,1,none
efficientnet_b4,ILSVRC2012_val_00027333.JPEG,n02492660,379,365,0.55328953,0,imagenet_c,defocus_blur,1,none
efficientnet_b4,ILSVRC2012_val_00028184.JPEG,n02492660,379,379,0.582411,1,imagenet_c,defocus_blur,1,none
efficientnet_b4,ILSVRC2012_val_00029394.JPEG,n02492660,379,379,0.78169066,1,imagenet_c,defocus_blur,1,none
efficientnet_b4,ILSVRC2012_val_00030233.JPEG,n02492660,379,379,0.38055193,1,imagenet_c,defocus_blur,1,none
efficientnet_b4,ILSVRC2012_val_00030602.JPEG,n02492660,379,379,0.6231564,1,imagenet_c,defocus_blur,1,none
efficientnet_b4,ILSVRC2012_val_00034888.JPEG,n02492660,379,379,0.5695001,1,imagenet_c,defocus_blur,1,none
efficientnet_b4,ILSVRC2012_val_00034985.JPEG,n02492660,379,379,0.7788386,1,imagenet_c,defocus_blur,1,none
efficientnet_b4,ILSVRC2012_val_00035886.JPEG,n02492660,379,379,0.52916855,1,imagenet_c,defocus_blur,1,none
efficientnet_b4,ILSVRC2012_val_00036243.JPEG,n02492660,379,379,0.42487663,1,imagenet_c,defocus_blur,1,none
efficientnet_b4,ILSVRC2012_val_00036365.JPEG,n02492660,379,379,0.4580186,1,imagenet_c,defocus_blur,1,none
efficientnet_b4,ILSVRC2012_val_00036489.JPEG,n02492660,379,379,0.7025167,1,imagenet_c,defocus_blur,1,none
efficientnet_b4,ILSVRC2012_val_00039295.JPEG,n02492660,379,379,0.6915471,1,imagenet_c,defocus_blur,1,none
efficientnet_b4,ILSVRC2012_val_00039645.JPEG,n02492660,379,379,0.47223964,1,imagenet_c,defocus_blur,1,none
efficientnet_b4,ILSVRC2012_val_00040865.JPEG,n02492660,379,379,0.59027916,1,imagenet_c,defocus_blur,1,none
efficientnet_b4,ILSVRC2012_val_00041120.JPEG,n02492660,379,379,0.49279934,1,imagenet_c,defocus_blur,1,none
efficientnet_b4,ILSVRC2012_val_00041294.JPEG,n02492660,379,297,0.12984625,0,imagenet_c,defocus_blur,1,none
efficientnet_b4,ILSVRC2012_val_00041501.JPEG,n02492660,379,379,0.50452787,1,imagenet_c,defocus_blur,1,none
efficientnet_b4,ILSVRC2012_val_00042280.JPEG,n02492660,379,379,0.74768776,1,imagenet_c,defocus_blur,1,none
efficientnet_b4,ILSVRC2012_val_00043331.JPEG,n02492660,379,379,0.5108099,1,imagenet_c,defocus_blur,1,none
efficientnet_b4,ILSVRC2012_val_00043822.JPEG,n02492660,379,379,0.60951316,1,imagenet_c,defocus_blur,1,none
efficientnet_b4,ILSVRC2012_val_00043945.JPEG,n02492660,379,379,0.22492321,1,imagenet_c,defocus_blur,1,none
efficientnet_b4,ILSVRC2012_val_00046617.JPEG,n02492660,379,381,0.437336,0,imagenet_c,defocus_blur,1,none
efficientnet_b4,ILSVRC2012_val_00047185.JPEG,n02492660,379,379,0.6057753,1,imagenet_c,defocus_blur,1,none
efficientnet_b4,ILSVRC2012_val_00048140.JPEG,n02492660,379,379,0.16858256,1,imagenet_c,defocus_blur,1,none
efficientnet_b4,ILSVRC2012_val_00048688.JPEG,n02492660,379,379,0.5342966,1,imagenet_c,defocus_blur,1,none
efficientnet_b4,ILSVRC2012_val_00048897.JPEG,n02492660,379,379,0.74921393,1,imagenet_c,defocus_blur,1,none
efficientnet_b4,ILSVRC2012_val_00048932.JPEG,n02492660,379,379,0.3336688,1,imagenet_c,defocus_blur,1,none
efficientnet_b4,ILSVRC2012_val_00000340.JPEG,n02493509,380,380,0.74121493,1,imagenet_c,defocus_blur,1,none
efficientnet_b4,ILSVRC2012_val_00000828.JPEG,n02493509,380,380,0.25358585,1,imagenet_c,defocus_blur,1,none
efficientnet_b4,ILSVRC2012_val_00001104.JPEG,n02493509,380,382,0.19658482,0,imagenet_c,defocus_blur,1,none
efficientnet_b4,ILSVRC2012_val_00002717.JPEG,n02493509,380,379,0.3195099,0,imagenet_c,defocus_blur,1,none
efficientnet_b4,ILSVRC2012_val_00004398.JPEG,n02493509,380,380,0.8252646,1,imagenet_c,defocus_blur,1,none
efficientnet_b4,ILSVRC2012_val_00005119.JPEG,n02493509,380,380,0.65409034,1,imagenet_c,defocus_blur,1,none
efficientnet_b4,ILSVRC2012_val_00006931.JPEG,n02493509,380,380,0.611757,1,imagenet_c,defocus_blur,1,none
efficientnet_b4,ILSVRC2012_val_00007188.JPEG,n02493509,380,380,0.21757528,1,imagenet_c,defocus_blur,1,none
efficientnet_b4,ILSVRC2012_val_00008449.JPEG,n02493509,380,376,0.046985466,0,imagenet_c,defocus_blur,1,none
efficientnet_b4,ILSVRC2012_val_00009349.JPEG,n02493509,380,380,0.7932364,1,imagenet_c,defocus_blur,1,none
efficientnet_b4,ILSVRC2012_val_00009832.JPEG,n02493509,380,380,0.56101984,1,imagenet_c,defocus_blur,1,none
efficientnet_b4,ILSVRC2012_val_00010323.JPEG,n02493509,380,380,0.7318792,1,imagenet_c,defocus_blur,1,none
efficientnet_b4,ILSVRC2012_val_00010663.JPEG,n02493509,380,364,0.24399969,0,imagenet_c,defocus_blur,1,none
efficientnet_b4,ILSVRC2012_val_00010784.JPEG,n02493509,380,382,0.16369916,0,imagenet_c,defocus_blur,1,none
efficientnet_b4,ILSVRC2012_val_00012359.JPEG,n02493509,380,380,0.49121276,1,imagenet_c,defocus_blur,1,none
efficientnet_b4,ILSVRC2012_val_00013541.JPEG,n02493509,380,357,0.18161915,0,imagenet_c,defocus_blur,1,none
efficientnet_b4,ILSVRC2012_val_00014306.JPEG,n02493509,380,382,0.33270666,0,imagenet_c,defocus_blur,1,none
efficientnet_b4,ILSVRC2012_val_00014782.JPEG,n02493509,380,384,0.37440398,0,imagenet_c,defocus_blur,1,none
efficientnet_b4,ILSVRC2012_val_00017548.JPEG,n02493509,380,380,0.49254686,1,imagenet_c,defocus_blur,1,none
efficientnet_b4,ILSVRC2012_val_00019260.JPEG,n02493509,380,376,0.5007702,0,imagenet_c,defocus_blur,1,none
efficientnet_b4,ILSVRC2012_val_00019279.JPEG,n02493509,380,380,0.48201248,1,imagenet_c,defocus_blur,1,none
efficientnet_b4,ILSVRC2012_val_00019961.JPEG,n02493509,380,376,0.24871798,0,imagenet_c,defocus_blur,1,none
efficientnet_b4,ILSVRC2012_val_00021626.JPEG,n02493509,380,380,0.7095133,1,imagenet_c,defocus_blur,1,none
efficientnet_b4,ILSVRC2012_val_00021679.JPEG,n02493509,380,382,0.3494858,0,imagenet_c,defocus_blur,1,none
efficientnet_b4,ILSVRC2012_val_00022082.JPEG,n02493509,380,380,0.6993362,1,imagenet_c,defocus_blur,1,none
efficientnet_b4,ILSVRC2012_val_00024398.JPEG,n02493509,380,377,0.21442504,0,imagenet_c,defocus_blur,1,none
efficientnet_b4,ILSVRC2012_val_00027932.JPEG,n02493509,380,382,0.372366,0,imagenet_c,defocus_blur,1,none
efficientnet_b4,ILSVRC2012_val_00029108.JPEG,n02493509,380,380,0.2823173,1,imagenet_c,defocus_blur,1,none
efficientnet_b4,ILSVRC2012_val_00029269.JPEG,n02493509,380,378,0.3227941,0,imagenet_c,defocus_blur,1,none
efficientnet_b4,ILSVRC2012_val_00029284.JPEG,n02493509,380,380,0.51127577,1,imagenet_c,defocus_blur,1,none
efficientnet_b4,ILSVRC2012_val_00031260.JPEG,n02493509,380,380,0.46153504,1,imagenet_c,defocus_blur,1,none
efficientnet_b4,ILSVRC2012_val_00033277.JPEG,n02493509,380,380,0.3357888,1,imagenet_c,defocus_blur,1,none
efficientnet_b4,ILSVRC2012_val_00033927.JPEG,n02493509,380,380,0.4142944,1,imagenet_c,defocus_blur,1,none
efficientnet_b4,ILSVRC2012_val_00035042.JPEG,n02493509,380,380,0.6106737,1,imagenet_c,defocus_blur,1,none
efficientnet_b4,ILSVRC2012_val_00036548.JPEG,n02493509,380,380,0.4481945,1,imagenet_c,defocus_blur,1,none
efficientnet_b4,ILSVRC2012_val_00036851.JPEG,n02493509,380,380,0.5623345,1,imagenet_c,defocus_blur,1,none
efficientnet_b4,ILSVRC2012_val_00036953.JPEG,n02493509,380,380,0.7523646,1,imagenet_c,defocus_blur,1,none
efficientnet_b4,ILSVRC2012_val_00037781.JPEG,n02493509,380,380,0.38710487,1,imagenet_c,defocus_blur,1,none
efficientnet_b4,ILSVRC2012_val_00038047.JPEG,n02493509,380,380,0.68567026,1,imagenet_c,defocus_blur,1,none
efficientnet_b4,ILSVRC2012_val_00038087.JPEG,n02493509,380,380,0.6275462,1,imagenet_c,defocus_blur,1,none
efficientnet_b4,ILSVRC2012_val_00038538.JPEG,n02493509,380,380,0.30627716,1,imagenet_c,defocus_blur,1,none
efficientnet_b4,ILSVRC2012_val_00040269.JPEG,n02493509,380,380,0.5906938,1,imagenet_c,defocus_blur,1,none
efficientnet_b4,ILSVRC2012_val_00040638.JPEG,n02493509,380,380,0.6809707,1,imagenet_c,defocus_blur,1,none
efficientnet_b4,ILSVRC2012_val_00040752.JPEG,n02493509,380,382,0.27063343,0,imagenet_c,defocus_blur,1,none
efficientnet_b4,ILSVRC2012_val_00043467.JPEG,n02493509,380,380,0.7167292,1,imagenet_c,defocus_blur,1,none
efficientnet_b4,ILSVRC2012_val_00043695.JPEG,n02493509,380,380,0.2946808,1,imagenet_c,defocus_blur,1,none
efficientnet_b4,ILSVRC2012_val_00046148.JPEG,n02493509,380,380,0.75839835,1,imagenet_c,defocus_blur,1,none
efficientnet_b4,ILSVRC2012_val_00046527.JPEG,n02493509,380,380,0.19904424,1,imagenet_c,defocus_blur,1,none
efficientnet_b4,ILSVRC2012_val_00047378.JPEG,n02493509,380,858,0.03464369,0,imagenet_c,defocus_blur,1,none
efficientnet_b4,ILSVRC2012_val_00048954.JPEG,n02493509,380,382,0.18906048,0,imagenet_c,defocus_blur,1,none
efficientnet_b4,ILSVRC2012_val_00003812.JPEG,n02493793,381,378,0.4096969,0,imagenet_c,defocus_blur,1,none
efficientnet_b4,ILSVRC2012_val_00005442.JPEG,n02493793,381,371,0.3513822,0,imagenet_c,defocus_blur,1,none
efficientnet_b4,ILSVRC2012_val_00006758.JPEG,n02493793,381,381,0.42369813,1,imagenet_c,defocus_blur,1,none
efficientnet_b4,ILSVRC2012_val_00007725.JPEG,n02493793,381,380,0.4031133,0,imagenet_c,defocus_blur,1,none
efficientnet_b4,ILSVRC2012_val_00008228.JPEG,n02493793,381,381,0.62373555,1,imagenet_c,defocus_blur,1,none
efficientnet_b4,ILSVRC2012_val_00010583.JPEG,n02493793,381,381,0.046213802,1,imagenet_c,defocus_blur,1,none
efficientnet_b4,ILSVRC2012_val_00011032.JPEG,n02493793,381,378,0.33312693,0,imagenet_c,defocus_blur,1,none
efficientnet_b4,ILSVRC2012_val_00011898.JPEG,n02493793,381,369,0.3531087,0,imagenet_c,defocus_blur,1,none
efficientnet_b4,ILSVRC2012_val_00012697.JPEG,n02493793,381,381,0.3263113,1,imagenet_c,defocus_blur,1,none
efficientnet_b4,ILSVRC2012_val_00013015.JPEG,n02493793,381,381,0.8135593,1,imagenet_c,defocus_blur,1,none
efficientnet_b4,ILSVRC2012_val_00013076.JPEG,n02493793,381,381,0.23979723,1,imagenet_c,defocus_blur,1,none
efficientnet_b4,ILSVRC2012_val_00013420.JPEG,n02493793,381,381,0.6120897,1,imagenet_c,defocus_blur,1,none
efficientnet_b4,ILSVRC2012_val_00014296.JPEG,n02493793,381,381,0.29640356,1,imagenet_c,defocus_blur,1,none
efficientnet_b4,ILSVRC2012_val_00016117.JPEG,n02493793,381,381,0.75962573,1,imagenet_c,defocus_blur,1,none
efficientnet_b4,ILSVRC2012_val_00017507.JPEG,n02493793,381,379,0.26579285,0,imagenet_c,defocus_blur,1,none
efficientnet_b4,ILSVRC2012_val_00018739.JPEG,n02493793,381,382,0.26533622,0,imagenet_c,defocus_blur,1,none
efficientnet_b4,ILSVRC2012_val_00024294.JPEG,n02493793,381,379,0.20270291,0,imagenet_c,defocus_blur,1,none
efficientnet_b4,ILSVRC2012_val_00024437.JPEG,n02493793,381,382,0.39229527,0,imagenet_c,defocus_blur,1,none
efficientnet_b4,ILSVRC2012_val_00024676.JPEG,n02493793,381,382,0.25749156,0,imagenet_c,defocus_blur,1,none
efficientnet_b4,ILSVRC2012_val_00026217.JPEG,n02493793,381,381,0.42458594,1,imagenet_c,defocus_blur,1,none
efficientnet_b4,ILSVRC2012_val_00026603.JPEG,n02493793,381,374,0.3582418,0,imagenet_c,defocus_blur,1,none
efficientnet_b4,ILSVRC2012_val_00026757.JPEG,n02493793,381,381,0.42236832,1,imagenet_c,defocus_blur,1,none
efficientnet_b4,ILSVRC2012_val_00028888.JPEG,n02493793,381,378,0.5412305,0,imagenet_c,defocus_blur,1,none
efficientnet_b4,ILSVRC2012_val_00031957.JPEG,n02493793,381,371,0.44359726,0,imagenet_c,defocus_blur,1,none
efficientnet_b4,ILSVRC2012_val_00032964.JPEG,n02493793,381,381,0.30843768,1,imagenet_c,defocus_blur,1,none
efficientnet_b4,ILSVRC2012_val_00033780.JPEG,n02493793,381,369,0.3469931,0,imagenet_c,defocus_blur,1,none
efficientnet_b4,ILSVRC2012_val_00035166.JPEG,n02493793,381,378,0.35896173,0,imagenet_c,defocus_blur,1,none
efficientnet_b4,ILSVRC2012_val_00035612.JPEG,n02493793,381,381,0.64226353,1,imagenet_c,defocus_blur,1,none
efficientnet_b4,ILSVRC2012_val_00035861.JPEG,n02493793,381,380,0.2751139,0,imagenet_c,defocus_blur,1,none
efficientnet_b4,ILSVRC2012_val_00036397.JPEG,n02493793,381,381,0.4248688,1,imagenet_c,defocus_blur,1,none
efficientnet_b4,ILSVRC2012_val_00036994.JPEG,n02493793,381,381,0.06639202,1,imagenet_c,defocus_blur,1,none
efficientnet_b4,ILSVRC2012_val_00037171.JPEG,n02493793,381,381,0.6012971,1,imagenet_c,defocus_blur,1,none
efficientnet_b4,ILSVRC2012_val_00037219.JPEG,n02493793,381,381,0.61978245,1,imagenet_c,defocus_blur,1,none
efficientnet_b4,ILSVRC2012_val_00037565.JPEG,n02493793,381,382,0.5099462,0,imagenet_c,defocus_blur,1,none
efficientnet_b4,ILSVRC2012_val_00038052.JPEG,n02493793,381,379,0.3418686,0,imagenet_c,defocus_blur,1,none
efficientnet_b4,ILSVRC2012_val_00039105.JPEG,n02493793,381,381,0.5383329,1,imagenet_c,defocus_blur,1,none
efficientnet_b4,ILSVRC2012_val_00039302.JPEG,n02493793,381,380,0.41712487,0,imagenet_c,defocus_blur,1,none
efficientnet_b4,ILSVRC2012_val_00039636.JPEG,n02493793,381,384,0.6653,0,imagenet_c,defocus_blur,1,none
efficientnet_b4,ILSVRC2012_val_00039786.JPEG,n02493793,381,381,0.7998645,1,imagenet_c,defocus_blur,1,none
efficientnet_b4,ILSVRC2012_val_00040595.JPEG,n02493793,381,381,0.16517146,1,imagenet_c,defocus_blur,1,none
efficientnet_b4,ILSVRC2012_val_00042516.JPEG,n02493793,381,382,0.31843928,0,imagenet_c,defocus_blur,1,none
efficientnet_b4,ILSVRC2012_val_00043906.JPEG,n02493793,381,380,0.3470302,0,imagenet_c,defocus_blur,1,none
efficientnet_b4,ILSVRC2012_val_00045444.JPEG,n02493793,381,382,0.117144726,0,imagenet_c,defocus_blur,1,none
efficientnet_b4,ILSVRC2012_val_00045647.JPEG,n02493793,381,381,0.47402832,1,imagenet_c,defocus_blur,1,none
efficientnet_b4,ILSVRC2012_val_00045879.JPEG,n02493793,381,381,0.14294636,1,imagenet_c,defocus_blur,1,none
efficientnet_b4,ILSVRC2012_val_00046117.JPEG,n02493793,381,381,0.33974,1,imagenet_c,defocus_blur,1,none
efficientnet_b4,ILSVRC2012_val_00046571.JPEG,n02493793,381,368,0.31112733,0,imagenet_c,defocus_blur,1,none
efficientnet_b4,ILSVRC2012_val_00046736.JPEG,n02493793,381,381,0.36639744,1,imagenet_c,defocus_blur,1,none
efficientnet_b4,ILSVRC2012_val_00046942.JPEG,n02493793,381,379,0.30314675,0,imagenet_c,defocus_blur,1,none
efficientnet_b4,ILSVRC2012_val_00047641.JPEG,n02493793,381,379,0.5082297,0,imagenet_c,defocus_blur,1,none
efficientnet_b4,ILSVRC2012_val_00002011.JPEG,n02494079,382,382,0.3037648,1,imagenet_c,defocus_blur,1,none
efficientnet_b4,ILSVRC2012_val_00002561.JPEG,n02494079,382,378,0.57984746,0,imagenet_c,defocus_blur,1,none
efficientnet_b4,ILSVRC2012_val_00002579.JPEG,n02494079,382,380,0.3098755,0,imagenet_c,defocus_blur,1,none
efficientnet_b4,ILSVRC2012_val_00004038.JPEG,n02494079,382,382,0.40647262,1,imagenet_c,defocus_blur,1,none
efficientnet_b4,ILSVRC2012_val_00005135.JPEG,n02494079,382,382,0.35561115,1,imagenet_c,defocus_blur,1,none
efficientnet_b4,ILSVRC2012_val_00007196.JPEG,n02494079,382,380,0.5307175,0,imagenet_c,defocus_blur,1,none
efficientnet_b4,ILSVRC2012_val_00009682.JPEG,n02494079,382,380,0.61713666,0,imagenet_c,defocus_blur,1,none
efficientnet_b4,ILSVRC2012_val_00009947.JPEG,n02494079,382,380,0.4174613,0,imagenet_c,defocus_blur,1,none
efficientnet_b4,ILSVRC2012_val_00012247.JPEG,n02494079,382,382,0.2838822,1,imagenet_c,defocus_blur,1,none
efficientnet_b4,ILSVRC2012_val_00012384.JPEG,n02494079,382,380,0.7951012,0,imagenet_c,defocus_blur,1,none
efficientnet_b4,ILSVRC2012_val_00012793.JPEG,n02494079,382,382,0.2982714,1,imagenet_c,defocus_blur,1,none
efficientnet_b4,ILSVRC2012_val_00013175.JPEG,n02494079,382,382,0.4197365,1,imagenet_c,defocus_blur,1,none
efficientnet_b4,ILSVRC2012_val_00014065.JPEG,n02494079,382,382,0.50788385,1,imagenet_c,defocus_blur,1,none
efficientnet_b4,ILSVRC2012_val_00014206.JPEG,n02494079,382,373,0.46096733,0,imagenet_c,defocus_blur,1,none
efficientnet_b4,ILSVRC2012_val_00017353.JPEG,n02494079,382,380,0.6140194,0,imagenet_c,defocus_blur,1,none
efficientnet_b4,ILSVRC2012_val_00017776.JPEG,n02494079,382,382,0.5798398,1,imagenet_c,defocus_blur,1,none
efficientnet_b4,ILSVRC2012_val_00018253.JPEG,n02494079,382,382,0.3395204,1,imagenet_c,defocus_blur,1,none
efficientnet_b4,ILSVRC2012_val_00019807.JPEG,n02494079,382,382,0.24589397,1,imagenet_c,defocus_blur,1,none
efficientnet_b4,ILSVRC2012_val_00021579.JPEG,n02494079,382,377,0.3215285,0,imagenet_c,defocus_blur,1,none
efficientnet_b4,ILSVRC2012_val_00021714.JPEG,n02494079,382,382,0.31832266,1,imagenet_c,defocus_blur,1,none
efficientnet_b4,ILSVRC2012_val_00021798.JPEG,n02494079,382,382,0.39989498,1,imagenet_c,defocus_blur,1,none
efficientnet_b4,ILSVRC2012_val_00022916.JPEG,n02494079,382,380,0.25256842,0,imagenet_c,defocus_blur,1,none
efficientnet_b4,ILSVRC2012_val_00023305.JPEG,n02494079,382,382,0.42781195,1,imagenet_c,defocus_blur,1,none
efficientnet_b4,ILSVRC2012_val_00024582.JPEG,n02494079,382,382,0.28828603,1,imagenet_c,defocus_blur,1,none
efficientnet_b4,ILSVRC2012_val_00025615.JPEG,n02494079,382,382,0.30595717,1,imagenet_c,defocus_blur,1,none
efficientnet_b4,ILSVRC2012_val_00026108.JPEG,n02494079,382,380,0.4032685,0,imagenet_c,defocus_blur,1,none
efficientnet_b4,ILSVRC2012_val_00027849.JPEG,n02494079,382,382,0.38801333,1,imagenet_c,defocus_blur,1,none
efficientnet_b4,ILSVRC2012_val_00028610.JPEG,n02494079,382,382,0.38457945,1,imagenet_c,defocus_blur,1,none
efficientnet_b4,ILSVRC2012_val_00029241.JPEG,n02494079,382,382,0.27089334,1,imagenet_c,defocus_blur,1,none
efficientnet_b4,ILSVRC2012_val_00030313.JPEG,n02494079,382,382,0.44159093,1,imagenet_c,defocus_blur,1,none
efficientnet_b4,ILSVRC2012_val_00030362.JPEG,n02494079,382,382,0.41945145,1,imagenet_c,defocus_blur,1,none
efficientnet_b4,ILSVRC2012_val_00030667.JPEG,n02494079,382,382,0.34137955,1,imagenet_c,defocus_blur,1,none
efficientnet_b4,ILSVRC2012_val_00031195.JPEG,n02494079,382,382,0.40917283,1,imagenet_c,defocus_blur,1,none
efficientnet_b4,ILSVRC2012_val_00033335.JPEG,n02494079,382,382,0.35534993,1,imagenet_c,defocus_blur,1,none
efficientnet_b4,ILSVRC2012_val_00033778.JPEG,n02494079,382,382,0.32478285,1,imagenet_c,defocus_blur,1,none
efficientnet_b4,ILSVRC2012_val_00033928.JPEG,n02494079,382,380,0.71330696,0,imagenet_c,defocus_blur,1,none
efficientnet_b4,ILSVRC2012_val_00034293.JPEG,n02494079,382,382,0.3984004,1,imagenet_c,defocus_blur,1,none
efficientnet_b4,ILSVRC2012_val_00037240.JPEG,n02494079,382,380,0.54340553,0,imagenet_c,defocus_blur,1,none
efficientnet_b4,ILSVRC2012_val_00037738.JPEG,n02494079,382,382,0.24605657,1,imagenet_c,defocus_blur,1,none
efficientnet_b4,ILSVRC2012_val_00040128.JPEG,n02494079,382,382,0.5002399,1,imagenet_c,defocus_blur,1,none
efficientnet_b4,ILSVRC2012_val_00040167.JPEG,n02494079,382,380,0.3609677,0,imagenet_c,defocus_blur,1,none
efficientnet_b4,ILSVRC2012_val_00041184.JPEG,n02494079,382,378,0.28430313,0,imagenet_c,defocus_blur,1,none
efficientnet_b4,ILSVRC2012_val_00042708.JPEG,n02494079,382,382,0.33748505,1,imagenet_c,defocus_blur,1,none
efficientnet_b4,ILSVRC2012_val_00043510.JPEG,n02494079,382,371,0.38922772,0,imagenet_c,defocus_blur,1,none
efficientnet_b4,ILSVRC2012_val_00043576.JPEG,n02494079,382,380,0.23836116,0,imagenet_c,defocus_blur,1,none
efficientnet_b4,ILSVRC2012_val_00045893.JPEG,n02494079,382,382,0.27606374,1,imagenet_c,defocus_blur,1,none
efficientnet_b4,ILSVRC2012_val_00046565.JPEG,n02494079,382,382,0.37318507,1,imagenet_c,defocus_blur,1,none
efficientnet_b4,ILSVRC2012_val_00046584.JPEG,n02494079,382,380,0.30189988,0,imagenet_c,defocus_blur,1,none
efficientnet_b4,ILSVRC2012_val_00047788.JPEG,n02494079,382,382,0.31256297,1,imagenet_c,defocus_blur,1,none
efficientnet_b4,ILSVRC2012_val_00047853.JPEG,n02494079,382,380,0.42777255,0,imagenet_c,defocus_blur,1,none
efficientnet_b4,ILSVRC2012_val_00000092.JPEG,n02497673,383,383,0.30735075,1,imagenet_c,defocus_blur,1,none
efficientnet_b4,ILSVRC2012_val_00000398.JPEG,n02497673,383,853,0.17982504,0,imagenet_c,defocus_blur,1,none
efficientnet_b4,ILSVRC2012_val_00001054.JPEG,n02497673,383,383,0.2946032,1,imagenet_c,defocus_blur,1,none
efficientnet_b4,ILSVRC2012_val_00002652.JPEG,n02497673,383,383,0.54110813,1,imagenet_c,defocus_blur,1,none
efficientnet_b4,ILSVRC2012_val_00005026.JPEG,n02497673,383,384,0.32432702,0,imagenet_c,defocus_blur,1,none
efficientnet_b4,ILSVRC2012_val_00005944.JPEG,n02497673,383,383,0.49131528,1,imagenet_c,defocus_blur,1,none
efficientnet_b4,ILSVRC2012_val_00006433.JPEG,n02497673,383,383,0.27314487,1,imagenet_c,defocus_blur,1,none
efficientnet_b4,ILSVRC2012_val_00009472.JPEG,n02497673,383,383,0.38094532,1,imagenet_c,defocus_blur,1,none
efficientnet_b4,ILSVRC2012_val_00010296.JPEG,n02497673,383,383,0.2505472,1,imagenet_c,defocus_blur,1,none
efficientnet_b4,ILSVRC2012_val_00010645.JPEG,n02497673,383,383,0.40543503,1,imagenet_c,defocus_blur,1,none
efficientnet_b4,ILSVRC2012_val_00011144.JPEG,n02497673,383,383,0.29838514,1,imagenet_c,defocus_blur,1,none
efficientnet_b4,ILSVRC2012_val_00012620.JPEG,n02497673,383,383,0.3130872,1,imagenet_c,defocus_blur,1,none
efficientnet_b4,ILSVRC2012_val_00012940.JPEG,n02497673,383,383,0.44178274,1,imagenet_c,defocus_blur,1,none
efficientnet_b4,ILSVRC2012_val_00013284.JPEG,n02497673,383,384,0.527965,0,imagenet_c,defocus_blur,1,none
efficientnet_b4,ILSVRC2012_val_00013338.JPEG,n02497673,383,384,0.05168162,0,imagenet_c,defocus_blur,1,none
efficientnet_b4,ILSVRC2012_val_00014914.JPEG,n02497673,383,384,0.26940486,0,imagenet_c,defocus_blur,1,none
efficientnet_b4,ILSVRC2012_val_00015502.JPEG,n02497673,383,383,0.38857812,1,imagenet_c,defocus_blur,1,none
efficientnet_b4,ILSVRC2012_val_00017654.JPEG,n02497673,383,383,0.56245637,1,imagenet_c,defocus_blur,1,none
efficientnet_b4,ILSVRC2012_val_00018452.JPEG,n02497673,383,383,0.40067,1,imagenet_c,defocus_blur,1,none
efficientnet_b4,ILSVRC2012_val_00019727.JPEG,n02497673,383,383,0.32730305,1,imagenet_c,defocus_blur,1,none
efficientnet_b4,ILSVRC2012_val_00020275.JPEG,n02497673,383,383,0.34882376,1,imagenet_c,defocus_blur,1,none
efficientnet_b4,ILSVRC2012_val_00020455.JPEG,n02497673,383,384,0.2926724,0,imagenet_c,defocus_blur,1,none
efficientnet_b4,ILSVRC2012_val_00021138.JPEG,n02497673,383,383,0.5785405,1,imagenet_c,defocus_blur,1,none
efficientnet_b4,ILSVRC2012_val_00021645.JPEG,n02497673,383,384,0.23335505,0,imagenet_c,defocus_blur,1,none
efficientnet_b4,ILSVRC2012_val_00021780.JPEG,n02497673,383,383,0.19889618,1,imagenet_c,defocus_blur,1,none
efficientnet_b4,ILSVRC2012_val_00021917.JPEG,n02497673,383,383,0.64761925,1,imagenet_c,defocus_blur,1,none
efficientnet_b4,ILSVRC2012_val_00026623.JPEG,n02497673,383,383,0.28469548,1,imagenet_c,defocus_blur,1,none
efficientnet_b4,ILSVRC2012_val_00027093.JPEG,n02497673,383,383,0.549581,1,imagenet_c,defocus_blur,1,none
efficientnet_b4,ILSVRC2012_val_00030131.JPEG,n02497673,383,280,0.5852071,0,imagenet_c,defocus_blur,1,none
efficientnet_b4,ILSVRC2012_val_00032585.JPEG,n02497673,383,383,0.3122763,1,imagenet_c,defocus_blur,1,none
efficientnet_b4,ILSVRC2012_val_00033086.JPEG,n02497673,383,384,0.41237628,0,imagenet_c,defocus_blur,1,none
efficientnet_b4,ILSVRC2012_val_00033350.JPEG,n02497673,383,383,0.26736483,1,imagenet_c,defocus_blur,1,none
efficientnet_b4,ILSVRC2012_val_00034034.JPEG,n02497673,383,383,0.4731127,1,imagenet_c,defocus_blur,1,none
efficientnet_b4,ILSVRC2012_val_00034768.JPEG,n02497673,383,384,0.27066237,0,imagenet_c,defocus_blur,1,none
efficientnet_b4,ILSVRC2012_val_00036690.JPEG,n02497673,383,384,0.41368264,0,imagenet_c,defocus_blur,1,none
efficientnet_b4,ILSVRC2012_val_00037940.JPEG,n02497673,383,81,0.026427677,0,imagenet_c,defocus_blur,1,none
efficientnet_b4,ILSVRC2012_val_00037951.JPEG,n02497673,383,383,0.26146948,1,imagenet_c,defocus_blur,1,none
efficientnet_b4,ILSVRC2012_val_00038757.JPEG,n02497673,383,383,0.25784123,1,imagenet_c,defocus_blur,1,none
efficientnet_b4,ILSVRC2012_val_00039583.JPEG,n02497673,383,383,0.50259036,1,imagenet_c,defocus_blur,1,none
efficientnet_b4,ILSVRC2012_val_00042160.JPEG,n02497673,383,384,0.32128578,0,imagenet_c,defocus_blur,1,none
efficientnet_b4,ILSVRC2012_val_00043657.JPEG,n02497673,383,383,0.20584022,1,imagenet_c,defocus_blur,1,none
efficientnet_b4,ILSVRC2012_val_00043913.JPEG,n02497673,383,383,0.7251701,1,imagenet_c,defocus_blur,1,none
efficientnet_b4,ILSVRC2012_val_00044050.JPEG,n02497673,383,383,0.5651417,1,imagenet_c,defocus_blur,1,none
efficientnet_b4,ILSVRC2012_val_00044636.JPEG,n02497673,383,383,0.5394847,1,imagenet_c,defocus_blur,1,none
efficientnet_b4,ILSVRC2012_val_00044774.JPEG,n02497673,383,383,0.26992923,1,imagenet_c,defocus_blur,1,none
efficientnet_b4,ILSVRC2012_val_00045299.JPEG,n02497673,383,285,0.14721291,0,imagenet_c,defocus_blur,1,none
efficientnet_b4,ILSVRC2012_val_00045662.JPEG,n02497673,383,383,0.3433158,1,imagenet_c,defocus_blur,1,none
efficientnet_b4,ILSVRC2012_val_00046035.JPEG,n02497673,383,362,0.16434847,0,imagenet_c,defocus_blur,1,none
efficientnet_b4,ILSVRC2012_val_00046655.JPEG,n02497673,383,383,0.2792656,1,imagenet_c,defocus_blur,1,none
efficientnet_b4,ILSVRC2012_val_00048275.JPEG,n02497673,383,384,0.5432857,0,imagenet_c,defocus_blur,1,none
efficientnet_b4,ILSVRC2012_val_00001025.JPEG,n02500267,384,384,0.21079515,1,imagenet_c,defocus_blur,1,none
efficientnet_b4,ILSVRC2012_val_00003500.JPEG,n02500267,384,384,0.6023797,1,imagenet_c,defocus_blur,1,none
efficientnet_b4,ILSVRC2012_val_00006566.JPEG,n02500267,384,384,0.63773906,1,imagenet_c,defocus_blur,1,none
efficientnet_b4,ILSVRC2012_val_00007243.JPEG,n02500267,384,384,0.7000072,1,imagenet_c,defocus_blur,1,none
efficientnet_b4,ILSVRC2012_val_00007302.JPEG,n02500267,384,384,0.21985133,1,imagenet_c,defocus_blur,1,none
efficientnet_b4,ILSVRC2012_val_00008415.JPEG,n02500267,384,384,0.60105884,1,imagenet_c,defocus_blur,1,none
efficientnet_b4,ILSVRC2012_val_00008432.JPEG,n02500267,384,384,0.6674702,1,imagenet_c,defocus_blur,1,none
efficientnet_b4,ILSVRC2012_val_00010020.JPEG,n02500267,384,384,0.5820164,1,imagenet_c,defocus_blur,1,none
efficientnet_b4,ILSVRC2012_val_00010878.JPEG,n02500267,384,384,0.13151053,1,imagenet_c,defocus_blur,1,none
efficientnet_b4,ILSVRC2012_val_00010932.JPEG,n02500267,384,384,0.6027558,1,imagenet_c,defocus_blur,1,none
efficientnet_b4,ILSVRC2012_val_00011603.JPEG,n02500267,384,384,0.6110078,1,imagenet_c,defocus_blur,1,none
efficientnet_b4,ILSVRC2012_val_00014806.JPEG,n02500267,384,384,0.6885549,1,imagenet_c,defocus_blur,1,none
efficientnet_b4,ILSVRC2012_val_00015304.JPEG,n02500267,384,384,0.67447096,1,imagenet_c,defocus_blur,1,none
efficientnet_b4,ILSVRC2012_val_00015669.JPEG,n02500267,384,379,0.046256263,0,imagenet_c,defocus_blur,1,none
efficientnet_b4,ILSVRC2012_val_00016556.JPEG,n02500267,384,384,0.55579835,1,imagenet_c,defocus_blur,1,none
efficientnet_b4,ILSVRC2012_val_00019548.JPEG,n02500267,384,384,0.73315793,1,imagenet_c,defocus_blur,1,none
efficientnet_b4,ILSVRC2012_val_00020449.JPEG,n02500267,384,383,0.3433785,0,imagenet_c,defocus_blur,1,none
efficientnet_b4,ILSVRC2012_val_00020962.JPEG,n02500267,384,384,0.27868596,1,imagenet_c,defocus_blur,1,none
efficientnet_b4,ILSVRC2012_val_00021284.JPEG,n02500267,384,384,0.3311362,1,imagenet_c,defocus_blur,1,none
efficientnet_b4,ILSVRC2012_val_00023461.JPEG,n02500267,384,384,0.059596434,1,imagenet_c,defocus_blur,1,none
efficientnet_b4,ILSVRC2012_val_00023861.JPEG,n02500267,384,384,0.53815836,1,imagenet_c,defocus_blur,1,none
efficientnet_b4,ILSVRC2012_val_00026230.JPEG,n02500267,384,384,0.64887625,1,imagenet_c,defocus_blur,1,none
efficientnet_b4,ILSVRC2012_val_00028011.JPEG,n02500267,384,384,0.5533312,1,imagenet_c,defocus_blur,1,none
efficientnet_b4,ILSVRC2012_val_00028142.JPEG,n02500267,384,384,0.6708353,1,imagenet_c,defocus_blur,1,none
efficientnet_b4,ILSVRC2012_val_00029052.JPEG,n02500267,384,384,0.7304619,1,imagenet_c,defocus_blur,1,none
efficientnet_b4,ILSVRC2012_val_00029288.JPEG,n02500267,384,384,0.60520476,1,imagenet_c,defocus_blur,1,none
efficientnet_b4,ILSVRC2012_val_00030022.JPEG,n02500267,384,384,0.59419286,1,imagenet_c,defocus_blur,1,none
efficientnet_b4,ILSVRC2012_val_00032005.JPEG,n02500267,384,384,0.59696114,1,imagenet_c,defocus_blur,1,none
efficientnet_b4,ILSVRC2012_val_00032324.JPEG,n02500267,384,384,0.58745676,1,imagenet_c,defocus_blur,1,none
efficientnet_b4,ILSVRC2012_val_00034513.JPEG,n02500267,384,384,0.7081498,1,imagenet_c,defocus_blur,1,none
efficientnet_b4,ILSVRC2012_val_00034541.JPEG,n02500267,384,384,0.6748035,1,imagenet_c,defocus_blur,1,none
efficientnet_b4,ILSVRC2012_val_00034641.JPEG,n02500267,384,384,0.58624953,1,imagenet_c,defocus_blur,1,none
efficientnet_b4,ILSVRC2012_val_00034807.JPEG,n02500267,384,384,0.57429796,1,imagenet_c,defocus_blur,1,none
efficientnet_b4,ILSVRC2012_val_00035434.JPEG,n02500267,384,384,0.4755102,1,imagenet_c,defocus_blur,1,none
efficientnet_b4,ILSVRC2012_val_00036531.JPEG,n02500267,384,384,0.5548119,1,imagenet_c,defocus_blur,1,none
efficientnet_b4,ILSVRC2012_val_00037600.JPEG,n02500267,384,384,0.5886177,1,imagenet_c,defocus_blur,1,none
efficientnet_b4,ILSVRC2012_val_00037638.JPEG,n02500267,384,384,0.6473186,1,imagenet_c,defocus_blur,1,none
efficientnet_b4,ILSVRC2012_val_00037718.JPEG,n02500267,384,384,0.5834887,1,imagenet_c,defocus_blur,1,none
efficientnet_b4,ILSVRC2012_val_00038223.JPEG,n02500267,384,384,0.38130882,1,imagenet_c,defocus_blur,1,none
efficientnet_b4,ILSVRC2012_val_00039565.JPEG,n02500267,384,384,0.46517435,1,imagenet_c,defocus_blur,1,none
efficientnet_b4,ILSVRC2012_val_00040160.JPEG,n02500267,384,384,0.5384537,1,imagenet_c,defocus_blur,1,none
efficientnet_b4,ILSVRC2012_val_00040939.JPEG,n02500267,384,384,0.035539087,1,imagenet_c,defocus_blur,1,none
efficientnet_b4,ILSVRC2012_val_00042211.JPEG,n02500267,384,384,0.62924284,1,imagenet_c,defocus_blur,1,none
efficientnet_b4,ILSVRC2012_val_00042622.JPEG,n02500267,384,384,0.6811853,1,imagenet_c,defocus_blur,1,none
efficientnet_b4,ILSVRC2012_val_00043257.JPEG,n02500267,384,384,0.708429,1,imagenet_c,defocus_blur,1,none
efficientnet_b4,ILSVRC2012_val_00045942.JPEG,n02500267,384,384,0.61108106,1,imagenet_c,defocus_blur,1,none
efficientnet_b4,ILSVRC2012_val_00046312.JPEG,n02500267,384,384,0.6182476,1,imagenet_c,defocus_blur,1,none
efficientnet_b4,ILSVRC2012_val_00046745.JPEG,n02500267,384,384,0.62601024,1,imagenet_c,defocus_blur,1,none
efficientnet_b4,ILSVRC2012_val_00047142.JPEG,n02500267,384,384,0.7258484,1,imagenet_c,defocus_blur,1,none
efficientnet_b4,ILSVRC2012_val_00049915.JPEG,n02500267,384,384,0.4640923,1,imagenet_c,defocus_blur,1,none
efficientnet_b4,ILSVRC2012_val_00000597.JPEG,n02504013,385,101,0.25773108,0,imagenet_c,defocus_blur,1,none
efficientnet_b4,ILSVRC2012_val_00001850.JPEG,n02504013,385,101,0.46624467,0,imagenet_c,defocus_blur,1,none
efficientnet_b4,ILSVRC2012_val_00003280.JPEG,n02504013,385,101,0.36638096,0,imagenet_c,defocus_blur,1,none
efficientnet_b4,ILSVRC2012_val_00004882.JPEG,n02504013,385,385,0.3001811,1,imagenet_c,defocus_blur,1,none
efficientnet_b4,ILSVRC2012_val_00005205.JPEG,n02504013,385,347,0.1262038,0,imagenet_c,defocus_blur,1,none
efficientnet_b4,ILSVRC2012_val_00005704.JPEG,n02504013,385,385,0.24831432,1,imagenet_c,defocus_blur,1,none
efficientnet_b4,ILSVRC2012_val_00008093.JPEG,n02504013,385,385,0.34871197,1,imagenet_c,defocus_blur,1,none
efficientnet_b4,ILSVRC2012_val_00009280.JPEG,n02504013,385,268,0.16667196,0,imagenet_c,defocus_blur,1,none
efficientnet_b4,ILSVRC2012_val_00010713.JPEG,n02504013,385,385,0.44589347,1,imagenet_c,defocus_blur,1,none
efficientnet_b4,ILSVRC2012_val_00011002.JPEG,n02504013,385,385,0.30550823,1,imagenet_c,defocus_blur,1,none
efficientnet_b4,ILSVRC2012_val_00011247.JPEG,n02504013,385,385,0.24796242,1,imagenet_c,defocus_blur,1,none
efficientnet_b4,ILSVRC2012_val_00013733.JPEG,n02504013,385,385,0.3204567,1,imagenet_c,defocus_blur,1,none
efficientnet_b4,ILSVRC2012_val_00014219.JPEG,n02504013,385,101,0.30884397,0,imagenet_c,defocus_blur,1,none
efficientnet_b4,ILSVRC2012_val_00014681.JPEG,n02504013,385,101,0.4637036,0,imagenet_c,defocus_blur,1,none
efficientnet_b4,ILSVRC2012_val_00015520.JPEG,n02504013,385,385,0.78468925,1,imagenet_c,defocus_blur,1,none
efficientnet_b4,ILSVRC2012_val_00017415.JPEG,n02504013,385,385,0.24294722,1,imagenet_c,defocus_blur,1,none
efficientnet_b4,ILSVRC2012_val_00017867.JPEG,n02504013,385,385,0.3706515,1,imagenet_c,defocus_blur,1,none
efficientnet_b4,ILSVRC2012_val_00020120.JPEG,n02504013,385,385,0.6070357,1,imagenet_c,defocus_blur,1,none
efficientnet_b4,ILSVRC2012_val_00020144.JPEG,n02504013,385,344,0.30377868,0,imagenet_c,defocus_blur,1,none
efficientnet_b4,ILSVRC2012_val_00021237.JPEG,n02504013,385,385,0.42122954,1,imagenet_c,defocus_blur,1,none
efficientnet_b4,ILSVRC2012_val_00021618.JPEG,n02504013,385,385,0.5838089,1,imagenet_c,defocus_blur,1,none
efficientnet_b4,ILSVRC2012_val_00022028.JPEG,n02504013,385,385,0.43629986,1,imagenet_c,defocus_blur,1,none
efficientnet_b4,ILSVRC2012_val_00022872.JPEG,n02504013,385,385,0.27237108,1,imagenet_c,defocus_blur,1,none
efficientnet_b4,ILSVRC2012_val_00022921.JPEG,n02504013,385,385,0.5659872,1,imagenet_c,defocus_blur,1,none
efficientnet_b4,ILSVRC2012_val_00023398.JPEG,n02504013,385,344,0.2175607,0,imagenet_c,defocus_blur,1,none
efficientnet_b4,ILSVRC2012_val_00023589.JPEG,n02504013,385,385,0.47255525,1,imagenet_c,defocus_blur,1,none
efficientnet_b4,ILSVRC2012_val_00025043.JPEG,n02504013,385,537,0.07102739,0,imagenet_c,defocus_blur,1,none
efficientnet_b4,ILSVRC2012_val_00025237.JPEG,n02504013,385,385,0.41425788,1,imagenet_c,defocus_blur,1,none
efficientnet_b4,ILSVRC2012_val_00027259.JPEG,n02504013,385,385,0.37991863,1,imagenet_c,defocus_blur,1,none
efficientnet_b4,ILSVRC2012_val_00028996.JPEG,n02504013,385,385,0.21263018,1,imagenet_c,defocus_blur,1,none
efficientnet_b4,ILSVRC2012_val_00030153.JPEG,n02504013,385,385,0.28401604,1,imagenet_c,defocus_blur,1,none
efficientnet_b4,ILSVRC2012_val_00030248.JPEG,n02504013,385,385,0.38788855,1,imagenet_c,defocus_blur,1,none
efficientnet_b4,ILSVRC2012_val_00033715.JPEG,n02504013,385,101,0.777845,0,imagenet_c,defocus_blur,1,none
efficientnet_b4,ILSVRC2012_val_00033854.JPEG,n02504013,385,385,0.3404975,1,imagenet_c,defocus_blur,1,none
efficientnet_b4,ILSVRC2012_val_00034035.JPEG,n02504013,385,345,0.15837353,0,imagenet_c,defocus_blur,1,none
efficientnet_b4,ILSVRC2012_val_00034664.JPEG,n02504013,385,385,0.60147506,1,imagenet_c,defocus_blur,1,none
efficientnet_b4,ILSVRC2012_val_00034981.JPEG,n02504013,385,101,0.58566636,0,imagenet_c,defocus_blur,1,none
efficientnet_b4,ILSVRC2012_val_00035137.JPEG,n02504013,385,385,0.32926136,1,imagenet_c,defocus_blur,1,none
efficientnet_b4,ILSVRC2012_val_00035479.JPEG,n02504013,385,385,0.670622,1,imagenet_c,defocus_blur,1,none
efficientnet_b4,ILSVRC2012_val_00037615.JPEG,n02504013,385,385,0.5627001,1,imagenet_c,defocus_blur,1,none
efficientnet_b4,ILSVRC2012_val_00038720.JPEG,n02504013,385,385,0.30621105,1,imagenet_c,defocus_blur,1,none
efficientnet_b4,ILSVRC2012_val_00040258.JPEG,n02504013,385,385,0.40759727,1,imagenet_c,defocus_blur,1,none
efficientnet_b4,ILSVRC2012_val_00040923.JPEG,n02504013,385,101,0.4009271,0,imagenet_c,defocus_blur,1,none
efficientnet_b4,ILSVRC2012_val_00042441.JPEG,n02504013,385,101,0.15621503,0,imagenet_c,defocus_blur,1,none
efficientnet_b4,ILSVRC2012_val_00043193.JPEG,n02504013,385,865,0.07500834,0,imagenet_c,defocus_blur,1,none
efficientnet_b4,ILSVRC2012_val_00045103.JPEG,n02504013,385,385,0.3902415,1,imagenet_c,defocus_blur,1,none
efficientnet_b4,ILSVRC2012_val_00048547.JPEG,n02504013,385,101,0.22763178,0,imagenet_c,defocus_blur,1,none
efficientnet_b4,ILSVRC2012_val_00049268.JPEG,n02504013,385,101,0.30231526,0,imagenet_c,defocus_blur,1,none
efficientnet_b4,ILSVRC2012_val_00049390.JPEG,n02504013,385,385,0.4130527,1,imagenet_c,defocus_blur,1,none
efficientnet_b4,ILSVRC2012_val_00049425.JPEG,n02504013,385,386,0.21265809,0,imagenet_c,defocus_blur,1,none
efficientnet_b4,ILSVRC2012_val_00001177.JPEG,n02504458,386,386,0.368152,1,imagenet_c,defocus_blur,1,none
efficientnet_b4,ILSVRC2012_val_00001958.JPEG,n02504458,386,386,0.36826047,1,imagenet_c,defocus_blur,1,none
efficientnet_b4,ILSVRC2012_val_00002282.JPEG,n02504458,386,101,0.38405776,0,imagenet_c,defocus_blur,1,none
efficientnet_b4,ILSVRC2012_val_00002887.JPEG,n02504458,386,386,0.5095054,1,imagenet_c,defocus_blur,1,none
efficientnet_b4,ILSVRC2012_val_00003538.JPEG,n02504458,386,385,0.35451445,0,imagenet_c,defocus_blur,1,none
efficientnet_b4,ILSVRC2012_val_00003747.JPEG,n02504458,386,386,0.57327175,1,imagenet_c,defocus_blur,1,none
efficientnet_b4,ILSVRC2012_val_00004013.JPEG,n02504458,386,101,0.26096183,0,imagenet_c,defocus_blur,1,none
efficientnet_b4,ILSVRC2012_val_00004990.JPEG,n02504458,386,385,0.13460594,0,imagenet_c,defocus_blur,1,none
efficientnet_b4,ILSVRC2012_val_00005109.JPEG,n02504458,386,386,0.6239745,1,imagenet_c,defocus_blur,1,none
efficientnet_b4,ILSVRC2012_val_00007292.JPEG,n02504458,386,101,0.48864865,0,imagenet_c,defocus_blur,1,none
efficientnet_b4,ILSVRC2012_val_00009638.JPEG,n02504458,386,386,0.598788,1,imagenet_c,defocus_blur,1,none
efficientnet_b4,ILSVRC2012_val_00010078.JPEG,n02504458,386,386,0.31428385,1,imagenet_c,defocus_blur,1,none
efficientnet_b4,ILSVRC2012_val_00010196.JPEG,n02504458,386,101,0.372722,0,imagenet_c,defocus_blur,1,none
efficientnet_b4,ILSVRC2012_val_00010242.JPEG,n02504458,386,385,0.12307025,0,imagenet_c,defocus_blur,1,none
efficientnet_b4,ILSVRC2012_val_00010619.JPEG,n02504458,386,101,0.32424903,0,imagenet_c,defocus_blur,1,none
efficientnet_b4,ILSVRC2012_val_00013193.JPEG,n02504458,386,386,0.3576193,1,imagenet_c,defocus_blur,1,none
efficientnet_b4,ILSVRC2012_val_00015578.JPEG,n02504458,386,386,0.27403498,1,imagenet_c,defocus_blur,1,none
efficientnet_b4,ILSVRC2012_val_00016215.JPEG,n02504458,386,101,0.537506,0,imagenet_c,defocus_blur,1,none
efficientnet_b4,ILSVRC2012_val_00017097.JPEG,n02504458,386,386,0.29042745,1,imagenet_c,defocus_blur,1,none
efficientnet_b4,ILSVRC2012_val_00018201.JPEG,n02504458,386,386,0.5712503,1,imagenet_c,defocus_blur,1,none
efficientnet_b4,ILSVRC2012_val_00018263.JPEG,n02504458,386,101,0.3948092,0,imagenet_c,defocus_blur,1,none
efficientnet_b4,ILSVRC2012_val_00021712.JPEG,n02504458,386,386,0.45771313,1,imagenet_c,defocus_blur,1,none
efficientnet_b4,ILSVRC2012_val_00021807.JPEG,n02504458,386,386,0.20506771,1,imagenet_c,defocus_blur,1,none
efficientnet_b4,ILSVRC2012_val_00022907.JPEG,n02504458,386,101,0.25191915,0,imagenet_c,defocus_blur,1,none
efficientnet_b4,ILSVRC2012_val_00023463.JPEG,n02504458,386,386,0.3407224,1,imagenet_c,defocus_blur,1,none
efficientnet_b4,ILSVRC2012_val_00025072.JPEG,n02504458,386,385,0.4038418,0,imagenet_c,defocus_blur,1,none
efficientnet_b4,ILSVRC2012_val_00025941.JPEG,n02504458,386,386,0.325242,1,imagenet_c,defocus_blur,1,none
efficientnet_b4,ILSVRC2012_val_00027908.JPEG,n02504458,386,101,0.36261192,0,imagenet_c,defocus_blur,1,none
efficientnet_b4,ILSVRC2012_val_00029453.JPEG,n02504458,386,386,0.42584231,1,imagenet_c,defocus_blur,1,none
efficientnet_b4,ILSVRC2012_val_00030840.JPEG,n02504458,386,101,0.3337895,0,imagenet_c,defocus_blur,1,none
efficientnet_b4,ILSVRC2012_val_00032404.JPEG,n02504458,386,386,0.3318442,1,imagenet_c,defocus_blur,1,none
efficientnet_b4,ILSVRC2012_val_00032620.JPEG,n02504458,386,101,0.36314365,0,imagenet_c,defocus_blur,1,none
efficientnet_b4,ILSVRC2012_val_00033235.JPEG,n02504458,386,386,0.34315917,1,imagenet_c,defocus_blur,1,none
efficientnet_b4,ILSVRC2012_val_00033832.JPEG,n02504458,386,101,0.30400783,0,imagenet_c,defocus_blur,1,none
efficientnet_b4,ILSVRC2012_val_00033861.JPEG,n02504458,386,386,0.37085518,1,imagenet_c,defocus_blur,1,none
efficientnet_b4,ILSVRC2012_val_00034527.JPEG,n02504458,386,101,0.5680576,0,imagenet_c,defocus_blur,1,none
efficientnet_b4,ILSVRC2012_val_00034562.JPEG,n02504458,386,386,0.38228777,1,imagenet_c,defocus_blur,1,none
efficientnet_b4,ILSVRC2012_val_00036121.JPEG,n02504458,386,386,0.29748768,1,imagenet_c,defocus_blur,1,none
efficientnet_b4,ILSVRC2012_val_00036436.JPEG,n02504458,386,386,0.32571775,1,imagenet_c,defocus_blur,1,none
efficientnet_b4,ILSVRC2012_val_00037659.JPEG,n02504458,386,354,0.1493037,0,imagenet_c,defocus_blur,1,none
efficientnet_b4,ILSVRC2012_val_00038578.JPEG,n02504458,386,101,0.3727927,0,imagenet_c,defocus_blur,1,none
efficientnet_b4,ILSVRC2012_val_00039678.JPEG,n02504458,386,385,0.1730172,0,imagenet_c,defocus_blur,1,none
efficientnet_b4,ILSVRC2012_val_00040375.JPEG,n02504458,386,386,0.41637132,1,imagenet_c,defocus_blur,1,none
efficientnet_b4,ILSVRC2012_val_00041799.JPEG,n02504458,386,386,0.5644805,1,imagenet_c,defocus_blur,1,none
efficientnet_b4,ILSVRC2012_val_00042879.JPEG,n02504458,386,385,0.3523608,0,imagenet_c,defocus_blur,1,none
efficientnet_b4,ILSVRC2012_val_00046061.JPEG,n02504458,386,386,0.37173817,1,imagenet_c,defocus_blur,1,none
efficientnet_b4,ILSVRC2012_val_00047534.JPEG,n02504458,386,101,0.33368275,0,imagenet_c,defocus_blur,1,none
efficientnet_b4,ILSVRC2012_val_00047540.JPEG,n02504458,386,101,0.3535834,0,imagenet_c,defocus_blur,1,none
efficientnet_b4,ILSVRC2012_val_00048108.JPEG,n02504458,386,386,0.41111642,1,imagenet_c,defocus_blur,1,none
efficientnet_b4,ILSVRC2012_val_00048781.JPEG,n02504458,386,386,0.2849153,1,imagenet_c,defocus_blur,1,none
efficientnet_b4,ILSVRC2012_val_00002863.JPEG,n02509815,387,387,0.41277382,1,imagenet_c,defocus_blur,1,none
efficientnet_b4,ILSVRC2012_val_00003158.JPEG,n02509815,387,387,0.5691092,1,imagenet_c,defocus_blur,1,none
efficientnet_b4,ILSVRC2012_val_00003193.JPEG,n02509815,387,387,0.5650157,1,imagenet_c,defocus_blur,1,none
efficientnet_b4,ILSVRC2012_val_00005310.JPEG,n02509815,387,387,0.42421302,1,imagenet_c,defocus_blur,1,none
efficientnet_b4,ILSVRC2012_val_00006925.JPEG,n02509815,387,387,0.57363385,1,imagenet_c,defocus_blur,1,none
efficientnet_b4,ILSVRC2012_val_00007199.JPEG,n02509815,387,388,0.41437653,0,imagenet_c,defocus_blur,1,none
efficientnet_b4,ILSVRC2012_val_00008712.JPEG,n02509815,387,387,0.45118585,1,imagenet_c,defocus_blur,1,none
efficientnet_b4,ILSVRC2012_val_00008868.JPEG,n02509815,387,387,0.73001885,1,imagenet_c,defocus_blur,1,none
efficientnet_b4,ILSVRC2012_val_00009843.JPEG,n02509815,387,387,0.49019688,1,imagenet_c,defocus_blur,1,none
efficientnet_b4,ILSVRC2012_val_00010418.JPEG,n02509815,387,387,0.4920097,1,imagenet_c,defocus_blur,1,none
efficientnet_b4,ILSVRC2012_val_00010747.JPEG,n02509815,387,387,0.40676507,1,imagenet_c,defocus_blur,1,none
efficientnet_b4,ILSVRC2012_val_00010849.JPEG,n02509815,387,387,0.49212873,1,imagenet_c,defocus_blur,1,none
efficientnet_b4,ILSVRC2012_val_00011235.JPEG,n02509815,387,387,0.24705112,1,imagenet_c,defocus_blur,1,none
efficientnet_b4,ILSVRC2012_val_00012160.JPEG,n02509815,387,387,0.55670714,1,imagenet_c,defocus_blur,1,none
efficientnet_b4,ILSVRC2012_val_00012980.JPEG,n02509815,387,387,0.43062276,1,imagenet_c,defocus_blur,1,none
efficientnet_b4,ILSVRC2012_val_00014254.JPEG,n02509815,387,387,0.4556022,1,imagenet_c,defocus_blur,1,none
efficientnet_b4,ILSVRC2012_val_00014345.JPEG,n02509815,387,387,0.6157343,1,imagenet_c,defocus_blur,1,none
efficientnet_b4,ILSVRC2012_val_00014423.JPEG,n02509815,387,387,0.4083733,1,imagenet_c,defocus_blur,1,none
efficientnet_b4,ILSVRC2012_val_00014686.JPEG,n02509815,387,387,0.4581038,1,imagenet_c,defocus_blur,1,none
efficientnet_b4,ILSVRC2012_val_00016071.JPEG,n02509815,387,387,0.5052122,1,imagenet_c,defocus_blur,1,none
efficientnet_b4,ILSVRC2012_val_00016734.JPEG,n02509815,387,387,0.56746817,1,imagenet_c,defocus_blur,1,none
efficientnet_b4,ILSVRC2012_val_00017140.JPEG,n02509815,387,387,0.3971338,1,imagenet_c,defocus_blur,1,none
efficientnet_b4,ILSVRC2012_val_00017831.JPEG,n02509815,387,387,0.49764395,1,imagenet_c,defocus_blur,1,none
efficientnet_b4,ILSVRC2012_val_00018367.JPEG,n02509815,387,387,0.45486537,1,imagenet_c,defocus_blur,1,none
efficientnet_b4,ILSVRC2012_val_00018431.JPEG,n02509815,387,387,0.608031,1,imagenet_c,defocus_blur,1,none
efficientnet_b4,ILSVRC2012_val_00018974.JPEG,n02509815,387,387,0.5727928,1,imagenet_c,defocus_blur,1,none
efficientnet_b4,ILSVRC2012_val_00020033.JPEG,n02509815,387,387,0.60977095,1,imagenet_c,defocus_blur,1,none
efficientnet_b4,ILSVRC2012_val_00021071.JPEG,n02509815,387,387,0.48358062,1,imagenet_c,defocus_blur,1,none
efficientnet_b4,ILSVRC2012_val_00023365.JPEG,n02509815,387,299,0.34910595,0,imagenet_c,defocus_blur,1,none
efficientnet_b4,ILSVRC2012_val_00023775.JPEG,n02509815,387,387,0.6742952,1,imagenet_c,defocus_blur,1,none
efficientnet_b4,ILSVRC2012_val_00025768.JPEG,n02509815,387,387,0.57939833,1,imagenet_c,defocus_blur,1,none
efficientnet_b4,ILSVRC2012_val_00026182.JPEG,n02509815,387,387,0.6540513,1,imagenet_c,defocus_blur,1,none
efficientnet_b4,ILSVRC2012_val_00026218.JPEG,n02509815,387,387,0.49920294,1,imagenet_c,defocus_blur,1,none
efficientnet_b4,ILSVRC2012_val_00027481.JPEG,n02509815,387,387,0.43003258,1,imagenet_c,defocus_blur,1,none
efficientnet_b4,ILSVRC2012_val_00029144.JPEG,n02509815,387,387,0.64991397,1,imagenet_c,defocus_blur,1,none
efficientnet_b4,ILSVRC2012_val_00031356.JPEG,n02509815,387,388,0.49680957,0,imagenet_c,defocus_blur,1,none
efficientnet_b4,ILSVRC2012_val_00031881.JPEG,n02509815,387,387,0.4332423,1,imagenet_c,defocus_blur,1,none
efficientnet_b4,ILSVRC2012_val_00032088.JPEG,n02509815,387,387,0.5468337,1,imagenet_c,defocus_blur,1,none
efficientnet_b4,ILSVRC2012_val_00032541.JPEG,n02509815,387,387,0.4271968,1,imagenet_c,defocus_blur,1,none
efficientnet_b4,ILSVRC2012_val_00035546.JPEG,n02509815,387,387,0.5233892,1,imagenet_c,defocus_blur,1,none
efficientnet_b4,ILSVRC2012_val_00036330.JPEG,n02509815,387,387,0.53191125,1,imagenet_c,defocus_blur,1,none
efficientnet_b4,ILSVRC2012_val_00036688.JPEG,n02509815,387,387,0.49114522,1,imagenet_c,defocus_blur,1,none
efficientnet_b4,ILSVRC2012_val_00037975.JPEG,n02509815,387,387,0.4728859,1,imagenet_c,defocus_blur,1,none
efficientnet_b4,ILSVRC2012_val_00038134.JPEG,n02509815,387,387,0.5808189,1,imagenet_c,defocus_blur,1,none
efficientnet_b4,ILSVRC2012_val_00040486.JPEG,n02509815,387,387,0.5427971,1,imagenet_c,defocus_blur,1,none
efficientnet_b4,ILSVRC2012_val_00043604.JPEG,n02509815,387,387,0.35579887,1,imagenet_c,defocus_blur,1,none
efficientnet_b4,ILSVRC2012_val_00044625.JPEG,n02509815,387,387,0.40537554,1,imagenet_c,defocus_blur,1,none
efficientnet_b4,ILSVRC2012_val_00045029.JPEG,n02509815,387,387,0.42540526,1,imagenet_c,defocus_blur,1,none
efficientnet_b4,ILSVRC2012_val_00045180.JPEG,n02509815,387,387,0.47602022,1,imagenet_c,defocus_blur,1,none
efficientnet_b4,ILSVRC2012_val_00045640.JPEG,n02509815,387,387,0.52831894,1,imagenet_c,defocus_blur,1,none
efficientnet_b4,ILSVRC2012_val_00000481.JPEG,n02510455,388,388,0.5785199,1,imagenet_c,defocus_blur,1,none
efficientnet_b4,ILSVRC2012_val_00000657.JPEG,n02510455,388,388,0.54933685,1,imagenet_c,defocus_blur,1,none
efficientnet_b4,ILSVRC2012_val_00005669.JPEG,n02510455,388,388,0.3573025,1,imagenet_c,defocus_blur,1,none
efficientnet_b4,ILSVRC2012_val_00006012.JPEG,n02510455,388,388,0.16649038,1,imagenet_c,defocus_blur,1,none
efficientnet_b4,ILSVRC2012_val_00006448.JPEG,n02510455,388,388,0.4334173,1,imagenet_c,defocus_blur,1,none
efficientnet_b4,ILSVRC2012_val_00006543.JPEG,n02510455,388,388,0.5052626,1,imagenet_c,defocus_blur,1,none
efficientnet_b4,ILSVRC2012_val_00007107.JPEG,n02510455,388,388,0.5028816,1,imagenet_c,defocus_blur,1,none
efficientnet_b4,ILSVRC2012_val_00007767.JPEG,n02510455,388,388,0.5883548,1,imagenet_c,defocus_blur,1,none
efficientnet_b4,ILSVRC2012_val_00007942.JPEG,n02510455,388,388,0.4175764,1,imagenet_c,defocus_blur,1,none
efficientnet_b4,ILSVRC2012_val_00008673.JPEG,n02510455,388,388,0.43605405,1,imagenet_c,defocus_blur,1,none
efficientnet_b4,ILSVRC2012_val_00009025.JPEG,n02510455,388,388,0.26984486,1,imagenet_c,defocus_blur,1,none
efficientnet_b4,ILSVRC2012_val_00012542.JPEG,n02510455,388,388,0.48606518,1,imagenet_c,defocus_blur,1,none
efficientnet_b4,ILSVRC2012_val_00012726.JPEG,n02510455,388,388,0.4024221,1,imagenet_c,defocus_blur,1,none
efficientnet_b4,ILSVRC2012_val_00012855.JPEG,n02510455,388,202,0.07191963,0,imagenet_c,defocus_blur,1,none
efficientnet_b4,ILSVRC2012_val_00014668.JPEG,n02510455,388,388,0.58324796,1,imagenet_c,defocus_blur,1,none
efficientnet_b4,ILSVRC2012_val_00014901.JPEG,n02510455,388,388,0.38818163,1,imagenet_c,defocus_blur,1,none
efficientnet_b4,ILSVRC2012_val_00015426.JPEG,n02510455,388,388,0.59503335,1,imagenet_c,defocus_blur,1,none
efficientnet_b4,ILSVRC2012_val_00017598.JPEG,n02510455,388,601,0.083881155,0,imagenet_c,defocus_blur,1,none
efficientnet_b4,ILSVRC2012_val_00021267.JPEG,n02510455,388,388,0.47265,1,imagenet_c,defocus_blur,1,none
efficientnet_b4,ILSVRC2012_val_00021336.JPEG,n02510455,388,388,0.48043135,1,imagenet_c,defocus_blur,1,none
efficientnet_b4,ILSVRC2012_val_00021488.JPEG,n02510455,388,388,0.52073604,1,imagenet_c,defocus_blur,1,none
efficientnet_b4,ILSVRC2012_val_00022314.JPEG,n02510455,388,850,0.21699427,0,imagenet_c,defocus_blur,1,none
efficientnet_b4,ILSVRC2012_val_00022427.JPEG,n02510455,388,388,0.107435316,1,imagenet_c,defocus_blur,1,none
efficientnet_b4,ILSVRC2012_val_00023272.JPEG,n02510455,388,388,0.3141845,1,imagenet_c,defocus_blur,1,none
efficientnet_b4,ILSVRC2012_val_00025542.JPEG,n02510455,388,388,0.5992791,1,imagenet_c,defocus_blur,1,none
efficientnet_b4,ILSVRC2012_val_00025586.JPEG,n02510455,388,388,0.41564676,1,imagenet_c,defocus_blur,1,none
efficientnet_b4,ILSVRC2012_val_00026307.JPEG,n02510455,388,388,0.47914794,1,imagenet_c,defocus_blur,1,none
efficientnet_b4,ILSVRC2012_val_00027242.JPEG,n02510455,388,388,0.37865457,1,imagenet_c,defocus_blur,1,none
efficientnet_b4,ILSVRC2012_val_00027510.JPEG,n02510455,388,362,0.22623594,0,imagenet_c,defocus_blur,1,none
efficientnet_b4,ILSVRC2012_val_00029121.JPEG,n02510455,388,388,0.4942827,1,imagenet_c,defocus_blur,1,none
efficientnet_b4,ILSVRC2012_val_00029579.JPEG,n02510455,388,388,0.43399817,1,imagenet_c,defocus_blur,1,none
efficientnet_b4,ILSVRC2012_val_00031095.JPEG,n02510455,388,388,0.37867197,1,imagenet_c,defocus_blur,1,none
efficientnet_b4,ILSVRC2012_val_00031650.JPEG,n02510455,388,388,0.52241385,1,imagenet_c,defocus_blur,1,none
efficientnet_b4,ILSVRC2012_val_00031896.JPEG,n02510455,388,388,0.52812374,1,imagenet_c,defocus_blur,1,none
efficientnet_b4,ILSVRC2012_val_00032095.JPEG,n02510455,388,388,0.3734192,1,imagenet_c,defocus_blur,1,none
efficientnet_b4,ILSVRC2012_val_00032206.JPEG,n02510455,388,596,0.034186304,0,imagenet_c,defocus_blur,1,none
efficientnet_b4,ILSVRC2012_val_00034060.JPEG,n02510455,388,388,0.4432254,1,imagenet_c,defocus_blur,1,none
efficientnet_b4,ILSVRC2012_val_00034442.JPEG,n02510455,388,388,0.43061736,1,imagenet_c,defocus_blur,1,none
efficientnet_b4,ILSVRC2012_val_00034983.JPEG,n02510455,388,388,0.4233517,1,imagenet_c,defocus_blur,1,none
efficientnet_b4,ILSVRC2012_val_00035397.JPEG,n02510455,388,388,0.4590667,1,imagenet_c,defocus_blur,1,none
efficientnet_b4,ILSVRC2012_val_00038969.JPEG,n02510455,388,388,0.5618697,1,imagenet_c,defocus_blur,1,none
efficientnet_b4,ILSVRC2012_val_00041143.JPEG,n02510455,388,388,0.60849583,1,imagenet_c,defocus_blur,1,none
efficientnet_b4,ILSVRC2012_val_00042190.JPEG,n02510455,388,388,0.47027746,1,imagenet_c,defocus_blur,1,none
efficientnet_b4,ILSVRC2012_val_00042615.JPEG,n02510455,388,388,0.3483637,1,imagenet_c,defocus_blur,1,none
efficientnet_b4,ILSVRC2012_val_00042787.JPEG,n02510455,388,388,0.6033042,1,imagenet_c,defocus_blur,1,none
efficientnet_b4,ILSVRC2012_val_00043447.JPEG,n02510455,388,388,0.5659918,1,imagenet_c,defocus_blur,1,none
efficientnet_b4,ILSVRC2012_val_00044876.JPEG,n02510455,388,388,0.48725685,1,imagenet_c,defocus_blur,1,none
efficientnet_b4,ILSVRC2012_val_00045697.JPEG,n02510455,388,388,0.5251664,1,imagenet_c,defocus_blur,1,none
efficientnet_b4,ILSVRC2012_val_00047796.JPEG,n02510455,388,388,0.16231555,1,imagenet_c,defocus_blur,1,none
efficientnet_b4,ILSVRC2012_val_00048200.JPEG,n02510455,388,388,0.48088533,1,imagenet_c,defocus_blur,1,none
efficientnet_b4,ILSVRC2012_val_00000312.JPEG,n02514041,389,3,0.5153689,0,imagenet_c,defocus_blur,1,none
efficientnet_b4,ILSVRC2012_val_00000775.JPEG,n02514041,389,389,0.47798222,1,imagenet_c,defocus_blur,1,none
efficientnet_b4,ILSVRC2012_val_00003806.JPEG,n02514041,389,389,0.28686264,1,imagenet_c,defocus_blur,1,none
efficientnet_b4,ILSVRC2012_val_00004161.JPEG,n02514041,389,801,0.37854388,0,imagenet_c,defocus_blur,1,none
efficientnet_b4,ILSVRC2012_val_00004565.JPEG,n02514041,389,4,0.1287409,0,imagenet_c,defocus_blur,1,none
efficientnet_b4,ILSVRC2012_val_00004576.JPEG,n02514041,389,389,0.6221592,1,imagenet_c,defocus_blur,1,none
efficientnet_b4,ILSVRC2012_val_00005684.JPEG,n02514041,389,389,0.6955853,1,imagenet_c,defocus_blur,1,none
efficientnet_b4,ILSVRC2012_val_00005949.JPEG,n02514041,389,389,0.57779104,1,imagenet_c,defocus_blur,1,none
efficientnet_b4,ILSVRC2012_val_00011846.JPEG,n02514041,389,389,0.584963,1,imagenet_c,defocus_blur,1,none
efficientnet_b4,ILSVRC2012_val_00012177.JPEG,n02514041,389,391,0.2854883,0,imagenet_c,defocus_blur,1,none
efficientnet_b4,ILSVRC2012_val_00012722.JPEG,n02514041,389,395,0.38502866,0,imagenet_c,defocus_blur,1,none
efficientnet_b4,ILSVRC2012_val_00012982.JPEG,n02514041,389,389,0.6856037,1,imagenet_c,defocus_blur,1,none
efficientnet_b4,ILSVRC2012_val_00013957.JPEG,n02514041,389,389,0.5959193,1,imagenet_c,defocus_blur,1,none
efficientnet_b4,ILSVRC2012_val_00015093.JPEG,n02514041,389,389,0.6734439,1,imagenet_c,defocus_blur,1,none
efficientnet_b4,ILSVRC2012_val_00015140.JPEG,n02514041,389,395,0.45392388,0,imagenet_c,defocus_blur,1,none
efficientnet_b4,ILSVRC2012_val_00019180.JPEG,n02514041,389,389,0.5677312,1,imagenet_c,defocus_blur,1,none
efficientnet_b4,ILSVRC2012_val_00019293.JPEG,n02514041,389,389,0.5961745,1,imagenet_c,defocus_blur,1,none
efficientnet_b4,ILSVRC2012_val_00019306.JPEG,n02514041,389,389,0.37724775,1,imagenet_c,defocus_blur,1,none
efficientnet_b4,ILSVRC2012_val_00020803.JPEG,n02514041,389,389,0.4926999,1,imagenet_c,defocus_blur,1,none
efficientnet_b4,ILSVRC2012_val_00021343.JPEG,n02514041,389,391,0.4196946,0,imagenet_c,defocus_blur,1,none
efficientnet_b4,ILSVRC2012_val_00021708.JPEG,n02514041,389,389,0.8173442,1,imagenet_c,defocus_blur,1,none
efficientnet_b4,ILSVRC2012_val_00026611.JPEG,n02514041,389,389,0.40506694,1,imagenet_c,defocus_blur,1,none
efficientnet_b4,ILSVRC2012_val_00026932.JPEG,n02514041,389,389,0.6564506,1,imagenet_c,defocus_blur,1,none
efficientnet_b4,ILSVRC2012_val_00029238.JPEG,n02514041,389,389,0.64779246,1,imagenet_c,defocus_blur,1,none
efficientnet_b4,ILSVRC2012_val_00029576.JPEG,n02514041,389,389,0.52880657,1,imagenet_c,defocus_blur,1,none
efficientnet_b4,ILSVRC2012_val_00030179.JPEG,n02514041,389,389,0.67352074,1,imagenet_c,defocus_blur,1,none
efficientnet_b4,ILSVRC2012_val_00032289.JPEG,n02514041,389,395,0.47284842,0,imagenet_c,defocus_blur,1,none
efficientnet_b4,ILSVRC2012_val_00032483.JPEG,n02514041,389,389,0.5715573,1,imagenet_c,defocus_blur,1,none
efficientnet_b4,ILSVRC2012_val_00034120.JPEG,n02514041,389,389,0.73515284,1,imagenet_c,defocus_blur,1,none
efficientnet_b4,ILSVRC2012_val_00034312.JPEG,n02514041,389,389,0.30612096,1,imagenet_c,defocus_blur,1,none
efficientnet_b4,ILSVRC2012_val_00034528.JPEG,n02514041,389,389,0.6632815,1,imagenet_c,defocus_blur,1,none
efficientnet_b4,ILSVRC2012_val_00035957.JPEG,n02514041,389,389,0.31155115,1,imagenet_c,defocus_blur,1,none
efficientnet_b4,ILSVRC2012_val_00036911.JPEG,n02514041,389,3,0.3829601,0,imagenet_c,defocus_blur,1,none
efficientnet_b4,ILSVRC2012_val_00037329.JPEG,n02514041,389,389,0.54512775,1,imagenet_c,defocus_blur,1,none
efficientnet_b4,ILSVRC2012_val_00037948.JPEG,n02514041,389,389,0.616063,1,imagenet_c,defocus_blur,1,none
efficientnet_b4,ILSVRC2012_val_00039978.JPEG,n02514041,389,389,0.65105325,1,imagenet_c,defocus_blur,1,none
efficientnet_b4,ILSVRC2012_val_00041277.JPEG,n02514041,389,389,0.70164424,1,imagenet_c,defocus_blur,1,none
efficientnet_b4,ILSVRC2012_val_00043677.JPEG,n02514041,389,389,0.60535055,1,imagenet_c,defocus_blur,1,none
efficientnet_b4,ILSVRC2012_val_00044102.JPEG,n02514041,389,389,0.5814945,1,imagenet_c,defocus_blur,1,none
efficientnet_b4,ILSVRC2012_val_00044660.JPEG,n02514041,389,389,0.45370236,1,imagenet_c,defocus_blur,1,none
efficientnet_b4,ILSVRC2012_val_00045278.JPEG,n02514041,389,389,0.6765924,1,imagenet_c,defocus_blur,1,none
efficientnet_b4,ILSVRC2012_val_00045652.JPEG,n02514041,389,389,0.5060458,1,imagenet_c,defocus_blur,1,none
efficientnet_b4,ILSVRC2012_val_00045795.JPEG,n02514041,389,389,0.46177265,1,imagenet_c,defocus_blur,1,none
efficientnet_b4,ILSVRC2012_val_00045871.JPEG,n02514041,389,389,0.509564,1,imagenet_c,defocus_blur,1,none
efficientnet_b4,ILSVRC2012_val_00046233.JPEG,n02514041,389,391,0.25259787,0,imagenet_c,defocus_blur,1,none
efficientnet_b4,ILSVRC2012_val_00046330.JPEG,n02514041,389,389,0.54514,1,imagenet_c,defocus_blur,1,none
efficientnet_b4,ILSVRC2012_val_00046558.JPEG,n02514041,389,389,0.68702567,1,imagenet_c,defocus_blur,1,none
efficientnet_b4,ILSVRC2012_val_00047261.JPEG,n02514041,389,389,0.44327515,1,imagenet_c,defocus_blur,1,none
efficientnet_b4,ILSVRC2012_val_00047394.JPEG,n02514041,389,389,0.6849741,1,imagenet_c,defocus_blur,1,none
efficientnet_b4,ILSVRC2012_val_00048764.JPEG,n02514041,389,389,0.75364363,1,imagenet_c,defocus_blur,1,none
efficientnet_b4,ILSVRC2012_val_00000066.JPEG,n02526121,390,390,0.63889647,1,imagenet_c,defocus_blur,1,none
efficientnet_b4,ILSVRC2012_val_00000316.JPEG,n02526121,390,390,0.6964581,1,imagenet_c,defocus_blur,1,none
efficientnet_b4,ILSVRC2012_val_00000933.JPEG,n02526121,390,65,0.37880793,0,imagenet_c,defocus_blur,1,none
efficientnet_b4,ILSVRC2012_val_00001595.JPEG,n02526121,390,390,0.27621838,1,imagenet_c,defocus_blur,1,none
efficientnet_b4,ILSVRC2012_val_00001747.JPEG,n02526121,390,390,0.119835354,1,imagenet_c,defocus_blur,1,none
efficientnet_b4,ILSVRC2012_val_00002381.JPEG,n02526121,390,390,0.2836248,1,imagenet_c,defocus_blur,1,none
efficientnet_b4,ILSVRC2012_val_00005210.JPEG,n02526121,390,390,0.45848474,1,imagenet_c,defocus_blur,1,none
efficientnet_b4,ILSVRC2012_val_00005884.JPEG,n02526121,390,390,0.5069174,1,imagenet_c,defocus_blur,1,none
efficientnet_b4,ILSVRC2012_val_00009426.JPEG,n02526121,390,932,0.34803048,0,imagenet_c,defocus_blur,1,none
efficientnet_b4,ILSVRC2012_val_00009459.JPEG,n02526121,390,973,0.20255136,0,imagenet_c,defocus_blur,1,none
efficientnet_b4,ILSVRC2012_val_00010825.JPEG,n02526121,390,390,0.41754106,1,imagenet_c,defocus_blur,1,none
efficientnet_b4,ILSVRC2012_val_00011544.JPEG,n02526121,390,390,0.3868642,1,imagenet_c,defocus_blur,1,none
efficientnet_b4,ILSVRC2012_val_00012727.JPEG,n02526121,390,111,0.31285945,0,imagenet_c,defocus_blur,1,none
efficientnet_b4,ILSVRC2012_val_00013596.JPEG,n02526121,390,52,0.09521641,0,imagenet_c,defocus_blur,1,none
efficientnet_b4,ILSVRC2012_val_00013790.JPEG,n02526121,390,390,0.7089081,1,imagenet_c,defocus_blur,1,none
efficientnet_b4,ILSVRC2012_val_00014258.JPEG,n02526121,390,390,0.52678573,1,imagenet_c,defocus_blur,1,none
efficientnet_b4,ILSVRC2012_val_00015281.JPEG,n02526121,390,164,0.1520308,0,imagenet_c,defocus_blur,1,none
efficientnet_b4,ILSVRC2012_val_00015692.JPEG,n02526121,390,390,0.41366613,1,imagenet_c,defocus_blur,1,none
efficientnet_b4,ILSVRC2012_val_00015752.JPEG,n02526121,390,111,0.21148488,0,imagenet_c,defocus_blur,1,none
efficientnet_b4,ILSVRC2012_val_00016239.JPEG,n02526121,390,390,0.8810676,1,imagenet_c,defocus_blur,1,none
efficientnet_b4,ILSVRC2012_val_00016306.JPEG,n02526121,390,390,0.5713649,1,imagenet_c,defocus_blur,1,none
efficientnet_b4,ILSVRC2012_val_00017924.JPEG,n02526121,390,389,0.1488134,0,imagenet_c,defocus_blur,1,none
efficientnet_b4,ILSVRC2012_val_00019070.JPEG,n02526121,390,390,0.20316496,1,imagenet_c,defocus_blur,1,none
efficientnet_b4,ILSVRC2012_val_00020757.JPEG,n02526121,390,52,0.3133775,0,imagenet_c,defocus_blur,1,none
efficientnet_b4,ILSVRC2012_val_00023785.JPEG,n02526121,390,114,0.18641554,0,imagenet_c,defocus_blur,1,none
efficientnet_b4,ILSVRC2012_val_00025800.JPEG,n02526121,390,390,0.5524135,1,imagenet_c,defocus_blur,1,none
efficientnet_b4,ILSVRC2012_val_00028338.JPEG,n02526121,390,390,0.66589993,1,imagenet_c,defocus_blur,1,none
efficientnet_b4,ILSVRC2012_val_00030260.JPEG,n02526121,390,390,0.30325893,1,imagenet_c,defocus_blur,1,none
efficientnet_b4,ILSVRC2012_val_00032519.JPEG,n02526121,390,390,0.5248194,1,imagenet_c,defocus_blur,1,none
efficientnet_b4,ILSVRC2012_val_00032579.JPEG,n02526121,390,65,0.3161659,0,imagenet_c,defocus_blur,1,none
efficientnet_b4,ILSVRC2012_val_00032665.JPEG,n02526121,390,390,0.75612664,1,imagenet_c,defocus_blur,1,none
efficientnet_b4,ILSVRC2012_val_00032840.JPEG,n02526121,390,390,0.4445582,1,imagenet_c,defocus_blur,1,none
efficientnet_b4,ILSVRC2012_val_00033294.JPEG,n02526121,390,973,0.2621354,0,imagenet_c,defocus_blur,1,none
efficientnet_b4,ILSVRC2012_val_00034488.JPEG,n02526121,390,390,0.5778305,1,imagenet_c,defocus_blur,1,none
efficientnet_b4,ILSVRC2012_val_00036341.JPEG,n02526121,390,390,0.5110091,1,imagenet_c,defocus_blur,1,none
efficientnet_b4,ILSVRC2012_val_00036535.JPEG,n02526121,390,58,0.16182955,0,imagenet_c,defocus_blur,1,none
efficientnet_b4,ILSVRC2012_val_00036557.JPEG,n02526121,390,390,0.28396404,1,imagenet_c,defocus_blur,1,none
efficientnet_b4,ILSVRC2012_val_00037146.JPEG,n02526121,390,880,0.095086664,0,imagenet_c,defocus_blur,1,none
efficientnet_b4,ILSVRC2012_val_00037407.JPEG,n02526121,390,390,0.8743509,1,imagenet_c,defocus_blur,1,none
efficientnet_b4,ILSVRC2012_val_00037558.JPEG,n02526121,390,390,0.18794487,1,imagenet_c,defocus_blur,1,none
efficientnet_b4,ILSVRC2012_val_00040279.JPEG,n02526121,390,390,0.1372838,1,imagenet_c,defocus_blur,1,none
efficientnet_b4,ILSVRC2012_val_00041211.JPEG,n02526121,390,390,0.15506361,1,imagenet_c,defocus_blur,1,none
efficientnet_b4,ILSVRC2012_val_00041627.JPEG,n02526121,390,390,0.34814516,1,imagenet_c,defocus_blur,1,none
efficientnet_b4,ILSVRC2012_val_00042020.JPEG,n02526121,390,390,0.47490388,1,imagenet_c,defocus_blur,1,none
efficientnet_b4,ILSVRC2012_val_00042915.JPEG,n02526121,390,499,0.12075188,0,imagenet_c,defocus_blur,1,none
efficientnet_b4,ILSVRC2012_val_00044395.JPEG,n02526121,390,390,0.3633114,1,imagenet_c,defocus_blur,1,none
efficientnet_b4,ILSVRC2012_val_00044756.JPEG,n02526121,390,395,0.19321905,0,imagenet_c,defocus_blur,1,none
efficientnet_b4,ILSVRC2012_val_00045132.JPEG,n02526121,390,390,0.7340681,1,imagenet_c,defocus_blur,1,none
efficientnet_b4,ILSVRC2012_val_00045624.JPEG,n02526121,390,65,0.42771053,0,imagenet_c,defocus_blur,1,none
efficientnet_b4,ILSVRC2012_val_00047288.JPEG,n02526121,390,397,0.38285723,0,imagenet_c,defocus_blur,1,none
efficientnet_b4,ILSVRC2012_val_00002364.JPEG,n02536864,391,394,0.32325426,0,imagenet_c,defocus_blur,1,none
efficientnet_b4,ILSVRC2012_val_00002721.JPEG,n02536864,391,395,0.3782572,0,imagenet_c,defocus_blur,1,none
efficientnet_b4,ILSVRC2012_val_00002859.JPEG,n02536864,391,391,0.53279936,1,imagenet_c,defocus_blur,1,none
efficientnet_b4,ILSVRC2012_val_00002960.JPEG,n02536864,391,394,0.15775247,0,imagenet_c,defocus_blur,1,none
efficientnet_b4,ILSVRC2012_val_00004905.JPEG,n02536864,391,389,0.2068575,0,imagenet_c,defocus_blur,1,none
efficientnet_b4,ILSVRC2012_val_00005190.JPEG,n02536864,391,391,0.41663793,1,imagenet_c,defocus_blur,1,none
efficientnet_b4,ILSVRC2012_val_00006292.JPEG,n02536864,391,391,0.59908754,1,imagenet_c,defocus_blur,1,none
efficientnet_b4,ILSVRC2012_val_00006547.JPEG,n02536864,391,391,0.30544382,1,imagenet_c,defocus_blur,1,none
efficientnet_b4,ILSVRC2012_val_00008059.JPEG,n02536864,391,391,0.57052356,1,imagenet_c,defocus_blur,1,none
efficientnet_b4,ILSVRC2012_val_00009273.JPEG,n02536864,391,391,0.42960912,1,imagenet_c,defocus_blur,1,none
efficientnet_b4,ILSVRC2012_val_00010571.JPEG,n02536864,391,981,0.08960758,0,imagenet_c,defocus_blur,1,none
efficientnet_b4,ILSVRC2012_val_00011228.JPEG,n02536864,391,391,0.74845934,1,imagenet_c,defocus_blur,1,none
efficientnet_b4,ILSVRC2012_val_00015546.JPEG,n02536864,391,391,0.36808696,1,imagenet_c,defocus_blur,1,none
efficientnet_b4,ILSVRC2012_val_00018581.JPEG,n02536864,391,395,0.17673887,0,imagenet_c,defocus_blur,1,none
efficientnet_b4,ILSVRC2012_val_00018813.JPEG,n02536864,391,391,0.4596946,1,imagenet_c,defocus_blur,1,none
efficientnet_b4,ILSVRC2012_val_00018836.JPEG,n02536864,391,391,0.26385033,1,imagenet_c,defocus_blur,1,none
efficientnet_b4,ILSVRC2012_val_00019063.JPEG,n02536864,391,391,0.52384,1,imagenet_c,defocus_blur,1,none
efficientnet_b4,ILSVRC2012_val_00019489.JPEG,n02536864,391,391,0.3313915,1,imagenet_c,defocus_blur,1,none
efficientnet_b4,ILSVRC2012_val_00019672.JPEG,n02536864,391,395,0.29434058,0,imagenet_c,defocus_blur,1,none
efficientnet_b4,ILSVRC2012_val_00024395.JPEG,n02536864,391,389,0.21938086,0,imagenet_c,defocus_blur,1,none
efficientnet_b4,ILSVRC2012_val_00024768.JPEG,n02536864,391,391,0.5878311,1,imagenet_c,defocus_blur,1,none
efficientnet_b4,ILSVRC2012_val_00025391.JPEG,n02536864,391,391,0.46755657,1,imagenet_c,defocus_blur,1,none
efficientnet_b4,ILSVRC2012_val_00027444.JPEG,n02536864,391,391,0.57512194,1,imagenet_c,defocus_blur,1,none
efficientnet_b4,ILSVRC2012_val_00027799.JPEG,n02536864,391,389,0.6414364,0,imagenet_c,defocus_blur,1,none
efficientnet_b4,ILSVRC2012_val_00028020.JPEG,n02536864,391,391,0.17524837,1,imagenet_c,defocus_blur,1,none
efficientnet_b4,ILSVRC2012_val_00029638.JPEG,n02536864,391,395,0.2630365,0,imagenet_c,defocus_blur,1,none
efficientnet_b4,ILSVRC2012_val_00031741.JPEG,n02536864,391,391,0.46007383,1,imagenet_c,defocus_blur,1,none
efficientnet_b4,ILSVRC2012_val_00032566.JPEG,n02536864,391,389,0.28122965,0,imagenet_c,defocus_blur,1,none
efficientnet_b4,ILSVRC2012_val_00036127.JPEG,n02536864,391,146,0.124118246,0,imagenet_c,defocus_blur,1,none
efficientnet_b4,ILSVRC2012_val_00036472.JPEG,n02536864,391,389,0.37311497,0,imagenet_c,defocus_blur,1,none
efficientnet_b4,ILSVRC2012_val_00037371.JPEG,n02536864,391,391,0.1418106,1,imagenet_c,defocus_blur,1,none
efficientnet_b4,ILSVRC2012_val_00037692.JPEG,n02536864,391,391,0.38690925,1,imagenet_c,defocus_blur,1,none
efficientnet_b4,ILSVRC2012_val_00038475.JPEG,n02536864,391,391,0.45694378,1,imagenet_c,defocus_blur,1,none
efficientnet_b4,ILSVRC2012_val_00040440.JPEG,n02536864,391,391,0.4920914,1,imagenet_c,defocus_blur,1,none
efficientnet_b4,ILSVRC2012_val_00040726.JPEG,n02536864,391,391,0.4578376,1,imagenet_c,defocus_blur,1,none
efficientnet_b4,ILSVRC2012_val_00040765.JPEG,n02536864,391,36,0.16934082,0,imagenet_c,defocus_blur,1,none
efficientnet_b4,ILSVRC2012_val_00040798.JPEG,n02536864,391,391,0.47633174,1,imagenet_c,defocus_blur,1,none
efficientnet_b4,ILSVRC2012_val_00040881.JPEG,n02536864,391,391,0.031169347,1,imagenet_c,defocus_blur,1,none
efficientnet_b4,ILSVRC2012_val_00041344.JPEG,n02536864,391,391,0.5613664,1,imagenet_c,defocus_blur,1,none
efficientnet_b4,ILSVRC2012_val_00044563.JPEG,n02536864,391,394,0.19336995,0,imagenet_c,defocus_blur,1,none
efficientnet_b4,ILSVRC2012_val_00046522.JPEG,n02536864,391,391,0.58089715,1,imagenet_c,defocus_blur,1,none
efficientnet_b4,ILSVRC2012_val_00047174.JPEG,n02536864,391,391,0.3381315,1,imagenet_c,defocus_blur,1,none
efficientnet_b4,ILSVRC2012_val_00047892.JPEG,n02536864,391,391,0.7964901,1,imagenet_c,defocus_blur,1,none
efficientnet_b4,ILSVRC2012_val_00048832.JPEG,n02536864,391,391,0.55595434,1,imagenet_c,defocus_blur,1,none
efficientnet_b4,ILSVRC2012_val_00048920.JPEG,n02536864,391,391,0.27745125,1,imagenet_c,defocus_blur,1,none
efficientnet_b4,ILSVRC2012_val_00048950.JPEG,n02536864,391,389,0.3258611,0,imagenet_c,defocus_blur,1,none
efficientnet_b4,ILSVRC2012_val_00049399.JPEG,n02536864,391,582,0.29318312,0,imagenet_c,defocus_blur,1,none
efficientnet_b4,ILSVRC2012_val_00049727.JPEG,n02536864,391,828,0.2901488,0,imagenet_c,defocus_blur,1,none
efficientnet_b4,ILSVRC2012_val_00049740.JPEG,n02536864,391,391,0.62099123,1,imagenet_c,defocus_blur,1,none
efficientnet_b4,ILSVRC2012_val_00049936.JPEG,n02536864,391,391,0.4961911,1,imagenet_c,defocus_blur,1,none
efficientnet_b4,ILSVRC2012_val_00000124.JPEG,n02606052,392,397,0.3916918,0,imagenet_c,defocus_blur,1,none
efficientnet_b4,ILSVRC2012_val_00000996.JPEG,n02606052,392,392,0.6417476,1,imagenet_c,defocus_blur,1,none
efficientnet_b4,ILSVRC2012_val_00001051.JPEG,n02606052,392,392,0.7437785,1,imagenet_c,defocus_blur,1,none
efficientnet_b4,ILSVRC2012_val_00001189.JPEG,n02606052,392,392,0.66317225,1,imagenet_c,defocus_blur,1,none
efficientnet_b4,ILSVRC2012_val_00002149.JPEG,n02606052,392,392,0.6949279,1,imagenet_c,defocus_blur,1,none
efficientnet_b4,ILSVRC2012_val_00003598.JPEG,n02606052,392,392,0.60503954,1,imagenet_c,defocus_blur,1,none
efficientnet_b4,ILSVRC2012_val_00005062.JPEG,n02606052,392,392,0.73747295,1,imagenet_c,defocus_blur,1,none
efficientnet_b4,ILSVRC2012_val_00005856.JPEG,n02606052,392,392,0.71629614,1,imagenet_c,defocus_blur,1,none
efficientnet_b4,ILSVRC2012_val_00006833.JPEG,n02606052,392,392,0.72256434,1,imagenet_c,defocus_blur,1,none
efficientnet_b4,ILSVRC2012_val_00006908.JPEG,n02606052,392,392,0.72193515,1,imagenet_c,defocus_blur,1,none
efficientnet_b4,ILSVRC2012_val_00007163.JPEG,n02606052,392,392,0.6684036,1,imagenet_c,defocus_blur,1,none
efficientnet_b4,ILSVRC2012_val_00008490.JPEG,n02606052,392,392,0.68685395,1,imagenet_c,defocus_blur,1,none
efficientnet_b4,ILSVRC2012_val_00008724.JPEG,n02606052,392,392,0.7539532,1,imagenet_c,defocus_blur,1,none
efficientnet_b4,ILSVRC2012_val_00010564.JPEG,n02606052,392,392,0.71367025,1,imagenet_c,defocus_blur,1,none
efficientnet_b4,ILSVRC2012_val_00010936.JPEG,n02606052,392,392,0.60932,1,imagenet_c,defocus_blur,1,none
efficientnet_b4,ILSVRC2012_val_00011532.JPEG,n02606052,392,392,0.6632908,1,imagenet_c,defocus_blur,1,none
efficientnet_b4,ILSVRC2012_val_00011633.JPEG,n02606052,392,392,0.6558165,1,imagenet_c,defocus_blur,1,none
efficientnet_b4,ILSVRC2012_val_00012238.JPEG,n02606052,392,392,0.74686146,1,imagenet_c,defocus_blur,1,none
efficientnet_b4,ILSVRC2012_val_00014515.JPEG,n02606052,392,392,0.7096442,1,imagenet_c,defocus_blur,1,none
efficientnet_b4,ILSVRC2012_val_00014777.JPEG,n02606052,392,392,0.74809253,1,imagenet_c,defocus_blur,1,none
efficientnet_b4,ILSVRC2012_val_00016270.JPEG,n02606052,392,392,0.6886024,1,imagenet_c,defocus_blur,1,none
efficientnet_b4,ILSVRC2012_val_00017678.JPEG,n02606052,392,392,0.7028459,1,imagenet_c,defocus_blur,1,none
efficientnet_b4,ILSVRC2012_val_00019218.JPEG,n02606052,392,392,0.6696262,1,imagenet_c,defocus_blur,1,none
efficientnet_b4,ILSVRC2012_val_00019586.JPEG,n02606052,392,392,0.70983845,1,imagenet_c,defocus_blur,1,none
efficientnet_b4,ILSVRC2012_val_00022065.JPEG,n02606052,392,392,0.71279037,1,imagenet_c,defocus_blur,1,none
efficientnet_b4,ILSVRC2012_val_00022305.JPEG,n02606052,392,392,0.7005813,1,imagenet_c,defocus_blur,1,none
efficientnet_b4,ILSVRC2012_val_00025871.JPEG,n02606052,392,392,0.674049,1,imagenet_c,defocus_blur,1,none
efficientnet_b4,ILSVRC2012_val_00029528.JPEG,n02606052,392,392,0.736807,1,imagenet_c,defocus_blur,1,none
efficientnet_b4,ILSVRC2012_val_00030340.JPEG,n02606052,392,392,0.65126973,1,imagenet_c,defocus_blur,1,none
efficientnet_b4,ILSVRC2012_val_00030635.JPEG,n02606052,392,392,0.8056673,1,imagenet_c,defocus_blur,1,none
efficientnet_b4,ILSVRC2012_val_00031004.JPEG,n02606052,392,392,0.733175,1,imagenet_c,defocus_blur,1,none
efficientnet_b4,ILSVRC2012_val_00031043.JPEG,n02606052,392,392,0.6847279,1,imagenet_c,defocus_blur,1,none
efficientnet_b4,ILSVRC2012_val_00033356.JPEG,n02606052,392,392,0.74579686,1,imagenet_c,defocus_blur,1,none
efficientnet_b4,ILSVRC2012_val_00033481.JPEG,n02606052,392,392,0.6811492,1,imagenet_c,defocus_blur,1,none
efficientnet_b4,ILSVRC2012_val_00033801.JPEG,n02606052,392,392,0.77258503,1,imagenet_c,defocus_blur,1,none
efficientnet_b4,ILSVRC2012_val_00033908.JPEG,n02606052,392,392,0.7060215,1,imagenet_c,defocus_blur,1,none
efficientnet_b4,ILSVRC2012_val_00034051.JPEG,n02606052,392,392,0.66634405,1,imagenet_c,defocus_blur,1,none
efficientnet_b4,ILSVRC2012_val_00035276.JPEG,n02606052,392,392,0.7416242,1,imagenet_c,defocus_blur,1,none
efficientnet_b4,ILSVRC2012_val_00038764.JPEG,n02606052,392,392,0.5925167,1,imagenet_c,defocus_blur,1,none
efficientnet_b4,ILSVRC2012_val_00039768.JPEG,n02606052,392,392,0.6873289,1,imagenet_c,defocus_blur,1,none
efficientnet_b4,ILSVRC2012_val_00039953.JPEG,n02606052,392,392,0.73544884,1,imagenet_c,defocus_blur,1,none
efficientnet_b4,ILSVRC2012_val_00041511.JPEG,n02606052,392,392,0.62836343,1,imagenet_c,defocus_blur,1,none
efficientnet_b4,ILSVRC2012_val_00042242.JPEG,n02606052,392,392,0.7342955,1,imagenet_c,defocus_blur,1,none
efficientnet_b4,ILSVRC2012_val_00044959.JPEG,n02606052,392,392,0.6708081,1,imagenet_c,defocus_blur,1,none
efficientnet_b4,ILSVRC2012_val_00045161.JPEG,n02606052,392,392,0.60947,1,imagenet_c,defocus_blur,1,none
efficientnet_b4,ILSVRC2012_val_00045650.JPEG,n02606052,392,392,0.72971463,1,imagenet_c,defocus_blur,1,none
efficientnet_b4,ILSVRC2012_val_00046237.JPEG,n02606052,392,392,0.6404768,1,imagenet_c,defocus_blur,1,none
efficientnet_b4,ILSVRC2012_val_00046491.JPEG,n02606052,392,112,0.029486815,0,imagenet_c,defocus_blur,1,none
efficientnet_b4,ILSVRC2012_val_00048719.JPEG,n02606052,392,392,0.6328222,1,imagenet_c,defocus_blur,1,none
efficientnet_b4,ILSVRC2012_val_00049577.JPEG,n02606052,392,392,0.7222905,1,imagenet_c,defocus_blur,1,none
efficientnet_b4,ILSVRC2012_val_00001176.JPEG,n02607072,393,393,0.28807184,1,imagenet_c,defocus_blur,1,none
efficientnet_b4,ILSVRC2012_val_00003033.JPEG,n02607072,393,971,0.14577384,0,imagenet_c,defocus_blur,1,none
efficientnet_b4,ILSVRC2012_val_00004093.JPEG,n02607072,393,65,0.20288198,0,imagenet_c,defocus_blur,1,none
efficientnet_b4,ILSVRC2012_val_00004672.JPEG,n02607072,393,393,0.30228028,1,imagenet_c,defocus_blur,1,none
efficientnet_b4,ILSVRC2012_val_00005188.JPEG,n02607072,393,393,0.30801955,1,imagenet_c,defocus_blur,1,none
efficientnet_b4,ILSVRC2012_val_00006366.JPEG,n02607072,393,393,0.3331658,1,imagenet_c,defocus_blur,1,none
efficientnet_b4,ILSVRC2012_val_00007807.JPEG,n02607072,393,393,0.44402164,1,imagenet_c,defocus_blur,1,none
efficientnet_b4,ILSVRC2012_val_00010076.JPEG,n02607072,393,393,0.47586137,1,imagenet_c,defocus_blur,1,none
efficientnet_b4,ILSVRC2012_val_00010478.JPEG,n02607072,393,393,0.3305576,1,imagenet_c,defocus_blur,1,none
efficientnet_b4,ILSVRC2012_val_00010738.JPEG,n02607072,393,973,0.12756373,0,imagenet_c,defocus_blur,1,none
efficientnet_b4,ILSVRC2012_val_00011419.JPEG,n02607072,393,393,0.1875925,1,imagenet_c,defocus_blur,1,none
efficientnet_b4,ILSVRC2012_val_00011637.JPEG,n02607072,393,393,0.35525396,1,imagenet_c,defocus_blur,1,none
efficientnet_b4,ILSVRC2012_val_00013064.JPEG,n02607072,393,108,0.2671006,0,imagenet_c,defocus_blur,1,none
efficientnet_b4,ILSVRC2012_val_00013121.JPEG,n02607072,393,393,0.4459888,1,imagenet_c,defocus_blur,1,none
efficientnet_b4,ILSVRC2012_val_00013661.JPEG,n02607072,393,393,0.3517548,1,imagenet_c,defocus_blur,1,none
efficientnet_b4,ILSVRC2012_val_00014443.JPEG,n02607072,393,393,0.43722638,1,imagenet_c,defocus_blur,1,none
efficientnet_b4,ILSVRC2012_val_00015024.JPEG,n02607072,393,191,0.21860139,0,imagenet_c,defocus_blur,1,none
efficientnet_b4,ILSVRC2012_val_00015222.JPEG,n02607072,393,393,0.26371884,1,imagenet_c,defocus_blur,1,none
efficientnet_b4,ILSVRC2012_val_00016825.JPEG,n02607072,393,393,0.24259456,1,imagenet_c,defocus_blur,1,none
efficientnet_b4,ILSVRC2012_val_00017683.JPEG,n02607072,393,393,0.26647452,1,imagenet_c,defocus_blur,1,none
efficientnet_b4,ILSVRC2012_val_00018465.JPEG,n02607072,393,108,0.17006038,0,imagenet_c,defocus_blur,1,none
efficientnet_b4,ILSVRC2012_val_00020558.JPEG,n02607072,393,973,0.15858272,0,imagenet_c,defocus_blur,1,none
efficientnet_b4,ILSVRC2012_val_00021448.JPEG,n02607072,393,392,0.55888253,0,imagenet_c,defocus_blur,1,none
efficientnet_b4,ILSVRC2012_val_00021505.JPEG,n02607072,393,797,0.32413685,0,imagenet_c,defocus_blur,1,none
efficientnet_b4,ILSVRC2012_val_00021832.JPEG,n02607072,393,336,0.022953046,0,imagenet_c,defocus_blur,1,none
efficientnet_b4,ILSVRC2012_val_00021890.JPEG,n02607072,393,973,0.21456204,0,imagenet_c,defocus_blur,1,none
efficientnet_b4,ILSVRC2012_val_00021994.JPEG,n02607072,393,393,0.46803427,1,imagenet_c,defocus_blur,1,none
efficientnet_b4,ILSVRC2012_val_00022749.JPEG,n02607072,393,393,0.28252077,1,imagenet_c,defocus_blur,1,none
efficientnet_b4,ILSVRC2012_val_00022967.JPEG,n02607072,393,393,0.51497865,1,imagenet_c,defocus_blur,1,none
efficientnet_b4,ILSVRC2012_val_00023406.JPEG,n02607072,393,393,0.3573929,1,imagenet_c,defocus_blur,1,none
efficientnet_b4,ILSVRC2012_val_00023677.JPEG,n02607072,393,393,0.42255282,1,imagenet_c,defocus_blur,1,none
efficientnet_b4,ILSVRC2012_val_00024315.JPEG,n02607072,393,393,0.5279625,1,imagenet_c,defocus_blur,1,none
efficientnet_b4,ILSVRC2012_val_00025141.JPEG,n02607072,393,393,0.38488722,1,imagenet_c,defocus_blur,1,none
efficientnet_b4,ILSVRC2012_val_00025226.JPEG,n02607072,393,108,0.4396556,0,imagenet_c,defocus_blur,1,none
efficientnet_b4,ILSVRC2012_val_00027500.JPEG,n02607072,393,393,0.35288492,1,imagenet_c,defocus_blur,1,none
efficientnet_b4,ILSVRC2012_val_00028937.JPEG,n02607072,393,329,0.24536057,0,imagenet_c,defocus_blur,1,none
efficientnet_b4,ILSVRC2012_val_00030654.JPEG,n02607072,393,983,0.23393637,0,imagenet_c,defocus_blur,1,none
efficientnet_b4,ILSVRC2012_val_00031305.JPEG,n02607072,393,393,0.5599731,1,imagenet_c,defocus_blur,1,none
efficientnet_b4,ILSVRC2012_val_00034042.JPEG,n02607072,393,393,0.37103426,1,imagenet_c,defocus_blur,1,none
efficientnet_b4,ILSVRC2012_val_00034225.JPEG,n02607072,393,393,0.55273193,1,imagenet_c,defocus_blur,1,none
efficientnet_b4,ILSVRC2012_val_00036030.JPEG,n02607072,393,393,0.28569078,1,imagenet_c,defocus_blur,1,none
efficientnet_b4,ILSVRC2012_val_00039839.JPEG,n02607072,393,393,0.30813766,1,imagenet_c,defocus_blur,1,none
efficientnet_b4,ILSVRC2012_val_00040050.JPEG,n02607072,393,393,0.23184255,1,imagenet_c,defocus_blur,1,none
efficientnet_b4,ILSVRC2012_val_00042058.JPEG,n02607072,393,393,0.30333838,1,imagenet_c,defocus_blur,1,none
efficientnet_b4,ILSVRC2012_val_00042307.JPEG,n02607072,393,110,0.25856942,0,imagenet_c,defocus_blur,1,none
efficientnet_b4,ILSVRC2012_val_00045825.JPEG,n02607072,393,393,0.53373444,1,imagenet_c,defocus_blur,1,none
efficientnet_b4,ILSVRC2012_val_00047682.JPEG,n02607072,393,392,0.38701746,0,imagenet_c,defocus_blur,1,none
efficientnet_b4,ILSVRC2012_val_00047999.JPEG,n02607072,393,393,0.54281795,1,imagenet_c,defocus_blur,1,none
efficientnet_b4,ILSVRC2012_val_00049216.JPEG,n02607072,393,393,0.41200507,1,imagenet_c,defocus_blur,1,none
efficientnet_b4,ILSVRC2012_val_00049443.JPEG,n02607072,393,393,0.42925537,1,imagenet_c,defocus_blur,1,none
efficientnet_b4,ILSVRC2012_val_00000050.JPEG,n02640242,394,467,0.37662348,0,imagenet_c,defocus_blur,1,none
efficientnet_b4,ILSVRC2012_val_00001436.JPEG,n02640242,394,103,0.07200892,0,imagenet_c,defocus_blur,1,none
efficientnet_b4,ILSVRC2012_val_00001669.JPEG,n02640242,394,114,0.14108156,0,imagenet_c,defocus_blur,1,none
efficientnet_b4,ILSVRC2012_val_00002137.JPEG,n02640242,394,20,0.10416209,0,imagenet_c,defocus_blur,1,none
efficientnet_b4,ILSVRC2012_val_00002525.JPEG,n02640242,394,394,0.46463755,1,imagenet_c,defocus_blur,1,none
efficientnet_b4,ILSVRC2012_val_00003085.JPEG,n02640242,394,389,0.22054811,0,imagenet_c,defocus_blur,1,none
efficientnet_b4,ILSVRC2012_val_00003495.JPEG,n02640242,394,395,0.3718544,0,imagenet_c,defocus_blur,1,none
efficientnet_b4,ILSVRC2012_val_00004574.JPEG,n02640242,394,394,0.3848927,1,imagenet_c,defocus_blur,1,none
efficientnet_b4,ILSVRC2012_val_00004784.JPEG,n02640242,394,394,0.77748626,1,imagenet_c,defocus_blur,1,none
efficientnet_b4,ILSVRC2012_val_00005529.JPEG,n02640242,394,394,0.5418872,1,imagenet_c,defocus_blur,1,none
efficientnet_b4,ILSVRC2012_val_00007394.JPEG,n02640242,394,394,0.6934162,1,imagenet_c,defocus_blur,1,none
efficientnet_b4,ILSVRC2012_val_00007636.JPEG,n02640242,394,394,0.91014636,1,imagenet_c,defocus_blur,1,none
efficientnet_b4,ILSVRC2012_val_00007895.JPEG,n02640242,394,394,0.75040597,1,imagenet_c,defocus_blur,1,none
efficientnet_b4,ILSVRC2012_val_00008189.JPEG,n02640242,394,394,0.2849437,1,imagenet_c,defocus_blur,1,none
efficientnet_b4,ILSVRC2012_val_00008436.JPEG,n02640242,394,394,0.70948654,1,imagenet_c,defocus_blur,1,none
efficientnet_b4,ILSVRC2012_val_00008731.JPEG,n02640242,394,389,0.51487446,0,imagenet_c,defocus_blur,1,none
efficientnet_b4,ILSVRC2012_val_00009110.JPEG,n02640242,394,150,0.17725697,0,imagenet_c,defocus_blur,1,none
efficientnet_b4,ILSVRC2012_val_00009240.JPEG,n02640242,394,394,0.6874006,1,imagenet_c,defocus_blur,1,none
efficientnet_b4,ILSVRC2012_val_00010041.JPEG,n02640242,394,394,0.27118224,1,imagenet_c,defocus_blur,1,none
efficientnet_b4,ILSVRC2012_val_00010603.JPEG,n02640242,394,394,0.15460072,1,imagenet_c,defocus_blur,1,none
efficientnet_b4,ILSVRC2012_val_00014763.JPEG,n02640242,394,103,0.40589377,0,imagenet_c,defocus_blur,1,none
efficientnet_b4,ILSVRC2012_val_00017862.JPEG,n02640242,394,428,0.024523651,0,imagenet_c,defocus_blur,1,none
efficientnet_b4,ILSVRC2012_val_00020492.JPEG,n02640242,394,20,0.087577395,0,imagenet_c,defocus_blur,1,none
efficientnet_b4,ILSVRC2012_val_00020563.JPEG,n02640242,394,394,0.80217093,1,imagenet_c,defocus_blur,1,none
efficientnet_b4,ILSVRC2012_val_00021895.JPEG,n02640242,394,394,0.7371703,1,imagenet_c,defocus_blur,1,none
efficientnet_b4,ILSVRC2012_val_00022421.JPEG,n02640242,394,394,0.5907065,1,imagenet_c,defocus_blur,1,none
efficientnet_b4,ILSVRC2012_val_00023190.JPEG,n02640242,394,394,0.20133282,1,imagenet_c,defocus_blur,1,none
efficientnet_b4,ILSVRC2012_val_00024029.JPEG,n02640242,394,394,0.46833873,1,imagenet_c,defocus_blur,1,none
efficientnet_b4,ILSVRC2012_val_00027400.JPEG,n02640242,394,394,0.31683007,1,imagenet_c,defocus_blur,1,none
efficientnet_b4,ILSVRC2012_val_00029790.JPEG,n02640242,394,394,0.72879344,1,imagenet_c,defocus_blur,1,none
efficientnet_b4,ILSVRC2012_val_00031255.JPEG,n02640242,394,394,0.70694757,1,imagenet_c,defocus_blur,1,none
efficientnet_b4,ILSVRC2012_val_00032369.JPEG,n02640242,394,394,0.37457114,1,imagenet_c,defocus_blur,1,none
efficientnet_b4,ILSVRC2012_val_00032922.JPEG,n02640242,394,814,0.22854955,0,imagenet_c,defocus_blur,1,none
efficientnet_b4,ILSVRC2012_val_00032979.JPEG,n02640242,394,394,0.68156624,1,imagenet_c,defocus_blur,1,none
efficientnet_b4,ILSVRC2012_val_00033152.JPEG,n02640242,394,52,0.07164278,0,imagenet_c,defocus_blur,1,none
efficientnet_b4,ILSVRC2012_val_00035407.JPEG,n02640242,394,394,0.7790325,1,imagenet_c,defocus_blur,1,none
efficientnet_b4,ILSVRC2012_val_00035871.JPEG,n02640242,394,394,0.18446225,1,imagenet_c,defocus_blur,1,none
efficientnet_b4,ILSVRC2012_val_00036026.JPEG,n02640242,394,394,0.38270602,1,imagenet_c,defocus_blur,1,none
efficientnet_b4,ILSVRC2012_val_00036484.JPEG,n02640242,394,394,0.772827,1,imagenet_c,defocus_blur,1,none
efficientnet_b4,ILSVRC2012_val_00036743.JPEG,n02640242,394,394,0.18777709,1,imagenet_c,defocus_blur,1,none
efficientnet_b4,ILSVRC2012_val_00036769.JPEG,n02640242,394,149,0.64826053,0,imagenet_c,defocus_blur,1,none
efficientnet_b4,ILSVRC2012_val_00036834.JPEG,n02640242,394,394,0.17768541,1,imagenet_c,defocus_blur,1,none
efficientnet_b4,ILSVRC2012_val_00038973.JPEG,n02640242,394,394,0.79517287,1,imagenet_c,defocus_blur,1,none
efficientnet_b4,ILSVRC2012_val_00039793.JPEG,n02640242,394,395,0.18074696,0,imagenet_c,defocus_blur,1,none
efficientnet_b4,ILSVRC2012_val_00040653.JPEG,n02640242,394,394,0.33421087,1,imagenet_c,defocus_blur,1,none
efficientnet_b4,ILSVRC2012_val_00042544.JPEG,n02640242,394,450,0.18461822,0,imagenet_c,defocus_blur,1,none
efficientnet_b4,ILSVRC2012_val_00043582.JPEG,n02640242,394,394,0.5647803,1,imagenet_c,defocus_blur,1,none
efficientnet_b4,ILSVRC2012_val_00045896.JPEG,n02640242,394,3,0.2984489,0,imagenet_c,defocus_blur,1,none
efficientnet_b4,ILSVRC2012_val_00046943.JPEG,n02640242,394,394,0.7567463,1,imagenet_c,defocus_blur,1,none
efficientnet_b4,ILSVRC2012_val_00048433.JPEG,n02640242,394,394,0.6381484,1,imagenet_c,defocus_blur,1,none
efficientnet_b4,ILSVRC2012_val_00001975.JPEG,n02641379,395,63,0.3098661,0,imagenet_c,defocus_blur,1,none
efficientnet_b4,ILSVRC2012_val_00004127.JPEG,n02641379,395,389,0.4865052,0,imagenet_c,defocus_blur,1,none
efficientnet_b4,ILSVRC2012_val_00004723.JPEG,n02641379,395,395,0.430654,1,imagenet_c,defocus_blur,1,none
efficientnet_b4,ILSVRC2012_val_00005755.JPEG,n02641379,395,395,0.5758443,1,imagenet_c,defocus_blur,1,none
efficientnet_b4,ILSVRC2012_val_00005915.JPEG,n02641379,395,4,0.11053008,0,imagenet_c,defocus_blur,1,none
efficientnet_b4,ILSVRC2012_val_00007602.JPEG,n02641379,395,395,0.3674165,1,imagenet_c,defocus_blur,1,none
efficientnet_b4,ILSVRC2012_val_00007979.JPEG,n02641379,395,395,0.69058275,1,imagenet_c,defocus_blur,1,none
efficientnet_b4,ILSVRC2012_val_00008847.JPEG,n02641379,395,395,0.7019921,1,imagenet_c,defocus_blur,1,none
efficientnet_b4,ILSVRC2012_val_00009307.JPEG,n02641379,395,52,0.15665919,0,imagenet_c,defocus_blur,1,none
efficientnet_b4,ILSVRC2012_val_00011694.JPEG,n02641379,395,389,0.1930591,0,imagenet_c,defocus_blur,1,none
efficientnet_b4,ILSVRC2012_val_00012179.JPEG,n02641379,395,395,0.62369967,1,imagenet_c,defocus_blur,1,none
efficientnet_b4,ILSVRC2012_val_00012241.JPEG,n02641379,395,395,0.61361885,1,imagenet_c,defocus_blur,1,none
efficientnet_b4,ILSVRC2012_val_00015414.JPEG,n02641379,395,395,0.6807122,1,imagenet_c,defocus_blur,1,none
efficientnet_b4,ILSVRC2012_val_00017079.JPEG,n02641379,395,395,0.057829663,1,imagenet_c,defocus_blur,1,none
efficientnet_b4,ILSVRC2012_val_00018789.JPEG,n02641379,395,395,0.56085473,1,imagenet_c,defocus_blur,1,none
efficientnet_b4,ILSVRC2012_val_00018830.JPEG,n02641379,395,149,0.13968335,0,imagenet_c,defocus_blur,1,none
efficientnet_b4,ILSVRC2012_val_00019516.JPEG,n02641379,395,395,0.6024513,1,imagenet_c,defocus_blur,1,none
efficientnet_b4,ILSVRC2012_val_00019691.JPEG,n02641379,395,801,0.19458154,0,imagenet_c,defocus_blur,1,none
efficientnet_b4,ILSVRC2012_val_00020693.JPEG,n02641379,395,395,0.5833636,1,imagenet_c,defocus_blur,1,none
efficientnet_b4,ILSVRC2012_val_00021699.JPEG,n02641379,395,395,0.69765085,1,imagenet_c,defocus_blur,1,none
efficientnet_b4,ILSVRC2012_val_00022970.JPEG,n02641379,395,395,0.47268364,1,imagenet_c,defocus_blur,1,none
efficientnet_b4,ILSVRC2012_val_00023480.JPEG,n02641379,395,395,0.54857767,1,imagenet_c,defocus_blur,1,none
efficientnet_b4,ILSVRC2012_val_00024220.JPEG,n02641379,395,390,0.13760068,0,imagenet_c,defocus_blur,1,none
efficientnet_b4,ILSVRC2012_val_00025810.JPEG,n02641379,395,395,0.27490085,1,imagenet_c,defocus_blur,1,none
efficientnet_b4,ILSVRC2012_val_00030098.JPEG,n02641379,395,395,0.7836451,1,imagenet_c,defocus_blur,1,none
efficientnet_b4,ILSVRC2012_val_00030998.JPEG,n02641379,395,272,0.054514866,0,imagenet_c,defocus_blur,1,none
efficientnet_b4,ILSVRC2012_val_00031143.JPEG,n02641379,395,395,0.65947974,1,imagenet_c,defocus_blur,1,none
efficientnet_b4,ILSVRC2012_val_00031222.JPEG,n02641379,395,395,0.5543419,1,imagenet_c,defocus_blur,1,none
efficientnet_b4,ILSVRC2012_val_00031703.JPEG,n02641379,395,395,0.121322736,1,imagenet_c,defocus_blur,1,none
efficientnet_b4,ILSVRC2012_val_00032197.JPEG,n02641379,395,395,0.655697,1,imagenet_c,defocus_blur,1,none
efficientnet_b4,ILSVRC2012_val_00032439.JPEG,n02641379,395,395,0.19519804,1,imagenet_c,defocus_blur,1,none
efficientnet_b4,ILSVRC2012_val_00033453.JPEG,n02641379,395,103,0.25482473,0,imagenet_c,defocus_blur,1,none
efficientnet_b4,ILSVRC2012_val_00033535.JPEG,n02641379,395,429,0.05024821,0,imagenet_c,defocus_blur,1,none
efficientnet_b4,ILSVRC2012_val_00033541.JPEG,n02641379,395,395,0.27975816,1,imagenet_c,defocus_blur,1,none
efficientnet_b4,ILSVRC2012_val_00034140.JPEG,n02641379,395,138,0.018877558,0,imagenet_c,defocus_blur,1,none
efficientnet_b4,ILSVRC2012_val_00034354.JPEG,n02641379,395,395,0.572566,1,imagenet_c,defocus_blur,1,none
efficientnet_b4,ILSVRC2012_val_00035138.JPEG,n02641379,395,395,0.3945704,1,imagenet_c,defocus_blur,1,none
efficientnet_b4,ILSVRC2012_val_00035176.JPEG,n02641379,395,395,0.68382037,1,imagenet_c,defocus_blur,1,none
efficientnet_b4,ILSVRC2012_val_00035246.JPEG,n02641379,395,395,0.4543786,1,imagenet_c,defocus_blur,1,none
efficientnet_b4,ILSVRC2012_val_00036245.JPEG,n02641379,395,801,0.03384971,0,imagenet_c,defocus_blur,1,none
efficientnet_b4,ILSVRC2012_val_00038033.JPEG,n02641379,395,395,0.56879914,1,imagenet_c,defocus_blur,1,none
efficientnet_b4,ILSVRC2012_val_00039216.JPEG,n02641379,395,279,0.054544438,0,imagenet_c,defocus_blur,1,none
efficientnet_b4,ILSVRC2012_val_00040190.JPEG,n02641379,395,395,0.5594321,1,imagenet_c,defocus_blur,1,none
efficientnet_b4,ILSVRC2012_val_00041561.JPEG,n02641379,395,395,0.53993064,1,imagenet_c,defocus_blur,1,none
efficientnet_b4,ILSVRC2012_val_00042009.JPEG,n02641379,395,5,0.029148065,0,imagenet_c,defocus_blur,1,none
efficientnet_b4,ILSVRC2012_val_00043238.JPEG,n02641379,395,573,0.15882793,0,imagenet_c,defocus_blur,1,none
efficientnet_b4,ILSVRC2012_val_00045405.JPEG,n02641379,395,395,0.544425,1,imagenet_c,defocus_blur,1,none
efficientnet_b4,ILSVRC2012_val_00045585.JPEG,n02641379,395,395,0.10206568,1,imagenet_c,defocus_blur,1,none
efficientnet_b4,ILSVRC2012_val_00047270.JPEG,n02641379,395,395,0.6284685,1,imagenet_c,defocus_blur,1,none
efficientnet_b4,ILSVRC2012_val_00049738.JPEG,n02641379,395,395,0.4801592,1,imagenet_c,defocus_blur,1,none
efficientnet_b4,ILSVRC2012_val_00000196.JPEG,n02643566,396,396,0.4136316,1,imagenet_c,defocus_blur,1,none
efficientnet_b4,ILSVRC2012_val_00003094.JPEG,n02643566,396,123,0.12636942,0,imagenet_c,defocus_blur,1,none
efficientnet_b4,ILSVRC2012_val_00003610.JPEG,n02643566,396,396,0.5025292,1,imagenet_c,defocus_blur,1,none
efficientnet_b4,ILSVRC2012_val_00004055.JPEG,n02643566,396,396,0.6201319,1,imagenet_c,defocus_blur,1,none
efficientnet_b4,ILSVRC2012_val_00004464.JPEG,n02643566,396,396,0.6183142,1,imagenet_c,defocus_blur,1,none
efficientnet_b4,ILSVRC2012_val_00006214.JPEG,n02643566,396,396,0.46945864,1,imagenet_c,defocus_blur,1,none
efficientnet_b4,ILSVRC2012_val_00006279.JPEG,n02643566,396,396,0.48153624,1,imagenet_c,defocus_blur,1,none
efficientnet_b4,ILSVRC2012_val_00007738.JPEG,n02643566,396,396,0.2889547,1,imagenet_c,defocus_blur,1,none
efficientnet_b4,ILSVRC2012_val_00008448.JPEG,n02643566,396,396,0.5895301,1,imagenet_c,defocus_blur,1,none
efficientnet_b4,ILSVRC2012_val_00009165.JPEG,n02643566,396,396,0.5259691,1,imagenet_c,defocus_blur,1,none
efficientnet_b4,ILSVRC2012_val_00009533.JPEG,n02643566,396,396,0.41185132,1,imagenet_c,defocus_blur,1,none
efficientnet_b4,ILSVRC2012_val_00009572.JPEG,n02643566,396,396,0.5414243,1,imagenet_c,defocus_blur,1,none
efficientnet_b4,ILSVRC2012_val_00009617.JPEG,n02643566,396,396,0.2758016,1,imagenet_c,defocus_blur,1,none
efficientnet_b4,ILSVRC2012_val_00009748.JPEG,n02643566,396,396,0.5165965,1,imagenet_c,defocus_blur,1,none
efficientnet_b4,ILSVRC2012_val_00010161.JPEG,n02643566,396,396,0.49688703,1,imagenet_c,defocus_blur,1,none
efficientnet_b4,ILSVRC2012_val_00011576.JPEG,n02643566,396,396,0.5120861,1,imagenet_c,defocus_blur,1,none
efficientnet_b4,ILSVRC2012_val_00013360.JPEG,n02643566,396,396,0.5911196,1,imagenet_c,defocus_blur,1,none
efficientnet_b4,ILSVRC2012_val_00016143.JPEG,n02643566,396,396,0.5950094,1,imagenet_c,defocus_blur,1,none
efficientnet_b4,ILSVRC2012_val_00016698.JPEG,n02643566,396,328,0.18470053,0,imagenet_c,defocus_blur,1,none
efficientnet_b4,ILSVRC2012_val_00016731.JPEG,n02643566,396,396,0.50735396,1,imagenet_c,defocus_blur,1,none
efficientnet_b4,ILSVRC2012_val_00017008.JPEG,n02643566,396,396,0.5102807,1,imagenet_c,defocus_blur,1,none
efficientnet_b4,ILSVRC2012_val_00017239.JPEG,n02643566,396,396,0.46573386,1,imagenet_c,defocus_blur,1,none
efficientnet_b4,ILSVRC2012_val_00018784.JPEG,n02643566,396,973,0.17831829,0,imagenet_c,defocus_blur,1,none
efficientnet_b4,ILSVRC2012_val_00019791.JPEG,n02643566,396,396,0.11772416,1,imagenet_c,defocus_blur,1,none
efficientnet_b4,ILSVRC2012_val_00020622.JPEG,n02643566,396,396,0.4705213,1,imagenet_c,defocus_blur,1,none
efficientnet_b4,ILSVRC2012_val_00021303.JPEG,n02643566,396,65,0.0561219,0,imagenet_c,defocus_blur,1,none
efficientnet_b4,ILSVRC2012_val_00023806.JPEG,n02643566,396,396,0.41981295,1,imagenet_c,defocus_blur,1,none
efficientnet_b4,ILSVRC2012_val_00025355.JPEG,n02643566,396,396,0.4230848,1,imagenet_c,defocus_blur,1,none
efficientnet_b4,ILSVRC2012_val_00026234.JPEG,n02643566,396,396,0.45634496,1,imagenet_c,defocus_blur,1,none
efficientnet_b4,ILSVRC2012_val_00026770.JPEG,n02643566,396,396,0.3651972,1,imagenet_c,defocus_blur,1,none
efficientnet_b4,ILSVRC2012_val_00026873.JPEG,n02643566,396,396,0.5106556,1,imagenet_c,defocus_blur,1,none
efficientnet_b4,ILSVRC2012_val_00028415.JPEG,n02643566,396,396,0.59204996,1,imagenet_c,defocus_blur,1,none
efficientnet_b4,ILSVRC2012_val_00028968.JPEG,n02643566,396,396,0.4223508,1,imagenet_c,defocus_blur,1,none
efficientnet_b4,ILSVRC2012_val_00030309.JPEG,n02643566,396,396,0.46954998,1,imagenet_c,defocus_blur,1,none
efficientnet_b4,ILSVRC2012_val_00030781.JPEG,n02643566,396,396,0.30481815,1,imagenet_c,defocus_blur,1,none
efficientnet_b4,ILSVRC2012_val_00031194.JPEG,n02643566,396,396,0.22552422,1,imagenet_c,defocus_blur,1,none
efficientnet_b4,ILSVRC2012_val_00031935.JPEG,n02643566,396,973,0.1896428,0,imagenet_c,defocus_blur,1,none
efficientnet_b4,ILSVRC2012_val_00032375.JPEG,n02643566,396,328,0.09876763,0,imagenet_c,defocus_blur,1,none
efficientnet_b4,ILSVRC2012_val_00034623.JPEG,n02643566,396,396,0.57900196,1,imagenet_c,defocus_blur,1,none
efficientnet_b4,ILSVRC2012_val_00034998.JPEG,n02643566,396,396,0.40104425,1,imagenet_c,defocus_blur,1,none
efficientnet_b4,ILSVRC2012_val_00038020.JPEG,n02643566,396,396,0.4372917,1,imagenet_c,defocus_blur,1,none
efficientnet_b4,ILSVRC2012_val_00040079.JPEG,n02643566,396,396,0.47600234,1,imagenet_c,defocus_blur,1,none
efficientnet_b4,ILSVRC2012_val_00041221.JPEG,n02643566,396,396,0.5543973,1,imagenet_c,defocus_blur,1,none
efficientnet_b4,ILSVRC2012_val_00042126.JPEG,n02643566,396,396,0.361356,1,imagenet_c,defocus_blur,1,none
efficientnet_b4,ILSVRC2012_val_00043004.JPEG,n02643566,396,45,0.20476495,0,imagenet_c,defocus_blur,1,none
efficientnet_b4,ILSVRC2012_val_00044111.JPEG,n02643566,396,396,0.50572264,1,imagenet_c,defocus_blur,1,none
efficientnet_b4,ILSVRC2012_val_00046455.JPEG,n02643566,396,396,0.49975502,1,imagenet_c,defocus_blur,1,none
efficientnet_b4,ILSVRC2012_val_00046626.JPEG,n02643566,396,396,0.47625783,1,imagenet_c,defocus_blur,1,none
efficientnet_b4,ILSVRC2012_val_00047545.JPEG,n02643566,396,396,0.3935591,1,imagenet_c,defocus_blur,1,none
efficientnet_b4,ILSVRC2012_val_00049560.JPEG,n02643566,396,34,0.09775248,0,imagenet_c,defocus_blur,1,none
efficientnet_b4,ILSVRC2012_val_00000699.JPEG,n02655020,397,396,0.48617944,0,imagenet_c,defocus_blur,1,none
efficientnet_b4,ILSVRC2012_val_00000918.JPEG,n02655020,397,801,0.294487,0,imagenet_c,defocus_blur,1,none
efficientnet_b4,ILSVRC2012_val_00001193.JPEG,n02655020,397,116,0.26339522,0,imagenet_c,defocus_blur,1,none
efficientnet_b4,ILSVRC2012_val_00002401.JPEG,n02655020,397,397,0.33881974,1,imagenet_c,defocus_blur,1,none
efficientnet_b4,ILSVRC2012_val_00005213.JPEG,n02655020,397,397,0.18241642,1,imagenet_c,defocus_blur,1,none
efficientnet_b4,ILSVRC2012_val_00006080.JPEG,n02655020,397,397,0.50912416,1,imagenet_c,defocus_blur,1,none
efficientnet_b4,ILSVRC2012_val_00007185.JPEG,n02655020,397,397,0.26698697,1,imagenet_c,defocus_blur,1,none
efficientnet_b4,ILSVRC2012_val_00008184.JPEG,n02655020,397,397,0.50669944,1,imagenet_c,defocus_blur,1,none
efficientnet_b4,ILSVRC2012_val_00008212.JPEG,n02655020,397,2,0.22904864,0,imagenet_c,defocus_blur,1,none
efficientnet_b4,ILSVRC2012_val_00008373.JPEG,n02655020,397,397,0.5166721,1,imagenet_c,defocus_blur,1,none
efficientnet_b4,ILSVRC2012_val_00008604.JPEG,n02655020,397,1,0.21864784,0,imagenet_c,defocus_blur,1,none
efficientnet_b4,ILSVRC2012_val_00008730.JPEG,n02655020,397,397,0.5054559,1,imagenet_c,defocus_blur,1,none
efficientnet_b4,ILSVRC2012_val_00009982.JPEG,n02655020,397,983,0.3658463,0,imagenet_c,defocus_blur,1,none
efficientnet_b4,ILSVRC2012_val_00010683.JPEG,n02655020,397,390,0.22963262,0,imagenet_c,defocus_blur,1,none
efficientnet_b4,ILSVRC2012_val_00011123.JPEG,n02655020,397,392,0.27562612,0,imagenet_c,defocus_blur,1,none
efficientnet_b4,ILSVRC2012_val_00011321.JPEG,n02655020,397,397,0.53328365,1,imagenet_c,defocus_blur,1,none
efficientnet_b4,ILSVRC2012_val_00012005.JPEG,n02655020,397,397,0.60201865,1,imagenet_c,defocus_blur,1,none
efficientnet_b4,ILSVRC2012_val_00012138.JPEG,n02655020,397,397,0.51965946,1,imagenet_c,defocus_blur,1,none
efficientnet_b4,ILSVRC2012_val_00013189.JPEG,n02655020,397,397,0.2722194,1,imagenet_c,defocus_blur,1,none
efficientnet_b4,ILSVRC2012_val_00014195.JPEG,n02655020,397,397,0.52985454,1,imagenet_c,defocus_blur,1,none
efficientnet_b4,ILSVRC2012_val_00017947.JPEG,n02655020,397,397,0.62487036,1,imagenet_c,defocus_blur,1,none
efficientnet_b4,ILSVRC2012_val_00018606.JPEG,n02655020,397,390,0.042965855,0,imagenet_c,defocus_blur,1,none
efficientnet_b4,ILSVRC2012_val_00018824.JPEG,n02655020,397,397,0.45143414,1,imagenet_c,defocus_blur,1,none
efficientnet_b4,ILSVRC2012_val_00019369.JPEG,n02655020,397,104,0.042073797,0,imagenet_c,defocus_blur,1,none
efficientnet_b4,ILSVRC2012_val_00019403.JPEG,n02655020,397,397,0.69973475,1,imagenet_c,defocus_blur,1,none
efficientnet_b4,ILSVRC2012_val_00019539.JPEG,n02655020,397,397,0.20168841,1,imagenet_c,defocus_blur,1,none
efficientnet_b4,ILSVRC2012_val_00020220.JPEG,n02655020,397,397,0.21363789,1,imagenet_c,defocus_blur,1,none
efficientnet_b4,ILSVRC2012_val_00021476.JPEG,n02655020,397,397,0.56369287,1,imagenet_c,defocus_blur,1,none
efficientnet_b4,ILSVRC2012_val_00023468.JPEG,n02655020,397,397,0.6393263,1,imagenet_c,defocus_blur,1,none
efficientnet_b4,ILSVRC2012_val_00025174.JPEG,n02655020,397,397,0.6943956,1,imagenet_c,defocus_blur,1,none
efficientnet_b4,ILSVRC2012_val_00025407.JPEG,n02655020,397,397,0.4898028,1,imagenet_c,defocus_blur,1,none
efficientnet_b4,ILSVRC2012_val_00027264.JPEG,n02655020,397,397,0.63188154,1,imagenet_c,defocus_blur,1,none
efficientnet_b4,ILSVRC2012_val_00028749.JPEG,n02655020,397,397,0.6004832,1,imagenet_c,defocus_blur,1,none
efficientnet_b4,ILSVRC2012_val_00029587.JPEG,n02655020,397,397,0.6396714,1,imagenet_c,defocus_blur,1,none
efficientnet_b4,ILSVRC2012_val_00029877.JPEG,n02655020,397,5,0.21325563,0,imagenet_c,defocus_blur,1,none
efficientnet_b4,ILSVRC2012_val_00032907.JPEG,n02655020,397,397,0.31820136,1,imagenet_c,defocus_blur,1,none
efficientnet_b4,ILSVRC2012_val_00033507.JPEG,n02655020,397,5,0.22216117,0,imagenet_c,defocus_blur,1,none
efficientnet_b4,ILSVRC2012_val_00033584.JPEG,n02655020,397,5,0.5912089,0,imagenet_c,defocus_blur,1,none
efficientnet_b4,ILSVRC2012_val_00034545.JPEG,n02655020,397,296,0.090059556,0,imagenet_c,defocus_blur,1,none
efficientnet_b4,ILSVRC2012_val_00035415.JPEG,n02655020,397,397,0.28545484,1,imagenet_c,defocus_blur,1,none
efficientnet_b4,ILSVRC2012_val_00036016.JPEG,n02655020,397,397,0.5650538,1,imagenet_c,defocus_blur,1,none
efficientnet_b4,ILSVRC2012_val_00038928.JPEG,n02655020,397,397,0.48406532,1,imagenet_c,defocus_blur,1,none
efficientnet_b4,ILSVRC2012_val_00041768.JPEG,n02655020,397,329,0.10076199,0,imagenet_c,defocus_blur,1,none
efficientnet_b4,ILSVRC2012_val_00042896.JPEG,n02655020,397,397,0.41745812,1,imagenet_c,defocus_blur,1,none
efficientnet_b4,ILSVRC2012_val_00043722.JPEG,n02655020,397,397,0.6268616,1,imagenet_c,defocus_blur,1,none
efficientnet_b4,ILSVRC2012_val_00043777.JPEG,n02655020,397,397,0.66342723,1,imagenet_c,defocus_blur,1,none
efficientnet_b4,ILSVRC2012_val_00044313.JPEG,n02655020,397,334,0.34472668,0,imagenet_c,defocus_blur,1,none
efficientnet_b4,ILSVRC2012_val_00044946.JPEG,n02655020,397,397,0.38550815,1,imagenet_c,defocus_blur,1,none
efficientnet_b4,ILSVRC2012_val_00045811.JPEG,n02655020,397,397,0.36302713,1,imagenet_c,defocus_blur,1,none
efficientnet_b4,ILSVRC2012_val_00049696.JPEG,n02655020,397,390,0.39357805,0,imagenet_c,defocus_blur,1,none
efficientnet_b4,ILSVRC2012_val_00000038.JPEG,n02666196,398,398,0.45703954,1,imagenet_c,defocus_blur,1,none
efficientnet_b4,ILSVRC2012_val_00000417.JPEG,n02666196,398,398,0.65049595,1,imagenet_c,defocus_blur,1,none
efficientnet_b4,ILSVRC2012_val_00000499.JPEG,n02666196,398,398,0.689835,1,imagenet_c,defocus_blur,1,none
efficientnet_b4,ILSVRC2012_val_00001332.JPEG,n02666196,398,772,0.5619302,0,imagenet_c,defocus_blur,1,none
efficientnet_b4,ILSVRC2012_val_00001540.JPEG,n02666196,398,398,0.7182841,1,imagenet_c,defocus_blur,1,none
efficientnet_b4,ILSVRC2012_val_00002148.JPEG,n02666196,398,398,0.10390687,1,imagenet_c,defocus_blur,1,none
efficientnet_b4,ILSVRC2012_val_00002651.JPEG,n02666196,398,804,0.07854013,0,imagenet_c,defocus_blur,1,none
efficientnet_b4,ILSVRC2012_val_00005313.JPEG,n02666196,398,679,0.45820484,0,imagenet_c,defocus_blur,1,none
efficientnet_b4,ILSVRC2012_val_00005970.JPEG,n02666196,398,854,0.3628831,0,imagenet_c,defocus_blur,1,none
efficientnet_b4,ILSVRC2012_val_00006038.JPEG,n02666196,398,772,0.19739814,0,imagenet_c,defocus_blur,1,none
efficientnet_b4,ILSVRC2012_val_00007747.JPEG,n02666196,398,626,0.06876505,0,imagenet_c,defocus_blur,1,none
efficientnet_b4,ILSVRC2012_val_00008091.JPEG,n02666196,398,398,0.64290226,1,imagenet_c,defocus_blur,1,none
efficientnet_b4,ILSVRC2012_val_00008875.JPEG,n02666196,398,398,0.61254996,1,imagenet_c,defocus_blur,1,none
efficientnet_b4,ILSVRC2012_val_00009486.JPEG,n02666196,398,398,0.7323444,1,imagenet_c,defocus_blur,1,none
efficientnet_b4,ILSVRC2012_val_00009782.JPEG,n02666196,398,398,0.5070398,1,imagenet_c,defocus_blur,1,none
efficientnet_b4,ILSVRC2012_val_00013041.JPEG,n02666196,398,398,0.6082279,1,imagenet_c,defocus_blur,1,none
efficientnet_b4,ILSVRC2012_val_00016236.JPEG,n02666196,398,398,0.21017385,1,imagenet_c,defocus_blur,1,none
efficientnet_b4,ILSVRC2012_val_00019623.JPEG,n02666196,398,398,0.6707229,1,imagenet_c,defocus_blur,1,none
efficientnet_b4,ILSVRC2012_val_00019872.JPEG,n02666196,398,508,0.2725808,0,imagenet_c,defocus_blur,1,none
efficientnet_b4,ILSVRC2012_val_00023881.JPEG,n02666196,398,545,0.101021685,0,imagenet_c,defocus_blur,1,none
efficientnet_b4,ILSVRC2012_val_00024965.JPEG,n02666196,398,398,0.5366652,1,imagenet_c,defocus_blur,1,none
efficientnet_b4,ILSVRC2012_val_00025605.JPEG,n02666196,398,398,0.6181596,1,imagenet_c,defocus_blur,1,none
efficientnet_b4,ILSVRC2012_val_00026515.JPEG,n02666196,398,398,0.40539506,1,imagenet_c,defocus_blur,1,none
efficientnet_b4,ILSVRC2012_val_00026751.JPEG,n02666196,398,398,0.2674306,1,imagenet_c,defocus_blur,1,none
efficientnet_b4,ILSVRC2012_val_00026930.JPEG,n02666196,398,398,0.39013702,1,imagenet_c,defocus_blur,1,none
efficientnet_b4,ILSVRC2012_val_00029302.JPEG,n02666196,398,563,0.10838129,0,imagenet_c,defocus_blur,1,none
efficientnet_b4,ILSVRC2012_val_00030552.JPEG,n02666196,398,398,0.78423667,1,imagenet_c,defocus_blur,1,none
efficientnet_b4,ILSVRC2012_val_00030832.JPEG,n02666196,398,398,0.6231903,1,imagenet_c,defocus_blur,1,none
efficientnet_b4,ILSVRC2012_val_00031659.JPEG,n02666196,398,769,0.22890116,0,imagenet_c,defocus_blur,1,none
efficientnet_b4,ILSVRC2012_val_00033156.JPEG,n02666196,398,398,0.49572495,1,imagenet_c,defocus_blur,1,none
efficientnet_b4,ILSVRC2012_val_00033282.JPEG,n02666196,398,398,0.31645346,1,imagenet_c,defocus_blur,1,none
efficientnet_b4,ILSVRC2012_val_00034444.JPEG,n02666196,398,398,0.47746634,1,imagenet_c,defocus_blur,1,none
efficientnet_b4,ILSVRC2012_val_00034718.JPEG,n02666196,398,532,0.51108366,0,imagenet_c,defocus_blur,1,none
efficientnet_b4,ILSVRC2012_val_00036258.JPEG,n02666196,398,398,0.71690345,1,imagenet_c,defocus_blur,1,none
efficientnet_b4,ILSVRC2012_val_00036680.JPEG,n02666196,398,398,0.45336643,1,imagenet_c,defocus_blur,1,none
efficientnet_b4,ILSVRC2012_val_00037785.JPEG,n02666196,398,398,0.618883,1,imagenet_c,defocus_blur,1,none
efficientnet_b4,ILSVRC2012_val_00038165.JPEG,n02666196,398,398,0.7878836,1,imagenet_c,defocus_blur,1,none
efficientnet_b4,ILSVRC2012_val_00038619.JPEG,n02666196,398,398,0.71602464,1,imagenet_c,defocus_blur,1,none
efficientnet_b4,ILSVRC2012_val_00038792.JPEG,n02666196,398,398,0.6883612,1,imagenet_c,defocus_blur,1,none
efficientnet_b4,ILSVRC2012_val_00038861.JPEG,n02666196,398,398,0.5568885,1,imagenet_c,defocus_blur,1,none
efficientnet_b4,ILSVRC2012_val_00040689.JPEG,n02666196,398,784,0.3429587,0,imagenet_c,defocus_blur,1,none
efficientnet_b4,ILSVRC2012_val_00041192.JPEG,n02666196,398,398,0.7102998,1,imagenet_c,defocus_blur,1,none
efficientnet_b4,ILSVRC2012_val_00041562.JPEG,n02666196,398,865,0.12729819,0,imagenet_c,defocus_blur,1,none
efficientnet_b4,ILSVRC2012_val_00042813.JPEG,n02666196,398,398,0.49082118,1,imagenet_c,defocus_blur,1,none
efficientnet_b4,ILSVRC2012_val_00045583.JPEG,n02666196,398,398,0.664235,1,imagenet_c,defocus_blur,1,none
efficientnet_b4,ILSVRC2012_val_00047040.JPEG,n02666196,398,398,0.6934834,1,imagenet_c,defocus_blur,1,none
efficientnet_b4,ILSVRC2012_val_00047691.JPEG,n02666196,398,398,0.68877065,1,imagenet_c,defocus_blur,1,none
efficientnet_b4,ILSVRC2012_val_00048775.JPEG,n02666196,398,398,0.61418164,1,imagenet_c,defocus_blur,1,none
efficientnet_b4,ILSVRC2012_val_00048804.JPEG,n02666196,398,507,0.0663578,0,imagenet_c,defocus_blur,1,none
efficientnet_b4,ILSVRC2012_val_00049012.JPEG,n02666196,398,398,0.76610285,1,imagenet_c,defocus_blur,1,none
efficientnet_b4,ILSVRC2012_val_00001285.JPEG,n02667093,399,399,0.58836806,1,imagenet_c,defocus_blur,1,none
efficientnet_b4,ILSVRC2012_val_00001495.JPEG,n02667093,399,399,0.6120159,1,imagenet_c,defocus_blur,1,none
efficientnet_b4,ILSVRC2012_val_00001774.JPEG,n02667093,399,399,0.727612,1,imagenet_c,defocus_blur,1,none
efficientnet_b4,ILSVRC2012_val_00005187.JPEG,n02667093,399,399,0.4204028,1,imagenet_c,defocus_blur,1,none
efficientnet_b4,ILSVRC2012_val_00005439.JPEG,n02667093,399,400,0.5059097,0,imagenet_c,defocus_blur,1,none
efficientnet_b4,ILSVRC2012_val_00005691.JPEG,n02667093,399,399,0.72138536,1,imagenet_c,defocus_blur,1,none
efficientnet_b4,ILSVRC2012_val_00006550.JPEG,n02667093,399,399,0.36075938,1,imagenet_c,defocus_blur,1,none
efficientnet_b4,ILSVRC2012_val_00006888.JPEG,n02667093,399,399,0.4569364,1,imagenet_c,defocus_blur,1,none
efficientnet_b4,ILSVRC2012_val_00007974.JPEG,n02667093,399,400,0.2791999,0,imagenet_c,defocus_blur,1,none
efficientnet_b4,ILSVRC2012_val_00008447.JPEG,n02667093,399,399,0.3413479,1,imagenet_c,defocus_blur,1,none
efficientnet_b4,ILSVRC2012_val_00008504.JPEG,n02667093,399,399,0.41823992,1,imagenet_c,defocus_blur,1,none
efficientnet_b4,ILSVRC2012_val_00009218.JPEG,n02667093,399,501,0.10376968,0,imagenet_c,defocus_blur,1,none
efficientnet_b4,ILSVRC2012_val_00010498.JPEG,n02667093,399,399,0.310731,1,imagenet_c,defocus_blur,1,none
efficientnet_b4,ILSVRC2012_val_00010876.JPEG,n02667093,399,399,0.65656406,1,imagenet_c,defocus_blur,1,none
efficientnet_b4,ILSVRC2012_val_00011829.JPEG,n02667093,399,399,0.2228587,1,imagenet_c,defocus_blur,1,none
efficientnet_b4,ILSVRC2012_val_00011953.JPEG,n02667093,399,869,0.2725509,0,imagenet_c,defocus_blur,1,none
efficientnet_b4,ILSVRC2012_val_00013912.JPEG,n02667093,399,399,0.20115799,1,imagenet_c,defocus_blur,1,none
efficientnet_b4,ILSVRC2012_val_00014574.JPEG,n02667093,399,399,0.6311941,1,imagenet_c,defocus_blur,1,none
efficientnet_b4,ILSVRC2012_val_00017329.JPEG,n02667093,399,399,0.5352048,1,imagenet_c,defocus_blur,1,none
efficientnet_b4,ILSVRC2012_val_00019640.JPEG,n02667093,399,399,0.5523779,1,imagenet_c,defocus_blur,1,none
efficientnet_b4,ILSVRC2012_val_00021534.JPEG,n02667093,399,399,0.7144862,1,imagenet_c,defocus_blur,1,none
efficientnet_b4,ILSVRC2012_val_00021826.JPEG,n02667093,399,399,0.77469784,1,imagenet_c,defocus_blur,1,none
efficientnet_b4,ILSVRC2012_val_00022263.JPEG,n02667093,399,399,0.41603023,1,imagenet_c,defocus_blur,1,none
efficientnet_b4,ILSVRC2012_val_00025346.JPEG,n02667093,399,399,0.5719359,1,imagenet_c,defocus_blur,1,none
efficientnet_b4,ILSVRC2012_val_00026134.JPEG,n02667093,399,399,0.5457053,1,imagenet_c,defocus_blur,1,none
efficientnet_b4,ILSVRC2012_val_00026236.JPEG,n02667093,399,399,0.4366604,1,imagenet_c,defocus_blur,1,none
efficientnet_b4,ILSVRC2012_val_00027935.JPEG,n02667093,399,399,0.53035414,1,imagenet_c,defocus_blur,1,none
efficientnet_b4,ILSVRC2012_val_00028919.JPEG,n02667093,399,704,0.0422638,0,imagenet_c,defocus_blur,1,none
efficientnet_b4,ILSVRC2012_val_00029163.JPEG,n02667093,399,400,0.09234595,0,imagenet_c,defocus_blur,1,none
efficientnet_b4,ILSVRC2012_val_00029439.JPEG,n02667093,399,399,0.23695675,1,imagenet_c,defocus_blur,1,none
efficientnet_b4,ILSVRC2012_val_00030369.JPEG,n02667093,399,399,0.26971456,1,imagenet_c,defocus_blur,1,none
efficientnet_b4,ILSVRC2012_val_00031515.JPEG,n02667093,399,399,0.57484704,1,imagenet_c,defocus_blur,1,none
efficientnet_b4,ILSVRC2012_val_00032210.JPEG,n02667093,399,399,0.42456466,1,imagenet_c,defocus_blur,1,none
efficientnet_b4,ILSVRC2012_val_00033258.JPEG,n02667093,399,399,0.4008992,1,imagenet_c,defocus_blur,1,none
efficientnet_b4,ILSVRC2012_val_00033550.JPEG,n02667093,399,399,0.22779097,1,imagenet_c,defocus_blur,1,none
efficientnet_b4,ILSVRC2012_val_00035215.JPEG,n02667093,399,399,0.74640733,1,imagenet_c,defocus_blur,1,none
efficientnet_b4,ILSVRC2012_val_00035834.JPEG,n02667093,399,399,0.3155337,1,imagenet_c,defocus_blur,1,none
efficientnet_b4,ILSVRC2012_val_00040700.JPEG,n02667093,399,399,0.6164786,1,imagenet_c,defocus_blur,1,none
efficientnet_b4,ILSVRC2012_val_00041090.JPEG,n02667093,399,399,0.3236289,1,imagenet_c,defocus_blur,1,none
efficientnet_b4,ILSVRC2012_val_00042581.JPEG,n02667093,399,399,0.48931924,1,imagenet_c,defocus_blur,1,none
efficientnet_b4,ILSVRC2012_val_00043961.JPEG,n02667093,399,399,0.47202688,1,imagenet_c,defocus_blur,1,none
efficientnet_b4,ILSVRC2012_val_00044339.JPEG,n02667093,399,969,0.05783577,0,imagenet_c,defocus_blur,1,none
efficientnet_b4,ILSVRC2012_val_00045608.JPEG,n02667093,399,399,0.6656507,1,imagenet_c,defocus_blur,1,none
efficientnet_b4,ILSVRC2012_val_00046226.JPEG,n02667093,399,796,0.5111847,0,imagenet_c,defocus_blur,1,none
efficientnet_b4,ILSVRC2012_val_00046869.JPEG,n02667093,399,399,0.41361734,1,imagenet_c,defocus_blur,1,none
efficientnet_b4,ILSVRC2012_val_00046940.JPEG,n02667093,399,399,0.7138242,1,imagenet_c,defocus_blur,1,none
efficientnet_b4,ILSVRC2012_val_00048389.JPEG,n02667093,399,399,0.74377525,1,imagenet_c,defocus_blur,1,none
efficientnet_b4,ILSVRC2012_val_00048585.JPEG,n02667093,399,501,0.1355554,0,imagenet_c,defocus_blur,1,none
efficientnet_b4,ILSVRC2012_val_00048660.JPEG,n02667093,399,743,0.26180255,0,imagenet_c,defocus_blur,1,none
efficientnet_b4,ILSVRC2012_val_00049989.JPEG,n02667093,399,399,0.23277922,1,imagenet_c,defocus_blur,1,none
efficientnet_b4,ILSVRC2012_val_00000851.JPEG,n02669723,400,400,0.28738484,1,imagenet_c,defocus_blur,1,none
efficientnet_b4,ILSVRC2012_val_00002220.JPEG,n02669723,400,642,0.40986565,0,imagenet_c,defocus_blur,1,none
efficientnet_b4,ILSVRC2012_val_00003289.JPEG,n02669723,400,400,0.67720485,1,imagenet_c,defocus_blur,1,none
efficientnet_b4,ILSVRC2012_val_00004101.JPEG,n02669723,400,400,0.58207965,1,imagenet_c,defocus_blur,1,none
efficientnet_b4,ILSVRC2012_val_00005192.JPEG,n02669723,400,400,0.6609675,1,imagenet_c,defocus_blur,1,none
efficientnet_b4,ILSVRC2012_val_00005400.JPEG,n02669723,400,667,0.3302617,0,imagenet_c,defocus_blur,1,none
efficientnet_b4,ILSVRC2012_val_00008367.JPEG,n02669723,400,642,0.18123247,0,imagenet_c,defocus_blur,1,none
efficientnet_b4,ILSVRC2012_val_00008937.JPEG,n02669723,400,400,0.5336248,1,imagenet_c,defocus_blur,1,none
efficientnet_b4,ILSVRC2012_val_00009522.JPEG,n02669723,400,667,0.33864278,0,imagenet_c,defocus_blur,1,none
efficientnet_b4,ILSVRC2012_val_00010024.JPEG,n02669723,400,400,0.42821184,1,imagenet_c,defocus_blur,1,none
efficientnet_b4,ILSVRC2012_val_00011496.JPEG,n02669723,400,400,0.40375963,1,imagenet_c,defocus_blur,1,none
efficientnet_b4,ILSVRC2012_val_00012083.JPEG,n02669723,400,400,0.6754722,1,imagenet_c,defocus_blur,1,none
efficientnet_b4,ILSVRC2012_val_00012762.JPEG,n02669723,400,400,0.1200553,1,imagenet_c,defocus_blur,1,none
efficientnet_b4,ILSVRC2012_val_00015594.JPEG,n02669723,400,400,0.16743177,1,imagenet_c,defocus_blur,1,none
efficientnet_b4,ILSVRC2012_val_00016186.JPEG,n02669723,400,667,0.26120588,0,imagenet_c,defocus_blur,1,none
efficientnet_b4,ILSVRC2012_val_00016845.JPEG,n02669723,400,400,0.47617018,1,imagenet_c,defocus_blur,1,none
efficientnet_b4,ILSVRC2012_val_00019360.JPEG,n02669723,400,400,0.5094281,1,imagenet_c,defocus_blur,1,none
efficientnet_b4,ILSVRC2012_val_00020475.JPEG,n02669723,400,400,0.6506074,1,imagenet_c,defocus_blur,1,none
efficientnet_b4,ILSVRC2012_val_00021881.JPEG,n02669723,400,400,0.4478118,1,imagenet_c,defocus_blur,1,none
efficientnet_b4,ILSVRC2012_val_00022883.JPEG,n02669723,400,400,0.5273456,1,imagenet_c,defocus_blur,1,none
efficientnet_b4,ILSVRC2012_val_00022987.JPEG,n02669723,400,400,0.23789465,1,imagenet_c,defocus_blur,1,none
efficientnet_b4,ILSVRC2012_val_00023217.JPEG,n02669723,400,663,0.14662364,0,imagenet_c,defocus_blur,1,none
efficientnet_b4,ILSVRC2012_val_00024610.JPEG,n02669723,400,400,0.33058476,1,imagenet_c,defocus_blur,1,none
efficientnet_b4,ILSVRC2012_val_00027880.JPEG,n02669723,400,400,0.57137346,1,imagenet_c,defocus_blur,1,none
efficientnet_b4,ILSVRC2012_val_00028563.JPEG,n02669723,400,400,0.52527475,1,imagenet_c,defocus_blur,1,none
efficientnet_b4,ILSVRC2012_val_00029372.JPEG,n02669723,400,400,0.16586787,1,imagenet_c,defocus_blur,1,none
efficientnet_b4,ILSVRC2012_val_00034081.JPEG,n02669723,400,693,0.048666436,0,imagenet_c,defocus_blur,1,none
efficientnet_b4,ILSVRC2012_val_00034987.JPEG,n02669723,400,400,0.6525916,1,imagenet_c,defocus_blur,1,none
efficientnet_b4,ILSVRC2012_val_00035084.JPEG,n02669723,400,400,0.73556304,1,imagenet_c,defocus_blur,1,none
efficientnet_b4,ILSVRC2012_val_00037014.JPEG,n02669723,400,487,0.0757567,0,imagenet_c,defocus_blur,1,none
efficientnet_b4,ILSVRC2012_val_00038190.JPEG,n02669723,400,400,0.59291697,1,imagenet_c,defocus_blur,1,none
efficientnet_b4,ILSVRC2012_val_00038753.JPEG,n02669723,400,400,0.37844196,1,imagenet_c,defocus_blur,1,none
efficientnet_b4,ILSVRC2012_val_00039353.JPEG,n02669723,400,522,0.022317361,0,imagenet_c,defocus_blur,1,none
efficientnet_b4,ILSVRC2012_val_00040365.JPEG,n02669723,400,400,0.27239576,1,imagenet_c,defocus_blur,1,none
efficientnet_b4,ILSVRC2012_val_00041554.JPEG,n02669723,400,400,0.45323426,1,imagenet_c,defocus_blur,1,none
efficientnet_b4,ILSVRC2012_val_00041717.JPEG,n02669723,400,400,0.5449349,1,imagenet_c,defocus_blur,1,none
efficientnet_b4,ILSVRC2012_val_00043033.JPEG,n02669723,400,400,0.34375703,1,imagenet_c,defocus_blur,1,none
efficientnet_b4,ILSVRC2012_val_00044045.JPEG,n02669723,400,400,0.687361,1,imagenet_c,defocus_blur,1,none
efficientnet_b4,ILSVRC2012_val_00044272.JPEG,n02669723,400,400,0.7390651,1,imagenet_c,defocus_blur,1,none
efficientnet_b4,ILSVRC2012_val_00045424.JPEG,n02669723,400,400,0.15674396,1,imagenet_c,defocus_blur,1,none
efficientnet_b4,ILSVRC2012_val_00045524.JPEG,n02669723,400,400,0.42199764,1,imagenet_c,defocus_blur,1,none
efficientnet_b4,ILSVRC2012_val_00045996.JPEG,n02669723,400,747,0.09823154,0,imagenet_c,defocus_blur,1,none
efficientnet_b4,ILSVRC2012_val_00046084.JPEG,n02669723,400,400,0.38762328,1,imagenet_c,defocus_blur,1,none
efficientnet_b4,ILSVRC2012_val_00046320.JPEG,n02669723,400,400,0.3641208,1,imagenet_c,defocus_blur,1,none
efficientnet_b4,ILSVRC2012_val_00047015.JPEG,n02669723,400,400,0.593435,1,imagenet_c,defocus_blur,1,none
efficientnet_b4,ILSVRC2012_val_00047254.JPEG,n02669723,400,400,0.56120574,1,imagenet_c,defocus_blur,1,none
efficientnet_b4,ILSVRC2012_val_00047602.JPEG,n02669723,400,667,0.1115588,0,imagenet_c,defocus_blur,1,none
efficientnet_b4,ILSVRC2012_val_00047615.JPEG,n02669723,400,400,0.51700956,1,imagenet_c,defocus_blur,1,none
efficientnet_b4,ILSVRC2012_val_00047932.JPEG,n02669723,400,439,0.46247697,0,imagenet_c,defocus_blur,1,none
efficientnet_b4,ILSVRC2012_val_00049061.JPEG,n02669723,400,400,0.4729214,1,imagenet_c,defocus_blur,1,none
efficientnet_b4,ILSVRC2012_val_00000204.JPEG,n02672831,401,416,0.38004318,0,imagenet_c,defocus_blur,1,none
efficientnet_b4,ILSVRC2012_val_00001317.JPEG,n02672831,401,401,0.23874828,1,imagenet_c,defocus_blur,1,none
efficientnet_b4,ILSVRC2012_val_00001431.JPEG,n02672831,401,401,0.6406866,1,imagenet_c,defocus_blur,1,none
efficientnet_b4,ILSVRC2012_val_00001769.JPEG,n02672831,401,401,0.71044093,1,imagenet_c,defocus_blur,1,none
efficientnet_b4,ILSVRC2012_val_00002361.JPEG,n02672831,401,401,0.7099051,1,imagenet_c,defocus_blur,1,none
efficientnet_b4,ILSVRC2012_val_00002408.JPEG,n02672831,401,401,0.572611,1,imagenet_c,defocus_blur,1,none
efficientnet_b4,ILSVRC2012_val_00003432.JPEG,n02672831,401,401,0.29770598,1,imagenet_c,defocus_blur,1,none
efficientnet_b4,ILSVRC2012_val_00003980.JPEG,n02672831,401,401,0.45864114,1,imagenet_c,defocus_blur,1,none
efficientnet_b4,ILSVRC2012_val_00004424.JPEG,n02672831,401,401,0.61829853,1,imagenet_c,defocus_blur,1,none
efficientnet_b4,ILSVRC2012_val_00004656.JPEG,n02672831,401,401,0.4274564,1,imagenet_c,defocus_blur,1,none
efficientnet_b4,ILSVRC2012_val_00004817.JPEG,n02672831,401,401,0.3482413,1,imagenet_c,defocus_blur,1,none
efficientnet_b4,ILSVRC2012_val_00005924.JPEG,n02672831,401,401,0.6050723,1,imagenet_c,defocus_blur,1,none
efficientnet_b4,ILSVRC2012_val_00006152.JPEG,n02672831,401,401,0.35428095,1,imagenet_c,defocus_blur,1,none
efficientnet_b4,ILSVRC2012_val_00007271.JPEG,n02672831,401,401,0.5221441,1,imagenet_c,defocus_blur,1,none
efficientnet_b4,ILSVRC2012_val_00007453.JPEG,n02672831,401,401,0.64074856,1,imagenet_c,defocus_blur,1,none
efficientnet_b4,ILSVRC2012_val_00009350.JPEG,n02672831,401,401,0.5018739,1,imagenet_c,defocus_blur,1,none
efficientnet_b4,ILSVRC2012_val_00009600.JPEG,n02672831,401,401,0.20303486,1,imagenet_c,defocus_blur,1,none
efficientnet_b4,ILSVRC2012_val_00009773.JPEG,n02672831,401,829,0.094373725,0,imagenet_c,defocus_blur,1,none
efficientnet_b4,ILSVRC2012_val_00013022.JPEG,n02672831,401,401,0.5327299,1,imagenet_c,defocus_blur,1,none
efficientnet_b4,ILSVRC2012_val_00013625.JPEG,n02672831,401,401,0.49350965,1,imagenet_c,defocus_blur,1,none
efficientnet_b4,ILSVRC2012_val_00013831.JPEG,n02672831,401,401,0.5744303,1,imagenet_c,defocus_blur,1,none
efficientnet_b4,ILSVRC2012_val_00016925.JPEG,n02672831,401,401,0.5411056,1,imagenet_c,defocus_blur,1,none
efficientnet_b4,ILSVRC2012_val_00018139.JPEG,n02672831,401,401,0.37500972,1,imagenet_c,defocus_blur,1,none
efficientnet_b4,ILSVRC2012_val_00020900.JPEG,n02672831,401,401,0.49489683,1,imagenet_c,defocus_blur,1,none
efficientnet_b4,ILSVRC2012_val_00021384.JPEG,n02672831,401,401,0.4912759,1,imagenet_c,defocus_blur,1,none
efficientnet_b4,ILSVRC2012_val_00022519.JPEG,n02672831,401,401,0.5207955,1,imagenet_c,defocus_blur,1,none
efficientnet_b4,ILSVRC2012_val_00025386.JPEG,n02672831,401,401,0.6608238,1,imagenet_c,defocus_blur,1,none
efficientnet_b4,ILSVRC2012_val_00025574.JPEG,n02672831,401,683,0.3917233,0,imagenet_c,defocus_blur,1,none
efficientnet_b4,ILSVRC2012_val_00026627.JPEG,n02672831,401,401,0.47717628,1,imagenet_c,defocus_blur,1,none
efficientnet_b4,ILSVRC2012_val_00028037.JPEG,n02672831,401,401,0.41217208,1,imagenet_c,defocus_blur,1,none
efficientnet_b4,ILSVRC2012_val_00028117.JPEG,n02672831,401,401,0.49498412,1,imagenet_c,defocus_blur,1,none
efficientnet_b4,ILSVRC2012_val_00028627.JPEG,n02672831,401,401,0.55166405,1,imagenet_c,defocus_blur,1,none
efficientnet_b4,ILSVRC2012_val_00028819.JPEG,n02672831,401,401,0.43372503,1,imagenet_c,defocus_blur,1,none
efficientnet_b4,ILSVRC2012_val_00029963.JPEG,n02672831,401,401,0.65767026,1,imagenet_c,defocus_blur,1,none
efficientnet_b4,ILSVRC2012_val_00030312.JPEG,n02672831,401,401,0.6104129,1,imagenet_c,defocus_blur,1,none
efficientnet_b4,ILSVRC2012_val_00033209.JPEG,n02672831,401,401,0.63094336,1,imagenet_c,defocus_blur,1,none
efficientnet_b4,ILSVRC2012_val_00033520.JPEG,n02672831,401,401,0.5033165,1,imagenet_c,defocus_blur,1,none
efficientnet_b4,ILSVRC2012_val_00034116.JPEG,n02672831,401,401,0.14845447,1,imagenet_c,defocus_blur,1,none
efficientnet_b4,ILSVRC2012_val_00034486.JPEG,n02672831,401,401,0.5594023,1,imagenet_c,defocus_blur,1,none
efficientnet_b4,ILSVRC2012_val_00038395.JPEG,n02672831,401,401,0.10784304,1,imagenet_c,defocus_blur,1,none
efficientnet_b4,ILSVRC2012_val_00040418.JPEG,n02672831,401,819,0.14327802,0,imagenet_c,defocus_blur,1,none
efficientnet_b4,ILSVRC2012_val_00040830.JPEG,n02672831,401,401,0.38916838,1,imagenet_c,defocus_blur,1,none
efficientnet_b4,ILSVRC2012_val_00042479.JPEG,n02672831,401,401,0.6710657,1,imagenet_c,defocus_blur,1,none
efficientnet_b4,ILSVRC2012_val_00042605.JPEG,n02672831,401,401,0.55038697,1,imagenet_c,defocus_blur,1,none
efficientnet_b4,ILSVRC2012_val_00043747.JPEG,n02672831,401,401,0.40831348,1,imagenet_c,defocus_blur,1,none
efficientnet_b4,ILSVRC2012_val_00043981.JPEG,n02672831,401,401,0.5860995,1,imagenet_c,defocus_blur,1,none
efficientnet_b4,ILSVRC2012_val_00044113.JPEG,n02672831,401,401,0.5386778,1,imagenet_c,defocus_blur,1,none
efficientnet_b4,ILSVRC2012_val_00044448.JPEG,n02672831,401,401,0.09215916,1,imagenet_c,defocus_blur,1,none
efficientnet_b4,ILSVRC2012_val_00046265.JPEG,n02672831,401,439,0.071536526,0,imagenet_c,defocus_blur,1,none
efficientnet_b4,ILSVRC2012_val_00047423.JPEG,n02672831,401,401,0.71349573,1,imagenet_c,defocus_blur,1,none
efficientnet_b4,ILSVRC2012_val_00001416.JPEG,n02676566,402,546,0.44118154,0,imagenet_c,defocus_blur,1,none
efficientnet_b4,ILSVRC2012_val_00002062.JPEG,n02676566,402,402,0.4559521,1,imagenet_c,defocus_blur,1,none
efficientnet_b4,ILSVRC2012_val_00002837.JPEG,n02676566,402,402,0.37920678,1,imagenet_c,defocus_blur,1,none
efficientnet_b4,ILSVRC2012_val_00003441.JPEG,n02676566,402,402,0.67670035,1,imagenet_c,defocus_blur,1,none
efficientnet_b4,ILSVRC2012_val_00003813.JPEG,n02676566,402,402,0.43634737,1,imagenet_c,defocus_blur,1,none
efficientnet_b4,ILSVRC2012_val_00004501.JPEG,n02676566,402,739,0.07891929,0,imagenet_c,defocus_blur,1,none
efficientnet_b4,ILSVRC2012_val_00005467.JPEG,n02676566,402,513,0.06905616,0,imagenet_c,defocus_blur,1,none
efficientnet_b4,ILSVRC2012_val_00005850.JPEG,n02676566,402,621,0.15555035,0,imagenet_c,defocus_blur,1,none
efficientnet_b4,ILSVRC2012_val_00008735.JPEG,n02676566,402,402,0.6817105,1,imagenet_c,defocus_blur,1,none
efficientnet_b4,ILSVRC2012_val_00008977.JPEG,n02676566,402,819,0.41112682,0,imagenet_c,defocus_blur,1,none
efficientnet_b4,ILSVRC2012_val_00011828.JPEG,n02676566,402,486,0.15857597,0,imagenet_c,defocus_blur,1,none
efficientnet_b4,ILSVRC2012_val_00013063.JPEG,n02676566,402,402,0.4078312,1,imagenet_c,defocus_blur,1,none
efficientnet_b4,ILSVRC2012_val_00013470.JPEG,n02676566,402,402,0.46571532,1,imagenet_c,defocus_blur,1,none
efficientnet_b4,ILSVRC2012_val_00013613.JPEG,n02676566,402,546,0.20719738,0,imagenet_c,defocus_blur,1,none
efficientnet_b4,ILSVRC2012_val_00013648.JPEG,n02676566,402,650,0.09337003,0,imagenet_c,defocus_blur,1,none
efficientnet_b4,ILSVRC2012_val_00013668.JPEG,n02676566,402,402,0.5306331,1,imagenet_c,defocus_blur,1,none
efficientnet_b4,ILSVRC2012_val_00014488.JPEG,n02676566,402,402,0.5116454,1,imagenet_c,defocus_blur,1,none
efficientnet_b4,ILSVRC2012_val_00014776.JPEG,n02676566,402,402,0.64929676,1,imagenet_c,defocus_blur,1,none
efficientnet_b4,ILSVRC2012_val_00014941.JPEG,n02676566,402,432,0.20370148,0,imagenet_c,defocus_blur,1,none
efficientnet_b4,ILSVRC2012_val_00015491.JPEG,n02676566,402,880,0.044297177,0,imagenet_c,defocus_blur,1,none
efficientnet_b4,ILSVRC2012_val_00019450.JPEG,n02676566,402,756,0.03032583,0,imagenet_c,defocus_blur,1,none
efficientnet_b4,ILSVRC2012_val_00019484.JPEG,n02676566,402,402,0.49910545,1,imagenet_c,defocus_blur,1,none
efficientnet_b4,ILSVRC2012_val_00021282.JPEG,n02676566,402,402,0.26309818,1,imagenet_c,defocus_blur,1,none
efficientnet_b4,ILSVRC2012_val_00025639.JPEG,n02676566,402,402,0.39812276,1,imagenet_c,defocus_blur,1,none
efficientnet_b4,ILSVRC2012_val_00028101.JPEG,n02676566,402,402,0.40390483,1,imagenet_c,defocus_blur,1,none
efficientnet_b4,ILSVRC2012_val_00028353.JPEG,n02676566,402,432,0.1050802,0,imagenet_c,defocus_blur,1,none
efficientnet_b4,ILSVRC2012_val_00028510.JPEG,n02676566,402,402,0.16205405,1,imagenet_c,defocus_blur,1,none
efficientnet_b4,ILSVRC2012_val_00028588.JPEG,n02676566,402,819,0.25366622,0,imagenet_c,defocus_blur,1,none
efficientnet_b4,ILSVRC2012_val_00029228.JPEG,n02676566,402,402,0.5176247,1,imagenet_c,defocus_blur,1,none
efficientnet_b4,ILSVRC2012_val_00029538.JPEG,n02676566,402,402,0.29130536,1,imagenet_c,defocus_blur,1,none
efficientnet_b4,ILSVRC2012_val_00030374.JPEG,n02676566,402,402,0.42352068,1,imagenet_c,defocus_blur,1,none
efficientnet_b4,ILSVRC2012_val_00030420.JPEG,n02676566,402,546,0.5629334,0,imagenet_c,defocus_blur,1,none
efficientnet_b4,ILSVRC2012_val_00033118.JPEG,n02676566,402,819,0.40744784,0,imagenet_c,defocus_blur,1,none
efficientnet_b4,ILSVRC2012_val_00036762.JPEG,n02676566,402,546,0.39345366,0,imagenet_c,defocus_blur,1,none
efficientnet_b4,ILSVRC2012_val_00037301.JPEG,n02676566,402,819,0.105689324,0,imagenet_c,defocus_blur,1,none
efficientnet_b4,ILSVRC2012_val_00037509.JPEG,n02676566,402,402,0.6066274,1,imagenet_c,defocus_blur,1,none
efficientnet_b4,ILSVRC2012_val_00038042.JPEG,n02676566,402,546,0.107180916,0,imagenet_c,defocus_blur,1,none
efficientnet_b4,ILSVRC2012_val_00039326.JPEG,n02676566,402,470,0.29424584,0,imagenet_c,defocus_blur,1,none
efficientnet_b4,ILSVRC2012_val_00039740.JPEG,n02676566,402,819,0.19489662,0,imagenet_c,defocus_blur,1,none
efficientnet_b4,ILSVRC2012_val_00040818.JPEG,n02676566,402,546,0.3242557,0,imagenet_c,defocus_blur,1,none
efficientnet_b4,ILSVRC2012_val_00040891.JPEG,n02676566,402,402,0.5429936,1,imagenet_c,defocus_blur,1,none
efficientnet_b4,ILSVRC2012_val_00041857.JPEG,n02676566,402,402,0.27343345,1,imagenet_c,defocus_blur,1,none
efficientnet_b4,ILSVRC2012_val_00041930.JPEG,n02676566,402,402,0.38304392,1,imagenet_c,defocus_blur,1,none
efficientnet_b4,ILSVRC2012_val_00043972.JPEG,n02676566,402,819,0.34828404,0,imagenet_c,defocus_blur,1,none
efficientnet_b4,ILSVRC2012_val_00044733.JPEG,n02676566,402,402,0.51424587,1,imagenet_c,defocus_blur,1,none
efficientnet_b4,ILSVRC2012_val_00044937.JPEG,n02676566,402,546,0.23621227,0,imagenet_c,defocus_blur,1,none
efficientnet_b4,ILSVRC2012_val_00047316.JPEG,n02676566,402,402,0.29657012,1,imagenet_c,defocus_blur,1,none
efficientnet_b4,ILSVRC2012_val_00047469.JPEG,n02676566,402,818,0.13640311,0,imagenet_c,defocus_blur,1,none
efficientnet_b4,ILSVRC2012_val_00048632.JPEG,n02676566,402,402,0.7358006,1,imagenet_c,defocus_blur,1,none
efficientnet_b4,ILSVRC2012_val_00049664.JPEG,n02676566,402,819,0.30216447,0,imagenet_c,defocus_blur,1,none
efficientnet_b4,ILSVRC2012_val_00000289.JPEG,n02687172,403,403,0.4469923,1,imagenet_c,defocus_blur,1,none
efficientnet_b4,ILSVRC2012_val_00001583.JPEG,n02687172,403,403,0.4370376,1,imagenet_c,defocus_blur,1,none
efficientnet_b4,ILSVRC2012_val_00003679.JPEG,n02687172,403,403,0.30468768,1,imagenet_c,defocus_blur,1,none
efficientnet_b4,ILSVRC2012_val_00004089.JPEG,n02687172,403,403,0.6142865,1,imagenet_c,defocus_blur,1,none
efficientnet_b4,ILSVRC2012_val_00004984.JPEG,n02687172,403,895,0.3685606,0,imagenet_c,defocus_blur,1,none
efficientnet_b4,ILSVRC2012_val_00006677.JPEG,n02687172,403,403,0.5079561,1,imagenet_c,defocus_blur,1,none
efficientnet_b4,ILSVRC2012_val_00008912.JPEG,n02687172,403,895,0.3950855,0,imagenet_c,defocus_blur,1,none
efficientnet_b4,ILSVRC2012_val_00009104.JPEG,n02687172,403,403,0.042962156,1,imagenet_c,defocus_blur,1,none
efficientnet_b4,ILSVRC2012_val_00009801.JPEG,n02687172,403,403,0.40326196,1,imagenet_c,defocus_blur,1,none
efficientnet_b4,ILSVRC2012_val_00011038.JPEG,n02687172,403,628,0.51997167,0,imagenet_c,defocus_blur,1,none
efficientnet_b4,ILSVRC2012_val_00011217.JPEG,n02687172,403,403,0.52624875,1,imagenet_c,defocus_blur,1,none
efficientnet_b4,ILSVRC2012_val_00011405.JPEG,n02687172,403,403,0.20396964,1,imagenet_c,defocus_blur,1,none
efficientnet_b4,ILSVRC2012_val_00011510.JPEG,n02687172,403,403,0.4218307,1,imagenet_c,defocus_blur,1,none
efficientnet_b4,ILSVRC2012_val_00011995.JPEG,n02687172,403,975,0.11717868,0,imagenet_c,defocus_blur,1,none
efficientnet_b4,ILSVRC2012_val_00012111.JPEG,n02687172,403,403,0.18194863,1,imagenet_c,defocus_blur,1,none
efficientnet_b4,ILSVRC2012_val_00012386.JPEG,n02687172,403,403,0.62991357,1,imagenet_c,defocus_blur,1,none
efficientnet_b4,ILSVRC2012_val_00013281.JPEG,n02687172,403,403,0.2632997,1,imagenet_c,defocus_blur,1,none
efficientnet_b4,ILSVRC2012_val_00014273.JPEG,n02687172,403,540,0.44379625,0,imagenet_c,defocus_blur,1,none
efficientnet_b4,ILSVRC2012_val_00015250.JPEG,n02687172,403,403,0.6434186,1,imagenet_c,defocus_blur,1,none
efficientnet_b4,ILSVRC2012_val_00015544.JPEG,n02687172,403,403,0.4068436,1,imagenet_c,defocus_blur,1,none
efficientnet_b4,ILSVRC2012_val_00018014.JPEG,n02687172,403,403,0.08141127,1,imagenet_c,defocus_blur,1,none
efficientnet_b4,ILSVRC2012_val_00020530.JPEG,n02687172,403,895,0.2694903,0,imagenet_c,defocus_blur,1,none
efficientnet_b4,ILSVRC2012_val_00021244.JPEG,n02687172,403,403,0.54449624,1,imagenet_c,defocus_blur,1,none
efficientnet_b4,ILSVRC2012_val_00021747.JPEG,n02687172,403,403,0.27612147,1,imagenet_c,defocus_blur,1,none
efficientnet_b4,ILSVRC2012_val_00023116.JPEG,n02687172,403,403,0.34250188,1,imagenet_c,defocus_blur,1,none
efficientnet_b4,ILSVRC2012_val_00024433.JPEG,n02687172,403,403,0.5773446,1,imagenet_c,defocus_blur,1,none
efficientnet_b4,ILSVRC2012_val_00026441.JPEG,n02687172,403,403,0.48222762,1,imagenet_c,defocus_blur,1,none
efficientnet_b4,ILSVRC2012_val_00026456.JPEG,n02687172,403,403,0.56746924,1,imagenet_c,defocus_blur,1,none
efficientnet_b4,ILSVRC2012_val_00026474.JPEG,n02687172,403,403,0.29013845,1,imagenet_c,defocus_blur,1,none
efficientnet_b4,ILSVRC2012_val_00026494.JPEG,n02687172,403,403,0.4855809,1,imagenet_c,defocus_blur,1,none
efficientnet_b4,ILSVRC2012_val_00029651.JPEG,n02687172,403,536,0.27373213,0,imagenet_c,defocus_blur,1,none
efficientnet_b4,ILSVRC2012_val_00031383.JPEG,n02687172,403,833,0.038295116,0,imagenet_c,defocus_blur,1,none
efficientnet_b4,ILSVRC2012_val_00032182.JPEG,n02687172,403,403,0.44747686,1,imagenet_c,defocus_blur,1,none
efficientnet_b4,ILSVRC2012_val_00032680.JPEG,n02687172,403,403,0.45668817,1,imagenet_c,defocus_blur,1,none
efficientnet_b4,ILSVRC2012_val_00032824.JPEG,n02687172,403,403,0.1920339,1,imagenet_c,defocus_blur,1,none
efficientnet_b4,ILSVRC2012_val_00033900.JPEG,n02687172,403,403,0.41915485,1,imagenet_c,defocus_blur,1,none
efficientnet_b4,ILSVRC2012_val_00034404.JPEG,n02687172,403,403,0.5832169,1,imagenet_c,defocus_blur,1,none
efficientnet_b4,ILSVRC2012_val_00037645.JPEG,n02687172,403,755,0.09847378,0,imagenet_c,defocus_blur,1,none
efficientnet_b4,ILSVRC2012_val_00041500.JPEG,n02687172,403,403,0.52337956,1,imagenet_c,defocus_blur,1,none
efficientnet_b4,ILSVRC2012_val_00041910.JPEG,n02687172,403,403,0.4079571,1,imagenet_c,defocus_blur,1,none
efficientnet_b4,ILSVRC2012_val_00041927.JPEG,n02687172,403,403,0.39470053,1,imagenet_c,defocus_blur,1,none
efficientnet_b4,ILSVRC2012_val_00042849.JPEG,n02687172,403,718,0.17266777,0,imagenet_c,defocus_blur,1,none
efficientnet_b4,ILSVRC2012_val_00045276.JPEG,n02687172,403,403,0.07027979,1,imagenet_c,defocus_blur,1,none
efficientnet_b4,ILSVRC2012_val_00046511.JPEG,n02687172,403,833,0.32662222,0,imagenet_c,defocus_blur,1,none
efficientnet_b4,ILSVRC2012_val_00047290.JPEG,n02687172,403,403,0.18527156,1,imagenet_c,defocus_blur,1,none
efficientnet_b4,ILSVRC2012_val_00047902.JPEG,n02687172,403,403,0.5180109,1,imagenet_c,defocus_blur,1,none
efficientnet_b4,ILSVRC2012_val_00048343.JPEG,n02687172,403,403,0.33531675,1,imagenet_c,defocus_blur,1,none
efficientnet_b4,ILSVRC2012_val_00048573.JPEG,n02687172,403,403,0.3182078,1,imagenet_c,defocus_blur,1,none
efficientnet_b4,ILSVRC2012_val_00049572.JPEG,n02687172,403,403,0.5146582,1,imagenet_c,defocus_blur,1,none
efficientnet_b4,ILSVRC2012_val_00049575.JPEG,n02687172,403,403,0.6914374,1,imagenet_c,defocus_blur,1,none
efficientnet_b4,ILSVRC2012_val_00000631.JPEG,n02690373,404,404,0.67691797,1,imagenet_c,defocus_blur,1,none
efficientnet_b4,ILSVRC2012_val_00001390.JPEG,n02690373,404,404,0.7394473,1,imagenet_c,defocus_blur,1,none
efficientnet_b4,ILSVRC2012_val_00001506.JPEG,n02690373,404,404,0.49430594,1,imagenet_c,defocus_blur,1,none
efficientnet_b4,ILSVRC2012_val_00001952.JPEG,n02690373,404,404,0.6429081,1,imagenet_c,defocus_blur,1,none
efficientnet_b4,ILSVRC2012_val_00003960.JPEG,n02690373,404,404,0.47267672,1,imagenet_c,defocus_blur,1,none
efficientnet_b4,ILSVRC2012_val_00008292.JPEG,n02690373,404,405,0.37753806,0,imagenet_c,defocus_blur,1,none
efficientnet_b4,ILSVRC2012_val_00009537.JPEG,n02690373,404,404,0.35590616,1,imagenet_c,defocus_blur,1,none
efficientnet_b4,ILSVRC2012_val_00010597.JPEG,n02690373,404,404,0.645512,1,imagenet_c,defocus_blur,1,none
efficientnet_b4,ILSVRC2012_val_00011168.JPEG,n02690373,404,404,0.6293785,1,imagenet_c,defocus_blur,1,none
efficientnet_b4,ILSVRC2012_val_00012263.JPEG,n02690373,404,404,0.7077454,1,imagenet_c,defocus_blur,1,none
efficientnet_b4,ILSVRC2012_val_00014425.JPEG,n02690373,404,404,0.60904306,1,imagenet_c,defocus_blur,1,none
efficientnet_b4,ILSVRC2012_val_00015498.JPEG,n02690373,404,404,0.36921903,1,imagenet_c,defocus_blur,1,none
efficientnet_b4,ILSVRC2012_val_00015636.JPEG,n02690373,404,895,0.29192084,0,imagenet_c,defocus_blur,1,none
efficientnet_b4,ILSVRC2012_val_00016995.JPEG,n02690373,404,404,0.7012823,1,imagenet_c,defocus_blur,1,none
efficientnet_b4,ILSVRC2012_val_00018616.JPEG,n02690373,404,404,0.5547565,1,imagenet_c,defocus_blur,1,none
efficientnet_b4,ILSVRC2012_val_00018685.JPEG,n02690373,404,404,0.42470175,1,imagenet_c,defocus_blur,1,none
efficientnet_b4,ILSVRC2012_val_00019179.JPEG,n02690373,404,404,0.53894895,1,imagenet_c,defocus_blur,1,none
efficientnet_b4,ILSVRC2012_val_00019677.JPEG,n02690373,404,404,0.68981016,1,imagenet_c,defocus_blur,1,none
efficientnet_b4,ILSVRC2012_val_00022532.JPEG,n02690373,404,404,0.32737446,1,imagenet_c,defocus_blur,1,none
efficientnet_b4,ILSVRC2012_val_00022975.JPEG,n02690373,404,404,0.5756872,1,imagenet_c,defocus_blur,1,none
efficientnet_b4,ILSVRC2012_val_00023316.JPEG,n02690373,404,404,0.27064067,1,imagenet_c,defocus_blur,1,none
efficientnet_b4,ILSVRC2012_val_00023781.JPEG,n02690373,404,404,0.67407054,1,imagenet_c,defocus_blur,1,none
efficientnet_b4,ILSVRC2012_val_00023863.JPEG,n02690373,404,404,0.6394013,1,imagenet_c,defocus_blur,1,none
efficientnet_b4,ILSVRC2012_val_00024108.JPEG,n02690373,404,404,0.56002337,1,imagenet_c,defocus_blur,1,none
efficientnet_b4,ILSVRC2012_val_00024747.JPEG,n02690373,404,404,0.6969179,1,imagenet_c,defocus_blur,1,none
efficientnet_b4,ILSVRC2012_val_00026189.JPEG,n02690373,404,404,0.33129308,1,imagenet_c,defocus_blur,1,none
efficientnet_b4,ILSVRC2012_val_00026859.JPEG,n02690373,404,404,0.5803246,1,imagenet_c,defocus_blur,1,none
efficientnet_b4,ILSVRC2012_val_00028019.JPEG,n02690373,404,404,0.55500525,1,imagenet_c,defocus_blur,1,none
efficientnet_b4,ILSVRC2012_val_00030319.JPEG,n02690373,404,404,0.5285524,1,imagenet_c,defocus_blur,1,none
efficientnet_b4,ILSVRC2012_val_00030411.JPEG,n02690373,404,404,0.56060225,1,imagenet_c,defocus_blur,1,none
efficientnet_b4,ILSVRC2012_val_00030531.JPEG,n02690373,404,404,0.50602674,1,imagenet_c,defocus_blur,1,none
efficientnet_b4,ILSVRC2012_val_00032804.JPEG,n02690373,404,404,0.5853263,1,imagenet_c,defocus_blur,1,none
efficientnet_b4,ILSVRC2012_val_00033161.JPEG,n02690373,404,895,0.11672402,0,imagenet_c,defocus_blur,1,none
efficientnet_b4,ILSVRC2012_val_00033441.JPEG,n02690373,404,404,0.575471,1,imagenet_c,defocus_blur,1,none
efficientnet_b4,ILSVRC2012_val_00033920.JPEG,n02690373,404,404,0.59463763,1,imagenet_c,defocus_blur,1,none
efficientnet_b4,ILSVRC2012_val_00034342.JPEG,n02690373,404,404,0.58208644,1,imagenet_c,defocus_blur,1,none
efficientnet_b4,ILSVRC2012_val_00035783.JPEG,n02690373,404,814,0.14872174,0,imagenet_c,defocus_blur,1,none
efficientnet_b4,ILSVRC2012_val_00036394.JPEG,n02690373,404,404,0.68143266,1,imagenet_c,defocus_blur,1,none
efficientnet_b4,ILSVRC2012_val_00037801.JPEG,n02690373,404,404,0.4883178,1,imagenet_c,defocus_blur,1,none
efficientnet_b4,ILSVRC2012_val_00039213.JPEG,n02690373,404,404,0.57697856,1,imagenet_c,defocus_blur,1,none
efficientnet_b4,ILSVRC2012_val_00040136.JPEG,n02690373,404,404,0.27758446,1,imagenet_c,defocus_blur,1,none
efficientnet_b4,ILSVRC2012_val_00040547.JPEG,n02690373,404,404,0.52673614,1,imagenet_c,defocus_blur,1,none
efficientnet_b4,ILSVRC2012_val_00041518.JPEG,n02690373,404,404,0.6732404,1,imagenet_c,defocus_blur,1,none
efficientnet_b4,ILSVRC2012_val_00043242.JPEG,n02690373,404,404,0.51888764,1,imagenet_c,defocus_blur,1,none
efficientnet_b4,ILSVRC2012_val_00044253.JPEG,n02690373,404,404,0.6477128,1,imagenet_c,defocus_blur,1,none
efficientnet_b4,ILSVRC2012_val_00046862.JPEG,n02690373,404,895,0.2700879,0,imagenet_c,defocus_blur,1,none
efficientnet_b4,ILSVRC2012_val_00046971.JPEG,n02690373,404,404,0.46647185,1,imagenet_c,defocus_blur,1,none
efficientnet_b4,ILSVRC2012_val_00047829.JPEG,n02690373,404,404,0.6352678,1,imagenet_c,defocus_blur,1,none
efficientnet_b4,ILSVRC2012_val_00048111.JPEG,n02690373,404,404,0.6001323,1,imagenet_c,defocus_blur,1,none
efficientnet_b4,ILSVRC2012_val_00049097.JPEG,n02690373,404,895,0.23922177,0,imagenet_c,defocus_blur,1,none
efficientnet_b4,ILSVRC2012_val_00001602.JPEG,n02692877,405,895,0.16542986,0,imagenet_c,defocus_blur,1,none
efficientnet_b4,ILSVRC2012_val_00002523.JPEG,n02692877,405,405,0.75135374,1,imagenet_c,defocus_blur,1,none
efficientnet_b4,ILSVRC2012_val_00002876.JPEG,n02692877,405,768,0.028649239,0,imagenet_c,defocus_blur,1,none
efficientnet_b4,ILSVRC2012_val_00003670.JPEG,n02692877,405,405,0.6408379,1,imagenet_c,defocus_blur,1,none
efficientnet_b4,ILSVRC2012_val_00003692.JPEG,n02692877,405,405,0.597374,1,imagenet_c,defocus_blur,1,none
efficientnet_b4,ILSVRC2012_val_00006977.JPEG,n02692877,405,405,0.6487842,1,imagenet_c,defocus_blur,1,none
efficientnet_b4,ILSVRC2012_val_00007779.JPEG,n02692877,405,405,0.031716622,1,imagenet_c,defocus_blur,1,none
efficientnet_b4,ILSVRC2012_val_00008132.JPEG,n02692877,405,405,0.6181732,1,imagenet_c,defocus_blur,1,none
efficientnet_b4,ILSVRC2012_val_00009471.JPEG,n02692877,405,405,0.77684474,1,imagenet_c,defocus_blur,1,none
efficientnet_b4,ILSVRC2012_val_00010147.JPEG,n02692877,405,405,0.6999626,1,imagenet_c,defocus_blur,1,none
efficientnet_b4,ILSVRC2012_val_00011499.JPEG,n02692877,405,405,0.7007538,1,imagenet_c,defocus_blur,1,none
efficientnet_b4,ILSVRC2012_val_00012944.JPEG,n02692877,405,405,0.6990226,1,imagenet_c,defocus_blur,1,none
efficientnet_b4,ILSVRC2012_val_00013056.JPEG,n02692877,405,718,0.23456599,0,imagenet_c,defocus_blur,1,none
efficientnet_b4,ILSVRC2012_val_00014239.JPEG,n02692877,405,405,0.7012326,1,imagenet_c,defocus_blur,1,none
efficientnet_b4,ILSVRC2012_val_00015551.JPEG,n02692877,405,405,0.7714131,1,imagenet_c,defocus_blur,1,none
efficientnet_b4,ILSVRC2012_val_00015935.JPEG,n02692877,405,718,0.09292802,0,imagenet_c,defocus_blur,1,none
efficientnet_b4,ILSVRC2012_val_00016197.JPEG,n02692877,405,405,0.58908445,1,imagenet_c,defocus_blur,1,none
efficientnet_b4,ILSVRC2012_val_00016496.JPEG,n02692877,405,718,0.26002634,0,imagenet_c,defocus_blur,1,none
efficientnet_b4,ILSVRC2012_val_00016891.JPEG,n02692877,405,405,0.21098432,1,imagenet_c,defocus_blur,1,none
efficientnet_b4,ILSVRC2012_val_00018562.JPEG,n02692877,405,405,0.46161646,1,imagenet_c,defocus_blur,1,none
efficientnet_b4,ILSVRC2012_val_00018758.JPEG,n02692877,405,405,0.7295246,1,imagenet_c,defocus_blur,1,none
efficientnet_b4,ILSVRC2012_val_00018959.JPEG,n02692877,405,405,0.6820553,1,imagenet_c,defocus_blur,1,none
efficientnet_b4,ILSVRC2012_val_00020020.JPEG,n02692877,405,405,0.7271941,1,imagenet_c,defocus_blur,1,none
efficientnet_b4,ILSVRC2012_val_00021306.JPEG,n02692877,405,780,0.032433316,0,imagenet_c,defocus_blur,1,none
efficientnet_b4,ILSVRC2012_val_00021947.JPEG,n02692877,405,405,0.6897285,1,imagenet_c,defocus_blur,1,none
efficientnet_b4,ILSVRC2012_val_00021968.JPEG,n02692877,405,405,0.69700164,1,imagenet_c,defocus_blur,1,none
efficientnet_b4,ILSVRC2012_val_00025654.JPEG,n02692877,405,978,0.033062078,0,imagenet_c,defocus_blur,1,none
efficientnet_b4,ILSVRC2012_val_00026359.JPEG,n02692877,405,405,0.67650676,1,imagenet_c,defocus_blur,1,none
efficientnet_b4,ILSVRC2012_val_00030066.JPEG,n02692877,405,405,0.22530912,1,imagenet_c,defocus_blur,1,none
efficientnet_b4,ILSVRC2012_val_00030644.JPEG,n02692877,405,701,0.11251872,0,imagenet_c,defocus_blur,1,none
efficientnet_b4,ILSVRC2012_val_00031986.JPEG,n02692877,405,405,0.80816305,1,imagenet_c,defocus_blur,1,none
efficientnet_b4,ILSVRC2012_val_00032284.JPEG,n02692877,405,405,0.71922946,1,imagenet_c,defocus_blur,1,none
efficientnet_b4,ILSVRC2012_val_00032806.JPEG,n02692877,405,405,0.604446,1,imagenet_c,defocus_blur,1,none
efficientnet_b4,ILSVRC2012_val_00033251.JPEG,n02692877,405,405,0.8337959,1,imagenet_c,defocus_blur,1,none
efficientnet_b4,ILSVRC2012_val_00033655.JPEG,n02692877,405,405,0.7560514,1,imagenet_c,defocus_blur,1,none
efficientnet_b4,ILSVRC2012_val_00033803.JPEG,n02692877,405,405,0.7790558,1,imagenet_c,defocus_blur,1,none
efficientnet_b4,ILSVRC2012_val_00035876.JPEG,n02692877,405,484,0.031569995,0,imagenet_c,defocus_blur,1,none
efficientnet_b4,ILSVRC2012_val_00036036.JPEG,n02692877,405,405,0.66434866,1,imagenet_c,defocus_blur,1,none
efficientnet_b4,ILSVRC2012_val_00036051.JPEG,n02692877,405,405,0.69293934,1,imagenet_c,defocus_blur,1,none
efficientnet_b4,ILSVRC2012_val_00036643.JPEG,n02692877,405,405,0.34956256,1,imagenet_c,defocus_blur,1,none
efficientnet_b4,ILSVRC2012_val_00037584.JPEG,n02692877,405,405,0.17582846,1,imagenet_c,defocus_blur,1,none
efficientnet_b4,ILSVRC2012_val_00039339.JPEG,n02692877,405,405,0.6291588,1,imagenet_c,defocus_blur,1,none
efficientnet_b4,ILSVRC2012_val_00041003.JPEG,n02692877,405,405,0.6606558,1,imagenet_c,defocus_blur,1,none
efficientnet_b4,ILSVRC2012_val_00043024.JPEG,n02692877,405,701,0.055418167,0,imagenet_c,defocus_blur,1,none
efficientnet_b4,ILSVRC2012_val_00043874.JPEG,n02692877,405,920,0.27865896,0,imagenet_c,defocus_blur,1,none
efficientnet_b4,ILSVRC2012_val_00045146.JPEG,n02692877,405,405,0.05383749,1,imagenet_c,defocus_blur,1,none
efficientnet_b4,ILSVRC2012_val_00046169.JPEG,n02692877,405,866,0.03989232,0,imagenet_c,defocus_blur,1,none
efficientnet_b4,ILSVRC2012_val_00048017.JPEG,n02692877,405,9,0.038960055,0,imagenet_c,defocus_blur,1,none
efficientnet_b4,ILSVRC2012_val_00048177.JPEG,n02692877,405,405,0.78880703,1,imagenet_c,defocus_blur,1,none
efficientnet_b4,ILSVRC2012_val_00049328.JPEG,n02692877,405,768,0.057488143,0,imagenet_c,defocus_blur,1,none
efficientnet_b4,ILSVRC2012_val_00000932.JPEG,n02699494,406,406,0.50679475,1,imagenet_c,defocus_blur,1,none
efficientnet_b4,ILSVRC2012_val_00000961.JPEG,n02699494,406,406,0.5458809,1,imagenet_c,defocus_blur,1,none
efficientnet_b4,ILSVRC2012_val_00002017.JPEG,n02699494,406,406,0.5199937,1,imagenet_c,defocus_blur,1,none
efficientnet_b4,ILSVRC2012_val_00002205.JPEG,n02699494,406,854,0.5481853,0,imagenet_c,defocus_blur,1,none
efficientnet_b4,ILSVRC2012_val_00002747.JPEG,n02699494,406,406,0.5283551,1,imagenet_c,defocus_blur,1,none
efficientnet_b4,ILSVRC2012_val_00002803.JPEG,n02699494,406,406,0.18546978,1,imagenet_c,defocus_blur,1,none
efficientnet_b4,ILSVRC2012_val_00005289.JPEG,n02699494,406,663,0.383578,0,imagenet_c,defocus_blur,1,none
efficientnet_b4,ILSVRC2012_val_00005723.JPEG,n02699494,406,406,0.58723503,1,imagenet_c,defocus_blur,1,none
efficientnet_b4,ILSVRC2012_val_00006057.JPEG,n02699494,406,406,0.55047786,1,imagenet_c,defocus_blur,1,none
efficientnet_b4,ILSVRC2012_val_00006295.JPEG,n02699494,406,406,0.14607203,1,imagenet_c,defocus_blur,1,none
efficientnet_b4,ILSVRC2012_val_00006462.JPEG,n02699494,406,406,0.14714615,1,imagenet_c,defocus_blur,1,none
efficientnet_b4,ILSVRC2012_val_00009725.JPEG,n02699494,406,406,0.30750817,1,imagenet_c,defocus_blur,1,none
efficientnet_b4,ILSVRC2012_val_00010705.JPEG,n02699494,406,406,0.6234439,1,imagenet_c,defocus_blur,1,none
efficientnet_b4,ILSVRC2012_val_00010833.JPEG,n02699494,406,406,0.13364889,1,imagenet_c,defocus_blur,1,none
efficientnet_b4,ILSVRC2012_val_00011526.JPEG,n02699494,406,406,0.48121974,1,imagenet_c,defocus_blur,1,none
efficientnet_b4,ILSVRC2012_val_00011759.JPEG,n02699494,406,406,0.3411369,1,imagenet_c,defocus_blur,1,none
efficientnet_b4,ILSVRC2012_val_00012048.JPEG,n02699494,406,663,0.37233803,0,imagenet_c,defocus_blur,1,none
efficientnet_b4,ILSVRC2012_val_00012734.JPEG,n02699494,406,406,0.26348394,1,imagenet_c,defocus_blur,1,none
efficientnet_b4,ILSVRC2012_val_00013048.JPEG,n02699494,406,406,0.15122111,1,imagenet_c,defocus_blur,1,none
efficientnet_b4,ILSVRC2012_val_00014041.JPEG,n02699494,406,406,0.15831813,1,imagenet_c,defocus_blur,1,none
efficientnet_b4,ILSVRC2012_val_00016040.JPEG,n02699494,406,857,0.49287748,0,imagenet_c,defocus_blur,1,none
efficientnet_b4,ILSVRC2012_val_00016156.JPEG,n02699494,406,857,0.14650345,0,imagenet_c,defocus_blur,1,none
efficientnet_b4,ILSVRC2012_val_00016758.JPEG,n02699494,406,406,0.6228586,1,imagenet_c,defocus_blur,1,none
efficientnet_b4,ILSVRC2012_val_00018297.JPEG,n02699494,406,406,0.43345052,1,imagenet_c,defocus_blur,1,none
efficientnet_b4,ILSVRC2012_val_00019197.JPEG,n02699494,406,467,0.10149889,0,imagenet_c,defocus_blur,1,none
efficientnet_b4,ILSVRC2012_val_00020568.JPEG,n02699494,406,406,0.18193257,1,imagenet_c,defocus_blur,1,none
efficientnet_b4,ILSVRC2012_val_00020931.JPEG,n02699494,406,497,0.2833869,0,imagenet_c,defocus_blur,1,none
efficientnet_b4,ILSVRC2012_val_00021797.JPEG,n02699494,406,556,0.16512911,0,imagenet_c,defocus_blur,1,none
efficientnet_b4,ILSVRC2012_val_00021990.JPEG,n02699494,406,406,0.36605564,1,imagenet_c,defocus_blur,1,none
efficientnet_b4,ILSVRC2012_val_00022715.JPEG,n02699494,406,884,0.33737987,0,imagenet_c,defocus_blur,1,none
efficientnet_b4,ILSVRC2012_val_00023705.JPEG,n02699494,406,406,0.2923675,1,imagenet_c,defocus_blur,1,none
efficientnet_b4,ILSVRC2012_val_00027122.JPEG,n02699494,406,406,0.16497003,1,imagenet_c,defocus_blur,1,none
efficientnet_b4,ILSVRC2012_val_00027814.JPEG,n02699494,406,884,0.2320154,0,imagenet_c,defocus_blur,1,none
efficientnet_b4,ILSVRC2012_val_00028971.JPEG,n02699494,406,442,0.090802506,0,imagenet_c,defocus_blur,1,none
efficientnet_b4,ILSVRC2012_val_00030020.JPEG,n02699494,406,406,0.5761321,1,imagenet_c,defocus_blur,1,none
efficientnet_b4,ILSVRC2012_val_00030030.JPEG,n02699494,406,406,0.39765695,1,imagenet_c,defocus_blur,1,none
efficientnet_b4,ILSVRC2012_val_00030337.JPEG,n02699494,406,884,0.15021059,0,imagenet_c,defocus_blur,1,none
efficientnet_b4,ILSVRC2012_val_00030854.JPEG,n02699494,406,406,0.13506255,1,imagenet_c,defocus_blur,1,none
efficientnet_b4,ILSVRC2012_val_00030992.JPEG,n02699494,406,406,0.66687536,1,imagenet_c,defocus_blur,1,none
efficientnet_b4,ILSVRC2012_val_00035301.JPEG,n02699494,406,406,0.32816085,1,imagenet_c,defocus_blur,1,none
efficientnet_b4,ILSVRC2012_val_00039272.JPEG,n02699494,406,406,0.5030095,1,imagenet_c,defocus_blur,1,none
efficientnet_b4,ILSVRC2012_val_00039633.JPEG,n02699494,406,406,0.5679567,1,imagenet_c,defocus_blur,1,none
efficientnet_b4,ILSVRC2012_val_00039693.JPEG,n02699494,406,663,0.08841637,0,imagenet_c,defocus_blur,1,none
efficientnet_b4,ILSVRC2012_val_00041325.JPEG,n02699494,406,406,0.41251686,1,imagenet_c,defocus_blur,1,none
efficientnet_b4,ILSVRC2012_val_00041699.JPEG,n02699494,406,884,0.35220823,0,imagenet_c,defocus_blur,1,none
efficientnet_b4,ILSVRC2012_val_00043674.JPEG,n02699494,406,406,0.27174422,1,imagenet_c,defocus_blur,1,none
efficientnet_b4,ILSVRC2012_val_00044658.JPEG,n02699494,406,857,0.39330208,0,imagenet_c,defocus_blur,1,none
efficientnet_b4,ILSVRC2012_val_00045021.JPEG,n02699494,406,406,0.34933534,1,imagenet_c,defocus_blur,1,none
efficientnet_b4,ILSVRC2012_val_00046983.JPEG,n02699494,406,406,0.20953014,1,imagenet_c,defocus_blur,1,none
efficientnet_b4,ILSVRC2012_val_00047571.JPEG,n02699494,406,406,0.46131727,1,imagenet_c,defocus_blur,1,none
efficientnet_b4,ILSVRC2012_val_00001910.JPEG,n02701002,407,407,0.60201716,1,imagenet_c,defocus_blur,1,none
efficientnet_b4,ILSVRC2012_val_00001916.JPEG,n02701002,407,407,0.50386643,1,imagenet_c,defocus_blur,1,none
efficientnet_b4,ILSVRC2012_val_00003703.JPEG,n02701002,407,555,0.2648001,0,imagenet_c,defocus_blur,1,none
efficientnet_b4,ILSVRC2012_val_00004496.JPEG,n02701002,407,407,0.5390219,1,imagenet_c,defocus_blur,1,none
efficientnet_b4,ILSVRC2012_val_00007083.JPEG,n02701002,407,407,0.5233436,1,imagenet_c,defocus_blur,1,none
efficientnet_b4,ILSVRC2012_val_00008039.JPEG,n02701002,407,407,0.5385099,1,imagenet_c,defocus_blur,1,none
efficientnet_b4,ILSVRC2012_val_00011186.JPEG,n02701002,407,407,0.66362447,1,imagenet_c,defocus_blur,1,none
efficientnet_b4,ILSVRC2012_val_00011417.JPEG,n02701002,407,407,0.61890835,1,imagenet_c,defocus_blur,1,none
efficientnet_b4,ILSVRC2012_val_00013686.JPEG,n02701002,407,407,0.6462825,1,imagenet_c,defocus_blur,1,none
efficientnet_b4,ILSVRC2012_val_00014110.JPEG,n02701002,407,407,0.35310787,1,imagenet_c,defocus_blur,1,none
efficientnet_b4,ILSVRC2012_val_00014646.JPEG,n02701002,407,407,0.4069871,1,imagenet_c,defocus_blur,1,none
efficientnet_b4,ILSVRC2012_val_00016090.JPEG,n02701002,407,675,0.34020874,0,imagenet_c,defocus_blur,1,none
efficientnet_b4,ILSVRC2012_val_00017171.JPEG,n02701002,407,734,0.29075,0,imagenet_c,defocus_blur,1,none
efficientnet_b4,ILSVRC2012_val_00018395.JPEG,n02701002,407,407,0.5835409,1,imagenet_c,defocus_blur,1,none
efficientnet_b4,ILSVRC2012_val_00018957.JPEG,n02701002,407,407,0.65005124,1,imagenet_c,defocus_blur,1,none
efficientnet_b4,ILSVRC2012_val_00019837.JPEG,n02701002,407,407,0.59874696,1,imagenet_c,defocus_blur,1,none
efficientnet_b4,ILSVRC2012_val_00020313.JPEG,n02701002,407,407,0.4566346,1,imagenet_c,defocus_blur,1,none
efficientnet_b4,ILSVRC2012_val_00020319.JPEG,n02701002,407,407,0.54562604,1,imagenet_c,defocus_blur,1,none
efficientnet_b4,ILSVRC2012_val_00020333.JPEG,n02701002,407,407,0.5430747,1,imagenet_c,defocus_blur,1,none
efficientnet_b4,ILSVRC2012_val_00020754.JPEG,n02701002,407,407,0.53535265,1,imagenet_c,defocus_blur,1,none
efficientnet_b4,ILSVRC2012_val_00020826.JPEG,n02701002,407,407,0.5733403,1,imagenet_c,defocus_blur,1,none
efficientnet_b4,ILSVRC2012_val_00021146.JPEG,n02701002,407,407,0.3332874,1,imagenet_c,defocus_blur,1,none
efficientnet_b4,ILSVRC2012_val_00021985.JPEG,n02701002,407,407,0.5727253,1,imagenet_c,defocus_blur,1,none
efficientnet_b4,ILSVRC2012_val_00024296.JPEG,n02701002,407,407,0.35135207,1,imagenet_c,defocus_blur,1,none
efficientnet_b4,ILSVRC2012_val_00024658.JPEG,n02701002,407,407,0.27364597,1,imagenet_c,defocus_blur,1,none
efficientnet_b4,ILSVRC2012_val_00024948.JPEG,n02701002,407,407,0.3205601,1,imagenet_c,defocus_blur,1,none
efficientnet_b4,ILSVRC2012_val_00025159.JPEG,n02701002,407,407,0.55048996,1,imagenet_c,defocus_blur,1,none
efficientnet_b4,ILSVRC2012_val_00025443.JPEG,n02701002,407,407,0.14552031,1,imagenet_c,defocus_blur,1,none
efficientnet_b4,ILSVRC2012_val_00025469.JPEG,n02701002,407,407,0.47866648,1,imagenet_c,defocus_blur,1,none
efficientnet_b4,ILSVRC2012_val_00026354.JPEG,n02701002,407,407,0.61929023,1,imagenet_c,defocus_blur,1,none
efficientnet_b4,ILSVRC2012_val_00028205.JPEG,n02701002,407,407,0.658765,1,imagenet_c,defocus_blur,1,none
efficientnet_b4,ILSVRC2012_val_00029222.JPEG,n02701002,407,407,0.54409313,1,imagenet_c,defocus_blur,1,none
efficientnet_b4,ILSVRC2012_val_00029737.JPEG,n02701002,407,407,0.54582596,1,imagenet_c,defocus_blur,1,none
efficientnet_b4,ILSVRC2012_val_00031635.JPEG,n02701002,407,407,0.5669511,1,imagenet_c,defocus_blur,1,none
efficientnet_b4,ILSVRC2012_val_00032219.JPEG,n02701002,407,407,0.5788254,1,imagenet_c,defocus_blur,1,none
efficientnet_b4,ILSVRC2012_val_00032293.JPEG,n02701002,407,407,0.550015,1,imagenet_c,defocus_blur,1,none
efficientnet_b4,ILSVRC2012_val_00032472.JPEG,n02701002,407,407,0.54761285,1,imagenet_c,defocus_blur,1,none
efficientnet_b4,ILSVRC2012_val_00036369.JPEG,n02701002,407,830,0.2861632,0,imagenet_c,defocus_blur,1,none
efficientnet_b4,ILSVRC2012_val_00038491.JPEG,n02701002,407,407,0.6175582,1,imagenet_c,defocus_blur,1,none
efficientnet_b4,ILSVRC2012_val_00039523.JPEG,n02701002,407,407,0.5957179,1,imagenet_c,defocus_blur,1,none
efficientnet_b4,ILSVRC2012_val_00041204.JPEG,n02701002,407,407,0.49233022,1,imagenet_c,defocus_blur,1,none
efficientnet_b4,ILSVRC2012_val_00041942.JPEG,n02701002,407,407,0.54952747,1,imagenet_c,defocus_blur,1,none
efficientnet_b4,ILSVRC2012_val_00042503.JPEG,n02701002,407,407,0.4513995,1,imagenet_c,defocus_blur,1,none
efficientnet_b4,ILSVRC2012_val_00043593.JPEG,n02701002,407,468,0.17066464,0,imagenet_c,defocus_blur,1,none
efficientnet_b4,ILSVRC2012_val_00044559.JPEG,n02701002,407,407,0.5889532,1,imagenet_c,defocus_blur,1,none
efficientnet_b4,ILSVRC2012_val_00045969.JPEG,n02701002,407,407,0.37307656,1,imagenet_c,defocus_blur,1,none
efficientnet_b4,ILSVRC2012_val_00046706.JPEG,n02701002,407,407,0.5685156,1,imagenet_c,defocus_blur,1,none
efficientnet_b4,ILSVRC2012_val_00047635.JPEG,n02701002,407,407,0.5879364,1,imagenet_c,defocus_blur,1,none
efficientnet_b4,ILSVRC2012_val_00049302.JPEG,n02701002,407,555,0.20936073,0,imagenet_c,defocus_blur,1,none
efficientnet_b4,ILSVRC2012_val_00049889.JPEG,n02701002,407,407,0.6123786,1,imagenet_c,defocus_blur,1,none
efficientnet_b4,ILSVRC2012_val_00000998.JPEG,n02704792,408,847,0.33475673,0,imagenet_c,defocus_blur,1,none
efficientnet_b4,ILSVRC2012_val_00004017.JPEG,n02704792,408,408,0.3460614,1,imagenet_c,defocus_blur,1,none
efficientnet_b4,ILSVRC2012_val_00004142.JPEG,n02704792,408,408,0.74019146,1,imagenet_c,defocus_blur,1,none
efficientnet_b4,ILSVRC2012_val_00004205.JPEG,n02704792,408,408,0.7058265,1,imagenet_c,defocus_blur,1,none
efficientnet_b4,ILSVRC2012_val_00005458.JPEG,n02704792,408,408,0.696447,1,imagenet_c,defocus_blur,1,none
efficientnet_b4,ILSVRC2012_val_00005964.JPEG,n02704792,408,408,0.38429648,1,imagenet_c,defocus_blur,1,none
efficientnet_b4,ILSVRC2012_val_00006872.JPEG,n02704792,408,408,0.44544595,1,imagenet_c,defocus_blur,1,none
efficientnet_b4,ILSVRC2012_val_00008360.JPEG,n02704792,408,408,0.6224003,1,imagenet_c,defocus_blur,1,none
efficientnet_b4,ILSVRC2012_val_00009179.JPEG,n02704792,408,408,0.24538587,1,imagenet_c,defocus_blur,1,none
efficientnet_b4,ILSVRC2012_val_00009215.JPEG,n02704792,408,408,0.40311676,1,imagenet_c,defocus_blur,1,none
efficientnet_b4,ILSVRC2012_val_00009681.JPEG,n02704792,408,408,0.6618366,1,imagenet_c,defocus_blur,1,none
efficientnet_b4,ILSVRC2012_val_00010301.JPEG,n02704792,408,847,0.25948,0,imagenet_c,defocus_blur,1,none
efficientnet_b4,ILSVRC2012_val_00010359.JPEG,n02704792,408,408,0.68866587,1,imagenet_c,defocus_blur,1,none
efficientnet_b4,ILSVRC2012_val_00014597.JPEG,n02704792,408,408,0.4966458,1,imagenet_c,defocus_blur,1,none
efficientnet_b4,ILSVRC2012_val_00014723.JPEG,n02704792,408,408,0.59241605,1,imagenet_c,defocus_blur,1,none
efficientnet_b4,ILSVRC2012_val_00015346.JPEG,n02704792,408,408,0.4284686,1,imagenet_c,defocus_blur,1,none
efficientnet_b4,ILSVRC2012_val_00015399.JPEG,n02704792,408,573,0.05357426,0,imagenet_c,defocus_blur,1,none
efficientnet_b4,ILSVRC2012_val_00015507.JPEG,n02704792,408,408,0.3788284,1,imagenet_c,defocus_blur,1,none
efficientnet_b4,ILSVRC2012_val_00015806.JPEG,n02704792,408,408,0.60231996,1,imagenet_c,defocus_blur,1,none
efficientnet_b4,ILSVRC2012_val_00019300.JPEG,n02704792,408,408,0.6717041,1,imagenet_c,defocus_blur,1,none
efficientnet_b4,ILSVRC2012_val_00020042.JPEG,n02704792,408,408,0.73885125,1,imagenet_c,defocus_blur,1,none
efficientnet_b4,ILSVRC2012_val_00020487.JPEG,n02704792,408,408,0.51222074,1,imagenet_c,defocus_blur,1,none
efficientnet_b4,ILSVRC2012_val_00021040.JPEG,n02704792,408,408,0.33710107,1,imagenet_c,defocus_blur,1,none
efficientnet_b4,ILSVRC2012_val_00025756.JPEG,n02704792,408,408,0.69023734,1,imagenet_c,defocus_blur,1,none
efficientnet_b4,ILSVRC2012_val_00025880.JPEG,n02704792,408,408,0.62839085,1,imagenet_c,defocus_blur,1,none
efficientnet_b4,ILSVRC2012_val_00026031.JPEG,n02704792,408,847,0.44901472,0,imagenet_c,defocus_blur,1,none
efficientnet_b4,ILSVRC2012_val_00026280.JPEG,n02704792,408,408,0.1334493,1,imagenet_c,defocus_blur,1,none
efficientnet_b4,ILSVRC2012_val_00026677.JPEG,n02704792,408,408,0.27311626,1,imagenet_c,defocus_blur,1,none
efficientnet_b4,ILSVRC2012_val_00026950.JPEG,n02704792,408,408,0.725637,1,imagenet_c,defocus_blur,1,none
efficientnet_b4,ILSVRC2012_val_00026975.JPEG,n02704792,408,814,0.19569236,0,imagenet_c,defocus_blur,1,none
efficientnet_b4,ILSVRC2012_val_00027071.JPEG,n02704792,408,408,0.12593703,1,imagenet_c,defocus_blur,1,none
efficientnet_b4,ILSVRC2012_val_00028979.JPEG,n02704792,408,847,0.23187642,0,imagenet_c,defocus_blur,1,none
efficientnet_b4,ILSVRC2012_val_00028986.JPEG,n02704792,408,408,0.3301659,1,imagenet_c,defocus_blur,1,none
efficientnet_b4,ILSVRC2012_val_00029741.JPEG,n02704792,408,408,0.4346125,1,imagenet_c,defocus_blur,1,none
efficientnet_b4,ILSVRC2012_val_00030917.JPEG,n02704792,408,408,0.43161777,1,imagenet_c,defocus_blur,1,none
efficientnet_b4,ILSVRC2012_val_00033079.JPEG,n02704792,408,408,0.63551223,1,imagenet_c,defocus_blur,1,none
efficientnet_b4,ILSVRC2012_val_00033286.JPEG,n02704792,408,820,0.18157163,0,imagenet_c,defocus_blur,1,none
efficientnet_b4,ILSVRC2012_val_00033902.JPEG,n02704792,408,847,0.469397,0,imagenet_c,defocus_blur,1,none
efficientnet_b4,ILSVRC2012_val_00034843.JPEG,n02704792,408,408,0.4830112,1,imagenet_c,defocus_blur,1,none
efficientnet_b4,ILSVRC2012_val_00035644.JPEG,n02704792,408,408,0.58086544,1,imagenet_c,defocus_blur,1,none
efficientnet_b4,ILSVRC2012_val_00039175.JPEG,n02704792,408,408,0.58350956,1,imagenet_c,defocus_blur,1,none
efficientnet_b4,ILSVRC2012_val_00039218.JPEG,n02704792,408,660,0.10681476,0,imagenet_c,defocus_blur,1,none
efficientnet_b4,ILSVRC2012_val_00039906.JPEG,n02704792,408,847,0.22231331,0,imagenet_c,defocus_blur,1,none
efficientnet_b4,ILSVRC2012_val_00041201.JPEG,n02704792,408,803,0.25321585,0,imagenet_c,defocus_blur,1,none
efficientnet_b4,ILSVRC2012_val_00041899.JPEG,n02704792,408,814,0.48691365,0,imagenet_c,defocus_blur,1,none
efficientnet_b4,ILSVRC2012_val_00046542.JPEG,n02704792,408,693,0.09389016,0,imagenet_c,defocus_blur,1,none
efficientnet_b4,ILSVRC2012_val_00047440.JPEG,n02704792,408,408,0.81187874,1,imagenet_c,defocus_blur,1,none
efficientnet_b4,ILSVRC2012_val_00049430.JPEG,n02704792,408,408,0.52309304,1,imagenet_c,defocus_blur,1,none
efficientnet_b4,ILSVRC2012_val_00049628.JPEG,n02704792,408,408,0.20080744,1,imagenet_c,defocus_blur,1,none
efficientnet_b4,ILSVRC2012_val_00049843.JPEG,n02704792,408,408,0.73753214,1,imagenet_c,defocus_blur,1,none
efficientnet_b4,ILSVRC2012_val_00001011.JPEG,n02708093,409,409,0.291008,1,imagenet_c,defocus_blur,1,none
efficientnet_b4,ILSVRC2012_val_00002178.JPEG,n02708093,409,409,0.13105431,1,imagenet_c,defocus_blur,1,none
efficientnet_b4,ILSVRC2012_val_00002853.JPEG,n02708093,409,409,0.52310205,1,imagenet_c,defocus_blur,1,none
efficientnet_b4,ILSVRC2012_val_00003134.JPEG,n02708093,409,688,0.55641955,0,imagenet_c,defocus_blur,1,none
efficientnet_b4,ILSVRC2012_val_00004360.JPEG,n02708093,409,409,0.4161482,1,imagenet_c,defocus_blur,1,none
efficientnet_b4,ILSVRC2012_val_00004871.JPEG,n02708093,409,409,0.491384,1,imagenet_c,defocus_blur,1,none
efficientnet_b4,ILSVRC2012_val_00005490.JPEG,n02708093,409,802,0.18682113,0,imagenet_c,defocus_blur,1,none
efficientnet_b4,ILSVRC2012_val_00005558.JPEG,n02708093,409,892,0.59954953,0,imagenet_c,defocus_blur,1,none
efficientnet_b4,ILSVRC2012_val_00006740.JPEG,n02708093,409,409,0.69349927,1,imagenet_c,defocus_blur,1,none
efficientnet_b4,ILSVRC2012_val_00006858.JPEG,n02708093,409,409,0.38648105,1,imagenet_c,defocus_blur,1,none
efficientnet_b4,ILSVRC2012_val_00008814.JPEG,n02708093,409,442,0.3439798,0,imagenet_c,defocus_blur,1,none
efficientnet_b4,ILSVRC2012_val_00009361.JPEG,n02708093,409,409,0.7513479,1,imagenet_c,defocus_blur,1,none
efficientnet_b4,ILSVRC2012_val_00013244.JPEG,n02708093,409,409,0.44699022,1,imagenet_c,defocus_blur,1,none
efficientnet_b4,ILSVRC2012_val_00013502.JPEG,n02708093,409,437,0.53649783,0,imagenet_c,defocus_blur,1,none
efficientnet_b4,ILSVRC2012_val_00014353.JPEG,n02708093,409,409,0.67395896,1,imagenet_c,defocus_blur,1,none
efficientnet_b4,ILSVRC2012_val_00015108.JPEG,n02708093,409,409,0.7856065,1,imagenet_c,defocus_blur,1,none
efficientnet_b4,ILSVRC2012_val_00015820.JPEG,n02708093,409,409,0.63028777,1,imagenet_c,defocus_blur,1,none
efficientnet_b4,ILSVRC2012_val_00015871.JPEG,n02708093,409,409,0.31845134,1,imagenet_c,defocus_blur,1,none
efficientnet_b4,ILSVRC2012_val_00016429.JPEG,n02708093,409,892,0.59117246,0,imagenet_c,defocus_blur,1,none
efficientnet_b4,ILSVRC2012_val_00016889.JPEG,n02708093,409,409,0.65090626,1,imagenet_c,defocus_blur,1,none
efficientnet_b4,ILSVRC2012_val_00017378.JPEG,n02708093,409,409,0.12686874,1,imagenet_c,defocus_blur,1,none
efficientnet_b4,ILSVRC2012_val_00017693.JPEG,n02708093,409,409,0.77174526,1,imagenet_c,defocus_blur,1,none
efficientnet_b4,ILSVRC2012_val_00017973.JPEG,n02708093,409,409,0.68652904,1,imagenet_c,defocus_blur,1,none
efficientnet_b4,ILSVRC2012_val_00019532.JPEG,n02708093,409,892,0.40285087,0,imagenet_c,defocus_blur,1,none
efficientnet_b4,ILSVRC2012_val_00019663.JPEG,n02708093,409,409,0.6006689,1,imagenet_c,defocus_blur,1,none
efficientnet_b4,ILSVRC2012_val_00019803.JPEG,n02708093,409,409,0.16954309,1,imagenet_c,defocus_blur,1,none
efficientnet_b4,ILSVRC2012_val_00020621.JPEG,n02708093,409,453,0.21020918,0,imagenet_c,defocus_blur,1,none
efficientnet_b4,ILSVRC2012_val_00021179.JPEG,n02708093,409,409,0.49529457,1,imagenet_c,defocus_blur,1,none
efficientnet_b4,ILSVRC2012_val_00022719.JPEG,n02708093,409,409,0.502159,1,imagenet_c,defocus_blur,1,none
efficientnet_b4,ILSVRC2012_val_00024278.JPEG,n02708093,409,635,0.6784367,0,imagenet_c,defocus_blur,1,none
efficientnet_b4,ILSVRC2012_val_00024290.JPEG,n02708093,409,409,0.53680897,1,imagenet_c,defocus_blur,1,none
efficientnet_b4,ILSVRC2012_val_00024425.JPEG,n02708093,409,409,0.22452007,1,imagenet_c,defocus_blur,1,none
efficientnet_b4,ILSVRC2012_val_00024690.JPEG,n02708093,409,409,0.5228514,1,imagenet_c,defocus_blur,1,none
efficientnet_b4,ILSVRC2012_val_00026380.JPEG,n02708093,409,409,0.44535854,1,imagenet_c,defocus_blur,1,none
efficientnet_b4,ILSVRC2012_val_00028769.JPEG,n02708093,409,409,0.73326963,1,imagenet_c,defocus_blur,1,none
efficientnet_b4,ILSVRC2012_val_00031526.JPEG,n02708093,409,409,0.69834834,1,imagenet_c,defocus_blur,1,none
efficientnet_b4,ILSVRC2012_val_00031694.JPEG,n02708093,409,826,0.28551078,0,imagenet_c,defocus_blur,1,none
efficientnet_b4,ILSVRC2012_val_00032489.JPEG,n02708093,409,409,0.17177324,1,imagenet_c,defocus_blur,1,none
efficientnet_b4,ILSVRC2012_val_00033429.JPEG,n02708093,409,409,0.47415853,1,imagenet_c,defocus_blur,1,none
efficientnet_b4,ILSVRC2012_val_00035392.JPEG,n02708093,409,409,0.39995643,1,imagenet_c,defocus_blur,1,none
efficientnet_b4,ILSVRC2012_val_00038960.JPEG,n02708093,409,409,0.63317573,1,imagenet_c,defocus_blur,1,none
efficientnet_b4,ILSVRC2012_val_00039274.JPEG,n02708093,409,409,0.35036093,1,imagenet_c,defocus_blur,1,none
efficientnet_b4,ILSVRC2012_val_00041613.JPEG,n02708093,409,409,0.64019936,1,imagenet_c,defocus_blur,1,none
efficientnet_b4,ILSVRC2012_val_00042316.JPEG,n02708093,409,409,0.7359614,1,imagenet_c,defocus_blur,1,none
efficientnet_b4,ILSVRC2012_val_00043497.JPEG,n02708093,409,892,0.38186356,0,imagenet_c,defocus_blur,1,none
efficientnet_b4,ILSVRC2012_val_00044049.JPEG,n02708093,409,409,0.6987971,1,imagenet_c,defocus_blur,1,none
efficientnet_b4,ILSVRC2012_val_00044469.JPEG,n02708093,409,892,0.77037126,0,imagenet_c,defocus_blur,1,none
efficientnet_b4,ILSVRC2012_val_00044752.JPEG,n02708093,409,409,0.56589276,1,imagenet_c,defocus_blur,1,none
efficientnet_b4,ILSVRC2012_val_00045820.JPEG,n02708093,409,442,0.25780168,0,imagenet_c,defocus_blur,1,none
efficientnet_b4,ILSVRC2012_val_00049049.JPEG,n02708093,409,409,0.42021915,1,imagenet_c,defocus_blur,1,none
efficientnet_b4,ILSVRC2012_val_00002391.JPEG,n02727426,410,410,0.72100395,1,imagenet_c,defocus_blur,1,none
efficientnet_b4,ILSVRC2012_val_00006893.JPEG,n02727426,410,410,0.21020679,1,imagenet_c,defocus_blur,1,none
efficientnet_b4,ILSVRC2012_val_00007679.JPEG,n02727426,410,410,0.7153953,1,imagenet_c,defocus_blur,1,none
efficientnet_b4,ILSVRC2012_val_00007765.JPEG,n02727426,410,410,0.09178572,1,imagenet_c,defocus_blur,1,none
efficientnet_b4,ILSVRC2012_val_00010085.JPEG,n02727426,410,410,0.37446636,1,imagenet_c,defocus_blur,1,none
efficientnet_b4,ILSVRC2012_val_00010223.JPEG,n02727426,410,410,0.64462936,1,imagenet_c,defocus_blur,1,none
efficientnet_b4,ILSVRC2012_val_00010569.JPEG,n02727426,410,410,0.79431534,1,imagenet_c,defocus_blur,1,none
efficientnet_b4,ILSVRC2012_val_00011679.JPEG,n02727426,410,410,0.4668704,1,imagenet_c,defocus_blur,1,none
efficientnet_b4,ILSVRC2012_val_00011812.JPEG,n02727426,410,410,0.6143127,1,imagenet_c,defocus_blur,1,none
efficientnet_b4,ILSVRC2012_val_00012219.JPEG,n02727426,410,410,0.6206929,1,imagenet_c,defocus_blur,1,none
efficientnet_b4,ILSVRC2012_val_00013164.JPEG,n02727426,410,410,0.2559668,1,imagenet_c,defocus_blur,1,none
efficientnet_b4,ILSVRC2012_val_00014240.JPEG,n02727426,410,410,0.30468628,1,imagenet_c,defocus_blur,1,none
efficientnet_b4,ILSVRC2012_val_00015129.JPEG,n02727426,410,410,0.7519695,1,imagenet_c,defocus_blur,1,none
efficientnet_b4,ILSVRC2012_val_00015327.JPEG,n02727426,410,410,0.43862316,1,imagenet_c,defocus_blur,1,none
efficientnet_b4,ILSVRC2012_val_00015988.JPEG,n02727426,410,410,0.80545664,1,imagenet_c,defocus_blur,1,none
efficientnet_b4,ILSVRC2012_val_00017703.JPEG,n02727426,410,410,0.35241038,1,imagenet_c,defocus_blur,1,none
efficientnet_b4,ILSVRC2012_val_00018413.JPEG,n02727426,410,447,0.08826957,0,imagenet_c,defocus_blur,1,none
efficientnet_b4,ILSVRC2012_val_00018587.JPEG,n02727426,410,599,0.2944776,0,imagenet_c,defocus_blur,1,none
efficientnet_b4,ILSVRC2012_val_00019052.JPEG,n02727426,410,410,0.66075,1,imagenet_c,defocus_blur,1,none
efficientnet_b4,ILSVRC2012_val_00019117.JPEG,n02727426,410,599,0.3493517,0,imagenet_c,defocus_blur,1,none
efficientnet_b4,ILSVRC2012_val_00019225.JPEG,n02727426,410,410,0.48893112,1,imagenet_c,defocus_blur,1,none
efficientnet_b4,ILSVRC2012_val_00019772.JPEG,n02727426,410,410,0.52378094,1,imagenet_c,defocus_blur,1,none
efficientnet_b4,ILSVRC2012_val_00020093.JPEG,n02727426,410,410,0.39784113,1,imagenet_c,defocus_blur,1,none
efficientnet_b4,ILSVRC2012_val_00020200.JPEG,n02727426,410,410,0.7232549,1,imagenet_c,defocus_blur,1,none
efficientnet_b4,ILSVRC2012_val_00020309.JPEG,n02727426,410,410,0.7005637,1,imagenet_c,defocus_blur,1,none
efficientnet_b4,ILSVRC2012_val_00020864.JPEG,n02727426,410,410,0.42568016,1,imagenet_c,defocus_blur,1,none
efficientnet_b4,ILSVRC2012_val_00020886.JPEG,n02727426,410,410,0.0851183,1,imagenet_c,defocus_blur,1,none
efficientnet_b4,ILSVRC2012_val_00021397.JPEG,n02727426,410,410,0.29464665,1,imagenet_c,defocus_blur,1,none
efficientnet_b4,ILSVRC2012_val_00021751.JPEG,n02727426,410,410,0.26078758,1,imagenet_c,defocus_blur,1,none
efficientnet_b4,ILSVRC2012_val_00023061.JPEG,n02727426,410,410,0.7229688,1,imagenet_c,defocus_blur,1,none
efficientnet_b4,ILSVRC2012_val_00024137.JPEG,n02727426,410,448,0.01196814,0,imagenet_c,defocus_blur,1,none
efficientnet_b4,ILSVRC2012_val_00025232.JPEG,n02727426,410,410,0.5694246,1,imagenet_c,defocus_blur,1,none
efficientnet_b4,ILSVRC2012_val_00025646.JPEG,n02727426,410,410,0.0882177,1,imagenet_c,defocus_blur,1,none
efficientnet_b4,ILSVRC2012_val_00028537.JPEG,n02727426,410,410,0.53011054,1,imagenet_c,defocus_blur,1,none
efficientnet_b4,ILSVRC2012_val_00029004.JPEG,n02727426,410,410,0.37942126,1,imagenet_c,defocus_blur,1,none
efficientnet_b4,ILSVRC2012_val_00030159.JPEG,n02727426,410,410,0.52996796,1,imagenet_c,defocus_blur,1,none
efficientnet_b4,ILSVRC2012_val_00030978.JPEG,n02727426,410,410,0.7758486,1,imagenet_c,defocus_blur,1,none
efficientnet_b4,ILSVRC2012_val_00032287.JPEG,n02727426,410,522,0.12621401,0,imagenet_c,defocus_blur,1,none
efficientnet_b4,ILSVRC2012_val_00035966.JPEG,n02727426,410,410,0.38294867,1,imagenet_c,defocus_blur,1,none
efficientnet_b4,ILSVRC2012_val_00036882.JPEG,n02727426,410,856,0.3546753,0,imagenet_c,defocus_blur,1,none
efficientnet_b4,ILSVRC2012_val_00038125.JPEG,n02727426,410,410,0.47766405,1,imagenet_c,defocus_blur,1,none
efficientnet_b4,ILSVRC2012_val_00039440.JPEG,n02727426,410,410,0.8333983,1,imagenet_c,defocus_blur,1,none
efficientnet_b4,ILSVRC2012_val_00040479.JPEG,n02727426,410,410,0.6638778,1,imagenet_c,defocus_blur,1,none
efficientnet_b4,ILSVRC2012_val_00041411.JPEG,n02727426,410,410,0.119897395,1,imagenet_c,defocus_blur,1,none
efficientnet_b4,ILSVRC2012_val_00041842.JPEG,n02727426,410,410,0.65195316,1,imagenet_c,defocus_blur,1,none
efficientnet_b4,ILSVRC2012_val_00042678.JPEG,n02727426,410,410,0.52343744,1,imagenet_c,defocus_blur,1,none
efficientnet_b4,ILSVRC2012_val_00042797.JPEG,n02727426,410,522,0.045838553,0,imagenet_c,defocus_blur,1,none
efficientnet_b4,ILSVRC2012_val_00043414.JPEG,n02727426,410,410,0.56544656,1,imagenet_c,defocus_blur,1,none
efficientnet_b4,ILSVRC2012_val_00046076.JPEG,n02727426,410,410,0.14015907,1,imagenet_c,defocus_blur,1,none
efficientnet_b4,ILSVRC2012_val_00049438.JPEG,n02727426,410,410,0.38934433,1,imagenet_c,defocus_blur,1,none
efficientnet_b4,ILSVRC2012_val_00000771.JPEG,n02730930,411,411,0.30410668,1,imagenet_c,defocus_blur,1,none
efficientnet_b4,ILSVRC2012_val_00001061.JPEG,n02730930,411,411,0.7051324,1,imagenet_c,defocus_blur,1,none
efficientnet_b4,ILSVRC2012_val_00001135.JPEG,n02730930,411,411,0.21050115,1,imagenet_c,defocus_blur,1,none
efficientnet_b4,ILSVRC2012_val_00001258.JPEG,n02730930,411,624,0.34267795,0,imagenet_c,defocus_blur,1,none
efficientnet_b4,ILSVRC2012_val_00003567.JPEG,n02730930,411,411,0.5543199,1,imagenet_c,defocus_blur,1,none
efficientnet_b4,ILSVRC2012_val_00005807.JPEG,n02730930,411,619,0.18367828,0,imagenet_c,defocus_blur,1,none
efficientnet_b4,ILSVRC2012_val_00005861.JPEG,n02730930,411,697,0.14507382,0,imagenet_c,defocus_blur,1,none
efficientnet_b4,ILSVRC2012_val_00008451.JPEG,n02730930,411,689,0.55329484,0,imagenet_c,defocus_blur,1,none
efficientnet_b4,ILSVRC2012_val_00009021.JPEG,n02730930,411,773,0.24849704,0,imagenet_c,defocus_blur,1,none
efficientnet_b4,ILSVRC2012_val_00009147.JPEG,n02730930,411,411,0.27046785,1,imagenet_c,defocus_blur,1,none
efficientnet_b4,ILSVRC2012_val_00010191.JPEG,n02730930,411,689,0.3201046,0,imagenet_c,defocus_blur,1,none
efficientnet_b4,ILSVRC2012_val_00010979.JPEG,n02730930,411,411,0.2703489,1,imagenet_c,defocus_blur,1,none
efficientnet_b4,ILSVRC2012_val_00011640.JPEG,n02730930,411,411,0.26052925,1,imagenet_c,defocus_blur,1,none
efficientnet_b4,ILSVRC2012_val_00014179.JPEG,n02730930,411,411,0.21946467,1,imagenet_c,defocus_blur,1,none
efficientnet_b4,ILSVRC2012_val_00015396.JPEG,n02730930,411,414,0.32282612,0,imagenet_c,defocus_blur,1,none
efficientnet_b4,ILSVRC2012_val_00015637.JPEG,n02730930,411,411,0.5866417,1,imagenet_c,defocus_blur,1,none
efficientnet_b4,ILSVRC2012_val_00015788.JPEG,n02730930,411,411,0.4942266,1,imagenet_c,defocus_blur,1,none
efficientnet_b4,ILSVRC2012_val_00016020.JPEG,n02730930,411,416,0.09307217,0,imagenet_c,defocus_blur,1,none
efficientnet_b4,ILSVRC2012_val_00016184.JPEG,n02730930,411,411,0.7672907,1,imagenet_c,defocus_blur,1,none
efficientnet_b4,ILSVRC2012_val_00016687.JPEG,n02730930,411,697,0.14228693,0,imagenet_c,defocus_blur,1,none
efficientnet_b4,ILSVRC2012_val_00019514.JPEG,n02730930,411,411,0.804374,1,imagenet_c,defocus_blur,1,none
efficientnet_b4,ILSVRC2012_val_00020467.JPEG,n02730930,411,411,0.2577877,1,imagenet_c,defocus_blur,1,none
efficientnet_b4,ILSVRC2012_val_00022269.JPEG,n02730930,411,474,0.30491212,0,imagenet_c,defocus_blur,1,none
efficientnet_b4,ILSVRC2012_val_00024583.JPEG,n02730930,411,911,0.18179226,0,imagenet_c,defocus_blur,1,none
efficientnet_b4,ILSVRC2012_val_00024847.JPEG,n02730930,411,411,0.7246569,1,imagenet_c,defocus_blur,1,none
efficientnet_b4,ILSVRC2012_val_00025021.JPEG,n02730930,411,411,0.49327993,1,imagenet_c,defocus_blur,1,none
efficientnet_b4,ILSVRC2012_val_00027370.JPEG,n02730930,411,787,0.045866817,0,imagenet_c,defocus_blur,1,none
efficientnet_b4,ILSVRC2012_val_00027623.JPEG,n02730930,411,879,0.20927238,0,imagenet_c,defocus_blur,1,none
efficientnet_b4,ILSVRC2012_val_00027993.JPEG,n02730930,411,411,0.74285805,1,imagenet_c,defocus_blur,1,none
efficientnet_b4,ILSVRC2012_val_00027999.JPEG,n02730930,411,411,0.16088836,1,imagenet_c,defocus_blur,1,none
efficientnet_b4,ILSVRC2012_val_00028547.JPEG,n02730930,411,529,0.116845846,0,imagenet_c,defocus_blur,1,none
efficientnet_b4,ILSVRC2012_val_00028783.JPEG,n02730930,411,842,0.18086185,0,imagenet_c,defocus_blur,1,none
efficientnet_b4,ILSVRC2012_val_00030205.JPEG,n02730930,411,411,0.22533587,1,imagenet_c,defocus_blur,1,none
efficientnet_b4,ILSVRC2012_val_00030207.JPEG,n02730930,411,411,0.75119287,1,imagenet_c,defocus_blur,1,none
efficientnet_b4,ILSVRC2012_val_00031520.JPEG,n02730930,411,582,0.3898376,0,imagenet_c,defocus_blur,1,none
efficientnet_b4,ILSVRC2012_val_00033878.JPEG,n02730930,411,411,0.37377408,1,imagenet_c,defocus_blur,1,none
efficientnet_b4,ILSVRC2012_val_00034094.JPEG,n02730930,411,411,0.81324786,1,imagenet_c,defocus_blur,1,none
efficientnet_b4,ILSVRC2012_val_00034302.JPEG,n02730930,411,411,0.75713587,1,imagenet_c,defocus_blur,1,none
efficientnet_b4,ILSVRC2012_val_00034506.JPEG,n02730930,411,887,0.03378453,0,imagenet_c,defocus_blur,1,none
efficientnet_b4,ILSVRC2012_val_00034582.JPEG,n02730930,411,689,0.17154028,0,imagenet_c,defocus_blur,1,none
efficientnet_b4,ILSVRC2012_val_00037881.JPEG,n02730930,411,728,0.111694925,0,imagenet_c,defocus_blur,1,none
efficientnet_b4,ILSVRC2012_val_00040217.JPEG,n02730930,411,411,0.7315382,1,imagenet_c,defocus_blur,1,none
efficientnet_b4,ILSVRC2012_val_00040461.JPEG,n02730930,411,411,0.5407876,1,imagenet_c,defocus_blur,1,none
efficientnet_b4,ILSVRC2012_val_00040686.JPEG,n02730930,411,601,0.25629705,0,imagenet_c,defocus_blur,1,none
efficientnet_b4,ILSVRC2012_val_00040945.JPEG,n02730930,411,601,0.4679658,0,imagenet_c,defocus_blur,1,none
efficientnet_b4,ILSVRC2012_val_00042510.JPEG,n02730930,411,534,0.0997337,0,imagenet_c,defocus_blur,1,none
efficientnet_b4,ILSVRC2012_val_00045929.JPEG,n02730930,411,411,0.40899968,1,imagenet_c,defocus_blur,1,none
efficientnet_b4,ILSVRC2012_val_00046383.JPEG,n02730930,411,431,0.36761296,0,imagenet_c,defocus_blur,1,none
efficientnet_b4,ILSVRC2012_val_00047847.JPEG,n02730930,411,411,0.29313916,1,imagenet_c,defocus_blur,1,none
efficientnet_b4,ILSVRC2012_val_00048521.JPEG,n02730930,411,411,0.32206964,1,imagenet_c,defocus_blur,1,none
efficientnet_b4,ILSVRC2012_val_00000422.JPEG,n02747177,412,412,0.16429994,1,imagenet_c,defocus_blur,1,none
efficientnet_b4,ILSVRC2012_val_00000979.JPEG,n02747177,412,412,0.15644981,1,imagenet_c,defocus_blur,1,none
efficientnet_b4,ILSVRC2012_val_00002145.JPEG,n02747177,412,412,0.5529837,1,imagenet_c,defocus_blur,1,none
efficientnet_b4,ILSVRC2012_val_00004907.JPEG,n02747177,412,634,0.3888885,0,imagenet_c,defocus_blur,1,none
efficientnet_b4,ILSVRC2012_val_00004924.JPEG,n02747177,412,412,0.75407934,1,imagenet_c,defocus_blur,1,none
efficientnet_b4,ILSVRC2012_val_00006617.JPEG,n02747177,412,708,0.13314502,0,imagenet_c,defocus_blur,1,none
efficientnet_b4,ILSVRC2012_val_00007233.JPEG,n02747177,412,412,0.19397186,1,imagenet_c,defocus_blur,1,none
efficientnet_b4,ILSVRC2012_val_00007254.JPEG,n02747177,412,412,0.21783455,1,imagenet_c,defocus_blur,1,none
efficientnet_b4,ILSVRC2012_val_00007335.JPEG,n02747177,412,503,0.1684303,0,imagenet_c,defocus_blur,1,none
efficientnet_b4,ILSVRC2012_val_00007643.JPEG,n02747177,412,704,0.26254833,0,imagenet_c,defocus_blur,1,none
efficientnet_b4,ILSVRC2012_val_00007993.JPEG,n02747177,412,720,0.15308803,0,imagenet_c,defocus_blur,1,none
efficientnet_b4,ILSVRC2012_val_00008670.JPEG,n02747177,412,412,0.4865195,1,imagenet_c,defocus_blur,1,none
efficientnet_b4,ILSVRC2012_val_00009320.JPEG,n02747177,412,877,0.043008212,0,imagenet_c,defocus_blur,1,none
efficientnet_b4,ILSVRC2012_val_00010728.JPEG,n02747177,412,427,0.23795094,0,imagenet_c,defocus_blur,1,none
efficientnet_b4,ILSVRC2012_val_00010877.JPEG,n02747177,412,463,0.17413853,0,imagenet_c,defocus_blur,1,none
efficientnet_b4,ILSVRC2012_val_00012984.JPEG,n02747177,412,412,0.06594999,1,imagenet_c,defocus_blur,1,none
efficientnet_b4,ILSVRC2012_val_00013783.JPEG,n02747177,412,412,0.18212892,1,imagenet_c,defocus_blur,1,none
efficientnet_b4,ILSVRC2012_val_00014213.JPEG,n02747177,412,747,0.17639287,0,imagenet_c,defocus_blur,1,none
efficientnet_b4,ILSVRC2012_val_00018345.JPEG,n02747177,412,756,0.16010523,0,imagenet_c,defocus_blur,1,none
efficientnet_b4,ILSVRC2012_val_00021981.JPEG,n02747177,412,412,0.064895354,1,imagenet_c,defocus_blur,1,none
efficientnet_b4,ILSVRC2012_val_00022653.JPEG,n02747177,412,412,0.13378537,1,imagenet_c,defocus_blur,1,none
efficientnet_b4,ILSVRC2012_val_00023384.JPEG,n02747177,412,803,0.16708201,0,imagenet_c,defocus_blur,1,none
efficientnet_b4,ILSVRC2012_val_00023490.JPEG,n02747177,412,541,0.057927843,0,imagenet_c,defocus_blur,1,none
efficientnet_b4,ILSVRC2012_val_00024193.JPEG,n02747177,412,704,0.20730695,0,imagenet_c,defocus_blur,1,none
efficientnet_b4,ILSVRC2012_val_00025380.JPEG,n02747177,412,773,0.4908426,0,imagenet_c,defocus_blur,1,none
efficientnet_b4,ILSVRC2012_val_00027314.JPEG,n02747177,412,621,0.12529565,0,imagenet_c,defocus_blur,1,none
efficientnet_b4,ILSVRC2012_val_00028319.JPEG,n02747177,412,359,0.3189953,0,imagenet_c,defocus_blur,1,none
efficientnet_b4,ILSVRC2012_val_00028498.JPEG,n02747177,412,412,0.6936877,1,imagenet_c,defocus_blur,1,none
efficientnet_b4,ILSVRC2012_val_00030962.JPEG,n02747177,412,412,0.18220556,1,imagenet_c,defocus_blur,1,none
efficientnet_b4,ILSVRC2012_val_00031322.JPEG,n02747177,412,463,0.103770256,0,imagenet_c,defocus_blur,1,none
efficientnet_b4,ILSVRC2012_val_00031956.JPEG,n02747177,412,412,0.2835373,1,imagenet_c,defocus_blur,1,none
efficientnet_b4,ILSVRC2012_val_00032347.JPEG,n02747177,412,412,0.27908146,1,imagenet_c,defocus_blur,1,none
efficientnet_b4,ILSVRC2012_val_00032825.JPEG,n02747177,412,912,0.1794604,0,imagenet_c,defocus_blur,1,none
efficientnet_b4,ILSVRC2012_val_00036998.JPEG,n02747177,412,412,0.16866496,1,imagenet_c,defocus_blur,1,none
efficientnet_b4,ILSVRC2012_val_00038149.JPEG,n02747177,412,412,0.07035014,1,imagenet_c,defocus_blur,1,none
efficientnet_b4,ILSVRC2012_val_00038276.JPEG,n02747177,412,359,0.18512091,0,imagenet_c,defocus_blur,1,none
efficientnet_b4,ILSVRC2012_val_00039133.JPEG,n02747177,412,747,0.26933578,0,imagenet_c,defocus_blur,1,none
efficientnet_b4,ILSVRC2012_val_00039919.JPEG,n02747177,412,822,0.06678179,0,imagenet_c,defocus_blur,1,none
efficientnet_b4,ILSVRC2012_val_00041165.JPEG,n02747177,412,330,0.040009692,0,imagenet_c,defocus_blur,1,none
efficientnet_b4,ILSVRC2012_val_00042198.JPEG,n02747177,412,412,0.16187394,1,imagenet_c,defocus_blur,1,none
efficientnet_b4,ILSVRC2012_val_00043970.JPEG,n02747177,412,412,0.5202148,1,imagenet_c,defocus_blur,1,none
efficientnet_b4,ILSVRC2012_val_00044878.JPEG,n02747177,412,637,0.20668145,0,imagenet_c,defocus_blur,1,none
efficientnet_b4,ILSVRC2012_val_00046138.JPEG,n02747177,412,412,0.51694167,1,imagenet_c,defocus_blur,1,none
efficientnet_b4,ILSVRC2012_val_00046749.JPEG,n02747177,412,882,0.087676734,0,imagenet_c,defocus_blur,1,none
efficientnet_b4,ILSVRC2012_val_00046857.JPEG,n02747177,412,503,0.22033592,0,imagenet_c,defocus_blur,1,none
efficientnet_b4,ILSVRC2012_val_00047136.JPEG,n02747177,412,412,0.5806774,1,imagenet_c,defocus_blur,1,none
efficientnet_b4,ILSVRC2012_val_00048583.JPEG,n02747177,412,756,0.091431566,0,imagenet_c,defocus_blur,1,none
efficientnet_b4,ILSVRC2012_val_00048730.JPEG,n02747177,412,728,0.3067345,0,imagenet_c,defocus_blur,1,none
efficientnet_b4,ILSVRC2012_val_00049367.JPEG,n02747177,412,877,0.037327837,0,imagenet_c,defocus_blur,1,none
efficientnet_b4,ILSVRC2012_val_00049737.JPEG,n02747177,412,412,0.65965825,1,imagenet_c,defocus_blur,1,none
efficientnet_b4,ILSVRC2012_val_00000268.JPEG,n02749479,413,413,0.24306002,1,imagenet_c,defocus_blur,1,none
efficientnet_b4,ILSVRC2012_val_00000790.JPEG,n02749479,413,413,0.6789258,1,imagenet_c,defocus_blur,1,none
efficientnet_b4,ILSVRC2012_val_00001278.JPEG,n02749479,413,413,0.55349874,1,imagenet_c,defocus_blur,1,none
efficientnet_b4,ILSVRC2012_val_00002269.JPEG,n02749479,413,413,0.45182917,1,imagenet_c,defocus_blur,1,none
efficientnet_b4,ILSVRC2012_val_00002719.JPEG,n02749479,413,413,0.6069147,1,imagenet_c,defocus_blur,1,none
efficientnet_b4,ILSVRC2012_val_00003684.JPEG,n02749479,413,413,0.54145944,1,imagenet_c,defocus_blur,1,none
efficientnet_b4,ILSVRC2012_val_00007515.JPEG,n02749479,413,671,0.10196515,0,imagenet_c,defocus_blur,1,none
efficientnet_b4,ILSVRC2012_val_00009850.JPEG,n02749479,413,413,0.65417254,1,imagenet_c,defocus_blur,1,none
efficientnet_b4,ILSVRC2012_val_00011376.JPEG,n02749479,413,413,0.7619129,1,imagenet_c,defocus_blur,1,none
efficientnet_b4,ILSVRC2012_val_00012081.JPEG,n02749479,413,413,0.5909543,1,imagenet_c,defocus_blur,1,none
efficientnet_b4,ILSVRC2012_val_00012367.JPEG,n02749479,413,413,0.68125546,1,imagenet_c,defocus_blur,1,none
efficientnet_b4,ILSVRC2012_val_00012413.JPEG,n02749479,413,413,0.443469,1,imagenet_c,defocus_blur,1,none
efficientnet_b4,ILSVRC2012_val_00012724.JPEG,n02749479,413,413,0.38240495,1,imagenet_c,defocus_blur,1,none
efficientnet_b4,ILSVRC2012_val_00014056.JPEG,n02749479,413,413,0.52714074,1,imagenet_c,defocus_blur,1,none
efficientnet_b4,ILSVRC2012_val_00016457.JPEG,n02749479,413,413,0.4539953,1,imagenet_c,defocus_blur,1,none
efficientnet_b4,ILSVRC2012_val_00018057.JPEG,n02749479,413,413,0.43909842,1,imagenet_c,defocus_blur,1,none
efficientnet_b4,ILSVRC2012_val_00018213.JPEG,n02749479,413,413,0.053582463,1,imagenet_c,defocus_blur,1,none
efficientnet_b4,ILSVRC2012_val_00018390.JPEG,n02749479,413,413,0.44763222,1,imagenet_c,defocus_blur,1,none
efficientnet_b4,ILSVRC2012_val_00018759.JPEG,n02749479,413,652,0.5030001,0,imagenet_c,defocus_blur,1,none
efficientnet_b4,ILSVRC2012_val_00019363.JPEG,n02749479,413,413,0.58861333,1,imagenet_c,defocus_blur,1,none
efficientnet_b4,ILSVRC2012_val_00019910.JPEG,n02749479,413,413,0.4136246,1,imagenet_c,defocus_blur,1,none
efficientnet_b4,ILSVRC2012_val_00024794.JPEG,n02749479,413,413,0.52219343,1,imagenet_c,defocus_blur,1,none
efficientnet_b4,ILSVRC2012_val_00027344.JPEG,n02749479,413,764,0.24269406,0,imagenet_c,defocus_blur,1,none
efficientnet_b4,ILSVRC2012_val_00028527.JPEG,n02749479,413,764,0.15810226,0,imagenet_c,defocus_blur,1,none
efficientnet_b4,ILSVRC2012_val_00029319.JPEG,n02749479,413,413,0.71889937,1,imagenet_c,defocus_blur,1,none
efficientnet_b4,ILSVRC2012_val_00030192.JPEG,n02749479,413,413,0.5119409,1,imagenet_c,defocus_blur,1,none
efficientnet_b4,ILSVRC2012_val_00031196.JPEG,n02749479,413,413,0.77035415,1,imagenet_c,defocus_blur,1,none
efficientnet_b4,ILSVRC2012_val_00031231.JPEG,n02749479,413,559,0.4534006,0,imagenet_c,defocus_blur,1,none
efficientnet_b4,ILSVRC2012_val_00033972.JPEG,n02749479,413,413,0.38579047,1,imagenet_c,defocus_blur,1,none
efficientnet_b4,ILSVRC2012_val_00034057.JPEG,n02749479,413,856,0.17070426,0,imagenet_c,defocus_blur,1,none
efficientnet_b4,ILSVRC2012_val_00035791.JPEG,n02749479,413,671,0.034247793,0,imagenet_c,defocus_blur,1,none
efficientnet_b4,ILSVRC2012_val_00038445.JPEG,n02749479,413,665,0.1527317,0,imagenet_c,defocus_blur,1,none
efficientnet_b4,ILSVRC2012_val_00038946.JPEG,n02749479,413,413,0.7451272,1,imagenet_c,defocus_blur,1,none
efficientnet_b4,ILSVRC2012_val_00039278.JPEG,n02749479,413,413,0.38737652,1,imagenet_c,defocus_blur,1,none
efficientnet_b4,ILSVRC2012_val_00039737.JPEG,n02749479,413,413,0.6882213,1,imagenet_c,defocus_blur,1,none
efficientnet_b4,ILSVRC2012_val_00040343.JPEG,n02749479,413,413,0.7002627,1,imagenet_c,defocus_blur,1,none
efficientnet_b4,ILSVRC2012_val_00040591.JPEG,n02749479,413,413,0.7033421,1,imagenet_c,defocus_blur,1,none
efficientnet_b4,ILSVRC2012_val_00040754.JPEG,n02749479,413,413,0.2848107,1,imagenet_c,defocus_blur,1,none
efficientnet_b4,ILSVRC2012_val_00040832.JPEG,n02749479,413,413,0.8368111,1,imagenet_c,defocus_blur,1,none
efficientnet_b4,ILSVRC2012_val_00040844.JPEG,n02749479,413,439,0.6821826,0,imagenet_c,defocus_blur,1,none
efficientnet_b4,ILSVRC2012_val_00041270.JPEG,n02749479,413,512,0.23014797,0,imagenet_c,defocus_blur,1,none
efficientnet_b4,ILSVRC2012_val_00041685.JPEG,n02749479,413,413,0.62435967,1,imagenet_c,defocus_blur,1,none
efficientnet_b4,ILSVRC2012_val_00042969.JPEG,n02749479,413,413,0.6607038,1,imagenet_c,defocus_blur,1,none
efficientnet_b4,ILSVRC2012_val_00042983.JPEG,n02749479,413,413,0.5605432,1,imagenet_c,defocus_blur,1,none
efficientnet_b4,ILSVRC2012_val_00043236.JPEG,n02749479,413,413,0.3814324,1,imagenet_c,defocus_blur,1,none
efficientnet_b4,ILSVRC2012_val_00043386.JPEG,n02749479,413,413,0.5914943,1,imagenet_c,defocus_blur,1,none
efficientnet_b4,ILSVRC2012_val_00044665.JPEG,n02749479,413,413,0.4260946,1,imagenet_c,defocus_blur,1,none
efficientnet_b4,ILSVRC2012_val_00044979.JPEG,n02749479,413,922,0.049799643,0,imagenet_c,defocus_blur,1,none
efficientnet_b4,ILSVRC2012_val_00049122.JPEG,n02749479,413,413,0.625455,1,imagenet_c,defocus_blur,1,none
efficientnet_b4,ILSVRC2012_val_00049123.JPEG,n02749479,413,764,0.30866233,0,imagenet_c,defocus_blur,1,none
efficientnet_b4,ILSVRC2012_val_00000459.JPEG,n02769748,414,830,0.12422509,0,imagenet_c,defocus_blur,1,none
efficientnet_b4,ILSVRC2012_val_00002174.JPEG,n02769748,414,636,0.5449954,0,imagenet_c,defocus_blur,1,none
efficientnet_b4,ILSVRC2012_val_00002183.JPEG,n02769748,414,414,0.31088364,1,imagenet_c,defocus_blur,1,none
efficientnet_b4,ILSVRC2012_val_00003680.JPEG,n02769748,414,678,0.06555752,0,imagenet_c,defocus_blur,1,none
efficientnet_b4,ILSVRC2012_val_00005367.JPEG,n02769748,414,414,0.13446912,1,imagenet_c,defocus_blur,1,none
efficientnet_b4,ILSVRC2012_val_00005892.JPEG,n02769748,414,576,0.12767531,0,imagenet_c,defocus_blur,1,none
efficientnet_b4,ILSVRC2012_val_00006176.JPEG,n02769748,414,414,0.35462725,1,imagenet_c,defocus_blur,1,none
efficientnet_b4,ILSVRC2012_val_00006379.JPEG,n02769748,414,414,0.23236977,1,imagenet_c,defocus_blur,1,none
efficientnet_b4,ILSVRC2012_val_00007012.JPEG,n02769748,414,414,0.72584724,1,imagenet_c,defocus_blur,1,none
efficientnet_b4,ILSVRC2012_val_00007341.JPEG,n02769748,414,636,0.77896535,0,imagenet_c,defocus_blur,1,none
efficientnet_b4,ILSVRC2012_val_00007615.JPEG,n02769748,414,446,0.3561586,0,imagenet_c,defocus_blur,1,none
efficientnet_b4,ILSVRC2012_val_00008482.JPEG,n02769748,414,663,0.03491554,0,imagenet_c,defocus_blur,1,none
efficientnet_b4,ILSVRC2012_val_00008605.JPEG,n02769748,414,976,0.035247907,0,imagenet_c,defocus_blur,1,none
efficientnet_b4,ILSVRC2012_val_00009722.JPEG,n02769748,414,703,0.032410458,0,imagenet_c,defocus_blur,1,none
efficientnet_b4,ILSVRC2012_val_00010934.JPEG,n02769748,414,414,0.6091115,1,imagenet_c,defocus_blur,1,none
efficientnet_b4,ILSVRC2012_val_00011134.JPEG,n02769748,414,465,0.7581944,0,imagenet_c,defocus_blur,1,none
efficientnet_b4,ILSVRC2012_val_00011933.JPEG,n02769748,414,897,0.14477247,0,imagenet_c,defocus_blur,1,none
efficientnet_b4,ILSVRC2012_val_00016010.JPEG,n02769748,414,636,0.54975796,0,imagenet_c,defocus_blur,1,none
efficientnet_b4,ILSVRC2012_val_00016479.JPEG,n02769748,414,615,0.52477324,0,imagenet_c,defocus_blur,1,none
efficientnet_b4,ILSVRC2012_val_00016935.JPEG,n02769748,414,414,0.08140562,1,imagenet_c,defocus_blur,1,none
efficientnet_b4,ILSVRC2012_val_00017250.JPEG,n02769748,414,413,0.04553069,0,imagenet_c,defocus_blur,1,none
efficientnet_b4,ILSVRC2012_val_00017761.JPEG,n02769748,414,707,0.06377835,0,imagenet_c,defocus_blur,1,none
efficientnet_b4,ILSVRC2012_val_00018021.JPEG,n02769748,414,414,0.6017066,1,imagenet_c,defocus_blur,1,none
efficientnet_b4,ILSVRC2012_val_00019321.JPEG,n02769748,414,582,0.3780348,0,imagenet_c,defocus_blur,1,none
efficientnet_b4,ILSVRC2012_val_00022297.JPEG,n02769748,414,468,0.11206322,0,imagenet_c,defocus_blur,1,none
efficientnet_b4,ILSVRC2012_val_00023651.JPEG,n02769748,414,608,0.07663083,0,imagenet_c,defocus_blur,1,none
efficientnet_b4,ILSVRC2012_val_00025093.JPEG,n02769748,414,797,0.091780104,0,imagenet_c,defocus_blur,1,none
efficientnet_b4,ILSVRC2012_val_00025286.JPEG,n02769748,414,728,0.059802115,0,imagenet_c,defocus_blur,1,none
efficientnet_b4,ILSVRC2012_val_00026564.JPEG,n02769748,414,748,0.13611013,0,imagenet_c,defocus_blur,1,none
efficientnet_b4,ILSVRC2012_val_00028578.JPEG,n02769748,414,658,0.05134048,0,imagenet_c,defocus_blur,1,none
efficientnet_b4,ILSVRC2012_val_00029320.JPEG,n02769748,414,880,0.2932227,0,imagenet_c,defocus_blur,1,none
efficientnet_b4,ILSVRC2012_val_00030346.JPEG,n02769748,414,518,0.5137967,0,imagenet_c,defocus_blur,1,none
efficientnet_b4,ILSVRC2012_val_00031604.JPEG,n02769748,414,748,0.119764276,0,imagenet_c,defocus_blur,1,none
efficientnet_b4,ILSVRC2012_val_00034048.JPEG,n02769748,414,842,0.036448203,0,imagenet_c,defocus_blur,1,none
efficientnet_b4,ILSVRC2012_val_00034742.JPEG,n02769748,414,636,0.33464113,0,imagenet_c,defocus_blur,1,none
efficientnet_b4,ILSVRC2012_val_00035248.JPEG,n02769748,414,414,0.535222,1,imagenet_c,defocus_blur,1,none
efficientnet_b4,ILSVRC2012_val_00036149.JPEG,n02769748,414,830,0.10889058,0,imagenet_c,defocus_blur,1,none
efficientnet_b4,ILSVRC2012_val_00036510.JPEG,n02769748,414,636,0.15245447,0,imagenet_c,defocus_blur,1,none
efficientnet_b4,ILSVRC2012_val_00036598.JPEG,n02769748,414,880,0.1308882,0,imagenet_c,defocus_blur,1,none
efficientnet_b4,ILSVRC2012_val_00036840.JPEG,n02769748,414,739,0.298359,0,imagenet_c,defocus_blur,1,none
efficientnet_b4,ILSVRC2012_val_00036867.JPEG,n02769748,414,414,0.13416435,1,imagenet_c,defocus_blur,1,none
efficientnet_b4,ILSVRC2012_val_00038953.JPEG,n02769748,414,636,0.2858714,0,imagenet_c,defocus_blur,1,none
efficientnet_b4,ILSVRC2012_val_00041552.JPEG,n02769748,414,465,0.41648936,0,imagenet_c,defocus_blur,1,none
efficientnet_b4,ILSVRC2012_val_00042327.JPEG,n02769748,414,678,0.0658774,0,imagenet_c,defocus_blur,1,none
efficientnet_b4,ILSVRC2012_val_00042967.JPEG,n02769748,414,797,0.060168255,0,imagenet_c,defocus_blur,1,none
efficientnet_b4,ILSVRC2012_val_00043513.JPEG,n02769748,414,691,0.19246525,0,imagenet_c,defocus_blur,1,none
efficientnet_b4,ILSVRC2012_val_00043921.JPEG,n02769748,414,978,0.12541172,0,imagenet_c,defocus_blur,1,none
efficientnet_b4,ILSVRC2012_val_00047517.JPEG,n02769748,414,400,0.07897203,0,imagenet_c,defocus_blur,1,none
efficientnet_b4,ILSVRC2012_val_00048494.JPEG,n02769748,414,636,0.14015037,0,imagenet_c,defocus_blur,1,none
efficientnet_b4,ILSVRC2012_val_00049070.JPEG,n02769748,414,522,0.6388146,0,imagenet_c,defocus_blur,1,none
efficientnet_b4,ILSVRC2012_val_00000008.JPEG,n02776631,415,551,0.07354888,0,imagenet_c,defocus_blur,1,none
efficientnet_b4,ILSVRC2012_val_00000633.JPEG,n02776631,415,860,0.25882426,0,imagenet_c,defocus_blur,1,none
efficientnet_b4,ILSVRC2012_val_00002621.JPEG,n02776631,415,860,0.18271688,0,imagenet_c,defocus_blur,1,none
efficientnet_b4,ILSVRC2012_val_00002641.JPEG,n02776631,415,675,0.039562955,0,imagenet_c,defocus_blur,1,none
efficientnet_b4,ILSVRC2012_val_00005729.JPEG,n02776631,415,582,0.3618005,0,imagenet_c,defocus_blur,1,none
efficientnet_b4,ILSVRC2012_val_00007727.JPEG,n02776631,415,949,0.092353724,0,imagenet_c,defocus_blur,1,none
efficientnet_b4,ILSVRC2012_val_00008524.JPEG,n02776631,415,415,0.71470267,1,imagenet_c,defocus_blur,1,none
efficientnet_b4,ILSVRC2012_val_00008715.JPEG,n02776631,415,933,0.07952734,0,imagenet_c,defocus_blur,1,none
efficientnet_b4,ILSVRC2012_val_00008915.JPEG,n02776631,415,582,0.11843389,0,imagenet_c,defocus_blur,1,none
efficientnet_b4,ILSVRC2012_val_00010307.JPEG,n02776631,415,692,0.2832518,0,imagenet_c,defocus_blur,1,none
efficientnet_b4,ILSVRC2012_val_00012943.JPEG,n02776631,415,406,0.17264242,0,imagenet_c,defocus_blur,1,none
efficientnet_b4,ILSVRC2012_val_00013947.JPEG,n02776631,415,793,0.27060246,0,imagenet_c,defocus_blur,1,none
efficientnet_b4,ILSVRC2012_val_00014946.JPEG,n02776631,415,567,0.16500558,0,imagenet_c,defocus_blur,1,none
efficientnet_b4,ILSVRC2012_val_00015231.JPEG,n02776631,415,654,0.09368928,0,imagenet_c,defocus_blur,1,none
efficientnet_b4,ILSVRC2012_val_00018287.JPEG,n02776631,415,424,0.17549542,0,imagenet_c,defocus_blur,1,none
efficientnet_b4,ILSVRC2012_val_00018541.JPEG,n02776631,415,470,0.14314067,0,imagenet_c,defocus_blur,1,none
efficientnet_b4,ILSVRC2012_val_00019098.JPEG,n02776631,415,969,0.21441737,0,imagenet_c,defocus_blur,1,none
efficientnet_b4,ILSVRC2012_val_00019309.JPEG,n02776631,415,865,0.043903485,0,imagenet_c,defocus_blur,1,none
efficientnet_b4,ILSVRC2012_val_00020990.JPEG,n02776631,415,415,0.71280473,1,imagenet_c,defocus_blur,1,none
efficientnet_b4,ILSVRC2012_val_00021256.JPEG,n02776631,415,860,0.41845572,0,imagenet_c,defocus_blur,1,none
efficientnet_b4,ILSVRC2012_val_00021290.JPEG,n02776631,415,941,0.22562245,0,imagenet_c,defocus_blur,1,none
efficientnet_b4,ILSVRC2012_val_00021392.JPEG,n02776631,415,964,0.19102536,0,imagenet_c,defocus_blur,1,none
efficientnet_b4,ILSVRC2012_val_00021590.JPEG,n02776631,415,762,0.3112074,0,imagenet_c,defocus_blur,1,none
efficientnet_b4,ILSVRC2012_val_00022863.JPEG,n02776631,415,829,0.09562357,0,imagenet_c,defocus_blur,1,none
efficientnet_b4,ILSVRC2012_val_00023736.JPEG,n02776631,415,443,0.09870818,0,imagenet_c,defocus_blur,1,none
efficientnet_b4,ILSVRC2012_val_00024657.JPEG,n02776631,415,923,0.12539274,0,imagenet_c,defocus_blur,1,none
efficientnet_b4,ILSVRC2012_val_00025295.JPEG,n02776631,415,930,0.72621524,0,imagenet_c,defocus_blur,1,none
efficientnet_b4,ILSVRC2012_val_00025555.JPEG,n02776631,415,962,0.33659866,0,imagenet_c,defocus_blur,1,none
efficientnet_b4,ILSVRC2012_val_00026847.JPEG,n02776631,415,934,0.146716,0,imagenet_c,defocus_blur,1,none
efficientnet_b4,ILSVRC2012_val_00027548.JPEG,n02776631,415,415,0.3985319,1,imagenet_c,defocus_blur,1,none
efficientnet_b4,ILSVRC2012_val_00027953.JPEG,n02776631,415,927,0.20604709,0,imagenet_c,defocus_blur,1,none
efficientnet_b4,ILSVRC2012_val_00028186.JPEG,n02776631,415,860,0.17464606,0,imagenet_c,defocus_blur,1,none
efficientnet_b4,ILSVRC2012_val_00030187.JPEG,n02776631,415,692,0.2400117,0,imagenet_c,defocus_blur,1,none
efficientnet_b4,ILSVRC2012_val_00031045.JPEG,n02776631,415,495,0.16245908,0,imagenet_c,defocus_blur,1,none
efficientnet_b4,ILSVRC2012_val_00032747.JPEG,n02776631,415,601,0.22548506,0,imagenet_c,defocus_blur,1,none
efficientnet_b4,ILSVRC2012_val_00035746.JPEG,n02776631,415,582,0.2671854,0,imagenet_c,defocus_blur,1,none
efficientnet_b4,ILSVRC2012_val_00039503.JPEG,n02776631,415,415,0.57794046,1,imagenet_c,defocus_blur,1,none
efficientnet_b4,ILSVRC2012_val_00039610.JPEG,n02776631,415,927,0.34867832,0,imagenet_c,defocus_blur,1,none
efficientnet_b4,ILSVRC2012_val_00040240.JPEG,n02776631,415,964,0.24282181,0,imagenet_c,defocus_blur,1,none
efficientnet_b4,ILSVRC2012_val_00040321.JPEG,n02776631,415,455,0.12319541,0,imagenet_c,defocus_blur,1,none
efficientnet_b4,ILSVRC2012_val_00041465.JPEG,n02776631,415,496,0.07941815,0,imagenet_c,defocus_blur,1,none
efficientnet_b4,ILSVRC2012_val_00042857.JPEG,n02776631,415,927,0.19067095,0,imagenet_c,defocus_blur,1,none
efficientnet_b4,ILSVRC2012_val_00043806.JPEG,n02776631,415,910,0.17986168,0,imagenet_c,defocus_blur,1,none
efficientnet_b4,ILSVRC2012_val_00043895.JPEG,n02776631,415,498,0.63291514,0,imagenet_c,defocus_blur,1,none
efficientnet_b4,ILSVRC2012_val_00044351.JPEG,n02776631,415,415,0.66665804,1,imagenet_c,defocus_blur,1,none
efficientnet_b4,ILSVRC2012_val_00045208.JPEG,n02776631,415,415,0.34929287,1,imagenet_c,defocus_blur,1,none
efficientnet_b4,ILSVRC2012_val_00046132.JPEG,n02776631,415,767,0.29448298,0,imagenet_c,defocus_blur,1,none
efficientnet_b4,ILSVRC2012_val_00047838.JPEG,n02776631,415,415,0.51718444,1,imagenet_c,defocus_blur,1,none
efficientnet_b4,ILSVRC2012_val_00048081.JPEG,n02776631,415,928,0.21233718,0,imagenet_c,defocus_blur,1,none
efficientnet_b4,ILSVRC2012_val_00049148.JPEG,n02776631,415,415,0.11374058,1,imagenet_c,defocus_blur,1,none
efficientnet_b4,ILSVRC2012_val_00000494.JPEG,n02777292,416,416,0.602004,1,imagenet_c,defocus_blur,1,none
efficientnet_b4,ILSVRC2012_val_00003803.JPEG,n02777292,416,416,0.4453753,1,imagenet_c,defocus_blur,1,none
efficientnet_b4,ILSVRC2012_val_00004895.JPEG,n02777292,416,416,0.39669576,1,imagenet_c,defocus_blur,1,none
efficientnet_b4,ILSVRC2012_val_00005105.JPEG,n02777292,416,416,0.48574397,1,imagenet_c,defocus_blur,1,none
efficientnet_b4,ILSVRC2012_val_00007181.JPEG,n02777292,416,416,0.30995342,1,imagenet_c,defocus_blur,1,none
efficientnet_b4,ILSVRC2012_val_00007340.JPEG,n02777292,416,416,0.49266055,1,imagenet_c,defocus_blur,1,none
efficientnet_b4,ILSVRC2012_val_00007385.JPEG,n02777292,416,602,0.19144881,0,imagenet_c,defocus_blur,1,none
efficientnet_b4,ILSVRC2012_val_00009528.JPEG,n02777292,416,416,0.5965671,1,imagenet_c,defocus_blur,1,none
efficientnet_b4,ILSVRC2012_val_00012363.JPEG,n02777292,416,416,0.6477569,1,imagenet_c,defocus_blur,1,none
efficientnet_b4,ILSVRC2012_val_00012479.JPEG,n02777292,416,702,0.11735061,0,imagenet_c,defocus_blur,1,none
efficientnet_b4,ILSVRC2012_val_00013329.JPEG,n02777292,416,416,0.4780258,1,imagenet_c,defocus_blur,1,none
efficientnet_b4,ILSVRC2012_val_00014709.JPEG,n02777292,416,880,0.18325765,0,imagenet_c,defocus_blur,1,none
efficientnet_b4,ILSVRC2012_val_00015365.JPEG,n02777292,416,702,0.14754203,0,imagenet_c,defocus_blur,1,none
efficientnet_b4,ILSVRC2012_val_00015409.JPEG,n02777292,416,416,0.37636212,1,imagenet_c,defocus_blur,1,none
efficientnet_b4,ILSVRC2012_val_00015457.JPEG,n02777292,416,416,0.4119682,1,imagenet_c,defocus_blur,1,none
efficientnet_b4,ILSVRC2012_val_00015680.JPEG,n02777292,416,416,0.23521553,1,imagenet_c,defocus_blur,1,none
efficientnet_b4,ILSVRC2012_val_00015905.JPEG,n02777292,416,416,0.43295532,1,imagenet_c,defocus_blur,1,none
efficientnet_b4,ILSVRC2012_val_00018746.JPEG,n02777292,416,416,0.1935225,1,imagenet_c,defocus_blur,1,none
efficientnet_b4,ILSVRC2012_val_00021216.JPEG,n02777292,416,416,0.4833059,1,imagenet_c,defocus_blur,1,none
efficientnet_b4,ILSVRC2012_val_00021782.JPEG,n02777292,416,416,0.42021725,1,imagenet_c,defocus_blur,1,none
efficientnet_b4,ILSVRC2012_val_00023134.JPEG,n02777292,416,416,0.22191864,1,imagenet_c,defocus_blur,1,none
efficientnet_b4,ILSVRC2012_val_00024313.JPEG,n02777292,416,416,0.5240103,1,imagenet_c,defocus_blur,1,none
efficientnet_b4,ILSVRC2012_val_00024511.JPEG,n02777292,416,416,0.3727985,1,imagenet_c,defocus_blur,1,none
efficientnet_b4,ILSVRC2012_val_00024933.JPEG,n02777292,416,416,0.6306752,1,imagenet_c,defocus_blur,1,none
efficientnet_b4,ILSVRC2012_val_00025695.JPEG,n02777292,416,416,0.32121667,1,imagenet_c,defocus_blur,1,none
efficientnet_b4,ILSVRC2012_val_00025802.JPEG,n02777292,416,416,0.46100494,1,imagenet_c,defocus_blur,1,none
efficientnet_b4,ILSVRC2012_val_00026129.JPEG,n02777292,416,416,0.16074301,1,imagenet_c,defocus_blur,1,none
efficientnet_b4,ILSVRC2012_val_00026347.JPEG,n02777292,416,416,0.56390685,1,imagenet_c,defocus_blur,1,none
efficientnet_b4,ILSVRC2012_val_00026742.JPEG,n02777292,416,416,0.42215806,1,imagenet_c,defocus_blur,1,none
efficientnet_b4,ILSVRC2012_val_00026829.JPEG,n02777292,416,416,0.4660039,1,imagenet_c,defocus_blur,1,none
efficientnet_b4,ILSVRC2012_val_00028054.JPEG,n02777292,416,416,0.38810545,1,imagenet_c,defocus_blur,1,none
efficientnet_b4,ILSVRC2012_val_00028173.JPEG,n02777292,416,416,0.4548902,1,imagenet_c,defocus_blur,1,none
efficientnet_b4,ILSVRC2012_val_00029181.JPEG,n02777292,416,416,0.70350546,1,imagenet_c,defocus_blur,1,none
efficientnet_b4,ILSVRC2012_val_00030267.JPEG,n02777292,416,702,0.29694384,0,imagenet_c,defocus_blur,1,none
efficientnet_b4,ILSVRC2012_val_00030753.JPEG,n02777292,416,416,0.6129371,1,imagenet_c,defocus_blur,1,none
efficientnet_b4,ILSVRC2012_val_00031480.JPEG,n02777292,416,416,0.37643582,1,imagenet_c,defocus_blur,1,none
efficientnet_b4,ILSVRC2012_val_00032435.JPEG,n02777292,416,416,0.299929,1,imagenet_c,defocus_blur,1,none
efficientnet_b4,ILSVRC2012_val_00032537.JPEG,n02777292,416,416,0.52902424,1,imagenet_c,defocus_blur,1,none
efficientnet_b4,ILSVRC2012_val_00036717.JPEG,n02777292,416,416,0.34888983,1,imagenet_c,defocus_blur,1,none
efficientnet_b4,ILSVRC2012_val_00039129.JPEG,n02777292,416,416,0.24732842,1,imagenet_c,defocus_blur,1,none
efficientnet_b4,ILSVRC2012_val_00041331.JPEG,n02777292,416,416,0.78405607,1,imagenet_c,defocus_blur,1,none
efficientnet_b4,ILSVRC2012_val_00041712.JPEG,n02777292,416,416,0.3757197,1,imagenet_c,defocus_blur,1,none
efficientnet_b4,ILSVRC2012_val_00044467.JPEG,n02777292,416,416,0.33065,1,imagenet_c,defocus_blur,1,none
efficientnet_b4,ILSVRC2012_val_00045397.JPEG,n02777292,416,416,0.64596874,1,imagenet_c,defocus_blur,1,none
efficientnet_b4,ILSVRC2012_val_00046016.JPEG,n02777292,416,416,0.25437167,1,imagenet_c,defocus_blur,1,none
efficientnet_b4,ILSVRC2012_val_00046766.JPEG,n02777292,416,416,0.4950906,1,imagenet_c,defocus_blur,1,none
efficientnet_b4,ILSVRC2012_val_00047774.JPEG,n02777292,416,416,0.12724076,1,imagenet_c,defocus_blur,1,none
efficientnet_b4,ILSVRC2012_val_00049222.JPEG,n02777292,416,466,0.09714056,0,imagenet_c,defocus_blur,1,none
efficientnet_b4,ILSVRC2012_val_00049777.JPEG,n02777292,416,416,0.23723173,1,imagenet_c,defocus_blur,1,none
efficientnet_b4,ILSVRC2012_val_00049909.JPEG,n02777292,416,416,0.5016072,1,imagenet_c,defocus_blur,1,none
efficientnet_b4,ILSVRC2012_val_00001731.JPEG,n02782093,417,417,0.2851147,1,imagenet_c,defocus_blur,1,none
efficientnet_b4,ILSVRC2012_val_00002118.JPEG,n02782093,417,417,0.60676235,1,imagenet_c,defocus_blur,1,none
efficientnet_b4,ILSVRC2012_val_00002809.JPEG,n02782093,417,417,0.19131342,1,imagenet_c,defocus_blur,1,none
efficientnet_b4,ILSVRC2012_val_00003640.JPEG,n02782093,417,417,0.45676157,1,imagenet_c,defocus_blur,1,none
efficientnet_b4,ILSVRC2012_val_00003915.JPEG,n02782093,417,417,0.5939378,1,imagenet_c,defocus_blur,1,none
efficientnet_b4,ILSVRC2012_val_00004812.JPEG,n02782093,417,794,0.1090774,0,imagenet_c,defocus_blur,1,none
efficientnet_b4,ILSVRC2012_val_00005352.JPEG,n02782093,417,574,0.17309879,0,imagenet_c,defocus_blur,1,none
efficientnet_b4,ILSVRC2012_val_00005739.JPEG,n02782093,417,417,0.65964395,1,imagenet_c,defocus_blur,1,none
efficientnet_b4,ILSVRC2012_val_00005977.JPEG,n02782093,417,417,0.57367444,1,imagenet_c,defocus_blur,1,none
efficientnet_b4,ILSVRC2012_val_00007205.JPEG,n02782093,417,705,0.40869027,0,imagenet_c,defocus_blur,1,none
efficientnet_b4,ILSVRC2012_val_00010127.JPEG,n02782093,417,417,0.5568789,1,imagenet_c,defocus_blur,1,none
efficientnet_b4,ILSVRC2012_val_00012050.JPEG,n02782093,417,417,0.5567205,1,imagenet_c,defocus_blur,1,none
efficientnet_b4,ILSVRC2012_val_00013894.JPEG,n02782093,417,417,0.5599179,1,imagenet_c,defocus_blur,1,none
efficientnet_b4,ILSVRC2012_val_00014014.JPEG,n02782093,417,417,0.70384806,1,imagenet_c,defocus_blur,1,none
efficientnet_b4,ILSVRC2012_val_00014172.JPEG,n02782093,417,417,0.13098302,1,imagenet_c,defocus_blur,1,none
efficientnet_b4,ILSVRC2012_val_00014667.JPEG,n02782093,417,417,0.7424927,1,imagenet_c,defocus_blur,1,none
efficientnet_b4,ILSVRC2012_val_00015674.JPEG,n02782093,417,417,0.5226569,1,imagenet_c,defocus_blur,1,none
efficientnet_b4,ILSVRC2012_val_00016021.JPEG,n02782093,417,417,0.61863345,1,imagenet_c,defocus_blur,1,none
efficientnet_b4,ILSVRC2012_val_00016225.JPEG,n02782093,417,417,0.60787797,1,imagenet_c,defocus_blur,1,none
efficientnet_b4,ILSVRC2012_val_00016230.JPEG,n02782093,417,417,0.606059,1,imagenet_c,defocus_blur,1,none
efficientnet_b4,ILSVRC2012_val_00018230.JPEG,n02782093,417,417,0.67232335,1,imagenet_c,defocus_blur,1,none
efficientnet_b4,ILSVRC2012_val_00018906.JPEG,n02782093,417,854,0.17546201,0,imagenet_c,defocus_blur,1,none
efficientnet_b4,ILSVRC2012_val_00021053.JPEG,n02782093,417,417,0.6554445,1,imagenet_c,defocus_blur,1,none
efficientnet_b4,ILSVRC2012_val_00021655.JPEG,n02782093,417,417,0.6660087,1,imagenet_c,defocus_blur,1,none
efficientnet_b4,ILSVRC2012_val_00022462.JPEG,n02782093,417,417,0.6533512,1,imagenet_c,defocus_blur,1,none
efficientnet_b4,ILSVRC2012_val_00024116.JPEG,n02782093,417,417,0.27052286,1,imagenet_c,defocus_blur,1,none
efficientnet_b4,ILSVRC2012_val_00025777.JPEG,n02782093,417,701,0.16566575,0,imagenet_c,defocus_blur,1,none
efficientnet_b4,ILSVRC2012_val_00026032.JPEG,n02782093,417,417,0.34483433,1,imagenet_c,defocus_blur,1,none
efficientnet_b4,ILSVRC2012_val_00026351.JPEG,n02782093,417,417,0.63970417,1,imagenet_c,defocus_blur,1,none
efficientnet_b4,ILSVRC2012_val_00027395.JPEG,n02782093,417,417,0.42103335,1,imagenet_c,defocus_blur,1,none
efficientnet_b4,ILSVRC2012_val_00029171.JPEG,n02782093,417,417,0.80978876,1,imagenet_c,defocus_blur,1,none
efficientnet_b4,ILSVRC2012_val_00031463.JPEG,n02782093,417,417,0.62055117,1,imagenet_c,defocus_blur,1,none
efficientnet_b4,ILSVRC2012_val_00033330.JPEG,n02782093,417,417,0.45541373,1,imagenet_c,defocus_blur,1,none
efficientnet_b4,ILSVRC2012_val_00033612.JPEG,n02782093,417,975,0.28867158,0,imagenet_c,defocus_blur,1,none
efficientnet_b4,ILSVRC2012_val_00035294.JPEG,n02782093,417,417,0.68386686,1,imagenet_c,defocus_blur,1,none
efficientnet_b4,ILSVRC2012_val_00038086.JPEG,n02782093,417,417,0.5392903,1,imagenet_c,defocus_blur,1,none
efficientnet_b4,ILSVRC2012_val_00038687.JPEG,n02782093,417,417,0.70363003,1,imagenet_c,defocus_blur,1,none
efficientnet_b4,ILSVRC2012_val_00039342.JPEG,n02782093,417,417,0.54978424,1,imagenet_c,defocus_blur,1,none
efficientnet_b4,ILSVRC2012_val_00040361.JPEG,n02782093,417,417,0.1815792,1,imagenet_c,defocus_blur,1,none
efficientnet_b4,ILSVRC2012_val_00041440.JPEG,n02782093,417,417,0.56800395,1,imagenet_c,defocus_blur,1,none
efficientnet_b4,ILSVRC2012_val_00042789.JPEG,n02782093,417,417,0.5094333,1,imagenet_c,defocus_blur,1,none
efficientnet_b4,ILSVRC2012_val_00042905.JPEG,n02782093,417,417,0.6036206,1,imagenet_c,defocus_blur,1,none
efficientnet_b4,ILSVRC2012_val_00044081.JPEG,n02782093,417,417,0.61068004,1,imagenet_c,defocus_blur,1,none
efficientnet_b4,ILSVRC2012_val_00044346.JPEG,n02782093,417,417,0.6855488,1,imagenet_c,defocus_blur,1,none
efficientnet_b4,ILSVRC2012_val_00045252.JPEG,n02782093,417,351,0.036812343,0,imagenet_c,defocus_blur,1,none
efficientnet_b4,ILSVRC2012_val_00046010.JPEG,n02782093,417,417,0.69252217,1,imagenet_c,defocus_blur,1,none
efficientnet_b4,ILSVRC2012_val_00046695.JPEG,n02782093,417,417,0.41701564,1,imagenet_c,defocus_blur,1,none
efficientnet_b4,ILSVRC2012_val_00047373.JPEG,n02782093,417,417,0.60554165,1,imagenet_c,defocus_blur,1,none
efficientnet_b4,ILSVRC2012_val_00047490.JPEG,n02782093,417,607,0.27586225,0,imagenet_c,defocus_blur,1,none
efficientnet_b4,ILSVRC2012_val_00049599.JPEG,n02782093,417,417,0.79039603,1,imagenet_c,defocus_blur,1,none
efficientnet_b4,ILSVRC2012_val_00000721.JPEG,n02783161,418,418,0.2937008,1,imagenet_c,defocus_blur,1,none
efficientnet_b4,ILSVRC2012_val_00001098.JPEG,n02783161,418,823,0.34620363,0,imagenet_c,defocus_blur,1,none
efficientnet_b4,ILSVRC2012_val_00002507.JPEG,n02783161,418,563,0.36904138,0,imagenet_c,defocus_blur,1,none
efficientnet_b4,ILSVRC2012_val_00005048.JPEG,n02783161,418,418,0.5578775,1,imagenet_c,defocus_blur,1,none
efficientnet_b4,ILSVRC2012_val_00006663.JPEG,n02783161,418,418,0.08510688,1,imagenet_c,defocus_blur,1,none
efficientnet_b4,ILSVRC2012_val_00006972.JPEG,n02783161,418,767,0.28459716,0,imagenet_c,defocus_blur,1,none
efficientnet_b4,ILSVRC2012_val_00007888.JPEG,n02783161,418,767,0.31845078,0,imagenet_c,defocus_blur,1,none
efficientnet_b4,ILSVRC2012_val_00010497.JPEG,n02783161,418,418,0.45826146,1,imagenet_c,defocus_blur,1,none
efficientnet_b4,ILSVRC2012_val_00011125.JPEG,n02783161,418,767,0.41625053,0,imagenet_c,defocus_blur,1,none
efficientnet_b4,ILSVRC2012_val_00011574.JPEG,n02783161,418,418,0.93107516,1,imagenet_c,defocus_blur,1,none
efficientnet_b4,ILSVRC2012_val_00011882.JPEG,n02783161,418,418,0.37255695,1,imagenet_c,defocus_blur,1,none
efficientnet_b4,ILSVRC2012_val_00014392.JPEG,n02783161,418,418,0.6621824,1,imagenet_c,defocus_blur,1,none
efficientnet_b4,ILSVRC2012_val_00015458.JPEG,n02783161,418,418,0.8220287,1,imagenet_c,defocus_blur,1,none
efficientnet_b4,ILSVRC2012_val_00016131.JPEG,n02783161,418,418,0.2769522,1,imagenet_c,defocus_blur,1,none
efficientnet_b4,ILSVRC2012_val_00016206.JPEG,n02783161,418,418,0.06425092,1,imagenet_c,defocus_blur,1,none
efficientnet_b4,ILSVRC2012_val_00016313.JPEG,n02783161,418,418,0.18379475,1,imagenet_c,defocus_blur,1,none
efficientnet_b4,ILSVRC2012_val_00017050.JPEG,n02783161,418,418,0.7511023,1,imagenet_c,defocus_blur,1,none
efficientnet_b4,ILSVRC2012_val_00017539.JPEG,n02783161,418,418,0.16928114,1,imagenet_c,defocus_blur,1,none
efficientnet_b4,ILSVRC2012_val_00018665.JPEG,n02783161,418,418,0.38331556,1,imagenet_c,defocus_blur,1,none
efficientnet_b4,ILSVRC2012_val_00019443.JPEG,n02783161,418,418,0.20569561,1,imagenet_c,defocus_blur,1,none
efficientnet_b4,ILSVRC2012_val_00019844.JPEG,n02783161,418,418,0.8182966,1,imagenet_c,defocus_blur,1,none
efficientnet_b4,ILSVRC2012_val_00020272.JPEG,n02783161,418,784,0.13750939,0,imagenet_c,defocus_blur,1,none
efficientnet_b4,ILSVRC2012_val_00021887.JPEG,n02783161,418,767,0.41745535,0,imagenet_c,defocus_blur,1,none
efficientnet_b4,ILSVRC2012_val_00024451.JPEG,n02783161,418,446,0.34171778,0,imagenet_c,defocus_blur,1,none
efficientnet_b4,ILSVRC2012_val_00025767.JPEG,n02783161,418,767,0.22782229,0,imagenet_c,defocus_blur,1,none
efficientnet_b4,ILSVRC2012_val_00025837.JPEG,n02783161,418,418,0.10286554,1,imagenet_c,defocus_blur,1,none
efficientnet_b4,ILSVRC2012_val_00027006.JPEG,n02783161,418,918,0.30388305,0,imagenet_c,defocus_blur,1,none
efficientnet_b4,ILSVRC2012_val_00027801.JPEG,n02783161,418,584,0.22893248,0,imagenet_c,defocus_blur,1,none
efficientnet_b4,ILSVRC2012_val_00030604.JPEG,n02783161,418,418,0.42382157,1,imagenet_c,defocus_blur,1,none
efficientnet_b4,ILSVRC2012_val_00031057.JPEG,n02783161,418,767,0.29714578,0,imagenet_c,defocus_blur,1,none
efficientnet_b4,ILSVRC2012_val_00033062.JPEG,n02783161,418,418,0.6038846,1,imagenet_c,defocus_blur,1,none
efficientnet_b4,ILSVRC2012_val_00033677.JPEG,n02783161,418,418,0.6829194,1,imagenet_c,defocus_blur,1,none
efficientnet_b4,ILSVRC2012_val_00033729.JPEG,n02783161,418,418,0.43683967,1,imagenet_c,defocus_blur,1,none
efficientnet_b4,ILSVRC2012_val_00033768.JPEG,n02783161,418,418,0.64606816,1,imagenet_c,defocus_blur,1,none
efficientnet_b4,ILSVRC2012_val_00034540.JPEG,n02783161,418,418,0.7378923,1,imagenet_c,defocus_blur,1,none
efficientnet_b4,ILSVRC2012_val_00035505.JPEG,n02783161,418,696,0.379969,0,imagenet_c,defocus_blur,1,none
efficientnet_b4,ILSVRC2012_val_00036777.JPEG,n02783161,418,784,0.3101049,0,imagenet_c,defocus_blur,1,none
efficientnet_b4,ILSVRC2012_val_00036962.JPEG,n02783161,418,418,0.8932428,1,imagenet_c,defocus_blur,1,none
efficientnet_b4,ILSVRC2012_val_00037874.JPEG,n02783161,418,418,0.3486623,1,imagenet_c,defocus_blur,1,none
efficientnet_b4,ILSVRC2012_val_00037900.JPEG,n02783161,418,769,0.07902793,0,imagenet_c,defocus_blur,1,none
efficientnet_b4,ILSVRC2012_val_00038879.JPEG,n02783161,418,767,0.3153526,0,imagenet_c,defocus_blur,1,none
efficientnet_b4,ILSVRC2012_val_00042171.JPEG,n02783161,418,418,0.61052966,1,imagenet_c,defocus_blur,1,none
efficientnet_b4,ILSVRC2012_val_00043329.JPEG,n02783161,418,418,0.46670896,1,imagenet_c,defocus_blur,1,none
efficientnet_b4,ILSVRC2012_val_00044024.JPEG,n02783161,418,418,0.77611256,1,imagenet_c,defocus_blur,1,none
efficientnet_b4,ILSVRC2012_val_00044189.JPEG,n02783161,418,418,0.2057606,1,imagenet_c,defocus_blur,1,none
efficientnet_b4,ILSVRC2012_val_00044309.JPEG,n02783161,418,418,0.44367263,1,imagenet_c,defocus_blur,1,none
efficientnet_b4,ILSVRC2012_val_00044470.JPEG,n02783161,418,418,0.72619104,1,imagenet_c,defocus_blur,1,none
efficientnet_b4,ILSVRC2012_val_00045467.JPEG,n02783161,418,418,0.7238051,1,imagenet_c,defocus_blur,1,none
efficientnet_b4,ILSVRC2012_val_00045686.JPEG,n02783161,418,418,0.51576,1,imagenet_c,defocus_blur,1,none
efficientnet_b4,ILSVRC2012_val_00046011.JPEG,n02783161,418,784,0.18457173,0,imagenet_c,defocus_blur,1,none
efficientnet_b4,ILSVRC2012_val_00000400.JPEG,n02786058,419,934,0.04767992,0,imagenet_c,defocus_blur,1,none
efficientnet_b4,ILSVRC2012_val_00000706.JPEG,n02786058,419,419,0.6835309,1,imagenet_c,defocus_blur,1,none
efficientnet_b4,ILSVRC2012_val_00003060.JPEG,n02786058,419,419,0.25536793,1,imagenet_c,defocus_blur,1,none
efficientnet_b4,ILSVRC2012_val_00003238.JPEG,n02786058,419,419,0.29717818,1,imagenet_c,defocus_blur,1,none
efficientnet_b4,ILSVRC2012_val_00004676.JPEG,n02786058,419,419,0.6933425,1,imagenet_c,defocus_blur,1,none
efficientnet_b4,ILSVRC2012_val_00005610.JPEG,n02786058,419,549,0.730257,0,imagenet_c,defocus_blur,1,none
efficientnet_b4,ILSVRC2012_val_00006039.JPEG,n02786058,419,419,0.11923756,1,imagenet_c,defocus_blur,1,none
efficientnet_b4,ILSVRC2012_val_00006995.JPEG,n02786058,419,673,0.5586464,0,imagenet_c,defocus_blur,1,none
efficientnet_b4,ILSVRC2012_val_00007865.JPEG,n02786058,419,419,0.70664996,1,imagenet_c,defocus_blur,1,none
efficientnet_b4,ILSVRC2012_val_00008019.JPEG,n02786058,419,419,0.45223907,1,imagenet_c,defocus_blur,1,none
efficientnet_b4,ILSVRC2012_val_00009714.JPEG,n02786058,419,419,0.56889755,1,imagenet_c,defocus_blur,1,none
efficientnet_b4,ILSVRC2012_val_00010277.JPEG,n02786058,419,691,0.17525037,0,imagenet_c,defocus_blur,1,none
efficientnet_b4,ILSVRC2012_val_00010473.JPEG,n02786058,419,419,0.35313034,1,imagenet_c,defocus_blur,1,none
efficientnet_b4,ILSVRC2012_val_00012023.JPEG,n02786058,419,419,0.12681468,1,imagenet_c,defocus_blur,1,none
efficientnet_b4,ILSVRC2012_val_00012563.JPEG,n02786058,419,419,0.6291381,1,imagenet_c,defocus_blur,1,none
efficientnet_b4,ILSVRC2012_val_00013543.JPEG,n02786058,419,617,0.29315466,0,imagenet_c,defocus_blur,1,none
efficientnet_b4,ILSVRC2012_val_00014006.JPEG,n02786058,419,419,0.8287239,1,imagenet_c,defocus_blur,1,none
efficientnet_b4,ILSVRC2012_val_00015343.JPEG,n02786058,419,419,0.34258184,1,imagenet_c,defocus_blur,1,none
efficientnet_b4,ILSVRC2012_val_00016079.JPEG,n02786058,419,626,0.05433268,0,imagenet_c,defocus_blur,1,none
efficientnet_b4,ILSVRC2012_val_00016715.JPEG,n02786058,419,419,0.03465494,1,imagenet_c,defocus_blur,1,none
efficientnet_b4,ILSVRC2012_val_00018115.JPEG,n02786058,419,419,0.58697766,1,imagenet_c,defocus_blur,1,none
efficientnet_b4,ILSVRC2012_val_00019017.JPEG,n02786058,419,739,0.14138377,0,imagenet_c,defocus_blur,1,none
efficientnet_b4,ILSVRC2012_val_00019076.JPEG,n02786058,419,419,0.7096979,1,imagenet_c,defocus_blur,1,none
efficientnet_b4,ILSVRC2012_val_00019400.JPEG,n02786058,419,419,0.541459,1,imagenet_c,defocus_blur,1,none
efficientnet_b4,ILSVRC2012_val_00020756.JPEG,n02786058,419,419,0.8018577,1,imagenet_c,defocus_blur,1,none
efficientnet_b4,ILSVRC2012_val_00020825.JPEG,n02786058,419,610,0.044107415,0,imagenet_c,defocus_blur,1,none
efficientnet_b4,ILSVRC2012_val_00021558.JPEG,n02786058,419,419,0.73753077,1,imagenet_c,defocus_blur,1,none
efficientnet_b4,ILSVRC2012_val_00021652.JPEG,n02786058,419,419,0.6520392,1,imagenet_c,defocus_blur,1,none
efficientnet_b4,ILSVRC2012_val_00023988.JPEG,n02786058,419,419,0.8052532,1,imagenet_c,defocus_blur,1,none
efficientnet_b4,ILSVRC2012_val_00024570.JPEG,n02786058,419,419,0.98160833,1,imagenet_c,defocus_blur,1,none
efficientnet_b4,ILSVRC2012_val_00025675.JPEG,n02786058,419,726,0.19400105,0,imagenet_c,defocus_blur,1,none
efficientnet_b4,ILSVRC2012_val_00027029.JPEG,n02786058,419,739,0.21899587,0,imagenet_c,defocus_blur,1,none
efficientnet_b4,ILSVRC2012_val_00027149.JPEG,n02786058,419,419,0.09113925,1,imagenet_c,defocus_blur,1,none
efficientnet_b4,ILSVRC2012_val_00031915.JPEG,n02786058,419,774,0.0794891,0,imagenet_c,defocus_blur,1,none
efficientnet_b4,ILSVRC2012_val_00032821.JPEG,n02786058,419,419,0.7102159,1,imagenet_c,defocus_blur,1,none
efficientnet_b4,ILSVRC2012_val_00034958.JPEG,n02786058,419,419,0.46336004,1,imagenet_c,defocus_blur,1,none
efficientnet_b4,ILSVRC2012_val_00036161.JPEG,n02786058,419,529,0.20038539,0,imagenet_c,defocus_blur,1,none
efficientnet_b4,ILSVRC2012_val_00036814.JPEG,n02786058,419,419,0.06905209,1,imagenet_c,defocus_blur,1,none
efficientnet_b4,ILSVRC2012_val_00037985.JPEG,n02786058,419,676,0.27558038,0,imagenet_c,defocus_blur,1,none
efficientnet_b4,ILSVRC2012_val_00038219.JPEG,n02786058,419,419,0.23509382,1,imagenet_c,defocus_blur,1,none
efficientnet_b4,ILSVRC2012_val_00038503.JPEG,n02786058,419,549,0.6025418,0,imagenet_c,defocus_blur,1,none
efficientnet_b4,ILSVRC2012_val_00038932.JPEG,n02786058,419,419,0.07869623,1,imagenet_c,defocus_blur,1,none
efficientnet_b4,ILSVRC2012_val_00040430.JPEG,n02786058,419,419,0.7657951,1,imagenet_c,defocus_blur,1,none
efficientnet_b4,ILSVRC2012_val_00041679.JPEG,n02786058,419,419,0.4485317,1,imagenet_c,defocus_blur,1,none
efficientnet_b4,ILSVRC2012_val_00044252.JPEG,n02786058,419,719,0.51828164,0,imagenet_c,defocus_blur,1,none
efficientnet_b4,ILSVRC2012_val_00044808.JPEG,n02786058,419,419,0.6011741,1,imagenet_c,defocus_blur,1,none
efficientnet_b4,ILSVRC2012_val_00045756.JPEG,n02786058,419,419,0.47746655,1,imagenet_c,defocus_blur,1,none
efficientnet_b4,ILSVRC2012_val_00046994.JPEG,n02786058,419,419,0.24541518,1,imagenet_c,defocus_blur,1,none
efficientnet_b4,ILSVRC2012_val_00047504.JPEG,n02786058,419,419,0.86244166,1,imagenet_c,defocus_blur,1,none
efficientnet_b4,ILSVRC2012_val_00049896.JPEG,n02786058,419,838,0.29394358,0,imagenet_c,defocus_blur,1,none
efficientnet_b4,ILSVRC2012_val_00000315.JPEG,n02787622,420,420,0.6667325,1,imagenet_c,defocus_blur,1,none
efficientnet_b4,ILSVRC2012_val_00000388.JPEG,n02787622,420,420,0.7598458,1,imagenet_c,defocus_blur,1,none
efficientnet_b4,ILSVRC2012_val_00001221.JPEG,n02787622,420,420,0.8288537,1,imagenet_c,defocus_blur,1,none
efficientnet_b4,ILSVRC2012_val_00005651.JPEG,n02787622,420,420,0.6695113,1,imagenet_c,defocus_blur,1,none
efficientnet_b4,ILSVRC2012_val_00006855.JPEG,n02787622,420,420,0.6734079,1,imagenet_c,defocus_blur,1,none
efficientnet_b4,ILSVRC2012_val_00008213.JPEG,n02787622,420,420,0.5821676,1,imagenet_c,defocus_blur,1,none
efficientnet_b4,ILSVRC2012_val_00008976.JPEG,n02787622,420,420,0.70778584,1,imagenet_c,defocus_blur,1,none
efficientnet_b4,ILSVRC2012_val_00009566.JPEG,n02787622,420,420,0.8012264,1,imagenet_c,defocus_blur,1,none
efficientnet_b4,ILSVRC2012_val_00010207.JPEG,n02787622,420,558,0.042238913,0,imagenet_c,defocus_blur,1,none
efficientnet_b4,ILSVRC2012_val_00010860.JPEG,n02787622,420,420,0.4559047,1,imagenet_c,defocus_blur,1,none
efficientnet_b4,ILSVRC2012_val_00011139.JPEG,n02787622,420,413,0.4987942,0,imagenet_c,defocus_blur,1,none
efficientnet_b4,ILSVRC2012_val_00012955.JPEG,n02787622,420,420,0.7862292,1,imagenet_c,defocus_blur,1,none
efficientnet_b4,ILSVRC2012_val_00013131.JPEG,n02787622,420,420,0.6265684,1,imagenet_c,defocus_blur,1,none
efficientnet_b4,ILSVRC2012_val_00013866.JPEG,n02787622,420,420,0.72416776,1,imagenet_c,defocus_blur,1,none
efficientnet_b4,ILSVRC2012_val_00014733.JPEG,n02787622,420,420,0.6027418,1,imagenet_c,defocus_blur,1,none
efficientnet_b4,ILSVRC2012_val_00016060.JPEG,n02787622,420,420,0.52303994,1,imagenet_c,defocus_blur,1,none
efficientnet_b4,ILSVRC2012_val_00017233.JPEG,n02787622,420,420,0.6145839,1,imagenet_c,defocus_blur,1,none
efficientnet_b4,ILSVRC2012_val_00017811.JPEG,n02787622,420,420,0.7431008,1,imagenet_c,defocus_blur,1,none
efficientnet_b4,ILSVRC2012_val_00018005.JPEG,n02787622,420,420,0.62052655,1,imagenet_c,defocus_blur,1,none
efficientnet_b4,ILSVRC2012_val_00018617.JPEG,n02787622,420,420,0.7161516,1,imagenet_c,defocus_blur,1,none
efficientnet_b4,ILSVRC2012_val_00018667.JPEG,n02787622,420,666,0.053070337,0,imagenet_c,defocus_blur,1,none
efficientnet_b4,ILSVRC2012_val_00019653.JPEG,n02787622,420,420,0.45799103,1,imagenet_c,defocus_blur,1,none
efficientnet_b4,ILSVRC2012_val_00019777.JPEG,n02787622,420,420,0.725298,1,imagenet_c,defocus_blur,1,none
efficientnet_b4,ILSVRC2012_val_00021925.JPEG,n02787622,420,420,0.75964355,1,imagenet_c,defocus_blur,1,none
efficientnet_b4,ILSVRC2012_val_00022234.JPEG,n02787622,420,420,0.69486433,1,imagenet_c,defocus_blur,1,none
efficientnet_b4,ILSVRC2012_val_00024757.JPEG,n02787622,420,624,0.42105728,0,imagenet_c,defocus_blur,1,none
efficientnet_b4,ILSVRC2012_val_00025612.JPEG,n02787622,420,420,0.6248141,1,imagenet_c,defocus_blur,1,none
efficientnet_b4,ILSVRC2012_val_00025664.JPEG,n02787622,420,420,0.72199917,1,imagenet_c,defocus_blur,1,none
efficientnet_b4,ILSVRC2012_val_00025772.JPEG,n02787622,420,420,0.6650828,1,imagenet_c,defocus_blur,1,none
efficientnet_b4,ILSVRC2012_val_00027131.JPEG,n02787622,420,420,0.47641042,1,imagenet_c,defocus_blur,1,none
efficientnet_b4,ILSVRC2012_val_00027328.JPEG,n02787622,420,420,0.67051125,1,imagenet_c,defocus_blur,1,none
efficientnet_b4,ILSVRC2012_val_00029236.JPEG,n02787622,420,420,0.3491787,1,imagenet_c,defocus_blur,1,none
efficientnet_b4,ILSVRC2012_val_00029911.JPEG,n02787622,420,420,0.62909216,1,imagenet_c,defocus_blur,1,none
efficientnet_b4,ILSVRC2012_val_00031387.JPEG,n02787622,420,420,0.6658546,1,imagenet_c,defocus_blur,1,none
efficientnet_b4,ILSVRC2012_val_00032950.JPEG,n02787622,420,882,0.042918507,0,imagenet_c,defocus_blur,1,none
efficientnet_b4,ILSVRC2012_val_00033413.JPEG,n02787622,420,420,0.6833292,1,imagenet_c,defocus_blur,1,none
efficientnet_b4,ILSVRC2012_val_00035574.JPEG,n02787622,420,420,0.72060853,1,imagenet_c,defocus_blur,1,none
efficientnet_b4,ILSVRC2012_val_00039991.JPEG,n02787622,420,420,0.6574521,1,imagenet_c,defocus_blur,1,none
efficientnet_b4,ILSVRC2012_val_00041402.JPEG,n02787622,420,892,0.14179763,0,imagenet_c,defocus_blur,1,none
efficientnet_b4,ILSVRC2012_val_00042522.JPEG,n02787622,420,420,0.4027361,1,imagenet_c,defocus_blur,1,none
efficientnet_b4,ILSVRC2012_val_00044408.JPEG,n02787622,420,714,0.348607,0,imagenet_c,defocus_blur,1,none
efficientnet_b4,ILSVRC2012_val_00045778.JPEG,n02787622,420,420,0.61918825,1,imagenet_c,defocus_blur,1,none
efficientnet_b4,ILSVRC2012_val_00046266.JPEG,n02787622,420,420,0.78137636,1,imagenet_c,defocus_blur,1,none
efficientnet_b4,ILSVRC2012_val_00046445.JPEG,n02787622,420,703,0.07191307,0,imagenet_c,defocus_blur,1,none
efficientnet_b4,ILSVRC2012_val_00046921.JPEG,n02787622,420,420,0.6282279,1,imagenet_c,defocus_blur,1,none
efficientnet_b4,ILSVRC2012_val_00047082.JPEG,n02787622,420,546,0.1881842,0,imagenet_c,defocus_blur,1,none
efficientnet_b4,ILSVRC2012_val_00047837.JPEG,n02787622,420,420,0.73471594,1,imagenet_c,defocus_blur,1,none
efficientnet_b4,ILSVRC2012_val_00049293.JPEG,n02787622,420,819,0.115653634,0,imagenet_c,defocus_blur,1,none
efficientnet_b4,ILSVRC2012_val_00049751.JPEG,n02787622,420,420,0.47499847,1,imagenet_c,defocus_blur,1,none
efficientnet_b4,ILSVRC2012_val_00049911.JPEG,n02787622,420,420,0.6386974,1,imagenet_c,defocus_blur,1,none
efficientnet_b4,ILSVRC2012_val_00000272.JPEG,n02788148,421,421,0.17153278,1,imagenet_c,defocus_blur,1,none
efficientnet_b4,ILSVRC2012_val_00000584.JPEG,n02788148,421,506,0.5373903,0,imagenet_c,defocus_blur,1,none
efficientnet_b4,ILSVRC2012_val_00002801.JPEG,n02788148,421,421,0.54965323,1,imagenet_c,defocus_blur,1,none
efficientnet_b4,ILSVRC2012_val_00002943.JPEG,n02788148,421,969,0.022602895,0,imagenet_c,defocus_blur,1,none
efficientnet_b4,ILSVRC2012_val_00004094.JPEG,n02788148,421,421,0.5005918,1,imagenet_c,defocus_blur,1,none
efficientnet_b4,ILSVRC2012_val_00005433.JPEG,n02788148,421,791,0.1039556,0,imagenet_c,defocus_blur,1,none
efficientnet_b4,ILSVRC2012_val_00005736.JPEG,n02788148,421,453,0.2986202,0,imagenet_c,defocus_blur,1,none
efficientnet_b4,ILSVRC2012_val_00005769.JPEG,n02788148,421,835,0.075419225,0,imagenet_c,defocus_blur,1,none
efficientnet_b4,ILSVRC2012_val_00006150.JPEG,n02788148,421,421,0.39983326,1,imagenet_c,defocus_blur,1,none
efficientnet_b4,ILSVRC2012_val_00007557.JPEG,n02788148,421,421,0.4383699,1,imagenet_c,defocus_blur,1,none
efficientnet_b4,ILSVRC2012_val_00007566.JPEG,n02788148,421,421,0.6076955,1,imagenet_c,defocus_blur,1,none
efficientnet_b4,ILSVRC2012_val_00009195.JPEG,n02788148,421,421,0.17573953,1,imagenet_c,defocus_blur,1,none
efficientnet_b4,ILSVRC2012_val_00009261.JPEG,n02788148,421,421,0.5702777,1,imagenet_c,defocus_blur,1,none
efficientnet_b4,ILSVRC2012_val_00011307.JPEG,n02788148,421,421,0.42518637,1,imagenet_c,defocus_blur,1,none
efficientnet_b4,ILSVRC2012_val_00012264.JPEG,n02788148,421,421,0.28682637,1,imagenet_c,defocus_blur,1,none
efficientnet_b4,ILSVRC2012_val_00012502.JPEG,n02788148,421,421,0.15835989,1,imagenet_c,defocus_blur,1,none
efficientnet_b4,ILSVRC2012_val_00013013.JPEG,n02788148,421,789,0.20421991,0,imagenet_c,defocus_blur,1,none
efficientnet_b4,ILSVRC2012_val_00013437.JPEG,n02788148,421,421,0.29202273,1,imagenet_c,defocus_blur,1,none
efficientnet_b4,ILSVRC2012_val_00014558.JPEG,n02788148,421,421,0.5288087,1,imagenet_c,defocus_blur,1,none
efficientnet_b4,ILSVRC2012_val_00015834.JPEG,n02788148,421,421,0.22429883,1,imagenet_c,defocus_blur,1,none
efficientnet_b4,ILSVRC2012_val_00016408.JPEG,n02788148,421,687,0.27010533,0,imagenet_c,defocus_blur,1,none
efficientnet_b4,ILSVRC2012_val_00016716.JPEG,n02788148,421,756,0.07540645,0,imagenet_c,defocus_blur,1,none
efficientnet_b4,ILSVRC2012_val_00016975.JPEG,n02788148,421,421,0.43655488,1,imagenet_c,defocus_blur,1,none
efficientnet_b4,ILSVRC2012_val_00017707.JPEG,n02788148,421,905,0.20480804,0,imagenet_c,defocus_blur,1,none
efficientnet_b4,ILSVRC2012_val_00020434.JPEG,n02788148,421,421,0.42860806,1,imagenet_c,defocus_blur,1,none
efficientnet_b4,ILSVRC2012_val_00022424.JPEG,n02788148,421,506,0.29085818,0,imagenet_c,defocus_blur,1,none
efficientnet_b4,ILSVRC2012_val_00023280.JPEG,n02788148,421,421,0.14193894,1,imagenet_c,defocus_blur,1,none
efficientnet_b4,ILSVRC2012_val_00023325.JPEG,n02788148,421,421,0.14115447,1,imagenet_c,defocus_blur,1,none
efficientnet_b4,ILSVRC2012_val_00025392.JPEG,n02788148,421,421,0.2924563,1,imagenet_c,defocus_blur,1,none
efficientnet_b4,ILSVRC2012_val_00027018.JPEG,n02788148,421,421,0.68351257,1,imagenet_c,defocus_blur,1,none
efficientnet_b4,ILSVRC2012_val_00027440.JPEG,n02788148,421,466,0.10344675,0,imagenet_c,defocus_blur,1,none
efficientnet_b4,ILSVRC2012_val_00029432.JPEG,n02788148,421,703,0.27648216,0,imagenet_c,defocus_blur,1,none
efficientnet_b4,ILSVRC2012_val_00031120.JPEG,n02788148,421,421,0.505472,1,imagenet_c,defocus_blur,1,none
efficientnet_b4,ILSVRC2012_val_00032604.JPEG,n02788148,421,421,0.35046065,1,imagenet_c,defocus_blur,1,none
efficientnet_b4,ILSVRC2012_val_00033275.JPEG,n02788148,421,421,0.78109974,1,imagenet_c,defocus_blur,1,none
efficientnet_b4,ILSVRC2012_val_00033526.JPEG,n02788148,421,421,0.26339632,1,imagenet_c,defocus_blur,1,none
efficientnet_b4,ILSVRC2012_val_00035907.JPEG,n02788148,421,421,0.43322816,1,imagenet_c,defocus_blur,1,none
efficientnet_b4,ILSVRC2012_val_00037594.JPEG,n02788148,421,421,0.44788125,1,imagenet_c,defocus_blur,1,none
efficientnet_b4,ILSVRC2012_val_00037788.JPEG,n02788148,421,421,0.21103941,1,imagenet_c,defocus_blur,1,none
efficientnet_b4,ILSVRC2012_val_00038971.JPEG,n02788148,421,466,0.2841383,0,imagenet_c,defocus_blur,1,none
efficientnet_b4,ILSVRC2012_val_00039546.JPEG,n02788148,421,698,0.13526212,0,imagenet_c,defocus_blur,1,none
efficientnet_b4,ILSVRC2012_val_00039705.JPEG,n02788148,421,421,0.45832074,1,imagenet_c,defocus_blur,1,none
efficientnet_b4,ILSVRC2012_val_00041360.JPEG,n02788148,421,559,0.08986163,0,imagenet_c,defocus_blur,1,none
efficientnet_b4,ILSVRC2012_val_00041467.JPEG,n02788148,421,421,0.29139018,1,imagenet_c,defocus_blur,1,none
efficientnet_b4,ILSVRC2012_val_00044590.JPEG,n02788148,421,516,0.43395627,0,imagenet_c,defocus_blur,1,none
efficientnet_b4,ILSVRC2012_val_00044953.JPEG,n02788148,421,421,0.583298,1,imagenet_c,defocus_blur,1,none
efficientnet_b4,ILSVRC2012_val_00045260.JPEG,n02788148,421,912,0.22943018,0,imagenet_c,defocus_blur,1,none
efficientnet_b4,ILSVRC2012_val_00048426.JPEG,n02788148,421,743,0.45359072,0,imagenet_c,defocus_blur,1,none
efficientnet_b4,ILSVRC2012_val_00049054.JPEG,n02788148,421,421,0.57052016,1,imagenet_c,defocus_blur,1,none
efficientnet_b4,ILSVRC2012_val_00049098.JPEG,n02788148,421,660,0.5233792,0,imagenet_c,defocus_blur,1,none
efficientnet_b4,ILSVRC2012_val_00004406.JPEG,n02790996,422,422,0.5376171,1,imagenet_c,defocus_blur,1,none
efficientnet_b4,ILSVRC2012_val_00006919.JPEG,n02790996,422,422,0.44993722,1,imagenet_c,defocus_blur,1,none
efficientnet_b4,ILSVRC2012_val_00007473.JPEG,n02790996,422,422,0.32442567,1,imagenet_c,defocus_blur,1,none
efficientnet_b4,ILSVRC2012_val_00010008.JPEG,n02790996,422,543,0.7663471,0,imagenet_c,defocus_blur,1,none
efficientnet_b4,ILSVRC2012_val_00010021.JPEG,n02790996,422,674,0.05963139,0,imagenet_c,defocus_blur,1,none
efficientnet_b4,ILSVRC2012_val_00010081.JPEG,n02790996,422,422,0.5305057,1,imagenet_c,defocus_blur,1,none
efficientnet_b4,ILSVRC2012_val_00010468.JPEG,n02790996,422,543,0.6731633,0,imagenet_c,defocus_blur,1,none
efficientnet_b4,ILSVRC2012_val_00010918.JPEG,n02790996,422,543,0.41273734,0,imagenet_c,defocus_blur,1,none
efficientnet_b4,ILSVRC2012_val_00011504.JPEG,n02790996,422,422,0.62317663,1,imagenet_c,defocus_blur,1,none
efficientnet_b4,ILSVRC2012_val_00011974.JPEG,n02790996,422,422,0.08743214,1,imagenet_c,defocus_blur,1,none
efficientnet_b4,ILSVRC2012_val_00012099.JPEG,n02790996,422,543,0.6556205,0,imagenet_c,defocus_blur,1,none
efficientnet_b4,ILSVRC2012_val_00012422.JPEG,n02790996,422,543,0.25302806,0,imagenet_c,defocus_blur,1,none
efficientnet_b4,ILSVRC2012_val_00013491.JPEG,n02790996,422,543,0.6180448,0,imagenet_c,defocus_blur,1,none
efficientnet_b4,ILSVRC2012_val_00014671.JPEG,n02790996,422,422,0.555232,1,imagenet_c,defocus_blur,1,none
efficientnet_b4,ILSVRC2012_val_00014676.JPEG,n02790996,422,422,0.1983691,1,imagenet_c,defocus_blur,1,none
efficientnet_b4,ILSVRC2012_val_00015490.JPEG,n02790996,422,422,0.634119,1,imagenet_c,defocus_blur,1,none
efficientnet_b4,ILSVRC2012_val_00015734.JPEG,n02790996,422,543,0.668986,0,imagenet_c,defocus_blur,1,none
efficientnet_b4,ILSVRC2012_val_00016261.JPEG,n02790996,422,882,0.02806394,0,imagenet_c,defocus_blur,1,none
efficientnet_b4,ILSVRC2012_val_00016682.JPEG,n02790996,422,422,0.2959743,1,imagenet_c,defocus_blur,1,none
efficientnet_b4,ILSVRC2012_val_00016827.JPEG,n02790996,422,422,0.6928967,1,imagenet_c,defocus_blur,1,none
efficientnet_b4,ILSVRC2012_val_00016982.JPEG,n02790996,422,422,0.33215496,1,imagenet_c,defocus_blur,1,none
efficientnet_b4,ILSVRC2012_val_00022044.JPEG,n02790996,422,805,0.07935943,0,imagenet_c,defocus_blur,1,none
efficientnet_b4,ILSVRC2012_val_00022220.JPEG,n02790996,422,543,0.4702495,0,imagenet_c,defocus_blur,1,none
efficientnet_b4,ILSVRC2012_val_00023704.JPEG,n02790996,422,764,0.28294173,0,imagenet_c,defocus_blur,1,none
efficientnet_b4,ILSVRC2012_val_00024730.JPEG,n02790996,422,422,0.48930046,1,imagenet_c,defocus_blur,1,none
efficientnet_b4,ILSVRC2012_val_00026328.JPEG,n02790996,422,422,0.43699747,1,imagenet_c,defocus_blur,1,none
efficientnet_b4,ILSVRC2012_val_00026933.JPEG,n02790996,422,422,0.48843652,1,imagenet_c,defocus_blur,1,none
efficientnet_b4,ILSVRC2012_val_00027401.JPEG,n02790996,422,422,0.22518644,1,imagenet_c,defocus_blur,1,none
efficientnet_b4,ILSVRC2012_val_00028259.JPEG,n02790996,422,772,0.12912364,0,imagenet_c,defocus_blur,1,none
efficientnet_b4,ILSVRC2012_val_00028388.JPEG,n02790996,422,422,0.5481285,1,imagenet_c,defocus_blur,1,none
efficientnet_b4,ILSVRC2012_val_00030123.JPEG,n02790996,422,543,0.74150205,0,imagenet_c,defocus_blur,1,none
efficientnet_b4,ILSVRC2012_val_00030461.JPEG,n02790996,422,543,0.26933384,0,imagenet_c,defocus_blur,1,none
efficientnet_b4,ILSVRC2012_val_00030577.JPEG,n02790996,422,602,0.13479494,0,imagenet_c,defocus_blur,1,none
efficientnet_b4,ILSVRC2012_val_00030866.JPEG,n02790996,422,543,0.76108176,0,imagenet_c,defocus_blur,1,none
efficientnet_b4,ILSVRC2012_val_00030895.JPEG,n02790996,422,422,0.54227245,1,imagenet_c,defocus_blur,1,none
efficientnet_b4,ILSVRC2012_val_00032434.JPEG,n02790996,422,422,0.53443503,1,imagenet_c,defocus_blur,1,none
efficientnet_b4,ILSVRC2012_val_00032697.JPEG,n02790996,422,422,0.74355865,1,imagenet_c,defocus_blur,1,none
efficientnet_b4,ILSVRC2012_val_00035359.JPEG,n02790996,422,422,0.6672364,1,imagenet_c,defocus_blur,1,none
efficientnet_b4,ILSVRC2012_val_00035750.JPEG,n02790996,422,422,0.6966131,1,imagenet_c,defocus_blur,1,none
efficientnet_b4,ILSVRC2012_val_00035930.JPEG,n02790996,422,422,0.6158079,1,imagenet_c,defocus_blur,1,none
efficientnet_b4,ILSVRC2012_val_00036280.JPEG,n02790996,422,422,0.6458589,1,imagenet_c,defocus_blur,1,none
efficientnet_b4,ILSVRC2012_val_00036827.JPEG,n02790996,422,422,0.539756,1,imagenet_c,defocus_blur,1,none
efficientnet_b4,ILSVRC2012_val_00037608.JPEG,n02790996,422,422,0.6305865,1,imagenet_c,defocus_blur,1,none
efficientnet_b4,ILSVRC2012_val_00038034.JPEG,n02790996,422,422,0.3805961,1,imagenet_c,defocus_blur,1,none
efficientnet_b4,ILSVRC2012_val_00039311.JPEG,n02790996,422,615,0.21367656,0,imagenet_c,defocus_blur,1,none
efficientnet_b4,ILSVRC2012_val_00040525.JPEG,n02790996,422,422,0.71317875,1,imagenet_c,defocus_blur,1,none
efficientnet_b4,ILSVRC2012_val_00041419.JPEG,n02790996,422,422,0.27042946,1,imagenet_c,defocus_blur,1,none
efficientnet_b4,ILSVRC2012_val_00044394.JPEG,n02790996,422,422,0.49978998,1,imagenet_c,defocus_blur,1,none
efficientnet_b4,ILSVRC2012_val_00046478.JPEG,n02790996,422,543,0.4284406,0,imagenet_c,defocus_blur,1,none
efficientnet_b4,ILSVRC2012_val_00048198.JPEG,n02790996,422,422,0.5306345,1,imagenet_c,defocus_blur,1,none
efficientnet_b4,ILSVRC2012_val_00000759.JPEG,n02791124,423,747,0.27848133,0,imagenet_c,defocus_blur,1,none
efficientnet_b4,ILSVRC2012_val_00000804.JPEG,n02791124,423,860,0.51084024,0,imagenet_c,defocus_blur,1,none
efficientnet_b4,ILSVRC2012_val_00001289.JPEG,n02791124,423,743,0.31977716,0,imagenet_c,defocus_blur,1,none
efficientnet_b4,ILSVRC2012_val_00001604.JPEG,n02791124,423,423,0.39432395,1,imagenet_c,defocus_blur,1,none
efficientnet_b4,ILSVRC2012_val_00002466.JPEG,n02791124,423,423,0.2973807,1,imagenet_c,defocus_blur,1,none
efficientnet_b4,ILSVRC2012_val_00004679.JPEG,n02791124,423,422,0.061255302,0,imagenet_c,defocus_blur,1,none
efficientnet_b4,ILSVRC2012_val_00005408.JPEG,n02791124,423,423,0.36985928,1,imagenet_c,defocus_blur,1,none
efficientnet_b4,ILSVRC2012_val_00005762.JPEG,n02791124,423,423,0.38800418,1,imagenet_c,defocus_blur,1,none
efficientnet_b4,ILSVRC2012_val_00006275.JPEG,n02791124,423,423,0.53938085,1,imagenet_c,defocus_blur,1,none
efficientnet_b4,ILSVRC2012_val_00007038.JPEG,n02791124,423,424,0.25665247,0,imagenet_c,defocus_blur,1,none
efficientnet_b4,ILSVRC2012_val_00007789.JPEG,n02791124,423,423,0.61137575,1,imagenet_c,defocus_blur,1,none
efficientnet_b4,ILSVRC2012_val_00008098.JPEG,n02791124,423,423,0.42312866,1,imagenet_c,defocus_blur,1,none
efficientnet_b4,ILSVRC2012_val_00008115.JPEG,n02791124,423,598,0.49279287,0,imagenet_c,defocus_blur,1,none
efficientnet_b4,ILSVRC2012_val_00009064.JPEG,n02791124,423,870,0.06736437,0,imagenet_c,defocus_blur,1,none
efficientnet_b4,ILSVRC2012_val_00009987.JPEG,n02791124,423,423,0.5181563,1,imagenet_c,defocus_blur,1,none
efficientnet_b4,ILSVRC2012_val_00011110.JPEG,n02791124,423,423,0.5202073,1,imagenet_c,defocus_blur,1,none
efficientnet_b4,ILSVRC2012_val_00011626.JPEG,n02791124,423,423,0.45668408,1,imagenet_c,defocus_blur,1,none
efficientnet_b4,ILSVRC2012_val_00013838.JPEG,n02791124,423,424,0.33979046,0,imagenet_c,defocus_blur,1,none
efficientnet_b4,ILSVRC2012_val_00014415.JPEG,n02791124,423,736,0.035794016,0,imagenet_c,defocus_blur,1,none
efficientnet_b4,ILSVRC2012_val_00014462.JPEG,n02791124,423,424,0.48731482,0,imagenet_c,defocus_blur,1,none
efficientnet_b4,ILSVRC2012_val_00015077.JPEG,n02791124,423,423,0.41000214,1,imagenet_c,defocus_blur,1,none
efficientnet_b4,ILSVRC2012_val_00016403.JPEG,n02791124,423,423,0.50603783,1,imagenet_c,defocus_blur,1,none
efficientnet_b4,ILSVRC2012_val_00020629.JPEG,n02791124,423,423,0.33566082,1,imagenet_c,defocus_blur,1,none
efficientnet_b4,ILSVRC2012_val_00021099.JPEG,n02791124,423,424,0.25073352,0,imagenet_c,defocus_blur,1,none
efficientnet_b4,ILSVRC2012_val_00021359.JPEG,n02791124,423,423,0.31465927,1,imagenet_c,defocus_blur,1,none
efficientnet_b4,ILSVRC2012_val_00021512.JPEG,n02791124,423,423,0.35302615,1,imagenet_c,defocus_blur,1,none
efficientnet_b4,ILSVRC2012_val_00024368.JPEG,n02791124,423,423,0.42470884,1,imagenet_c,defocus_blur,1,none
efficientnet_b4,ILSVRC2012_val_00024693.JPEG,n02791124,423,423,0.3744592,1,imagenet_c,defocus_blur,1,none
efficientnet_b4,ILSVRC2012_val_00026295.JPEG,n02791124,423,423,0.43059066,1,imagenet_c,defocus_blur,1,none
efficientnet_b4,ILSVRC2012_val_00026896.JPEG,n02791124,423,423,0.22811468,1,imagenet_c,defocus_blur,1,none
efficientnet_b4,ILSVRC2012_val_00031101.JPEG,n02791124,423,424,0.27446738,0,imagenet_c,defocus_blur,1,none
efficientnet_b4,ILSVRC2012_val_00031372.JPEG,n02791124,423,424,0.30550826,0,imagenet_c,defocus_blur,1,none
efficientnet_b4,ILSVRC2012_val_00031805.JPEG,n02791124,423,423,0.17434531,1,imagenet_c,defocus_blur,1,none
efficientnet_b4,ILSVRC2012_val_00033367.JPEG,n02791124,423,423,0.2054628,1,imagenet_c,defocus_blur,1,none
efficientnet_b4,ILSVRC2012_val_00033973.JPEG,n02791124,423,423,0.3603648,1,imagenet_c,defocus_blur,1,none
efficientnet_b4,ILSVRC2012_val_00037803.JPEG,n02791124,423,423,0.44259712,1,imagenet_c,defocus_blur,1,none
efficientnet_b4,ILSVRC2012_val_00039348.JPEG,n02791124,423,423,0.5136742,1,imagenet_c,defocus_blur,1,none
efficientnet_b4,ILSVRC2012_val_00040965.JPEG,n02791124,423,423,0.07602901,1,imagenet_c,defocus_blur,1,none
efficientnet_b4,ILSVRC2012_val_00041772.JPEG,n02791124,423,424,0.16997619,0,imagenet_c,defocus_blur,1,none
efficientnet_b4,ILSVRC2012_val_00042512.JPEG,n02791124,423,670,0.14229836,0,imagenet_c,defocus_blur,1,none
efficientnet_b4,ILSVRC2012_val_00042979.JPEG,n02791124,423,424,0.27807134,0,imagenet_c,defocus_blur,1,none
efficientnet_b4,ILSVRC2012_val_00043116.JPEG,n02791124,423,423,0.47276458,1,imagenet_c,defocus_blur,1,none
efficientnet_b4,ILSVRC2012_val_00044194.JPEG,n02791124,423,423,0.66057765,1,imagenet_c,defocus_blur,1,none
efficientnet_b4,ILSVRC2012_val_00044551.JPEG,n02791124,423,423,0.105146036,1,imagenet_c,defocus_blur,1,none
efficientnet_b4,ILSVRC2012_val_00044898.JPEG,n02791124,423,424,0.32618323,0,imagenet_c,defocus_blur,1,none
efficientnet_b4,ILSVRC2012_val_00045348.JPEG,n02791124,423,423,0.1937086,1,imagenet_c,defocus_blur,1,none
efficientnet_b4,ILSVRC2012_val_00045407.JPEG,n02791124,423,423,0.50062543,1,imagenet_c,defocus_blur,1,none
efficientnet_b4,ILSVRC2012_val_00046952.JPEG,n02791124,423,423,0.33603817,1,imagenet_c,defocus_blur,1,none
efficientnet_b4,ILSVRC2012_val_00047382.JPEG,n02791124,423,424,0.1513797,0,imagenet_c,defocus_blur,1,none
efficientnet_b4,ILSVRC2012_val_00049050.JPEG,n02791124,423,423,0.3431687,1,imagenet_c,defocus_blur,1,none
efficientnet_b4,ILSVRC2012_val_00000076.JPEG,n02791270,424,860,0.16733336,0,imagenet_c,defocus_blur,1,none
efficientnet_b4,ILSVRC2012_val_00000762.JPEG,n02791270,424,423,0.2303727,0,imagenet_c,defocus_blur,1,none
efficientnet_b4,ILSVRC2012_val_00000813.JPEG,n02791270,424,424,0.5117491,1,imagenet_c,defocus_blur,1,none
efficientnet_b4,ILSVRC2012_val_00001520.JPEG,n02791270,424,542,0.031548925,0,imagenet_c,defocus_blur,1,none
efficientnet_b4,ILSVRC2012_val_00002244.JPEG,n02791270,424,678,0.14069004,0,imagenet_c,defocus_blur,1,none
efficientnet_b4,ILSVRC2012_val_00002611.JPEG,n02791270,424,860,0.122074924,0,imagenet_c,defocus_blur,1,none
efficientnet_b4,ILSVRC2012_val_00008235.JPEG,n02791270,424,424,0.60530055,1,imagenet_c,defocus_blur,1,none
efficientnet_b4,ILSVRC2012_val_00009262.JPEG,n02791270,424,860,0.2549508,0,imagenet_c,defocus_blur,1,none
efficientnet_b4,ILSVRC2012_val_00009619.JPEG,n02791270,424,87,0.19343849,0,imagenet_c,defocus_blur,1,none
efficientnet_b4,ILSVRC2012_val_00009990.JPEG,n02791270,424,424,0.20944257,1,imagenet_c,defocus_blur,1,none
efficientnet_b4,ILSVRC2012_val_00010017.JPEG,n02791270,424,634,0.10440812,0,imagenet_c,defocus_blur,1,none
efficientnet_b4,ILSVRC2012_val_00011963.JPEG,n02791270,424,424,0.79571754,1,imagenet_c,defocus_blur,1,none
efficientnet_b4,ILSVRC2012_val_00012390.JPEG,n02791270,424,424,0.6360345,1,imagenet_c,defocus_blur,1,none
efficientnet_b4,ILSVRC2012_val_00014176.JPEG,n02791270,424,424,0.8142026,1,imagenet_c,defocus_blur,1,none
efficientnet_b4,ILSVRC2012_val_00014582.JPEG,n02791270,424,424,0.4409041,1,imagenet_c,defocus_blur,1,none
efficientnet_b4,ILSVRC2012_val_00015130.JPEG,n02791270,424,480,0.1501727,0,imagenet_c,defocus_blur,1,none
efficientnet_b4,ILSVRC2012_val_00016161.JPEG,n02791270,424,449,0.352717,0,imagenet_c,defocus_blur,1,none
efficientnet_b4,ILSVRC2012_val_00016378.JPEG,n02791270,424,660,0.23920532,0,imagenet_c,defocus_blur,1,none
efficientnet_b4,ILSVRC2012_val_00016974.JPEG,n02791270,424,424,0.031509575,1,imagenet_c,defocus_blur,1,none
efficientnet_b4,ILSVRC2012_val_00017969.JPEG,n02791270,424,424,0.12368506,1,imagenet_c,defocus_blur,1,none
efficientnet_b4,ILSVRC2012_val_00018164.JPEG,n02791270,424,399,0.071641974,0,imagenet_c,defocus_blur,1,none
efficientnet_b4,ILSVRC2012_val_00018446.JPEG,n02791270,424,919,0.09994643,0,imagenet_c,defocus_blur,1,none
efficientnet_b4,ILSVRC2012_val_00018506.JPEG,n02791270,424,877,0.100834765,0,imagenet_c,defocus_blur,1,none
efficientnet_b4,ILSVRC2012_val_00019650.JPEG,n02791270,424,860,0.1737744,0,imagenet_c,defocus_blur,1,none
efficientnet_b4,ILSVRC2012_val_00019912.JPEG,n02791270,424,423,0.5337342,0,imagenet_c,defocus_blur,1,none
efficientnet_b4,ILSVRC2012_val_00020763.JPEG,n02791270,424,424,0.22126055,1,imagenet_c,defocus_blur,1,none
efficientnet_b4,ILSVRC2012_val_00022409.JPEG,n02791270,424,424,0.1132702,1,imagenet_c,defocus_blur,1,none
efficientnet_b4,ILSVRC2012_val_00023276.JPEG,n02791270,424,424,0.39682102,1,imagenet_c,defocus_blur,1,none
efficientnet_b4,ILSVRC2012_val_00023496.JPEG,n02791270,424,424,0.20575136,1,imagenet_c,defocus_blur,1,none
efficientnet_b4,ILSVRC2012_val_00024066.JPEG,n02791270,424,829,0.09528537,0,imagenet_c,defocus_blur,1,none
efficientnet_b4,ILSVRC2012_val_00028964.JPEG,n02791270,424,498,0.39409986,0,imagenet_c,defocus_blur,1,none
efficientnet_b4,ILSVRC2012_val_00032179.JPEG,n02791270,424,585,0.19885401,0,imagenet_c,defocus_blur,1,none
efficientnet_b4,ILSVRC2012_val_00033006.JPEG,n02791270,424,788,0.091272496,0,imagenet_c,defocus_blur,1,none
efficientnet_b4,ILSVRC2012_val_00034523.JPEG,n02791270,424,674,0.085615315,0,imagenet_c,defocus_blur,1,none
efficientnet_b4,ILSVRC2012_val_00035205.JPEG,n02791270,424,424,0.2993095,1,imagenet_c,defocus_blur,1,none
efficientnet_b4,ILSVRC2012_val_00036193.JPEG,n02791270,424,860,0.44525647,0,imagenet_c,defocus_blur,1,none
efficientnet_b4,ILSVRC2012_val_00036608.JPEG,n02791270,424,860,0.1183837,0,imagenet_c,defocus_blur,1,none
efficientnet_b4,ILSVRC2012_val_00036940.JPEG,n02791270,424,424,0.14726448,1,imagenet_c,defocus_blur,1,none
efficientnet_b4,ILSVRC2012_val_00037657.JPEG,n02791270,424,860,0.08018813,0,imagenet_c,defocus_blur,1,none
efficientnet_b4,ILSVRC2012_val_00041153.JPEG,n02791270,424,919,0.09528656,0,imagenet_c,defocus_blur,1,none
efficientnet_b4,ILSVRC2012_val_00043032.JPEG,n02791270,424,585,0.0441322,0,imagenet_c,defocus_blur,1,none
efficientnet_b4,ILSVRC2012_val_00044179.JPEG,n02791270,424,706,0.13059723,0,imagenet_c,defocus_blur,1,none
efficientnet_b4,ILSVRC2012_val_00044193.JPEG,n02791270,424,424,0.3415475,1,imagenet_c,defocus_blur,1,none
efficientnet_b4,ILSVRC2012_val_00044488.JPEG,n02791270,424,860,0.068508394,0,imagenet_c,defocus_blur,1,none
efficientnet_b4,ILSVRC2012_val_00044503.JPEG,n02791270,424,691,0.5109785,0,imagenet_c,defocus_blur,1,none
efficientnet_b4,ILSVRC2012_val_00045504.JPEG,n02791270,424,424,0.8282513,1,imagenet_c,defocus_blur,1,none
efficientnet_b4,ILSVRC2012_val_00045989.JPEG,n02791270,424,498,0.11317841,0,imagenet_c,defocus_blur,1,none
efficientnet_b4,ILSVRC2012_val_00047212.JPEG,n02791270,424,860,0.07941128,0,imagenet_c,defocus_blur,1,none
efficientnet_b4,ILSVRC2012_val_00049641.JPEG,n02791270,424,860,0.4671938,0,imagenet_c,defocus_blur,1,none
efficientnet_b4,ILSVRC2012_val_00049816.JPEG,n02791270,424,424,0.096850164,1,imagenet_c,defocus_blur,1,none
efficientnet_b4,ILSVRC2012_val_00000234.JPEG,n02793495,425,425,0.55343413,1,imagenet_c,defocus_blur,1,none
efficientnet_b4,ILSVRC2012_val_00000693.JPEG,n02793495,425,425,0.2423569,1,imagenet_c,defocus_blur,1,none
efficientnet_b4,ILSVRC2012_val_00003727.JPEG,n02793495,425,425,0.16412681,1,imagenet_c,defocus_blur,1,none
efficientnet_b4,ILSVRC2012_val_00004575.JPEG,n02793495,425,425,0.25775942,1,imagenet_c,defocus_blur,1,none
efficientnet_b4,ILSVRC2012_val_00009958.JPEG,n02793495,425,425,0.60980713,1,imagenet_c,defocus_blur,1,none
efficientnet_b4,ILSVRC2012_val_00010548.JPEG,n02793495,425,425,0.29777387,1,imagenet_c,defocus_blur,1,none
efficientnet_b4,ILSVRC2012_val_00010566.JPEG,n02793495,425,425,0.42734882,1,imagenet_c,defocus_blur,1,none
efficientnet_b4,ILSVRC2012_val_00010809.JPEG,n02793495,425,425,0.32749352,1,imagenet_c,defocus_blur,1,none
efficientnet_b4,ILSVRC2012_val_00011475.JPEG,n02793495,425,425,0.7912405,1,imagenet_c,defocus_blur,1,none
efficientnet_b4,ILSVRC2012_val_00012419.JPEG,n02793495,425,425,0.1787161,1,imagenet_c,defocus_blur,1,none
efficientnet_b4,ILSVRC2012_val_00012775.JPEG,n02793495,425,958,0.03511403,0,imagenet_c,defocus_blur,1,none
efficientnet_b4,ILSVRC2012_val_00015008.JPEG,n02793495,425,425,0.42251995,1,imagenet_c,defocus_blur,1,none
efficientnet_b4,ILSVRC2012_val_00015517.JPEG,n02793495,425,425,0.5056301,1,imagenet_c,defocus_blur,1,none
efficientnet_b4,ILSVRC2012_val_00016366.JPEG,n02793495,425,425,0.086467355,1,imagenet_c,defocus_blur,1,none
efficientnet_b4,ILSVRC2012_val_00016718.JPEG,n02793495,425,425,0.59308606,1,imagenet_c,defocus_blur,1,none
efficientnet_b4,ILSVRC2012_val_00017347.JPEG,n02793495,425,425,0.4531035,1,imagenet_c,defocus_blur,1,none
efficientnet_b4,ILSVRC2012_val_00017403.JPEG,n02793495,425,425,0.20834957,1,imagenet_c,defocus_blur,1,none
efficientnet_b4,ILSVRC2012_val_00018261.JPEG,n02793495,425,425,0.29932028,1,imagenet_c,defocus_blur,1,none
efficientnet_b4,ILSVRC2012_val_00018958.JPEG,n02793495,425,425,0.522246,1,imagenet_c,defocus_blur,1,none
efficientnet_b4,ILSVRC2012_val_00019730.JPEG,n02793495,425,425,0.36362836,1,imagenet_c,defocus_blur,1,none
efficientnet_b4,ILSVRC2012_val_00020602.JPEG,n02793495,425,425,0.48534322,1,imagenet_c,defocus_blur,1,none
efficientnet_b4,ILSVRC2012_val_00020925.JPEG,n02793495,425,449,0.09164218,0,imagenet_c,defocus_blur,1,none
efficientnet_b4,ILSVRC2012_val_00020981.JPEG,n02793495,425,425,0.68565613,1,imagenet_c,defocus_blur,1,none
efficientnet_b4,ILSVRC2012_val_00021442.JPEG,n02793495,425,425,0.51916957,1,imagenet_c,defocus_blur,1,none
efficientnet_b4,ILSVRC2012_val_00024047.JPEG,n02793495,425,425,0.37799594,1,imagenet_c,defocus_blur,1,none
efficientnet_b4,ILSVRC2012_val_00024135.JPEG,n02793495,425,425,0.29033154,1,imagenet_c,defocus_blur,1,none
efficientnet_b4,ILSVRC2012_val_00024346.JPEG,n02793495,425,425,0.2671771,1,imagenet_c,defocus_blur,1,none
efficientnet_b4,ILSVRC2012_val_00024561.JPEG,n02793495,425,425,0.39893064,1,imagenet_c,defocus_blur,1,none
efficientnet_b4,ILSVRC2012_val_00027715.JPEG,n02793495,425,425,0.41722333,1,imagenet_c,defocus_blur,1,none
efficientnet_b4,ILSVRC2012_val_00029901.JPEG,n02793495,425,425,0.1607248,1,imagenet_c,defocus_blur,1,none
efficientnet_b4,ILSVRC2012_val_00030661.JPEG,n02793495,425,380,0.1368843,0,imagenet_c,defocus_blur,1,none
efficientnet_b4,ILSVRC2012_val_00031477.JPEG,n02793495,425,425,0.6136563,1,imagenet_c,defocus_blur,1,none
efficientnet_b4,ILSVRC2012_val_00032510.JPEG,n02793495,425,425,0.65240896,1,imagenet_c,defocus_blur,1,none
efficientnet_b4,ILSVRC2012_val_00033448.JPEG,n02793495,425,425,0.44768387,1,imagenet_c,defocus_blur,1,none
efficientnet_b4,ILSVRC2012_val_00035179.JPEG,n02793495,425,912,0.03834854,0,imagenet_c,defocus_blur,1,none
efficientnet_b4,ILSVRC2012_val_00036736.JPEG,n02793495,425,912,0.033775512,0,imagenet_c,defocus_blur,1,none
efficientnet_b4,ILSVRC2012_val_00037035.JPEG,n02793495,425,425,0.4815137,1,imagenet_c,defocus_blur,1,none
efficientnet_b4,ILSVRC2012_val_00037067.JPEG,n02793495,425,425,0.48413712,1,imagenet_c,defocus_blur,1,none
efficientnet_b4,ILSVRC2012_val_00037338.JPEG,n02793495,425,425,0.21772648,1,imagenet_c,defocus_blur,1,none
efficientnet_b4,ILSVRC2012_val_00039818.JPEG,n02793495,425,792,0.052623443,0,imagenet_c,defocus_blur,1,none
efficientnet_b4,ILSVRC2012_val_00040290.JPEG,n02793495,425,425,0.14305073,1,imagenet_c,defocus_blur,1,none
efficientnet_b4,ILSVRC2012_val_00041650.JPEG,n02793495,425,425,0.49308938,1,imagenet_c,defocus_blur,1,none
efficientnet_b4,ILSVRC2012_val_00043463.JPEG,n02793495,425,425,0.65657085,1,imagenet_c,defocus_blur,1,none
efficientnet_b4,ILSVRC2012_val_00044065.JPEG,n02793495,425,425,0.53796893,1,imagenet_c,defocus_blur,1,none
efficientnet_b4,ILSVRC2012_val_00044640.JPEG,n02793495,425,425,0.44076303,1,imagenet_c,defocus_blur,1,none
efficientnet_b4,ILSVRC2012_val_00044751.JPEG,n02793495,425,425,0.62577033,1,imagenet_c,defocus_blur,1,none
efficientnet_b4,ILSVRC2012_val_00046938.JPEG,n02793495,425,425,0.27828932,1,imagenet_c,defocus_blur,1,none
efficientnet_b4,ILSVRC2012_val_00048871.JPEG,n02793495,425,743,0.19518253,0,imagenet_c,defocus_blur,1,none
efficientnet_b4,ILSVRC2012_val_00049066.JPEG,n02793495,425,425,0.04539013,1,imagenet_c,defocus_blur,1,none
efficientnet_b4,ILSVRC2012_val_00049694.JPEG,n02793495,425,425,0.19442633,1,imagenet_c,defocus_blur,1,none
efficientnet_b4,ILSVRC2012_val_00000287.JPEG,n02794156,426,426,0.72772944,1,imagenet_c,defocus_blur,1,none
efficientnet_b4,ILSVRC2012_val_00002404.JPEG,n02794156,426,426,0.6692297,1,imagenet_c,defocus_blur,1,none
efficientnet_b4,ILSVRC2012_val_00003043.JPEG,n02794156,426,426,0.89196014,1,imagenet_c,defocus_blur,1,none
efficientnet_b4,ILSVRC2012_val_00003406.JPEG,n02794156,426,426,0.6119875,1,imagenet_c,defocus_blur,1,none
efficientnet_b4,ILSVRC2012_val_00005441.JPEG,n02794156,426,426,0.050998557,1,imagenet_c,defocus_blur,1,none
efficientnet_b4,ILSVRC2012_val_00005789.JPEG,n02794156,426,426,0.73552763,1,imagenet_c,defocus_blur,1,none
efficientnet_b4,ILSVRC2012_val_00006528.JPEG,n02794156,426,426,0.67364275,1,imagenet_c,defocus_blur,1,none
efficientnet_b4,ILSVRC2012_val_00006960.JPEG,n02794156,426,426,0.4679947,1,imagenet_c,defocus_blur,1,none
efficientnet_b4,ILSVRC2012_val_00007803.JPEG,n02794156,426,426,0.69952434,1,imagenet_c,defocus_blur,1,none
efficientnet_b4,ILSVRC2012_val_00008247.JPEG,n02794156,426,426,0.5971946,1,imagenet_c,defocus_blur,1,none
efficientnet_b4,ILSVRC2012_val_00008280.JPEG,n02794156,426,426,0.62331414,1,imagenet_c,defocus_blur,1,none
efficientnet_b4,ILSVRC2012_val_00008321.JPEG,n02794156,426,426,0.5620643,1,imagenet_c,defocus_blur,1,none
efficientnet_b4,ILSVRC2012_val_00009352.JPEG,n02794156,426,426,0.724952,1,imagenet_c,defocus_blur,1,none
efficientnet_b4,ILSVRC2012_val_00009861.JPEG,n02794156,426,426,0.5118396,1,imagenet_c,defocus_blur,1,none
efficientnet_b4,ILSVRC2012_val_00011803.JPEG,n02794156,426,426,0.67721117,1,imagenet_c,defocus_blur,1,none
efficientnet_b4,ILSVRC2012_val_00012919.JPEG,n02794156,426,426,0.61092836,1,imagenet_c,defocus_blur,1,none
efficientnet_b4,ILSVRC2012_val_00014152.JPEG,n02794156,426,426,0.64391905,1,imagenet_c,defocus_blur,1,none
efficientnet_b4,ILSVRC2012_val_00014484.JPEG,n02794156,426,426,0.56045014,1,imagenet_c,defocus_blur,1,none
efficientnet_b4,ILSVRC2012_val_00014876.JPEG,n02794156,426,426,0.77765644,1,imagenet_c,defocus_blur,1,none
efficientnet_b4,ILSVRC2012_val_00019280.JPEG,n02794156,426,426,0.635708,1,imagenet_c,defocus_blur,1,none
efficientnet_b4,ILSVRC2012_val_00021367.JPEG,n02794156,426,426,0.6203388,1,imagenet_c,defocus_blur,1,none
efficientnet_b4,ILSVRC2012_val_00022041.JPEG,n02794156,426,635,0.27995074,0,imagenet_c,defocus_blur,1,none
efficientnet_b4,ILSVRC2012_val_00023345.JPEG,n02794156,426,426,0.7126697,1,imagenet_c,defocus_blur,1,none
efficientnet_b4,ILSVRC2012_val_00023691.JPEG,n02794156,426,409,0.40074643,0,imagenet_c,defocus_blur,1,none
efficientnet_b4,ILSVRC2012_val_00024282.JPEG,n02794156,426,426,0.5286037,1,imagenet_c,defocus_blur,1,none
efficientnet_b4,ILSVRC2012_val_00025676.JPEG,n02794156,426,426,0.6757855,1,imagenet_c,defocus_blur,1,none
efficientnet_b4,ILSVRC2012_val_00026137.JPEG,n02794156,426,426,0.6255558,1,imagenet_c,defocus_blur,1,none
efficientnet_b4,ILSVRC2012_val_00028271.JPEG,n02794156,426,426,0.73370486,1,imagenet_c,defocus_blur,1,none
efficientnet_b4,ILSVRC2012_val_00030062.JPEG,n02794156,426,426,0.6719557,1,imagenet_c,defocus_blur,1,none
efficientnet_b4,ILSVRC2012_val_00032063.JPEG,n02794156,426,426,0.6424608,1,imagenet_c,defocus_blur,1,none
efficientnet_b4,ILSVRC2012_val_00032123.JPEG,n02794156,426,635,0.34858394,0,imagenet_c,defocus_blur,1,none
efficientnet_b4,ILSVRC2012_val_00032723.JPEG,n02794156,426,426,0.66168547,1,imagenet_c,defocus_blur,1,none
efficientnet_b4,ILSVRC2012_val_00033746.JPEG,n02794156,426,426,0.26389045,1,imagenet_c,defocus_blur,1,none
efficientnet_b4,ILSVRC2012_val_00034750.JPEG,n02794156,426,426,0.89770365,1,imagenet_c,defocus_blur,1,none
efficientnet_b4,ILSVRC2012_val_00035277.JPEG,n02794156,426,426,0.6066613,1,imagenet_c,defocus_blur,1,none
efficientnet_b4,ILSVRC2012_val_00035756.JPEG,n02794156,426,426,0.64874935,1,imagenet_c,defocus_blur,1,none
efficientnet_b4,ILSVRC2012_val_00036595.JPEG,n02794156,426,635,0.47651652,0,imagenet_c,defocus_blur,1,none
efficientnet_b4,ILSVRC2012_val_00036836.JPEG,n02794156,426,426,0.6682628,1,imagenet_c,defocus_blur,1,none
efficientnet_b4,ILSVRC2012_val_00037026.JPEG,n02794156,426,426,0.37351036,1,imagenet_c,defocus_blur,1,none
efficientnet_b4,ILSVRC2012_val_00039070.JPEG,n02794156,426,426,0.6015743,1,imagenet_c,defocus_blur,1,none
efficientnet_b4,ILSVRC2012_val_00039887.JPEG,n02794156,426,426,0.6692421,1,imagenet_c,defocus_blur,1,none
efficientnet_b4,ILSVRC2012_val_00040029.JPEG,n02794156,426,426,0.73964936,1,imagenet_c,defocus_blur,1,none
efficientnet_b4,ILSVRC2012_val_00042800.JPEG,n02794156,426,432,0.27011588,0,imagenet_c,defocus_blur,1,none
efficientnet_b4,ILSVRC2012_val_00044093.JPEG,n02794156,426,426,0.6650684,1,imagenet_c,defocus_blur,1,none
efficientnet_b4,ILSVRC2012_val_00045655.JPEG,n02794156,426,426,0.5224634,1,imagenet_c,defocus_blur,1,none
efficientnet_b4,ILSVRC2012_val_00045889.JPEG,n02794156,426,426,0.6707619,1,imagenet_c,defocus_blur,1,none
efficientnet_b4,ILSVRC2012_val_00047677.JPEG,n02794156,426,426,0.5607005,1,imagenet_c,defocus_blur,1,none
efficientnet_b4,ILSVRC2012_val_00047993.JPEG,n02794156,426,456,0.18297864,0,imagenet_c,defocus_blur,1,none
efficientnet_b4,ILSVRC2012_val_00048149.JPEG,n02794156,426,426,0.40341973,1,imagenet_c,defocus_blur,1,none
efficientnet_b4,ILSVRC2012_val_00049591.JPEG,n02794156,426,426,0.6948459,1,imagenet_c,defocus_blur,1,none
efficientnet_b4,ILSVRC2012_val_00000687.JPEG,n02795169,427,427,0.08641029,1,imagenet_c,defocus_blur,1,none
efficientnet_b4,ILSVRC2012_val_00000787.JPEG,n02795169,427,427,0.7474718,1,imagenet_c,defocus_blur,1,none
efficientnet_b4,ILSVRC2012_val_00001377.JPEG,n02795169,427,427,0.7405228,1,imagenet_c,defocus_blur,1,none
efficientnet_b4,ILSVRC2012_val_00001883.JPEG,n02795169,427,427,0.26069438,1,imagenet_c,defocus_blur,1,none
efficientnet_b4,ILSVRC2012_val_00002986.JPEG,n02795169,427,427,0.21881926,1,imagenet_c,defocus_blur,1,none
efficientnet_b4,ILSVRC2012_val_00004057.JPEG,n02795169,427,653,0.17838243,0,imagenet_c,defocus_blur,1,none
efficientnet_b4,ILSVRC2012_val_00004283.JPEG,n02795169,427,427,0.4527737,1,imagenet_c,defocus_blur,1,none
efficientnet_b4,ILSVRC2012_val_00005245.JPEG,n02795169,427,427,0.5277069,1,imagenet_c,defocus_blur,1,none
efficientnet_b4,ILSVRC2012_val_00005570.JPEG,n02795169,427,427,0.5881743,1,imagenet_c,defocus_blur,1,none
efficientnet_b4,ILSVRC2012_val_00006525.JPEG,n02795169,427,427,0.5540526,1,imagenet_c,defocus_blur,1,none
efficientnet_b4,ILSVRC2012_val_00006754.JPEG,n02795169,427,427,0.25126374,1,imagenet_c,defocus_blur,1,none
efficientnet_b4,ILSVRC2012_val_00008205.JPEG,n02795169,427,756,0.17055821,0,imagenet_c,defocus_blur,1,none
efficientnet_b4,ILSVRC2012_val_00008425.JPEG,n02795169,427,427,0.5102039,1,imagenet_c,defocus_blur,1,none
efficientnet_b4,ILSVRC2012_val_00011016.JPEG,n02795169,427,427,0.43163887,1,imagenet_c,defocus_blur,1,none
efficientnet_b4,ILSVRC2012_val_00011533.JPEG,n02795169,427,427,0.4012657,1,imagenet_c,defocus_blur,1,none
efficientnet_b4,ILSVRC2012_val_00011720.JPEG,n02795169,427,427,0.504659,1,imagenet_c,defocus_blur,1,none
efficientnet_b4,ILSVRC2012_val_00013217.JPEG,n02795169,427,427,0.34514838,1,imagenet_c,defocus_blur,1,none
efficientnet_b4,ILSVRC2012_val_00013332.JPEG,n02795169,427,427,0.6063975,1,imagenet_c,defocus_blur,1,none
efficientnet_b4,ILSVRC2012_val_00013778.JPEG,n02795169,427,427,0.4400186,1,imagenet_c,defocus_blur,1,none
efficientnet_b4,ILSVRC2012_val_00014204.JPEG,n02795169,427,585,0.08801584,0,imagenet_c,defocus_blur,1,none
efficientnet_b4,ILSVRC2012_val_00014520.JPEG,n02795169,427,720,0.18055515,0,imagenet_c,defocus_blur,1,none
efficientnet_b4,ILSVRC2012_val_00014885.JPEG,n02795169,427,427,0.6045037,1,imagenet_c,defocus_blur,1,none
efficientnet_b4,ILSVRC2012_val_00015219.JPEG,n02795169,427,756,0.37122104,0,imagenet_c,defocus_blur,1,none
efficientnet_b4,ILSVRC2012_val_00015371.JPEG,n02795169,427,427,0.244107,1,imagenet_c,defocus_blur,1,none
efficientnet_b4,ILSVRC2012_val_00016113.JPEG,n02795169,427,427,0.6798901,1,imagenet_c,defocus_blur,1,none
efficientnet_b4,ILSVRC2012_val_00017179.JPEG,n02795169,427,427,0.6946795,1,imagenet_c,defocus_blur,1,none
efficientnet_b4,ILSVRC2012_val_00018351.JPEG,n02795169,427,427,0.7662214,1,imagenet_c,defocus_blur,1,none
efficientnet_b4,ILSVRC2012_val_00018761.JPEG,n02795169,427,427,0.4695153,1,imagenet_c,defocus_blur,1,none
efficientnet_b4,ILSVRC2012_val_00023193.JPEG,n02795169,427,660,0.13327761,0,imagenet_c,defocus_blur,1,none
efficientnet_b4,ILSVRC2012_val_00023608.JPEG,n02795169,427,427,0.23642303,1,imagenet_c,defocus_blur,1,none
efficientnet_b4,ILSVRC2012_val_00025231.JPEG,n02795169,427,73,0.021881366,0,imagenet_c,defocus_blur,1,none
efficientnet_b4,ILSVRC2012_val_00025956.JPEG,n02795169,427,427,0.34285885,1,imagenet_c,defocus_blur,1,none
efficientnet_b4,ILSVRC2012_val_00026180.JPEG,n02795169,427,427,0.35847643,1,imagenet_c,defocus_blur,1,none
efficientnet_b4,ILSVRC2012_val_00027768.JPEG,n02795169,427,469,0.15710624,0,imagenet_c,defocus_blur,1,none
efficientnet_b4,ILSVRC2012_val_00028797.JPEG,n02795169,427,427,0.9904745,1,imagenet_c,defocus_blur,1,none
efficientnet_b4,ILSVRC2012_val_00030281.JPEG,n02795169,427,427,0.5029151,1,imagenet_c,defocus_blur,1,none
efficientnet_b4,ILSVRC2012_val_00031245.JPEG,n02795169,427,427,0.36549032,1,imagenet_c,defocus_blur,1,none
efficientnet_b4,ILSVRC2012_val_00031600.JPEG,n02795169,427,427,0.76246935,1,imagenet_c,defocus_blur,1,none
efficientnet_b4,ILSVRC2012_val_00031883.JPEG,n02795169,427,756,0.4099882,0,imagenet_c,defocus_blur,1,none
efficientnet_b4,ILSVRC2012_val_00034952.JPEG,n02795169,427,427,0.505921,1,imagenet_c,defocus_blur,1,none
efficientnet_b4,ILSVRC2012_val_00037322.JPEG,n02795169,427,686,0.20229615,0,imagenet_c,defocus_blur,1,none
efficientnet_b4,ILSVRC2012_val_00038485.JPEG,n02795169,427,176,0.097590275,0,imagenet_c,defocus_blur,1,none
efficientnet_b4,ILSVRC2012_val_00040306.JPEG,n02795169,427,427,0.38541344,1,imagenet_c,defocus_blur,1,none
efficientnet_b4,ILSVRC2012_val_00040312.JPEG,n02795169,427,744,0.12966163,0,imagenet_c,defocus_blur,1,none
efficientnet_b4,ILSVRC2012_val_00041781.JPEG,n02795169,427,427,0.26179254,1,imagenet_c,defocus_blur,1,none
efficientnet_b4,ILSVRC2012_val_00041862.JPEG,n02795169,427,427,0.49826962,1,imagenet_c,defocus_blur,1,none
efficientnet_b4,ILSVRC2012_val_00044303.JPEG,n02795169,427,427,0.40427545,1,imagenet_c,defocus_blur,1,none
efficientnet_b4,ILSVRC2012_val_00046794.JPEG,n02795169,427,686,0.4912811,0,imagenet_c,defocus_blur,1,none
efficientnet_b4,ILSVRC2012_val_00047237.JPEG,n02795169,427,629,0.23915043,0,imagenet_c,defocus_blur,1,none
efficientnet_b4,ILSVRC2012_val_00049317.JPEG,n02795169,427,427,0.73543113,1,imagenet_c,defocus_blur,1,none
efficientnet_b4,ILSVRC2012_val_00002509.JPEG,n02797295,428,428,0.44012812,1,imagenet_c,defocus_blur,1,none
efficientnet_b4,ILSVRC2012_val_00005347.JPEG,n02797295,428,428,0.4547866,1,imagenet_c,defocus_blur,1,none
efficientnet_b4,ILSVRC2012_val_00007338.JPEG,n02797295,428,792,0.37199172,0,imagenet_c,defocus_blur,1,none
efficientnet_b4,ILSVRC2012_val_00007717.JPEG,n02797295,428,743,0.55570763,0,imagenet_c,defocus_blur,1,none
efficientnet_b4,ILSVRC2012_val_00007968.JPEG,n02797295,428,428,0.51292187,1,imagenet_c,defocus_blur,1,none
efficientnet_b4,ILSVRC2012_val_00008359.JPEG,n02797295,428,428,0.4277504,1,imagenet_c,defocus_blur,1,none
efficientnet_b4,ILSVRC2012_val_00009500.JPEG,n02797295,428,428,0.4320519,1,imagenet_c,defocus_blur,1,none
efficientnet_b4,ILSVRC2012_val_00010045.JPEG,n02797295,428,428,0.4425566,1,imagenet_c,defocus_blur,1,none
efficientnet_b4,ILSVRC2012_val_00013047.JPEG,n02797295,428,428,0.32764795,1,imagenet_c,defocus_blur,1,none
efficientnet_b4,ILSVRC2012_val_00013526.JPEG,n02797295,428,582,0.14732586,0,imagenet_c,defocus_blur,1,none
efficientnet_b4,ILSVRC2012_val_00015341.JPEG,n02797295,428,428,0.16875425,1,imagenet_c,defocus_blur,1,none
efficientnet_b4,ILSVRC2012_val_00016353.JPEG,n02797295,428,410,0.33201638,0,imagenet_c,defocus_blur,1,none
efficientnet_b4,ILSVRC2012_val_00016849.JPEG,n02797295,428,428,0.3931607,1,imagenet_c,defocus_blur,1,none
efficientnet_b4,ILSVRC2012_val_00017307.JPEG,n02797295,428,428,0.35217822,1,imagenet_c,defocus_blur,1,none
efficientnet_b4,ILSVRC2012_val_00017834.JPEG,n02797295,428,428,0.21454413,1,imagenet_c,defocus_blur,1,none
efficientnet_b4,ILSVRC2012_val_00018522.JPEG,n02797295,428,660,0.69333744,0,imagenet_c,defocus_blur,1,none
efficientnet_b4,ILSVRC2012_val_00019109.JPEG,n02797295,428,428,0.20732644,1,imagenet_c,defocus_blur,1,none
efficientnet_b4,ILSVRC2012_val_00019182.JPEG,n02797295,428,428,0.25938815,1,imagenet_c,defocus_blur,1,none
efficientnet_b4,ILSVRC2012_val_00019923.JPEG,n02797295,428,677,0.1789329,0,imagenet_c,defocus_blur,1,none
efficientnet_b4,ILSVRC2012_val_00020027.JPEG,n02797295,428,428,0.6032089,1,imagenet_c,defocus_blur,1,none
efficientnet_b4,ILSVRC2012_val_00020775.JPEG,n02797295,428,428,0.36909488,1,imagenet_c,defocus_blur,1,none
efficientnet_b4,ILSVRC2012_val_00021614.JPEG,n02797295,428,428,0.4060677,1,imagenet_c,defocus_blur,1,none
efficientnet_b4,ILSVRC2012_val_00022253.JPEG,n02797295,428,428,0.47851473,1,imagenet_c,defocus_blur,1,none
efficientnet_b4,ILSVRC2012_val_00023355.JPEG,n02797295,428,522,0.3475667,0,imagenet_c,defocus_blur,1,none
efficientnet_b4,ILSVRC2012_val_00023460.JPEG,n02797295,428,428,0.51566553,1,imagenet_c,defocus_blur,1,none
efficientnet_b4,ILSVRC2012_val_00024802.JPEG,n02797295,428,428,0.21110414,1,imagenet_c,defocus_blur,1,none
efficientnet_b4,ILSVRC2012_val_00025847.JPEG,n02797295,428,494,0.113661245,0,imagenet_c,defocus_blur,1,none
efficientnet_b4,ILSVRC2012_val_00026437.JPEG,n02797295,428,978,0.10665705,0,imagenet_c,defocus_blur,1,none
efficientnet_b4,ILSVRC2012_val_00031052.JPEG,n02797295,428,428,0.68421406,1,imagenet_c,defocus_blur,1,none
efficientnet_b4,ILSVRC2012_val_00031124.JPEG,n02797295,428,428,0.6740342,1,imagenet_c,defocus_blur,1,none
efficientnet_b4,ILSVRC2012_val_00031279.JPEG,n02797295,428,428,0.5235059,1,imagenet_c,defocus_blur,1,none
efficientnet_b4,ILSVRC2012_val_00032004.JPEG,n02797295,428,428,0.46604672,1,imagenet_c,defocus_blur,1,none
efficientnet_b4,ILSVRC2012_val_00032768.JPEG,n02797295,428,428,0.42711285,1,imagenet_c,defocus_blur,1,none
efficientnet_b4,ILSVRC2012_val_00033975.JPEG,n02797295,428,428,0.67126864,1,imagenet_c,defocus_blur,1,none
efficientnet_b4,ILSVRC2012_val_00034697.JPEG,n02797295,428,428,0.69253993,1,imagenet_c,defocus_blur,1,none
efficientnet_b4,ILSVRC2012_val_00034874.JPEG,n02797295,428,428,0.31384194,1,imagenet_c,defocus_blur,1,none
efficientnet_b4,ILSVRC2012_val_00035053.JPEG,n02797295,428,428,0.5112871,1,imagenet_c,defocus_blur,1,none
efficientnet_b4,ILSVRC2012_val_00036073.JPEG,n02797295,428,428,0.45194063,1,imagenet_c,defocus_blur,1,none
efficientnet_b4,ILSVRC2012_val_00037991.JPEG,n02797295,428,427,0.4395022,0,imagenet_c,defocus_blur,1,none
efficientnet_b4,ILSVRC2012_val_00038103.JPEG,n02797295,428,428,0.50126433,1,imagenet_c,defocus_blur,1,none
efficientnet_b4,ILSVRC2012_val_00039627.JPEG,n02797295,428,428,0.40960687,1,imagenet_c,defocus_blur,1,none
efficientnet_b4,ILSVRC2012_val_00039735.JPEG,n02797295,428,621,0.12627009,0,imagenet_c,defocus_blur,1,none
efficientnet_b4,ILSVRC2012_val_00042798.JPEG,n02797295,428,428,0.32620606,1,imagenet_c,defocus_blur,1,none
efficientnet_b4,ILSVRC2012_val_00044612.JPEG,n02797295,428,866,0.050394278,0,imagenet_c,defocus_blur,1,none
efficientnet_b4,ILSVRC2012_val_00045206.JPEG,n02797295,428,428,0.17429161,1,imagenet_c,defocus_blur,1,none
efficientnet_b4,ILSVRC2012_val_00047092.JPEG,n02797295,428,428,0.15822959,1,imagenet_c,defocus_blur,1,none
efficientnet_b4,ILSVRC2012_val_00048739.JPEG,n02797295,428,428,0.4884033,1,imagenet_c,defocus_blur,1,none
efficientnet_b4,ILSVRC2012_val_00048916.JPEG,n02797295,428,428,0.45885453,1,imagenet_c,defocus_blur,1,none
efficientnet_b4,ILSVRC2012_val_00049035.JPEG,n02797295,428,428,0.5489542,1,imagenet_c,defocus_blur,1,none
efficientnet_b4,ILSVRC2012_val_00049734.JPEG,n02797295,428,428,0.5076227,1,imagenet_c,defocus_blur,1,none
efficientnet_b4,ILSVRC2012_val_00001468.JPEG,n02799071,429,429,0.5132078,1,imagenet_c,defocus_blur,1,none
efficientnet_b4,ILSVRC2012_val_00003328.JPEG,n02799071,429,981,0.4427338,0,imagenet_c,defocus_blur,1,none
efficientnet_b4,ILSVRC2012_val_00006073.JPEG,n02799071,429,429,0.62204033,1,imagenet_c,defocus_blur,1,none
efficientnet_b4,ILSVRC2012_val_00006600.JPEG,n02799071,429,429,0.5529338,1,imagenet_c,defocus_blur,1,none
efficientnet_b4,ILSVRC2012_val_00007308.JPEG,n02799071,429,429,0.7912114,1,imagenet_c,defocus_blur,1,none
efficientnet_b4,ILSVRC2012_val_00009184.JPEG,n02799071,429,429,0.60233253,1,imagenet_c,defocus_blur,1,none
efficientnet_b4,ILSVRC2012_val_00011097.JPEG,n02799071,429,981,0.38509282,0,imagenet_c,defocus_blur,1,none
efficientnet_b4,ILSVRC2012_val_00011579.JPEG,n02799071,429,429,0.5504851,1,imagenet_c,defocus_blur,1,none
efficientnet_b4,ILSVRC2012_val_00011670.JPEG,n02799071,429,429,0.7794743,1,imagenet_c,defocus_blur,1,none
efficientnet_b4,ILSVRC2012_val_00011795.JPEG,n02799071,429,429,0.5357031,1,imagenet_c,defocus_blur,1,none
efficientnet_b4,ILSVRC2012_val_00012189.JPEG,n02799071,429,429,0.45578238,1,imagenet_c,defocus_blur,1,none
efficientnet_b4,ILSVRC2012_val_00012687.JPEG,n02799071,429,429,0.14622584,1,imagenet_c,defocus_blur,1,none
efficientnet_b4,ILSVRC2012_val_00013261.JPEG,n02799071,429,429,0.5244521,1,imagenet_c,defocus_blur,1,none
efficientnet_b4,ILSVRC2012_val_00017083.JPEG,n02799071,429,852,0.06102695,0,imagenet_c,defocus_blur,1,none
efficientnet_b4,ILSVRC2012_val_00017095.JPEG,n02799071,429,429,0.51912796,1,imagenet_c,defocus_blur,1,none
efficientnet_b4,ILSVRC2012_val_00019591.JPEG,n02799071,429,429,0.7075833,1,imagenet_c,defocus_blur,1,none
efficientnet_b4,ILSVRC2012_val_00020572.JPEG,n02799071,429,981,0.42139494,0,imagenet_c,defocus_blur,1,none
efficientnet_b4,ILSVRC2012_val_00020755.JPEG,n02799071,429,429,0.41656378,1,imagenet_c,defocus_blur,1,none
efficientnet_b4,ILSVRC2012_val_00021134.JPEG,n02799071,429,429,0.59214073,1,imagenet_c,defocus_blur,1,none
efficientnet_b4,ILSVRC2012_val_00021627.JPEG,n02799071,429,429,0.655303,1,imagenet_c,defocus_blur,1,none
efficientnet_b4,ILSVRC2012_val_00022312.JPEG,n02799071,429,429,0.36097088,1,imagenet_c,defocus_blur,1,none
efficientnet_b4,ILSVRC2012_val_00022766.JPEG,n02799071,429,429,0.4145145,1,imagenet_c,defocus_blur,1,none
efficientnet_b4,ILSVRC2012_val_00023535.JPEG,n02799071,429,768,0.30636173,0,imagenet_c,defocus_blur,1,none
efficientnet_b4,ILSVRC2012_val_00024202.JPEG,n02799071,429,429,0.63856226,1,imagenet_c,defocus_blur,1,none
efficientnet_b4,ILSVRC2012_val_00025233.JPEG,n02799071,429,456,0.26355982,0,imagenet_c,defocus_blur,1,none
efficientnet_b4,ILSVRC2012_val_00026506.JPEG,n02799071,429,429,0.34557188,1,imagenet_c,defocus_blur,1,none
efficientnet_b4,ILSVRC2012_val_00027308.JPEG,n02799071,429,429,0.7246805,1,imagenet_c,defocus_blur,1,none
efficientnet_b4,ILSVRC2012_val_00027589.JPEG,n02799071,429,429,0.15392779,1,imagenet_c,defocus_blur,1,none
efficientnet_b4,ILSVRC2012_val_00027605.JPEG,n02799071,429,429,0.79798573,1,imagenet_c,defocus_blur,1,none
efficientnet_b4,ILSVRC2012_val_00027800.JPEG,n02799071,429,429,0.5273115,1,imagenet_c,defocus_blur,1,none
efficientnet_b4,ILSVRC2012_val_00028899.JPEG,n02799071,429,429,0.5890176,1,imagenet_c,defocus_blur,1,none
efficientnet_b4,ILSVRC2012_val_00033880.JPEG,n02799071,429,429,0.79825145,1,imagenet_c,defocus_blur,1,none
efficientnet_b4,ILSVRC2012_val_00036898.JPEG,n02799071,429,429,0.26111075,1,imagenet_c,defocus_blur,1,none
efficientnet_b4,ILSVRC2012_val_00036973.JPEG,n02799071,429,429,0.512476,1,imagenet_c,defocus_blur,1,none
efficientnet_b4,ILSVRC2012_val_00037169.JPEG,n02799071,429,429,0.35876232,1,imagenet_c,defocus_blur,1,none
efficientnet_b4,ILSVRC2012_val_00037365.JPEG,n02799071,429,852,0.11136724,0,imagenet_c,defocus_blur,1,none
efficientnet_b4,ILSVRC2012_val_00037478.JPEG,n02799071,429,489,0.46829116,0,imagenet_c,defocus_blur,1,none
efficientnet_b4,ILSVRC2012_val_00037792.JPEG,n02799071,429,429,0.32022315,1,imagenet_c,defocus_blur,1,none
efficientnet_b4,ILSVRC2012_val_00038120.JPEG,n02799071,429,852,0.13786258,0,imagenet_c,defocus_blur,1,none
efficientnet_b4,ILSVRC2012_val_00040705.JPEG,n02799071,429,429,0.5769481,1,imagenet_c,defocus_blur,1,none
efficientnet_b4,ILSVRC2012_val_00041254.JPEG,n02799071,429,429,0.52825207,1,imagenet_c,defocus_blur,1,none
efficientnet_b4,ILSVRC2012_val_00041843.JPEG,n02799071,429,916,0.25495893,0,imagenet_c,defocus_blur,1,none
efficientnet_b4,ILSVRC2012_val_00043101.JPEG,n02799071,429,429,0.6110163,1,imagenet_c,defocus_blur,1,none
efficientnet_b4,ILSVRC2012_val_00043962.JPEG,n02799071,429,429,0.53822184,1,imagenet_c,defocus_blur,1,none
efficientnet_b4,ILSVRC2012_val_00044225.JPEG,n02799071,429,429,0.59292716,1,imagenet_c,defocus_blur,1,none
efficientnet_b4,ILSVRC2012_val_00044650.JPEG,n02799071,429,429,0.36805993,1,imagenet_c,defocus_blur,1,none
efficientnet_b4,ILSVRC2012_val_00045333.JPEG,n02799071,429,429,0.5264107,1,imagenet_c,defocus_blur,1,none
efficientnet_b4,ILSVRC2012_val_00046377.JPEG,n02799071,429,429,0.51811963,1,imagenet_c,defocus_blur,1,none
efficientnet_b4,ILSVRC2012_val_00046471.JPEG,n02799071,429,429,0.52091515,1,imagenet_c,defocus_blur,1,none
efficientnet_b4,ILSVRC2012_val_00048249.JPEG,n02799071,429,429,0.8083987,1,imagenet_c,defocus_blur,1,none
efficientnet_b4,ILSVRC2012_val_00001517.JPEG,n02802426,430,430,0.44091278,1,imagenet_c,defocus_blur,1,none
efficientnet_b4,ILSVRC2012_val_00002376.JPEG,n02802426,430,430,0.16712014,1,imagenet_c,defocus_blur,1,none
efficientnet_b4,ILSVRC2012_val_00002538.JPEG,n02802426,430,430,0.54188067,1,imagenet_c,defocus_blur,1,none
efficientnet_b4,ILSVRC2012_val_00003037.JPEG,n02802426,430,430,0.62676907,1,imagenet_c,defocus_blur,1,none
efficientnet_b4,ILSVRC2012_val_00003617.JPEG,n02802426,430,430,0.32946768,1,imagenet_c,defocus_blur,1,none
efficientnet_b4,ILSVRC2012_val_00003674.JPEG,n02802426,430,430,0.54853255,1,imagenet_c,defocus_blur,1,none
efficientnet_b4,ILSVRC2012_val_00003772.JPEG,n02802426,430,430,0.17084074,1,imagenet_c,defocus_blur,1,none
efficientnet_b4,ILSVRC2012_val_00004993.JPEG,n02802426,430,430,0.67952675,1,imagenet_c,defocus_blur,1,none
efficientnet_b4,ILSVRC2012_val_00005182.JPEG,n02802426,430,430,0.6297642,1,imagenet_c,defocus_blur,1,none
efficientnet_b4,ILSVRC2012_val_00006081.JPEG,n02802426,430,430,0.54719335,1,imagenet_c,defocus_blur,1,none
efficientnet_b4,ILSVRC2012_val_00006099.JPEG,n02802426,430,430,0.6803125,1,imagenet_c,defocus_blur,1,none
efficientnet_b4,ILSVRC2012_val_00009072.JPEG,n02802426,430,430,0.17396592,1,imagenet_c,defocus_blur,1,none
efficientnet_b4,ILSVRC2012_val_00010546.JPEG,n02802426,430,430,0.21780673,1,imagenet_c,defocus_blur,1,none
efficientnet_b4,ILSVRC2012_val_00010909.JPEG,n02802426,430,430,0.41975963,1,imagenet_c,defocus_blur,1,none
efficientnet_b4,ILSVRC2012_val_00012396.JPEG,n02802426,430,430,0.10084096,1,imagenet_c,defocus_blur,1,none
efficientnet_b4,ILSVRC2012_val_00014210.JPEG,n02802426,430,726,0.48530602,0,imagenet_c,defocus_blur,1,none
efficientnet_b4,ILSVRC2012_val_00014382.JPEG,n02802426,430,430,0.52862185,1,imagenet_c,defocus_blur,1,none
efficientnet_b4,ILSVRC2012_val_00015397.JPEG,n02802426,430,430,0.53355634,1,imagenet_c,defocus_blur,1,none
efficientnet_b4,ILSVRC2012_val_00017293.JPEG,n02802426,430,430,0.5777035,1,imagenet_c,defocus_blur,1,none
efficientnet_b4,ILSVRC2012_val_00017397.JPEG,n02802426,430,430,0.42427042,1,imagenet_c,defocus_blur,1,none
efficientnet_b4,ILSVRC2012_val_00018104.JPEG,n02802426,430,430,0.5924972,1,imagenet_c,defocus_blur,1,none
efficientnet_b4,ILSVRC2012_val_00018519.JPEG,n02802426,430,430,0.41338167,1,imagenet_c,defocus_blur,1,none
efficientnet_b4,ILSVRC2012_val_00018537.JPEG,n02802426,430,430,0.5659264,1,imagenet_c,defocus_blur,1,none
efficientnet_b4,ILSVRC2012_val_00018856.JPEG,n02802426,430,430,0.5334786,1,imagenet_c,defocus_blur,1,none
efficientnet_b4,ILSVRC2012_val_00022998.JPEG,n02802426,430,430,0.5091983,1,imagenet_c,defocus_blur,1,none
efficientnet_b4,ILSVRC2012_val_00023152.JPEG,n02802426,430,430,0.6767419,1,imagenet_c,defocus_blur,1,none
efficientnet_b4,ILSVRC2012_val_00025839.JPEG,n02802426,430,430,0.61055315,1,imagenet_c,defocus_blur,1,none
efficientnet_b4,ILSVRC2012_val_00026413.JPEG,n02802426,430,430,0.7694608,1,imagenet_c,defocus_blur,1,none
efficientnet_b4,ILSVRC2012_val_00030155.JPEG,n02802426,430,430,0.59797263,1,imagenet_c,defocus_blur,1,none
efficientnet_b4,ILSVRC2012_val_00031705.JPEG,n02802426,430,430,0.26284084,1,imagenet_c,defocus_blur,1,none
efficientnet_b4,ILSVRC2012_val_00031833.JPEG,n02802426,430,890,0.3188738,0,imagenet_c,defocus_blur,1,none
efficientnet_b4,ILSVRC2012_val_00031911.JPEG,n02802426,430,430,0.45603457,1,imagenet_c,defocus_blur,1,none
efficientnet_b4,ILSVRC2012_val_00032031.JPEG,n02802426,430,430,0.5014395,1,imagenet_c,defocus_blur,1,none
efficientnet_b4,ILSVRC2012_val_00034170.JPEG,n02802426,430,430,0.49837837,1,imagenet_c,defocus_blur,1,none
efficientnet_b4,ILSVRC2012_val_00034473.JPEG,n02802426,430,430,0.47531715,1,imagenet_c,defocus_blur,1,none
efficientnet_b4,ILSVRC2012_val_00035401.JPEG,n02802426,430,430,0.38430244,1,imagenet_c,defocus_blur,1,none
efficientnet_b4,ILSVRC2012_val_00036609.JPEG,n02802426,430,430,0.5696917,1,imagenet_c,defocus_blur,1,none
efficientnet_b4,ILSVRC2012_val_00037508.JPEG,n02802426,430,430,0.5362617,1,imagenet_c,defocus_blur,1,none
efficientnet_b4,ILSVRC2012_val_00038836.JPEG,n02802426,430,430,0.4901027,1,imagenet_c,defocus_blur,1,none
efficientnet_b4,ILSVRC2012_val_00038899.JPEG,n02802426,430,430,0.35883164,1,imagenet_c,defocus_blur,1,none
efficientnet_b4,ILSVRC2012_val_00040597.JPEG,n02802426,430,890,0.061523363,0,imagenet_c,defocus_blur,1,none
efficientnet_b4,ILSVRC2012_val_00041724.JPEG,n02802426,430,430,0.4948404,1,imagenet_c,defocus_blur,1,none
efficientnet_b4,ILSVRC2012_val_00042222.JPEG,n02802426,430,430,0.5140594,1,imagenet_c,defocus_blur,1,none
efficientnet_b4,ILSVRC2012_val_00042313.JPEG,n02802426,430,430,0.5478344,1,imagenet_c,defocus_blur,1,none
efficientnet_b4,ILSVRC2012_val_00044958.JPEG,n02802426,430,430,0.5408632,1,imagenet_c,defocus_blur,1,none
efficientnet_b4,ILSVRC2012_val_00046810.JPEG,n02802426,430,430,0.49141923,1,imagenet_c,defocus_blur,1,none
efficientnet_b4,ILSVRC2012_val_00047548.JPEG,n02802426,430,430,0.50423265,1,imagenet_c,defocus_blur,1,none
efficientnet_b4,ILSVRC2012_val_00048284.JPEG,n02802426,430,430,0.60072815,1,imagenet_c,defocus_blur,1,none
efficientnet_b4,ILSVRC2012_val_00049469.JPEG,n02802426,430,430,0.5515455,1,imagenet_c,defocus_blur,1,none
efficientnet_b4,ILSVRC2012_val_00049986.JPEG,n02802426,430,430,0.56931657,1,imagenet_c,defocus_blur,1,none
efficientnet_b4,ILSVRC2012_val_00000354.JPEG,n02804414,431,431,0.48101434,1,imagenet_c,defocus_blur,1,none
efficientnet_b4,ILSVRC2012_val_00004383.JPEG,n02804414,431,830,0.10644993,0,imagenet_c,defocus_blur,1,none
efficientnet_b4,ILSVRC2012_val_00005935.JPEG,n02804414,431,431,0.6464547,1,imagenet_c,defocus_blur,1,none
efficientnet_b4,ILSVRC2012_val_00006281.JPEG,n02804414,431,529,0.33999008,0,imagenet_c,defocus_blur,1,none
efficientnet_b4,ILSVRC2012_val_00006304.JPEG,n02804414,431,431,0.3257846,1,imagenet_c,defocus_blur,1,none
efficientnet_b4,ILSVRC2012_val_00008230.JPEG,n02804414,431,431,0.5542275,1,imagenet_c,defocus_blur,1,none
efficientnet_b4,ILSVRC2012_val_00008402.JPEG,n02804414,431,431,0.34148678,1,imagenet_c,defocus_blur,1,none
efficientnet_b4,ILSVRC2012_val_00010744.JPEG,n02804414,431,431,0.42833194,1,imagenet_c,defocus_blur,1,none
efficientnet_b4,ILSVRC2012_val_00011350.JPEG,n02804414,431,431,0.45406973,1,imagenet_c,defocus_blur,1,none
efficientnet_b4,ILSVRC2012_val_00013242.JPEG,n02804414,431,431,0.62780696,1,imagenet_c,defocus_blur,1,none
efficientnet_b4,ILSVRC2012_val_00014512.JPEG,n02804414,431,431,0.5096328,1,imagenet_c,defocus_blur,1,none
efficientnet_b4,ILSVRC2012_val_00015853.JPEG,n02804414,431,516,0.1858907,0,imagenet_c,defocus_blur,1,none
efficientnet_b4,ILSVRC2012_val_00016280.JPEG,n02804414,431,431,0.5688359,1,imagenet_c,defocus_blur,1,none
efficientnet_b4,ILSVRC2012_val_00016297.JPEG,n02804414,431,431,0.632265,1,imagenet_c,defocus_blur,1,none
efficientnet_b4,ILSVRC2012_val_00017317.JPEG,n02804414,431,333,0.24568017,0,imagenet_c,defocus_blur,1,none
efficientnet_b4,ILSVRC2012_val_00020359.JPEG,n02804414,431,431,0.47008613,1,imagenet_c,defocus_blur,1,none
efficientnet_b4,ILSVRC2012_val_00020820.JPEG,n02804414,431,431,0.25658938,1,imagenet_c,defocus_blur,1,none
efficientnet_b4,ILSVRC2012_val_00020912.JPEG,n02804414,431,431,0.2562697,1,imagenet_c,defocus_blur,1,none
efficientnet_b4,ILSVRC2012_val_00022280.JPEG,n02804414,431,529,0.2629532,0,imagenet_c,defocus_blur,1,none
efficientnet_b4,ILSVRC2012_val_00022665.JPEG,n02804414,431,529,0.17969444,0,imagenet_c,defocus_blur,1,none
efficientnet_b4,ILSVRC2012_val_00023356.JPEG,n02804414,431,797,0.19592966,0,imagenet_c,defocus_blur,1,none
efficientnet_b4,ILSVRC2012_val_00023622.JPEG,n02804414,431,575,0.22017771,0,imagenet_c,defocus_blur,1,none
efficientnet_b4,ILSVRC2012_val_00024565.JPEG,n02804414,431,790,0.31813678,0,imagenet_c,defocus_blur,1,none
efficientnet_b4,ILSVRC2012_val_00027152.JPEG,n02804414,431,431,0.58650833,1,imagenet_c,defocus_blur,1,none
efficientnet_b4,ILSVRC2012_val_00028228.JPEG,n02804414,431,431,0.26802558,1,imagenet_c,defocus_blur,1,none
efficientnet_b4,ILSVRC2012_val_00032070.JPEG,n02804414,431,431,0.411983,1,imagenet_c,defocus_blur,1,none
efficientnet_b4,ILSVRC2012_val_00032436.JPEG,n02804414,431,431,0.6018982,1,imagenet_c,defocus_blur,1,none
efficientnet_b4,ILSVRC2012_val_00033077.JPEG,n02804414,431,431,0.33170545,1,imagenet_c,defocus_blur,1,none
efficientnet_b4,ILSVRC2012_val_00033240.JPEG,n02804414,431,431,0.5499362,1,imagenet_c,defocus_blur,1,none
efficientnet_b4,ILSVRC2012_val_00036566.JPEG,n02804414,431,431,0.57388383,1,imagenet_c,defocus_blur,1,none
efficientnet_b4,ILSVRC2012_val_00038520.JPEG,n02804414,431,431,0.4276419,1,imagenet_c,defocus_blur,1,none
efficientnet_b4,ILSVRC2012_val_00039276.JPEG,n02804414,431,431,0.66719073,1,imagenet_c,defocus_blur,1,none
efficientnet_b4,ILSVRC2012_val_00039628.JPEG,n02804414,431,431,0.3611701,1,imagenet_c,defocus_blur,1,none
efficientnet_b4,ILSVRC2012_val_00040928.JPEG,n02804414,431,516,0.72691727,0,imagenet_c,defocus_blur,1,none
efficientnet_b4,ILSVRC2012_val_00041287.JPEG,n02804414,431,431,0.5457854,1,imagenet_c,defocus_blur,1,none
efficientnet_b4,ILSVRC2012_val_00041320.JPEG,n02804414,431,431,0.5923145,1,imagenet_c,defocus_blur,1,none
efficientnet_b4,ILSVRC2012_val_00041763.JPEG,n02804414,431,431,0.39271104,1,imagenet_c,defocus_blur,1,none
efficientnet_b4,ILSVRC2012_val_00042655.JPEG,n02804414,431,431,0.5398808,1,imagenet_c,defocus_blur,1,none
efficientnet_b4,ILSVRC2012_val_00042748.JPEG,n02804414,431,431,0.32302502,1,imagenet_c,defocus_blur,1,none
efficientnet_b4,ILSVRC2012_val_00043478.JPEG,n02804414,431,431,0.10589854,1,imagenet_c,defocus_blur,1,none
efficientnet_b4,ILSVRC2012_val_00043528.JPEG,n02804414,431,431,0.57642704,1,imagenet_c,defocus_blur,1,none
efficientnet_b4,ILSVRC2012_val_00043667.JPEG,n02804414,431,588,0.05379767,0,imagenet_c,defocus_blur,1,none
efficientnet_b4,ILSVRC2012_val_00044331.JPEG,n02804414,431,516,0.290907,0,imagenet_c,defocus_blur,1,none
efficientnet_b4,ILSVRC2012_val_00047081.JPEG,n02804414,431,747,0.11250608,0,imagenet_c,defocus_blur,1,none
efficientnet_b4,ILSVRC2012_val_00047568.JPEG,n02804414,431,431,0.4861162,1,imagenet_c,defocus_blur,1,none
efficientnet_b4,ILSVRC2012_val_00047642.JPEG,n02804414,431,431,0.685817,1,imagenet_c,defocus_blur,1,none
efficientnet_b4,ILSVRC2012_val_00048267.JPEG,n02804414,431,431,0.43366224,1,imagenet_c,defocus_blur,1,none
efficientnet_b4,ILSVRC2012_val_00049212.JPEG,n02804414,431,516,0.28970414,0,imagenet_c,defocus_blur,1,none
efficientnet_b4,ILSVRC2012_val_00049295.JPEG,n02804414,431,529,0.5191336,0,imagenet_c,defocus_blur,1,none
efficientnet_b4,ILSVRC2012_val_00049465.JPEG,n02804414,431,431,0.32649237,1,imagenet_c,defocus_blur,1,none
efficientnet_b4,ILSVRC2012_val_00001090.JPEG,n02804610,432,432,0.5105449,1,imagenet_c,defocus_blur,1,none
efficientnet_b4,ILSVRC2012_val_00001369.JPEG,n02804610,432,432,0.33852863,1,imagenet_c,defocus_blur,1,none
efficientnet_b4,ILSVRC2012_val_00002180.JPEG,n02804610,432,747,0.1434715,0,imagenet_c,defocus_blur,1,none
efficientnet_b4,ILSVRC2012_val_00002552.JPEG,n02804610,432,432,0.6436417,1,imagenet_c,defocus_blur,1,none
efficientnet_b4,ILSVRC2012_val_00003370.JPEG,n02804610,432,432,0.46967164,1,imagenet_c,defocus_blur,1,none
efficientnet_b4,ILSVRC2012_val_00004277.JPEG,n02804610,432,432,0.33161074,1,imagenet_c,defocus_blur,1,none
efficientnet_b4,ILSVRC2012_val_00005802.JPEG,n02804610,432,432,0.49803668,1,imagenet_c,defocus_blur,1,none
efficientnet_b4,ILSVRC2012_val_00005838.JPEG,n02804610,432,432,0.38930956,1,imagenet_c,defocus_blur,1,none
efficientnet_b4,ILSVRC2012_val_00005955.JPEG,n02804610,432,432,0.5552002,1,imagenet_c,defocus_blur,1,none
efficientnet_b4,ILSVRC2012_val_00011135.JPEG,n02804610,432,683,0.45469144,0,imagenet_c,defocus_blur,1,none
efficientnet_b4,ILSVRC2012_val_00011274.JPEG,n02804610,432,432,0.53859544,1,imagenet_c,defocus_blur,1,none
efficientnet_b4,ILSVRC2012_val_00012019.JPEG,n02804610,432,862,0.20719768,0,imagenet_c,defocus_blur,1,none
efficientnet_b4,ILSVRC2012_val_00012025.JPEG,n02804610,432,432,0.35821062,1,imagenet_c,defocus_blur,1,none
efficientnet_b4,ILSVRC2012_val_00012062.JPEG,n02804610,432,573,0.09796666,0,imagenet_c,defocus_blur,1,none
efficientnet_b4,ILSVRC2012_val_00014404.JPEG,n02804610,432,768,0.2969559,0,imagenet_c,defocus_blur,1,none
efficientnet_b4,ILSVRC2012_val_00014518.JPEG,n02804610,432,432,0.23195718,1,imagenet_c,defocus_blur,1,none
efficientnet_b4,ILSVRC2012_val_00014826.JPEG,n02804610,432,432,0.39108923,1,imagenet_c,defocus_blur,1,none
efficientnet_b4,ILSVRC2012_val_00016450.JPEG,n02804610,432,890,0.035276536,0,imagenet_c,defocus_blur,1,none
efficientnet_b4,ILSVRC2012_val_00018419.JPEG,n02804610,432,819,0.11812404,0,imagenet_c,defocus_blur,1,none
efficientnet_b4,ILSVRC2012_val_00018806.JPEG,n02804610,432,432,0.7328399,1,imagenet_c,defocus_blur,1,none
efficientnet_b4,ILSVRC2012_val_00018945.JPEG,n02804610,432,432,0.57873744,1,imagenet_c,defocus_blur,1,none
efficientnet_b4,ILSVRC2012_val_00019388.JPEG,n02804610,432,432,0.21857075,1,imagenet_c,defocus_blur,1,none
efficientnet_b4,ILSVRC2012_val_00021821.JPEG,n02804610,432,432,0.5479745,1,imagenet_c,defocus_blur,1,none
efficientnet_b4,ILSVRC2012_val_00026219.JPEG,n02804610,432,432,0.44751605,1,imagenet_c,defocus_blur,1,none
efficientnet_b4,ILSVRC2012_val_00026385.JPEG,n02804610,432,432,0.47415242,1,imagenet_c,defocus_blur,1,none
efficientnet_b4,ILSVRC2012_val_00026539.JPEG,n02804610,432,432,0.4966455,1,imagenet_c,defocus_blur,1,none
efficientnet_b4,ILSVRC2012_val_00026740.JPEG,n02804610,432,683,0.8160859,0,imagenet_c,defocus_blur,1,none
efficientnet_b4,ILSVRC2012_val_00028710.JPEG,n02804610,432,432,0.3635231,1,imagenet_c,defocus_blur,1,none
efficientnet_b4,ILSVRC2012_val_00029252.JPEG,n02804610,432,432,0.5604327,1,imagenet_c,defocus_blur,1,none
efficientnet_b4,ILSVRC2012_val_00029612.JPEG,n02804610,432,432,0.26519513,1,imagenet_c,defocus_blur,1,none
efficientnet_b4,ILSVRC2012_val_00029633.JPEG,n02804610,432,432,0.529807,1,imagenet_c,defocus_blur,1,none
efficientnet_b4,ILSVRC2012_val_00030091.JPEG,n02804610,432,432,0.41313592,1,imagenet_c,defocus_blur,1,none
efficientnet_b4,ILSVRC2012_val_00030587.JPEG,n02804610,432,432,0.18942724,1,imagenet_c,defocus_blur,1,none
efficientnet_b4,ILSVRC2012_val_00030862.JPEG,n02804610,432,432,0.25489995,1,imagenet_c,defocus_blur,1,none
efficientnet_b4,ILSVRC2012_val_00031218.JPEG,n02804610,432,432,0.53036857,1,imagenet_c,defocus_blur,1,none
efficientnet_b4,ILSVRC2012_val_00033629.JPEG,n02804610,432,432,0.23292959,1,imagenet_c,defocus_blur,1,none
efficientnet_b4,ILSVRC2012_val_00033949.JPEG,n02804610,432,432,0.72155666,1,imagenet_c,defocus_blur,1,none
efficientnet_b4,ILSVRC2012_val_00034894.JPEG,n02804610,432,432,0.5737138,1,imagenet_c,defocus_blur,1,none
efficientnet_b4,ILSVRC2012_val_00035685.JPEG,n02804610,432,432,0.100817196,1,imagenet_c,defocus_blur,1,none
efficientnet_b4,ILSVRC2012_val_00035715.JPEG,n02804610,432,683,0.40087625,0,imagenet_c,defocus_blur,1,none
efficientnet_b4,ILSVRC2012_val_00037157.JPEG,n02804610,432,432,0.5363156,1,imagenet_c,defocus_blur,1,none
efficientnet_b4,ILSVRC2012_val_00038114.JPEG,n02804610,432,432,0.5689525,1,imagenet_c,defocus_blur,1,none
efficientnet_b4,ILSVRC2012_val_00039385.JPEG,n02804610,432,432,0.5770898,1,imagenet_c,defocus_blur,1,none
efficientnet_b4,ILSVRC2012_val_00042429.JPEG,n02804610,432,432,0.56011957,1,imagenet_c,defocus_blur,1,none
efficientnet_b4,ILSVRC2012_val_00044955.JPEG,n02804610,432,683,0.2707237,0,imagenet_c,defocus_blur,1,none
efficientnet_b4,ILSVRC2012_val_00045885.JPEG,n02804610,432,432,0.5417168,1,imagenet_c,defocus_blur,1,none
efficientnet_b4,ILSVRC2012_val_00046165.JPEG,n02804610,432,432,0.43859607,1,imagenet_c,defocus_blur,1,none
efficientnet_b4,ILSVRC2012_val_00046693.JPEG,n02804610,432,432,0.4794412,1,imagenet_c,defocus_blur,1,none
efficientnet_b4,ILSVRC2012_val_00048210.JPEG,n02804610,432,432,0.5911504,1,imagenet_c,defocus_blur,1,none
efficientnet_b4,ILSVRC2012_val_00048367.JPEG,n02804610,432,432,0.6011467,1,imagenet_c,defocus_blur,1,none
efficientnet_b4,ILSVRC2012_val_00001013.JPEG,n02807133,433,433,0.48822126,1,imagenet_c,defocus_blur,1,none
efficientnet_b4,ILSVRC2012_val_00001584.JPEG,n02807133,433,793,0.4626545,0,imagenet_c,defocus_blur,1,none
efficientnet_b4,ILSVRC2012_val_00002660.JPEG,n02807133,433,433,0.36258,1,imagenet_c,defocus_blur,1,none
efficientnet_b4,ILSVRC2012_val_00002781.JPEG,n02807133,433,842,0.29198712,0,imagenet_c,defocus_blur,1,none
efficientnet_b4,ILSVRC2012_val_00005145.JPEG,n02807133,433,433,0.6781533,1,imagenet_c,defocus_blur,1,none
efficientnet_b4,ILSVRC2012_val_00005533.JPEG,n02807133,433,433,0.07937238,1,imagenet_c,defocus_blur,1,none
efficientnet_b4,ILSVRC2012_val_00006861.JPEG,n02807133,433,433,0.087482475,1,imagenet_c,defocus_blur,1,none
efficientnet_b4,ILSVRC2012_val_00007984.JPEG,n02807133,433,433,0.85763645,1,imagenet_c,defocus_blur,1,none
efficientnet_b4,ILSVRC2012_val_00008227.JPEG,n02807133,433,433,0.16084437,1,imagenet_c,defocus_blur,1,none
efficientnet_b4,ILSVRC2012_val_00010380.JPEG,n02807133,433,822,0.39376336,0,imagenet_c,defocus_blur,1,none
efficientnet_b4,ILSVRC2012_val_00011487.JPEG,n02807133,433,433,0.3365483,1,imagenet_c,defocus_blur,1,none
efficientnet_b4,ILSVRC2012_val_00011615.JPEG,n02807133,433,433,0.44250256,1,imagenet_c,defocus_blur,1,none
efficientnet_b4,ILSVRC2012_val_00011741.JPEG,n02807133,433,433,0.50436074,1,imagenet_c,defocus_blur,1,none
efficientnet_b4,ILSVRC2012_val_00012606.JPEG,n02807133,433,445,0.26988617,0,imagenet_c,defocus_blur,1,none
efficientnet_b4,ILSVRC2012_val_00014229.JPEG,n02807133,433,433,0.23655584,1,imagenet_c,defocus_blur,1,none
efficientnet_b4,ILSVRC2012_val_00014375.JPEG,n02807133,433,639,0.30803606,0,imagenet_c,defocus_blur,1,none
efficientnet_b4,ILSVRC2012_val_00016691.JPEG,n02807133,433,433,0.5968316,1,imagenet_c,defocus_blur,1,none
efficientnet_b4,ILSVRC2012_val_00016957.JPEG,n02807133,433,876,0.3038342,0,imagenet_c,defocus_blur,1,none
efficientnet_b4,ILSVRC2012_val_00017501.JPEG,n02807133,433,433,0.6344067,1,imagenet_c,defocus_blur,1,none
efficientnet_b4,ILSVRC2012_val_00017760.JPEG,n02807133,433,433,0.6960358,1,imagenet_c,defocus_blur,1,none
efficientnet_b4,ILSVRC2012_val_00018368.JPEG,n02807133,433,434,0.21810786,0,imagenet_c,defocus_blur,1,none
efficientnet_b4,ILSVRC2012_val_00019845.JPEG,n02807133,433,433,0.7519052,1,imagenet_c,defocus_blur,1,none
efficientnet_b4,ILSVRC2012_val_00020561.JPEG,n02807133,433,433,0.61144,1,imagenet_c,defocus_blur,1,none
efficientnet_b4,ILSVRC2012_val_00021386.JPEG,n02807133,433,801,0.23360938,0,imagenet_c,defocus_blur,1,none
efficientnet_b4,ILSVRC2012_val_00024350.JPEG,n02807133,433,433,0.19445287,1,imagenet_c,defocus_blur,1,none
efficientnet_b4,ILSVRC2012_val_00026636.JPEG,n02807133,433,433,0.71987736,1,imagenet_c,defocus_blur,1,none
efficientnet_b4,ILSVRC2012_val_00028473.JPEG,n02807133,433,433,0.08706703,1,imagenet_c,defocus_blur,1,none
efficientnet_b4,ILSVRC2012_val_00028550.JPEG,n02807133,433,702,0.19516364,0,imagenet_c,defocus_blur,1,none
efficientnet_b4,ILSVRC2012_val_00030453.JPEG,n02807133,433,433,0.6208627,1,imagenet_c,defocus_blur,1,none
efficientnet_b4,ILSVRC2012_val_00034039.JPEG,n02807133,433,793,0.34757555,0,imagenet_c,defocus_blur,1,none
efficientnet_b4,ILSVRC2012_val_00036351.JPEG,n02807133,433,433,0.7752733,1,imagenet_c,defocus_blur,1,none
efficientnet_b4,ILSVRC2012_val_00036950.JPEG,n02807133,433,433,0.6661746,1,imagenet_c,defocus_blur,1,none
efficientnet_b4,ILSVRC2012_val_00037533.JPEG,n02807133,433,433,0.73408043,1,imagenet_c,defocus_blur,1,none
efficientnet_b4,ILSVRC2012_val_00037542.JPEG,n02807133,433,747,0.31136063,0,imagenet_c,defocus_blur,1,none
efficientnet_b4,ILSVRC2012_val_00039046.JPEG,n02807133,433,433,0.8882534,1,imagenet_c,defocus_blur,1,none
efficientnet_b4,ILSVRC2012_val_00039810.JPEG,n02807133,433,433,0.742188,1,imagenet_c,defocus_blur,1,none
efficientnet_b4,ILSVRC2012_val_00039882.JPEG,n02807133,433,433,0.1713301,1,imagenet_c,defocus_blur,1,none
efficientnet_b4,ILSVRC2012_val_00041891.JPEG,n02807133,433,433,0.3782313,1,imagenet_c,defocus_blur,1,none
efficientnet_b4,ILSVRC2012_val_00042154.JPEG,n02807133,433,801,0.67923206,0,imagenet_c,defocus_blur,1,none
efficientnet_b4,ILSVRC2012_val_00042694.JPEG,n02807133,433,433,0.40574342,1,imagenet_c,defocus_blur,1,none
efficientnet_b4,ILSVRC2012_val_00042941.JPEG,n02807133,433,433,0.91899276,1,imagenet_c,defocus_blur,1,none
efficientnet_b4,ILSVRC2012_val_00043716.JPEG,n02807133,433,433,0.55782413,1,imagenet_c,defocus_blur,1,none
efficientnet_b4,ILSVRC2012_val_00043987.JPEG,n02807133,433,433,0.19628634,1,imagenet_c,defocus_blur,1,none
efficientnet_b4,ILSVRC2012_val_00045678.JPEG,n02807133,433,428,0.027125927,0,imagenet_c,defocus_blur,1,none
efficientnet_b4,ILSVRC2012_val_00047265.JPEG,n02807133,433,433,0.2534492,1,imagenet_c,defocus_blur,1,none
efficientnet_b4,ILSVRC2012_val_00048150.JPEG,n02807133,433,433,0.11010635,1,imagenet_c,defocus_blur,1,none
efficientnet_b4,ILSVRC2012_val_00048300.JPEG,n02807133,433,433,0.80263966,1,imagenet_c,defocus_blur,1,none
efficientnet_b4,ILSVRC2012_val_00048374.JPEG,n02807133,433,433,0.85438365,1,imagenet_c,defocus_blur,1,none
efficientnet_b4,ILSVRC2012_val_00049121.JPEG,n02807133,433,433,0.16278861,1,imagenet_c,defocus_blur,1,none
efficientnet_b4,ILSVRC2012_val_00049413.JPEG,n02807133,433,433,0.6315365,1,imagenet_c,defocus_blur,1,none
efficientnet_b4,ILSVRC2012_val_00001384.JPEG,n02808304,434,434,0.095809095,1,imagenet_c,defocus_blur,1,none
efficientnet_b4,ILSVRC2012_val_00004179.JPEG,n02808304,434,434,0.33888853,1,imagenet_c,defocus_blur,1,none
efficientnet_b4,ILSVRC2012_val_00004975.JPEG,n02808304,434,876,0.18916063,0,imagenet_c,defocus_blur,1,none
efficientnet_b4,ILSVRC2012_val_00005389.JPEG,n02808304,434,885,0.474003,0,imagenet_c,defocus_blur,1,none
efficientnet_b4,ILSVRC2012_val_00005573.JPEG,n02808304,434,591,0.29560727,0,imagenet_c,defocus_blur,1,none
efficientnet_b4,ILSVRC2012_val_00005585.JPEG,n02808304,434,434,0.16999915,1,imagenet_c,defocus_blur,1,none
efficientnet_b4,ILSVRC2012_val_00006361.JPEG,n02808304,434,885,0.21376908,0,imagenet_c,defocus_blur,1,none
efficientnet_b4,ILSVRC2012_val_00009408.JPEG,n02808304,434,434,0.32984218,1,imagenet_c,defocus_blur,1,none
efficientnet_b4,ILSVRC2012_val_00010120.JPEG,n02808304,434,548,0.06988717,0,imagenet_c,defocus_blur,1,none
efficientnet_b4,ILSVRC2012_val_00010463.JPEG,n02808304,434,568,0.6411333,0,imagenet_c,defocus_blur,1,none
efficientnet_b4,ILSVRC2012_val_00011843.JPEG,n02808304,434,841,0.06756823,0,imagenet_c,defocus_blur,1,none
efficientnet_b4,ILSVRC2012_val_00012656.JPEG,n02808304,434,207,0.113180965,0,imagenet_c,defocus_blur,1,none
efficientnet_b4,ILSVRC2012_val_00012868.JPEG,n02808304,434,434,0.19533993,1,imagenet_c,defocus_blur,1,none
efficientnet_b4,ILSVRC2012_val_00013232.JPEG,n02808304,434,775,0.09724549,0,imagenet_c,defocus_blur,1,none
efficientnet_b4,ILSVRC2012_val_00013663.JPEG,n02808304,434,854,0.045468435,0,imagenet_c,defocus_blur,1,none
efficientnet_b4,ILSVRC2012_val_00014072.JPEG,n02808304,434,338,0.45177895,0,imagenet_c,defocus_blur,1,none
efficientnet_b4,ILSVRC2012_val_00014396.JPEG,n02808304,434,529,0.07961158,0,imagenet_c,defocus_blur,1,none
efficientnet_b4,ILSVRC2012_val_00015272.JPEG,n02808304,434,692,0.08355345,0,imagenet_c,defocus_blur,1,none
efficientnet_b4,ILSVRC2012_val_00016455.JPEG,n02808304,434,911,0.11556779,0,imagenet_c,defocus_blur,1,none
efficientnet_b4,ILSVRC2012_val_00017661.JPEG,n02808304,434,516,0.5260763,0,imagenet_c,defocus_blur,1,none
efficientnet_b4,ILSVRC2012_val_00018964.JPEG,n02808304,434,434,0.1981484,1,imagenet_c,defocus_blur,1,none
efficientnet_b4,ILSVRC2012_val_00019021.JPEG,n02808304,434,434,0.20732257,1,imagenet_c,defocus_blur,1,none
efficientnet_b4,ILSVRC2012_val_00020121.JPEG,n02808304,434,434,0.5359661,1,imagenet_c,defocus_blur,1,none
efficientnet_b4,ILSVRC2012_val_00020204.JPEG,n02808304,434,619,0.18169962,0,imagenet_c,defocus_blur,1,none
efficientnet_b4,ILSVRC2012_val_00021340.JPEG,n02808304,434,171,0.73953646,0,imagenet_c,defocus_blur,1,none
efficientnet_b4,ILSVRC2012_val_00022989.JPEG,n02808304,434,680,0.3372314,0,imagenet_c,defocus_blur,1,none
efficientnet_b4,ILSVRC2012_val_00026963.JPEG,n02808304,434,808,0.69343853,0,imagenet_c,defocus_blur,1,none
efficientnet_b4,ILSVRC2012_val_00027541.JPEG,n02808304,434,434,0.735729,1,imagenet_c,defocus_blur,1,none
efficientnet_b4,ILSVRC2012_val_00027792.JPEG,n02808304,434,636,0.24713922,0,imagenet_c,defocus_blur,1,none
efficientnet_b4,ILSVRC2012_val_00028603.JPEG,n02808304,434,434,0.7733455,1,imagenet_c,defocus_blur,1,none
efficientnet_b4,ILSVRC2012_val_00029780.JPEG,n02808304,434,585,0.117320724,0,imagenet_c,defocus_blur,1,none
efficientnet_b4,ILSVRC2012_val_00030328.JPEG,n02808304,434,529,0.15545952,0,imagenet_c,defocus_blur,1,none
efficientnet_b4,ILSVRC2012_val_00030356.JPEG,n02808304,434,520,0.1673455,0,imagenet_c,defocus_blur,1,none
efficientnet_b4,ILSVRC2012_val_00030884.JPEG,n02808304,434,716,0.34097853,0,imagenet_c,defocus_blur,1,none
efficientnet_b4,ILSVRC2012_val_00031759.JPEG,n02808304,434,431,0.39175582,0,imagenet_c,defocus_blur,1,none
efficientnet_b4,ILSVRC2012_val_00032096.JPEG,n02808304,434,636,0.07261487,0,imagenet_c,defocus_blur,1,none
efficientnet_b4,ILSVRC2012_val_00036502.JPEG,n02808304,434,591,0.4649406,0,imagenet_c,defocus_blur,1,none
efficientnet_b4,ILSVRC2012_val_00037173.JPEG,n02808304,434,434,0.5645824,1,imagenet_c,defocus_blur,1,none
efficientnet_b4,ILSVRC2012_val_00039179.JPEG,n02808304,434,529,0.10624823,0,imagenet_c,defocus_blur,1,none
efficientnet_b4,ILSVRC2012_val_00039827.JPEG,n02808304,434,529,0.42988828,0,imagenet_c,defocus_blur,1,none
efficientnet_b4,ILSVRC2012_val_00042579.JPEG,n02808304,434,496,0.06430973,0,imagenet_c,defocus_blur,1,none
efficientnet_b4,ILSVRC2012_val_00043034.JPEG,n02808304,434,643,0.2866738,0,imagenet_c,defocus_blur,1,none
efficientnet_b4,ILSVRC2012_val_00043220.JPEG,n02808304,434,434,0.3431148,1,imagenet_c,defocus_blur,1,none
efficientnet_b4,ILSVRC2012_val_00047666.JPEG,n02808304,434,591,0.12173797,0,imagenet_c,defocus_blur,1,none
efficientnet_b4,ILSVRC2012_val_00048417.JPEG,n02808304,434,434,0.31943694,1,imagenet_c,defocus_blur,1,none
efficientnet_b4,ILSVRC2012_val_00048667.JPEG,n02808304,434,785,0.12562333,0,imagenet_c,defocus_blur,1,none
efficientnet_b4,ILSVRC2012_val_00048872.JPEG,n02808304,434,434,0.5576335,1,imagenet_c,defocus_blur,1,none
efficientnet_b4,ILSVRC2012_val_00049005.JPEG,n02808304,434,434,0.4187843,1,imagenet_c,defocus_blur,1,none
efficientnet_b4,ILSVRC2012_val_00049463.JPEG,n02808304,434,434,0.41553858,1,imagenet_c,defocus_blur,1,none
efficientnet_b4,ILSVRC2012_val_00049724.JPEG,n02808304,434,434,0.4239258,1,imagenet_c,defocus_blur,1,none
efficientnet_b4,ILSVRC2012_val_00002563.JPEG,n02808440,435,764,0.06948071,0,imagenet_c,defocus_blur,1,none
efficientnet_b4,ILSVRC2012_val_00002638.JPEG,n02808440,435,435,0.2272043,1,imagenet_c,defocus_blur,1,none
efficientnet_b4,ILSVRC2012_val_00003072.JPEG,n02808440,435,435,0.24667284,1,imagenet_c,defocus_blur,1,none
efficientnet_b4,ILSVRC2012_val_00003400.JPEG,n02808440,435,876,0.30779442,0,imagenet_c,defocus_blur,1,none
efficientnet_b4,ILSVRC2012_val_00003786.JPEG,n02808440,435,876,0.2753221,0,imagenet_c,defocus_blur,1,none
efficientnet_b4,ILSVRC2012_val_00005080.JPEG,n02808440,435,435,0.14324059,1,imagenet_c,defocus_blur,1,none
efficientnet_b4,ILSVRC2012_val_00005511.JPEG,n02808440,435,876,0.38236794,0,imagenet_c,defocus_blur,1,none
efficientnet_b4,ILSVRC2012_val_00006019.JPEG,n02808440,435,772,0.1462715,0,imagenet_c,defocus_blur,1,none
efficientnet_b4,ILSVRC2012_val_00006993.JPEG,n02808440,435,771,0.13205129,0,imagenet_c,defocus_blur,1,none
efficientnet_b4,ILSVRC2012_val_00007187.JPEG,n02808440,435,435,0.19798827,1,imagenet_c,defocus_blur,1,none
efficientnet_b4,ILSVRC2012_val_00011903.JPEG,n02808440,435,714,0.22906356,0,imagenet_c,defocus_blur,1,none
efficientnet_b4,ILSVRC2012_val_00012591.JPEG,n02808440,435,876,0.19607304,0,imagenet_c,defocus_blur,1,none
efficientnet_b4,ILSVRC2012_val_00012823.JPEG,n02808440,435,435,0.37381357,1,imagenet_c,defocus_blur,1,none
efficientnet_b4,ILSVRC2012_val_00013344.JPEG,n02808440,435,435,0.1525364,1,imagenet_c,defocus_blur,1,none
efficientnet_b4,ILSVRC2012_val_00013900.JPEG,n02808440,435,207,0.33737412,0,imagenet_c,defocus_blur,1,none
efficientnet_b4,ILSVRC2012_val_00015881.JPEG,n02808440,435,445,0.09529713,0,imagenet_c,defocus_blur,1,none
efficientnet_b4,ILSVRC2012_val_00015979.JPEG,n02808440,435,876,0.34521565,0,imagenet_c,defocus_blur,1,none
efficientnet_b4,ILSVRC2012_val_00015996.JPEG,n02808440,435,435,0.36020625,1,imagenet_c,defocus_blur,1,none
efficientnet_b4,ILSVRC2012_val_00016026.JPEG,n02808440,435,861,0.18820803,0,imagenet_c,defocus_blur,1,none
efficientnet_b4,ILSVRC2012_val_00016365.JPEG,n02808440,435,876,0.229189,0,imagenet_c,defocus_blur,1,none
efficientnet_b4,ILSVRC2012_val_00017804.JPEG,n02808440,435,435,0.31297982,1,imagenet_c,defocus_blur,1,none
efficientnet_b4,ILSVRC2012_val_00018670.JPEG,n02808440,435,435,0.18930086,1,imagenet_c,defocus_blur,1,none
efficientnet_b4,ILSVRC2012_val_00019507.JPEG,n02808440,435,529,0.13528821,0,imagenet_c,defocus_blur,1,none
efficientnet_b4,ILSVRC2012_val_00019565.JPEG,n02808440,435,648,0.16320612,0,imagenet_c,defocus_blur,1,none
efficientnet_b4,ILSVRC2012_val_00020254.JPEG,n02808440,435,463,0.1098607,0,imagenet_c,defocus_blur,1,none
efficientnet_b4,ILSVRC2012_val_00022086.JPEG,n02808440,435,648,0.21748674,0,imagenet_c,defocus_blur,1,none
efficientnet_b4,ILSVRC2012_val_00024124.JPEG,n02808440,435,285,0.10399938,0,imagenet_c,defocus_blur,1,none
efficientnet_b4,ILSVRC2012_val_00024200.JPEG,n02808440,435,789,0.29167542,0,imagenet_c,defocus_blur,1,none
efficientnet_b4,ILSVRC2012_val_00024780.JPEG,n02808440,435,876,0.41555157,0,imagenet_c,defocus_blur,1,none
efficientnet_b4,ILSVRC2012_val_00024866.JPEG,n02808440,435,814,0.14009093,0,imagenet_c,defocus_blur,1,none
efficientnet_b4,ILSVRC2012_val_00025038.JPEG,n02808440,435,876,0.22850734,0,imagenet_c,defocus_blur,1,none
efficientnet_b4,ILSVRC2012_val_00027065.JPEG,n02808440,435,702,0.07369984,0,imagenet_c,defocus_blur,1,none
efficientnet_b4,ILSVRC2012_val_00027377.JPEG,n02808440,435,876,0.2632094,0,imagenet_c,defocus_blur,1,none
efficientnet_b4,ILSVRC2012_val_00028638.JPEG,n02808440,435,435,0.28303152,1,imagenet_c,defocus_blur,1,none
efficientnet_b4,ILSVRC2012_val_00030242.JPEG,n02808440,435,876,0.1797985,0,imagenet_c,defocus_blur,1,none
efficientnet_b4,ILSVRC2012_val_00030761.JPEG,n02808440,435,970,0.10603332,0,imagenet_c,defocus_blur,1,none
efficientnet_b4,ILSVRC2012_val_00033106.JPEG,n02808440,435,936,0.11826069,0,imagenet_c,defocus_blur,1,none
efficientnet_b4,ILSVRC2012_val_00033910.JPEG,n02808440,435,876,0.29986605,0,imagenet_c,defocus_blur,1,none
efficientnet_b4,ILSVRC2012_val_00035983.JPEG,n02808440,435,435,0.38168907,1,imagenet_c,defocus_blur,1,none
efficientnet_b4,ILSVRC2012_val_00036711.JPEG,n02808440,435,876,0.27559188,0,imagenet_c,defocus_blur,1,none
efficientnet_b4,ILSVRC2012_val_00036803.JPEG,n02808440,435,435,0.15376332,1,imagenet_c,defocus_blur,1,none
efficientnet_b4,ILSVRC2012_val_00037073.JPEG,n02808440,435,435,0.34061435,1,imagenet_c,defocus_blur,1,none
efficientnet_b4,ILSVRC2012_val_00038234.JPEG,n02808440,435,896,0.31027356,0,imagenet_c,defocus_blur,1,none
efficientnet_b4,ILSVRC2012_val_00042102.JPEG,n02808440,435,600,0.22991236,0,imagenet_c,defocus_blur,1,none
efficientnet_b4,ILSVRC2012_val_00043361.JPEG,n02808440,435,435,0.2569982,1,imagenet_c,defocus_blur,1,none
efficientnet_b4,ILSVRC2012_val_00043669.JPEG,n02808440,435,394,0.08644936,0,imagenet_c,defocus_blur,1,none
efficientnet_b4,ILSVRC2012_val_00048621.JPEG,n02808440,435,637,0.057498388,0,imagenet_c,defocus_blur,1,none
efficientnet_b4,ILSVRC2012_val_00048839.JPEG,n02808440,435,435,0.102441974,1,imagenet_c,defocus_blur,1,none
efficientnet_b4,ILSVRC2012_val_00049510.JPEG,n02808440,435,680,0.14214782,0,imagenet_c,defocus_blur,1,none
efficientnet_b4,ILSVRC2012_val_00049673.JPEG,n02808440,435,435,0.16025916,1,imagenet_c,defocus_blur,1,none
efficientnet_b4,ILSVRC2012_val_00000175.JPEG,n02814533,436,436,0.39286658,1,imagenet_c,defocus_blur,1,none
efficientnet_b4,ILSVRC2012_val_00005774.JPEG,n02814533,436,436,0.45065904,1,imagenet_c,defocus_blur,1,none
efficientnet_b4,ILSVRC2012_val_00005978.JPEG,n02814533,436,436,0.6980976,1,imagenet_c,defocus_blur,1,none
efficientnet_b4,ILSVRC2012_val_00006084.JPEG,n02814533,436,436,0.068510294,1,imagenet_c,defocus_blur,1,none
efficientnet_b4,ILSVRC2012_val_00006220.JPEG,n02814533,436,817,0.17282742,0,imagenet_c,defocus_blur,1,none
efficientnet_b4,ILSVRC2012_val_00007786.JPEG,n02814533,436,436,0.15632623,1,imagenet_c,defocus_blur,1,none
efficientnet_b4,ILSVRC2012_val_00008088.JPEG,n02814533,436,436,0.89943844,1,imagenet_c,defocus_blur,1,none
efficientnet_b4,ILSVRC2012_val_00010252.JPEG,n02814533,436,479,0.25528675,0,imagenet_c,defocus_blur,1,none
efficientnet_b4,ILSVRC2012_val_00011630.JPEG,n02814533,436,701,0.34801418,0,imagenet_c,defocus_blur,1,none
efficientnet_b4,ILSVRC2012_val_00012600.JPEG,n02814533,436,436,0.632215,1,imagenet_c,defocus_blur,1,none
efficientnet_b4,ILSVRC2012_val_00012809.JPEG,n02814533,436,436,0.67663985,1,imagenet_c,defocus_blur,1,none
efficientnet_b4,ILSVRC2012_val_00014447.JPEG,n02814533,436,479,0.5493054,0,imagenet_c,defocus_blur,1,none
efficientnet_b4,ILSVRC2012_val_00014541.JPEG,n02814533,436,817,0.23616311,0,imagenet_c,defocus_blur,1,none
efficientnet_b4,ILSVRC2012_val_00014732.JPEG,n02814533,436,670,0.19402474,0,imagenet_c,defocus_blur,1,none
efficientnet_b4,ILSVRC2012_val_00015200.JPEG,n02814533,436,656,0.3517636,0,imagenet_c,defocus_blur,1,none
efficientnet_b4,ILSVRC2012_val_00015651.JPEG,n02814533,436,436,0.7306639,1,imagenet_c,defocus_blur,1,none
efficientnet_b4,ILSVRC2012_val_00016314.JPEG,n02814533,436,705,0.16619173,0,imagenet_c,defocus_blur,1,none
efficientnet_b4,ILSVRC2012_val_00018138.JPEG,n02814533,436,436,0.4854483,1,imagenet_c,defocus_blur,1,none
efficientnet_b4,ILSVRC2012_val_00018335.JPEG,n02814533,436,436,0.4005585,1,imagenet_c,defocus_blur,1,none
efficientnet_b4,ILSVRC2012_val_00019478.JPEG,n02814533,436,436,0.6359412,1,imagenet_c,defocus_blur,1,none
efficientnet_b4,ILSVRC2012_val_00019695.JPEG,n02814533,436,436,0.41892284,1,imagenet_c,defocus_blur,1,none
efficientnet_b4,ILSVRC2012_val_00020038.JPEG,n02814533,436,436,0.43625247,1,imagenet_c,defocus_blur,1,none
efficientnet_b4,ILSVRC2012_val_00021487.JPEG,n02814533,436,581,0.18885982,0,imagenet_c,defocus_blur,1,none
efficientnet_b4,ILSVRC2012_val_00023221.JPEG,n02814533,436,468,0.21641833,0,imagenet_c,defocus_blur,1,none
efficientnet_b4,ILSVRC2012_val_00023474.JPEG,n02814533,436,436,0.4754528,1,imagenet_c,defocus_blur,1,none
efficientnet_b4,ILSVRC2012_val_00024318.JPEG,n02814533,436,436,0.650272,1,imagenet_c,defocus_blur,1,none
efficientnet_b4,ILSVRC2012_val_00026029.JPEG,n02814533,436,436,0.2425153,1,imagenet_c,defocus_blur,1,none
efficientnet_b4,ILSVRC2012_val_00027049.JPEG,n02814533,436,704,0.051776595,0,imagenet_c,defocus_blur,1,none
efficientnet_b4,ILSVRC2012_val_00027081.JPEG,n02814533,436,436,0.13022538,1,imagenet_c,defocus_blur,1,none
efficientnet_b4,ILSVRC2012_val_00029057.JPEG,n02814533,436,468,0.13434164,0,imagenet_c,defocus_blur,1,none
efficientnet_b4,ILSVRC2012_val_00029094.JPEG,n02814533,436,436,0.4883284,1,imagenet_c,defocus_blur,1,none
efficientnet_b4,ILSVRC2012_val_00030834.JPEG,n02814533,436,627,0.019230554,0,imagenet_c,defocus_blur,1,none
efficientnet_b4,ILSVRC2012_val_00031464.JPEG,n02814533,436,436,0.25626227,1,imagenet_c,defocus_blur,1,none
efficientnet_b4,ILSVRC2012_val_00031765.JPEG,n02814533,436,743,0.5184361,0,imagenet_c,defocus_blur,1,none
efficientnet_b4,ILSVRC2012_val_00031828.JPEG,n02814533,436,436,0.09358737,1,imagenet_c,defocus_blur,1,none
efficientnet_b4,ILSVRC2012_val_00031953.JPEG,n02814533,436,817,0.097866595,0,imagenet_c,defocus_blur,1,none
efficientnet_b4,ILSVRC2012_val_00037112.JPEG,n02814533,436,436,0.5358988,1,imagenet_c,defocus_blur,1,none
efficientnet_b4,ILSVRC2012_val_00037160.JPEG,n02814533,436,436,0.5166247,1,imagenet_c,defocus_blur,1,none
efficientnet_b4,ILSVRC2012_val_00038055.JPEG,n02814533,436,436,0.32942605,1,imagenet_c,defocus_blur,1,none
efficientnet_b4,ILSVRC2012_val_00038392.JPEG,n02814533,436,656,0.07475271,0,imagenet_c,defocus_blur,1,none
efficientnet_b4,ILSVRC2012_val_00040706.JPEG,n02814533,436,468,0.086039394,0,imagenet_c,defocus_blur,1,none
efficientnet_b4,ILSVRC2012_val_00041353.JPEG,n02814533,436,436,0.7897007,1,imagenet_c,defocus_blur,1,none
efficientnet_b4,ILSVRC2012_val_00041913.JPEG,n02814533,436,654,0.09796756,0,imagenet_c,defocus_blur,1,none
efficientnet_b4,ILSVRC2012_val_00041979.JPEG,n02814533,436,479,0.09072673,0,imagenet_c,defocus_blur,1,none
efficientnet_b4,ILSVRC2012_val_00042416.JPEG,n02814533,436,436,0.18417828,1,imagenet_c,defocus_blur,1,none
efficientnet_b4,ILSVRC2012_val_00042597.JPEG,n02814533,436,734,0.25595766,0,imagenet_c,defocus_blur,1,none
efficientnet_b4,ILSVRC2012_val_00043122.JPEG,n02814533,436,436,0.3418567,1,imagenet_c,defocus_blur,1,none
efficientnet_b4,ILSVRC2012_val_00044894.JPEG,n02814533,436,436,0.15691414,1,imagenet_c,defocus_blur,1,none
efficientnet_b4,ILSVRC2012_val_00047473.JPEG,n02814533,436,436,0.5753517,1,imagenet_c,defocus_blur,1,none
efficientnet_b4,ILSVRC2012_val_00048556.JPEG,n02814533,436,407,0.08520393,0,imagenet_c,defocus_blur,1,none
efficientnet_b4,ILSVRC2012_val_00000483.JPEG,n02814860,437,437,0.6570791,1,imagenet_c,defocus_blur,1,none
efficientnet_b4,ILSVRC2012_val_00000569.JPEG,n02814860,437,437,0.5618784,1,imagenet_c,defocus_blur,1,none
efficientnet_b4,ILSVRC2012_val_00001553.JPEG,n02814860,437,437,0.5547308,1,imagenet_c,defocus_blur,1,none
efficientnet_b4,ILSVRC2012_val_00001866.JPEG,n02814860,437,437,0.12883668,1,imagenet_c,defocus_blur,1,none
efficientnet_b4,ILSVRC2012_val_00002202.JPEG,n02814860,437,437,0.5475088,1,imagenet_c,defocus_blur,1,none
efficientnet_b4,ILSVRC2012_val_00002527.JPEG,n02814860,437,437,0.29877225,1,imagenet_c,defocus_blur,1,none
efficientnet_b4,ILSVRC2012_val_00005131.JPEG,n02814860,437,437,0.50826484,1,imagenet_c,defocus_blur,1,none
efficientnet_b4,ILSVRC2012_val_00005382.JPEG,n02814860,437,437,0.6351798,1,imagenet_c,defocus_blur,1,none
efficientnet_b4,ILSVRC2012_val_00006051.JPEG,n02814860,437,506,0.49831253,0,imagenet_c,defocus_blur,1,none
efficientnet_b4,ILSVRC2012_val_00006317.JPEG,n02814860,437,437,0.5631327,1,imagenet_c,defocus_blur,1,none
efficientnet_b4,ILSVRC2012_val_00007357.JPEG,n02814860,437,978,0.14337118,0,imagenet_c,defocus_blur,1,none
efficientnet_b4,ILSVRC2012_val_00007490.JPEG,n02814860,437,540,0.24057876,0,imagenet_c,defocus_blur,1,none
efficientnet_b4,ILSVRC2012_val_00007628.JPEG,n02814860,437,437,0.56500256,1,imagenet_c,defocus_blur,1,none
efficientnet_b4,ILSVRC2012_val_00009026.JPEG,n02814860,437,437,0.2421592,1,imagenet_c,defocus_blur,1,none
efficientnet_b4,ILSVRC2012_val_00009308.JPEG,n02814860,437,437,0.42773205,1,imagenet_c,defocus_blur,1,none
efficientnet_b4,ILSVRC2012_val_00009417.JPEG,n02814860,437,974,0.11217572,0,imagenet_c,defocus_blur,1,none
efficientnet_b4,ILSVRC2012_val_00009577.JPEG,n02814860,437,460,0.16624676,0,imagenet_c,defocus_blur,1,none
efficientnet_b4,ILSVRC2012_val_00011022.JPEG,n02814860,437,437,0.5524798,1,imagenet_c,defocus_blur,1,none
efficientnet_b4,ILSVRC2012_val_00013851.JPEG,n02814860,437,573,0.084017836,0,imagenet_c,defocus_blur,1,none
efficientnet_b4,ILSVRC2012_val_00016624.JPEG,n02814860,437,442,0.15082002,0,imagenet_c,defocus_blur,1,none
efficientnet_b4,ILSVRC2012_val_00016685.JPEG,n02814860,437,437,0.28921202,1,imagenet_c,defocus_blur,1,none
efficientnet_b4,ILSVRC2012_val_00020080.JPEG,n02814860,437,976,0.49812475,0,imagenet_c,defocus_blur,1,none
efficientnet_b4,ILSVRC2012_val_00022503.JPEG,n02814860,437,437,0.55003834,1,imagenet_c,defocus_blur,1,none
efficientnet_b4,ILSVRC2012_val_00024920.JPEG,n02814860,437,437,0.27549505,1,imagenet_c,defocus_blur,1,none
efficientnet_b4,ILSVRC2012_val_00025050.JPEG,n02814860,437,437,0.85280204,1,imagenet_c,defocus_blur,1,none
efficientnet_b4,ILSVRC2012_val_00026607.JPEG,n02814860,437,971,0.07121261,0,imagenet_c,defocus_blur,1,none
efficientnet_b4,ILSVRC2012_val_00028727.JPEG,n02814860,437,460,0.11149918,0,imagenet_c,defocus_blur,1,none
efficientnet_b4,ILSVRC2012_val_00029597.JPEG,n02814860,437,437,0.65855277,1,imagenet_c,defocus_blur,1,none
efficientnet_b4,ILSVRC2012_val_00034304.JPEG,n02814860,437,437,0.15745595,1,imagenet_c,defocus_blur,1,none
efficientnet_b4,ILSVRC2012_val_00034649.JPEG,n02814860,437,437,0.40171543,1,imagenet_c,defocus_blur,1,none
efficientnet_b4,ILSVRC2012_val_00034772.JPEG,n02814860,437,833,0.1254524,0,imagenet_c,defocus_blur,1,none
efficientnet_b4,ILSVRC2012_val_00035796.JPEG,n02814860,437,437,0.51245993,1,imagenet_c,defocus_blur,1,none
efficientnet_b4,ILSVRC2012_val_00035911.JPEG,n02814860,437,437,0.38524067,1,imagenet_c,defocus_blur,1,none
efficientnet_b4,ILSVRC2012_val_00036780.JPEG,n02814860,437,437,0.2028492,1,imagenet_c,defocus_blur,1,none
efficientnet_b4,ILSVRC2012_val_00036801.JPEG,n02814860,437,718,0.112341836,0,imagenet_c,defocus_blur,1,none
efficientnet_b4,ILSVRC2012_val_00037352.JPEG,n02814860,437,437,0.5110417,1,imagenet_c,defocus_blur,1,none
efficientnet_b4,ILSVRC2012_val_00040325.JPEG,n02814860,437,437,0.57315844,1,imagenet_c,defocus_blur,1,none
efficientnet_b4,ILSVRC2012_val_00040364.JPEG,n02814860,437,437,0.48420817,1,imagenet_c,defocus_blur,1,none
efficientnet_b4,ILSVRC2012_val_00040838.JPEG,n02814860,437,437,0.19218367,1,imagenet_c,defocus_blur,1,none
efficientnet_b4,ILSVRC2012_val_00041138.JPEG,n02814860,437,437,0.6204156,1,imagenet_c,defocus_blur,1,none
efficientnet_b4,ILSVRC2012_val_00042469.JPEG,n02814860,437,437,0.39625174,1,imagenet_c,defocus_blur,1,none
efficientnet_b4,ILSVRC2012_val_00042546.JPEG,n02814860,437,437,0.09887884,1,imagenet_c,defocus_blur,1,none
efficientnet_b4,ILSVRC2012_val_00044244.JPEG,n02814860,437,437,0.46590513,1,imagenet_c,defocus_blur,1,none
efficientnet_b4,ILSVRC2012_val_00045456.JPEG,n02814860,437,437,0.70124537,1,imagenet_c,defocus_blur,1,none
efficientnet_b4,ILSVRC2012_val_00046532.JPEG,n02814860,437,980,0.28378814,0,imagenet_c,defocus_blur,1,none
efficientnet_b4,ILSVRC2012_val_00047116.JPEG,n02814860,437,442,0.092131756,0,imagenet_c,defocus_blur,1,none
efficientnet_b4,ILSVRC2012_val_00047155.JPEG,n02814860,437,900,0.17710009,0,imagenet_c,defocus_blur,1,none
efficientnet_b4,ILSVRC2012_val_00047273.JPEG,n02814860,437,437,0.15429313,1,imagenet_c,defocus_blur,1,none
efficientnet_b4,ILSVRC2012_val_00049721.JPEG,n02814860,437,437,0.50942457,1,imagenet_c,defocus_blur,1,none
efficientnet_b4,ILSVRC2012_val_00049827.JPEG,n02814860,437,437,0.4426252,1,imagenet_c,defocus_blur,1,none
efficientnet_b4,ILSVRC2012_val_00000253.JPEG,n02815834,438,438,0.4189445,1,imagenet_c,defocus_blur,1,none
efficientnet_b4,ILSVRC2012_val_00001251.JPEG,n02815834,438,438,0.7356644,1,imagenet_c,defocus_blur,1,none
efficientnet_b4,ILSVRC2012_val_00001780.JPEG,n02815834,438,438,0.321446,1,imagenet_c,defocus_blur,1,none
efficientnet_b4,ILSVRC2012_val_00001912.JPEG,n02815834,438,647,0.49622756,0,imagenet_c,defocus_blur,1,none
efficientnet_b4,ILSVRC2012_val_00002035.JPEG,n02815834,438,969,0.09972682,0,imagenet_c,defocus_blur,1,none
efficientnet_b4,ILSVRC2012_val_00004061.JPEG,n02815834,438,438,0.5742922,1,imagenet_c,defocus_blur,1,none
efficientnet_b4,ILSVRC2012_val_00004972.JPEG,n02815834,438,438,0.64151454,1,imagenet_c,defocus_blur,1,none
efficientnet_b4,ILSVRC2012_val_00005508.JPEG,n02815834,438,659,0.28524846,0,imagenet_c,defocus_blur,1,none
efficientnet_b4,ILSVRC2012_val_00009575.JPEG,n02815834,438,618,0.17520107,0,imagenet_c,defocus_blur,1,none
efficientnet_b4,ILSVRC2012_val_00009678.JPEG,n02815834,438,860,0.05839504,0,imagenet_c,defocus_blur,1,none
efficientnet_b4,ILSVRC2012_val_00010486.JPEG,n02815834,438,438,0.27569753,1,imagenet_c,defocus_blur,1,none
efficientnet_b4,ILSVRC2012_val_00010595.JPEG,n02815834,438,438,0.4347229,1,imagenet_c,defocus_blur,1,none
efficientnet_b4,ILSVRC2012_val_00011248.JPEG,n02815834,438,907,0.10823615,0,imagenet_c,defocus_blur,1,none
efficientnet_b4,ILSVRC2012_val_00012570.JPEG,n02815834,438,505,0.11955237,0,imagenet_c,defocus_blur,1,none
efficientnet_b4,ILSVRC2012_val_00012908.JPEG,n02815834,438,722,0.38856813,0,imagenet_c,defocus_blur,1,none
efficientnet_b4,ILSVRC2012_val_00013020.JPEG,n02815834,438,438,0.72034115,1,imagenet_c,defocus_blur,1,none
efficientnet_b4,ILSVRC2012_val_00016965.JPEG,n02815834,438,438,0.64292264,1,imagenet_c,defocus_blur,1,none
efficientnet_b4,ILSVRC2012_val_00018493.JPEG,n02815834,438,438,0.6493272,1,imagenet_c,defocus_blur,1,none
efficientnet_b4,ILSVRC2012_val_00018885.JPEG,n02815834,438,438,0.7554488,1,imagenet_c,defocus_blur,1,none
efficientnet_b4,ILSVRC2012_val_00019648.JPEG,n02815834,438,441,0.27450556,0,imagenet_c,defocus_blur,1,none
efficientnet_b4,ILSVRC2012_val_00022163.JPEG,n02815834,438,438,0.7593811,1,imagenet_c,defocus_blur,1,none
efficientnet_b4,ILSVRC2012_val_00023499.JPEG,n02815834,438,438,0.5412996,1,imagenet_c,defocus_blur,1,none
efficientnet_b4,ILSVRC2012_val_00026649.JPEG,n02815834,438,438,0.2941076,1,imagenet_c,defocus_blur,1,none
efficientnet_b4,ILSVRC2012_val_00027061.JPEG,n02815834,438,967,0.19356667,0,imagenet_c,defocus_blur,1,none
efficientnet_b4,ILSVRC2012_val_00027232.JPEG,n02815834,438,722,0.7451317,0,imagenet_c,defocus_blur,1,none
efficientnet_b4,ILSVRC2012_val_00027345.JPEG,n02815834,438,438,0.55251265,1,imagenet_c,defocus_blur,1,none
efficientnet_b4,ILSVRC2012_val_00028516.JPEG,n02815834,438,683,0.11320177,0,imagenet_c,defocus_blur,1,none
efficientnet_b4,ILSVRC2012_val_00028875.JPEG,n02815834,438,534,0.037501123,0,imagenet_c,defocus_blur,1,none
efficientnet_b4,ILSVRC2012_val_00031359.JPEG,n02815834,438,438,0.37216508,1,imagenet_c,defocus_blur,1,none
efficientnet_b4,ILSVRC2012_val_00032560.JPEG,n02815834,438,845,0.14931947,0,imagenet_c,defocus_blur,1,none
efficientnet_b4,ILSVRC2012_val_00033071.JPEG,n02815834,438,438,0.26698488,1,imagenet_c,defocus_blur,1,none
efficientnet_b4,ILSVRC2012_val_00034097.JPEG,n02815834,438,438,0.77251476,1,imagenet_c,defocus_blur,1,none
efficientnet_b4,ILSVRC2012_val_00034634.JPEG,n02815834,438,438,0.72441787,1,imagenet_c,defocus_blur,1,none
efficientnet_b4,ILSVRC2012_val_00035757.JPEG,n02815834,438,733,0.26064354,0,imagenet_c,defocus_blur,1,none
efficientnet_b4,ILSVRC2012_val_00036779.JPEG,n02815834,438,418,0.048188034,0,imagenet_c,defocus_blur,1,none
efficientnet_b4,ILSVRC2012_val_00036789.JPEG,n02815834,438,438,0.22825529,1,imagenet_c,defocus_blur,1,none
efficientnet_b4,ILSVRC2012_val_00037928.JPEG,n02815834,438,438,0.5248288,1,imagenet_c,defocus_blur,1,none
efficientnet_b4,ILSVRC2012_val_00039087.JPEG,n02815834,438,813,0.092775956,0,imagenet_c,defocus_blur,1,none
efficientnet_b4,ILSVRC2012_val_00040722.JPEG,n02815834,438,438,0.1462655,1,imagenet_c,defocus_blur,1,none
efficientnet_b4,ILSVRC2012_val_00040770.JPEG,n02815834,438,438,0.19825184,1,imagenet_c,defocus_blur,1,none
efficientnet_b4,ILSVRC2012_val_00040812.JPEG,n02815834,438,927,0.09968531,0,imagenet_c,defocus_blur,1,none
efficientnet_b4,ILSVRC2012_val_00041737.JPEG,n02815834,438,648,0.17805919,0,imagenet_c,defocus_blur,1,none
efficientnet_b4,ILSVRC2012_val_00042819.JPEG,n02815834,438,728,0.10038369,0,imagenet_c,defocus_blur,1,none
efficientnet_b4,ILSVRC2012_val_00043910.JPEG,n02815834,438,722,0.08158382,0,imagenet_c,defocus_blur,1,none
efficientnet_b4,ILSVRC2012_val_00043930.JPEG,n02815834,438,438,0.7475639,1,imagenet_c,defocus_blur,1,none
efficientnet_b4,ILSVRC2012_val_00044110.JPEG,n02815834,438,438,0.6486185,1,imagenet_c,defocus_blur,1,none
efficientnet_b4,ILSVRC2012_val_00044516.JPEG,n02815834,438,438,0.56014746,1,imagenet_c,defocus_blur,1,none
efficientnet_b4,ILSVRC2012_val_00046614.JPEG,n02815834,438,720,0.49429747,0,imagenet_c,defocus_blur,1,none
efficientnet_b4,ILSVRC2012_val_00049489.JPEG,n02815834,438,438,0.67971325,1,imagenet_c,defocus_blur,1,none
efficientnet_b4,ILSVRC2012_val_00049623.JPEG,n02815834,438,818,0.1353336,0,imagenet_c,defocus_blur,1,none
efficientnet_b4,ILSVRC2012_val_00001048.JPEG,n02817516,439,439,0.69455415,1,imagenet_c,defocus_blur,1,none
efficientnet_b4,ILSVRC2012_val_00003146.JPEG,n02817516,439,439,0.64974064,1,imagenet_c,defocus_blur,1,none
efficientnet_b4,ILSVRC2012_val_00004149.JPEG,n02817516,439,439,0.6725627,1,imagenet_c,defocus_blur,1,none
efficientnet_b4,ILSVRC2012_val_00004556.JPEG,n02817516,439,439,0.54587555,1,imagenet_c,defocus_blur,1,none
efficientnet_b4,ILSVRC2012_val_00007414.JPEG,n02817516,439,439,0.70999616,1,imagenet_c,defocus_blur,1,none
efficientnet_b4,ILSVRC2012_val_00007465.JPEG,n02817516,439,439,0.38438466,1,imagenet_c,defocus_blur,1,none
efficientnet_b4,ILSVRC2012_val_00008438.JPEG,n02817516,439,439,0.74589294,1,imagenet_c,defocus_blur,1,none
efficientnet_b4,ILSVRC2012_val_00011026.JPEG,n02817516,439,439,0.18138729,1,imagenet_c,defocus_blur,1,none
efficientnet_b4,ILSVRC2012_val_00011116.JPEG,n02817516,439,439,0.7252072,1,imagenet_c,defocus_blur,1,none
efficientnet_b4,ILSVRC2012_val_00011747.JPEG,n02817516,439,439,0.61893535,1,imagenet_c,defocus_blur,1,none
efficientnet_b4,ILSVRC2012_val_00012627.JPEG,n02817516,439,439,0.6134614,1,imagenet_c,defocus_blur,1,none
efficientnet_b4,ILSVRC2012_val_00014696.JPEG,n02817516,439,439,0.7312541,1,imagenet_c,defocus_blur,1,none
efficientnet_b4,ILSVRC2012_val_00015429.JPEG,n02817516,439,439,0.4896229,1,imagenet_c,defocus_blur,1,none
efficientnet_b4,ILSVRC2012_val_00015849.JPEG,n02817516,439,439,0.62830216,1,imagenet_c,defocus_blur,1,none
efficientnet_b4,ILSVRC2012_val_00016063.JPEG,n02817516,439,439,0.81858516,1,imagenet_c,defocus_blur,1,none
efficientnet_b4,ILSVRC2012_val_00018051.JPEG,n02817516,439,439,0.5381421,1,imagenet_c,defocus_blur,1,none
efficientnet_b4,ILSVRC2012_val_00018484.JPEG,n02817516,439,439,0.7709744,1,imagenet_c,defocus_blur,1,none
efficientnet_b4,ILSVRC2012_val_00018601.JPEG,n02817516,439,698,0.1258216,0,imagenet_c,defocus_blur,1,none
efficientnet_b4,ILSVRC2012_val_00018607.JPEG,n02817516,439,682,0.14940782,0,imagenet_c,defocus_blur,1,none
efficientnet_b4,ILSVRC2012_val_00020493.JPEG,n02817516,439,439,0.6264003,1,imagenet_c,defocus_blur,1,none
efficientnet_b4,ILSVRC2012_val_00022445.JPEG,n02817516,439,439,0.48744404,1,imagenet_c,defocus_blur,1,none
efficientnet_b4,ILSVRC2012_val_00024828.JPEG,n02817516,439,439,0.75738174,1,imagenet_c,defocus_blur,1,none
efficientnet_b4,ILSVRC2012_val_00025841.JPEG,n02817516,439,439,0.72811085,1,imagenet_c,defocus_blur,1,none
efficientnet_b4,ILSVRC2012_val_00026628.JPEG,n02817516,439,873,0.0967421,0,imagenet_c,defocus_blur,1,none
efficientnet_b4,ILSVRC2012_val_00027214.JPEG,n02817516,439,439,0.5904386,1,imagenet_c,defocus_blur,1,none
efficientnet_b4,ILSVRC2012_val_00027247.JPEG,n02817516,439,439,0.51552874,1,imagenet_c,defocus_blur,1,none
efficientnet_b4,ILSVRC2012_val_00027600.JPEG,n02817516,439,439,0.6527701,1,imagenet_c,defocus_blur,1,none
efficientnet_b4,ILSVRC2012_val_00027704.JPEG,n02817516,439,439,0.8515959,1,imagenet_c,defocus_blur,1,none
efficientnet_b4,ILSVRC2012_val_00028104.JPEG,n02817516,439,439,0.29216722,1,imagenet_c,defocus_blur,1,none
efficientnet_b4,ILSVRC2012_val_00029368.JPEG,n02817516,439,439,0.7684679,1,imagenet_c,defocus_blur,1,none
efficientnet_b4,ILSVRC2012_val_00029446.JPEG,n02817516,439,541,0.21093845,0,imagenet_c,defocus_blur,1,none
efficientnet_b4,ILSVRC2012_val_00029628.JPEG,n02817516,439,439,0.6421369,1,imagenet_c,defocus_blur,1,none
efficientnet_b4,ILSVRC2012_val_00029676.JPEG,n02817516,439,439,0.6635301,1,imagenet_c,defocus_blur,1,none
efficientnet_b4,ILSVRC2012_val_00029701.JPEG,n02817516,439,439,0.5066464,1,imagenet_c,defocus_blur,1,none
efficientnet_b4,ILSVRC2012_val_00029927.JPEG,n02817516,439,439,0.6512814,1,imagenet_c,defocus_blur,1,none
efficientnet_b4,ILSVRC2012_val_00030452.JPEG,n02817516,439,439,0.5128043,1,imagenet_c,defocus_blur,1,none
efficientnet_b4,ILSVRC2012_val_00031320.JPEG,n02817516,439,439,0.6127553,1,imagenet_c,defocus_blur,1,none
efficientnet_b4,ILSVRC2012_val_00031539.JPEG,n02817516,439,439,0.569958,1,imagenet_c,defocus_blur,1,none
efficientnet_b4,ILSVRC2012_val_00034490.JPEG,n02817516,439,439,0.71646804,1,imagenet_c,defocus_blur,1,none
efficientnet_b4,ILSVRC2012_val_00034694.JPEG,n02817516,439,439,0.70227796,1,imagenet_c,defocus_blur,1,none
efficientnet_b4,ILSVRC2012_val_00035801.JPEG,n02817516,439,439,0.6661416,1,imagenet_c,defocus_blur,1,none
efficientnet_b4,ILSVRC2012_val_00037448.JPEG,n02817516,439,439,0.6634021,1,imagenet_c,defocus_blur,1,none
efficientnet_b4,ILSVRC2012_val_00037992.JPEG,n02817516,439,513,0.059844,0,imagenet_c,defocus_blur,1,none
efficientnet_b4,ILSVRC2012_val_00040349.JPEG,n02817516,439,439,0.67854416,1,imagenet_c,defocus_blur,1,none
efficientnet_b4,ILSVRC2012_val_00040717.JPEG,n02817516,439,439,0.65384185,1,imagenet_c,defocus_blur,1,none
efficientnet_b4,ILSVRC2012_val_00040949.JPEG,n02817516,439,971,0.059706822,0,imagenet_c,defocus_blur,1,none
efficientnet_b4,ILSVRC2012_val_00041077.JPEG,n02817516,439,439,0.7038029,1,imagenet_c,defocus_blur,1,none
efficientnet_b4,ILSVRC2012_val_00047531.JPEG,n02817516,439,439,0.6343586,1,imagenet_c,defocus_blur,1,none
efficientnet_b4,ILSVRC2012_val_00049228.JPEG,n02817516,439,439,0.68777025,1,imagenet_c,defocus_blur,1,none
efficientnet_b4,ILSVRC2012_val_00049882.JPEG,n02817516,439,439,0.58802444,1,imagenet_c,defocus_blur,1,none
efficientnet_b4,ILSVRC2012_val_00000654.JPEG,n02823428,440,440,0.31658444,1,imagenet_c,defocus_blur,1,none
efficientnet_b4,ILSVRC2012_val_00002968.JPEG,n02823428,440,781,0.12364073,0,imagenet_c,defocus_blur,1,none
efficientnet_b4,ILSVRC2012_val_00003622.JPEG,n02823428,440,440,0.10847098,1,imagenet_c,defocus_blur,1,none
efficientnet_b4,ILSVRC2012_val_00004371.JPEG,n02823428,440,744,0.4558711,0,imagenet_c,defocus_blur,1,none
efficientnet_b4,ILSVRC2012_val_00004521.JPEG,n02823428,440,440,0.31397536,1,imagenet_c,defocus_blur,1,none
efficientnet_b4,ILSVRC2012_val_00004888.JPEG,n02823428,440,440,0.5414138,1,imagenet_c,defocus_blur,1,none
efficientnet_b4,ILSVRC2012_val_00006248.JPEG,n02823428,440,455,0.13205373,0,imagenet_c,defocus_blur,1,none
efficientnet_b4,ILSVRC2012_val_00007680.JPEG,n02823428,440,440,0.22875677,1,imagenet_c,defocus_blur,1,none
efficientnet_b4,ILSVRC2012_val_00008121.JPEG,n02823428,440,440,0.33499798,1,imagenet_c,defocus_blur,1,none
efficientnet_b4,ILSVRC2012_val_00008232.JPEG,n02823428,440,440,0.75752205,1,imagenet_c,defocus_blur,1,none
efficientnet_b4,ILSVRC2012_val_00009225.JPEG,n02823428,440,440,0.28154397,1,imagenet_c,defocus_blur,1,none
efficientnet_b4,ILSVRC2012_val_00009260.JPEG,n02823428,440,440,0.4214034,1,imagenet_c,defocus_blur,1,none
efficientnet_b4,ILSVRC2012_val_00011437.JPEG,n02823428,440,440,0.44623616,1,imagenet_c,defocus_blur,1,none
efficientnet_b4,ILSVRC2012_val_00011823.JPEG,n02823428,440,440,0.294596,1,imagenet_c,defocus_blur,1,none
efficientnet_b4,ILSVRC2012_val_00012256.JPEG,n02823428,440,737,0.19445604,0,imagenet_c,defocus_blur,1,none
efficientnet_b4,ILSVRC2012_val_00012286.JPEG,n02823428,440,760,0.5410282,0,imagenet_c,defocus_blur,1,none
efficientnet_b4,ILSVRC2012_val_00012544.JPEG,n02823428,440,582,0.61971414,0,imagenet_c,defocus_blur,1,none
efficientnet_b4,ILSVRC2012_val_00013807.JPEG,n02823428,440,440,0.5886346,1,imagenet_c,defocus_blur,1,none
efficientnet_b4,ILSVRC2012_val_00014412.JPEG,n02823428,440,740,0.066779815,0,imagenet_c,defocus_blur,1,none
efficientnet_b4,ILSVRC2012_val_00016065.JPEG,n02823428,440,440,0.44928697,1,imagenet_c,defocus_blur,1,none
efficientnet_b4,ILSVRC2012_val_00020345.JPEG,n02823428,440,440,0.43594477,1,imagenet_c,defocus_blur,1,none
efficientnet_b4,ILSVRC2012_val_00022396.JPEG,n02823428,440,440,0.19734628,1,imagenet_c,defocus_blur,1,none
efficientnet_b4,ILSVRC2012_val_00022783.JPEG,n02823428,440,440,0.6188924,1,imagenet_c,defocus_blur,1,none
efficientnet_b4,ILSVRC2012_val_00025387.JPEG,n02823428,440,720,0.31916904,0,imagenet_c,defocus_blur,1,none
efficientnet_b4,ILSVRC2012_val_00031030.JPEG,n02823428,440,440,0.61726755,1,imagenet_c,defocus_blur,1,none
efficientnet_b4,ILSVRC2012_val_00031328.JPEG,n02823428,440,440,0.56240845,1,imagenet_c,defocus_blur,1,none
efficientnet_b4,ILSVRC2012_val_00031840.JPEG,n02823428,440,440,0.46946383,1,imagenet_c,defocus_blur,1,none
efficientnet_b4,ILSVRC2012_val_00031867.JPEG,n02823428,440,444,0.10055393,0,imagenet_c,defocus_blur,1,none
efficientnet_b4,ILSVRC2012_val_00032799.JPEG,n02823428,440,969,0.12999868,0,imagenet_c,defocus_blur,1,none
efficientnet_b4,ILSVRC2012_val_00032921.JPEG,n02823428,440,784,0.28389412,0,imagenet_c,defocus_blur,1,none
efficientnet_b4,ILSVRC2012_val_00033822.JPEG,n02823428,440,907,0.06999191,0,imagenet_c,defocus_blur,1,none
efficientnet_b4,ILSVRC2012_val_00034979.JPEG,n02823428,440,440,0.5163933,1,imagenet_c,defocus_blur,1,none
efficientnet_b4,ILSVRC2012_val_00035259.JPEG,n02823428,440,440,0.1872023,1,imagenet_c,defocus_blur,1,none
efficientnet_b4,ILSVRC2012_val_00035507.JPEG,n02823428,440,440,0.6592678,1,imagenet_c,defocus_blur,1,none
efficientnet_b4,ILSVRC2012_val_00035754.JPEG,n02823428,440,440,0.45405263,1,imagenet_c,defocus_blur,1,none
efficientnet_b4,ILSVRC2012_val_00036083.JPEG,n02823428,440,440,0.6254816,1,imagenet_c,defocus_blur,1,none
efficientnet_b4,ILSVRC2012_val_00036359.JPEG,n02823428,440,440,0.5695748,1,imagenet_c,defocus_blur,1,none
efficientnet_b4,ILSVRC2012_val_00037635.JPEG,n02823428,440,440,0.4171324,1,imagenet_c,defocus_blur,1,none
efficientnet_b4,ILSVRC2012_val_00038570.JPEG,n02823428,440,440,0.5733835,1,imagenet_c,defocus_blur,1,none
efficientnet_b4,ILSVRC2012_val_00039194.JPEG,n02823428,440,440,0.55214316,1,imagenet_c,defocus_blur,1,none
efficientnet_b4,ILSVRC2012_val_00039338.JPEG,n02823428,440,440,0.34169805,1,imagenet_c,defocus_blur,1,none
efficientnet_b4,ILSVRC2012_val_00039340.JPEG,n02823428,440,440,0.28105283,1,imagenet_c,defocus_blur,1,none
efficientnet_b4,ILSVRC2012_val_00040545.JPEG,n02823428,440,440,0.5043703,1,imagenet_c,defocus_blur,1,none
efficientnet_b4,ILSVRC2012_val_00042147.JPEG,n02823428,440,440,0.4792527,1,imagenet_c,defocus_blur,1,none
efficientnet_b4,ILSVRC2012_val_00044326.JPEG,n02823428,440,440,0.4593604,1,imagenet_c,defocus_blur,1,none
efficientnet_b4,ILSVRC2012_val_00044428.JPEG,n02823428,440,441,0.25728977,0,imagenet_c,defocus_blur,1,none
efficientnet_b4,ILSVRC2012_val_00044787.JPEG,n02823428,440,510,0.0270908,0,imagenet_c,defocus_blur,1,none
efficientnet_b4,ILSVRC2012_val_00045371.JPEG,n02823428,440,440,0.27524853,1,imagenet_c,defocus_blur,1,none
efficientnet_b4,ILSVRC2012_val_00046968.JPEG,n02823428,440,440,0.44285503,1,imagenet_c,defocus_blur,1,none
efficientnet_b4,ILSVRC2012_val_00049690.JPEG,n02823428,440,783,0.1171217,0,imagenet_c,defocus_blur,1,none
efficientnet_b4,ILSVRC2012_val_00003782.JPEG,n02823750,441,967,0.40736043,0,imagenet_c,defocus_blur,1,none
efficientnet_b4,ILSVRC2012_val_00003994.JPEG,n02823750,441,440,0.29635727,0,imagenet_c,defocus_blur,1,none
efficientnet_b4,ILSVRC2012_val_00005229.JPEG,n02823750,441,441,0.27866185,1,imagenet_c,defocus_blur,1,none
efficientnet_b4,ILSVRC2012_val_00005859.JPEG,n02823750,441,441,0.5815773,1,imagenet_c,defocus_blur,1,none
efficientnet_b4,ILSVRC2012_val_00006552.JPEG,n02823750,441,441,0.59666276,1,imagenet_c,defocus_blur,1,none
efficientnet_b4,ILSVRC2012_val_00007022.JPEG,n02823750,441,441,0.38804168,1,imagenet_c,defocus_blur,1,none
efficientnet_b4,ILSVRC2012_val_00007874.JPEG,n02823750,441,441,0.3108186,1,imagenet_c,defocus_blur,1,none
efficientnet_b4,ILSVRC2012_val_00009049.JPEG,n02823750,441,441,0.5912895,1,imagenet_c,defocus_blur,1,none
efficientnet_b4,ILSVRC2012_val_00009391.JPEG,n02823750,441,441,0.36392525,1,imagenet_c,defocus_blur,1,none
efficientnet_b4,ILSVRC2012_val_00010130.JPEG,n02823750,441,441,0.4382136,1,imagenet_c,defocus_blur,1,none
efficientnet_b4,ILSVRC2012_val_00010158.JPEG,n02823750,441,441,0.49334997,1,imagenet_c,defocus_blur,1,none
efficientnet_b4,ILSVRC2012_val_00010416.JPEG,n02823750,441,696,0.6013488,0,imagenet_c,defocus_blur,1,none
efficientnet_b4,ILSVRC2012_val_00011370.JPEG,n02823750,441,441,0.35702115,1,imagenet_c,defocus_blur,1,none
efficientnet_b4,ILSVRC2012_val_00011658.JPEG,n02823750,441,441,0.12854792,1,imagenet_c,defocus_blur,1,none
efficientnet_b4,ILSVRC2012_val_00012933.JPEG,n02823750,441,441,0.40994743,1,imagenet_c,defocus_blur,1,none
efficientnet_b4,ILSVRC2012_val_00013188.JPEG,n02823750,441,441,0.16346811,1,imagenet_c,defocus_blur,1,none
efficientnet_b4,ILSVRC2012_val_00013431.JPEG,n02823750,441,470,0.1886434,0,imagenet_c,defocus_blur,1,none
efficientnet_b4,ILSVRC2012_val_00013745.JPEG,n02823750,441,504,0.1333825,0,imagenet_c,defocus_blur,1,none
efficientnet_b4,ILSVRC2012_val_00013765.JPEG,n02823750,441,967,0.35798395,0,imagenet_c,defocus_blur,1,none
efficientnet_b4,ILSVRC2012_val_00014301.JPEG,n02823750,441,441,0.6112731,1,imagenet_c,defocus_blur,1,none
efficientnet_b4,ILSVRC2012_val_00014305.JPEG,n02823750,441,440,0.3632614,0,imagenet_c,defocus_blur,1,none
efficientnet_b4,ILSVRC2012_val_00014945.JPEG,n02823750,441,440,0.2785639,0,imagenet_c,defocus_blur,1,none
efficientnet_b4,ILSVRC2012_val_00016435.JPEG,n02823750,441,969,0.20162691,0,imagenet_c,defocus_blur,1,none
efficientnet_b4,ILSVRC2012_val_00018356.JPEG,n02823750,441,441,0.38739336,1,imagenet_c,defocus_blur,1,none
efficientnet_b4,ILSVRC2012_val_00018397.JPEG,n02823750,441,967,0.14398578,0,imagenet_c,defocus_blur,1,none
efficientnet_b4,ILSVRC2012_val_00019477.JPEG,n02823750,441,441,0.25405082,1,imagenet_c,defocus_blur,1,none
efficientnet_b4,ILSVRC2012_val_00019580.JPEG,n02823750,441,441,0.44385484,1,imagenet_c,defocus_blur,1,none
efficientnet_b4,ILSVRC2012_val_00020646.JPEG,n02823750,441,720,0.13243376,0,imagenet_c,defocus_blur,1,none
efficientnet_b4,ILSVRC2012_val_00020685.JPEG,n02823750,441,441,0.26116654,1,imagenet_c,defocus_blur,1,none
efficientnet_b4,ILSVRC2012_val_00021427.JPEG,n02823750,441,969,0.2154153,0,imagenet_c,defocus_blur,1,none
efficientnet_b4,ILSVRC2012_val_00026110.JPEG,n02823750,441,441,0.2656557,1,imagenet_c,defocus_blur,1,none
efficientnet_b4,ILSVRC2012_val_00027329.JPEG,n02823750,441,440,0.46429494,0,imagenet_c,defocus_blur,1,none
efficientnet_b4,ILSVRC2012_val_00027981.JPEG,n02823750,441,907,0.178,0,imagenet_c,defocus_blur,1,none
efficientnet_b4,ILSVRC2012_val_00032422.JPEG,n02823750,441,441,0.31098807,1,imagenet_c,defocus_blur,1,none
efficientnet_b4,ILSVRC2012_val_00033999.JPEG,n02823750,441,441,0.6262633,1,imagenet_c,defocus_blur,1,none
efficientnet_b4,ILSVRC2012_val_00034202.JPEG,n02823750,441,441,0.050014205,1,imagenet_c,defocus_blur,1,none
efficientnet_b4,ILSVRC2012_val_00036113.JPEG,n02823750,441,441,0.4109671,1,imagenet_c,defocus_blur,1,none
efficientnet_b4,ILSVRC2012_val_00037085.JPEG,n02823750,441,415,0.04182315,0,imagenet_c,defocus_blur,1,none
efficientnet_b4,ILSVRC2012_val_00037183.JPEG,n02823750,441,441,0.55947465,1,imagenet_c,defocus_blur,1,none
efficientnet_b4,ILSVRC2012_val_00037744.JPEG,n02823750,441,441,0.43754694,1,imagenet_c,defocus_blur,1,none
efficientnet_b4,ILSVRC2012_val_00039742.JPEG,n02823750,441,441,0.67284,1,imagenet_c,defocus_blur,1,none
efficientnet_b4,ILSVRC2012_val_00041752.JPEG,n02823750,441,441,0.5444517,1,imagenet_c,defocus_blur,1,none
efficientnet_b4,ILSVRC2012_val_00041934.JPEG,n02823750,441,416,0.076340735,0,imagenet_c,defocus_blur,1,none
efficientnet_b4,ILSVRC2012_val_00042562.JPEG,n02823750,441,440,0.3409371,0,imagenet_c,defocus_blur,1,none
efficientnet_b4,ILSVRC2012_val_00042994.JPEG,n02823750,441,737,0.45986208,0,imagenet_c,defocus_blur,1,none
efficientnet_b4,ILSVRC2012_val_00045499.JPEG,n02823750,441,441,0.4176899,1,imagenet_c,defocus_blur,1,none
efficientnet_b4,ILSVRC2012_val_00046210.JPEG,n02823750,441,441,0.4026305,1,imagenet_c,defocus_blur,1,none
efficientnet_b4,ILSVRC2012_val_00046967.JPEG,n02823750,441,441,0.6740274,1,imagenet_c,defocus_blur,1,none
efficientnet_b4,ILSVRC2012_val_00047162.JPEG,n02823750,441,441,0.47480473,1,imagenet_c,defocus_blur,1,none
efficientnet_b4,ILSVRC2012_val_00047477.JPEG,n02823750,441,441,0.3165017,1,imagenet_c,defocus_blur,1,none
efficientnet_b4,ILSVRC2012_val_00001103.JPEG,n02825657,442,442,0.23568597,1,imagenet_c,defocus_blur,1,none
efficientnet_b4,ILSVRC2012_val_00002219.JPEG,n02825657,442,442,0.7022572,1,imagenet_c,defocus_blur,1,none
efficientnet_b4,ILSVRC2012_val_00002587.JPEG,n02825657,442,442,0.36224106,1,imagenet_c,defocus_blur,1,none
efficientnet_b4,ILSVRC2012_val_00003777.JPEG,n02825657,442,409,0.25409794,0,imagenet_c,defocus_blur,1,none
efficientnet_b4,ILSVRC2012_val_00004291.JPEG,n02825657,442,442,0.29054812,1,imagenet_c,defocus_blur,1,none
efficientnet_b4,ILSVRC2012_val_00004299.JPEG,n02825657,442,442,0.6032746,1,imagenet_c,defocus_blur,1,none
efficientnet_b4,ILSVRC2012_val_00004426.JPEG,n02825657,442,442,0.38246074,1,imagenet_c,defocus_blur,1,none
efficientnet_b4,ILSVRC2012_val_00004562.JPEG,n02825657,442,442,0.6986077,1,imagenet_c,defocus_blur,1,none
efficientnet_b4,ILSVRC2012_val_00004824.JPEG,n02825657,442,494,0.32306352,0,imagenet_c,defocus_blur,1,none
efficientnet_b4,ILSVRC2012_val_00006128.JPEG,n02825657,442,682,0.034967963,0,imagenet_c,defocus_blur,1,none
efficientnet_b4,ILSVRC2012_val_00006205.JPEG,n02825657,442,663,0.5658053,0,imagenet_c,defocus_blur,1,none
efficientnet_b4,ILSVRC2012_val_00007587.JPEG,n02825657,442,442,0.30495152,1,imagenet_c,defocus_blur,1,none
efficientnet_b4,ILSVRC2012_val_00008361.JPEG,n02825657,442,442,0.60172313,1,imagenet_c,defocus_blur,1,none
efficientnet_b4,ILSVRC2012_val_00008667.JPEG,n02825657,442,442,0.17579386,1,imagenet_c,defocus_blur,1,none
efficientnet_b4,ILSVRC2012_val_00012767.JPEG,n02825657,442,442,0.12020644,1,imagenet_c,defocus_blur,1,none
efficientnet_b4,ILSVRC2012_val_00015150.JPEG,n02825657,442,442,0.3600549,1,imagenet_c,defocus_blur,1,none
efficientnet_b4,ILSVRC2012_val_00015948.JPEG,n02825657,442,442,0.55093294,1,imagenet_c,defocus_blur,1,none
efficientnet_b4,ILSVRC2012_val_00016504.JPEG,n02825657,442,663,0.13959895,0,imagenet_c,defocus_blur,1,none
efficientnet_b4,ILSVRC2012_val_00016714.JPEG,n02825657,442,442,0.08858035,1,imagenet_c,defocus_blur,1,none
efficientnet_b4,ILSVRC2012_val_00018146.JPEG,n02825657,442,442,0.45273226,1,imagenet_c,defocus_blur,1,none
efficientnet_b4,ILSVRC2012_val_00018151.JPEG,n02825657,442,497,0.073109075,0,imagenet_c,defocus_blur,1,none
efficientnet_b4,ILSVRC2012_val_00018459.JPEG,n02825657,442,442,0.017828237,1,imagenet_c,defocus_blur,1,none
efficientnet_b4,ILSVRC2012_val_00019598.JPEG,n02825657,442,442,0.25045162,1,imagenet_c,defocus_blur,1,none
efficientnet_b4,ILSVRC2012_val_00022959.JPEG,n02825657,442,442,0.3359699,1,imagenet_c,defocus_blur,1,none
efficientnet_b4,ILSVRC2012_val_00025366.JPEG,n02825657,442,442,0.34114632,1,imagenet_c,defocus_blur,1,none
efficientnet_b4,ILSVRC2012_val_00027229.JPEG,n02825657,442,442,0.42419827,1,imagenet_c,defocus_blur,1,none
efficientnet_b4,ILSVRC2012_val_00028499.JPEG,n02825657,442,442,0.45847246,1,imagenet_c,defocus_blur,1,none
efficientnet_b4,ILSVRC2012_val_00028704.JPEG,n02825657,442,442,0.60978955,1,imagenet_c,defocus_blur,1,none
efficientnet_b4,ILSVRC2012_val_00029105.JPEG,n02825657,442,442,0.115624264,1,imagenet_c,defocus_blur,1,none
efficientnet_b4,ILSVRC2012_val_00029682.JPEG,n02825657,442,442,0.10662577,1,imagenet_c,defocus_blur,1,none
efficientnet_b4,ILSVRC2012_val_00031082.JPEG,n02825657,442,442,0.672996,1,imagenet_c,defocus_blur,1,none
efficientnet_b4,ILSVRC2012_val_00031338.JPEG,n02825657,442,442,0.58170414,1,imagenet_c,defocus_blur,1,none
efficientnet_b4,ILSVRC2012_val_00032065.JPEG,n02825657,442,442,0.80435115,1,imagenet_c,defocus_blur,1,none
efficientnet_b4,ILSVRC2012_val_00033061.JPEG,n02825657,442,442,0.2586311,1,imagenet_c,defocus_blur,1,none
efficientnet_b4,ILSVRC2012_val_00035724.JPEG,n02825657,442,442,0.48088628,1,imagenet_c,defocus_blur,1,none
efficientnet_b4,ILSVRC2012_val_00036386.JPEG,n02825657,442,663,0.0826779,0,imagenet_c,defocus_blur,1,none
efficientnet_b4,ILSVRC2012_val_00036774.JPEG,n02825657,442,663,0.22387274,0,imagenet_c,defocus_blur,1,none
efficientnet_b4,ILSVRC2012_val_00037196.JPEG,n02825657,442,442,0.16520888,1,imagenet_c,defocus_blur,1,none
efficientnet_b4,ILSVRC2012_val_00037444.JPEG,n02825657,442,442,0.57958364,1,imagenet_c,defocus_blur,1,none
efficientnet_b4,ILSVRC2012_val_00038394.JPEG,n02825657,442,663,0.26016352,0,imagenet_c,defocus_blur,1,none
efficientnet_b4,ILSVRC2012_val_00038666.JPEG,n02825657,442,442,0.43480298,1,imagenet_c,defocus_blur,1,none
efficientnet_b4,ILSVRC2012_val_00041723.JPEG,n02825657,442,442,0.20916,1,imagenet_c,defocus_blur,1,none
efficientnet_b4,ILSVRC2012_val_00043053.JPEG,n02825657,442,442,0.38456506,1,imagenet_c,defocus_blur,1,none
efficientnet_b4,ILSVRC2012_val_00044141.JPEG,n02825657,442,663,0.52441865,0,imagenet_c,defocus_blur,1,none
efficientnet_b4,ILSVRC2012_val_00046779.JPEG,n02825657,442,704,0.023181874,0,imagenet_c,defocus_blur,1,none
efficientnet_b4,ILSVRC2012_val_00047291.JPEG,n02825657,442,442,0.2638583,1,imagenet_c,defocus_blur,1,none
efficientnet_b4,ILSVRC2012_val_00048037.JPEG,n02825657,442,442,0.6434897,1,imagenet_c,defocus_blur,1,none
efficientnet_b4,ILSVRC2012_val_00048199.JPEG,n02825657,442,832,0.15128973,0,imagenet_c,defocus_blur,1,none
efficientnet_b4,ILSVRC2012_val_00049548.JPEG,n02825657,442,442,0.46499607,1,imagenet_c,defocus_blur,1,none
efficientnet_b4,ILSVRC2012_val_00049692.JPEG,n02825657,442,442,0.56234425,1,imagenet_c,defocus_blur,1,none
efficientnet_b4,ILSVRC2012_val_00001252.JPEG,n02834397,443,443,0.4647283,1,imagenet_c,defocus_blur,1,none
efficientnet_b4,ILSVRC2012_val_00002482.JPEG,n02834397,443,728,0.16672058,0,imagenet_c,defocus_blur,1,none
efficientnet_b4,ILSVRC2012_val_00003034.JPEG,n02834397,443,443,0.28423408,1,imagenet_c,defocus_blur,1,none
efficientnet_b4,ILSVRC2012_val_00003192.JPEG,n02834397,443,641,0.1648337,0,imagenet_c,defocus_blur,1,none
efficientnet_b4,ILSVRC2012_val_00005477.JPEG,n02834397,443,804,0.07760415,0,imagenet_c,defocus_blur,1,none
efficientnet_b4,ILSVRC2012_val_00005643.JPEG,n02834397,443,529,0.73612976,0,imagenet_c,defocus_blur,1,none
efficientnet_b4,ILSVRC2012_val_00006441.JPEG,n02834397,443,443,0.20184469,1,imagenet_c,defocus_blur,1,none
efficientnet_b4,ILSVRC2012_val_00007112.JPEG,n02834397,443,443,0.66635716,1,imagenet_c,defocus_blur,1,none
efficientnet_b4,ILSVRC2012_val_00007240.JPEG,n02834397,443,823,0.102665685,0,imagenet_c,defocus_blur,1,none
efficientnet_b4,ILSVRC2012_val_00008401.JPEG,n02834397,443,443,0.78467625,1,imagenet_c,defocus_blur,1,none
efficientnet_b4,ILSVRC2012_val_00008780.JPEG,n02834397,443,107,0.12252385,0,imagenet_c,defocus_blur,1,none
efficientnet_b4,ILSVRC2012_val_00009265.JPEG,n02834397,443,443,0.53524023,1,imagenet_c,defocus_blur,1,none
efficientnet_b4,ILSVRC2012_val_00009891.JPEG,n02834397,443,443,0.30791396,1,imagenet_c,defocus_blur,1,none
efficientnet_b4,ILSVRC2012_val_00010541.JPEG,n02834397,443,870,0.04949819,0,imagenet_c,defocus_blur,1,none
efficientnet_b4,ILSVRC2012_val_00010741.JPEG,n02834397,443,702,0.08364835,0,imagenet_c,defocus_blur,1,none
efficientnet_b4,ILSVRC2012_val_00011752.JPEG,n02834397,443,843,0.06971596,0,imagenet_c,defocus_blur,1,none
efficientnet_b4,ILSVRC2012_val_00012192.JPEG,n02834397,443,443,0.52189565,1,imagenet_c,defocus_blur,1,none
efficientnet_b4,ILSVRC2012_val_00012466.JPEG,n02834397,443,529,0.17449963,0,imagenet_c,defocus_blur,1,none
efficientnet_b4,ILSVRC2012_val_00012510.JPEG,n02834397,443,443,0.83970636,1,imagenet_c,defocus_blur,1,none
efficientnet_b4,ILSVRC2012_val_00013154.JPEG,n02834397,443,443,0.66992843,1,imagenet_c,defocus_blur,1,none
efficientnet_b4,ILSVRC2012_val_00013224.JPEG,n02834397,443,916,0.073298804,0,imagenet_c,defocus_blur,1,none
efficientnet_b4,ILSVRC2012_val_00013913.JPEG,n02834397,443,591,0.21408834,0,imagenet_c,defocus_blur,1,none
efficientnet_b4,ILSVRC2012_val_00014648.JPEG,n02834397,443,443,0.0914104,1,imagenet_c,defocus_blur,1,none
efficientnet_b4,ILSVRC2012_val_00017405.JPEG,n02834397,443,443,0.70845294,1,imagenet_c,defocus_blur,1,none
efficientnet_b4,ILSVRC2012_val_00017590.JPEG,n02834397,443,697,0.055551186,0,imagenet_c,defocus_blur,1,none
efficientnet_b4,ILSVRC2012_val_00019315.JPEG,n02834397,443,443,0.62777,1,imagenet_c,defocus_blur,1,none
efficientnet_b4,ILSVRC2012_val_00020945.JPEG,n02834397,443,443,0.6178308,1,imagenet_c,defocus_blur,1,none
efficientnet_b4,ILSVRC2012_val_00022632.JPEG,n02834397,443,411,0.31335717,0,imagenet_c,defocus_blur,1,none
efficientnet_b4,ILSVRC2012_val_00023522.JPEG,n02834397,443,443,0.40538597,1,imagenet_c,defocus_blur,1,none
efficientnet_b4,ILSVRC2012_val_00024454.JPEG,n02834397,443,443,0.041203465,1,imagenet_c,defocus_blur,1,none
efficientnet_b4,ILSVRC2012_val_00024909.JPEG,n02834397,443,443,0.4691606,1,imagenet_c,defocus_blur,1,none
efficientnet_b4,ILSVRC2012_val_00024919.JPEG,n02834397,443,443,0.7204233,1,imagenet_c,defocus_blur,1,none
efficientnet_b4,ILSVRC2012_val_00026282.JPEG,n02834397,443,443,0.78296876,1,imagenet_c,defocus_blur,1,none
efficientnet_b4,ILSVRC2012_val_00027477.JPEG,n02834397,443,431,0.37354794,0,imagenet_c,defocus_blur,1,none
efficientnet_b4,ILSVRC2012_val_00027533.JPEG,n02834397,443,443,0.564812,1,imagenet_c,defocus_blur,1,none
efficientnet_b4,ILSVRC2012_val_00027813.JPEG,n02834397,443,893,0.13564184,0,imagenet_c,defocus_blur,1,none
efficientnet_b4,ILSVRC2012_val_00033383.JPEG,n02834397,443,680,0.037141006,0,imagenet_c,defocus_blur,1,none
efficientnet_b4,ILSVRC2012_val_00034912.JPEG,n02834397,443,837,0.7333577,0,imagenet_c,defocus_blur,1,none
efficientnet_b4,ILSVRC2012_val_00035630.JPEG,n02834397,443,443,0.6078957,1,imagenet_c,defocus_blur,1,none
efficientnet_b4,ILSVRC2012_val_00036586.JPEG,n02834397,443,443,0.6693918,1,imagenet_c,defocus_blur,1,none
efficientnet_b4,ILSVRC2012_val_00039143.JPEG,n02834397,443,443,0.66304344,1,imagenet_c,defocus_blur,1,none
efficientnet_b4,ILSVRC2012_val_00040465.JPEG,n02834397,443,443,0.1507345,1,imagenet_c,defocus_blur,1,none
efficientnet_b4,ILSVRC2012_val_00041817.JPEG,n02834397,443,870,0.07359417,0,imagenet_c,defocus_blur,1,none
efficientnet_b4,ILSVRC2012_val_00041834.JPEG,n02834397,443,443,0.37554762,1,imagenet_c,defocus_blur,1,none
efficientnet_b4,ILSVRC2012_val_00042425.JPEG,n02834397,443,865,0.17146654,0,imagenet_c,defocus_blur,1,none
efficientnet_b4,ILSVRC2012_val_00043290.JPEG,n02834397,443,443,0.48077503,1,imagenet_c,defocus_blur,1,none
efficientnet_b4,ILSVRC2012_val_00044630.JPEG,n02834397,443,443,0.41284043,1,imagenet_c,defocus_blur,1,none
efficientnet_b4,ILSVRC2012_val_00044988.JPEG,n02834397,443,443,0.82712275,1,imagenet_c,defocus_blur,1,none
efficientnet_b4,ILSVRC2012_val_00046879.JPEG,n02834397,443,843,0.06953185,0,imagenet_c,defocus_blur,1,none
efficientnet_b4,ILSVRC2012_val_00049192.JPEG,n02834397,443,443,0.4721802,1,imagenet_c,defocus_blur,1,none
efficientnet_b4,ILSVRC2012_val_00000953.JPEG,n02835271,444,665,0.4478849,0,imagenet_c,defocus_blur,1,none
efficientnet_b4,ILSVRC2012_val_00001012.JPEG,n02835271,444,444,0.40780875,1,imagenet_c,defocus_blur,1,none
efficientnet_b4,ILSVRC2012_val_00001243.JPEG,n02835271,444,444,0.63551086,1,imagenet_c,defocus_blur,1,none
efficientnet_b4,ILSVRC2012_val_00001311.JPEG,n02835271,444,430,0.06784117,0,imagenet_c,defocus_blur,1,none
efficientnet_b4,ILSVRC2012_val_00005274.JPEG,n02835271,444,444,0.50467384,1,imagenet_c,defocus_blur,1,none
efficientnet_b4,ILSVRC2012_val_00005650.JPEG,n02835271,444,444,0.5529491,1,imagenet_c,defocus_blur,1,none
efficientnet_b4,ILSVRC2012_val_00006395.JPEG,n02835271,444,444,0.57403857,1,imagenet_c,defocus_blur,1,none
efficientnet_b4,ILSVRC2012_val_00008007.JPEG,n02835271,444,444,0.53529793,1,imagenet_c,defocus_blur,1,none
efficientnet_b4,ILSVRC2012_val_00009228.JPEG,n02835271,444,444,0.6306101,1,imagenet_c,defocus_blur,1,none
efficientnet_b4,ILSVRC2012_val_00010544.JPEG,n02835271,444,444,0.53738654,1,imagenet_c,defocus_blur,1,none
efficientnet_b4,ILSVRC2012_val_00011821.JPEG,n02835271,444,444,0.5521577,1,imagenet_c,defocus_blur,1,none
efficientnet_b4,ILSVRC2012_val_00012325.JPEG,n02835271,444,444,0.42791536,1,imagenet_c,defocus_blur,1,none
efficientnet_b4,ILSVRC2012_val_00012667.JPEG,n02835271,444,444,0.6812932,1,imagenet_c,defocus_blur,1,none
efficientnet_b4,ILSVRC2012_val_00015483.JPEG,n02835271,444,444,0.7391873,1,imagenet_c,defocus_blur,1,none
efficientnet_b4,ILSVRC2012_val_00015618.JPEG,n02835271,444,444,0.6261076,1,imagenet_c,defocus_blur,1,none
efficientnet_b4,ILSVRC2012_val_00016532.JPEG,n02835271,444,444,0.5801995,1,imagenet_c,defocus_blur,1,none
efficientnet_b4,ILSVRC2012_val_00018042.JPEG,n02835271,444,444,0.628853,1,imagenet_c,defocus_blur,1,none
efficientnet_b4,ILSVRC2012_val_00018975.JPEG,n02835271,444,444,0.69675756,1,imagenet_c,defocus_blur,1,none
efficientnet_b4,ILSVRC2012_val_00019390.JPEG,n02835271,444,444,0.6214615,1,imagenet_c,defocus_blur,1,none
efficientnet_b4,ILSVRC2012_val_00022027.JPEG,n02835271,444,444,0.65341866,1,imagenet_c,defocus_blur,1,none
efficientnet_b4,ILSVRC2012_val_00023131.JPEG,n02835271,444,444,0.6289953,1,imagenet_c,defocus_blur,1,none
efficientnet_b4,ILSVRC2012_val_00023266.JPEG,n02835271,444,444,0.53465587,1,imagenet_c,defocus_blur,1,none
efficientnet_b4,ILSVRC2012_val_00025534.JPEG,n02835271,444,671,0.19627269,0,imagenet_c,defocus_blur,1,none
efficientnet_b4,ILSVRC2012_val_00025915.JPEG,n02835271,444,444,0.21439366,1,imagenet_c,defocus_blur,1,none
efficientnet_b4,ILSVRC2012_val_00026250.JPEG,n02835271,444,444,0.62450373,1,imagenet_c,defocus_blur,1,none
efficientnet_b4,ILSVRC2012_val_00026292.JPEG,n02835271,444,665,0.2074121,0,imagenet_c,defocus_blur,1,none
efficientnet_b4,ILSVRC2012_val_00026795.JPEG,n02835271,444,444,0.5024532,1,imagenet_c,defocus_blur,1,none
efficientnet_b4,ILSVRC2012_val_00026900.JPEG,n02835271,444,752,0.06655632,0,imagenet_c,defocus_blur,1,none
efficientnet_b4,ILSVRC2012_val_00027159.JPEG,n02835271,444,444,0.47766602,1,imagenet_c,defocus_blur,1,none
efficientnet_b4,ILSVRC2012_val_00027620.JPEG,n02835271,444,671,0.27613562,0,imagenet_c,defocus_blur,1,none
efficientnet_b4,ILSVRC2012_val_00029848.JPEG,n02835271,444,444,0.3508961,1,imagenet_c,defocus_blur,1,none
efficientnet_b4,ILSVRC2012_val_00030070.JPEG,n02835271,444,444,0.6332179,1,imagenet_c,defocus_blur,1,none
efficientnet_b4,ILSVRC2012_val_00031498.JPEG,n02835271,444,444,0.45052722,1,imagenet_c,defocus_blur,1,none
efficientnet_b4,ILSVRC2012_val_00031631.JPEG,n02835271,444,444,0.5913176,1,imagenet_c,defocus_blur,1,none
efficientnet_b4,ILSVRC2012_val_00033559.JPEG,n02835271,444,444,0.52039963,1,imagenet_c,defocus_blur,1,none
efficientnet_b4,ILSVRC2012_val_00034037.JPEG,n02835271,444,444,0.6533873,1,imagenet_c,defocus_blur,1,none
efficientnet_b4,ILSVRC2012_val_00036009.JPEG,n02835271,444,444,0.62030107,1,imagenet_c,defocus_blur,1,none
efficientnet_b4,ILSVRC2012_val_00036903.JPEG,n02835271,444,444,0.56308186,1,imagenet_c,defocus_blur,1,none
efficientnet_b4,ILSVRC2012_val_00037292.JPEG,n02835271,444,444,0.55945396,1,imagenet_c,defocus_blur,1,none
efficientnet_b4,ILSVRC2012_val_00037433.JPEG,n02835271,444,444,0.69574356,1,imagenet_c,defocus_blur,1,none
efficientnet_b4,ILSVRC2012_val_00037658.JPEG,n02835271,444,444,0.48409382,1,imagenet_c,defocus_blur,1,none
efficientnet_b4,ILSVRC2012_val_00038409.JPEG,n02835271,444,444,0.55807585,1,imagenet_c,defocus_blur,1,none
efficientnet_b4,ILSVRC2012_val_00038415.JPEG,n02835271,444,444,0.6360768,1,imagenet_c,defocus_blur,1,none
efficientnet_b4,ILSVRC2012_val_00040027.JPEG,n02835271,444,444,0.63242805,1,imagenet_c,defocus_blur,1,none
efficientnet_b4,ILSVRC2012_val_00040248.JPEG,n02835271,444,444,0.25049934,1,imagenet_c,defocus_blur,1,none
efficientnet_b4,ILSVRC2012_val_00042496.JPEG,n02835271,444,444,0.68335646,1,imagenet_c,defocus_blur,1,none
efficientnet_b4,ILSVRC2012_val_00043435.JPEG,n02835271,444,718,0.26414913,0,imagenet_c,defocus_blur,1,none
efficientnet_b4,ILSVRC2012_val_00045400.JPEG,n02835271,444,444,0.6165503,1,imagenet_c,defocus_blur,1,none
efficientnet_b4,ILSVRC2012_val_00048885.JPEG,n02835271,444,444,0.65661573,1,imagenet_c,defocus_blur,1,none
efficientnet_b4,ILSVRC2012_val_00049382.JPEG,n02835271,444,444,0.14617638,1,imagenet_c,defocus_blur,1,none
efficientnet_b4,ILSVRC2012_val_00000239.JPEG,n02837789,445,842,0.12845606,0,imagenet_c,defocus_blur,1,none
efficientnet_b4,ILSVRC2012_val_00001072.JPEG,n02837789,445,638,0.031624336,0,imagenet_c,defocus_blur,1,none
efficientnet_b4,ILSVRC2012_val_00004709.JPEG,n02837789,445,445,0.2103185,1,imagenet_c,defocus_blur,1,none
efficientnet_b4,ILSVRC2012_val_00005005.JPEG,n02837789,445,842,0.46427453,0,imagenet_c,defocus_blur,1,none
efficientnet_b4,ILSVRC2012_val_00005308.JPEG,n02837789,445,445,0.42434698,1,imagenet_c,defocus_blur,1,none
efficientnet_b4,ILSVRC2012_val_00005483.JPEG,n02837789,445,639,0.27140465,0,imagenet_c,defocus_blur,1,none
efficientnet_b4,ILSVRC2012_val_00006332.JPEG,n02837789,445,459,0.1084604,0,imagenet_c,defocus_blur,1,none
efficientnet_b4,ILSVRC2012_val_00006474.JPEG,n02837789,445,639,0.38649043,0,imagenet_c,defocus_blur,1,none
efficientnet_b4,ILSVRC2012_val_00007559.JPEG,n02837789,445,660,0.05777024,0,imagenet_c,defocus_blur,1,none
efficientnet_b4,ILSVRC2012_val_00009805.JPEG,n02837789,445,459,0.15235186,0,imagenet_c,defocus_blur,1,none
efficientnet_b4,ILSVRC2012_val_00013449.JPEG,n02837789,445,639,0.26156038,0,imagenet_c,defocus_blur,1,none
efficientnet_b4,ILSVRC2012_val_00013671.JPEG,n02837789,445,445,0.36524498,1,imagenet_c,defocus_blur,1,none
efficientnet_b4,ILSVRC2012_val_00013988.JPEG,n02837789,445,445,0.19258375,1,imagenet_c,defocus_blur,1,none
efficientnet_b4,ILSVRC2012_val_00015053.JPEG,n02837789,445,842,0.27151415,0,imagenet_c,defocus_blur,1,none
efficientnet_b4,ILSVRC2012_val_00015344.JPEG,n02837789,445,445,0.49418044,1,imagenet_c,defocus_blur,1,none
efficientnet_b4,ILSVRC2012_val_00015440.JPEG,n02837789,445,890,0.20750119,0,imagenet_c,defocus_blur,1,none
efficientnet_b4,ILSVRC2012_val_00015533.JPEG,n02837789,445,639,0.1902385,0,imagenet_c,defocus_blur,1,none
efficientnet_b4,ILSVRC2012_val_00016038.JPEG,n02837789,445,842,0.27872118,0,imagenet_c,defocus_blur,1,none
efficientnet_b4,ILSVRC2012_val_00016500.JPEG,n02837789,445,842,0.17424488,0,imagenet_c,defocus_blur,1,none
efficientnet_b4,ILSVRC2012_val_00018702.JPEG,n02837789,445,445,0.31372413,1,imagenet_c,defocus_blur,1,none
efficientnet_b4,ILSVRC2012_val_00019193.JPEG,n02837789,445,639,0.24295358,0,imagenet_c,defocus_blur,1,none
efficientnet_b4,ILSVRC2012_val_00020187.JPEG,n02837789,445,445,0.31475267,1,imagenet_c,defocus_blur,1,none
efficientnet_b4,ILSVRC2012_val_00020207.JPEG,n02837789,445,445,0.27583727,1,imagenet_c,defocus_blur,1,none
efficientnet_b4,ILSVRC2012_val_00020662.JPEG,n02837789,445,445,0.3113122,1,imagenet_c,defocus_blur,1,none
efficientnet_b4,ILSVRC2012_val_00023106.JPEG,n02837789,445,445,0.10701131,1,imagenet_c,defocus_blur,1,none
efficientnet_b4,ILSVRC2012_val_00024370.JPEG,n02837789,445,476,0.35668787,0,imagenet_c,defocus_blur,1,none
efficientnet_b4,ILSVRC2012_val_00025933.JPEG,n02837789,445,842,0.2519979,0,imagenet_c,defocus_blur,1,none
efficientnet_b4,ILSVRC2012_val_00026140.JPEG,n02837789,445,801,0.13621585,0,imagenet_c,defocus_blur,1,none
efficientnet_b4,ILSVRC2012_val_00027287.JPEG,n02837789,445,890,0.31691748,0,imagenet_c,defocus_blur,1,none
efficientnet_b4,ILSVRC2012_val_00029050.JPEG,n02837789,445,445,0.27614117,1,imagenet_c,defocus_blur,1,none
efficientnet_b4,ILSVRC2012_val_00029940.JPEG,n02837789,445,842,0.16913797,0,imagenet_c,defocus_blur,1,none
efficientnet_b4,ILSVRC2012_val_00030509.JPEG,n02837789,445,445,0.111710005,1,imagenet_c,defocus_blur,1,none
efficientnet_b4,ILSVRC2012_val_00030730.JPEG,n02837789,445,459,0.08284374,0,imagenet_c,defocus_blur,1,none
efficientnet_b4,ILSVRC2012_val_00030869.JPEG,n02837789,445,842,0.47459495,0,imagenet_c,defocus_blur,1,none
efficientnet_b4,ILSVRC2012_val_00031139.JPEG,n02837789,445,223,0.14183308,0,imagenet_c,defocus_blur,1,none
efficientnet_b4,ILSVRC2012_val_00032014.JPEG,n02837789,445,445,0.5533637,1,imagenet_c,defocus_blur,1,none
efficientnet_b4,ILSVRC2012_val_00032052.JPEG,n02837789,445,639,0.116141744,0,imagenet_c,defocus_blur,1,none
efficientnet_b4,ILSVRC2012_val_00032484.JPEG,n02837789,445,842,0.1961971,0,imagenet_c,defocus_blur,1,none
efficientnet_b4,ILSVRC2012_val_00032841.JPEG,n02837789,445,445,0.4578568,1,imagenet_c,defocus_blur,1,none
efficientnet_b4,ILSVRC2012_val_00033495.JPEG,n02837789,445,639,0.19223848,0,imagenet_c,defocus_blur,1,none
efficientnet_b4,ILSVRC2012_val_00034031.JPEG,n02837789,445,978,0.17750034,0,imagenet_c,defocus_blur,1,none
efficientnet_b4,ILSVRC2012_val_00034365.JPEG,n02837789,445,445,0.21782953,1,imagenet_c,defocus_blur,1,none
efficientnet_b4,ILSVRC2012_val_00035607.JPEG,n02837789,445,445,0.1666912,1,imagenet_c,defocus_blur,1,none
efficientnet_b4,ILSVRC2012_val_00036936.JPEG,n02837789,445,112,0.09248549,0,imagenet_c,defocus_blur,1,none
efficientnet_b4,ILSVRC2012_val_00037336.JPEG,n02837789,445,639,0.25933716,0,imagenet_c,defocus_blur,1,none
efficientnet_b4,ILSVRC2012_val_00038813.JPEG,n02837789,445,854,0.120300174,0,imagenet_c,defocus_blur,1,none
efficientnet_b4,ILSVRC2012_val_00041222.JPEG,n02837789,445,639,0.14545175,0,imagenet_c,defocus_blur,1,none
efficientnet_b4,ILSVRC2012_val_00043179.JPEG,n02837789,445,445,0.58333814,1,imagenet_c,defocus_blur,1,none
efficientnet_b4,ILSVRC2012_val_00045787.JPEG,n02837789,445,433,0.4151945,0,imagenet_c,defocus_blur,1,none
efficientnet_b4,ILSVRC2012_val_00046681.JPEG,n02837789,445,842,0.400488,0,imagenet_c,defocus_blur,1,none
efficientnet_b4,ILSVRC2012_val_00003446.JPEG,n02840245,446,446,0.64239556,1,imagenet_c,defocus_blur,1,none
efficientnet_b4,ILSVRC2012_val_00003451.JPEG,n02840245,446,748,0.18389988,0,imagenet_c,defocus_blur,1,none
efficientnet_b4,ILSVRC2012_val_00004265.JPEG,n02840245,446,632,0.2753014,0,imagenet_c,defocus_blur,1,none
efficientnet_b4,ILSVRC2012_val_00004391.JPEG,n02840245,446,446,0.6395724,1,imagenet_c,defocus_blur,1,none
efficientnet_b4,ILSVRC2012_val_00005370.JPEG,n02840245,446,446,0.6305668,1,imagenet_c,defocus_blur,1,none
efficientnet_b4,ILSVRC2012_val_00005453.JPEG,n02840245,446,446,0.15569262,1,imagenet_c,defocus_blur,1,none
efficientnet_b4,ILSVRC2012_val_00005572.JPEG,n02840245,446,446,0.46925804,1,imagenet_c,defocus_blur,1,none
efficientnet_b4,ILSVRC2012_val_00008578.JPEG,n02840245,446,499,0.34735584,0,imagenet_c,defocus_blur,1,none
efficientnet_b4,ILSVRC2012_val_00010818.JPEG,n02840245,446,446,0.7510984,1,imagenet_c,defocus_blur,1,none
efficientnet_b4,ILSVRC2012_val_00011302.JPEG,n02840245,446,769,0.17078644,0,imagenet_c,defocus_blur,1,none
efficientnet_b4,ILSVRC2012_val_00011362.JPEG,n02840245,446,446,0.6772686,1,imagenet_c,defocus_blur,1,none
efficientnet_b4,ILSVRC2012_val_00013006.JPEG,n02840245,446,446,0.71278894,1,imagenet_c,defocus_blur,1,none
efficientnet_b4,ILSVRC2012_val_00015168.JPEG,n02840245,446,446,0.69314516,1,imagenet_c,defocus_blur,1,none
efficientnet_b4,ILSVRC2012_val_00016307.JPEG,n02840245,446,446,0.3932596,1,imagenet_c,defocus_blur,1,none
efficientnet_b4,ILSVRC2012_val_00018371.JPEG,n02840245,446,446,0.47625932,1,imagenet_c,defocus_blur,1,none
efficientnet_b4,ILSVRC2012_val_00018464.JPEG,n02840245,446,446,0.38084638,1,imagenet_c,defocus_blur,1,none
efficientnet_b4,ILSVRC2012_val_00018669.JPEG,n02840245,446,446,0.1357945,1,imagenet_c,defocus_blur,1,none
efficientnet_b4,ILSVRC2012_val_00019828.JPEG,n02840245,446,446,0.79220515,1,imagenet_c,defocus_blur,1,none
efficientnet_b4,ILSVRC2012_val_00020410.JPEG,n02840245,446,902,0.22683243,0,imagenet_c,defocus_blur,1,none
efficientnet_b4,ILSVRC2012_val_00020767.JPEG,n02840245,446,418,0.3422861,0,imagenet_c,defocus_blur,1,none
efficientnet_b4,ILSVRC2012_val_00021609.JPEG,n02840245,446,446,0.13849872,1,imagenet_c,defocus_blur,1,none
efficientnet_b4,ILSVRC2012_val_00022685.JPEG,n02840245,446,446,0.3560433,1,imagenet_c,defocus_blur,1,none
efficientnet_b4,ILSVRC2012_val_00022815.JPEG,n02840245,446,446,0.4431806,1,imagenet_c,defocus_blur,1,none
efficientnet_b4,ILSVRC2012_val_00024607.JPEG,n02840245,446,446,0.09554408,1,imagenet_c,defocus_blur,1,none
efficientnet_b4,ILSVRC2012_val_00025350.JPEG,n02840245,446,549,0.08209669,0,imagenet_c,defocus_blur,1,none
efficientnet_b4,ILSVRC2012_val_00027027.JPEG,n02840245,446,446,0.2610627,1,imagenet_c,defocus_blur,1,none
efficientnet_b4,ILSVRC2012_val_00029167.JPEG,n02840245,446,446,0.12497044,1,imagenet_c,defocus_blur,1,none
efficientnet_b4,ILSVRC2012_val_00030074.JPEG,n02840245,446,446,0.71655834,1,imagenet_c,defocus_blur,1,none
efficientnet_b4,ILSVRC2012_val_00030455.JPEG,n02840245,446,556,0.2963973,0,imagenet_c,defocus_blur,1,none
efficientnet_b4,ILSVRC2012_val_00030462.JPEG,n02840245,446,446,0.5264781,1,imagenet_c,defocus_blur,1,none
efficientnet_b4,ILSVRC2012_val_00031888.JPEG,n02840245,446,446,0.4706754,1,imagenet_c,defocus_blur,1,none
efficientnet_b4,ILSVRC2012_val_00032138.JPEG,n02840245,446,481,0.23940559,0,imagenet_c,defocus_blur,1,none
efficientnet_b4,ILSVRC2012_val_00034050.JPEG,n02840245,446,446,0.3452277,1,imagenet_c,defocus_blur,1,none
efficientnet_b4,ILSVRC2012_val_00036216.JPEG,n02840245,446,446,0.27977523,1,imagenet_c,defocus_blur,1,none
efficientnet_b4,ILSVRC2012_val_00036605.JPEG,n02840245,446,844,0.03437547,0,imagenet_c,defocus_blur,1,none
efficientnet_b4,ILSVRC2012_val_00037762.JPEG,n02840245,446,446,0.39841852,1,imagenet_c,defocus_blur,1,none
efficientnet_b4,ILSVRC2012_val_00040500.JPEG,n02840245,446,446,0.29456943,1,imagenet_c,defocus_blur,1,none
efficientnet_b4,ILSVRC2012_val_00041262.JPEG,n02840245,446,446,0.56716317,1,imagenet_c,defocus_blur,1,none
efficientnet_b4,ILSVRC2012_val_00041319.JPEG,n02840245,446,710,0.24627115,0,imagenet_c,defocus_blur,1,none
efficientnet_b4,ILSVRC2012_val_00041698.JPEG,n02840245,446,478,0.15340616,0,imagenet_c,defocus_blur,1,none
efficientnet_b4,ILSVRC2012_val_00042130.JPEG,n02840245,446,662,0.23476148,0,imagenet_c,defocus_blur,1,none
efficientnet_b4,ILSVRC2012_val_00042596.JPEG,n02840245,446,446,0.6684378,1,imagenet_c,defocus_blur,1,none
efficientnet_b4,ILSVRC2012_val_00043755.JPEG,n02840245,446,446,0.4924526,1,imagenet_c,defocus_blur,1,none
efficientnet_b4,ILSVRC2012_val_00044322.JPEG,n02840245,446,632,0.34349346,0,imagenet_c,defocus_blur,1,none
efficientnet_b4,ILSVRC2012_val_00045462.JPEG,n02840245,446,446,0.8509285,1,imagenet_c,defocus_blur,1,none
efficientnet_b4,ILSVRC2012_val_00047138.JPEG,n02840245,446,446,0.20284504,1,imagenet_c,defocus_blur,1,none
efficientnet_b4,ILSVRC2012_val_00047802.JPEG,n02840245,446,446,0.69344497,1,imagenet_c,defocus_blur,1,none
efficientnet_b4,ILSVRC2012_val_00049031.JPEG,n02840245,446,748,0.13480386,0,imagenet_c,defocus_blur,1,none
efficientnet_b4,ILSVRC2012_val_00049094.JPEG,n02840245,446,632,0.11455559,0,imagenet_c,defocus_blur,1,none
efficientnet_b4,ILSVRC2012_val_00049237.JPEG,n02840245,446,446,0.57136565,1,imagenet_c,defocus_blur,1,none
efficientnet_b4,ILSVRC2012_val_00000917.JPEG,n02841315,447,447,0.52364385,1,imagenet_c,defocus_blur,1,none
efficientnet_b4,ILSVRC2012_val_00002158.JPEG,n02841315,447,447,0.74418813,1,imagenet_c,defocus_blur,1,none
efficientnet_b4,ILSVRC2012_val_00003215.JPEG,n02841315,447,886,0.284105,0,imagenet_c,defocus_blur,1,none
efficientnet_b4,ILSVRC2012_val_00003479.JPEG,n02841315,447,447,0.5918067,1,imagenet_c,defocus_blur,1,none
efficientnet_b4,ILSVRC2012_val_00004785.JPEG,n02841315,447,447,0.32662967,1,imagenet_c,defocus_blur,1,none
efficientnet_b4,ILSVRC2012_val_00005526.JPEG,n02841315,447,447,0.2893351,1,imagenet_c,defocus_blur,1,none
efficientnet_b4,ILSVRC2012_val_00007638.JPEG,n02841315,447,447,0.57242596,1,imagenet_c,defocus_blur,1,none
efficientnet_b4,ILSVRC2012_val_00008614.JPEG,n02841315,447,447,0.7443979,1,imagenet_c,defocus_blur,1,none
efficientnet_b4,ILSVRC2012_val_00010205.JPEG,n02841315,447,447,0.39595875,1,imagenet_c,defocus_blur,1,none
efficientnet_b4,ILSVRC2012_val_00010394.JPEG,n02841315,447,447,0.35727054,1,imagenet_c,defocus_blur,1,none
efficientnet_b4,ILSVRC2012_val_00011926.JPEG,n02841315,447,447,0.6259117,1,imagenet_c,defocus_blur,1,none
efficientnet_b4,ILSVRC2012_val_00011935.JPEG,n02841315,447,447,0.7841263,1,imagenet_c,defocus_blur,1,none
efficientnet_b4,ILSVRC2012_val_00012679.JPEG,n02841315,447,674,0.6886189,0,imagenet_c,defocus_blur,1,none
efficientnet_b4,ILSVRC2012_val_00013969.JPEG,n02841315,447,481,0.056648135,0,imagenet_c,defocus_blur,1,none
efficientnet_b4,ILSVRC2012_val_00014601.JPEG,n02841315,447,464,0.3541024,0,imagenet_c,defocus_blur,1,none
efficientnet_b4,ILSVRC2012_val_00014836.JPEG,n02841315,447,447,0.46771497,1,imagenet_c,defocus_blur,1,none
efficientnet_b4,ILSVRC2012_val_00015345.JPEG,n02841315,447,447,0.39423788,1,imagenet_c,defocus_blur,1,none
efficientnet_b4,ILSVRC2012_val_00016311.JPEG,n02841315,447,447,0.47479922,1,imagenet_c,defocus_blur,1,none
efficientnet_b4,ILSVRC2012_val_00016652.JPEG,n02841315,447,447,0.8069784,1,imagenet_c,defocus_blur,1,none
efficientnet_b4,ILSVRC2012_val_00017620.JPEG,n02841315,447,447,0.53699267,1,imagenet_c,defocus_blur,1,none
efficientnet_b4,ILSVRC2012_val_00017808.JPEG,n02841315,447,447,0.38975337,1,imagenet_c,defocus_blur,1,none
efficientnet_b4,ILSVRC2012_val_00019552.JPEG,n02841315,447,447,0.4694448,1,imagenet_c,defocus_blur,1,none
efficientnet_b4,ILSVRC2012_val_00021033.JPEG,n02841315,447,447,0.029066846,1,imagenet_c,defocus_blur,1,none
efficientnet_b4,ILSVRC2012_val_00022069.JPEG,n02841315,447,447,0.4163215,1,imagenet_c,defocus_blur,1,none
efficientnet_b4,ILSVRC2012_val_00022229.JPEG,n02841315,447,447,0.62649214,1,imagenet_c,defocus_blur,1,none
efficientnet_b4,ILSVRC2012_val_00022598.JPEG,n02841315,447,422,0.07856752,0,imagenet_c,defocus_blur,1,none
efficientnet_b4,ILSVRC2012_val_00024139.JPEG,n02841315,447,758,0.077867135,0,imagenet_c,defocus_blur,1,none
efficientnet_b4,ILSVRC2012_val_00024742.JPEG,n02841315,447,447,0.12771572,1,imagenet_c,defocus_blur,1,none
efficientnet_b4,ILSVRC2012_val_00025699.JPEG,n02841315,447,447,0.7877452,1,imagenet_c,defocus_blur,1,none
efficientnet_b4,ILSVRC2012_val_00025790.JPEG,n02841315,447,447,0.38007873,1,imagenet_c,defocus_blur,1,none
efficientnet_b4,ILSVRC2012_val_00025826.JPEG,n02841315,447,447,0.08493685,1,imagenet_c,defocus_blur,1,none
efficientnet_b4,ILSVRC2012_val_00026394.JPEG,n02841315,447,447,0.51044047,1,imagenet_c,defocus_blur,1,none
efficientnet_b4,ILSVRC2012_val_00028880.JPEG,n02841315,447,447,0.58353096,1,imagenet_c,defocus_blur,1,none
efficientnet_b4,ILSVRC2012_val_00029279.JPEG,n02841315,447,447,0.27930918,1,imagenet_c,defocus_blur,1,none
efficientnet_b4,ILSVRC2012_val_00032632.JPEG,n02841315,447,600,0.14770596,0,imagenet_c,defocus_blur,1,none
efficientnet_b4,ILSVRC2012_val_00032772.JPEG,n02841315,447,447,0.78572035,1,imagenet_c,defocus_blur,1,none
efficientnet_b4,ILSVRC2012_val_00032897.JPEG,n02841315,447,447,0.39118946,1,imagenet_c,defocus_blur,1,none
efficientnet_b4,ILSVRC2012_val_00034377.JPEG,n02841315,447,447,0.6179772,1,imagenet_c,defocus_blur,1,none
efficientnet_b4,ILSVRC2012_val_00039162.JPEG,n02841315,447,447,0.6684531,1,imagenet_c,defocus_blur,1,none
efficientnet_b4,ILSVRC2012_val_00039447.JPEG,n02841315,447,447,0.3778783,1,imagenet_c,defocus_blur,1,none
efficientnet_b4,ILSVRC2012_val_00039857.JPEG,n02841315,447,447,0.28606293,1,imagenet_c,defocus_blur,1,none
efficientnet_b4,ILSVRC2012_val_00039961.JPEG,n02841315,447,447,0.6350001,1,imagenet_c,defocus_blur,1,none
efficientnet_b4,ILSVRC2012_val_00040318.JPEG,n02841315,447,447,0.6251661,1,imagenet_c,defocus_blur,1,none
efficientnet_b4,ILSVRC2012_val_00040542.JPEG,n02841315,447,447,0.60926414,1,imagenet_c,defocus_blur,1,none
efficientnet_b4,ILSVRC2012_val_00040975.JPEG,n02841315,447,613,0.13290872,0,imagenet_c,defocus_blur,1,none
efficientnet_b4,ILSVRC2012_val_00043589.JPEG,n02841315,447,447,0.63876873,1,imagenet_c,defocus_blur,1,none
efficientnet_b4,ILSVRC2012_val_00043828.JPEG,n02841315,447,447,0.8818542,1,imagenet_c,defocus_blur,1,none
efficientnet_b4,ILSVRC2012_val_00046109.JPEG,n02841315,447,447,0.76601136,1,imagenet_c,defocus_blur,1,none
efficientnet_b4,ILSVRC2012_val_00046844.JPEG,n02841315,447,872,0.096325144,0,imagenet_c,defocus_blur,1,none
efficientnet_b4,ILSVRC2012_val_00049978.JPEG,n02841315,447,740,0.11733124,0,imagenet_c,defocus_blur,1,none
efficientnet_b4,ILSVRC2012_val_00000514.JPEG,n02843684,448,448,0.42044663,1,imagenet_c,defocus_blur,1,none
efficientnet_b4,ILSVRC2012_val_00001630.JPEG,n02843684,448,449,0.34121567,0,imagenet_c,defocus_blur,1,none
efficientnet_b4,ILSVRC2012_val_00002647.JPEG,n02843684,448,825,0.113947436,0,imagenet_c,defocus_blur,1,none
efficientnet_b4,ILSVRC2012_val_00003783.JPEG,n02843684,448,448,0.30160123,1,imagenet_c,defocus_blur,1,none
efficientnet_b4,ILSVRC2012_val_00003952.JPEG,n02843684,448,448,0.4099415,1,imagenet_c,defocus_blur,1,none
efficientnet_b4,ILSVRC2012_val_00004330.JPEG,n02843684,448,442,0.09070711,0,imagenet_c,defocus_blur,1,none
efficientnet_b4,ILSVRC2012_val_00005853.JPEG,n02843684,448,448,0.11784218,1,imagenet_c,defocus_blur,1,none
efficientnet_b4,ILSVRC2012_val_00006780.JPEG,n02843684,448,448,0.79035157,1,imagenet_c,defocus_blur,1,none
efficientnet_b4,ILSVRC2012_val_00007812.JPEG,n02843684,448,574,0.56887025,0,imagenet_c,defocus_blur,1,none
efficientnet_b4,ILSVRC2012_val_00008769.JPEG,n02843684,448,425,0.13708828,0,imagenet_c,defocus_blur,1,none
efficientnet_b4,ILSVRC2012_val_00011133.JPEG,n02843684,448,448,0.59510756,1,imagenet_c,defocus_blur,1,none
efficientnet_b4,ILSVRC2012_val_00012648.JPEG,n02843684,448,448,0.70254654,1,imagenet_c,defocus_blur,1,none
efficientnet_b4,ILSVRC2012_val_00012709.JPEG,n02843684,448,448,0.5222582,1,imagenet_c,defocus_blur,1,none
efficientnet_b4,ILSVRC2012_val_00013138.JPEG,n02843684,448,448,0.6309143,1,imagenet_c,defocus_blur,1,none
efficientnet_b4,ILSVRC2012_val_00013736.JPEG,n02843684,448,448,0.6180366,1,imagenet_c,defocus_blur,1,none
efficientnet_b4,ILSVRC2012_val_00014364.JPEG,n02843684,448,448,0.8496523,1,imagenet_c,defocus_blur,1,none
efficientnet_b4,ILSVRC2012_val_00015234.JPEG,n02843684,448,448,0.31192008,1,imagenet_c,defocus_blur,1,none
efficientnet_b4,ILSVRC2012_val_00015790.JPEG,n02843684,448,448,0.25290865,1,imagenet_c,defocus_blur,1,none
efficientnet_b4,ILSVRC2012_val_00015956.JPEG,n02843684,448,448,0.25894225,1,imagenet_c,defocus_blur,1,none
efficientnet_b4,ILSVRC2012_val_00017166.JPEG,n02843684,448,448,0.59237987,1,imagenet_c,defocus_blur,1,none
efficientnet_b4,ILSVRC2012_val_00017373.JPEG,n02843684,448,448,0.7029086,1,imagenet_c,defocus_blur,1,none
efficientnet_b4,ILSVRC2012_val_00017720.JPEG,n02843684,448,448,0.41536373,1,imagenet_c,defocus_blur,1,none
efficientnet_b4,ILSVRC2012_val_00017798.JPEG,n02843684,448,448,0.84618485,1,imagenet_c,defocus_blur,1,none
efficientnet_b4,ILSVRC2012_val_00020214.JPEG,n02843684,448,448,0.09296499,1,imagenet_c,defocus_blur,1,none
efficientnet_b4,ILSVRC2012_val_00021619.JPEG,n02843684,448,448,0.22414471,1,imagenet_c,defocus_blur,1,none
efficientnet_b4,ILSVRC2012_val_00022132.JPEG,n02843684,448,448,0.4342843,1,imagenet_c,defocus_blur,1,none
efficientnet_b4,ILSVRC2012_val_00023874.JPEG,n02843684,448,448,0.41812992,1,imagenet_c,defocus_blur,1,none
efficientnet_b4,ILSVRC2012_val_00023964.JPEG,n02843684,448,684,0.08223237,0,imagenet_c,defocus_blur,1,none
efficientnet_b4,ILSVRC2012_val_00024936.JPEG,n02843684,448,448,0.61793464,1,imagenet_c,defocus_blur,1,none
efficientnet_b4,ILSVRC2012_val_00025083.JPEG,n02843684,448,494,0.07087296,0,imagenet_c,defocus_blur,1,none
efficientnet_b4,ILSVRC2012_val_00025965.JPEG,n02843684,448,448,0.12337599,1,imagenet_c,defocus_blur,1,none
efficientnet_b4,ILSVRC2012_val_00026179.JPEG,n02843684,448,448,0.43407977,1,imagenet_c,defocus_blur,1,none
efficientnet_b4,ILSVRC2012_val_00026344.JPEG,n02843684,448,448,0.510351,1,imagenet_c,defocus_blur,1,none
efficientnet_b4,ILSVRC2012_val_00026872.JPEG,n02843684,448,448,0.5316107,1,imagenet_c,defocus_blur,1,none
efficientnet_b4,ILSVRC2012_val_00027127.JPEG,n02843684,448,448,0.6711294,1,imagenet_c,defocus_blur,1,none
efficientnet_b4,ILSVRC2012_val_00027595.JPEG,n02843684,448,448,0.3897419,1,imagenet_c,defocus_blur,1,none
efficientnet_b4,ILSVRC2012_val_00027688.JPEG,n02843684,448,494,0.4285493,0,imagenet_c,defocus_blur,1,none
efficientnet_b4,ILSVRC2012_val_00028359.JPEG,n02843684,448,448,0.5165124,1,imagenet_c,defocus_blur,1,none
efficientnet_b4,ILSVRC2012_val_00030541.JPEG,n02843684,448,448,0.5899678,1,imagenet_c,defocus_blur,1,none
efficientnet_b4,ILSVRC2012_val_00030818.JPEG,n02843684,448,448,0.2709072,1,imagenet_c,defocus_blur,1,none
efficientnet_b4,ILSVRC2012_val_00030980.JPEG,n02843684,448,448,0.7005512,1,imagenet_c,defocus_blur,1,none
efficientnet_b4,ILSVRC2012_val_00032543.JPEG,n02843684,448,448,0.44860923,1,imagenet_c,defocus_blur,1,none
efficientnet_b4,ILSVRC2012_val_00034726.JPEG,n02843684,448,448,0.51973563,1,imagenet_c,defocus_blur,1,none
efficientnet_b4,ILSVRC2012_val_00035716.JPEG,n02843684,448,448,0.68061507,1,imagenet_c,defocus_blur,1,none
efficientnet_b4,ILSVRC2012_val_00036900.JPEG,n02843684,448,448,0.58814126,1,imagenet_c,defocus_blur,1,none
efficientnet_b4,ILSVRC2012_val_00037860.JPEG,n02843684,448,448,0.7481043,1,imagenet_c,defocus_blur,1,none
efficientnet_b4,ILSVRC2012_val_00039629.JPEG,n02843684,448,448,0.5032939,1,imagenet_c,defocus_blur,1,none
efficientnet_b4,ILSVRC2012_val_00041742.JPEG,n02843684,448,448,0.52610475,1,imagenet_c,defocus_blur,1,none
efficientnet_b4,ILSVRC2012_val_00046472.JPEG,n02843684,448,716,0.38754898,0,imagenet_c,defocus_blur,1,none
efficientnet_b4,ILSVRC2012_val_00047023.JPEG,n02843684,448,448,0.19090638,1,imagenet_c,defocus_blur,1,none
efficientnet_b4,ILSVRC2012_val_00000193.JPEG,n02859443,449,975,0.17001039,0,imagenet_c,defocus_blur,1,none
efficientnet_b4,ILSVRC2012_val_00000724.JPEG,n02859443,449,660,0.23899092,0,imagenet_c,defocus_blur,1,none
efficientnet_b4,ILSVRC2012_val_00001355.JPEG,n02859443,449,975,0.16500516,0,imagenet_c,defocus_blur,1,none
efficientnet_b4,ILSVRC2012_val_00001383.JPEG,n02859443,449,449,0.22886725,1,imagenet_c,defocus_blur,1,none
efficientnet_b4,ILSVRC2012_val_00002161.JPEG,n02859443,449,449,0.09180568,1,imagenet_c,defocus_blur,1,none
efficientnet_b4,ILSVRC2012_val_00002227.JPEG,n02859443,449,449,0.686867,1,imagenet_c,defocus_blur,1,none
efficientnet_b4,ILSVRC2012_val_00003322.JPEG,n02859443,449,975,0.019434296,0,imagenet_c,defocus_blur,1,none
efficientnet_b4,ILSVRC2012_val_00005220.JPEG,n02859443,449,449,0.50153166,1,imagenet_c,defocus_blur,1,none
efficientnet_b4,ILSVRC2012_val_00007317.JPEG,n02859443,449,449,0.32526577,1,imagenet_c,defocus_blur,1,none
efficientnet_b4,ILSVRC2012_val_00007424.JPEG,n02859443,449,449,0.47251755,1,imagenet_c,defocus_blur,1,none
efficientnet_b4,ILSVRC2012_val_00009743.JPEG,n02859443,449,449,0.4586678,1,imagenet_c,defocus_blur,1,none
efficientnet_b4,ILSVRC2012_val_00011660.JPEG,n02859443,449,449,0.3129486,1,imagenet_c,defocus_blur,1,none
efficientnet_b4,ILSVRC2012_val_00011886.JPEG,n02859443,449,170,0.01454298,0,imagenet_c,defocus_blur,1,none
efficientnet_b4,ILSVRC2012_val_00012812.JPEG,n02859443,449,978,0.19350387,0,imagenet_c,defocus_blur,1,none
efficientnet_b4,ILSVRC2012_val_00013088.JPEG,n02859443,449,449,0.070091665,1,imagenet_c,defocus_blur,1,none
efficientnet_b4,ILSVRC2012_val_00018440.JPEG,n02859443,449,536,0.20770387,0,imagenet_c,defocus_blur,1,none
efficientnet_b4,ILSVRC2012_val_00019027.JPEG,n02859443,449,449,0.6097007,1,imagenet_c,defocus_blur,1,none
efficientnet_b4,ILSVRC2012_val_00019378.JPEG,n02859443,449,975,0.17734061,0,imagenet_c,defocus_blur,1,none
efficientnet_b4,ILSVRC2012_val_00020714.JPEG,n02859443,449,975,0.10588197,0,imagenet_c,defocus_blur,1,none
efficientnet_b4,ILSVRC2012_val_00020927.JPEG,n02859443,449,975,0.3233355,0,imagenet_c,defocus_blur,1,none
efficientnet_b4,ILSVRC2012_val_00021432.JPEG,n02859443,449,449,0.03450519,1,imagenet_c,defocus_blur,1,none
efficientnet_b4,ILSVRC2012_val_00021541.JPEG,n02859443,449,448,0.066253126,0,imagenet_c,defocus_blur,1,none
efficientnet_b4,ILSVRC2012_val_00021600.JPEG,n02859443,449,693,0.07698039,0,imagenet_c,defocus_blur,1,none
efficientnet_b4,ILSVRC2012_val_00024036.JPEG,n02859443,449,449,0.14673768,1,imagenet_c,defocus_blur,1,none
efficientnet_b4,ILSVRC2012_val_00024372.JPEG,n02859443,449,975,0.09395514,0,imagenet_c,defocus_blur,1,none
efficientnet_b4,ILSVRC2012_val_00025166.JPEG,n02859443,449,449,0.47304484,1,imagenet_c,defocus_blur,1,none
efficientnet_b4,ILSVRC2012_val_00025195.JPEG,n02859443,449,975,0.21364588,0,imagenet_c,defocus_blur,1,none
efficientnet_b4,ILSVRC2012_val_00025453.JPEG,n02859443,449,449,0.33856022,1,imagenet_c,defocus_blur,1,none
efficientnet_b4,ILSVRC2012_val_00025892.JPEG,n02859443,449,449,0.54553187,1,imagenet_c,defocus_blur,1,none
efficientnet_b4,ILSVRC2012_val_00026096.JPEG,n02859443,449,449,0.604351,1,imagenet_c,defocus_blur,1,none
efficientnet_b4,ILSVRC2012_val_00026392.JPEG,n02859443,449,975,0.061192937,0,imagenet_c,defocus_blur,1,none
efficientnet_b4,ILSVRC2012_val_00026672.JPEG,n02859443,449,449,0.2348868,1,imagenet_c,defocus_blur,1,none
efficientnet_b4,ILSVRC2012_val_00028066.JPEG,n02859443,449,540,0.45969102,0,imagenet_c,defocus_blur,1,none
efficientnet_b4,ILSVRC2012_val_00028305.JPEG,n02859443,449,449,0.33455032,1,imagenet_c,defocus_blur,1,none
efficientnet_b4,ILSVRC2012_val_00028822.JPEG,n02859443,449,975,0.03217674,0,imagenet_c,defocus_blur,1,none
efficientnet_b4,ILSVRC2012_val_00029483.JPEG,n02859443,449,449,0.39439556,1,imagenet_c,defocus_blur,1,none
efficientnet_b4,ILSVRC2012_val_00031457.JPEG,n02859443,449,449,0.3631356,1,imagenet_c,defocus_blur,1,none
efficientnet_b4,ILSVRC2012_val_00033948.JPEG,n02859443,449,718,0.1766376,0,imagenet_c,defocus_blur,1,none
efficientnet_b4,ILSVRC2012_val_00034537.JPEG,n02859443,449,693,0.029260447,0,imagenet_c,defocus_blur,1,none
efficientnet_b4,ILSVRC2012_val_00035249.JPEG,n02859443,449,449,0.040253453,1,imagenet_c,defocus_blur,1,none
efficientnet_b4,ILSVRC2012_val_00037271.JPEG,n02859443,449,449,0.39216644,1,imagenet_c,defocus_blur,1,none
efficientnet_b4,ILSVRC2012_val_00037680.JPEG,n02859443,449,449,0.37362468,1,imagenet_c,defocus_blur,1,none
efficientnet_b4,ILSVRC2012_val_00038972.JPEG,n02859443,449,449,0.14896591,1,imagenet_c,defocus_blur,1,none
efficientnet_b4,ILSVRC2012_val_00041484.JPEG,n02859443,449,449,0.4404883,1,imagenet_c,defocus_blur,1,none
efficientnet_b4,ILSVRC2012_val_00042176.JPEG,n02859443,449,449,0.40033346,1,imagenet_c,defocus_blur,1,none
efficientnet_b4,ILSVRC2012_val_00042189.JPEG,n02859443,449,449,0.71754086,1,imagenet_c,defocus_blur,1,none
efficientnet_b4,ILSVRC2012_val_00042363.JPEG,n02859443,449,449,0.36621362,1,imagenet_c,defocus_blur,1,none
efficientnet_b4,ILSVRC2012_val_00045203.JPEG,n02859443,449,449,0.28094584,1,imagenet_c,defocus_blur,1,none
efficientnet_b4,ILSVRC2012_val_00045293.JPEG,n02859443,449,536,0.13087349,0,imagenet_c,defocus_blur,1,none
efficientnet_b4,ILSVRC2012_val_00048193.JPEG,n02859443,449,975,0.08701632,0,imagenet_c,defocus_blur,1,none
efficientnet_b4,ILSVRC2012_val_00000601.JPEG,n02860847,450,450,0.12934127,1,imagenet_c,defocus_blur,1,none
efficientnet_b4,ILSVRC2012_val_00000663.JPEG,n02860847,450,450,0.54292715,1,imagenet_c,defocus_blur,1,none
efficientnet_b4,ILSVRC2012_val_00001200.JPEG,n02860847,450,450,0.6611986,1,imagenet_c,defocus_blur,1,none
efficientnet_b4,ILSVRC2012_val_00001443.JPEG,n02860847,450,450,0.59809476,1,imagenet_c,defocus_blur,1,none
efficientnet_b4,ILSVRC2012_val_00002382.JPEG,n02860847,450,450,0.29985952,1,imagenet_c,defocus_blur,1,none
efficientnet_b4,ILSVRC2012_val_00003099.JPEG,n02860847,450,450,0.630426,1,imagenet_c,defocus_blur,1,none
efficientnet_b4,ILSVRC2012_val_00003648.JPEG,n02860847,450,450,0.13326195,1,imagenet_c,defocus_blur,1,none
efficientnet_b4,ILSVRC2012_val_00004620.JPEG,n02860847,450,450,0.6426206,1,imagenet_c,defocus_blur,1,none
efficientnet_b4,ILSVRC2012_val_00006023.JPEG,n02860847,450,450,0.66184986,1,imagenet_c,defocus_blur,1,none
efficientnet_b4,ILSVRC2012_val_00007532.JPEG,n02860847,450,450,0.5997706,1,imagenet_c,defocus_blur,1,none
efficientnet_b4,ILSVRC2012_val_00008126.JPEG,n02860847,450,450,0.58941764,1,imagenet_c,defocus_blur,1,none
efficientnet_b4,ILSVRC2012_val_00010013.JPEG,n02860847,450,450,0.6363487,1,imagenet_c,defocus_blur,1,none
efficientnet_b4,ILSVRC2012_val_00010796.JPEG,n02860847,450,450,0.45288244,1,imagenet_c,defocus_blur,1,none
efficientnet_b4,ILSVRC2012_val_00010828.JPEG,n02860847,450,814,0.5443162,0,imagenet_c,defocus_blur,1,none
efficientnet_b4,ILSVRC2012_val_00011976.JPEG,n02860847,450,450,0.61537516,1,imagenet_c,defocus_blur,1,none
efficientnet_b4,ILSVRC2012_val_00013695.JPEG,n02860847,450,450,0.69774204,1,imagenet_c,defocus_blur,1,none
efficientnet_b4,ILSVRC2012_val_00014338.JPEG,n02860847,450,450,0.39013624,1,imagenet_c,defocus_blur,1,none
efficientnet_b4,ILSVRC2012_val_00014413.JPEG,n02860847,450,450,0.55508554,1,imagenet_c,defocus_blur,1,none
efficientnet_b4,ILSVRC2012_val_00015914.JPEG,n02860847,450,450,0.5410359,1,imagenet_c,defocus_blur,1,none
efficientnet_b4,ILSVRC2012_val_00018212.JPEG,n02860847,450,675,0.086519055,0,imagenet_c,defocus_blur,1,none
efficientnet_b4,ILSVRC2012_val_00019538.JPEG,n02860847,450,450,0.6229573,1,imagenet_c,defocus_blur,1,none
efficientnet_b4,ILSVRC2012_val_00020315.JPEG,n02860847,450,450,0.24852113,1,imagenet_c,defocus_blur,1,none
efficientnet_b4,ILSVRC2012_val_00020526.JPEG,n02860847,450,450,0.6066,1,imagenet_c,defocus_blur,1,none
efficientnet_b4,ILSVRC2012_val_00020605.JPEG,n02860847,450,450,0.3787672,1,imagenet_c,defocus_blur,1,none
efficientnet_b4,ILSVRC2012_val_00021907.JPEG,n02860847,450,671,0.40003175,0,imagenet_c,defocus_blur,1,none
efficientnet_b4,ILSVRC2012_val_00024568.JPEG,n02860847,450,450,0.6627605,1,imagenet_c,defocus_blur,1,none
efficientnet_b4,ILSVRC2012_val_00024826.JPEG,n02860847,450,450,0.5763724,1,imagenet_c,defocus_blur,1,none
efficientnet_b4,ILSVRC2012_val_00025196.JPEG,n02860847,450,814,0.44143003,0,imagenet_c,defocus_blur,1,none
efficientnet_b4,ILSVRC2012_val_00025451.JPEG,n02860847,450,593,0.06964305,0,imagenet_c,defocus_blur,1,none
efficientnet_b4,ILSVRC2012_val_00025923.JPEG,n02860847,450,450,0.64803505,1,imagenet_c,defocus_blur,1,none
efficientnet_b4,ILSVRC2012_val_00029717.JPEG,n02860847,450,802,0.16204329,0,imagenet_c,defocus_blur,1,none
efficientnet_b4,ILSVRC2012_val_00031459.JPEG,n02860847,450,450,0.5727904,1,imagenet_c,defocus_blur,1,none
efficientnet_b4,ILSVRC2012_val_00032760.JPEG,n02860847,450,450,0.75943774,1,imagenet_c,defocus_blur,1,none
efficientnet_b4,ILSVRC2012_val_00033253.JPEG,n02860847,450,450,0.4629958,1,imagenet_c,defocus_blur,1,none
efficientnet_b4,ILSVRC2012_val_00033607.JPEG,n02860847,450,450,0.2754721,1,imagenet_c,defocus_blur,1,none
efficientnet_b4,ILSVRC2012_val_00036215.JPEG,n02860847,450,450,0.611844,1,imagenet_c,defocus_blur,1,none
efficientnet_b4,ILSVRC2012_val_00036614.JPEG,n02860847,450,450,0.8147839,1,imagenet_c,defocus_blur,1,none
efficientnet_b4,ILSVRC2012_val_00037452.JPEG,n02860847,450,450,0.6484115,1,imagenet_c,defocus_blur,1,none
efficientnet_b4,ILSVRC2012_val_00037897.JPEG,n02860847,450,450,0.61263084,1,imagenet_c,defocus_blur,1,none
efficientnet_b4,ILSVRC2012_val_00038700.JPEG,n02860847,450,450,0.78914,1,imagenet_c,defocus_blur,1,none
efficientnet_b4,ILSVRC2012_val_00039153.JPEG,n02860847,450,450,0.61434513,1,imagenet_c,defocus_blur,1,none
efficientnet_b4,ILSVRC2012_val_00041703.JPEG,n02860847,450,802,0.25758335,0,imagenet_c,defocus_blur,1,none
efficientnet_b4,ILSVRC2012_val_00042115.JPEG,n02860847,450,450,0.6969085,1,imagenet_c,defocus_blur,1,none
efficientnet_b4,ILSVRC2012_val_00042566.JPEG,n02860847,450,450,0.4121232,1,imagenet_c,defocus_blur,1,none
efficientnet_b4,ILSVRC2012_val_00043983.JPEG,n02860847,450,450,0.6255618,1,imagenet_c,defocus_blur,1,none
efficientnet_b4,ILSVRC2012_val_00044602.JPEG,n02860847,450,450,0.15184923,1,imagenet_c,defocus_blur,1,none
efficientnet_b4,ILSVRC2012_val_00045079.JPEG,n02860847,450,450,0.83832747,1,imagenet_c,defocus_blur,1,none
efficientnet_b4,ILSVRC2012_val_00046246.JPEG,n02860847,450,450,0.7061464,1,imagenet_c,defocus_blur,1,none
efficientnet_b4,ILSVRC2012_val_00046970.JPEG,n02860847,450,450,0.6166376,1,imagenet_c,defocus_blur,1,none
efficientnet_b4,ILSVRC2012_val_00048796.JPEG,n02860847,450,450,0.5967513,1,imagenet_c,defocus_blur,1,none
efficientnet_b4,ILSVRC2012_val_00000763.JPEG,n02865351,451,451,0.8302788,1,imagenet_c,defocus_blur,1,none
efficientnet_b4,ILSVRC2012_val_00001259.JPEG,n02865351,451,451,0.6655571,1,imagenet_c,defocus_blur,1,none
efficientnet_b4,ILSVRC2012_val_00003058.JPEG,n02865351,451,451,0.7772361,1,imagenet_c,defocus_blur,1,none
efficientnet_b4,ILSVRC2012_val_00004714.JPEG,n02865351,451,451,0.7845444,1,imagenet_c,defocus_blur,1,none
efficientnet_b4,ILSVRC2012_val_00005764.JPEG,n02865351,451,451,0.33723366,1,imagenet_c,defocus_blur,1,none
efficientnet_b4,ILSVRC2012_val_00008058.JPEG,n02865351,451,451,0.5816268,1,imagenet_c,defocus_blur,1,none
efficientnet_b4,ILSVRC2012_val_00008265.JPEG,n02865351,451,451,0.71676195,1,imagenet_c,defocus_blur,1,none
efficientnet_b4,ILSVRC2012_val_00008494.JPEG,n02865351,451,684,0.39147678,0,imagenet_c,defocus_blur,1,none
efficientnet_b4,ILSVRC2012_val_00008743.JPEG,n02865351,451,451,0.6953621,1,imagenet_c,defocus_blur,1,none
efficientnet_b4,ILSVRC2012_val_00009940.JPEG,n02865351,451,451,0.7030131,1,imagenet_c,defocus_blur,1,none
efficientnet_b4,ILSVRC2012_val_00011007.JPEG,n02865351,451,499,0.13022703,0,imagenet_c,defocus_blur,1,none
efficientnet_b4,ILSVRC2012_val_00011047.JPEG,n02865351,451,451,0.8295072,1,imagenet_c,defocus_blur,1,none
efficientnet_b4,ILSVRC2012_val_00011687.JPEG,n02865351,451,823,0.2650803,0,imagenet_c,defocus_blur,1,none
efficientnet_b4,ILSVRC2012_val_00012866.JPEG,n02865351,451,451,0.8818785,1,imagenet_c,defocus_blur,1,none
efficientnet_b4,ILSVRC2012_val_00012887.JPEG,n02865351,451,617,0.13647781,0,imagenet_c,defocus_blur,1,none
efficientnet_b4,ILSVRC2012_val_00014838.JPEG,n02865351,451,451,0.5523407,1,imagenet_c,defocus_blur,1,none
efficientnet_b4,ILSVRC2012_val_00015171.JPEG,n02865351,451,451,0.76749665,1,imagenet_c,defocus_blur,1,none
efficientnet_b4,ILSVRC2012_val_00015944.JPEG,n02865351,451,451,0.6249431,1,imagenet_c,defocus_blur,1,none
efficientnet_b4,ILSVRC2012_val_00016474.JPEG,n02865351,451,860,0.093938455,0,imagenet_c,defocus_blur,1,none
efficientnet_b4,ILSVRC2012_val_00018752.JPEG,n02865351,451,451,0.6934773,1,imagenet_c,defocus_blur,1,none
efficientnet_b4,ILSVRC2012_val_00019594.JPEG,n02865351,451,451,0.60595286,1,imagenet_c,defocus_blur,1,none
efficientnet_b4,ILSVRC2012_val_00022497.JPEG,n02865351,451,451,0.6879648,1,imagenet_c,defocus_blur,1,none
efficientnet_b4,ILSVRC2012_val_00023219.JPEG,n02865351,451,600,0.1815847,0,imagenet_c,defocus_blur,1,none
efficientnet_b4,ILSVRC2012_val_00025321.JPEG,n02865351,451,451,0.78797126,1,imagenet_c,defocus_blur,1,none
efficientnet_b4,ILSVRC2012_val_00026617.JPEG,n02865351,451,451,0.743787,1,imagenet_c,defocus_blur,1,none
efficientnet_b4,ILSVRC2012_val_00028132.JPEG,n02865351,451,451,0.63821226,1,imagenet_c,defocus_blur,1,none
efficientnet_b4,ILSVRC2012_val_00029091.JPEG,n02865351,451,451,0.7200858,1,imagenet_c,defocus_blur,1,none
efficientnet_b4,ILSVRC2012_val_00029266.JPEG,n02865351,451,451,0.81056845,1,imagenet_c,defocus_blur,1,none
efficientnet_b4,ILSVRC2012_val_00031971.JPEG,n02865351,451,451,0.44611216,1,imagenet_c,defocus_blur,1,none
efficientnet_b4,ILSVRC2012_val_00031993.JPEG,n02865351,451,451,0.7277672,1,imagenet_c,defocus_blur,1,none
efficientnet_b4,ILSVRC2012_val_00033236.JPEG,n02865351,451,451,0.7597508,1,imagenet_c,defocus_blur,1,none
efficientnet_b4,ILSVRC2012_val_00033314.JPEG,n02865351,451,451,0.7639558,1,imagenet_c,defocus_blur,1,none
efficientnet_b4,ILSVRC2012_val_00033619.JPEG,n02865351,451,464,0.53815454,0,imagenet_c,defocus_blur,1,none
efficientnet_b4,ILSVRC2012_val_00035708.JPEG,n02865351,451,451,0.8339927,1,imagenet_c,defocus_blur,1,none
efficientnet_b4,ILSVRC2012_val_00037783.JPEG,n02865351,451,451,0.49981517,1,imagenet_c,defocus_blur,1,none
efficientnet_b4,ILSVRC2012_val_00038373.JPEG,n02865351,451,584,0.3639284,0,imagenet_c,defocus_blur,1,none
efficientnet_b4,ILSVRC2012_val_00038497.JPEG,n02865351,451,451,0.7752694,1,imagenet_c,defocus_blur,1,none
efficientnet_b4,ILSVRC2012_val_00039127.JPEG,n02865351,451,451,0.6728512,1,imagenet_c,defocus_blur,1,none
efficientnet_b4,ILSVRC2012_val_00040068.JPEG,n02865351,451,451,0.8641513,1,imagenet_c,defocus_blur,1,none
efficientnet_b4,ILSVRC2012_val_00042419.JPEG,n02865351,451,451,0.76108646,1,imagenet_c,defocus_blur,1,none
efficientnet_b4,ILSVRC2012_val_00044510.JPEG,n02865351,451,451,0.64662004,1,imagenet_c,defocus_blur,1,none
efficientnet_b4,ILSVRC2012_val_00044927.JPEG,n02865351,451,451,0.8075411,1,imagenet_c,defocus_blur,1,none
efficientnet_b4,ILSVRC2012_val_00045001.JPEG,n02865351,451,451,0.7172154,1,imagenet_c,defocus_blur,1,none
efficientnet_b4,ILSVRC2012_val_00046688.JPEG,n02865351,451,451,0.7916894,1,imagenet_c,defocus_blur,1,none
efficientnet_b4,ILSVRC2012_val_00047078.JPEG,n02865351,451,451,0.55716914,1,imagenet_c,defocus_blur,1,none
efficientnet_b4,ILSVRC2012_val_00047192.JPEG,n02865351,451,451,0.76087415,1,imagenet_c,defocus_blur,1,none
efficientnet_b4,ILSVRC2012_val_00048004.JPEG,n02865351,451,451,0.55757296,1,imagenet_c,defocus_blur,1,none
efficientnet_b4,ILSVRC2012_val_00049236.JPEG,n02865351,451,584,0.20262888,0,imagenet_c,defocus_blur,1,none
efficientnet_b4,ILSVRC2012_val_00049271.JPEG,n02865351,451,451,0.7075137,1,imagenet_c,defocus_blur,1,none
efficientnet_b4,ILSVRC2012_val_00049314.JPEG,n02865351,451,451,0.6226928,1,imagenet_c,defocus_blur,1,none
efficientnet_b4,ILSVRC2012_val_00000906.JPEG,n02869837,452,452,0.6829611,1,imagenet_c,defocus_blur,1,none
efficientnet_b4,ILSVRC2012_val_00001347.JPEG,n02869837,452,452,0.4430945,1,imagenet_c,defocus_blur,1,none
efficientnet_b4,ILSVRC2012_val_00002020.JPEG,n02869837,452,452,0.2390295,1,imagenet_c,defocus_blur,1,none
efficientnet_b4,ILSVRC2012_val_00002497.JPEG,n02869837,452,78,0.28729272,0,imagenet_c,defocus_blur,1,none
efficientnet_b4,ILSVRC2012_val_00005523.JPEG,n02869837,452,164,0.09873232,0,imagenet_c,defocus_blur,1,none
efficientnet_b4,ILSVRC2012_val_00006236.JPEG,n02869837,452,452,0.6534453,1,imagenet_c,defocus_blur,1,none
efficientnet_b4,ILSVRC2012_val_00008985.JPEG,n02869837,452,617,0.062148076,0,imagenet_c,defocus_blur,1,none
efficientnet_b4,ILSVRC2012_val_00009041.JPEG,n02869837,452,843,0.094138436,0,imagenet_c,defocus_blur,1,none
efficientnet_b4,ILSVRC2012_val_00010850.JPEG,n02869837,452,824,0.034603883,0,imagenet_c,defocus_blur,1,none
efficientnet_b4,ILSVRC2012_val_00012265.JPEG,n02869837,452,452,0.57194775,1,imagenet_c,defocus_blur,1,none
efficientnet_b4,ILSVRC2012_val_00013039.JPEG,n02869837,452,254,0.049110126,0,imagenet_c,defocus_blur,1,none
efficientnet_b4,ILSVRC2012_val_00014554.JPEG,n02869837,452,808,0.38307953,0,imagenet_c,defocus_blur,1,none
efficientnet_b4,ILSVRC2012_val_00015589.JPEG,n02869837,452,452,0.66354954,1,imagenet_c,defocus_blur,1,none
efficientnet_b4,ILSVRC2012_val_00015695.JPEG,n02869837,452,452,0.75377095,1,imagenet_c,defocus_blur,1,none
efficientnet_b4,ILSVRC2012_val_00016535.JPEG,n02869837,452,502,0.5033384,0,imagenet_c,defocus_blur,1,none
efficientnet_b4,ILSVRC2012_val_00016726.JPEG,n02869837,452,589,0.13846506,0,imagenet_c,defocus_blur,1,none
efficientnet_b4,ILSVRC2012_val_00017815.JPEG,n02869837,452,870,0.15201369,0,imagenet_c,defocus_blur,1,none
efficientnet_b4,ILSVRC2012_val_00018268.JPEG,n02869837,452,452,0.50664407,1,imagenet_c,defocus_blur,1,none
efficientnet_b4,ILSVRC2012_val_00020328.JPEG,n02869837,452,452,0.48274928,1,imagenet_c,defocus_blur,1,none
efficientnet_b4,ILSVRC2012_val_00021268.JPEG,n02869837,452,452,0.6604973,1,imagenet_c,defocus_blur,1,none
efficientnet_b4,ILSVRC2012_val_00022447.JPEG,n02869837,452,731,0.16071665,0,imagenet_c,defocus_blur,1,none
efficientnet_b4,ILSVRC2012_val_00023018.JPEG,n02869837,452,452,0.3998158,1,imagenet_c,defocus_blur,1,none
efficientnet_b4,ILSVRC2012_val_00024998.JPEG,n02869837,452,601,0.16632734,0,imagenet_c,defocus_blur,1,none
efficientnet_b4,ILSVRC2012_val_00025125.JPEG,n02869837,452,658,0.38528788,0,imagenet_c,defocus_blur,1,none
efficientnet_b4,ILSVRC2012_val_00026464.JPEG,n02869837,452,452,0.33405146,1,imagenet_c,defocus_blur,1,none
efficientnet_b4,ILSVRC2012_val_00027176.JPEG,n02869837,452,410,0.10574656,0,imagenet_c,defocus_blur,1,none
efficientnet_b4,ILSVRC2012_val_00028567.JPEG,n02869837,452,568,0.13477734,0,imagenet_c,defocus_blur,1,none
efficientnet_b4,ILSVRC2012_val_00030536.JPEG,n02869837,452,451,0.30826488,0,imagenet_c,defocus_blur,1,none
efficientnet_b4,ILSVRC2012_val_00031092.JPEG,n02869837,452,855,0.27107438,0,imagenet_c,defocus_blur,1,none
efficientnet_b4,ILSVRC2012_val_00033052.JPEG,n02869837,452,452,0.53806305,1,imagenet_c,defocus_blur,1,none
efficientnet_b4,ILSVRC2012_val_00033262.JPEG,n02869837,452,452,0.10532722,1,imagenet_c,defocus_blur,1,none
efficientnet_b4,ILSVRC2012_val_00033752.JPEG,n02869837,452,452,0.632478,1,imagenet_c,defocus_blur,1,none
efficientnet_b4,ILSVRC2012_val_00034968.JPEG,n02869837,452,452,0.19297355,1,imagenet_c,defocus_blur,1,none
efficientnet_b4,ILSVRC2012_val_00035326.JPEG,n02869837,452,606,0.09725027,0,imagenet_c,defocus_blur,1,none
efficientnet_b4,ILSVRC2012_val_00035857.JPEG,n02869837,452,452,0.7679797,1,imagenet_c,defocus_blur,1,none
efficientnet_b4,ILSVRC2012_val_00036133.JPEG,n02869837,452,735,0.3718396,0,imagenet_c,defocus_blur,1,none
efficientnet_b4,ILSVRC2012_val_00036768.JPEG,n02869837,452,452,0.6104345,1,imagenet_c,defocus_blur,1,none
efficientnet_b4,ILSVRC2012_val_00037513.JPEG,n02869837,452,843,0.10841951,0,imagenet_c,defocus_blur,1,none
efficientnet_b4,ILSVRC2012_val_00038441.JPEG,n02869837,452,452,0.411021,1,imagenet_c,defocus_blur,1,none
efficientnet_b4,ILSVRC2012_val_00038967.JPEG,n02869837,452,452,0.21750686,1,imagenet_c,defocus_blur,1,none
efficientnet_b4,ILSVRC2012_val_00040107.JPEG,n02869837,452,529,0.1894189,0,imagenet_c,defocus_blur,1,none
efficientnet_b4,ILSVRC2012_val_00041433.JPEG,n02869837,452,452,0.5247898,1,imagenet_c,defocus_blur,1,none
efficientnet_b4,ILSVRC2012_val_00044375.JPEG,n02869837,452,452,0.66029507,1,imagenet_c,defocus_blur,1,none
efficientnet_b4,ILSVRC2012_val_00045399.JPEG,n02869837,452,452,0.121968314,1,imagenet_c,defocus_blur,1,none
efficientnet_b4,ILSVRC2012_val_00046474.JPEG,n02869837,452,452,0.8689242,1,imagenet_c,defocus_blur,1,none
efficientnet_b4,ILSVRC2012_val_00047868.JPEG,n02869837,452,452,0.31119484,1,imagenet_c,defocus_blur,1,none
efficientnet_b4,ILSVRC2012_val_00048057.JPEG,n02869837,452,452,0.50418574,1,imagenet_c,defocus_blur,1,none
efficientnet_b4,ILSVRC2012_val_00048571.JPEG,n02869837,452,674,0.0660052,0,imagenet_c,defocus_blur,1,none
efficientnet_b4,ILSVRC2012_val_00049514.JPEG,n02869837,452,862,0.063830785,0,imagenet_c,defocus_blur,1,none
efficientnet_b4,ILSVRC2012_val_00049649.JPEG,n02869837,452,452,0.3409049,1,imagenet_c,defocus_blur,1,none
efficientnet_b4,ILSVRC2012_val_00003274.JPEG,n02870880,453,453,0.42803472,1,imagenet_c,defocus_blur,1,none
efficientnet_b4,ILSVRC2012_val_00003502.JPEG,n02870880,453,453,0.17600907,1,imagenet_c,defocus_blur,1,none
efficientnet_b4,ILSVRC2012_val_00003534.JPEG,n02870880,453,648,0.216498,0,imagenet_c,defocus_blur,1,none
efficientnet_b4,ILSVRC2012_val_00004392.JPEG,n02870880,453,453,0.40600613,1,imagenet_c,defocus_blur,1,none
efficientnet_b4,ILSVRC2012_val_00004466.JPEG,n02870880,453,453,0.5838941,1,imagenet_c,defocus_blur,1,none
efficientnet_b4,ILSVRC2012_val_00004608.JPEG,n02870880,453,453,0.41917068,1,imagenet_c,defocus_blur,1,none
efficientnet_b4,ILSVRC2012_val_00006458.JPEG,n02870880,453,585,0.16346066,0,imagenet_c,defocus_blur,1,none
efficientnet_b4,ILSVRC2012_val_00008301.JPEG,n02870880,453,453,0.35416508,1,imagenet_c,defocus_blur,1,none
efficientnet_b4,ILSVRC2012_val_00009820.JPEG,n02870880,453,453,0.26139534,1,imagenet_c,defocus_blur,1,none
efficientnet_b4,ILSVRC2012_val_00011398.JPEG,n02870880,453,453,0.15703419,1,imagenet_c,defocus_blur,1,none
efficientnet_b4,ILSVRC2012_val_00011964.JPEG,n02870880,453,453,0.5820057,1,imagenet_c,defocus_blur,1,none
efficientnet_b4,ILSVRC2012_val_00012376.JPEG,n02870880,453,548,0.2825132,0,imagenet_c,defocus_blur,1,none
efficientnet_b4,ILSVRC2012_val_00012971.JPEG,n02870880,453,453,0.516641,1,imagenet_c,defocus_blur,1,none
efficientnet_b4,ILSVRC2012_val_00014034.JPEG,n02870880,453,454,0.23089649,0,imagenet_c,defocus_blur,1,none
efficientnet_b4,ILSVRC2012_val_00014261.JPEG,n02870880,453,598,0.04824447,0,imagenet_c,defocus_blur,1,none
efficientnet_b4,ILSVRC2012_val_00014281.JPEG,n02870880,453,789,0.20997271,0,imagenet_c,defocus_blur,1,none
efficientnet_b4,ILSVRC2012_val_00015895.JPEG,n02870880,453,453,0.34166694,1,imagenet_c,defocus_blur,1,none
efficientnet_b4,ILSVRC2012_val_00016924.JPEG,n02870880,453,454,0.2903625,0,imagenet_c,defocus_blur,1,none
efficientnet_b4,ILSVRC2012_val_00017082.JPEG,n02870880,453,624,0.3973663,0,imagenet_c,defocus_blur,1,none
efficientnet_b4,ILSVRC2012_val_00018286.JPEG,n02870880,453,453,0.2542264,1,imagenet_c,defocus_blur,1,none
efficientnet_b4,ILSVRC2012_val_00019679.JPEG,n02870880,453,453,0.24838255,1,imagenet_c,defocus_blur,1,none
efficientnet_b4,ILSVRC2012_val_00019950.JPEG,n02870880,453,453,0.06502236,1,imagenet_c,defocus_blur,1,none
efficientnet_b4,ILSVRC2012_val_00020066.JPEG,n02870880,453,454,0.365726,0,imagenet_c,defocus_blur,1,none
efficientnet_b4,ILSVRC2012_val_00020091.JPEG,n02870880,453,453,0.2879012,1,imagenet_c,defocus_blur,1,none
efficientnet_b4,ILSVRC2012_val_00020182.JPEG,n02870880,453,453,0.5305967,1,imagenet_c,defocus_blur,1,none
efficientnet_b4,ILSVRC2012_val_00021309.JPEG,n02870880,453,453,0.44201455,1,imagenet_c,defocus_blur,1,none
efficientnet_b4,ILSVRC2012_val_00022661.JPEG,n02870880,453,454,0.29015124,0,imagenet_c,defocus_blur,1,none
efficientnet_b4,ILSVRC2012_val_00023290.JPEG,n02870880,453,453,0.22937006,1,imagenet_c,defocus_blur,1,none
efficientnet_b4,ILSVRC2012_val_00023672.JPEG,n02870880,453,493,0.10909942,0,imagenet_c,defocus_blur,1,none
efficientnet_b4,ILSVRC2012_val_00024694.JPEG,n02870880,453,453,0.5492232,1,imagenet_c,defocus_blur,1,none
efficientnet_b4,ILSVRC2012_val_00025247.JPEG,n02870880,453,453,0.4252415,1,imagenet_c,defocus_blur,1,none
efficientnet_b4,ILSVRC2012_val_00026166.JPEG,n02870880,453,894,0.040003892,0,imagenet_c,defocus_blur,1,none
efficientnet_b4,ILSVRC2012_val_00027364.JPEG,n02870880,453,453,0.2613619,1,imagenet_c,defocus_blur,1,none
efficientnet_b4,ILSVRC2012_val_00027683.JPEG,n02870880,453,860,0.22209841,0,imagenet_c,defocus_blur,1,none
efficientnet_b4,ILSVRC2012_val_00028848.JPEG,n02870880,453,453,0.3984767,1,imagenet_c,defocus_blur,1,none
efficientnet_b4,ILSVRC2012_val_00031142.JPEG,n02870880,453,454,0.31172734,0,imagenet_c,defocus_blur,1,none
efficientnet_b4,ILSVRC2012_val_00032229.JPEG,n02870880,453,564,0.5082637,0,imagenet_c,defocus_blur,1,none
efficientnet_b4,ILSVRC2012_val_00035826.JPEG,n02870880,453,453,0.5810749,1,imagenet_c,defocus_blur,1,none
efficientnet_b4,ILSVRC2012_val_00036412.JPEG,n02870880,453,453,0.50706476,1,imagenet_c,defocus_blur,1,none
efficientnet_b4,ILSVRC2012_val_00036444.JPEG,n02870880,453,495,0.5348787,0,imagenet_c,defocus_blur,1,none
efficientnet_b4,ILSVRC2012_val_00038249.JPEG,n02870880,453,548,0.5078345,0,imagenet_c,defocus_blur,1,none
efficientnet_b4,ILSVRC2012_val_00040477.JPEG,n02870880,453,453,0.418701,1,imagenet_c,defocus_blur,1,none
efficientnet_b4,ILSVRC2012_val_00040682.JPEG,n02870880,453,777,0.22444126,0,imagenet_c,defocus_blur,1,none
efficientnet_b4,ILSVRC2012_val_00042919.JPEG,n02870880,453,548,0.68470645,0,imagenet_c,defocus_blur,1,none
efficientnet_b4,ILSVRC2012_val_00043283.JPEG,n02870880,453,453,0.16082895,1,imagenet_c,defocus_blur,1,none
efficientnet_b4,ILSVRC2012_val_00044634.JPEG,n02870880,453,453,0.6513289,1,imagenet_c,defocus_blur,1,none
efficientnet_b4,ILSVRC2012_val_00046060.JPEG,n02870880,453,453,0.70438385,1,imagenet_c,defocus_blur,1,none
efficientnet_b4,ILSVRC2012_val_00046818.JPEG,n02870880,453,453,0.1898378,1,imagenet_c,defocus_blur,1,none
efficientnet_b4,ILSVRC2012_val_00048179.JPEG,n02870880,453,519,0.08252919,0,imagenet_c,defocus_blur,1,none
efficientnet_b4,ILSVRC2012_val_00048605.JPEG,n02870880,453,624,0.21382138,0,imagenet_c,defocus_blur,1,none
efficientnet_b4,ILSVRC2012_val_00000879.JPEG,n02871525,454,860,0.29539034,0,imagenet_c,defocus_blur,1,none
efficientnet_b4,ILSVRC2012_val_00000896.JPEG,n02871525,454,860,0.053316217,0,imagenet_c,defocus_blur,1,none
efficientnet_b4,ILSVRC2012_val_00003005.JPEG,n02871525,454,454,0.39531174,1,imagenet_c,defocus_blur,1,none
efficientnet_b4,ILSVRC2012_val_00003028.JPEG,n02871525,454,860,0.21591765,0,imagenet_c,defocus_blur,1,none
efficientnet_b4,ILSVRC2012_val_00005079.JPEG,n02871525,454,454,0.5210763,1,imagenet_c,defocus_blur,1,none
efficientnet_b4,ILSVRC2012_val_00005469.JPEG,n02871525,454,454,0.39399645,1,imagenet_c,defocus_blur,1,none
efficientnet_b4,ILSVRC2012_val_00005712.JPEG,n02871525,454,624,0.14734015,0,imagenet_c,defocus_blur,1,none
efficientnet_b4,ILSVRC2012_val_00005855.JPEG,n02871525,454,454,0.26702732,1,imagenet_c,defocus_blur,1,none
efficientnet_b4,ILSVRC2012_val_00008560.JPEG,n02871525,454,860,0.41172615,0,imagenet_c,defocus_blur,1,none
efficientnet_b4,ILSVRC2012_val_00011076.JPEG,n02871525,454,860,0.12577854,0,imagenet_c,defocus_blur,1,none
efficientnet_b4,ILSVRC2012_val_00011760.JPEG,n02871525,454,624,0.16259432,0,imagenet_c,defocus_blur,1,none
efficientnet_b4,ILSVRC2012_val_00012405.JPEG,n02871525,454,775,0.08489845,0,imagenet_c,defocus_blur,1,none
efficientnet_b4,ILSVRC2012_val_00012560.JPEG,n02871525,454,582,0.18406649,0,imagenet_c,defocus_blur,1,none
efficientnet_b4,ILSVRC2012_val_00012973.JPEG,n02871525,454,498,0.2165583,0,imagenet_c,defocus_blur,1,none
efficientnet_b4,ILSVRC2012_val_00013599.JPEG,n02871525,454,704,0.0662975,0,imagenet_c,defocus_blur,1,none
efficientnet_b4,ILSVRC2012_val_00014388.JPEG,n02871525,454,624,0.17247626,0,imagenet_c,defocus_blur,1,none
efficientnet_b4,ILSVRC2012_val_00017877.JPEG,n02871525,454,509,0.09174642,0,imagenet_c,defocus_blur,1,none
efficientnet_b4,ILSVRC2012_val_00017978.JPEG,n02871525,454,860,0.25113457,0,imagenet_c,defocus_blur,1,none
efficientnet_b4,ILSVRC2012_val_00018114.JPEG,n02871525,454,454,0.120026074,1,imagenet_c,defocus_blur,1,none
efficientnet_b4,ILSVRC2012_val_00019487.JPEG,n02871525,454,454,0.41524112,1,imagenet_c,defocus_blur,1,none
efficientnet_b4,ILSVRC2012_val_00020335.JPEG,n02871525,454,860,0.43814668,0,imagenet_c,defocus_blur,1,none
efficientnet_b4,ILSVRC2012_val_00021555.JPEG,n02871525,454,454,0.51400214,1,imagenet_c,defocus_blur,1,none
efficientnet_b4,ILSVRC2012_val_00021897.JPEG,n02871525,454,454,0.1915672,1,imagenet_c,defocus_blur,1,none
efficientnet_b4,ILSVRC2012_val_00023067.JPEG,n02871525,454,624,0.4007147,0,imagenet_c,defocus_blur,1,none
efficientnet_b4,ILSVRC2012_val_00024980.JPEG,n02871525,454,853,0.06025342,0,imagenet_c,defocus_blur,1,none
efficientnet_b4,ILSVRC2012_val_00026973.JPEG,n02871525,454,860,0.09723441,0,imagenet_c,defocus_blur,1,none
efficientnet_b4,ILSVRC2012_val_00027303.JPEG,n02871525,454,582,0.08151578,0,imagenet_c,defocus_blur,1,none
efficientnet_b4,ILSVRC2012_val_00029773.JPEG,n02871525,454,454,0.3162016,1,imagenet_c,defocus_blur,1,none
efficientnet_b4,ILSVRC2012_val_00033346.JPEG,n02871525,454,454,0.4239023,1,imagenet_c,defocus_blur,1,none
efficientnet_b4,ILSVRC2012_val_00034004.JPEG,n02871525,454,454,0.49430192,1,imagenet_c,defocus_blur,1,none
efficientnet_b4,ILSVRC2012_val_00034632.JPEG,n02871525,454,624,0.33758816,0,imagenet_c,defocus_blur,1,none
efficientnet_b4,ILSVRC2012_val_00034700.JPEG,n02871525,454,624,0.106765434,0,imagenet_c,defocus_blur,1,none
efficientnet_b4,ILSVRC2012_val_00034868.JPEG,n02871525,454,454,0.32394126,1,imagenet_c,defocus_blur,1,none
efficientnet_b4,ILSVRC2012_val_00035106.JPEG,n02871525,454,624,0.59064865,0,imagenet_c,defocus_blur,1,none
efficientnet_b4,ILSVRC2012_val_00035998.JPEG,n02871525,454,582,0.07452093,0,imagenet_c,defocus_blur,1,none
efficientnet_b4,ILSVRC2012_val_00039023.JPEG,n02871525,454,905,0.026000403,0,imagenet_c,defocus_blur,1,none
efficientnet_b4,ILSVRC2012_val_00039702.JPEG,n02871525,454,860,0.1941284,0,imagenet_c,defocus_blur,1,none
efficientnet_b4,ILSVRC2012_val_00040457.JPEG,n02871525,454,454,0.27142116,1,imagenet_c,defocus_blur,1,none
efficientnet_b4,ILSVRC2012_val_00040739.JPEG,n02871525,454,675,0.22423558,0,imagenet_c,defocus_blur,1,none
efficientnet_b4,ILSVRC2012_val_00041323.JPEG,n02871525,454,582,0.09485503,0,imagenet_c,defocus_blur,1,none
efficientnet_b4,ILSVRC2012_val_00041619.JPEG,n02871525,454,781,0.057366915,0,imagenet_c,defocus_blur,1,none
efficientnet_b4,ILSVRC2012_val_00041959.JPEG,n02871525,454,454,0.20055301,1,imagenet_c,defocus_blur,1,none
efficientnet_b4,ILSVRC2012_val_00043099.JPEG,n02871525,454,865,0.16184695,0,imagenet_c,defocus_blur,1,none
efficientnet_b4,ILSVRC2012_val_00044675.JPEG,n02871525,454,582,0.5403625,0,imagenet_c,defocus_blur,1,none
efficientnet_b4,ILSVRC2012_val_00045104.JPEG,n02871525,454,454,0.30685443,1,imagenet_c,defocus_blur,1,none
efficientnet_b4,ILSVRC2012_val_00046690.JPEG,n02871525,454,865,0.39435345,0,imagenet_c,defocus_blur,1,none
efficientnet_b4,ILSVRC2012_val_00047336.JPEG,n02871525,454,454,0.4466921,1,imagenet_c,defocus_blur,1,none
efficientnet_b4,ILSVRC2012_val_00047726.JPEG,n02871525,454,582,0.2878209,0,imagenet_c,defocus_blur,1,none
efficientnet_b4,ILSVRC2012_val_00049026.JPEG,n02871525,454,454,0.20997004,1,imagenet_c,defocus_blur,1,none
efficientnet_b4,ILSVRC2012_val_00049749.JPEG,n02871525,454,454,0.17242824,1,imagenet_c,defocus_blur,1,none
efficientnet_b4,ILSVRC2012_val_00000634.JPEG,n02877765,455,455,0.6560145,1,imagenet_c,defocus_blur,1,none
efficientnet_b4,ILSVRC2012_val_00001080.JPEG,n02877765,455,464,0.14818043,0,imagenet_c,defocus_blur,1,none
efficientnet_b4,ILSVRC2012_val_00003266.JPEG,n02877765,455,455,0.35330248,1,imagenet_c,defocus_blur,1,none
efficientnet_b4,ILSVRC2012_val_00004124.JPEG,n02877765,455,491,0.33698523,0,imagenet_c,defocus_blur,1,none
efficientnet_b4,ILSVRC2012_val_00005032.JPEG,n02877765,455,406,0.10831247,0,imagenet_c,defocus_blur,1,none
efficientnet_b4,ILSVRC2012_val_00006337.JPEG,n02877765,455,440,0.16709337,0,imagenet_c,defocus_blur,1,none
efficientnet_b4,ILSVRC2012_val_00006518.JPEG,n02877765,455,737,0.18672916,0,imagenet_c,defocus_blur,1,none
efficientnet_b4,ILSVRC2012_val_00006672.JPEG,n02877765,455,455,0.5912888,1,imagenet_c,defocus_blur,1,none
efficientnet_b4,ILSVRC2012_val_00009186.JPEG,n02877765,455,451,0.21694468,0,imagenet_c,defocus_blur,1,none
efficientnet_b4,ILSVRC2012_val_00009238.JPEG,n02877765,455,455,0.440856,1,imagenet_c,defocus_blur,1,none
efficientnet_b4,ILSVRC2012_val_00009849.JPEG,n02877765,455,455,0.58864754,1,imagenet_c,defocus_blur,1,none
efficientnet_b4,ILSVRC2012_val_00010980.JPEG,n02877765,455,455,0.5505209,1,imagenet_c,defocus_blur,1,none
efficientnet_b4,ILSVRC2012_val_00012104.JPEG,n02877765,455,626,0.16973786,0,imagenet_c,defocus_blur,1,none
efficientnet_b4,ILSVRC2012_val_00012571.JPEG,n02877765,455,455,0.66536164,1,imagenet_c,defocus_blur,1,none
efficientnet_b4,ILSVRC2012_val_00012882.JPEG,n02877765,455,455,0.50148344,1,imagenet_c,defocus_blur,1,none
efficientnet_b4,ILSVRC2012_val_00016826.JPEG,n02877765,455,455,0.62187594,1,imagenet_c,defocus_blur,1,none
efficientnet_b4,ILSVRC2012_val_00018153.JPEG,n02877765,455,455,0.55563146,1,imagenet_c,defocus_blur,1,none
efficientnet_b4,ILSVRC2012_val_00018878.JPEG,n02877765,455,455,0.5294934,1,imagenet_c,defocus_blur,1,none
efficientnet_b4,ILSVRC2012_val_00021065.JPEG,n02877765,455,712,0.21743882,0,imagenet_c,defocus_blur,1,none
efficientnet_b4,ILSVRC2012_val_00021067.JPEG,n02877765,455,679,0.2639885,0,imagenet_c,defocus_blur,1,none
efficientnet_b4,ILSVRC2012_val_00021233.JPEG,n02877765,455,684,0.11213313,0,imagenet_c,defocus_blur,1,none
efficientnet_b4,ILSVRC2012_val_00021639.JPEG,n02877765,455,455,0.42813307,1,imagenet_c,defocus_blur,1,none
efficientnet_b4,ILSVRC2012_val_00022892.JPEG,n02877765,455,769,0.5804931,0,imagenet_c,defocus_blur,1,none
efficientnet_b4,ILSVRC2012_val_00022904.JPEG,n02877765,455,455,0.5501336,1,imagenet_c,defocus_blur,1,none
efficientnet_b4,ILSVRC2012_val_00023029.JPEG,n02877765,455,455,0.42079824,1,imagenet_c,defocus_blur,1,none
efficientnet_b4,ILSVRC2012_val_00024230.JPEG,n02877765,455,455,0.48683104,1,imagenet_c,defocus_blur,1,none
efficientnet_b4,ILSVRC2012_val_00025363.JPEG,n02877765,455,455,0.0546996,1,imagenet_c,defocus_blur,1,none
efficientnet_b4,ILSVRC2012_val_00027346.JPEG,n02877765,455,679,0.102019735,0,imagenet_c,defocus_blur,1,none
efficientnet_b4,ILSVRC2012_val_00027381.JPEG,n02877765,455,760,0.31995952,0,imagenet_c,defocus_blur,1,none
efficientnet_b4,ILSVRC2012_val_00028094.JPEG,n02877765,455,455,0.40557772,1,imagenet_c,defocus_blur,1,none
efficientnet_b4,ILSVRC2012_val_00028640.JPEG,n02877765,455,611,0.2432196,0,imagenet_c,defocus_blur,1,none
efficientnet_b4,ILSVRC2012_val_00029957.JPEG,n02877765,455,455,0.49525914,1,imagenet_c,defocus_blur,1,none
efficientnet_b4,ILSVRC2012_val_00030430.JPEG,n02877765,455,455,0.57095647,1,imagenet_c,defocus_blur,1,none
efficientnet_b4,ILSVRC2012_val_00030650.JPEG,n02877765,455,455,0.62238425,1,imagenet_c,defocus_blur,1,none
efficientnet_b4,ILSVRC2012_val_00031839.JPEG,n02877765,455,679,0.13522087,0,imagenet_c,defocus_blur,1,none
efficientnet_b4,ILSVRC2012_val_00031978.JPEG,n02877765,455,723,0.5753252,0,imagenet_c,defocus_blur,1,none
efficientnet_b4,ILSVRC2012_val_00032823.JPEG,n02877765,455,455,0.21975009,1,imagenet_c,defocus_blur,1,none
efficientnet_b4,ILSVRC2012_val_00032877.JPEG,n02877765,455,865,0.039274026,0,imagenet_c,defocus_blur,1,none
efficientnet_b4,ILSVRC2012_val_00033377.JPEG,n02877765,455,455,0.47509867,1,imagenet_c,defocus_blur,1,none
efficientnet_b4,ILSVRC2012_val_00033976.JPEG,n02877765,455,455,0.4336007,1,imagenet_c,defocus_blur,1,none
efficientnet_b4,ILSVRC2012_val_00036686.JPEG,n02877765,455,455,0.55828154,1,imagenet_c,defocus_blur,1,none
efficientnet_b4,ILSVRC2012_val_00036809.JPEG,n02877765,455,455,0.5409002,1,imagenet_c,defocus_blur,1,none
efficientnet_b4,ILSVRC2012_val_00038722.JPEG,n02877765,455,455,0.40654737,1,imagenet_c,defocus_blur,1,none
efficientnet_b4,ILSVRC2012_val_00040091.JPEG,n02877765,455,455,0.5748569,1,imagenet_c,defocus_blur,1,none
efficientnet_b4,ILSVRC2012_val_00041502.JPEG,n02877765,455,455,0.7487672,1,imagenet_c,defocus_blur,1,none
efficientnet_b4,ILSVRC2012_val_00041719.JPEG,n02877765,455,455,0.39274913,1,imagenet_c,defocus_blur,1,none
efficientnet_b4,ILSVRC2012_val_00045915.JPEG,n02877765,455,488,0.28853524,0,imagenet_c,defocus_blur,1,none
efficientnet_b4,ILSVRC2012_val_00047879.JPEG,n02877765,455,720,0.23082945,0,imagenet_c,defocus_blur,1,none
efficientnet_b4,ILSVRC2012_val_00049904.JPEG,n02877765,455,455,0.43878302,1,imagenet_c,defocus_blur,1,none
efficientnet_b4,ILSVRC2012_val_00049979.JPEG,n02877765,455,455,0.6432944,1,imagenet_c,defocus_blur,1,none
efficientnet_b4,ILSVRC2012_val_00001354.JPEG,n02879718,456,456,0.3051291,1,imagenet_c,defocus_blur,1,none
efficientnet_b4,ILSVRC2012_val_00001542.JPEG,n02879718,456,730,0.22865134,0,imagenet_c,defocus_blur,1,none
efficientnet_b4,ILSVRC2012_val_00002181.JPEG,n02879718,456,613,0.13730395,0,imagenet_c,defocus_blur,1,none
efficientnet_b4,ILSVRC2012_val_00002733.JPEG,n02879718,456,456,0.50071454,1,imagenet_c,defocus_blur,1,none
efficientnet_b4,ILSVRC2012_val_00002758.JPEG,n02879718,456,456,0.66629714,1,imagenet_c,defocus_blur,1,none
efficientnet_b4,ILSVRC2012_val_00002777.JPEG,n02879718,456,456,0.54209965,1,imagenet_c,defocus_blur,1,none
efficientnet_b4,ILSVRC2012_val_00004535.JPEG,n02879718,456,522,0.13458978,0,imagenet_c,defocus_blur,1,none
efficientnet_b4,ILSVRC2012_val_00004686.JPEG,n02879718,456,456,0.70435256,1,imagenet_c,defocus_blur,1,none
efficientnet_b4,ILSVRC2012_val_00006182.JPEG,n02879718,456,456,0.85836977,1,imagenet_c,defocus_blur,1,none
efficientnet_b4,ILSVRC2012_val_00008892.JPEG,n02879718,456,456,0.45939627,1,imagenet_c,defocus_blur,1,none
efficientnet_b4,ILSVRC2012_val_00009306.JPEG,n02879718,456,189,0.03607682,0,imagenet_c,defocus_blur,1,none
efficientnet_b4,ILSVRC2012_val_00009760.JPEG,n02879718,456,456,0.22850919,1,imagenet_c,defocus_blur,1,none
efficientnet_b4,ILSVRC2012_val_00010832.JPEG,n02879718,456,456,0.72319317,1,imagenet_c,defocus_blur,1,none
efficientnet_b4,ILSVRC2012_val_00014440.JPEG,n02879718,456,413,0.5788511,0,imagenet_c,defocus_blur,1,none
efficientnet_b4,ILSVRC2012_val_00014481.JPEG,n02879718,456,602,0.057421554,0,imagenet_c,defocus_blur,1,none
efficientnet_b4,ILSVRC2012_val_00015639.JPEG,n02879718,456,456,0.3469478,1,imagenet_c,defocus_blur,1,none
efficientnet_b4,ILSVRC2012_val_00017996.JPEG,n02879718,456,645,0.09296044,0,imagenet_c,defocus_blur,1,none
efficientnet_b4,ILSVRC2012_val_00019720.JPEG,n02879718,456,456,0.20540574,1,imagenet_c,defocus_blur,1,none
efficientnet_b4,ILSVRC2012_val_00019789.JPEG,n02879718,456,456,0.43317035,1,imagenet_c,defocus_blur,1,none
efficientnet_b4,ILSVRC2012_val_00021011.JPEG,n02879718,456,456,0.6990275,1,imagenet_c,defocus_blur,1,none
efficientnet_b4,ILSVRC2012_val_00021260.JPEG,n02879718,456,456,0.7257323,1,imagenet_c,defocus_blur,1,none
efficientnet_b4,ILSVRC2012_val_00022383.JPEG,n02879718,456,456,0.4734734,1,imagenet_c,defocus_blur,1,none
efficientnet_b4,ILSVRC2012_val_00022831.JPEG,n02879718,456,456,0.6208743,1,imagenet_c,defocus_blur,1,none
efficientnet_b4,ILSVRC2012_val_00022955.JPEG,n02879718,456,456,0.73877585,1,imagenet_c,defocus_blur,1,none
efficientnet_b4,ILSVRC2012_val_00025486.JPEG,n02879718,456,456,0.7053862,1,imagenet_c,defocus_blur,1,none
efficientnet_b4,ILSVRC2012_val_00026196.JPEG,n02879718,456,413,0.2095724,0,imagenet_c,defocus_blur,1,none
efficientnet_b4,ILSVRC2012_val_00026610.JPEG,n02879718,456,456,0.19908267,1,imagenet_c,defocus_blur,1,none
efficientnet_b4,ILSVRC2012_val_00027306.JPEG,n02879718,456,350,0.052742116,0,imagenet_c,defocus_blur,1,none
efficientnet_b4,ILSVRC2012_val_00029148.JPEG,n02879718,456,456,0.7374263,1,imagenet_c,defocus_blur,1,none
efficientnet_b4,ILSVRC2012_val_00030252.JPEG,n02879718,456,456,0.47368014,1,imagenet_c,defocus_blur,1,none
efficientnet_b4,ILSVRC2012_val_00031070.JPEG,n02879718,456,456,0.681471,1,imagenet_c,defocus_blur,1,none
efficientnet_b4,ILSVRC2012_val_00031286.JPEG,n02879718,456,456,0.62320656,1,imagenet_c,defocus_blur,1,none
efficientnet_b4,ILSVRC2012_val_00032465.JPEG,n02879718,456,596,0.0216526,0,imagenet_c,defocus_blur,1,none
efficientnet_b4,ILSVRC2012_val_00032955.JPEG,n02879718,456,537,0.0897003,0,imagenet_c,defocus_blur,1,none
efficientnet_b4,ILSVRC2012_val_00033754.JPEG,n02879718,456,456,0.8152085,1,imagenet_c,defocus_blur,1,none
efficientnet_b4,ILSVRC2012_val_00033814.JPEG,n02879718,456,645,0.08554388,0,imagenet_c,defocus_blur,1,none
efficientnet_b4,ILSVRC2012_val_00034759.JPEG,n02879718,456,456,0.40366563,1,imagenet_c,defocus_blur,1,none
efficientnet_b4,ILSVRC2012_val_00034986.JPEG,n02879718,456,645,0.054289564,0,imagenet_c,defocus_blur,1,none
efficientnet_b4,ILSVRC2012_val_00041962.JPEG,n02879718,456,456,0.5218949,1,imagenet_c,defocus_blur,1,none
efficientnet_b4,ILSVRC2012_val_00042569.JPEG,n02879718,456,456,0.55868727,1,imagenet_c,defocus_blur,1,none
efficientnet_b4,ILSVRC2012_val_00043151.JPEG,n02879718,456,456,0.18319188,1,imagenet_c,defocus_blur,1,none
efficientnet_b4,ILSVRC2012_val_00043316.JPEG,n02879718,456,456,0.45077854,1,imagenet_c,defocus_blur,1,none
efficientnet_b4,ILSVRC2012_val_00043427.JPEG,n02879718,456,862,0.1317964,0,imagenet_c,defocus_blur,1,none
efficientnet_b4,ILSVRC2012_val_00043811.JPEG,n02879718,456,862,0.06175027,0,imagenet_c,defocus_blur,1,none
efficientnet_b4,ILSVRC2012_val_00045257.JPEG,n02879718,456,456,0.28487235,1,imagenet_c,defocus_blur,1,none
efficientnet_b4,ILSVRC2012_val_00046293.JPEG,n02879718,456,456,0.459737,1,imagenet_c,defocus_blur,1,none
efficientnet_b4,ILSVRC2012_val_00047335.JPEG,n02879718,456,708,0.49723825,0,imagenet_c,defocus_blur,1,none
efficientnet_b4,ILSVRC2012_val_00047446.JPEG,n02879718,456,542,0.11101298,0,imagenet_c,defocus_blur,1,none
efficientnet_b4,ILSVRC2012_val_00047775.JPEG,n02879718,456,456,0.64150923,1,imagenet_c,defocus_blur,1,none
efficientnet_b4,ILSVRC2012_val_00048884.JPEG,n02879718,456,456,0.77576804,1,imagenet_c,defocus_blur,1,none
efficientnet_b4,ILSVRC2012_val_00000126.JPEG,n02883205,457,457,0.41640538,1,imagenet_c,defocus_blur,1,none
efficientnet_b4,ILSVRC2012_val_00000202.JPEG,n02883205,457,457,0.15374228,1,imagenet_c,defocus_blur,1,none
efficientnet_b4,ILSVRC2012_val_00002038.JPEG,n02883205,457,457,0.70055306,1,imagenet_c,defocus_blur,1,none
efficientnet_b4,ILSVRC2012_val_00003045.JPEG,n02883205,457,457,0.5482677,1,imagenet_c,defocus_blur,1,none
efficientnet_b4,ILSVRC2012_val_00003907.JPEG,n02883205,457,457,0.7155689,1,imagenet_c,defocus_blur,1,none
efficientnet_b4,ILSVRC2012_val_00003934.JPEG,n02883205,457,761,0.258371,0,imagenet_c,defocus_blur,1,none
efficientnet_b4,ILSVRC2012_val_00004839.JPEG,n02883205,457,457,0.50700307,1,imagenet_c,defocus_blur,1,none
efficientnet_b4,ILSVRC2012_val_00004943.JPEG,n02883205,457,624,0.033115905,0,imagenet_c,defocus_blur,1,none
efficientnet_b4,ILSVRC2012_val_00004987.JPEG,n02883205,457,906,0.31451204,0,imagenet_c,defocus_blur,1,none
efficientnet_b4,ILSVRC2012_val_00005569.JPEG,n02883205,457,470,0.41783133,0,imagenet_c,defocus_blur,1,none
efficientnet_b4,ILSVRC2012_val_00005907.JPEG,n02883205,457,457,0.623139,1,imagenet_c,defocus_blur,1,none
efficientnet_b4,ILSVRC2012_val_00006456.JPEG,n02883205,457,457,0.35832256,1,imagenet_c,defocus_blur,1,none
efficientnet_b4,ILSVRC2012_val_00007305.JPEG,n02883205,457,457,0.31846017,1,imagenet_c,defocus_blur,1,none
efficientnet_b4,ILSVRC2012_val_00008612.JPEG,n02883205,457,457,0.30391654,1,imagenet_c,defocus_blur,1,none
efficientnet_b4,ILSVRC2012_val_00008638.JPEG,n02883205,457,457,0.64625907,1,imagenet_c,defocus_blur,1,none
efficientnet_b4,ILSVRC2012_val_00009483.JPEG,n02883205,457,457,0.54893553,1,imagenet_c,defocus_blur,1,none
efficientnet_b4,ILSVRC2012_val_00012387.JPEG,n02883205,457,652,0.12340985,0,imagenet_c,defocus_blur,1,none
efficientnet_b4,ILSVRC2012_val_00012923.JPEG,n02883205,457,457,0.66945475,1,imagenet_c,defocus_blur,1,none
efficientnet_b4,ILSVRC2012_val_00015595.JPEG,n02883205,457,457,0.55478585,1,imagenet_c,defocus_blur,1,none
efficientnet_b4,ILSVRC2012_val_00017785.JPEG,n02883205,457,457,0.25780922,1,imagenet_c,defocus_blur,1,none
efficientnet_b4,ILSVRC2012_val_00019224.JPEG,n02883205,457,834,0.06327953,0,imagenet_c,defocus_blur,1,none
efficientnet_b4,ILSVRC2012_val_00020423.JPEG,n02883205,457,457,0.4369316,1,imagenet_c,defocus_blur,1,none
efficientnet_b4,ILSVRC2012_val_00022542.JPEG,n02883205,457,457,0.20252234,1,imagenet_c,defocus_blur,1,none
efficientnet_b4,ILSVRC2012_val_00024771.JPEG,n02883205,457,689,0.07373553,0,imagenet_c,defocus_blur,1,none
efficientnet_b4,ILSVRC2012_val_00027212.JPEG,n02883205,457,457,0.5785381,1,imagenet_c,defocus_blur,1,none
efficientnet_b4,ILSVRC2012_val_00028840.JPEG,n02883205,457,906,0.3678291,0,imagenet_c,defocus_blur,1,none
efficientnet_b4,ILSVRC2012_val_00029234.JPEG,n02883205,457,906,0.072068036,0,imagenet_c,defocus_blur,1,none
efficientnet_b4,ILSVRC2012_val_00029826.JPEG,n02883205,457,400,0.24619037,0,imagenet_c,defocus_blur,1,none
efficientnet_b4,ILSVRC2012_val_00031215.JPEG,n02883205,457,457,0.66400516,1,imagenet_c,defocus_blur,1,none
efficientnet_b4,ILSVRC2012_val_00031681.JPEG,n02883205,457,573,0.026608897,0,imagenet_c,defocus_blur,1,none
efficientnet_b4,ILSVRC2012_val_00033208.JPEG,n02883205,457,515,0.2097445,0,imagenet_c,defocus_blur,1,none
efficientnet_b4,ILSVRC2012_val_00033484.JPEG,n02883205,457,457,0.67399865,1,imagenet_c,defocus_blur,1,none
efficientnet_b4,ILSVRC2012_val_00034710.JPEG,n02883205,457,457,0.20051716,1,imagenet_c,defocus_blur,1,none
efficientnet_b4,ILSVRC2012_val_00034967.JPEG,n02883205,457,457,0.6105149,1,imagenet_c,defocus_blur,1,none
efficientnet_b4,ILSVRC2012_val_00036348.JPEG,n02883205,457,699,0.09669455,0,imagenet_c,defocus_blur,1,none
efficientnet_b4,ILSVRC2012_val_00036568.JPEG,n02883205,457,457,0.25519478,1,imagenet_c,defocus_blur,1,none
efficientnet_b4,ILSVRC2012_val_00036791.JPEG,n02883205,457,906,0.34555784,0,imagenet_c,defocus_blur,1,none
efficientnet_b4,ILSVRC2012_val_00037178.JPEG,n02883205,457,869,0.31925136,0,imagenet_c,defocus_blur,1,none
efficientnet_b4,ILSVRC2012_val_00037646.JPEG,n02883205,457,457,0.5800641,1,imagenet_c,defocus_blur,1,none
efficientnet_b4,ILSVRC2012_val_00038746.JPEG,n02883205,457,457,0.22608721,1,imagenet_c,defocus_blur,1,none
efficientnet_b4,ILSVRC2012_val_00039581.JPEG,n02883205,457,457,0.4595419,1,imagenet_c,defocus_blur,1,none
efficientnet_b4,ILSVRC2012_val_00039746.JPEG,n02883205,457,457,0.640625,1,imagenet_c,defocus_blur,1,none
efficientnet_b4,ILSVRC2012_val_00042358.JPEG,n02883205,457,457,0.46585903,1,imagenet_c,defocus_blur,1,none
efficientnet_b4,ILSVRC2012_val_00042415.JPEG,n02883205,457,457,0.17125961,1,imagenet_c,defocus_blur,1,none
efficientnet_b4,ILSVRC2012_val_00043821.JPEG,n02883205,457,457,0.439003,1,imagenet_c,defocus_blur,1,none
efficientnet_b4,ILSVRC2012_val_00043900.JPEG,n02883205,457,457,0.5355304,1,imagenet_c,defocus_blur,1,none
efficientnet_b4,ILSVRC2012_val_00045515.JPEG,n02883205,457,523,0.14926459,0,imagenet_c,defocus_blur,1,none
efficientnet_b4,ILSVRC2012_val_00047120.JPEG,n02883205,457,929,0.06190936,0,imagenet_c,defocus_blur,1,none
efficientnet_b4,ILSVRC2012_val_00047478.JPEG,n02883205,457,457,0.26780763,1,imagenet_c,defocus_blur,1,none
efficientnet_b4,ILSVRC2012_val_00047612.JPEG,n02883205,457,457,0.115295574,1,imagenet_c,defocus_blur,1,none
efficientnet_b4,ILSVRC2012_val_00001145.JPEG,n02892201,458,458,0.39987087,1,imagenet_c,defocus_blur,1,none
efficientnet_b4,ILSVRC2012_val_00002868.JPEG,n02892201,458,921,0.3410438,0,imagenet_c,defocus_blur,1,none
efficientnet_b4,ILSVRC2012_val_00003048.JPEG,n02892201,458,458,0.30101344,1,imagenet_c,defocus_blur,1,none
efficientnet_b4,ILSVRC2012_val_00003755.JPEG,n02892201,458,902,0.055698812,0,imagenet_c,defocus_blur,1,none
efficientnet_b4,ILSVRC2012_val_00004027.JPEG,n02892201,458,458,0.68758476,1,imagenet_c,defocus_blur,1,none
efficientnet_b4,ILSVRC2012_val_00004309.JPEG,n02892201,458,458,0.120568104,1,imagenet_c,defocus_blur,1,none
efficientnet_b4,ILSVRC2012_val_00004603.JPEG,n02892201,458,458,0.11982089,1,imagenet_c,defocus_blur,1,none
efficientnet_b4,ILSVRC2012_val_00005810.JPEG,n02892201,458,522,0.045530852,0,imagenet_c,defocus_blur,1,none
efficientnet_b4,ILSVRC2012_val_00006299.JPEG,n02892201,458,458,0.41009924,1,imagenet_c,defocus_blur,1,none
efficientnet_b4,ILSVRC2012_val_00007203.JPEG,n02892201,458,922,0.04074147,0,imagenet_c,defocus_blur,1,none
efficientnet_b4,ILSVRC2012_val_00008734.JPEG,n02892201,458,458,0.23266846,1,imagenet_c,defocus_blur,1,none
efficientnet_b4,ILSVRC2012_val_00010404.JPEG,n02892201,458,458,0.5780136,1,imagenet_c,defocus_blur,1,none
efficientnet_b4,ILSVRC2012_val_00010510.JPEG,n02892201,458,458,0.20671237,1,imagenet_c,defocus_blur,1,none
efficientnet_b4,ILSVRC2012_val_00014939.JPEG,n02892201,458,811,0.30955306,0,imagenet_c,defocus_blur,1,none
efficientnet_b4,ILSVRC2012_val_00016139.JPEG,n02892201,458,703,0.33805114,0,imagenet_c,defocus_blur,1,none
efficientnet_b4,ILSVRC2012_val_00017201.JPEG,n02892201,458,918,0.15285936,0,imagenet_c,defocus_blur,1,none
efficientnet_b4,ILSVRC2012_val_00017464.JPEG,n02892201,458,798,0.41047254,0,imagenet_c,defocus_blur,1,none
efficientnet_b4,ILSVRC2012_val_00019749.JPEG,n02892201,458,458,0.5547505,1,imagenet_c,defocus_blur,1,none
efficientnet_b4,ILSVRC2012_val_00020092.JPEG,n02892201,458,458,0.5655841,1,imagenet_c,defocus_blur,1,none
efficientnet_b4,ILSVRC2012_val_00022073.JPEG,n02892201,458,916,0.06546722,0,imagenet_c,defocus_blur,1,none
efficientnet_b4,ILSVRC2012_val_00023043.JPEG,n02892201,458,458,0.50131875,1,imagenet_c,defocus_blur,1,none
efficientnet_b4,ILSVRC2012_val_00023195.JPEG,n02892201,458,458,0.5080211,1,imagenet_c,defocus_blur,1,none
efficientnet_b4,ILSVRC2012_val_00025778.JPEG,n02892201,458,464,0.2108491,0,imagenet_c,defocus_blur,1,none
efficientnet_b4,ILSVRC2012_val_00026696.JPEG,n02892201,458,458,0.39680302,1,imagenet_c,defocus_blur,1,none
efficientnet_b4,ILSVRC2012_val_00027425.JPEG,n02892201,458,458,0.5792299,1,imagenet_c,defocus_blur,1,none
efficientnet_b4,ILSVRC2012_val_00027456.JPEG,n02892201,458,458,0.19595471,1,imagenet_c,defocus_blur,1,none
efficientnet_b4,ILSVRC2012_val_00028137.JPEG,n02892201,458,458,0.19462405,1,imagenet_c,defocus_blur,1,none
efficientnet_b4,ILSVRC2012_val_00028145.JPEG,n02892201,458,464,0.6853884,0,imagenet_c,defocus_blur,1,none
efficientnet_b4,ILSVRC2012_val_00028715.JPEG,n02892201,458,624,0.053351726,0,imagenet_c,defocus_blur,1,none
efficientnet_b4,ILSVRC2012_val_00029408.JPEG,n02892201,458,556,0.06493765,0,imagenet_c,defocus_blur,1,none
efficientnet_b4,ILSVRC2012_val_00029520.JPEG,n02892201,458,458,0.19748922,1,imagenet_c,defocus_blur,1,none
efficientnet_b4,ILSVRC2012_val_00030117.JPEG,n02892201,458,458,0.358299,1,imagenet_c,defocus_blur,1,none
efficientnet_b4,ILSVRC2012_val_00031164.JPEG,n02892201,458,458,0.57250935,1,imagenet_c,defocus_blur,1,none
efficientnet_b4,ILSVRC2012_val_00032593.JPEG,n02892201,458,458,0.20743544,1,imagenet_c,defocus_blur,1,none
efficientnet_b4,ILSVRC2012_val_00032820.JPEG,n02892201,458,916,0.13628152,0,imagenet_c,defocus_blur,1,none
efficientnet_b4,ILSVRC2012_val_00033594.JPEG,n02892201,458,458,0.068594776,1,imagenet_c,defocus_blur,1,none
efficientnet_b4,ILSVRC2012_val_00033966.JPEG,n02892201,458,458,0.5263072,1,imagenet_c,defocus_blur,1,none
efficientnet_b4,ILSVRC2012_val_00033978.JPEG,n02892201,458,433,0.15230522,0,imagenet_c,defocus_blur,1,none
efficientnet_b4,ILSVRC2012_val_00034675.JPEG,n02892201,458,551,0.2329345,0,imagenet_c,defocus_blur,1,none
efficientnet_b4,ILSVRC2012_val_00036852.JPEG,n02892201,458,458,0.530851,1,imagenet_c,defocus_blur,1,none
efficientnet_b4,ILSVRC2012_val_00037131.JPEG,n02892201,458,916,0.2514801,0,imagenet_c,defocus_blur,1,none
efficientnet_b4,ILSVRC2012_val_00038608.JPEG,n02892201,458,458,0.28220034,1,imagenet_c,defocus_blur,1,none
efficientnet_b4,ILSVRC2012_val_00039450.JPEG,n02892201,458,458,0.5119706,1,imagenet_c,defocus_blur,1,none
efficientnet_b4,ILSVRC2012_val_00045428.JPEG,n02892201,458,458,0.19680618,1,imagenet_c,defocus_blur,1,none
efficientnet_b4,ILSVRC2012_val_00045578.JPEG,n02892201,458,458,0.6569493,1,imagenet_c,defocus_blur,1,none
efficientnet_b4,ILSVRC2012_val_00046922.JPEG,n02892201,458,458,0.50061786,1,imagenet_c,defocus_blur,1,none
efficientnet_b4,ILSVRC2012_val_00048098.JPEG,n02892201,458,458,0.54772335,1,imagenet_c,defocus_blur,1,none
efficientnet_b4,ILSVRC2012_val_00049186.JPEG,n02892201,458,692,0.1855015,0,imagenet_c,defocus_blur,1,none
efficientnet_b4,ILSVRC2012_val_00049619.JPEG,n02892201,458,458,0.15703635,1,imagenet_c,defocus_blur,1,none
efficientnet_b4,ILSVRC2012_val_00049903.JPEG,n02892201,458,458,0.1384643,1,imagenet_c,defocus_blur,1,none
efficientnet_b4,ILSVRC2012_val_00000808.JPEG,n02892767,459,982,0.26243904,0,imagenet_c,defocus_blur,1,none
efficientnet_b4,ILSVRC2012_val_00003067.JPEG,n02892767,459,457,0.5821167,0,imagenet_c,defocus_blur,1,none
efficientnet_b4,ILSVRC2012_val_00004599.JPEG,n02892767,459,459,0.4971496,1,imagenet_c,defocus_blur,1,none
efficientnet_b4,ILSVRC2012_val_00005423.JPEG,n02892767,459,459,0.17435065,1,imagenet_c,defocus_blur,1,none
efficientnet_b4,ILSVRC2012_val_00007484.JPEG,n02892767,459,459,0.63670194,1,imagenet_c,defocus_blur,1,none
efficientnet_b4,ILSVRC2012_val_00008378.JPEG,n02892767,459,865,0.22985767,0,imagenet_c,defocus_blur,1,none
efficientnet_b4,ILSVRC2012_val_00008443.JPEG,n02892767,459,459,0.5644377,1,imagenet_c,defocus_blur,1,none
efficientnet_b4,ILSVRC2012_val_00008954.JPEG,n02892767,459,836,0.06619285,0,imagenet_c,defocus_blur,1,none
efficientnet_b4,ILSVRC2012_val_00009816.JPEG,n02892767,459,433,0.49552616,0,imagenet_c,defocus_blur,1,none
efficientnet_b4,ILSVRC2012_val_00010549.JPEG,n02892767,459,445,0.3757782,0,imagenet_c,defocus_blur,1,none
efficientnet_b4,ILSVRC2012_val_00010611.JPEG,n02892767,459,459,0.19098492,1,imagenet_c,defocus_blur,1,none
efficientnet_b4,ILSVRC2012_val_00011591.JPEG,n02892767,459,693,0.109392285,0,imagenet_c,defocus_blur,1,none
efficientnet_b4,ILSVRC2012_val_00012129.JPEG,n02892767,459,459,0.6537484,1,imagenet_c,defocus_blur,1,none
efficientnet_b4,ILSVRC2012_val_00013681.JPEG,n02892767,459,459,0.35605267,1,imagenet_c,defocus_blur,1,none
efficientnet_b4,ILSVRC2012_val_00019205.JPEG,n02892767,459,459,0.59064287,1,imagenet_c,defocus_blur,1,none
efficientnet_b4,ILSVRC2012_val_00019939.JPEG,n02892767,459,459,0.11830913,1,imagenet_c,defocus_blur,1,none
efficientnet_b4,ILSVRC2012_val_00020819.JPEG,n02892767,459,459,0.43887547,1,imagenet_c,defocus_blur,1,none
efficientnet_b4,ILSVRC2012_val_00021116.JPEG,n02892767,459,459,0.522156,1,imagenet_c,defocus_blur,1,none
efficientnet_b4,ILSVRC2012_val_00021377.JPEG,n02892767,459,416,0.21181975,0,imagenet_c,defocus_blur,1,none
efficientnet_b4,ILSVRC2012_val_00022601.JPEG,n02892767,459,459,0.2978644,1,imagenet_c,defocus_blur,1,none
efficientnet_b4,ILSVRC2012_val_00023095.JPEG,n02892767,459,684,0.3655741,0,imagenet_c,defocus_blur,1,none
efficientnet_b4,ILSVRC2012_val_00023370.JPEG,n02892767,459,459,0.15976286,1,imagenet_c,defocus_blur,1,none
efficientnet_b4,ILSVRC2012_val_00026163.JPEG,n02892767,459,459,0.7304646,1,imagenet_c,defocus_blur,1,none
efficientnet_b4,ILSVRC2012_val_00026321.JPEG,n02892767,459,459,0.6102467,1,imagenet_c,defocus_blur,1,none
efficientnet_b4,ILSVRC2012_val_00026923.JPEG,n02892767,459,465,0.20917033,0,imagenet_c,defocus_blur,1,none
efficientnet_b4,ILSVRC2012_val_00028757.JPEG,n02892767,459,459,0.55561686,1,imagenet_c,defocus_blur,1,none
efficientnet_b4,ILSVRC2012_val_00028949.JPEG,n02892767,459,740,0.46450222,0,imagenet_c,defocus_blur,1,none
efficientnet_b4,ILSVRC2012_val_00029015.JPEG,n02892767,459,942,0.036890265,0,imagenet_c,defocus_blur,1,none
efficientnet_b4,ILSVRC2012_val_00029303.JPEG,n02892767,459,459,0.6583703,1,imagenet_c,defocus_blur,1,none
efficientnet_b4,ILSVRC2012_val_00029994.JPEG,n02892767,459,206,0.15260953,0,imagenet_c,defocus_blur,1,none
efficientnet_b4,ILSVRC2012_val_00030949.JPEG,n02892767,459,459,0.23922351,1,imagenet_c,defocus_blur,1,none
efficientnet_b4,ILSVRC2012_val_00031242.JPEG,n02892767,459,459,0.7670039,1,imagenet_c,defocus_blur,1,none
efficientnet_b4,ILSVRC2012_val_00032597.JPEG,n02892767,459,459,0.68441427,1,imagenet_c,defocus_blur,1,none
efficientnet_b4,ILSVRC2012_val_00033714.JPEG,n02892767,459,459,0.50320613,1,imagenet_c,defocus_blur,1,none
efficientnet_b4,ILSVRC2012_val_00034466.JPEG,n02892767,459,475,0.071795315,0,imagenet_c,defocus_blur,1,none
efficientnet_b4,ILSVRC2012_val_00035738.JPEG,n02892767,459,122,0.05854869,0,imagenet_c,defocus_blur,1,none
efficientnet_b4,ILSVRC2012_val_00036951.JPEG,n02892767,459,459,0.5372563,1,imagenet_c,defocus_blur,1,none
efficientnet_b4,ILSVRC2012_val_00037058.JPEG,n02892767,459,459,0.11455613,1,imagenet_c,defocus_blur,1,none
efficientnet_b4,ILSVRC2012_val_00038289.JPEG,n02892767,459,459,0.25800273,1,imagenet_c,defocus_blur,1,none
efficientnet_b4,ILSVRC2012_val_00040153.JPEG,n02892767,459,459,0.3841279,1,imagenet_c,defocus_blur,1,none
efficientnet_b4,ILSVRC2012_val_00040863.JPEG,n02892767,459,459,0.8496638,1,imagenet_c,defocus_blur,1,none
efficientnet_b4,ILSVRC2012_val_00040902.JPEG,n02892767,459,459,0.45413372,1,imagenet_c,defocus_blur,1,none
efficientnet_b4,ILSVRC2012_val_00041241.JPEG,n02892767,459,459,0.65080523,1,imagenet_c,defocus_blur,1,none
efficientnet_b4,ILSVRC2012_val_00041603.JPEG,n02892767,459,459,0.5663356,1,imagenet_c,defocus_blur,1,none
efficientnet_b4,ILSVRC2012_val_00041849.JPEG,n02892767,459,459,0.77905947,1,imagenet_c,defocus_blur,1,none
efficientnet_b4,ILSVRC2012_val_00042775.JPEG,n02892767,459,459,0.47878888,1,imagenet_c,defocus_blur,1,none
efficientnet_b4,ILSVRC2012_val_00044930.JPEG,n02892767,459,459,0.5524547,1,imagenet_c,defocus_blur,1,none
efficientnet_b4,ILSVRC2012_val_00046365.JPEG,n02892767,459,459,0.5292031,1,imagenet_c,defocus_blur,1,none
efficientnet_b4,ILSVRC2012_val_00046906.JPEG,n02892767,459,459,0.7067096,1,imagenet_c,defocus_blur,1,none
efficientnet_b4,ILSVRC2012_val_00047165.JPEG,n02892767,459,459,0.032738164,1,imagenet_c,defocus_blur,1,none
efficientnet_b4,ILSVRC2012_val_00000358.JPEG,n02894605,460,978,0.34993228,0,imagenet_c,defocus_blur,1,none
efficientnet_b4,ILSVRC2012_val_00001941.JPEG,n02894605,460,460,0.5685056,1,imagenet_c,defocus_blur,1,none
efficientnet_b4,ILSVRC2012_val_00002469.JPEG,n02894605,460,460,0.28455094,1,imagenet_c,defocus_blur,1,none
efficientnet_b4,ILSVRC2012_val_00003389.JPEG,n02894605,460,975,0.12504232,0,imagenet_c,defocus_blur,1,none
efficientnet_b4,ILSVRC2012_val_00006881.JPEG,n02894605,460,913,0.19620804,0,imagenet_c,defocus_blur,1,none
efficientnet_b4,ILSVRC2012_val_00007575.JPEG,n02894605,460,460,0.36866415,1,imagenet_c,defocus_blur,1,none
efficientnet_b4,ILSVRC2012_val_00012042.JPEG,n02894605,460,460,0.3482774,1,imagenet_c,defocus_blur,1,none
efficientnet_b4,ILSVRC2012_val_00012214.JPEG,n02894605,460,975,0.09286731,0,imagenet_c,defocus_blur,1,none
efficientnet_b4,ILSVRC2012_val_00012400.JPEG,n02894605,460,978,0.18067841,0,imagenet_c,defocus_blur,1,none
efficientnet_b4,ILSVRC2012_val_00012548.JPEG,n02894605,460,978,0.087585844,0,imagenet_c,defocus_blur,1,none
efficientnet_b4,ILSVRC2012_val_00012747.JPEG,n02894605,460,460,0.6829052,1,imagenet_c,defocus_blur,1,none
efficientnet_b4,ILSVRC2012_val_00013066.JPEG,n02894605,460,975,0.06615363,0,imagenet_c,defocus_blur,1,none
efficientnet_b4,ILSVRC2012_val_00015515.JPEG,n02894605,460,978,0.1436391,0,imagenet_c,defocus_blur,1,none
efficientnet_b4,ILSVRC2012_val_00016237.JPEG,n02894605,460,460,0.39569813,1,imagenet_c,defocus_blur,1,none
efficientnet_b4,ILSVRC2012_val_00016324.JPEG,n02894605,460,693,0.122717254,0,imagenet_c,defocus_blur,1,none
efficientnet_b4,ILSVRC2012_val_00016396.JPEG,n02894605,460,460,0.7171114,1,imagenet_c,defocus_blur,1,none
efficientnet_b4,ILSVRC2012_val_00016937.JPEG,n02894605,460,437,0.06992679,0,imagenet_c,defocus_blur,1,none
efficientnet_b4,ILSVRC2012_val_00017544.JPEG,n02894605,460,718,0.21097368,0,imagenet_c,defocus_blur,1,none
efficientnet_b4,ILSVRC2012_val_00018400.JPEG,n02894605,460,460,0.15939155,1,imagenet_c,defocus_blur,1,none
efficientnet_b4,ILSVRC2012_val_00019238.JPEG,n02894605,460,975,0.09810746,0,imagenet_c,defocus_blur,1,none
efficientnet_b4,ILSVRC2012_val_00019612.JPEG,n02894605,460,460,0.11562112,1,imagenet_c,defocus_blur,1,none
efficientnet_b4,ILSVRC2012_val_00020306.JPEG,n02894605,460,978,0.10472737,0,imagenet_c,defocus_blur,1,none
efficientnet_b4,ILSVRC2012_val_00020723.JPEG,n02894605,460,460,0.12104983,1,imagenet_c,defocus_blur,1,none
efficientnet_b4,ILSVRC2012_val_00021166.JPEG,n02894605,460,525,0.055038407,0,imagenet_c,defocus_blur,1,none
efficientnet_b4,ILSVRC2012_val_00021390.JPEG,n02894605,460,913,0.11533108,0,imagenet_c,defocus_blur,1,none
efficientnet_b4,ILSVRC2012_val_00021441.JPEG,n02894605,460,914,0.08853723,0,imagenet_c,defocus_blur,1,none
efficientnet_b4,ILSVRC2012_val_00022721.JPEG,n02894605,460,751,0.030594055,0,imagenet_c,defocus_blur,1,none
efficientnet_b4,ILSVRC2012_val_00023751.JPEG,n02894605,460,437,0.17613564,0,imagenet_c,defocus_blur,1,none
efficientnet_b4,ILSVRC2012_val_00024100.JPEG,n02894605,460,403,0.12718682,0,imagenet_c,defocus_blur,1,none
efficientnet_b4,ILSVRC2012_val_00024963.JPEG,n02894605,460,460,0.73121583,1,imagenet_c,defocus_blur,1,none
efficientnet_b4,ILSVRC2012_val_00025334.JPEG,n02894605,460,460,0.097960584,1,imagenet_c,defocus_blur,1,none
efficientnet_b4,ILSVRC2012_val_00027022.JPEG,n02894605,460,833,0.074895084,0,imagenet_c,defocus_blur,1,none
efficientnet_b4,ILSVRC2012_val_00028816.JPEG,n02894605,460,978,0.09046981,0,imagenet_c,defocus_blur,1,none
efficientnet_b4,ILSVRC2012_val_00030290.JPEG,n02894605,460,825,0.43319398,0,imagenet_c,defocus_blur,1,none
efficientnet_b4,ILSVRC2012_val_00033810.JPEG,n02894605,460,460,0.6309585,1,imagenet_c,defocus_blur,1,none
efficientnet_b4,ILSVRC2012_val_00034199.JPEG,n02894605,460,976,0.15275264,0,imagenet_c,defocus_blur,1,none
efficientnet_b4,ILSVRC2012_val_00036027.JPEG,n02894605,460,460,0.58467466,1,imagenet_c,defocus_blur,1,none
efficientnet_b4,ILSVRC2012_val_00037041.JPEG,n02894605,460,460,0.36260125,1,imagenet_c,defocus_blur,1,none
efficientnet_b4,ILSVRC2012_val_00037316.JPEG,n02894605,460,587,0.08095235,0,imagenet_c,defocus_blur,1,none
efficientnet_b4,ILSVRC2012_val_00037982.JPEG,n02894605,460,460,0.25267404,1,imagenet_c,defocus_blur,1,none
efficientnet_b4,ILSVRC2012_val_00040177.JPEG,n02894605,460,460,0.47707033,1,imagenet_c,defocus_blur,1,none
efficientnet_b4,ILSVRC2012_val_00040631.JPEG,n02894605,460,975,0.072057776,0,imagenet_c,defocus_blur,1,none
efficientnet_b4,ILSVRC2012_val_00043379.JPEG,n02894605,460,460,0.6934886,1,imagenet_c,defocus_blur,1,none
efficientnet_b4,ILSVRC2012_val_00043914.JPEG,n02894605,460,978,0.06753937,0,imagenet_c,defocus_blur,1,none
efficientnet_b4,ILSVRC2012_val_00044923.JPEG,n02894605,460,437,0.45588607,0,imagenet_c,defocus_blur,1,none
efficientnet_b4,ILSVRC2012_val_00046775.JPEG,n02894605,460,437,0.30878577,0,imagenet_c,defocus_blur,1,none
efficientnet_b4,ILSVRC2012_val_00048936.JPEG,n02894605,460,693,0.025165996,0,imagenet_c,defocus_blur,1,none
efficientnet_b4,ILSVRC2012_val_00049092.JPEG,n02894605,460,460,0.14824203,1,imagenet_c,defocus_blur,1,none
efficientnet_b4,ILSVRC2012_val_00049297.JPEG,n02894605,460,460,0.2288893,1,imagenet_c,defocus_blur,1,none
efficientnet_b4,ILSVRC2012_val_00049714.JPEG,n02894605,460,460,0.3499898,1,imagenet_c,defocus_blur,1,none
efficientnet_b4,ILSVRC2012_val_00000080.JPEG,n02895154,461,461,0.6944964,1,imagenet_c,defocus_blur,1,none
efficientnet_b4,ILSVRC2012_val_00002050.JPEG,n02895154,461,524,0.39237466,0,imagenet_c,defocus_blur,1,none
efficientnet_b4,ILSVRC2012_val_00002736.JPEG,n02895154,461,524,0.31474957,0,imagenet_c,defocus_blur,1,none
efficientnet_b4,ILSVRC2012_val_00003501.JPEG,n02895154,461,461,0.42090172,1,imagenet_c,defocus_blur,1,none
efficientnet_b4,ILSVRC2012_val_00008405.JPEG,n02895154,461,524,0.5156333,0,imagenet_c,defocus_blur,1,none
efficientnet_b4,ILSVRC2012_val_00008471.JPEG,n02895154,461,524,0.37154686,0,imagenet_c,defocus_blur,1,none
efficientnet_b4,ILSVRC2012_val_00008884.JPEG,n02895154,461,461,0.3406122,1,imagenet_c,defocus_blur,1,none
efficientnet_b4,ILSVRC2012_val_00008968.JPEG,n02895154,461,524,0.29734334,0,imagenet_c,defocus_blur,1,none
efficientnet_b4,ILSVRC2012_val_00009114.JPEG,n02895154,461,461,0.50099593,1,imagenet_c,defocus_blur,1,none
efficientnet_b4,ILSVRC2012_val_00011775.JPEG,n02895154,461,524,0.3875649,0,imagenet_c,defocus_blur,1,none
efficientnet_b4,ILSVRC2012_val_00012474.JPEG,n02895154,461,461,0.4997941,1,imagenet_c,defocus_blur,1,none
efficientnet_b4,ILSVRC2012_val_00013168.JPEG,n02895154,461,524,0.37038746,0,imagenet_c,defocus_blur,1,none
efficientnet_b4,ILSVRC2012_val_00013779.JPEG,n02895154,461,739,0.058384445,0,imagenet_c,defocus_blur,1,none
efficientnet_b4,ILSVRC2012_val_00013879.JPEG,n02895154,461,524,0.30887237,0,imagenet_c,defocus_blur,1,none
efficientnet_b4,ILSVRC2012_val_00013983.JPEG,n02895154,461,469,0.37872478,0,imagenet_c,defocus_blur,1,none
efficientnet_b4,ILSVRC2012_val_00014013.JPEG,n02895154,461,787,0.35019538,0,imagenet_c,defocus_blur,1,none
efficientnet_b4,ILSVRC2012_val_00015819.JPEG,n02895154,461,524,0.2987279,0,imagenet_c,defocus_blur,1,none
efficientnet_b4,ILSVRC2012_val_00016869.JPEG,n02895154,461,399,0.15479933,0,imagenet_c,defocus_blur,1,none
efficientnet_b4,ILSVRC2012_val_00016882.JPEG,n02895154,461,461,0.58382815,1,imagenet_c,defocus_blur,1,none
efficientnet_b4,ILSVRC2012_val_00019421.JPEG,n02895154,461,461,0.40687987,1,imagenet_c,defocus_blur,1,none
efficientnet_b4,ILSVRC2012_val_00020007.JPEG,n02895154,461,524,0.31486517,0,imagenet_c,defocus_blur,1,none
efficientnet_b4,ILSVRC2012_val_00020278.JPEG,n02895154,461,461,0.13369827,1,imagenet_c,defocus_blur,1,none
efficientnet_b4,ILSVRC2012_val_00021348.JPEG,n02895154,461,524,0.29272878,0,imagenet_c,defocus_blur,1,none
efficientnet_b4,ILSVRC2012_val_00021641.JPEG,n02895154,461,747,0.09677885,0,imagenet_c,defocus_blur,1,none
efficientnet_b4,ILSVRC2012_val_00021945.JPEG,n02895154,461,461,0.36300623,1,imagenet_c,defocus_blur,1,none
efficientnet_b4,ILSVRC2012_val_00022803.JPEG,n02895154,461,461,0.6174837,1,imagenet_c,defocus_blur,1,none
efficientnet_b4,ILSVRC2012_val_00023614.JPEG,n02895154,461,787,0.25346524,0,imagenet_c,defocus_blur,1,none
efficientnet_b4,ILSVRC2012_val_00023971.JPEG,n02895154,461,524,0.4242305,0,imagenet_c,defocus_blur,1,none
efficientnet_b4,ILSVRC2012_val_00027658.JPEG,n02895154,461,461,0.30727312,1,imagenet_c,defocus_blur,1,none
efficientnet_b4,ILSVRC2012_val_00028645.JPEG,n02895154,461,469,0.14046033,0,imagenet_c,defocus_blur,1,none
efficientnet_b4,ILSVRC2012_val_00029085.JPEG,n02895154,461,787,0.49301165,0,imagenet_c,defocus_blur,1,none
efficientnet_b4,ILSVRC2012_val_00030532.JPEG,n02895154,461,461,0.41231355,1,imagenet_c,defocus_blur,1,none
efficientnet_b4,ILSVRC2012_val_00030994.JPEG,n02895154,461,524,0.40823138,0,imagenet_c,defocus_blur,1,none
efficientnet_b4,ILSVRC2012_val_00031665.JPEG,n02895154,461,461,0.38886553,1,imagenet_c,defocus_blur,1,none
efficientnet_b4,ILSVRC2012_val_00031670.JPEG,n02895154,461,461,0.4652708,1,imagenet_c,defocus_blur,1,none
efficientnet_b4,ILSVRC2012_val_00032037.JPEG,n02895154,461,524,0.41715828,0,imagenet_c,defocus_blur,1,none
efficientnet_b4,ILSVRC2012_val_00033570.JPEG,n02895154,461,461,0.63149494,1,imagenet_c,defocus_blur,1,none
efficientnet_b4,ILSVRC2012_val_00034336.JPEG,n02895154,461,583,0.075096615,0,imagenet_c,defocus_blur,1,none
efficientnet_b4,ILSVRC2012_val_00037025.JPEG,n02895154,461,615,0.7948062,0,imagenet_c,defocus_blur,1,none
efficientnet_b4,ILSVRC2012_val_00039079.JPEG,n02895154,461,461,0.49918973,1,imagenet_c,defocus_blur,1,none
efficientnet_b4,ILSVRC2012_val_00040548.JPEG,n02895154,461,461,0.23648825,1,imagenet_c,defocus_blur,1,none
efficientnet_b4,ILSVRC2012_val_00041183.JPEG,n02895154,461,461,0.2874114,1,imagenet_c,defocus_blur,1,none
efficientnet_b4,ILSVRC2012_val_00045242.JPEG,n02895154,461,461,0.3183885,1,imagenet_c,defocus_blur,1,none
efficientnet_b4,ILSVRC2012_val_00045287.JPEG,n02895154,461,524,0.1399647,0,imagenet_c,defocus_blur,1,none
efficientnet_b4,ILSVRC2012_val_00045316.JPEG,n02895154,461,917,0.17928366,0,imagenet_c,defocus_blur,1,none
efficientnet_b4,ILSVRC2012_val_00046045.JPEG,n02895154,461,461,0.4885965,1,imagenet_c,defocus_blur,1,none
efficientnet_b4,ILSVRC2012_val_00046195.JPEG,n02895154,461,941,0.032777198,0,imagenet_c,defocus_blur,1,none
efficientnet_b4,ILSVRC2012_val_00047104.JPEG,n02895154,461,461,0.37249884,1,imagenet_c,defocus_blur,1,none
efficientnet_b4,ILSVRC2012_val_00048043.JPEG,n02895154,461,524,0.0868556,0,imagenet_c,defocus_blur,1,none
efficientnet_b4,ILSVRC2012_val_00048989.JPEG,n02895154,461,524,0.4670211,0,imagenet_c,defocus_blur,1,none
efficientnet_b4,ILSVRC2012_val_00002937.JPEG,n02906734,462,462,0.46673462,1,imagenet_c,defocus_blur,1,none
efficientnet_b4,ILSVRC2012_val_00003397.JPEG,n02906734,462,462,0.5408823,1,imagenet_c,defocus_blur,1,none
efficientnet_b4,ILSVRC2012_val_00004586.JPEG,n02906734,462,696,0.25271717,0,imagenet_c,defocus_blur,1,none
efficientnet_b4,ILSVRC2012_val_00004664.JPEG,n02906734,462,703,0.021184511,0,imagenet_c,defocus_blur,1,none
efficientnet_b4,ILSVRC2012_val_00005144.JPEG,n02906734,462,792,0.09492642,0,imagenet_c,defocus_blur,1,none
efficientnet_b4,ILSVRC2012_val_00007167.JPEG,n02906734,462,462,0.4469381,1,imagenet_c,defocus_blur,1,none
efficientnet_b4,ILSVRC2012_val_00008097.JPEG,n02906734,462,840,0.18756069,0,imagenet_c,defocus_blur,1,none
efficientnet_b4,ILSVRC2012_val_00008117.JPEG,n02906734,462,840,0.35668895,0,imagenet_c,defocus_blur,1,none
efficientnet_b4,ILSVRC2012_val_00008505.JPEG,n02906734,462,462,0.19656011,1,imagenet_c,defocus_blur,1,none
efficientnet_b4,ILSVRC2012_val_00009304.JPEG,n02906734,462,462,0.32260957,1,imagenet_c,defocus_blur,1,none
efficientnet_b4,ILSVRC2012_val_00010279.JPEG,n02906734,462,462,0.4772047,1,imagenet_c,defocus_blur,1,none
efficientnet_b4,ILSVRC2012_val_00010496.JPEG,n02906734,462,462,0.45710877,1,imagenet_c,defocus_blur,1,none
efficientnet_b4,ILSVRC2012_val_00012020.JPEG,n02906734,462,462,0.7482565,1,imagenet_c,defocus_blur,1,none
efficientnet_b4,ILSVRC2012_val_00013061.JPEG,n02906734,462,315,0.25071582,0,imagenet_c,defocus_blur,1,none
efficientnet_b4,ILSVRC2012_val_00013336.JPEG,n02906734,462,462,0.634061,1,imagenet_c,defocus_blur,1,none
efficientnet_b4,ILSVRC2012_val_00014004.JPEG,n02906734,462,696,0.47373086,0,imagenet_c,defocus_blur,1,none
efficientnet_b4,ILSVRC2012_val_00014268.JPEG,n02906734,462,462,0.2648867,1,imagenet_c,defocus_blur,1,none
efficientnet_b4,ILSVRC2012_val_00015359.JPEG,n02906734,462,644,0.63971996,0,imagenet_c,defocus_blur,1,none
efficientnet_b4,ILSVRC2012_val_00016296.JPEG,n02906734,462,462,0.1117163,1,imagenet_c,defocus_blur,1,none
efficientnet_b4,ILSVRC2012_val_00016839.JPEG,n02906734,462,642,0.17759036,0,imagenet_c,defocus_blur,1,none
efficientnet_b4,ILSVRC2012_val_00017512.JPEG,n02906734,462,462,0.6282432,1,imagenet_c,defocus_blur,1,none
efficientnet_b4,ILSVRC2012_val_00018911.JPEG,n02906734,462,702,0.07196598,0,imagenet_c,defocus_blur,1,none
efficientnet_b4,ILSVRC2012_val_00024031.JPEG,n02906734,462,462,0.6350532,1,imagenet_c,defocus_blur,1,none
efficientnet_b4,ILSVRC2012_val_00024493.JPEG,n02906734,462,462,0.51862216,1,imagenet_c,defocus_blur,1,none
efficientnet_b4,ILSVRC2012_val_00026107.JPEG,n02906734,462,696,0.12635297,0,imagenet_c,defocus_blur,1,none
efficientnet_b4,ILSVRC2012_val_00027338.JPEG,n02906734,462,462,0.568695,1,imagenet_c,defocus_blur,1,none
efficientnet_b4,ILSVRC2012_val_00028098.JPEG,n02906734,462,462,0.5778107,1,imagenet_c,defocus_blur,1,none
efficientnet_b4,ILSVRC2012_val_00028772.JPEG,n02906734,462,228,0.1900154,0,imagenet_c,defocus_blur,1,none
efficientnet_b4,ILSVRC2012_val_00030331.JPEG,n02906734,462,259,0.21031868,0,imagenet_c,defocus_blur,1,none
efficientnet_b4,ILSVRC2012_val_00032789.JPEG,n02906734,462,779,0.06646179,0,imagenet_c,defocus_blur,1,none
efficientnet_b4,ILSVRC2012_val_00033688.JPEG,n02906734,462,462,0.32142538,1,imagenet_c,defocus_blur,1,none
efficientnet_b4,ILSVRC2012_val_00035100.JPEG,n02906734,462,462,0.69686586,1,imagenet_c,defocus_blur,1,none
efficientnet_b4,ILSVRC2012_val_00036355.JPEG,n02906734,462,462,0.018674282,1,imagenet_c,defocus_blur,1,none
efficientnet_b4,ILSVRC2012_val_00036748.JPEG,n02906734,462,462,0.51585066,1,imagenet_c,defocus_blur,1,none
efficientnet_b4,ILSVRC2012_val_00036800.JPEG,n02906734,462,501,0.23405482,0,imagenet_c,defocus_blur,1,none
efficientnet_b4,ILSVRC2012_val_00038800.JPEG,n02906734,462,462,0.84385145,1,imagenet_c,defocus_blur,1,none
efficientnet_b4,ILSVRC2012_val_00040599.JPEG,n02906734,462,430,0.19686307,0,imagenet_c,defocus_blur,1,none
efficientnet_b4,ILSVRC2012_val_00040693.JPEG,n02906734,462,151,0.0737616,0,imagenet_c,defocus_blur,1,none
efficientnet_b4,ILSVRC2012_val_00040873.JPEG,n02906734,462,462,0.8789406,1,imagenet_c,defocus_blur,1,none
efficientnet_b4,ILSVRC2012_val_00041788.JPEG,n02906734,462,462,0.5839773,1,imagenet_c,defocus_blur,1,none
efficientnet_b4,ILSVRC2012_val_00041911.JPEG,n02906734,462,462,0.63474065,1,imagenet_c,defocus_blur,1,none
efficientnet_b4,ILSVRC2012_val_00042629.JPEG,n02906734,462,462,0.15241697,1,imagenet_c,defocus_blur,1,none
efficientnet_b4,ILSVRC2012_val_00042973.JPEG,n02906734,462,596,0.06531304,0,imagenet_c,defocus_blur,1,none
efficientnet_b4,ILSVRC2012_val_00044489.JPEG,n02906734,462,975,0.027162666,0,imagenet_c,defocus_blur,1,none
efficientnet_b4,ILSVRC2012_val_00045118.JPEG,n02906734,462,462,0.55668217,1,imagenet_c,defocus_blur,1,none
efficientnet_b4,ILSVRC2012_val_00045199.JPEG,n02906734,462,462,0.3572653,1,imagenet_c,defocus_blur,1,none
efficientnet_b4,ILSVRC2012_val_00045922.JPEG,n02906734,462,462,0.5369387,1,imagenet_c,defocus_blur,1,none
efficientnet_b4,ILSVRC2012_val_00047857.JPEG,n02906734,462,462,0.12309345,1,imagenet_c,defocus_blur,1,none
efficientnet_b4,ILSVRC2012_val_00047904.JPEG,n02906734,462,689,0.06614086,0,imagenet_c,defocus_blur,1,none
efficientnet_b4,ILSVRC2012_val_00049698.JPEG,n02906734,462,840,0.7690101,0,imagenet_c,defocus_blur,1,none
efficientnet_b4,ILSVRC2012_val_00000226.JPEG,n02909870,463,427,0.45526633,0,imagenet_c,defocus_blur,1,none
efficientnet_b4,ILSVRC2012_val_00000336.JPEG,n02909870,463,463,0.6152703,1,imagenet_c,defocus_blur,1,none
efficientnet_b4,ILSVRC2012_val_00001126.JPEG,n02909870,463,828,0.8051129,0,imagenet_c,defocus_blur,1,none
efficientnet_b4,ILSVRC2012_val_00001214.JPEG,n02909870,463,463,0.23865865,1,imagenet_c,defocus_blur,1,none
efficientnet_b4,ILSVRC2012_val_00004236.JPEG,n02909870,463,783,0.33732572,0,imagenet_c,defocus_blur,1,none
efficientnet_b4,ILSVRC2012_val_00004625.JPEG,n02909870,463,463,0.6724192,1,imagenet_c,defocus_blur,1,none
efficientnet_b4,ILSVRC2012_val_00005035.JPEG,n02909870,463,872,0.13858044,0,imagenet_c,defocus_blur,1,none
efficientnet_b4,ILSVRC2012_val_00006327.JPEG,n02909870,463,435,0.14187944,0,imagenet_c,defocus_blur,1,none
efficientnet_b4,ILSVRC2012_val_00006594.JPEG,n02909870,463,429,0.43845782,0,imagenet_c,defocus_blur,1,none
efficientnet_b4,ILSVRC2012_val_00007724.JPEG,n02909870,463,618,0.14199972,0,imagenet_c,defocus_blur,1,none
efficientnet_b4,ILSVRC2012_val_00008220.JPEG,n02909870,463,463,0.26155546,1,imagenet_c,defocus_blur,1,none
efficientnet_b4,ILSVRC2012_val_00008396.JPEG,n02909870,463,544,0.11707477,0,imagenet_c,defocus_blur,1,none
efficientnet_b4,ILSVRC2012_val_00010175.JPEG,n02909870,463,738,0.21014006,0,imagenet_c,defocus_blur,1,none
efficientnet_b4,ILSVRC2012_val_00011094.JPEG,n02909870,463,840,0.36353368,0,imagenet_c,defocus_blur,1,none
efficientnet_b4,ILSVRC2012_val_00011119.JPEG,n02909870,463,551,0.0901586,0,imagenet_c,defocus_blur,1,none
efficientnet_b4,ILSVRC2012_val_00013122.JPEG,n02909870,463,790,0.08121624,0,imagenet_c,defocus_blur,1,none
efficientnet_b4,ILSVRC2012_val_00013222.JPEG,n02909870,463,463,0.8728481,1,imagenet_c,defocus_blur,1,none
efficientnet_b4,ILSVRC2012_val_00013226.JPEG,n02909870,463,463,0.74811524,1,imagenet_c,defocus_blur,1,none
efficientnet_b4,ILSVRC2012_val_00013968.JPEG,n02909870,463,463,0.64486516,1,imagenet_c,defocus_blur,1,none
efficientnet_b4,ILSVRC2012_val_00016300.JPEG,n02909870,463,840,0.08512565,0,imagenet_c,defocus_blur,1,none
efficientnet_b4,ILSVRC2012_val_00017066.JPEG,n02909870,463,412,0.27035174,0,imagenet_c,defocus_blur,1,none
efficientnet_b4,ILSVRC2012_val_00017170.JPEG,n02909870,463,828,0.28521785,0,imagenet_c,defocus_blur,1,none
efficientnet_b4,ILSVRC2012_val_00017622.JPEG,n02909870,463,463,0.5631082,1,imagenet_c,defocus_blur,1,none
efficientnet_b4,ILSVRC2012_val_00020852.JPEG,n02909870,463,463,0.7334497,1,imagenet_c,defocus_blur,1,none
efficientnet_b4,ILSVRC2012_val_00022064.JPEG,n02909870,463,503,0.64292973,0,imagenet_c,defocus_blur,1,none
efficientnet_b4,ILSVRC2012_val_00022528.JPEG,n02909870,463,469,0.3425956,0,imagenet_c,defocus_blur,1,none
efficientnet_b4,ILSVRC2012_val_00022605.JPEG,n02909870,463,504,0.12002653,0,imagenet_c,defocus_blur,1,none
efficientnet_b4,ILSVRC2012_val_00023828.JPEG,n02909870,463,463,0.8002281,1,imagenet_c,defocus_blur,1,none
efficientnet_b4,ILSVRC2012_val_00024539.JPEG,n02909870,463,463,0.10896301,1,imagenet_c,defocus_blur,1,none
efficientnet_b4,ILSVRC2012_val_00027739.JPEG,n02909870,463,463,0.6765618,1,imagenet_c,defocus_blur,1,none
efficientnet_b4,ILSVRC2012_val_00029235.JPEG,n02909870,463,840,0.31914467,0,imagenet_c,defocus_blur,1,none
efficientnet_b4,ILSVRC2012_val_00030335.JPEG,n02909870,463,373,0.38886943,0,imagenet_c,defocus_blur,1,none
efficientnet_b4,ILSVRC2012_val_00031208.JPEG,n02909870,463,463,0.1152732,1,imagenet_c,defocus_blur,1,none
efficientnet_b4,ILSVRC2012_val_00033388.JPEG,n02909870,463,463,0.44630948,1,imagenet_c,defocus_blur,1,none
efficientnet_b4,ILSVRC2012_val_00033936.JPEG,n02909870,463,756,0.5324014,0,imagenet_c,defocus_blur,1,none
efficientnet_b4,ILSVRC2012_val_00034503.JPEG,n02909870,463,647,0.17516987,0,imagenet_c,defocus_blur,1,none
efficientnet_b4,ILSVRC2012_val_00035806.JPEG,n02909870,463,463,0.6840145,1,imagenet_c,defocus_blur,1,none
efficientnet_b4,ILSVRC2012_val_00036628.JPEG,n02909870,463,463,0.750717,1,imagenet_c,defocus_blur,1,none
efficientnet_b4,ILSVRC2012_val_00040061.JPEG,n02909870,463,463,0.2662519,1,imagenet_c,defocus_blur,1,none
efficientnet_b4,ILSVRC2012_val_00041404.JPEG,n02909870,463,463,0.089612074,1,imagenet_c,defocus_blur,1,none
efficientnet_b4,ILSVRC2012_val_00042290.JPEG,n02909870,463,463,0.71819043,1,imagenet_c,defocus_blur,1,none
efficientnet_b4,ILSVRC2012_val_00042633.JPEG,n02909870,463,463,0.1421552,1,imagenet_c,defocus_blur,1,none
efficientnet_b4,ILSVRC2012_val_00042873.JPEG,n02909870,463,739,0.1630973,0,imagenet_c,defocus_blur,1,none
efficientnet_b4,ILSVRC2012_val_00042988.JPEG,n02909870,463,412,0.07498785,0,imagenet_c,defocus_blur,1,none
efficientnet_b4,ILSVRC2012_val_00043472.JPEG,n02909870,463,463,0.8813884,1,imagenet_c,defocus_blur,1,none
efficientnet_b4,ILSVRC2012_val_00045186.JPEG,n02909870,463,738,0.2213663,0,imagenet_c,defocus_blur,1,none
efficientnet_b4,ILSVRC2012_val_00045322.JPEG,n02909870,463,463,0.63777864,1,imagenet_c,defocus_blur,1,none
efficientnet_b4,ILSVRC2012_val_00046426.JPEG,n02909870,463,469,0.18160996,0,imagenet_c,defocus_blur,1,none
efficientnet_b4,ILSVRC2012_val_00048205.JPEG,n02909870,463,463,0.124632046,1,imagenet_c,defocus_blur,1,none
efficientnet_b4,ILSVRC2012_val_00049238.JPEG,n02909870,463,653,0.07762202,0,imagenet_c,defocus_blur,1,none
efficientnet_b4,ILSVRC2012_val_00000558.JPEG,n02910353,464,674,0.32412454,0,imagenet_c,defocus_blur,1,none
efficientnet_b4,ILSVRC2012_val_00001077.JPEG,n02910353,464,464,0.681043,1,imagenet_c,defocus_blur,1,none
efficientnet_b4,ILSVRC2012_val_00002548.JPEG,n02910353,464,464,0.4566735,1,imagenet_c,defocus_blur,1,none
efficientnet_b4,ILSVRC2012_val_00003888.JPEG,n02910353,464,464,0.6478387,1,imagenet_c,defocus_blur,1,none
efficientnet_b4,ILSVRC2012_val_00004324.JPEG,n02910353,464,464,0.4885404,1,imagenet_c,defocus_blur,1,none
efficientnet_b4,ILSVRC2012_val_00004732.JPEG,n02910353,464,464,0.44342655,1,imagenet_c,defocus_blur,1,none
efficientnet_b4,ILSVRC2012_val_00007920.JPEG,n02910353,464,464,0.7353203,1,imagenet_c,defocus_blur,1,none
efficientnet_b4,ILSVRC2012_val_00008827.JPEG,n02910353,464,902,0.15109672,0,imagenet_c,defocus_blur,1,none
efficientnet_b4,ILSVRC2012_val_00008958.JPEG,n02910353,464,451,0.48379424,0,imagenet_c,defocus_blur,1,none
efficientnet_b4,ILSVRC2012_val_00009444.JPEG,n02910353,464,464,0.63666177,1,imagenet_c,defocus_blur,1,none
efficientnet_b4,ILSVRC2012_val_00009567.JPEG,n02910353,464,776,0.37601942,0,imagenet_c,defocus_blur,1,none
efficientnet_b4,ILSVRC2012_val_00010342.JPEG,n02910353,464,539,0.071169324,0,imagenet_c,defocus_blur,1,none
efficientnet_b4,ILSVRC2012_val_00012852.JPEG,n02910353,464,636,0.26878512,0,imagenet_c,defocus_blur,1,none
efficientnet_b4,ILSVRC2012_val_00012854.JPEG,n02910353,464,584,0.1332861,0,imagenet_c,defocus_blur,1,none
efficientnet_b4,ILSVRC2012_val_00015512.JPEG,n02910353,464,563,0.1204511,0,imagenet_c,defocus_blur,1,none
efficientnet_b4,ILSVRC2012_val_00017116.JPEG,n02910353,464,584,0.7467561,0,imagenet_c,defocus_blur,1,none
efficientnet_b4,ILSVRC2012_val_00017543.JPEG,n02910353,464,443,0.18694846,0,imagenet_c,defocus_blur,1,none
efficientnet_b4,ILSVRC2012_val_00020407.JPEG,n02910353,464,473,0.061907355,0,imagenet_c,defocus_blur,1,none
efficientnet_b4,ILSVRC2012_val_00022318.JPEG,n02910353,464,464,0.34275362,1,imagenet_c,defocus_blur,1,none
efficientnet_b4,ILSVRC2012_val_00024274.JPEG,n02910353,464,464,0.6116381,1,imagenet_c,defocus_blur,1,none
efficientnet_b4,ILSVRC2012_val_00026105.JPEG,n02910353,464,441,0.025762888,0,imagenet_c,defocus_blur,1,none
efficientnet_b4,ILSVRC2012_val_00026657.JPEG,n02910353,464,842,0.1867368,0,imagenet_c,defocus_blur,1,none
efficientnet_b4,ILSVRC2012_val_00027948.JPEG,n02910353,464,464,0.8424824,1,imagenet_c,defocus_blur,1,none
efficientnet_b4,ILSVRC2012_val_00027998.JPEG,n02910353,464,715,0.7081588,0,imagenet_c,defocus_blur,1,none
efficientnet_b4,ILSVRC2012_val_00028179.JPEG,n02910353,464,529,0.06435214,0,imagenet_c,defocus_blur,1,none
efficientnet_b4,ILSVRC2012_val_00028342.JPEG,n02910353,464,658,0.18988763,0,imagenet_c,defocus_blur,1,none
efficientnet_b4,ILSVRC2012_val_00028437.JPEG,n02910353,464,464,0.44778326,1,imagenet_c,defocus_blur,1,none
efficientnet_b4,ILSVRC2012_val_00028781.JPEG,n02910353,464,464,0.12570538,1,imagenet_c,defocus_blur,1,none
efficientnet_b4,ILSVRC2012_val_00029479.JPEG,n02910353,464,902,0.15423991,0,imagenet_c,defocus_blur,1,none
efficientnet_b4,ILSVRC2012_val_00030417.JPEG,n02910353,464,676,0.31356013,0,imagenet_c,defocus_blur,1,none
efficientnet_b4,ILSVRC2012_val_00030630.JPEG,n02910353,464,776,0.2252562,0,imagenet_c,defocus_blur,1,none
efficientnet_b4,ILSVRC2012_val_00032039.JPEG,n02910353,464,464,0.5290551,1,imagenet_c,defocus_blur,1,none
efficientnet_b4,ILSVRC2012_val_00032648.JPEG,n02910353,464,885,0.12307672,0,imagenet_c,defocus_blur,1,none
efficientnet_b4,ILSVRC2012_val_00033707.JPEG,n02910353,464,481,0.25077686,0,imagenet_c,defocus_blur,1,none
efficientnet_b4,ILSVRC2012_val_00034479.JPEG,n02910353,464,464,0.7622552,1,imagenet_c,defocus_blur,1,none
efficientnet_b4,ILSVRC2012_val_00035865.JPEG,n02910353,464,464,0.7290496,1,imagenet_c,defocus_blur,1,none
efficientnet_b4,ILSVRC2012_val_00036043.JPEG,n02910353,464,464,0.819834,1,imagenet_c,defocus_blur,1,none
efficientnet_b4,ILSVRC2012_val_00039163.JPEG,n02910353,464,655,0.14562407,0,imagenet_c,defocus_blur,1,none
efficientnet_b4,ILSVRC2012_val_00041070.JPEG,n02910353,464,464,0.34415382,1,imagenet_c,defocus_blur,1,none
efficientnet_b4,ILSVRC2012_val_00041355.JPEG,n02910353,464,464,0.7252778,1,imagenet_c,defocus_blur,1,none
efficientnet_b4,ILSVRC2012_val_00041443.JPEG,n02910353,464,464,0.30464247,1,imagenet_c,defocus_blur,1,none
efficientnet_b4,ILSVRC2012_val_00044887.JPEG,n02910353,464,709,0.12085916,0,imagenet_c,defocus_blur,1,none
efficientnet_b4,ILSVRC2012_val_00045754.JPEG,n02910353,464,823,0.044329535,0,imagenet_c,defocus_blur,1,none
efficientnet_b4,ILSVRC2012_val_00046056.JPEG,n02910353,464,696,0.027207293,0,imagenet_c,defocus_blur,1,none
efficientnet_b4,ILSVRC2012_val_00046991.JPEG,n02910353,464,514,0.23397681,0,imagenet_c,defocus_blur,1,none
efficientnet_b4,ILSVRC2012_val_00047779.JPEG,n02910353,464,464,0.54886305,1,imagenet_c,defocus_blur,1,none
efficientnet_b4,ILSVRC2012_val_00048587.JPEG,n02910353,464,636,0.4260038,0,imagenet_c,defocus_blur,1,none
efficientnet_b4,ILSVRC2012_val_00048903.JPEG,n02910353,464,768,0.08115222,0,imagenet_c,defocus_blur,1,none
efficientnet_b4,ILSVRC2012_val_00049456.JPEG,n02910353,464,893,0.22943912,0,imagenet_c,defocus_blur,1,none
efficientnet_b4,ILSVRC2012_val_00049838.JPEG,n02910353,464,464,0.5047383,1,imagenet_c,defocus_blur,1,none
efficientnet_b4,ILSVRC2012_val_00000366.JPEG,n02916936,465,465,0.75518185,1,imagenet_c,defocus_blur,1,none
efficientnet_b4,ILSVRC2012_val_00001043.JPEG,n02916936,465,615,0.53787607,0,imagenet_c,defocus_blur,1,none
efficientnet_b4,ILSVRC2012_val_00002812.JPEG,n02916936,465,465,0.81860286,1,imagenet_c,defocus_blur,1,none
efficientnet_b4,ILSVRC2012_val_00003790.JPEG,n02916936,465,465,0.76546746,1,imagenet_c,defocus_blur,1,none
efficientnet_b4,ILSVRC2012_val_00004704.JPEG,n02916936,465,880,0.08930574,0,imagenet_c,defocus_blur,1,none
efficientnet_b4,ILSVRC2012_val_00004825.JPEG,n02916936,465,518,0.04877478,0,imagenet_c,defocus_blur,1,none
efficientnet_b4,ILSVRC2012_val_00005512.JPEG,n02916936,465,465,0.7068203,1,imagenet_c,defocus_blur,1,none
efficientnet_b4,ILSVRC2012_val_00006943.JPEG,n02916936,465,465,0.69656414,1,imagenet_c,defocus_blur,1,none
efficientnet_b4,ILSVRC2012_val_00007410.JPEG,n02916936,465,465,0.62304497,1,imagenet_c,defocus_blur,1,none
efficientnet_b4,ILSVRC2012_val_00007787.JPEG,n02916936,465,465,0.8144786,1,imagenet_c,defocus_blur,1,none
efficientnet_b4,ILSVRC2012_val_00007944.JPEG,n02916936,465,465,0.63380235,1,imagenet_c,defocus_blur,1,none
efficientnet_b4,ILSVRC2012_val_00007989.JPEG,n02916936,465,465,0.80653036,1,imagenet_c,defocus_blur,1,none
efficientnet_b4,ILSVRC2012_val_00008635.JPEG,n02916936,465,465,0.83324194,1,imagenet_c,defocus_blur,1,none
efficientnet_b4,ILSVRC2012_val_00009573.JPEG,n02916936,465,768,0.09729276,0,imagenet_c,defocus_blur,1,none
efficientnet_b4,ILSVRC2012_val_00012520.JPEG,n02916936,465,413,0.22738299,0,imagenet_c,defocus_blur,1,none
efficientnet_b4,ILSVRC2012_val_00013620.JPEG,n02916936,465,465,0.30373725,1,imagenet_c,defocus_blur,1,none
efficientnet_b4,ILSVRC2012_val_00014438.JPEG,n02916936,465,465,0.7841857,1,imagenet_c,defocus_blur,1,none
efficientnet_b4,ILSVRC2012_val_00018713.JPEG,n02916936,465,433,0.13404654,0,imagenet_c,defocus_blur,1,none
efficientnet_b4,ILSVRC2012_val_00018897.JPEG,n02916936,465,465,0.74421763,1,imagenet_c,defocus_blur,1,none
efficientnet_b4,ILSVRC2012_val_00019479.JPEG,n02916936,465,465,0.3205801,1,imagenet_c,defocus_blur,1,none
efficientnet_b4,ILSVRC2012_val_00019708.JPEG,n02916936,465,465,0.56308216,1,imagenet_c,defocus_blur,1,none
efficientnet_b4,ILSVRC2012_val_00019991.JPEG,n02916936,465,413,0.34953478,0,imagenet_c,defocus_blur,1,none
efficientnet_b4,ILSVRC2012_val_00020142.JPEG,n02916936,465,691,0.42720923,0,imagenet_c,defocus_blur,1,none
efficientnet_b4,ILSVRC2012_val_00020902.JPEG,n02916936,465,413,0.5031926,0,imagenet_c,defocus_blur,1,none
efficientnet_b4,ILSVRC2012_val_00023905.JPEG,n02916936,465,465,0.600882,1,imagenet_c,defocus_blur,1,none
efficientnet_b4,ILSVRC2012_val_00024996.JPEG,n02916936,465,465,0.771147,1,imagenet_c,defocus_blur,1,none
efficientnet_b4,ILSVRC2012_val_00025721.JPEG,n02916936,465,465,0.5669817,1,imagenet_c,defocus_blur,1,none
efficientnet_b4,ILSVRC2012_val_00026746.JPEG,n02916936,465,670,0.034788467,0,imagenet_c,defocus_blur,1,none
efficientnet_b4,ILSVRC2012_val_00027192.JPEG,n02916936,465,465,0.63796324,1,imagenet_c,defocus_blur,1,none
efficientnet_b4,ILSVRC2012_val_00027663.JPEG,n02916936,465,465,0.2597211,1,imagenet_c,defocus_blur,1,none
efficientnet_b4,ILSVRC2012_val_00027911.JPEG,n02916936,465,830,0.15971972,0,imagenet_c,defocus_blur,1,none
efficientnet_b4,ILSVRC2012_val_00028143.JPEG,n02916936,465,652,0.20460558,0,imagenet_c,defocus_blur,1,none
efficientnet_b4,ILSVRC2012_val_00028289.JPEG,n02916936,465,465,0.46716675,1,imagenet_c,defocus_blur,1,none
efficientnet_b4,ILSVRC2012_val_00030157.JPEG,n02916936,465,615,0.37197146,0,imagenet_c,defocus_blur,1,none
efficientnet_b4,ILSVRC2012_val_00031560.JPEG,n02916936,465,465,0.8444185,1,imagenet_c,defocus_blur,1,none
efficientnet_b4,ILSVRC2012_val_00037390.JPEG,n02916936,465,465,0.80729306,1,imagenet_c,defocus_blur,1,none
efficientnet_b4,ILSVRC2012_val_00038590.JPEG,n02916936,465,225,0.4539355,0,imagenet_c,defocus_blur,1,none
efficientnet_b4,ILSVRC2012_val_00039377.JPEG,n02916936,465,411,0.45697027,0,imagenet_c,defocus_blur,1,none
efficientnet_b4,ILSVRC2012_val_00040143.JPEG,n02916936,465,820,0.08616923,0,imagenet_c,defocus_blur,1,none
efficientnet_b4,ILSVRC2012_val_00040683.JPEG,n02916936,465,796,0.44693992,0,imagenet_c,defocus_blur,1,none
efficientnet_b4,ILSVRC2012_val_00041494.JPEG,n02916936,465,465,0.3734193,1,imagenet_c,defocus_blur,1,none
efficientnet_b4,ILSVRC2012_val_00046174.JPEG,n02916936,465,400,0.4100933,0,imagenet_c,defocus_blur,1,none
efficientnet_b4,ILSVRC2012_val_00046560.JPEG,n02916936,465,413,0.28101113,0,imagenet_c,defocus_blur,1,none
efficientnet_b4,ILSVRC2012_val_00047056.JPEG,n02916936,465,465,0.33430272,1,imagenet_c,defocus_blur,1,none
efficientnet_b4,ILSVRC2012_val_00047218.JPEG,n02916936,465,465,0.77362597,1,imagenet_c,defocus_blur,1,none
efficientnet_b4,ILSVRC2012_val_00047471.JPEG,n02916936,465,465,0.67848927,1,imagenet_c,defocus_blur,1,none
efficientnet_b4,ILSVRC2012_val_00047632.JPEG,n02916936,465,465,0.3102112,1,imagenet_c,defocus_blur,1,none
efficientnet_b4,ILSVRC2012_val_00048062.JPEG,n02916936,465,465,0.7016111,1,imagenet_c,defocus_blur,1,none
efficientnet_b4,ILSVRC2012_val_00048317.JPEG,n02916936,465,413,0.29031906,0,imagenet_c,defocus_blur,1,none
efficientnet_b4,ILSVRC2012_val_00049786.JPEG,n02916936,465,465,0.70001817,1,imagenet_c,defocus_blur,1,none
efficientnet_b4,ILSVRC2012_val_00000562.JPEG,n02917067,466,466,0.5004606,1,imagenet_c,defocus_blur,1,none
efficientnet_b4,ILSVRC2012_val_00001805.JPEG,n02917067,466,718,0.18891695,0,imagenet_c,defocus_blur,1,none
efficientnet_b4,ILSVRC2012_val_00002410.JPEG,n02917067,466,466,0.57831424,1,imagenet_c,defocus_blur,1,none
efficientnet_b4,ILSVRC2012_val_00002700.JPEG,n02917067,466,466,0.55719435,1,imagenet_c,defocus_blur,1,none
efficientnet_b4,ILSVRC2012_val_00004203.JPEG,n02917067,466,466,0.45777807,1,imagenet_c,defocus_blur,1,none
efficientnet_b4,ILSVRC2012_val_00005622.JPEG,n02917067,466,466,0.4748891,1,imagenet_c,defocus_blur,1,none
efficientnet_b4,ILSVRC2012_val_00006822.JPEG,n02917067,466,466,0.052406013,1,imagenet_c,defocus_blur,1,none
efficientnet_b4,ILSVRC2012_val_00007839.JPEG,n02917067,466,466,0.24676354,1,imagenet_c,defocus_blur,1,none
efficientnet_b4,ILSVRC2012_val_00009056.JPEG,n02917067,466,466,0.44734958,1,imagenet_c,defocus_blur,1,none
efficientnet_b4,ILSVRC2012_val_00010671.JPEG,n02917067,466,814,0.13357124,0,imagenet_c,defocus_blur,1,none
efficientnet_b4,ILSVRC2012_val_00010691.JPEG,n02917067,466,466,0.5800657,1,imagenet_c,defocus_blur,1,none
efficientnet_b4,ILSVRC2012_val_00012443.JPEG,n02917067,466,466,0.4400091,1,imagenet_c,defocus_blur,1,none
efficientnet_b4,ILSVRC2012_val_00012612.JPEG,n02917067,466,466,0.51318246,1,imagenet_c,defocus_blur,1,none
efficientnet_b4,ILSVRC2012_val_00014818.JPEG,n02917067,466,466,0.6593945,1,imagenet_c,defocus_blur,1,none
efficientnet_b4,ILSVRC2012_val_00015394.JPEG,n02917067,466,466,0.48304802,1,imagenet_c,defocus_blur,1,none
efficientnet_b4,ILSVRC2012_val_00015398.JPEG,n02917067,466,705,0.15360203,0,imagenet_c,defocus_blur,1,none
efficientnet_b4,ILSVRC2012_val_00015417.JPEG,n02917067,466,466,0.5434916,1,imagenet_c,defocus_blur,1,none
efficientnet_b4,ILSVRC2012_val_00017843.JPEG,n02917067,466,466,0.4799284,1,imagenet_c,defocus_blur,1,none
efficientnet_b4,ILSVRC2012_val_00018038.JPEG,n02917067,466,466,0.50240064,1,imagenet_c,defocus_blur,1,none
efficientnet_b4,ILSVRC2012_val_00018144.JPEG,n02917067,466,466,0.43451017,1,imagenet_c,defocus_blur,1,none
efficientnet_b4,ILSVRC2012_val_00018715.JPEG,n02917067,466,466,0.6090221,1,imagenet_c,defocus_blur,1,none
efficientnet_b4,ILSVRC2012_val_00018923.JPEG,n02917067,466,466,0.6748176,1,imagenet_c,defocus_blur,1,none
efficientnet_b4,ILSVRC2012_val_00019277.JPEG,n02917067,466,466,0.48634505,1,imagenet_c,defocus_blur,1,none
efficientnet_b4,ILSVRC2012_val_00019567.JPEG,n02917067,466,466,0.511433,1,imagenet_c,defocus_blur,1,none
efficientnet_b4,ILSVRC2012_val_00020919.JPEG,n02917067,466,466,0.5389175,1,imagenet_c,defocus_blur,1,none
efficientnet_b4,ILSVRC2012_val_00020972.JPEG,n02917067,466,466,0.7066729,1,imagenet_c,defocus_blur,1,none
efficientnet_b4,ILSVRC2012_val_00022610.JPEG,n02917067,466,466,0.57277805,1,imagenet_c,defocus_blur,1,none
efficientnet_b4,ILSVRC2012_val_00022891.JPEG,n02917067,466,705,0.16579477,0,imagenet_c,defocus_blur,1,none
efficientnet_b4,ILSVRC2012_val_00023503.JPEG,n02917067,466,466,0.5598025,1,imagenet_c,defocus_blur,1,none
efficientnet_b4,ILSVRC2012_val_00025128.JPEG,n02917067,466,466,0.3403593,1,imagenet_c,defocus_blur,1,none
efficientnet_b4,ILSVRC2012_val_00027036.JPEG,n02917067,466,466,0.50971544,1,imagenet_c,defocus_blur,1,none
efficientnet_b4,ILSVRC2012_val_00027463.JPEG,n02917067,466,466,0.5344809,1,imagenet_c,defocus_blur,1,none
efficientnet_b4,ILSVRC2012_val_00027783.JPEG,n02917067,466,466,0.41843754,1,imagenet_c,defocus_blur,1,none
efficientnet_b4,ILSVRC2012_val_00028597.JPEG,n02917067,466,466,0.5350523,1,imagenet_c,defocus_blur,1,none
efficientnet_b4,ILSVRC2012_val_00029080.JPEG,n02917067,466,466,0.50963867,1,imagenet_c,defocus_blur,1,none
efficientnet_b4,ILSVRC2012_val_00029707.JPEG,n02917067,466,466,0.5092922,1,imagenet_c,defocus_blur,1,none
efficientnet_b4,ILSVRC2012_val_00031216.JPEG,n02917067,466,466,0.53466254,1,imagenet_c,defocus_blur,1,none
efficientnet_b4,ILSVRC2012_val_00032751.JPEG,n02917067,466,466,0.4352899,1,imagenet_c,defocus_blur,1,none
efficientnet_b4,ILSVRC2012_val_00033558.JPEG,n02917067,466,466,0.5374515,1,imagenet_c,defocus_blur,1,none
efficientnet_b4,ILSVRC2012_val_00034240.JPEG,n02917067,466,466,0.5975015,1,imagenet_c,defocus_blur,1,none
efficientnet_b4,ILSVRC2012_val_00034936.JPEG,n02917067,466,466,0.6227565,1,imagenet_c,defocus_blur,1,none
efficientnet_b4,ILSVRC2012_val_00035453.JPEG,n02917067,466,466,0.37229165,1,imagenet_c,defocus_blur,1,none
efficientnet_b4,ILSVRC2012_val_00036325.JPEG,n02917067,466,466,0.58518374,1,imagenet_c,defocus_blur,1,none
efficientnet_b4,ILSVRC2012_val_00037319.JPEG,n02917067,466,466,0.62701625,1,imagenet_c,defocus_blur,1,none
efficientnet_b4,ILSVRC2012_val_00041806.JPEG,n02917067,466,466,0.29394078,1,imagenet_c,defocus_blur,1,none
efficientnet_b4,ILSVRC2012_val_00044802.JPEG,n02917067,466,466,0.5554843,1,imagenet_c,defocus_blur,1,none
efficientnet_b4,ILSVRC2012_val_00045233.JPEG,n02917067,466,466,0.5455064,1,imagenet_c,defocus_blur,1,none
efficientnet_b4,ILSVRC2012_val_00046242.JPEG,n02917067,466,466,0.4338379,1,imagenet_c,defocus_blur,1,none
efficientnet_b4,ILSVRC2012_val_00048010.JPEG,n02917067,466,466,0.55186,1,imagenet_c,defocus_blur,1,none
efficientnet_b4,ILSVRC2012_val_00048506.JPEG,n02917067,466,466,0.47364232,1,imagenet_c,defocus_blur,1,none
efficientnet_b4,ILSVRC2012_val_00000071.JPEG,n02927161,467,391,0.21506375,0,imagenet_c,defocus_blur,1,none
efficientnet_b4,ILSVRC2012_val_00000740.JPEG,n02927161,467,467,0.5695406,1,imagenet_c,defocus_blur,1,none
efficientnet_b4,ILSVRC2012_val_00001821.JPEG,n02927161,467,582,0.19445646,0,imagenet_c,defocus_blur,1,none
efficientnet_b4,ILSVRC2012_val_00002058.JPEG,n02927161,467,467,0.26019418,1,imagenet_c,defocus_blur,1,none
efficientnet_b4,ILSVRC2012_val_00002526.JPEG,n02927161,467,467,0.17710312,1,imagenet_c,defocus_blur,1,none
efficientnet_b4,ILSVRC2012_val_00003463.JPEG,n02927161,467,762,0.2717913,0,imagenet_c,defocus_blur,1,none
efficientnet_b4,ILSVRC2012_val_00005461.JPEG,n02927161,467,467,0.54474634,1,imagenet_c,defocus_blur,1,none
efficientnet_b4,ILSVRC2012_val_00005578.JPEG,n02927161,467,467,0.11983353,1,imagenet_c,defocus_blur,1,none
efficientnet_b4,ILSVRC2012_val_00005588.JPEG,n02927161,467,692,0.5735191,0,imagenet_c,defocus_blur,1,none
efficientnet_b4,ILSVRC2012_val_00008136.JPEG,n02927161,467,467,0.43641067,1,imagenet_c,defocus_blur,1,none
efficientnet_b4,ILSVRC2012_val_00010866.JPEG,n02927161,467,467,0.56345123,1,imagenet_c,defocus_blur,1,none
efficientnet_b4,ILSVRC2012_val_00011432.JPEG,n02927161,467,118,0.3023165,0,imagenet_c,defocus_blur,1,none
efficientnet_b4,ILSVRC2012_val_00011500.JPEG,n02927161,467,891,0.35680145,0,imagenet_c,defocus_blur,1,none
efficientnet_b4,ILSVRC2012_val_00011685.JPEG,n02927161,467,467,0.62461793,1,imagenet_c,defocus_blur,1,none
efficientnet_b4,ILSVRC2012_val_00012448.JPEG,n02927161,467,582,0.41268712,0,imagenet_c,defocus_blur,1,none
efficientnet_b4,ILSVRC2012_val_00012569.JPEG,n02927161,467,467,0.7280896,1,imagenet_c,defocus_blur,1,none
efficientnet_b4,ILSVRC2012_val_00013775.JPEG,n02927161,467,467,0.31178793,1,imagenet_c,defocus_blur,1,none
efficientnet_b4,ILSVRC2012_val_00014380.JPEG,n02927161,467,582,0.35239115,0,imagenet_c,defocus_blur,1,none
efficientnet_b4,ILSVRC2012_val_00014427.JPEG,n02927161,467,467,0.4758848,1,imagenet_c,defocus_blur,1,none
efficientnet_b4,ILSVRC2012_val_00014566.JPEG,n02927161,467,467,0.52479744,1,imagenet_c,defocus_blur,1,none
efficientnet_b4,ILSVRC2012_val_00015368.JPEG,n02927161,467,582,0.6323781,0,imagenet_c,defocus_blur,1,none
efficientnet_b4,ILSVRC2012_val_00017821.JPEG,n02927161,467,467,0.49420524,1,imagenet_c,defocus_blur,1,none
efficientnet_b4,ILSVRC2012_val_00019799.JPEG,n02927161,467,467,0.7329019,1,imagenet_c,defocus_blur,1,none
efficientnet_b4,ILSVRC2012_val_00020167.JPEG,n02927161,467,341,0.2225717,0,imagenet_c,defocus_blur,1,none
efficientnet_b4,ILSVRC2012_val_00021162.JPEG,n02927161,467,467,0.62775916,1,imagenet_c,defocus_blur,1,none
efficientnet_b4,ILSVRC2012_val_00021547.JPEG,n02927161,467,467,0.639688,1,imagenet_c,defocus_blur,1,none
efficientnet_b4,ILSVRC2012_val_00022169.JPEG,n02927161,467,467,0.6133816,1,imagenet_c,defocus_blur,1,none
efficientnet_b4,ILSVRC2012_val_00023166.JPEG,n02927161,467,467,0.720805,1,imagenet_c,defocus_blur,1,none
efficientnet_b4,ILSVRC2012_val_00027097.JPEG,n02927161,467,467,0.69285995,1,imagenet_c,defocus_blur,1,none
efficientnet_b4,ILSVRC2012_val_00028530.JPEG,n02927161,467,467,0.09959602,1,imagenet_c,defocus_blur,1,none
efficientnet_b4,ILSVRC2012_val_00029764.JPEG,n02927161,467,467,0.56636095,1,imagenet_c,defocus_blur,1,none
efficientnet_b4,ILSVRC2012_val_00031010.JPEG,n02927161,467,467,0.116784655,1,imagenet_c,defocus_blur,1,none
efficientnet_b4,ILSVRC2012_val_00031794.JPEG,n02927161,467,582,0.42929018,0,imagenet_c,defocus_blur,1,none
efficientnet_b4,ILSVRC2012_val_00035147.JPEG,n02927161,467,467,0.7519176,1,imagenet_c,defocus_blur,1,none
efficientnet_b4,ILSVRC2012_val_00037019.JPEG,n02927161,467,467,0.6606257,1,imagenet_c,defocus_blur,1,none
efficientnet_b4,ILSVRC2012_val_00037430.JPEG,n02927161,467,467,0.6016042,1,imagenet_c,defocus_blur,1,none
efficientnet_b4,ILSVRC2012_val_00039437.JPEG,n02927161,467,467,0.53559613,1,imagenet_c,defocus_blur,1,none
efficientnet_b4,ILSVRC2012_val_00041630.JPEG,n02927161,467,467,0.7182685,1,imagenet_c,defocus_blur,1,none
efficientnet_b4,ILSVRC2012_val_00042215.JPEG,n02927161,467,582,0.31891045,0,imagenet_c,defocus_blur,1,none
efficientnet_b4,ILSVRC2012_val_00042634.JPEG,n02927161,467,467,0.5084212,1,imagenet_c,defocus_blur,1,none
efficientnet_b4,ILSVRC2012_val_00043322.JPEG,n02927161,467,467,0.67248064,1,imagenet_c,defocus_blur,1,none
efficientnet_b4,ILSVRC2012_val_00043550.JPEG,n02927161,467,467,0.54984134,1,imagenet_c,defocus_blur,1,none
efficientnet_b4,ILSVRC2012_val_00044970.JPEG,n02927161,467,582,0.36243862,0,imagenet_c,defocus_blur,1,none
efficientnet_b4,ILSVRC2012_val_00045033.JPEG,n02927161,467,467,0.51711637,1,imagenet_c,defocus_blur,1,none
efficientnet_b4,ILSVRC2012_val_00045329.JPEG,n02927161,467,582,0.5443686,0,imagenet_c,defocus_blur,1,none
efficientnet_b4,ILSVRC2012_val_00045596.JPEG,n02927161,467,467,0.5929052,1,imagenet_c,defocus_blur,1,none
efficientnet_b4,ILSVRC2012_val_00045830.JPEG,n02927161,467,467,0.4397673,1,imagenet_c,defocus_blur,1,none
efficientnet_b4,ILSVRC2012_val_00046828.JPEG,n02927161,467,341,0.6686049,0,imagenet_c,defocus_blur,1,none
efficientnet_b4,ILSVRC2012_val_00048654.JPEG,n02927161,467,467,0.5815021,1,imagenet_c,defocus_blur,1,none
efficientnet_b4,ILSVRC2012_val_00049736.JPEG,n02927161,467,467,0.6550889,1,imagenet_c,defocus_blur,1,none
efficientnet_b4,ILSVRC2012_val_00000056.JPEG,n02930766,468,468,0.5300852,1,imagenet_c,defocus_blur,1,none
efficientnet_b4,ILSVRC2012_val_00000431.JPEG,n02930766,468,468,0.72532153,1,imagenet_c,defocus_blur,1,none
efficientnet_b4,ILSVRC2012_val_00000432.JPEG,n02930766,468,468,0.091154985,1,imagenet_c,defocus_blur,1,none
efficientnet_b4,ILSVRC2012_val_00000720.JPEG,n02930766,468,468,0.56096625,1,imagenet_c,defocus_blur,1,none
efficientnet_b4,ILSVRC2012_val_00001093.JPEG,n02930766,468,779,0.24811153,0,imagenet_c,defocus_blur,1,none
efficientnet_b4,ILSVRC2012_val_00003112.JPEG,n02930766,468,468,0.15778343,1,imagenet_c,defocus_blur,1,none
efficientnet_b4,ILSVRC2012_val_00003886.JPEG,n02930766,468,468,0.05087476,1,imagenet_c,defocus_blur,1,none
efficientnet_b4,ILSVRC2012_val_00004197.JPEG,n02930766,468,468,0.49168304,1,imagenet_c,defocus_blur,1,none
efficientnet_b4,ILSVRC2012_val_00005877.JPEG,n02930766,468,468,0.3169951,1,imagenet_c,defocus_blur,1,none
efficientnet_b4,ILSVRC2012_val_00006258.JPEG,n02930766,468,907,0.044501618,0,imagenet_c,defocus_blur,1,none
efficientnet_b4,ILSVRC2012_val_00010637.JPEG,n02930766,468,468,0.091101244,1,imagenet_c,defocus_blur,1,none
efficientnet_b4,ILSVRC2012_val_00012182.JPEG,n02930766,468,704,0.036008243,0,imagenet_c,defocus_blur,1,none
efficientnet_b4,ILSVRC2012_val_00012583.JPEG,n02930766,468,468,0.7583065,1,imagenet_c,defocus_blur,1,none
efficientnet_b4,ILSVRC2012_val_00016645.JPEG,n02930766,468,468,0.63608617,1,imagenet_c,defocus_blur,1,none
efficientnet_b4,ILSVRC2012_val_00017822.JPEG,n02930766,468,468,0.3594718,1,imagenet_c,defocus_blur,1,none
efficientnet_b4,ILSVRC2012_val_00018246.JPEG,n02930766,468,468,0.42946205,1,imagenet_c,defocus_blur,1,none
efficientnet_b4,ILSVRC2012_val_00018744.JPEG,n02930766,468,704,0.04398213,0,imagenet_c,defocus_blur,1,none
efficientnet_b4,ILSVRC2012_val_00019725.JPEG,n02930766,468,482,0.14184101,0,imagenet_c,defocus_blur,1,none
efficientnet_b4,ILSVRC2012_val_00020002.JPEG,n02930766,468,468,0.6417926,1,imagenet_c,defocus_blur,1,none
efficientnet_b4,ILSVRC2012_val_00021301.JPEG,n02930766,468,468,0.54646707,1,imagenet_c,defocus_blur,1,none
efficientnet_b4,ILSVRC2012_val_00021716.JPEG,n02930766,468,468,0.6201368,1,imagenet_c,defocus_blur,1,none
efficientnet_b4,ILSVRC2012_val_00021775.JPEG,n02930766,468,468,0.2832698,1,imagenet_c,defocus_blur,1,none
efficientnet_b4,ILSVRC2012_val_00023507.JPEG,n02930766,468,468,0.2934005,1,imagenet_c,defocus_blur,1,none
efficientnet_b4,ILSVRC2012_val_00024931.JPEG,n02930766,468,468,0.7527224,1,imagenet_c,defocus_blur,1,none
efficientnet_b4,ILSVRC2012_val_00025244.JPEG,n02930766,468,468,0.7142898,1,imagenet_c,defocus_blur,1,none
efficientnet_b4,ILSVRC2012_val_00025657.JPEG,n02930766,468,468,0.25862443,1,imagenet_c,defocus_blur,1,none
efficientnet_b4,ILSVRC2012_val_00026577.JPEG,n02930766,468,468,0.50557023,1,imagenet_c,defocus_blur,1,none
efficientnet_b4,ILSVRC2012_val_00026694.JPEG,n02930766,468,468,0.30765522,1,imagenet_c,defocus_blur,1,none
efficientnet_b4,ILSVRC2012_val_00026747.JPEG,n02930766,468,468,0.44906896,1,imagenet_c,defocus_blur,1,none
efficientnet_b4,ILSVRC2012_val_00029841.JPEG,n02930766,468,468,0.47330683,1,imagenet_c,defocus_blur,1,none
efficientnet_b4,ILSVRC2012_val_00030314.JPEG,n02930766,468,468,0.48983335,1,imagenet_c,defocus_blur,1,none
efficientnet_b4,ILSVRC2012_val_00031878.JPEG,n02930766,468,581,0.33306298,0,imagenet_c,defocus_blur,1,none
efficientnet_b4,ILSVRC2012_val_00034269.JPEG,n02930766,468,468,0.39146063,1,imagenet_c,defocus_blur,1,none
efficientnet_b4,ILSVRC2012_val_00034836.JPEG,n02930766,468,468,0.6788689,1,imagenet_c,defocus_blur,1,none
efficientnet_b4,ILSVRC2012_val_00035012.JPEG,n02930766,468,627,0.08400695,0,imagenet_c,defocus_blur,1,none
efficientnet_b4,ILSVRC2012_val_00035018.JPEG,n02930766,468,468,0.6165705,1,imagenet_c,defocus_blur,1,none
efficientnet_b4,ILSVRC2012_val_00036204.JPEG,n02930766,468,468,0.3382925,1,imagenet_c,defocus_blur,1,none
efficientnet_b4,ILSVRC2012_val_00037652.JPEG,n02930766,468,468,0.4623177,1,imagenet_c,defocus_blur,1,none
efficientnet_b4,ILSVRC2012_val_00038811.JPEG,n02930766,468,705,0.28157836,0,imagenet_c,defocus_blur,1,none
efficientnet_b4,ILSVRC2012_val_00039097.JPEG,n02930766,468,468,0.19976224,1,imagenet_c,defocus_blur,1,none
efficientnet_b4,ILSVRC2012_val_00039250.JPEG,n02930766,468,609,0.38680884,0,imagenet_c,defocus_blur,1,none
efficientnet_b4,ILSVRC2012_val_00040571.JPEG,n02930766,468,475,0.32158545,0,imagenet_c,defocus_blur,1,none
efficientnet_b4,ILSVRC2012_val_00041065.JPEG,n02930766,468,974,0.12705226,0,imagenet_c,defocus_blur,1,none
efficientnet_b4,ILSVRC2012_val_00041873.JPEG,n02930766,468,468,0.22297671,1,imagenet_c,defocus_blur,1,none
efficientnet_b4,ILSVRC2012_val_00041920.JPEG,n02930766,468,468,0.29102337,1,imagenet_c,defocus_blur,1,none
efficientnet_b4,ILSVRC2012_val_00042104.JPEG,n02930766,468,468,0.5835478,1,imagenet_c,defocus_blur,1,none
efficientnet_b4,ILSVRC2012_val_00043903.JPEG,n02930766,468,468,0.6612113,1,imagenet_c,defocus_blur,1,none
efficientnet_b4,ILSVRC2012_val_00044318.JPEG,n02930766,468,468,0.34203428,1,imagenet_c,defocus_blur,1,none
efficientnet_b4,ILSVRC2012_val_00048951.JPEG,n02930766,468,468,0.63668513,1,imagenet_c,defocus_blur,1,none
efficientnet_b4,ILSVRC2012_val_00049552.JPEG,n02930766,468,468,0.42592567,1,imagenet_c,defocus_blur,1,none
efficientnet_b4,ILSVRC2012_val_00000302.JPEG,n02939185,469,926,0.53890693,0,imagenet_c,defocus_blur,1,none
efficientnet_b4,ILSVRC2012_val_00002629.JPEG,n02939185,469,544,0.2505137,0,imagenet_c,defocus_blur,1,none
efficientnet_b4,ILSVRC2012_val_00002947.JPEG,n02939185,469,964,0.037011154,0,imagenet_c,defocus_blur,1,none
efficientnet_b4,ILSVRC2012_val_00003247.JPEG,n02939185,469,469,0.7903175,1,imagenet_c,defocus_blur,1,none
efficientnet_b4,ILSVRC2012_val_00006010.JPEG,n02939185,469,469,0.6065905,1,imagenet_c,defocus_blur,1,none
efficientnet_b4,ILSVRC2012_val_00006325.JPEG,n02939185,469,469,0.55111647,1,imagenet_c,defocus_blur,1,none
efficientnet_b4,ILSVRC2012_val_00006370.JPEG,n02939185,469,469,0.8225501,1,imagenet_c,defocus_blur,1,none
efficientnet_b4,ILSVRC2012_val_00007070.JPEG,n02939185,469,469,0.3814689,1,imagenet_c,defocus_blur,1,none
efficientnet_b4,ILSVRC2012_val_00008169.JPEG,n02939185,469,919,0.1128052,0,imagenet_c,defocus_blur,1,none
efficientnet_b4,ILSVRC2012_val_00008625.JPEG,n02939185,469,544,0.16011043,0,imagenet_c,defocus_blur,1,none
efficientnet_b4,ILSVRC2012_val_00009140.JPEG,n02939185,469,469,0.68359566,1,imagenet_c,defocus_blur,1,none
efficientnet_b4,ILSVRC2012_val_00009919.JPEG,n02939185,469,469,0.20436202,1,imagenet_c,defocus_blur,1,none
efficientnet_b4,ILSVRC2012_val_00010201.JPEG,n02939185,469,469,0.23097163,1,imagenet_c,defocus_blur,1,none
efficientnet_b4,ILSVRC2012_val_00010282.JPEG,n02939185,469,469,0.35407338,1,imagenet_c,defocus_blur,1,none
efficientnet_b4,ILSVRC2012_val_00011050.JPEG,n02939185,469,827,0.19303264,0,imagenet_c,defocus_blur,1,none
efficientnet_b4,ILSVRC2012_val_00012210.JPEG,n02939185,469,634,0.28868803,0,imagenet_c,defocus_blur,1,none
efficientnet_b4,ILSVRC2012_val_00013864.JPEG,n02939185,469,747,0.15100381,0,imagenet_c,defocus_blur,1,none
efficientnet_b4,ILSVRC2012_val_00014420.JPEG,n02939185,469,469,0.6618263,1,imagenet_c,defocus_blur,1,none
efficientnet_b4,ILSVRC2012_val_00014853.JPEG,n02939185,469,926,0.57278866,0,imagenet_c,defocus_blur,1,none
efficientnet_b4,ILSVRC2012_val_00017286.JPEG,n02939185,469,469,0.5012341,1,imagenet_c,defocus_blur,1,none
efficientnet_b4,ILSVRC2012_val_00017886.JPEG,n02939185,469,926,0.49810168,0,imagenet_c,defocus_blur,1,none
efficientnet_b4,ILSVRC2012_val_00020028.JPEG,n02939185,469,469,0.18638185,1,imagenet_c,defocus_blur,1,none
efficientnet_b4,ILSVRC2012_val_00021757.JPEG,n02939185,469,469,0.48927295,1,imagenet_c,defocus_blur,1,none
efficientnet_b4,ILSVRC2012_val_00021805.JPEG,n02939185,469,469,0.5028548,1,imagenet_c,defocus_blur,1,none
efficientnet_b4,ILSVRC2012_val_00024512.JPEG,n02939185,469,469,0.49009985,1,imagenet_c,defocus_blur,1,none
efficientnet_b4,ILSVRC2012_val_00025163.JPEG,n02939185,469,469,0.16043556,1,imagenet_c,defocus_blur,1,none
efficientnet_b4,ILSVRC2012_val_00025808.JPEG,n02939185,469,469,0.19232441,1,imagenet_c,defocus_blur,1,none
efficientnet_b4,ILSVRC2012_val_00028378.JPEG,n02939185,469,695,0.02263204,0,imagenet_c,defocus_blur,1,none
efficientnet_b4,ILSVRC2012_val_00029179.JPEG,n02939185,469,469,0.60159767,1,imagenet_c,defocus_blur,1,none
efficientnet_b4,ILSVRC2012_val_00031234.JPEG,n02939185,469,856,0.20148177,0,imagenet_c,defocus_blur,1,none
efficientnet_b4,ILSVRC2012_val_00031283.JPEG,n02939185,469,964,0.13743979,0,imagenet_c,defocus_blur,1,none
efficientnet_b4,ILSVRC2012_val_00031452.JPEG,n02939185,469,926,0.110244386,0,imagenet_c,defocus_blur,1,none
efficientnet_b4,ILSVRC2012_val_00033151.JPEG,n02939185,469,469,0.68565214,1,imagenet_c,defocus_blur,1,none
efficientnet_b4,ILSVRC2012_val_00034236.JPEG,n02939185,469,909,0.1736758,0,imagenet_c,defocus_blur,1,none
efficientnet_b4,ILSVRC2012_val_00034904.JPEG,n02939185,469,469,0.35331413,1,imagenet_c,defocus_blur,1,none
efficientnet_b4,ILSVRC2012_val_00035031.JPEG,n02939185,469,596,0.062082946,0,imagenet_c,defocus_blur,1,none
efficientnet_b4,ILSVRC2012_val_00035816.JPEG,n02939185,469,469,0.30054545,1,imagenet_c,defocus_blur,1,none
efficientnet_b4,ILSVRC2012_val_00036084.JPEG,n02939185,469,924,0.20316917,0,imagenet_c,defocus_blur,1,none
efficientnet_b4,ILSVRC2012_val_00038645.JPEG,n02939185,469,469,0.63875294,1,imagenet_c,defocus_blur,1,none
efficientnet_b4,ILSVRC2012_val_00040315.JPEG,n02939185,469,544,0.37844026,0,imagenet_c,defocus_blur,1,none
efficientnet_b4,ILSVRC2012_val_00041034.JPEG,n02939185,469,469,0.54437774,1,imagenet_c,defocus_blur,1,none
efficientnet_b4,ILSVRC2012_val_00041614.JPEG,n02939185,469,469,0.22570068,1,imagenet_c,defocus_blur,1,none
efficientnet_b4,ILSVRC2012_val_00043061.JPEG,n02939185,469,544,0.056613397,0,imagenet_c,defocus_blur,1,none
efficientnet_b4,ILSVRC2012_val_00043291.JPEG,n02939185,469,469,0.12730502,1,imagenet_c,defocus_blur,1,none
efficientnet_b4,ILSVRC2012_val_00043971.JPEG,n02939185,469,469,0.6765821,1,imagenet_c,defocus_blur,1,none
efficientnet_b4,ILSVRC2012_val_00044457.JPEG,n02939185,469,469,0.10378949,1,imagenet_c,defocus_blur,1,none
efficientnet_b4,ILSVRC2012_val_00046481.JPEG,n02939185,469,469,0.36239156,1,imagenet_c,defocus_blur,1,none
efficientnet_b4,ILSVRC2012_val_00049223.JPEG,n02939185,469,469,0.02714555,1,imagenet_c,defocus_blur,1,none
efficientnet_b4,ILSVRC2012_val_00049308.JPEG,n02939185,469,469,0.47260183,1,imagenet_c,defocus_blur,1,none
efficientnet_b4,ILSVRC2012_val_00049824.JPEG,n02939185,469,926,0.53776443,0,imagenet_c,defocus_blur,1,none
efficientnet_b4,ILSVRC2012_val_00002596.JPEG,n02948072,470,453,0.08749156,0,imagenet_c,defocus_blur,1,none
efficientnet_b4,ILSVRC2012_val_00003486.JPEG,n02948072,470,470,0.2642764,1,imagenet_c,defocus_blur,1,none
efficientnet_b4,ILSVRC2012_val_00006227.JPEG,n02948072,470,470,0.6096328,1,imagenet_c,defocus_blur,1,none
efficientnet_b4,ILSVRC2012_val_00007580.JPEG,n02948072,470,720,0.041843995,0,imagenet_c,defocus_blur,1,none
efficientnet_b4,ILSVRC2012_val_00007749.JPEG,n02948072,470,470,0.7451072,1,imagenet_c,defocus_blur,1,none
efficientnet_b4,ILSVRC2012_val_00007889.JPEG,n02948072,470,470,0.1667597,1,imagenet_c,defocus_blur,1,none
efficientnet_b4,ILSVRC2012_val_00008021.JPEG,n02948072,470,470,0.5717077,1,imagenet_c,defocus_blur,1,none
efficientnet_b4,ILSVRC2012_val_00008717.JPEG,n02948072,470,470,0.7922775,1,imagenet_c,defocus_blur,1,none
efficientnet_b4,ILSVRC2012_val_00008806.JPEG,n02948072,470,470,0.608561,1,imagenet_c,defocus_blur,1,none
efficientnet_b4,ILSVRC2012_val_00010256.JPEG,n02948072,470,552,0.13866508,0,imagenet_c,defocus_blur,1,none
efficientnet_b4,ILSVRC2012_val_00010335.JPEG,n02948072,470,470,0.3721286,1,imagenet_c,defocus_blur,1,none
efficientnet_b4,ILSVRC2012_val_00010993.JPEG,n02948072,470,644,0.23801467,0,imagenet_c,defocus_blur,1,none
efficientnet_b4,ILSVRC2012_val_00011230.JPEG,n02948072,470,470,0.81274897,1,imagenet_c,defocus_blur,1,none
efficientnet_b4,ILSVRC2012_val_00012453.JPEG,n02948072,470,964,0.13444318,0,imagenet_c,defocus_blur,1,none
efficientnet_b4,ILSVRC2012_val_00014393.JPEG,n02948072,470,470,0.059178572,1,imagenet_c,defocus_blur,1,none
efficientnet_b4,ILSVRC2012_val_00014435.JPEG,n02948072,470,722,0.28137153,0,imagenet_c,defocus_blur,1,none
efficientnet_b4,ILSVRC2012_val_00014444.JPEG,n02948072,470,470,0.33806598,1,imagenet_c,defocus_blur,1,none
efficientnet_b4,ILSVRC2012_val_00017392.JPEG,n02948072,470,470,0.5876452,1,imagenet_c,defocus_blur,1,none
efficientnet_b4,ILSVRC2012_val_00019806.JPEG,n02948072,470,470,0.55381495,1,imagenet_c,defocus_blur,1,none
efficientnet_b4,ILSVRC2012_val_00019827.JPEG,n02948072,470,470,0.7545673,1,imagenet_c,defocus_blur,1,none
efficientnet_b4,ILSVRC2012_val_00021186.JPEG,n02948072,470,470,0.5330268,1,imagenet_c,defocus_blur,1,none
efficientnet_b4,ILSVRC2012_val_00021250.JPEG,n02948072,470,470,0.7050084,1,imagenet_c,defocus_blur,1,none
efficientnet_b4,ILSVRC2012_val_00022603.JPEG,n02948072,470,470,0.43090868,1,imagenet_c,defocus_blur,1,none
efficientnet_b4,ILSVRC2012_val_00022845.JPEG,n02948072,470,470,0.69610196,1,imagenet_c,defocus_blur,1,none
efficientnet_b4,ILSVRC2012_val_00023314.JPEG,n02948072,470,470,0.35472748,1,imagenet_c,defocus_blur,1,none
efficientnet_b4,ILSVRC2012_val_00023934.JPEG,n02948072,470,607,0.6140151,0,imagenet_c,defocus_blur,1,none
efficientnet_b4,ILSVRC2012_val_00025086.JPEG,n02948072,470,470,0.6980611,1,imagenet_c,defocus_blur,1,none
efficientnet_b4,ILSVRC2012_val_00025186.JPEG,n02948072,470,899,0.05504128,0,imagenet_c,defocus_blur,1,none
efficientnet_b4,ILSVRC2012_val_00026055.JPEG,n02948072,470,862,0.11551023,0,imagenet_c,defocus_blur,1,none
efficientnet_b4,ILSVRC2012_val_00027000.JPEG,n02948072,470,862,0.362317,0,imagenet_c,defocus_blur,1,none
efficientnet_b4,ILSVRC2012_val_00027494.JPEG,n02948072,470,762,0.5631847,0,imagenet_c,defocus_blur,1,none
efficientnet_b4,ILSVRC2012_val_00030363.JPEG,n02948072,470,470,0.6324367,1,imagenet_c,defocus_blur,1,none
efficientnet_b4,ILSVRC2012_val_00030664.JPEG,n02948072,470,470,0.48877728,1,imagenet_c,defocus_blur,1,none
efficientnet_b4,ILSVRC2012_val_00031683.JPEG,n02948072,470,971,0.09411827,0,imagenet_c,defocus_blur,1,none
efficientnet_b4,ILSVRC2012_val_00032008.JPEG,n02948072,470,923,0.16956924,0,imagenet_c,defocus_blur,1,none
efficientnet_b4,ILSVRC2012_val_00034517.JPEG,n02948072,470,406,0.5591706,0,imagenet_c,defocus_blur,1,none
efficientnet_b4,ILSVRC2012_val_00035263.JPEG,n02948072,470,579,0.083966255,0,imagenet_c,defocus_blur,1,none
efficientnet_b4,ILSVRC2012_val_00037224.JPEG,n02948072,470,470,0.6871958,1,imagenet_c,defocus_blur,1,none
efficientnet_b4,ILSVRC2012_val_00037695.JPEG,n02948072,470,470,0.18634503,1,imagenet_c,defocus_blur,1,none
efficientnet_b4,ILSVRC2012_val_00038251.JPEG,n02948072,470,470,0.4357784,1,imagenet_c,defocus_blur,1,none
efficientnet_b4,ILSVRC2012_val_00038456.JPEG,n02948072,470,454,0.0945371,0,imagenet_c,defocus_blur,1,none
efficientnet_b4,ILSVRC2012_val_00041374.JPEG,n02948072,470,470,0.82673615,1,imagenet_c,defocus_blur,1,none
efficientnet_b4,ILSVRC2012_val_00041434.JPEG,n02948072,470,865,0.32850134,0,imagenet_c,defocus_blur,1,none
efficientnet_b4,ILSVRC2012_val_00043507.JPEG,n02948072,470,470,0.24416037,1,imagenet_c,defocus_blur,1,none
efficientnet_b4,ILSVRC2012_val_00043844.JPEG,n02948072,470,762,0.13420045,0,imagenet_c,defocus_blur,1,none
efficientnet_b4,ILSVRC2012_val_00045660.JPEG,n02948072,470,470,0.20731048,1,imagenet_c,defocus_blur,1,none
efficientnet_b4,ILSVRC2012_val_00046860.JPEG,n02948072,470,470,0.37972572,1,imagenet_c,defocus_blur,1,none
efficientnet_b4,ILSVRC2012_val_00047415.JPEG,n02948072,470,762,0.030408865,0,imagenet_c,defocus_blur,1,none
efficientnet_b4,ILSVRC2012_val_00048528.JPEG,n02948072,470,470,0.4107283,1,imagenet_c,defocus_blur,1,none
efficientnet_b4,ILSVRC2012_val_00049083.JPEG,n02948072,470,631,0.2374425,0,imagenet_c,defocus_blur,1,none
efficientnet_b4,ILSVRC2012_val_00000392.JPEG,n02950826,471,471,0.74954915,1,imagenet_c,defocus_blur,1,none
efficientnet_b4,ILSVRC2012_val_00000596.JPEG,n02950826,471,471,0.43566185,1,imagenet_c,defocus_blur,1,none
efficientnet_b4,ILSVRC2012_val_00001399.JPEG,n02950826,471,471,0.3460522,1,imagenet_c,defocus_blur,1,none
efficientnet_b4,ILSVRC2012_val_00001528.JPEG,n02950826,471,471,0.53890514,1,imagenet_c,defocus_blur,1,none
efficientnet_b4,ILSVRC2012_val_00001902.JPEG,n02950826,471,471,0.42349792,1,imagenet_c,defocus_blur,1,none
efficientnet_b4,ILSVRC2012_val_00004447.JPEG,n02950826,471,471,0.19078061,1,imagenet_c,defocus_blur,1,none
efficientnet_b4,ILSVRC2012_val_00005016.JPEG,n02950826,471,733,0.119174644,0,imagenet_c,defocus_blur,1,none
efficientnet_b4,ILSVRC2012_val_00005222.JPEG,n02950826,471,471,0.15034328,1,imagenet_c,defocus_blur,1,none
efficientnet_b4,ILSVRC2012_val_00006467.JPEG,n02950826,471,471,0.7347607,1,imagenet_c,defocus_blur,1,none
efficientnet_b4,ILSVRC2012_val_00008964.JPEG,n02950826,471,856,0.21349233,0,imagenet_c,defocus_blur,1,none
efficientnet_b4,ILSVRC2012_val_00009648.JPEG,n02950826,471,471,0.31187883,1,imagenet_c,defocus_blur,1,none
efficientnet_b4,ILSVRC2012_val_00010903.JPEG,n02950826,471,471,0.55317473,1,imagenet_c,defocus_blur,1,none
efficientnet_b4,ILSVRC2012_val_00011155.JPEG,n02950826,471,825,0.10365062,0,imagenet_c,defocus_blur,1,none
efficientnet_b4,ILSVRC2012_val_00012063.JPEG,n02950826,471,471,0.639644,1,imagenet_c,defocus_blur,1,none
efficientnet_b4,ILSVRC2012_val_00012710.JPEG,n02950826,471,471,0.3764731,1,imagenet_c,defocus_blur,1,none
efficientnet_b4,ILSVRC2012_val_00014835.JPEG,n02950826,471,471,0.54430443,1,imagenet_c,defocus_blur,1,none
efficientnet_b4,ILSVRC2012_val_00015215.JPEG,n02950826,471,471,0.55836123,1,imagenet_c,defocus_blur,1,none
efficientnet_b4,ILSVRC2012_val_00017566.JPEG,n02950826,471,471,0.6703541,1,imagenet_c,defocus_blur,1,none
efficientnet_b4,ILSVRC2012_val_00019075.JPEG,n02950826,471,471,0.5692821,1,imagenet_c,defocus_blur,1,none
efficientnet_b4,ILSVRC2012_val_00019887.JPEG,n02950826,471,471,0.35371724,1,imagenet_c,defocus_blur,1,none
efficientnet_b4,ILSVRC2012_val_00020752.JPEG,n02950826,471,471,0.7761927,1,imagenet_c,defocus_blur,1,none
efficientnet_b4,ILSVRC2012_val_00021004.JPEG,n02950826,471,471,0.6629631,1,imagenet_c,defocus_blur,1,none
efficientnet_b4,ILSVRC2012_val_00022031.JPEG,n02950826,471,690,0.164309,0,imagenet_c,defocus_blur,1,none
efficientnet_b4,ILSVRC2012_val_00024648.JPEG,n02950826,471,471,0.55584633,1,imagenet_c,defocus_blur,1,none
efficientnet_b4,ILSVRC2012_val_00027001.JPEG,n02950826,471,403,0.4388576,0,imagenet_c,defocus_blur,1,none
efficientnet_b4,ILSVRC2012_val_00028171.JPEG,n02950826,471,471,0.66756725,1,imagenet_c,defocus_blur,1,none
efficientnet_b4,ILSVRC2012_val_00030053.JPEG,n02950826,471,471,0.18972196,1,imagenet_c,defocus_blur,1,none
efficientnet_b4,ILSVRC2012_val_00031000.JPEG,n02950826,471,471,0.53374606,1,imagenet_c,defocus_blur,1,none
efficientnet_b4,ILSVRC2012_val_00031280.JPEG,n02950826,471,690,0.28133842,0,imagenet_c,defocus_blur,1,none
efficientnet_b4,ILSVRC2012_val_00031501.JPEG,n02950826,471,471,0.46895674,1,imagenet_c,defocus_blur,1,none
efficientnet_b4,ILSVRC2012_val_00032815.JPEG,n02950826,471,471,0.20298746,1,imagenet_c,defocus_blur,1,none
efficientnet_b4,ILSVRC2012_val_00033446.JPEG,n02950826,471,471,0.61211157,1,imagenet_c,defocus_blur,1,none
efficientnet_b4,ILSVRC2012_val_00034326.JPEG,n02950826,471,471,0.304857,1,imagenet_c,defocus_blur,1,none
efficientnet_b4,ILSVRC2012_val_00034902.JPEG,n02950826,471,471,0.67081326,1,imagenet_c,defocus_blur,1,none
efficientnet_b4,ILSVRC2012_val_00035629.JPEG,n02950826,471,471,0.7034068,1,imagenet_c,defocus_blur,1,none
efficientnet_b4,ILSVRC2012_val_00036357.JPEG,n02950826,471,471,0.40448835,1,imagenet_c,defocus_blur,1,none
efficientnet_b4,ILSVRC2012_val_00036600.JPEG,n02950826,471,471,0.2880428,1,imagenet_c,defocus_blur,1,none
efficientnet_b4,ILSVRC2012_val_00037796.JPEG,n02950826,471,471,0.54592025,1,imagenet_c,defocus_blur,1,none
efficientnet_b4,ILSVRC2012_val_00037996.JPEG,n02950826,471,471,0.2476464,1,imagenet_c,defocus_blur,1,none
efficientnet_b4,ILSVRC2012_val_00038297.JPEG,n02950826,471,471,0.11795994,1,imagenet_c,defocus_blur,1,none
efficientnet_b4,ILSVRC2012_val_00039382.JPEG,n02950826,471,471,0.049730815,1,imagenet_c,defocus_blur,1,none
efficientnet_b4,ILSVRC2012_val_00040095.JPEG,n02950826,471,471,0.22571059,1,imagenet_c,defocus_blur,1,none
efficientnet_b4,ILSVRC2012_val_00040163.JPEG,n02950826,471,595,0.13189656,0,imagenet_c,defocus_blur,1,none
efficientnet_b4,ILSVRC2012_val_00041215.JPEG,n02950826,471,743,0.12539026,0,imagenet_c,defocus_blur,1,none
efficientnet_b4,ILSVRC2012_val_00041750.JPEG,n02950826,471,471,0.67144626,1,imagenet_c,defocus_blur,1,none
efficientnet_b4,ILSVRC2012_val_00042461.JPEG,n02950826,471,471,0.47173798,1,imagenet_c,defocus_blur,1,none
efficientnet_b4,ILSVRC2012_val_00043244.JPEG,n02950826,471,471,0.4743877,1,imagenet_c,defocus_blur,1,none
efficientnet_b4,ILSVRC2012_val_00043973.JPEG,n02950826,471,471,0.35299864,1,imagenet_c,defocus_blur,1,none
efficientnet_b4,ILSVRC2012_val_00045603.JPEG,n02950826,471,471,0.6586869,1,imagenet_c,defocus_blur,1,none
efficientnet_b4,ILSVRC2012_val_00046261.JPEG,n02950826,471,471,0.55288285,1,imagenet_c,defocus_blur,1,none
efficientnet_b4,ILSVRC2012_val_00000347.JPEG,n02951358,472,472,0.45338613,1,imagenet_c,defocus_blur,1,none
efficientnet_b4,ILSVRC2012_val_00001326.JPEG,n02951358,472,472,0.46609634,1,imagenet_c,defocus_blur,1,none
efficientnet_b4,ILSVRC2012_val_00001677.JPEG,n02951358,472,472,0.56883764,1,imagenet_c,defocus_blur,1,none
efficientnet_b4,ILSVRC2012_val_00002732.JPEG,n02951358,472,718,0.17018637,0,imagenet_c,defocus_blur,1,none
efficientnet_b4,ILSVRC2012_val_00004909.JPEG,n02951358,472,693,0.30784035,0,imagenet_c,defocus_blur,1,none
efficientnet_b4,ILSVRC2012_val_00007245.JPEG,n02951358,472,978,0.2793363,0,imagenet_c,defocus_blur,1,none
efficientnet_b4,ILSVRC2012_val_00007438.JPEG,n02951358,472,472,0.4284639,1,imagenet_c,defocus_blur,1,none
efficientnet_b4,ILSVRC2012_val_00008477.JPEG,n02951358,472,693,0.23800632,0,imagenet_c,defocus_blur,1,none
efficientnet_b4,ILSVRC2012_val_00008828.JPEG,n02951358,472,472,0.42348856,1,imagenet_c,defocus_blur,1,none
efficientnet_b4,ILSVRC2012_val_00010474.JPEG,n02951358,472,472,0.4988638,1,imagenet_c,defocus_blur,1,none
efficientnet_b4,ILSVRC2012_val_00011563.JPEG,n02951358,472,472,0.25921416,1,imagenet_c,defocus_blur,1,none
efficientnet_b4,ILSVRC2012_val_00012403.JPEG,n02951358,472,472,0.40955743,1,imagenet_c,defocus_blur,1,none
efficientnet_b4,ILSVRC2012_val_00012673.JPEG,n02951358,472,472,0.2846141,1,imagenet_c,defocus_blur,1,none
efficientnet_b4,ILSVRC2012_val_00013191.JPEG,n02951358,472,472,0.35590118,1,imagenet_c,defocus_blur,1,none
efficientnet_b4,ILSVRC2012_val_00015044.JPEG,n02951358,472,472,0.33489874,1,imagenet_c,defocus_blur,1,none
efficientnet_b4,ILSVRC2012_val_00017912.JPEG,n02951358,472,472,0.5077344,1,imagenet_c,defocus_blur,1,none
efficientnet_b4,ILSVRC2012_val_00019947.JPEG,n02951358,472,472,0.580947,1,imagenet_c,defocus_blur,1,none
efficientnet_b4,ILSVRC2012_val_00020877.JPEG,n02951358,472,472,0.61264074,1,imagenet_c,defocus_blur,1,none
efficientnet_b4,ILSVRC2012_val_00021156.JPEG,n02951358,472,472,0.5996433,1,imagenet_c,defocus_blur,1,none
efficientnet_b4,ILSVRC2012_val_00022210.JPEG,n02951358,472,472,0.26625142,1,imagenet_c,defocus_blur,1,none
efficientnet_b4,ILSVRC2012_val_00023574.JPEG,n02951358,472,472,0.34208828,1,imagenet_c,defocus_blur,1,none
efficientnet_b4,ILSVRC2012_val_00023856.JPEG,n02951358,472,472,0.27336508,1,imagenet_c,defocus_blur,1,none
efficientnet_b4,ILSVRC2012_val_00024906.JPEG,n02951358,472,472,0.5550931,1,imagenet_c,defocus_blur,1,none
efficientnet_b4,ILSVRC2012_val_00025415.JPEG,n02951358,472,693,0.2731367,0,imagenet_c,defocus_blur,1,none
efficientnet_b4,ILSVRC2012_val_00026054.JPEG,n02951358,472,472,0.43984076,1,imagenet_c,defocus_blur,1,none
efficientnet_b4,ILSVRC2012_val_00026341.JPEG,n02951358,472,472,0.52759326,1,imagenet_c,defocus_blur,1,none
efficientnet_b4,ILSVRC2012_val_00026990.JPEG,n02951358,472,472,0.56233674,1,imagenet_c,defocus_blur,1,none
efficientnet_b4,ILSVRC2012_val_00027088.JPEG,n02951358,472,472,0.4003427,1,imagenet_c,defocus_blur,1,none
efficientnet_b4,ILSVRC2012_val_00028376.JPEG,n02951358,472,472,0.36932966,1,imagenet_c,defocus_blur,1,none
efficientnet_b4,ILSVRC2012_val_00028660.JPEG,n02951358,472,472,0.4699165,1,imagenet_c,defocus_blur,1,none
efficientnet_b4,ILSVRC2012_val_00029462.JPEG,n02951358,472,472,0.19140433,1,imagenet_c,defocus_blur,1,none
efficientnet_b4,ILSVRC2012_val_00030001.JPEG,n02951358,472,472,0.22329055,1,imagenet_c,defocus_blur,1,none
efficientnet_b4,ILSVRC2012_val_00030824.JPEG,n02951358,472,693,0.3944772,0,imagenet_c,defocus_blur,1,none
efficientnet_b4,ILSVRC2012_val_00031213.JPEG,n02951358,472,472,0.37899196,1,imagenet_c,defocus_blur,1,none
efficientnet_b4,ILSVRC2012_val_00032408.JPEG,n02951358,472,472,0.4527711,1,imagenet_c,defocus_blur,1,none
efficientnet_b4,ILSVRC2012_val_00032433.JPEG,n02951358,472,472,0.530369,1,imagenet_c,defocus_blur,1,none
efficientnet_b4,ILSVRC2012_val_00032600.JPEG,n02951358,472,472,0.32484668,1,imagenet_c,defocus_blur,1,none
efficientnet_b4,ILSVRC2012_val_00033316.JPEG,n02951358,472,472,0.34707278,1,imagenet_c,defocus_blur,1,none
efficientnet_b4,ILSVRC2012_val_00033883.JPEG,n02951358,472,472,0.32719025,1,imagenet_c,defocus_blur,1,none
efficientnet_b4,ILSVRC2012_val_00037707.JPEG,n02951358,472,472,0.3549477,1,imagenet_c,defocus_blur,1,none
efficientnet_b4,ILSVRC2012_val_00039572.JPEG,n02951358,472,472,0.44566718,1,imagenet_c,defocus_blur,1,none
efficientnet_b4,ILSVRC2012_val_00039945.JPEG,n02951358,472,472,0.4708731,1,imagenet_c,defocus_blur,1,none
efficientnet_b4,ILSVRC2012_val_00040491.JPEG,n02951358,472,472,0.3553905,1,imagenet_c,defocus_blur,1,none
efficientnet_b4,ILSVRC2012_val_00041227.JPEG,n02951358,472,472,0.39427862,1,imagenet_c,defocus_blur,1,none
efficientnet_b4,ILSVRC2012_val_00041830.JPEG,n02951358,472,472,0.45134026,1,imagenet_c,defocus_blur,1,none
efficientnet_b4,ILSVRC2012_val_00043133.JPEG,n02951358,472,472,0.58771974,1,imagenet_c,defocus_blur,1,none
efficientnet_b4,ILSVRC2012_val_00045786.JPEG,n02951358,472,472,0.6821958,1,imagenet_c,defocus_blur,1,none
efficientnet_b4,ILSVRC2012_val_00046387.JPEG,n02951358,472,472,0.52628946,1,imagenet_c,defocus_blur,1,none
efficientnet_b4,ILSVRC2012_val_00048455.JPEG,n02951358,472,472,0.59155065,1,imagenet_c,defocus_blur,1,none
efficientnet_b4,ILSVRC2012_val_00048773.JPEG,n02951358,472,472,0.28753987,1,imagenet_c,defocus_blur,1,none
efficientnet_b4,ILSVRC2012_val_00000101.JPEG,n02951585,473,473,0.76221263,1,imagenet_c,defocus_blur,1,none
efficientnet_b4,ILSVRC2012_val_00000223.JPEG,n02951585,473,473,0.34007445,1,imagenet_c,defocus_blur,1,none
efficientnet_b4,ILSVRC2012_val_00002909.JPEG,n02951585,473,937,0.2258744,0,imagenet_c,defocus_blur,1,none
efficientnet_b4,ILSVRC2012_val_00003091.JPEG,n02951585,473,473,0.9380971,1,imagenet_c,defocus_blur,1,none
efficientnet_b4,ILSVRC2012_val_00003235.JPEG,n02951585,473,674,0.22500475,0,imagenet_c,defocus_blur,1,none
efficientnet_b4,ILSVRC2012_val_00005430.JPEG,n02951585,473,473,0.24535802,1,imagenet_c,defocus_blur,1,none
efficientnet_b4,ILSVRC2012_val_00005444.JPEG,n02951585,473,473,0.8517345,1,imagenet_c,defocus_blur,1,none
efficientnet_b4,ILSVRC2012_val_00007202.JPEG,n02951585,473,902,0.30913445,0,imagenet_c,defocus_blur,1,none
efficientnet_b4,ILSVRC2012_val_00008336.JPEG,n02951585,473,473,0.20270234,1,imagenet_c,defocus_blur,1,none
efficientnet_b4,ILSVRC2012_val_00008563.JPEG,n02951585,473,473,0.47063306,1,imagenet_c,defocus_blur,1,none
efficientnet_b4,ILSVRC2012_val_00009761.JPEG,n02951585,473,473,0.9265213,1,imagenet_c,defocus_blur,1,none
efficientnet_b4,ILSVRC2012_val_00012878.JPEG,n02951585,473,641,0.29171732,0,imagenet_c,defocus_blur,1,none
efficientnet_b4,ILSVRC2012_val_00013678.JPEG,n02951585,473,512,0.5174071,0,imagenet_c,defocus_blur,1,none
efficientnet_b4,ILSVRC2012_val_00014335.JPEG,n02951585,473,473,0.6948198,1,imagenet_c,defocus_blur,1,none
efficientnet_b4,ILSVRC2012_val_00015620.JPEG,n02951585,473,473,0.94350207,1,imagenet_c,defocus_blur,1,none
efficientnet_b4,ILSVRC2012_val_00015663.JPEG,n02951585,473,473,0.92539823,1,imagenet_c,defocus_blur,1,none
efficientnet_b4,ILSVRC2012_val_00015896.JPEG,n02951585,473,473,0.6346032,1,imagenet_c,defocus_blur,1,none
efficientnet_b4,ILSVRC2012_val_00018165.JPEG,n02951585,473,923,0.23651513,0,imagenet_c,defocus_blur,1,none
efficientnet_b4,ILSVRC2012_val_00018344.JPEG,n02951585,473,473,0.7446417,1,imagenet_c,defocus_blur,1,none
efficientnet_b4,ILSVRC2012_val_00019528.JPEG,n02951585,473,473,0.92586875,1,imagenet_c,defocus_blur,1,none
efficientnet_b4,ILSVRC2012_val_00019599.JPEG,n02951585,473,473,0.08609001,1,imagenet_c,defocus_blur,1,none
efficientnet_b4,ILSVRC2012_val_00019613.JPEG,n02951585,473,473,0.93080753,1,imagenet_c,defocus_blur,1,none
efficientnet_b4,ILSVRC2012_val_00020234.JPEG,n02951585,473,804,0.19902939,0,imagenet_c,defocus_blur,1,none
efficientnet_b4,ILSVRC2012_val_00021257.JPEG,n02951585,473,826,0.03899722,0,imagenet_c,defocus_blur,1,none
efficientnet_b4,ILSVRC2012_val_00021263.JPEG,n02951585,473,473,0.34414133,1,imagenet_c,defocus_blur,1,none
efficientnet_b4,ILSVRC2012_val_00023091.JPEG,n02951585,473,473,0.768032,1,imagenet_c,defocus_blur,1,none
efficientnet_b4,ILSVRC2012_val_00023161.JPEG,n02951585,473,473,0.27831078,1,imagenet_c,defocus_blur,1,none
efficientnet_b4,ILSVRC2012_val_00023278.JPEG,n02951585,473,473,0.1607963,1,imagenet_c,defocus_blur,1,none
efficientnet_b4,ILSVRC2012_val_00024606.JPEG,n02951585,473,813,0.746857,0,imagenet_c,defocus_blur,1,none
efficientnet_b4,ILSVRC2012_val_00024763.JPEG,n02951585,473,473,0.57161844,1,imagenet_c,defocus_blur,1,none
efficientnet_b4,ILSVRC2012_val_00025329.JPEG,n02951585,473,473,0.75049806,1,imagenet_c,defocus_blur,1,none
efficientnet_b4,ILSVRC2012_val_00026332.JPEG,n02951585,473,473,0.84174895,1,imagenet_c,defocus_blur,1,none
efficientnet_b4,ILSVRC2012_val_00026835.JPEG,n02951585,473,473,0.21979429,1,imagenet_c,defocus_blur,1,none
efficientnet_b4,ILSVRC2012_val_00027684.JPEG,n02951585,473,473,0.9237599,1,imagenet_c,defocus_blur,1,none
efficientnet_b4,ILSVRC2012_val_00028303.JPEG,n02951585,473,473,0.9545753,1,imagenet_c,defocus_blur,1,none
efficientnet_b4,ILSVRC2012_val_00030057.JPEG,n02951585,473,473,0.7042943,1,imagenet_c,defocus_blur,1,none
efficientnet_b4,ILSVRC2012_val_00030387.JPEG,n02951585,473,902,0.7441334,0,imagenet_c,defocus_blur,1,none
efficientnet_b4,ILSVRC2012_val_00030511.JPEG,n02951585,473,473,0.7134495,1,imagenet_c,defocus_blur,1,none
efficientnet_b4,ILSVRC2012_val_00031819.JPEG,n02951585,473,473,0.3767061,1,imagenet_c,defocus_blur,1,none
efficientnet_b4,ILSVRC2012_val_00031991.JPEG,n02951585,473,473,0.41770187,1,imagenet_c,defocus_blur,1,none
efficientnet_b4,ILSVRC2012_val_00033085.JPEG,n02951585,473,902,0.35468608,0,imagenet_c,defocus_blur,1,none
efficientnet_b4,ILSVRC2012_val_00033696.JPEG,n02951585,473,477,0.23343882,0,imagenet_c,defocus_blur,1,none
efficientnet_b4,ILSVRC2012_val_00034328.JPEG,n02951585,473,473,0.67125046,1,imagenet_c,defocus_blur,1,none
efficientnet_b4,ILSVRC2012_val_00034830.JPEG,n02951585,473,784,0.3806127,0,imagenet_c,defocus_blur,1,none
efficientnet_b4,ILSVRC2012_val_00036184.JPEG,n02951585,473,473,0.35175043,1,imagenet_c,defocus_blur,1,none
efficientnet_b4,ILSVRC2012_val_00037446.JPEG,n02951585,473,473,0.6303851,1,imagenet_c,defocus_blur,1,none
efficientnet_b4,ILSVRC2012_val_00037502.JPEG,n02951585,473,473,0.6748282,1,imagenet_c,defocus_blur,1,none
efficientnet_b4,ILSVRC2012_val_00044327.JPEG,n02951585,473,473,0.52730864,1,imagenet_c,defocus_blur,1,none
efficientnet_b4,ILSVRC2012_val_00044537.JPEG,n02951585,473,473,0.46895462,1,imagenet_c,defocus_blur,1,none
efficientnet_b4,ILSVRC2012_val_00046126.JPEG,n02951585,473,473,0.9024804,1,imagenet_c,defocus_blur,1,none
efficientnet_b4,ILSVRC2012_val_00000061.JPEG,n02963159,474,841,0.22331718,0,imagenet_c,defocus_blur,1,none
efficientnet_b4,ILSVRC2012_val_00000982.JPEG,n02963159,474,834,0.1741058,0,imagenet_c,defocus_blur,1,none
efficientnet_b4,ILSVRC2012_val_00001299.JPEG,n02963159,474,474,0.6654365,1,imagenet_c,defocus_blur,1,none
efficientnet_b4,ILSVRC2012_val_00002392.JPEG,n02963159,474,655,0.14953332,0,imagenet_c,defocus_blur,1,none
efficientnet_b4,ILSVRC2012_val_00002963.JPEG,n02963159,474,474,0.25677434,1,imagenet_c,defocus_blur,1,none
efficientnet_b4,ILSVRC2012_val_00003338.JPEG,n02963159,474,591,0.23692855,0,imagenet_c,defocus_blur,1,none
efficientnet_b4,ILSVRC2012_val_00003385.JPEG,n02963159,474,869,0.07839105,0,imagenet_c,defocus_blur,1,none
efficientnet_b4,ILSVRC2012_val_00003718.JPEG,n02963159,474,841,0.52307546,0,imagenet_c,defocus_blur,1,none
efficientnet_b4,ILSVRC2012_val_00006655.JPEG,n02963159,474,474,0.1634799,1,imagenet_c,defocus_blur,1,none
efficientnet_b4,ILSVRC2012_val_00007034.JPEG,n02963159,474,474,0.7480904,1,imagenet_c,defocus_blur,1,none
efficientnet_b4,ILSVRC2012_val_00007407.JPEG,n02963159,474,474,0.70900923,1,imagenet_c,defocus_blur,1,none
efficientnet_b4,ILSVRC2012_val_00008307.JPEG,n02963159,474,474,0.18825762,1,imagenet_c,defocus_blur,1,none
efficientnet_b4,ILSVRC2012_val_00009915.JPEG,n02963159,474,474,0.5098033,1,imagenet_c,defocus_blur,1,none
efficientnet_b4,ILSVRC2012_val_00010467.JPEG,n02963159,474,263,0.18615666,0,imagenet_c,defocus_blur,1,none
efficientnet_b4,ILSVRC2012_val_00011194.JPEG,n02963159,474,474,0.7853568,1,imagenet_c,defocus_blur,1,none
efficientnet_b4,ILSVRC2012_val_00012417.JPEG,n02963159,474,474,0.7072454,1,imagenet_c,defocus_blur,1,none
efficientnet_b4,ILSVRC2012_val_00013156.JPEG,n02963159,474,474,0.24482933,1,imagenet_c,defocus_blur,1,none
efficientnet_b4,ILSVRC2012_val_00013562.JPEG,n02963159,474,474,0.17796606,1,imagenet_c,defocus_blur,1,none
efficientnet_b4,ILSVRC2012_val_00013629.JPEG,n02963159,474,911,0.15368856,0,imagenet_c,defocus_blur,1,none
efficientnet_b4,ILSVRC2012_val_00013921.JPEG,n02963159,474,474,0.62834954,1,imagenet_c,defocus_blur,1,none
efficientnet_b4,ILSVRC2012_val_00014228.JPEG,n02963159,474,474,0.78920615,1,imagenet_c,defocus_blur,1,none
efficientnet_b4,ILSVRC2012_val_00014297.JPEG,n02963159,474,474,0.5906905,1,imagenet_c,defocus_blur,1,none
efficientnet_b4,ILSVRC2012_val_00015970.JPEG,n02963159,474,474,0.3531399,1,imagenet_c,defocus_blur,1,none
efficientnet_b4,ILSVRC2012_val_00016246.JPEG,n02963159,474,689,0.14783211,0,imagenet_c,defocus_blur,1,none
efficientnet_b4,ILSVRC2012_val_00019310.JPEG,n02963159,474,689,0.268962,0,imagenet_c,defocus_blur,1,none
efficientnet_b4,ILSVRC2012_val_00019491.JPEG,n02963159,474,501,0.41052487,0,imagenet_c,defocus_blur,1,none
efficientnet_b4,ILSVRC2012_val_00020081.JPEG,n02963159,474,474,0.46215278,1,imagenet_c,defocus_blur,1,none
efficientnet_b4,ILSVRC2012_val_00022917.JPEG,n02963159,474,841,0.39848578,0,imagenet_c,defocus_blur,1,none
efficientnet_b4,ILSVRC2012_val_00024482.JPEG,n02963159,474,474,0.15293576,1,imagenet_c,defocus_blur,1,none
efficientnet_b4,ILSVRC2012_val_00025850.JPEG,n02963159,474,474,0.6955357,1,imagenet_c,defocus_blur,1,none
efficientnet_b4,ILSVRC2012_val_00028053.JPEG,n02963159,474,885,0.21533875,0,imagenet_c,defocus_blur,1,none
efficientnet_b4,ILSVRC2012_val_00029656.JPEG,n02963159,474,474,0.690847,1,imagenet_c,defocus_blur,1,none
efficientnet_b4,ILSVRC2012_val_00029879.JPEG,n02963159,474,655,0.27200922,0,imagenet_c,defocus_blur,1,none
efficientnet_b4,ILSVRC2012_val_00030024.JPEG,n02963159,474,474,0.67062575,1,imagenet_c,defocus_blur,1,none
efficientnet_b4,ILSVRC2012_val_00030839.JPEG,n02963159,474,474,0.21877517,1,imagenet_c,defocus_blur,1,none
efficientnet_b4,ILSVRC2012_val_00031701.JPEG,n02963159,474,841,0.099403374,0,imagenet_c,defocus_blur,1,none
efficientnet_b4,ILSVRC2012_val_00034093.JPEG,n02963159,474,869,0.11135661,0,imagenet_c,defocus_blur,1,none
efficientnet_b4,ILSVRC2012_val_00034450.JPEG,n02963159,474,638,0.09432594,0,imagenet_c,defocus_blur,1,none
efficientnet_b4,ILSVRC2012_val_00038207.JPEG,n02963159,474,474,0.44492754,1,imagenet_c,defocus_blur,1,none
efficientnet_b4,ILSVRC2012_val_00038368.JPEG,n02963159,474,474,0.5131097,1,imagenet_c,defocus_blur,1,none
efficientnet_b4,ILSVRC2012_val_00038532.JPEG,n02963159,474,841,0.15611616,0,imagenet_c,defocus_blur,1,none
efficientnet_b4,ILSVRC2012_val_00038892.JPEG,n02963159,474,703,0.08555974,0,imagenet_c,defocus_blur,1,none
efficientnet_b4,ILSVRC2012_val_00039003.JPEG,n02963159,474,689,0.12311742,0,imagenet_c,defocus_blur,1,none
efficientnet_b4,ILSVRC2012_val_00041988.JPEG,n02963159,474,474,0.52035296,1,imagenet_c,defocus_blur,1,none
efficientnet_b4,ILSVRC2012_val_00044638.JPEG,n02963159,474,474,0.67662287,1,imagenet_c,defocus_blur,1,none
efficientnet_b4,ILSVRC2012_val_00045038.JPEG,n02963159,474,474,0.32787895,1,imagenet_c,defocus_blur,1,none
efficientnet_b4,ILSVRC2012_val_00046157.JPEG,n02963159,474,474,0.7542032,1,imagenet_c,defocus_blur,1,none
efficientnet_b4,ILSVRC2012_val_00047269.JPEG,n02963159,474,474,0.07500333,1,imagenet_c,defocus_blur,1,none
efficientnet_b4,ILSVRC2012_val_00048312.JPEG,n02963159,474,752,0.050377,0,imagenet_c,defocus_blur,1,none
efficientnet_b4,ILSVRC2012_val_00049556.JPEG,n02963159,474,399,0.17352322,0,imagenet_c,defocus_blur,1,none
efficientnet_b4,ILSVRC2012_val_00000213.JPEG,n02965783,475,475,0.5374366,1,imagenet_c,defocus_blur,1,none
efficientnet_b4,ILSVRC2012_val_00000215.JPEG,n02965783,475,475,0.46499497,1,imagenet_c,defocus_blur,1,none
efficientnet_b4,ILSVRC2012_val_00000352.JPEG,n02965783,475,475,0.45397347,1,imagenet_c,defocus_blur,1,none
efficientnet_b4,ILSVRC2012_val_00001787.JPEG,n02965783,475,475,0.54411405,1,imagenet_c,defocus_blur,1,none
efficientnet_b4,ILSVRC2012_val_00003090.JPEG,n02965783,475,475,0.5851241,1,imagenet_c,defocus_blur,1,none
efficientnet_b4,ILSVRC2012_val_00003365.JPEG,n02965783,475,475,0.5672049,1,imagenet_c,defocus_blur,1,none
efficientnet_b4,ILSVRC2012_val_00003372.JPEG,n02965783,475,475,0.5872063,1,imagenet_c,defocus_blur,1,none
efficientnet_b4,ILSVRC2012_val_00003527.JPEG,n02965783,475,475,0.50505656,1,imagenet_c,defocus_blur,1,none
efficientnet_b4,ILSVRC2012_val_00004116.JPEG,n02965783,475,475,0.58431435,1,imagenet_c,defocus_blur,1,none
efficientnet_b4,ILSVRC2012_val_00004399.JPEG,n02965783,475,475,0.5034939,1,imagenet_c,defocus_blur,1,none
efficientnet_b4,ILSVRC2012_val_00005378.JPEG,n02965783,475,633,0.103131086,0,imagenet_c,defocus_blur,1,none
efficientnet_b4,ILSVRC2012_val_00009137.JPEG,n02965783,475,475,0.78104025,1,imagenet_c,defocus_blur,1,none
efficientnet_b4,ILSVRC2012_val_00009967.JPEG,n02965783,475,475,0.5712758,1,imagenet_c,defocus_blur,1,none
efficientnet_b4,ILSVRC2012_val_00010677.JPEG,n02965783,475,475,0.4413947,1,imagenet_c,defocus_blur,1,none
efficientnet_b4,ILSVRC2012_val_00011916.JPEG,n02965783,475,475,0.63111025,1,imagenet_c,defocus_blur,1,none
efficientnet_b4,ILSVRC2012_val_00011955.JPEG,n02965783,475,475,0.44806588,1,imagenet_c,defocus_blur,1,none
efficientnet_b4,ILSVRC2012_val_00012092.JPEG,n02965783,475,475,0.4996442,1,imagenet_c,defocus_blur,1,none
efficientnet_b4,ILSVRC2012_val_00012425.JPEG,n02965783,475,475,0.6032729,1,imagenet_c,defocus_blur,1,none
efficientnet_b4,ILSVRC2012_val_00012473.JPEG,n02965783,475,475,0.53126764,1,imagenet_c,defocus_blur,1,none
efficientnet_b4,ILSVRC2012_val_00012763.JPEG,n02965783,475,475,0.38513625,1,imagenet_c,defocus_blur,1,none
efficientnet_b4,ILSVRC2012_val_00013186.JPEG,n02965783,475,475,0.52042496,1,imagenet_c,defocus_blur,1,none
efficientnet_b4,ILSVRC2012_val_00016380.JPEG,n02965783,475,475,0.5159437,1,imagenet_c,defocus_blur,1,none
efficientnet_b4,ILSVRC2012_val_00018278.JPEG,n02965783,475,475,0.5278786,1,imagenet_c,defocus_blur,1,none
efficientnet_b4,ILSVRC2012_val_00018623.JPEG,n02965783,475,475,0.5333567,1,imagenet_c,defocus_blur,1,none
efficientnet_b4,ILSVRC2012_val_00020372.JPEG,n02965783,475,475,0.49063683,1,imagenet_c,defocus_blur,1,none
efficientnet_b4,ILSVRC2012_val_00021101.JPEG,n02965783,475,475,0.58794254,1,imagenet_c,defocus_blur,1,none
efficientnet_b4,ILSVRC2012_val_00021494.JPEG,n02965783,475,475,0.49706092,1,imagenet_c,defocus_blur,1,none
efficientnet_b4,ILSVRC2012_val_00023349.JPEG,n02965783,475,475,0.68780154,1,imagenet_c,defocus_blur,1,none
efficientnet_b4,ILSVRC2012_val_00025953.JPEG,n02965783,475,475,0.53653365,1,imagenet_c,defocus_blur,1,none
efficientnet_b4,ILSVRC2012_val_00026270.JPEG,n02965783,475,475,0.53971535,1,imagenet_c,defocus_blur,1,none
efficientnet_b4,ILSVRC2012_val_00027104.JPEG,n02965783,475,475,0.5938794,1,imagenet_c,defocus_blur,1,none
efficientnet_b4,ILSVRC2012_val_00027310.JPEG,n02965783,475,475,0.501939,1,imagenet_c,defocus_blur,1,none
efficientnet_b4,ILSVRC2012_val_00028488.JPEG,n02965783,475,475,0.2919259,1,imagenet_c,defocus_blur,1,none
efficientnet_b4,ILSVRC2012_val_00030513.JPEG,n02965783,475,475,0.53203374,1,imagenet_c,defocus_blur,1,none
efficientnet_b4,ILSVRC2012_val_00031605.JPEG,n02965783,475,475,0.5632648,1,imagenet_c,defocus_blur,1,none
efficientnet_b4,ILSVRC2012_val_00031895.JPEG,n02965783,475,475,0.45128596,1,imagenet_c,defocus_blur,1,none
efficientnet_b4,ILSVRC2012_val_00032105.JPEG,n02965783,475,475,0.61145335,1,imagenet_c,defocus_blur,1,none
efficientnet_b4,ILSVRC2012_val_00036522.JPEG,n02965783,475,499,0.08052826,0,imagenet_c,defocus_blur,1,none
efficientnet_b4,ILSVRC2012_val_00038000.JPEG,n02965783,475,475,0.5425683,1,imagenet_c,defocus_blur,1,none
efficientnet_b4,ILSVRC2012_val_00040992.JPEG,n02965783,475,475,0.54007375,1,imagenet_c,defocus_blur,1,none
efficientnet_b4,ILSVRC2012_val_00042821.JPEG,n02965783,475,475,0.5451194,1,imagenet_c,defocus_blur,1,none
efficientnet_b4,ILSVRC2012_val_00044106.JPEG,n02965783,475,475,0.41818038,1,imagenet_c,defocus_blur,1,none
efficientnet_b4,ILSVRC2012_val_00044747.JPEG,n02965783,475,475,0.6082169,1,imagenet_c,defocus_blur,1,none
efficientnet_b4,ILSVRC2012_val_00046835.JPEG,n02965783,475,475,0.47259775,1,imagenet_c,defocus_blur,1,none
efficientnet_b4,ILSVRC2012_val_00047351.JPEG,n02965783,475,475,0.5033746,1,imagenet_c,defocus_blur,1,none
efficientnet_b4,ILSVRC2012_val_00048135.JPEG,n02965783,475,475,0.2737327,1,imagenet_c,defocus_blur,1,none
efficientnet_b4,ILSVRC2012_val_00048270.JPEG,n02965783,475,475,0.58775586,1,imagenet_c,defocus_blur,1,none
efficientnet_b4,ILSVRC2012_val_00048555.JPEG,n02965783,475,475,0.5636508,1,imagenet_c,defocus_blur,1,none
efficientnet_b4,ILSVRC2012_val_00049299.JPEG,n02965783,475,817,0.21319194,0,imagenet_c,defocus_blur,1,none
efficientnet_b4,ILSVRC2012_val_00049671.JPEG,n02965783,475,475,0.50897306,1,imagenet_c,defocus_blur,1,none
efficientnet_b4,ILSVRC2012_val_00000074.JPEG,n02966193,476,476,0.310378,1,imagenet_c,defocus_blur,1,none
efficientnet_b4,ILSVRC2012_val_00004484.JPEG,n02966193,476,476,0.58100295,1,imagenet_c,defocus_blur,1,none
efficientnet_b4,ILSVRC2012_val_00005552.JPEG,n02966193,476,476,0.64104205,1,imagenet_c,defocus_blur,1,none
efficientnet_b4,ILSVRC2012_val_00006344.JPEG,n02966193,476,476,0.6675143,1,imagenet_c,defocus_blur,1,none
efficientnet_b4,ILSVRC2012_val_00007637.JPEG,n02966193,476,476,0.65376323,1,imagenet_c,defocus_blur,1,none
efficientnet_b4,ILSVRC2012_val_00008293.JPEG,n02966193,476,476,0.5860005,1,imagenet_c,defocus_blur,1,none
efficientnet_b4,ILSVRC2012_val_00008914.JPEG,n02966193,476,476,0.70030236,1,imagenet_c,defocus_blur,1,none
efficientnet_b4,ILSVRC2012_val_00009011.JPEG,n02966193,476,582,0.25523224,0,imagenet_c,defocus_blur,1,none
efficientnet_b4,ILSVRC2012_val_00010578.JPEG,n02966193,476,476,0.68804556,1,imagenet_c,defocus_blur,1,none
efficientnet_b4,ILSVRC2012_val_00010837.JPEG,n02966193,476,476,0.5513656,1,imagenet_c,defocus_blur,1,none
efficientnet_b4,ILSVRC2012_val_00011195.JPEG,n02966193,476,476,0.356069,1,imagenet_c,defocus_blur,1,none
efficientnet_b4,ILSVRC2012_val_00011199.JPEG,n02966193,476,476,0.5207068,1,imagenet_c,defocus_blur,1,none
efficientnet_b4,ILSVRC2012_val_00011602.JPEG,n02966193,476,476,0.36600047,1,imagenet_c,defocus_blur,1,none
efficientnet_b4,ILSVRC2012_val_00012278.JPEG,n02966193,476,476,0.6718422,1,imagenet_c,defocus_blur,1,none
efficientnet_b4,ILSVRC2012_val_00012675.JPEG,n02966193,476,476,0.63260245,1,imagenet_c,defocus_blur,1,none
efficientnet_b4,ILSVRC2012_val_00012715.JPEG,n02966193,476,476,0.47118795,1,imagenet_c,defocus_blur,1,none
efficientnet_b4,ILSVRC2012_val_00012851.JPEG,n02966193,476,476,0.26361158,1,imagenet_c,defocus_blur,1,none
efficientnet_b4,ILSVRC2012_val_00013846.JPEG,n02966193,476,476,0.54667026,1,imagenet_c,defocus_blur,1,none
efficientnet_b4,ILSVRC2012_val_00015138.JPEG,n02966193,476,476,0.14545038,1,imagenet_c,defocus_blur,1,none
efficientnet_b4,ILSVRC2012_val_00015147.JPEG,n02966193,476,476,0.62856317,1,imagenet_c,defocus_blur,1,none
efficientnet_b4,ILSVRC2012_val_00016271.JPEG,n02966193,476,476,0.57827914,1,imagenet_c,defocus_blur,1,none
efficientnet_b4,ILSVRC2012_val_00016573.JPEG,n02966193,476,476,0.6555947,1,imagenet_c,defocus_blur,1,none
efficientnet_b4,ILSVRC2012_val_00017990.JPEG,n02966193,476,476,0.57459486,1,imagenet_c,defocus_blur,1,none
efficientnet_b4,ILSVRC2012_val_00019102.JPEG,n02966193,476,494,0.10254258,0,imagenet_c,defocus_blur,1,none
efficientnet_b4,ILSVRC2012_val_00019199.JPEG,n02966193,476,476,0.5595549,1,imagenet_c,defocus_blur,1,none
efficientnet_b4,ILSVRC2012_val_00019819.JPEG,n02966193,476,582,0.037929576,0,imagenet_c,defocus_blur,1,none
efficientnet_b4,ILSVRC2012_val_00020077.JPEG,n02966193,476,476,0.619561,1,imagenet_c,defocus_blur,1,none
efficientnet_b4,ILSVRC2012_val_00020337.JPEG,n02966193,476,476,0.5359667,1,imagenet_c,defocus_blur,1,none
efficientnet_b4,ILSVRC2012_val_00020734.JPEG,n02966193,476,476,0.59822714,1,imagenet_c,defocus_blur,1,none
efficientnet_b4,ILSVRC2012_val_00021189.JPEG,n02966193,476,476,0.6555267,1,imagenet_c,defocus_blur,1,none
efficientnet_b4,ILSVRC2012_val_00023992.JPEG,n02966193,476,476,0.63684505,1,imagenet_c,defocus_blur,1,none
efficientnet_b4,ILSVRC2012_val_00026303.JPEG,n02966193,476,476,0.5881001,1,imagenet_c,defocus_blur,1,none
efficientnet_b4,ILSVRC2012_val_00030310.JPEG,n02966193,476,476,0.47479108,1,imagenet_c,defocus_blur,1,none
efficientnet_b4,ILSVRC2012_val_00031350.JPEG,n02966193,476,476,0.86356735,1,imagenet_c,defocus_blur,1,none
efficientnet_b4,ILSVRC2012_val_00031566.JPEG,n02966193,476,476,0.14716649,1,imagenet_c,defocus_blur,1,none
efficientnet_b4,ILSVRC2012_val_00032898.JPEG,n02966193,476,476,0.5090423,1,imagenet_c,defocus_blur,1,none
efficientnet_b4,ILSVRC2012_val_00032969.JPEG,n02966193,476,476,0.48531458,1,imagenet_c,defocus_blur,1,none
efficientnet_b4,ILSVRC2012_val_00033090.JPEG,n02966193,476,875,0.27697435,0,imagenet_c,defocus_blur,1,none
efficientnet_b4,ILSVRC2012_val_00039037.JPEG,n02966193,476,634,0.12930463,0,imagenet_c,defocus_blur,1,none
efficientnet_b4,ILSVRC2012_val_00039383.JPEG,n02966193,476,476,0.66864914,1,imagenet_c,defocus_blur,1,none
efficientnet_b4,ILSVRC2012_val_00040277.JPEG,n02966193,476,476,0.66110414,1,imagenet_c,defocus_blur,1,none
efficientnet_b4,ILSVRC2012_val_00040917.JPEG,n02966193,476,476,0.5850469,1,imagenet_c,defocus_blur,1,none
efficientnet_b4,ILSVRC2012_val_00043579.JPEG,n02966193,476,441,0.0656184,0,imagenet_c,defocus_blur,1,none
efficientnet_b4,ILSVRC2012_val_00044864.JPEG,n02966193,476,476,0.1020046,1,imagenet_c,defocus_blur,1,none
efficientnet_b4,ILSVRC2012_val_00046263.JPEG,n02966193,476,476,0.6227132,1,imagenet_c,defocus_blur,1,none
efficientnet_b4,ILSVRC2012_val_00047099.JPEG,n02966193,476,476,0.5484224,1,imagenet_c,defocus_blur,1,none
efficientnet_b4,ILSVRC2012_val_00047111.JPEG,n02966193,476,476,0.51839507,1,imagenet_c,defocus_blur,1,none
efficientnet_b4,ILSVRC2012_val_00047790.JPEG,n02966193,476,476,0.7153148,1,imagenet_c,defocus_blur,1,none
efficientnet_b4,ILSVRC2012_val_00047792.JPEG,n02966193,476,476,0.48360988,1,imagenet_c,defocus_blur,1,none
efficientnet_b4,ILSVRC2012_val_00049670.JPEG,n02966193,476,476,0.522649,1,imagenet_c,defocus_blur,1,none
efficientnet_b4,ILSVRC2012_val_00001041.JPEG,n02966687,477,477,0.39284196,1,imagenet_c,defocus_blur,1,none
efficientnet_b4,ILSVRC2012_val_00001202.JPEG,n02966687,477,477,0.7999129,1,imagenet_c,defocus_blur,1,none
efficientnet_b4,ILSVRC2012_val_00001945.JPEG,n02966687,477,473,0.1773299,0,imagenet_c,defocus_blur,1,none
efficientnet_b4,ILSVRC2012_val_00003360.JPEG,n02966687,477,722,0.22090876,0,imagenet_c,defocus_blur,1,none
efficientnet_b4,ILSVRC2012_val_00004292.JPEG,n02966687,477,477,0.39747334,1,imagenet_c,defocus_blur,1,none
efficientnet_b4,ILSVRC2012_val_00006795.JPEG,n02966687,477,758,0.10761613,0,imagenet_c,defocus_blur,1,none
efficientnet_b4,ILSVRC2012_val_00007100.JPEG,n02966687,477,761,0.25475678,0,imagenet_c,defocus_blur,1,none
efficientnet_b4,ILSVRC2012_val_00008803.JPEG,n02966687,477,477,0.30280852,1,imagenet_c,defocus_blur,1,none
efficientnet_b4,ILSVRC2012_val_00009310.JPEG,n02966687,477,848,0.09742188,0,imagenet_c,defocus_blur,1,none
efficientnet_b4,ILSVRC2012_val_00009487.JPEG,n02966687,477,477,0.7281745,1,imagenet_c,defocus_blur,1,none
efficientnet_b4,ILSVRC2012_val_00013571.JPEG,n02966687,477,477,0.44495276,1,imagenet_c,defocus_blur,1,none
efficientnet_b4,ILSVRC2012_val_00015191.JPEG,n02966687,477,477,0.42875177,1,imagenet_c,defocus_blur,1,none
efficientnet_b4,ILSVRC2012_val_00019177.JPEG,n02966687,477,692,0.11106799,0,imagenet_c,defocus_blur,1,none
efficientnet_b4,ILSVRC2012_val_00019916.JPEG,n02966687,477,600,0.23849219,0,imagenet_c,defocus_blur,1,none
efficientnet_b4,ILSVRC2012_val_00021519.JPEG,n02966687,477,553,0.049696177,0,imagenet_c,defocus_blur,1,none
efficientnet_b4,ILSVRC2012_val_00021634.JPEG,n02966687,477,477,0.62803274,1,imagenet_c,defocus_blur,1,none
efficientnet_b4,ILSVRC2012_val_00022128.JPEG,n02966687,477,477,0.51302,1,imagenet_c,defocus_blur,1,none
efficientnet_b4,ILSVRC2012_val_00022860.JPEG,n02966687,477,477,0.3746702,1,imagenet_c,defocus_blur,1,none
efficientnet_b4,ILSVRC2012_val_00023627.JPEG,n02966687,477,477,0.26217607,1,imagenet_c,defocus_blur,1,none
efficientnet_b4,ILSVRC2012_val_00025709.JPEG,n02966687,477,784,0.1630185,0,imagenet_c,defocus_blur,1,none
efficientnet_b4,ILSVRC2012_val_00026561.JPEG,n02966687,477,865,0.4974899,0,imagenet_c,defocus_blur,1,none
efficientnet_b4,ILSVRC2012_val_00027808.JPEG,n02966687,477,477,0.18607956,1,imagenet_c,defocus_blur,1,none
efficientnet_b4,ILSVRC2012_val_00027825.JPEG,n02966687,477,477,0.34086668,1,imagenet_c,defocus_blur,1,none
efficientnet_b4,ILSVRC2012_val_00029337.JPEG,n02966687,477,477,0.44840777,1,imagenet_c,defocus_blur,1,none
efficientnet_b4,ILSVRC2012_val_00029374.JPEG,n02966687,477,611,0.15632778,0,imagenet_c,defocus_blur,1,none
efficientnet_b4,ILSVRC2012_val_00030460.JPEG,n02966687,477,477,0.22695462,1,imagenet_c,defocus_blur,1,none
efficientnet_b4,ILSVRC2012_val_00032641.JPEG,n02966687,477,477,0.3754686,1,imagenet_c,defocus_blur,1,none
efficientnet_b4,ILSVRC2012_val_00033562.JPEG,n02966687,477,477,0.2326137,1,imagenet_c,defocus_blur,1,none
efficientnet_b4,ILSVRC2012_val_00033860.JPEG,n02966687,477,477,0.5616974,1,imagenet_c,defocus_blur,1,none
efficientnet_b4,ILSVRC2012_val_00034947.JPEG,n02966687,477,477,0.6117138,1,imagenet_c,defocus_blur,1,none
efficientnet_b4,ILSVRC2012_val_00036120.JPEG,n02966687,477,729,0.20761056,0,imagenet_c,defocus_blur,1,none
efficientnet_b4,ILSVRC2012_val_00036496.JPEG,n02966687,477,477,0.47057167,1,imagenet_c,defocus_blur,1,none
efficientnet_b4,ILSVRC2012_val_00037588.JPEG,n02966687,477,477,0.06376324,1,imagenet_c,defocus_blur,1,none
efficientnet_b4,ILSVRC2012_val_00038374.JPEG,n02966687,477,477,0.102856584,1,imagenet_c,defocus_blur,1,none
efficientnet_b4,ILSVRC2012_val_00040057.JPEG,n02966687,477,494,0.14392315,0,imagenet_c,defocus_blur,1,none
efficientnet_b4,ILSVRC2012_val_00040113.JPEG,n02966687,477,477,0.7470953,1,imagenet_c,defocus_blur,1,none
efficientnet_b4,ILSVRC2012_val_00040749.JPEG,n02966687,477,477,0.32618943,1,imagenet_c,defocus_blur,1,none
efficientnet_b4,ILSVRC2012_val_00043356.JPEG,n02966687,477,477,0.44609976,1,imagenet_c,defocus_blur,1,none
efficientnet_b4,ILSVRC2012_val_00043450.JPEG,n02966687,477,636,0.12177776,0,imagenet_c,defocus_blur,1,none
efficientnet_b4,ILSVRC2012_val_00045351.JPEG,n02966687,477,784,0.14102365,0,imagenet_c,defocus_blur,1,none
efficientnet_b4,ILSVRC2012_val_00045470.JPEG,n02966687,477,477,0.67633486,1,imagenet_c,defocus_blur,1,none
efficientnet_b4,ILSVRC2012_val_00045625.JPEG,n02966687,477,477,0.6928607,1,imagenet_c,defocus_blur,1,none
efficientnet_b4,ILSVRC2012_val_00046355.JPEG,n02966687,477,477,0.26449156,1,imagenet_c,defocus_blur,1,none
efficientnet_b4,ILSVRC2012_val_00046479.JPEG,n02966687,477,848,0.39860997,0,imagenet_c,defocus_blur,1,none
efficientnet_b4,ILSVRC2012_val_00046947.JPEG,n02966687,477,477,0.48114106,1,imagenet_c,defocus_blur,1,none
efficientnet_b4,ILSVRC2012_val_00047093.JPEG,n02966687,477,477,0.3745839,1,imagenet_c,defocus_blur,1,none
efficientnet_b4,ILSVRC2012_val_00048395.JPEG,n02966687,477,477,0.08978009,1,imagenet_c,defocus_blur,1,none
efficientnet_b4,ILSVRC2012_val_00048473.JPEG,n02966687,477,477,0.7137342,1,imagenet_c,defocus_blur,1,none
efficientnet_b4,ILSVRC2012_val_00049069.JPEG,n02966687,477,477,0.50144047,1,imagenet_c,defocus_blur,1,none
efficientnet_b4,ILSVRC2012_val_00049282.JPEG,n02966687,477,477,0.69385743,1,imagenet_c,defocus_blur,1,none
efficientnet_b4,ILSVRC2012_val_00000019.JPEG,n02971356,478,478,0.32195532,1,imagenet_c,defocus_blur,1,none
efficientnet_b4,ILSVRC2012_val_00000831.JPEG,n02971356,478,478,0.1940168,1,imagenet_c,defocus_blur,1,none
efficientnet_b4,ILSVRC2012_val_00003494.JPEG,n02971356,478,478,0.17540735,1,imagenet_c,defocus_blur,1,none
efficientnet_b4,ILSVRC2012_val_00003926.JPEG,n02971356,478,519,0.20459162,0,imagenet_c,defocus_blur,1,none
efficientnet_b4,ILSVRC2012_val_00004007.JPEG,n02971356,478,478,0.28226984,1,imagenet_c,defocus_blur,1,none
efficientnet_b4,ILSVRC2012_val_00006303.JPEG,n02971356,478,478,0.038168915,1,imagenet_c,defocus_blur,1,none
efficientnet_b4,ILSVRC2012_val_00006483.JPEG,n02971356,478,478,0.32171085,1,imagenet_c,defocus_blur,1,none
efficientnet_b4,ILSVRC2012_val_00006878.JPEG,n02971356,478,492,0.12614855,0,imagenet_c,defocus_blur,1,none
efficientnet_b4,ILSVRC2012_val_00008083.JPEG,n02971356,478,588,0.15692998,0,imagenet_c,defocus_blur,1,none
efficientnet_b4,ILSVRC2012_val_00008466.JPEG,n02971356,478,492,0.38878942,0,imagenet_c,defocus_blur,1,none
efficientnet_b4,ILSVRC2012_val_00008741.JPEG,n02971356,478,516,0.09298283,0,imagenet_c,defocus_blur,1,none
efficientnet_b4,ILSVRC2012_val_00013098.JPEG,n02971356,478,553,0.23569483,0,imagenet_c,defocus_blur,1,none
efficientnet_b4,ILSVRC2012_val_00013773.JPEG,n02971356,478,740,0.07881185,0,imagenet_c,defocus_blur,1,none
efficientnet_b4,ILSVRC2012_val_00013835.JPEG,n02971356,478,700,0.124340385,0,imagenet_c,defocus_blur,1,none
efficientnet_b4,ILSVRC2012_val_00013967.JPEG,n02971356,478,478,0.11199428,1,imagenet_c,defocus_blur,1,none
efficientnet_b4,ILSVRC2012_val_00015884.JPEG,n02971356,478,285,0.15926138,0,imagenet_c,defocus_blur,1,none
efficientnet_b4,ILSVRC2012_val_00018125.JPEG,n02971356,478,478,0.24202344,1,imagenet_c,defocus_blur,1,none
efficientnet_b4,ILSVRC2012_val_00018554.JPEG,n02971356,478,898,0.15630719,0,imagenet_c,defocus_blur,1,none
efficientnet_b4,ILSVRC2012_val_00022451.JPEG,n02971356,478,770,0.62982446,0,imagenet_c,defocus_blur,1,none
efficientnet_b4,ILSVRC2012_val_00022821.JPEG,n02971356,478,478,0.47242656,1,imagenet_c,defocus_blur,1,none
efficientnet_b4,ILSVRC2012_val_00022906.JPEG,n02971356,478,419,0.61862344,0,imagenet_c,defocus_blur,1,none
efficientnet_b4,ILSVRC2012_val_00023664.JPEG,n02971356,478,478,0.1874429,1,imagenet_c,defocus_blur,1,none
efficientnet_b4,ILSVRC2012_val_00023953.JPEG,n02971356,478,713,0.17684025,0,imagenet_c,defocus_blur,1,none
efficientnet_b4,ILSVRC2012_val_00026415.JPEG,n02971356,478,868,0.14717929,0,imagenet_c,defocus_blur,1,none
efficientnet_b4,ILSVRC2012_val_00028033.JPEG,n02971356,478,478,0.23156431,1,imagenet_c,defocus_blur,1,none
efficientnet_b4,ILSVRC2012_val_00028164.JPEG,n02971356,478,519,0.2332078,0,imagenet_c,defocus_blur,1,none
efficientnet_b4,ILSVRC2012_val_00028266.JPEG,n02971356,478,478,0.39462733,1,imagenet_c,defocus_blur,1,none
efficientnet_b4,ILSVRC2012_val_00028771.JPEG,n02971356,478,592,0.6462492,0,imagenet_c,defocus_blur,1,none
efficientnet_b4,ILSVRC2012_val_00028821.JPEG,n02971356,478,205,0.29034263,0,imagenet_c,defocus_blur,1,none
efficientnet_b4,ILSVRC2012_val_00029119.JPEG,n02971356,478,674,0.18826564,0,imagenet_c,defocus_blur,1,none
efficientnet_b4,ILSVRC2012_val_00029699.JPEG,n02971356,478,744,0.03768171,0,imagenet_c,defocus_blur,1,none
efficientnet_b4,ILSVRC2012_val_00029803.JPEG,n02971356,478,154,0.58527386,0,imagenet_c,defocus_blur,1,none
efficientnet_b4,ILSVRC2012_val_00030546.JPEG,n02971356,478,478,0.570608,1,imagenet_c,defocus_blur,1,none
efficientnet_b4,ILSVRC2012_val_00030745.JPEG,n02971356,478,478,0.111570366,1,imagenet_c,defocus_blur,1,none
efficientnet_b4,ILSVRC2012_val_00034292.JPEG,n02971356,478,811,0.11301428,0,imagenet_c,defocus_blur,1,none
efficientnet_b4,ILSVRC2012_val_00035114.JPEG,n02971356,478,662,0.18558323,0,imagenet_c,defocus_blur,1,none
efficientnet_b4,ILSVRC2012_val_00035829.JPEG,n02971356,478,478,0.6334558,1,imagenet_c,defocus_blur,1,none
efficientnet_b4,ILSVRC2012_val_00036799.JPEG,n02971356,478,685,0.13054754,0,imagenet_c,defocus_blur,1,none
efficientnet_b4,ILSVRC2012_val_00039126.JPEG,n02971356,478,493,0.44495896,0,imagenet_c,defocus_blur,1,none
efficientnet_b4,ILSVRC2012_val_00040517.JPEG,n02971356,478,735,0.057490334,0,imagenet_c,defocus_blur,1,none
efficientnet_b4,ILSVRC2012_val_00040695.JPEG,n02971356,478,802,0.15350232,0,imagenet_c,defocus_blur,1,none
efficientnet_b4,ILSVRC2012_val_00041631.JPEG,n02971356,478,519,0.29390517,0,imagenet_c,defocus_blur,1,none
efficientnet_b4,ILSVRC2012_val_00041798.JPEG,n02971356,478,831,0.057001766,0,imagenet_c,defocus_blur,1,none
efficientnet_b4,ILSVRC2012_val_00041985.JPEG,n02971356,478,512,0.12018716,0,imagenet_c,defocus_blur,1,none
efficientnet_b4,ILSVRC2012_val_00042538.JPEG,n02971356,478,549,0.16994025,0,imagenet_c,defocus_blur,1,none
efficientnet_b4,ILSVRC2012_val_00043603.JPEG,n02971356,478,681,0.132394,0,imagenet_c,defocus_blur,1,none
efficientnet_b4,ILSVRC2012_val_00045169.JPEG,n02971356,478,478,0.20901369,1,imagenet_c,defocus_blur,1,none
efficientnet_b4,ILSVRC2012_val_00045474.JPEG,n02971356,478,882,0.3665312,0,imagenet_c,defocus_blur,1,none
efficientnet_b4,ILSVRC2012_val_00046050.JPEG,n02971356,478,712,0.049643837,0,imagenet_c,defocus_blur,1,none
efficientnet_b4,ILSVRC2012_val_00048519.JPEG,n02971356,478,478,0.17326677,1,imagenet_c,defocus_blur,1,none
efficientnet_b4,ILSVRC2012_val_00000085.JPEG,n02974003,479,751,0.16691373,0,imagenet_c,defocus_blur,1,none
efficientnet_b4,ILSVRC2012_val_00000905.JPEG,n02974003,479,479,0.510468,1,imagenet_c,defocus_blur,1,none
efficientnet_b4,ILSVRC2012_val_00001861.JPEG,n02974003,479,661,0.6202269,0,imagenet_c,defocus_blur,1,none
efficientnet_b4,ILSVRC2012_val_00002053.JPEG,n02974003,479,479,0.5117717,1,imagenet_c,defocus_blur,1,none
efficientnet_b4,ILSVRC2012_val_00002405.JPEG,n02974003,479,488,0.1888734,0,imagenet_c,defocus_blur,1,none
efficientnet_b4,ILSVRC2012_val_00003218.JPEG,n02974003,479,627,0.44128707,0,imagenet_c,defocus_blur,1,none
efficientnet_b4,ILSVRC2012_val_00003234.JPEG,n02974003,479,569,0.13289624,0,imagenet_c,defocus_blur,1,none
efficientnet_b4,ILSVRC2012_val_00003456.JPEG,n02974003,479,408,0.33390945,0,imagenet_c,defocus_blur,1,none
efficientnet_b4,ILSVRC2012_val_00004412.JPEG,n02974003,479,479,0.2602638,1,imagenet_c,defocus_blur,1,none
efficientnet_b4,ILSVRC2012_val_00005948.JPEG,n02974003,479,436,0.5459273,0,imagenet_c,defocus_blur,1,none
efficientnet_b4,ILSVRC2012_val_00006952.JPEG,n02974003,479,751,0.1321813,0,imagenet_c,defocus_blur,1,none
efficientnet_b4,ILSVRC2012_val_00007176.JPEG,n02974003,479,751,0.15117429,0,imagenet_c,defocus_blur,1,none
efficientnet_b4,ILSVRC2012_val_00007384.JPEG,n02974003,479,479,0.49271548,1,imagenet_c,defocus_blur,1,none
efficientnet_b4,ILSVRC2012_val_00009164.JPEG,n02974003,479,479,0.29944843,1,imagenet_c,defocus_blur,1,none
efficientnet_b4,ILSVRC2012_val_00009686.JPEG,n02974003,479,455,0.14663953,0,imagenet_c,defocus_blur,1,none
efficientnet_b4,ILSVRC2012_val_00011277.JPEG,n02974003,479,479,0.08947823,1,imagenet_c,defocus_blur,1,none
efficientnet_b4,ILSVRC2012_val_00011981.JPEG,n02974003,479,660,0.33144033,0,imagenet_c,defocus_blur,1,none
efficientnet_b4,ILSVRC2012_val_00012517.JPEG,n02974003,479,511,0.1100817,0,imagenet_c,defocus_blur,1,none
efficientnet_b4,ILSVRC2012_val_00014292.JPEG,n02974003,479,817,0.7098515,0,imagenet_c,defocus_blur,1,none
efficientnet_b4,ILSVRC2012_val_00014799.JPEG,n02974003,479,479,0.40506482,1,imagenet_c,defocus_blur,1,none
efficientnet_b4,ILSVRC2012_val_00015230.JPEG,n02974003,479,479,0.11710383,1,imagenet_c,defocus_blur,1,none
efficientnet_b4,ILSVRC2012_val_00017438.JPEG,n02974003,479,970,0.025394842,0,imagenet_c,defocus_blur,1,none
efficientnet_b4,ILSVRC2012_val_00017988.JPEG,n02974003,479,656,0.18611245,0,imagenet_c,defocus_blur,1,none
efficientnet_b4,ILSVRC2012_val_00019701.JPEG,n02974003,479,817,0.51043785,0,imagenet_c,defocus_blur,1,none
efficientnet_b4,ILSVRC2012_val_00019766.JPEG,n02974003,479,479,0.4904339,1,imagenet_c,defocus_blur,1,none
efficientnet_b4,ILSVRC2012_val_00020289.JPEG,n02974003,479,479,0.1136055,1,imagenet_c,defocus_blur,1,none
efficientnet_b4,ILSVRC2012_val_00021616.JPEG,n02974003,479,479,0.34980172,1,imagenet_c,defocus_blur,1,none
efficientnet_b4,ILSVRC2012_val_00021691.JPEG,n02974003,479,759,0.1769383,0,imagenet_c,defocus_blur,1,none
efficientnet_b4,ILSVRC2012_val_00022999.JPEG,n02974003,479,479,0.14175715,1,imagenet_c,defocus_blur,1,none
efficientnet_b4,ILSVRC2012_val_00023793.JPEG,n02974003,479,506,0.13960427,0,imagenet_c,defocus_blur,1,none
efficientnet_b4,ILSVRC2012_val_00023858.JPEG,n02974003,479,468,0.15725033,0,imagenet_c,defocus_blur,1,none
efficientnet_b4,ILSVRC2012_val_00024401.JPEG,n02974003,479,460,0.050697852,0,imagenet_c,defocus_blur,1,none
efficientnet_b4,ILSVRC2012_val_00024859.JPEG,n02974003,479,436,0.16048083,0,imagenet_c,defocus_blur,1,none
efficientnet_b4,ILSVRC2012_val_00030167.JPEG,n02974003,479,479,0.31946403,1,imagenet_c,defocus_blur,1,none
efficientnet_b4,ILSVRC2012_val_00031038.JPEG,n02974003,479,573,0.4124608,0,imagenet_c,defocus_blur,1,none
efficientnet_b4,ILSVRC2012_val_00033710.JPEG,n02974003,479,817,0.53357285,0,imagenet_c,defocus_blur,1,none
efficientnet_b4,ILSVRC2012_val_00035524.JPEG,n02974003,479,479,0.12002287,1,imagenet_c,defocus_blur,1,none
efficientnet_b4,ILSVRC2012_val_00040366.JPEG,n02974003,479,479,0.103639774,1,imagenet_c,defocus_blur,1,none
efficientnet_b4,ILSVRC2012_val_00041405.JPEG,n02974003,479,751,0.38932145,0,imagenet_c,defocus_blur,1,none
efficientnet_b4,ILSVRC2012_val_00042377.JPEG,n02974003,479,817,0.29070473,0,imagenet_c,defocus_blur,1,none
efficientnet_b4,ILSVRC2012_val_00042653.JPEG,n02974003,479,436,0.5702774,0,imagenet_c,defocus_blur,1,none
efficientnet_b4,ILSVRC2012_val_00043527.JPEG,n02974003,479,479,0.42057163,1,imagenet_c,defocus_blur,1,none
efficientnet_b4,ILSVRC2012_val_00044439.JPEG,n02974003,479,407,0.2135508,0,imagenet_c,defocus_blur,1,none
efficientnet_b4,ILSVRC2012_val_00044931.JPEG,n02974003,479,479,0.55675465,1,imagenet_c,defocus_blur,1,none
efficientnet_b4,ILSVRC2012_val_00045841.JPEG,n02974003,479,479,0.4069881,1,imagenet_c,defocus_blur,1,none
efficientnet_b4,ILSVRC2012_val_00047912.JPEG,n02974003,479,479,0.5831929,1,imagenet_c,defocus_blur,1,none
efficientnet_b4,ILSVRC2012_val_00048308.JPEG,n02974003,479,817,0.35865673,0,imagenet_c,defocus_blur,1,none
efficientnet_b4,ILSVRC2012_val_00048672.JPEG,n02974003,479,817,0.25142705,0,imagenet_c,defocus_blur,1,none
efficientnet_b4,ILSVRC2012_val_00049494.JPEG,n02974003,479,479,0.5829671,1,imagenet_c,defocus_blur,1,none
efficientnet_b4,ILSVRC2012_val_00049867.JPEG,n02974003,479,479,0.2162964,1,imagenet_c,defocus_blur,1,none
efficientnet_b4,ILSVRC2012_val_00000580.JPEG,n02977058,480,582,0.30394062,0,imagenet_c,defocus_blur,1,none
efficientnet_b4,ILSVRC2012_val_00000893.JPEG,n02977058,480,480,0.63097715,1,imagenet_c,defocus_blur,1,none
efficientnet_b4,ILSVRC2012_val_00001216.JPEG,n02977058,480,480,0.7416263,1,imagenet_c,defocus_blur,1,none
efficientnet_b4,ILSVRC2012_val_00003667.JPEG,n02977058,480,480,0.3902532,1,imagenet_c,defocus_blur,1,none
efficientnet_b4,ILSVRC2012_val_00005655.JPEG,n02977058,480,891,0.10416763,0,imagenet_c,defocus_blur,1,none
efficientnet_b4,ILSVRC2012_val_00006276.JPEG,n02977058,480,480,0.4323419,1,imagenet_c,defocus_blur,1,none
efficientnet_b4,ILSVRC2012_val_00008073.JPEG,n02977058,480,480,0.50864315,1,imagenet_c,defocus_blur,1,none
efficientnet_b4,ILSVRC2012_val_00010658.JPEG,n02977058,480,480,0.27578664,1,imagenet_c,defocus_blur,1,none
efficientnet_b4,ILSVRC2012_val_00011876.JPEG,n02977058,480,480,0.64757806,1,imagenet_c,defocus_blur,1,none
efficientnet_b4,ILSVRC2012_val_00014854.JPEG,n02977058,480,480,0.65053135,1,imagenet_c,defocus_blur,1,none
efficientnet_b4,ILSVRC2012_val_00014985.JPEG,n02977058,480,480,0.3738718,1,imagenet_c,defocus_blur,1,none
efficientnet_b4,ILSVRC2012_val_00015285.JPEG,n02977058,480,480,0.38023365,1,imagenet_c,defocus_blur,1,none
efficientnet_b4,ILSVRC2012_val_00017647.JPEG,n02977058,480,916,0.49969,0,imagenet_c,defocus_blur,1,none
efficientnet_b4,ILSVRC2012_val_00018225.JPEG,n02977058,480,480,0.7828332,1,imagenet_c,defocus_blur,1,none
efficientnet_b4,ILSVRC2012_val_00018770.JPEG,n02977058,480,480,0.42603037,1,imagenet_c,defocus_blur,1,none
efficientnet_b4,ILSVRC2012_val_00019338.JPEG,n02977058,480,480,0.72753626,1,imagenet_c,defocus_blur,1,none
efficientnet_b4,ILSVRC2012_val_00019355.JPEG,n02977058,480,480,0.5371041,1,imagenet_c,defocus_blur,1,none
efficientnet_b4,ILSVRC2012_val_00019482.JPEG,n02977058,480,480,0.6545352,1,imagenet_c,defocus_blur,1,none
efficientnet_b4,ILSVRC2012_val_00019546.JPEG,n02977058,480,480,0.2984173,1,imagenet_c,defocus_blur,1,none
efficientnet_b4,ILSVRC2012_val_00020074.JPEG,n02977058,480,480,0.57880664,1,imagenet_c,defocus_blur,1,none
efficientnet_b4,ILSVRC2012_val_00020725.JPEG,n02977058,480,782,0.2550884,0,imagenet_c,defocus_blur,1,none
efficientnet_b4,ILSVRC2012_val_00020895.JPEG,n02977058,480,480,0.24627835,1,imagenet_c,defocus_blur,1,none
efficientnet_b4,ILSVRC2012_val_00021001.JPEG,n02977058,480,519,0.112529166,0,imagenet_c,defocus_blur,1,none
efficientnet_b4,ILSVRC2012_val_00023322.JPEG,n02977058,480,521,0.0769657,0,imagenet_c,defocus_blur,1,none
efficientnet_b4,ILSVRC2012_val_00023730.JPEG,n02977058,480,781,0.25312245,0,imagenet_c,defocus_blur,1,none
efficientnet_b4,ILSVRC2012_val_00026363.JPEG,n02977058,480,480,0.4594841,1,imagenet_c,defocus_blur,1,none
efficientnet_b4,ILSVRC2012_val_00027945.JPEG,n02977058,480,480,0.7115473,1,imagenet_c,defocus_blur,1,none
efficientnet_b4,ILSVRC2012_val_00028409.JPEG,n02977058,480,480,0.64535356,1,imagenet_c,defocus_blur,1,none
efficientnet_b4,ILSVRC2012_val_00029340.JPEG,n02977058,480,767,0.064452685,0,imagenet_c,defocus_blur,1,none
efficientnet_b4,ILSVRC2012_val_00030105.JPEG,n02977058,480,571,0.125388,0,imagenet_c,defocus_blur,1,none
efficientnet_b4,ILSVRC2012_val_00032886.JPEG,n02977058,480,480,0.68760073,1,imagenet_c,defocus_blur,1,none
efficientnet_b4,ILSVRC2012_val_00033182.JPEG,n02977058,480,480,0.7297312,1,imagenet_c,defocus_blur,1,none
efficientnet_b4,ILSVRC2012_val_00034150.JPEG,n02977058,480,480,0.49092066,1,imagenet_c,defocus_blur,1,none
efficientnet_b4,ILSVRC2012_val_00034597.JPEG,n02977058,480,660,0.2156314,0,imagenet_c,defocus_blur,1,none
efficientnet_b4,ILSVRC2012_val_00035351.JPEG,n02977058,480,707,0.057619948,0,imagenet_c,defocus_blur,1,none
efficientnet_b4,ILSVRC2012_val_00035516.JPEG,n02977058,480,713,0.32537508,0,imagenet_c,defocus_blur,1,none
efficientnet_b4,ILSVRC2012_val_00036208.JPEG,n02977058,480,480,0.44255236,1,imagenet_c,defocus_blur,1,none
efficientnet_b4,ILSVRC2012_val_00036406.JPEG,n02977058,480,480,0.0813746,1,imagenet_c,defocus_blur,1,none
efficientnet_b4,ILSVRC2012_val_00037304.JPEG,n02977058,480,799,0.0870772,0,imagenet_c,defocus_blur,1,none
efficientnet_b4,ILSVRC2012_val_00037604.JPEG,n02977058,480,480,0.0896902,1,imagenet_c,defocus_blur,1,none
efficientnet_b4,ILSVRC2012_val_00037622.JPEG,n02977058,480,480,0.5151419,1,imagenet_c,defocus_blur,1,none
efficientnet_b4,ILSVRC2012_val_00037869.JPEG,n02977058,480,480,0.6847781,1,imagenet_c,defocus_blur,1,none
efficientnet_b4,ILSVRC2012_val_00038138.JPEG,n02977058,480,480,0.7024558,1,imagenet_c,defocus_blur,1,none
efficientnet_b4,ILSVRC2012_val_00040442.JPEG,n02977058,480,480,0.55142087,1,imagenet_c,defocus_blur,1,none
efficientnet_b4,ILSVRC2012_val_00041758.JPEG,n02977058,480,480,0.09665975,1,imagenet_c,defocus_blur,1,none
efficientnet_b4,ILSVRC2012_val_00042335.JPEG,n02977058,480,480,0.50270003,1,imagenet_c,defocus_blur,1,none
efficientnet_b4,ILSVRC2012_val_00043362.JPEG,n02977058,480,475,0.2409599,0,imagenet_c,defocus_blur,1,none
efficientnet_b4,ILSVRC2012_val_00046582.JPEG,n02977058,480,747,0.063263424,0,imagenet_c,defocus_blur,1,none
efficientnet_b4,ILSVRC2012_val_00048061.JPEG,n02977058,480,747,0.25365576,0,imagenet_c,defocus_blur,1,none
efficientnet_b4,ILSVRC2012_val_00049920.JPEG,n02977058,480,480,0.5406129,1,imagenet_c,defocus_blur,1,none
efficientnet_b4,ILSVRC2012_val_00000353.JPEG,n02978881,481,481,0.29499587,1,imagenet_c,defocus_blur,1,none
efficientnet_b4,ILSVRC2012_val_00001220.JPEG,n02978881,481,481,0.45600957,1,imagenet_c,defocus_blur,1,none
efficientnet_b4,ILSVRC2012_val_00001437.JPEG,n02978881,481,481,0.4134146,1,imagenet_c,defocus_blur,1,none
efficientnet_b4,ILSVRC2012_val_00001674.JPEG,n02978881,481,481,0.5875998,1,imagenet_c,defocus_blur,1,none
efficientnet_b4,ILSVRC2012_val_00002358.JPEG,n02978881,481,482,0.6141942,0,imagenet_c,defocus_blur,1,none
efficientnet_b4,ILSVRC2012_val_00005321.JPEG,n02978881,481,481,0.6191551,1,imagenet_c,defocus_blur,1,none
efficientnet_b4,ILSVRC2012_val_00006246.JPEG,n02978881,481,848,0.16175467,0,imagenet_c,defocus_blur,1,none
efficientnet_b4,ILSVRC2012_val_00007843.JPEG,n02978881,481,848,0.3893066,0,imagenet_c,defocus_blur,1,none
efficientnet_b4,ILSVRC2012_val_00008994.JPEG,n02978881,481,481,0.51002675,1,imagenet_c,defocus_blur,1,none
efficientnet_b4,ILSVRC2012_val_00009702.JPEG,n02978881,481,481,0.2867161,1,imagenet_c,defocus_blur,1,none
efficientnet_b4,ILSVRC2012_val_00010757.JPEG,n02978881,481,662,0.12508795,0,imagenet_c,defocus_blur,1,none
efficientnet_b4,ILSVRC2012_val_00012205.JPEG,n02978881,481,481,0.27544498,1,imagenet_c,defocus_blur,1,none
efficientnet_b4,ILSVRC2012_val_00012927.JPEG,n02978881,481,481,0.50092125,1,imagenet_c,defocus_blur,1,none
efficientnet_b4,ILSVRC2012_val_00014469.JPEG,n02978881,481,848,0.2462126,0,imagenet_c,defocus_blur,1,none
efficientnet_b4,ILSVRC2012_val_00014829.JPEG,n02978881,481,481,0.54524976,1,imagenet_c,defocus_blur,1,none
efficientnet_b4,ILSVRC2012_val_00016154.JPEG,n02978881,481,481,0.74719274,1,imagenet_c,defocus_blur,1,none
efficientnet_b4,ILSVRC2012_val_00016528.JPEG,n02978881,481,482,0.43866268,0,imagenet_c,defocus_blur,1,none
efficientnet_b4,ILSVRC2012_val_00017217.JPEG,n02978881,481,453,0.40589055,0,imagenet_c,defocus_blur,1,none
efficientnet_b4,ILSVRC2012_val_00017819.JPEG,n02978881,481,848,0.086970136,0,imagenet_c,defocus_blur,1,none
efficientnet_b4,ILSVRC2012_val_00019144.JPEG,n02978881,481,453,0.2305056,0,imagenet_c,defocus_blur,1,none
efficientnet_b4,ILSVRC2012_val_00023124.JPEG,n02978881,481,481,0.055809896,1,imagenet_c,defocus_blur,1,none
efficientnet_b4,ILSVRC2012_val_00023372.JPEG,n02978881,481,482,0.37711528,0,imagenet_c,defocus_blur,1,none
efficientnet_b4,ILSVRC2012_val_00023633.JPEG,n02978881,481,481,0.3092309,1,imagenet_c,defocus_blur,1,none
efficientnet_b4,ILSVRC2012_val_00026914.JPEG,n02978881,481,481,0.3835401,1,imagenet_c,defocus_blur,1,none
efficientnet_b4,ILSVRC2012_val_00027004.JPEG,n02978881,481,848,0.34037292,0,imagenet_c,defocus_blur,1,none
efficientnet_b4,ILSVRC2012_val_00027299.JPEG,n02978881,481,470,0.039509147,0,imagenet_c,defocus_blur,1,none
efficientnet_b4,ILSVRC2012_val_00029894.JPEG,n02978881,481,481,0.5968901,1,imagenet_c,defocus_blur,1,none
efficientnet_b4,ILSVRC2012_val_00030912.JPEG,n02978881,481,481,0.47242793,1,imagenet_c,defocus_blur,1,none
efficientnet_b4,ILSVRC2012_val_00031192.JPEG,n02978881,481,481,0.4899548,1,imagenet_c,defocus_blur,1,none
efficientnet_b4,ILSVRC2012_val_00032399.JPEG,n02978881,481,810,0.117786795,0,imagenet_c,defocus_blur,1,none
efficientnet_b4,ILSVRC2012_val_00033867.JPEG,n02978881,481,485,0.17717192,0,imagenet_c,defocus_blur,1,none
efficientnet_b4,ILSVRC2012_val_00034887.JPEG,n02978881,481,481,0.33533138,1,imagenet_c,defocus_blur,1,none
efficientnet_b4,ILSVRC2012_val_00035631.JPEG,n02978881,481,481,0.42658323,1,imagenet_c,defocus_blur,1,none
efficientnet_b4,ILSVRC2012_val_00035965.JPEG,n02978881,481,481,0.42261028,1,imagenet_c,defocus_blur,1,none
efficientnet_b4,ILSVRC2012_val_00036352.JPEG,n02978881,481,848,0.33426648,0,imagenet_c,defocus_blur,1,none
efficientnet_b4,ILSVRC2012_val_00038135.JPEG,n02978881,481,481,0.8249044,1,imagenet_c,defocus_blur,1,none
efficientnet_b4,ILSVRC2012_val_00040436.JPEG,n02978881,481,482,0.4034701,0,imagenet_c,defocus_blur,1,none
efficientnet_b4,ILSVRC2012_val_00041815.JPEG,n02978881,481,481,0.52822834,1,imagenet_c,defocus_blur,1,none
efficientnet_b4,ILSVRC2012_val_00042137.JPEG,n02978881,481,481,0.66024107,1,imagenet_c,defocus_blur,1,none
efficientnet_b4,ILSVRC2012_val_00042669.JPEG,n02978881,481,481,0.6465618,1,imagenet_c,defocus_blur,1,none
efficientnet_b4,ILSVRC2012_val_00042730.JPEG,n02978881,481,481,0.4971714,1,imagenet_c,defocus_blur,1,none
efficientnet_b4,ILSVRC2012_val_00042872.JPEG,n02978881,481,453,0.37759206,0,imagenet_c,defocus_blur,1,none
efficientnet_b4,ILSVRC2012_val_00042959.JPEG,n02978881,481,481,0.6893482,1,imagenet_c,defocus_blur,1,none
efficientnet_b4,ILSVRC2012_val_00044199.JPEG,n02978881,481,481,0.6106919,1,imagenet_c,defocus_blur,1,none
efficientnet_b4,ILSVRC2012_val_00045023.JPEG,n02978881,481,481,0.194436,1,imagenet_c,defocus_blur,1,none
efficientnet_b4,ILSVRC2012_val_00045497.JPEG,n02978881,481,481,0.24562323,1,imagenet_c,defocus_blur,1,none
efficientnet_b4,ILSVRC2012_val_00046339.JPEG,n02978881,481,488,0.37584049,0,imagenet_c,defocus_blur,1,none
efficientnet_b4,ILSVRC2012_val_00046708.JPEG,n02978881,481,481,0.44571242,1,imagenet_c,defocus_blur,1,none
efficientnet_b4,ILSVRC2012_val_00047235.JPEG,n02978881,481,710,0.20192064,0,imagenet_c,defocus_blur,1,none
efficientnet_b4,ILSVRC2012_val_00047907.JPEG,n02978881,481,481,0.4833621,1,imagenet_c,defocus_blur,1,none
efficientnet_b4,ILSVRC2012_val_00000557.JPEG,n02979186,482,481,0.24673103,0,imagenet_c,defocus_blur,1,none
efficientnet_b4,ILSVRC2012_val_00002034.JPEG,n02979186,482,848,0.33554104,0,imagenet_c,defocus_blur,1,none
efficientnet_b4,ILSVRC2012_val_00003944.JPEG,n02979186,482,848,0.26727557,0,imagenet_c,defocus_blur,1,none
efficientnet_b4,ILSVRC2012_val_00005866.JPEG,n02979186,482,482,0.4239435,1,imagenet_c,defocus_blur,1,none
efficientnet_b4,ILSVRC2012_val_00006787.JPEG,n02979186,482,482,0.44686973,1,imagenet_c,defocus_blur,1,none
efficientnet_b4,ILSVRC2012_val_00007226.JPEG,n02979186,482,848,0.25319698,0,imagenet_c,defocus_blur,1,none
efficientnet_b4,ILSVRC2012_val_00008651.JPEG,n02979186,482,482,0.38113984,1,imagenet_c,defocus_blur,1,none
efficientnet_b4,ILSVRC2012_val_00009404.JPEG,n02979186,482,482,0.54023254,1,imagenet_c,defocus_blur,1,none
efficientnet_b4,ILSVRC2012_val_00009833.JPEG,n02979186,482,485,0.47491935,0,imagenet_c,defocus_blur,1,none
efficientnet_b4,ILSVRC2012_val_00012468.JPEG,n02979186,482,482,0.37634155,1,imagenet_c,defocus_blur,1,none
efficientnet_b4,ILSVRC2012_val_00013735.JPEG,n02979186,482,482,0.53068787,1,imagenet_c,defocus_blur,1,none
efficientnet_b4,ILSVRC2012_val_00014287.JPEG,n02979186,482,848,0.35462013,0,imagenet_c,defocus_blur,1,none
efficientnet_b4,ILSVRC2012_val_00016648.JPEG,n02979186,482,482,0.6539645,1,imagenet_c,defocus_blur,1,none
efficientnet_b4,ILSVRC2012_val_00017463.JPEG,n02979186,482,848,0.28729412,0,imagenet_c,defocus_blur,1,none
efficientnet_b4,ILSVRC2012_val_00017775.JPEG,n02979186,482,848,0.35087773,0,imagenet_c,defocus_blur,1,none
efficientnet_b4,ILSVRC2012_val_00018559.JPEG,n02979186,482,482,0.26380688,1,imagenet_c,defocus_blur,1,none
efficientnet_b4,ILSVRC2012_val_00020400.JPEG,n02979186,482,848,0.49561653,0,imagenet_c,defocus_blur,1,none
efficientnet_b4,ILSVRC2012_val_00023674.JPEG,n02979186,482,481,0.40900078,0,imagenet_c,defocus_blur,1,none
efficientnet_b4,ILSVRC2012_val_00024874.JPEG,n02979186,482,482,0.1917731,1,imagenet_c,defocus_blur,1,none
efficientnet_b4,ILSVRC2012_val_00025484.JPEG,n02979186,482,485,0.23650318,0,imagenet_c,defocus_blur,1,none
efficientnet_b4,ILSVRC2012_val_00027673.JPEG,n02979186,482,482,0.4837977,1,imagenet_c,defocus_blur,1,none
efficientnet_b4,ILSVRC2012_val_00027735.JPEG,n02979186,482,482,0.304643,1,imagenet_c,defocus_blur,1,none
efficientnet_b4,ILSVRC2012_val_00028911.JPEG,n02979186,482,848,0.22812195,0,imagenet_c,defocus_blur,1,none
efficientnet_b4,ILSVRC2012_val_00029663.JPEG,n02979186,482,482,0.7237701,1,imagenet_c,defocus_blur,1,none
efficientnet_b4,ILSVRC2012_val_00031964.JPEG,n02979186,482,482,0.38613153,1,imagenet_c,defocus_blur,1,none
efficientnet_b4,ILSVRC2012_val_00033397.JPEG,n02979186,482,848,0.27939752,0,imagenet_c,defocus_blur,1,none
efficientnet_b4,ILSVRC2012_val_00033657.JPEG,n02979186,482,481,0.26518935,0,imagenet_c,defocus_blur,1,none
efficientnet_b4,ILSVRC2012_val_00034395.JPEG,n02979186,482,482,0.6438723,1,imagenet_c,defocus_blur,1,none
efficientnet_b4,ILSVRC2012_val_00034563.JPEG,n02979186,482,482,0.27708212,1,imagenet_c,defocus_blur,1,none
efficientnet_b4,ILSVRC2012_val_00035160.JPEG,n02979186,482,482,0.25524116,1,imagenet_c,defocus_blur,1,none
efficientnet_b4,ILSVRC2012_val_00035482.JPEG,n02979186,482,818,0.11000862,0,imagenet_c,defocus_blur,1,none
efficientnet_b4,ILSVRC2012_val_00035751.JPEG,n02979186,482,482,0.6428192,1,imagenet_c,defocus_blur,1,none
efficientnet_b4,ILSVRC2012_val_00035803.JPEG,n02979186,482,482,0.27049702,1,imagenet_c,defocus_blur,1,none
efficientnet_b4,ILSVRC2012_val_00037988.JPEG,n02979186,482,848,0.23160264,0,imagenet_c,defocus_blur,1,none
efficientnet_b4,ILSVRC2012_val_00040604.JPEG,n02979186,482,848,0.29780298,0,imagenet_c,defocus_blur,1,none
efficientnet_b4,ILSVRC2012_val_00041893.JPEG,n02979186,482,482,0.35624683,1,imagenet_c,defocus_blur,1,none
efficientnet_b4,ILSVRC2012_val_00042347.JPEG,n02979186,482,482,0.517381,1,imagenet_c,defocus_blur,1,none
efficientnet_b4,ILSVRC2012_val_00042482.JPEG,n02979186,482,848,0.29998448,0,imagenet_c,defocus_blur,1,none
efficientnet_b4,ILSVRC2012_val_00042648.JPEG,n02979186,482,848,0.23144758,0,imagenet_c,defocus_blur,1,none
efficientnet_b4,ILSVRC2012_val_00042982.JPEG,n02979186,482,482,0.35014698,1,imagenet_c,defocus_blur,1,none
efficientnet_b4,ILSVRC2012_val_00043121.JPEG,n02979186,482,848,0.108633585,0,imagenet_c,defocus_blur,1,none
efficientnet_b4,ILSVRC2012_val_00043731.JPEG,n02979186,482,848,0.14108619,0,imagenet_c,defocus_blur,1,none
efficientnet_b4,ILSVRC2012_val_00044373.JPEG,n02979186,482,848,0.27125072,0,imagenet_c,defocus_blur,1,none
efficientnet_b4,ILSVRC2012_val_00044398.JPEG,n02979186,482,482,0.29554132,1,imagenet_c,defocus_blur,1,none
efficientnet_b4,ILSVRC2012_val_00045110.JPEG,n02979186,482,592,0.37633067,0,imagenet_c,defocus_blur,1,none
efficientnet_b4,ILSVRC2012_val_00046953.JPEG,n02979186,482,482,0.27722973,1,imagenet_c,defocus_blur,1,none
efficientnet_b4,ILSVRC2012_val_00047315.JPEG,n02979186,482,848,0.21489443,0,imagenet_c,defocus_blur,1,none
efficientnet_b4,ILSVRC2012_val_00047974.JPEG,n02979186,482,482,0.35396507,1,imagenet_c,defocus_blur,1,none
efficientnet_b4,ILSVRC2012_val_00048478.JPEG,n02979186,482,482,0.28811476,1,imagenet_c,defocus_blur,1,none
efficientnet_b4,ILSVRC2012_val_00049106.JPEG,n02979186,482,481,0.3940494,0,imagenet_c,defocus_blur,1,none
efficientnet_b4,ILSVRC2012_val_00000122.JPEG,n02980441,483,663,0.23880559,0,imagenet_c,defocus_blur,1,none
efficientnet_b4,ILSVRC2012_val_00001990.JPEG,n02980441,483,525,0.20636915,0,imagenet_c,defocus_blur,1,none
efficientnet_b4,ILSVRC2012_val_00002061.JPEG,n02980441,483,20,0.075176425,0,imagenet_c,defocus_blur,1,none
efficientnet_b4,ILSVRC2012_val_00002487.JPEG,n02980441,483,698,0.4104008,0,imagenet_c,defocus_blur,1,none
efficientnet_b4,ILSVRC2012_val_00003916.JPEG,n02980441,483,698,0.2277941,0,imagenet_c,defocus_blur,1,none
efficientnet_b4,ILSVRC2012_val_00004071.JPEG,n02980441,483,832,0.167369,0,imagenet_c,defocus_blur,1,none
efficientnet_b4,ILSVRC2012_val_00004647.JPEG,n02980441,483,483,0.4122833,1,imagenet_c,defocus_blur,1,none
efficientnet_b4,ILSVRC2012_val_00005338.JPEG,n02980441,483,698,0.2248513,0,imagenet_c,defocus_blur,1,none
efficientnet_b4,ILSVRC2012_val_00005503.JPEG,n02980441,483,698,0.23163173,0,imagenet_c,defocus_blur,1,none
efficientnet_b4,ILSVRC2012_val_00006355.JPEG,n02980441,483,483,0.49454567,1,imagenet_c,defocus_blur,1,none
efficientnet_b4,ILSVRC2012_val_00006522.JPEG,n02980441,483,646,0.15910083,0,imagenet_c,defocus_blur,1,none
efficientnet_b4,ILSVRC2012_val_00011145.JPEG,n02980441,483,483,0.22204867,1,imagenet_c,defocus_blur,1,none
efficientnet_b4,ILSVRC2012_val_00013726.JPEG,n02980441,483,483,0.24705637,1,imagenet_c,defocus_blur,1,none
efficientnet_b4,ILSVRC2012_val_00014642.JPEG,n02980441,483,483,0.16718525,1,imagenet_c,defocus_blur,1,none
efficientnet_b4,ILSVRC2012_val_00014661.JPEG,n02980441,483,483,0.28413454,1,imagenet_c,defocus_blur,1,none
efficientnet_b4,ILSVRC2012_val_00014807.JPEG,n02980441,483,663,0.26723576,0,imagenet_c,defocus_blur,1,none
efficientnet_b4,ILSVRC2012_val_00017042.JPEG,n02980441,483,698,0.07745086,0,imagenet_c,defocus_blur,1,none
efficientnet_b4,ILSVRC2012_val_00017829.JPEG,n02980441,483,663,0.13701515,0,imagenet_c,defocus_blur,1,none
efficientnet_b4,ILSVRC2012_val_00018553.JPEG,n02980441,483,974,0.07515175,0,imagenet_c,defocus_blur,1,none
efficientnet_b4,ILSVRC2012_val_00018999.JPEG,n02980441,483,483,0.5425879,1,imagenet_c,defocus_blur,1,none
efficientnet_b4,ILSVRC2012_val_00019095.JPEG,n02980441,483,663,0.5424019,0,imagenet_c,defocus_blur,1,none
efficientnet_b4,ILSVRC2012_val_00019157.JPEG,n02980441,483,698,0.1283238,0,imagenet_c,defocus_blur,1,none
efficientnet_b4,ILSVRC2012_val_00019214.JPEG,n02980441,483,483,0.1348254,1,imagenet_c,defocus_blur,1,none
efficientnet_b4,ILSVRC2012_val_00019377.JPEG,n02980441,483,483,0.4237761,1,imagenet_c,defocus_blur,1,none
efficientnet_b4,ILSVRC2012_val_00019778.JPEG,n02980441,483,483,0.4252082,1,imagenet_c,defocus_blur,1,none
efficientnet_b4,ILSVRC2012_val_00019831.JPEG,n02980441,483,663,0.12954722,0,imagenet_c,defocus_blur,1,none
efficientnet_b4,ILSVRC2012_val_00020249.JPEG,n02980441,483,873,0.075038865,0,imagenet_c,defocus_blur,1,none
efficientnet_b4,ILSVRC2012_val_00020777.JPEG,n02980441,483,483,0.22622332,1,imagenet_c,defocus_blur,1,none
efficientnet_b4,ILSVRC2012_val_00021425.JPEG,n02980441,483,483,0.40266025,1,imagenet_c,defocus_blur,1,none
efficientnet_b4,ILSVRC2012_val_00023472.JPEG,n02980441,483,884,0.25231662,0,imagenet_c,defocus_blur,1,none
efficientnet_b4,ILSVRC2012_val_00023667.JPEG,n02980441,483,698,0.37690216,0,imagenet_c,defocus_blur,1,none
efficientnet_b4,ILSVRC2012_val_00023875.JPEG,n02980441,483,483,0.356583,1,imagenet_c,defocus_blur,1,none
efficientnet_b4,ILSVRC2012_val_00024088.JPEG,n02980441,483,663,0.24460836,0,imagenet_c,defocus_blur,1,none
efficientnet_b4,ILSVRC2012_val_00027848.JPEG,n02980441,483,663,0.20712838,0,imagenet_c,defocus_blur,1,none
efficientnet_b4,ILSVRC2012_val_00029345.JPEG,n02980441,483,483,0.37340888,1,imagenet_c,defocus_blur,1,none
efficientnet_b4,ILSVRC2012_val_00030999.JPEG,n02980441,483,483,0.53381604,1,imagenet_c,defocus_blur,1,none
efficientnet_b4,ILSVRC2012_val_00032173.JPEG,n02980441,483,483,0.07484631,1,imagenet_c,defocus_blur,1,none
efficientnet_b4,ILSVRC2012_val_00033614.JPEG,n02980441,483,483,0.22208202,1,imagenet_c,defocus_blur,1,none
efficientnet_b4,ILSVRC2012_val_00034374.JPEG,n02980441,483,483,0.5160294,1,imagenet_c,defocus_blur,1,none
efficientnet_b4,ILSVRC2012_val_00034819.JPEG,n02980441,483,483,0.23417154,1,imagenet_c,defocus_blur,1,none
efficientnet_b4,ILSVRC2012_val_00037341.JPEG,n02980441,483,825,0.050346836,0,imagenet_c,defocus_blur,1,none
efficientnet_b4,ILSVRC2012_val_00037813.JPEG,n02980441,483,483,0.113153785,1,imagenet_c,defocus_blur,1,none
efficientnet_b4,ILSVRC2012_val_00039597.JPEG,n02980441,483,483,0.2320804,1,imagenet_c,defocus_blur,1,none
efficientnet_b4,ILSVRC2012_val_00041139.JPEG,n02980441,483,483,0.29033548,1,imagenet_c,defocus_blur,1,none
efficientnet_b4,ILSVRC2012_val_00041354.JPEG,n02980441,483,698,0.32291657,0,imagenet_c,defocus_blur,1,none
efficientnet_b4,ILSVRC2012_val_00041372.JPEG,n02980441,483,483,0.25659928,1,imagenet_c,defocus_blur,1,none
efficientnet_b4,ILSVRC2012_val_00043355.JPEG,n02980441,483,483,0.6525861,1,imagenet_c,defocus_blur,1,none
efficientnet_b4,ILSVRC2012_val_00044012.JPEG,n02980441,483,698,0.21326938,0,imagenet_c,defocus_blur,1,none
efficientnet_b4,ILSVRC2012_val_00045955.JPEG,n02980441,483,483,0.23276937,1,imagenet_c,defocus_blur,1,none
efficientnet_b4,ILSVRC2012_val_00047362.JPEG,n02980441,483,483,0.0913572,1,imagenet_c,defocus_blur,1,none
efficientnet_b4,ILSVRC2012_val_00000402.JPEG,n02981792,484,871,0.41169465,0,imagenet_c,defocus_blur,1,none
efficientnet_b4,ILSVRC2012_val_00001063.JPEG,n02981792,484,871,0.28110015,0,imagenet_c,defocus_blur,1,none
efficientnet_b4,ILSVRC2012_val_00001171.JPEG,n02981792,484,871,0.067703515,0,imagenet_c,defocus_blur,1,none
efficientnet_b4,ILSVRC2012_val_00001282.JPEG,n02981792,484,484,0.35854083,1,imagenet_c,defocus_blur,1,none
efficientnet_b4,ILSVRC2012_val_00004218.JPEG,n02981792,484,914,0.31371093,0,imagenet_c,defocus_blur,1,none
efficientnet_b4,ILSVRC2012_val_00005928.JPEG,n02981792,484,484,0.22217335,1,imagenet_c,defocus_blur,1,none
efficientnet_b4,ILSVRC2012_val_00006558.JPEG,n02981792,484,914,0.29629928,0,imagenet_c,defocus_blur,1,none
efficientnet_b4,ILSVRC2012_val_00009060.JPEG,n02981792,484,484,0.50029755,1,imagenet_c,defocus_blur,1,none
efficientnet_b4,ILSVRC2012_val_00009253.JPEG,n02981792,484,871,0.4640071,0,imagenet_c,defocus_blur,1,none
efficientnet_b4,ILSVRC2012_val_00009517.JPEG,n02981792,484,914,0.18919899,0,imagenet_c,defocus_blur,1,none
efficientnet_b4,ILSVRC2012_val_00010769.JPEG,n02981792,484,871,0.4864589,0,imagenet_c,defocus_blur,1,none
efficientnet_b4,ILSVRC2012_val_00011334.JPEG,n02981792,484,484,0.13773745,1,imagenet_c,defocus_blur,1,none
efficientnet_b4,ILSVRC2012_val_00012114.JPEG,n02981792,484,484,0.4196351,1,imagenet_c,defocus_blur,1,none
efficientnet_b4,ILSVRC2012_val_00012592.JPEG,n02981792,484,484,0.42749962,1,imagenet_c,defocus_blur,1,none
efficientnet_b4,ILSVRC2012_val_00013181.JPEG,n02981792,484,484,0.40315607,1,imagenet_c,defocus_blur,1,none
efficientnet_b4,ILSVRC2012_val_00014291.JPEG,n02981792,484,871,0.24759369,0,imagenet_c,defocus_blur,1,none
efficientnet_b4,ILSVRC2012_val_00015278.JPEG,n02981792,484,484,0.3908466,1,imagenet_c,defocus_blur,1,none
efficientnet_b4,ILSVRC2012_val_00015708.JPEG,n02981792,484,484,0.31143972,1,imagenet_c,defocus_blur,1,none
efficientnet_b4,ILSVRC2012_val_00017488.JPEG,n02981792,484,914,0.30102703,0,imagenet_c,defocus_blur,1,none
efficientnet_b4,ILSVRC2012_val_00017536.JPEG,n02981792,484,484,0.20435251,1,imagenet_c,defocus_blur,1,none
efficientnet_b4,ILSVRC2012_val_00019341.JPEG,n02981792,484,484,0.27894005,1,imagenet_c,defocus_blur,1,none
efficientnet_b4,ILSVRC2012_val_00019980.JPEG,n02981792,484,978,0.19655572,0,imagenet_c,defocus_blur,1,none
efficientnet_b4,ILSVRC2012_val_00020540.JPEG,n02981792,484,871,0.49109513,0,imagenet_c,defocus_blur,1,none
efficientnet_b4,ILSVRC2012_val_00020590.JPEG,n02981792,484,871,0.49571392,0,imagenet_c,defocus_blur,1,none
efficientnet_b4,ILSVRC2012_val_00020935.JPEG,n02981792,484,814,0.59942496,0,imagenet_c,defocus_blur,1,none
efficientnet_b4,ILSVRC2012_val_00021210.JPEG,n02981792,484,871,0.24262655,0,imagenet_c,defocus_blur,1,none
efficientnet_b4,ILSVRC2012_val_00028215.JPEG,n02981792,484,484,0.18871444,1,imagenet_c,defocus_blur,1,none
efficientnet_b4,ILSVRC2012_val_00028251.JPEG,n02981792,484,484,0.1595721,1,imagenet_c,defocus_blur,1,none
efficientnet_b4,ILSVRC2012_val_00028975.JPEG,n02981792,484,814,0.5259856,0,imagenet_c,defocus_blur,1,none
efficientnet_b4,ILSVRC2012_val_00029868.JPEG,n02981792,484,914,0.4475182,0,imagenet_c,defocus_blur,1,none
efficientnet_b4,ILSVRC2012_val_00032462.JPEG,n02981792,484,484,0.28992945,1,imagenet_c,defocus_blur,1,none
efficientnet_b4,ILSVRC2012_val_00032901.JPEG,n02981792,484,484,0.45201176,1,imagenet_c,defocus_blur,1,none
efficientnet_b4,ILSVRC2012_val_00033153.JPEG,n02981792,484,814,0.17327376,0,imagenet_c,defocus_blur,1,none
efficientnet_b4,ILSVRC2012_val_00034585.JPEG,n02981792,484,871,0.24756432,0,imagenet_c,defocus_blur,1,none
efficientnet_b4,ILSVRC2012_val_00035231.JPEG,n02981792,484,814,0.2942992,0,imagenet_c,defocus_blur,1,none
efficientnet_b4,ILSVRC2012_val_00035486.JPEG,n02981792,484,484,0.19740383,1,imagenet_c,defocus_blur,1,none
efficientnet_b4,ILSVRC2012_val_00036367.JPEG,n02981792,484,484,0.15054855,1,imagenet_c,defocus_blur,1,none
efficientnet_b4,ILSVRC2012_val_00037862.JPEG,n02981792,484,701,0.20236717,0,imagenet_c,defocus_blur,1,none
efficientnet_b4,ILSVRC2012_val_00039305.JPEG,n02981792,484,484,0.24161258,1,imagenet_c,defocus_blur,1,none
efficientnet_b4,ILSVRC2012_val_00042036.JPEG,n02981792,484,484,0.4445337,1,imagenet_c,defocus_blur,1,none
efficientnet_b4,ILSVRC2012_val_00042944.JPEG,n02981792,484,484,0.44511202,1,imagenet_c,defocus_blur,1,none
efficientnet_b4,ILSVRC2012_val_00043094.JPEG,n02981792,484,484,0.30084124,1,imagenet_c,defocus_blur,1,none
efficientnet_b4,ILSVRC2012_val_00043109.JPEG,n02981792,484,484,0.38025266,1,imagenet_c,defocus_blur,1,none
efficientnet_b4,ILSVRC2012_val_00043460.JPEG,n02981792,484,871,0.20361845,0,imagenet_c,defocus_blur,1,none
efficientnet_b4,ILSVRC2012_val_00043754.JPEG,n02981792,484,484,0.25304642,1,imagenet_c,defocus_blur,1,none
efficientnet_b4,ILSVRC2012_val_00044083.JPEG,n02981792,484,484,0.44543788,1,imagenet_c,defocus_blur,1,none
efficientnet_b4,ILSVRC2012_val_00044495.JPEG,n02981792,484,484,0.19386417,1,imagenet_c,defocus_blur,1,none
efficientnet_b4,ILSVRC2012_val_00046540.JPEG,n02981792,484,484,0.44462612,1,imagenet_c,defocus_blur,1,none
efficientnet_b4,ILSVRC2012_val_00046898.JPEG,n02981792,484,536,0.18471268,0,imagenet_c,defocus_blur,1,none
efficientnet_b4,ILSVRC2012_val_00049543.JPEG,n02981792,484,536,0.058877964,0,imagenet_c,defocus_blur,1,none
efficientnet_b4,ILSVRC2012_val_00003491.JPEG,n02988304,485,485,0.41090658,1,imagenet_c,defocus_blur,1,none
efficientnet_b4,ILSVRC2012_val_00004114.JPEG,n02988304,485,548,0.4576838,0,imagenet_c,defocus_blur,1,none
efficientnet_b4,ILSVRC2012_val_00005413.JPEG,n02988304,485,485,0.18894266,1,imagenet_c,defocus_blur,1,none
efficientnet_b4,ILSVRC2012_val_00007354.JPEG,n02988304,485,482,0.24304892,0,imagenet_c,defocus_blur,1,none
efficientnet_b4,ILSVRC2012_val_00007901.JPEG,n02988304,485,754,0.13130283,0,imagenet_c,defocus_blur,1,none
efficientnet_b4,ILSVRC2012_val_00009631.JPEG,n02988304,485,764,0.09684102,0,imagenet_c,defocus_blur,1,none
efficientnet_b4,ILSVRC2012_val_00011788.JPEG,n02988304,485,485,0.7251083,1,imagenet_c,defocus_blur,1,none
efficientnet_b4,ILSVRC2012_val_00012676.JPEG,n02988304,485,754,0.18432644,0,imagenet_c,defocus_blur,1,none
efficientnet_b4,ILSVRC2012_val_00013108.JPEG,n02988304,485,485,0.4381955,1,imagenet_c,defocus_blur,1,none
efficientnet_b4,ILSVRC2012_val_00013693.JPEG,n02988304,485,553,0.16979726,0,imagenet_c,defocus_blur,1,none
efficientnet_b4,ILSVRC2012_val_00014002.JPEG,n02988304,485,848,0.29056814,0,imagenet_c,defocus_blur,1,none
efficientnet_b4,ILSVRC2012_val_00014182.JPEG,n02988304,485,482,0.24642785,0,imagenet_c,defocus_blur,1,none
efficientnet_b4,ILSVRC2012_val_00014972.JPEG,n02988304,485,485,0.37116274,1,imagenet_c,defocus_blur,1,none
efficientnet_b4,ILSVRC2012_val_00014984.JPEG,n02988304,485,482,0.34401762,0,imagenet_c,defocus_blur,1,none
efficientnet_b4,ILSVRC2012_val_00015887.JPEG,n02988304,485,754,0.04274798,0,imagenet_c,defocus_blur,1,none
efficientnet_b4,ILSVRC2012_val_00016465.JPEG,n02988304,485,590,0.2909734,0,imagenet_c,defocus_blur,1,none
efficientnet_b4,ILSVRC2012_val_00017461.JPEG,n02988304,485,848,0.4030165,0,imagenet_c,defocus_blur,1,none
efficientnet_b4,ILSVRC2012_val_00018869.JPEG,n02988304,485,482,0.21048346,0,imagenet_c,defocus_blur,1,none
efficientnet_b4,ILSVRC2012_val_00020817.JPEG,n02988304,485,482,0.2652258,0,imagenet_c,defocus_blur,1,none
efficientnet_b4,ILSVRC2012_val_00022657.JPEG,n02988304,485,485,0.49532148,1,imagenet_c,defocus_blur,1,none
efficientnet_b4,ILSVRC2012_val_00023623.JPEG,n02988304,485,848,0.26854044,0,imagenet_c,defocus_blur,1,none
efficientnet_b4,ILSVRC2012_val_00025182.JPEG,n02988304,485,482,0.46121582,0,imagenet_c,defocus_blur,1,none
efficientnet_b4,ILSVRC2012_val_00025485.JPEG,n02988304,485,485,0.8776604,1,imagenet_c,defocus_blur,1,none
efficientnet_b4,ILSVRC2012_val_00026640.JPEG,n02988304,485,485,0.31648347,1,imagenet_c,defocus_blur,1,none
efficientnet_b4,ILSVRC2012_val_00027863.JPEG,n02988304,485,848,0.23711948,0,imagenet_c,defocus_blur,1,none
efficientnet_b4,ILSVRC2012_val_00028374.JPEG,n02988304,485,485,0.4210388,1,imagenet_c,defocus_blur,1,none
efficientnet_b4,ILSVRC2012_val_00028787.JPEG,n02988304,485,482,0.381641,0,imagenet_c,defocus_blur,1,none
efficientnet_b4,ILSVRC2012_val_00030976.JPEG,n02988304,485,485,0.21759287,1,imagenet_c,defocus_blur,1,none
efficientnet_b4,ILSVRC2012_val_00031238.JPEG,n02988304,485,739,0.033064555,0,imagenet_c,defocus_blur,1,none
efficientnet_b4,ILSVRC2012_val_00032988.JPEG,n02988304,485,482,0.42275894,0,imagenet_c,defocus_blur,1,none
efficientnet_b4,ILSVRC2012_val_00034496.JPEG,n02988304,485,485,0.28803912,1,imagenet_c,defocus_blur,1,none
efficientnet_b4,ILSVRC2012_val_00035511.JPEG,n02988304,485,482,0.44181702,0,imagenet_c,defocus_blur,1,none
efficientnet_b4,ILSVRC2012_val_00035787.JPEG,n02988304,485,482,0.24499895,0,imagenet_c,defocus_blur,1,none
efficientnet_b4,ILSVRC2012_val_00036485.JPEG,n02988304,485,485,0.1932354,1,imagenet_c,defocus_blur,1,none
efficientnet_b4,ILSVRC2012_val_00036782.JPEG,n02988304,485,424,0.082317464,0,imagenet_c,defocus_blur,1,none
efficientnet_b4,ILSVRC2012_val_00037068.JPEG,n02988304,485,620,0.1171235,0,imagenet_c,defocus_blur,1,none
efficientnet_b4,ILSVRC2012_val_00038058.JPEG,n02988304,485,485,0.18321438,1,imagenet_c,defocus_blur,1,none
efficientnet_b4,ILSVRC2012_val_00038243.JPEG,n02988304,485,632,0.19204369,0,imagenet_c,defocus_blur,1,none
efficientnet_b4,ILSVRC2012_val_00039422.JPEG,n02988304,485,848,0.16717382,0,imagenet_c,defocus_blur,1,none
efficientnet_b4,ILSVRC2012_val_00040907.JPEG,n02988304,485,485,0.28157136,1,imagenet_c,defocus_blur,1,none
efficientnet_b4,ILSVRC2012_val_00041129.JPEG,n02988304,485,482,0.4642374,0,imagenet_c,defocus_blur,1,none
efficientnet_b4,ILSVRC2012_val_00042056.JPEG,n02988304,485,485,0.25429583,1,imagenet_c,defocus_blur,1,none
efficientnet_b4,ILSVRC2012_val_00043295.JPEG,n02988304,485,482,0.6326827,0,imagenet_c,defocus_blur,1,none
efficientnet_b4,ILSVRC2012_val_00043317.JPEG,n02988304,485,851,0.1950154,0,imagenet_c,defocus_blur,1,none
efficientnet_b4,ILSVRC2012_val_00043416.JPEG,n02988304,485,485,0.62277126,1,imagenet_c,defocus_blur,1,none
efficientnet_b4,ILSVRC2012_val_00044004.JPEG,n02988304,485,482,0.40189022,0,imagenet_c,defocus_blur,1,none
efficientnet_b4,ILSVRC2012_val_00044283.JPEG,n02988304,485,485,0.23046955,1,imagenet_c,defocus_blur,1,none
efficientnet_b4,ILSVRC2012_val_00046236.JPEG,n02988304,485,848,0.23278785,0,imagenet_c,defocus_blur,1,none
efficientnet_b4,ILSVRC2012_val_00046321.JPEG,n02988304,485,485,0.12296256,1,imagenet_c,defocus_blur,1,none
efficientnet_b4,ILSVRC2012_val_00047182.JPEG,n02988304,485,482,0.28364354,0,imagenet_c,defocus_blur,1,none
efficientnet_b4,ILSVRC2012_val_00000108.JPEG,n02992211,486,486,0.59425026,1,imagenet_c,defocus_blur,1,none
efficientnet_b4,ILSVRC2012_val_00000736.JPEG,n02992211,486,486,0.6640539,1,imagenet_c,defocus_blur,1,none
efficientnet_b4,ILSVRC2012_val_00001755.JPEG,n02992211,486,486,0.66431946,1,imagenet_c,defocus_blur,1,none
efficientnet_b4,ILSVRC2012_val_00003715.JPEG,n02992211,486,625,0.23644726,0,imagenet_c,defocus_blur,1,none
efficientnet_b4,ILSVRC2012_val_00005046.JPEG,n02992211,486,486,0.6548364,1,imagenet_c,defocus_blur,1,none
efficientnet_b4,ILSVRC2012_val_00005173.JPEG,n02992211,486,432,0.1622583,0,imagenet_c,defocus_blur,1,none
efficientnet_b4,ILSVRC2012_val_00005629.JPEG,n02992211,486,486,0.6510108,1,imagenet_c,defocus_blur,1,none
efficientnet_b4,ILSVRC2012_val_00006782.JPEG,n02992211,486,486,0.4869551,1,imagenet_c,defocus_blur,1,none
efficientnet_b4,ILSVRC2012_val_00008029.JPEG,n02992211,486,889,0.26801136,0,imagenet_c,defocus_blur,1,none
efficientnet_b4,ILSVRC2012_val_00008839.JPEG,n02992211,486,890,0.06689932,0,imagenet_c,defocus_blur,1,none
efficientnet_b4,ILSVRC2012_val_00011064.JPEG,n02992211,486,486,0.17166775,1,imagenet_c,defocus_blur,1,none
efficientnet_b4,ILSVRC2012_val_00012115.JPEG,n02992211,486,486,0.69958687,1,imagenet_c,defocus_blur,1,none
efficientnet_b4,ILSVRC2012_val_00012509.JPEG,n02992211,486,486,0.5787572,1,imagenet_c,defocus_blur,1,none
efficientnet_b4,ILSVRC2012_val_00013038.JPEG,n02992211,486,486,0.66781163,1,imagenet_c,defocus_blur,1,none
efficientnet_b4,ILSVRC2012_val_00013202.JPEG,n02992211,486,486,0.7741448,1,imagenet_c,defocus_blur,1,none
efficientnet_b4,ILSVRC2012_val_00014603.JPEG,n02992211,486,486,0.39303583,1,imagenet_c,defocus_blur,1,none
efficientnet_b4,ILSVRC2012_val_00016738.JPEG,n02992211,486,486,0.5823481,1,imagenet_c,defocus_blur,1,none
efficientnet_b4,ILSVRC2012_val_00016968.JPEG,n02992211,486,486,0.5617491,1,imagenet_c,defocus_blur,1,none
efficientnet_b4,ILSVRC2012_val_00019228.JPEG,n02992211,486,486,0.4907316,1,imagenet_c,defocus_blur,1,none
efficientnet_b4,ILSVRC2012_val_00019886.JPEG,n02992211,486,486,0.6116647,1,imagenet_c,defocus_blur,1,none
efficientnet_b4,ILSVRC2012_val_00021412.JPEG,n02992211,486,486,0.66214573,1,imagenet_c,defocus_blur,1,none
efficientnet_b4,ILSVRC2012_val_00021689.JPEG,n02992211,486,486,0.38179073,1,imagenet_c,defocus_blur,1,none
efficientnet_b4,ILSVRC2012_val_00022467.JPEG,n02992211,486,486,0.5141374,1,imagenet_c,defocus_blur,1,none
efficientnet_b4,ILSVRC2012_val_00024444.JPEG,n02992211,486,486,0.5422464,1,imagenet_c,defocus_blur,1,none
efficientnet_b4,ILSVRC2012_val_00026596.JPEG,n02992211,486,486,0.56226015,1,imagenet_c,defocus_blur,1,none
efficientnet_b4,ILSVRC2012_val_00027319.JPEG,n02992211,486,486,0.44872478,1,imagenet_c,defocus_blur,1,none
efficientnet_b4,ILSVRC2012_val_00027458.JPEG,n02992211,486,486,0.5471362,1,imagenet_c,defocus_blur,1,none
efficientnet_b4,ILSVRC2012_val_00027742.JPEG,n02992211,486,486,0.43655616,1,imagenet_c,defocus_blur,1,none
efficientnet_b4,ILSVRC2012_val_00027818.JPEG,n02992211,486,486,0.45519415,1,imagenet_c,defocus_blur,1,none
efficientnet_b4,ILSVRC2012_val_00029219.JPEG,n02992211,486,889,0.16344075,0,imagenet_c,defocus_blur,1,none
efficientnet_b4,ILSVRC2012_val_00032813.JPEG,n02992211,486,854,0.19167337,0,imagenet_c,defocus_blur,1,none
efficientnet_b4,ILSVRC2012_val_00033245.JPEG,n02992211,486,400,0.12992974,0,imagenet_c,defocus_blur,1,none
efficientnet_b4,ILSVRC2012_val_00033349.JPEG,n02992211,486,486,0.4847403,1,imagenet_c,defocus_blur,1,none
efficientnet_b4,ILSVRC2012_val_00034445.JPEG,n02992211,486,486,0.29435003,1,imagenet_c,defocus_blur,1,none
efficientnet_b4,ILSVRC2012_val_00035050.JPEG,n02992211,486,486,0.4562718,1,imagenet_c,defocus_blur,1,none
efficientnet_b4,ILSVRC2012_val_00035600.JPEG,n02992211,486,486,0.37767652,1,imagenet_c,defocus_blur,1,none
efficientnet_b4,ILSVRC2012_val_00036541.JPEG,n02992211,486,486,0.15121935,1,imagenet_c,defocus_blur,1,none
efficientnet_b4,ILSVRC2012_val_00037840.JPEG,n02992211,486,486,0.6412707,1,imagenet_c,defocus_blur,1,none
efficientnet_b4,ILSVRC2012_val_00039077.JPEG,n02992211,486,872,0.1358776,0,imagenet_c,defocus_blur,1,none
efficientnet_b4,ILSVRC2012_val_00039787.JPEG,n02992211,486,486,0.5002839,1,imagenet_c,defocus_blur,1,none
efficientnet_b4,ILSVRC2012_val_00040560.JPEG,n02992211,486,486,0.12845431,1,imagenet_c,defocus_blur,1,none
efficientnet_b4,ILSVRC2012_val_00040892.JPEG,n02992211,486,889,0.580382,0,imagenet_c,defocus_blur,1,none
efficientnet_b4,ILSVRC2012_val_00041166.JPEG,n02992211,486,486,0.5704232,1,imagenet_c,defocus_blur,1,none
efficientnet_b4,ILSVRC2012_val_00041209.JPEG,n02992211,486,831,0.4145784,0,imagenet_c,defocus_blur,1,none
efficientnet_b4,ILSVRC2012_val_00042488.JPEG,n02992211,486,486,0.6149358,1,imagenet_c,defocus_blur,1,none
efficientnet_b4,ILSVRC2012_val_00042863.JPEG,n02992211,486,486,0.5924075,1,imagenet_c,defocus_blur,1,none
efficientnet_b4,ILSVRC2012_val_00044259.JPEG,n02992211,486,486,0.5378902,1,imagenet_c,defocus_blur,1,none
efficientnet_b4,ILSVRC2012_val_00045757.JPEG,n02992211,486,486,0.61297256,1,imagenet_c,defocus_blur,1,none
efficientnet_b4,ILSVRC2012_val_00047772.JPEG,n02992211,486,486,0.71527356,1,imagenet_c,defocus_blur,1,none
efficientnet_b4,ILSVRC2012_val_00048772.JPEG,n02992211,486,486,0.105165295,1,imagenet_c,defocus_blur,1,none
efficientnet_b4,ILSVRC2012_val_00000089.JPEG,n02992529,487,487,0.3709865,1,imagenet_c,defocus_blur,1,none
efficientnet_b4,ILSVRC2012_val_00000257.JPEG,n02992529,487,487,0.25292215,1,imagenet_c,defocus_blur,1,none
efficientnet_b4,ILSVRC2012_val_00002114.JPEG,n02992529,487,916,0.20715752,0,imagenet_c,defocus_blur,1,none
efficientnet_b4,ILSVRC2012_val_00003469.JPEG,n02992529,487,662,0.073353514,0,imagenet_c,defocus_blur,1,none
efficientnet_b4,ILSVRC2012_val_00004117.JPEG,n02992529,487,487,0.1796598,1,imagenet_c,defocus_blur,1,none
efficientnet_b4,ILSVRC2012_val_00005688.JPEG,n02992529,487,917,0.15390098,0,imagenet_c,defocus_blur,1,none
efficientnet_b4,ILSVRC2012_val_00005705.JPEG,n02992529,487,487,0.17816557,1,imagenet_c,defocus_blur,1,none
efficientnet_b4,ILSVRC2012_val_00006156.JPEG,n02992529,487,487,0.75763077,1,imagenet_c,defocus_blur,1,none
efficientnet_b4,ILSVRC2012_val_00008314.JPEG,n02992529,487,487,0.3313481,1,imagenet_c,defocus_blur,1,none
efficientnet_b4,ILSVRC2012_val_00008541.JPEG,n02992529,487,590,0.20040157,0,imagenet_c,defocus_blur,1,none
efficientnet_b4,ILSVRC2012_val_00008583.JPEG,n02992529,487,487,0.44139734,1,imagenet_c,defocus_blur,1,none
efficientnet_b4,ILSVRC2012_val_00010101.JPEG,n02992529,487,590,0.17570104,0,imagenet_c,defocus_blur,1,none
efficientnet_b4,ILSVRC2012_val_00010353.JPEG,n02992529,487,590,0.39959568,0,imagenet_c,defocus_blur,1,none
efficientnet_b4,ILSVRC2012_val_00010737.JPEG,n02992529,487,487,0.35392863,1,imagenet_c,defocus_blur,1,none
efficientnet_b4,ILSVRC2012_val_00010788.JPEG,n02992529,487,487,0.5740684,1,imagenet_c,defocus_blur,1,none
efficientnet_b4,ILSVRC2012_val_00011346.JPEG,n02992529,487,902,0.2973027,0,imagenet_c,defocus_blur,1,none
efficientnet_b4,ILSVRC2012_val_00011809.JPEG,n02992529,487,487,0.49460822,1,imagenet_c,defocus_blur,1,none
efficientnet_b4,ILSVRC2012_val_00013031.JPEG,n02992529,487,487,0.5722086,1,imagenet_c,defocus_blur,1,none
efficientnet_b4,ILSVRC2012_val_00014562.JPEG,n02992529,487,487,0.205444,1,imagenet_c,defocus_blur,1,none
efficientnet_b4,ILSVRC2012_val_00016828.JPEG,n02992529,487,487,0.20401177,1,imagenet_c,defocus_blur,1,none
efficientnet_b4,ILSVRC2012_val_00017262.JPEG,n02992529,487,487,0.42184573,1,imagenet_c,defocus_blur,1,none
efficientnet_b4,ILSVRC2012_val_00017833.JPEG,n02992529,487,487,0.18780428,1,imagenet_c,defocus_blur,1,none
efficientnet_b4,ILSVRC2012_val_00019685.JPEG,n02992529,487,487,0.6898405,1,imagenet_c,defocus_blur,1,none
efficientnet_b4,ILSVRC2012_val_00020206.JPEG,n02992529,487,487,0.37268505,1,imagenet_c,defocus_blur,1,none
efficientnet_b4,ILSVRC2012_val_00020233.JPEG,n02992529,487,487,0.5376159,1,imagenet_c,defocus_blur,1,none
efficientnet_b4,ILSVRC2012_val_00023929.JPEG,n02992529,487,487,0.6303217,1,imagenet_c,defocus_blur,1,none
efficientnet_b4,ILSVRC2012_val_00024979.JPEG,n02992529,487,590,0.31628472,0,imagenet_c,defocus_blur,1,none
efficientnet_b4,ILSVRC2012_val_00026822.JPEG,n02992529,487,531,0.06440513,0,imagenet_c,defocus_blur,1,none
efficientnet_b4,ILSVRC2012_val_00028116.JPEG,n02992529,487,590,0.39735118,0,imagenet_c,defocus_blur,1,none
efficientnet_b4,ILSVRC2012_val_00028501.JPEG,n02992529,487,834,0.15973455,0,imagenet_c,defocus_blur,1,none
efficientnet_b4,ILSVRC2012_val_00030872.JPEG,n02992529,487,487,0.36193243,1,imagenet_c,defocus_blur,1,none
efficientnet_b4,ILSVRC2012_val_00031438.JPEG,n02992529,487,503,0.25751588,0,imagenet_c,defocus_blur,1,none
efficientnet_b4,ILSVRC2012_val_00032046.JPEG,n02992529,487,487,0.2721929,1,imagenet_c,defocus_blur,1,none
efficientnet_b4,ILSVRC2012_val_00033180.JPEG,n02992529,487,487,0.29767945,1,imagenet_c,defocus_blur,1,none
efficientnet_b4,ILSVRC2012_val_00033654.JPEG,n02992529,487,590,0.24080694,0,imagenet_c,defocus_blur,1,none
efficientnet_b4,ILSVRC2012_val_00034755.JPEG,n02992529,487,487,0.23815122,1,imagenet_c,defocus_blur,1,none
efficientnet_b4,ILSVRC2012_val_00035610.JPEG,n02992529,487,662,0.10385313,0,imagenet_c,defocus_blur,1,none
efficientnet_b4,ILSVRC2012_val_00036024.JPEG,n02992529,487,487,0.6581369,1,imagenet_c,defocus_blur,1,none
efficientnet_b4,ILSVRC2012_val_00037257.JPEG,n02992529,487,585,0.07161642,0,imagenet_c,defocus_blur,1,none
efficientnet_b4,ILSVRC2012_val_00039245.JPEG,n02992529,487,487,0.16915382,1,imagenet_c,defocus_blur,1,none
efficientnet_b4,ILSVRC2012_val_00039425.JPEG,n02992529,487,590,0.17649625,0,imagenet_c,defocus_blur,1,none
efficientnet_b4,ILSVRC2012_val_00039592.JPEG,n02992529,487,487,0.33614868,1,imagenet_c,defocus_blur,1,none
efficientnet_b4,ILSVRC2012_val_00039932.JPEG,n02992529,487,487,0.37127703,1,imagenet_c,defocus_blur,1,none
efficientnet_b4,ILSVRC2012_val_00043042.JPEG,n02992529,487,590,0.7457007,0,imagenet_c,defocus_blur,1,none
efficientnet_b4,ILSVRC2012_val_00045128.JPEG,n02992529,487,846,0.306128,0,imagenet_c,defocus_blur,1,none
efficientnet_b4,ILSVRC2012_val_00046512.JPEG,n02992529,487,761,0.41661653,0,imagenet_c,defocus_blur,1,none
efficientnet_b4,ILSVRC2012_val_00046613.JPEG,n02992529,487,487,0.4691569,1,imagenet_c,defocus_blur,1,none
efficientnet_b4,ILSVRC2012_val_00047006.JPEG,n02992529,487,487,0.310857,1,imagenet_c,defocus_blur,1,none
efficientnet_b4,ILSVRC2012_val_00047946.JPEG,n02992529,487,487,0.13960125,1,imagenet_c,defocus_blur,1,none
efficientnet_b4,ILSVRC2012_val_00049503.JPEG,n02992529,487,487,0.3586498,1,imagenet_c,defocus_blur,1,none
efficientnet_b4,ILSVRC2012_val_00000376.JPEG,n02999410,488,488,0.38806707,1,imagenet_c,defocus_blur,1,none
efficientnet_b4,ILSVRC2012_val_00000566.JPEG,n02999410,488,679,0.36754975,0,imagenet_c,defocus_blur,1,none
efficientnet_b4,ILSVRC2012_val_00002229.JPEG,n02999410,488,488,0.38607237,1,imagenet_c,defocus_blur,1,none
efficientnet_b4,ILSVRC2012_val_00004628.JPEG,n02999410,488,902,0.13601853,0,imagenet_c,defocus_blur,1,none
efficientnet_b4,ILSVRC2012_val_00005241.JPEG,n02999410,488,488,0.41319993,1,imagenet_c,defocus_blur,1,none
efficientnet_b4,ILSVRC2012_val_00008475.JPEG,n02999410,488,488,0.7357956,1,imagenet_c,defocus_blur,1,none
efficientnet_b4,ILSVRC2012_val_00009078.JPEG,n02999410,488,459,0.15212603,0,imagenet_c,defocus_blur,1,none
efficientnet_b4,ILSVRC2012_val_00009591.JPEG,n02999410,488,843,0.18973239,0,imagenet_c,defocus_blur,1,none
efficientnet_b4,ILSVRC2012_val_00012273.JPEG,n02999410,488,488,0.13996896,1,imagenet_c,defocus_blur,1,none
efficientnet_b4,ILSVRC2012_val_00013143.JPEG,n02999410,488,766,0.25757053,0,imagenet_c,defocus_blur,1,none
efficientnet_b4,ILSVRC2012_val_00013171.JPEG,n02999410,488,695,0.5458014,0,imagenet_c,defocus_blur,1,none
efficientnet_b4,ILSVRC2012_val_00013288.JPEG,n02999410,488,679,0.07053509,0,imagenet_c,defocus_blur,1,none
efficientnet_b4,ILSVRC2012_val_00013634.JPEG,n02999410,488,758,0.113568924,0,imagenet_c,defocus_blur,1,none
efficientnet_b4,ILSVRC2012_val_00014190.JPEG,n02999410,488,488,0.67833143,1,imagenet_c,defocus_blur,1,none
efficientnet_b4,ILSVRC2012_val_00015508.JPEG,n02999410,488,584,0.17397188,0,imagenet_c,defocus_blur,1,none
efficientnet_b4,ILSVRC2012_val_00016847.JPEG,n02999410,488,616,0.18610823,0,imagenet_c,defocus_blur,1,none
efficientnet_b4,ILSVRC2012_val_00017085.JPEG,n02999410,488,600,0.17387293,0,imagenet_c,defocus_blur,1,none
efficientnet_b4,ILSVRC2012_val_00017121.JPEG,n02999410,488,488,0.4797675,1,imagenet_c,defocus_blur,1,none
efficientnet_b4,ILSVRC2012_val_00017637.JPEG,n02999410,488,488,0.48447254,1,imagenet_c,defocus_blur,1,none
efficientnet_b4,ILSVRC2012_val_00017738.JPEG,n02999410,488,488,0.24124739,1,imagenet_c,defocus_blur,1,none
efficientnet_b4,ILSVRC2012_val_00017849.JPEG,n02999410,488,488,0.66434515,1,imagenet_c,defocus_blur,1,none
efficientnet_b4,ILSVRC2012_val_00018148.JPEG,n02999410,488,488,0.060496178,1,imagenet_c,defocus_blur,1,none
efficientnet_b4,ILSVRC2012_val_00019470.JPEG,n02999410,488,793,0.17245813,0,imagenet_c,defocus_blur,1,none
efficientnet_b4,ILSVRC2012_val_00019921.JPEG,n02999410,488,488,0.4010468,1,imagenet_c,defocus_blur,1,none
efficientnet_b4,ILSVRC2012_val_00021566.JPEG,n02999410,488,488,0.4847783,1,imagenet_c,defocus_blur,1,none
efficientnet_b4,ILSVRC2012_val_00021778.JPEG,n02999410,488,488,0.5955404,1,imagenet_c,defocus_blur,1,none
efficientnet_b4,ILSVRC2012_val_00021868.JPEG,n02999410,488,488,0.4016321,1,imagenet_c,defocus_blur,1,none
efficientnet_b4,ILSVRC2012_val_00023126.JPEG,n02999410,488,763,0.15724547,0,imagenet_c,defocus_blur,1,none
efficientnet_b4,ILSVRC2012_val_00023200.JPEG,n02999410,488,111,0.20621574,0,imagenet_c,defocus_blur,1,none
efficientnet_b4,ILSVRC2012_val_00023467.JPEG,n02999410,488,600,0.6322448,0,imagenet_c,defocus_blur,1,none
efficientnet_b4,ILSVRC2012_val_00024021.JPEG,n02999410,488,488,0.38761654,1,imagenet_c,defocus_blur,1,none
efficientnet_b4,ILSVRC2012_val_00024843.JPEG,n02999410,488,679,0.39951992,0,imagenet_c,defocus_blur,1,none
efficientnet_b4,ILSVRC2012_val_00025216.JPEG,n02999410,488,616,0.22195554,0,imagenet_c,defocus_blur,1,none
efficientnet_b4,ILSVRC2012_val_00025895.JPEG,n02999410,488,695,0.64848846,0,imagenet_c,defocus_blur,1,none
efficientnet_b4,ILSVRC2012_val_00029452.JPEG,n02999410,488,488,0.31916517,1,imagenet_c,defocus_blur,1,none
efficientnet_b4,ILSVRC2012_val_00030965.JPEG,n02999410,488,488,0.30031484,1,imagenet_c,defocus_blur,1,none
efficientnet_b4,ILSVRC2012_val_00032688.JPEG,n02999410,488,902,0.30246553,0,imagenet_c,defocus_blur,1,none
efficientnet_b4,ILSVRC2012_val_00032707.JPEG,n02999410,488,488,0.15034485,1,imagenet_c,defocus_blur,1,none
efficientnet_b4,ILSVRC2012_val_00032940.JPEG,n02999410,488,488,0.12560344,1,imagenet_c,defocus_blur,1,none
efficientnet_b4,ILSVRC2012_val_00033493.JPEG,n02999410,488,488,0.19140482,1,imagenet_c,defocus_blur,1,none
efficientnet_b4,ILSVRC2012_val_00034338.JPEG,n02999410,488,871,0.069808014,0,imagenet_c,defocus_blur,1,none
efficientnet_b4,ILSVRC2012_val_00035721.JPEG,n02999410,488,488,0.17055307,1,imagenet_c,defocus_blur,1,none
efficientnet_b4,ILSVRC2012_val_00040886.JPEG,n02999410,488,834,0.10931879,0,imagenet_c,defocus_blur,1,none
efficientnet_b4,ILSVRC2012_val_00042658.JPEG,n02999410,488,488,0.56138164,1,imagenet_c,defocus_blur,1,none
efficientnet_b4,ILSVRC2012_val_00043064.JPEG,n02999410,488,679,0.26700258,0,imagenet_c,defocus_blur,1,none
efficientnet_b4,ILSVRC2012_val_00044843.JPEG,n02999410,488,221,0.35189027,0,imagenet_c,defocus_blur,1,none
efficientnet_b4,ILSVRC2012_val_00046589.JPEG,n02999410,488,488,0.40608472,1,imagenet_c,defocus_blur,1,none
efficientnet_b4,ILSVRC2012_val_00047035.JPEG,n02999410,488,703,0.20926893,0,imagenet_c,defocus_blur,1,none
efficientnet_b4,ILSVRC2012_val_00047530.JPEG,n02999410,488,488,0.27086726,1,imagenet_c,defocus_blur,1,none
efficientnet_b4,ILSVRC2012_val_00048603.JPEG,n02999410,488,830,0.31451765,0,imagenet_c,defocus_blur,1,none
efficientnet_b4,ILSVRC2012_val_00001094.JPEG,n03000134,489,489,0.31392676,1,imagenet_c,defocus_blur,1,none
efficientnet_b4,ILSVRC2012_val_00002617.JPEG,n03000134,489,369,0.118136056,0,imagenet_c,defocus_blur,1,none
efficientnet_b4,ILSVRC2012_val_00005264.JPEG,n03000134,489,704,0.015336257,0,imagenet_c,defocus_blur,1,none
efficientnet_b4,ILSVRC2012_val_00006620.JPEG,n03000134,489,489,0.2788522,1,imagenet_c,defocus_blur,1,none
efficientnet_b4,ILSVRC2012_val_00007825.JPEG,n03000134,489,489,0.60015714,1,imagenet_c,defocus_blur,1,none
efficientnet_b4,ILSVRC2012_val_00007827.JPEG,n03000134,489,489,0.19986461,1,imagenet_c,defocus_blur,1,none
efficientnet_b4,ILSVRC2012_val_00007982.JPEG,n03000134,489,488,0.31302238,0,imagenet_c,defocus_blur,1,none
efficientnet_b4,ILSVRC2012_val_00008513.JPEG,n03000134,489,489,0.17568798,1,imagenet_c,defocus_blur,1,none
efficientnet_b4,ILSVRC2012_val_00008927.JPEG,n03000134,489,752,0.020225324,0,imagenet_c,defocus_blur,1,none
efficientnet_b4,ILSVRC2012_val_00009432.JPEG,n03000134,489,489,0.30288783,1,imagenet_c,defocus_blur,1,none
efficientnet_b4,ILSVRC2012_val_00010799.JPEG,n03000134,489,752,0.095556654,0,imagenet_c,defocus_blur,1,none
efficientnet_b4,ILSVRC2012_val_00010835.JPEG,n03000134,489,9,0.028842833,0,imagenet_c,defocus_blur,1,none
efficientnet_b4,ILSVRC2012_val_00011424.JPEG,n03000134,489,489,0.6027144,1,imagenet_c,defocus_blur,1,none
efficientnet_b4,ILSVRC2012_val_00012956.JPEG,n03000134,489,489,0.5107669,1,imagenet_c,defocus_blur,1,none
efficientnet_b4,ILSVRC2012_val_00014205.JPEG,n03000134,489,660,0.059759565,0,imagenet_c,defocus_blur,1,none
efficientnet_b4,ILSVRC2012_val_00014448.JPEG,n03000134,489,489,0.07390928,1,imagenet_c,defocus_blur,1,none
efficientnet_b4,ILSVRC2012_val_00015467.JPEG,n03000134,489,791,0.041942835,0,imagenet_c,defocus_blur,1,none
efficientnet_b4,ILSVRC2012_val_00015687.JPEG,n03000134,489,378,0.014812149,0,imagenet_c,defocus_blur,1,none
efficientnet_b4,ILSVRC2012_val_00018410.JPEG,n03000134,489,912,0.063382685,0,imagenet_c,defocus_blur,1,none
efficientnet_b4,ILSVRC2012_val_00022377.JPEG,n03000134,489,904,0.75592095,0,imagenet_c,defocus_blur,1,none
efficientnet_b4,ILSVRC2012_val_00023377.JPEG,n03000134,489,489,0.05754752,1,imagenet_c,defocus_blur,1,none
efficientnet_b4,ILSVRC2012_val_00023998.JPEG,n03000134,489,556,0.2428876,0,imagenet_c,defocus_blur,1,none
efficientnet_b4,ILSVRC2012_val_00024210.JPEG,n03000134,489,255,0.022273157,0,imagenet_c,defocus_blur,1,none
efficientnet_b4,ILSVRC2012_val_00024833.JPEG,n03000134,489,779,0.13992287,0,imagenet_c,defocus_blur,1,none
efficientnet_b4,ILSVRC2012_val_00025766.JPEG,n03000134,489,489,0.31670803,1,imagenet_c,defocus_blur,1,none
efficientnet_b4,ILSVRC2012_val_00025836.JPEG,n03000134,489,912,0.046334,0,imagenet_c,defocus_blur,1,none
efficientnet_b4,ILSVRC2012_val_00025906.JPEG,n03000134,489,489,0.2605564,1,imagenet_c,defocus_blur,1,none
efficientnet_b4,ILSVRC2012_val_00026576.JPEG,n03000134,489,489,0.62675637,1,imagenet_c,defocus_blur,1,none
efficientnet_b4,ILSVRC2012_val_00026866.JPEG,n03000134,489,858,0.14243099,0,imagenet_c,defocus_blur,1,none
efficientnet_b4,ILSVRC2012_val_00027786.JPEG,n03000134,489,442,0.01787674,0,imagenet_c,defocus_blur,1,none
efficientnet_b4,ILSVRC2012_val_00030386.JPEG,n03000134,489,444,0.2460132,0,imagenet_c,defocus_blur,1,none
efficientnet_b4,ILSVRC2012_val_00032947.JPEG,n03000134,489,981,0.14754234,0,imagenet_c,defocus_blur,1,none
efficientnet_b4,ILSVRC2012_val_00033887.JPEG,n03000134,489,743,0.16693325,0,imagenet_c,defocus_blur,1,none
efficientnet_b4,ILSVRC2012_val_00034364.JPEG,n03000134,489,489,0.63608265,1,imagenet_c,defocus_blur,1,none
efficientnet_b4,ILSVRC2012_val_00034897.JPEG,n03000134,489,702,0.031722695,0,imagenet_c,defocus_blur,1,none
efficientnet_b4,ILSVRC2012_val_00036941.JPEG,n03000134,489,729,0.23601551,0,imagenet_c,defocus_blur,1,none
efficientnet_b4,ILSVRC2012_val_00037614.JPEG,n03000134,489,752,0.22641796,0,imagenet_c,defocus_blur,1,none
efficientnet_b4,ILSVRC2012_val_00038535.JPEG,n03000134,489,660,0.1739217,0,imagenet_c,defocus_blur,1,none
efficientnet_b4,ILSVRC2012_val_00038990.JPEG,n03000134,489,489,0.29818514,1,imagenet_c,defocus_blur,1,none
efficientnet_b4,ILSVRC2012_val_00039544.JPEG,n03000134,489,981,0.13428688,0,imagenet_c,defocus_blur,1,none
efficientnet_b4,ILSVRC2012_val_00041208.JPEG,n03000134,489,857,0.18025447,0,imagenet_c,defocus_blur,1,none
efficientnet_b4,ILSVRC2012_val_00041954.JPEG,n03000134,489,489,0.11747253,1,imagenet_c,defocus_blur,1,none
efficientnet_b4,ILSVRC2012_val_00043280.JPEG,n03000134,489,747,0.3144462,0,imagenet_c,defocus_blur,1,none
efficientnet_b4,ILSVRC2012_val_00045378.JPEG,n03000134,489,489,0.032217145,1,imagenet_c,defocus_blur,1,none
efficientnet_b4,ILSVRC2012_val_00046648.JPEG,n03000134,489,971,0.061011784,0,imagenet_c,defocus_blur,1,none
efficientnet_b4,ILSVRC2012_val_00047124.JPEG,n03000134,489,489,0.50709105,1,imagenet_c,defocus_blur,1,none
efficientnet_b4,ILSVRC2012_val_00047785.JPEG,n03000134,489,489,0.5949932,1,imagenet_c,defocus_blur,1,none
efficientnet_b4,ILSVRC2012_val_00048047.JPEG,n03000134,489,596,0.03252658,0,imagenet_c,defocus_blur,1,none
efficientnet_b4,ILSVRC2012_val_00048435.JPEG,n03000134,489,718,0.05359914,0,imagenet_c,defocus_blur,1,none
efficientnet_b4,ILSVRC2012_val_00048776.JPEG,n03000134,489,489,0.22677287,1,imagenet_c,defocus_blur,1,none
efficientnet_b4,ILSVRC2012_val_00002280.JPEG,n03000247,490,490,0.37613636,1,imagenet_c,defocus_blur,1,none
efficientnet_b4,ILSVRC2012_val_00002834.JPEG,n03000247,490,679,0.47157902,0,imagenet_c,defocus_blur,1,none
efficientnet_b4,ILSVRC2012_val_00004637.JPEG,n03000247,490,539,0.08957152,0,imagenet_c,defocus_blur,1,none
efficientnet_b4,ILSVRC2012_val_00005656.JPEG,n03000247,490,545,0.04836208,0,imagenet_c,defocus_blur,1,none
efficientnet_b4,ILSVRC2012_val_00006270.JPEG,n03000247,490,883,0.11094331,0,imagenet_c,defocus_blur,1,none
efficientnet_b4,ILSVRC2012_val_00006879.JPEG,n03000247,490,490,0.50617725,1,imagenet_c,defocus_blur,1,none
efficientnet_b4,ILSVRC2012_val_00007799.JPEG,n03000247,490,490,0.78778464,1,imagenet_c,defocus_blur,1,none
efficientnet_b4,ILSVRC2012_val_00008644.JPEG,n03000247,490,490,0.48660117,1,imagenet_c,defocus_blur,1,none
efficientnet_b4,ILSVRC2012_val_00009010.JPEG,n03000247,490,735,0.44177088,0,imagenet_c,defocus_blur,1,none
efficientnet_b4,ILSVRC2012_val_00010278.JPEG,n03000247,490,490,0.37512484,1,imagenet_c,defocus_blur,1,none
efficientnet_b4,ILSVRC2012_val_00011565.JPEG,n03000247,490,490,0.3118285,1,imagenet_c,defocus_blur,1,none
efficientnet_b4,ILSVRC2012_val_00012850.JPEG,n03000247,490,679,0.5459814,0,imagenet_c,defocus_blur,1,none
efficientnet_b4,ILSVRC2012_val_00015584.JPEG,n03000247,490,679,0.15907346,0,imagenet_c,defocus_blur,1,none
efficientnet_b4,ILSVRC2012_val_00015946.JPEG,n03000247,490,490,0.5614165,1,imagenet_c,defocus_blur,1,none
efficientnet_b4,ILSVRC2012_val_00016036.JPEG,n03000247,490,490,0.6056628,1,imagenet_c,defocus_blur,1,none
efficientnet_b4,ILSVRC2012_val_00016222.JPEG,n03000247,490,584,0.1407143,0,imagenet_c,defocus_blur,1,none
efficientnet_b4,ILSVRC2012_val_00018531.JPEG,n03000247,490,533,0.17362255,0,imagenet_c,defocus_blur,1,none
efficientnet_b4,ILSVRC2012_val_00018985.JPEG,n03000247,490,490,0.07524732,1,imagenet_c,defocus_blur,1,none
efficientnet_b4,ILSVRC2012_val_00020322.JPEG,n03000247,490,639,0.059750754,0,imagenet_c,defocus_blur,1,none
efficientnet_b4,ILSVRC2012_val_00022809.JPEG,n03000247,490,903,0.5815381,0,imagenet_c,defocus_blur,1,none
efficientnet_b4,ILSVRC2012_val_00023046.JPEG,n03000247,490,490,0.6959051,1,imagenet_c,defocus_blur,1,none
efficientnet_b4,ILSVRC2012_val_00023358.JPEG,n03000247,490,490,0.27403504,1,imagenet_c,defocus_blur,1,none
efficientnet_b4,ILSVRC2012_val_00024156.JPEG,n03000247,490,619,0.2604413,0,imagenet_c,defocus_blur,1,none
efficientnet_b4,ILSVRC2012_val_00024215.JPEG,n03000247,490,41,0.42555788,0,imagenet_c,defocus_blur,1,none
efficientnet_b4,ILSVRC2012_val_00024629.JPEG,n03000247,490,490,0.53527856,1,imagenet_c,defocus_blur,1,none
efficientnet_b4,ILSVRC2012_val_00026700.JPEG,n03000247,490,490,0.56974274,1,imagenet_c,defocus_blur,1,none
efficientnet_b4,ILSVRC2012_val_00027729.JPEG,n03000247,490,748,0.035789736,0,imagenet_c,defocus_blur,1,none
efficientnet_b4,ILSVRC2012_val_00028838.JPEG,n03000247,490,171,0.015123643,0,imagenet_c,defocus_blur,1,none
efficientnet_b4,ILSVRC2012_val_00029416.JPEG,n03000247,490,490,0.72356755,1,imagenet_c,defocus_blur,1,none
efficientnet_b4,ILSVRC2012_val_00029688.JPEG,n03000247,490,111,0.30723476,0,imagenet_c,defocus_blur,1,none
efficientnet_b4,ILSVRC2012_val_00030114.JPEG,n03000247,490,490,0.4765923,1,imagenet_c,defocus_blur,1,none
efficientnet_b4,ILSVRC2012_val_00031611.JPEG,n03000247,490,490,0.3836302,1,imagenet_c,defocus_blur,1,none
efficientnet_b4,ILSVRC2012_val_00033473.JPEG,n03000247,490,242,0.021055851,0,imagenet_c,defocus_blur,1,none
efficientnet_b4,ILSVRC2012_val_00033694.JPEG,n03000247,490,932,0.21573299,0,imagenet_c,defocus_blur,1,none
efficientnet_b4,ILSVRC2012_val_00034265.JPEG,n03000247,490,327,0.7097148,0,imagenet_c,defocus_blur,1,none
efficientnet_b4,ILSVRC2012_val_00034857.JPEG,n03000247,490,679,0.2147399,0,imagenet_c,defocus_blur,1,none
efficientnet_b4,ILSVRC2012_val_00036665.JPEG,n03000247,490,490,0.59159404,1,imagenet_c,defocus_blur,1,none
efficientnet_b4,ILSVRC2012_val_00037114.JPEG,n03000247,490,679,0.39937267,0,imagenet_c,defocus_blur,1,none
efficientnet_b4,ILSVRC2012_val_00040516.JPEG,n03000247,490,689,0.1418258,0,imagenet_c,defocus_blur,1,none
efficientnet_b4,ILSVRC2012_val_00040528.JPEG,n03000247,490,490,0.67615443,1,imagenet_c,defocus_blur,1,none
efficientnet_b4,ILSVRC2012_val_00040557.JPEG,n03000247,490,490,0.45005542,1,imagenet_c,defocus_blur,1,none
efficientnet_b4,ILSVRC2012_val_00044329.JPEG,n03000247,490,902,0.3920844,0,imagenet_c,defocus_blur,1,none
efficientnet_b4,ILSVRC2012_val_00044579.JPEG,n03000247,490,490,0.16586529,1,imagenet_c,defocus_blur,1,none
efficientnet_b4,ILSVRC2012_val_00044700.JPEG,n03000247,490,490,0.20610446,1,imagenet_c,defocus_blur,1,none
efficientnet_b4,ILSVRC2012_val_00045849.JPEG,n03000247,490,490,0.38582653,1,imagenet_c,defocus_blur,1,none
efficientnet_b4,ILSVRC2012_val_00046373.JPEG,n03000247,490,490,0.6213846,1,imagenet_c,defocus_blur,1,none
efficientnet_b4,ILSVRC2012_val_00047839.JPEG,n03000247,490,490,0.78974,1,imagenet_c,defocus_blur,1,none
efficientnet_b4,ILSVRC2012_val_00048514.JPEG,n03000247,490,658,0.1788036,0,imagenet_c,defocus_blur,1,none
efficientnet_b4,ILSVRC2012_val_00049060.JPEG,n03000247,490,490,0.63716483,1,imagenet_c,defocus_blur,1,none
efficientnet_b4,ILSVRC2012_val_00049630.JPEG,n03000247,490,488,0.29799062,0,imagenet_c,defocus_blur,1,none
efficientnet_b4,ILSVRC2012_val_00000537.JPEG,n03000684,491,491,0.40371093,1,imagenet_c,defocus_blur,1,none
efficientnet_b4,ILSVRC2012_val_00004034.JPEG,n03000684,491,491,0.43467024,1,imagenet_c,defocus_blur,1,none
efficientnet_b4,ILSVRC2012_val_00004262.JPEG,n03000684,491,491,0.62362677,1,imagenet_c,defocus_blur,1,none
efficientnet_b4,ILSVRC2012_val_00005506.JPEG,n03000684,491,491,0.48415673,1,imagenet_c,defocus_blur,1,none
efficientnet_b4,ILSVRC2012_val_00006043.JPEG,n03000684,491,491,0.10261346,1,imagenet_c,defocus_blur,1,none
efficientnet_b4,ILSVRC2012_val_00006578.JPEG,n03000684,491,537,0.17240293,0,imagenet_c,defocus_blur,1,none
efficientnet_b4,ILSVRC2012_val_00006669.JPEG,n03000684,491,491,0.55467427,1,imagenet_c,defocus_blur,1,none
efficientnet_b4,ILSVRC2012_val_00006726.JPEG,n03000684,491,491,0.77981234,1,imagenet_c,defocus_blur,1,none
efficientnet_b4,ILSVRC2012_val_00007460.JPEG,n03000684,491,491,0.53941756,1,imagenet_c,defocus_blur,1,none
efficientnet_b4,ILSVRC2012_val_00009206.JPEG,n03000684,491,596,0.22597863,0,imagenet_c,defocus_blur,1,none
efficientnet_b4,ILSVRC2012_val_00011170.JPEG,n03000684,491,491,0.13512507,1,imagenet_c,defocus_blur,1,none
efficientnet_b4,ILSVRC2012_val_00011951.JPEG,n03000684,491,491,0.44806576,1,imagenet_c,defocus_blur,1,none
efficientnet_b4,ILSVRC2012_val_00017719.JPEG,n03000684,491,768,0.49292377,0,imagenet_c,defocus_blur,1,none
efficientnet_b4,ILSVRC2012_val_00017801.JPEG,n03000684,491,491,0.56695575,1,imagenet_c,defocus_blur,1,none
efficientnet_b4,ILSVRC2012_val_00019137.JPEG,n03000684,491,854,0.058849175,0,imagenet_c,defocus_blur,1,none
efficientnet_b4,ILSVRC2012_val_00020674.JPEG,n03000684,491,491,0.7183092,1,imagenet_c,defocus_blur,1,none
efficientnet_b4,ILSVRC2012_val_00023477.JPEG,n03000684,491,491,0.20680659,1,imagenet_c,defocus_blur,1,none
efficientnet_b4,ILSVRC2012_val_00024269.JPEG,n03000684,491,491,0.5359055,1,imagenet_c,defocus_blur,1,none
efficientnet_b4,ILSVRC2012_val_00024480.JPEG,n03000684,491,491,0.5702335,1,imagenet_c,defocus_blur,1,none
efficientnet_b4,ILSVRC2012_val_00025063.JPEG,n03000684,491,491,0.49843764,1,imagenet_c,defocus_blur,1,none
efficientnet_b4,ILSVRC2012_val_00025878.JPEG,n03000684,491,491,0.5792307,1,imagenet_c,defocus_blur,1,none
efficientnet_b4,ILSVRC2012_val_00025890.JPEG,n03000684,491,491,0.48410857,1,imagenet_c,defocus_blur,1,none
efficientnet_b4,ILSVRC2012_val_00026061.JPEG,n03000684,491,465,0.10735888,0,imagenet_c,defocus_blur,1,none
efficientnet_b4,ILSVRC2012_val_00026573.JPEG,n03000684,491,491,0.36157355,1,imagenet_c,defocus_blur,1,none
efficientnet_b4,ILSVRC2012_val_00026879.JPEG,n03000684,491,758,0.20951883,0,imagenet_c,defocus_blur,1,none
efficientnet_b4,ILSVRC2012_val_00026946.JPEG,n03000684,491,491,0.20140348,1,imagenet_c,defocus_blur,1,none
efficientnet_b4,ILSVRC2012_val_00027785.JPEG,n03000684,491,491,0.5686647,1,imagenet_c,defocus_blur,1,none
efficientnet_b4,ILSVRC2012_val_00028196.JPEG,n03000684,491,491,0.5055854,1,imagenet_c,defocus_blur,1,none
efficientnet_b4,ILSVRC2012_val_00029211.JPEG,n03000684,491,491,0.67812246,1,imagenet_c,defocus_blur,1,none
efficientnet_b4,ILSVRC2012_val_00029668.JPEG,n03000684,491,491,0.47787762,1,imagenet_c,defocus_blur,1,none
efficientnet_b4,ILSVRC2012_val_00029918.JPEG,n03000684,491,634,0.22732532,0,imagenet_c,defocus_blur,1,none
efficientnet_b4,ILSVRC2012_val_00031413.JPEG,n03000684,491,491,0.42892918,1,imagenet_c,defocus_blur,1,none
efficientnet_b4,ILSVRC2012_val_00031549.JPEG,n03000684,491,491,0.5390695,1,imagenet_c,defocus_blur,1,none
efficientnet_b4,ILSVRC2012_val_00034727.JPEG,n03000684,491,491,0.38556892,1,imagenet_c,defocus_blur,1,none
efficientnet_b4,ILSVRC2012_val_00035266.JPEG,n03000684,491,491,0.20754312,1,imagenet_c,defocus_blur,1,none
efficientnet_b4,ILSVRC2012_val_00036092.JPEG,n03000684,491,255,0.040000472,0,imagenet_c,defocus_blur,1,none
efficientnet_b4,ILSVRC2012_val_00037629.JPEG,n03000684,491,491,0.4357389,1,imagenet_c,defocus_blur,1,none
efficientnet_b4,ILSVRC2012_val_00041057.JPEG,n03000684,491,870,0.079788886,0,imagenet_c,defocus_blur,1,none
efficientnet_b4,ILSVRC2012_val_00042035.JPEG,n03000684,491,491,0.30614865,1,imagenet_c,defocus_blur,1,none
efficientnet_b4,ILSVRC2012_val_00042907.JPEG,n03000684,491,491,0.7239413,1,imagenet_c,defocus_blur,1,none
efficientnet_b4,ILSVRC2012_val_00043196.JPEG,n03000684,491,491,0.5933445,1,imagenet_c,defocus_blur,1,none
efficientnet_b4,ILSVRC2012_val_00044204.JPEG,n03000684,491,491,0.53265274,1,imagenet_c,defocus_blur,1,none
efficientnet_b4,ILSVRC2012_val_00044793.JPEG,n03000684,491,491,0.5212866,1,imagenet_c,defocus_blur,1,none
efficientnet_b4,ILSVRC2012_val_00045501.JPEG,n03000684,491,491,0.62206805,1,imagenet_c,defocus_blur,1,none
efficientnet_b4,ILSVRC2012_val_00045940.JPEG,n03000684,491,491,0.55631155,1,imagenet_c,defocus_blur,1,none
efficientnet_b4,ILSVRC2012_val_00046651.JPEG,n03000684,491,491,0.5418733,1,imagenet_c,defocus_blur,1,none
efficientnet_b4,ILSVRC2012_val_00046764.JPEG,n03000684,491,830,0.16777642,0,imagenet_c,defocus_blur,1,none
efficientnet_b4,ILSVRC2012_val_00047060.JPEG,n03000684,491,856,0.10463245,0,imagenet_c,defocus_blur,1,none
efficientnet_b4,ILSVRC2012_val_00048335.JPEG,n03000684,491,596,0.19644281,0,imagenet_c,defocus_blur,1,none
efficientnet_b4,ILSVRC2012_val_00048919.JPEG,n03000684,491,491,0.58906037,1,imagenet_c,defocus_blur,1,none
efficientnet_b4,ILSVRC2012_val_00001168.JPEG,n03014705,492,492,0.62990797,1,imagenet_c,defocus_blur,1,none
efficientnet_b4,ILSVRC2012_val_00001552.JPEG,n03014705,492,674,0.036469687,0,imagenet_c,defocus_blur,1,none
efficientnet_b4,ILSVRC2012_val_00001810.JPEG,n03014705,492,492,0.07892053,1,imagenet_c,defocus_blur,1,none
efficientnet_b4,ILSVRC2012_val_00002535.JPEG,n03014705,492,492,0.113953814,1,imagenet_c,defocus_blur,1,none
efficientnet_b4,ILSVRC2012_val_00003062.JPEG,n03014705,492,492,0.1746811,1,imagenet_c,defocus_blur,1,none
efficientnet_b4,ILSVRC2012_val_00003093.JPEG,n03014705,492,750,0.12764142,0,imagenet_c,defocus_blur,1,none
efficientnet_b4,ILSVRC2012_val_00003447.JPEG,n03014705,492,492,0.22835077,1,imagenet_c,defocus_blur,1,none
efficientnet_b4,ILSVRC2012_val_00003911.JPEG,n03014705,492,519,0.31039745,0,imagenet_c,defocus_blur,1,none
efficientnet_b4,ILSVRC2012_val_00004445.JPEG,n03014705,492,453,0.5582242,0,imagenet_c,defocus_blur,1,none
efficientnet_b4,ILSVRC2012_val_00008418.JPEG,n03014705,492,492,0.15521288,1,imagenet_c,defocus_blur,1,none
efficientnet_b4,ILSVRC2012_val_00009540.JPEG,n03014705,492,519,0.72602373,0,imagenet_c,defocus_blur,1,none
efficientnet_b4,ILSVRC2012_val_00009792.JPEG,n03014705,492,851,0.31125534,0,imagenet_c,defocus_blur,1,none
efficientnet_b4,ILSVRC2012_val_00011418.JPEG,n03014705,492,492,0.5380977,1,imagenet_c,defocus_blur,1,none
efficientnet_b4,ILSVRC2012_val_00012144.JPEG,n03014705,492,634,0.26085263,0,imagenet_c,defocus_blur,1,none
efficientnet_b4,ILSVRC2012_val_00013294.JPEG,n03014705,492,492,0.27891257,1,imagenet_c,defocus_blur,1,none
efficientnet_b4,ILSVRC2012_val_00015177.JPEG,n03014705,492,492,0.5473179,1,imagenet_c,defocus_blur,1,none
efficientnet_b4,ILSVRC2012_val_00015892.JPEG,n03014705,492,516,0.23672345,0,imagenet_c,defocus_blur,1,none
efficientnet_b4,ILSVRC2012_val_00016750.JPEG,n03014705,492,492,0.2083026,1,imagenet_c,defocus_blur,1,none
efficientnet_b4,ILSVRC2012_val_00017258.JPEG,n03014705,492,519,0.35976467,0,imagenet_c,defocus_blur,1,none
efficientnet_b4,ILSVRC2012_val_00017308.JPEG,n03014705,492,492,0.40346405,1,imagenet_c,defocus_blur,1,none
efficientnet_b4,ILSVRC2012_val_00018061.JPEG,n03014705,492,519,0.15220693,0,imagenet_c,defocus_blur,1,none
efficientnet_b4,ILSVRC2012_val_00018166.JPEG,n03014705,492,519,0.30076098,0,imagenet_c,defocus_blur,1,none
efficientnet_b4,ILSVRC2012_val_00018540.JPEG,n03014705,492,492,0.6903722,1,imagenet_c,defocus_blur,1,none
efficientnet_b4,ILSVRC2012_val_00019319.JPEG,n03014705,492,492,0.5102415,1,imagenet_c,defocus_blur,1,none
efficientnet_b4,ILSVRC2012_val_00020396.JPEG,n03014705,492,492,0.13328381,1,imagenet_c,defocus_blur,1,none
efficientnet_b4,ILSVRC2012_val_00020860.JPEG,n03014705,492,492,0.685473,1,imagenet_c,defocus_blur,1,none
efficientnet_b4,ILSVRC2012_val_00021169.JPEG,n03014705,492,427,0.2633413,0,imagenet_c,defocus_blur,1,none
efficientnet_b4,ILSVRC2012_val_00023245.JPEG,n03014705,492,492,0.23573905,1,imagenet_c,defocus_blur,1,none
efficientnet_b4,ILSVRC2012_val_00024442.JPEG,n03014705,492,164,0.040090043,0,imagenet_c,defocus_blur,1,none
efficientnet_b4,ILSVRC2012_val_00029640.JPEG,n03014705,492,492,0.3974284,1,imagenet_c,defocus_blur,1,none
efficientnet_b4,ILSVRC2012_val_00032497.JPEG,n03014705,492,492,0.7719248,1,imagenet_c,defocus_blur,1,none
efficientnet_b4,ILSVRC2012_val_00032512.JPEG,n03014705,492,492,0.28576517,1,imagenet_c,defocus_blur,1,none
efficientnet_b4,ILSVRC2012_val_00034615.JPEG,n03014705,492,674,0.04567327,0,imagenet_c,defocus_blur,1,none
efficientnet_b4,ILSVRC2012_val_00037817.JPEG,n03014705,492,556,0.2183619,0,imagenet_c,defocus_blur,1,none
efficientnet_b4,ILSVRC2012_val_00037984.JPEG,n03014705,492,893,0.28910795,0,imagenet_c,defocus_blur,1,none
efficientnet_b4,ILSVRC2012_val_00038148.JPEG,n03014705,492,492,0.49485308,1,imagenet_c,defocus_blur,1,none
efficientnet_b4,ILSVRC2012_val_00038407.JPEG,n03014705,492,492,0.44885182,1,imagenet_c,defocus_blur,1,none
efficientnet_b4,ILSVRC2012_val_00038968.JPEG,n03014705,492,674,0.109714784,0,imagenet_c,defocus_blur,1,none
efficientnet_b4,ILSVRC2012_val_00041074.JPEG,n03014705,492,583,0.03853809,0,imagenet_c,defocus_blur,1,none
efficientnet_b4,ILSVRC2012_val_00041519.JPEG,n03014705,492,644,0.20469393,0,imagenet_c,defocus_blur,1,none
efficientnet_b4,ILSVRC2012_val_00042636.JPEG,n03014705,492,587,0.19355693,0,imagenet_c,defocus_blur,1,none
efficientnet_b4,ILSVRC2012_val_00043327.JPEG,n03014705,492,492,0.5135203,1,imagenet_c,defocus_blur,1,none
efficientnet_b4,ILSVRC2012_val_00043523.JPEG,n03014705,492,492,0.42844856,1,imagenet_c,defocus_blur,1,none
efficientnet_b4,ILSVRC2012_val_00044628.JPEG,n03014705,492,773,0.14028676,0,imagenet_c,defocus_blur,1,none
efficientnet_b4,ILSVRC2012_val_00044754.JPEG,n03014705,492,492,0.23813078,1,imagenet_c,defocus_blur,1,none
efficientnet_b4,ILSVRC2012_val_00045992.JPEG,n03014705,492,512,0.13674998,0,imagenet_c,defocus_blur,1,none
efficientnet_b4,ILSVRC2012_val_00047739.JPEG,n03014705,492,492,0.77040696,1,imagenet_c,defocus_blur,1,none
efficientnet_b4,ILSVRC2012_val_00048599.JPEG,n03014705,492,492,0.30156788,1,imagenet_c,defocus_blur,1,none
efficientnet_b4,ILSVRC2012_val_00049658.JPEG,n03014705,492,492,0.21094042,1,imagenet_c,defocus_blur,1,none
efficientnet_b4,ILSVRC2012_val_00049689.JPEG,n03014705,492,493,0.74013466,0,imagenet_c,defocus_blur,1,none
efficientnet_b4,ILSVRC2012_val_00000162.JPEG,n03016953,493,789,0.37637696,0,imagenet_c,defocus_blur,1,none
efficientnet_b4,ILSVRC2012_val_00000250.JPEG,n03016953,493,548,0.23668066,0,imagenet_c,defocus_blur,1,none
efficientnet_b4,ILSVRC2012_val_00002055.JPEG,n03016953,493,894,0.57460123,0,imagenet_c,defocus_blur,1,none
efficientnet_b4,ILSVRC2012_val_00002707.JPEG,n03016953,493,422,0.11717399,0,imagenet_c,defocus_blur,1,none
efficientnet_b4,ILSVRC2012_val_00002913.JPEG,n03016953,493,548,0.62376153,0,imagenet_c,defocus_blur,1,none
efficientnet_b4,ILSVRC2012_val_00004544.JPEG,n03016953,493,831,0.33292305,0,imagenet_c,defocus_blur,1,none
efficientnet_b4,ILSVRC2012_val_00004641.JPEG,n03016953,493,553,0.24633537,0,imagenet_c,defocus_blur,1,none
efficientnet_b4,ILSVRC2012_val_00006766.JPEG,n03016953,493,519,0.09675375,0,imagenet_c,defocus_blur,1,none
efficientnet_b4,ILSVRC2012_val_00007066.JPEG,n03016953,493,493,0.40332344,1,imagenet_c,defocus_blur,1,none
efficientnet_b4,ILSVRC2012_val_00007893.JPEG,n03016953,493,493,0.74636686,1,imagenet_c,defocus_blur,1,none
efficientnet_b4,ILSVRC2012_val_00007965.JPEG,n03016953,493,598,0.11910564,0,imagenet_c,defocus_blur,1,none
efficientnet_b4,ILSVRC2012_val_00008455.JPEG,n03016953,493,493,0.40794513,1,imagenet_c,defocus_blur,1,none
efficientnet_b4,ILSVRC2012_val_00010613.JPEG,n03016953,493,423,0.04749216,0,imagenet_c,defocus_blur,1,none
efficientnet_b4,ILSVRC2012_val_00010764.JPEG,n03016953,493,493,0.6903703,1,imagenet_c,defocus_blur,1,none
efficientnet_b4,ILSVRC2012_val_00011727.JPEG,n03016953,493,493,0.7048932,1,imagenet_c,defocus_blur,1,none
efficientnet_b4,ILSVRC2012_val_00013103.JPEG,n03016953,493,493,0.60011244,1,imagenet_c,defocus_blur,1,none
efficientnet_b4,ILSVRC2012_val_00014557.JPEG,n03016953,493,493,0.30493847,1,imagenet_c,defocus_blur,1,none
efficientnet_b4,ILSVRC2012_val_00017674.JPEG,n03016953,493,766,0.1286973,0,imagenet_c,defocus_blur,1,none
efficientnet_b4,ILSVRC2012_val_00018678.JPEG,n03016953,493,598,0.15015697,0,imagenet_c,defocus_blur,1,none
efficientnet_b4,ILSVRC2012_val_00019067.JPEG,n03016953,493,651,0.12368573,0,imagenet_c,defocus_blur,1,none
efficientnet_b4,ILSVRC2012_val_00021529.JPEG,n03016953,493,493,0.63014865,1,imagenet_c,defocus_blur,1,none
efficientnet_b4,ILSVRC2012_val_00024303.JPEG,n03016953,493,493,0.2342245,1,imagenet_c,defocus_blur,1,none
efficientnet_b4,ILSVRC2012_val_00024453.JPEG,n03016953,493,493,0.14563216,1,imagenet_c,defocus_blur,1,none
efficientnet_b4,ILSVRC2012_val_00026319.JPEG,n03016953,493,493,0.32593673,1,imagenet_c,defocus_blur,1,none
efficientnet_b4,ILSVRC2012_val_00030241.JPEG,n03016953,493,453,0.2501541,0,imagenet_c,defocus_blur,1,none
efficientnet_b4,ILSVRC2012_val_00030574.JPEG,n03016953,493,526,0.2148881,0,imagenet_c,defocus_blur,1,none
efficientnet_b4,ILSVRC2012_val_00031340.JPEG,n03016953,493,453,0.057473212,0,imagenet_c,defocus_blur,1,none
efficientnet_b4,ILSVRC2012_val_00031695.JPEG,n03016953,493,548,0.0996781,0,imagenet_c,defocus_blur,1,none
efficientnet_b4,ILSVRC2012_val_00032818.JPEG,n03016953,493,519,0.07660988,0,imagenet_c,defocus_blur,1,none
efficientnet_b4,ILSVRC2012_val_00033266.JPEG,n03016953,493,493,0.61059606,1,imagenet_c,defocus_blur,1,none
efficientnet_b4,ILSVRC2012_val_00033443.JPEG,n03016953,493,789,0.22137854,0,imagenet_c,defocus_blur,1,none
efficientnet_b4,ILSVRC2012_val_00034433.JPEG,n03016953,493,493,0.6668016,1,imagenet_c,defocus_blur,1,none
efficientnet_b4,ILSVRC2012_val_00035590.JPEG,n03016953,493,493,0.15201935,1,imagenet_c,defocus_blur,1,none
efficientnet_b4,ILSVRC2012_val_00035652.JPEG,n03016953,493,493,0.70285165,1,imagenet_c,defocus_blur,1,none
efficientnet_b4,ILSVRC2012_val_00036476.JPEG,n03016953,493,493,0.5477678,1,imagenet_c,defocus_blur,1,none
efficientnet_b4,ILSVRC2012_val_00036979.JPEG,n03016953,493,894,0.068503,0,imagenet_c,defocus_blur,1,none
efficientnet_b4,ILSVRC2012_val_00037394.JPEG,n03016953,493,894,0.27466545,0,imagenet_c,defocus_blur,1,none
efficientnet_b4,ILSVRC2012_val_00039301.JPEG,n03016953,493,493,0.12267549,1,imagenet_c,defocus_blur,1,none
efficientnet_b4,ILSVRC2012_val_00039322.JPEG,n03016953,493,495,0.27280295,0,imagenet_c,defocus_blur,1,none
efficientnet_b4,ILSVRC2012_val_00039848.JPEG,n03016953,493,493,0.26271588,1,imagenet_c,defocus_blur,1,none
efficientnet_b4,ILSVRC2012_val_00042108.JPEG,n03016953,493,648,0.09685104,0,imagenet_c,defocus_blur,1,none
efficientnet_b4,ILSVRC2012_val_00042954.JPEG,n03016953,493,789,0.46107212,0,imagenet_c,defocus_blur,1,none
efficientnet_b4,ILSVRC2012_val_00043073.JPEG,n03016953,493,493,0.33223784,1,imagenet_c,defocus_blur,1,none
efficientnet_b4,ILSVRC2012_val_00043166.JPEG,n03016953,493,894,0.0893426,0,imagenet_c,defocus_blur,1,none
efficientnet_b4,ILSVRC2012_val_00043366.JPEG,n03016953,493,493,0.52514124,1,imagenet_c,defocus_blur,1,none
efficientnet_b4,ILSVRC2012_val_00044562.JPEG,n03016953,493,493,0.3740283,1,imagenet_c,defocus_blur,1,none
efficientnet_b4,ILSVRC2012_val_00046521.JPEG,n03016953,493,493,0.7073443,1,imagenet_c,defocus_blur,1,none
efficientnet_b4,ILSVRC2012_val_00048431.JPEG,n03016953,493,493,0.60608065,1,imagenet_c,defocus_blur,1,none
efficientnet_b4,ILSVRC2012_val_00048726.JPEG,n03016953,493,831,0.21602261,0,imagenet_c,defocus_blur,1,none
efficientnet_b4,ILSVRC2012_val_00048929.JPEG,n03016953,493,493,0.45992053,1,imagenet_c,defocus_blur,1,none
efficientnet_b4,ILSVRC2012_val_00001601.JPEG,n03017168,494,398,0.36825937,0,imagenet_c,defocus_blur,1,none
efficientnet_b4,ILSVRC2012_val_00001761.JPEG,n03017168,494,760,0.042330757,0,imagenet_c,defocus_blur,1,none
efficientnet_b4,ILSVRC2012_val_00003484.JPEG,n03017168,494,494,0.8052258,1,imagenet_c,defocus_blur,1,none
efficientnet_b4,ILSVRC2012_val_00003767.JPEG,n03017168,494,494,0.19860342,1,imagenet_c,defocus_blur,1,none
efficientnet_b4,ILSVRC2012_val_00004502.JPEG,n03017168,494,494,0.30235103,1,imagenet_c,defocus_blur,1,none
efficientnet_b4,ILSVRC2012_val_00005797.JPEG,n03017168,494,494,0.5193391,1,imagenet_c,defocus_blur,1,none
efficientnet_b4,ILSVRC2012_val_00006923.JPEG,n03017168,494,846,0.2902046,0,imagenet_c,defocus_blur,1,none
efficientnet_b4,ILSVRC2012_val_00007510.JPEG,n03017168,494,577,0.41265404,0,imagenet_c,defocus_blur,1,none
efficientnet_b4,ILSVRC2012_val_00008723.JPEG,n03017168,494,494,0.4307147,1,imagenet_c,defocus_blur,1,none
efficientnet_b4,ILSVRC2012_val_00010781.JPEG,n03017168,494,494,0.5191744,1,imagenet_c,defocus_blur,1,none
efficientnet_b4,ILSVRC2012_val_00011842.JPEG,n03017168,494,494,0.5914053,1,imagenet_c,defocus_blur,1,none
efficientnet_b4,ILSVRC2012_val_00013705.JPEG,n03017168,494,494,0.2908828,1,imagenet_c,defocus_blur,1,none
efficientnet_b4,ILSVRC2012_val_00015837.JPEG,n03017168,494,442,0.34352013,0,imagenet_c,defocus_blur,1,none
efficientnet_b4,ILSVRC2012_val_00016158.JPEG,n03017168,494,730,0.12209113,0,imagenet_c,defocus_blur,1,none
efficientnet_b4,ILSVRC2012_val_00016417.JPEG,n03017168,494,494,0.72330004,1,imagenet_c,defocus_blur,1,none
efficientnet_b4,ILSVRC2012_val_00018301.JPEG,n03017168,494,442,0.8168835,0,imagenet_c,defocus_blur,1,none
efficientnet_b4,ILSVRC2012_val_00018917.JPEG,n03017168,494,494,0.43438336,1,imagenet_c,defocus_blur,1,none
efficientnet_b4,ILSVRC2012_val_00020461.JPEG,n03017168,494,494,0.40385646,1,imagenet_c,defocus_blur,1,none
efficientnet_b4,ILSVRC2012_val_00024782.JPEG,n03017168,494,577,0.12573719,0,imagenet_c,defocus_blur,1,none
efficientnet_b4,ILSVRC2012_val_00026289.JPEG,n03017168,494,494,0.7450362,1,imagenet_c,defocus_blur,1,none
efficientnet_b4,ILSVRC2012_val_00026501.JPEG,n03017168,494,494,0.6668525,1,imagenet_c,defocus_blur,1,none
efficientnet_b4,ILSVRC2012_val_00026592.JPEG,n03017168,494,494,0.06480886,1,imagenet_c,defocus_blur,1,none
efficientnet_b4,ILSVRC2012_val_00027888.JPEG,n03017168,494,494,0.4082491,1,imagenet_c,defocus_blur,1,none
efficientnet_b4,ILSVRC2012_val_00028741.JPEG,n03017168,494,731,0.1135552,0,imagenet_c,defocus_blur,1,none
efficientnet_b4,ILSVRC2012_val_00028778.JPEG,n03017168,494,494,0.43471745,1,imagenet_c,defocus_blur,1,none
efficientnet_b4,ILSVRC2012_val_00030718.JPEG,n03017168,494,494,0.66713524,1,imagenet_c,defocus_blur,1,none
efficientnet_b4,ILSVRC2012_val_00031125.JPEG,n03017168,494,881,0.2563901,0,imagenet_c,defocus_blur,1,none
efficientnet_b4,ILSVRC2012_val_00031205.JPEG,n03017168,494,577,0.42218682,0,imagenet_c,defocus_blur,1,none
efficientnet_b4,ILSVRC2012_val_00031533.JPEG,n03017168,494,494,0.77339166,1,imagenet_c,defocus_blur,1,none
efficientnet_b4,ILSVRC2012_val_00033091.JPEG,n03017168,494,494,0.6441599,1,imagenet_c,defocus_blur,1,none
efficientnet_b4,ILSVRC2012_val_00033140.JPEG,n03017168,494,577,0.43533945,0,imagenet_c,defocus_blur,1,none
efficientnet_b4,ILSVRC2012_val_00033645.JPEG,n03017168,494,807,0.29475528,0,imagenet_c,defocus_blur,1,none
efficientnet_b4,ILSVRC2012_val_00034064.JPEG,n03017168,494,494,0.24631503,1,imagenet_c,defocus_blur,1,none
efficientnet_b4,ILSVRC2012_val_00035306.JPEG,n03017168,494,843,0.061709408,0,imagenet_c,defocus_blur,1,none
efficientnet_b4,ILSVRC2012_val_00035720.JPEG,n03017168,494,494,0.6336499,1,imagenet_c,defocus_blur,1,none
efficientnet_b4,ILSVRC2012_val_00036837.JPEG,n03017168,494,494,0.40383214,1,imagenet_c,defocus_blur,1,none
efficientnet_b4,ILSVRC2012_val_00036909.JPEG,n03017168,494,494,0.2624223,1,imagenet_c,defocus_blur,1,none
efficientnet_b4,ILSVRC2012_val_00038376.JPEG,n03017168,494,494,0.48051012,1,imagenet_c,defocus_blur,1,none
efficientnet_b4,ILSVRC2012_val_00038950.JPEG,n03017168,494,494,0.34378615,1,imagenet_c,defocus_blur,1,none
efficientnet_b4,ILSVRC2012_val_00041177.JPEG,n03017168,494,577,0.33765724,0,imagenet_c,defocus_blur,1,none
efficientnet_b4,ILSVRC2012_val_00041338.JPEG,n03017168,494,494,0.65333104,1,imagenet_c,defocus_blur,1,none
efficientnet_b4,ILSVRC2012_val_00043454.JPEG,n03017168,494,494,0.22587043,1,imagenet_c,defocus_blur,1,none
efficientnet_b4,ILSVRC2012_val_00043746.JPEG,n03017168,494,494,0.5366766,1,imagenet_c,defocus_blur,1,none
efficientnet_b4,ILSVRC2012_val_00043829.JPEG,n03017168,494,494,0.40289727,1,imagenet_c,defocus_blur,1,none
efficientnet_b4,ILSVRC2012_val_00044362.JPEG,n03017168,494,494,0.51316327,1,imagenet_c,defocus_blur,1,none
efficientnet_b4,ILSVRC2012_val_00044962.JPEG,n03017168,494,494,0.49960786,1,imagenet_c,defocus_blur,1,none
efficientnet_b4,ILSVRC2012_val_00045561.JPEG,n03017168,494,494,0.46213093,1,imagenet_c,defocus_blur,1,none
efficientnet_b4,ILSVRC2012_val_00047314.JPEG,n03017168,494,494,0.4750244,1,imagenet_c,defocus_blur,1,none
efficientnet_b4,ILSVRC2012_val_00047514.JPEG,n03017168,494,494,0.1921793,1,imagenet_c,defocus_blur,1,none
efficientnet_b4,ILSVRC2012_val_00049743.JPEG,n03017168,494,494,0.5983521,1,imagenet_c,defocus_blur,1,none
efficientnet_b4,ILSVRC2012_val_00000346.JPEG,n03018349,495,453,0.18391769,0,imagenet_c,defocus_blur,1,none
efficientnet_b4,ILSVRC2012_val_00000506.JPEG,n03018349,495,495,0.4180749,1,imagenet_c,defocus_blur,1,none
efficientnet_b4,ILSVRC2012_val_00001000.JPEG,n03018349,495,454,0.07109837,0,imagenet_c,defocus_blur,1,none
efficientnet_b4,ILSVRC2012_val_00003284.JPEG,n03018349,495,495,0.630057,1,imagenet_c,defocus_blur,1,none
efficientnet_b4,ILSVRC2012_val_00005731.JPEG,n03018349,495,651,0.042894825,0,imagenet_c,defocus_blur,1,none
efficientnet_b4,ILSVRC2012_val_00007272.JPEG,n03018349,495,495,0.47690395,1,imagenet_c,defocus_blur,1,none
efficientnet_b4,ILSVRC2012_val_00007692.JPEG,n03018349,495,446,0.056394093,0,imagenet_c,defocus_blur,1,none
efficientnet_b4,ILSVRC2012_val_00010121.JPEG,n03018349,495,495,0.61552435,1,imagenet_c,defocus_blur,1,none
efficientnet_b4,ILSVRC2012_val_00014428.JPEG,n03018349,495,453,0.21680628,0,imagenet_c,defocus_blur,1,none
efficientnet_b4,ILSVRC2012_val_00015123.JPEG,n03018349,495,495,0.49780083,1,imagenet_c,defocus_blur,1,none
efficientnet_b4,ILSVRC2012_val_00015445.JPEG,n03018349,495,495,0.6450842,1,imagenet_c,defocus_blur,1,none
efficientnet_b4,ILSVRC2012_val_00017292.JPEG,n03018349,495,495,0.17169315,1,imagenet_c,defocus_blur,1,none
efficientnet_b4,ILSVRC2012_val_00018019.JPEG,n03018349,495,495,0.21812335,1,imagenet_c,defocus_blur,1,none
efficientnet_b4,ILSVRC2012_val_00018199.JPEG,n03018349,495,495,0.29240826,1,imagenet_c,defocus_blur,1,none
efficientnet_b4,ILSVRC2012_val_00018200.JPEG,n03018349,495,495,0.6694338,1,imagenet_c,defocus_blur,1,none
efficientnet_b4,ILSVRC2012_val_00018538.JPEG,n03018349,495,648,0.37203723,0,imagenet_c,defocus_blur,1,none
efficientnet_b4,ILSVRC2012_val_00019405.JPEG,n03018349,495,453,0.22702092,0,imagenet_c,defocus_blur,1,none
efficientnet_b4,ILSVRC2012_val_00020100.JPEG,n03018349,495,495,0.5208324,1,imagenet_c,defocus_blur,1,none
efficientnet_b4,ILSVRC2012_val_00021012.JPEG,n03018349,495,495,0.6471435,1,imagenet_c,defocus_blur,1,none
efficientnet_b4,ILSVRC2012_val_00021844.JPEG,n03018349,495,762,0.1463692,0,imagenet_c,defocus_blur,1,none
efficientnet_b4,ILSVRC2012_val_00022431.JPEG,n03018349,495,495,0.5036598,1,imagenet_c,defocus_blur,1,none
efficientnet_b4,ILSVRC2012_val_00022636.JPEG,n03018349,495,459,0.32585198,0,imagenet_c,defocus_blur,1,none
efficientnet_b4,ILSVRC2012_val_00023746.JPEG,n03018349,495,495,0.5655337,1,imagenet_c,defocus_blur,1,none
efficientnet_b4,ILSVRC2012_val_00024892.JPEG,n03018349,495,865,0.033477485,0,imagenet_c,defocus_blur,1,none
efficientnet_b4,ILSVRC2012_val_00025078.JPEG,n03018349,495,495,0.69016117,1,imagenet_c,defocus_blur,1,none
efficientnet_b4,ILSVRC2012_val_00026074.JPEG,n03018349,495,406,0.08855882,0,imagenet_c,defocus_blur,1,none
efficientnet_b4,ILSVRC2012_val_00028487.JPEG,n03018349,495,495,0.51713425,1,imagenet_c,defocus_blur,1,none
efficientnet_b4,ILSVRC2012_val_00028820.JPEG,n03018349,495,532,0.16400549,0,imagenet_c,defocus_blur,1,none
efficientnet_b4,ILSVRC2012_val_00028952.JPEG,n03018349,495,495,0.523273,1,imagenet_c,defocus_blur,1,none
efficientnet_b4,ILSVRC2012_val_00030492.JPEG,n03018349,495,495,0.5926908,1,imagenet_c,defocus_blur,1,none
efficientnet_b4,ILSVRC2012_val_00030731.JPEG,n03018349,495,495,0.6770069,1,imagenet_c,defocus_blur,1,none
efficientnet_b4,ILSVRC2012_val_00033365.JPEG,n03018349,495,495,0.5028123,1,imagenet_c,defocus_blur,1,none
efficientnet_b4,ILSVRC2012_val_00034268.JPEG,n03018349,495,495,0.2695844,1,imagenet_c,defocus_blur,1,none
efficientnet_b4,ILSVRC2012_val_00034866.JPEG,n03018349,495,495,0.76326174,1,imagenet_c,defocus_blur,1,none
efficientnet_b4,ILSVRC2012_val_00036447.JPEG,n03018349,495,495,0.4106213,1,imagenet_c,defocus_blur,1,none
efficientnet_b4,ILSVRC2012_val_00037307.JPEG,n03018349,495,495,0.563566,1,imagenet_c,defocus_blur,1,none
efficientnet_b4,ILSVRC2012_val_00038136.JPEG,n03018349,495,762,0.18719634,0,imagenet_c,defocus_blur,1,none
efficientnet_b4,ILSVRC2012_val_00038333.JPEG,n03018349,495,495,0.5508554,1,imagenet_c,defocus_blur,1,none
efficientnet_b4,ILSVRC2012_val_00038465.JPEG,n03018349,495,495,0.17223738,1,imagenet_c,defocus_blur,1,none
efficientnet_b4,ILSVRC2012_val_00042174.JPEG,n03018349,495,495,0.3411689,1,imagenet_c,defocus_blur,1,none
efficientnet_b4,ILSVRC2012_val_00043372.JPEG,n03018349,495,495,0.55873567,1,imagenet_c,defocus_blur,1,none
efficientnet_b4,ILSVRC2012_val_00044273.JPEG,n03018349,495,495,0.5998589,1,imagenet_c,defocus_blur,1,none
efficientnet_b4,ILSVRC2012_val_00044531.JPEG,n03018349,495,495,0.5173574,1,imagenet_c,defocus_blur,1,none
efficientnet_b4,ILSVRC2012_val_00046019.JPEG,n03018349,495,495,0.66677946,1,imagenet_c,defocus_blur,1,none
efficientnet_b4,ILSVRC2012_val_00047749.JPEG,n03018349,495,495,0.36447096,1,imagenet_c,defocus_blur,1,none
efficientnet_b4,ILSVRC2012_val_00047905.JPEG,n03018349,495,495,0.69023305,1,imagenet_c,defocus_blur,1,none
efficientnet_b4,ILSVRC2012_val_00047940.JPEG,n03018349,495,495,0.64128715,1,imagenet_c,defocus_blur,1,none
efficientnet_b4,ILSVRC2012_val_00048876.JPEG,n03018349,495,532,0.22737592,0,imagenet_c,defocus_blur,1,none
efficientnet_b4,ILSVRC2012_val_00049118.JPEG,n03018349,495,860,0.21544786,0,imagenet_c,defocus_blur,1,none
efficientnet_b4,ILSVRC2012_val_00049207.JPEG,n03018349,495,495,0.6447471,1,imagenet_c,defocus_blur,1,none
efficientnet_b4,ILSVRC2012_val_00001908.JPEG,n03026506,496,496,0.54610467,1,imagenet_c,defocus_blur,1,none
efficientnet_b4,ILSVRC2012_val_00002636.JPEG,n03026506,496,496,0.59400976,1,imagenet_c,defocus_blur,1,none
efficientnet_b4,ILSVRC2012_val_00004958.JPEG,n03026506,496,496,0.63561326,1,imagenet_c,defocus_blur,1,none
efficientnet_b4,ILSVRC2012_val_00005560.JPEG,n03026506,496,675,0.03452769,0,imagenet_c,defocus_blur,1,none
efficientnet_b4,ILSVRC2012_val_00005832.JPEG,n03026506,496,496,0.47981206,1,imagenet_c,defocus_blur,1,none
efficientnet_b4,ILSVRC2012_val_00007431.JPEG,n03026506,496,496,0.5060678,1,imagenet_c,defocus_blur,1,none
efficientnet_b4,ILSVRC2012_val_00009400.JPEG,n03026506,496,496,0.5621024,1,imagenet_c,defocus_blur,1,none
efficientnet_b4,ILSVRC2012_val_00012637.JPEG,n03026506,496,496,0.70384705,1,imagenet_c,defocus_blur,1,none
efficientnet_b4,ILSVRC2012_val_00012838.JPEG,n03026506,496,496,0.60842705,1,imagenet_c,defocus_blur,1,none
efficientnet_b4,ILSVRC2012_val_00013206.JPEG,n03026506,496,496,0.54960984,1,imagenet_c,defocus_blur,1,none
efficientnet_b4,ILSVRC2012_val_00013207.JPEG,n03026506,496,496,0.64092183,1,imagenet_c,defocus_blur,1,none
efficientnet_b4,ILSVRC2012_val_00016563.JPEG,n03026506,496,496,0.6259174,1,imagenet_c,defocus_blur,1,none
efficientnet_b4,ILSVRC2012_val_00018124.JPEG,n03026506,496,496,0.65770644,1,imagenet_c,defocus_blur,1,none
efficientnet_b4,ILSVRC2012_val_00018566.JPEG,n03026506,496,496,0.2959383,1,imagenet_c,defocus_blur,1,none
efficientnet_b4,ILSVRC2012_val_00018741.JPEG,n03026506,496,496,0.21939045,1,imagenet_c,defocus_blur,1,none
efficientnet_b4,ILSVRC2012_val_00018842.JPEG,n03026506,496,496,0.26820058,1,imagenet_c,defocus_blur,1,none
efficientnet_b4,ILSVRC2012_val_00022121.JPEG,n03026506,496,496,0.44530678,1,imagenet_c,defocus_blur,1,none
efficientnet_b4,ILSVRC2012_val_00022347.JPEG,n03026506,496,496,0.7628311,1,imagenet_c,defocus_blur,1,none
efficientnet_b4,ILSVRC2012_val_00024373.JPEG,n03026506,496,478,0.02087509,0,imagenet_c,defocus_blur,1,none
efficientnet_b4,ILSVRC2012_val_00024699.JPEG,n03026506,496,496,0.19666557,1,imagenet_c,defocus_blur,1,none
efficientnet_b4,ILSVRC2012_val_00024964.JPEG,n03026506,496,496,0.7330274,1,imagenet_c,defocus_blur,1,none
efficientnet_b4,ILSVRC2012_val_00025276.JPEG,n03026506,496,496,0.5354943,1,imagenet_c,defocus_blur,1,none
efficientnet_b4,ILSVRC2012_val_00025870.JPEG,n03026506,496,502,0.12262169,0,imagenet_c,defocus_blur,1,none
efficientnet_b4,ILSVRC2012_val_00027009.JPEG,n03026506,496,496,0.35933283,1,imagenet_c,defocus_blur,1,none
efficientnet_b4,ILSVRC2012_val_00028253.JPEG,n03026506,496,496,0.5012716,1,imagenet_c,defocus_blur,1,none
efficientnet_b4,ILSVRC2012_val_00029270.JPEG,n03026506,496,496,0.5142942,1,imagenet_c,defocus_blur,1,none
efficientnet_b4,ILSVRC2012_val_00030146.JPEG,n03026506,496,496,0.19524956,1,imagenet_c,defocus_blur,1,none
efficientnet_b4,ILSVRC2012_val_00031296.JPEG,n03026506,496,496,0.6728122,1,imagenet_c,defocus_blur,1,none
efficientnet_b4,ILSVRC2012_val_00032846.JPEG,n03026506,496,496,0.5905644,1,imagenet_c,defocus_blur,1,none
efficientnet_b4,ILSVRC2012_val_00032962.JPEG,n03026506,496,496,0.15025201,1,imagenet_c,defocus_blur,1,none
efficientnet_b4,ILSVRC2012_val_00034047.JPEG,n03026506,496,496,0.58876383,1,imagenet_c,defocus_blur,1,none
efficientnet_b4,ILSVRC2012_val_00034653.JPEG,n03026506,496,496,0.4277423,1,imagenet_c,defocus_blur,1,none
efficientnet_b4,ILSVRC2012_val_00036565.JPEG,n03026506,496,496,0.31566224,1,imagenet_c,defocus_blur,1,none
efficientnet_b4,ILSVRC2012_val_00036830.JPEG,n03026506,496,496,0.4887605,1,imagenet_c,defocus_blur,1,none
efficientnet_b4,ILSVRC2012_val_00037372.JPEG,n03026506,496,496,0.5418263,1,imagenet_c,defocus_blur,1,none
efficientnet_b4,ILSVRC2012_val_00039779.JPEG,n03026506,496,496,0.55151504,1,imagenet_c,defocus_blur,1,none
efficientnet_b4,ILSVRC2012_val_00039849.JPEG,n03026506,496,496,0.72220105,1,imagenet_c,defocus_blur,1,none
efficientnet_b4,ILSVRC2012_val_00040019.JPEG,n03026506,496,616,0.44347048,0,imagenet_c,defocus_blur,1,none
efficientnet_b4,ILSVRC2012_val_00040138.JPEG,n03026506,496,496,0.671811,1,imagenet_c,defocus_blur,1,none
efficientnet_b4,ILSVRC2012_val_00040401.JPEG,n03026506,496,496,0.24678485,1,imagenet_c,defocus_blur,1,none
efficientnet_b4,ILSVRC2012_val_00040934.JPEG,n03026506,496,496,0.6880514,1,imagenet_c,defocus_blur,1,none
efficientnet_b4,ILSVRC2012_val_00041136.JPEG,n03026506,496,459,0.3816024,0,imagenet_c,defocus_blur,1,none
efficientnet_b4,ILSVRC2012_val_00042060.JPEG,n03026506,496,496,0.45698482,1,imagenet_c,defocus_blur,1,none
efficientnet_b4,ILSVRC2012_val_00043360.JPEG,n03026506,496,496,0.69912905,1,imagenet_c,defocus_blur,1,none
efficientnet_b4,ILSVRC2012_val_00044713.JPEG,n03026506,496,496,0.66587305,1,imagenet_c,defocus_blur,1,none
efficientnet_b4,ILSVRC2012_val_00044741.JPEG,n03026506,496,496,0.4097175,1,imagenet_c,defocus_blur,1,none
efficientnet_b4,ILSVRC2012_val_00045066.JPEG,n03026506,496,496,0.59017456,1,imagenet_c,defocus_blur,1,none
efficientnet_b4,ILSVRC2012_val_00045301.JPEG,n03026506,496,496,0.32932037,1,imagenet_c,defocus_blur,1,none
efficientnet_b4,ILSVRC2012_val_00046659.JPEG,n03026506,496,496,0.41695315,1,imagenet_c,defocus_blur,1,none
efficientnet_b4,ILSVRC2012_val_00048813.JPEG,n03026506,496,496,0.5945907,1,imagenet_c,defocus_blur,1,none
efficientnet_b4,ILSVRC2012_val_00003351.JPEG,n03028079,497,562,0.09310218,0,imagenet_c,defocus_blur,1,none
efficientnet_b4,ILSVRC2012_val_00003682.JPEG,n03028079,497,663,0.25655314,0,imagenet_c,defocus_blur,1,none
efficientnet_b4,ILSVRC2012_val_00004912.JPEG,n03028079,497,497,0.2577819,1,imagenet_c,defocus_blur,1,none
efficientnet_b4,ILSVRC2012_val_00004939.JPEG,n03028079,497,663,0.09473767,0,imagenet_c,defocus_blur,1,none
efficientnet_b4,ILSVRC2012_val_00005295.JPEG,n03028079,497,497,0.24419767,1,imagenet_c,defocus_blur,1,none
efficientnet_b4,ILSVRC2012_val_00005598.JPEG,n03028079,497,574,0.11718269,0,imagenet_c,defocus_blur,1,none
efficientnet_b4,ILSVRC2012_val_00006268.JPEG,n03028079,497,698,0.03791083,0,imagenet_c,defocus_blur,1,none
efficientnet_b4,ILSVRC2012_val_00007400.JPEG,n03028079,497,406,0.21920761,0,imagenet_c,defocus_blur,1,none
efficientnet_b4,ILSVRC2012_val_00008116.JPEG,n03028079,497,668,0.0860797,0,imagenet_c,defocus_blur,1,none
efficientnet_b4,ILSVRC2012_val_00009705.JPEG,n03028079,497,663,0.11984487,0,imagenet_c,defocus_blur,1,none
efficientnet_b4,ILSVRC2012_val_00010770.JPEG,n03028079,497,663,0.23357894,0,imagenet_c,defocus_blur,1,none
efficientnet_b4,ILSVRC2012_val_00014037.JPEG,n03028079,497,497,0.24448828,1,imagenet_c,defocus_blur,1,none
efficientnet_b4,ILSVRC2012_val_00015155.JPEG,n03028079,497,663,0.5996259,0,imagenet_c,defocus_blur,1,none
efficientnet_b4,ILSVRC2012_val_00016542.JPEG,n03028079,497,663,0.09452106,0,imagenet_c,defocus_blur,1,none
efficientnet_b4,ILSVRC2012_val_00016832.JPEG,n03028079,497,497,0.13330925,1,imagenet_c,defocus_blur,1,none
efficientnet_b4,ILSVRC2012_val_00016854.JPEG,n03028079,497,497,0.1267098,1,imagenet_c,defocus_blur,1,none
efficientnet_b4,ILSVRC2012_val_00016873.JPEG,n03028079,497,497,0.26185673,1,imagenet_c,defocus_blur,1,none
efficientnet_b4,ILSVRC2012_val_00016949.JPEG,n03028079,497,663,0.381842,0,imagenet_c,defocus_blur,1,none
efficientnet_b4,ILSVRC2012_val_00017198.JPEG,n03028079,497,406,0.5436691,0,imagenet_c,defocus_blur,1,none
efficientnet_b4,ILSVRC2012_val_00017783.JPEG,n03028079,497,663,0.08056218,0,imagenet_c,defocus_blur,1,none
efficientnet_b4,ILSVRC2012_val_00019331.JPEG,n03028079,497,442,0.42629424,0,imagenet_c,defocus_blur,1,none
efficientnet_b4,ILSVRC2012_val_00019711.JPEG,n03028079,497,442,0.31080985,0,imagenet_c,defocus_blur,1,none
efficientnet_b4,ILSVRC2012_val_00023000.JPEG,n03028079,497,663,0.1919075,0,imagenet_c,defocus_blur,1,none
efficientnet_b4,ILSVRC2012_val_00023291.JPEG,n03028079,497,884,0.2479189,0,imagenet_c,defocus_blur,1,none
efficientnet_b4,ILSVRC2012_val_00023619.JPEG,n03028079,497,506,0.4268774,0,imagenet_c,defocus_blur,1,none
efficientnet_b4,ILSVRC2012_val_00024897.JPEG,n03028079,497,497,0.20871882,1,imagenet_c,defocus_blur,1,none
efficientnet_b4,ILSVRC2012_val_00026451.JPEG,n03028079,497,884,0.20450266,0,imagenet_c,defocus_blur,1,none
efficientnet_b4,ILSVRC2012_val_00027385.JPEG,n03028079,497,497,0.14812088,1,imagenet_c,defocus_blur,1,none
efficientnet_b4,ILSVRC2012_val_00028310.JPEG,n03028079,497,663,0.11958302,0,imagenet_c,defocus_blur,1,none
efficientnet_b4,ILSVRC2012_val_00029728.JPEG,n03028079,497,497,0.20384832,1,imagenet_c,defocus_blur,1,none
efficientnet_b4,ILSVRC2012_val_00029870.JPEG,n03028079,497,912,0.019302314,0,imagenet_c,defocus_blur,1,none
efficientnet_b4,ILSVRC2012_val_00031446.JPEG,n03028079,497,663,0.20107,0,imagenet_c,defocus_blur,1,none
efficientnet_b4,ILSVRC2012_val_00033509.JPEG,n03028079,497,497,0.10623591,1,imagenet_c,defocus_blur,1,none
efficientnet_b4,ILSVRC2012_val_00033568.JPEG,n03028079,497,663,0.3007437,0,imagenet_c,defocus_blur,1,none
efficientnet_b4,ILSVRC2012_val_00034021.JPEG,n03028079,497,405,0.098302,0,imagenet_c,defocus_blur,1,none
efficientnet_b4,ILSVRC2012_val_00034220.JPEG,n03028079,497,497,0.13448377,1,imagenet_c,defocus_blur,1,none
efficientnet_b4,ILSVRC2012_val_00034534.JPEG,n03028079,497,762,0.099787466,0,imagenet_c,defocus_blur,1,none
efficientnet_b4,ILSVRC2012_val_00035753.JPEG,n03028079,497,406,0.4013781,0,imagenet_c,defocus_blur,1,none
efficientnet_b4,ILSVRC2012_val_00036229.JPEG,n03028079,497,497,0.13252701,1,imagenet_c,defocus_blur,1,none
efficientnet_b4,ILSVRC2012_val_00039053.JPEG,n03028079,497,858,0.293031,0,imagenet_c,defocus_blur,1,none
efficientnet_b4,ILSVRC2012_val_00039477.JPEG,n03028079,497,703,0.023001455,0,imagenet_c,defocus_blur,1,none
efficientnet_b4,ILSVRC2012_val_00039506.JPEG,n03028079,497,884,0.1837626,0,imagenet_c,defocus_blur,1,none
efficientnet_b4,ILSVRC2012_val_00042207.JPEG,n03028079,497,497,0.100322306,1,imagenet_c,defocus_blur,1,none
efficientnet_b4,ILSVRC2012_val_00042264.JPEG,n03028079,497,497,0.11731232,1,imagenet_c,defocus_blur,1,none
efficientnet_b4,ILSVRC2012_val_00044414.JPEG,n03028079,497,497,0.07054376,1,imagenet_c,defocus_blur,1,none
efficientnet_b4,ILSVRC2012_val_00046232.JPEG,n03028079,497,884,0.17551592,0,imagenet_c,defocus_blur,1,none
efficientnet_b4,ILSVRC2012_val_00046550.JPEG,n03028079,497,497,0.26258317,1,imagenet_c,defocus_blur,1,none
efficientnet_b4,ILSVRC2012_val_00048382.JPEG,n03028079,497,663,0.28437996,0,imagenet_c,defocus_blur,1,none
efficientnet_b4,ILSVRC2012_val_00048853.JPEG,n03028079,497,646,0.51859283,0,imagenet_c,defocus_blur,1,none
efficientnet_b4,ILSVRC2012_val_00049943.JPEG,n03028079,497,497,0.25493026,1,imagenet_c,defocus_blur,1,none
efficientnet_b4,ILSVRC2012_val_00000086.JPEG,n03032252,498,498,0.54119676,1,imagenet_c,defocus_blur,1,none
efficientnet_b4,ILSVRC2012_val_00000532.JPEG,n03032252,498,675,0.10100304,0,imagenet_c,defocus_blur,1,none
efficientnet_b4,ILSVRC2012_val_00000738.JPEG,n03032252,498,498,0.4111008,1,imagenet_c,defocus_blur,1,none
efficientnet_b4,ILSVRC2012_val_00001894.JPEG,n03032252,498,498,0.081772834,1,imagenet_c,defocus_blur,1,none
efficientnet_b4,ILSVRC2012_val_00002586.JPEG,n03032252,498,498,0.26373354,1,imagenet_c,defocus_blur,1,none
efficientnet_b4,ILSVRC2012_val_00003453.JPEG,n03032252,498,598,0.0897717,0,imagenet_c,defocus_blur,1,none
efficientnet_b4,ILSVRC2012_val_00004807.JPEG,n03032252,498,498,0.21345758,1,imagenet_c,defocus_blur,1,none
efficientnet_b4,ILSVRC2012_val_00006003.JPEG,n03032252,498,498,0.5562857,1,imagenet_c,defocus_blur,1,none
efficientnet_b4,ILSVRC2012_val_00006188.JPEG,n03032252,498,498,0.10105012,1,imagenet_c,defocus_blur,1,none
efficientnet_b4,ILSVRC2012_val_00007133.JPEG,n03032252,498,860,0.16409607,0,imagenet_c,defocus_blur,1,none
efficientnet_b4,ILSVRC2012_val_00012487.JPEG,n03032252,498,675,0.5714839,0,imagenet_c,defocus_blur,1,none
efficientnet_b4,ILSVRC2012_val_00014372.JPEG,n03032252,498,498,0.6146642,1,imagenet_c,defocus_blur,1,none
efficientnet_b4,ILSVRC2012_val_00014990.JPEG,n03032252,498,498,0.47922745,1,imagenet_c,defocus_blur,1,none
efficientnet_b4,ILSVRC2012_val_00015013.JPEG,n03032252,498,854,0.5527488,0,imagenet_c,defocus_blur,1,none
efficientnet_b4,ILSVRC2012_val_00015370.JPEG,n03032252,498,498,0.040781297,1,imagenet_c,defocus_blur,1,none
efficientnet_b4,ILSVRC2012_val_00016574.JPEG,n03032252,498,498,0.13971381,1,imagenet_c,defocus_blur,1,none
efficientnet_b4,ILSVRC2012_val_00017001.JPEG,n03032252,498,498,0.15780595,1,imagenet_c,defocus_blur,1,none
efficientnet_b4,ILSVRC2012_val_00019878.JPEG,n03032252,498,498,0.20825635,1,imagenet_c,defocus_blur,1,none
efficientnet_b4,ILSVRC2012_val_00019898.JPEG,n03032252,498,498,0.09394544,1,imagenet_c,defocus_blur,1,none
efficientnet_b4,ILSVRC2012_val_00020549.JPEG,n03032252,498,498,0.49037984,1,imagenet_c,defocus_blur,1,none
efficientnet_b4,ILSVRC2012_val_00022304.JPEG,n03032252,498,781,0.26312527,0,imagenet_c,defocus_blur,1,none
efficientnet_b4,ILSVRC2012_val_00022945.JPEG,n03032252,498,498,0.707741,1,imagenet_c,defocus_blur,1,none
efficientnet_b4,ILSVRC2012_val_00024311.JPEG,n03032252,498,919,0.32992694,0,imagenet_c,defocus_blur,1,none
efficientnet_b4,ILSVRC2012_val_00025054.JPEG,n03032252,498,498,0.108992934,1,imagenet_c,defocus_blur,1,none
efficientnet_b4,ILSVRC2012_val_00025487.JPEG,n03032252,498,598,0.60804516,0,imagenet_c,defocus_blur,1,none
efficientnet_b4,ILSVRC2012_val_00025735.JPEG,n03032252,498,498,0.30400538,1,imagenet_c,defocus_blur,1,none
efficientnet_b4,ILSVRC2012_val_00026473.JPEG,n03032252,498,919,0.08631127,0,imagenet_c,defocus_blur,1,none
efficientnet_b4,ILSVRC2012_val_00027487.JPEG,n03032252,498,498,0.33252195,1,imagenet_c,defocus_blur,1,none
efficientnet_b4,ILSVRC2012_val_00027725.JPEG,n03032252,498,498,0.47468272,1,imagenet_c,defocus_blur,1,none
efficientnet_b4,ILSVRC2012_val_00028502.JPEG,n03032252,498,424,0.07907234,0,imagenet_c,defocus_blur,1,none
efficientnet_b4,ILSVRC2012_val_00028637.JPEG,n03032252,498,781,0.11125357,0,imagenet_c,defocus_blur,1,none
efficientnet_b4,ILSVRC2012_val_00029305.JPEG,n03032252,498,498,0.39689586,1,imagenet_c,defocus_blur,1,none
efficientnet_b4,ILSVRC2012_val_00030652.JPEG,n03032252,498,854,0.64380556,0,imagenet_c,defocus_blur,1,none
efficientnet_b4,ILSVRC2012_val_00030890.JPEG,n03032252,498,541,0.117881715,0,imagenet_c,defocus_blur,1,none
efficientnet_b4,ILSVRC2012_val_00031248.JPEG,n03032252,498,897,0.0762357,0,imagenet_c,defocus_blur,1,none
efficientnet_b4,ILSVRC2012_val_00034561.JPEG,n03032252,498,854,0.41219822,0,imagenet_c,defocus_blur,1,none
efficientnet_b4,ILSVRC2012_val_00034704.JPEG,n03032252,498,498,0.0883017,1,imagenet_c,defocus_blur,1,none
efficientnet_b4,ILSVRC2012_val_00034810.JPEG,n03032252,498,627,0.06812906,0,imagenet_c,defocus_blur,1,none
efficientnet_b4,ILSVRC2012_val_00036856.JPEG,n03032252,498,759,0.060549274,0,imagenet_c,defocus_blur,1,none
efficientnet_b4,ILSVRC2012_val_00037675.JPEG,n03032252,498,498,0.14276098,1,imagenet_c,defocus_blur,1,none
efficientnet_b4,ILSVRC2012_val_00040393.JPEG,n03032252,498,789,0.19483282,0,imagenet_c,defocus_blur,1,none
efficientnet_b4,ILSVRC2012_val_00040566.JPEG,n03032252,498,498,0.6526707,1,imagenet_c,defocus_blur,1,none
efficientnet_b4,ILSVRC2012_val_00040840.JPEG,n03032252,498,498,0.075198844,1,imagenet_c,defocus_blur,1,none
efficientnet_b4,ILSVRC2012_val_00041956.JPEG,n03032252,498,710,0.07346709,0,imagenet_c,defocus_blur,1,none
efficientnet_b4,ILSVRC2012_val_00041963.JPEG,n03032252,498,854,0.2098723,0,imagenet_c,defocus_blur,1,none
efficientnet_b4,ILSVRC2012_val_00042815.JPEG,n03032252,498,498,0.13999054,1,imagenet_c,defocus_blur,1,none
efficientnet_b4,ILSVRC2012_val_00046675.JPEG,n03032252,498,706,0.06890481,0,imagenet_c,defocus_blur,1,none
efficientnet_b4,ILSVRC2012_val_00046956.JPEG,n03032252,498,781,0.07697673,0,imagenet_c,defocus_blur,1,none
efficientnet_b4,ILSVRC2012_val_00047360.JPEG,n03032252,498,498,0.70575523,1,imagenet_c,defocus_blur,1,none
efficientnet_b4,ILSVRC2012_val_00047771.JPEG,n03032252,498,863,0.122021765,0,imagenet_c,defocus_blur,1,none
efficientnet_b4,ILSVRC2012_val_00000564.JPEG,n03041632,499,499,0.23629102,1,imagenet_c,defocus_blur,1,none
efficientnet_b4,ILSVRC2012_val_00000582.JPEG,n03041632,499,499,0.28965068,1,imagenet_c,defocus_blur,1,none
efficientnet_b4,ILSVRC2012_val_00001964.JPEG,n03041632,499,596,0.4011064,0,imagenet_c,defocus_blur,1,none
efficientnet_b4,ILSVRC2012_val_00002212.JPEG,n03041632,499,499,0.44363627,1,imagenet_c,defocus_blur,1,none
efficientnet_b4,ILSVRC2012_val_00003462.JPEG,n03041632,499,499,0.31490543,1,imagenet_c,defocus_blur,1,none
efficientnet_b4,ILSVRC2012_val_00004379.JPEG,n03041632,499,585,0.05934325,0,imagenet_c,defocus_blur,1,none
efficientnet_b4,ILSVRC2012_val_00004815.JPEG,n03041632,499,689,0.2621688,0,imagenet_c,defocus_blur,1,none
efficientnet_b4,ILSVRC2012_val_00006102.JPEG,n03041632,499,499,0.33838454,1,imagenet_c,defocus_blur,1,none
efficientnet_b4,ILSVRC2012_val_00008526.JPEG,n03041632,499,499,0.16870104,1,imagenet_c,defocus_blur,1,none
efficientnet_b4,ILSVRC2012_val_00009160.JPEG,n03041632,499,967,0.11742154,0,imagenet_c,defocus_blur,1,none
efficientnet_b4,ILSVRC2012_val_00009367.JPEG,n03041632,499,424,0.19428879,0,imagenet_c,defocus_blur,1,none
efficientnet_b4,ILSVRC2012_val_00009369.JPEG,n03041632,499,961,0.26954713,0,imagenet_c,defocus_blur,1,none
efficientnet_b4,ILSVRC2012_val_00010577.JPEG,n03041632,499,492,0.13604324,0,imagenet_c,defocus_blur,1,none
efficientnet_b4,ILSVRC2012_val_00010886.JPEG,n03041632,499,499,0.4005341,1,imagenet_c,defocus_blur,1,none
efficientnet_b4,ILSVRC2012_val_00011081.JPEG,n03041632,499,477,0.75482744,0,imagenet_c,defocus_blur,1,none
efficientnet_b4,ILSVRC2012_val_00012885.JPEG,n03041632,499,681,0.2636094,0,imagenet_c,defocus_blur,1,none
efficientnet_b4,ILSVRC2012_val_00014528.JPEG,n03041632,499,642,0.16023736,0,imagenet_c,defocus_blur,1,none
efficientnet_b4,ILSVRC2012_val_00014608.JPEG,n03041632,499,627,0.051482156,0,imagenet_c,defocus_blur,1,none
efficientnet_b4,ILSVRC2012_val_00014960.JPEG,n03041632,499,499,0.6459958,1,imagenet_c,defocus_blur,1,none
efficientnet_b4,ILSVRC2012_val_00015679.JPEG,n03041632,499,684,0.21882659,0,imagenet_c,defocus_blur,1,none
efficientnet_b4,ILSVRC2012_val_00016901.JPEG,n03041632,499,499,0.07725399,1,imagenet_c,defocus_blur,1,none
efficientnet_b4,ILSVRC2012_val_00019358.JPEG,n03041632,499,738,0.0415972,0,imagenet_c,defocus_blur,1,none
efficientnet_b4,ILSVRC2012_val_00020998.JPEG,n03041632,499,499,0.5838261,1,imagenet_c,defocus_blur,1,none
efficientnet_b4,ILSVRC2012_val_00021297.JPEG,n03041632,499,818,0.070646726,0,imagenet_c,defocus_blur,1,none
efficientnet_b4,ILSVRC2012_val_00022700.JPEG,n03041632,499,499,0.30140173,1,imagenet_c,defocus_blur,1,none
efficientnet_b4,ILSVRC2012_val_00024520.JPEG,n03041632,499,674,0.07662671,0,imagenet_c,defocus_blur,1,none
efficientnet_b4,ILSVRC2012_val_00025279.JPEG,n03041632,499,499,0.34326413,1,imagenet_c,defocus_blur,1,none
efficientnet_b4,ILSVRC2012_val_00026439.JPEG,n03041632,499,610,0.18891035,0,imagenet_c,defocus_blur,1,none
efficientnet_b4,ILSVRC2012_val_00026505.JPEG,n03041632,499,499,0.6520198,1,imagenet_c,defocus_blur,1,none
efficientnet_b4,ILSVRC2012_val_00027427.JPEG,n03041632,499,118,0.1967123,0,imagenet_c,defocus_blur,1,none
efficientnet_b4,ILSVRC2012_val_00027474.JPEG,n03041632,499,514,0.047242768,0,imagenet_c,defocus_blur,1,none
efficientnet_b4,ILSVRC2012_val_00027812.JPEG,n03041632,499,477,0.2902828,0,imagenet_c,defocus_blur,1,none
efficientnet_b4,ILSVRC2012_val_00028494.JPEG,n03041632,499,499,0.06355657,1,imagenet_c,defocus_blur,1,none
efficientnet_b4,ILSVRC2012_val_00029248.JPEG,n03041632,499,499,0.6999628,1,imagenet_c,defocus_blur,1,none
efficientnet_b4,ILSVRC2012_val_00029833.JPEG,n03041632,499,499,0.7934796,1,imagenet_c,defocus_blur,1,none
efficientnet_b4,ILSVRC2012_val_00034599.JPEG,n03041632,499,499,0.587941,1,imagenet_c,defocus_blur,1,none
efficientnet_b4,ILSVRC2012_val_00034765.JPEG,n03041632,499,499,0.95978695,1,imagenet_c,defocus_blur,1,none
efficientnet_b4,ILSVRC2012_val_00037845.JPEG,n03041632,499,499,0.13222235,1,imagenet_c,defocus_blur,1,none
efficientnet_b4,ILSVRC2012_val_00038320.JPEG,n03041632,499,499,0.7430493,1,imagenet_c,defocus_blur,1,none
efficientnet_b4,ILSVRC2012_val_00038348.JPEG,n03041632,499,726,0.24581552,0,imagenet_c,defocus_blur,1,none
efficientnet_b4,ILSVRC2012_val_00038966.JPEG,n03041632,499,499,0.68571806,1,imagenet_c,defocus_blur,1,none
efficientnet_b4,ILSVRC2012_val_00039665.JPEG,n03041632,499,477,0.060756203,0,imagenet_c,defocus_blur,1,none
efficientnet_b4,ILSVRC2012_val_00039826.JPEG,n03041632,499,926,0.30152836,0,imagenet_c,defocus_blur,1,none
efficientnet_b4,ILSVRC2012_val_00040170.JPEG,n03041632,499,596,0.09299061,0,imagenet_c,defocus_blur,1,none
efficientnet_b4,ILSVRC2012_val_00041660.JPEG,n03041632,499,542,0.31308618,0,imagenet_c,defocus_blur,1,none
efficientnet_b4,ILSVRC2012_val_00045197.JPEG,n03041632,499,477,0.033326767,0,imagenet_c,defocus_blur,1,none
efficientnet_b4,ILSVRC2012_val_00046361.JPEG,n03041632,499,499,0.7034501,1,imagenet_c,defocus_blur,1,none
efficientnet_b4,ILSVRC2012_val_00048029.JPEG,n03041632,499,948,0.51226103,0,imagenet_c,defocus_blur,1,none
efficientnet_b4,ILSVRC2012_val_00048820.JPEG,n03041632,499,499,0.13918538,1,imagenet_c,defocus_blur,1,none
efficientnet_b4,ILSVRC2012_val_00048891.JPEG,n03041632,499,587,0.15190083,0,imagenet_c,defocus_blur,1,none
efficientnet_b4,ILSVRC2012_val_00001426.JPEG,n03042490,500,500,0.50932264,1,imagenet_c,defocus_blur,1,none
efficientnet_b4,ILSVRC2012_val_00002025.JPEG,n03042490,500,500,0.6417267,1,imagenet_c,defocus_blur,1,none
efficientnet_b4,ILSVRC2012_val_00003894.JPEG,n03042490,500,500,0.34518006,1,imagenet_c,defocus_blur,1,none
efficientnet_b4,ILSVRC2012_val_00004725.JPEG,n03042490,500,500,0.6091277,1,imagenet_c,defocus_blur,1,none
efficientnet_b4,ILSVRC2012_val_00006131.JPEG,n03042490,500,500,0.7428224,1,imagenet_c,defocus_blur,1,none
efficientnet_b4,ILSVRC2012_val_00006278.JPEG,n03042490,500,500,0.12934494,1,imagenet_c,defocus_blur,1,none
efficientnet_b4,ILSVRC2012_val_00007105.JPEG,n03042490,500,500,0.3192156,1,imagenet_c,defocus_blur,1,none
efficientnet_b4,ILSVRC2012_val_00008040.JPEG,n03042490,500,663,0.22960027,0,imagenet_c,defocus_blur,1,none
efficientnet_b4,ILSVRC2012_val_00008742.JPEG,n03042490,500,500,0.07218772,1,imagenet_c,defocus_blur,1,none
efficientnet_b4,ILSVRC2012_val_00009117.JPEG,n03042490,500,500,0.57667696,1,imagenet_c,defocus_blur,1,none
efficientnet_b4,ILSVRC2012_val_00009357.JPEG,n03042490,500,500,0.35123774,1,imagenet_c,defocus_blur,1,none
efficientnet_b4,ILSVRC2012_val_00010068.JPEG,n03042490,500,500,0.46732464,1,imagenet_c,defocus_blur,1,none
efficientnet_b4,ILSVRC2012_val_00010674.JPEG,n03042490,500,500,0.12741274,1,imagenet_c,defocus_blur,1,none
efficientnet_b4,ILSVRC2012_val_00011314.JPEG,n03042490,500,500,0.18936406,1,imagenet_c,defocus_blur,1,none
efficientnet_b4,ILSVRC2012_val_00013091.JPEG,n03042490,500,500,0.54801697,1,imagenet_c,defocus_blur,1,none
efficientnet_b4,ILSVRC2012_val_00014207.JPEG,n03042490,500,980,0.080009416,0,imagenet_c,defocus_blur,1,none
efficientnet_b4,ILSVRC2012_val_00015479.JPEG,n03042490,500,500,0.59137267,1,imagenet_c,defocus_blur,1,none
efficientnet_b4,ILSVRC2012_val_00015976.JPEG,n03042490,500,500,0.4084246,1,imagenet_c,defocus_blur,1,none
efficientnet_b4,ILSVRC2012_val_00016501.JPEG,n03042490,500,9,0.021196803,0,imagenet_c,defocus_blur,1,none
efficientnet_b4,ILSVRC2012_val_00017203.JPEG,n03042490,500,500,0.09835479,1,imagenet_c,defocus_blur,1,none
efficientnet_b4,ILSVRC2012_val_00018709.JPEG,n03042490,500,500,0.34083506,1,imagenet_c,defocus_blur,1,none
efficientnet_b4,ILSVRC2012_val_00019419.JPEG,n03042490,500,500,0.46116573,1,imagenet_c,defocus_blur,1,none
efficientnet_b4,ILSVRC2012_val_00019794.JPEG,n03042490,500,297,0.06836578,0,imagenet_c,defocus_blur,1,none
efficientnet_b4,ILSVRC2012_val_00020835.JPEG,n03042490,500,674,0.017535547,0,imagenet_c,defocus_blur,1,none
efficientnet_b4,ILSVRC2012_val_00021204.JPEG,n03042490,500,500,0.57848847,1,imagenet_c,defocus_blur,1,none
efficientnet_b4,ILSVRC2012_val_00021502.JPEG,n03042490,500,500,0.6952622,1,imagenet_c,defocus_blur,1,none
efficientnet_b4,ILSVRC2012_val_00021936.JPEG,n03042490,500,350,0.05276261,0,imagenet_c,defocus_blur,1,none
efficientnet_b4,ILSVRC2012_val_00024532.JPEG,n03042490,500,500,0.5747401,1,imagenet_c,defocus_blur,1,none
efficientnet_b4,ILSVRC2012_val_00025402.JPEG,n03042490,500,500,0.6711133,1,imagenet_c,defocus_blur,1,none
efficientnet_b4,ILSVRC2012_val_00025975.JPEG,n03042490,500,354,0.10335087,0,imagenet_c,defocus_blur,1,none
efficientnet_b4,ILSVRC2012_val_00027258.JPEG,n03042490,500,500,0.6191369,1,imagenet_c,defocus_blur,1,none
efficientnet_b4,ILSVRC2012_val_00028324.JPEG,n03042490,500,500,0.5592838,1,imagenet_c,defocus_blur,1,none
efficientnet_b4,ILSVRC2012_val_00029218.JPEG,n03042490,500,500,0.31413224,1,imagenet_c,defocus_blur,1,none
efficientnet_b4,ILSVRC2012_val_00029342.JPEG,n03042490,500,500,0.42597824,1,imagenet_c,defocus_blur,1,none
efficientnet_b4,ILSVRC2012_val_00030838.JPEG,n03042490,500,500,0.58186036,1,imagenet_c,defocus_blur,1,none
efficientnet_b4,ILSVRC2012_val_00031528.JPEG,n03042490,500,500,0.69443905,1,imagenet_c,defocus_blur,1,none
efficientnet_b4,ILSVRC2012_val_00032153.JPEG,n03042490,500,500,0.29066056,1,imagenet_c,defocus_blur,1,none
efficientnet_b4,ILSVRC2012_val_00032610.JPEG,n03042490,500,677,0.041756906,0,imagenet_c,defocus_blur,1,none
efficientnet_b4,ILSVRC2012_val_00033943.JPEG,n03042490,500,500,0.14465272,1,imagenet_c,defocus_blur,1,none
efficientnet_b4,ILSVRC2012_val_00033959.JPEG,n03042490,500,500,0.6801923,1,imagenet_c,defocus_blur,1,none
efficientnet_b4,ILSVRC2012_val_00034089.JPEG,n03042490,500,500,0.6788024,1,imagenet_c,defocus_blur,1,none
efficientnet_b4,ILSVRC2012_val_00037165.JPEG,n03042490,500,500,0.77609664,1,imagenet_c,defocus_blur,1,none
efficientnet_b4,ILSVRC2012_val_00037549.JPEG,n03042490,500,825,0.06871028,0,imagenet_c,defocus_blur,1,none
efficientnet_b4,ILSVRC2012_val_00039914.JPEG,n03042490,500,500,0.5797902,1,imagenet_c,defocus_blur,1,none
efficientnet_b4,ILSVRC2012_val_00042179.JPEG,n03042490,500,350,0.060466867,0,imagenet_c,defocus_blur,1,none
efficientnet_b4,ILSVRC2012_val_00043697.JPEG,n03042490,500,500,0.48479715,1,imagenet_c,defocus_blur,1,none
efficientnet_b4,ILSVRC2012_val_00044016.JPEG,n03042490,500,500,0.5371718,1,imagenet_c,defocus_blur,1,none
efficientnet_b4,ILSVRC2012_val_00046100.JPEG,n03042490,500,69,0.032762837,0,imagenet_c,defocus_blur,1,none
efficientnet_b4,ILSVRC2012_val_00047100.JPEG,n03042490,500,500,0.6608367,1,imagenet_c,defocus_blur,1,none
efficientnet_b4,ILSVRC2012_val_00048065.JPEG,n03042490,500,972,0.08508685,0,imagenet_c,defocus_blur,1,none
efficientnet_b4,ILSVRC2012_val_00000750.JPEG,n03045698,501,649,0.48125923,0,imagenet_c,defocus_blur,1,none
efficientnet_b4,ILSVRC2012_val_00000848.JPEG,n03045698,501,741,0.21273603,0,imagenet_c,defocus_blur,1,none
efficientnet_b4,ILSVRC2012_val_00003717.JPEG,n03045698,501,501,0.33875722,1,imagenet_c,defocus_blur,1,none
efficientnet_b4,ILSVRC2012_val_00004414.JPEG,n03045698,501,501,0.31578505,1,imagenet_c,defocus_blur,1,none
efficientnet_b4,ILSVRC2012_val_00004796.JPEG,n03045698,501,501,0.42444712,1,imagenet_c,defocus_blur,1,none
efficientnet_b4,ILSVRC2012_val_00008369.JPEG,n03045698,501,501,0.42320043,1,imagenet_c,defocus_blur,1,none
efficientnet_b4,ILSVRC2012_val_00008841.JPEG,n03045698,501,501,0.48157018,1,imagenet_c,defocus_blur,1,none
efficientnet_b4,ILSVRC2012_val_00008980.JPEG,n03045698,501,501,0.39867127,1,imagenet_c,defocus_blur,1,none
efficientnet_b4,ILSVRC2012_val_00010803.JPEG,n03045698,501,689,0.40705773,0,imagenet_c,defocus_blur,1,none
efficientnet_b4,ILSVRC2012_val_00013709.JPEG,n03045698,501,399,0.6541544,0,imagenet_c,defocus_blur,1,none
efficientnet_b4,ILSVRC2012_val_00016939.JPEG,n03045698,501,918,0.039390206,0,imagenet_c,defocus_blur,1,none
efficientnet_b4,ILSVRC2012_val_00018391.JPEG,n03045698,501,796,0.65747356,0,imagenet_c,defocus_blur,1,none
efficientnet_b4,ILSVRC2012_val_00019188.JPEG,n03045698,501,501,0.30686972,1,imagenet_c,defocus_blur,1,none
efficientnet_b4,ILSVRC2012_val_00019992.JPEG,n03045698,501,568,0.28470272,0,imagenet_c,defocus_blur,1,none
efficientnet_b4,ILSVRC2012_val_00021420.JPEG,n03045698,501,399,0.15127665,0,imagenet_c,defocus_blur,1,none
efficientnet_b4,ILSVRC2012_val_00021996.JPEG,n03045698,501,501,0.429605,1,imagenet_c,defocus_blur,1,none
efficientnet_b4,ILSVRC2012_val_00022368.JPEG,n03045698,501,501,0.23602112,1,imagenet_c,defocus_blur,1,none
efficientnet_b4,ILSVRC2012_val_00023447.JPEG,n03045698,501,501,0.8033747,1,imagenet_c,defocus_blur,1,none
efficientnet_b4,ILSVRC2012_val_00023868.JPEG,n03045698,501,518,0.069711134,0,imagenet_c,defocus_blur,1,none
efficientnet_b4,ILSVRC2012_val_00024111.JPEG,n03045698,501,537,0.20577992,0,imagenet_c,defocus_blur,1,none
efficientnet_b4,ILSVRC2012_val_00025105.JPEG,n03045698,501,689,0.4638791,0,imagenet_c,defocus_blur,1,none
efficientnet_b4,ILSVRC2012_val_00025751.JPEG,n03045698,501,703,0.039849143,0,imagenet_c,defocus_blur,1,none
efficientnet_b4,ILSVRC2012_val_00026169.JPEG,n03045698,501,59,0.040985543,0,imagenet_c,defocus_blur,1,none
efficientnet_b4,ILSVRC2012_val_00026357.JPEG,n03045698,501,903,0.77831817,0,imagenet_c,defocus_blur,1,none
efficientnet_b4,ILSVRC2012_val_00026552.JPEG,n03045698,501,399,0.31905523,0,imagenet_c,defocus_blur,1,none
efficientnet_b4,ILSVRC2012_val_00027135.JPEG,n03045698,501,568,0.33589837,0,imagenet_c,defocus_blur,1,none
efficientnet_b4,ILSVRC2012_val_00029544.JPEG,n03045698,501,501,0.09380209,1,imagenet_c,defocus_blur,1,none
efficientnet_b4,ILSVRC2012_val_00030421.JPEG,n03045698,501,718,0.35412955,0,imagenet_c,defocus_blur,1,none
efficientnet_b4,ILSVRC2012_val_00031496.JPEG,n03045698,501,689,0.516765,0,imagenet_c,defocus_blur,1,none
efficientnet_b4,ILSVRC2012_val_00032024.JPEG,n03045698,501,501,0.47543535,1,imagenet_c,defocus_blur,1,none
efficientnet_b4,ILSVRC2012_val_00033789.JPEG,n03045698,501,501,0.30732068,1,imagenet_c,defocus_blur,1,none
efficientnet_b4,ILSVRC2012_val_00033914.JPEG,n03045698,501,501,0.42380062,1,imagenet_c,defocus_blur,1,none
efficientnet_b4,ILSVRC2012_val_00036947.JPEG,n03045698,501,600,0.10338092,0,imagenet_c,defocus_blur,1,none
efficientnet_b4,ILSVRC2012_val_00037398.JPEG,n03045698,501,501,0.38903025,1,imagenet_c,defocus_blur,1,none
efficientnet_b4,ILSVRC2012_val_00037760.JPEG,n03045698,501,620,0.07159808,0,imagenet_c,defocus_blur,1,none
efficientnet_b4,ILSVRC2012_val_00038472.JPEG,n03045698,501,399,0.08014719,0,imagenet_c,defocus_blur,1,none
efficientnet_b4,ILSVRC2012_val_00038702.JPEG,n03045698,501,501,0.8821039,1,imagenet_c,defocus_blur,1,none
efficientnet_b4,ILSVRC2012_val_00040125.JPEG,n03045698,501,501,0.7821873,1,imagenet_c,defocus_blur,1,none
efficientnet_b4,ILSVRC2012_val_00040370.JPEG,n03045698,501,501,0.39079192,1,imagenet_c,defocus_blur,1,none
efficientnet_b4,ILSVRC2012_val_00041131.JPEG,n03045698,501,501,0.4447928,1,imagenet_c,defocus_blur,1,none
efficientnet_b4,ILSVRC2012_val_00041268.JPEG,n03045698,501,870,0.031114344,0,imagenet_c,defocus_blur,1,none
efficientnet_b4,ILSVRC2012_val_00041598.JPEG,n03045698,501,903,0.48635864,0,imagenet_c,defocus_blur,1,none
efficientnet_b4,ILSVRC2012_val_00042333.JPEG,n03045698,501,501,0.45934984,1,imagenet_c,defocus_blur,1,none
efficientnet_b4,ILSVRC2012_val_00042817.JPEG,n03045698,501,501,0.60275,1,imagenet_c,defocus_blur,1,none
efficientnet_b4,ILSVRC2012_val_00043446.JPEG,n03045698,501,879,0.116948195,0,imagenet_c,defocus_blur,1,none
efficientnet_b4,ILSVRC2012_val_00044669.JPEG,n03045698,501,294,0.036642637,0,imagenet_c,defocus_blur,1,none
efficientnet_b4,ILSVRC2012_val_00045119.JPEG,n03045698,501,501,0.2227198,1,imagenet_c,defocus_blur,1,none
efficientnet_b4,ILSVRC2012_val_00045792.JPEG,n03045698,501,501,0.16491322,1,imagenet_c,defocus_blur,1,none
efficientnet_b4,ILSVRC2012_val_00046955.JPEG,n03045698,501,524,0.052605525,0,imagenet_c,defocus_blur,1,none
efficientnet_b4,ILSVRC2012_val_00049579.JPEG,n03045698,501,802,0.5506285,0,imagenet_c,defocus_blur,1,none
efficientnet_b4,ILSVRC2012_val_00001500.JPEG,n03047690,502,502,0.73597187,1,imagenet_c,defocus_blur,1,none
efficientnet_b4,ILSVRC2012_val_00001930.JPEG,n03047690,502,502,0.588226,1,imagenet_c,defocus_blur,1,none
efficientnet_b4,ILSVRC2012_val_00002040.JPEG,n03047690,502,502,0.48542196,1,imagenet_c,defocus_blur,1,none
efficientnet_b4,ILSVRC2012_val_00003249.JPEG,n03047690,502,287,0.049207423,0,imagenet_c,defocus_blur,1,none
efficientnet_b4,ILSVRC2012_val_00004108.JPEG,n03047690,502,655,0.21226929,0,imagenet_c,defocus_blur,1,none
efficientnet_b4,ILSVRC2012_val_00005218.JPEG,n03047690,502,502,0.77432877,1,imagenet_c,defocus_blur,1,none
efficientnet_b4,ILSVRC2012_val_00005595.JPEG,n03047690,502,774,0.41957322,0,imagenet_c,defocus_blur,1,none
efficientnet_b4,ILSVRC2012_val_00005793.JPEG,n03047690,502,502,0.44471022,1,imagenet_c,defocus_blur,1,none
efficientnet_b4,ILSVRC2012_val_00006616.JPEG,n03047690,502,490,0.08113556,0,imagenet_c,defocus_blur,1,none
efficientnet_b4,ILSVRC2012_val_00006708.JPEG,n03047690,502,502,0.22938037,1,imagenet_c,defocus_blur,1,none
efficientnet_b4,ILSVRC2012_val_00008871.JPEG,n03047690,502,502,0.30971217,1,imagenet_c,defocus_blur,1,none
efficientnet_b4,ILSVRC2012_val_00009402.JPEG,n03047690,502,699,0.2110975,0,imagenet_c,defocus_blur,1,none
efficientnet_b4,ILSVRC2012_val_00011941.JPEG,n03047690,502,774,0.45893237,0,imagenet_c,defocus_blur,1,none
efficientnet_b4,ILSVRC2012_val_00014011.JPEG,n03047690,502,774,0.28189644,0,imagenet_c,defocus_blur,1,none
efficientnet_b4,ILSVRC2012_val_00014333.JPEG,n03047690,502,752,0.20076425,0,imagenet_c,defocus_blur,1,none
efficientnet_b4,ILSVRC2012_val_00014595.JPEG,n03047690,502,502,0.24706483,1,imagenet_c,defocus_blur,1,none
efficientnet_b4,ILSVRC2012_val_00015235.JPEG,n03047690,502,502,0.72444165,1,imagenet_c,defocus_blur,1,none
efficientnet_b4,ILSVRC2012_val_00015276.JPEG,n03047690,502,502,0.23702776,1,imagenet_c,defocus_blur,1,none
efficientnet_b4,ILSVRC2012_val_00015826.JPEG,n03047690,502,502,0.5212908,1,imagenet_c,defocus_blur,1,none
efficientnet_b4,ILSVRC2012_val_00016956.JPEG,n03047690,502,502,0.31423298,1,imagenet_c,defocus_blur,1,none
efficientnet_b4,ILSVRC2012_val_00018406.JPEG,n03047690,502,502,0.4543199,1,imagenet_c,defocus_blur,1,none
efficientnet_b4,ILSVRC2012_val_00018631.JPEG,n03047690,502,630,0.15002106,0,imagenet_c,defocus_blur,1,none
efficientnet_b4,ILSVRC2012_val_00019530.JPEG,n03047690,502,502,0.74051404,1,imagenet_c,defocus_blur,1,none
efficientnet_b4,ILSVRC2012_val_00021516.JPEG,n03047690,502,502,0.5296037,1,imagenet_c,defocus_blur,1,none
efficientnet_b4,ILSVRC2012_val_00023903.JPEG,n03047690,502,902,0.4003369,0,imagenet_c,defocus_blur,1,none
efficientnet_b4,ILSVRC2012_val_00024814.JPEG,n03047690,502,502,0.11199295,1,imagenet_c,defocus_blur,1,none
efficientnet_b4,ILSVRC2012_val_00024913.JPEG,n03047690,502,502,0.1564168,1,imagenet_c,defocus_blur,1,none
efficientnet_b4,ILSVRC2012_val_00025530.JPEG,n03047690,502,667,0.12512483,0,imagenet_c,defocus_blur,1,none
efficientnet_b4,ILSVRC2012_val_00026701.JPEG,n03047690,502,806,0.36154625,0,imagenet_c,defocus_blur,1,none
efficientnet_b4,ILSVRC2012_val_00027854.JPEG,n03047690,502,502,0.7632487,1,imagenet_c,defocus_blur,1,none
efficientnet_b4,ILSVRC2012_val_00027943.JPEG,n03047690,502,597,0.19041853,0,imagenet_c,defocus_blur,1,none
efficientnet_b4,ILSVRC2012_val_00029828.JPEG,n03047690,502,502,0.491722,1,imagenet_c,defocus_blur,1,none
efficientnet_b4,ILSVRC2012_val_00030064.JPEG,n03047690,502,502,0.6375943,1,imagenet_c,defocus_blur,1,none
efficientnet_b4,ILSVRC2012_val_00030355.JPEG,n03047690,502,502,0.8006331,1,imagenet_c,defocus_blur,1,none
efficientnet_b4,ILSVRC2012_val_00034758.JPEG,n03047690,502,502,0.6205741,1,imagenet_c,defocus_blur,1,none
efficientnet_b4,ILSVRC2012_val_00035313.JPEG,n03047690,502,359,0.054959465,0,imagenet_c,defocus_blur,1,none
efficientnet_b4,ILSVRC2012_val_00035660.JPEG,n03047690,502,502,0.31774542,1,imagenet_c,defocus_blur,1,none
efficientnet_b4,ILSVRC2012_val_00037434.JPEG,n03047690,502,502,0.6881487,1,imagenet_c,defocus_blur,1,none
efficientnet_b4,ILSVRC2012_val_00038410.JPEG,n03047690,502,502,0.37708816,1,imagenet_c,defocus_blur,1,none
efficientnet_b4,ILSVRC2012_val_00039640.JPEG,n03047690,502,502,0.16830316,1,imagenet_c,defocus_blur,1,none
efficientnet_b4,ILSVRC2012_val_00040110.JPEG,n03047690,502,502,0.44388115,1,imagenet_c,defocus_blur,1,none
efficientnet_b4,ILSVRC2012_val_00040449.JPEG,n03047690,502,502,0.2041559,1,imagenet_c,defocus_blur,1,none
efficientnet_b4,ILSVRC2012_val_00040643.JPEG,n03047690,502,502,0.3866097,1,imagenet_c,defocus_blur,1,none
efficientnet_b4,ILSVRC2012_val_00041038.JPEG,n03047690,502,630,0.6064106,0,imagenet_c,defocus_blur,1,none
efficientnet_b4,ILSVRC2012_val_00042925.JPEG,n03047690,502,502,0.45886773,1,imagenet_c,defocus_blur,1,none
efficientnet_b4,ILSVRC2012_val_00043423.JPEG,n03047690,502,502,0.6593909,1,imagenet_c,defocus_blur,1,none
efficientnet_b4,ILSVRC2012_val_00044185.JPEG,n03047690,502,502,0.5936861,1,imagenet_c,defocus_blur,1,none
efficientnet_b4,ILSVRC2012_val_00045240.JPEG,n03047690,502,584,0.4334203,0,imagenet_c,defocus_blur,1,none
efficientnet_b4,ILSVRC2012_val_00048597.JPEG,n03047690,502,502,0.77106726,1,imagenet_c,defocus_blur,1,none
efficientnet_b4,ILSVRC2012_val_00049835.JPEG,n03047690,502,788,0.5024383,0,imagenet_c,defocus_blur,1,none
efficientnet_b4,ILSVRC2012_val_00000344.JPEG,n03062245,503,503,0.62252814,1,imagenet_c,defocus_blur,1,none
efficientnet_b4,ILSVRC2012_val_00001471.JPEG,n03062245,503,503,0.15549265,1,imagenet_c,defocus_blur,1,none
efficientnet_b4,ILSVRC2012_val_00002666.JPEG,n03062245,503,503,0.2420424,1,imagenet_c,defocus_blur,1,none
efficientnet_b4,ILSVRC2012_val_00002826.JPEG,n03062245,503,827,0.08395443,0,imagenet_c,defocus_blur,1,none
efficientnet_b4,ILSVRC2012_val_00003439.JPEG,n03062245,503,503,0.45913216,1,imagenet_c,defocus_blur,1,none
efficientnet_b4,ILSVRC2012_val_00003798.JPEG,n03062245,503,846,0.2135966,0,imagenet_c,defocus_blur,1,none
efficientnet_b4,ILSVRC2012_val_00004420.JPEG,n03062245,503,503,0.32669348,1,imagenet_c,defocus_blur,1,none
efficientnet_b4,ILSVRC2012_val_00004624.JPEG,n03062245,503,503,0.18187052,1,imagenet_c,defocus_blur,1,none
efficientnet_b4,ILSVRC2012_val_00005812.JPEG,n03062245,503,804,0.44129506,0,imagenet_c,defocus_blur,1,none
efficientnet_b4,ILSVRC2012_val_00008076.JPEG,n03062245,503,503,0.5562137,1,imagenet_c,defocus_blur,1,none
efficientnet_b4,ILSVRC2012_val_00008603.JPEG,n03062245,503,503,0.85741687,1,imagenet_c,defocus_blur,1,none
efficientnet_b4,ILSVRC2012_val_00011794.JPEG,n03062245,503,503,0.5496743,1,imagenet_c,defocus_blur,1,none
efficientnet_b4,ILSVRC2012_val_00012643.JPEG,n03062245,503,503,0.1232646,1,imagenet_c,defocus_blur,1,none
efficientnet_b4,ILSVRC2012_val_00013685.JPEG,n03062245,503,503,0.28765365,1,imagenet_c,defocus_blur,1,none
efficientnet_b4,ILSVRC2012_val_00015747.JPEG,n03062245,503,503,0.4560063,1,imagenet_c,defocus_blur,1,none
efficientnet_b4,ILSVRC2012_val_00017110.JPEG,n03062245,503,503,0.23380575,1,imagenet_c,defocus_blur,1,none
efficientnet_b4,ILSVRC2012_val_00017747.JPEG,n03062245,503,418,0.33307314,0,imagenet_c,defocus_blur,1,none
efficientnet_b4,ILSVRC2012_val_00019181.JPEG,n03062245,503,503,0.43636912,1,imagenet_c,defocus_blur,1,none
efficientnet_b4,ILSVRC2012_val_00019832.JPEG,n03062245,503,737,0.44355857,0,imagenet_c,defocus_blur,1,none
efficientnet_b4,ILSVRC2012_val_00020527.JPEG,n03062245,503,503,0.65740675,1,imagenet_c,defocus_blur,1,none
efficientnet_b4,ILSVRC2012_val_00021859.JPEG,n03062245,503,503,0.772059,1,imagenet_c,defocus_blur,1,none
efficientnet_b4,ILSVRC2012_val_00023065.JPEG,n03062245,503,503,0.33670887,1,imagenet_c,defocus_blur,1,none
efficientnet_b4,ILSVRC2012_val_00023147.JPEG,n03062245,503,503,0.48433778,1,imagenet_c,defocus_blur,1,none
efficientnet_b4,ILSVRC2012_val_00023646.JPEG,n03062245,503,438,0.10226715,0,imagenet_c,defocus_blur,1,none
efficientnet_b4,ILSVRC2012_val_00023854.JPEG,n03062245,503,503,0.6772572,1,imagenet_c,defocus_blur,1,none
efficientnet_b4,ILSVRC2012_val_00028278.JPEG,n03062245,503,503,0.63614434,1,imagenet_c,defocus_blur,1,none
efficientnet_b4,ILSVRC2012_val_00028646.JPEG,n03062245,503,503,0.75269854,1,imagenet_c,defocus_blur,1,none
efficientnet_b4,ILSVRC2012_val_00031300.JPEG,n03062245,503,503,0.70165056,1,imagenet_c,defocus_blur,1,none
efficientnet_b4,ILSVRC2012_val_00031619.JPEG,n03062245,503,503,0.5783961,1,imagenet_c,defocus_blur,1,none
efficientnet_b4,ILSVRC2012_val_00032428.JPEG,n03062245,503,503,0.65323764,1,imagenet_c,defocus_blur,1,none
efficientnet_b4,ILSVRC2012_val_00034375.JPEG,n03062245,503,950,0.11632353,0,imagenet_c,defocus_blur,1,none
efficientnet_b4,ILSVRC2012_val_00035444.JPEG,n03062245,503,503,0.79030454,1,imagenet_c,defocus_blur,1,none
efficientnet_b4,ILSVRC2012_val_00036404.JPEG,n03062245,503,563,0.081868775,0,imagenet_c,defocus_blur,1,none
efficientnet_b4,ILSVRC2012_val_00037835.JPEG,n03062245,503,503,0.75634587,1,imagenet_c,defocus_blur,1,none
efficientnet_b4,ILSVRC2012_val_00038313.JPEG,n03062245,503,503,0.51125675,1,imagenet_c,defocus_blur,1,none
efficientnet_b4,ILSVRC2012_val_00038514.JPEG,n03062245,503,503,0.5875443,1,imagenet_c,defocus_blur,1,none
efficientnet_b4,ILSVRC2012_val_00038521.JPEG,n03062245,503,503,0.7673523,1,imagenet_c,defocus_blur,1,none
efficientnet_b4,ILSVRC2012_val_00040099.JPEG,n03062245,503,503,0.58852047,1,imagenet_c,defocus_blur,1,none
efficientnet_b4,ILSVRC2012_val_00040906.JPEG,n03062245,503,950,0.26657033,0,imagenet_c,defocus_blur,1,none
efficientnet_b4,ILSVRC2012_val_00041455.JPEG,n03062245,503,503,0.7577708,1,imagenet_c,defocus_blur,1,none
efficientnet_b4,ILSVRC2012_val_00041567.JPEG,n03062245,503,503,0.1887027,1,imagenet_c,defocus_blur,1,none
efficientnet_b4,ILSVRC2012_val_00042306.JPEG,n03062245,503,883,0.3106346,0,imagenet_c,defocus_blur,1,none
efficientnet_b4,ILSVRC2012_val_00042505.JPEG,n03062245,503,503,0.7239143,1,imagenet_c,defocus_blur,1,none
efficientnet_b4,ILSVRC2012_val_00042527.JPEG,n03062245,503,503,0.30481297,1,imagenet_c,defocus_blur,1,none
efficientnet_b4,ILSVRC2012_val_00042769.JPEG,n03062245,503,503,0.37503618,1,imagenet_c,defocus_blur,1,none
efficientnet_b4,ILSVRC2012_val_00042799.JPEG,n03062245,503,503,0.09322323,1,imagenet_c,defocus_blur,1,none
efficientnet_b4,ILSVRC2012_val_00043539.JPEG,n03062245,503,503,0.55011827,1,imagenet_c,defocus_blur,1,none
efficientnet_b4,ILSVRC2012_val_00045285.JPEG,n03062245,503,503,0.71691275,1,imagenet_c,defocus_blur,1,none
efficientnet_b4,ILSVRC2012_val_00047232.JPEG,n03062245,503,503,0.6409616,1,imagenet_c,defocus_blur,1,none
efficientnet_b4,ILSVRC2012_val_00048215.JPEG,n03062245,503,503,0.24062625,1,imagenet_c,defocus_blur,1,none
efficientnet_b4,ILSVRC2012_val_00000164.JPEG,n03063599,504,504,0.68141806,1,imagenet_c,defocus_blur,1,none
efficientnet_b4,ILSVRC2012_val_00001588.JPEG,n03063599,504,502,0.09033758,0,imagenet_c,defocus_blur,1,none
efficientnet_b4,ILSVRC2012_val_00002430.JPEG,n03063599,504,504,0.25357547,1,imagenet_c,defocus_blur,1,none
efficientnet_b4,ILSVRC2012_val_00003131.JPEG,n03063599,504,504,0.263953,1,imagenet_c,defocus_blur,1,none
efficientnet_b4,ILSVRC2012_val_00009084.JPEG,n03063599,504,504,0.5171769,1,imagenet_c,defocus_blur,1,none
efficientnet_b4,ILSVRC2012_val_00009538.JPEG,n03063599,504,504,0.41336447,1,imagenet_c,defocus_blur,1,none
efficientnet_b4,ILSVRC2012_val_00010360.JPEG,n03063599,504,504,0.22310856,1,imagenet_c,defocus_blur,1,none
efficientnet_b4,ILSVRC2012_val_00010622.JPEG,n03063599,504,968,0.25789934,0,imagenet_c,defocus_blur,1,none
efficientnet_b4,ILSVRC2012_val_00010857.JPEG,n03063599,504,747,0.10373755,0,imagenet_c,defocus_blur,1,none
efficientnet_b4,ILSVRC2012_val_00013606.JPEG,n03063599,504,901,0.40507343,0,imagenet_c,defocus_blur,1,none
efficientnet_b4,ILSVRC2012_val_00016576.JPEG,n03063599,504,504,0.3699431,1,imagenet_c,defocus_blur,1,none
efficientnet_b4,ILSVRC2012_val_00017456.JPEG,n03063599,504,75,0.35582873,0,imagenet_c,defocus_blur,1,none
efficientnet_b4,ILSVRC2012_val_00019347.JPEG,n03063599,504,504,0.28404102,1,imagenet_c,defocus_blur,1,none
efficientnet_b4,ILSVRC2012_val_00019529.JPEG,n03063599,504,967,0.19594453,0,imagenet_c,defocus_blur,1,none
efficientnet_b4,ILSVRC2012_val_00019645.JPEG,n03063599,504,968,0.6230037,0,imagenet_c,defocus_blur,1,none
efficientnet_b4,ILSVRC2012_val_00020276.JPEG,n03063599,504,504,0.5271258,1,imagenet_c,defocus_blur,1,none
efficientnet_b4,ILSVRC2012_val_00020923.JPEG,n03063599,504,504,0.16943116,1,imagenet_c,defocus_blur,1,none
efficientnet_b4,ILSVRC2012_val_00021374.JPEG,n03063599,504,504,0.34032002,1,imagenet_c,defocus_blur,1,none
efficientnet_b4,ILSVRC2012_val_00021454.JPEG,n03063599,504,504,0.5718169,1,imagenet_c,defocus_blur,1,none
efficientnet_b4,ILSVRC2012_val_00023112.JPEG,n03063599,504,504,0.3199795,1,imagenet_c,defocus_blur,1,none
efficientnet_b4,ILSVRC2012_val_00023142.JPEG,n03063599,504,582,0.42125586,0,imagenet_c,defocus_blur,1,none
efficientnet_b4,ILSVRC2012_val_00023189.JPEG,n03063599,504,750,0.09332191,0,imagenet_c,defocus_blur,1,none
efficientnet_b4,ILSVRC2012_val_00023640.JPEG,n03063599,504,967,0.42050394,0,imagenet_c,defocus_blur,1,none
efficientnet_b4,ILSVRC2012_val_00023912.JPEG,n03063599,504,503,0.33682767,0,imagenet_c,defocus_blur,1,none
efficientnet_b4,ILSVRC2012_val_00024445.JPEG,n03063599,504,592,0.12159961,0,imagenet_c,defocus_blur,1,none
efficientnet_b4,ILSVRC2012_val_00025230.JPEG,n03063599,504,684,0.06782532,0,imagenet_c,defocus_blur,1,none
efficientnet_b4,ILSVRC2012_val_00025548.JPEG,n03063599,504,504,0.7573965,1,imagenet_c,defocus_blur,1,none
efficientnet_b4,ILSVRC2012_val_00025893.JPEG,n03063599,504,504,0.63715535,1,imagenet_c,defocus_blur,1,none
efficientnet_b4,ILSVRC2012_val_00026762.JPEG,n03063599,504,968,0.22442001,0,imagenet_c,defocus_blur,1,none
efficientnet_b4,ILSVRC2012_val_00027194.JPEG,n03063599,504,504,0.7572644,1,imagenet_c,defocus_blur,1,none
efficientnet_b4,ILSVRC2012_val_00028344.JPEG,n03063599,504,855,0.18578605,0,imagenet_c,defocus_blur,1,none
efficientnet_b4,ILSVRC2012_val_00028575.JPEG,n03063599,504,504,0.063182466,1,imagenet_c,defocus_blur,1,none
efficientnet_b4,ILSVRC2012_val_00029400.JPEG,n03063599,504,968,0.115138955,0,imagenet_c,defocus_blur,1,none
efficientnet_b4,ILSVRC2012_val_00029448.JPEG,n03063599,504,968,0.42431536,0,imagenet_c,defocus_blur,1,none
efficientnet_b4,ILSVRC2012_val_00031746.JPEG,n03063599,504,967,0.22984241,0,imagenet_c,defocus_blur,1,none
efficientnet_b4,ILSVRC2012_val_00032778.JPEG,n03063599,504,503,0.1460846,0,imagenet_c,defocus_blur,1,none
efficientnet_b4,ILSVRC2012_val_00033929.JPEG,n03063599,504,504,0.30144995,1,imagenet_c,defocus_blur,1,none
efficientnet_b4,ILSVRC2012_val_00034882.JPEG,n03063599,504,504,0.30019644,1,imagenet_c,defocus_blur,1,none
efficientnet_b4,ILSVRC2012_val_00035758.JPEG,n03063599,504,658,0.08795759,0,imagenet_c,defocus_blur,1,none
efficientnet_b4,ILSVRC2012_val_00037302.JPEG,n03063599,504,504,0.40904355,1,imagenet_c,defocus_blur,1,none
efficientnet_b4,ILSVRC2012_val_00038548.JPEG,n03063599,504,967,0.470579,0,imagenet_c,defocus_blur,1,none
efficientnet_b4,ILSVRC2012_val_00038877.JPEG,n03063599,504,504,0.3824062,1,imagenet_c,defocus_blur,1,none
efficientnet_b4,ILSVRC2012_val_00040929.JPEG,n03063599,504,673,0.29635954,0,imagenet_c,defocus_blur,1,none
efficientnet_b4,ILSVRC2012_val_00040997.JPEG,n03063599,504,969,0.62661344,0,imagenet_c,defocus_blur,1,none
efficientnet_b4,ILSVRC2012_val_00043211.JPEG,n03063599,504,846,0.4298453,0,imagenet_c,defocus_blur,1,none
efficientnet_b4,ILSVRC2012_val_00043571.JPEG,n03063599,504,504,0.46995923,1,imagenet_c,defocus_blur,1,none
efficientnet_b4,ILSVRC2012_val_00045860.JPEG,n03063599,504,504,0.7118291,1,imagenet_c,defocus_blur,1,none
efficientnet_b4,ILSVRC2012_val_00046597.JPEG,n03063599,504,504,0.2865737,1,imagenet_c,defocus_blur,1,none
efficientnet_b4,ILSVRC2012_val_00048875.JPEG,n03063599,504,966,0.104023024,0,imagenet_c,defocus_blur,1,none
efficientnet_b4,ILSVRC2012_val_00048882.JPEG,n03063599,504,447,0.101984695,0,imagenet_c,defocus_blur,1,none
efficientnet_b4,ILSVRC2012_val_00001940.JPEG,n03063689,505,505,0.872179,1,imagenet_c,defocus_blur,1,none
efficientnet_b4,ILSVRC2012_val_00002022.JPEG,n03063689,505,505,0.40273058,1,imagenet_c,defocus_blur,1,none
efficientnet_b4,ILSVRC2012_val_00002078.JPEG,n03063689,505,505,0.9241986,1,imagenet_c,defocus_blur,1,none
efficientnet_b4,ILSVRC2012_val_00007862.JPEG,n03063689,505,505,0.41865253,1,imagenet_c,defocus_blur,1,none
efficientnet_b4,ILSVRC2012_val_00008304.JPEG,n03063689,505,846,0.25518113,0,imagenet_c,defocus_blur,1,none
efficientnet_b4,ILSVRC2012_val_00008365.JPEG,n03063689,505,550,0.5064947,0,imagenet_c,defocus_blur,1,none
efficientnet_b4,ILSVRC2012_val_00011722.JPEG,n03063689,505,550,0.44421324,0,imagenet_c,defocus_blur,1,none
efficientnet_b4,ILSVRC2012_val_00012391.JPEG,n03063689,505,505,0.5838541,1,imagenet_c,defocus_blur,1,none
efficientnet_b4,ILSVRC2012_val_00012589.JPEG,n03063689,505,653,0.35284722,0,imagenet_c,defocus_blur,1,none
efficientnet_b4,ILSVRC2012_val_00014552.JPEG,n03063689,505,550,0.16844916,0,imagenet_c,defocus_blur,1,none
efficientnet_b4,ILSVRC2012_val_00014889.JPEG,n03063689,505,505,0.47188824,1,imagenet_c,defocus_blur,1,none
efficientnet_b4,ILSVRC2012_val_00016755.JPEG,n03063689,505,505,0.44698736,1,imagenet_c,defocus_blur,1,none
efficientnet_b4,ILSVRC2012_val_00017357.JPEG,n03063689,505,437,0.047360465,0,imagenet_c,defocus_blur,1,none
efficientnet_b4,ILSVRC2012_val_00017681.JPEG,n03063689,505,505,0.30659035,1,imagenet_c,defocus_blur,1,none
efficientnet_b4,ILSVRC2012_val_00019271.JPEG,n03063689,505,505,0.41361666,1,imagenet_c,defocus_blur,1,none
efficientnet_b4,ILSVRC2012_val_00020255.JPEG,n03063689,505,505,0.3925212,1,imagenet_c,defocus_blur,1,none
efficientnet_b4,ILSVRC2012_val_00021472.JPEG,n03063689,505,505,0.39157552,1,imagenet_c,defocus_blur,1,none
efficientnet_b4,ILSVRC2012_val_00022585.JPEG,n03063689,505,505,0.85297924,1,imagenet_c,defocus_blur,1,none
efficientnet_b4,ILSVRC2012_val_00025249.JPEG,n03063689,505,505,0.46121684,1,imagenet_c,defocus_blur,1,none
efficientnet_b4,ILSVRC2012_val_00025328.JPEG,n03063689,505,505,0.513758,1,imagenet_c,defocus_blur,1,none
efficientnet_b4,ILSVRC2012_val_00027273.JPEG,n03063689,505,505,0.5529277,1,imagenet_c,defocus_blur,1,none
efficientnet_b4,ILSVRC2012_val_00028811.JPEG,n03063689,505,505,0.45015696,1,imagenet_c,defocus_blur,1,none
efficientnet_b4,ILSVRC2012_val_00029697.JPEG,n03063689,505,653,0.3643203,0,imagenet_c,defocus_blur,1,none
efficientnet_b4,ILSVRC2012_val_00029784.JPEG,n03063689,505,505,0.49108425,1,imagenet_c,defocus_blur,1,none
efficientnet_b4,ILSVRC2012_val_00029788.JPEG,n03063689,505,505,0.42817092,1,imagenet_c,defocus_blur,1,none
efficientnet_b4,ILSVRC2012_val_00030299.JPEG,n03063689,505,544,0.13519189,0,imagenet_c,defocus_blur,1,none
efficientnet_b4,ILSVRC2012_val_00030880.JPEG,n03063689,505,849,0.5520773,0,imagenet_c,defocus_blur,1,none
efficientnet_b4,ILSVRC2012_val_00031835.JPEG,n03063689,505,505,0.4114107,1,imagenet_c,defocus_blur,1,none
efficientnet_b4,ILSVRC2012_val_00032771.JPEG,n03063689,505,505,0.39382455,1,imagenet_c,defocus_blur,1,none
efficientnet_b4,ILSVRC2012_val_00032980.JPEG,n03063689,505,505,0.5844828,1,imagenet_c,defocus_blur,1,none
efficientnet_b4,ILSVRC2012_val_00033518.JPEG,n03063689,505,653,0.2115462,0,imagenet_c,defocus_blur,1,none
efficientnet_b4,ILSVRC2012_val_00033618.JPEG,n03063689,505,550,0.34075326,0,imagenet_c,defocus_blur,1,none
efficientnet_b4,ILSVRC2012_val_00033669.JPEG,n03063689,505,849,0.26642758,0,imagenet_c,defocus_blur,1,none
efficientnet_b4,ILSVRC2012_val_00033795.JPEG,n03063689,505,503,0.5427405,0,imagenet_c,defocus_blur,1,none
efficientnet_b4,ILSVRC2012_val_00034401.JPEG,n03063689,505,680,0.209739,0,imagenet_c,defocus_blur,1,none
efficientnet_b4,ILSVRC2012_val_00034618.JPEG,n03063689,505,505,0.52986866,1,imagenet_c,defocus_blur,1,none
efficientnet_b4,ILSVRC2012_val_00036221.JPEG,n03063689,505,505,0.5026745,1,imagenet_c,defocus_blur,1,none
efficientnet_b4,ILSVRC2012_val_00036792.JPEG,n03063689,505,849,0.10853771,0,imagenet_c,defocus_blur,1,none
efficientnet_b4,ILSVRC2012_val_00040691.JPEG,n03063689,505,789,0.081044756,0,imagenet_c,defocus_blur,1,none
efficientnet_b4,ILSVRC2012_val_00042455.JPEG,n03063689,505,505,0.42682636,1,imagenet_c,defocus_blur,1,none
efficientnet_b4,ILSVRC2012_val_00042964.JPEG,n03063689,505,447,0.033886448,0,imagenet_c,defocus_blur,1,none
efficientnet_b4,ILSVRC2012_val_00043146.JPEG,n03063689,505,505,0.36567348,1,imagenet_c,defocus_blur,1,none
efficientnet_b4,ILSVRC2012_val_00043165.JPEG,n03063689,505,849,0.25748286,0,imagenet_c,defocus_blur,1,none
efficientnet_b4,ILSVRC2012_val_00043200.JPEG,n03063689,505,827,0.49698007,0,imagenet_c,defocus_blur,1,none
efficientnet_b4,ILSVRC2012_val_00044838.JPEG,n03063689,505,505,0.2684815,1,imagenet_c,defocus_blur,1,none
efficientnet_b4,ILSVRC2012_val_00045069.JPEG,n03063689,505,899,0.14247014,0,imagenet_c,defocus_blur,1,none
efficientnet_b4,ILSVRC2012_val_00045675.JPEG,n03063689,505,899,0.6043722,0,imagenet_c,defocus_blur,1,none
efficientnet_b4,ILSVRC2012_val_00047299.JPEG,n03063689,505,505,0.42476648,1,imagenet_c,defocus_blur,1,none
efficientnet_b4,ILSVRC2012_val_00047327.JPEG,n03063689,505,899,0.29574803,0,imagenet_c,defocus_blur,1,none
efficientnet_b4,ILSVRC2012_val_00049907.JPEG,n03063689,505,505,0.62354505,1,imagenet_c,defocus_blur,1,none
efficientnet_b4,ILSVRC2012_val_00000915.JPEG,n03065424,506,506,0.18693806,1,imagenet_c,defocus_blur,1,none
efficientnet_b4,ILSVRC2012_val_00001351.JPEG,n03065424,506,506,0.47558588,1,imagenet_c,defocus_blur,1,none
efficientnet_b4,ILSVRC2012_val_00001981.JPEG,n03065424,506,506,0.57799697,1,imagenet_c,defocus_blur,1,none
efficientnet_b4,ILSVRC2012_val_00002211.JPEG,n03065424,506,538,0.35200298,0,imagenet_c,defocus_blur,1,none
efficientnet_b4,ILSVRC2012_val_00002441.JPEG,n03065424,506,506,0.5351997,1,imagenet_c,defocus_blur,1,none
efficientnet_b4,ILSVRC2012_val_00002778.JPEG,n03065424,506,506,0.28986323,1,imagenet_c,defocus_blur,1,none
efficientnet_b4,ILSVRC2012_val_00002829.JPEG,n03065424,506,506,0.3045832,1,imagenet_c,defocus_blur,1,none
efficientnet_b4,ILSVRC2012_val_00003151.JPEG,n03065424,506,538,0.53409874,0,imagenet_c,defocus_blur,1,none
efficientnet_b4,ILSVRC2012_val_00003496.JPEG,n03065424,506,506,0.6190219,1,imagenet_c,defocus_blur,1,none
efficientnet_b4,ILSVRC2012_val_00004338.JPEG,n03065424,506,907,0.17053796,0,imagenet_c,defocus_blur,1,none
efficientnet_b4,ILSVRC2012_val_00004471.JPEG,n03065424,506,506,0.23299693,1,imagenet_c,defocus_blur,1,none
efficientnet_b4,ILSVRC2012_val_00005299.JPEG,n03065424,506,506,0.44125134,1,imagenet_c,defocus_blur,1,none
efficientnet_b4,ILSVRC2012_val_00006307.JPEG,n03065424,506,703,0.7903596,0,imagenet_c,defocus_blur,1,none
efficientnet_b4,ILSVRC2012_val_00006811.JPEG,n03065424,506,818,0.0948695,0,imagenet_c,defocus_blur,1,none
efficientnet_b4,ILSVRC2012_val_00006986.JPEG,n03065424,506,506,0.21568814,1,imagenet_c,defocus_blur,1,none
efficientnet_b4,ILSVRC2012_val_00007436.JPEG,n03065424,506,646,0.47778016,0,imagenet_c,defocus_blur,1,none
efficientnet_b4,ILSVRC2012_val_00009074.JPEG,n03065424,506,616,0.48636538,0,imagenet_c,defocus_blur,1,none
efficientnet_b4,ILSVRC2012_val_00010428.JPEG,n03065424,506,506,0.23038179,1,imagenet_c,defocus_blur,1,none
efficientnet_b4,ILSVRC2012_val_00010445.JPEG,n03065424,506,113,0.50962543,0,imagenet_c,defocus_blur,1,none
efficientnet_b4,ILSVRC2012_val_00011118.JPEG,n03065424,506,576,0.15517862,0,imagenet_c,defocus_blur,1,none
efficientnet_b4,ILSVRC2012_val_00011283.JPEG,n03065424,506,727,0.11629955,0,imagenet_c,defocus_blur,1,none
efficientnet_b4,ILSVRC2012_val_00013021.JPEG,n03065424,506,506,0.3960185,1,imagenet_c,defocus_blur,1,none
efficientnet_b4,ILSVRC2012_val_00014337.JPEG,n03065424,506,506,0.34917408,1,imagenet_c,defocus_blur,1,none
efficientnet_b4,ILSVRC2012_val_00015792.JPEG,n03065424,506,811,0.856555,0,imagenet_c,defocus_blur,1,none
efficientnet_b4,ILSVRC2012_val_00018150.JPEG,n03065424,506,117,0.13297215,0,imagenet_c,defocus_blur,1,none
efficientnet_b4,ILSVRC2012_val_00020012.JPEG,n03065424,506,506,0.15735394,1,imagenet_c,defocus_blur,1,none
efficientnet_b4,ILSVRC2012_val_00020368.JPEG,n03065424,506,113,0.5238794,0,imagenet_c,defocus_blur,1,none
efficientnet_b4,ILSVRC2012_val_00025512.JPEG,n03065424,506,506,0.5481899,1,imagenet_c,defocus_blur,1,none
efficientnet_b4,ILSVRC2012_val_00025594.JPEG,n03065424,506,714,0.061597437,0,imagenet_c,defocus_blur,1,none
efficientnet_b4,ILSVRC2012_val_00028151.JPEG,n03065424,506,506,0.23816587,1,imagenet_c,defocus_blur,1,none
efficientnet_b4,ILSVRC2012_val_00028620.JPEG,n03065424,506,506,0.5386884,1,imagenet_c,defocus_blur,1,none
efficientnet_b4,ILSVRC2012_val_00028717.JPEG,n03065424,506,517,0.38681877,0,imagenet_c,defocus_blur,1,none
efficientnet_b4,ILSVRC2012_val_00029746.JPEG,n03065424,506,506,0.6217755,1,imagenet_c,defocus_blur,1,none
efficientnet_b4,ILSVRC2012_val_00029883.JPEG,n03065424,506,506,0.30700922,1,imagenet_c,defocus_blur,1,none
efficientnet_b4,ILSVRC2012_val_00033456.JPEG,n03065424,506,506,0.075325444,1,imagenet_c,defocus_blur,1,none
efficientnet_b4,ILSVRC2012_val_00033971.JPEG,n03065424,506,522,0.46210527,0,imagenet_c,defocus_blur,1,none
efficientnet_b4,ILSVRC2012_val_00036319.JPEG,n03065424,506,506,0.6184175,1,imagenet_c,defocus_blur,1,none
efficientnet_b4,ILSVRC2012_val_00038925.JPEG,n03065424,506,635,0.18838651,0,imagenet_c,defocus_blur,1,none
efficientnet_b4,ILSVRC2012_val_00039625.JPEG,n03065424,506,506,0.05990057,1,imagenet_c,defocus_blur,1,none
efficientnet_b4,ILSVRC2012_val_00039760.JPEG,n03065424,506,506,0.30884036,1,imagenet_c,defocus_blur,1,none
efficientnet_b4,ILSVRC2012_val_00039773.JPEG,n03065424,506,422,0.3292259,0,imagenet_c,defocus_blur,1,none
efficientnet_b4,ILSVRC2012_val_00040737.JPEG,n03065424,506,506,0.31185114,1,imagenet_c,defocus_blur,1,none
efficientnet_b4,ILSVRC2012_val_00040791.JPEG,n03065424,506,506,0.5582376,1,imagenet_c,defocus_blur,1,none
efficientnet_b4,ILSVRC2012_val_00046103.JPEG,n03065424,506,506,0.37321332,1,imagenet_c,defocus_blur,1,none
efficientnet_b4,ILSVRC2012_val_00046331.JPEG,n03065424,506,506,0.3257328,1,imagenet_c,defocus_blur,1,none
efficientnet_b4,ILSVRC2012_val_00047502.JPEG,n03065424,506,506,0.70772195,1,imagenet_c,defocus_blur,1,none
efficientnet_b4,ILSVRC2012_val_00047628.JPEG,n03065424,506,506,0.1369242,1,imagenet_c,defocus_blur,1,none
efficientnet_b4,ILSVRC2012_val_00048095.JPEG,n03065424,506,506,0.5936612,1,imagenet_c,defocus_blur,1,none
efficientnet_b4,ILSVRC2012_val_00049057.JPEG,n03065424,506,506,0.2946768,1,imagenet_c,defocus_blur,1,none
efficientnet_b4,ILSVRC2012_val_00049276.JPEG,n03065424,506,517,0.38861927,0,imagenet_c,defocus_blur,1,none
efficientnet_b4,ILSVRC2012_val_00004971.JPEG,n03075370,507,507,0.5495703,1,imagenet_c,defocus_blur,1,none
efficientnet_b4,ILSVRC2012_val_00005411.JPEG,n03075370,507,507,0.4888715,1,imagenet_c,defocus_blur,1,none
efficientnet_b4,ILSVRC2012_val_00005906.JPEG,n03075370,507,507,0.6003909,1,imagenet_c,defocus_blur,1,none
efficientnet_b4,ILSVRC2012_val_00006109.JPEG,n03075370,507,507,0.74713695,1,imagenet_c,defocus_blur,1,none
efficientnet_b4,ILSVRC2012_val_00006660.JPEG,n03075370,507,784,0.07192567,0,imagenet_c,defocus_blur,1,none
efficientnet_b4,ILSVRC2012_val_00007079.JPEG,n03075370,507,695,0.29467148,0,imagenet_c,defocus_blur,1,none
efficientnet_b4,ILSVRC2012_val_00007745.JPEG,n03075370,507,451,0.17122032,0,imagenet_c,defocus_blur,1,none
efficientnet_b4,ILSVRC2012_val_00007817.JPEG,n03075370,507,878,0.19180612,0,imagenet_c,defocus_blur,1,none
efficientnet_b4,ILSVRC2012_val_00007910.JPEG,n03075370,507,590,0.17558075,0,imagenet_c,defocus_blur,1,none
efficientnet_b4,ILSVRC2012_val_00009018.JPEG,n03075370,507,507,0.5538844,1,imagenet_c,defocus_blur,1,none
efficientnet_b4,ILSVRC2012_val_00009358.JPEG,n03075370,507,489,0.10512742,0,imagenet_c,defocus_blur,1,none
efficientnet_b4,ILSVRC2012_val_00013017.JPEG,n03075370,507,507,0.61993617,1,imagenet_c,defocus_blur,1,none
efficientnet_b4,ILSVRC2012_val_00013488.JPEG,n03075370,507,432,0.696474,0,imagenet_c,defocus_blur,1,none
efficientnet_b4,ILSVRC2012_val_00014463.JPEG,n03075370,507,507,0.8094782,1,imagenet_c,defocus_blur,1,none
efficientnet_b4,ILSVRC2012_val_00015423.JPEG,n03075370,507,507,0.54565006,1,imagenet_c,defocus_blur,1,none
efficientnet_b4,ILSVRC2012_val_00015852.JPEG,n03075370,507,507,0.7517753,1,imagenet_c,defocus_blur,1,none
efficientnet_b4,ILSVRC2012_val_00016843.JPEG,n03075370,507,507,0.7084801,1,imagenet_c,defocus_blur,1,none
efficientnet_b4,ILSVRC2012_val_00017150.JPEG,n03075370,507,507,0.52686775,1,imagenet_c,defocus_blur,1,none
efficientnet_b4,ILSVRC2012_val_00017880.JPEG,n03075370,507,897,0.32359782,0,imagenet_c,defocus_blur,1,none
efficientnet_b4,ILSVRC2012_val_00019056.JPEG,n03075370,507,507,0.7741876,1,imagenet_c,defocus_blur,1,none
efficientnet_b4,ILSVRC2012_val_00019322.JPEG,n03075370,507,507,0.7699322,1,imagenet_c,defocus_blur,1,none
efficientnet_b4,ILSVRC2012_val_00020729.JPEG,n03075370,507,507,0.15918717,1,imagenet_c,defocus_blur,1,none
efficientnet_b4,ILSVRC2012_val_00020842.JPEG,n03075370,507,489,0.31081656,0,imagenet_c,defocus_blur,1,none
efficientnet_b4,ILSVRC2012_val_00021746.JPEG,n03075370,507,507,0.55748886,1,imagenet_c,defocus_blur,1,none
efficientnet_b4,ILSVRC2012_val_00021941.JPEG,n03075370,507,507,0.6991207,1,imagenet_c,defocus_blur,1,none
efficientnet_b4,ILSVRC2012_val_00022192.JPEG,n03075370,507,507,0.6364472,1,imagenet_c,defocus_blur,1,none
efficientnet_b4,ILSVRC2012_val_00023151.JPEG,n03075370,507,507,0.48197022,1,imagenet_c,defocus_blur,1,none
efficientnet_b4,ILSVRC2012_val_00023985.JPEG,n03075370,507,507,0.8772475,1,imagenet_c,defocus_blur,1,none
efficientnet_b4,ILSVRC2012_val_00024911.JPEG,n03075370,507,507,0.66216654,1,imagenet_c,defocus_blur,1,none
efficientnet_b4,ILSVRC2012_val_00025792.JPEG,n03075370,507,507,0.7528003,1,imagenet_c,defocus_blur,1,none
efficientnet_b4,ILSVRC2012_val_00026449.JPEG,n03075370,507,507,0.36173853,1,imagenet_c,defocus_blur,1,none
efficientnet_b4,ILSVRC2012_val_00030077.JPEG,n03075370,507,507,0.812062,1,imagenet_c,defocus_blur,1,none
efficientnet_b4,ILSVRC2012_val_00031209.JPEG,n03075370,507,507,0.6318787,1,imagenet_c,defocus_blur,1,none
efficientnet_b4,ILSVRC2012_val_00032487.JPEG,n03075370,507,507,0.7640419,1,imagenet_c,defocus_blur,1,none
efficientnet_b4,ILSVRC2012_val_00032736.JPEG,n03075370,507,507,0.79970604,1,imagenet_c,defocus_blur,1,none
efficientnet_b4,ILSVRC2012_val_00032920.JPEG,n03075370,507,844,0.35019708,0,imagenet_c,defocus_blur,1,none
efficientnet_b4,ILSVRC2012_val_00035145.JPEG,n03075370,507,507,0.5988636,1,imagenet_c,defocus_blur,1,none
efficientnet_b4,ILSVRC2012_val_00035475.JPEG,n03075370,507,507,0.6865483,1,imagenet_c,defocus_blur,1,none
efficientnet_b4,ILSVRC2012_val_00036697.JPEG,n03075370,507,507,0.27154407,1,imagenet_c,defocus_blur,1,none
efficientnet_b4,ILSVRC2012_val_00036914.JPEG,n03075370,507,507,0.30277923,1,imagenet_c,defocus_blur,1,none
efficientnet_b4,ILSVRC2012_val_00037402.JPEG,n03075370,507,507,0.4391569,1,imagenet_c,defocus_blur,1,none
efficientnet_b4,ILSVRC2012_val_00038524.JPEG,n03075370,507,573,0.24121317,0,imagenet_c,defocus_blur,1,none
efficientnet_b4,ILSVRC2012_val_00038841.JPEG,n03075370,507,507,0.41812477,1,imagenet_c,defocus_blur,1,none
efficientnet_b4,ILSVRC2012_val_00041941.JPEG,n03075370,507,754,0.19276223,0,imagenet_c,defocus_blur,1,none
efficientnet_b4,ILSVRC2012_val_00044043.JPEG,n03075370,507,507,0.6306299,1,imagenet_c,defocus_blur,1,none
efficientnet_b4,ILSVRC2012_val_00046376.JPEG,n03075370,507,507,0.7185666,1,imagenet_c,defocus_blur,1,none
efficientnet_b4,ILSVRC2012_val_00046514.JPEG,n03075370,507,488,0.5077003,0,imagenet_c,defocus_blur,1,none
efficientnet_b4,ILSVRC2012_val_00047032.JPEG,n03075370,507,507,0.3483283,1,imagenet_c,defocus_blur,1,none
efficientnet_b4,ILSVRC2012_val_00047172.JPEG,n03075370,507,507,0.56898916,1,imagenet_c,defocus_blur,1,none
efficientnet_b4,ILSVRC2012_val_00049248.JPEG,n03075370,507,507,0.64107543,1,imagenet_c,defocus_blur,1,none
efficientnet_b4,ILSVRC2012_val_00000321.JPEG,n03085013,508,810,0.4878083,0,imagenet_c,defocus_blur,1,none
efficientnet_b4,ILSVRC2012_val_00000904.JPEG,n03085013,508,918,0.21101527,0,imagenet_c,defocus_blur,1,none
efficientnet_b4,ILSVRC2012_val_00001071.JPEG,n03085013,508,918,0.043327365,0,imagenet_c,defocus_blur,1,none
efficientnet_b4,ILSVRC2012_val_00001089.JPEG,n03085013,508,508,0.08135995,1,imagenet_c,defocus_blur,1,none
efficientnet_b4,ILSVRC2012_val_00001687.JPEG,n03085013,508,527,0.275743,0,imagenet_c,defocus_blur,1,none
efficientnet_b4,ILSVRC2012_val_00002499.JPEG,n03085013,508,508,0.27935204,1,imagenet_c,defocus_blur,1,none
efficientnet_b4,ILSVRC2012_val_00002755.JPEG,n03085013,508,508,0.44481435,1,imagenet_c,defocus_blur,1,none
efficientnet_b4,ILSVRC2012_val_00004209.JPEG,n03085013,508,508,0.53167367,1,imagenet_c,defocus_blur,1,none
efficientnet_b4,ILSVRC2012_val_00006513.JPEG,n03085013,508,673,0.2404591,0,imagenet_c,defocus_blur,1,none
efficientnet_b4,ILSVRC2012_val_00007754.JPEG,n03085013,508,508,0.45937115,1,imagenet_c,defocus_blur,1,none
efficientnet_b4,ILSVRC2012_val_00008331.JPEG,n03085013,508,508,0.15060613,1,imagenet_c,defocus_blur,1,none
efficientnet_b4,ILSVRC2012_val_00009502.JPEG,n03085013,508,508,0.5132544,1,imagenet_c,defocus_blur,1,none
efficientnet_b4,ILSVRC2012_val_00012334.JPEG,n03085013,508,284,0.6027205,0,imagenet_c,defocus_blur,1,none
efficientnet_b4,ILSVRC2012_val_00012432.JPEG,n03085013,508,508,0.48975363,1,imagenet_c,defocus_blur,1,none
efficientnet_b4,ILSVRC2012_val_00012808.JPEG,n03085013,508,508,0.35419542,1,imagenet_c,defocus_blur,1,none
efficientnet_b4,ILSVRC2012_val_00014436.JPEG,n03085013,508,508,0.4215884,1,imagenet_c,defocus_blur,1,none
efficientnet_b4,ILSVRC2012_val_00015382.JPEG,n03085013,508,508,0.12580529,1,imagenet_c,defocus_blur,1,none
efficientnet_b4,ILSVRC2012_val_00018846.JPEG,n03085013,508,810,0.5551003,0,imagenet_c,defocus_blur,1,none
efficientnet_b4,ILSVRC2012_val_00018863.JPEG,n03085013,508,507,0.3285215,0,imagenet_c,defocus_blur,1,none
efficientnet_b4,ILSVRC2012_val_00020212.JPEG,n03085013,508,508,0.5007666,1,imagenet_c,defocus_blur,1,none
efficientnet_b4,ILSVRC2012_val_00020235.JPEG,n03085013,508,508,0.42128962,1,imagenet_c,defocus_blur,1,none
efficientnet_b4,ILSVRC2012_val_00021913.JPEG,n03085013,508,590,0.26732764,0,imagenet_c,defocus_blur,1,none
efficientnet_b4,ILSVRC2012_val_00023014.JPEG,n03085013,508,508,0.24964365,1,imagenet_c,defocus_blur,1,none
efficientnet_b4,ILSVRC2012_val_00025409.JPEG,n03085013,508,673,0.22156021,0,imagenet_c,defocus_blur,1,none
efficientnet_b4,ILSVRC2012_val_00026405.JPEG,n03085013,508,508,0.21063818,1,imagenet_c,defocus_blur,1,none
efficientnet_b4,ILSVRC2012_val_00026428.JPEG,n03085013,508,508,0.44221374,1,imagenet_c,defocus_blur,1,none
efficientnet_b4,ILSVRC2012_val_00027154.JPEG,n03085013,508,508,0.3828601,1,imagenet_c,defocus_blur,1,none
efficientnet_b4,ILSVRC2012_val_00027181.JPEG,n03085013,508,508,0.6224865,1,imagenet_c,defocus_blur,1,none
efficientnet_b4,ILSVRC2012_val_00027307.JPEG,n03085013,508,810,0.31192955,0,imagenet_c,defocus_blur,1,none
efficientnet_b4,ILSVRC2012_val_00029239.JPEG,n03085013,508,527,0.12748583,0,imagenet_c,defocus_blur,1,none
efficientnet_b4,ILSVRC2012_val_00030993.JPEG,n03085013,508,508,0.16027027,1,imagenet_c,defocus_blur,1,none
efficientnet_b4,ILSVRC2012_val_00032810.JPEG,n03085013,508,673,0.11592962,0,imagenet_c,defocus_blur,1,none
efficientnet_b4,ILSVRC2012_val_00032961.JPEG,n03085013,508,527,0.10193931,0,imagenet_c,defocus_blur,1,none
efficientnet_b4,ILSVRC2012_val_00033563.JPEG,n03085013,508,527,0.14648187,0,imagenet_c,defocus_blur,1,none
efficientnet_b4,ILSVRC2012_val_00035446.JPEG,n03085013,508,810,0.4014202,0,imagenet_c,defocus_blur,1,none
efficientnet_b4,ILSVRC2012_val_00035703.JPEG,n03085013,508,508,0.45240518,1,imagenet_c,defocus_blur,1,none
efficientnet_b4,ILSVRC2012_val_00035954.JPEG,n03085013,508,673,0.32518306,0,imagenet_c,defocus_blur,1,none
efficientnet_b4,ILSVRC2012_val_00038711.JPEG,n03085013,508,508,0.1853465,1,imagenet_c,defocus_blur,1,none
efficientnet_b4,ILSVRC2012_val_00039987.JPEG,n03085013,508,810,0.33579835,0,imagenet_c,defocus_blur,1,none
efficientnet_b4,ILSVRC2012_val_00041299.JPEG,n03085013,508,527,0.1705957,0,imagenet_c,defocus_blur,1,none
efficientnet_b4,ILSVRC2012_val_00041349.JPEG,n03085013,508,859,0.1263623,0,imagenet_c,defocus_blur,1,none
efficientnet_b4,ILSVRC2012_val_00042686.JPEG,n03085013,508,508,0.4052192,1,imagenet_c,defocus_blur,1,none
efficientnet_b4,ILSVRC2012_val_00042867.JPEG,n03085013,508,664,0.07461792,0,imagenet_c,defocus_blur,1,none
efficientnet_b4,ILSVRC2012_val_00044090.JPEG,n03085013,508,798,0.3815737,0,imagenet_c,defocus_blur,1,none
efficientnet_b4,ILSVRC2012_val_00045039.JPEG,n03085013,508,508,0.45350182,1,imagenet_c,defocus_blur,1,none
efficientnet_b4,ILSVRC2012_val_00045473.JPEG,n03085013,508,508,0.30677634,1,imagenet_c,defocus_blur,1,none
efficientnet_b4,ILSVRC2012_val_00046306.JPEG,n03085013,508,508,0.26859826,1,imagenet_c,defocus_blur,1,none
efficientnet_b4,ILSVRC2012_val_00047453.JPEG,n03085013,508,508,0.37969604,1,imagenet_c,defocus_blur,1,none
efficientnet_b4,ILSVRC2012_val_00048307.JPEG,n03085013,508,647,0.061807036,0,imagenet_c,defocus_blur,1,none
efficientnet_b4,ILSVRC2012_val_00049596.JPEG,n03085013,508,810,0.16828965,0,imagenet_c,defocus_blur,1,none
efficientnet_b4,ILSVRC2012_val_00001190.JPEG,n03089624,509,509,0.15037431,1,imagenet_c,defocus_blur,1,none
efficientnet_b4,ILSVRC2012_val_00001242.JPEG,n03089624,509,509,0.55223185,1,imagenet_c,defocus_blur,1,none
efficientnet_b4,ILSVRC2012_val_00002618.JPEG,n03089624,509,865,0.28264776,0,imagenet_c,defocus_blur,1,none
efficientnet_b4,ILSVRC2012_val_00005202.JPEG,n03089624,509,509,0.27945408,1,imagenet_c,defocus_blur,1,none
efficientnet_b4,ILSVRC2012_val_00005760.JPEG,n03089624,509,582,0.6386123,0,imagenet_c,defocus_blur,1,none
efficientnet_b4,ILSVRC2012_val_00006745.JPEG,n03089624,509,865,0.47097525,0,imagenet_c,defocus_blur,1,none
efficientnet_b4,ILSVRC2012_val_00007274.JPEG,n03089624,509,509,0.35360655,1,imagenet_c,defocus_blur,1,none
efficientnet_b4,ILSVRC2012_val_00007851.JPEG,n03089624,509,865,0.17969601,0,imagenet_c,defocus_blur,1,none
efficientnet_b4,ILSVRC2012_val_00008096.JPEG,n03089624,509,860,0.36619934,0,imagenet_c,defocus_blur,1,none
efficientnet_b4,ILSVRC2012_val_00008801.JPEG,n03089624,509,865,0.20756587,0,imagenet_c,defocus_blur,1,none
efficientnet_b4,ILSVRC2012_val_00008916.JPEG,n03089624,509,509,0.8057878,1,imagenet_c,defocus_blur,1,none
efficientnet_b4,ILSVRC2012_val_00010089.JPEG,n03089624,509,692,0.19515637,0,imagenet_c,defocus_blur,1,none
efficientnet_b4,ILSVRC2012_val_00015302.JPEG,n03089624,509,860,0.21991359,0,imagenet_c,defocus_blur,1,none
efficientnet_b4,ILSVRC2012_val_00015495.JPEG,n03089624,509,738,0.09707858,0,imagenet_c,defocus_blur,1,none
efficientnet_b4,ILSVRC2012_val_00015647.JPEG,n03089624,509,509,0.16186696,1,imagenet_c,defocus_blur,1,none
efficientnet_b4,ILSVRC2012_val_00017576.JPEG,n03089624,509,509,0.32473576,1,imagenet_c,defocus_blur,1,none
efficientnet_b4,ILSVRC2012_val_00018244.JPEG,n03089624,509,509,0.8116303,1,imagenet_c,defocus_blur,1,none
efficientnet_b4,ILSVRC2012_val_00020522.JPEG,n03089624,509,582,0.38538578,0,imagenet_c,defocus_blur,1,none
efficientnet_b4,ILSVRC2012_val_00021637.JPEG,n03089624,509,860,0.54263866,0,imagenet_c,defocus_blur,1,none
efficientnet_b4,ILSVRC2012_val_00022098.JPEG,n03089624,509,860,0.17195576,0,imagenet_c,defocus_blur,1,none
efficientnet_b4,ILSVRC2012_val_00024403.JPEG,n03089624,509,860,0.30606505,0,imagenet_c,defocus_blur,1,none
efficientnet_b4,ILSVRC2012_val_00025257.JPEG,n03089624,509,509,0.75613135,1,imagenet_c,defocus_blur,1,none
efficientnet_b4,ILSVRC2012_val_00025322.JPEG,n03089624,509,620,0.057657678,0,imagenet_c,defocus_blur,1,none
efficientnet_b4,ILSVRC2012_val_00026113.JPEG,n03089624,509,509,0.38175973,1,imagenet_c,defocus_blur,1,none
efficientnet_b4,ILSVRC2012_val_00027244.JPEG,n03089624,509,860,0.4652347,0,imagenet_c,defocus_blur,1,none
efficientnet_b4,ILSVRC2012_val_00027919.JPEG,n03089624,509,582,0.81786954,0,imagenet_c,defocus_blur,1,none
efficientnet_b4,ILSVRC2012_val_00028174.JPEG,n03089624,509,723,0.4284393,0,imagenet_c,defocus_blur,1,none
efficientnet_b4,ILSVRC2012_val_00028243.JPEG,n03089624,509,509,0.45134404,1,imagenet_c,defocus_blur,1,none
efficientnet_b4,ILSVRC2012_val_00028279.JPEG,n03089624,509,509,0.19630535,1,imagenet_c,defocus_blur,1,none
efficientnet_b4,ILSVRC2012_val_00032233.JPEG,n03089624,509,509,0.22920208,1,imagenet_c,defocus_blur,1,none
efficientnet_b4,ILSVRC2012_val_00032506.JPEG,n03089624,509,582,0.4311696,0,imagenet_c,defocus_blur,1,none
efficientnet_b4,ILSVRC2012_val_00032619.JPEG,n03089624,509,509,0.66912663,1,imagenet_c,defocus_blur,1,none
efficientnet_b4,ILSVRC2012_val_00034518.JPEG,n03089624,509,509,0.32349086,1,imagenet_c,defocus_blur,1,none
efficientnet_b4,ILSVRC2012_val_00036006.JPEG,n03089624,509,737,0.21046698,0,imagenet_c,defocus_blur,1,none
efficientnet_b4,ILSVRC2012_val_00036515.JPEG,n03089624,509,509,0.33739594,1,imagenet_c,defocus_blur,1,none
efficientnet_b4,ILSVRC2012_val_00037663.JPEG,n03089624,509,860,0.3293941,0,imagenet_c,defocus_blur,1,none
efficientnet_b4,ILSVRC2012_val_00038334.JPEG,n03089624,509,582,0.27654323,0,imagenet_c,defocus_blur,1,none
efficientnet_b4,ILSVRC2012_val_00038564.JPEG,n03089624,509,860,0.06427843,0,imagenet_c,defocus_blur,1,none
efficientnet_b4,ILSVRC2012_val_00038623.JPEG,n03089624,509,509,0.7081008,1,imagenet_c,defocus_blur,1,none
efficientnet_b4,ILSVRC2012_val_00039840.JPEG,n03089624,509,865,0.19884636,0,imagenet_c,defocus_blur,1,none
efficientnet_b4,ILSVRC2012_val_00040893.JPEG,n03089624,509,582,0.19787693,0,imagenet_c,defocus_blur,1,none
efficientnet_b4,ILSVRC2012_val_00041487.JPEG,n03089624,509,865,0.3624333,0,imagenet_c,defocus_blur,1,none
efficientnet_b4,ILSVRC2012_val_00041572.JPEG,n03089624,509,453,0.31817356,0,imagenet_c,defocus_blur,1,none
efficientnet_b4,ILSVRC2012_val_00041701.JPEG,n03089624,509,582,0.314321,0,imagenet_c,defocus_blur,1,none
efficientnet_b4,ILSVRC2012_val_00042237.JPEG,n03089624,509,582,0.4354213,0,imagenet_c,defocus_blur,1,none
efficientnet_b4,ILSVRC2012_val_00046464.JPEG,n03089624,509,865,0.40330413,0,imagenet_c,defocus_blur,1,none
efficientnet_b4,ILSVRC2012_val_00046798.JPEG,n03089624,509,582,0.35195735,0,imagenet_c,defocus_blur,1,none
efficientnet_b4,ILSVRC2012_val_00048886.JPEG,n03089624,509,509,0.35663036,1,imagenet_c,defocus_blur,1,none
efficientnet_b4,ILSVRC2012_val_00049482.JPEG,n03089624,509,582,0.540152,0,imagenet_c,defocus_blur,1,none
efficientnet_b4,ILSVRC2012_val_00049633.JPEG,n03089624,509,509,0.36674896,1,imagenet_c,defocus_blur,1,none
efficientnet_b4,ILSVRC2012_val_00000403.JPEG,n03095699,510,510,0.62386113,1,imagenet_c,defocus_blur,1,none
efficientnet_b4,ILSVRC2012_val_00001339.JPEG,n03095699,510,510,0.54462034,1,imagenet_c,defocus_blur,1,none
efficientnet_b4,ILSVRC2012_val_00002748.JPEG,n03095699,510,554,0.09342504,0,imagenet_c,defocus_blur,1,none
efficientnet_b4,ILSVRC2012_val_00003055.JPEG,n03095699,510,510,0.6580914,1,imagenet_c,defocus_blur,1,none
efficientnet_b4,ILSVRC2012_val_00003200.JPEG,n03095699,510,554,0.25510886,0,imagenet_c,defocus_blur,1,none
efficientnet_b4,ILSVRC2012_val_00005496.JPEG,n03095699,510,510,0.34951198,1,imagenet_c,defocus_blur,1,none
efficientnet_b4,ILSVRC2012_val_00005740.JPEG,n03095699,510,510,0.47316507,1,imagenet_c,defocus_blur,1,none
efficientnet_b4,ILSVRC2012_val_00005912.JPEG,n03095699,510,510,0.61907357,1,imagenet_c,defocus_blur,1,none
efficientnet_b4,ILSVRC2012_val_00006254.JPEG,n03095699,510,510,0.32966423,1,imagenet_c,defocus_blur,1,none
efficientnet_b4,ILSVRC2012_val_00007161.JPEG,n03095699,510,510,0.6162753,1,imagenet_c,defocus_blur,1,none
efficientnet_b4,ILSVRC2012_val_00009069.JPEG,n03095699,510,718,0.538197,0,imagenet_c,defocus_blur,1,none
efficientnet_b4,ILSVRC2012_val_00010195.JPEG,n03095699,510,510,0.14479429,1,imagenet_c,defocus_blur,1,none
efficientnet_b4,ILSVRC2012_val_00010325.JPEG,n03095699,510,510,0.37472785,1,imagenet_c,defocus_blur,1,none
efficientnet_b4,ILSVRC2012_val_00010704.JPEG,n03095699,510,510,0.5640533,1,imagenet_c,defocus_blur,1,none
efficientnet_b4,ILSVRC2012_val_00012534.JPEG,n03095699,510,540,0.100458965,0,imagenet_c,defocus_blur,1,none
efficientnet_b4,ILSVRC2012_val_00013664.JPEG,n03095699,510,510,0.5837757,1,imagenet_c,defocus_blur,1,none
efficientnet_b4,ILSVRC2012_val_00014019.JPEG,n03095699,510,821,0.19377579,0,imagenet_c,defocus_blur,1,none
efficientnet_b4,ILSVRC2012_val_00014953.JPEG,n03095699,510,510,0.53636444,1,imagenet_c,defocus_blur,1,none
efficientnet_b4,ILSVRC2012_val_00016094.JPEG,n03095699,510,510,0.39950025,1,imagenet_c,defocus_blur,1,none
efficientnet_b4,ILSVRC2012_val_00017812.JPEG,n03095699,510,510,0.68755066,1,imagenet_c,defocus_blur,1,none
efficientnet_b4,ILSVRC2012_val_00018818.JPEG,n03095699,510,510,0.27095145,1,imagenet_c,defocus_blur,1,none
efficientnet_b4,ILSVRC2012_val_00019229.JPEG,n03095699,510,510,0.7284404,1,imagenet_c,defocus_blur,1,none
efficientnet_b4,ILSVRC2012_val_00020075.JPEG,n03095699,510,510,0.64627343,1,imagenet_c,defocus_blur,1,none
efficientnet_b4,ILSVRC2012_val_00020939.JPEG,n03095699,510,510,0.07071094,1,imagenet_c,defocus_blur,1,none
efficientnet_b4,ILSVRC2012_val_00021583.JPEG,n03095699,510,540,0.3291806,0,imagenet_c,defocus_blur,1,none
efficientnet_b4,ILSVRC2012_val_00022271.JPEG,n03095699,510,510,0.49200034,1,imagenet_c,defocus_blur,1,none
efficientnet_b4,ILSVRC2012_val_00023414.JPEG,n03095699,510,510,0.56897503,1,imagenet_c,defocus_blur,1,none
efficientnet_b4,ILSVRC2012_val_00023417.JPEG,n03095699,510,510,0.63645923,1,imagenet_c,defocus_blur,1,none
efficientnet_b4,ILSVRC2012_val_00024089.JPEG,n03095699,510,510,0.5241961,1,imagenet_c,defocus_blur,1,none
efficientnet_b4,ILSVRC2012_val_00025201.JPEG,n03095699,510,510,0.5358294,1,imagenet_c,defocus_blur,1,none
efficientnet_b4,ILSVRC2012_val_00026041.JPEG,n03095699,510,510,0.56338054,1,imagenet_c,defocus_blur,1,none
efficientnet_b4,ILSVRC2012_val_00026423.JPEG,n03095699,510,510,0.6531018,1,imagenet_c,defocus_blur,1,none
efficientnet_b4,ILSVRC2012_val_00027211.JPEG,n03095699,510,510,0.62716776,1,imagenet_c,defocus_blur,1,none
efficientnet_b4,ILSVRC2012_val_00029800.JPEG,n03095699,510,510,0.4180414,1,imagenet_c,defocus_blur,1,none
efficientnet_b4,ILSVRC2012_val_00032178.JPEG,n03095699,510,510,0.47849813,1,imagenet_c,defocus_blur,1,none
efficientnet_b4,ILSVRC2012_val_00033533.JPEG,n03095699,510,510,0.75680006,1,imagenet_c,defocus_blur,1,none
efficientnet_b4,ILSVRC2012_val_00034508.JPEG,n03095699,510,510,0.6003735,1,imagenet_c,defocus_blur,1,none
efficientnet_b4,ILSVRC2012_val_00034601.JPEG,n03095699,510,510,0.3507298,1,imagenet_c,defocus_blur,1,none
efficientnet_b4,ILSVRC2012_val_00034816.JPEG,n03095699,510,510,0.4219704,1,imagenet_c,defocus_blur,1,none
efficientnet_b4,ILSVRC2012_val_00035961.JPEG,n03095699,510,510,0.51050466,1,imagenet_c,defocus_blur,1,none
efficientnet_b4,ILSVRC2012_val_00036884.JPEG,n03095699,510,510,0.64240026,1,imagenet_c,defocus_blur,1,none
efficientnet_b4,ILSVRC2012_val_00038850.JPEG,n03095699,510,510,0.6620313,1,imagenet_c,defocus_blur,1,none
efficientnet_b4,ILSVRC2012_val_00039486.JPEG,n03095699,510,510,0.5487689,1,imagenet_c,defocus_blur,1,none
efficientnet_b4,ILSVRC2012_val_00039908.JPEG,n03095699,510,510,0.5281846,1,imagenet_c,defocus_blur,1,none
efficientnet_b4,ILSVRC2012_val_00043479.JPEG,n03095699,510,510,0.3071198,1,imagenet_c,defocus_blur,1,none
efficientnet_b4,ILSVRC2012_val_00044334.JPEG,n03095699,510,510,0.5674558,1,imagenet_c,defocus_blur,1,none
efficientnet_b4,ILSVRC2012_val_00046110.JPEG,n03095699,510,510,0.5247072,1,imagenet_c,defocus_blur,1,none
efficientnet_b4,ILSVRC2012_val_00047443.JPEG,n03095699,510,510,0.742016,1,imagenet_c,defocus_blur,1,none
efficientnet_b4,ILSVRC2012_val_00049257.JPEG,n03095699,510,510,0.5113464,1,imagenet_c,defocus_blur,1,none
efficientnet_b4,ILSVRC2012_val_00049475.JPEG,n03095699,510,510,0.1140317,1,imagenet_c,defocus_blur,1,none
efficientnet_b4,ILSVRC2012_val_00001201.JPEG,n03100240,511,511,0.28751898,1,imagenet_c,defocus_blur,1,none
efficientnet_b4,ILSVRC2012_val_00004387.JPEG,n03100240,511,817,0.12553334,0,imagenet_c,defocus_blur,1,none
efficientnet_b4,ILSVRC2012_val_00004685.JPEG,n03100240,511,511,0.4315371,1,imagenet_c,defocus_blur,1,none
efficientnet_b4,ILSVRC2012_val_00005500.JPEG,n03100240,511,511,0.2062659,1,imagenet_c,defocus_blur,1,none
efficientnet_b4,ILSVRC2012_val_00007348.JPEG,n03100240,511,511,0.48448455,1,imagenet_c,defocus_blur,1,none
efficientnet_b4,ILSVRC2012_val_00008981.JPEG,n03100240,511,817,0.022341326,0,imagenet_c,defocus_blur,1,none
efficientnet_b4,ILSVRC2012_val_00009569.JPEG,n03100240,511,511,0.26201284,1,imagenet_c,defocus_blur,1,none
efficientnet_b4,ILSVRC2012_val_00010676.JPEG,n03100240,511,511,0.52009696,1,imagenet_c,defocus_blur,1,none
efficientnet_b4,ILSVRC2012_val_00014010.JPEG,n03100240,511,511,0.77217245,1,imagenet_c,defocus_blur,1,none
efficientnet_b4,ILSVRC2012_val_00014208.JPEG,n03100240,511,511,0.26513952,1,imagenet_c,defocus_blur,1,none
efficientnet_b4,ILSVRC2012_val_00015198.JPEG,n03100240,511,627,0.1299725,0,imagenet_c,defocus_blur,1,none
efficientnet_b4,ILSVRC2012_val_00015289.JPEG,n03100240,511,627,0.2445897,0,imagenet_c,defocus_blur,1,none
efficientnet_b4,ILSVRC2012_val_00015357.JPEG,n03100240,511,511,0.14007512,1,imagenet_c,defocus_blur,1,none
efficientnet_b4,ILSVRC2012_val_00016337.JPEG,n03100240,511,511,0.40330288,1,imagenet_c,defocus_blur,1,none
efficientnet_b4,ILSVRC2012_val_00016613.JPEG,n03100240,511,511,0.3532092,1,imagenet_c,defocus_blur,1,none
efficientnet_b4,ILSVRC2012_val_00018249.JPEG,n03100240,511,511,0.71066886,1,imagenet_c,defocus_blur,1,none
efficientnet_b4,ILSVRC2012_val_00018569.JPEG,n03100240,511,436,0.20278685,0,imagenet_c,defocus_blur,1,none
efficientnet_b4,ILSVRC2012_val_00019496.JPEG,n03100240,511,511,0.29347768,1,imagenet_c,defocus_blur,1,none
efficientnet_b4,ILSVRC2012_val_00019647.JPEG,n03100240,511,864,0.25274333,0,imagenet_c,defocus_blur,1,none
efficientnet_b4,ILSVRC2012_val_00020524.JPEG,n03100240,511,511,0.15834025,1,imagenet_c,defocus_blur,1,none
efficientnet_b4,ILSVRC2012_val_00020673.JPEG,n03100240,511,817,0.24068749,0,imagenet_c,defocus_blur,1,none
efficientnet_b4,ILSVRC2012_val_00022130.JPEG,n03100240,511,436,0.06822817,0,imagenet_c,defocus_blur,1,none
efficientnet_b4,ILSVRC2012_val_00022491.JPEG,n03100240,511,511,0.3155221,1,imagenet_c,defocus_blur,1,none
efficientnet_b4,ILSVRC2012_val_00022587.JPEG,n03100240,511,511,0.28526813,1,imagenet_c,defocus_blur,1,none
efficientnet_b4,ILSVRC2012_val_00022770.JPEG,n03100240,511,817,0.23951621,0,imagenet_c,defocus_blur,1,none
efficientnet_b4,ILSVRC2012_val_00022835.JPEG,n03100240,511,511,0.15235296,1,imagenet_c,defocus_blur,1,none
efficientnet_b4,ILSVRC2012_val_00023718.JPEG,n03100240,511,511,0.6456777,1,imagenet_c,defocus_blur,1,none
efficientnet_b4,ILSVRC2012_val_00024103.JPEG,n03100240,511,511,0.32413387,1,imagenet_c,defocus_blur,1,none
efficientnet_b4,ILSVRC2012_val_00025028.JPEG,n03100240,511,511,0.20279199,1,imagenet_c,defocus_blur,1,none
efficientnet_b4,ILSVRC2012_val_00025647.JPEG,n03100240,511,817,0.16700044,0,imagenet_c,defocus_blur,1,none
efficientnet_b4,ILSVRC2012_val_00026398.JPEG,n03100240,511,511,0.2453036,1,imagenet_c,defocus_blur,1,none
efficientnet_b4,ILSVRC2012_val_00027293.JPEG,n03100240,511,916,0.29603133,0,imagenet_c,defocus_blur,1,none
efficientnet_b4,ILSVRC2012_val_00027508.JPEG,n03100240,511,817,0.30880913,0,imagenet_c,defocus_blur,1,none
efficientnet_b4,ILSVRC2012_val_00027795.JPEG,n03100240,511,511,0.49910456,1,imagenet_c,defocus_blur,1,none
efficientnet_b4,ILSVRC2012_val_00028957.JPEG,n03100240,511,511,0.2870267,1,imagenet_c,defocus_blur,1,none
efficientnet_b4,ILSVRC2012_val_00029454.JPEG,n03100240,511,817,0.2794046,0,imagenet_c,defocus_blur,1,none
efficientnet_b4,ILSVRC2012_val_00031558.JPEG,n03100240,511,627,0.1741173,0,imagenet_c,defocus_blur,1,none
efficientnet_b4,ILSVRC2012_val_00032147.JPEG,n03100240,511,817,0.074280635,0,imagenet_c,defocus_blur,1,none
efficientnet_b4,ILSVRC2012_val_00032595.JPEG,n03100240,511,704,0.05041317,0,imagenet_c,defocus_blur,1,none
efficientnet_b4,ILSVRC2012_val_00033796.JPEG,n03100240,511,627,0.2529106,0,imagenet_c,defocus_blur,1,none
efficientnet_b4,ILSVRC2012_val_00036091.JPEG,n03100240,511,511,0.4129197,1,imagenet_c,defocus_blur,1,none
efficientnet_b4,ILSVRC2012_val_00038876.JPEG,n03100240,511,817,0.3484828,0,imagenet_c,defocus_blur,1,none
efficientnet_b4,ILSVRC2012_val_00038956.JPEG,n03100240,511,817,0.1811243,0,imagenet_c,defocus_blur,1,none
efficientnet_b4,ILSVRC2012_val_00040371.JPEG,n03100240,511,511,0.30574262,1,imagenet_c,defocus_blur,1,none
efficientnet_b4,ILSVRC2012_val_00041430.JPEG,n03100240,511,436,0.23006286,0,imagenet_c,defocus_blur,1,none
efficientnet_b4,ILSVRC2012_val_00043824.JPEG,n03100240,511,511,0.42746168,1,imagenet_c,defocus_blur,1,none
efficientnet_b4,ILSVRC2012_val_00044359.JPEG,n03100240,511,511,0.10988955,1,imagenet_c,defocus_blur,1,none
efficientnet_b4,ILSVRC2012_val_00046196.JPEG,n03100240,511,817,0.07994256,0,imagenet_c,defocus_blur,1,none
efficientnet_b4,ILSVRC2012_val_00047687.JPEG,n03100240,511,511,0.5393403,1,imagenet_c,defocus_blur,1,none
efficientnet_b4,ILSVRC2012_val_00049747.JPEG,n03100240,511,511,0.23539862,1,imagenet_c,defocus_blur,1,none
efficientnet_b4,ILSVRC2012_val_00000678.JPEG,n03109150,512,686,0.069948144,0,imagenet_c,defocus_blur,1,none
efficientnet_b4,ILSVRC2012_val_00003262.JPEG,n03109150,512,512,0.4119733,1,imagenet_c,defocus_blur,1,none
efficientnet_b4,ILSVRC2012_val_00004224.JPEG,n03109150,512,512,0.61045676,1,imagenet_c,defocus_blur,1,none
efficientnet_b4,ILSVRC2012_val_00004384.JPEG,n03109150,512,512,0.23430686,1,imagenet_c,defocus_blur,1,none
efficientnet_b4,ILSVRC2012_val_00005703.JPEG,n03109150,512,512,0.6758431,1,imagenet_c,defocus_blur,1,none
efficientnet_b4,ILSVRC2012_val_00005727.JPEG,n03109150,512,512,0.63697577,1,imagenet_c,defocus_blur,1,none
efficientnet_b4,ILSVRC2012_val_00006896.JPEG,n03109150,512,512,0.80392647,1,imagenet_c,defocus_blur,1,none
efficientnet_b4,ILSVRC2012_val_00007412.JPEG,n03109150,512,512,0.39570257,1,imagenet_c,defocus_blur,1,none
efficientnet_b4,ILSVRC2012_val_00007670.JPEG,n03109150,512,512,0.69899744,1,imagenet_c,defocus_blur,1,none
efficientnet_b4,ILSVRC2012_val_00008404.JPEG,n03109150,512,512,0.10682717,1,imagenet_c,defocus_blur,1,none
efficientnet_b4,ILSVRC2012_val_00009323.JPEG,n03109150,512,512,0.27203885,1,imagenet_c,defocus_blur,1,none
efficientnet_b4,ILSVRC2012_val_00010680.JPEG,n03109150,512,512,0.55371374,1,imagenet_c,defocus_blur,1,none
efficientnet_b4,ILSVRC2012_val_00012867.JPEG,n03109150,512,512,0.62452,1,imagenet_c,defocus_blur,1,none
efficientnet_b4,ILSVRC2012_val_00013214.JPEG,n03109150,512,512,0.5118096,1,imagenet_c,defocus_blur,1,none
efficientnet_b4,ILSVRC2012_val_00014892.JPEG,n03109150,512,587,0.18163466,0,imagenet_c,defocus_blur,1,none
efficientnet_b4,ILSVRC2012_val_00015270.JPEG,n03109150,512,473,0.47940984,0,imagenet_c,defocus_blur,1,none
efficientnet_b4,ILSVRC2012_val_00017045.JPEG,n03109150,512,512,0.084234774,1,imagenet_c,defocus_blur,1,none
efficientnet_b4,ILSVRC2012_val_00018467.JPEG,n03109150,512,512,0.87464416,1,imagenet_c,defocus_blur,1,none
efficientnet_b4,ILSVRC2012_val_00018542.JPEG,n03109150,512,512,0.8051168,1,imagenet_c,defocus_blur,1,none
efficientnet_b4,ILSVRC2012_val_00018599.JPEG,n03109150,512,512,0.24101369,1,imagenet_c,defocus_blur,1,none
efficientnet_b4,ILSVRC2012_val_00019143.JPEG,n03109150,512,512,0.6881733,1,imagenet_c,defocus_blur,1,none
efficientnet_b4,ILSVRC2012_val_00020055.JPEG,n03109150,512,512,0.62240463,1,imagenet_c,defocus_blur,1,none
efficientnet_b4,ILSVRC2012_val_00020908.JPEG,n03109150,512,512,0.73782116,1,imagenet_c,defocus_blur,1,none
efficientnet_b4,ILSVRC2012_val_00021029.JPEG,n03109150,512,512,0.64820015,1,imagenet_c,defocus_blur,1,none
efficientnet_b4,ILSVRC2012_val_00021919.JPEG,n03109150,512,512,0.671032,1,imagenet_c,defocus_blur,1,none
efficientnet_b4,ILSVRC2012_val_00022045.JPEG,n03109150,512,512,0.52713954,1,imagenet_c,defocus_blur,1,none
efficientnet_b4,ILSVRC2012_val_00023249.JPEG,n03109150,512,512,0.6039251,1,imagenet_c,defocus_blur,1,none
efficientnet_b4,ILSVRC2012_val_00025609.JPEG,n03109150,512,512,0.33071503,1,imagenet_c,defocus_blur,1,none
efficientnet_b4,ILSVRC2012_val_00026171.JPEG,n03109150,512,512,0.58584064,1,imagenet_c,defocus_blur,1,none
efficientnet_b4,ILSVRC2012_val_00027237.JPEG,n03109150,512,512,0.17262863,1,imagenet_c,defocus_blur,1,none
efficientnet_b4,ILSVRC2012_val_00027721.JPEG,n03109150,512,512,0.49683347,1,imagenet_c,defocus_blur,1,none
efficientnet_b4,ILSVRC2012_val_00028555.JPEG,n03109150,512,512,0.6797482,1,imagenet_c,defocus_blur,1,none
efficientnet_b4,ILSVRC2012_val_00032588.JPEG,n03109150,512,512,0.6600395,1,imagenet_c,defocus_blur,1,none
efficientnet_b4,ILSVRC2012_val_00033008.JPEG,n03109150,512,512,0.5905297,1,imagenet_c,defocus_blur,1,none
efficientnet_b4,ILSVRC2012_val_00034440.JPEG,n03109150,512,512,0.5171584,1,imagenet_c,defocus_blur,1,none
efficientnet_b4,ILSVRC2012_val_00036659.JPEG,n03109150,512,512,0.47880948,1,imagenet_c,defocus_blur,1,none
efficientnet_b4,ILSVRC2012_val_00038771.JPEG,n03109150,512,512,0.07966727,1,imagenet_c,defocus_blur,1,none
efficientnet_b4,ILSVRC2012_val_00038897.JPEG,n03109150,512,512,0.551405,1,imagenet_c,defocus_blur,1,none
efficientnet_b4,ILSVRC2012_val_00039009.JPEG,n03109150,512,512,0.81622446,1,imagenet_c,defocus_blur,1,none
efficientnet_b4,ILSVRC2012_val_00040330.JPEG,n03109150,512,512,0.41988268,1,imagenet_c,defocus_blur,1,none
efficientnet_b4,ILSVRC2012_val_00040674.JPEG,n03109150,512,473,0.43286747,0,imagenet_c,defocus_blur,1,none
efficientnet_b4,ILSVRC2012_val_00042229.JPEG,n03109150,512,512,0.62310165,1,imagenet_c,defocus_blur,1,none
efficientnet_b4,ILSVRC2012_val_00042234.JPEG,n03109150,512,512,0.59234476,1,imagenet_c,defocus_blur,1,none
efficientnet_b4,ILSVRC2012_val_00043953.JPEG,n03109150,512,512,0.7761799,1,imagenet_c,defocus_blur,1,none
efficientnet_b4,ILSVRC2012_val_00044360.JPEG,n03109150,512,473,0.13729955,0,imagenet_c,defocus_blur,1,none
efficientnet_b4,ILSVRC2012_val_00045314.JPEG,n03109150,512,512,0.5724143,1,imagenet_c,defocus_blur,1,none
efficientnet_b4,ILSVRC2012_val_00046473.JPEG,n03109150,512,512,0.78277546,1,imagenet_c,defocus_blur,1,none
efficientnet_b4,ILSVRC2012_val_00049188.JPEG,n03109150,512,512,0.76113635,1,imagenet_c,defocus_blur,1,none
efficientnet_b4,ILSVRC2012_val_00049321.JPEG,n03109150,512,512,0.4935721,1,imagenet_c,defocus_blur,1,none
efficientnet_b4,ILSVRC2012_val_00049620.JPEG,n03109150,512,512,0.5354896,1,imagenet_c,defocus_blur,1,none
efficientnet_b4,ILSVRC2012_val_00002171.JPEG,n03110669,513,513,0.18003866,1,imagenet_c,defocus_blur,1,none
efficientnet_b4,ILSVRC2012_val_00002547.JPEG,n03110669,513,513,0.6470717,1,imagenet_c,defocus_blur,1,none
efficientnet_b4,ILSVRC2012_val_00004054.JPEG,n03110669,513,513,0.41017774,1,imagenet_c,defocus_blur,1,none
efficientnet_b4,ILSVRC2012_val_00004350.JPEG,n03110669,513,875,0.15332036,0,imagenet_c,defocus_blur,1,none
efficientnet_b4,ILSVRC2012_val_00007359.JPEG,n03110669,513,875,0.33938748,0,imagenet_c,defocus_blur,1,none
efficientnet_b4,ILSVRC2012_val_00007427.JPEG,n03110669,513,586,0.16527878,0,imagenet_c,defocus_blur,1,none
efficientnet_b4,ILSVRC2012_val_00008033.JPEG,n03110669,513,875,0.1559982,0,imagenet_c,defocus_blur,1,none
efficientnet_b4,ILSVRC2012_val_00008298.JPEG,n03110669,513,439,0.36619586,0,imagenet_c,defocus_blur,1,none
efficientnet_b4,ILSVRC2012_val_00008380.JPEG,n03110669,513,513,0.5897032,1,imagenet_c,defocus_blur,1,none
efficientnet_b4,ILSVRC2012_val_00011620.JPEG,n03110669,513,558,0.21201998,0,imagenet_c,defocus_blur,1,none
efficientnet_b4,ILSVRC2012_val_00013373.JPEG,n03110669,513,683,0.18284495,0,imagenet_c,defocus_blur,1,none
efficientnet_b4,ILSVRC2012_val_00013454.JPEG,n03110669,513,660,0.12535702,0,imagenet_c,defocus_blur,1,none
efficientnet_b4,ILSVRC2012_val_00013587.JPEG,n03110669,513,513,0.44909558,1,imagenet_c,defocus_blur,1,none
efficientnet_b4,ILSVRC2012_val_00013933.JPEG,n03110669,513,513,0.42941508,1,imagenet_c,defocus_blur,1,none
efficientnet_b4,ILSVRC2012_val_00014906.JPEG,n03110669,513,513,0.29766676,1,imagenet_c,defocus_blur,1,none
efficientnet_b4,ILSVRC2012_val_00014951.JPEG,n03110669,513,447,0.06312025,0,imagenet_c,defocus_blur,1,none
efficientnet_b4,ILSVRC2012_val_00015238.JPEG,n03110669,513,513,0.09864966,1,imagenet_c,defocus_blur,1,none
efficientnet_b4,ILSVRC2012_val_00015331.JPEG,n03110669,513,513,0.4970801,1,imagenet_c,defocus_blur,1,none
efficientnet_b4,ILSVRC2012_val_00015433.JPEG,n03110669,513,513,0.39026156,1,imagenet_c,defocus_blur,1,none
efficientnet_b4,ILSVRC2012_val_00016017.JPEG,n03110669,513,513,0.35921305,1,imagenet_c,defocus_blur,1,none
efficientnet_b4,ILSVRC2012_val_00016723.JPEG,n03110669,513,513,0.5006013,1,imagenet_c,defocus_blur,1,none
efficientnet_b4,ILSVRC2012_val_00017037.JPEG,n03110669,513,513,0.3102808,1,imagenet_c,defocus_blur,1,none
efficientnet_b4,ILSVRC2012_val_00018886.JPEG,n03110669,513,593,0.29138544,0,imagenet_c,defocus_blur,1,none
efficientnet_b4,ILSVRC2012_val_00020782.JPEG,n03110669,513,513,0.41701388,1,imagenet_c,defocus_blur,1,none
efficientnet_b4,ILSVRC2012_val_00020854.JPEG,n03110669,513,513,0.352796,1,imagenet_c,defocus_blur,1,none
efficientnet_b4,ILSVRC2012_val_00020904.JPEG,n03110669,513,513,0.3483898,1,imagenet_c,defocus_blur,1,none
efficientnet_b4,ILSVRC2012_val_00023807.JPEG,n03110669,513,513,0.67792827,1,imagenet_c,defocus_blur,1,none
efficientnet_b4,ILSVRC2012_val_00024650.JPEG,n03110669,513,513,0.25810918,1,imagenet_c,defocus_blur,1,none
efficientnet_b4,ILSVRC2012_val_00025733.JPEG,n03110669,513,776,0.325473,0,imagenet_c,defocus_blur,1,none
efficientnet_b4,ILSVRC2012_val_00028681.JPEG,n03110669,513,875,0.0977668,0,imagenet_c,defocus_blur,1,none
efficientnet_b4,ILSVRC2012_val_00030597.JPEG,n03110669,513,513,0.3200224,1,imagenet_c,defocus_blur,1,none
efficientnet_b4,ILSVRC2012_val_00030931.JPEG,n03110669,513,513,0.5119646,1,imagenet_c,defocus_blur,1,none
efficientnet_b4,ILSVRC2012_val_00031849.JPEG,n03110669,513,743,0.184193,0,imagenet_c,defocus_blur,1,none
efficientnet_b4,ILSVRC2012_val_00032199.JPEG,n03110669,513,875,0.36917105,0,imagenet_c,defocus_blur,1,none
efficientnet_b4,ILSVRC2012_val_00032478.JPEG,n03110669,513,819,0.14027496,0,imagenet_c,defocus_blur,1,none
efficientnet_b4,ILSVRC2012_val_00032914.JPEG,n03110669,513,875,0.14995413,0,imagenet_c,defocus_blur,1,none
efficientnet_b4,ILSVRC2012_val_00034594.JPEG,n03110669,513,513,0.3655221,1,imagenet_c,defocus_blur,1,none
efficientnet_b4,ILSVRC2012_val_00037326.JPEG,n03110669,513,776,0.14649303,0,imagenet_c,defocus_blur,1,none
efficientnet_b4,ILSVRC2012_val_00037364.JPEG,n03110669,513,513,0.11571789,1,imagenet_c,defocus_blur,1,none
efficientnet_b4,ILSVRC2012_val_00037637.JPEG,n03110669,513,513,0.372042,1,imagenet_c,defocus_blur,1,none
efficientnet_b4,ILSVRC2012_val_00038682.JPEG,n03110669,513,438,0.23099914,0,imagenet_c,defocus_blur,1,none
efficientnet_b4,ILSVRC2012_val_00038881.JPEG,n03110669,513,513,0.49170235,1,imagenet_c,defocus_blur,1,none
efficientnet_b4,ILSVRC2012_val_00040493.JPEG,n03110669,513,875,0.062435664,0,imagenet_c,defocus_blur,1,none
efficientnet_b4,ILSVRC2012_val_00042107.JPEG,n03110669,513,875,0.13965246,0,imagenet_c,defocus_blur,1,none
efficientnet_b4,ILSVRC2012_val_00044886.JPEG,n03110669,513,513,0.48888296,1,imagenet_c,defocus_blur,1,none
efficientnet_b4,ILSVRC2012_val_00046216.JPEG,n03110669,513,513,0.34611815,1,imagenet_c,defocus_blur,1,none
efficientnet_b4,ILSVRC2012_val_00047890.JPEG,n03110669,513,558,0.047040746,0,imagenet_c,defocus_blur,1,none
efficientnet_b4,ILSVRC2012_val_00048456.JPEG,n03110669,513,875,0.27658617,0,imagenet_c,defocus_blur,1,none
efficientnet_b4,ILSVRC2012_val_00048631.JPEG,n03110669,513,690,0.38538623,0,imagenet_c,defocus_blur,1,none
efficientnet_b4,ILSVRC2012_val_00048637.JPEG,n03110669,513,513,0.3456633,1,imagenet_c,defocus_blur,1,none
efficientnet_b4,ILSVRC2012_val_00000766.JPEG,n03124043,514,514,0.60136384,1,imagenet_c,defocus_blur,1,none
efficientnet_b4,ILSVRC2012_val_00002116.JPEG,n03124043,514,494,0.23379637,0,imagenet_c,defocus_blur,1,none
efficientnet_b4,ILSVRC2012_val_00003024.JPEG,n03124043,514,638,0.40966257,0,imagenet_c,defocus_blur,1,none
efficientnet_b4,ILSVRC2012_val_00004270.JPEG,n03124043,514,514,0.107795365,1,imagenet_c,defocus_blur,1,none
efficientnet_b4,ILSVRC2012_val_00004432.JPEG,n03124043,514,514,0.33155346,1,imagenet_c,defocus_blur,1,none
efficientnet_b4,ILSVRC2012_val_00007622.JPEG,n03124043,514,514,0.5515512,1,imagenet_c,defocus_blur,1,none
efficientnet_b4,ILSVRC2012_val_00007876.JPEG,n03124043,514,514,0.6515984,1,imagenet_c,defocus_blur,1,none
efficientnet_b4,ILSVRC2012_val_00007970.JPEG,n03124043,514,514,0.65388286,1,imagenet_c,defocus_blur,1,none
efficientnet_b4,ILSVRC2012_val_00008082.JPEG,n03124043,514,514,0.4978055,1,imagenet_c,defocus_blur,1,none
efficientnet_b4,ILSVRC2012_val_00009429.JPEG,n03124043,514,514,0.6689684,1,imagenet_c,defocus_blur,1,none
efficientnet_b4,ILSVRC2012_val_00009953.JPEG,n03124043,514,514,0.6533988,1,imagenet_c,defocus_blur,1,none
efficientnet_b4,ILSVRC2012_val_00009961.JPEG,n03124043,514,514,0.06867267,1,imagenet_c,defocus_blur,1,none
efficientnet_b4,ILSVRC2012_val_00010789.JPEG,n03124043,514,514,0.5306485,1,imagenet_c,defocus_blur,1,none
efficientnet_b4,ILSVRC2012_val_00011858.JPEG,n03124043,514,514,0.36390513,1,imagenet_c,defocus_blur,1,none
efficientnet_b4,ILSVRC2012_val_00014900.JPEG,n03124043,514,514,0.4983282,1,imagenet_c,defocus_blur,1,none
efficientnet_b4,ILSVRC2012_val_00017295.JPEG,n03124043,514,444,0.08033274,0,imagenet_c,defocus_blur,1,none
efficientnet_b4,ILSVRC2012_val_00018173.JPEG,n03124043,514,514,0.5768551,1,imagenet_c,defocus_blur,1,none
efficientnet_b4,ILSVRC2012_val_00018409.JPEG,n03124043,514,514,0.54500806,1,imagenet_c,defocus_blur,1,none
efficientnet_b4,ILSVRC2012_val_00020588.JPEG,n03124043,514,514,0.71451527,1,imagenet_c,defocus_blur,1,none
efficientnet_b4,ILSVRC2012_val_00022123.JPEG,n03124043,514,514,0.5388073,1,imagenet_c,defocus_blur,1,none
efficientnet_b4,ILSVRC2012_val_00022986.JPEG,n03124043,514,788,0.3910832,0,imagenet_c,defocus_blur,1,none
efficientnet_b4,ILSVRC2012_val_00024915.JPEG,n03124043,514,514,0.6190465,1,imagenet_c,defocus_blur,1,none
efficientnet_b4,ILSVRC2012_val_00024923.JPEG,n03124043,514,514,0.73421746,1,imagenet_c,defocus_blur,1,none
efficientnet_b4,ILSVRC2012_val_00027845.JPEG,n03124043,514,776,0.041536745,0,imagenet_c,defocus_blur,1,none
efficientnet_b4,ILSVRC2012_val_00031385.JPEG,n03124043,514,522,0.088324614,0,imagenet_c,defocus_blur,1,none
efficientnet_b4,ILSVRC2012_val_00031886.JPEG,n03124043,514,514,0.5066952,1,imagenet_c,defocus_blur,1,none
efficientnet_b4,ILSVRC2012_val_00032271.JPEG,n03124043,514,514,0.0760506,1,imagenet_c,defocus_blur,1,none
efficientnet_b4,ILSVRC2012_val_00032549.JPEG,n03124043,514,514,0.15730034,1,imagenet_c,defocus_blur,1,none
efficientnet_b4,ILSVRC2012_val_00032790.JPEG,n03124043,514,514,0.697933,1,imagenet_c,defocus_blur,1,none
efficientnet_b4,ILSVRC2012_val_00033631.JPEG,n03124043,514,716,0.047474727,0,imagenet_c,defocus_blur,1,none
efficientnet_b4,ILSVRC2012_val_00034264.JPEG,n03124043,514,514,0.528057,1,imagenet_c,defocus_blur,1,none
efficientnet_b4,ILSVRC2012_val_00034753.JPEG,n03124043,514,512,0.346419,0,imagenet_c,defocus_blur,1,none
efficientnet_b4,ILSVRC2012_val_00035213.JPEG,n03124043,514,514,0.33947566,1,imagenet_c,defocus_blur,1,none
efficientnet_b4,ILSVRC2012_val_00035589.JPEG,n03124043,514,445,0.18754928,0,imagenet_c,defocus_blur,1,none
efficientnet_b4,ILSVRC2012_val_00037391.JPEG,n03124043,514,788,0.29757845,0,imagenet_c,defocus_blur,1,none
efficientnet_b4,ILSVRC2012_val_00037597.JPEG,n03124043,514,514,0.2781046,1,imagenet_c,defocus_blur,1,none
efficientnet_b4,ILSVRC2012_val_00039446.JPEG,n03124043,514,514,0.48687807,1,imagenet_c,defocus_blur,1,none
efficientnet_b4,ILSVRC2012_val_00040276.JPEG,n03124043,514,176,0.09150376,0,imagenet_c,defocus_blur,1,none
efficientnet_b4,ILSVRC2012_val_00040422.JPEG,n03124043,514,502,0.071628615,0,imagenet_c,defocus_blur,1,none
efficientnet_b4,ILSVRC2012_val_00041015.JPEG,n03124043,514,514,0.57630557,1,imagenet_c,defocus_blur,1,none
efficientnet_b4,ILSVRC2012_val_00041726.JPEG,n03124043,514,514,0.40399474,1,imagenet_c,defocus_blur,1,none
efficientnet_b4,ILSVRC2012_val_00042116.JPEG,n03124043,514,514,0.635907,1,imagenet_c,defocus_blur,1,none
efficientnet_b4,ILSVRC2012_val_00043397.JPEG,n03124043,514,514,0.73443836,1,imagenet_c,defocus_blur,1,none
efficientnet_b4,ILSVRC2012_val_00043569.JPEG,n03124043,514,655,0.124339305,0,imagenet_c,defocus_blur,1,none
efficientnet_b4,ILSVRC2012_val_00044146.JPEG,n03124043,514,514,0.13188049,1,imagenet_c,defocus_blur,1,none
efficientnet_b4,ILSVRC2012_val_00044397.JPEG,n03124043,514,514,0.46143797,1,imagenet_c,defocus_blur,1,none
efficientnet_b4,ILSVRC2012_val_00045555.JPEG,n03124043,514,514,0.5598419,1,imagenet_c,defocus_blur,1,none
efficientnet_b4,ILSVRC2012_val_00047590.JPEG,n03124043,514,515,0.22395463,0,imagenet_c,defocus_blur,1,none
efficientnet_b4,ILSVRC2012_val_00048554.JPEG,n03124043,514,514,0.70267797,1,imagenet_c,defocus_blur,1,none
efficientnet_b4,ILSVRC2012_val_00049053.JPEG,n03124043,514,522,0.22310407,0,imagenet_c,defocus_blur,1,none
efficientnet_b4,ILSVRC2012_val_00001875.JPEG,n03124170,515,758,0.31016555,0,imagenet_c,defocus_blur,1,none
efficientnet_b4,ILSVRC2012_val_00002368.JPEG,n03124170,515,515,0.08902295,1,imagenet_c,defocus_blur,1,none
efficientnet_b4,ILSVRC2012_val_00002639.JPEG,n03124170,515,416,0.081329145,0,imagenet_c,defocus_blur,1,none
efficientnet_b4,ILSVRC2012_val_00003256.JPEG,n03124170,515,655,0.13654643,0,imagenet_c,defocus_blur,1,none
efficientnet_b4,ILSVRC2012_val_00003760.JPEG,n03124170,515,515,0.39834073,1,imagenet_c,defocus_blur,1,none
efficientnet_b4,ILSVRC2012_val_00004413.JPEG,n03124170,515,395,0.067439,0,imagenet_c,defocus_blur,1,none
efficientnet_b4,ILSVRC2012_val_00004872.JPEG,n03124170,515,502,0.13447437,0,imagenet_c,defocus_blur,1,none
efficientnet_b4,ILSVRC2012_val_00005265.JPEG,n03124170,515,354,0.07245853,0,imagenet_c,defocus_blur,1,none
efficientnet_b4,ILSVRC2012_val_00005346.JPEG,n03124170,515,515,0.7016411,1,imagenet_c,defocus_blur,1,none
efficientnet_b4,ILSVRC2012_val_00005719.JPEG,n03124170,515,529,0.20681757,0,imagenet_c,defocus_blur,1,none
efficientnet_b4,ILSVRC2012_val_00006020.JPEG,n03124170,515,808,0.4462015,0,imagenet_c,defocus_blur,1,none
efficientnet_b4,ILSVRC2012_val_00006384.JPEG,n03124170,515,788,0.2319412,0,imagenet_c,defocus_blur,1,none
efficientnet_b4,ILSVRC2012_val_00006490.JPEG,n03124170,515,515,0.15672573,1,imagenet_c,defocus_blur,1,none
efficientnet_b4,ILSVRC2012_val_00008522.JPEG,n03124170,515,703,0.1442013,0,imagenet_c,defocus_blur,1,none
efficientnet_b4,ILSVRC2012_val_00009695.JPEG,n03124170,515,650,0.056812122,0,imagenet_c,defocus_blur,1,none
efficientnet_b4,ILSVRC2012_val_00010957.JPEG,n03124170,515,515,0.35279906,1,imagenet_c,defocus_blur,1,none
efficientnet_b4,ILSVRC2012_val_00012841.JPEG,n03124170,515,515,0.32302654,1,imagenet_c,defocus_blur,1,none
efficientnet_b4,ILSVRC2012_val_00013362.JPEG,n03124170,515,515,0.34858552,1,imagenet_c,defocus_blur,1,none
efficientnet_b4,ILSVRC2012_val_00013839.JPEG,n03124170,515,731,0.33546934,0,imagenet_c,defocus_blur,1,none
efficientnet_b4,ILSVRC2012_val_00016207.JPEG,n03124170,515,515,0.13628954,1,imagenet_c,defocus_blur,1,none
efficientnet_b4,ILSVRC2012_val_00016536.JPEG,n03124170,515,515,0.096338145,1,imagenet_c,defocus_blur,1,none
efficientnet_b4,ILSVRC2012_val_00017204.JPEG,n03124170,515,514,0.36342248,0,imagenet_c,defocus_blur,1,none
efficientnet_b4,ILSVRC2012_val_00018482.JPEG,n03124170,515,515,0.6079562,1,imagenet_c,defocus_blur,1,none
efficientnet_b4,ILSVRC2012_val_00020143.JPEG,n03124170,515,515,0.4254015,1,imagenet_c,defocus_blur,1,none
efficientnet_b4,ILSVRC2012_val_00020388.JPEG,n03124170,515,515,0.45582783,1,imagenet_c,defocus_blur,1,none
efficientnet_b4,ILSVRC2012_val_00022722.JPEG,n03124170,515,736,0.049826004,0,imagenet_c,defocus_blur,1,none
efficientnet_b4,ILSVRC2012_val_00023878.JPEG,n03124170,515,515,0.5675827,1,imagenet_c,defocus_blur,1,none
efficientnet_b4,ILSVRC2012_val_00024379.JPEG,n03124170,515,515,0.18444015,1,imagenet_c,defocus_blur,1,none
efficientnet_b4,ILSVRC2012_val_00024382.JPEG,n03124170,515,515,0.5673268,1,imagenet_c,defocus_blur,1,none
efficientnet_b4,ILSVRC2012_val_00024741.JPEG,n03124170,515,808,0.028549945,0,imagenet_c,defocus_blur,1,none
efficientnet_b4,ILSVRC2012_val_00025254.JPEG,n03124170,515,515,0.20126754,1,imagenet_c,defocus_blur,1,none
efficientnet_b4,ILSVRC2012_val_00026251.JPEG,n03124170,515,515,0.4455777,1,imagenet_c,defocus_blur,1,none
efficientnet_b4,ILSVRC2012_val_00029414.JPEG,n03124170,515,808,0.24549088,0,imagenet_c,defocus_blur,1,none
efficientnet_b4,ILSVRC2012_val_00029739.JPEG,n03124170,515,515,0.5997733,1,imagenet_c,defocus_blur,1,none
efficientnet_b4,ILSVRC2012_val_00030013.JPEG,n03124170,515,603,0.10310046,0,imagenet_c,defocus_blur,1,none
efficientnet_b4,ILSVRC2012_val_00030122.JPEG,n03124170,515,514,0.30438542,0,imagenet_c,defocus_blur,1,none
efficientnet_b4,ILSVRC2012_val_00032152.JPEG,n03124170,515,515,0.24906532,1,imagenet_c,defocus_blur,1,none
efficientnet_b4,ILSVRC2012_val_00033776.JPEG,n03124170,515,515,0.48730078,1,imagenet_c,defocus_blur,1,none
efficientnet_b4,ILSVRC2012_val_00035648.JPEG,n03124170,515,514,0.46758747,0,imagenet_c,defocus_blur,1,none
efficientnet_b4,ILSVRC2012_val_00035920.JPEG,n03124170,515,865,0.11655574,0,imagenet_c,defocus_blur,1,none
efficientnet_b4,ILSVRC2012_val_00036529.JPEG,n03124170,515,515,0.3250188,1,imagenet_c,defocus_blur,1,none
efficientnet_b4,ILSVRC2012_val_00037403.JPEG,n03124170,515,451,0.08548495,0,imagenet_c,defocus_blur,1,none
efficientnet_b4,ILSVRC2012_val_00038273.JPEG,n03124170,515,515,0.26841307,1,imagenet_c,defocus_blur,1,none
efficientnet_b4,ILSVRC2012_val_00039750.JPEG,n03124170,515,515,0.30715153,1,imagenet_c,defocus_blur,1,none
efficientnet_b4,ILSVRC2012_val_00040779.JPEG,n03124170,515,615,0.11553283,0,imagenet_c,defocus_blur,1,none
efficientnet_b4,ILSVRC2012_val_00041392.JPEG,n03124170,515,808,0.20797408,0,imagenet_c,defocus_blur,1,none
efficientnet_b4,ILSVRC2012_val_00042942.JPEG,n03124170,515,402,0.10012736,0,imagenet_c,defocus_blur,1,none
efficientnet_b4,ILSVRC2012_val_00047208.JPEG,n03124170,515,515,0.16384041,1,imagenet_c,defocus_blur,1,none
efficientnet_b4,ILSVRC2012_val_00047358.JPEG,n03124170,515,515,0.06894062,1,imagenet_c,defocus_blur,1,none
efficientnet_b4,ILSVRC2012_val_00049869.JPEG,n03124170,515,515,0.403967,1,imagenet_c,defocus_blur,1,none
efficientnet_b4,ILSVRC2012_val_00000005.JPEG,n03125729,516,431,0.20649602,0,imagenet_c,defocus_blur,1,none
efficientnet_b4,ILSVRC2012_val_00000041.JPEG,n03125729,516,431,0.5493548,0,imagenet_c,defocus_blur,1,none
efficientnet_b4,ILSVRC2012_val_00000210.JPEG,n03125729,516,431,0.18507473,0,imagenet_c,defocus_blur,1,none
efficientnet_b4,ILSVRC2012_val_00000947.JPEG,n03125729,516,431,0.35681,0,imagenet_c,defocus_blur,1,none
efficientnet_b4,ILSVRC2012_val_00001184.JPEG,n03125729,516,516,0.40662426,1,imagenet_c,defocus_blur,1,none
efficientnet_b4,ILSVRC2012_val_00001864.JPEG,n03125729,516,529,0.33506233,0,imagenet_c,defocus_blur,1,none
efficientnet_b4,ILSVRC2012_val_00003614.JPEG,n03125729,516,431,0.31648085,0,imagenet_c,defocus_blur,1,none
efficientnet_b4,ILSVRC2012_val_00003645.JPEG,n03125729,516,520,0.13417777,0,imagenet_c,defocus_blur,1,none
efficientnet_b4,ILSVRC2012_val_00004193.JPEG,n03125729,516,516,0.28447536,1,imagenet_c,defocus_blur,1,none
efficientnet_b4,ILSVRC2012_val_00004363.JPEG,n03125729,516,431,0.14486772,0,imagenet_c,defocus_blur,1,none
efficientnet_b4,ILSVRC2012_val_00004667.JPEG,n03125729,516,516,0.28313544,1,imagenet_c,defocus_blur,1,none
efficientnet_b4,ILSVRC2012_val_00005372.JPEG,n03125729,516,516,0.27559894,1,imagenet_c,defocus_blur,1,none
efficientnet_b4,ILSVRC2012_val_00007834.JPEG,n03125729,516,431,0.17450136,0,imagenet_c,defocus_blur,1,none
efficientnet_b4,ILSVRC2012_val_00008716.JPEG,n03125729,516,431,0.47844857,0,imagenet_c,defocus_blur,1,none
efficientnet_b4,ILSVRC2012_val_00009778.JPEG,n03125729,516,516,0.6993782,1,imagenet_c,defocus_blur,1,none
efficientnet_b4,ILSVRC2012_val_00009879.JPEG,n03125729,516,431,0.22167647,0,imagenet_c,defocus_blur,1,none
efficientnet_b4,ILSVRC2012_val_00010193.JPEG,n03125729,516,831,0.15911359,0,imagenet_c,defocus_blur,1,none
efficientnet_b4,ILSVRC2012_val_00010259.JPEG,n03125729,516,516,0.6118529,1,imagenet_c,defocus_blur,1,none
efficientnet_b4,ILSVRC2012_val_00010667.JPEG,n03125729,516,669,0.34269986,0,imagenet_c,defocus_blur,1,none
efficientnet_b4,ILSVRC2012_val_00013461.JPEG,n03125729,516,680,0.08655209,0,imagenet_c,defocus_blur,1,none
efficientnet_b4,ILSVRC2012_val_00013639.JPEG,n03125729,516,516,0.6094465,1,imagenet_c,defocus_blur,1,none
efficientnet_b4,ILSVRC2012_val_00014324.JPEG,n03125729,516,422,0.16421552,0,imagenet_c,defocus_blur,1,none
efficientnet_b4,ILSVRC2012_val_00014704.JPEG,n03125729,516,516,0.63814247,1,imagenet_c,defocus_blur,1,none
efficientnet_b4,ILSVRC2012_val_00015206.JPEG,n03125729,516,516,0.72450465,1,imagenet_c,defocus_blur,1,none
efficientnet_b4,ILSVRC2012_val_00015525.JPEG,n03125729,516,450,0.15506952,0,imagenet_c,defocus_blur,1,none
efficientnet_b4,ILSVRC2012_val_00015803.JPEG,n03125729,516,870,0.31297785,0,imagenet_c,defocus_blur,1,none
efficientnet_b4,ILSVRC2012_val_00016343.JPEG,n03125729,516,831,0.14414614,0,imagenet_c,defocus_blur,1,none
efficientnet_b4,ILSVRC2012_val_00017998.JPEG,n03125729,516,431,0.18714124,0,imagenet_c,defocus_blur,1,none
efficientnet_b4,ILSVRC2012_val_00018847.JPEG,n03125729,516,797,0.18239413,0,imagenet_c,defocus_blur,1,none
efficientnet_b4,ILSVRC2012_val_00018902.JPEG,n03125729,516,516,0.8285048,1,imagenet_c,defocus_blur,1,none
efficientnet_b4,ILSVRC2012_val_00019971.JPEG,n03125729,516,606,0.16291405,0,imagenet_c,defocus_blur,1,none
efficientnet_b4,ILSVRC2012_val_00021829.JPEG,n03125729,516,672,0.13650423,0,imagenet_c,defocus_blur,1,none
efficientnet_b4,ILSVRC2012_val_00025177.JPEG,n03125729,516,516,0.39761156,1,imagenet_c,defocus_blur,1,none
efficientnet_b4,ILSVRC2012_val_00025398.JPEG,n03125729,516,516,0.30475977,1,imagenet_c,defocus_blur,1,none
efficientnet_b4,ILSVRC2012_val_00027199.JPEG,n03125729,516,431,0.28348276,0,imagenet_c,defocus_blur,1,none
efficientnet_b4,ILSVRC2012_val_00028808.JPEG,n03125729,516,431,0.26447085,0,imagenet_c,defocus_blur,1,none
efficientnet_b4,ILSVRC2012_val_00030398.JPEG,n03125729,516,520,0.40355185,0,imagenet_c,defocus_blur,1,none
efficientnet_b4,ILSVRC2012_val_00032315.JPEG,n03125729,516,431,0.23969048,0,imagenet_c,defocus_blur,1,none
efficientnet_b4,ILSVRC2012_val_00033174.JPEG,n03125729,516,516,0.15567158,1,imagenet_c,defocus_blur,1,none
efficientnet_b4,ILSVRC2012_val_00033220.JPEG,n03125729,516,516,0.14953327,1,imagenet_c,defocus_blur,1,none
efficientnet_b4,ILSVRC2012_val_00035092.JPEG,n03125729,516,516,0.35999483,1,imagenet_c,defocus_blur,1,none
efficientnet_b4,ILSVRC2012_val_00036063.JPEG,n03125729,516,516,0.35218638,1,imagenet_c,defocus_blur,1,none
efficientnet_b4,ILSVRC2012_val_00036725.JPEG,n03125729,516,660,0.50030214,0,imagenet_c,defocus_blur,1,none
efficientnet_b4,ILSVRC2012_val_00037113.JPEG,n03125729,516,431,0.42853904,0,imagenet_c,defocus_blur,1,none
efficientnet_b4,ILSVRC2012_val_00038317.JPEG,n03125729,516,431,0.62020916,0,imagenet_c,defocus_blur,1,none
efficientnet_b4,ILSVRC2012_val_00038754.JPEG,n03125729,516,830,0.56901336,0,imagenet_c,defocus_blur,1,none
efficientnet_b4,ILSVRC2012_val_00038941.JPEG,n03125729,516,516,0.3248183,1,imagenet_c,defocus_blur,1,none
efficientnet_b4,ILSVRC2012_val_00041550.JPEG,n03125729,516,516,0.22577095,1,imagenet_c,defocus_blur,1,none
efficientnet_b4,ILSVRC2012_val_00044994.JPEG,n03125729,516,431,0.1664436,0,imagenet_c,defocus_blur,1,none
efficientnet_b4,ILSVRC2012_val_00048318.JPEG,n03125729,516,854,0.17123634,0,imagenet_c,defocus_blur,1,none
efficientnet_b4,ILSVRC2012_val_00000020.JPEG,n03126707,517,517,0.67761576,1,imagenet_c,defocus_blur,1,none
efficientnet_b4,ILSVRC2012_val_00000485.JPEG,n03126707,517,758,0.06440755,0,imagenet_c,defocus_blur,1,none
efficientnet_b4,ILSVRC2012_val_00000637.JPEG,n03126707,517,517,0.4605696,1,imagenet_c,defocus_blur,1,none
efficientnet_b4,ILSVRC2012_val_00000935.JPEG,n03126707,517,733,0.052012682,0,imagenet_c,defocus_blur,1,none
efficientnet_b4,ILSVRC2012_val_00002689.JPEG,n03126707,517,517,0.2271284,1,imagenet_c,defocus_blur,1,none
efficientnet_b4,ILSVRC2012_val_00003627.JPEG,n03126707,517,517,0.67530996,1,imagenet_c,defocus_blur,1,none
efficientnet_b4,ILSVRC2012_val_00004070.JPEG,n03126707,517,574,0.060109027,0,imagenet_c,defocus_blur,1,none
efficientnet_b4,ILSVRC2012_val_00004176.JPEG,n03126707,517,517,0.44014052,1,imagenet_c,defocus_blur,1,none
efficientnet_b4,ILSVRC2012_val_00004266.JPEG,n03126707,517,540,0.5528622,0,imagenet_c,defocus_blur,1,none
efficientnet_b4,ILSVRC2012_val_00006428.JPEG,n03126707,517,913,0.051101726,0,imagenet_c,defocus_blur,1,none
efficientnet_b4,ILSVRC2012_val_00012665.JPEG,n03126707,517,449,0.058171153,0,imagenet_c,defocus_blur,1,none
efficientnet_b4,ILSVRC2012_val_00013339.JPEG,n03126707,517,488,0.43996903,0,imagenet_c,defocus_blur,1,none
efficientnet_b4,ILSVRC2012_val_00015188.JPEG,n03126707,517,517,0.66345865,1,imagenet_c,defocus_blur,1,none
efficientnet_b4,ILSVRC2012_val_00016372.JPEG,n03126707,517,517,0.046212792,1,imagenet_c,defocus_blur,1,none
efficientnet_b4,ILSVRC2012_val_00019740.JPEG,n03126707,517,517,0.3177658,1,imagenet_c,defocus_blur,1,none
efficientnet_b4,ILSVRC2012_val_00020687.JPEG,n03126707,517,517,0.5178792,1,imagenet_c,defocus_blur,1,none
efficientnet_b4,ILSVRC2012_val_00022541.JPEG,n03126707,517,517,0.67821795,1,imagenet_c,defocus_blur,1,none
efficientnet_b4,ILSVRC2012_val_00022837.JPEG,n03126707,517,912,0.100645214,0,imagenet_c,defocus_blur,1,none
efficientnet_b4,ILSVRC2012_val_00025803.JPEG,n03126707,517,517,0.2357631,1,imagenet_c,defocus_blur,1,none
efficientnet_b4,ILSVRC2012_val_00026461.JPEG,n03126707,517,517,0.7261844,1,imagenet_c,defocus_blur,1,none
efficientnet_b4,ILSVRC2012_val_00027091.JPEG,n03126707,517,510,0.089735486,0,imagenet_c,defocus_blur,1,none
efficientnet_b4,ILSVRC2012_val_00030723.JPEG,n03126707,517,536,0.08977606,0,imagenet_c,defocus_blur,1,none
efficientnet_b4,ILSVRC2012_val_00030977.JPEG,n03126707,517,517,0.6404345,1,imagenet_c,defocus_blur,1,none
efficientnet_b4,ILSVRC2012_val_00031022.JPEG,n03126707,517,517,0.71648073,1,imagenet_c,defocus_blur,1,none
efficientnet_b4,ILSVRC2012_val_00031137.JPEG,n03126707,517,536,0.22399378,0,imagenet_c,defocus_blur,1,none
efficientnet_b4,ILSVRC2012_val_00035122.JPEG,n03126707,517,536,0.07827673,0,imagenet_c,defocus_blur,1,none
efficientnet_b4,ILSVRC2012_val_00035686.JPEG,n03126707,517,517,0.52925235,1,imagenet_c,defocus_blur,1,none
efficientnet_b4,ILSVRC2012_val_00037953.JPEG,n03126707,517,517,0.6500363,1,imagenet_c,defocus_blur,1,none
efficientnet_b4,ILSVRC2012_val_00038038.JPEG,n03126707,517,517,0.52913356,1,imagenet_c,defocus_blur,1,none
efficientnet_b4,ILSVRC2012_val_00038795.JPEG,n03126707,517,517,0.37970883,1,imagenet_c,defocus_blur,1,none
efficientnet_b4,ILSVRC2012_val_00039604.JPEG,n03126707,517,540,0.2556344,0,imagenet_c,defocus_blur,1,none
efficientnet_b4,ILSVRC2012_val_00040962.JPEG,n03126707,517,540,0.26334438,0,imagenet_c,defocus_blur,1,none
efficientnet_b4,ILSVRC2012_val_00041058.JPEG,n03126707,517,517,0.49240074,1,imagenet_c,defocus_blur,1,none
efficientnet_b4,ILSVRC2012_val_00041509.JPEG,n03126707,517,517,0.57995355,1,imagenet_c,defocus_blur,1,none
efficientnet_b4,ILSVRC2012_val_00041625.JPEG,n03126707,517,517,0.2860283,1,imagenet_c,defocus_blur,1,none
efficientnet_b4,ILSVRC2012_val_00042365.JPEG,n03126707,517,517,0.4615186,1,imagenet_c,defocus_blur,1,none
efficientnet_b4,ILSVRC2012_val_00042542.JPEG,n03126707,517,704,0.054884855,0,imagenet_c,defocus_blur,1,none
efficientnet_b4,ILSVRC2012_val_00043871.JPEG,n03126707,517,517,0.51921135,1,imagenet_c,defocus_blur,1,none
efficientnet_b4,ILSVRC2012_val_00044019.JPEG,n03126707,517,517,0.30205658,1,imagenet_c,defocus_blur,1,none
efficientnet_b4,ILSVRC2012_val_00044118.JPEG,n03126707,517,702,0.14829312,0,imagenet_c,defocus_blur,1,none
efficientnet_b4,ILSVRC2012_val_00044885.JPEG,n03126707,517,733,0.050113086,0,imagenet_c,defocus_blur,1,none
efficientnet_b4,ILSVRC2012_val_00045689.JPEG,n03126707,517,517,0.27504757,1,imagenet_c,defocus_blur,1,none
efficientnet_b4,ILSVRC2012_val_00046401.JPEG,n03126707,517,517,0.5095532,1,imagenet_c,defocus_blur,1,none
efficientnet_b4,ILSVRC2012_val_00046682.JPEG,n03126707,517,536,0.13805121,0,imagenet_c,defocus_blur,1,none
efficientnet_b4,ILSVRC2012_val_00047451.JPEG,n03126707,517,536,0.19682384,0,imagenet_c,defocus_blur,1,none
efficientnet_b4,ILSVRC2012_val_00047718.JPEG,n03126707,517,540,0.14892143,0,imagenet_c,defocus_blur,1,none
efficientnet_b4,ILSVRC2012_val_00047953.JPEG,n03126707,517,517,0.32698858,1,imagenet_c,defocus_blur,1,none
efficientnet_b4,ILSVRC2012_val_00048470.JPEG,n03126707,517,517,0.3551024,1,imagenet_c,defocus_blur,1,none
efficientnet_b4,ILSVRC2012_val_00048681.JPEG,n03126707,517,517,0.60943514,1,imagenet_c,defocus_blur,1,none
efficientnet_b4,ILSVRC2012_val_00049131.JPEG,n03126707,517,517,0.1503005,1,imagenet_c,defocus_blur,1,none
efficientnet_b4,ILSVRC2012_val_00001689.JPEG,n03127747,518,518,0.88011616,1,imagenet_c,defocus_blur,1,none
efficientnet_b4,ILSVRC2012_val_00001756.JPEG,n03127747,518,518,0.53498316,1,imagenet_c,defocus_blur,1,none
efficientnet_b4,ILSVRC2012_val_00003732.JPEG,n03127747,518,671,0.3487127,0,imagenet_c,defocus_blur,1,none
efficientnet_b4,ILSVRC2012_val_00004202.JPEG,n03127747,518,518,0.67680293,1,imagenet_c,defocus_blur,1,none
efficientnet_b4,ILSVRC2012_val_00006425.JPEG,n03127747,518,518,0.7468848,1,imagenet_c,defocus_blur,1,none
efficientnet_b4,ILSVRC2012_val_00006869.JPEG,n03127747,518,518,0.3331544,1,imagenet_c,defocus_blur,1,none
efficientnet_b4,ILSVRC2012_val_00007849.JPEG,n03127747,518,518,0.66388613,1,imagenet_c,defocus_blur,1,none
efficientnet_b4,ILSVRC2012_val_00010526.JPEG,n03127747,518,518,0.56261307,1,imagenet_c,defocus_blur,1,none
efficientnet_b4,ILSVRC2012_val_00011868.JPEG,n03127747,518,518,0.6820806,1,imagenet_c,defocus_blur,1,none
efficientnet_b4,ILSVRC2012_val_00013302.JPEG,n03127747,518,518,0.7483423,1,imagenet_c,defocus_blur,1,none
efficientnet_b4,ILSVRC2012_val_00013542.JPEG,n03127747,518,518,0.14472355,1,imagenet_c,defocus_blur,1,none
efficientnet_b4,ILSVRC2012_val_00014434.JPEG,n03127747,518,518,0.6694293,1,imagenet_c,defocus_blur,1,none
efficientnet_b4,ILSVRC2012_val_00014959.JPEG,n03127747,518,518,0.75795835,1,imagenet_c,defocus_blur,1,none
efficientnet_b4,ILSVRC2012_val_00015934.JPEG,n03127747,518,518,0.32947052,1,imagenet_c,defocus_blur,1,none
efficientnet_b4,ILSVRC2012_val_00016289.JPEG,n03127747,518,518,0.6573629,1,imagenet_c,defocus_blur,1,none
efficientnet_b4,ILSVRC2012_val_00016822.JPEG,n03127747,518,518,0.72283506,1,imagenet_c,defocus_blur,1,none
efficientnet_b4,ILSVRC2012_val_00016938.JPEG,n03127747,518,518,0.60374236,1,imagenet_c,defocus_blur,1,none
efficientnet_b4,ILSVRC2012_val_00017023.JPEG,n03127747,518,518,0.8371992,1,imagenet_c,defocus_blur,1,none
efficientnet_b4,ILSVRC2012_val_00018027.JPEG,n03127747,518,518,0.6441979,1,imagenet_c,defocus_blur,1,none
efficientnet_b4,ILSVRC2012_val_00021438.JPEG,n03127747,518,518,0.7973916,1,imagenet_c,defocus_blur,1,none
efficientnet_b4,ILSVRC2012_val_00021484.JPEG,n03127747,518,518,0.75865346,1,imagenet_c,defocus_blur,1,none
efficientnet_b4,ILSVRC2012_val_00021592.JPEG,n03127747,518,518,0.7245202,1,imagenet_c,defocus_blur,1,none
efficientnet_b4,ILSVRC2012_val_00022689.JPEG,n03127747,518,518,0.42996162,1,imagenet_c,defocus_blur,1,none
efficientnet_b4,ILSVRC2012_val_00023908.JPEG,n03127747,518,518,0.76987183,1,imagenet_c,defocus_blur,1,none
efficientnet_b4,ILSVRC2012_val_00023927.JPEG,n03127747,518,518,0.74505395,1,imagenet_c,defocus_blur,1,none
efficientnet_b4,ILSVRC2012_val_00025383.JPEG,n03127747,518,759,0.07360775,0,imagenet_c,defocus_blur,1,none
efficientnet_b4,ILSVRC2012_val_00025590.JPEG,n03127747,518,518,0.7143846,1,imagenet_c,defocus_blur,1,none
efficientnet_b4,ILSVRC2012_val_00025943.JPEG,n03127747,518,518,0.7966789,1,imagenet_c,defocus_blur,1,none
efficientnet_b4,ILSVRC2012_val_00028382.JPEG,n03127747,518,518,0.470253,1,imagenet_c,defocus_blur,1,none
efficientnet_b4,ILSVRC2012_val_00028729.JPEG,n03127747,518,518,0.86255085,1,imagenet_c,defocus_blur,1,none
efficientnet_b4,ILSVRC2012_val_00030481.JPEG,n03127747,518,450,0.26942396,0,imagenet_c,defocus_blur,1,none
efficientnet_b4,ILSVRC2012_val_00031482.JPEG,n03127747,518,518,0.6169062,1,imagenet_c,defocus_blur,1,none
efficientnet_b4,ILSVRC2012_val_00031743.JPEG,n03127747,518,518,0.55274594,1,imagenet_c,defocus_blur,1,none
efficientnet_b4,ILSVRC2012_val_00034212.JPEG,n03127747,518,518,0.76099384,1,imagenet_c,defocus_blur,1,none
efficientnet_b4,ILSVRC2012_val_00034685.JPEG,n03127747,518,518,0.73192513,1,imagenet_c,defocus_blur,1,none
efficientnet_b4,ILSVRC2012_val_00034925.JPEG,n03127747,518,518,0.72354406,1,imagenet_c,defocus_blur,1,none
efficientnet_b4,ILSVRC2012_val_00035082.JPEG,n03127747,518,518,0.81125283,1,imagenet_c,defocus_blur,1,none
efficientnet_b4,ILSVRC2012_val_00036211.JPEG,n03127747,518,671,0.3913293,0,imagenet_c,defocus_blur,1,none
efficientnet_b4,ILSVRC2012_val_00036930.JPEG,n03127747,518,818,0.22542396,0,imagenet_c,defocus_blur,1,none
efficientnet_b4,ILSVRC2012_val_00038036.JPEG,n03127747,518,518,0.8253675,1,imagenet_c,defocus_blur,1,none
efficientnet_b4,ILSVRC2012_val_00040988.JPEG,n03127747,518,518,0.67536503,1,imagenet_c,defocus_blur,1,none
efficientnet_b4,ILSVRC2012_val_00041023.JPEG,n03127747,518,518,0.5617273,1,imagenet_c,defocus_blur,1,none
efficientnet_b4,ILSVRC2012_val_00041350.JPEG,n03127747,518,518,0.5524693,1,imagenet_c,defocus_blur,1,none
efficientnet_b4,ILSVRC2012_val_00043175.JPEG,n03127747,518,518,0.57346004,1,imagenet_c,defocus_blur,1,none
efficientnet_b4,ILSVRC2012_val_00044124.JPEG,n03127747,518,518,0.3443878,1,imagenet_c,defocus_blur,1,none
efficientnet_b4,ILSVRC2012_val_00044152.JPEG,n03127747,518,518,0.6901548,1,imagenet_c,defocus_blur,1,none
efficientnet_b4,ILSVRC2012_val_00044282.JPEG,n03127747,518,518,0.68464947,1,imagenet_c,defocus_blur,1,none
efficientnet_b4,ILSVRC2012_val_00047186.JPEG,n03127747,518,518,0.58522344,1,imagenet_c,defocus_blur,1,none
efficientnet_b4,ILSVRC2012_val_00047689.JPEG,n03127747,518,518,0.2361979,1,imagenet_c,defocus_blur,1,none
efficientnet_b4,ILSVRC2012_val_00049691.JPEG,n03127747,518,518,0.77907866,1,imagenet_c,defocus_blur,1,none
efficientnet_b4,ILSVRC2012_val_00001411.JPEG,n03127925,519,675,0.62405694,0,imagenet_c,defocus_blur,1,none
efficientnet_b4,ILSVRC2012_val_00001452.JPEG,n03127925,519,634,0.11972728,0,imagenet_c,defocus_blur,1,none
efficientnet_b4,ILSVRC2012_val_00001600.JPEG,n03127925,519,492,0.08129379,0,imagenet_c,defocus_blur,1,none
efficientnet_b4,ILSVRC2012_val_00003425.JPEG,n03127925,519,675,0.066257685,0,imagenet_c,defocus_blur,1,none
efficientnet_b4,ILSVRC2012_val_00003847.JPEG,n03127925,519,519,0.70706666,1,imagenet_c,defocus_blur,1,none
efficientnet_b4,ILSVRC2012_val_00003971.JPEG,n03127925,519,664,0.21581149,0,imagenet_c,defocus_blur,1,none
efficientnet_b4,ILSVRC2012_val_00004169.JPEG,n03127925,519,519,0.10060506,1,imagenet_c,defocus_blur,1,none
efficientnet_b4,ILSVRC2012_val_00004481.JPEG,n03127925,519,519,0.0625511,1,imagenet_c,defocus_blur,1,none
efficientnet_b4,ILSVRC2012_val_00004533.JPEG,n03127925,519,519,0.17017241,1,imagenet_c,defocus_blur,1,none
efficientnet_b4,ILSVRC2012_val_00005741.JPEG,n03127925,519,519,0.7424235,1,imagenet_c,defocus_blur,1,none
efficientnet_b4,ILSVRC2012_val_00005893.JPEG,n03127925,519,519,0.21779643,1,imagenet_c,defocus_blur,1,none
efficientnet_b4,ILSVRC2012_val_00007666.JPEG,n03127925,519,648,0.050465155,0,imagenet_c,defocus_blur,1,none
efficientnet_b4,ILSVRC2012_val_00007784.JPEG,n03127925,519,519,0.4853662,1,imagenet_c,defocus_blur,1,none
efficientnet_b4,ILSVRC2012_val_00008681.JPEG,n03127925,519,478,0.23672388,0,imagenet_c,defocus_blur,1,none
efficientnet_b4,ILSVRC2012_val_00009787.JPEG,n03127925,519,410,0.3343787,0,imagenet_c,defocus_blur,1,none
efficientnet_b4,ILSVRC2012_val_00010710.JPEG,n03127925,519,519,0.47228602,1,imagenet_c,defocus_blur,1,none
efficientnet_b4,ILSVRC2012_val_00012465.JPEG,n03127925,519,519,0.5450634,1,imagenet_c,defocus_blur,1,none
efficientnet_b4,ILSVRC2012_val_00013348.JPEG,n03127925,519,519,0.5192534,1,imagenet_c,defocus_blur,1,none
efficientnet_b4,ILSVRC2012_val_00014628.JPEG,n03127925,519,463,0.21109197,0,imagenet_c,defocus_blur,1,none
efficientnet_b4,ILSVRC2012_val_00015057.JPEG,n03127925,519,519,0.22588198,1,imagenet_c,defocus_blur,1,none
efficientnet_b4,ILSVRC2012_val_00015290.JPEG,n03127925,519,519,0.10353721,1,imagenet_c,defocus_blur,1,none
efficientnet_b4,ILSVRC2012_val_00016539.JPEG,n03127925,519,519,0.45580283,1,imagenet_c,defocus_blur,1,none
efficientnet_b4,ILSVRC2012_val_00017591.JPEG,n03127925,519,519,0.7372252,1,imagenet_c,defocus_blur,1,none
efficientnet_b4,ILSVRC2012_val_00017655.JPEG,n03127925,519,478,0.19877724,0,imagenet_c,defocus_blur,1,none
efficientnet_b4,ILSVRC2012_val_00017932.JPEG,n03127925,519,519,0.5197452,1,imagenet_c,defocus_blur,1,none
efficientnet_b4,ILSVRC2012_val_00019472.JPEG,n03127925,519,519,0.6640593,1,imagenet_c,defocus_blur,1,none
efficientnet_b4,ILSVRC2012_val_00020004.JPEG,n03127925,519,519,0.41652048,1,imagenet_c,defocus_blur,1,none
efficientnet_b4,ILSVRC2012_val_00020677.JPEG,n03127925,519,510,0.09847202,0,imagenet_c,defocus_blur,1,none
efficientnet_b4,ILSVRC2012_val_00023318.JPEG,n03127925,519,519,0.48677927,1,imagenet_c,defocus_blur,1,none
efficientnet_b4,ILSVRC2012_val_00024159.JPEG,n03127925,519,692,0.19564989,0,imagenet_c,defocus_blur,1,none
efficientnet_b4,ILSVRC2012_val_00025671.JPEG,n03127925,519,428,0.040567145,0,imagenet_c,defocus_blur,1,none
efficientnet_b4,ILSVRC2012_val_00026364.JPEG,n03127925,519,519,0.45556936,1,imagenet_c,defocus_blur,1,none
efficientnet_b4,ILSVRC2012_val_00027175.JPEG,n03127925,519,519,0.6647873,1,imagenet_c,defocus_blur,1,none
efficientnet_b4,ILSVRC2012_val_00027441.JPEG,n03127925,519,907,0.12743947,0,imagenet_c,defocus_blur,1,none
efficientnet_b4,ILSVRC2012_val_00027543.JPEG,n03127925,519,519,0.27298597,1,imagenet_c,defocus_blur,1,none
efficientnet_b4,ILSVRC2012_val_00027797.JPEG,n03127925,519,519,0.7001858,1,imagenet_c,defocus_blur,1,none
efficientnet_b4,ILSVRC2012_val_00028032.JPEG,n03127925,519,239,0.3223994,0,imagenet_c,defocus_blur,1,none
efficientnet_b4,ILSVRC2012_val_00028240.JPEG,n03127925,519,519,0.38648552,1,imagenet_c,defocus_blur,1,none
efficientnet_b4,ILSVRC2012_val_00029205.JPEG,n03127925,519,519,0.657598,1,imagenet_c,defocus_blur,1,none
efficientnet_b4,ILSVRC2012_val_00030004.JPEG,n03127925,519,519,0.66903424,1,imagenet_c,defocus_blur,1,none
efficientnet_b4,ILSVRC2012_val_00034903.JPEG,n03127925,519,519,0.5805056,1,imagenet_c,defocus_blur,1,none
efficientnet_b4,ILSVRC2012_val_00037023.JPEG,n03127925,519,410,0.16604196,0,imagenet_c,defocus_blur,1,none
efficientnet_b4,ILSVRC2012_val_00037647.JPEG,n03127925,519,811,0.2594696,0,imagenet_c,defocus_blur,1,none
efficientnet_b4,ILSVRC2012_val_00039607.JPEG,n03127925,519,519,0.66912776,1,imagenet_c,defocus_blur,1,none
efficientnet_b4,ILSVRC2012_val_00039897.JPEG,n03127925,519,580,0.063609846,0,imagenet_c,defocus_blur,1,none
efficientnet_b4,ILSVRC2012_val_00045564.JPEG,n03127925,519,519,0.10027088,1,imagenet_c,defocus_blur,1,none
efficientnet_b4,ILSVRC2012_val_00045710.JPEG,n03127925,519,478,0.05403241,0,imagenet_c,defocus_blur,1,none
efficientnet_b4,ILSVRC2012_val_00046487.JPEG,n03127925,519,519,0.67070144,1,imagenet_c,defocus_blur,1,none
efficientnet_b4,ILSVRC2012_val_00047344.JPEG,n03127925,519,519,0.5450101,1,imagenet_c,defocus_blur,1,none
efficientnet_b4,ILSVRC2012_val_00049100.JPEG,n03127925,519,519,0.63839716,1,imagenet_c,defocus_blur,1,none
efficientnet_b4,ILSVRC2012_val_00003036.JPEG,n03131574,520,520,0.6894011,1,imagenet_c,defocus_blur,1,none
efficientnet_b4,ILSVRC2012_val_00003173.JPEG,n03131574,520,520,0.20675208,1,imagenet_c,defocus_blur,1,none
efficientnet_b4,ILSVRC2012_val_00004460.JPEG,n03131574,520,520,0.1481799,1,imagenet_c,defocus_blur,1,none
efficientnet_b4,ILSVRC2012_val_00004602.JPEG,n03131574,520,520,0.4848042,1,imagenet_c,defocus_blur,1,none
efficientnet_b4,ILSVRC2012_val_00008353.JPEG,n03131574,520,520,0.4909641,1,imagenet_c,defocus_blur,1,none
efficientnet_b4,ILSVRC2012_val_00009699.JPEG,n03131574,520,520,0.22820464,1,imagenet_c,defocus_blur,1,none
efficientnet_b4,ILSVRC2012_val_00010489.JPEG,n03131574,520,520,0.2749745,1,imagenet_c,defocus_blur,1,none
efficientnet_b4,ILSVRC2012_val_00011078.JPEG,n03131574,520,431,0.39778414,0,imagenet_c,defocus_blur,1,none
efficientnet_b4,ILSVRC2012_val_00011250.JPEG,n03131574,520,520,0.54491657,1,imagenet_c,defocus_blur,1,none
efficientnet_b4,ILSVRC2012_val_00011415.JPEG,n03131574,520,520,0.45284963,1,imagenet_c,defocus_blur,1,none
efficientnet_b4,ILSVRC2012_val_00011850.JPEG,n03131574,520,516,0.62343854,0,imagenet_c,defocus_blur,1,none
efficientnet_b4,ILSVRC2012_val_00014289.JPEG,n03131574,520,520,0.4186846,1,imagenet_c,defocus_blur,1,none
efficientnet_b4,ILSVRC2012_val_00014583.JPEG,n03131574,520,520,0.68825054,1,imagenet_c,defocus_blur,1,none
efficientnet_b4,ILSVRC2012_val_00015227.JPEG,n03131574,520,520,0.49212885,1,imagenet_c,defocus_blur,1,none
efficientnet_b4,ILSVRC2012_val_00016407.JPEG,n03131574,520,520,0.6029993,1,imagenet_c,defocus_blur,1,none
efficientnet_b4,ILSVRC2012_val_00016481.JPEG,n03131574,520,520,0.5685071,1,imagenet_c,defocus_blur,1,none
efficientnet_b4,ILSVRC2012_val_00017192.JPEG,n03131574,520,520,0.33626673,1,imagenet_c,defocus_blur,1,none
efficientnet_b4,ILSVRC2012_val_00017218.JPEG,n03131574,520,520,0.5209937,1,imagenet_c,defocus_blur,1,none
efficientnet_b4,ILSVRC2012_val_00019340.JPEG,n03131574,520,520,0.6741672,1,imagenet_c,defocus_blur,1,none
efficientnet_b4,ILSVRC2012_val_00020374.JPEG,n03131574,520,520,0.54753876,1,imagenet_c,defocus_blur,1,none
efficientnet_b4,ILSVRC2012_val_00021644.JPEG,n03131574,520,516,0.39825305,0,imagenet_c,defocus_blur,1,none
efficientnet_b4,ILSVRC2012_val_00022199.JPEG,n03131574,520,431,0.34455085,0,imagenet_c,defocus_blur,1,none
efficientnet_b4,ILSVRC2012_val_00022500.JPEG,n03131574,520,520,0.6187609,1,imagenet_c,defocus_blur,1,none
efficientnet_b4,ILSVRC2012_val_00025653.JPEG,n03131574,520,520,0.37791765,1,imagenet_c,defocus_blur,1,none
efficientnet_b4,ILSVRC2012_val_00027216.JPEG,n03131574,520,516,0.8867131,0,imagenet_c,defocus_blur,1,none
efficientnet_b4,ILSVRC2012_val_00027577.JPEG,n03131574,520,431,0.3892837,0,imagenet_c,defocus_blur,1,none
efficientnet_b4,ILSVRC2012_val_00029989.JPEG,n03131574,520,520,0.324486,1,imagenet_c,defocus_blur,1,none
efficientnet_b4,ILSVRC2012_val_00031029.JPEG,n03131574,520,520,0.40725008,1,imagenet_c,defocus_blur,1,none
efficientnet_b4,ILSVRC2012_val_00032055.JPEG,n03131574,520,520,0.3872109,1,imagenet_c,defocus_blur,1,none
efficientnet_b4,ILSVRC2012_val_00032491.JPEG,n03131574,520,516,0.5223736,0,imagenet_c,defocus_blur,1,none
efficientnet_b4,ILSVRC2012_val_00033692.JPEG,n03131574,520,520,0.64550716,1,imagenet_c,defocus_blur,1,none
efficientnet_b4,ILSVRC2012_val_00033955.JPEG,n03131574,520,520,0.35592908,1,imagenet_c,defocus_blur,1,none
efficientnet_b4,ILSVRC2012_val_00034154.JPEG,n03131574,520,520,0.4314005,1,imagenet_c,defocus_blur,1,none
efficientnet_b4,ILSVRC2012_val_00034262.JPEG,n03131574,520,520,0.15801124,1,imagenet_c,defocus_blur,1,none
efficientnet_b4,ILSVRC2012_val_00034723.JPEG,n03131574,520,894,0.14470576,0,imagenet_c,defocus_blur,1,none
efficientnet_b4,ILSVRC2012_val_00034761.JPEG,n03131574,520,520,0.32828164,1,imagenet_c,defocus_blur,1,none
efficientnet_b4,ILSVRC2012_val_00036262.JPEG,n03131574,520,830,0.08869346,0,imagenet_c,defocus_blur,1,none
efficientnet_b4,ILSVRC2012_val_00037461.JPEG,n03131574,520,520,0.44549227,1,imagenet_c,defocus_blur,1,none
efficientnet_b4,ILSVRC2012_val_00038610.JPEG,n03131574,520,199,0.045503773,0,imagenet_c,defocus_blur,1,none
efficientnet_b4,ILSVRC2012_val_00039064.JPEG,n03131574,520,191,0.30162537,0,imagenet_c,defocus_blur,1,none
efficientnet_b4,ILSVRC2012_val_00040407.JPEG,n03131574,520,520,0.43626046,1,imagenet_c,defocus_blur,1,none
efficientnet_b4,ILSVRC2012_val_00041373.JPEG,n03131574,520,790,0.1393704,0,imagenet_c,defocus_blur,1,none
efficientnet_b4,ILSVRC2012_val_00042847.JPEG,n03131574,520,431,0.46553907,0,imagenet_c,defocus_blur,1,none
efficientnet_b4,ILSVRC2012_val_00043010.JPEG,n03131574,520,790,0.29154238,0,imagenet_c,defocus_blur,1,none
efficientnet_b4,ILSVRC2012_val_00043169.JPEG,n03131574,520,729,0.40646198,0,imagenet_c,defocus_blur,1,none
efficientnet_b4,ILSVRC2012_val_00044316.JPEG,n03131574,520,520,0.53757066,1,imagenet_c,defocus_blur,1,none
efficientnet_b4,ILSVRC2012_val_00045370.JPEG,n03131574,520,520,0.5280258,1,imagenet_c,defocus_blur,1,none
efficientnet_b4,ILSVRC2012_val_00045719.JPEG,n03131574,520,520,0.43050233,1,imagenet_c,defocus_blur,1,none
efficientnet_b4,ILSVRC2012_val_00046729.JPEG,n03131574,520,520,0.5566935,1,imagenet_c,defocus_blur,1,none
efficientnet_b4,ILSVRC2012_val_00049848.JPEG,n03131574,520,520,0.68746233,1,imagenet_c,defocus_blur,1,none
efficientnet_b4,ILSVRC2012_val_00000534.JPEG,n03133878,521,521,0.46302995,1,imagenet_c,defocus_blur,1,none
efficientnet_b4,ILSVRC2012_val_00000718.JPEG,n03133878,521,521,0.6820965,1,imagenet_c,defocus_blur,1,none
efficientnet_b4,ILSVRC2012_val_00004343.JPEG,n03133878,521,544,0.21048921,0,imagenet_c,defocus_blur,1,none
efficientnet_b4,ILSVRC2012_val_00004670.JPEG,n03133878,521,521,0.6201817,1,imagenet_c,defocus_blur,1,none
efficientnet_b4,ILSVRC2012_val_00005715.JPEG,n03133878,521,521,0.36039126,1,imagenet_c,defocus_blur,1,none
efficientnet_b4,ILSVRC2012_val_00006347.JPEG,n03133878,521,521,0.51470494,1,imagenet_c,defocus_blur,1,none
efficientnet_b4,ILSVRC2012_val_00006932.JPEG,n03133878,521,521,0.78358644,1,imagenet_c,defocus_blur,1,none
efficientnet_b4,ILSVRC2012_val_00008989.JPEG,n03133878,521,544,0.122534,0,imagenet_c,defocus_blur,1,none
efficientnet_b4,ILSVRC2012_val_00009328.JPEG,n03133878,521,521,0.7776013,1,imagenet_c,defocus_blur,1,none
efficientnet_b4,ILSVRC2012_val_00010875.JPEG,n03133878,521,521,0.6565565,1,imagenet_c,defocus_blur,1,none
efficientnet_b4,ILSVRC2012_val_00011276.JPEG,n03133878,521,521,0.32250562,1,imagenet_c,defocus_blur,1,none
efficientnet_b4,ILSVRC2012_val_00011557.JPEG,n03133878,521,521,0.4238344,1,imagenet_c,defocus_blur,1,none
efficientnet_b4,ILSVRC2012_val_00011826.JPEG,n03133878,521,521,0.51481766,1,imagenet_c,defocus_blur,1,none
efficientnet_b4,ILSVRC2012_val_00012686.JPEG,n03133878,521,521,0.7983629,1,imagenet_c,defocus_blur,1,none
efficientnet_b4,ILSVRC2012_val_00014910.JPEG,n03133878,521,567,0.6003494,0,imagenet_c,defocus_blur,1,none
efficientnet_b4,ILSVRC2012_val_00015954.JPEG,n03133878,521,969,0.3586031,0,imagenet_c,defocus_blur,1,none
efficientnet_b4,ILSVRC2012_val_00017191.JPEG,n03133878,521,521,0.25402954,1,imagenet_c,defocus_blur,1,none
efficientnet_b4,ILSVRC2012_val_00017283.JPEG,n03133878,521,521,0.3559266,1,imagenet_c,defocus_blur,1,none
efficientnet_b4,ILSVRC2012_val_00018930.JPEG,n03133878,521,521,0.35308084,1,imagenet_c,defocus_blur,1,none
efficientnet_b4,ILSVRC2012_val_00020440.JPEG,n03133878,521,926,0.22805929,0,imagenet_c,defocus_blur,1,none
efficientnet_b4,ILSVRC2012_val_00020891.JPEG,n03133878,521,673,0.2478106,0,imagenet_c,defocus_blur,1,none
efficientnet_b4,ILSVRC2012_val_00021118.JPEG,n03133878,521,521,0.49446642,1,imagenet_c,defocus_blur,1,none
efficientnet_b4,ILSVRC2012_val_00021589.JPEG,n03133878,521,521,0.19549851,1,imagenet_c,defocus_blur,1,none
efficientnet_b4,ILSVRC2012_val_00022797.JPEG,n03133878,521,521,0.72460353,1,imagenet_c,defocus_blur,1,none
efficientnet_b4,ILSVRC2012_val_00023418.JPEG,n03133878,521,521,0.6095882,1,imagenet_c,defocus_blur,1,none
efficientnet_b4,ILSVRC2012_val_00024436.JPEG,n03133878,521,521,0.7165368,1,imagenet_c,defocus_blur,1,none
efficientnet_b4,ILSVRC2012_val_00027455.JPEG,n03133878,521,521,0.73460937,1,imagenet_c,defocus_blur,1,none
efficientnet_b4,ILSVRC2012_val_00029433.JPEG,n03133878,521,521,0.38422212,1,imagenet_c,defocus_blur,1,none
efficientnet_b4,ILSVRC2012_val_00029502.JPEG,n03133878,521,731,0.044980377,0,imagenet_c,defocus_blur,1,none
efficientnet_b4,ILSVRC2012_val_00030766.JPEG,n03133878,521,521,0.6403549,1,imagenet_c,defocus_blur,1,none
efficientnet_b4,ILSVRC2012_val_00031187.JPEG,n03133878,521,521,0.577867,1,imagenet_c,defocus_blur,1,none
efficientnet_b4,ILSVRC2012_val_00031362.JPEG,n03133878,521,521,0.52800536,1,imagenet_c,defocus_blur,1,none
efficientnet_b4,ILSVRC2012_val_00032137.JPEG,n03133878,521,521,0.507114,1,imagenet_c,defocus_blur,1,none
efficientnet_b4,ILSVRC2012_val_00032279.JPEG,n03133878,521,521,0.41776827,1,imagenet_c,defocus_blur,1,none
efficientnet_b4,ILSVRC2012_val_00032915.JPEG,n03133878,521,521,0.3261237,1,imagenet_c,defocus_blur,1,none
efficientnet_b4,ILSVRC2012_val_00033981.JPEG,n03133878,521,521,0.6085369,1,imagenet_c,defocus_blur,1,none
efficientnet_b4,ILSVRC2012_val_00035267.JPEG,n03133878,521,926,0.366081,0,imagenet_c,defocus_blur,1,none
efficientnet_b4,ILSVRC2012_val_00035580.JPEG,n03133878,521,521,0.6388796,1,imagenet_c,defocus_blur,1,none
efficientnet_b4,ILSVRC2012_val_00035599.JPEG,n03133878,521,521,0.51014125,1,imagenet_c,defocus_blur,1,none
efficientnet_b4,ILSVRC2012_val_00038964.JPEG,n03133878,521,521,0.55845827,1,imagenet_c,defocus_blur,1,none
efficientnet_b4,ILSVRC2012_val_00040509.JPEG,n03133878,521,521,0.3855437,1,imagenet_c,defocus_blur,1,none
efficientnet_b4,ILSVRC2012_val_00041085.JPEG,n03133878,521,521,0.54252774,1,imagenet_c,defocus_blur,1,none
efficientnet_b4,ILSVRC2012_val_00042723.JPEG,n03133878,521,521,0.6003616,1,imagenet_c,defocus_blur,1,none
efficientnet_b4,ILSVRC2012_val_00044396.JPEG,n03133878,521,521,0.73705393,1,imagenet_c,defocus_blur,1,none
efficientnet_b4,ILSVRC2012_val_00044416.JPEG,n03133878,521,551,0.342454,0,imagenet_c,defocus_blur,1,none
efficientnet_b4,ILSVRC2012_val_00044426.JPEG,n03133878,521,521,0.38425246,1,imagenet_c,defocus_blur,1,none
efficientnet_b4,ILSVRC2012_val_00044789.JPEG,n03133878,521,521,0.7826939,1,imagenet_c,defocus_blur,1,none
efficientnet_b4,ILSVRC2012_val_00045308.JPEG,n03133878,521,648,0.40538925,0,imagenet_c,defocus_blur,1,none
efficientnet_b4,ILSVRC2012_val_00046378.JPEG,n03133878,521,926,0.09874764,0,imagenet_c,defocus_blur,1,none
efficientnet_b4,ILSVRC2012_val_00049938.JPEG,n03133878,521,521,0.49625275,1,imagenet_c,defocus_blur,1,none
efficientnet_b4,ILSVRC2012_val_00000249.JPEG,n03134739,522,522,0.7524594,1,imagenet_c,defocus_blur,1,none
efficientnet_b4,ILSVRC2012_val_00001560.JPEG,n03134739,522,522,0.58882654,1,imagenet_c,defocus_blur,1,none
efficientnet_b4,ILSVRC2012_val_00004048.JPEG,n03134739,522,494,0.34492064,0,imagenet_c,defocus_blur,1,none
efficientnet_b4,ILSVRC2012_val_00004507.JPEG,n03134739,522,522,0.5734244,1,imagenet_c,defocus_blur,1,none
efficientnet_b4,ILSVRC2012_val_00006288.JPEG,n03134739,522,522,0.6588185,1,imagenet_c,defocus_blur,1,none
efficientnet_b4,ILSVRC2012_val_00006507.JPEG,n03134739,522,522,0.5754752,1,imagenet_c,defocus_blur,1,none
efficientnet_b4,ILSVRC2012_val_00006897.JPEG,n03134739,522,522,0.7034491,1,imagenet_c,defocus_blur,1,none
efficientnet_b4,ILSVRC2012_val_00007328.JPEG,n03134739,522,522,0.7687132,1,imagenet_c,defocus_blur,1,none
efficientnet_b4,ILSVRC2012_val_00008389.JPEG,n03134739,522,522,0.36914062,1,imagenet_c,defocus_blur,1,none
efficientnet_b4,ILSVRC2012_val_00009327.JPEG,n03134739,522,522,0.82349813,1,imagenet_c,defocus_blur,1,none
efficientnet_b4,ILSVRC2012_val_00010885.JPEG,n03134739,522,522,0.15509088,1,imagenet_c,defocus_blur,1,none
efficientnet_b4,ILSVRC2012_val_00013071.JPEG,n03134739,522,522,0.6807588,1,imagenet_c,defocus_blur,1,none
efficientnet_b4,ILSVRC2012_val_00013483.JPEG,n03134739,522,522,0.3897563,1,imagenet_c,defocus_blur,1,none
efficientnet_b4,ILSVRC2012_val_00014684.JPEG,n03134739,522,522,0.5494965,1,imagenet_c,defocus_blur,1,none
efficientnet_b4,ILSVRC2012_val_00015656.JPEG,n03134739,522,522,0.3034816,1,imagenet_c,defocus_blur,1,none
efficientnet_b4,ILSVRC2012_val_00016851.JPEG,n03134739,522,398,0.28782582,0,imagenet_c,defocus_blur,1,none
efficientnet_b4,ILSVRC2012_val_00017436.JPEG,n03134739,522,522,0.48146936,1,imagenet_c,defocus_blur,1,none
efficientnet_b4,ILSVRC2012_val_00017462.JPEG,n03134739,522,522,0.5512048,1,imagenet_c,defocus_blur,1,none
efficientnet_b4,ILSVRC2012_val_00021307.JPEG,n03134739,522,522,0.47218478,1,imagenet_c,defocus_blur,1,none
efficientnet_b4,ILSVRC2012_val_00021752.JPEG,n03134739,522,522,0.72137195,1,imagenet_c,defocus_blur,1,none
efficientnet_b4,ILSVRC2012_val_00022258.JPEG,n03134739,522,522,0.5322748,1,imagenet_c,defocus_blur,1,none
efficientnet_b4,ILSVRC2012_val_00023149.JPEG,n03134739,522,522,0.38203526,1,imagenet_c,defocus_blur,1,none
efficientnet_b4,ILSVRC2012_val_00023436.JPEG,n03134739,522,522,0.5906329,1,imagenet_c,defocus_blur,1,none
efficientnet_b4,ILSVRC2012_val_00023757.JPEG,n03134739,522,710,0.052313115,0,imagenet_c,defocus_blur,1,none
efficientnet_b4,ILSVRC2012_val_00024198.JPEG,n03134739,522,522,0.25371706,1,imagenet_c,defocus_blur,1,none
efficientnet_b4,ILSVRC2012_val_00025304.JPEG,n03134739,522,522,0.5533027,1,imagenet_c,defocus_blur,1,none
efficientnet_b4,ILSVRC2012_val_00025931.JPEG,n03134739,522,522,0.75229037,1,imagenet_c,defocus_blur,1,none
efficientnet_b4,ILSVRC2012_val_00026063.JPEG,n03134739,522,522,0.5521201,1,imagenet_c,defocus_blur,1,none
efficientnet_b4,ILSVRC2012_val_00026514.JPEG,n03134739,522,522,0.64956737,1,imagenet_c,defocus_blur,1,none
efficientnet_b4,ILSVRC2012_val_00029639.JPEG,n03134739,522,522,0.4600429,1,imagenet_c,defocus_blur,1,none
efficientnet_b4,ILSVRC2012_val_00031771.JPEG,n03134739,522,522,0.6509197,1,imagenet_c,defocus_blur,1,none
efficientnet_b4,ILSVRC2012_val_00032602.JPEG,n03134739,522,522,0.8599201,1,imagenet_c,defocus_blur,1,none
efficientnet_b4,ILSVRC2012_val_00033811.JPEG,n03134739,522,522,0.694966,1,imagenet_c,defocus_blur,1,none
efficientnet_b4,ILSVRC2012_val_00034157.JPEG,n03134739,522,522,0.65409064,1,imagenet_c,defocus_blur,1,none
efficientnet_b4,ILSVRC2012_val_00034751.JPEG,n03134739,522,522,0.6215031,1,imagenet_c,defocus_blur,1,none
efficientnet_b4,ILSVRC2012_val_00035506.JPEG,n03134739,522,522,0.61404806,1,imagenet_c,defocus_blur,1,none
efficientnet_b4,ILSVRC2012_val_00035923.JPEG,n03134739,522,522,0.7640539,1,imagenet_c,defocus_blur,1,none
efficientnet_b4,ILSVRC2012_val_00038582.JPEG,n03134739,522,522,0.27486336,1,imagenet_c,defocus_blur,1,none
efficientnet_b4,ILSVRC2012_val_00040399.JPEG,n03134739,522,522,0.5001687,1,imagenet_c,defocus_blur,1,none
efficientnet_b4,ILSVRC2012_val_00041100.JPEG,n03134739,522,522,0.53676784,1,imagenet_c,defocus_blur,1,none
efficientnet_b4,ILSVRC2012_val_00041240.JPEG,n03134739,522,522,0.77099276,1,imagenet_c,defocus_blur,1,none
efficientnet_b4,ILSVRC2012_val_00041559.JPEG,n03134739,522,522,0.4458001,1,imagenet_c,defocus_blur,1,none
efficientnet_b4,ILSVRC2012_val_00044616.JPEG,n03134739,522,522,0.66633916,1,imagenet_c,defocus_blur,1,none
efficientnet_b4,ILSVRC2012_val_00045017.JPEG,n03134739,522,522,0.7091691,1,imagenet_c,defocus_blur,1,none
efficientnet_b4,ILSVRC2012_val_00045455.JPEG,n03134739,522,522,0.7270239,1,imagenet_c,defocus_blur,1,none
efficientnet_b4,ILSVRC2012_val_00048763.JPEG,n03134739,522,522,0.7952975,1,imagenet_c,defocus_blur,1,none
efficientnet_b4,ILSVRC2012_val_00049247.JPEG,n03134739,522,522,0.8482226,1,imagenet_c,defocus_blur,1,none
efficientnet_b4,ILSVRC2012_val_00049388.JPEG,n03134739,522,522,0.34196272,1,imagenet_c,defocus_blur,1,none
efficientnet_b4,ILSVRC2012_val_00049864.JPEG,n03134739,522,522,0.1041577,1,imagenet_c,defocus_blur,1,none
efficientnet_b4,ILSVRC2012_val_00049953.JPEG,n03134739,522,522,0.43190947,1,imagenet_c,defocus_blur,1,none
efficientnet_b4,ILSVRC2012_val_00001337.JPEG,n03141823,523,523,0.56987625,1,imagenet_c,defocus_blur,1,none
efficientnet_b4,ILSVRC2012_val_00002740.JPEG,n03141823,523,758,0.14248416,0,imagenet_c,defocus_blur,1,none
efficientnet_b4,ILSVRC2012_val_00004150.JPEG,n03141823,523,523,0.0739389,1,imagenet_c,defocus_blur,1,none
efficientnet_b4,ILSVRC2012_val_00004718.JPEG,n03141823,523,542,0.37687418,0,imagenet_c,defocus_blur,1,none
efficientnet_b4,ILSVRC2012_val_00004783.JPEG,n03141823,523,559,0.08320526,0,imagenet_c,defocus_blur,1,none
efficientnet_b4,ILSVRC2012_val_00005672.JPEG,n03141823,523,523,0.6367764,1,imagenet_c,defocus_blur,1,none
efficientnet_b4,ILSVRC2012_val_00005702.JPEG,n03141823,523,523,0.80336875,1,imagenet_c,defocus_blur,1,none
efficientnet_b4,ILSVRC2012_val_00006889.JPEG,n03141823,523,438,0.05411547,0,imagenet_c,defocus_blur,1,none
efficientnet_b4,ILSVRC2012_val_00007337.JPEG,n03141823,523,845,0.13658975,0,imagenet_c,defocus_blur,1,none
efficientnet_b4,ILSVRC2012_val_00008131.JPEG,n03141823,523,523,0.38247988,1,imagenet_c,defocus_blur,1,none
efficientnet_b4,ILSVRC2012_val_00008874.JPEG,n03141823,523,678,0.11233026,0,imagenet_c,defocus_blur,1,none
efficientnet_b4,ILSVRC2012_val_00009886.JPEG,n03141823,523,523,0.12200872,1,imagenet_c,defocus_blur,1,none
efficientnet_b4,ILSVRC2012_val_00010844.JPEG,n03141823,523,523,0.6615431,1,imagenet_c,defocus_blur,1,none
efficientnet_b4,ILSVRC2012_val_00013219.JPEG,n03141823,523,523,0.15222807,1,imagenet_c,defocus_blur,1,none
efficientnet_b4,ILSVRC2012_val_00014253.JPEG,n03141823,523,523,0.075687,1,imagenet_c,defocus_blur,1,none
efficientnet_b4,ILSVRC2012_val_00015567.JPEG,n03141823,523,523,0.65642333,1,imagenet_c,defocus_blur,1,none
efficientnet_b4,ILSVRC2012_val_00016028.JPEG,n03141823,523,523,0.84885454,1,imagenet_c,defocus_blur,1,none
efficientnet_b4,ILSVRC2012_val_00016620.JPEG,n03141823,523,523,0.7827504,1,imagenet_c,defocus_blur,1,none
efficientnet_b4,ILSVRC2012_val_00022136.JPEG,n03141823,523,451,0.044356305,0,imagenet_c,defocus_blur,1,none
efficientnet_b4,ILSVRC2012_val_00022939.JPEG,n03141823,523,840,0.091940604,0,imagenet_c,defocus_blur,1,none
efficientnet_b4,ILSVRC2012_val_00025404.JPEG,n03141823,523,843,0.17230304,0,imagenet_c,defocus_blur,1,none
efficientnet_b4,ILSVRC2012_val_00025538.JPEG,n03141823,523,584,0.17881702,0,imagenet_c,defocus_blur,1,none
efficientnet_b4,ILSVRC2012_val_00026432.JPEG,n03141823,523,693,0.6758314,0,imagenet_c,defocus_blur,1,none
efficientnet_b4,ILSVRC2012_val_00026638.JPEG,n03141823,523,882,0.3399804,0,imagenet_c,defocus_blur,1,none
efficientnet_b4,ILSVRC2012_val_00027513.JPEG,n03141823,523,576,0.049877215,0,imagenet_c,defocus_blur,1,none
efficientnet_b4,ILSVRC2012_val_00029808.JPEG,n03141823,523,523,0.6618037,1,imagenet_c,defocus_blur,1,none
efficientnet_b4,ILSVRC2012_val_00031076.JPEG,n03141823,523,523,0.6424548,1,imagenet_c,defocus_blur,1,none
efficientnet_b4,ILSVRC2012_val_00031711.JPEG,n03141823,523,523,0.423537,1,imagenet_c,defocus_blur,1,none
efficientnet_b4,ILSVRC2012_val_00032252.JPEG,n03141823,523,523,0.5554807,1,imagenet_c,defocus_blur,1,none
efficientnet_b4,ILSVRC2012_val_00033498.JPEG,n03141823,523,587,0.08862435,0,imagenet_c,defocus_blur,1,none
efficientnet_b4,ILSVRC2012_val_00033873.JPEG,n03141823,523,905,0.08848929,0,imagenet_c,defocus_blur,1,none
efficientnet_b4,ILSVRC2012_val_00034736.JPEG,n03141823,523,523,0.2311414,1,imagenet_c,defocus_blur,1,none
efficientnet_b4,ILSVRC2012_val_00035895.JPEG,n03141823,523,784,0.121589355,0,imagenet_c,defocus_blur,1,none
efficientnet_b4,ILSVRC2012_val_00037016.JPEG,n03141823,523,966,0.15855184,0,imagenet_c,defocus_blur,1,none
efficientnet_b4,ILSVRC2012_val_00037313.JPEG,n03141823,523,870,0.25699672,0,imagenet_c,defocus_blur,1,none
efficientnet_b4,ILSVRC2012_val_00037382.JPEG,n03141823,523,523,0.4199421,1,imagenet_c,defocus_blur,1,none
efficientnet_b4,ILSVRC2012_val_00038458.JPEG,n03141823,523,522,0.2676913,0,imagenet_c,defocus_blur,1,none
efficientnet_b4,ILSVRC2012_val_00040690.JPEG,n03141823,523,768,0.04312048,0,imagenet_c,defocus_blur,1,none
efficientnet_b4,ILSVRC2012_val_00040888.JPEG,n03141823,523,523,0.21065451,1,imagenet_c,defocus_blur,1,none
efficientnet_b4,ILSVRC2012_val_00040956.JPEG,n03141823,523,842,0.11136155,0,imagenet_c,defocus_blur,1,none
efficientnet_b4,ILSVRC2012_val_00041291.JPEG,n03141823,523,523,0.79211223,1,imagenet_c,defocus_blur,1,none
efficientnet_b4,ILSVRC2012_val_00044432.JPEG,n03141823,523,523,0.33090845,1,imagenet_c,defocus_blur,1,none
efficientnet_b4,ILSVRC2012_val_00044449.JPEG,n03141823,523,880,0.078122534,0,imagenet_c,defocus_blur,1,none
efficientnet_b4,ILSVRC2012_val_00044883.JPEG,n03141823,523,523,0.25082752,1,imagenet_c,defocus_blur,1,none
efficientnet_b4,ILSVRC2012_val_00045621.JPEG,n03141823,523,486,0.041703988,0,imagenet_c,defocus_blur,1,none
efficientnet_b4,ILSVRC2012_val_00046824.JPEG,n03141823,523,644,0.21496323,0,imagenet_c,defocus_blur,1,none
efficientnet_b4,ILSVRC2012_val_00048256.JPEG,n03141823,523,523,0.5066796,1,imagenet_c,defocus_blur,1,none
efficientnet_b4,ILSVRC2012_val_00048567.JPEG,n03141823,523,880,0.032030176,0,imagenet_c,defocus_blur,1,none
efficientnet_b4,ILSVRC2012_val_00048778.JPEG,n03141823,523,523,0.2124789,1,imagenet_c,defocus_blur,1,none
efficientnet_b4,ILSVRC2012_val_00048789.JPEG,n03141823,523,587,0.08866165,0,imagenet_c,defocus_blur,1,none
efficientnet_b4,ILSVRC2012_val_00000730.JPEG,n03146219,524,524,0.36125988,1,imagenet_c,defocus_blur,1,none
efficientnet_b4,ILSVRC2012_val_00000823.JPEG,n03146219,524,524,0.39503345,1,imagenet_c,defocus_blur,1,none
efficientnet_b4,ILSVRC2012_val_00002250.JPEG,n03146219,524,461,0.1970783,0,imagenet_c,defocus_blur,1,none
efficientnet_b4,ILSVRC2012_val_00003165.JPEG,n03146219,524,787,0.35758016,0,imagenet_c,defocus_blur,1,none
efficientnet_b4,ILSVRC2012_val_00003217.JPEG,n03146219,524,461,0.13029988,0,imagenet_c,defocus_blur,1,none
efficientnet_b4,ILSVRC2012_val_00004138.JPEG,n03146219,524,461,0.39470103,0,imagenet_c,defocus_blur,1,none
efficientnet_b4,ILSVRC2012_val_00004250.JPEG,n03146219,524,695,0.06020948,0,imagenet_c,defocus_blur,1,none
efficientnet_b4,ILSVRC2012_val_00005956.JPEG,n03146219,524,570,0.26557747,0,imagenet_c,defocus_blur,1,none
efficientnet_b4,ILSVRC2012_val_00006706.JPEG,n03146219,524,524,0.41068277,1,imagenet_c,defocus_blur,1,none
efficientnet_b4,ILSVRC2012_val_00008790.JPEG,n03146219,524,461,0.14807346,0,imagenet_c,defocus_blur,1,none
efficientnet_b4,ILSVRC2012_val_00009207.JPEG,n03146219,524,524,0.41999382,1,imagenet_c,defocus_blur,1,none
efficientnet_b4,ILSVRC2012_val_00009319.JPEG,n03146219,524,524,0.41420317,1,imagenet_c,defocus_blur,1,none
efficientnet_b4,ILSVRC2012_val_00009449.JPEG,n03146219,524,524,0.0868556,1,imagenet_c,defocus_blur,1,none
efficientnet_b4,ILSVRC2012_val_00012034.JPEG,n03146219,524,524,0.42079005,1,imagenet_c,defocus_blur,1,none
efficientnet_b4,ILSVRC2012_val_00014672.JPEG,n03146219,524,524,0.6161014,1,imagenet_c,defocus_blur,1,none
efficientnet_b4,ILSVRC2012_val_00014897.JPEG,n03146219,524,199,0.060367793,0,imagenet_c,defocus_blur,1,none
efficientnet_b4,ILSVRC2012_val_00016274.JPEG,n03146219,524,461,0.36579925,0,imagenet_c,defocus_blur,1,none
efficientnet_b4,ILSVRC2012_val_00017297.JPEG,n03146219,524,524,0.5334728,1,imagenet_c,defocus_blur,1,none
efficientnet_b4,ILSVRC2012_val_00019232.JPEG,n03146219,524,461,0.312062,0,imagenet_c,defocus_blur,1,none
efficientnet_b4,ILSVRC2012_val_00020186.JPEG,n03146219,524,524,0.08640611,1,imagenet_c,defocus_blur,1,none
efficientnet_b4,ILSVRC2012_val_00021682.JPEG,n03146219,524,461,0.47106418,0,imagenet_c,defocus_blur,1,none
efficientnet_b4,ILSVRC2012_val_00021827.JPEG,n03146219,524,795,0.17622711,0,imagenet_c,defocus_blur,1,none
efficientnet_b4,ILSVRC2012_val_00023457.JPEG,n03146219,524,524,0.41715828,1,imagenet_c,defocus_blur,1,none
efficientnet_b4,ILSVRC2012_val_00023873.JPEG,n03146219,524,543,0.31647825,0,imagenet_c,defocus_blur,1,none
efficientnet_b4,ILSVRC2012_val_00023917.JPEG,n03146219,524,788,0.17052019,0,imagenet_c,defocus_blur,1,none
efficientnet_b4,ILSVRC2012_val_00026209.JPEG,n03146219,524,461,0.07365857,0,imagenet_c,defocus_blur,1,none
efficientnet_b4,ILSVRC2012_val_00026216.JPEG,n03146219,524,787,0.15671742,0,imagenet_c,defocus_blur,1,none
efficientnet_b4,ILSVRC2012_val_00026460.JPEG,n03146219,524,524,0.22586447,1,imagenet_c,defocus_blur,1,none
efficientnet_b4,ILSVRC2012_val_00027166.JPEG,n03146219,524,524,0.3989965,1,imagenet_c,defocus_blur,1,none
efficientnet_b4,ILSVRC2012_val_00027260.JPEG,n03146219,524,461,0.099205926,0,imagenet_c,defocus_blur,1,none
efficientnet_b4,ILSVRC2012_val_00028726.JPEG,n03146219,524,596,0.07913437,0,imagenet_c,defocus_blur,1,none
efficientnet_b4,ILSVRC2012_val_00033416.JPEG,n03146219,524,524,0.24092333,1,imagenet_c,defocus_blur,1,none
efficientnet_b4,ILSVRC2012_val_00034278.JPEG,n03146219,524,524,0.34700394,1,imagenet_c,defocus_blur,1,none
efficientnet_b4,ILSVRC2012_val_00034509.JPEG,n03146219,524,461,0.74931127,0,imagenet_c,defocus_blur,1,none
efficientnet_b4,ILSVRC2012_val_00036246.JPEG,n03146219,524,524,0.3652518,1,imagenet_c,defocus_blur,1,none
efficientnet_b4,ILSVRC2012_val_00036276.JPEG,n03146219,524,524,0.14047271,1,imagenet_c,defocus_blur,1,none
efficientnet_b4,ILSVRC2012_val_00036632.JPEG,n03146219,524,524,0.25819987,1,imagenet_c,defocus_blur,1,none
efficientnet_b4,ILSVRC2012_val_00036983.JPEG,n03146219,524,524,0.39682862,1,imagenet_c,defocus_blur,1,none
efficientnet_b4,ILSVRC2012_val_00036992.JPEG,n03146219,524,469,0.3394496,0,imagenet_c,defocus_blur,1,none
efficientnet_b4,ILSVRC2012_val_00037168.JPEG,n03146219,524,524,0.31221613,1,imagenet_c,defocus_blur,1,none
efficientnet_b4,ILSVRC2012_val_00043567.JPEG,n03146219,524,787,0.19392727,0,imagenet_c,defocus_blur,1,none
efficientnet_b4,ILSVRC2012_val_00043630.JPEG,n03146219,524,524,0.22527203,1,imagenet_c,defocus_blur,1,none
efficientnet_b4,ILSVRC2012_val_00045213.JPEG,n03146219,524,524,0.32897323,1,imagenet_c,defocus_blur,1,none
efficientnet_b4,ILSVRC2012_val_00045290.JPEG,n03146219,524,524,0.37594363,1,imagenet_c,defocus_blur,1,none
efficientnet_b4,ILSVRC2012_val_00045339.JPEG,n03146219,524,122,0.0507609,0,imagenet_c,defocus_blur,1,none
efficientnet_b4,ILSVRC2012_val_00045364.JPEG,n03146219,524,524,0.34024554,1,imagenet_c,defocus_blur,1,none
efficientnet_b4,ILSVRC2012_val_00045570.JPEG,n03146219,524,461,0.17597903,0,imagenet_c,defocus_blur,1,none
efficientnet_b4,ILSVRC2012_val_00048085.JPEG,n03146219,524,653,0.19141717,0,imagenet_c,defocus_blur,1,none
efficientnet_b4,ILSVRC2012_val_00048405.JPEG,n03146219,524,461,0.28070942,0,imagenet_c,defocus_blur,1,none
efficientnet_b4,ILSVRC2012_val_00049883.JPEG,n03146219,524,524,0.27501935,1,imagenet_c,defocus_blur,1,none
efficientnet_b4,ILSVRC2012_val_00000330.JPEG,n03160309,525,525,0.52805144,1,imagenet_c,defocus_blur,1,none
efficientnet_b4,ILSVRC2012_val_00002427.JPEG,n03160309,525,525,0.53238547,1,imagenet_c,defocus_blur,1,none
efficientnet_b4,ILSVRC2012_val_00002589.JPEG,n03160309,525,525,0.67311734,1,imagenet_c,defocus_blur,1,none
efficientnet_b4,ILSVRC2012_val_00004828.JPEG,n03160309,525,525,0.76438797,1,imagenet_c,defocus_blur,1,none
efficientnet_b4,ILSVRC2012_val_00004892.JPEG,n03160309,525,975,0.101812415,0,imagenet_c,defocus_blur,1,none
efficientnet_b4,ILSVRC2012_val_00005216.JPEG,n03160309,525,525,0.57411575,1,imagenet_c,defocus_blur,1,none
efficientnet_b4,ILSVRC2012_val_00006053.JPEG,n03160309,525,525,0.62481385,1,imagenet_c,defocus_blur,1,none
efficientnet_b4,ILSVRC2012_val_00006222.JPEG,n03160309,525,653,0.06290558,0,imagenet_c,defocus_blur,1,none
efficientnet_b4,ILSVRC2012_val_00008312.JPEG,n03160309,525,525,0.22035708,1,imagenet_c,defocus_blur,1,none
efficientnet_b4,ILSVRC2012_val_00010266.JPEG,n03160309,525,525,0.49965072,1,imagenet_c,defocus_blur,1,none
efficientnet_b4,ILSVRC2012_val_00011527.JPEG,n03160309,525,525,0.7663587,1,imagenet_c,defocus_blur,1,none
efficientnet_b4,ILSVRC2012_val_00012427.JPEG,n03160309,525,525,0.42951632,1,imagenet_c,defocus_blur,1,none
efficientnet_b4,ILSVRC2012_val_00014080.JPEG,n03160309,525,525,0.69986385,1,imagenet_c,defocus_blur,1,none
efficientnet_b4,ILSVRC2012_val_00014832.JPEG,n03160309,525,821,0.12615131,0,imagenet_c,defocus_blur,1,none
efficientnet_b4,ILSVRC2012_val_00015060.JPEG,n03160309,525,792,0.018980516,0,imagenet_c,defocus_blur,1,none
efficientnet_b4,ILSVRC2012_val_00015577.JPEG,n03160309,525,525,0.57590646,1,imagenet_c,defocus_blur,1,none
efficientnet_b4,ILSVRC2012_val_00015611.JPEG,n03160309,525,525,0.682581,1,imagenet_c,defocus_blur,1,none
efficientnet_b4,ILSVRC2012_val_00016326.JPEG,n03160309,525,525,0.5409461,1,imagenet_c,defocus_blur,1,none
efficientnet_b4,ILSVRC2012_val_00016607.JPEG,n03160309,525,525,0.37784514,1,imagenet_c,defocus_blur,1,none
efficientnet_b4,ILSVRC2012_val_00017090.JPEG,n03160309,525,525,0.5016976,1,imagenet_c,defocus_blur,1,none
efficientnet_b4,ILSVRC2012_val_00017578.JPEG,n03160309,525,718,0.2645916,0,imagenet_c,defocus_blur,1,none
efficientnet_b4,ILSVRC2012_val_00018884.JPEG,n03160309,525,525,0.539644,1,imagenet_c,defocus_blur,1,none
efficientnet_b4,ILSVRC2012_val_00018927.JPEG,n03160309,525,976,0.08586102,0,imagenet_c,defocus_blur,1,none
efficientnet_b4,ILSVRC2012_val_00019801.JPEG,n03160309,525,718,0.0585715,0,imagenet_c,defocus_blur,1,none
efficientnet_b4,ILSVRC2012_val_00019891.JPEG,n03160309,525,525,0.28639606,1,imagenet_c,defocus_blur,1,none
efficientnet_b4,ILSVRC2012_val_00020885.JPEG,n03160309,525,814,0.0627421,0,imagenet_c,defocus_blur,1,none
efficientnet_b4,ILSVRC2012_val_00022094.JPEG,n03160309,525,525,0.26393262,1,imagenet_c,defocus_blur,1,none
efficientnet_b4,ILSVRC2012_val_00025103.JPEG,n03160309,525,975,0.107526615,0,imagenet_c,defocus_blur,1,none
efficientnet_b4,ILSVRC2012_val_00026549.JPEG,n03160309,525,9,0.065306194,0,imagenet_c,defocus_blur,1,none
efficientnet_b4,ILSVRC2012_val_00026928.JPEG,n03160309,525,525,0.057536602,1,imagenet_c,defocus_blur,1,none
efficientnet_b4,ILSVRC2012_val_00028044.JPEG,n03160309,525,433,0.17510471,0,imagenet_c,defocus_blur,1,none
efficientnet_b4,ILSVRC2012_val_00028389.JPEG,n03160309,525,525,0.5938363,1,imagenet_c,defocus_blur,1,none
efficientnet_b4,ILSVRC2012_val_00030594.JPEG,n03160309,525,574,0.061940413,0,imagenet_c,defocus_blur,1,none
efficientnet_b4,ILSVRC2012_val_00031189.JPEG,n03160309,525,525,0.7939181,1,imagenet_c,defocus_blur,1,none
efficientnet_b4,ILSVRC2012_val_00031337.JPEG,n03160309,525,525,0.1120821,1,imagenet_c,defocus_blur,1,none
efficientnet_b4,ILSVRC2012_val_00031535.JPEG,n03160309,525,975,0.13174736,0,imagenet_c,defocus_blur,1,none
efficientnet_b4,ILSVRC2012_val_00031658.JPEG,n03160309,525,525,0.67998284,1,imagenet_c,defocus_blur,1,none
efficientnet_b4,ILSVRC2012_val_00032030.JPEG,n03160309,525,525,0.10247651,1,imagenet_c,defocus_blur,1,none
efficientnet_b4,ILSVRC2012_val_00034397.JPEG,n03160309,525,525,0.5935535,1,imagenet_c,defocus_blur,1,none
efficientnet_b4,ILSVRC2012_val_00034708.JPEG,n03160309,525,525,0.6094935,1,imagenet_c,defocus_blur,1,none
efficientnet_b4,ILSVRC2012_val_00035931.JPEG,n03160309,525,835,0.18587664,0,imagenet_c,defocus_blur,1,none
efficientnet_b4,ILSVRC2012_val_00036770.JPEG,n03160309,525,525,0.7003375,1,imagenet_c,defocus_blur,1,none
efficientnet_b4,ILSVRC2012_val_00038226.JPEG,n03160309,525,970,0.07878984,0,imagenet_c,defocus_blur,1,none
efficientnet_b4,ILSVRC2012_val_00038717.JPEG,n03160309,525,525,0.34419432,1,imagenet_c,defocus_blur,1,none
efficientnet_b4,ILSVRC2012_val_00043060.JPEG,n03160309,525,525,0.7697315,1,imagenet_c,defocus_blur,1,none
efficientnet_b4,ILSVRC2012_val_00043308.JPEG,n03160309,525,525,0.3400325,1,imagenet_c,defocus_blur,1,none
efficientnet_b4,ILSVRC2012_val_00043498.JPEG,n03160309,525,975,0.33867455,0,imagenet_c,defocus_blur,1,none
efficientnet_b4,ILSVRC2012_val_00044900.JPEG,n03160309,525,525,0.43368575,1,imagenet_c,defocus_blur,1,none
efficientnet_b4,ILSVRC2012_val_00045342.JPEG,n03160309,525,525,0.4211085,1,imagenet_c,defocus_blur,1,none
efficientnet_b4,ILSVRC2012_val_00046535.JPEG,n03160309,525,525,0.17926446,1,imagenet_c,defocus_blur,1,none
efficientnet_b4,ILSVRC2012_val_00000777.JPEG,n03179701,526,527,0.15619662,0,imagenet_c,defocus_blur,1,none
efficientnet_b4,ILSVRC2012_val_00003229.JPEG,n03179701,526,664,0.19867487,0,imagenet_c,defocus_blur,1,none
efficientnet_b4,ILSVRC2012_val_00003559.JPEG,n03179701,526,526,0.38206312,1,imagenet_c,defocus_blur,1,none
efficientnet_b4,ILSVRC2012_val_00004410.JPEG,n03179701,526,526,0.124477714,1,imagenet_c,defocus_blur,1,none
efficientnet_b4,ILSVRC2012_val_00005013.JPEG,n03179701,526,526,0.54186016,1,imagenet_c,defocus_blur,1,none
efficientnet_b4,ILSVRC2012_val_00006423.JPEG,n03179701,526,453,0.19587587,0,imagenet_c,defocus_blur,1,none
efficientnet_b4,ILSVRC2012_val_00006665.JPEG,n03179701,526,424,0.14895318,0,imagenet_c,defocus_blur,1,none
efficientnet_b4,ILSVRC2012_val_00008332.JPEG,n03179701,526,526,0.072795615,1,imagenet_c,defocus_blur,1,none
efficientnet_b4,ILSVRC2012_val_00008518.JPEG,n03179701,526,905,0.07761694,0,imagenet_c,defocus_blur,1,none
efficientnet_b4,ILSVRC2012_val_00011003.JPEG,n03179701,526,527,0.0881251,0,imagenet_c,defocus_blur,1,none
efficientnet_b4,ILSVRC2012_val_00011207.JPEG,n03179701,526,526,0.19347979,1,imagenet_c,defocus_blur,1,none
efficientnet_b4,ILSVRC2012_val_00011480.JPEG,n03179701,526,527,0.3402568,0,imagenet_c,defocus_blur,1,none
efficientnet_b4,ILSVRC2012_val_00012239.JPEG,n03179701,526,526,0.2660118,1,imagenet_c,defocus_blur,1,none
efficientnet_b4,ILSVRC2012_val_00012426.JPEG,n03179701,526,617,0.14436035,0,imagenet_c,defocus_blur,1,none
efficientnet_b4,ILSVRC2012_val_00014821.JPEG,n03179701,526,526,0.23083997,1,imagenet_c,defocus_blur,1,none
efficientnet_b4,ILSVRC2012_val_00016189.JPEG,n03179701,526,789,0.153692,0,imagenet_c,defocus_blur,1,none
efficientnet_b4,ILSVRC2012_val_00016251.JPEG,n03179701,526,620,0.10526611,0,imagenet_c,defocus_blur,1,none
efficientnet_b4,ILSVRC2012_val_00018682.JPEG,n03179701,526,527,0.12028005,0,imagenet_c,defocus_blur,1,none
efficientnet_b4,ILSVRC2012_val_00019796.JPEG,n03179701,526,526,0.16177496,1,imagenet_c,defocus_blur,1,none
efficientnet_b4,ILSVRC2012_val_00020776.JPEG,n03179701,526,762,0.08293751,0,imagenet_c,defocus_blur,1,none
efficientnet_b4,ILSVRC2012_val_00021078.JPEG,n03179701,526,553,0.14611281,0,imagenet_c,defocus_blur,1,none
efficientnet_b4,ILSVRC2012_val_00022464.JPEG,n03179701,526,223,0.10092919,0,imagenet_c,defocus_blur,1,none
efficientnet_b4,ILSVRC2012_val_00024153.JPEG,n03179701,526,762,0.04176108,0,imagenet_c,defocus_blur,1,none
efficientnet_b4,ILSVRC2012_val_00024879.JPEG,n03179701,526,527,0.24390285,0,imagenet_c,defocus_blur,1,none
efficientnet_b4,ILSVRC2012_val_00025420.JPEG,n03179701,526,526,0.14410442,1,imagenet_c,defocus_blur,1,none
efficientnet_b4,ILSVRC2012_val_00026204.JPEG,n03179701,526,905,0.120409,0,imagenet_c,defocus_blur,1,none
efficientnet_b4,ILSVRC2012_val_00026624.JPEG,n03179701,526,620,0.1189847,0,imagenet_c,defocus_blur,1,none
efficientnet_b4,ILSVRC2012_val_00026895.JPEG,n03179701,526,526,0.108966805,1,imagenet_c,defocus_blur,1,none
efficientnet_b4,ILSVRC2012_val_00027505.JPEG,n03179701,526,526,0.22442546,1,imagenet_c,defocus_blur,1,none
efficientnet_b4,ILSVRC2012_val_00028157.JPEG,n03179701,526,527,0.35237202,0,imagenet_c,defocus_blur,1,none
efficientnet_b4,ILSVRC2012_val_00030981.JPEG,n03179701,526,532,0.20874281,0,imagenet_c,defocus_blur,1,none
efficientnet_b4,ILSVRC2012_val_00031607.JPEG,n03179701,526,789,0.031524513,0,imagenet_c,defocus_blur,1,none
efficientnet_b4,ILSVRC2012_val_00032085.JPEG,n03179701,526,527,0.085578024,0,imagenet_c,defocus_blur,1,none
efficientnet_b4,ILSVRC2012_val_00032198.JPEG,n03179701,526,782,0.24484591,0,imagenet_c,defocus_blur,1,none
efficientnet_b4,ILSVRC2012_val_00032302.JPEG,n03179701,526,527,0.08095106,0,imagenet_c,defocus_blur,1,none
efficientnet_b4,ILSVRC2012_val_00033875.JPEG,n03179701,526,527,0.15445352,0,imagenet_c,defocus_blur,1,none
efficientnet_b4,ILSVRC2012_val_00036160.JPEG,n03179701,526,424,0.26100224,0,imagenet_c,defocus_blur,1,none
efficientnet_b4,ILSVRC2012_val_00036651.JPEG,n03179701,526,527,0.07225379,0,imagenet_c,defocus_blur,1,none
efficientnet_b4,ILSVRC2012_val_00037234.JPEG,n03179701,526,782,0.122278824,0,imagenet_c,defocus_blur,1,none
efficientnet_b4,ILSVRC2012_val_00037458.JPEG,n03179701,526,526,0.17171337,1,imagenet_c,defocus_blur,1,none
efficientnet_b4,ILSVRC2012_val_00038357.JPEG,n03179701,526,553,0.19659007,0,imagenet_c,defocus_blur,1,none
efficientnet_b4,ILSVRC2012_val_00040102.JPEG,n03179701,526,526,0.42372692,1,imagenet_c,defocus_blur,1,none
efficientnet_b4,ILSVRC2012_val_00042089.JPEG,n03179701,526,527,0.14920697,0,imagenet_c,defocus_blur,1,none
efficientnet_b4,ILSVRC2012_val_00042885.JPEG,n03179701,526,762,0.14559357,0,imagenet_c,defocus_blur,1,none
efficientnet_b4,ILSVRC2012_val_00043335.JPEG,n03179701,526,526,0.4924538,1,imagenet_c,defocus_blur,1,none
efficientnet_b4,ILSVRC2012_val_00044652.JPEG,n03179701,526,526,0.11581561,1,imagenet_c,defocus_blur,1,none
efficientnet_b4,ILSVRC2012_val_00044861.JPEG,n03179701,526,526,0.30949298,1,imagenet_c,defocus_blur,1,none
efficientnet_b4,ILSVRC2012_val_00046652.JPEG,n03179701,526,526,0.25298196,1,imagenet_c,defocus_blur,1,none
efficientnet_b4,ILSVRC2012_val_00047051.JPEG,n03179701,526,811,0.10207583,0,imagenet_c,defocus_blur,1,none
efficientnet_b4,ILSVRC2012_val_00049150.JPEG,n03179701,526,526,0.32860792,1,imagenet_c,defocus_blur,1,none
efficientnet_b4,ILSVRC2012_val_00001246.JPEG,n03180011,527,190,0.13154906,0,imagenet_c,defocus_blur,1,none
efficientnet_b4,ILSVRC2012_val_00001757.JPEG,n03180011,527,527,0.7654976,1,imagenet_c,defocus_blur,1,none
efficientnet_b4,ILSVRC2012_val_00002626.JPEG,n03180011,527,527,0.16063532,1,imagenet_c,defocus_blur,1,none
efficientnet_b4,ILSVRC2012_val_00004712.JPEG,n03180011,527,527,0.2556066,1,imagenet_c,defocus_blur,1,none
efficientnet_b4,ILSVRC2012_val_00004878.JPEG,n03180011,527,851,0.12662177,0,imagenet_c,defocus_blur,1,none
efficientnet_b4,ILSVRC2012_val_00005972.JPEG,n03180011,527,527,0.076986566,1,imagenet_c,defocus_blur,1,none
efficientnet_b4,ILSVRC2012_val_00007210.JPEG,n03180011,527,527,0.37763244,1,imagenet_c,defocus_blur,1,none
efficientnet_b4,ILSVRC2012_val_00009325.JPEG,n03180011,527,851,0.16084349,0,imagenet_c,defocus_blur,1,none
efficientnet_b4,ILSVRC2012_val_00009456.JPEG,n03180011,527,527,0.1505638,1,imagenet_c,defocus_blur,1,none
efficientnet_b4,ILSVRC2012_val_00009897.JPEG,n03180011,527,527,0.20939349,1,imagenet_c,defocus_blur,1,none
efficientnet_b4,ILSVRC2012_val_00013776.JPEG,n03180011,527,613,0.22587897,0,imagenet_c,defocus_blur,1,none
efficientnet_b4,ILSVRC2012_val_00014012.JPEG,n03180011,527,527,0.19330819,1,imagenet_c,defocus_blur,1,none
efficientnet_b4,ILSVRC2012_val_00016800.JPEG,n03180011,527,782,0.17288226,0,imagenet_c,defocus_blur,1,none
efficientnet_b4,ILSVRC2012_val_00017864.JPEG,n03180011,527,527,0.64704055,1,imagenet_c,defocus_blur,1,none
efficientnet_b4,ILSVRC2012_val_00018449.JPEG,n03180011,527,527,0.2716805,1,imagenet_c,defocus_blur,1,none
efficientnet_b4,ILSVRC2012_val_00019090.JPEG,n03180011,527,527,0.24685222,1,imagenet_c,defocus_blur,1,none
efficientnet_b4,ILSVRC2012_val_00019492.JPEG,n03180011,527,526,0.13733537,0,imagenet_c,defocus_blur,1,none
efficientnet_b4,ILSVRC2012_val_00019908.JPEG,n03180011,527,527,0.13234268,1,imagenet_c,defocus_blur,1,none
efficientnet_b4,ILSVRC2012_val_00020117.JPEG,n03180011,527,527,0.7847824,1,imagenet_c,defocus_blur,1,none
efficientnet_b4,ILSVRC2012_val_00020355.JPEG,n03180011,527,620,0.19447626,0,imagenet_c,defocus_blur,1,none
efficientnet_b4,ILSVRC2012_val_00021363.JPEG,n03180011,527,782,0.20036589,0,imagenet_c,defocus_blur,1,none
efficientnet_b4,ILSVRC2012_val_00021772.JPEG,n03180011,527,527,0.1953196,1,imagenet_c,defocus_blur,1,none
efficientnet_b4,ILSVRC2012_val_00021891.JPEG,n03180011,527,527,0.36259684,1,imagenet_c,defocus_blur,1,none
efficientnet_b4,ILSVRC2012_val_00021924.JPEG,n03180011,527,527,0.1937752,1,imagenet_c,defocus_blur,1,none
efficientnet_b4,ILSVRC2012_val_00021984.JPEG,n03180011,527,782,0.18655126,0,imagenet_c,defocus_blur,1,none
efficientnet_b4,ILSVRC2012_val_00022226.JPEG,n03180011,527,527,0.04101922,1,imagenet_c,defocus_blur,1,none
efficientnet_b4,ILSVRC2012_val_00024362.JPEG,n03180011,527,527,0.17848384,1,imagenet_c,defocus_blur,1,none
efficientnet_b4,ILSVRC2012_val_00026145.JPEG,n03180011,527,527,0.18997414,1,imagenet_c,defocus_blur,1,none
efficientnet_b4,ILSVRC2012_val_00029543.JPEG,n03180011,527,526,0.07532168,0,imagenet_c,defocus_blur,1,none
efficientnet_b4,ILSVRC2012_val_00032155.JPEG,n03180011,527,527,0.830512,1,imagenet_c,defocus_blur,1,none
efficientnet_b4,ILSVRC2012_val_00033238.JPEG,n03180011,527,527,0.15987517,1,imagenet_c,defocus_blur,1,none
efficientnet_b4,ILSVRC2012_val_00033297.JPEG,n03180011,527,782,0.26955682,0,imagenet_c,defocus_blur,1,none
efficientnet_b4,ILSVRC2012_val_00034300.JPEG,n03180011,527,526,0.097975984,0,imagenet_c,defocus_blur,1,none
efficientnet_b4,ILSVRC2012_val_00034411.JPEG,n03180011,527,527,0.18178196,1,imagenet_c,defocus_blur,1,none
efficientnet_b4,ILSVRC2012_val_00035357.JPEG,n03180011,527,620,0.26798898,0,imagenet_c,defocus_blur,1,none
efficientnet_b4,ILSVRC2012_val_00036393.JPEG,n03180011,527,664,0.10711748,0,imagenet_c,defocus_blur,1,none
efficientnet_b4,ILSVRC2012_val_00037573.JPEG,n03180011,527,526,0.12387872,0,imagenet_c,defocus_blur,1,none
efficientnet_b4,ILSVRC2012_val_00039262.JPEG,n03180011,527,526,0.16174519,0,imagenet_c,defocus_blur,1,none
efficientnet_b4,ILSVRC2012_val_00039428.JPEG,n03180011,527,527,0.3484838,1,imagenet_c,defocus_blur,1,none
efficientnet_b4,ILSVRC2012_val_00040229.JPEG,n03180011,527,527,0.4265995,1,imagenet_c,defocus_blur,1,none
efficientnet_b4,ILSVRC2012_val_00041482.JPEG,n03180011,527,527,0.16583757,1,imagenet_c,defocus_blur,1,none
efficientnet_b4,ILSVRC2012_val_00042951.JPEG,n03180011,527,526,0.24684852,0,imagenet_c,defocus_blur,1,none
efficientnet_b4,ILSVRC2012_val_00043506.JPEG,n03180011,527,527,0.33326808,1,imagenet_c,defocus_blur,1,none
efficientnet_b4,ILSVRC2012_val_00043943.JPEG,n03180011,527,782,0.24369997,0,imagenet_c,defocus_blur,1,none
efficientnet_b4,ILSVRC2012_val_00044148.JPEG,n03180011,527,527,0.22323267,1,imagenet_c,defocus_blur,1,none
efficientnet_b4,ILSVRC2012_val_00046899.JPEG,n03180011,527,527,0.19090877,1,imagenet_c,defocus_blur,1,none
efficientnet_b4,ILSVRC2012_val_00048595.JPEG,n03180011,527,527,0.69555783,1,imagenet_c,defocus_blur,1,none
efficientnet_b4,ILSVRC2012_val_00049615.JPEG,n03180011,527,811,0.21930954,0,imagenet_c,defocus_blur,1,none
efficientnet_b4,ILSVRC2012_val_00049752.JPEG,n03180011,527,527,0.41524854,1,imagenet_c,defocus_blur,1,none
efficientnet_b4,ILSVRC2012_val_00049874.JPEG,n03180011,527,527,0.12796172,1,imagenet_c,defocus_blur,1,none
efficientnet_b4,ILSVRC2012_val_00000137.JPEG,n03187595,528,674,0.07408,0,imagenet_c,defocus_blur,1,none
efficientnet_b4,ILSVRC2012_val_00002712.JPEG,n03187595,528,528,0.2331117,1,imagenet_c,defocus_blur,1,none
efficientnet_b4,ILSVRC2012_val_00003171.JPEG,n03187595,528,528,0.5634226,1,imagenet_c,defocus_blur,1,none
efficientnet_b4,ILSVRC2012_val_00003253.JPEG,n03187595,528,528,0.6167423,1,imagenet_c,defocus_blur,1,none
efficientnet_b4,ILSVRC2012_val_00004568.JPEG,n03187595,528,528,0.62400657,1,imagenet_c,defocus_blur,1,none
efficientnet_b4,ILSVRC2012_val_00005223.JPEG,n03187595,528,707,0.80229455,0,imagenet_c,defocus_blur,1,none
efficientnet_b4,ILSVRC2012_val_00005579.JPEG,n03187595,528,528,0.41966903,1,imagenet_c,defocus_blur,1,none
efficientnet_b4,ILSVRC2012_val_00007403.JPEG,n03187595,528,528,0.8370877,1,imagenet_c,defocus_blur,1,none
efficientnet_b4,ILSVRC2012_val_00009824.JPEG,n03187595,528,528,0.44666836,1,imagenet_c,defocus_blur,1,none
efficientnet_b4,ILSVRC2012_val_00010652.JPEG,n03187595,528,606,0.23736884,0,imagenet_c,defocus_blur,1,none
efficientnet_b4,ILSVRC2012_val_00011934.JPEG,n03187595,528,528,0.37181848,1,imagenet_c,defocus_blur,1,none
efficientnet_b4,ILSVRC2012_val_00012385.JPEG,n03187595,528,528,0.35569367,1,imagenet_c,defocus_blur,1,none
efficientnet_b4,ILSVRC2012_val_00013729.JPEG,n03187595,528,528,0.7036558,1,imagenet_c,defocus_blur,1,none
efficientnet_b4,ILSVRC2012_val_00016249.JPEG,n03187595,528,528,0.3168055,1,imagenet_c,defocus_blur,1,none
efficientnet_b4,ILSVRC2012_val_00016388.JPEG,n03187595,528,844,0.21910961,0,imagenet_c,defocus_blur,1,none
efficientnet_b4,ILSVRC2012_val_00017123.JPEG,n03187595,528,854,0.058015913,0,imagenet_c,defocus_blur,1,none
efficientnet_b4,ILSVRC2012_val_00020238.JPEG,n03187595,528,528,0.22817998,1,imagenet_c,defocus_blur,1,none
efficientnet_b4,ILSVRC2012_val_00021048.JPEG,n03187595,528,473,0.20939815,0,imagenet_c,defocus_blur,1,none
efficientnet_b4,ILSVRC2012_val_00021110.JPEG,n03187595,528,487,0.45202133,0,imagenet_c,defocus_blur,1,none
efficientnet_b4,ILSVRC2012_val_00021651.JPEG,n03187595,528,606,0.16246396,0,imagenet_c,defocus_blur,1,none
efficientnet_b4,ILSVRC2012_val_00022385.JPEG,n03187595,528,528,0.6179186,1,imagenet_c,defocus_blur,1,none
efficientnet_b4,ILSVRC2012_val_00022668.JPEG,n03187595,528,528,0.5552313,1,imagenet_c,defocus_blur,1,none
efficientnet_b4,ILSVRC2012_val_00022826.JPEG,n03187595,528,528,0.46274674,1,imagenet_c,defocus_blur,1,none
efficientnet_b4,ILSVRC2012_val_00023321.JPEG,n03187595,528,528,0.7503609,1,imagenet_c,defocus_blur,1,none
efficientnet_b4,ILSVRC2012_val_00023876.JPEG,n03187595,528,528,0.50590366,1,imagenet_c,defocus_blur,1,none
efficientnet_b4,ILSVRC2012_val_00025136.JPEG,n03187595,528,606,0.22348918,0,imagenet_c,defocus_blur,1,none
efficientnet_b4,ILSVRC2012_val_00025972.JPEG,n03187595,528,522,0.12768333,0,imagenet_c,defocus_blur,1,none
efficientnet_b4,ILSVRC2012_val_00026565.JPEG,n03187595,528,528,0.29846758,1,imagenet_c,defocus_blur,1,none
efficientnet_b4,ILSVRC2012_val_00028407.JPEG,n03187595,528,528,0.55873597,1,imagenet_c,defocus_blur,1,none
efficientnet_b4,ILSVRC2012_val_00028433.JPEG,n03187595,528,758,0.20804878,0,imagenet_c,defocus_blur,1,none
efficientnet_b4,ILSVRC2012_val_00028832.JPEG,n03187595,528,528,0.7464614,1,imagenet_c,defocus_blur,1,none
efficientnet_b4,ILSVRC2012_val_00029012.JPEG,n03187595,528,902,0.23313846,0,imagenet_c,defocus_blur,1,none
efficientnet_b4,ILSVRC2012_val_00029045.JPEG,n03187595,528,528,0.40273845,1,imagenet_c,defocus_blur,1,none
efficientnet_b4,ILSVRC2012_val_00029370.JPEG,n03187595,528,528,0.5325168,1,imagenet_c,defocus_blur,1,none
efficientnet_b4,ILSVRC2012_val_00029600.JPEG,n03187595,528,528,0.5501204,1,imagenet_c,defocus_blur,1,none
efficientnet_b4,ILSVRC2012_val_00030193.JPEG,n03187595,528,528,0.67632467,1,imagenet_c,defocus_blur,1,none
efficientnet_b4,ILSVRC2012_val_00030284.JPEG,n03187595,528,528,0.47438577,1,imagenet_c,defocus_blur,1,none
efficientnet_b4,ILSVRC2012_val_00031617.JPEG,n03187595,528,528,0.5662375,1,imagenet_c,defocus_blur,1,none
efficientnet_b4,ILSVRC2012_val_00033592.JPEG,n03187595,528,849,0.07714794,0,imagenet_c,defocus_blur,1,none
efficientnet_b4,ILSVRC2012_val_00034672.JPEG,n03187595,528,528,0.6468299,1,imagenet_c,defocus_blur,1,none
efficientnet_b4,ILSVRC2012_val_00035025.JPEG,n03187595,528,528,0.4634303,1,imagenet_c,defocus_blur,1,none
efficientnet_b4,ILSVRC2012_val_00036261.JPEG,n03187595,528,528,0.4224762,1,imagenet_c,defocus_blur,1,none
efficientnet_b4,ILSVRC2012_val_00037631.JPEG,n03187595,528,528,0.33345258,1,imagenet_c,defocus_blur,1,none
efficientnet_b4,ILSVRC2012_val_00037784.JPEG,n03187595,528,528,0.6115095,1,imagenet_c,defocus_blur,1,none
efficientnet_b4,ILSVRC2012_val_00037944.JPEG,n03187595,528,528,0.62571865,1,imagenet_c,defocus_blur,1,none
efficientnet_b4,ILSVRC2012_val_00039726.JPEG,n03187595,528,528,0.5221592,1,imagenet_c,defocus_blur,1,none
efficientnet_b4,ILSVRC2012_val_00042219.JPEG,n03187595,528,528,0.5292796,1,imagenet_c,defocus_blur,1,none
efficientnet_b4,ILSVRC2012_val_00044523.JPEG,n03187595,528,606,0.39073026,0,imagenet_c,defocus_blur,1,none
efficientnet_b4,ILSVRC2012_val_00046351.JPEG,n03187595,528,528,0.3522402,1,imagenet_c,defocus_blur,1,none
efficientnet_b4,ILSVRC2012_val_00048472.JPEG,n03187595,528,528,0.5111481,1,imagenet_c,defocus_blur,1,none
efficientnet_b4,ILSVRC2012_val_00000493.JPEG,n03188531,529,529,0.22750899,1,imagenet_c,defocus_blur,1,none
efficientnet_b4,ILSVRC2012_val_00001991.JPEG,n03188531,529,516,0.21953583,0,imagenet_c,defocus_blur,1,none
efficientnet_b4,ILSVRC2012_val_00002075.JPEG,n03188531,529,424,0.13116118,0,imagenet_c,defocus_blur,1,none
efficientnet_b4,ILSVRC2012_val_00002699.JPEG,n03188531,529,529,0.6857767,1,imagenet_c,defocus_blur,1,none
efficientnet_b4,ILSVRC2012_val_00004916.JPEG,n03188531,529,529,0.57504517,1,imagenet_c,defocus_blur,1,none
efficientnet_b4,ILSVRC2012_val_00006233.JPEG,n03188531,529,529,0.3463468,1,imagenet_c,defocus_blur,1,none
efficientnet_b4,ILSVRC2012_val_00007673.JPEG,n03188531,529,830,0.02883954,0,imagenet_c,defocus_blur,1,none
efficientnet_b4,ILSVRC2012_val_00009299.JPEG,n03188531,529,529,0.5339592,1,imagenet_c,defocus_blur,1,none
efficientnet_b4,ILSVRC2012_val_00010368.JPEG,n03188531,529,692,0.17343417,0,imagenet_c,defocus_blur,1,none
efficientnet_b4,ILSVRC2012_val_00010735.JPEG,n03188531,529,219,0.17486739,0,imagenet_c,defocus_blur,1,none
efficientnet_b4,ILSVRC2012_val_00012531.JPEG,n03188531,529,268,0.34540075,0,imagenet_c,defocus_blur,1,none
efficientnet_b4,ILSVRC2012_val_00012700.JPEG,n03188531,529,529,0.44824705,1,imagenet_c,defocus_blur,1,none
efficientnet_b4,ILSVRC2012_val_00013732.JPEG,n03188531,529,529,0.6220703,1,imagenet_c,defocus_blur,1,none
efficientnet_b4,ILSVRC2012_val_00014142.JPEG,n03188531,529,529,0.16392642,1,imagenet_c,defocus_blur,1,none
efficientnet_b4,ILSVRC2012_val_00014675.JPEG,n03188531,529,529,0.5099388,1,imagenet_c,defocus_blur,1,none
efficientnet_b4,ILSVRC2012_val_00014742.JPEG,n03188531,529,529,0.68875366,1,imagenet_c,defocus_blur,1,none
efficientnet_b4,ILSVRC2012_val_00015180.JPEG,n03188531,529,842,0.18641831,0,imagenet_c,defocus_blur,1,none
efficientnet_b4,ILSVRC2012_val_00016502.JPEG,n03188531,529,529,0.14683414,1,imagenet_c,defocus_blur,1,none
efficientnet_b4,ILSVRC2012_val_00017089.JPEG,n03188531,529,529,0.49684495,1,imagenet_c,defocus_blur,1,none
efficientnet_b4,ILSVRC2012_val_00017183.JPEG,n03188531,529,529,0.18303612,1,imagenet_c,defocus_blur,1,none
efficientnet_b4,ILSVRC2012_val_00017610.JPEG,n03188531,529,520,0.5517633,0,imagenet_c,defocus_blur,1,none
efficientnet_b4,ILSVRC2012_val_00018058.JPEG,n03188531,529,529,0.7296287,1,imagenet_c,defocus_blur,1,none
efficientnet_b4,ILSVRC2012_val_00019240.JPEG,n03188531,529,529,0.2173268,1,imagenet_c,defocus_blur,1,none
efficientnet_b4,ILSVRC2012_val_00021254.JPEG,n03188531,529,529,0.8052984,1,imagenet_c,defocus_blur,1,none
efficientnet_b4,ILSVRC2012_val_00022702.JPEG,n03188531,529,529,0.13684465,1,imagenet_c,defocus_blur,1,none
efficientnet_b4,ILSVRC2012_val_00023284.JPEG,n03188531,529,529,0.67146754,1,imagenet_c,defocus_blur,1,none
efficientnet_b4,ILSVRC2012_val_00023348.JPEG,n03188531,529,529,0.4777001,1,imagenet_c,defocus_blur,1,none
efficientnet_b4,ILSVRC2012_val_00024495.JPEG,n03188531,529,714,0.092357166,0,imagenet_c,defocus_blur,1,none
efficientnet_b4,ILSVRC2012_val_00024563.JPEG,n03188531,529,529,0.90086323,1,imagenet_c,defocus_blur,1,none
efficientnet_b4,ILSVRC2012_val_00026069.JPEG,n03188531,529,529,0.2330288,1,imagenet_c,defocus_blur,1,none
efficientnet_b4,ILSVRC2012_val_00026240.JPEG,n03188531,529,529,0.30207235,1,imagenet_c,defocus_blur,1,none
efficientnet_b4,ILSVRC2012_val_00027528.JPEG,n03188531,529,529,0.5067392,1,imagenet_c,defocus_blur,1,none
efficientnet_b4,ILSVRC2012_val_00030302.JPEG,n03188531,529,691,0.05428174,0,imagenet_c,defocus_blur,1,none
efficientnet_b4,ILSVRC2012_val_00032218.JPEG,n03188531,529,529,0.66608834,1,imagenet_c,defocus_blur,1,none
efficientnet_b4,ILSVRC2012_val_00032769.JPEG,n03188531,529,870,0.1719012,0,imagenet_c,defocus_blur,1,none
efficientnet_b4,ILSVRC2012_val_00033158.JPEG,n03188531,529,529,0.53435755,1,imagenet_c,defocus_blur,1,none
efficientnet_b4,ILSVRC2012_val_00033272.JPEG,n03188531,529,582,0.11843008,0,imagenet_c,defocus_blur,1,none
efficientnet_b4,ILSVRC2012_val_00034183.JPEG,n03188531,529,529,0.26366982,1,imagenet_c,defocus_blur,1,none
efficientnet_b4,ILSVRC2012_val_00036101.JPEG,n03188531,529,529,0.64384925,1,imagenet_c,defocus_blur,1,none
efficientnet_b4,ILSVRC2012_val_00037550.JPEG,n03188531,529,975,0.11903511,0,imagenet_c,defocus_blur,1,none
efficientnet_b4,ILSVRC2012_val_00038709.JPEG,n03188531,529,529,0.1650513,1,imagenet_c,defocus_blur,1,none
efficientnet_b4,ILSVRC2012_val_00039191.JPEG,n03188531,529,529,0.319748,1,imagenet_c,defocus_blur,1,none
efficientnet_b4,ILSVRC2012_val_00039269.JPEG,n03188531,529,728,0.3143564,0,imagenet_c,defocus_blur,1,none
efficientnet_b4,ILSVRC2012_val_00039509.JPEG,n03188531,529,529,0.42997724,1,imagenet_c,defocus_blur,1,none
efficientnet_b4,ILSVRC2012_val_00041052.JPEG,n03188531,529,529,0.49129617,1,imagenet_c,defocus_blur,1,none
efficientnet_b4,ILSVRC2012_val_00042598.JPEG,n03188531,529,529,0.62373257,1,imagenet_c,defocus_blur,1,none
efficientnet_b4,ILSVRC2012_val_00044826.JPEG,n03188531,529,529,0.24550493,1,imagenet_c,defocus_blur,1,none
efficientnet_b4,ILSVRC2012_val_00045688.JPEG,n03188531,529,529,0.35983458,1,imagenet_c,defocus_blur,1,none
efficientnet_b4,ILSVRC2012_val_00046665.JPEG,n03188531,529,529,0.5769801,1,imagenet_c,defocus_blur,1,none
efficientnet_b4,ILSVRC2012_val_00049038.JPEG,n03188531,529,529,0.64536524,1,imagenet_c,defocus_blur,1,none
efficientnet_b4,ILSVRC2012_val_00003643.JPEG,n03196217,530,826,0.40932545,0,imagenet_c,defocus_blur,1,none
efficientnet_b4,ILSVRC2012_val_00003721.JPEG,n03196217,530,530,0.5593535,1,imagenet_c,defocus_blur,1,none
efficientnet_b4,ILSVRC2012_val_00006553.JPEG,n03196217,530,531,0.70625174,0,imagenet_c,defocus_blur,1,none
efficientnet_b4,ILSVRC2012_val_00008751.JPEG,n03196217,530,530,0.4338519,1,imagenet_c,defocus_blur,1,none
efficientnet_b4,ILSVRC2012_val_00010019.JPEG,n03196217,530,530,0.7193796,1,imagenet_c,defocus_blur,1,none
efficientnet_b4,ILSVRC2012_val_00010672.JPEG,n03196217,530,527,0.16348341,0,imagenet_c,defocus_blur,1,none
efficientnet_b4,ILSVRC2012_val_00011568.JPEG,n03196217,530,605,0.09453896,0,imagenet_c,defocus_blur,1,none
efficientnet_b4,ILSVRC2012_val_00012194.JPEG,n03196217,530,531,0.34970108,0,imagenet_c,defocus_blur,1,none
efficientnet_b4,ILSVRC2012_val_00013767.JPEG,n03196217,530,530,0.6260707,1,imagenet_c,defocus_blur,1,none
efficientnet_b4,ILSVRC2012_val_00013897.JPEG,n03196217,530,531,0.17431784,0,imagenet_c,defocus_blur,1,none
efficientnet_b4,ILSVRC2012_val_00014666.JPEG,n03196217,530,530,0.61977726,1,imagenet_c,defocus_blur,1,none
efficientnet_b4,ILSVRC2012_val_00014987.JPEG,n03196217,530,781,0.44595063,0,imagenet_c,defocus_blur,1,none
efficientnet_b4,ILSVRC2012_val_00015628.JPEG,n03196217,530,848,0.29684752,0,imagenet_c,defocus_blur,1,none
efficientnet_b4,ILSVRC2012_val_00019501.JPEG,n03196217,530,826,0.49495953,0,imagenet_c,defocus_blur,1,none
efficientnet_b4,ILSVRC2012_val_00020409.JPEG,n03196217,530,773,0.092647776,0,imagenet_c,defocus_blur,1,none
efficientnet_b4,ILSVRC2012_val_00020490.JPEG,n03196217,530,664,0.10292948,0,imagenet_c,defocus_blur,1,none
efficientnet_b4,ILSVRC2012_val_00021836.JPEG,n03196217,530,530,0.36841974,1,imagenet_c,defocus_blur,1,none
efficientnet_b4,ILSVRC2012_val_00023369.JPEG,n03196217,530,530,0.59952027,1,imagenet_c,defocus_blur,1,none
efficientnet_b4,ILSVRC2012_val_00023576.JPEG,n03196217,530,530,0.58654493,1,imagenet_c,defocus_blur,1,none
efficientnet_b4,ILSVRC2012_val_00024739.JPEG,n03196217,530,530,0.77734584,1,imagenet_c,defocus_blur,1,none
efficientnet_b4,ILSVRC2012_val_00025173.JPEG,n03196217,530,848,0.100018255,0,imagenet_c,defocus_blur,1,none
efficientnet_b4,ILSVRC2012_val_00025849.JPEG,n03196217,530,781,0.33891153,0,imagenet_c,defocus_blur,1,none
efficientnet_b4,ILSVRC2012_val_00026298.JPEG,n03196217,530,482,0.17320243,0,imagenet_c,defocus_blur,1,none
efficientnet_b4,ILSVRC2012_val_00026312.JPEG,n03196217,530,530,0.52007204,1,imagenet_c,defocus_blur,1,none
efficientnet_b4,ILSVRC2012_val_00026752.JPEG,n03196217,530,530,0.21653315,1,imagenet_c,defocus_blur,1,none
efficientnet_b4,ILSVRC2012_val_00028203.JPEG,n03196217,530,530,0.47704497,1,imagenet_c,defocus_blur,1,none
efficientnet_b4,ILSVRC2012_val_00028481.JPEG,n03196217,530,530,0.5832747,1,imagenet_c,defocus_blur,1,none
efficientnet_b4,ILSVRC2012_val_00029958.JPEG,n03196217,530,530,0.4108884,1,imagenet_c,defocus_blur,1,none
efficientnet_b4,ILSVRC2012_val_00031955.JPEG,n03196217,530,530,0.64643496,1,imagenet_c,defocus_blur,1,none
efficientnet_b4,ILSVRC2012_val_00032946.JPEG,n03196217,530,826,0.16606094,0,imagenet_c,defocus_blur,1,none
efficientnet_b4,ILSVRC2012_val_00033502.JPEG,n03196217,530,531,0.16789961,0,imagenet_c,defocus_blur,1,none
efficientnet_b4,ILSVRC2012_val_00033627.JPEG,n03196217,530,530,0.6377912,1,imagenet_c,defocus_blur,1,none
efficientnet_b4,ILSVRC2012_val_00034355.JPEG,n03196217,530,530,0.54057145,1,imagenet_c,defocus_blur,1,none
efficientnet_b4,ILSVRC2012_val_00034426.JPEG,n03196217,530,531,0.4335216,0,imagenet_c,defocus_blur,1,none
efficientnet_b4,ILSVRC2012_val_00041307.JPEG,n03196217,530,485,0.30243158,0,imagenet_c,defocus_blur,1,none
efficientnet_b4,ILSVRC2012_val_00041483.JPEG,n03196217,530,530,0.76586014,1,imagenet_c,defocus_blur,1,none
efficientnet_b4,ILSVRC2012_val_00041652.JPEG,n03196217,530,530,0.38261783,1,imagenet_c,defocus_blur,1,none
efficientnet_b4,ILSVRC2012_val_00042585.JPEG,n03196217,530,530,0.50573176,1,imagenet_c,defocus_blur,1,none
efficientnet_b4,ILSVRC2012_val_00042911.JPEG,n03196217,530,530,0.19632237,1,imagenet_c,defocus_blur,1,none
efficientnet_b4,ILSVRC2012_val_00042997.JPEG,n03196217,530,530,0.64599484,1,imagenet_c,defocus_blur,1,none
efficientnet_b4,ILSVRC2012_val_00044029.JPEG,n03196217,530,530,0.64600664,1,imagenet_c,defocus_blur,1,none
efficientnet_b4,ILSVRC2012_val_00044168.JPEG,n03196217,530,434,0.16921878,0,imagenet_c,defocus_blur,1,none
efficientnet_b4,ILSVRC2012_val_00044847.JPEG,n03196217,530,504,0.24132684,0,imagenet_c,defocus_blur,1,none
efficientnet_b4,ILSVRC2012_val_00046460.JPEG,n03196217,530,530,0.77538186,1,imagenet_c,defocus_blur,1,none
efficientnet_b4,ILSVRC2012_val_00047057.JPEG,n03196217,530,530,0.500236,1,imagenet_c,defocus_blur,1,none
efficientnet_b4,ILSVRC2012_val_00047294.JPEG,n03196217,530,530,0.7515959,1,imagenet_c,defocus_blur,1,none
efficientnet_b4,ILSVRC2012_val_00047751.JPEG,n03196217,530,530,0.5360687,1,imagenet_c,defocus_blur,1,none
efficientnet_b4,ILSVRC2012_val_00048682.JPEG,n03196217,530,530,0.5158038,1,imagenet_c,defocus_blur,1,none
efficientnet_b4,ILSVRC2012_val_00049458.JPEG,n03196217,530,530,0.11432652,1,imagenet_c,defocus_blur,1,none
efficientnet_b4,ILSVRC2012_val_00049759.JPEG,n03196217,530,530,0.57335746,1,imagenet_c,defocus_blur,1,none
efficientnet_b4,ILSVRC2012_val_00000339.JPEG,n03197337,531,477,0.20441931,0,imagenet_c,defocus_blur,1,none
efficientnet_b4,ILSVRC2012_val_00003455.JPEG,n03197337,531,531,0.42968434,1,imagenet_c,defocus_blur,1,none
efficientnet_b4,ILSVRC2012_val_00003634.JPEG,n03197337,531,531,0.55189896,1,imagenet_c,defocus_blur,1,none
efficientnet_b4,ILSVRC2012_val_00004039.JPEG,n03197337,531,531,0.107742466,1,imagenet_c,defocus_blur,1,none
efficientnet_b4,ILSVRC2012_val_00006034.JPEG,n03197337,531,531,0.6417639,1,imagenet_c,defocus_blur,1,none
efficientnet_b4,ILSVRC2012_val_00007983.JPEG,n03197337,531,412,0.16785468,0,imagenet_c,defocus_blur,1,none
efficientnet_b4,ILSVRC2012_val_00008296.JPEG,n03197337,531,531,0.43365443,1,imagenet_c,defocus_blur,1,none
efficientnet_b4,ILSVRC2012_val_00008596.JPEG,n03197337,531,826,0.2299223,0,imagenet_c,defocus_blur,1,none
efficientnet_b4,ILSVRC2012_val_00009109.JPEG,n03197337,531,720,0.08825026,0,imagenet_c,defocus_blur,1,none
efficientnet_b4,ILSVRC2012_val_00009243.JPEG,n03197337,531,929,0.06730303,0,imagenet_c,defocus_blur,1,none
efficientnet_b4,ILSVRC2012_val_00010753.JPEG,n03197337,531,531,0.3132865,1,imagenet_c,defocus_blur,1,none
efficientnet_b4,ILSVRC2012_val_00010958.JPEG,n03197337,531,584,0.30729786,0,imagenet_c,defocus_blur,1,none
efficientnet_b4,ILSVRC2012_val_00011172.JPEG,n03197337,531,531,0.31730172,1,imagenet_c,defocus_blur,1,none
efficientnet_b4,ILSVRC2012_val_00011421.JPEG,n03197337,531,531,0.5776758,1,imagenet_c,defocus_blur,1,none
efficientnet_b4,ILSVRC2012_val_00012383.JPEG,n03197337,531,531,0.48310772,1,imagenet_c,defocus_blur,1,none
efficientnet_b4,ILSVRC2012_val_00013307.JPEG,n03197337,531,826,0.5586057,0,imagenet_c,defocus_blur,1,none
efficientnet_b4,ILSVRC2012_val_00016242.JPEG,n03197337,531,531,0.47324428,1,imagenet_c,defocus_blur,1,none
efficientnet_b4,ILSVRC2012_val_00017149.JPEG,n03197337,531,531,0.27906674,1,imagenet_c,defocus_blur,1,none
efficientnet_b4,ILSVRC2012_val_00017597.JPEG,n03197337,531,531,0.26849946,1,imagenet_c,defocus_blur,1,none
efficientnet_b4,ILSVRC2012_val_00019436.JPEG,n03197337,531,531,0.6900995,1,imagenet_c,defocus_blur,1,none
efficientnet_b4,ILSVRC2012_val_00019997.JPEG,n03197337,531,531,0.5279932,1,imagenet_c,defocus_blur,1,none
efficientnet_b4,ILSVRC2012_val_00020267.JPEG,n03197337,531,826,0.19712402,0,imagenet_c,defocus_blur,1,none
efficientnet_b4,ILSVRC2012_val_00023643.JPEG,n03197337,531,531,0.4911101,1,imagenet_c,defocus_blur,1,none
efficientnet_b4,ILSVRC2012_val_00024463.JPEG,n03197337,531,531,0.5008027,1,imagenet_c,defocus_blur,1,none
efficientnet_b4,ILSVRC2012_val_00024672.JPEG,n03197337,531,531,0.69976217,1,imagenet_c,defocus_blur,1,none
efficientnet_b4,ILSVRC2012_val_00027794.JPEG,n03197337,531,826,0.2527257,0,imagenet_c,defocus_blur,1,none
efficientnet_b4,ILSVRC2012_val_00029469.JPEG,n03197337,531,826,0.2940726,0,imagenet_c,defocus_blur,1,none
efficientnet_b4,ILSVRC2012_val_00033472.JPEG,n03197337,531,531,0.5106208,1,imagenet_c,defocus_blur,1,none
efficientnet_b4,ILSVRC2012_val_00034547.JPEG,n03197337,531,531,0.4424374,1,imagenet_c,defocus_blur,1,none
efficientnet_b4,ILSVRC2012_val_00034569.JPEG,n03197337,531,531,0.27115896,1,imagenet_c,defocus_blur,1,none
efficientnet_b4,ILSVRC2012_val_00035128.JPEG,n03197337,531,531,0.7258621,1,imagenet_c,defocus_blur,1,none
efficientnet_b4,ILSVRC2012_val_00035135.JPEG,n03197337,531,530,0.54210716,0,imagenet_c,defocus_blur,1,none
efficientnet_b4,ILSVRC2012_val_00035747.JPEG,n03197337,531,531,0.49608248,1,imagenet_c,defocus_blur,1,none
efficientnet_b4,ILSVRC2012_val_00037047.JPEG,n03197337,531,826,0.19164002,0,imagenet_c,defocus_blur,1,none
efficientnet_b4,ILSVRC2012_val_00038776.JPEG,n03197337,531,531,0.15759043,1,imagenet_c,defocus_blur,1,none
efficientnet_b4,ILSVRC2012_val_00039361.JPEG,n03197337,531,826,0.21533057,0,imagenet_c,defocus_blur,1,none
efficientnet_b4,ILSVRC2012_val_00039590.JPEG,n03197337,531,531,0.30267584,1,imagenet_c,defocus_blur,1,none
efficientnet_b4,ILSVRC2012_val_00039835.JPEG,n03197337,531,531,0.3909809,1,imagenet_c,defocus_blur,1,none
efficientnet_b4,ILSVRC2012_val_00041530.JPEG,n03197337,531,732,0.27517295,0,imagenet_c,defocus_blur,1,none
efficientnet_b4,ILSVRC2012_val_00042914.JPEG,n03197337,531,455,0.2269204,0,imagenet_c,defocus_blur,1,none
efficientnet_b4,ILSVRC2012_val_00043285.JPEG,n03197337,531,531,0.36023197,1,imagenet_c,defocus_blur,1,none
efficientnet_b4,ILSVRC2012_val_00044418.JPEG,n03197337,531,531,0.5039269,1,imagenet_c,defocus_blur,1,none
efficientnet_b4,ILSVRC2012_val_00044536.JPEG,n03197337,531,531,0.5056586,1,imagenet_c,defocus_blur,1,none
efficientnet_b4,ILSVRC2012_val_00044575.JPEG,n03197337,531,531,0.61553293,1,imagenet_c,defocus_blur,1,none
efficientnet_b4,ILSVRC2012_val_00045617.JPEG,n03197337,531,758,0.37777722,0,imagenet_c,defocus_blur,1,none
efficientnet_b4,ILSVRC2012_val_00045934.JPEG,n03197337,531,531,0.62050545,1,imagenet_c,defocus_blur,1,none
efficientnet_b4,ILSVRC2012_val_00046789.JPEG,n03197337,531,531,0.5213609,1,imagenet_c,defocus_blur,1,none
efficientnet_b4,ILSVRC2012_val_00047030.JPEG,n03197337,531,531,0.5373204,1,imagenet_c,defocus_blur,1,none
efficientnet_b4,ILSVRC2012_val_00047198.JPEG,n03197337,531,531,0.22675757,1,imagenet_c,defocus_blur,1,none
efficientnet_b4,ILSVRC2012_val_00048942.JPEG,n03197337,531,936,0.03697297,0,imagenet_c,defocus_blur,1,none
efficientnet_b4,ILSVRC2012_val_00000241.JPEG,n03201208,532,708,0.2296028,0,imagenet_c,defocus_blur,1,none
efficientnet_b4,ILSVRC2012_val_00000503.JPEG,n03201208,532,532,0.117206655,1,imagenet_c,defocus_blur,1,none
efficientnet_b4,ILSVRC2012_val_00002772.JPEG,n03201208,532,762,0.15972736,0,imagenet_c,defocus_blur,1,none
efficientnet_b4,ILSVRC2012_val_00002775.JPEG,n03201208,532,532,0.5969159,1,imagenet_c,defocus_blur,1,none
efficientnet_b4,ILSVRC2012_val_00006493.JPEG,n03201208,532,762,0.27057743,0,imagenet_c,defocus_blur,1,none
efficientnet_b4,ILSVRC2012_val_00009758.JPEG,n03201208,532,736,0.20233968,0,imagenet_c,defocus_blur,1,none
efficientnet_b4,ILSVRC2012_val_00010895.JPEG,n03201208,532,726,0.051170588,0,imagenet_c,defocus_blur,1,none
efficientnet_b4,ILSVRC2012_val_00011753.JPEG,n03201208,532,532,0.30268818,1,imagenet_c,defocus_blur,1,none
efficientnet_b4,ILSVRC2012_val_00012890.JPEG,n03201208,532,532,0.30960158,1,imagenet_c,defocus_blur,1,none
efficientnet_b4,ILSVRC2012_val_00013687.JPEG,n03201208,532,789,0.48140272,0,imagenet_c,defocus_blur,1,none
efficientnet_b4,ILSVRC2012_val_00013938.JPEG,n03201208,532,898,0.15932703,0,imagenet_c,defocus_blur,1,none
efficientnet_b4,ILSVRC2012_val_00014510.JPEG,n03201208,532,532,0.3546718,1,imagenet_c,defocus_blur,1,none
efficientnet_b4,ILSVRC2012_val_00015035.JPEG,n03201208,532,532,0.29489547,1,imagenet_c,defocus_blur,1,none
efficientnet_b4,ILSVRC2012_val_00015824.JPEG,n03201208,532,78,0.15657778,0,imagenet_c,defocus_blur,1,none
efficientnet_b4,ILSVRC2012_val_00018913.JPEG,n03201208,532,532,0.09654013,1,imagenet_c,defocus_blur,1,none
efficientnet_b4,ILSVRC2012_val_00019001.JPEG,n03201208,532,532,0.49960276,1,imagenet_c,defocus_blur,1,none
efficientnet_b4,ILSVRC2012_val_00020899.JPEG,n03201208,532,532,0.21699883,1,imagenet_c,defocus_blur,1,none
efficientnet_b4,ILSVRC2012_val_00021136.JPEG,n03201208,532,532,0.69262564,1,imagenet_c,defocus_blur,1,none
efficientnet_b4,ILSVRC2012_val_00021888.JPEG,n03201208,532,532,0.5598822,1,imagenet_c,defocus_blur,1,none
efficientnet_b4,ILSVRC2012_val_00021951.JPEG,n03201208,532,410,0.08012451,0,imagenet_c,defocus_blur,1,none
efficientnet_b4,ILSVRC2012_val_00023795.JPEG,n03201208,532,532,0.64685,1,imagenet_c,defocus_blur,1,none
efficientnet_b4,ILSVRC2012_val_00024188.JPEG,n03201208,532,532,0.28230342,1,imagenet_c,defocus_blur,1,none
efficientnet_b4,ILSVRC2012_val_00026442.JPEG,n03201208,532,532,0.56710035,1,imagenet_c,defocus_blur,1,none
efficientnet_b4,ILSVRC2012_val_00026491.JPEG,n03201208,532,532,0.31283677,1,imagenet_c,defocus_blur,1,none
efficientnet_b4,ILSVRC2012_val_00027949.JPEG,n03201208,532,762,0.16796775,0,imagenet_c,defocus_blur,1,none
efficientnet_b4,ILSVRC2012_val_00028606.JPEG,n03201208,532,532,0.561609,1,imagenet_c,defocus_blur,1,none
efficientnet_b4,ILSVRC2012_val_00029073.JPEG,n03201208,532,762,0.09225222,0,imagenet_c,defocus_blur,1,none
efficientnet_b4,ILSVRC2012_val_00030447.JPEG,n03201208,532,532,0.5639534,1,imagenet_c,defocus_blur,1,none
efficientnet_b4,ILSVRC2012_val_00031136.JPEG,n03201208,532,532,0.6231356,1,imagenet_c,defocus_blur,1,none
efficientnet_b4,ILSVRC2012_val_00032574.JPEG,n03201208,532,705,0.22203499,0,imagenet_c,defocus_blur,1,none
efficientnet_b4,ILSVRC2012_val_00034560.JPEG,n03201208,532,762,0.6136496,0,imagenet_c,defocus_blur,1,none
efficientnet_b4,ILSVRC2012_val_00035775.JPEG,n03201208,532,532,0.7226957,1,imagenet_c,defocus_blur,1,none
efficientnet_b4,ILSVRC2012_val_00036226.JPEG,n03201208,532,532,0.5161738,1,imagenet_c,defocus_blur,1,none
efficientnet_b4,ILSVRC2012_val_00036230.JPEG,n03201208,532,598,0.25554174,0,imagenet_c,defocus_blur,1,none
efficientnet_b4,ILSVRC2012_val_00036955.JPEG,n03201208,532,532,0.637937,1,imagenet_c,defocus_blur,1,none
efficientnet_b4,ILSVRC2012_val_00039899.JPEG,n03201208,532,743,0.15753168,0,imagenet_c,defocus_blur,1,none
efficientnet_b4,ILSVRC2012_val_00040827.JPEG,n03201208,532,706,0.15998515,0,imagenet_c,defocus_blur,1,none
efficientnet_b4,ILSVRC2012_val_00041238.JPEG,n03201208,532,532,0.07813927,1,imagenet_c,defocus_blur,1,none
efficientnet_b4,ILSVRC2012_val_00041816.JPEG,n03201208,532,532,0.26336107,1,imagenet_c,defocus_blur,1,none
efficientnet_b4,ILSVRC2012_val_00041971.JPEG,n03201208,532,532,0.27257738,1,imagenet_c,defocus_blur,1,none
efficientnet_b4,ILSVRC2012_val_00042552.JPEG,n03201208,532,532,0.4361804,1,imagenet_c,defocus_blur,1,none
efficientnet_b4,ILSVRC2012_val_00043733.JPEG,n03201208,532,762,0.5400689,0,imagenet_c,defocus_blur,1,none
efficientnet_b4,ILSVRC2012_val_00044433.JPEG,n03201208,532,532,0.5195884,1,imagenet_c,defocus_blur,1,none
efficientnet_b4,ILSVRC2012_val_00044451.JPEG,n03201208,532,532,0.67050695,1,imagenet_c,defocus_blur,1,none
efficientnet_b4,ILSVRC2012_val_00044668.JPEG,n03201208,532,532,0.084404945,1,imagenet_c,defocus_blur,1,none
efficientnet_b4,ILSVRC2012_val_00045401.JPEG,n03201208,532,532,0.36960617,1,imagenet_c,defocus_blur,1,none
efficientnet_b4,ILSVRC2012_val_00046343.JPEG,n03201208,532,532,0.59941125,1,imagenet_c,defocus_blur,1,none
efficientnet_b4,ILSVRC2012_val_00046839.JPEG,n03201208,532,904,0.07620693,0,imagenet_c,defocus_blur,1,none
efficientnet_b4,ILSVRC2012_val_00048334.JPEG,n03201208,532,532,0.116732,1,imagenet_c,defocus_blur,1,none
efficientnet_b4,ILSVRC2012_val_00048762.JPEG,n03201208,532,532,0.35884923,1,imagenet_c,defocus_blur,1,none
efficientnet_b4,ILSVRC2012_val_00000256.JPEG,n03207743,533,533,0.41564134,1,imagenet_c,defocus_blur,1,none
efficientnet_b4,ILSVRC2012_val_00000761.JPEG,n03207743,533,911,0.15068644,0,imagenet_c,defocus_blur,1,none
efficientnet_b4,ILSVRC2012_val_00001648.JPEG,n03207743,533,533,0.5478322,1,imagenet_c,defocus_blur,1,none
efficientnet_b4,ILSVRC2012_val_00005434.JPEG,n03207743,533,533,0.15897933,1,imagenet_c,defocus_blur,1,none
efficientnet_b4,ILSVRC2012_val_00007598.JPEG,n03207743,533,533,0.7384145,1,imagenet_c,defocus_blur,1,none
efficientnet_b4,ILSVRC2012_val_00009079.JPEG,n03207743,533,735,0.16922282,0,imagenet_c,defocus_blur,1,none
efficientnet_b4,ILSVRC2012_val_00009173.JPEG,n03207743,533,533,0.17472847,1,imagenet_c,defocus_blur,1,none
efficientnet_b4,ILSVRC2012_val_00009860.JPEG,n03207743,533,533,0.33125216,1,imagenet_c,defocus_blur,1,none
efficientnet_b4,ILSVRC2012_val_00010066.JPEG,n03207743,533,539,0.08306476,0,imagenet_c,defocus_blur,1,none
efficientnet_b4,ILSVRC2012_val_00010554.JPEG,n03207743,533,533,0.5468142,1,imagenet_c,defocus_blur,1,none
efficientnet_b4,ILSVRC2012_val_00011066.JPEG,n03207743,533,533,0.66834086,1,imagenet_c,defocus_blur,1,none
efficientnet_b4,ILSVRC2012_val_00011456.JPEG,n03207743,533,533,0.3503328,1,imagenet_c,defocus_blur,1,none
efficientnet_b4,ILSVRC2012_val_00012072.JPEG,n03207743,533,533,0.606359,1,imagenet_c,defocus_blur,1,none
efficientnet_b4,ILSVRC2012_val_00012369.JPEG,n03207743,533,45,0.08549911,0,imagenet_c,defocus_blur,1,none
efficientnet_b4,ILSVRC2012_val_00012950.JPEG,n03207743,533,533,0.67806435,1,imagenet_c,defocus_blur,1,none
efficientnet_b4,ILSVRC2012_val_00013428.JPEG,n03207743,533,533,0.6208804,1,imagenet_c,defocus_blur,1,none
efficientnet_b4,ILSVRC2012_val_00013833.JPEG,n03207743,533,906,0.12116629,0,imagenet_c,defocus_blur,1,none
efficientnet_b4,ILSVRC2012_val_00014697.JPEG,n03207743,533,533,0.73504317,1,imagenet_c,defocus_blur,1,none
efficientnet_b4,ILSVRC2012_val_00016971.JPEG,n03207743,533,533,0.6794472,1,imagenet_c,defocus_blur,1,none
efficientnet_b4,ILSVRC2012_val_00018803.JPEG,n03207743,533,636,0.2542602,0,imagenet_c,defocus_blur,1,none
efficientnet_b4,ILSVRC2012_val_00019493.JPEG,n03207743,533,539,0.463264,0,imagenet_c,defocus_blur,1,none
efficientnet_b4,ILSVRC2012_val_00020166.JPEG,n03207743,533,533,0.76614654,1,imagenet_c,defocus_blur,1,none
efficientnet_b4,ILSVRC2012_val_00021077.JPEG,n03207743,533,452,0.1044589,0,imagenet_c,defocus_blur,1,none
efficientnet_b4,ILSVRC2012_val_00021115.JPEG,n03207743,533,533,0.30955645,1,imagenet_c,defocus_blur,1,none
efficientnet_b4,ILSVRC2012_val_00022213.JPEG,n03207743,533,533,0.4532129,1,imagenet_c,defocus_blur,1,none
efficientnet_b4,ILSVRC2012_val_00028314.JPEG,n03207743,533,539,0.15720996,0,imagenet_c,defocus_blur,1,none
efficientnet_b4,ILSVRC2012_val_00029386.JPEG,n03207743,533,533,0.1600942,1,imagenet_c,defocus_blur,1,none
efficientnet_b4,ILSVRC2012_val_00029761.JPEG,n03207743,533,533,0.687069,1,imagenet_c,defocus_blur,1,none
efficientnet_b4,ILSVRC2012_val_00030082.JPEG,n03207743,533,748,0.786615,0,imagenet_c,defocus_blur,1,none
efficientnet_b4,ILSVRC2012_val_00030446.JPEG,n03207743,533,584,0.35253486,0,imagenet_c,defocus_blur,1,none
efficientnet_b4,ILSVRC2012_val_00030631.JPEG,n03207743,533,533,0.5349951,1,imagenet_c,defocus_blur,1,none
efficientnet_b4,ILSVRC2012_val_00032828.JPEG,n03207743,533,533,0.25355113,1,imagenet_c,defocus_blur,1,none
efficientnet_b4,ILSVRC2012_val_00033148.JPEG,n03207743,533,533,0.47849953,1,imagenet_c,defocus_blur,1,none
efficientnet_b4,ILSVRC2012_val_00033468.JPEG,n03207743,533,591,0.23802035,0,imagenet_c,defocus_blur,1,none
efficientnet_b4,ILSVRC2012_val_00034844.JPEG,n03207743,533,608,0.031466406,0,imagenet_c,defocus_blur,1,none
efficientnet_b4,ILSVRC2012_val_00035642.JPEG,n03207743,533,533,0.50577146,1,imagenet_c,defocus_blur,1,none
efficientnet_b4,ILSVRC2012_val_00037246.JPEG,n03207743,533,533,0.64213276,1,imagenet_c,defocus_blur,1,none
efficientnet_b4,ILSVRC2012_val_00041412.JPEG,n03207743,533,533,0.6268021,1,imagenet_c,defocus_blur,1,none
efficientnet_b4,ILSVRC2012_val_00041558.JPEG,n03207743,533,533,0.395199,1,imagenet_c,defocus_blur,1,none
efficientnet_b4,ILSVRC2012_val_00043957.JPEG,n03207743,533,533,0.33785135,1,imagenet_c,defocus_blur,1,none
efficientnet_b4,ILSVRC2012_val_00044274.JPEG,n03207743,533,533,0.5798283,1,imagenet_c,defocus_blur,1,none
efficientnet_b4,ILSVRC2012_val_00044279.JPEG,n03207743,533,109,0.5654987,0,imagenet_c,defocus_blur,1,none
efficientnet_b4,ILSVRC2012_val_00046444.JPEG,n03207743,533,443,0.14698367,0,imagenet_c,defocus_blur,1,none
efficientnet_b4,ILSVRC2012_val_00047345.JPEG,n03207743,533,533,0.6777111,1,imagenet_c,defocus_blur,1,none
efficientnet_b4,ILSVRC2012_val_00047885.JPEG,n03207743,533,608,0.043294843,0,imagenet_c,defocus_blur,1,none
efficientnet_b4,ILSVRC2012_val_00048226.JPEG,n03207743,533,658,0.26357725,0,imagenet_c,defocus_blur,1,none
efficientnet_b4,ILSVRC2012_val_00048245.JPEG,n03207743,533,533,0.052591443,1,imagenet_c,defocus_blur,1,none
efficientnet_b4,ILSVRC2012_val_00048854.JPEG,n03207743,533,533,0.35732174,1,imagenet_c,defocus_blur,1,none
efficientnet_b4,ILSVRC2012_val_00049319.JPEG,n03207743,533,533,0.59853333,1,imagenet_c,defocus_blur,1,none
efficientnet_b4,ILSVRC2012_val_00049967.JPEG,n03207743,533,904,0.075932495,0,imagenet_c,defocus_blur,1,none
efficientnet_b4,ILSVRC2012_val_00000698.JPEG,n03207941,534,424,0.20315346,0,imagenet_c,defocus_blur,1,none
efficientnet_b4,ILSVRC2012_val_00002249.JPEG,n03207941,534,534,0.6854645,1,imagenet_c,defocus_blur,1,none
efficientnet_b4,ILSVRC2012_val_00003799.JPEG,n03207941,534,534,0.6372188,1,imagenet_c,defocus_blur,1,none
efficientnet_b4,ILSVRC2012_val_00005008.JPEG,n03207941,534,481,0.1966689,0,imagenet_c,defocus_blur,1,none
efficientnet_b4,ILSVRC2012_val_00006770.JPEG,n03207941,534,811,0.07691717,0,imagenet_c,defocus_blur,1,none
efficientnet_b4,ILSVRC2012_val_00006788.JPEG,n03207941,534,534,0.52194303,1,imagenet_c,defocus_blur,1,none
efficientnet_b4,ILSVRC2012_val_00009855.JPEG,n03207941,534,523,0.16275735,0,imagenet_c,defocus_blur,1,none
efficientnet_b4,ILSVRC2012_val_00011442.JPEG,n03207941,534,550,0.18624035,0,imagenet_c,defocus_blur,1,none
efficientnet_b4,ILSVRC2012_val_00011610.JPEG,n03207941,534,534,0.6199773,1,imagenet_c,defocus_blur,1,none
efficientnet_b4,ILSVRC2012_val_00012585.JPEG,n03207941,534,651,0.32981545,0,imagenet_c,defocus_blur,1,none
efficientnet_b4,ILSVRC2012_val_00012714.JPEG,n03207941,534,534,0.6380865,1,imagenet_c,defocus_blur,1,none
efficientnet_b4,ILSVRC2012_val_00014511.JPEG,n03207941,534,534,0.6856237,1,imagenet_c,defocus_blur,1,none
efficientnet_b4,ILSVRC2012_val_00014622.JPEG,n03207941,534,651,0.10812011,0,imagenet_c,defocus_blur,1,none
efficientnet_b4,ILSVRC2012_val_00015960.JPEG,n03207941,534,651,0.36500254,0,imagenet_c,defocus_blur,1,none
efficientnet_b4,ILSVRC2012_val_00018499.JPEG,n03207941,534,534,0.1588383,1,imagenet_c,defocus_blur,1,none
efficientnet_b4,ILSVRC2012_val_00018647.JPEG,n03207941,534,534,0.5112057,1,imagenet_c,defocus_blur,1,none
efficientnet_b4,ILSVRC2012_val_00019668.JPEG,n03207941,534,550,0.52038586,0,imagenet_c,defocus_blur,1,none
efficientnet_b4,ILSVRC2012_val_00020884.JPEG,n03207941,534,534,0.67684364,1,imagenet_c,defocus_blur,1,none
efficientnet_b4,ILSVRC2012_val_00021405.JPEG,n03207941,534,534,0.50408953,1,imagenet_c,defocus_blur,1,none
efficientnet_b4,ILSVRC2012_val_00021421.JPEG,n03207941,534,534,0.71035016,1,imagenet_c,defocus_blur,1,none
efficientnet_b4,ILSVRC2012_val_00021969.JPEG,n03207941,534,560,0.15855251,0,imagenet_c,defocus_blur,1,none
efficientnet_b4,ILSVRC2012_val_00022852.JPEG,n03207941,534,651,0.67988855,0,imagenet_c,defocus_blur,1,none
efficientnet_b4,ILSVRC2012_val_00025368.JPEG,n03207941,534,534,0.82397133,1,imagenet_c,defocus_blur,1,none
efficientnet_b4,ILSVRC2012_val_00025541.JPEG,n03207941,534,651,0.3624052,0,imagenet_c,defocus_blur,1,none
efficientnet_b4,ILSVRC2012_val_00025995.JPEG,n03207941,534,534,0.8666367,1,imagenet_c,defocus_blur,1,none
efficientnet_b4,ILSVRC2012_val_00026376.JPEG,n03207941,534,606,0.20471793,0,imagenet_c,defocus_blur,1,none
efficientnet_b4,ILSVRC2012_val_00026570.JPEG,n03207941,534,660,0.19313304,0,imagenet_c,defocus_blur,1,none
efficientnet_b4,ILSVRC2012_val_00028490.JPEG,n03207941,534,534,0.60287255,1,imagenet_c,defocus_blur,1,none
efficientnet_b4,ILSVRC2012_val_00029869.JPEG,n03207941,534,651,0.2837664,0,imagenet_c,defocus_blur,1,none
efficientnet_b4,ILSVRC2012_val_00031661.JPEG,n03207941,534,534,0.58519226,1,imagenet_c,defocus_blur,1,none
efficientnet_b4,ILSVRC2012_val_00033207.JPEG,n03207941,534,534,0.66111255,1,imagenet_c,defocus_blur,1,none
efficientnet_b4,ILSVRC2012_val_00034409.JPEG,n03207941,534,534,0.61576164,1,imagenet_c,defocus_blur,1,none
efficientnet_b4,ILSVRC2012_val_00035882.JPEG,n03207941,534,534,0.40600613,1,imagenet_c,defocus_blur,1,none
efficientnet_b4,ILSVRC2012_val_00036185.JPEG,n03207941,534,827,0.15502623,0,imagenet_c,defocus_blur,1,none
efficientnet_b4,ILSVRC2012_val_00036877.JPEG,n03207941,534,534,0.36978677,1,imagenet_c,defocus_blur,1,none
efficientnet_b4,ILSVRC2012_val_00038108.JPEG,n03207941,534,827,0.14810686,0,imagenet_c,defocus_blur,1,none
efficientnet_b4,ILSVRC2012_val_00039033.JPEG,n03207941,534,534,0.7162462,1,imagenet_c,defocus_blur,1,none
efficientnet_b4,ILSVRC2012_val_00039082.JPEG,n03207941,534,534,0.20343603,1,imagenet_c,defocus_blur,1,none
efficientnet_b4,ILSVRC2012_val_00040127.JPEG,n03207941,534,729,0.28313622,0,imagenet_c,defocus_blur,1,none
efficientnet_b4,ILSVRC2012_val_00041239.JPEG,n03207941,534,534,0.6907963,1,imagenet_c,defocus_blur,1,none
efficientnet_b4,ILSVRC2012_val_00042603.JPEG,n03207941,534,691,0.20200153,0,imagenet_c,defocus_blur,1,none
efficientnet_b4,ILSVRC2012_val_00043740.JPEG,n03207941,534,651,0.35681936,0,imagenet_c,defocus_blur,1,none
efficientnet_b4,ILSVRC2012_val_00044218.JPEG,n03207941,534,534,0.14517131,1,imagenet_c,defocus_blur,1,none
efficientnet_b4,ILSVRC2012_val_00045536.JPEG,n03207941,534,534,0.9046436,1,imagenet_c,defocus_blur,1,none
efficientnet_b4,ILSVRC2012_val_00045712.JPEG,n03207941,534,446,0.32165974,0,imagenet_c,defocus_blur,1,none
efficientnet_b4,ILSVRC2012_val_00047383.JPEG,n03207941,534,674,0.044171445,0,imagenet_c,defocus_blur,1,none
efficientnet_b4,ILSVRC2012_val_00048287.JPEG,n03207941,534,550,0.17872746,0,imagenet_c,defocus_blur,1,none
efficientnet_b4,ILSVRC2012_val_00048397.JPEG,n03207941,534,681,0.13422334,0,imagenet_c,defocus_blur,1,none
efficientnet_b4,ILSVRC2012_val_00048856.JPEG,n03207941,534,711,0.08348608,0,imagenet_c,defocus_blur,1,none
efficientnet_b4,ILSVRC2012_val_00049048.JPEG,n03207941,534,534,0.5718996,1,imagenet_c,defocus_blur,1,none
efficientnet_b4,ILSVRC2012_val_00002489.JPEG,n03208938,535,488,0.5360612,0,imagenet_c,defocus_blur,1,none
efficientnet_b4,ILSVRC2012_val_00003009.JPEG,n03208938,535,592,0.2843868,0,imagenet_c,defocus_blur,1,none
efficientnet_b4,ILSVRC2012_val_00003128.JPEG,n03208938,535,535,0.52273875,1,imagenet_c,defocus_blur,1,none
efficientnet_b4,ILSVRC2012_val_00003809.JPEG,n03208938,535,592,0.5179264,0,imagenet_c,defocus_blur,1,none
efficientnet_b4,ILSVRC2012_val_00004668.JPEG,n03208938,535,535,0.6506873,1,imagenet_c,defocus_blur,1,none
efficientnet_b4,ILSVRC2012_val_00005142.JPEG,n03208938,535,535,0.62082475,1,imagenet_c,defocus_blur,1,none
efficientnet_b4,ILSVRC2012_val_00008043.JPEG,n03208938,535,535,0.55854106,1,imagenet_c,defocus_blur,1,none
efficientnet_b4,ILSVRC2012_val_00011361.JPEG,n03208938,535,535,0.63365257,1,imagenet_c,defocus_blur,1,none
efficientnet_b4,ILSVRC2012_val_00011478.JPEG,n03208938,535,535,0.67420584,1,imagenet_c,defocus_blur,1,none
efficientnet_b4,ILSVRC2012_val_00012760.JPEG,n03208938,535,535,0.6489907,1,imagenet_c,defocus_blur,1,none
efficientnet_b4,ILSVRC2012_val_00014111.JPEG,n03208938,535,535,0.6172505,1,imagenet_c,defocus_blur,1,none
efficientnet_b4,ILSVRC2012_val_00014377.JPEG,n03208938,535,535,0.708053,1,imagenet_c,defocus_blur,1,none
efficientnet_b4,ILSVRC2012_val_00014703.JPEG,n03208938,535,535,0.5645903,1,imagenet_c,defocus_blur,1,none
efficientnet_b4,ILSVRC2012_val_00015384.JPEG,n03208938,535,758,0.2707113,0,imagenet_c,defocus_blur,1,none
efficientnet_b4,ILSVRC2012_val_00015616.JPEG,n03208938,535,671,0.17479086,0,imagenet_c,defocus_blur,1,none
efficientnet_b4,ILSVRC2012_val_00016032.JPEG,n03208938,535,535,0.62307537,1,imagenet_c,defocus_blur,1,none
efficientnet_b4,ILSVRC2012_val_00017225.JPEG,n03208938,535,535,0.6453569,1,imagenet_c,defocus_blur,1,none
efficientnet_b4,ILSVRC2012_val_00018191.JPEG,n03208938,535,535,0.6685146,1,imagenet_c,defocus_blur,1,none
efficientnet_b4,ILSVRC2012_val_00018232.JPEG,n03208938,535,535,0.6302516,1,imagenet_c,defocus_blur,1,none
efficientnet_b4,ILSVRC2012_val_00018408.JPEG,n03208938,535,444,0.19956283,0,imagenet_c,defocus_blur,1,none
efficientnet_b4,ILSVRC2012_val_00018891.JPEG,n03208938,535,535,0.6575073,1,imagenet_c,defocus_blur,1,none
efficientnet_b4,ILSVRC2012_val_00019515.JPEG,n03208938,535,535,0.57851386,1,imagenet_c,defocus_blur,1,none
efficientnet_b4,ILSVRC2012_val_00019852.JPEG,n03208938,535,535,0.18063907,1,imagenet_c,defocus_blur,1,none
efficientnet_b4,ILSVRC2012_val_00020844.JPEG,n03208938,535,671,0.1610213,0,imagenet_c,defocus_blur,1,none
efficientnet_b4,ILSVRC2012_val_00023771.JPEG,n03208938,535,746,0.3409195,0,imagenet_c,defocus_blur,1,none
efficientnet_b4,ILSVRC2012_val_00023894.JPEG,n03208938,535,665,0.24747042,0,imagenet_c,defocus_blur,1,none
efficientnet_b4,ILSVRC2012_val_00024502.JPEG,n03208938,535,535,0.28431988,1,imagenet_c,defocus_blur,1,none
efficientnet_b4,ILSVRC2012_val_00026157.JPEG,n03208938,535,535,0.5637788,1,imagenet_c,defocus_blur,1,none
efficientnet_b4,ILSVRC2012_val_00026994.JPEG,n03208938,535,535,0.5403156,1,imagenet_c,defocus_blur,1,none
efficientnet_b4,ILSVRC2012_val_00028792.JPEG,n03208938,535,535,0.5494991,1,imagenet_c,defocus_blur,1,none
efficientnet_b4,ILSVRC2012_val_00033426.JPEG,n03208938,535,535,0.45134097,1,imagenet_c,defocus_blur,1,none
efficientnet_b4,ILSVRC2012_val_00033613.JPEG,n03208938,535,535,0.5905626,1,imagenet_c,defocus_blur,1,none
efficientnet_b4,ILSVRC2012_val_00034924.JPEG,n03208938,535,535,0.3632614,1,imagenet_c,defocus_blur,1,none
efficientnet_b4,ILSVRC2012_val_00035712.JPEG,n03208938,535,535,0.21241762,1,imagenet_c,defocus_blur,1,none
efficientnet_b4,ILSVRC2012_val_00036256.JPEG,n03208938,535,535,0.50772566,1,imagenet_c,defocus_blur,1,none
efficientnet_b4,ILSVRC2012_val_00036470.JPEG,n03208938,535,535,0.29891184,1,imagenet_c,defocus_blur,1,none
efficientnet_b4,ILSVRC2012_val_00036679.JPEG,n03208938,535,535,0.675694,1,imagenet_c,defocus_blur,1,none
efficientnet_b4,ILSVRC2012_val_00037536.JPEG,n03208938,535,535,0.76312685,1,imagenet_c,defocus_blur,1,none
efficientnet_b4,ILSVRC2012_val_00038179.JPEG,n03208938,535,535,0.44744244,1,imagenet_c,defocus_blur,1,none
efficientnet_b4,ILSVRC2012_val_00038381.JPEG,n03208938,535,670,0.21611014,0,imagenet_c,defocus_blur,1,none
efficientnet_b4,ILSVRC2012_val_00039208.JPEG,n03208938,535,535,0.6014421,1,imagenet_c,defocus_blur,1,none
efficientnet_b4,ILSVRC2012_val_00039566.JPEG,n03208938,535,535,0.6856688,1,imagenet_c,defocus_blur,1,none
efficientnet_b4,ILSVRC2012_val_00041812.JPEG,n03208938,535,535,0.3203149,1,imagenet_c,defocus_blur,1,none
efficientnet_b4,ILSVRC2012_val_00044142.JPEG,n03208938,535,535,0.2360019,1,imagenet_c,defocus_blur,1,none
efficientnet_b4,ILSVRC2012_val_00044623.JPEG,n03208938,535,543,0.21382317,0,imagenet_c,defocus_blur,1,none
efficientnet_b4,ILSVRC2012_val_00045962.JPEG,n03208938,535,535,0.6141766,1,imagenet_c,defocus_blur,1,none
efficientnet_b4,ILSVRC2012_val_00046052.JPEG,n03208938,535,488,0.18673696,0,imagenet_c,defocus_blur,1,none
efficientnet_b4,ILSVRC2012_val_00048454.JPEG,n03208938,535,479,0.4784097,0,imagenet_c,defocus_blur,1,none
efficientnet_b4,ILSVRC2012_val_00048532.JPEG,n03208938,535,535,0.57477003,1,imagenet_c,defocus_blur,1,none
efficientnet_b4,ILSVRC2012_val_00049940.JPEG,n03208938,535,535,0.51602566,1,imagenet_c,defocus_blur,1,none
efficientnet_b4,ILSVRC2012_val_00001729.JPEG,n03216828,536,536,0.1300133,1,imagenet_c,defocus_blur,1,none
efficientnet_b4,ILSVRC2012_val_00001983.JPEG,n03216828,536,582,0.09866111,0,imagenet_c,defocus_blur,1,none
efficientnet_b4,ILSVRC2012_val_00002593.JPEG,n03216828,536,536,0.4468482,1,imagenet_c,defocus_blur,1,none
efficientnet_b4,ILSVRC2012_val_00003590.JPEG,n03216828,536,449,0.12915927,0,imagenet_c,defocus_blur,1,none
efficientnet_b4,ILSVRC2012_val_00005134.JPEG,n03216828,536,460,0.08171771,0,imagenet_c,defocus_blur,1,none
efficientnet_b4,ILSVRC2012_val_00005968.JPEG,n03216828,536,536,0.14675295,1,imagenet_c,defocus_blur,1,none
efficientnet_b4,ILSVRC2012_val_00006534.JPEG,n03216828,536,975,0.28010005,0,imagenet_c,defocus_blur,1,none
efficientnet_b4,ILSVRC2012_val_00006838.JPEG,n03216828,536,718,0.5135922,0,imagenet_c,defocus_blur,1,none
efficientnet_b4,ILSVRC2012_val_00008942.JPEG,n03216828,536,724,0.23246151,0,imagenet_c,defocus_blur,1,none
efficientnet_b4,ILSVRC2012_val_00009068.JPEG,n03216828,536,536,0.26971188,1,imagenet_c,defocus_blur,1,none
efficientnet_b4,ILSVRC2012_val_00009612.JPEG,n03216828,536,523,0.10014484,0,imagenet_c,defocus_blur,1,none
efficientnet_b4,ILSVRC2012_val_00012195.JPEG,n03216828,536,403,0.17654505,0,imagenet_c,defocus_blur,1,none
efficientnet_b4,ILSVRC2012_val_00013529.JPEG,n03216828,536,536,0.16880293,1,imagenet_c,defocus_blur,1,none
efficientnet_b4,ILSVRC2012_val_00013593.JPEG,n03216828,536,403,0.41537476,0,imagenet_c,defocus_blur,1,none
efficientnet_b4,ILSVRC2012_val_00014260.JPEG,n03216828,536,718,0.2587848,0,imagenet_c,defocus_blur,1,none
efficientnet_b4,ILSVRC2012_val_00016561.JPEG,n03216828,536,484,0.08187925,0,imagenet_c,defocus_blur,1,none
efficientnet_b4,ILSVRC2012_val_00017237.JPEG,n03216828,536,536,0.046695404,1,imagenet_c,defocus_blur,1,none
efficientnet_b4,ILSVRC2012_val_00017364.JPEG,n03216828,536,628,0.23176594,0,imagenet_c,defocus_blur,1,none
efficientnet_b4,ILSVRC2012_val_00017675.JPEG,n03216828,536,536,0.29057106,1,imagenet_c,defocus_blur,1,none
efficientnet_b4,ILSVRC2012_val_00017883.JPEG,n03216828,536,536,0.09521933,1,imagenet_c,defocus_blur,1,none
efficientnet_b4,ILSVRC2012_val_00018083.JPEG,n03216828,536,536,0.6018692,1,imagenet_c,defocus_blur,1,none
efficientnet_b4,ILSVRC2012_val_00018995.JPEG,n03216828,536,536,0.7139647,1,imagenet_c,defocus_blur,1,none
efficientnet_b4,ILSVRC2012_val_00020446.JPEG,n03216828,536,536,0.4854222,1,imagenet_c,defocus_blur,1,none
efficientnet_b4,ILSVRC2012_val_00021622.JPEG,n03216828,536,536,0.13778044,1,imagenet_c,defocus_blur,1,none
efficientnet_b4,ILSVRC2012_val_00023072.JPEG,n03216828,536,670,0.16964719,0,imagenet_c,defocus_blur,1,none
efficientnet_b4,ILSVRC2012_val_00023412.JPEG,n03216828,536,536,0.42208153,1,imagenet_c,defocus_blur,1,none
efficientnet_b4,ILSVRC2012_val_00024765.JPEG,n03216828,536,510,0.37786353,0,imagenet_c,defocus_blur,1,none
efficientnet_b4,ILSVRC2012_val_00027221.JPEG,n03216828,536,536,0.14895491,1,imagenet_c,defocus_blur,1,none
efficientnet_b4,ILSVRC2012_val_00027581.JPEG,n03216828,536,536,0.39789757,1,imagenet_c,defocus_blur,1,none
efficientnet_b4,ILSVRC2012_val_00028077.JPEG,n03216828,536,554,0.18613161,0,imagenet_c,defocus_blur,1,none
efficientnet_b4,ILSVRC2012_val_00028756.JPEG,n03216828,536,975,0.06238449,0,imagenet_c,defocus_blur,1,none
efficientnet_b4,ILSVRC2012_val_00028948.JPEG,n03216828,536,536,0.25320786,1,imagenet_c,defocus_blur,1,none
efficientnet_b4,ILSVRC2012_val_00029369.JPEG,n03216828,536,536,0.21679458,1,imagenet_c,defocus_blur,1,none
efficientnet_b4,ILSVRC2012_val_00029425.JPEG,n03216828,536,536,0.2616523,1,imagenet_c,defocus_blur,1,none
efficientnet_b4,ILSVRC2012_val_00030985.JPEG,n03216828,536,536,0.45692384,1,imagenet_c,defocus_blur,1,none
efficientnet_b4,ILSVRC2012_val_00033499.JPEG,n03216828,536,724,0.47898757,0,imagenet_c,defocus_blur,1,none
efficientnet_b4,ILSVRC2012_val_00034763.JPEG,n03216828,536,724,0.6956916,0,imagenet_c,defocus_blur,1,none
efficientnet_b4,ILSVRC2012_val_00035808.JPEG,n03216828,536,510,0.610321,0,imagenet_c,defocus_blur,1,none
efficientnet_b4,ILSVRC2012_val_00036521.JPEG,n03216828,536,871,0.09812404,0,imagenet_c,defocus_blur,1,none
efficientnet_b4,ILSVRC2012_val_00037556.JPEG,n03216828,536,403,0.3794023,0,imagenet_c,defocus_blur,1,none
efficientnet_b4,ILSVRC2012_val_00039970.JPEG,n03216828,536,600,0.3115013,0,imagenet_c,defocus_blur,1,none
efficientnet_b4,ILSVRC2012_val_00039975.JPEG,n03216828,536,536,0.438979,1,imagenet_c,defocus_blur,1,none
efficientnet_b4,ILSVRC2012_val_00040097.JPEG,n03216828,536,536,0.2928783,1,imagenet_c,defocus_blur,1,none
efficientnet_b4,ILSVRC2012_val_00040816.JPEG,n03216828,536,724,0.21553834,0,imagenet_c,defocus_blur,1,none
efficientnet_b4,ILSVRC2012_val_00040985.JPEG,n03216828,536,536,0.21485002,1,imagenet_c,defocus_blur,1,none
efficientnet_b4,ILSVRC2012_val_00043656.JPEG,n03216828,536,536,0.32090616,1,imagenet_c,defocus_blur,1,none
efficientnet_b4,ILSVRC2012_val_00044682.JPEG,n03216828,536,510,0.39514863,0,imagenet_c,defocus_blur,1,none
efficientnet_b4,ILSVRC2012_val_00045822.JPEG,n03216828,536,536,0.39141357,1,imagenet_c,defocus_blur,1,none
efficientnet_b4,ILSVRC2012_val_00047594.JPEG,n03216828,536,536,0.3998092,1,imagenet_c,defocus_blur,1,none
efficientnet_b4,ILSVRC2012_val_00047807.JPEG,n03216828,536,913,0.30116364,0,imagenet_c,defocus_blur,1,none
efficientnet_b4,ILSVRC2012_val_00002266.JPEG,n03218198,537,537,0.9071735,1,imagenet_c,defocus_blur,1,none
efficientnet_b4,ILSVRC2012_val_00003315.JPEG,n03218198,537,537,0.690949,1,imagenet_c,defocus_blur,1,none
efficientnet_b4,ILSVRC2012_val_00004024.JPEG,n03218198,537,537,0.4971621,1,imagenet_c,defocus_blur,1,none
efficientnet_b4,ILSVRC2012_val_00004822.JPEG,n03218198,537,537,0.6482934,1,imagenet_c,defocus_blur,1,none
efficientnet_b4,ILSVRC2012_val_00005504.JPEG,n03218198,537,537,0.7290765,1,imagenet_c,defocus_blur,1,none
efficientnet_b4,ILSVRC2012_val_00007393.JPEG,n03218198,537,537,0.25226313,1,imagenet_c,defocus_blur,1,none
efficientnet_b4,ILSVRC2012_val_00010058.JPEG,n03218198,537,537,0.70374954,1,imagenet_c,defocus_blur,1,none
efficientnet_b4,ILSVRC2012_val_00010313.JPEG,n03218198,537,537,0.5679391,1,imagenet_c,defocus_blur,1,none
efficientnet_b4,ILSVRC2012_val_00011006.JPEG,n03218198,537,537,0.51362884,1,imagenet_c,defocus_blur,1,none
efficientnet_b4,ILSVRC2012_val_00012186.JPEG,n03218198,537,537,0.74339545,1,imagenet_c,defocus_blur,1,none
efficientnet_b4,ILSVRC2012_val_00012246.JPEG,n03218198,537,537,0.6690945,1,imagenet_c,defocus_blur,1,none
efficientnet_b4,ILSVRC2012_val_00012308.JPEG,n03218198,537,537,0.66143465,1,imagenet_c,defocus_blur,1,none
efficientnet_b4,ILSVRC2012_val_00017861.JPEG,n03218198,537,537,0.5461051,1,imagenet_c,defocus_blur,1,none
efficientnet_b4,ILSVRC2012_val_00018544.JPEG,n03218198,537,537,0.7067892,1,imagenet_c,defocus_blur,1,none
efficientnet_b4,ILSVRC2012_val_00020384.JPEG,n03218198,537,537,0.6142302,1,imagenet_c,defocus_blur,1,none
efficientnet_b4,ILSVRC2012_val_00020946.JPEG,n03218198,537,537,0.77513695,1,imagenet_c,defocus_blur,1,none
efficientnet_b4,ILSVRC2012_val_00021227.JPEG,n03218198,537,537,0.7727594,1,imagenet_c,defocus_blur,1,none
efficientnet_b4,ILSVRC2012_val_00022624.JPEG,n03218198,537,537,0.7125258,1,imagenet_c,defocus_blur,1,none
efficientnet_b4,ILSVRC2012_val_00023581.JPEG,n03218198,537,537,0.6630327,1,imagenet_c,defocus_blur,1,none
efficientnet_b4,ILSVRC2012_val_00023915.JPEG,n03218198,537,537,0.6534321,1,imagenet_c,defocus_blur,1,none
efficientnet_b4,ILSVRC2012_val_00024792.JPEG,n03218198,537,537,0.6594147,1,imagenet_c,defocus_blur,1,none
efficientnet_b4,ILSVRC2012_val_00025529.JPEG,n03218198,537,249,0.3568256,0,imagenet_c,defocus_blur,1,none
efficientnet_b4,ILSVRC2012_val_00026498.JPEG,n03218198,537,537,0.7118858,1,imagenet_c,defocus_blur,1,none
efficientnet_b4,ILSVRC2012_val_00026771.JPEG,n03218198,537,537,0.6677193,1,imagenet_c,defocus_blur,1,none
efficientnet_b4,ILSVRC2012_val_00027246.JPEG,n03218198,537,537,0.735522,1,imagenet_c,defocus_blur,1,none
efficientnet_b4,ILSVRC2012_val_00028944.JPEG,n03218198,537,537,0.71242565,1,imagenet_c,defocus_blur,1,none
efficientnet_b4,ILSVRC2012_val_00029837.JPEG,n03218198,537,537,0.7701988,1,imagenet_c,defocus_blur,1,none
efficientnet_b4,ILSVRC2012_val_00033536.JPEG,n03218198,537,537,0.6456211,1,imagenet_c,defocus_blur,1,none
efficientnet_b4,ILSVRC2012_val_00033569.JPEG,n03218198,537,537,0.7674499,1,imagenet_c,defocus_blur,1,none
efficientnet_b4,ILSVRC2012_val_00036096.JPEG,n03218198,537,537,0.6057739,1,imagenet_c,defocus_blur,1,none
efficientnet_b4,ILSVRC2012_val_00038427.JPEG,n03218198,537,537,0.68443865,1,imagenet_c,defocus_blur,1,none
efficientnet_b4,ILSVRC2012_val_00040320.JPEG,n03218198,537,537,0.6719312,1,imagenet_c,defocus_blur,1,none
efficientnet_b4,ILSVRC2012_val_00041188.JPEG,n03218198,537,537,0.65056354,1,imagenet_c,defocus_blur,1,none
efficientnet_b4,ILSVRC2012_val_00041618.JPEG,n03218198,537,537,0.7090592,1,imagenet_c,defocus_blur,1,none
efficientnet_b4,ILSVRC2012_val_00042495.JPEG,n03218198,537,537,0.21927312,1,imagenet_c,defocus_blur,1,none
efficientnet_b4,ILSVRC2012_val_00043057.JPEG,n03218198,537,537,0.78264403,1,imagenet_c,defocus_blur,1,none
efficientnet_b4,ILSVRC2012_val_00043332.JPEG,n03218198,537,537,0.62133145,1,imagenet_c,defocus_blur,1,none
efficientnet_b4,ILSVRC2012_val_00043640.JPEG,n03218198,537,537,0.6967256,1,imagenet_c,defocus_blur,1,none
efficientnet_b4,ILSVRC2012_val_00043958.JPEG,n03218198,537,447,0.028571604,0,imagenet_c,defocus_blur,1,none
efficientnet_b4,ILSVRC2012_val_00043960.JPEG,n03218198,537,537,0.62615186,1,imagenet_c,defocus_blur,1,none
efficientnet_b4,ILSVRC2012_val_00044246.JPEG,n03218198,537,537,0.66235113,1,imagenet_c,defocus_blur,1,none
efficientnet_b4,ILSVRC2012_val_00044648.JPEG,n03218198,537,705,0.5659898,0,imagenet_c,defocus_blur,1,none
efficientnet_b4,ILSVRC2012_val_00044681.JPEG,n03218198,537,537,0.6232008,1,imagenet_c,defocus_blur,1,none
efficientnet_b4,ILSVRC2012_val_00045466.JPEG,n03218198,537,169,0.11690075,0,imagenet_c,defocus_blur,1,none
efficientnet_b4,ILSVRC2012_val_00045506.JPEG,n03218198,537,537,0.72663385,1,imagenet_c,defocus_blur,1,none
efficientnet_b4,ILSVRC2012_val_00045965.JPEG,n03218198,537,537,0.62377656,1,imagenet_c,defocus_blur,1,none
efficientnet_b4,ILSVRC2012_val_00046748.JPEG,n03218198,537,537,0.542849,1,imagenet_c,defocus_blur,1,none
efficientnet_b4,ILSVRC2012_val_00049580.JPEG,n03218198,537,537,0.7828758,1,imagenet_c,defocus_blur,1,none
efficientnet_b4,ILSVRC2012_val_00049755.JPEG,n03218198,537,537,0.5140964,1,imagenet_c,defocus_blur,1,none
efficientnet_b4,ILSVRC2012_val_00049837.JPEG,n03218198,537,537,0.83030355,1,imagenet_c,defocus_blur,1,none
efficientnet_b4,ILSVRC2012_val_00001868.JPEG,n03220513,538,538,0.53804266,1,imagenet_c,defocus_blur,1,none
efficientnet_b4,ILSVRC2012_val_00002674.JPEG,n03220513,538,538,0.60994154,1,imagenet_c,defocus_blur,1,none
efficientnet_b4,ILSVRC2012_val_00003102.JPEG,n03220513,538,704,0.049811732,0,imagenet_c,defocus_blur,1,none
efficientnet_b4,ILSVRC2012_val_00003408.JPEG,n03220513,538,538,0.23815554,1,imagenet_c,defocus_blur,1,none
efficientnet_b4,ILSVRC2012_val_00003991.JPEG,n03220513,538,538,0.065637425,1,imagenet_c,defocus_blur,1,none
efficientnet_b4,ILSVRC2012_val_00004794.JPEG,n03220513,538,538,0.26880872,1,imagenet_c,defocus_blur,1,none
efficientnet_b4,ILSVRC2012_val_00004931.JPEG,n03220513,538,884,0.18392284,0,imagenet_c,defocus_blur,1,none
efficientnet_b4,ILSVRC2012_val_00005065.JPEG,n03220513,538,538,0.69593173,1,imagenet_c,defocus_blur,1,none
efficientnet_b4,ILSVRC2012_val_00005638.JPEG,n03220513,538,663,0.55554605,0,imagenet_c,defocus_blur,1,none
efficientnet_b4,ILSVRC2012_val_00006359.JPEG,n03220513,538,663,0.24740154,0,imagenet_c,defocus_blur,1,none
efficientnet_b4,ILSVRC2012_val_00007127.JPEG,n03220513,538,538,0.6376351,1,imagenet_c,defocus_blur,1,none
efficientnet_b4,ILSVRC2012_val_00007711.JPEG,n03220513,538,538,0.28215703,1,imagenet_c,defocus_blur,1,none
efficientnet_b4,ILSVRC2012_val_00007941.JPEG,n03220513,538,538,0.5674321,1,imagenet_c,defocus_blur,1,none
efficientnet_b4,ILSVRC2012_val_00007952.JPEG,n03220513,538,538,0.42857814,1,imagenet_c,defocus_blur,1,none
efficientnet_b4,ILSVRC2012_val_00009054.JPEG,n03220513,538,538,0.663614,1,imagenet_c,defocus_blur,1,none
efficientnet_b4,ILSVRC2012_val_00011990.JPEG,n03220513,538,538,0.27748638,1,imagenet_c,defocus_blur,1,none
efficientnet_b4,ILSVRC2012_val_00012282.JPEG,n03220513,538,698,0.48984677,0,imagenet_c,defocus_blur,1,none
efficientnet_b4,ILSVRC2012_val_00013331.JPEG,n03220513,538,668,0.51535225,0,imagenet_c,defocus_blur,1,none
efficientnet_b4,ILSVRC2012_val_00016137.JPEG,n03220513,538,538,0.5144362,1,imagenet_c,defocus_blur,1,none
efficientnet_b4,ILSVRC2012_val_00018307.JPEG,n03220513,538,538,0.60683167,1,imagenet_c,defocus_blur,1,none
efficientnet_b4,ILSVRC2012_val_00018960.JPEG,n03220513,538,576,0.073414475,0,imagenet_c,defocus_blur,1,none
efficientnet_b4,ILSVRC2012_val_00019506.JPEG,n03220513,538,698,0.3591601,0,imagenet_c,defocus_blur,1,none
efficientnet_b4,ILSVRC2012_val_00019575.JPEG,n03220513,538,538,0.31758764,1,imagenet_c,defocus_blur,1,none
efficientnet_b4,ILSVRC2012_val_00020671.JPEG,n03220513,538,538,0.36437786,1,imagenet_c,defocus_blur,1,none
efficientnet_b4,ILSVRC2012_val_00024196.JPEG,n03220513,538,668,0.38692778,0,imagenet_c,defocus_blur,1,none
efficientnet_b4,ILSVRC2012_val_00024497.JPEG,n03220513,538,538,0.26687437,1,imagenet_c,defocus_blur,1,none
efficientnet_b4,ILSVRC2012_val_00025220.JPEG,n03220513,538,538,0.822233,1,imagenet_c,defocus_blur,1,none
efficientnet_b4,ILSVRC2012_val_00026646.JPEG,n03220513,538,698,0.37286547,0,imagenet_c,defocus_blur,1,none
efficientnet_b4,ILSVRC2012_val_00026781.JPEG,n03220513,538,538,0.48377562,1,imagenet_c,defocus_blur,1,none
efficientnet_b4,ILSVRC2012_val_00028030.JPEG,n03220513,538,538,0.4805498,1,imagenet_c,defocus_blur,1,none
efficientnet_b4,ILSVRC2012_val_00028313.JPEG,n03220513,538,538,0.28238487,1,imagenet_c,defocus_blur,1,none
efficientnet_b4,ILSVRC2012_val_00030349.JPEG,n03220513,538,538,0.61521596,1,imagenet_c,defocus_blur,1,none
efficientnet_b4,ILSVRC2012_val_00030808.JPEG,n03220513,538,832,0.13204063,0,imagenet_c,defocus_blur,1,none
efficientnet_b4,ILSVRC2012_val_00030889.JPEG,n03220513,538,538,0.51962227,1,imagenet_c,defocus_blur,1,none
efficientnet_b4,ILSVRC2012_val_00032269.JPEG,n03220513,538,538,0.43491346,1,imagenet_c,defocus_blur,1,none
efficientnet_b4,ILSVRC2012_val_00032479.JPEG,n03220513,538,635,0.46600214,0,imagenet_c,defocus_blur,1,none
efficientnet_b4,ILSVRC2012_val_00033270.JPEG,n03220513,538,497,0.18822515,0,imagenet_c,defocus_blur,1,none
efficientnet_b4,ILSVRC2012_val_00035487.JPEG,n03220513,538,538,0.20851827,1,imagenet_c,defocus_blur,1,none
efficientnet_b4,ILSVRC2012_val_00036606.JPEG,n03220513,538,538,0.39029333,1,imagenet_c,defocus_blur,1,none
efficientnet_b4,ILSVRC2012_val_00037465.JPEG,n03220513,538,663,0.16550897,0,imagenet_c,defocus_blur,1,none
efficientnet_b4,ILSVRC2012_val_00039470.JPEG,n03220513,538,727,0.5358834,0,imagenet_c,defocus_blur,1,none
efficientnet_b4,ILSVRC2012_val_00039519.JPEG,n03220513,538,538,0.6034042,1,imagenet_c,defocus_blur,1,none
efficientnet_b4,ILSVRC2012_val_00040458.JPEG,n03220513,538,538,0.63595235,1,imagenet_c,defocus_blur,1,none
efficientnet_b4,ILSVRC2012_val_00042194.JPEG,n03220513,538,668,0.55392104,0,imagenet_c,defocus_blur,1,none
efficientnet_b4,ILSVRC2012_val_00042459.JPEG,n03220513,538,727,0.2798589,0,imagenet_c,defocus_blur,1,none
efficientnet_b4,ILSVRC2012_val_00043673.JPEG,n03220513,538,538,0.6836011,1,imagenet_c,defocus_blur,1,none
efficientnet_b4,ILSVRC2012_val_00044722.JPEG,n03220513,538,698,0.6183873,0,imagenet_c,defocus_blur,1,none
efficientnet_b4,ILSVRC2012_val_00045649.JPEG,n03220513,538,538,0.20733915,1,imagenet_c,defocus_blur,1,none
efficientnet_b4,ILSVRC2012_val_00046008.JPEG,n03220513,538,829,0.3930596,0,imagenet_c,defocus_blur,1,none
efficientnet_b4,ILSVRC2012_val_00049492.JPEG,n03220513,538,668,0.47543135,0,imagenet_c,defocus_blur,1,none
efficientnet_b4,ILSVRC2012_val_00001893.JPEG,n03223299,539,409,0.16089287,0,imagenet_c,defocus_blur,1,none
efficientnet_b4,ILSVRC2012_val_00002322.JPEG,n03223299,539,539,0.100077346,1,imagenet_c,defocus_blur,1,none
efficientnet_b4,ILSVRC2012_val_00003031.JPEG,n03223299,539,539,0.19218422,1,imagenet_c,defocus_blur,1,none
efficientnet_b4,ILSVRC2012_val_00004775.JPEG,n03223299,539,539,0.41849315,1,imagenet_c,defocus_blur,1,none
efficientnet_b4,ILSVRC2012_val_00004922.JPEG,n03223299,539,599,0.27971315,0,imagenet_c,defocus_blur,1,none
efficientnet_b4,ILSVRC2012_val_00005057.JPEG,n03223299,539,539,0.5283022,1,imagenet_c,defocus_blur,1,none
efficientnet_b4,ILSVRC2012_val_00006033.JPEG,n03223299,539,539,0.5452948,1,imagenet_c,defocus_blur,1,none
efficientnet_b4,ILSVRC2012_val_00006362.JPEG,n03223299,539,539,0.109981805,1,imagenet_c,defocus_blur,1,none
efficientnet_b4,ILSVRC2012_val_00006845.JPEG,n03223299,539,769,0.15077017,0,imagenet_c,defocus_blur,1,none
efficientnet_b4,ILSVRC2012_val_00007119.JPEG,n03223299,539,539,0.5857147,1,imagenet_c,defocus_blur,1,none
efficientnet_b4,ILSVRC2012_val_00013498.JPEG,n03223299,539,539,0.10371364,1,imagenet_c,defocus_blur,1,none
efficientnet_b4,ILSVRC2012_val_00014695.JPEG,n03223299,539,539,0.58912104,1,imagenet_c,defocus_blur,1,none
efficientnet_b4,ILSVRC2012_val_00015640.JPEG,n03223299,539,646,0.66302216,0,imagenet_c,defocus_blur,1,none
efficientnet_b4,ILSVRC2012_val_00016328.JPEG,n03223299,539,464,0.06059696,0,imagenet_c,defocus_blur,1,none
efficientnet_b4,ILSVRC2012_val_00017336.JPEG,n03223299,539,539,0.5501008,1,imagenet_c,defocus_blur,1,none
efficientnet_b4,ILSVRC2012_val_00017385.JPEG,n03223299,539,714,0.17746766,0,imagenet_c,defocus_blur,1,none
efficientnet_b4,ILSVRC2012_val_00017518.JPEG,n03223299,539,804,0.13131872,0,imagenet_c,defocus_blur,1,none
efficientnet_b4,ILSVRC2012_val_00019490.JPEG,n03223299,539,282,0.4459648,0,imagenet_c,defocus_blur,1,none
efficientnet_b4,ILSVRC2012_val_00020262.JPEG,n03223299,539,539,0.11048232,1,imagenet_c,defocus_blur,1,none
efficientnet_b4,ILSVRC2012_val_00020689.JPEG,n03223299,539,421,0.2912952,0,imagenet_c,defocus_blur,1,none
efficientnet_b4,ILSVRC2012_val_00021082.JPEG,n03223299,539,722,0.08097859,0,imagenet_c,defocus_blur,1,none
efficientnet_b4,ILSVRC2012_val_00022592.JPEG,n03223299,539,539,0.5393488,1,imagenet_c,defocus_blur,1,none
efficientnet_b4,ILSVRC2012_val_00023333.JPEG,n03223299,539,539,0.76540375,1,imagenet_c,defocus_blur,1,none
efficientnet_b4,ILSVRC2012_val_00023938.JPEG,n03223299,539,632,0.054382935,0,imagenet_c,defocus_blur,1,none
efficientnet_b4,ILSVRC2012_val_00025832.JPEG,n03223299,539,539,0.3512613,1,imagenet_c,defocus_blur,1,none
efficientnet_b4,ILSVRC2012_val_00026334.JPEG,n03223299,539,481,0.06285808,0,imagenet_c,defocus_blur,1,none
efficientnet_b4,ILSVRC2012_val_00027710.JPEG,n03223299,539,905,0.15760703,0,imagenet_c,defocus_blur,1,none
efficientnet_b4,ILSVRC2012_val_00028967.JPEG,n03223299,539,539,0.6940146,1,imagenet_c,defocus_blur,1,none
efficientnet_b4,ILSVRC2012_val_00030296.JPEG,n03223299,539,710,0.06751995,0,imagenet_c,defocus_blur,1,none
efficientnet_b4,ILSVRC2012_val_00030383.JPEG,n03223299,539,893,0.2171094,0,imagenet_c,defocus_blur,1,none
efficientnet_b4,ILSVRC2012_val_00032622.JPEG,n03223299,539,539,0.59528553,1,imagenet_c,defocus_blur,1,none
efficientnet_b4,ILSVRC2012_val_00033239.JPEG,n03223299,539,637,0.07880665,0,imagenet_c,defocus_blur,1,none
efficientnet_b4,ILSVRC2012_val_00034105.JPEG,n03223299,539,539,0.6618864,1,imagenet_c,defocus_blur,1,none
efficientnet_b4,ILSVRC2012_val_00034663.JPEG,n03223299,539,692,0.12221416,0,imagenet_c,defocus_blur,1,none
efficientnet_b4,ILSVRC2012_val_00035184.JPEG,n03223299,539,539,0.62742764,1,imagenet_c,defocus_blur,1,none
efficientnet_b4,ILSVRC2012_val_00035316.JPEG,n03223299,539,539,0.52186227,1,imagenet_c,defocus_blur,1,none
efficientnet_b4,ILSVRC2012_val_00035467.JPEG,n03223299,539,709,0.07809054,0,imagenet_c,defocus_blur,1,none
efficientnet_b4,ILSVRC2012_val_00035550.JPEG,n03223299,539,533,0.1596971,0,imagenet_c,defocus_blur,1,none
efficientnet_b4,ILSVRC2012_val_00036203.JPEG,n03223299,539,606,0.098726094,0,imagenet_c,defocus_blur,1,none
efficientnet_b4,ILSVRC2012_val_00036975.JPEG,n03223299,539,539,0.39647385,1,imagenet_c,defocus_blur,1,none
efficientnet_b4,ILSVRC2012_val_00038014.JPEG,n03223299,539,539,0.22973533,1,imagenet_c,defocus_blur,1,none
efficientnet_b4,ILSVRC2012_val_00039469.JPEG,n03223299,539,539,0.5002953,1,imagenet_c,defocus_blur,1,none
efficientnet_b4,ILSVRC2012_val_00040379.JPEG,n03223299,539,598,0.13681307,0,imagenet_c,defocus_blur,1,none
efficientnet_b4,ILSVRC2012_val_00040733.JPEG,n03223299,539,250,0.18078779,0,imagenet_c,defocus_blur,1,none
efficientnet_b4,ILSVRC2012_val_00041451.JPEG,n03223299,539,539,0.25493604,1,imagenet_c,defocus_blur,1,none
efficientnet_b4,ILSVRC2012_val_00044867.JPEG,n03223299,539,646,0.11073766,0,imagenet_c,defocus_blur,1,none
efficientnet_b4,ILSVRC2012_val_00045002.JPEG,n03223299,539,416,0.079176165,0,imagenet_c,defocus_blur,1,none
efficientnet_b4,ILSVRC2012_val_00045224.JPEG,n03223299,539,662,0.16338712,0,imagenet_c,defocus_blur,1,none
efficientnet_b4,ILSVRC2012_val_00046885.JPEG,n03223299,539,587,0.05357912,0,imagenet_c,defocus_blur,1,none
efficientnet_b4,ILSVRC2012_val_00048302.JPEG,n03223299,539,539,0.06015543,1,imagenet_c,defocus_blur,1,none
efficientnet_b4,ILSVRC2012_val_00000504.JPEG,n03240683,540,540,0.50715643,1,imagenet_c,defocus_blur,1,none
efficientnet_b4,ILSVRC2012_val_00002008.JPEG,n03240683,540,540,0.5858821,1,imagenet_c,defocus_blur,1,none
efficientnet_b4,ILSVRC2012_val_00002703.JPEG,n03240683,540,540,0.50554097,1,imagenet_c,defocus_blur,1,none
efficientnet_b4,ILSVRC2012_val_00002886.JPEG,n03240683,540,540,0.43884158,1,imagenet_c,defocus_blur,1,none
efficientnet_b4,ILSVRC2012_val_00005445.JPEG,n03240683,540,540,0.6827723,1,imagenet_c,defocus_blur,1,none
efficientnet_b4,ILSVRC2012_val_00005973.JPEG,n03240683,540,540,0.4591095,1,imagenet_c,defocus_blur,1,none
efficientnet_b4,ILSVRC2012_val_00007159.JPEG,n03240683,540,540,0.5185721,1,imagenet_c,defocus_blur,1,none
efficientnet_b4,ILSVRC2012_val_00007838.JPEG,n03240683,540,540,0.6141421,1,imagenet_c,defocus_blur,1,none
efficientnet_b4,ILSVRC2012_val_00008795.JPEG,n03240683,540,540,0.59412223,1,imagenet_c,defocus_blur,1,none
efficientnet_b4,ILSVRC2012_val_00009458.JPEG,n03240683,540,540,0.61065614,1,imagenet_c,defocus_blur,1,none
efficientnet_b4,ILSVRC2012_val_00009606.JPEG,n03240683,540,540,0.68797296,1,imagenet_c,defocus_blur,1,none
efficientnet_b4,ILSVRC2012_val_00010303.JPEG,n03240683,540,536,0.121925086,0,imagenet_c,defocus_blur,1,none
efficientnet_b4,ILSVRC2012_val_00011470.JPEG,n03240683,540,540,0.6942652,1,imagenet_c,defocus_blur,1,none
efficientnet_b4,ILSVRC2012_val_00011582.JPEG,n03240683,540,540,0.654388,1,imagenet_c,defocus_blur,1,none
efficientnet_b4,ILSVRC2012_val_00012597.JPEG,n03240683,540,540,0.5342365,1,imagenet_c,defocus_blur,1,none
efficientnet_b4,ILSVRC2012_val_00015850.JPEG,n03240683,540,540,0.60164756,1,imagenet_c,defocus_blur,1,none
efficientnet_b4,ILSVRC2012_val_00016893.JPEG,n03240683,540,540,0.33300632,1,imagenet_c,defocus_blur,1,none
efficientnet_b4,ILSVRC2012_val_00017324.JPEG,n03240683,540,540,0.6508493,1,imagenet_c,defocus_blur,1,none
efficientnet_b4,ILSVRC2012_val_00017475.JPEG,n03240683,540,540,0.6420611,1,imagenet_c,defocus_blur,1,none
efficientnet_b4,ILSVRC2012_val_00018696.JPEG,n03240683,540,913,0.06308519,0,imagenet_c,defocus_blur,1,none
efficientnet_b4,ILSVRC2012_val_00019875.JPEG,n03240683,540,540,0.58409023,1,imagenet_c,defocus_blur,1,none
efficientnet_b4,ILSVRC2012_val_00020244.JPEG,n03240683,540,540,0.57542294,1,imagenet_c,defocus_blur,1,none
efficientnet_b4,ILSVRC2012_val_00020821.JPEG,n03240683,540,540,0.37611243,1,imagenet_c,defocus_blur,1,none
efficientnet_b4,ILSVRC2012_val_00022135.JPEG,n03240683,540,540,0.50130594,1,imagenet_c,defocus_blur,1,none
efficientnet_b4,ILSVRC2012_val_00023790.JPEG,n03240683,540,540,0.49610496,1,imagenet_c,defocus_blur,1,none
efficientnet_b4,ILSVRC2012_val_00025593.JPEG,n03240683,540,540,0.58806866,1,imagenet_c,defocus_blur,1,none
efficientnet_b4,ILSVRC2012_val_00025774.JPEG,n03240683,540,540,0.338645,1,imagenet_c,defocus_blur,1,none
efficientnet_b4,ILSVRC2012_val_00026019.JPEG,n03240683,540,540,0.5470606,1,imagenet_c,defocus_blur,1,none
efficientnet_b4,ILSVRC2012_val_00026560.JPEG,n03240683,540,540,0.59424824,1,imagenet_c,defocus_blur,1,none
efficientnet_b4,ILSVRC2012_val_00029583.JPEG,n03240683,540,540,0.71797526,1,imagenet_c,defocus_blur,1,none
efficientnet_b4,ILSVRC2012_val_00030742.JPEG,n03240683,540,540,0.65567625,1,imagenet_c,defocus_blur,1,none
efficientnet_b4,ILSVRC2012_val_00031181.JPEG,n03240683,540,540,0.7350595,1,imagenet_c,defocus_blur,1,none
efficientnet_b4,ILSVRC2012_val_00034447.JPEG,n03240683,540,540,0.08231806,1,imagenet_c,defocus_blur,1,none
efficientnet_b4,ILSVRC2012_val_00035038.JPEG,n03240683,540,540,0.643183,1,imagenet_c,defocus_blur,1,none
efficientnet_b4,ILSVRC2012_val_00035099.JPEG,n03240683,540,540,0.54512346,1,imagenet_c,defocus_blur,1,none
efficientnet_b4,ILSVRC2012_val_00035210.JPEG,n03240683,540,540,0.66069084,1,imagenet_c,defocus_blur,1,none
efficientnet_b4,ILSVRC2012_val_00035522.JPEG,n03240683,540,540,0.6264978,1,imagenet_c,defocus_blur,1,none
efficientnet_b4,ILSVRC2012_val_00035567.JPEG,n03240683,540,540,0.21587816,1,imagenet_c,defocus_blur,1,none
efficientnet_b4,ILSVRC2012_val_00036010.JPEG,n03240683,540,540,0.19233842,1,imagenet_c,defocus_blur,1,none
efficientnet_b4,ILSVRC2012_val_00037293.JPEG,n03240683,540,540,0.6120444,1,imagenet_c,defocus_blur,1,none
efficientnet_b4,ILSVRC2012_val_00037868.JPEG,n03240683,540,540,0.5151835,1,imagenet_c,defocus_blur,1,none
efficientnet_b4,ILSVRC2012_val_00039965.JPEG,n03240683,540,540,0.14203517,1,imagenet_c,defocus_blur,1,none
efficientnet_b4,ILSVRC2012_val_00040675.JPEG,n03240683,540,540,0.56618255,1,imagenet_c,defocus_blur,1,none
efficientnet_b4,ILSVRC2012_val_00042101.JPEG,n03240683,540,540,0.55126095,1,imagenet_c,defocus_blur,1,none
efficientnet_b4,ILSVRC2012_val_00042185.JPEG,n03240683,540,540,0.5528946,1,imagenet_c,defocus_blur,1,none
efficientnet_b4,ILSVRC2012_val_00044840.JPEG,n03240683,540,540,0.54376817,1,imagenet_c,defocus_blur,1,none
efficientnet_b4,ILSVRC2012_val_00045812.JPEG,n03240683,540,540,0.34031186,1,imagenet_c,defocus_blur,1,none
efficientnet_b4,ILSVRC2012_val_00048497.JPEG,n03240683,540,540,0.44576046,1,imagenet_c,defocus_blur,1,none
efficientnet_b4,ILSVRC2012_val_00049209.JPEG,n03240683,540,540,0.5310196,1,imagenet_c,defocus_blur,1,none
efficientnet_b4,ILSVRC2012_val_00049887.JPEG,n03240683,540,978,0.036664534,0,imagenet_c,defocus_blur,1,none
efficientnet_b4,ILSVRC2012_val_00001609.JPEG,n03249569,541,558,0.26567733,0,imagenet_c,defocus_blur,1,none
efficientnet_b4,ILSVRC2012_val_00001972.JPEG,n03249569,541,541,0.38621613,1,imagenet_c,defocus_blur,1,none
efficientnet_b4,ILSVRC2012_val_00002043.JPEG,n03249569,541,542,0.5969569,0,imagenet_c,defocus_blur,1,none
efficientnet_b4,ILSVRC2012_val_00002871.JPEG,n03249569,541,541,0.10846244,1,imagenet_c,defocus_blur,1,none
efficientnet_b4,ILSVRC2012_val_00002905.JPEG,n03249569,541,542,0.5403056,0,imagenet_c,defocus_blur,1,none
efficientnet_b4,ILSVRC2012_val_00003719.JPEG,n03249569,541,541,0.5044247,1,imagenet_c,defocus_blur,1,none
efficientnet_b4,ILSVRC2012_val_00004534.JPEG,n03249569,541,612,0.04250701,0,imagenet_c,defocus_blur,1,none
efficientnet_b4,ILSVRC2012_val_00005690.JPEG,n03249569,541,822,0.121405944,0,imagenet_c,defocus_blur,1,none
efficientnet_b4,ILSVRC2012_val_00006656.JPEG,n03249569,541,971,0.12615009,0,imagenet_c,defocus_blur,1,none
efficientnet_b4,ILSVRC2012_val_00006936.JPEG,n03249569,541,439,0.509465,0,imagenet_c,defocus_blur,1,none
efficientnet_b4,ILSVRC2012_val_00008036.JPEG,n03249569,541,776,0.037459753,0,imagenet_c,defocus_blur,1,none
efficientnet_b4,ILSVRC2012_val_00008777.JPEG,n03249569,541,542,0.46721494,0,imagenet_c,defocus_blur,1,none
efficientnet_b4,ILSVRC2012_val_00008793.JPEG,n03249569,541,541,0.35007426,1,imagenet_c,defocus_blur,1,none
efficientnet_b4,ILSVRC2012_val_00008797.JPEG,n03249569,541,822,0.27819693,0,imagenet_c,defocus_blur,1,none
efficientnet_b4,ILSVRC2012_val_00010316.JPEG,n03249569,541,541,0.32848358,1,imagenet_c,defocus_blur,1,none
efficientnet_b4,ILSVRC2012_val_00010381.JPEG,n03249569,541,541,0.10578534,1,imagenet_c,defocus_blur,1,none
efficientnet_b4,ILSVRC2012_val_00012704.JPEG,n03249569,541,981,0.153981,0,imagenet_c,defocus_blur,1,none
efficientnet_b4,ILSVRC2012_val_00013953.JPEG,n03249569,541,541,0.25368354,1,imagenet_c,defocus_blur,1,none
efficientnet_b4,ILSVRC2012_val_00013981.JPEG,n03249569,541,541,0.4751298,1,imagenet_c,defocus_blur,1,none
efficientnet_b4,ILSVRC2012_val_00014089.JPEG,n03249569,541,691,0.29153723,0,imagenet_c,defocus_blur,1,none
efficientnet_b4,ILSVRC2012_val_00014756.JPEG,n03249569,541,542,0.51050174,0,imagenet_c,defocus_blur,1,none
efficientnet_b4,ILSVRC2012_val_00015169.JPEG,n03249569,541,541,0.34852663,1,imagenet_c,defocus_blur,1,none
efficientnet_b4,ILSVRC2012_val_00015337.JPEG,n03249569,541,541,0.124382846,1,imagenet_c,defocus_blur,1,none
efficientnet_b4,ILSVRC2012_val_00016663.JPEG,n03249569,541,854,0.0723806,0,imagenet_c,defocus_blur,1,none
efficientnet_b4,ILSVRC2012_val_00016762.JPEG,n03249569,541,542,0.21459453,0,imagenet_c,defocus_blur,1,none
efficientnet_b4,ILSVRC2012_val_00020266.JPEG,n03249569,541,501,0.24536313,0,imagenet_c,defocus_blur,1,none
efficientnet_b4,ILSVRC2012_val_00020534.JPEG,n03249569,541,819,0.25031385,0,imagenet_c,defocus_blur,1,none
efficientnet_b4,ILSVRC2012_val_00020695.JPEG,n03249569,541,819,0.11557393,0,imagenet_c,defocus_blur,1,none
efficientnet_b4,ILSVRC2012_val_00021326.JPEG,n03249569,541,819,0.14689106,0,imagenet_c,defocus_blur,1,none
efficientnet_b4,ILSVRC2012_val_00021702.JPEG,n03249569,541,541,0.3265654,1,imagenet_c,defocus_blur,1,none
efficientnet_b4,ILSVRC2012_val_00024017.JPEG,n03249569,541,541,0.35690555,1,imagenet_c,defocus_blur,1,none
efficientnet_b4,ILSVRC2012_val_00025797.JPEG,n03249569,541,430,0.09421762,0,imagenet_c,defocus_blur,1,none
efficientnet_b4,ILSVRC2012_val_00026291.JPEG,n03249569,541,822,0.0989628,0,imagenet_c,defocus_blur,1,none
efficientnet_b4,ILSVRC2012_val_00027746.JPEG,n03249569,541,542,0.2749833,0,imagenet_c,defocus_blur,1,none
efficientnet_b4,ILSVRC2012_val_00028166.JPEG,n03249569,541,541,0.4949633,1,imagenet_c,defocus_blur,1,none
efficientnet_b4,ILSVRC2012_val_00028973.JPEG,n03249569,541,870,0.093867145,0,imagenet_c,defocus_blur,1,none
efficientnet_b4,ILSVRC2012_val_00029379.JPEG,n03249569,541,577,0.45227438,0,imagenet_c,defocus_blur,1,none
efficientnet_b4,ILSVRC2012_val_00030646.JPEG,n03249569,541,541,0.112745844,1,imagenet_c,defocus_blur,1,none
efficientnet_b4,ILSVRC2012_val_00030864.JPEG,n03249569,541,541,0.41821933,1,imagenet_c,defocus_blur,1,none
efficientnet_b4,ILSVRC2012_val_00034434.JPEG,n03249569,541,472,0.03432554,0,imagenet_c,defocus_blur,1,none
efficientnet_b4,ILSVRC2012_val_00040561.JPEG,n03249569,541,541,0.36960694,1,imagenet_c,defocus_blur,1,none
efficientnet_b4,ILSVRC2012_val_00041006.JPEG,n03249569,541,652,0.23600335,0,imagenet_c,defocus_blur,1,none
efficientnet_b4,ILSVRC2012_val_00041425.JPEG,n03249569,541,541,0.24005872,1,imagenet_c,defocus_blur,1,none
efficientnet_b4,ILSVRC2012_val_00041539.JPEG,n03249569,541,793,0.050016016,0,imagenet_c,defocus_blur,1,none
efficientnet_b4,ILSVRC2012_val_00043056.JPEG,n03249569,541,542,0.31705675,0,imagenet_c,defocus_blur,1,none
efficientnet_b4,ILSVRC2012_val_00043224.JPEG,n03249569,541,541,0.2240909,1,imagenet_c,defocus_blur,1,none
efficientnet_b4,ILSVRC2012_val_00043237.JPEG,n03249569,541,577,0.1020211,0,imagenet_c,defocus_blur,1,none
efficientnet_b4,ILSVRC2012_val_00044498.JPEG,n03249569,541,971,0.04071653,0,imagenet_c,defocus_blur,1,none
efficientnet_b4,ILSVRC2012_val_00044932.JPEG,n03249569,541,541,0.24658057,1,imagenet_c,defocus_blur,1,none
efficientnet_b4,ILSVRC2012_val_00047468.JPEG,n03249569,541,912,0.109501734,0,imagenet_c,defocus_blur,1,none
efficientnet_b4,ILSVRC2012_val_00000542.JPEG,n03250847,542,542,0.5414268,1,imagenet_c,defocus_blur,1,none
efficientnet_b4,ILSVRC2012_val_00001295.JPEG,n03250847,542,792,0.18487108,0,imagenet_c,defocus_blur,1,none
efficientnet_b4,ILSVRC2012_val_00002037.JPEG,n03250847,542,542,0.37898767,1,imagenet_c,defocus_blur,1,none
efficientnet_b4,ILSVRC2012_val_00002057.JPEG,n03250847,542,541,0.17403731,0,imagenet_c,defocus_blur,1,none
efficientnet_b4,ILSVRC2012_val_00002129.JPEG,n03250847,542,558,0.05960856,0,imagenet_c,defocus_blur,1,none
efficientnet_b4,ILSVRC2012_val_00003576.JPEG,n03250847,542,542,0.3034814,1,imagenet_c,defocus_blur,1,none
efficientnet_b4,ILSVRC2012_val_00004388.JPEG,n03250847,542,542,0.15802534,1,imagenet_c,defocus_blur,1,none
efficientnet_b4,ILSVRC2012_val_00006941.JPEG,n03250847,542,542,0.73358333,1,imagenet_c,defocus_blur,1,none
efficientnet_b4,ILSVRC2012_val_00007428.JPEG,n03250847,542,542,0.18795575,1,imagenet_c,defocus_blur,1,none
efficientnet_b4,ILSVRC2012_val_00007976.JPEG,n03250847,542,767,0.07603417,0,imagenet_c,defocus_blur,1,none
efficientnet_b4,ILSVRC2012_val_00008089.JPEG,n03250847,542,699,0.43536347,0,imagenet_c,defocus_blur,1,none
efficientnet_b4,ILSVRC2012_val_00008946.JPEG,n03250847,542,822,0.3112465,0,imagenet_c,defocus_blur,1,none
efficientnet_b4,ILSVRC2012_val_00010119.JPEG,n03250847,542,767,0.34616962,0,imagenet_c,defocus_blur,1,none
efficientnet_b4,ILSVRC2012_val_00011127.JPEG,n03250847,542,542,0.47228867,1,imagenet_c,defocus_blur,1,none
efficientnet_b4,ILSVRC2012_val_00012319.JPEG,n03250847,542,542,0.684955,1,imagenet_c,defocus_blur,1,none
efficientnet_b4,ILSVRC2012_val_00012552.JPEG,n03250847,542,542,0.6559294,1,imagenet_c,defocus_blur,1,none
efficientnet_b4,ILSVRC2012_val_00015312.JPEG,n03250847,542,421,0.16407248,0,imagenet_c,defocus_blur,1,none
efficientnet_b4,ILSVRC2012_val_00017119.JPEG,n03250847,542,542,0.3859026,1,imagenet_c,defocus_blur,1,none
efficientnet_b4,ILSVRC2012_val_00018411.JPEG,n03250847,542,542,0.42581826,1,imagenet_c,defocus_blur,1,none
efficientnet_b4,ILSVRC2012_val_00018610.JPEG,n03250847,542,542,0.73124623,1,imagenet_c,defocus_blur,1,none
efficientnet_b4,ILSVRC2012_val_00018929.JPEG,n03250847,542,542,0.22828043,1,imagenet_c,defocus_blur,1,none
efficientnet_b4,ILSVRC2012_val_00020232.JPEG,n03250847,542,542,0.59471077,1,imagenet_c,defocus_blur,1,none
efficientnet_b4,ILSVRC2012_val_00020979.JPEG,n03250847,542,542,0.49245167,1,imagenet_c,defocus_blur,1,none
efficientnet_b4,ILSVRC2012_val_00020992.JPEG,n03250847,542,587,0.06356733,0,imagenet_c,defocus_blur,1,none
efficientnet_b4,ILSVRC2012_val_00021839.JPEG,n03250847,542,542,0.5587255,1,imagenet_c,defocus_blur,1,none
efficientnet_b4,ILSVRC2012_val_00022365.JPEG,n03250847,542,542,0.6342462,1,imagenet_c,defocus_blur,1,none
efficientnet_b4,ILSVRC2012_val_00022450.JPEG,n03250847,542,542,0.50091493,1,imagenet_c,defocus_blur,1,none
efficientnet_b4,ILSVRC2012_val_00024547.JPEG,n03250847,542,481,0.10314284,0,imagenet_c,defocus_blur,1,none
efficientnet_b4,ILSVRC2012_val_00026731.JPEG,n03250847,542,542,0.052574135,1,imagenet_c,defocus_blur,1,none
efficientnet_b4,ILSVRC2012_val_00027965.JPEG,n03250847,542,542,0.77004856,1,imagenet_c,defocus_blur,1,none
efficientnet_b4,ILSVRC2012_val_00029445.JPEG,n03250847,542,542,0.84134716,1,imagenet_c,defocus_blur,1,none
efficientnet_b4,ILSVRC2012_val_00030142.JPEG,n03250847,542,696,0.16987263,0,imagenet_c,defocus_blur,1,none
efficientnet_b4,ILSVRC2012_val_00031217.JPEG,n03250847,542,714,0.34338516,0,imagenet_c,defocus_blur,1,none
efficientnet_b4,ILSVRC2012_val_00032127.JPEG,n03250847,542,522,0.18505396,0,imagenet_c,defocus_blur,1,none
efficientnet_b4,ILSVRC2012_val_00035927.JPEG,n03250847,542,542,0.08493766,1,imagenet_c,defocus_blur,1,none
efficientnet_b4,ILSVRC2012_val_00036029.JPEG,n03250847,542,542,0.37108186,1,imagenet_c,defocus_blur,1,none
efficientnet_b4,ILSVRC2012_val_00036385.JPEG,n03250847,542,889,0.27164978,0,imagenet_c,defocus_blur,1,none
efficientnet_b4,ILSVRC2012_val_00036579.JPEG,n03250847,542,542,0.46078664,1,imagenet_c,defocus_blur,1,none
efficientnet_b4,ILSVRC2012_val_00036841.JPEG,n03250847,542,398,0.15744129,0,imagenet_c,defocus_blur,1,none
efficientnet_b4,ILSVRC2012_val_00037741.JPEG,n03250847,542,875,0.14329536,0,imagenet_c,defocus_blur,1,none
efficientnet_b4,ILSVRC2012_val_00037995.JPEG,n03250847,542,541,0.14548238,0,imagenet_c,defocus_blur,1,none
efficientnet_b4,ILSVRC2012_val_00038053.JPEG,n03250847,542,813,0.14400247,0,imagenet_c,defocus_blur,1,none
efficientnet_b4,ILSVRC2012_val_00040670.JPEG,n03250847,542,696,0.11283779,0,imagenet_c,defocus_blur,1,none
efficientnet_b4,ILSVRC2012_val_00044401.JPEG,n03250847,542,542,0.18022738,1,imagenet_c,defocus_blur,1,none
efficientnet_b4,ILSVRC2012_val_00045452.JPEG,n03250847,542,623,0.15794405,0,imagenet_c,defocus_blur,1,none
efficientnet_b4,ILSVRC2012_val_00046129.JPEG,n03250847,542,629,0.2484575,0,imagenet_c,defocus_blur,1,none
efficientnet_b4,ILSVRC2012_val_00046845.JPEG,n03250847,542,542,0.82642365,1,imagenet_c,defocus_blur,1,none
efficientnet_b4,ILSVRC2012_val_00048628.JPEG,n03250847,542,693,0.30103812,0,imagenet_c,defocus_blur,1,none
efficientnet_b4,ILSVRC2012_val_00049569.JPEG,n03250847,542,542,0.6039625,1,imagenet_c,defocus_blur,1,none
efficientnet_b4,ILSVRC2012_val_00049918.JPEG,n03250847,542,542,0.22971039,1,imagenet_c,defocus_blur,1,none
efficientnet_b4,ILSVRC2012_val_00001045.JPEG,n03255030,543,416,0.15367891,0,imagenet_c,defocus_blur,1,none
efficientnet_b4,ILSVRC2012_val_00001275.JPEG,n03255030,543,543,0.6771734,1,imagenet_c,defocus_blur,1,none
efficientnet_b4,ILSVRC2012_val_00001287.JPEG,n03255030,543,543,0.6518226,1,imagenet_c,defocus_blur,1,none
efficientnet_b4,ILSVRC2012_val_00004025.JPEG,n03255030,543,543,0.42723647,1,imagenet_c,defocus_blur,1,none
efficientnet_b4,ILSVRC2012_val_00004949.JPEG,n03255030,543,543,0.57153666,1,imagenet_c,defocus_blur,1,none
efficientnet_b4,ILSVRC2012_val_00005501.JPEG,n03255030,543,416,0.18907402,0,imagenet_c,defocus_blur,1,none
efficientnet_b4,ILSVRC2012_val_00006779.JPEG,n03255030,543,543,0.28703487,1,imagenet_c,defocus_blur,1,none
efficientnet_b4,ILSVRC2012_val_00007620.JPEG,n03255030,543,543,0.3288907,1,imagenet_c,defocus_blur,1,none
efficientnet_b4,ILSVRC2012_val_00007949.JPEG,n03255030,543,543,0.44750908,1,imagenet_c,defocus_blur,1,none
efficientnet_b4,ILSVRC2012_val_00010055.JPEG,n03255030,543,543,0.23301068,1,imagenet_c,defocus_blur,1,none
efficientnet_b4,ILSVRC2012_val_00010730.JPEG,n03255030,543,422,0.45570058,0,imagenet_c,defocus_blur,1,none
efficientnet_b4,ILSVRC2012_val_00011290.JPEG,n03255030,543,422,0.20916818,0,imagenet_c,defocus_blur,1,none
efficientnet_b4,ILSVRC2012_val_00011743.JPEG,n03255030,543,543,0.26154098,1,imagenet_c,defocus_blur,1,none
efficientnet_b4,ILSVRC2012_val_00012202.JPEG,n03255030,543,398,0.43173563,0,imagenet_c,defocus_blur,1,none
efficientnet_b4,ILSVRC2012_val_00012590.JPEG,n03255030,543,830,0.22267938,0,imagenet_c,defocus_blur,1,none
efficientnet_b4,ILSVRC2012_val_00013123.JPEG,n03255030,543,646,0.07350611,0,imagenet_c,defocus_blur,1,none
efficientnet_b4,ILSVRC2012_val_00017124.JPEG,n03255030,543,543,0.61513114,1,imagenet_c,defocus_blur,1,none
efficientnet_b4,ILSVRC2012_val_00017902.JPEG,n03255030,543,543,0.31643495,1,imagenet_c,defocus_blur,1,none
efficientnet_b4,ILSVRC2012_val_00019337.JPEG,n03255030,543,543,0.29314908,1,imagenet_c,defocus_blur,1,none
efficientnet_b4,ILSVRC2012_val_00019706.JPEG,n03255030,543,422,0.40212697,0,imagenet_c,defocus_blur,1,none
efficientnet_b4,ILSVRC2012_val_00021820.JPEG,n03255030,543,686,0.22041397,0,imagenet_c,defocus_blur,1,none
efficientnet_b4,ILSVRC2012_val_00021822.JPEG,n03255030,543,543,0.4661616,1,imagenet_c,defocus_blur,1,none
efficientnet_b4,ILSVRC2012_val_00024721.JPEG,n03255030,543,543,0.49041113,1,imagenet_c,defocus_blur,1,none
efficientnet_b4,ILSVRC2012_val_00024991.JPEG,n03255030,543,543,0.2655983,1,imagenet_c,defocus_blur,1,none
efficientnet_b4,ILSVRC2012_val_00026185.JPEG,n03255030,543,747,0.06266291,0,imagenet_c,defocus_blur,1,none
efficientnet_b4,ILSVRC2012_val_00026198.JPEG,n03255030,543,543,0.2471048,1,imagenet_c,defocus_blur,1,none
efficientnet_b4,ILSVRC2012_val_00027642.JPEG,n03255030,543,422,0.2861306,0,imagenet_c,defocus_blur,1,none
efficientnet_b4,ILSVRC2012_val_00027650.JPEG,n03255030,543,543,0.35018706,1,imagenet_c,defocus_blur,1,none
efficientnet_b4,ILSVRC2012_val_00028417.JPEG,n03255030,543,543,0.8658799,1,imagenet_c,defocus_blur,1,none
efficientnet_b4,ILSVRC2012_val_00030287.JPEG,n03255030,543,543,0.63240784,1,imagenet_c,defocus_blur,1,none
efficientnet_b4,ILSVRC2012_val_00031850.JPEG,n03255030,543,422,0.3511403,0,imagenet_c,defocus_blur,1,none
efficientnet_b4,ILSVRC2012_val_00032870.JPEG,n03255030,543,422,0.30521193,0,imagenet_c,defocus_blur,1,none
efficientnet_b4,ILSVRC2012_val_00032911.JPEG,n03255030,543,422,0.3079811,0,imagenet_c,defocus_blur,1,none
efficientnet_b4,ILSVRC2012_val_00033532.JPEG,n03255030,543,422,0.34167606,0,imagenet_c,defocus_blur,1,none
efficientnet_b4,ILSVRC2012_val_00034805.JPEG,n03255030,543,543,0.26448193,1,imagenet_c,defocus_blur,1,none
efficientnet_b4,ILSVRC2012_val_00035130.JPEG,n03255030,543,422,0.46346286,0,imagenet_c,defocus_blur,1,none
efficientnet_b4,ILSVRC2012_val_00037109.JPEG,n03255030,543,543,0.4685718,1,imagenet_c,defocus_blur,1,none
efficientnet_b4,ILSVRC2012_val_00041086.JPEG,n03255030,543,543,0.30499443,1,imagenet_c,defocus_blur,1,none
efficientnet_b4,ILSVRC2012_val_00041644.JPEG,n03255030,543,543,0.30749503,1,imagenet_c,defocus_blur,1,none
efficientnet_b4,ILSVRC2012_val_00042471.JPEG,n03255030,543,845,0.3266839,0,imagenet_c,defocus_blur,1,none
efficientnet_b4,ILSVRC2012_val_00042722.JPEG,n03255030,543,477,0.22441526,0,imagenet_c,defocus_blur,1,none
efficientnet_b4,ILSVRC2012_val_00043149.JPEG,n03255030,543,543,0.22176193,1,imagenet_c,defocus_blur,1,none
efficientnet_b4,ILSVRC2012_val_00044521.JPEG,n03255030,543,543,0.18035428,1,imagenet_c,defocus_blur,1,none
efficientnet_b4,ILSVRC2012_val_00045667.JPEG,n03255030,543,543,0.50998205,1,imagenet_c,defocus_blur,1,none
efficientnet_b4,ILSVRC2012_val_00046545.JPEG,n03255030,543,543,0.27203763,1,imagenet_c,defocus_blur,1,none
efficientnet_b4,ILSVRC2012_val_00046720.JPEG,n03255030,543,422,0.42409056,0,imagenet_c,defocus_blur,1,none
efficientnet_b4,ILSVRC2012_val_00047390.JPEG,n03255030,543,830,0.50555813,0,imagenet_c,defocus_blur,1,none
efficientnet_b4,ILSVRC2012_val_00048022.JPEG,n03255030,543,543,0.38550666,1,imagenet_c,defocus_blur,1,none
efficientnet_b4,ILSVRC2012_val_00049273.JPEG,n03255030,543,543,0.3915707,1,imagenet_c,defocus_blur,1,none
efficientnet_b4,ILSVRC2012_val_00049683.JPEG,n03255030,543,543,0.32611287,1,imagenet_c,defocus_blur,1,none
efficientnet_b4,ILSVRC2012_val_00000182.JPEG,n03259280,544,567,0.18142232,0,imagenet_c,defocus_blur,1,none
efficientnet_b4,ILSVRC2012_val_00004500.JPEG,n03259280,544,964,0.3180177,0,imagenet_c,defocus_blur,1,none
efficientnet_b4,ILSVRC2012_val_00004830.JPEG,n03259280,544,964,0.30014116,0,imagenet_c,defocus_blur,1,none
efficientnet_b4,ILSVRC2012_val_00004959.JPEG,n03259280,544,544,0.06081375,1,imagenet_c,defocus_blur,1,none
efficientnet_b4,ILSVRC2012_val_00005194.JPEG,n03259280,544,567,0.108264,0,imagenet_c,defocus_blur,1,none
efficientnet_b4,ILSVRC2012_val_00006376.JPEG,n03259280,544,544,0.1067594,1,imagenet_c,defocus_blur,1,none
efficientnet_b4,ILSVRC2012_val_00007721.JPEG,n03259280,544,926,0.15512528,0,imagenet_c,defocus_blur,1,none
efficientnet_b4,ILSVRC2012_val_00008386.JPEG,n03259280,544,544,0.56843317,1,imagenet_c,defocus_blur,1,none
efficientnet_b4,ILSVRC2012_val_00008537.JPEG,n03259280,544,544,0.22882062,1,imagenet_c,defocus_blur,1,none
efficientnet_b4,ILSVRC2012_val_00008696.JPEG,n03259280,544,544,0.66747636,1,imagenet_c,defocus_blur,1,none
efficientnet_b4,ILSVRC2012_val_00008773.JPEG,n03259280,544,544,0.31110775,1,imagenet_c,defocus_blur,1,none
efficientnet_b4,ILSVRC2012_val_00009837.JPEG,n03259280,544,544,0.3491028,1,imagenet_c,defocus_blur,1,none
efficientnet_b4,ILSVRC2012_val_00010219.JPEG,n03259280,544,567,0.17620897,0,imagenet_c,defocus_blur,1,none
efficientnet_b4,ILSVRC2012_val_00011872.JPEG,n03259280,544,567,0.12682268,0,imagenet_c,defocus_blur,1,none
efficientnet_b4,ILSVRC2012_val_00012242.JPEG,n03259280,544,544,0.5651591,1,imagenet_c,defocus_blur,1,none
efficientnet_b4,ILSVRC2012_val_00012450.JPEG,n03259280,544,544,0.3327502,1,imagenet_c,defocus_blur,1,none
efficientnet_b4,ILSVRC2012_val_00013757.JPEG,n03259280,544,544,0.7817044,1,imagenet_c,defocus_blur,1,none
efficientnet_b4,ILSVRC2012_val_00014150.JPEG,n03259280,544,544,0.60504156,1,imagenet_c,defocus_blur,1,none
efficientnet_b4,ILSVRC2012_val_00014647.JPEG,n03259280,544,544,0.19417346,1,imagenet_c,defocus_blur,1,none
efficientnet_b4,ILSVRC2012_val_00018108.JPEG,n03259280,544,544,0.5336501,1,imagenet_c,defocus_blur,1,none
efficientnet_b4,ILSVRC2012_val_00018603.JPEG,n03259280,544,544,0.7040233,1,imagenet_c,defocus_blur,1,none
efficientnet_b4,ILSVRC2012_val_00020608.JPEG,n03259280,544,544,0.1843154,1,imagenet_c,defocus_blur,1,none
efficientnet_b4,ILSVRC2012_val_00020634.JPEG,n03259280,544,544,0.56675756,1,imagenet_c,defocus_blur,1,none
efficientnet_b4,ILSVRC2012_val_00021316.JPEG,n03259280,544,521,0.23625588,0,imagenet_c,defocus_blur,1,none
efficientnet_b4,ILSVRC2012_val_00021640.JPEG,n03259280,544,255,0.15697671,0,imagenet_c,defocus_blur,1,none
efficientnet_b4,ILSVRC2012_val_00025349.JPEG,n03259280,544,544,0.33672965,1,imagenet_c,defocus_blur,1,none
efficientnet_b4,ILSVRC2012_val_00025819.JPEG,n03259280,544,544,0.30568862,1,imagenet_c,defocus_blur,1,none
efficientnet_b4,ILSVRC2012_val_00026342.JPEG,n03259280,544,926,0.51331645,0,imagenet_c,defocus_blur,1,none
efficientnet_b4,ILSVRC2012_val_00026493.JPEG,n03259280,544,544,0.8994122,1,imagenet_c,defocus_blur,1,none
efficientnet_b4,ILSVRC2012_val_00027418.JPEG,n03259280,544,544,0.46293235,1,imagenet_c,defocus_blur,1,none
efficientnet_b4,ILSVRC2012_val_00030315.JPEG,n03259280,544,964,0.23062404,0,imagenet_c,defocus_blur,1,none
efficientnet_b4,ILSVRC2012_val_00030669.JPEG,n03259280,544,567,0.13747433,0,imagenet_c,defocus_blur,1,none
efficientnet_b4,ILSVRC2012_val_00032896.JPEG,n03259280,544,544,0.6551742,1,imagenet_c,defocus_blur,1,none
efficientnet_b4,ILSVRC2012_val_00035498.JPEG,n03259280,544,544,0.061715532,1,imagenet_c,defocus_blur,1,none
efficientnet_b4,ILSVRC2012_val_00038269.JPEG,n03259280,544,544,0.28107375,1,imagenet_c,defocus_blur,1,none
efficientnet_b4,ILSVRC2012_val_00041608.JPEG,n03259280,544,544,0.719479,1,imagenet_c,defocus_blur,1,none
efficientnet_b4,ILSVRC2012_val_00041993.JPEG,n03259280,544,544,0.43601143,1,imagenet_c,defocus_blur,1,none
efficientnet_b4,ILSVRC2012_val_00042985.JPEG,n03259280,544,544,0.5886252,1,imagenet_c,defocus_blur,1,none
efficientnet_b4,ILSVRC2012_val_00043371.JPEG,n03259280,544,544,0.3104218,1,imagenet_c,defocus_blur,1,none
efficientnet_b4,ILSVRC2012_val_00043855.JPEG,n03259280,544,926,0.12181632,0,imagenet_c,defocus_blur,1,none
efficientnet_b4,ILSVRC2012_val_00044281.JPEG,n03259280,544,521,0.07853342,0,imagenet_c,defocus_blur,1,none
efficientnet_b4,ILSVRC2012_val_00044413.JPEG,n03259280,544,964,0.33749765,0,imagenet_c,defocus_blur,1,none
efficientnet_b4,ILSVRC2012_val_00045439.JPEG,n03259280,544,544,0.5660165,1,imagenet_c,defocus_blur,1,none
efficientnet_b4,ILSVRC2012_val_00045899.JPEG,n03259280,544,544,0.69888675,1,imagenet_c,defocus_blur,1,none
efficientnet_b4,ILSVRC2012_val_00046182.JPEG,n03259280,544,567,0.45992103,0,imagenet_c,defocus_blur,1,none
efficientnet_b4,ILSVRC2012_val_00046315.JPEG,n03259280,544,544,0.46194282,1,imagenet_c,defocus_blur,1,none
efficientnet_b4,ILSVRC2012_val_00046328.JPEG,n03259280,544,544,0.7122537,1,imagenet_c,defocus_blur,1,none
efficientnet_b4,ILSVRC2012_val_00048045.JPEG,n03259280,544,969,0.25626224,0,imagenet_c,defocus_blur,1,none
efficientnet_b4,ILSVRC2012_val_00048734.JPEG,n03259280,544,544,0.25661808,1,imagenet_c,defocus_blur,1,none
efficientnet_b4,ILSVRC2012_val_00049160.JPEG,n03259280,544,544,0.42874193,1,imagenet_c,defocus_blur,1,none
efficientnet_b4,ILSVRC2012_val_00000942.JPEG,n03271574,545,774,0.08365905,0,imagenet_c,defocus_blur,1,none
efficientnet_b4,ILSVRC2012_val_00002312.JPEG,n03271574,545,545,0.4757552,1,imagenet_c,defocus_blur,1,none
efficientnet_b4,ILSVRC2012_val_00002680.JPEG,n03271574,545,818,0.26393795,0,imagenet_c,defocus_blur,1,none
efficientnet_b4,ILSVRC2012_val_00002761.JPEG,n03271574,545,545,0.45397156,1,imagenet_c,defocus_blur,1,none
efficientnet_b4,ILSVRC2012_val_00002875.JPEG,n03271574,545,545,0.43470776,1,imagenet_c,defocus_blur,1,none
efficientnet_b4,ILSVRC2012_val_00004346.JPEG,n03271574,545,545,0.35819963,1,imagenet_c,defocus_blur,1,none
efficientnet_b4,ILSVRC2012_val_00004415.JPEG,n03271574,545,545,0.43537703,1,imagenet_c,defocus_blur,1,none
efficientnet_b4,ILSVRC2012_val_00005440.JPEG,n03271574,545,577,0.07591014,0,imagenet_c,defocus_blur,1,none
efficientnet_b4,ILSVRC2012_val_00008015.JPEG,n03271574,545,545,0.58024067,1,imagenet_c,defocus_blur,1,none
efficientnet_b4,ILSVRC2012_val_00009217.JPEG,n03271574,545,545,0.3471911,1,imagenet_c,defocus_blur,1,none
efficientnet_b4,ILSVRC2012_val_00009977.JPEG,n03271574,545,545,0.440224,1,imagenet_c,defocus_blur,1,none
efficientnet_b4,ILSVRC2012_val_00012322.JPEG,n03271574,545,545,0.50000376,1,imagenet_c,defocus_blur,1,none
efficientnet_b4,ILSVRC2012_val_00012567.JPEG,n03271574,545,545,0.5884981,1,imagenet_c,defocus_blur,1,none
efficientnet_b4,ILSVRC2012_val_00012884.JPEG,n03271574,545,545,0.4261696,1,imagenet_c,defocus_blur,1,none
efficientnet_b4,ILSVRC2012_val_00013577.JPEG,n03271574,545,545,0.48377812,1,imagenet_c,defocus_blur,1,none
efficientnet_b4,ILSVRC2012_val_00014422.JPEG,n03271574,545,545,0.63032806,1,imagenet_c,defocus_blur,1,none
efficientnet_b4,ILSVRC2012_val_00014981.JPEG,n03271574,545,545,0.45583245,1,imagenet_c,defocus_blur,1,none
efficientnet_b4,ILSVRC2012_val_00015074.JPEG,n03271574,545,545,0.49830288,1,imagenet_c,defocus_blur,1,none
efficientnet_b4,ILSVRC2012_val_00015185.JPEG,n03271574,545,545,0.32794902,1,imagenet_c,defocus_blur,1,none
efficientnet_b4,ILSVRC2012_val_00015553.JPEG,n03271574,545,545,0.06928916,1,imagenet_c,defocus_blur,1,none
efficientnet_b4,ILSVRC2012_val_00015784.JPEG,n03271574,545,545,0.35967186,1,imagenet_c,defocus_blur,1,none
efficientnet_b4,ILSVRC2012_val_00016049.JPEG,n03271574,545,545,0.31374273,1,imagenet_c,defocus_blur,1,none
efficientnet_b4,ILSVRC2012_val_00016106.JPEG,n03271574,545,545,0.39527896,1,imagenet_c,defocus_blur,1,none
efficientnet_b4,ILSVRC2012_val_00016188.JPEG,n03271574,545,545,0.5079604,1,imagenet_c,defocus_blur,1,none
efficientnet_b4,ILSVRC2012_val_00017257.JPEG,n03271574,545,878,0.43463758,0,imagenet_c,defocus_blur,1,none
efficientnet_b4,ILSVRC2012_val_00019814.JPEG,n03271574,545,545,0.4565892,1,imagenet_c,defocus_blur,1,none
efficientnet_b4,ILSVRC2012_val_00022054.JPEG,n03271574,545,545,0.51283956,1,imagenet_c,defocus_blur,1,none
efficientnet_b4,ILSVRC2012_val_00022306.JPEG,n03271574,545,545,0.5847584,1,imagenet_c,defocus_blur,1,none
efficientnet_b4,ILSVRC2012_val_00024524.JPEG,n03271574,545,545,0.293778,1,imagenet_c,defocus_blur,1,none
efficientnet_b4,ILSVRC2012_val_00026566.JPEG,n03271574,545,545,0.5645785,1,imagenet_c,defocus_blur,1,none
efficientnet_b4,ILSVRC2012_val_00026921.JPEG,n03271574,545,107,0.054008566,0,imagenet_c,defocus_blur,1,none
efficientnet_b4,ILSVRC2012_val_00029155.JPEG,n03271574,545,545,0.47561634,1,imagenet_c,defocus_blur,1,none
efficientnet_b4,ILSVRC2012_val_00029507.JPEG,n03271574,545,499,0.078204624,0,imagenet_c,defocus_blur,1,none
efficientnet_b4,ILSVRC2012_val_00031130.JPEG,n03271574,545,545,0.3498078,1,imagenet_c,defocus_blur,1,none
efficientnet_b4,ILSVRC2012_val_00031563.JPEG,n03271574,545,545,0.17075391,1,imagenet_c,defocus_blur,1,none
efficientnet_b4,ILSVRC2012_val_00031583.JPEG,n03271574,545,545,0.36438382,1,imagenet_c,defocus_blur,1,none
efficientnet_b4,ILSVRC2012_val_00031982.JPEG,n03271574,545,545,0.33604372,1,imagenet_c,defocus_blur,1,none
efficientnet_b4,ILSVRC2012_val_00032570.JPEG,n03271574,545,545,0.17517374,1,imagenet_c,defocus_blur,1,none
efficientnet_b4,ILSVRC2012_val_00037712.JPEG,n03271574,545,545,0.37576416,1,imagenet_c,defocus_blur,1,none
efficientnet_b4,ILSVRC2012_val_00039319.JPEG,n03271574,545,811,0.66341066,0,imagenet_c,defocus_blur,1,none
efficientnet_b4,ILSVRC2012_val_00039769.JPEG,n03271574,545,545,0.44086644,1,imagenet_c,defocus_blur,1,none
efficientnet_b4,ILSVRC2012_val_00042028.JPEG,n03271574,545,545,0.4840494,1,imagenet_c,defocus_blur,1,none
efficientnet_b4,ILSVRC2012_val_00043160.JPEG,n03271574,545,545,0.6408808,1,imagenet_c,defocus_blur,1,none
efficientnet_b4,ILSVRC2012_val_00043592.JPEG,n03271574,545,545,0.44647306,1,imagenet_c,defocus_blur,1,none
efficientnet_b4,ILSVRC2012_val_00044211.JPEG,n03271574,545,535,0.29796243,0,imagenet_c,defocus_blur,1,none
efficientnet_b4,ILSVRC2012_val_00045715.JPEG,n03271574,545,545,0.43483135,1,imagenet_c,defocus_blur,1,none
efficientnet_b4,ILSVRC2012_val_00046276.JPEG,n03271574,545,545,0.5425066,1,imagenet_c,defocus_blur,1,none
efficientnet_b4,ILSVRC2012_val_00046831.JPEG,n03271574,545,545,0.55623454,1,imagenet_c,defocus_blur,1,none
efficientnet_b4,ILSVRC2012_val_00048524.JPEG,n03271574,545,420,0.042586803,0,imagenet_c,defocus_blur,1,none
efficientnet_b4,ILSVRC2012_val_00049117.JPEG,n03271574,545,545,0.61031824,1,imagenet_c,defocus_blur,1,none
efficientnet_b4,ILSVRC2012_val_00000374.JPEG,n03272010,546,546,0.45967576,1,imagenet_c,defocus_blur,1,none
efficientnet_b4,ILSVRC2012_val_00000467.JPEG,n03272010,546,546,0.5301459,1,imagenet_c,defocus_blur,1,none
efficientnet_b4,ILSVRC2012_val_00001273.JPEG,n03272010,546,819,0.23195936,0,imagenet_c,defocus_blur,1,none
efficientnet_b4,ILSVRC2012_val_00001836.JPEG,n03272010,546,546,0.0715005,1,imagenet_c,defocus_blur,1,none
efficientnet_b4,ILSVRC2012_val_00002143.JPEG,n03272010,546,546,0.7821883,1,imagenet_c,defocus_blur,1,none
efficientnet_b4,ILSVRC2012_val_00002992.JPEG,n03272010,546,546,0.24069744,1,imagenet_c,defocus_blur,1,none
efficientnet_b4,ILSVRC2012_val_00003552.JPEG,n03272010,546,730,0.10611843,0,imagenet_c,defocus_blur,1,none
efficientnet_b4,ILSVRC2012_val_00004994.JPEG,n03272010,546,751,0.07958451,0,imagenet_c,defocus_blur,1,none
efficientnet_b4,ILSVRC2012_val_00005986.JPEG,n03272010,546,546,0.6028074,1,imagenet_c,defocus_blur,1,none
efficientnet_b4,ILSVRC2012_val_00006373.JPEG,n03272010,546,402,0.5421703,0,imagenet_c,defocus_blur,1,none
efficientnet_b4,ILSVRC2012_val_00006680.JPEG,n03272010,546,546,0.15895422,1,imagenet_c,defocus_blur,1,none
efficientnet_b4,ILSVRC2012_val_00008283.JPEG,n03272010,546,546,0.37044138,1,imagenet_c,defocus_blur,1,none
efficientnet_b4,ILSVRC2012_val_00008326.JPEG,n03272010,546,546,0.47047564,1,imagenet_c,defocus_blur,1,none
efficientnet_b4,ILSVRC2012_val_00008655.JPEG,n03272010,546,791,0.08156359,0,imagenet_c,defocus_blur,1,none
efficientnet_b4,ILSVRC2012_val_00009587.JPEG,n03272010,546,402,0.1604753,0,imagenet_c,defocus_blur,1,none
efficientnet_b4,ILSVRC2012_val_00009952.JPEG,n03272010,546,546,0.6390218,1,imagenet_c,defocus_blur,1,none
efficientnet_b4,ILSVRC2012_val_00010371.JPEG,n03272010,546,624,0.1925216,0,imagenet_c,defocus_blur,1,none
efficientnet_b4,ILSVRC2012_val_00010661.JPEG,n03272010,546,546,0.32513478,1,imagenet_c,defocus_blur,1,none
efficientnet_b4,ILSVRC2012_val_00012911.JPEG,n03272010,546,546,0.18425669,1,imagenet_c,defocus_blur,1,none
efficientnet_b4,ILSVRC2012_val_00013005.JPEG,n03272010,546,402,0.31476977,0,imagenet_c,defocus_blur,1,none
efficientnet_b4,ILSVRC2012_val_00013540.JPEG,n03272010,546,546,0.5580355,1,imagenet_c,defocus_blur,1,none
efficientnet_b4,ILSVRC2012_val_00014896.JPEG,n03272010,546,546,0.26075172,1,imagenet_c,defocus_blur,1,none
efficientnet_b4,ILSVRC2012_val_00015207.JPEG,n03272010,546,420,0.21607006,0,imagenet_c,defocus_blur,1,none
efficientnet_b4,ILSVRC2012_val_00018023.JPEG,n03272010,546,420,0.041620288,0,imagenet_c,defocus_blur,1,none
efficientnet_b4,ILSVRC2012_val_00019195.JPEG,n03272010,546,399,0.07140309,0,imagenet_c,defocus_blur,1,none
efficientnet_b4,ILSVRC2012_val_00021013.JPEG,n03272010,546,546,0.4463817,1,imagenet_c,defocus_blur,1,none
efficientnet_b4,ILSVRC2012_val_00021556.JPEG,n03272010,546,546,0.45461363,1,imagenet_c,defocus_blur,1,none
efficientnet_b4,ILSVRC2012_val_00021720.JPEG,n03272010,546,714,0.43725434,0,imagenet_c,defocus_blur,1,none
efficientnet_b4,ILSVRC2012_val_00021729.JPEG,n03272010,546,854,0.27963683,0,imagenet_c,defocus_blur,1,none
efficientnet_b4,ILSVRC2012_val_00022203.JPEG,n03272010,546,546,0.24269657,1,imagenet_c,defocus_blur,1,none
efficientnet_b4,ILSVRC2012_val_00022811.JPEG,n03272010,546,886,0.42780757,0,imagenet_c,defocus_blur,1,none
efficientnet_b4,ILSVRC2012_val_00025223.JPEG,n03272010,546,819,0.40744784,0,imagenet_c,defocus_blur,1,none
efficientnet_b4,ILSVRC2012_val_00027707.JPEG,n03272010,546,546,0.6870869,1,imagenet_c,defocus_blur,1,none
efficientnet_b4,ILSVRC2012_val_00029593.JPEG,n03272010,546,546,0.56635636,1,imagenet_c,defocus_blur,1,none
efficientnet_b4,ILSVRC2012_val_00032755.JPEG,n03272010,546,776,0.13977812,0,imagenet_c,defocus_blur,1,none
efficientnet_b4,ILSVRC2012_val_00033727.JPEG,n03272010,546,546,0.44294044,1,imagenet_c,defocus_blur,1,none
efficientnet_b4,ILSVRC2012_val_00033765.JPEG,n03272010,546,546,0.34762442,1,imagenet_c,defocus_blur,1,none
efficientnet_b4,ILSVRC2012_val_00035404.JPEG,n03272010,546,546,0.22464299,1,imagenet_c,defocus_blur,1,none
efficientnet_b4,ILSVRC2012_val_00038597.JPEG,n03272010,546,546,0.5286473,1,imagenet_c,defocus_blur,1,none
efficientnet_b4,ILSVRC2012_val_00039867.JPEG,n03272010,546,546,0.2139887,1,imagenet_c,defocus_blur,1,none
efficientnet_b4,ILSVRC2012_val_00039929.JPEG,n03272010,546,819,0.10843695,0,imagenet_c,defocus_blur,1,none
efficientnet_b4,ILSVRC2012_val_00040569.JPEG,n03272010,546,401,0.07571837,0,imagenet_c,defocus_blur,1,none
efficientnet_b4,ILSVRC2012_val_00041609.JPEG,n03272010,546,546,0.33331913,1,imagenet_c,defocus_blur,1,none
efficientnet_b4,ILSVRC2012_val_00042093.JPEG,n03272010,546,546,0.15603167,1,imagenet_c,defocus_blur,1,none
efficientnet_b4,ILSVRC2012_val_00043615.JPEG,n03272010,546,546,0.36607733,1,imagenet_c,defocus_blur,1,none
efficientnet_b4,ILSVRC2012_val_00044737.JPEG,n03272010,546,413,0.12028193,0,imagenet_c,defocus_blur,1,none
efficientnet_b4,ILSVRC2012_val_00045682.JPEG,n03272010,546,413,0.14130677,0,imagenet_c,defocus_blur,1,none
efficientnet_b4,ILSVRC2012_val_00046980.JPEG,n03272010,546,420,0.16703084,0,imagenet_c,defocus_blur,1,none
efficientnet_b4,ILSVRC2012_val_00048443.JPEG,n03272010,546,546,0.7275602,1,imagenet_c,defocus_blur,1,none
efficientnet_b4,ILSVRC2012_val_00049873.JPEG,n03272010,546,546,0.74054337,1,imagenet_c,defocus_blur,1,none
efficientnet_b4,ILSVRC2012_val_00001699.JPEG,n03272562,547,547,0.41486064,1,imagenet_c,defocus_blur,1,none
efficientnet_b4,ILSVRC2012_val_00001976.JPEG,n03272562,547,547,0.10941802,1,imagenet_c,defocus_blur,1,none
efficientnet_b4,ILSVRC2012_val_00002199.JPEG,n03272562,547,547,0.4660962,1,imagenet_c,defocus_blur,1,none
efficientnet_b4,ILSVRC2012_val_00004585.JPEG,n03272562,547,705,0.2326667,0,imagenet_c,defocus_blur,1,none
efficientnet_b4,ILSVRC2012_val_00005895.JPEG,n03272562,547,705,0.23234709,0,imagenet_c,defocus_blur,1,none
efficientnet_b4,ILSVRC2012_val_00006515.JPEG,n03272562,547,547,0.48005962,1,imagenet_c,defocus_blur,1,none
efficientnet_b4,ILSVRC2012_val_00007879.JPEG,n03272562,547,547,0.43482512,1,imagenet_c,defocus_blur,1,none
efficientnet_b4,ILSVRC2012_val_00008824.JPEG,n03272562,547,547,0.48619196,1,imagenet_c,defocus_blur,1,none
efficientnet_b4,ILSVRC2012_val_00011681.JPEG,n03272562,547,547,0.5751521,1,imagenet_c,defocus_blur,1,none
efficientnet_b4,ILSVRC2012_val_00013372.JPEG,n03272562,547,547,0.61272436,1,imagenet_c,defocus_blur,1,none
efficientnet_b4,ILSVRC2012_val_00013865.JPEG,n03272562,547,547,0.35957778,1,imagenet_c,defocus_blur,1,none
efficientnet_b4,ILSVRC2012_val_00014184.JPEG,n03272562,547,547,0.4571172,1,imagenet_c,defocus_blur,1,none
efficientnet_b4,ILSVRC2012_val_00016175.JPEG,n03272562,547,547,0.58655256,1,imagenet_c,defocus_blur,1,none
efficientnet_b4,ILSVRC2012_val_00018483.JPEG,n03272562,547,547,0.5864964,1,imagenet_c,defocus_blur,1,none
efficientnet_b4,ILSVRC2012_val_00018705.JPEG,n03272562,547,705,0.293923,0,imagenet_c,defocus_blur,1,none
efficientnet_b4,ILSVRC2012_val_00019595.JPEG,n03272562,547,705,0.4158356,0,imagenet_c,defocus_blur,1,none
efficientnet_b4,ILSVRC2012_val_00019631.JPEG,n03272562,547,547,0.27860516,1,imagenet_c,defocus_blur,1,none
efficientnet_b4,ILSVRC2012_val_00020145.JPEG,n03272562,547,547,0.482025,1,imagenet_c,defocus_blur,1,none
efficientnet_b4,ILSVRC2012_val_00020195.JPEG,n03272562,547,547,0.47118032,1,imagenet_c,defocus_blur,1,none
efficientnet_b4,ILSVRC2012_val_00021603.JPEG,n03272562,547,547,0.6098094,1,imagenet_c,defocus_blur,1,none
efficientnet_b4,ILSVRC2012_val_00022251.JPEG,n03272562,547,705,0.43577668,0,imagenet_c,defocus_blur,1,none
efficientnet_b4,ILSVRC2012_val_00023047.JPEG,n03272562,547,547,0.4649307,1,imagenet_c,defocus_blur,1,none
efficientnet_b4,ILSVRC2012_val_00023549.JPEG,n03272562,547,547,0.40520668,1,imagenet_c,defocus_blur,1,none
efficientnet_b4,ILSVRC2012_val_00023716.JPEG,n03272562,547,547,0.6241682,1,imagenet_c,defocus_blur,1,none
efficientnet_b4,ILSVRC2012_val_00024364.JPEG,n03272562,547,547,0.41843706,1,imagenet_c,defocus_blur,1,none
efficientnet_b4,ILSVRC2012_val_00024842.JPEG,n03272562,547,547,0.6075381,1,imagenet_c,defocus_blur,1,none
efficientnet_b4,ILSVRC2012_val_00025106.JPEG,n03272562,547,547,0.35923052,1,imagenet_c,defocus_blur,1,none
efficientnet_b4,ILSVRC2012_val_00025863.JPEG,n03272562,547,547,0.5453562,1,imagenet_c,defocus_blur,1,none
efficientnet_b4,ILSVRC2012_val_00030381.JPEG,n03272562,547,547,0.34998077,1,imagenet_c,defocus_blur,1,none
efficientnet_b4,ILSVRC2012_val_00030848.JPEG,n03272562,547,705,0.19398528,0,imagenet_c,defocus_blur,1,none
efficientnet_b4,ILSVRC2012_val_00031271.JPEG,n03272562,547,821,0.27682912,0,imagenet_c,defocus_blur,1,none
efficientnet_b4,ILSVRC2012_val_00031698.JPEG,n03272562,547,634,0.16224287,0,imagenet_c,defocus_blur,1,none
efficientnet_b4,ILSVRC2012_val_00033075.JPEG,n03272562,547,705,0.3808284,0,imagenet_c,defocus_blur,1,none
efficientnet_b4,ILSVRC2012_val_00034871.JPEG,n03272562,547,705,0.25116608,0,imagenet_c,defocus_blur,1,none
efficientnet_b4,ILSVRC2012_val_00036429.JPEG,n03272562,547,547,0.3747589,1,imagenet_c,defocus_blur,1,none
efficientnet_b4,ILSVRC2012_val_00036813.JPEG,n03272562,547,547,0.5697495,1,imagenet_c,defocus_blur,1,none
efficientnet_b4,ILSVRC2012_val_00037150.JPEG,n03272562,547,705,0.28610975,0,imagenet_c,defocus_blur,1,none
efficientnet_b4,ILSVRC2012_val_00037366.JPEG,n03272562,547,547,0.13947889,1,imagenet_c,defocus_blur,1,none
efficientnet_b4,ILSVRC2012_val_00039148.JPEG,n03272562,547,547,0.5604735,1,imagenet_c,defocus_blur,1,none
efficientnet_b4,ILSVRC2012_val_00040246.JPEG,n03272562,547,547,0.39503294,1,imagenet_c,defocus_blur,1,none
efficientnet_b4,ILSVRC2012_val_00041802.JPEG,n03272562,547,547,0.5084753,1,imagenet_c,defocus_blur,1,none
efficientnet_b4,ILSVRC2012_val_00043068.JPEG,n03272562,547,547,0.4559379,1,imagenet_c,defocus_blur,1,none
efficientnet_b4,ILSVRC2012_val_00043187.JPEG,n03272562,547,547,0.4648722,1,imagenet_c,defocus_blur,1,none
efficientnet_b4,ILSVRC2012_val_00043551.JPEG,n03272562,547,547,0.50321114,1,imagenet_c,defocus_blur,1,none
efficientnet_b4,ILSVRC2012_val_00044592.JPEG,n03272562,547,547,0.6805824,1,imagenet_c,defocus_blur,1,none
efficientnet_b4,ILSVRC2012_val_00045872.JPEG,n03272562,547,547,0.28783426,1,imagenet_c,defocus_blur,1,none
efficientnet_b4,ILSVRC2012_val_00046255.JPEG,n03272562,547,547,0.50956243,1,imagenet_c,defocus_blur,1,none
efficientnet_b4,ILSVRC2012_val_00046707.JPEG,n03272562,547,547,0.52347356,1,imagenet_c,defocus_blur,1,none
efficientnet_b4,ILSVRC2012_val_00048678.JPEG,n03272562,547,547,0.58885616,1,imagenet_c,defocus_blur,1,none
efficientnet_b4,ILSVRC2012_val_00049821.JPEG,n03272562,547,547,0.62890154,1,imagenet_c,defocus_blur,1,none
efficientnet_b4,ILSVRC2012_val_00000199.JPEG,n03290653,548,548,0.63330317,1,imagenet_c,defocus_blur,1,none
efficientnet_b4,ILSVRC2012_val_00001255.JPEG,n03290653,548,548,0.7669462,1,imagenet_c,defocus_blur,1,none
efficientnet_b4,ILSVRC2012_val_00001691.JPEG,n03290653,548,548,0.5916031,1,imagenet_c,defocus_blur,1,none
efficientnet_b4,ILSVRC2012_val_00001694.JPEG,n03290653,548,548,0.639356,1,imagenet_c,defocus_blur,1,none
efficientnet_b4,ILSVRC2012_val_00003398.JPEG,n03290653,548,548,0.7020764,1,imagenet_c,defocus_blur,1,none
efficientnet_b4,ILSVRC2012_val_00003906.JPEG,n03290653,548,548,0.5080331,1,imagenet_c,defocus_blur,1,none
efficientnet_b4,ILSVRC2012_val_00007913.JPEG,n03290653,548,548,0.6525899,1,imagenet_c,defocus_blur,1,none
efficientnet_b4,ILSVRC2012_val_00008081.JPEG,n03290653,548,548,0.7331279,1,imagenet_c,defocus_blur,1,none
efficientnet_b4,ILSVRC2012_val_00008763.JPEG,n03290653,548,548,0.6878887,1,imagenet_c,defocus_blur,1,none
efficientnet_b4,ILSVRC2012_val_00009515.JPEG,n03290653,548,548,0.70417035,1,imagenet_c,defocus_blur,1,none
efficientnet_b4,ILSVRC2012_val_00010260.JPEG,n03290653,548,548,0.6570307,1,imagenet_c,defocus_blur,1,none
efficientnet_b4,ILSVRC2012_val_00010346.JPEG,n03290653,548,548,0.74434286,1,imagenet_c,defocus_blur,1,none
efficientnet_b4,ILSVRC2012_val_00010926.JPEG,n03290653,548,556,0.3691271,0,imagenet_c,defocus_blur,1,none
efficientnet_b4,ILSVRC2012_val_00011108.JPEG,n03290653,548,548,0.6772764,1,imagenet_c,defocus_blur,1,none
efficientnet_b4,ILSVRC2012_val_00013092.JPEG,n03290653,548,548,0.6918073,1,imagenet_c,defocus_blur,1,none
efficientnet_b4,ILSVRC2012_val_00015959.JPEG,n03290653,548,548,0.6522896,1,imagenet_c,defocus_blur,1,none
efficientnet_b4,ILSVRC2012_val_00016250.JPEG,n03290653,548,548,0.3676563,1,imagenet_c,defocus_blur,1,none
efficientnet_b4,ILSVRC2012_val_00016402.JPEG,n03290653,548,548,0.4452941,1,imagenet_c,defocus_blur,1,none
efficientnet_b4,ILSVRC2012_val_00016704.JPEG,n03290653,548,548,0.7508899,1,imagenet_c,defocus_blur,1,none
efficientnet_b4,ILSVRC2012_val_00018174.JPEG,n03290653,548,548,0.5327344,1,imagenet_c,defocus_blur,1,none
efficientnet_b4,ILSVRC2012_val_00018281.JPEG,n03290653,548,548,0.7380386,1,imagenet_c,defocus_blur,1,none
efficientnet_b4,ILSVRC2012_val_00019035.JPEG,n03290653,548,548,0.2930282,1,imagenet_c,defocus_blur,1,none
efficientnet_b4,ILSVRC2012_val_00019705.JPEG,n03290653,548,548,0.60099036,1,imagenet_c,defocus_blur,1,none
efficientnet_b4,ILSVRC2012_val_00020125.JPEG,n03290653,548,548,0.4575048,1,imagenet_c,defocus_blur,1,none
efficientnet_b4,ILSVRC2012_val_00020890.JPEG,n03290653,548,548,0.77721775,1,imagenet_c,defocus_blur,1,none
efficientnet_b4,ILSVRC2012_val_00021387.JPEG,n03290653,548,548,0.5495731,1,imagenet_c,defocus_blur,1,none
efficientnet_b4,ILSVRC2012_val_00022494.JPEG,n03290653,548,598,0.35778075,0,imagenet_c,defocus_blur,1,none
efficientnet_b4,ILSVRC2012_val_00024586.JPEG,n03290653,548,548,0.5883919,1,imagenet_c,defocus_blur,1,none
efficientnet_b4,ILSVRC2012_val_00026788.JPEG,n03290653,548,548,0.6869918,1,imagenet_c,defocus_blur,1,none
efficientnet_b4,ILSVRC2012_val_00028018.JPEG,n03290653,548,548,0.6959718,1,imagenet_c,defocus_blur,1,none
efficientnet_b4,ILSVRC2012_val_00028206.JPEG,n03290653,548,548,0.6501216,1,imagenet_c,defocus_blur,1,none
efficientnet_b4,ILSVRC2012_val_00028921.JPEG,n03290653,548,548,0.67366654,1,imagenet_c,defocus_blur,1,none
efficientnet_b4,ILSVRC2012_val_00030898.JPEG,n03290653,548,548,0.7127129,1,imagenet_c,defocus_blur,1,none
efficientnet_b4,ILSVRC2012_val_00031685.JPEG,n03290653,548,548,0.468669,1,imagenet_c,defocus_blur,1,none
efficientnet_b4,ILSVRC2012_val_00032253.JPEG,n03290653,548,548,0.61854106,1,imagenet_c,defocus_blur,1,none
efficientnet_b4,ILSVRC2012_val_00034187.JPEG,n03290653,548,548,0.5557253,1,imagenet_c,defocus_blur,1,none
efficientnet_b4,ILSVRC2012_val_00036174.JPEG,n03290653,548,598,0.46394962,0,imagenet_c,defocus_blur,1,none
efficientnet_b4,ILSVRC2012_val_00038152.JPEG,n03290653,548,548,0.6556019,1,imagenet_c,defocus_blur,1,none
efficientnet_b4,ILSVRC2012_val_00038831.JPEG,n03290653,548,548,0.7917939,1,imagenet_c,defocus_blur,1,none
efficientnet_b4,ILSVRC2012_val_00039270.JPEG,n03290653,548,548,0.7002288,1,imagenet_c,defocus_blur,1,none
efficientnet_b4,ILSVRC2012_val_00040354.JPEG,n03290653,548,548,0.5713127,1,imagenet_c,defocus_blur,1,none
efficientnet_b4,ILSVRC2012_val_00040910.JPEG,n03290653,548,548,0.63915807,1,imagenet_c,defocus_blur,1,none
efficientnet_b4,ILSVRC2012_val_00043202.JPEG,n03290653,548,548,0.5781302,1,imagenet_c,defocus_blur,1,none
efficientnet_b4,ILSVRC2012_val_00043529.JPEG,n03290653,548,548,0.5465948,1,imagenet_c,defocus_blur,1,none
efficientnet_b4,ILSVRC2012_val_00044315.JPEG,n03290653,548,548,0.62844086,1,imagenet_c,defocus_blur,1,none
efficientnet_b4,ILSVRC2012_val_00044961.JPEG,n03290653,548,881,0.19349705,0,imagenet_c,defocus_blur,1,none
efficientnet_b4,ILSVRC2012_val_00046068.JPEG,n03290653,548,598,0.4242304,0,imagenet_c,defocus_blur,1,none
efficientnet_b4,ILSVRC2012_val_00046229.JPEG,n03290653,548,548,0.6653571,1,imagenet_c,defocus_blur,1,none
efficientnet_b4,ILSVRC2012_val_00046492.JPEG,n03290653,548,548,0.25781897,1,imagenet_c,defocus_blur,1,none
efficientnet_b4,ILSVRC2012_val_00049355.JPEG,n03290653,548,548,0.4367525,1,imagenet_c,defocus_blur,1,none
efficientnet_b4,ILSVRC2012_val_00000419.JPEG,n03291819,549,662,0.10145856,0,imagenet_c,defocus_blur,1,none
efficientnet_b4,ILSVRC2012_val_00003352.JPEG,n03291819,549,692,0.15856695,0,imagenet_c,defocus_blur,1,none
efficientnet_b4,ILSVRC2012_val_00003514.JPEG,n03291819,549,868,0.16761704,0,imagenet_c,defocus_blur,1,none
efficientnet_b4,ILSVRC2012_val_00004047.JPEG,n03291819,549,446,0.32960713,0,imagenet_c,defocus_blur,1,none
efficientnet_b4,ILSVRC2012_val_00007215.JPEG,n03291819,549,446,0.46675533,0,imagenet_c,defocus_blur,1,none
efficientnet_b4,ILSVRC2012_val_00009905.JPEG,n03291819,549,549,0.24660052,1,imagenet_c,defocus_blur,1,none
efficientnet_b4,ILSVRC2012_val_00009930.JPEG,n03291819,549,549,0.34274486,1,imagenet_c,defocus_blur,1,none
efficientnet_b4,ILSVRC2012_val_00011445.JPEG,n03291819,549,692,0.09254999,0,imagenet_c,defocus_blur,1,none
efficientnet_b4,ILSVRC2012_val_00017382.JPEG,n03291819,549,767,0.2289778,0,imagenet_c,defocus_blur,1,none
efficientnet_b4,ILSVRC2012_val_00017653.JPEG,n03291819,549,549,0.8933749,1,imagenet_c,defocus_blur,1,none
efficientnet_b4,ILSVRC2012_val_00018067.JPEG,n03291819,549,865,0.14438464,0,imagenet_c,defocus_blur,1,none
efficientnet_b4,ILSVRC2012_val_00018094.JPEG,n03291819,549,692,0.32655254,0,imagenet_c,defocus_blur,1,none
efficientnet_b4,ILSVRC2012_val_00020870.JPEG,n03291819,549,787,0.096381485,0,imagenet_c,defocus_blur,1,none
efficientnet_b4,ILSVRC2012_val_00021245.JPEG,n03291819,549,549,0.23411486,1,imagenet_c,defocus_blur,1,none
efficientnet_b4,ILSVRC2012_val_00021510.JPEG,n03291819,549,451,0.3376958,0,imagenet_c,defocus_blur,1,none
efficientnet_b4,ILSVRC2012_val_00021760.JPEG,n03291819,549,549,0.18517895,1,imagenet_c,defocus_blur,1,none
efficientnet_b4,ILSVRC2012_val_00022554.JPEG,n03291819,549,549,0.08282035,1,imagenet_c,defocus_blur,1,none
efficientnet_b4,ILSVRC2012_val_00023324.JPEG,n03291819,549,692,0.2869716,0,imagenet_c,defocus_blur,1,none
efficientnet_b4,ILSVRC2012_val_00023542.JPEG,n03291819,549,596,0.21096247,0,imagenet_c,defocus_blur,1,none
efficientnet_b4,ILSVRC2012_val_00023706.JPEG,n03291819,549,674,0.25709987,0,imagenet_c,defocus_blur,1,none
efficientnet_b4,ILSVRC2012_val_00023738.JPEG,n03291819,549,743,0.11665491,0,imagenet_c,defocus_blur,1,none
efficientnet_b4,ILSVRC2012_val_00024925.JPEG,n03291819,549,700,0.07487222,0,imagenet_c,defocus_blur,1,none
efficientnet_b4,ILSVRC2012_val_00025489.JPEG,n03291819,549,860,0.043961857,0,imagenet_c,defocus_blur,1,none
efficientnet_b4,ILSVRC2012_val_00025948.JPEG,n03291819,549,922,0.08175125,0,imagenet_c,defocus_blur,1,none
efficientnet_b4,ILSVRC2012_val_00026226.JPEG,n03291819,549,549,0.2058581,1,imagenet_c,defocus_blur,1,none
efficientnet_b4,ILSVRC2012_val_00027257.JPEG,n03291819,549,769,0.32991534,0,imagenet_c,defocus_blur,1,none
efficientnet_b4,ILSVRC2012_val_00029928.JPEG,n03291819,549,549,0.37264326,1,imagenet_c,defocus_blur,1,none
efficientnet_b4,ILSVRC2012_val_00030709.JPEG,n03291819,549,919,0.25425106,0,imagenet_c,defocus_blur,1,none
efficientnet_b4,ILSVRC2012_val_00030735.JPEG,n03291819,549,549,0.2652755,1,imagenet_c,defocus_blur,1,none
efficientnet_b4,ILSVRC2012_val_00031282.JPEG,n03291819,549,798,0.064890966,0,imagenet_c,defocus_blur,1,none
efficientnet_b4,ILSVRC2012_val_00033128.JPEG,n03291819,549,692,0.19050111,0,imagenet_c,defocus_blur,1,none
efficientnet_b4,ILSVRC2012_val_00033132.JPEG,n03291819,549,549,0.15127529,1,imagenet_c,defocus_blur,1,none
efficientnet_b4,ILSVRC2012_val_00033471.JPEG,n03291819,549,922,0.5324551,0,imagenet_c,defocus_blur,1,none
efficientnet_b4,ILSVRC2012_val_00034362.JPEG,n03291819,549,549,0.14613485,1,imagenet_c,defocus_blur,1,none
efficientnet_b4,ILSVRC2012_val_00034999.JPEG,n03291819,549,591,0.1337859,0,imagenet_c,defocus_blur,1,none
efficientnet_b4,ILSVRC2012_val_00035328.JPEG,n03291819,549,419,0.103335634,0,imagenet_c,defocus_blur,1,none
efficientnet_b4,ILSVRC2012_val_00037426.JPEG,n03291819,549,692,0.14784119,0,imagenet_c,defocus_blur,1,none
efficientnet_b4,ILSVRC2012_val_00037625.JPEG,n03291819,549,549,0.11647279,1,imagenet_c,defocus_blur,1,none
efficientnet_b4,ILSVRC2012_val_00038803.JPEG,n03291819,549,786,0.084054805,0,imagenet_c,defocus_blur,1,none
efficientnet_b4,ILSVRC2012_val_00038807.JPEG,n03291819,549,892,0.1789179,0,imagenet_c,defocus_blur,1,none
efficientnet_b4,ILSVRC2012_val_00039817.JPEG,n03291819,549,549,0.15018252,1,imagenet_c,defocus_blur,1,none
efficientnet_b4,ILSVRC2012_val_00040272.JPEG,n03291819,549,478,0.13983428,0,imagenet_c,defocus_blur,1,none
efficientnet_b4,ILSVRC2012_val_00041775.JPEG,n03291819,549,592,0.06226245,0,imagenet_c,defocus_blur,1,none
efficientnet_b4,ILSVRC2012_val_00042559.JPEG,n03291819,549,906,0.31128722,0,imagenet_c,defocus_blur,1,none
efficientnet_b4,ILSVRC2012_val_00046025.JPEG,n03291819,549,588,0.20831652,0,imagenet_c,defocus_blur,1,none
efficientnet_b4,ILSVRC2012_val_00046637.JPEG,n03291819,549,692,0.14930509,0,imagenet_c,defocus_blur,1,none
efficientnet_b4,ILSVRC2012_val_00047163.JPEG,n03291819,549,549,0.15241593,1,imagenet_c,defocus_blur,1,none
efficientnet_b4,ILSVRC2012_val_00048158.JPEG,n03291819,549,692,0.107692495,0,imagenet_c,defocus_blur,1,none
efficientnet_b4,ILSVRC2012_val_00048896.JPEG,n03291819,549,686,0.115768775,0,imagenet_c,defocus_blur,1,none
efficientnet_b4,ILSVRC2012_val_00049529.JPEG,n03291819,549,549,0.104301535,1,imagenet_c,defocus_blur,1,none
efficientnet_b4,ILSVRC2012_val_00001545.JPEG,n03297495,550,505,0.40225682,0,imagenet_c,defocus_blur,1,none
efficientnet_b4,ILSVRC2012_val_00001837.JPEG,n03297495,550,550,0.76356906,1,imagenet_c,defocus_blur,1,none
efficientnet_b4,ILSVRC2012_val_00002418.JPEG,n03297495,550,550,0.83723295,1,imagenet_c,defocus_blur,1,none
efficientnet_b4,ILSVRC2012_val_00004086.JPEG,n03297495,550,550,0.8462367,1,imagenet_c,defocus_blur,1,none
efficientnet_b4,ILSVRC2012_val_00004741.JPEG,n03297495,550,550,0.7925366,1,imagenet_c,defocus_blur,1,none
efficientnet_b4,ILSVRC2012_val_00006536.JPEG,n03297495,550,550,0.85678536,1,imagenet_c,defocus_blur,1,none
efficientnet_b4,ILSVRC2012_val_00006633.JPEG,n03297495,550,550,0.5221589,1,imagenet_c,defocus_blur,1,none
efficientnet_b4,ILSVRC2012_val_00007396.JPEG,n03297495,550,550,0.7528955,1,imagenet_c,defocus_blur,1,none
efficientnet_b4,ILSVRC2012_val_00008105.JPEG,n03297495,550,550,0.8740813,1,imagenet_c,defocus_blur,1,none
efficientnet_b4,ILSVRC2012_val_00008531.JPEG,n03297495,550,505,0.55105525,0,imagenet_c,defocus_blur,1,none
efficientnet_b4,ILSVRC2012_val_00009613.JPEG,n03297495,550,550,0.63664836,1,imagenet_c,defocus_blur,1,none
efficientnet_b4,ILSVRC2012_val_00009710.JPEG,n03297495,550,550,0.73211694,1,imagenet_c,defocus_blur,1,none
efficientnet_b4,ILSVRC2012_val_00010821.JPEG,n03297495,550,550,0.60449916,1,imagenet_c,defocus_blur,1,none
efficientnet_b4,ILSVRC2012_val_00011147.JPEG,n03297495,550,550,0.8496258,1,imagenet_c,defocus_blur,1,none
efficientnet_b4,ILSVRC2012_val_00012573.JPEG,n03297495,550,550,0.264525,1,imagenet_c,defocus_blur,1,none
efficientnet_b4,ILSVRC2012_val_00012972.JPEG,n03297495,550,550,0.43321633,1,imagenet_c,defocus_blur,1,none
efficientnet_b4,ILSVRC2012_val_00013565.JPEG,n03297495,550,447,0.2820862,0,imagenet_c,defocus_blur,1,none
efficientnet_b4,ILSVRC2012_val_00014387.JPEG,n03297495,550,505,0.43867177,0,imagenet_c,defocus_blur,1,none
efficientnet_b4,ILSVRC2012_val_00014754.JPEG,n03297495,550,550,0.7406545,1,imagenet_c,defocus_blur,1,none
efficientnet_b4,ILSVRC2012_val_00015001.JPEG,n03297495,550,550,0.56270415,1,imagenet_c,defocus_blur,1,none
efficientnet_b4,ILSVRC2012_val_00015032.JPEG,n03297495,550,550,0.18208265,1,imagenet_c,defocus_blur,1,none
efficientnet_b4,ILSVRC2012_val_00017000.JPEG,n03297495,550,550,0.94540906,1,imagenet_c,defocus_blur,1,none
efficientnet_b4,ILSVRC2012_val_00017779.JPEG,n03297495,550,505,0.67467815,0,imagenet_c,defocus_blur,1,none
efficientnet_b4,ILSVRC2012_val_00017876.JPEG,n03297495,550,550,0.73428464,1,imagenet_c,defocus_blur,1,none
efficientnet_b4,ILSVRC2012_val_00017993.JPEG,n03297495,550,550,0.60870427,1,imagenet_c,defocus_blur,1,none
efficientnet_b4,ILSVRC2012_val_00018454.JPEG,n03297495,550,550,0.37632093,1,imagenet_c,defocus_blur,1,none
efficientnet_b4,ILSVRC2012_val_00018525.JPEG,n03297495,550,550,0.63529,1,imagenet_c,defocus_blur,1,none
efficientnet_b4,ILSVRC2012_val_00020583.JPEG,n03297495,550,550,0.7594755,1,imagenet_c,defocus_blur,1,none
efficientnet_b4,ILSVRC2012_val_00020878.JPEG,n03297495,550,550,0.89682376,1,imagenet_c,defocus_blur,1,none
efficientnet_b4,ILSVRC2012_val_00021057.JPEG,n03297495,550,550,0.5710287,1,imagenet_c,defocus_blur,1,none
efficientnet_b4,ILSVRC2012_val_00021388.JPEG,n03297495,550,550,0.5857789,1,imagenet_c,defocus_blur,1,none
efficientnet_b4,ILSVRC2012_val_00022933.JPEG,n03297495,550,828,0.0773383,0,imagenet_c,defocus_blur,1,none
efficientnet_b4,ILSVRC2012_val_00023386.JPEG,n03297495,550,813,0.04994174,0,imagenet_c,defocus_blur,1,none
efficientnet_b4,ILSVRC2012_val_00024855.JPEG,n03297495,550,550,0.42346662,1,imagenet_c,defocus_blur,1,none
efficientnet_b4,ILSVRC2012_val_00025401.JPEG,n03297495,550,550,0.60663235,1,imagenet_c,defocus_blur,1,none
efficientnet_b4,ILSVRC2012_val_00027575.JPEG,n03297495,550,550,0.7338886,1,imagenet_c,defocus_blur,1,none
efficientnet_b4,ILSVRC2012_val_00028553.JPEG,n03297495,550,550,0.6116019,1,imagenet_c,defocus_blur,1,none
efficientnet_b4,ILSVRC2012_val_00028777.JPEG,n03297495,550,550,0.69826126,1,imagenet_c,defocus_blur,1,none
efficientnet_b4,ILSVRC2012_val_00029360.JPEG,n03297495,550,550,0.51394945,1,imagenet_c,defocus_blur,1,none
efficientnet_b4,ILSVRC2012_val_00029819.JPEG,n03297495,550,550,0.8475661,1,imagenet_c,defocus_blur,1,none
efficientnet_b4,ILSVRC2012_val_00030154.JPEG,n03297495,550,550,0.48359144,1,imagenet_c,defocus_blur,1,none
efficientnet_b4,ILSVRC2012_val_00031091.JPEG,n03297495,550,550,0.33690435,1,imagenet_c,defocus_blur,1,none
efficientnet_b4,ILSVRC2012_val_00033095.JPEG,n03297495,550,505,0.39382455,0,imagenet_c,defocus_blur,1,none
efficientnet_b4,ILSVRC2012_val_00037578.JPEG,n03297495,550,550,0.76245695,1,imagenet_c,defocus_blur,1,none
efficientnet_b4,ILSVRC2012_val_00037864.JPEG,n03297495,550,550,0.79006726,1,imagenet_c,defocus_blur,1,none
efficientnet_b4,ILSVRC2012_val_00039493.JPEG,n03297495,550,550,0.8631209,1,imagenet_c,defocus_blur,1,none
efficientnet_b4,ILSVRC2012_val_00041481.JPEG,n03297495,550,505,0.41865253,0,imagenet_c,defocus_blur,1,none
efficientnet_b4,ILSVRC2012_val_00042898.JPEG,n03297495,550,550,0.49767107,1,imagenet_c,defocus_blur,1,none
efficientnet_b4,ILSVRC2012_val_00044030.JPEG,n03297495,550,813,0.14202727,0,imagenet_c,defocus_blur,1,none
efficientnet_b4,ILSVRC2012_val_00046108.JPEG,n03297495,550,550,0.2448532,1,imagenet_c,defocus_blur,1,none
efficientnet_b4,ILSVRC2012_val_00000624.JPEG,n03314780,551,551,0.68423873,1,imagenet_c,defocus_blur,1,none
efficientnet_b4,ILSVRC2012_val_00000769.JPEG,n03314780,551,551,0.7159243,1,imagenet_c,defocus_blur,1,none
efficientnet_b4,ILSVRC2012_val_00001119.JPEG,n03314780,551,551,0.4684398,1,imagenet_c,defocus_blur,1,none
efficientnet_b4,ILSVRC2012_val_00001654.JPEG,n03314780,551,551,0.7102979,1,imagenet_c,defocus_blur,1,none
efficientnet_b4,ILSVRC2012_val_00002414.JPEG,n03314780,551,551,0.68125015,1,imagenet_c,defocus_blur,1,none
efficientnet_b4,ILSVRC2012_val_00003881.JPEG,n03314780,551,551,0.81664914,1,imagenet_c,defocus_blur,1,none
efficientnet_b4,ILSVRC2012_val_00004160.JPEG,n03314780,551,551,0.2763372,1,imagenet_c,defocus_blur,1,none
efficientnet_b4,ILSVRC2012_val_00004170.JPEG,n03314780,551,551,0.90612805,1,imagenet_c,defocus_blur,1,none
efficientnet_b4,ILSVRC2012_val_00005120.JPEG,n03314780,551,551,0.5075678,1,imagenet_c,defocus_blur,1,none
efficientnet_b4,ILSVRC2012_val_00005269.JPEG,n03314780,551,969,0.086596824,0,imagenet_c,defocus_blur,1,none
efficientnet_b4,ILSVRC2012_val_00006243.JPEG,n03314780,551,551,0.8423507,1,imagenet_c,defocus_blur,1,none
efficientnet_b4,ILSVRC2012_val_00007331.JPEG,n03314780,551,551,0.75813144,1,imagenet_c,defocus_blur,1,none
efficientnet_b4,ILSVRC2012_val_00009520.JPEG,n03314780,551,696,0.11007819,0,imagenet_c,defocus_blur,1,none
efficientnet_b4,ILSVRC2012_val_00013888.JPEG,n03314780,551,551,0.377579,1,imagenet_c,defocus_blur,1,none
efficientnet_b4,ILSVRC2012_val_00015020.JPEG,n03314780,551,551,0.6702995,1,imagenet_c,defocus_blur,1,none
efficientnet_b4,ILSVRC2012_val_00015321.JPEG,n03314780,551,551,0.10232141,1,imagenet_c,defocus_blur,1,none
efficientnet_b4,ILSVRC2012_val_00015809.JPEG,n03314780,551,551,0.67111784,1,imagenet_c,defocus_blur,1,none
efficientnet_b4,ILSVRC2012_val_00016473.JPEG,n03314780,551,551,0.49986252,1,imagenet_c,defocus_blur,1,none
efficientnet_b4,ILSVRC2012_val_00017163.JPEG,n03314780,551,551,0.3953185,1,imagenet_c,defocus_blur,1,none
efficientnet_b4,ILSVRC2012_val_00021308.JPEG,n03314780,551,551,0.67199105,1,imagenet_c,defocus_blur,1,none
efficientnet_b4,ILSVRC2012_val_00021313.JPEG,n03314780,551,551,0.6251392,1,imagenet_c,defocus_blur,1,none
efficientnet_b4,ILSVRC2012_val_00022550.JPEG,n03314780,551,551,0.67603344,1,imagenet_c,defocus_blur,1,none
efficientnet_b4,ILSVRC2012_val_00024064.JPEG,n03314780,551,551,0.71511066,1,imagenet_c,defocus_blur,1,none
efficientnet_b4,ILSVRC2012_val_00024069.JPEG,n03314780,551,551,0.79880345,1,imagenet_c,defocus_blur,1,none
efficientnet_b4,ILSVRC2012_val_00025164.JPEG,n03314780,551,551,0.90482956,1,imagenet_c,defocus_blur,1,none
efficientnet_b4,ILSVRC2012_val_00025243.JPEG,n03314780,551,551,0.7190974,1,imagenet_c,defocus_blur,1,none
efficientnet_b4,ILSVRC2012_val_00028520.JPEG,n03314780,551,629,0.4420812,0,imagenet_c,defocus_blur,1,none
efficientnet_b4,ILSVRC2012_val_00028592.JPEG,n03314780,551,551,0.5944048,1,imagenet_c,defocus_blur,1,none
efficientnet_b4,ILSVRC2012_val_00029020.JPEG,n03314780,551,551,0.24521509,1,imagenet_c,defocus_blur,1,none
efficientnet_b4,ILSVRC2012_val_00030231.JPEG,n03314780,551,722,0.23693034,0,imagenet_c,defocus_blur,1,none
efficientnet_b4,ILSVRC2012_val_00031430.JPEG,n03314780,551,551,0.60289824,1,imagenet_c,defocus_blur,1,none
efficientnet_b4,ILSVRC2012_val_00032200.JPEG,n03314780,551,551,0.8487944,1,imagenet_c,defocus_blur,1,none
efficientnet_b4,ILSVRC2012_val_00032987.JPEG,n03314780,551,551,0.7922133,1,imagenet_c,defocus_blur,1,none
efficientnet_b4,ILSVRC2012_val_00033005.JPEG,n03314780,551,551,0.39399073,1,imagenet_c,defocus_blur,1,none
efficientnet_b4,ILSVRC2012_val_00033127.JPEG,n03314780,551,584,0.65566355,0,imagenet_c,defocus_blur,1,none
efficientnet_b4,ILSVRC2012_val_00034630.JPEG,n03314780,551,551,0.69499344,1,imagenet_c,defocus_blur,1,none
efficientnet_b4,ILSVRC2012_val_00034822.JPEG,n03314780,551,551,0.50238496,1,imagenet_c,defocus_blur,1,none
efficientnet_b4,ILSVRC2012_val_00034940.JPEG,n03314780,551,838,0.31732562,0,imagenet_c,defocus_blur,1,none
efficientnet_b4,ILSVRC2012_val_00035194.JPEG,n03314780,551,551,0.507707,1,imagenet_c,defocus_blur,1,none
efficientnet_b4,ILSVRC2012_val_00036937.JPEG,n03314780,551,551,0.6348422,1,imagenet_c,defocus_blur,1,none
efficientnet_b4,ILSVRC2012_val_00038233.JPEG,n03314780,551,551,0.2325216,1,imagenet_c,defocus_blur,1,none
efficientnet_b4,ILSVRC2012_val_00041932.JPEG,n03314780,551,551,0.54141265,1,imagenet_c,defocus_blur,1,none
efficientnet_b4,ILSVRC2012_val_00042169.JPEG,n03314780,551,969,0.2829089,0,imagenet_c,defocus_blur,1,none
efficientnet_b4,ILSVRC2012_val_00042497.JPEG,n03314780,551,551,0.488269,1,imagenet_c,defocus_blur,1,none
efficientnet_b4,ILSVRC2012_val_00043430.JPEG,n03314780,551,629,0.37713903,0,imagenet_c,defocus_blur,1,none
efficientnet_b4,ILSVRC2012_val_00043440.JPEG,n03314780,551,551,0.70555085,1,imagenet_c,defocus_blur,1,none
efficientnet_b4,ILSVRC2012_val_00043622.JPEG,n03314780,551,551,0.2839961,1,imagenet_c,defocus_blur,1,none
efficientnet_b4,ILSVRC2012_val_00044750.JPEG,n03314780,551,551,0.86891454,1,imagenet_c,defocus_blur,1,none
efficientnet_b4,ILSVRC2012_val_00047251.JPEG,n03314780,551,712,0.6933756,0,imagenet_c,defocus_blur,1,none
efficientnet_b4,ILSVRC2012_val_00047997.JPEG,n03314780,551,629,0.15499447,0,imagenet_c,defocus_blur,1,none
efficientnet_b4,ILSVRC2012_val_00001256.JPEG,n03325584,552,552,0.70285887,1,imagenet_c,defocus_blur,1,none
efficientnet_b4,ILSVRC2012_val_00001489.JPEG,n03325584,552,552,0.4508423,1,imagenet_c,defocus_blur,1,none
efficientnet_b4,ILSVRC2012_val_00002818.JPEG,n03325584,552,552,0.35095063,1,imagenet_c,defocus_blur,1,none
efficientnet_b4,ILSVRC2012_val_00004588.JPEG,n03325584,552,552,0.6258735,1,imagenet_c,defocus_blur,1,none
efficientnet_b4,ILSVRC2012_val_00007300.JPEG,n03325584,552,552,0.58377844,1,imagenet_c,defocus_blur,1,none
efficientnet_b4,ILSVRC2012_val_00007663.JPEG,n03325584,552,552,0.64961886,1,imagenet_c,defocus_blur,1,none
efficientnet_b4,ILSVRC2012_val_00007722.JPEG,n03325584,552,854,0.14212109,0,imagenet_c,defocus_blur,1,none
efficientnet_b4,ILSVRC2012_val_00007741.JPEG,n03325584,552,733,0.48154387,0,imagenet_c,defocus_blur,1,none
efficientnet_b4,ILSVRC2012_val_00007855.JPEG,n03325584,552,552,0.5889536,1,imagenet_c,defocus_blur,1,none
efficientnet_b4,ILSVRC2012_val_00007857.JPEG,n03325584,552,552,0.63837904,1,imagenet_c,defocus_blur,1,none
efficientnet_b4,ILSVRC2012_val_00008564.JPEG,n03325584,552,552,0.65672684,1,imagenet_c,defocus_blur,1,none
efficientnet_b4,ILSVRC2012_val_00008918.JPEG,n03325584,552,552,0.66622543,1,imagenet_c,defocus_blur,1,none
efficientnet_b4,ILSVRC2012_val_00010429.JPEG,n03325584,552,552,0.66659516,1,imagenet_c,defocus_blur,1,none
efficientnet_b4,ILSVRC2012_val_00012121.JPEG,n03325584,552,552,0.67685944,1,imagenet_c,defocus_blur,1,none
efficientnet_b4,ILSVRC2012_val_00015351.JPEG,n03325584,552,552,0.49390203,1,imagenet_c,defocus_blur,1,none
efficientnet_b4,ILSVRC2012_val_00015998.JPEG,n03325584,552,552,0.48602474,1,imagenet_c,defocus_blur,1,none
efficientnet_b4,ILSVRC2012_val_00016174.JPEG,n03325584,552,921,0.15708229,0,imagenet_c,defocus_blur,1,none
efficientnet_b4,ILSVRC2012_val_00016632.JPEG,n03325584,552,552,0.7943937,1,imagenet_c,defocus_blur,1,none
efficientnet_b4,ILSVRC2012_val_00016959.JPEG,n03325584,552,552,0.6179345,1,imagenet_c,defocus_blur,1,none
efficientnet_b4,ILSVRC2012_val_00017563.JPEG,n03325584,552,552,0.37106186,1,imagenet_c,defocus_blur,1,none
efficientnet_b4,ILSVRC2012_val_00018101.JPEG,n03325584,552,470,0.10964627,0,imagenet_c,defocus_blur,1,none
efficientnet_b4,ILSVRC2012_val_00020438.JPEG,n03325584,552,151,0.5026804,0,imagenet_c,defocus_blur,1,none
efficientnet_b4,ILSVRC2012_val_00022386.JPEG,n03325584,552,359,0.27289987,0,imagenet_c,defocus_blur,1,none
efficientnet_b4,ILSVRC2012_val_00026641.JPEG,n03325584,552,552,0.6978051,1,imagenet_c,defocus_blur,1,none
efficientnet_b4,ILSVRC2012_val_00026715.JPEG,n03325584,552,552,0.60909826,1,imagenet_c,defocus_blur,1,none
efficientnet_b4,ILSVRC2012_val_00026815.JPEG,n03325584,552,552,0.4440143,1,imagenet_c,defocus_blur,1,none
efficientnet_b4,ILSVRC2012_val_00027255.JPEG,n03325584,552,552,0.6793462,1,imagenet_c,defocus_blur,1,none
efficientnet_b4,ILSVRC2012_val_00029330.JPEG,n03325584,552,552,0.62503535,1,imagenet_c,defocus_blur,1,none
efficientnet_b4,ILSVRC2012_val_00030089.JPEG,n03325584,552,552,0.67685276,1,imagenet_c,defocus_blur,1,none
efficientnet_b4,ILSVRC2012_val_00030716.JPEG,n03325584,552,552,0.6343476,1,imagenet_c,defocus_blur,1,none
efficientnet_b4,ILSVRC2012_val_00031047.JPEG,n03325584,552,228,0.06366496,0,imagenet_c,defocus_blur,1,none
efficientnet_b4,ILSVRC2012_val_00031270.JPEG,n03325584,552,552,0.41984394,1,imagenet_c,defocus_blur,1,none
efficientnet_b4,ILSVRC2012_val_00031276.JPEG,n03325584,552,552,0.5431617,1,imagenet_c,defocus_blur,1,none
efficientnet_b4,ILSVRC2012_val_00032042.JPEG,n03325584,552,552,0.6335706,1,imagenet_c,defocus_blur,1,none
efficientnet_b4,ILSVRC2012_val_00033608.JPEG,n03325584,552,552,0.5275652,1,imagenet_c,defocus_blur,1,none
efficientnet_b4,ILSVRC2012_val_00034182.JPEG,n03325584,552,552,0.2262083,1,imagenet_c,defocus_blur,1,none
efficientnet_b4,ILSVRC2012_val_00036306.JPEG,n03325584,552,552,0.43906015,1,imagenet_c,defocus_blur,1,none
efficientnet_b4,ILSVRC2012_val_00037618.JPEG,n03325584,552,851,0.038749605,0,imagenet_c,defocus_blur,1,none
efficientnet_b4,ILSVRC2012_val_00037917.JPEG,n03325584,552,552,0.32666966,1,imagenet_c,defocus_blur,1,none
efficientnet_b4,ILSVRC2012_val_00040522.JPEG,n03325584,552,824,0.15067719,0,imagenet_c,defocus_blur,1,none
efficientnet_b4,ILSVRC2012_val_00042499.JPEG,n03325584,552,903,0.422351,0,imagenet_c,defocus_blur,1,none
efficientnet_b4,ILSVRC2012_val_00043859.JPEG,n03325584,552,862,0.10925769,0,imagenet_c,defocus_blur,1,none
efficientnet_b4,ILSVRC2012_val_00044622.JPEG,n03325584,552,552,0.53242815,1,imagenet_c,defocus_blur,1,none
efficientnet_b4,ILSVRC2012_val_00045448.JPEG,n03325584,552,197,0.085870445,0,imagenet_c,defocus_blur,1,none
efficientnet_b4,ILSVRC2012_val_00045538.JPEG,n03325584,552,552,0.7676273,1,imagenet_c,defocus_blur,1,none
efficientnet_b4,ILSVRC2012_val_00046467.JPEG,n03325584,552,552,0.6173221,1,imagenet_c,defocus_blur,1,none
efficientnet_b4,ILSVRC2012_val_00046806.JPEG,n03325584,552,552,0.8573793,1,imagenet_c,defocus_blur,1,none
efficientnet_b4,ILSVRC2012_val_00046949.JPEG,n03325584,552,552,0.5572714,1,imagenet_c,defocus_blur,1,none
efficientnet_b4,ILSVRC2012_val_00047842.JPEG,n03325584,552,552,0.6755087,1,imagenet_c,defocus_blur,1,none
efficientnet_b4,ILSVRC2012_val_00048121.JPEG,n03325584,552,552,0.5666573,1,imagenet_c,defocus_blur,1,none
efficientnet_b4,ILSVRC2012_val_00000132.JPEG,n03337140,553,553,0.1563855,1,imagenet_c,defocus_blur,1,none
efficientnet_b4,ILSVRC2012_val_00003864.JPEG,n03337140,553,453,0.17924675,0,imagenet_c,defocus_blur,1,none
efficientnet_b4,ILSVRC2012_val_00004314.JPEG,n03337140,553,553,0.5050653,1,imagenet_c,defocus_blur,1,none
efficientnet_b4,ILSVRC2012_val_00005618.JPEG,n03337140,553,553,0.4369014,1,imagenet_c,defocus_blur,1,none
efficientnet_b4,ILSVRC2012_val_00005667.JPEG,n03337140,553,553,0.47603264,1,imagenet_c,defocus_blur,1,none
efficientnet_b4,ILSVRC2012_val_00007025.JPEG,n03337140,553,493,0.25805357,0,imagenet_c,defocus_blur,1,none
efficientnet_b4,ILSVRC2012_val_00008305.JPEG,n03337140,553,553,0.41663694,1,imagenet_c,defocus_blur,1,none
efficientnet_b4,ILSVRC2012_val_00009094.JPEG,n03337140,553,553,0.60466254,1,imagenet_c,defocus_blur,1,none
efficientnet_b4,ILSVRC2012_val_00010321.JPEG,n03337140,553,553,0.5638981,1,imagenet_c,defocus_blur,1,none
efficientnet_b4,ILSVRC2012_val_00011260.JPEG,n03337140,553,553,0.5802576,1,imagenet_c,defocus_blur,1,none
efficientnet_b4,ILSVRC2012_val_00012277.JPEG,n03337140,553,553,0.56075567,1,imagenet_c,defocus_blur,1,none
efficientnet_b4,ILSVRC2012_val_00012512.JPEG,n03337140,553,553,0.45523748,1,imagenet_c,defocus_blur,1,none
efficientnet_b4,ILSVRC2012_val_00014504.JPEG,n03337140,553,553,0.56999534,1,imagenet_c,defocus_blur,1,none
efficientnet_b4,ILSVRC2012_val_00014525.JPEG,n03337140,553,553,0.40179724,1,imagenet_c,defocus_blur,1,none
efficientnet_b4,ILSVRC2012_val_00016423.JPEG,n03337140,553,553,0.83755416,1,imagenet_c,defocus_blur,1,none
efficientnet_b4,ILSVRC2012_val_00016690.JPEG,n03337140,553,760,0.09320459,0,imagenet_c,defocus_blur,1,none
efficientnet_b4,ILSVRC2012_val_00016876.JPEG,n03337140,553,553,0.2941217,1,imagenet_c,defocus_blur,1,none
efficientnet_b4,ILSVRC2012_val_00017828.JPEG,n03337140,553,553,0.37987986,1,imagenet_c,defocus_blur,1,none
efficientnet_b4,ILSVRC2012_val_00018172.JPEG,n03337140,553,553,0.5910035,1,imagenet_c,defocus_blur,1,none
efficientnet_b4,ILSVRC2012_val_00018239.JPEG,n03337140,553,553,0.55591446,1,imagenet_c,defocus_blur,1,none
efficientnet_b4,ILSVRC2012_val_00021258.JPEG,n03337140,553,553,0.31430855,1,imagenet_c,defocus_blur,1,none
efficientnet_b4,ILSVRC2012_val_00021909.JPEG,n03337140,553,526,0.18929367,0,imagenet_c,defocus_blur,1,none
efficientnet_b4,ILSVRC2012_val_00022144.JPEG,n03337140,553,624,0.29287195,0,imagenet_c,defocus_blur,1,none
efficientnet_b4,ILSVRC2012_val_00023186.JPEG,n03337140,553,553,0.15974338,1,imagenet_c,defocus_blur,1,none
efficientnet_b4,ILSVRC2012_val_00023353.JPEG,n03337140,553,553,0.6754199,1,imagenet_c,defocus_blur,1,none
efficientnet_b4,ILSVRC2012_val_00024515.JPEG,n03337140,553,553,0.4907484,1,imagenet_c,defocus_blur,1,none
efficientnet_b4,ILSVRC2012_val_00028261.JPEG,n03337140,553,598,0.23071781,0,imagenet_c,defocus_blur,1,none
efficientnet_b4,ILSVRC2012_val_00028423.JPEG,n03337140,553,553,0.5564247,1,imagenet_c,defocus_blur,1,none
efficientnet_b4,ILSVRC2012_val_00028595.JPEG,n03337140,553,553,0.11733579,1,imagenet_c,defocus_blur,1,none
efficientnet_b4,ILSVRC2012_val_00030471.JPEG,n03337140,553,553,0.20326854,1,imagenet_c,defocus_blur,1,none
efficientnet_b4,ILSVRC2012_val_00031059.JPEG,n03337140,553,526,0.3169925,0,imagenet_c,defocus_blur,1,none
efficientnet_b4,ILSVRC2012_val_00032599.JPEG,n03337140,553,453,0.08899227,0,imagenet_c,defocus_blur,1,none
efficientnet_b4,ILSVRC2012_val_00032953.JPEG,n03337140,553,553,0.40221244,1,imagenet_c,defocus_blur,1,none
efficientnet_b4,ILSVRC2012_val_00033539.JPEG,n03337140,553,553,0.5207105,1,imagenet_c,defocus_blur,1,none
efficientnet_b4,ILSVRC2012_val_00034539.JPEG,n03337140,553,553,0.45819306,1,imagenet_c,defocus_blur,1,none
efficientnet_b4,ILSVRC2012_val_00036875.JPEG,n03337140,553,553,0.4795961,1,imagenet_c,defocus_blur,1,none
efficientnet_b4,ILSVRC2012_val_00036889.JPEG,n03337140,553,811,0.17760155,0,imagenet_c,defocus_blur,1,none
efficientnet_b4,ILSVRC2012_val_00039101.JPEG,n03337140,553,553,0.09671957,1,imagenet_c,defocus_blur,1,none
efficientnet_b4,ILSVRC2012_val_00040435.JPEG,n03337140,553,877,0.25263795,0,imagenet_c,defocus_blur,1,none
efficientnet_b4,ILSVRC2012_val_00040885.JPEG,n03337140,553,553,0.56423473,1,imagenet_c,defocus_blur,1,none
efficientnet_b4,ILSVRC2012_val_00041193.JPEG,n03337140,553,553,0.5111211,1,imagenet_c,defocus_blur,1,none
efficientnet_b4,ILSVRC2012_val_00042663.JPEG,n03337140,553,771,0.46250558,0,imagenet_c,defocus_blur,1,none
efficientnet_b4,ILSVRC2012_val_00044099.JPEG,n03337140,553,553,0.22537187,1,imagenet_c,defocus_blur,1,none
efficientnet_b4,ILSVRC2012_val_00045633.JPEG,n03337140,553,553,0.49782753,1,imagenet_c,defocus_blur,1,none
efficientnet_b4,ILSVRC2012_val_00045691.JPEG,n03337140,553,553,0.40198386,1,imagenet_c,defocus_blur,1,none
efficientnet_b4,ILSVRC2012_val_00045967.JPEG,n03337140,553,553,0.6013758,1,imagenet_c,defocus_blur,1,none
efficientnet_b4,ILSVRC2012_val_00047582.JPEG,n03337140,553,553,0.4417687,1,imagenet_c,defocus_blur,1,none
efficientnet_b4,ILSVRC2012_val_00047586.JPEG,n03337140,553,553,0.57579654,1,imagenet_c,defocus_blur,1,none
efficientnet_b4,ILSVRC2012_val_00048016.JPEG,n03337140,553,553,0.48513258,1,imagenet_c,defocus_blur,1,none
efficientnet_b4,ILSVRC2012_val_00048129.JPEG,n03337140,553,553,0.6012708,1,imagenet_c,defocus_blur,1,none
efficientnet_b4,ILSVRC2012_val_00000288.JPEG,n03344393,554,554,0.7529848,1,imagenet_c,defocus_blur,1,none
efficientnet_b4,ILSVRC2012_val_00001859.JPEG,n03344393,554,554,0.5258625,1,imagenet_c,defocus_blur,1,none
efficientnet_b4,ILSVRC2012_val_00005918.JPEG,n03344393,554,554,0.3777959,1,imagenet_c,defocus_blur,1,none
efficientnet_b4,ILSVRC2012_val_00006748.JPEG,n03344393,554,554,0.4272165,1,imagenet_c,defocus_blur,1,none
efficientnet_b4,ILSVRC2012_val_00007503.JPEG,n03344393,554,554,0.5331202,1,imagenet_c,defocus_blur,1,none
efficientnet_b4,ILSVRC2012_val_00007731.JPEG,n03344393,554,554,0.4898245,1,imagenet_c,defocus_blur,1,none
efficientnet_b4,ILSVRC2012_val_00007736.JPEG,n03344393,554,554,0.5836048,1,imagenet_c,defocus_blur,1,none
efficientnet_b4,ILSVRC2012_val_00008048.JPEG,n03344393,554,554,0.1240312,1,imagenet_c,defocus_blur,1,none
efficientnet_b4,ILSVRC2012_val_00009154.JPEG,n03344393,554,554,0.4576691,1,imagenet_c,defocus_blur,1,none
efficientnet_b4,ILSVRC2012_val_00009788.JPEG,n03344393,554,554,0.5804637,1,imagenet_c,defocus_blur,1,none
efficientnet_b4,ILSVRC2012_val_00011292.JPEG,n03344393,554,554,0.64126045,1,imagenet_c,defocus_blur,1,none
efficientnet_b4,ILSVRC2012_val_00011769.JPEG,n03344393,554,554,0.43714327,1,imagenet_c,defocus_blur,1,none
efficientnet_b4,ILSVRC2012_val_00013124.JPEG,n03344393,554,554,0.3459973,1,imagenet_c,defocus_blur,1,none
efficientnet_b4,ILSVRC2012_val_00013366.JPEG,n03344393,554,554,0.4742772,1,imagenet_c,defocus_blur,1,none
efficientnet_b4,ILSVRC2012_val_00013632.JPEG,n03344393,554,554,0.5979354,1,imagenet_c,defocus_blur,1,none
efficientnet_b4,ILSVRC2012_val_00013961.JPEG,n03344393,554,554,0.5695031,1,imagenet_c,defocus_blur,1,none
efficientnet_b4,ILSVRC2012_val_00015277.JPEG,n03344393,554,554,0.30038807,1,imagenet_c,defocus_blur,1,none
efficientnet_b4,ILSVRC2012_val_00016565.JPEG,n03344393,554,554,0.3371754,1,imagenet_c,defocus_blur,1,none
efficientnet_b4,ILSVRC2012_val_00016655.JPEG,n03344393,554,554,0.66323125,1,imagenet_c,defocus_blur,1,none
efficientnet_b4,ILSVRC2012_val_00017026.JPEG,n03344393,554,554,0.5849359,1,imagenet_c,defocus_blur,1,none
efficientnet_b4,ILSVRC2012_val_00017176.JPEG,n03344393,554,554,0.67053974,1,imagenet_c,defocus_blur,1,none
efficientnet_b4,ILSVRC2012_val_00017413.JPEG,n03344393,554,554,0.50396746,1,imagenet_c,defocus_blur,1,none
efficientnet_b4,ILSVRC2012_val_00018158.JPEG,n03344393,554,554,0.48441944,1,imagenet_c,defocus_blur,1,none
efficientnet_b4,ILSVRC2012_val_00018727.JPEG,n03344393,554,554,0.52264786,1,imagenet_c,defocus_blur,1,none
efficientnet_b4,ILSVRC2012_val_00020283.JPEG,n03344393,554,554,0.41950002,1,imagenet_c,defocus_blur,1,none
efficientnet_b4,ILSVRC2012_val_00020486.JPEG,n03344393,554,554,0.31988287,1,imagenet_c,defocus_blur,1,none
efficientnet_b4,ILSVRC2012_val_00021948.JPEG,n03344393,554,554,0.41697252,1,imagenet_c,defocus_blur,1,none
efficientnet_b4,ILSVRC2012_val_00022927.JPEG,n03344393,554,554,0.14215383,1,imagenet_c,defocus_blur,1,none
efficientnet_b4,ILSVRC2012_val_00025681.JPEG,n03344393,554,554,0.49936768,1,imagenet_c,defocus_blur,1,none
efficientnet_b4,ILSVRC2012_val_00026507.JPEG,n03344393,554,554,0.52611554,1,imagenet_c,defocus_blur,1,none
efficientnet_b4,ILSVRC2012_val_00026840.JPEG,n03344393,554,554,0.35497275,1,imagenet_c,defocus_blur,1,none
efficientnet_b4,ILSVRC2012_val_00027612.JPEG,n03344393,554,554,0.71854997,1,imagenet_c,defocus_blur,1,none
efficientnet_b4,ILSVRC2012_val_00034455.JPEG,n03344393,554,554,0.28278533,1,imagenet_c,defocus_blur,1,none
efficientnet_b4,ILSVRC2012_val_00035946.JPEG,n03344393,554,554,0.59139585,1,imagenet_c,defocus_blur,1,none
efficientnet_b4,ILSVRC2012_val_00037602.JPEG,n03344393,554,554,0.3636989,1,imagenet_c,defocus_blur,1,none
efficientnet_b4,ILSVRC2012_val_00039559.JPEG,n03344393,554,554,0.319219,1,imagenet_c,defocus_blur,1,none
efficientnet_b4,ILSVRC2012_val_00041736.JPEG,n03344393,554,554,0.618583,1,imagenet_c,defocus_blur,1,none
efficientnet_b4,ILSVRC2012_val_00041935.JPEG,n03344393,554,554,0.6022072,1,imagenet_c,defocus_blur,1,none
efficientnet_b4,ILSVRC2012_val_00042163.JPEG,n03344393,554,554,0.5813706,1,imagenet_c,defocus_blur,1,none
efficientnet_b4,ILSVRC2012_val_00042164.JPEG,n03344393,554,554,0.50770223,1,imagenet_c,defocus_blur,1,none
efficientnet_b4,ILSVRC2012_val_00043328.JPEG,n03344393,554,554,0.64364064,1,imagenet_c,defocus_blur,1,none
efficientnet_b4,ILSVRC2012_val_00043502.JPEG,n03344393,554,554,0.48692712,1,imagenet_c,defocus_blur,1,none
efficientnet_b4,ILSVRC2012_val_00044569.JPEG,n03344393,554,554,0.45603803,1,imagenet_c,defocus_blur,1,none
efficientnet_b4,ILSVRC2012_val_00045522.JPEG,n03344393,554,554,0.31786993,1,imagenet_c,defocus_blur,1,none
efficientnet_b4,ILSVRC2012_val_00046326.JPEG,n03344393,554,554,0.4914572,1,imagenet_c,defocus_blur,1,none
efficientnet_b4,ILSVRC2012_val_00046357.JPEG,n03344393,554,833,0.3194718,0,imagenet_c,defocus_blur,1,none
efficientnet_b4,ILSVRC2012_val_00046561.JPEG,n03344393,554,554,0.6112969,1,imagenet_c,defocus_blur,1,none
efficientnet_b4,ILSVRC2012_val_00047961.JPEG,n03344393,554,554,0.53796154,1,imagenet_c,defocus_blur,1,none
efficientnet_b4,ILSVRC2012_val_00048349.JPEG,n03344393,554,554,0.66078836,1,imagenet_c,defocus_blur,1,none
efficientnet_b4,ILSVRC2012_val_00048371.JPEG,n03344393,554,554,0.30285493,1,imagenet_c,defocus_blur,1,none
efficientnet_b4,ILSVRC2012_val_00000764.JPEG,n03345487,555,569,0.18889068,0,imagenet_c,defocus_blur,1,none
efficientnet_b4,ILSVRC2012_val_00001491.JPEG,n03345487,555,783,0.037942465,0,imagenet_c,defocus_blur,1,none
efficientnet_b4,ILSVRC2012_val_00003016.JPEG,n03345487,555,555,0.6235048,1,imagenet_c,defocus_blur,1,none
efficientnet_b4,ILSVRC2012_val_00003050.JPEG,n03345487,555,555,0.57803196,1,imagenet_c,defocus_blur,1,none
efficientnet_b4,ILSVRC2012_val_00003384.JPEG,n03345487,555,555,0.58336973,1,imagenet_c,defocus_blur,1,none
efficientnet_b4,ILSVRC2012_val_00004238.JPEG,n03345487,555,555,0.54503596,1,imagenet_c,defocus_blur,1,none
efficientnet_b4,ILSVRC2012_val_00008012.JPEG,n03345487,555,864,0.34734252,0,imagenet_c,defocus_blur,1,none
efficientnet_b4,ILSVRC2012_val_00008013.JPEG,n03345487,555,555,0.5827756,1,imagenet_c,defocus_blur,1,none
efficientnet_b4,ILSVRC2012_val_00008602.JPEG,n03345487,555,555,0.5178483,1,imagenet_c,defocus_blur,1,none
efficientnet_b4,ILSVRC2012_val_00008767.JPEG,n03345487,555,555,0.59555316,1,imagenet_c,defocus_blur,1,none
efficientnet_b4,ILSVRC2012_val_00008893.JPEG,n03345487,555,555,0.42351273,1,imagenet_c,defocus_blur,1,none
efficientnet_b4,ILSVRC2012_val_00010690.JPEG,n03345487,555,555,0.45160392,1,imagenet_c,defocus_blur,1,none
efficientnet_b4,ILSVRC2012_val_00011102.JPEG,n03345487,555,555,0.42087373,1,imagenet_c,defocus_blur,1,none
efficientnet_b4,ILSVRC2012_val_00012916.JPEG,n03345487,555,555,0.6302061,1,imagenet_c,defocus_blur,1,none
efficientnet_b4,ILSVRC2012_val_00014366.JPEG,n03345487,555,555,0.4479173,1,imagenet_c,defocus_blur,1,none
efficientnet_b4,ILSVRC2012_val_00014385.JPEG,n03345487,555,555,0.3906101,1,imagenet_c,defocus_blur,1,none
efficientnet_b4,ILSVRC2012_val_00015376.JPEG,n03345487,555,555,0.77195364,1,imagenet_c,defocus_blur,1,none
efficientnet_b4,ILSVRC2012_val_00016650.JPEG,n03345487,555,555,0.7084837,1,imagenet_c,defocus_blur,1,none
efficientnet_b4,ILSVRC2012_val_00019954.JPEG,n03345487,555,555,0.44581866,1,imagenet_c,defocus_blur,1,none
efficientnet_b4,ILSVRC2012_val_00020483.JPEG,n03345487,555,555,0.46968263,1,imagenet_c,defocus_blur,1,none
efficientnet_b4,ILSVRC2012_val_00022602.JPEG,n03345487,555,555,0.5677091,1,imagenet_c,defocus_blur,1,none
efficientnet_b4,ILSVRC2012_val_00023423.JPEG,n03345487,555,555,0.598082,1,imagenet_c,defocus_blur,1,none
efficientnet_b4,ILSVRC2012_val_00023724.JPEG,n03345487,555,555,0.5318302,1,imagenet_c,defocus_blur,1,none
efficientnet_b4,ILSVRC2012_val_00024593.JPEG,n03345487,555,555,0.57129127,1,imagenet_c,defocus_blur,1,none
efficientnet_b4,ILSVRC2012_val_00025134.JPEG,n03345487,555,555,0.06291671,1,imagenet_c,defocus_blur,1,none
efficientnet_b4,ILSVRC2012_val_00025573.JPEG,n03345487,555,555,0.6175291,1,imagenet_c,defocus_blur,1,none
efficientnet_b4,ILSVRC2012_val_00025838.JPEG,n03345487,555,555,0.43816602,1,imagenet_c,defocus_blur,1,none
efficientnet_b4,ILSVRC2012_val_00028536.JPEG,n03345487,555,886,0.12268518,0,imagenet_c,defocus_blur,1,none
efficientnet_b4,ILSVRC2012_val_00029595.JPEG,n03345487,555,555,0.63230413,1,imagenet_c,defocus_blur,1,none
efficientnet_b4,ILSVRC2012_val_00029847.JPEG,n03345487,555,555,0.5381325,1,imagenet_c,defocus_blur,1,none
efficientnet_b4,ILSVRC2012_val_00031405.JPEG,n03345487,555,555,0.40679577,1,imagenet_c,defocus_blur,1,none
efficientnet_b4,ILSVRC2012_val_00032745.JPEG,n03345487,555,705,0.20238072,0,imagenet_c,defocus_blur,1,none
efficientnet_b4,ILSVRC2012_val_00034104.JPEG,n03345487,555,555,0.2395791,1,imagenet_c,defocus_blur,1,none
efficientnet_b4,ILSVRC2012_val_00034340.JPEG,n03345487,555,573,0.06815706,0,imagenet_c,defocus_blur,1,none
efficientnet_b4,ILSVRC2012_val_00036198.JPEG,n03345487,555,661,0.114126235,0,imagenet_c,defocus_blur,1,none
efficientnet_b4,ILSVRC2012_val_00037232.JPEG,n03345487,555,874,0.063112415,0,imagenet_c,defocus_blur,1,none
efficientnet_b4,ILSVRC2012_val_00039000.JPEG,n03345487,555,555,0.4675758,1,imagenet_c,defocus_blur,1,none
efficientnet_b4,ILSVRC2012_val_00039248.JPEG,n03345487,555,555,0.17751269,1,imagenet_c,defocus_blur,1,none
efficientnet_b4,ILSVRC2012_val_00039449.JPEG,n03345487,555,555,0.6616375,1,imagenet_c,defocus_blur,1,none
efficientnet_b4,ILSVRC2012_val_00041256.JPEG,n03345487,555,555,0.55701655,1,imagenet_c,defocus_blur,1,none
efficientnet_b4,ILSVRC2012_val_00043256.JPEG,n03345487,555,555,0.43961054,1,imagenet_c,defocus_blur,1,none
efficientnet_b4,ILSVRC2012_val_00045592.JPEG,n03345487,555,555,0.64124715,1,imagenet_c,defocus_blur,1,none
efficientnet_b4,ILSVRC2012_val_00046181.JPEG,n03345487,555,468,0.018489076,0,imagenet_c,defocus_blur,1,none
efficientnet_b4,ILSVRC2012_val_00046909.JPEG,n03345487,555,555,0.376036,1,imagenet_c,defocus_blur,1,none
efficientnet_b4,ILSVRC2012_val_00047102.JPEG,n03345487,555,407,0.2568506,0,imagenet_c,defocus_blur,1,none
efficientnet_b4,ILSVRC2012_val_00047461.JPEG,n03345487,555,555,0.51702183,1,imagenet_c,defocus_blur,1,none
efficientnet_b4,ILSVRC2012_val_00047588.JPEG,n03345487,555,555,0.5343096,1,imagenet_c,defocus_blur,1,none
efficientnet_b4,ILSVRC2012_val_00047888.JPEG,n03345487,555,569,0.4431041,0,imagenet_c,defocus_blur,1,none
efficientnet_b4,ILSVRC2012_val_00048156.JPEG,n03345487,555,830,0.13804576,0,imagenet_c,defocus_blur,1,none
efficientnet_b4,ILSVRC2012_val_00049032.JPEG,n03345487,555,555,0.50932115,1,imagenet_c,defocus_blur,1,none
efficientnet_b4,ILSVRC2012_val_00000743.JPEG,n03347037,556,703,0.14752407,0,imagenet_c,defocus_blur,1,none
efficientnet_b4,ILSVRC2012_val_00000988.JPEG,n03347037,556,556,0.78584397,1,imagenet_c,defocus_blur,1,none
efficientnet_b4,ILSVRC2012_val_00001167.JPEG,n03347037,556,556,0.21945244,1,imagenet_c,defocus_blur,1,none
efficientnet_b4,ILSVRC2012_val_00001219.JPEG,n03347037,556,556,0.4340486,1,imagenet_c,defocus_blur,1,none
efficientnet_b4,ILSVRC2012_val_00001413.JPEG,n03347037,556,556,0.6187662,1,imagenet_c,defocus_blur,1,none
efficientnet_b4,ILSVRC2012_val_00001772.JPEG,n03347037,556,556,0.17161019,1,imagenet_c,defocus_blur,1,none
efficientnet_b4,ILSVRC2012_val_00002272.JPEG,n03347037,556,884,0.31473735,0,imagenet_c,defocus_blur,1,none
efficientnet_b4,ILSVRC2012_val_00008269.JPEG,n03347037,556,556,0.13873221,1,imagenet_c,defocus_blur,1,none
efficientnet_b4,ILSVRC2012_val_00008434.JPEG,n03347037,556,556,0.65112984,1,imagenet_c,defocus_blur,1,none
efficientnet_b4,ILSVRC2012_val_00010105.JPEG,n03347037,556,556,0.49830028,1,imagenet_c,defocus_blur,1,none
efficientnet_b4,ILSVRC2012_val_00010263.JPEG,n03347037,556,556,0.16426805,1,imagenet_c,defocus_blur,1,none
efficientnet_b4,ILSVRC2012_val_00010414.JPEG,n03347037,556,556,0.5151894,1,imagenet_c,defocus_blur,1,none
efficientnet_b4,ILSVRC2012_val_00011810.JPEG,n03347037,556,556,0.26208943,1,imagenet_c,defocus_blur,1,none
efficientnet_b4,ILSVRC2012_val_00012175.JPEG,n03347037,556,556,0.5317991,1,imagenet_c,defocus_blur,1,none
efficientnet_b4,ILSVRC2012_val_00014781.JPEG,n03347037,556,556,0.6346582,1,imagenet_c,defocus_blur,1,none
efficientnet_b4,ILSVRC2012_val_00018308.JPEG,n03347037,556,556,0.7135345,1,imagenet_c,defocus_blur,1,none
efficientnet_b4,ILSVRC2012_val_00019549.JPEG,n03347037,556,556,0.43237436,1,imagenet_c,defocus_blur,1,none
efficientnet_b4,ILSVRC2012_val_00019779.JPEG,n03347037,556,556,0.4099322,1,imagenet_c,defocus_blur,1,none
efficientnet_b4,ILSVRC2012_val_00020463.JPEG,n03347037,556,556,0.5064819,1,imagenet_c,defocus_blur,1,none
efficientnet_b4,ILSVRC2012_val_00020741.JPEG,n03347037,556,556,0.39806998,1,imagenet_c,defocus_blur,1,none
efficientnet_b4,ILSVRC2012_val_00020944.JPEG,n03347037,556,556,0.5022233,1,imagenet_c,defocus_blur,1,none
efficientnet_b4,ILSVRC2012_val_00021023.JPEG,n03347037,556,912,0.24473405,0,imagenet_c,defocus_blur,1,none
efficientnet_b4,ILSVRC2012_val_00021173.JPEG,n03347037,556,556,0.24450175,1,imagenet_c,defocus_blur,1,none
efficientnet_b4,ILSVRC2012_val_00023050.JPEG,n03347037,556,905,0.5003966,0,imagenet_c,defocus_blur,1,none
efficientnet_b4,ILSVRC2012_val_00023102.JPEG,n03347037,556,706,0.091430485,0,imagenet_c,defocus_blur,1,none
efficientnet_b4,ILSVRC2012_val_00023538.JPEG,n03347037,556,556,0.27939162,1,imagenet_c,defocus_blur,1,none
efficientnet_b4,ILSVRC2012_val_00024604.JPEG,n03347037,556,556,0.6059736,1,imagenet_c,defocus_blur,1,none
efficientnet_b4,ILSVRC2012_val_00026294.JPEG,n03347037,556,556,0.6389373,1,imagenet_c,defocus_blur,1,none
efficientnet_b4,ILSVRC2012_val_00026726.JPEG,n03347037,556,904,0.09043926,0,imagenet_c,defocus_blur,1,none
efficientnet_b4,ILSVRC2012_val_00026804.JPEG,n03347037,556,504,0.121425025,0,imagenet_c,defocus_blur,1,none
efficientnet_b4,ILSVRC2012_val_00027126.JPEG,n03347037,556,556,0.6251802,1,imagenet_c,defocus_blur,1,none
efficientnet_b4,ILSVRC2012_val_00028252.JPEG,n03347037,556,811,0.43717244,0,imagenet_c,defocus_blur,1,none
efficientnet_b4,ILSVRC2012_val_00028906.JPEG,n03347037,556,556,0.80934095,1,imagenet_c,defocus_blur,1,none
efficientnet_b4,ILSVRC2012_val_00029145.JPEG,n03347037,556,556,0.044511396,1,imagenet_c,defocus_blur,1,none
efficientnet_b4,ILSVRC2012_val_00030027.JPEG,n03347037,556,851,0.14598598,0,imagenet_c,defocus_blur,1,none
efficientnet_b4,ILSVRC2012_val_00030600.JPEG,n03347037,556,556,0.6135635,1,imagenet_c,defocus_blur,1,none
efficientnet_b4,ILSVRC2012_val_00030922.JPEG,n03347037,556,743,0.32715887,0,imagenet_c,defocus_blur,1,none
efficientnet_b4,ILSVRC2012_val_00031098.JPEG,n03347037,556,556,0.26822892,1,imagenet_c,defocus_blur,1,none
efficientnet_b4,ILSVRC2012_val_00031529.JPEG,n03347037,556,921,0.06310908,0,imagenet_c,defocus_blur,1,none
efficientnet_b4,ILSVRC2012_val_00033001.JPEG,n03347037,556,851,0.07863239,0,imagenet_c,defocus_blur,1,none
efficientnet_b4,ILSVRC2012_val_00036332.JPEG,n03347037,556,556,0.22890055,1,imagenet_c,defocus_blur,1,none
efficientnet_b4,ILSVRC2012_val_00037640.JPEG,n03347037,556,493,0.6689322,0,imagenet_c,defocus_blur,1,none
efficientnet_b4,ILSVRC2012_val_00041368.JPEG,n03347037,556,556,0.6773542,1,imagenet_c,defocus_blur,1,none
efficientnet_b4,ILSVRC2012_val_00044219.JPEG,n03347037,556,556,0.6677265,1,imagenet_c,defocus_blur,1,none
efficientnet_b4,ILSVRC2012_val_00044848.JPEG,n03347037,556,442,0.03115824,0,imagenet_c,defocus_blur,1,none
efficientnet_b4,ILSVRC2012_val_00046746.JPEG,n03347037,556,556,0.6640367,1,imagenet_c,defocus_blur,1,none
efficientnet_b4,ILSVRC2012_val_00048557.JPEG,n03347037,556,556,0.545699,1,imagenet_c,defocus_blur,1,none
efficientnet_b4,ILSVRC2012_val_00048633.JPEG,n03347037,556,564,0.26111192,0,imagenet_c,defocus_blur,1,none
efficientnet_b4,ILSVRC2012_val_00048906.JPEG,n03347037,556,905,0.37245303,0,imagenet_c,defocus_blur,1,none
efficientnet_b4,ILSVRC2012_val_00049415.JPEG,n03347037,556,711,0.08353237,0,imagenet_c,defocus_blur,1,none
efficientnet_b4,ILSVRC2012_val_00000445.JPEG,n03355925,557,557,0.6752671,1,imagenet_c,defocus_blur,1,none
efficientnet_b4,ILSVRC2012_val_00001428.JPEG,n03355925,557,557,0.33072904,1,imagenet_c,defocus_blur,1,none
efficientnet_b4,ILSVRC2012_val_00001962.JPEG,n03355925,557,654,0.15062855,0,imagenet_c,defocus_blur,1,none
efficientnet_b4,ILSVRC2012_val_00004876.JPEG,n03355925,557,557,0.3004588,1,imagenet_c,defocus_blur,1,none
efficientnet_b4,ILSVRC2012_val_00006661.JPEG,n03355925,557,557,0.34792936,1,imagenet_c,defocus_blur,1,none
efficientnet_b4,ILSVRC2012_val_00006767.JPEG,n03355925,557,557,0.5854813,1,imagenet_c,defocus_blur,1,none
efficientnet_b4,ILSVRC2012_val_00007402.JPEG,n03355925,557,573,0.06082652,0,imagenet_c,defocus_blur,1,none
efficientnet_b4,ILSVRC2012_val_00008464.JPEG,n03355925,557,389,0.24794348,0,imagenet_c,defocus_blur,1,none
efficientnet_b4,ILSVRC2012_val_00010590.JPEG,n03355925,557,974,0.15884651,0,imagenet_c,defocus_blur,1,none
efficientnet_b4,ILSVRC2012_val_00012078.JPEG,n03355925,557,557,0.5703384,1,imagenet_c,defocus_blur,1,none
efficientnet_b4,ILSVRC2012_val_00012141.JPEG,n03355925,557,557,0.2678502,1,imagenet_c,defocus_blur,1,none
efficientnet_b4,ILSVRC2012_val_00012848.JPEG,n03355925,557,557,0.6558047,1,imagenet_c,defocus_blur,1,none
efficientnet_b4,ILSVRC2012_val_00013923.JPEG,n03355925,557,429,0.047753412,0,imagenet_c,defocus_blur,1,none
efficientnet_b4,ILSVRC2012_val_00016275.JPEG,n03355925,557,439,0.595211,0,imagenet_c,defocus_blur,1,none
efficientnet_b4,ILSVRC2012_val_00016278.JPEG,n03355925,557,557,0.34996697,1,imagenet_c,defocus_blur,1,none
efficientnet_b4,ILSVRC2012_val_00016785.JPEG,n03355925,557,471,0.103500806,0,imagenet_c,defocus_blur,1,none
efficientnet_b4,ILSVRC2012_val_00016874.JPEG,n03355925,557,557,0.7015051,1,imagenet_c,defocus_blur,1,none
efficientnet_b4,ILSVRC2012_val_00017296.JPEG,n03355925,557,557,0.41419137,1,imagenet_c,defocus_blur,1,none
efficientnet_b4,ILSVRC2012_val_00017432.JPEG,n03355925,557,821,0.34732792,0,imagenet_c,defocus_blur,1,none
efficientnet_b4,ILSVRC2012_val_00018641.JPEG,n03355925,557,557,0.4538276,1,imagenet_c,defocus_blur,1,none
efficientnet_b4,ILSVRC2012_val_00019526.JPEG,n03355925,557,557,0.33223557,1,imagenet_c,defocus_blur,1,none
efficientnet_b4,ILSVRC2012_val_00020208.JPEG,n03355925,557,536,0.035092298,0,imagenet_c,defocus_blur,1,none
efficientnet_b4,ILSVRC2012_val_00020789.JPEG,n03355925,557,705,0.14085925,0,imagenet_c,defocus_blur,1,none
efficientnet_b4,ILSVRC2012_val_00024130.JPEG,n03355925,557,733,0.249516,0,imagenet_c,defocus_blur,1,none
efficientnet_b4,ILSVRC2012_val_00025359.JPEG,n03355925,557,557,0.43504027,1,imagenet_c,defocus_blur,1,none
efficientnet_b4,ILSVRC2012_val_00025784.JPEG,n03355925,557,919,0.07149919,0,imagenet_c,defocus_blur,1,none
efficientnet_b4,ILSVRC2012_val_00027726.JPEG,n03355925,557,557,0.35984495,1,imagenet_c,defocus_blur,1,none
efficientnet_b4,ILSVRC2012_val_00027876.JPEG,n03355925,557,704,0.08852821,0,imagenet_c,defocus_blur,1,none
efficientnet_b4,ILSVRC2012_val_00028362.JPEG,n03355925,557,978,0.029920343,0,imagenet_c,defocus_blur,1,none
efficientnet_b4,ILSVRC2012_val_00029983.JPEG,n03355925,557,557,0.6082418,1,imagenet_c,defocus_blur,1,none
efficientnet_b4,ILSVRC2012_val_00030190.JPEG,n03355925,557,557,0.36313242,1,imagenet_c,defocus_blur,1,none
efficientnet_b4,ILSVRC2012_val_00030788.JPEG,n03355925,557,557,0.2494135,1,imagenet_c,defocus_blur,1,none
efficientnet_b4,ILSVRC2012_val_00032933.JPEG,n03355925,557,557,0.47907895,1,imagenet_c,defocus_blur,1,none
efficientnet_b4,ILSVRC2012_val_00033662.JPEG,n03355925,557,557,0.6567323,1,imagenet_c,defocus_blur,1,none
efficientnet_b4,ILSVRC2012_val_00034211.JPEG,n03355925,557,718,0.15966846,0,imagenet_c,defocus_blur,1,none
efficientnet_b4,ILSVRC2012_val_00036294.JPEG,n03355925,557,557,0.19220184,1,imagenet_c,defocus_blur,1,none
efficientnet_b4,ILSVRC2012_val_00037590.JPEG,n03355925,557,557,0.13280939,1,imagenet_c,defocus_blur,1,none
efficientnet_b4,ILSVRC2012_val_00038515.JPEG,n03355925,557,574,0.21302772,0,imagenet_c,defocus_blur,1,none
efficientnet_b4,ILSVRC2012_val_00039190.JPEG,n03355925,557,557,0.6283788,1,imagenet_c,defocus_blur,1,none
efficientnet_b4,ILSVRC2012_val_00040220.JPEG,n03355925,557,557,0.19354956,1,imagenet_c,defocus_blur,1,none
efficientnet_b4,ILSVRC2012_val_00040711.JPEG,n03355925,557,557,0.5857353,1,imagenet_c,defocus_blur,1,none
efficientnet_b4,ILSVRC2012_val_00041479.JPEG,n03355925,557,417,0.2848422,0,imagenet_c,defocus_blur,1,none
efficientnet_b4,ILSVRC2012_val_00041901.JPEG,n03355925,557,557,0.05460179,1,imagenet_c,defocus_blur,1,none
efficientnet_b4,ILSVRC2012_val_00045003.JPEG,n03355925,557,557,0.054499842,1,imagenet_c,defocus_blur,1,none
efficientnet_b4,ILSVRC2012_val_00045014.JPEG,n03355925,557,538,0.21334791,0,imagenet_c,defocus_blur,1,none
efficientnet_b4,ILSVRC2012_val_00045932.JPEG,n03355925,557,557,0.09782616,1,imagenet_c,defocus_blur,1,none
efficientnet_b4,ILSVRC2012_val_00046366.JPEG,n03355925,557,733,0.05239409,0,imagenet_c,defocus_blur,1,none
efficientnet_b4,ILSVRC2012_val_00046992.JPEG,n03355925,557,557,0.48458698,1,imagenet_c,defocus_blur,1,none
efficientnet_b4,ILSVRC2012_val_00047786.JPEG,n03355925,557,557,0.05233254,1,imagenet_c,defocus_blur,1,none
efficientnet_b4,ILSVRC2012_val_00049608.JPEG,n03355925,557,557,0.2920102,1,imagenet_c,defocus_blur,1,none
efficientnet_b4,ILSVRC2012_val_00000140.JPEG,n03372029,558,181,0.19510637,0,imagenet_c,defocus_blur,1,none
efficientnet_b4,ILSVRC2012_val_00001896.JPEG,n03372029,558,558,0.22914134,1,imagenet_c,defocus_blur,1,none
efficientnet_b4,ILSVRC2012_val_00002542.JPEG,n03372029,558,642,0.10091447,0,imagenet_c,defocus_blur,1,none
efficientnet_b4,ILSVRC2012_val_00003736.JPEG,n03372029,558,558,0.46827766,1,imagenet_c,defocus_blur,1,none
efficientnet_b4,ILSVRC2012_val_00003784.JPEG,n03372029,558,558,0.14494443,1,imagenet_c,defocus_blur,1,none
efficientnet_b4,ILSVRC2012_val_00004099.JPEG,n03372029,558,576,0.12059514,0,imagenet_c,defocus_blur,1,none
efficientnet_b4,ILSVRC2012_val_00005811.JPEG,n03372029,558,558,0.046862133,1,imagenet_c,defocus_blur,1,none
efficientnet_b4,ILSVRC2012_val_00007291.JPEG,n03372029,558,477,0.23241033,0,imagenet_c,defocus_blur,1,none
efficientnet_b4,ILSVRC2012_val_00007509.JPEG,n03372029,558,558,0.26493382,1,imagenet_c,defocus_blur,1,none
efficientnet_b4,ILSVRC2012_val_00008240.JPEG,n03372029,558,558,0.64764816,1,imagenet_c,defocus_blur,1,none
efficientnet_b4,ILSVRC2012_val_00008540.JPEG,n03372029,558,183,0.06998789,0,imagenet_c,defocus_blur,1,none
efficientnet_b4,ILSVRC2012_val_00009395.JPEG,n03372029,558,558,0.08582942,1,imagenet_c,defocus_blur,1,none
efficientnet_b4,ILSVRC2012_val_00011201.JPEG,n03372029,558,699,0.41151217,0,imagenet_c,defocus_blur,1,none
efficientnet_b4,ILSVRC2012_val_00011785.JPEG,n03372029,558,566,0.095338374,0,imagenet_c,defocus_blur,1,none
efficientnet_b4,ILSVRC2012_val_00012350.JPEG,n03372029,558,432,0.4120595,0,imagenet_c,defocus_blur,1,none
efficientnet_b4,ILSVRC2012_val_00012821.JPEG,n03372029,558,558,0.23281825,1,imagenet_c,defocus_blur,1,none
efficientnet_b4,ILSVRC2012_val_00012964.JPEG,n03372029,558,558,0.571107,1,imagenet_c,defocus_blur,1,none
efficientnet_b4,ILSVRC2012_val_00013537.JPEG,n03372029,558,454,0.22709286,0,imagenet_c,defocus_blur,1,none
efficientnet_b4,ILSVRC2012_val_00013749.JPEG,n03372029,558,650,0.12827468,0,imagenet_c,defocus_blur,1,none
efficientnet_b4,ILSVRC2012_val_00014407.JPEG,n03372029,558,558,0.3307869,1,imagenet_c,defocus_blur,1,none
efficientnet_b4,ILSVRC2012_val_00014577.JPEG,n03372029,558,400,0.10982636,0,imagenet_c,defocus_blur,1,none
efficientnet_b4,ILSVRC2012_val_00016025.JPEG,n03372029,558,558,0.052321453,1,imagenet_c,defocus_blur,1,none
efficientnet_b4,ILSVRC2012_val_00018133.JPEG,n03372029,558,593,0.13197486,0,imagenet_c,defocus_blur,1,none
efficientnet_b4,ILSVRC2012_val_00019375.JPEG,n03372029,558,678,0.19593503,0,imagenet_c,defocus_blur,1,none
efficientnet_b4,ILSVRC2012_val_00021414.JPEG,n03372029,558,677,0.08965689,0,imagenet_c,defocus_blur,1,none
efficientnet_b4,ILSVRC2012_val_00021856.JPEG,n03372029,558,881,0.36885032,0,imagenet_c,defocus_blur,1,none
efficientnet_b4,ILSVRC2012_val_00022013.JPEG,n03372029,558,494,0.53971833,0,imagenet_c,defocus_blur,1,none
efficientnet_b4,ILSVRC2012_val_00023506.JPEG,n03372029,558,542,0.057174407,0,imagenet_c,defocus_blur,1,none
efficientnet_b4,ILSVRC2012_val_00023610.JPEG,n03372029,558,563,0.37376264,0,imagenet_c,defocus_blur,1,none
efficientnet_b4,ILSVRC2012_val_00025781.JPEG,n03372029,558,739,0.11245017,0,imagenet_c,defocus_blur,1,none
efficientnet_b4,ILSVRC2012_val_00026483.JPEG,n03372029,558,558,0.2132365,1,imagenet_c,defocus_blur,1,none
efficientnet_b4,ILSVRC2012_val_00026960.JPEG,n03372029,558,558,0.5102911,1,imagenet_c,defocus_blur,1,none
efficientnet_b4,ILSVRC2012_val_00028005.JPEG,n03372029,558,558,0.39410982,1,imagenet_c,defocus_blur,1,none
efficientnet_b4,ILSVRC2012_val_00028591.JPEG,n03372029,558,558,0.46979842,1,imagenet_c,defocus_blur,1,none
efficientnet_b4,ILSVRC2012_val_00028648.JPEG,n03372029,558,851,0.022870725,0,imagenet_c,defocus_blur,1,none
efficientnet_b4,ILSVRC2012_val_00029188.JPEG,n03372029,558,731,0.085860446,0,imagenet_c,defocus_blur,1,none
efficientnet_b4,ILSVRC2012_val_00031149.JPEG,n03372029,558,558,0.39309713,1,imagenet_c,defocus_blur,1,none
efficientnet_b4,ILSVRC2012_val_00031790.JPEG,n03372029,558,642,0.39755437,0,imagenet_c,defocus_blur,1,none
efficientnet_b4,ILSVRC2012_val_00034642.JPEG,n03372029,558,832,0.069058195,0,imagenet_c,defocus_blur,1,none
efficientnet_b4,ILSVRC2012_val_00034937.JPEG,n03372029,558,683,0.22471057,0,imagenet_c,defocus_blur,1,none
efficientnet_b4,ILSVRC2012_val_00037468.JPEG,n03372029,558,642,0.8232749,0,imagenet_c,defocus_blur,1,none
efficientnet_b4,ILSVRC2012_val_00037909.JPEG,n03372029,558,683,0.09875094,0,imagenet_c,defocus_blur,1,none
efficientnet_b4,ILSVRC2012_val_00040369.JPEG,n03372029,558,558,0.59013987,1,imagenet_c,defocus_blur,1,none
efficientnet_b4,ILSVRC2012_val_00041986.JPEG,n03372029,558,683,0.448775,0,imagenet_c,defocus_blur,1,none
efficientnet_b4,ILSVRC2012_val_00043562.JPEG,n03372029,558,558,0.624836,1,imagenet_c,defocus_blur,1,none
efficientnet_b4,ILSVRC2012_val_00044942.JPEG,n03372029,558,413,0.22224155,0,imagenet_c,defocus_blur,1,none
efficientnet_b4,ILSVRC2012_val_00046205.JPEG,n03372029,558,684,0.117181875,0,imagenet_c,defocus_blur,1,none
efficientnet_b4,ILSVRC2012_val_00047537.JPEG,n03372029,558,558,0.50120115,1,imagenet_c,defocus_blur,1,none
efficientnet_b4,ILSVRC2012_val_00048013.JPEG,n03372029,558,683,0.5920522,0,imagenet_c,defocus_blur,1,none
efficientnet_b4,ILSVRC2012_val_00048122.JPEG,n03372029,558,683,0.60527486,0,imagenet_c,defocus_blur,1,none
efficientnet_b4,ILSVRC2012_val_00001616.JPEG,n03376595,559,559,0.6872974,1,imagenet_c,defocus_blur,1,none
efficientnet_b4,ILSVRC2012_val_00001685.JPEG,n03376595,559,516,0.18407601,0,imagenet_c,defocus_blur,1,none
efficientnet_b4,ILSVRC2012_val_00001855.JPEG,n03376595,559,880,0.06155638,0,imagenet_c,defocus_blur,1,none
efficientnet_b4,ILSVRC2012_val_00002253.JPEG,n03376595,559,559,0.49990687,1,imagenet_c,defocus_blur,1,none
efficientnet_b4,ILSVRC2012_val_00002914.JPEG,n03376595,559,559,0.53509533,1,imagenet_c,defocus_blur,1,none
efficientnet_b4,ILSVRC2012_val_00004120.JPEG,n03376595,559,559,0.5567093,1,imagenet_c,defocus_blur,1,none
efficientnet_b4,ILSVRC2012_val_00004162.JPEG,n03376595,559,559,0.60901064,1,imagenet_c,defocus_blur,1,none
efficientnet_b4,ILSVRC2012_val_00005926.JPEG,n03376595,559,790,0.19535504,0,imagenet_c,defocus_blur,1,none
efficientnet_b4,ILSVRC2012_val_00006022.JPEG,n03376595,559,522,0.110317804,0,imagenet_c,defocus_blur,1,none
efficientnet_b4,ILSVRC2012_val_00007063.JPEG,n03376595,559,559,0.39863232,1,imagenet_c,defocus_blur,1,none
efficientnet_b4,ILSVRC2012_val_00008185.JPEG,n03376595,559,703,0.016059725,0,imagenet_c,defocus_blur,1,none
efficientnet_b4,ILSVRC2012_val_00008646.JPEG,n03376595,559,660,0.72763735,0,imagenet_c,defocus_blur,1,none
efficientnet_b4,ILSVRC2012_val_00008903.JPEG,n03376595,559,416,0.04420222,0,imagenet_c,defocus_blur,1,none
efficientnet_b4,ILSVRC2012_val_00010721.JPEG,n03376595,559,559,0.28378147,1,imagenet_c,defocus_blur,1,none
efficientnet_b4,ILSVRC2012_val_00012771.JPEG,n03376595,559,559,0.31449267,1,imagenet_c,defocus_blur,1,none
efficientnet_b4,ILSVRC2012_val_00013225.JPEG,n03376595,559,282,0.09334612,0,imagenet_c,defocus_blur,1,none
efficientnet_b4,ILSVRC2012_val_00013747.JPEG,n03376595,559,559,0.17299953,1,imagenet_c,defocus_blur,1,none
efficientnet_b4,ILSVRC2012_val_00014475.JPEG,n03376595,559,582,0.06707469,0,imagenet_c,defocus_blur,1,none
efficientnet_b4,ILSVRC2012_val_00014479.JPEG,n03376595,559,522,0.057991464,0,imagenet_c,defocus_blur,1,none
efficientnet_b4,ILSVRC2012_val_00014679.JPEG,n03376595,559,559,0.46405002,1,imagenet_c,defocus_blur,1,none
efficientnet_b4,ILSVRC2012_val_00015184.JPEG,n03376595,559,430,0.031097755,0,imagenet_c,defocus_blur,1,none
efficientnet_b4,ILSVRC2012_val_00015559.JPEG,n03376595,559,559,0.04444926,1,imagenet_c,defocus_blur,1,none
efficientnet_b4,ILSVRC2012_val_00015646.JPEG,n03376595,559,559,0.24476582,1,imagenet_c,defocus_blur,1,none
efficientnet_b4,ILSVRC2012_val_00016142.JPEG,n03376595,559,559,0.3893599,1,imagenet_c,defocus_blur,1,none
efficientnet_b4,ILSVRC2012_val_00022126.JPEG,n03376595,559,559,0.42949408,1,imagenet_c,defocus_blur,1,none
efficientnet_b4,ILSVRC2012_val_00023734.JPEG,n03376595,559,559,0.597154,1,imagenet_c,defocus_blur,1,none
efficientnet_b4,ILSVRC2012_val_00024982.JPEG,n03376595,559,716,0.023521096,0,imagenet_c,defocus_blur,1,none
efficientnet_b4,ILSVRC2012_val_00027358.JPEG,n03376595,559,453,0.018875364,0,imagenet_c,defocus_blur,1,none
efficientnet_b4,ILSVRC2012_val_00028185.JPEG,n03376595,559,559,0.6477442,1,imagenet_c,defocus_blur,1,none
efficientnet_b4,ILSVRC2012_val_00029215.JPEG,n03376595,559,559,0.5430671,1,imagenet_c,defocus_blur,1,none
efficientnet_b4,ILSVRC2012_val_00033069.JPEG,n03376595,559,559,0.19719657,1,imagenet_c,defocus_blur,1,none
efficientnet_b4,ILSVRC2012_val_00034227.JPEG,n03376595,559,791,0.14256988,0,imagenet_c,defocus_blur,1,none
efficientnet_b4,ILSVRC2012_val_00035229.JPEG,n03376595,559,559,0.4786319,1,imagenet_c,defocus_blur,1,none
efficientnet_b4,ILSVRC2012_val_00035959.JPEG,n03376595,559,559,0.7673687,1,imagenet_c,defocus_blur,1,none
efficientnet_b4,ILSVRC2012_val_00036175.JPEG,n03376595,559,559,0.044638574,1,imagenet_c,defocus_blur,1,none
efficientnet_b4,ILSVRC2012_val_00036783.JPEG,n03376595,559,559,0.5552118,1,imagenet_c,defocus_blur,1,none
efficientnet_b4,ILSVRC2012_val_00037905.JPEG,n03376595,559,559,0.645609,1,imagenet_c,defocus_blur,1,none
efficientnet_b4,ILSVRC2012_val_00038258.JPEG,n03376595,559,559,0.44777992,1,imagenet_c,defocus_blur,1,none
efficientnet_b4,ILSVRC2012_val_00040576.JPEG,n03376595,559,706,0.39451483,0,imagenet_c,defocus_blur,1,none
efficientnet_b4,ILSVRC2012_val_00040795.JPEG,n03376595,559,498,0.26093617,0,imagenet_c,defocus_blur,1,none
efficientnet_b4,ILSVRC2012_val_00040921.JPEG,n03376595,559,559,0.59795314,1,imagenet_c,defocus_blur,1,none
efficientnet_b4,ILSVRC2012_val_00041814.JPEG,n03376595,559,559,0.5889887,1,imagenet_c,defocus_blur,1,none
efficientnet_b4,ILSVRC2012_val_00042389.JPEG,n03376595,559,559,0.47730997,1,imagenet_c,defocus_blur,1,none
efficientnet_b4,ILSVRC2012_val_00042545.JPEG,n03376595,559,559,0.642016,1,imagenet_c,defocus_blur,1,none
efficientnet_b4,ILSVRC2012_val_00043253.JPEG,n03376595,559,559,0.6257932,1,imagenet_c,defocus_blur,1,none
efficientnet_b4,ILSVRC2012_val_00043377.JPEG,n03376595,559,559,0.69803655,1,imagenet_c,defocus_blur,1,none
efficientnet_b4,ILSVRC2012_val_00043453.JPEG,n03376595,559,428,0.1010753,0,imagenet_c,defocus_blur,1,none
efficientnet_b4,ILSVRC2012_val_00044181.JPEG,n03376595,559,559,0.53440404,1,imagenet_c,defocus_blur,1,none
efficientnet_b4,ILSVRC2012_val_00048103.JPEG,n03376595,559,728,0.33019832,0,imagenet_c,defocus_blur,1,none
efficientnet_b4,ILSVRC2012_val_00048216.JPEG,n03376595,559,559,0.38045838,1,imagenet_c,defocus_blur,1,none
efficientnet_b4,ILSVRC2012_val_00002562.JPEG,n03379051,560,560,0.3497328,1,imagenet_c,defocus_blur,1,none
efficientnet_b4,ILSVRC2012_val_00006170.JPEG,n03379051,560,560,0.639762,1,imagenet_c,defocus_blur,1,none
efficientnet_b4,ILSVRC2012_val_00006397.JPEG,n03379051,560,560,0.6274296,1,imagenet_c,defocus_blur,1,none
efficientnet_b4,ILSVRC2012_val_00006689.JPEG,n03379051,560,560,0.6110701,1,imagenet_c,defocus_blur,1,none
efficientnet_b4,ILSVRC2012_val_00007649.JPEG,n03379051,560,560,0.5042058,1,imagenet_c,defocus_blur,1,none
efficientnet_b4,ILSVRC2012_val_00008234.JPEG,n03379051,560,981,0.37790036,0,imagenet_c,defocus_blur,1,none
efficientnet_b4,ILSVRC2012_val_00010217.JPEG,n03379051,560,560,0.8706853,1,imagenet_c,defocus_blur,1,none
efficientnet_b4,ILSVRC2012_val_00010759.JPEG,n03379051,560,560,0.68199414,1,imagenet_c,defocus_blur,1,none
efficientnet_b4,ILSVRC2012_val_00011352.JPEG,n03379051,560,560,0.5297083,1,imagenet_c,defocus_blur,1,none
efficientnet_b4,ILSVRC2012_val_00012164.JPEG,n03379051,560,560,0.58184904,1,imagenet_c,defocus_blur,1,none
efficientnet_b4,ILSVRC2012_val_00013292.JPEG,n03379051,560,560,0.7062264,1,imagenet_c,defocus_blur,1,none
efficientnet_b4,ILSVRC2012_val_00014609.JPEG,n03379051,560,560,0.48435912,1,imagenet_c,defocus_blur,1,none
efficientnet_b4,ILSVRC2012_val_00014674.JPEG,n03379051,560,560,0.6511634,1,imagenet_c,defocus_blur,1,none
efficientnet_b4,ILSVRC2012_val_00014944.JPEG,n03379051,560,560,0.5130076,1,imagenet_c,defocus_blur,1,none
efficientnet_b4,ILSVRC2012_val_00014994.JPEG,n03379051,560,560,0.42633104,1,imagenet_c,defocus_blur,1,none
efficientnet_b4,ILSVRC2012_val_00016282.JPEG,n03379051,560,560,0.49676615,1,imagenet_c,defocus_blur,1,none
efficientnet_b4,ILSVRC2012_val_00017055.JPEG,n03379051,560,560,0.63556117,1,imagenet_c,defocus_blur,1,none
efficientnet_b4,ILSVRC2012_val_00018798.JPEG,n03379051,560,560,0.52335936,1,imagenet_c,defocus_blur,1,none
efficientnet_b4,ILSVRC2012_val_00019724.JPEG,n03379051,560,981,0.2001916,0,imagenet_c,defocus_blur,1,none
efficientnet_b4,ILSVRC2012_val_00020653.JPEG,n03379051,560,560,0.602623,1,imagenet_c,defocus_blur,1,none
efficientnet_b4,ILSVRC2012_val_00020866.JPEG,n03379051,560,560,0.59980565,1,imagenet_c,defocus_blur,1,none
efficientnet_b4,ILSVRC2012_val_00020937.JPEG,n03379051,560,560,0.7681703,1,imagenet_c,defocus_blur,1,none
efficientnet_b4,ILSVRC2012_val_00021014.JPEG,n03379051,560,560,0.7687789,1,imagenet_c,defocus_blur,1,none
efficientnet_b4,ILSVRC2012_val_00021745.JPEG,n03379051,560,560,0.6281422,1,imagenet_c,defocus_blur,1,none
efficientnet_b4,ILSVRC2012_val_00024616.JPEG,n03379051,560,560,0.6426029,1,imagenet_c,defocus_blur,1,none
efficientnet_b4,ILSVRC2012_val_00026706.JPEG,n03379051,560,768,0.17622975,0,imagenet_c,defocus_blur,1,none
efficientnet_b4,ILSVRC2012_val_00029117.JPEG,n03379051,560,768,0.0927242,0,imagenet_c,defocus_blur,1,none
efficientnet_b4,ILSVRC2012_val_00030254.JPEG,n03379051,560,747,0.12222433,0,imagenet_c,defocus_blur,1,none
efficientnet_b4,ILSVRC2012_val_00030467.JPEG,n03379051,560,981,0.12309069,0,imagenet_c,defocus_blur,1,none
efficientnet_b4,ILSVRC2012_val_00032342.JPEG,n03379051,560,560,0.47607785,1,imagenet_c,defocus_blur,1,none
efficientnet_b4,ILSVRC2012_val_00032425.JPEG,n03379051,560,560,0.7245447,1,imagenet_c,defocus_blur,1,none
efficientnet_b4,ILSVRC2012_val_00034208.JPEG,n03379051,560,560,0.22117358,1,imagenet_c,defocus_blur,1,none
efficientnet_b4,ILSVRC2012_val_00034829.JPEG,n03379051,560,560,0.70262855,1,imagenet_c,defocus_blur,1,none
efficientnet_b4,ILSVRC2012_val_00035449.JPEG,n03379051,560,560,0.51211804,1,imagenet_c,defocus_blur,1,none
efficientnet_b4,ILSVRC2012_val_00035645.JPEG,n03379051,560,560,0.6748145,1,imagenet_c,defocus_blur,1,none
efficientnet_b4,ILSVRC2012_val_00035925.JPEG,n03379051,560,615,0.1070164,0,imagenet_c,defocus_blur,1,none
efficientnet_b4,ILSVRC2012_val_00037498.JPEG,n03379051,560,560,0.5031783,1,imagenet_c,defocus_blur,1,none
efficientnet_b4,ILSVRC2012_val_00037567.JPEG,n03379051,560,560,0.4656391,1,imagenet_c,defocus_blur,1,none
efficientnet_b4,ILSVRC2012_val_00037929.JPEG,n03379051,560,560,0.3586708,1,imagenet_c,defocus_blur,1,none
efficientnet_b4,ILSVRC2012_val_00038336.JPEG,n03379051,560,560,0.6323011,1,imagenet_c,defocus_blur,1,none
efficientnet_b4,ILSVRC2012_val_00038442.JPEG,n03379051,560,560,0.7094166,1,imagenet_c,defocus_blur,1,none
efficientnet_b4,ILSVRC2012_val_00038917.JPEG,n03379051,560,560,0.48214853,1,imagenet_c,defocus_blur,1,none
efficientnet_b4,ILSVRC2012_val_00039052.JPEG,n03379051,560,560,0.5066194,1,imagenet_c,defocus_blur,1,none
efficientnet_b4,ILSVRC2012_val_00039809.JPEG,n03379051,560,560,0.40560997,1,imagenet_c,defocus_blur,1,none
efficientnet_b4,ILSVRC2012_val_00044073.JPEG,n03379051,560,560,0.5038909,1,imagenet_c,defocus_blur,1,none
efficientnet_b4,ILSVRC2012_val_00045328.JPEG,n03379051,560,560,0.5176124,1,imagenet_c,defocus_blur,1,none
efficientnet_b4,ILSVRC2012_val_00045341.JPEG,n03379051,560,560,0.4312712,1,imagenet_c,defocus_blur,1,none
efficientnet_b4,ILSVRC2012_val_00046816.JPEG,n03379051,560,560,0.5251042,1,imagenet_c,defocus_blur,1,none
efficientnet_b4,ILSVRC2012_val_00047355.JPEG,n03379051,560,560,0.5325876,1,imagenet_c,defocus_blur,1,none
efficientnet_b4,ILSVRC2012_val_00047692.JPEG,n03379051,560,805,0.1293743,0,imagenet_c,defocus_blur,1,none
efficientnet_b4,ILSVRC2012_val_00001579.JPEG,n03384352,561,867,0.38395387,0,imagenet_c,defocus_blur,1,none
efficientnet_b4,ILSVRC2012_val_00002612.JPEG,n03384352,561,803,0.67808276,0,imagenet_c,defocus_blur,1,none
efficientnet_b4,ILSVRC2012_val_00003059.JPEG,n03384352,561,866,0.39532506,0,imagenet_c,defocus_blur,1,none
efficientnet_b4,ILSVRC2012_val_00003787.JPEG,n03384352,561,561,0.4351568,1,imagenet_c,defocus_blur,1,none
efficientnet_b4,ILSVRC2012_val_00005128.JPEG,n03384352,561,867,0.17412159,0,imagenet_c,defocus_blur,1,none
efficientnet_b4,ILSVRC2012_val_00005586.JPEG,n03384352,561,561,0.49951923,1,imagenet_c,defocus_blur,1,none
efficientnet_b4,ILSVRC2012_val_00006277.JPEG,n03384352,561,660,0.11741067,0,imagenet_c,defocus_blur,1,none
efficientnet_b4,ILSVRC2012_val_00006365.JPEG,n03384352,561,561,0.12175011,1,imagenet_c,defocus_blur,1,none
efficientnet_b4,ILSVRC2012_val_00007189.JPEG,n03384352,561,561,0.46930075,1,imagenet_c,defocus_blur,1,none
efficientnet_b4,ILSVRC2012_val_00007537.JPEG,n03384352,561,561,0.524533,1,imagenet_c,defocus_blur,1,none
efficientnet_b4,ILSVRC2012_val_00009120.JPEG,n03384352,561,779,0.08631843,0,imagenet_c,defocus_blur,1,none
efficientnet_b4,ILSVRC2012_val_00009723.JPEG,n03384352,561,561,0.28691167,1,imagenet_c,defocus_blur,1,none
efficientnet_b4,ILSVRC2012_val_00009813.JPEG,n03384352,561,561,0.5984295,1,imagenet_c,defocus_blur,1,none
efficientnet_b4,ILSVRC2012_val_00010186.JPEG,n03384352,561,561,0.34371614,1,imagenet_c,defocus_blur,1,none
efficientnet_b4,ILSVRC2012_val_00010512.JPEG,n03384352,561,913,0.07634185,0,imagenet_c,defocus_blur,1,none
efficientnet_b4,ILSVRC2012_val_00011462.JPEG,n03384352,561,561,0.57236785,1,imagenet_c,defocus_blur,1,none
efficientnet_b4,ILSVRC2012_val_00011999.JPEG,n03384352,561,561,0.4621558,1,imagenet_c,defocus_blur,1,none
efficientnet_b4,ILSVRC2012_val_00015078.JPEG,n03384352,561,561,0.51630914,1,imagenet_c,defocus_blur,1,none
efficientnet_b4,ILSVRC2012_val_00016235.JPEG,n03384352,561,561,0.2223829,1,imagenet_c,defocus_blur,1,none
efficientnet_b4,ILSVRC2012_val_00018047.JPEG,n03384352,561,561,0.35802978,1,imagenet_c,defocus_blur,1,none
efficientnet_b4,ILSVRC2012_val_00018473.JPEG,n03384352,561,856,0.12432008,0,imagenet_c,defocus_blur,1,none
efficientnet_b4,ILSVRC2012_val_00018938.JPEG,n03384352,561,561,0.6669729,1,imagenet_c,defocus_blur,1,none
efficientnet_b4,ILSVRC2012_val_00019579.JPEG,n03384352,561,561,0.7500479,1,imagenet_c,defocus_blur,1,none
efficientnet_b4,ILSVRC2012_val_00020317.JPEG,n03384352,561,561,0.6499282,1,imagenet_c,defocus_blur,1,none
efficientnet_b4,ILSVRC2012_val_00021815.JPEG,n03384352,561,561,0.7595871,1,imagenet_c,defocus_blur,1,none
efficientnet_b4,ILSVRC2012_val_00023568.JPEG,n03384352,561,561,0.25969386,1,imagenet_c,defocus_blur,1,none
efficientnet_b4,ILSVRC2012_val_00024267.JPEG,n03384352,561,561,0.33706418,1,imagenet_c,defocus_blur,1,none
efficientnet_b4,ILSVRC2012_val_00025503.JPEG,n03384352,561,561,0.48685247,1,imagenet_c,defocus_blur,1,none
efficientnet_b4,ILSVRC2012_val_00026695.JPEG,n03384352,561,561,0.6787077,1,imagenet_c,defocus_blur,1,none
efficientnet_b4,ILSVRC2012_val_00028183.JPEG,n03384352,561,561,0.31888708,1,imagenet_c,defocus_blur,1,none
efficientnet_b4,ILSVRC2012_val_00030548.JPEG,n03384352,561,561,0.25678962,1,imagenet_c,defocus_blur,1,none
efficientnet_b4,ILSVRC2012_val_00030800.JPEG,n03384352,561,981,0.1706047,0,imagenet_c,defocus_blur,1,none
efficientnet_b4,ILSVRC2012_val_00032211.JPEG,n03384352,561,561,0.40906912,1,imagenet_c,defocus_blur,1,none
efficientnet_b4,ILSVRC2012_val_00032931.JPEG,n03384352,561,561,0.41715965,1,imagenet_c,defocus_blur,1,none
efficientnet_b4,ILSVRC2012_val_00033601.JPEG,n03384352,561,561,0.50195307,1,imagenet_c,defocus_blur,1,none
efficientnet_b4,ILSVRC2012_val_00035777.JPEG,n03384352,561,561,0.54796714,1,imagenet_c,defocus_blur,1,none
efficientnet_b4,ILSVRC2012_val_00036025.JPEG,n03384352,561,779,0.0906152,0,imagenet_c,defocus_blur,1,none
efficientnet_b4,ILSVRC2012_val_00036508.JPEG,n03384352,561,561,0.6188048,1,imagenet_c,defocus_blur,1,none
efficientnet_b4,ILSVRC2012_val_00036594.JPEG,n03384352,561,561,0.40016037,1,imagenet_c,defocus_blur,1,none
efficientnet_b4,ILSVRC2012_val_00038470.JPEG,n03384352,561,569,0.079602495,0,imagenet_c,defocus_blur,1,none
efficientnet_b4,ILSVRC2012_val_00038817.JPEG,n03384352,561,561,0.35708195,1,imagenet_c,defocus_blur,1,none
efficientnet_b4,ILSVRC2012_val_00040588.JPEG,n03384352,561,561,0.40772218,1,imagenet_c,defocus_blur,1,none
efficientnet_b4,ILSVRC2012_val_00041656.JPEG,n03384352,561,561,0.46876088,1,imagenet_c,defocus_blur,1,none
efficientnet_b4,ILSVRC2012_val_00042081.JPEG,n03384352,561,866,0.20884272,0,imagenet_c,defocus_blur,1,none
efficientnet_b4,ILSVRC2012_val_00043628.JPEG,n03384352,561,561,0.3810438,1,imagenet_c,defocus_blur,1,none
efficientnet_b4,ILSVRC2012_val_00043793.JPEG,n03384352,561,575,0.33607817,0,imagenet_c,defocus_blur,1,none
efficientnet_b4,ILSVRC2012_val_00045722.JPEG,n03384352,561,561,0.5908152,1,imagenet_c,defocus_blur,1,none
efficientnet_b4,ILSVRC2012_val_00045842.JPEG,n03384352,561,561,0.16147214,1,imagenet_c,defocus_blur,1,none
efficientnet_b4,ILSVRC2012_val_00045886.JPEG,n03384352,561,866,0.13409628,0,imagenet_c,defocus_blur,1,none
efficientnet_b4,ILSVRC2012_val_00046576.JPEG,n03384352,561,561,0.65706724,1,imagenet_c,defocus_blur,1,none
efficientnet_b4,ILSVRC2012_val_00001018.JPEG,n03388043,562,562,0.5296585,1,imagenet_c,defocus_blur,1,none
efficientnet_b4,ILSVRC2012_val_00001350.JPEG,n03388043,562,974,0.30708012,0,imagenet_c,defocus_blur,1,none
efficientnet_b4,ILSVRC2012_val_00002019.JPEG,n03388043,562,562,0.2752384,1,imagenet_c,defocus_blur,1,none
efficientnet_b4,ILSVRC2012_val_00004673.JPEG,n03388043,562,562,0.6198401,1,imagenet_c,defocus_blur,1,none
efficientnet_b4,ILSVRC2012_val_00005961.JPEG,n03388043,562,562,0.049335763,1,imagenet_c,defocus_blur,1,none
efficientnet_b4,ILSVRC2012_val_00006101.JPEG,n03388043,562,562,0.24582584,1,imagenet_c,defocus_blur,1,none
efficientnet_b4,ILSVRC2012_val_00006134.JPEG,n03388043,562,574,0.2945298,0,imagenet_c,defocus_blur,1,none
efficientnet_b4,ILSVRC2012_val_00008199.JPEG,n03388043,562,849,0.084672324,0,imagenet_c,defocus_blur,1,none
efficientnet_b4,ILSVRC2012_val_00008290.JPEG,n03388043,562,562,0.6394225,1,imagenet_c,defocus_blur,1,none
efficientnet_b4,ILSVRC2012_val_00010347.JPEG,n03388043,562,562,0.15426074,1,imagenet_c,defocus_blur,1,none
efficientnet_b4,ILSVRC2012_val_00011075.JPEG,n03388043,562,562,0.13706775,1,imagenet_c,defocus_blur,1,none
efficientnet_b4,ILSVRC2012_val_00013530.JPEG,n03388043,562,529,0.054615255,0,imagenet_c,defocus_blur,1,none
efficientnet_b4,ILSVRC2012_val_00014516.JPEG,n03388043,562,562,0.5939409,1,imagenet_c,defocus_blur,1,none
efficientnet_b4,ILSVRC2012_val_00014682.JPEG,n03388043,562,562,0.29694048,1,imagenet_c,defocus_blur,1,none
efficientnet_b4,ILSVRC2012_val_00016149.JPEG,n03388043,562,562,0.44676363,1,imagenet_c,defocus_blur,1,none
efficientnet_b4,ILSVRC2012_val_00016406.JPEG,n03388043,562,698,0.16982833,0,imagenet_c,defocus_blur,1,none
efficientnet_b4,ILSVRC2012_val_00016719.JPEG,n03388043,562,562,0.4768119,1,imagenet_c,defocus_blur,1,none
efficientnet_b4,ILSVRC2012_val_00017412.JPEG,n03388043,562,198,0.07106572,0,imagenet_c,defocus_blur,1,none
efficientnet_b4,ILSVRC2012_val_00019659.JPEG,n03388043,562,517,0.14061426,0,imagenet_c,defocus_blur,1,none
efficientnet_b4,ILSVRC2012_val_00023376.JPEG,n03388043,562,562,0.12870415,1,imagenet_c,defocus_blur,1,none
efficientnet_b4,ILSVRC2012_val_00023645.JPEG,n03388043,562,522,0.14917716,0,imagenet_c,defocus_blur,1,none
efficientnet_b4,ILSVRC2012_val_00024641.JPEG,n03388043,562,562,0.64320695,1,imagenet_c,defocus_blur,1,none
efficientnet_b4,ILSVRC2012_val_00024660.JPEG,n03388043,562,562,0.6883876,1,imagenet_c,defocus_blur,1,none
efficientnet_b4,ILSVRC2012_val_00025123.JPEG,n03388043,562,832,0.16333653,0,imagenet_c,defocus_blur,1,none
efficientnet_b4,ILSVRC2012_val_00027467.JPEG,n03388043,562,562,0.123672515,1,imagenet_c,defocus_blur,1,none
efficientnet_b4,ILSVRC2012_val_00027711.JPEG,n03388043,562,562,0.5265993,1,imagenet_c,defocus_blur,1,none
efficientnet_b4,ILSVRC2012_val_00027960.JPEG,n03388043,562,562,0.11688838,1,imagenet_c,defocus_blur,1,none
efficientnet_b4,ILSVRC2012_val_00028511.JPEG,n03388043,562,969,0.07355803,0,imagenet_c,defocus_blur,1,none
efficientnet_b4,ILSVRC2012_val_00028934.JPEG,n03388043,562,835,0.1287912,0,imagenet_c,defocus_blur,1,none
efficientnet_b4,ILSVRC2012_val_00029752.JPEG,n03388043,562,562,0.40707535,1,imagenet_c,defocus_blur,1,none
efficientnet_b4,ILSVRC2012_val_00030194.JPEG,n03388043,562,562,0.3168722,1,imagenet_c,defocus_blur,1,none
efficientnet_b4,ILSVRC2012_val_00030286.JPEG,n03388043,562,562,0.70091885,1,imagenet_c,defocus_blur,1,none
efficientnet_b4,ILSVRC2012_val_00030720.JPEG,n03388043,562,562,0.14934884,1,imagenet_c,defocus_blur,1,none
efficientnet_b4,ILSVRC2012_val_00031009.JPEG,n03388043,562,562,0.6801605,1,imagenet_c,defocus_blur,1,none
efficientnet_b4,ILSVRC2012_val_00032020.JPEG,n03388043,562,562,0.3456975,1,imagenet_c,defocus_blur,1,none
efficientnet_b4,ILSVRC2012_val_00034662.JPEG,n03388043,562,562,0.55500036,1,imagenet_c,defocus_blur,1,none
efficientnet_b4,ILSVRC2012_val_00039949.JPEG,n03388043,562,562,0.43951926,1,imagenet_c,defocus_blur,1,none
efficientnet_b4,ILSVRC2012_val_00040064.JPEG,n03388043,562,562,0.52426136,1,imagenet_c,defocus_blur,1,none
efficientnet_b4,ILSVRC2012_val_00040346.JPEG,n03388043,562,562,0.41272783,1,imagenet_c,defocus_blur,1,none
efficientnet_b4,ILSVRC2012_val_00040490.JPEG,n03388043,562,562,0.5077782,1,imagenet_c,defocus_blur,1,none
efficientnet_b4,ILSVRC2012_val_00041896.JPEG,n03388043,562,447,0.020828195,0,imagenet_c,defocus_blur,1,none
efficientnet_b4,ILSVRC2012_val_00042063.JPEG,n03388043,562,562,0.20395784,1,imagenet_c,defocus_blur,1,none
efficientnet_b4,ILSVRC2012_val_00042067.JPEG,n03388043,562,576,0.14757642,0,imagenet_c,defocus_blur,1,none
efficientnet_b4,ILSVRC2012_val_00042250.JPEG,n03388043,562,744,0.12945506,0,imagenet_c,defocus_blur,1,none
efficientnet_b4,ILSVRC2012_val_00046635.JPEG,n03388043,562,562,0.14215933,1,imagenet_c,defocus_blur,1,none
efficientnet_b4,ILSVRC2012_val_00046821.JPEG,n03388043,562,562,0.23638381,1,imagenet_c,defocus_blur,1,none
efficientnet_b4,ILSVRC2012_val_00046842.JPEG,n03388043,562,562,0.42355567,1,imagenet_c,defocus_blur,1,none
efficientnet_b4,ILSVRC2012_val_00047745.JPEG,n03388043,562,562,0.092047475,1,imagenet_c,defocus_blur,1,none
efficientnet_b4,ILSVRC2012_val_00049137.JPEG,n03388043,562,80,0.033822965,0,imagenet_c,defocus_blur,1,none
efficientnet_b4,ILSVRC2012_val_00049852.JPEG,n03388043,562,562,0.329662,1,imagenet_c,defocus_blur,1,none
efficientnet_b4,ILSVRC2012_val_00002799.JPEG,n03388183,563,563,0.59537536,1,imagenet_c,defocus_blur,1,none
efficientnet_b4,ILSVRC2012_val_00002830.JPEG,n03388183,563,563,0.46624368,1,imagenet_c,defocus_blur,1,none
efficientnet_b4,ILSVRC2012_val_00003850.JPEG,n03388183,563,563,0.37058833,1,imagenet_c,defocus_blur,1,none
efficientnet_b4,ILSVRC2012_val_00005179.JPEG,n03388183,563,563,0.19776338,1,imagenet_c,defocus_blur,1,none
efficientnet_b4,ILSVRC2012_val_00005545.JPEG,n03388183,563,563,0.3991735,1,imagenet_c,defocus_blur,1,none
efficientnet_b4,ILSVRC2012_val_00005686.JPEG,n03388183,563,418,0.46644405,0,imagenet_c,defocus_blur,1,none
efficientnet_b4,ILSVRC2012_val_00006318.JPEG,n03388183,563,563,0.29118338,1,imagenet_c,defocus_blur,1,none
efficientnet_b4,ILSVRC2012_val_00006583.JPEG,n03388183,563,418,0.2311301,0,imagenet_c,defocus_blur,1,none
efficientnet_b4,ILSVRC2012_val_00007518.JPEG,n03388183,563,563,0.6091431,1,imagenet_c,defocus_blur,1,none
efficientnet_b4,ILSVRC2012_val_00008341.JPEG,n03388183,563,563,0.5316163,1,imagenet_c,defocus_blur,1,none
efficientnet_b4,ILSVRC2012_val_00008576.JPEG,n03388183,563,563,0.19013834,1,imagenet_c,defocus_blur,1,none
efficientnet_b4,ILSVRC2012_val_00008628.JPEG,n03388183,563,629,0.649961,0,imagenet_c,defocus_blur,1,none
efficientnet_b4,ILSVRC2012_val_00010518.JPEG,n03388183,563,563,0.3249693,1,imagenet_c,defocus_blur,1,none
efficientnet_b4,ILSVRC2012_val_00011215.JPEG,n03388183,563,418,0.6177764,0,imagenet_c,defocus_blur,1,none
efficientnet_b4,ILSVRC2012_val_00011312.JPEG,n03388183,563,563,0.8121155,1,imagenet_c,defocus_blur,1,none
efficientnet_b4,ILSVRC2012_val_00011739.JPEG,n03388183,563,563,0.693171,1,imagenet_c,defocus_blur,1,none
efficientnet_b4,ILSVRC2012_val_00014907.JPEG,n03388183,563,563,0.6989386,1,imagenet_c,defocus_blur,1,none
efficientnet_b4,ILSVRC2012_val_00015966.JPEG,n03388183,563,629,0.3357321,0,imagenet_c,defocus_blur,1,none
efficientnet_b4,ILSVRC2012_val_00016228.JPEG,n03388183,563,418,0.64217603,0,imagenet_c,defocus_blur,1,none
efficientnet_b4,ILSVRC2012_val_00016630.JPEG,n03388183,563,563,0.742539,1,imagenet_c,defocus_blur,1,none
efficientnet_b4,ILSVRC2012_val_00017298.JPEG,n03388183,563,563,0.55198014,1,imagenet_c,defocus_blur,1,none
efficientnet_b4,ILSVRC2012_val_00017301.JPEG,n03388183,563,477,0.39707524,0,imagenet_c,defocus_blur,1,none
efficientnet_b4,ILSVRC2012_val_00019194.JPEG,n03388183,563,563,0.53672624,1,imagenet_c,defocus_blur,1,none
efficientnet_b4,ILSVRC2012_val_00020340.JPEG,n03388183,563,563,0.19873019,1,imagenet_c,defocus_blur,1,none
efficientnet_b4,ILSVRC2012_val_00020364.JPEG,n03388183,563,563,0.7114657,1,imagenet_c,defocus_blur,1,none
efficientnet_b4,ILSVRC2012_val_00021816.JPEG,n03388183,563,563,0.75613415,1,imagenet_c,defocus_blur,1,none
efficientnet_b4,ILSVRC2012_val_00022973.JPEG,n03388183,563,902,0.117682576,0,imagenet_c,defocus_blur,1,none
efficientnet_b4,ILSVRC2012_val_00023396.JPEG,n03388183,563,563,0.34930435,1,imagenet_c,defocus_blur,1,none
efficientnet_b4,ILSVRC2012_val_00023743.JPEG,n03388183,563,418,0.3408698,0,imagenet_c,defocus_blur,1,none
efficientnet_b4,ILSVRC2012_val_00026453.JPEG,n03388183,563,563,0.65242416,1,imagenet_c,defocus_blur,1,none
efficientnet_b4,ILSVRC2012_val_00026838.JPEG,n03388183,563,563,0.4911057,1,imagenet_c,defocus_blur,1,none
efficientnet_b4,ILSVRC2012_val_00029637.JPEG,n03388183,563,563,0.62989086,1,imagenet_c,defocus_blur,1,none
efficientnet_b4,ILSVRC2012_val_00030495.JPEG,n03388183,563,563,0.53228915,1,imagenet_c,defocus_blur,1,none
efficientnet_b4,ILSVRC2012_val_00031715.JPEG,n03388183,563,563,0.6638547,1,imagenet_c,defocus_blur,1,none
efficientnet_b4,ILSVRC2012_val_00032689.JPEG,n03388183,563,563,0.5762625,1,imagenet_c,defocus_blur,1,none
efficientnet_b4,ILSVRC2012_val_00033096.JPEG,n03388183,563,563,0.34210598,1,imagenet_c,defocus_blur,1,none
efficientnet_b4,ILSVRC2012_val_00034555.JPEG,n03388183,563,563,0.6193431,1,imagenet_c,defocus_blur,1,none
efficientnet_b4,ILSVRC2012_val_00034978.JPEG,n03388183,563,563,0.7463759,1,imagenet_c,defocus_blur,1,none
efficientnet_b4,ILSVRC2012_val_00035197.JPEG,n03388183,563,563,0.7580115,1,imagenet_c,defocus_blur,1,none
efficientnet_b4,ILSVRC2012_val_00039206.JPEG,n03388183,563,563,0.62645954,1,imagenet_c,defocus_blur,1,none
efficientnet_b4,ILSVRC2012_val_00040319.JPEG,n03388183,563,418,0.34938622,0,imagenet_c,defocus_blur,1,none
efficientnet_b4,ILSVRC2012_val_00040541.JPEG,n03388183,563,563,0.5603195,1,imagenet_c,defocus_blur,1,none
efficientnet_b4,ILSVRC2012_val_00040940.JPEG,n03388183,563,418,0.22151826,0,imagenet_c,defocus_blur,1,none
efficientnet_b4,ILSVRC2012_val_00041326.JPEG,n03388183,563,563,0.5746365,1,imagenet_c,defocus_blur,1,none
efficientnet_b4,ILSVRC2012_val_00044261.JPEG,n03388183,563,418,0.25747308,0,imagenet_c,defocus_blur,1,none
efficientnet_b4,ILSVRC2012_val_00045511.JPEG,n03388183,563,563,0.50760305,1,imagenet_c,defocus_blur,1,none
efficientnet_b4,ILSVRC2012_val_00045654.JPEG,n03388183,563,418,0.4075016,0,imagenet_c,defocus_blur,1,none
efficientnet_b4,ILSVRC2012_val_00047698.JPEG,n03388183,563,777,0.56323385,0,imagenet_c,defocus_blur,1,none
efficientnet_b4,ILSVRC2012_val_00047917.JPEG,n03388183,563,563,0.66220534,1,imagenet_c,defocus_blur,1,none
efficientnet_b4,ILSVRC2012_val_00048616.JPEG,n03388183,563,677,0.26737005,0,imagenet_c,defocus_blur,1,none
efficientnet_b4,ILSVRC2012_val_00002945.JPEG,n03388549,564,564,0.5992834,1,imagenet_c,defocus_blur,1,none
efficientnet_b4,ILSVRC2012_val_00003653.JPEG,n03388549,564,564,0.44251308,1,imagenet_c,defocus_blur,1,none
efficientnet_b4,ILSVRC2012_val_00004645.JPEG,n03388549,564,564,0.56839395,1,imagenet_c,defocus_blur,1,none
efficientnet_b4,ILSVRC2012_val_00004768.JPEG,n03388549,564,854,0.15440026,0,imagenet_c,defocus_blur,1,none
efficientnet_b4,ILSVRC2012_val_00005260.JPEG,n03388549,564,564,0.73545635,1,imagenet_c,defocus_blur,1,none
efficientnet_b4,ILSVRC2012_val_00009375.JPEG,n03388549,564,564,0.4244155,1,imagenet_c,defocus_blur,1,none
efficientnet_b4,ILSVRC2012_val_00009721.JPEG,n03388549,564,564,0.6372491,1,imagenet_c,defocus_blur,1,none
efficientnet_b4,ILSVRC2012_val_00010124.JPEG,n03388549,564,564,0.6735271,1,imagenet_c,defocus_blur,1,none
efficientnet_b4,ILSVRC2012_val_00011460.JPEG,n03388549,564,564,0.67807627,1,imagenet_c,defocus_blur,1,none
efficientnet_b4,ILSVRC2012_val_00012333.JPEG,n03388549,564,564,0.08603577,1,imagenet_c,defocus_blur,1,none
efficientnet_b4,ILSVRC2012_val_00013829.JPEG,n03388549,564,564,0.7155431,1,imagenet_c,defocus_blur,1,none
efficientnet_b4,ILSVRC2012_val_00015918.JPEG,n03388549,564,556,0.08073262,0,imagenet_c,defocus_blur,1,none
efficientnet_b4,ILSVRC2012_val_00016167.JPEG,n03388549,564,564,0.7197979,1,imagenet_c,defocus_blur,1,none
efficientnet_b4,ILSVRC2012_val_00016373.JPEG,n03388549,564,516,0.034729596,0,imagenet_c,defocus_blur,1,none
efficientnet_b4,ILSVRC2012_val_00016940.JPEG,n03388549,564,564,0.7635971,1,imagenet_c,defocus_blur,1,none
efficientnet_b4,ILSVRC2012_val_00019003.JPEG,n03388549,564,564,0.6746403,1,imagenet_c,defocus_blur,1,none
efficientnet_b4,ILSVRC2012_val_00019307.JPEG,n03388549,564,564,0.75635016,1,imagenet_c,defocus_blur,1,none
efficientnet_b4,ILSVRC2012_val_00020643.JPEG,n03388549,564,564,0.66667175,1,imagenet_c,defocus_blur,1,none
efficientnet_b4,ILSVRC2012_val_00021893.JPEG,n03388549,564,564,0.6687793,1,imagenet_c,defocus_blur,1,none
efficientnet_b4,ILSVRC2012_val_00021987.JPEG,n03388549,564,564,0.7056509,1,imagenet_c,defocus_blur,1,none
efficientnet_b4,ILSVRC2012_val_00022928.JPEG,n03388549,564,564,0.5892601,1,imagenet_c,defocus_blur,1,none
efficientnet_b4,ILSVRC2012_val_00022965.JPEG,n03388549,564,564,0.68224,1,imagenet_c,defocus_blur,1,none
efficientnet_b4,ILSVRC2012_val_00023430.JPEG,n03388549,564,564,0.62939566,1,imagenet_c,defocus_blur,1,none
efficientnet_b4,ILSVRC2012_val_00023839.JPEG,n03388549,564,564,0.523515,1,imagenet_c,defocus_blur,1,none
efficientnet_b4,ILSVRC2012_val_00024348.JPEG,n03388549,564,564,0.7673279,1,imagenet_c,defocus_blur,1,none
efficientnet_b4,ILSVRC2012_val_00024695.JPEG,n03388549,564,583,0.25510332,0,imagenet_c,defocus_blur,1,none
efficientnet_b4,ILSVRC2012_val_00025229.JPEG,n03388549,564,564,0.6614331,1,imagenet_c,defocus_blur,1,none
efficientnet_b4,ILSVRC2012_val_00025614.JPEG,n03388549,564,564,0.5814641,1,imagenet_c,defocus_blur,1,none
efficientnet_b4,ILSVRC2012_val_00026165.JPEG,n03388549,564,564,0.6333282,1,imagenet_c,defocus_blur,1,none
efficientnet_b4,ILSVRC2012_val_00026172.JPEG,n03388549,564,564,0.5316483,1,imagenet_c,defocus_blur,1,none
efficientnet_b4,ILSVRC2012_val_00030183.JPEG,n03388549,564,564,0.6199412,1,imagenet_c,defocus_blur,1,none
efficientnet_b4,ILSVRC2012_val_00031800.JPEG,n03388549,564,564,0.6767697,1,imagenet_c,defocus_blur,1,none
efficientnet_b4,ILSVRC2012_val_00032201.JPEG,n03388549,564,564,0.49509713,1,imagenet_c,defocus_blur,1,none
efficientnet_b4,ILSVRC2012_val_00033480.JPEG,n03388549,564,564,0.3833056,1,imagenet_c,defocus_blur,1,none
efficientnet_b4,ILSVRC2012_val_00033922.JPEG,n03388549,564,564,0.6762829,1,imagenet_c,defocus_blur,1,none
efficientnet_b4,ILSVRC2012_val_00035551.JPEG,n03388549,564,564,0.64840376,1,imagenet_c,defocus_blur,1,none
efficientnet_b4,ILSVRC2012_val_00036037.JPEG,n03388549,564,406,0.26341885,0,imagenet_c,defocus_blur,1,none
efficientnet_b4,ILSVRC2012_val_00036483.JPEG,n03388549,564,564,0.67021435,1,imagenet_c,defocus_blur,1,none
efficientnet_b4,ILSVRC2012_val_00037249.JPEG,n03388549,564,564,0.46921286,1,imagenet_c,defocus_blur,1,none
efficientnet_b4,ILSVRC2012_val_00038144.JPEG,n03388549,564,564,0.70467865,1,imagenet_c,defocus_blur,1,none
efficientnet_b4,ILSVRC2012_val_00038732.JPEG,n03388549,564,564,0.7142927,1,imagenet_c,defocus_blur,1,none
efficientnet_b4,ILSVRC2012_val_00039720.JPEG,n03388549,564,702,0.04687575,0,imagenet_c,defocus_blur,1,none
efficientnet_b4,ILSVRC2012_val_00040721.JPEG,n03388549,564,564,0.68651146,1,imagenet_c,defocus_blur,1,none
efficientnet_b4,ILSVRC2012_val_00041363.JPEG,n03388549,564,564,0.5484788,1,imagenet_c,defocus_blur,1,none
efficientnet_b4,ILSVRC2012_val_00041407.JPEG,n03388549,564,831,0.5756492,0,imagenet_c,defocus_blur,1,none
efficientnet_b4,ILSVRC2012_val_00043680.JPEG,n03388549,564,564,0.6302744,1,imagenet_c,defocus_blur,1,none
efficientnet_b4,ILSVRC2012_val_00045201.JPEG,n03388549,564,564,0.596949,1,imagenet_c,defocus_blur,1,none
efficientnet_b4,ILSVRC2012_val_00047074.JPEG,n03388549,564,564,0.56230146,1,imagenet_c,defocus_blur,1,none
efficientnet_b4,ILSVRC2012_val_00047459.JPEG,n03388549,564,564,0.1653884,1,imagenet_c,defocus_blur,1,none
efficientnet_b4,ILSVRC2012_val_00048243.JPEG,n03388549,564,423,0.055725522,0,imagenet_c,defocus_blur,1,none
efficientnet_b4,ILSVRC2012_val_00000047.JPEG,n03393912,565,565,0.51371276,1,imagenet_c,defocus_blur,1,none
efficientnet_b4,ILSVRC2012_val_00001451.JPEG,n03393912,565,565,0.6665534,1,imagenet_c,defocus_blur,1,none
efficientnet_b4,ILSVRC2012_val_00002009.JPEG,n03393912,565,565,0.44552535,1,imagenet_c,defocus_blur,1,none
efficientnet_b4,ILSVRC2012_val_00002256.JPEG,n03393912,565,565,0.52430326,1,imagenet_c,defocus_blur,1,none
efficientnet_b4,ILSVRC2012_val_00002595.JPEG,n03393912,565,978,0.016966956,0,imagenet_c,defocus_blur,1,none
efficientnet_b4,ILSVRC2012_val_00003909.JPEG,n03393912,565,565,0.4161891,1,imagenet_c,defocus_blur,1,none
efficientnet_b4,ILSVRC2012_val_00004018.JPEG,n03393912,565,565,0.6232104,1,imagenet_c,defocus_blur,1,none
efficientnet_b4,ILSVRC2012_val_00004389.JPEG,n03393912,565,565,0.5052728,1,imagenet_c,defocus_blur,1,none
efficientnet_b4,ILSVRC2012_val_00005261.JPEG,n03393912,565,565,0.6991845,1,imagenet_c,defocus_blur,1,none
efficientnet_b4,ILSVRC2012_val_00005692.JPEG,n03393912,565,565,0.3477118,1,imagenet_c,defocus_blur,1,none
efficientnet_b4,ILSVRC2012_val_00006346.JPEG,n03393912,565,565,0.50891083,1,imagenet_c,defocus_blur,1,none
efficientnet_b4,ILSVRC2012_val_00006511.JPEG,n03393912,565,565,0.6196653,1,imagenet_c,defocus_blur,1,none
efficientnet_b4,ILSVRC2012_val_00006870.JPEG,n03393912,565,565,0.48109147,1,imagenet_c,defocus_blur,1,none
efficientnet_b4,ILSVRC2012_val_00009717.JPEG,n03393912,565,565,0.66045123,1,imagenet_c,defocus_blur,1,none
efficientnet_b4,ILSVRC2012_val_00013595.JPEG,n03393912,565,565,0.28852314,1,imagenet_c,defocus_blur,1,none
efficientnet_b4,ILSVRC2012_val_00015947.JPEG,n03393912,565,565,0.56091756,1,imagenet_c,defocus_blur,1,none
efficientnet_b4,ILSVRC2012_val_00016231.JPEG,n03393912,565,565,0.5531368,1,imagenet_c,defocus_blur,1,none
efficientnet_b4,ILSVRC2012_val_00017306.JPEG,n03393912,565,565,0.5148982,1,imagenet_c,defocus_blur,1,none
efficientnet_b4,ILSVRC2012_val_00017525.JPEG,n03393912,565,744,0.14115344,0,imagenet_c,defocus_blur,1,none
efficientnet_b4,ILSVRC2012_val_00017652.JPEG,n03393912,565,565,0.46154976,1,imagenet_c,defocus_blur,1,none
efficientnet_b4,ILSVRC2012_val_00018018.JPEG,n03393912,565,565,0.5201438,1,imagenet_c,defocus_blur,1,none
efficientnet_b4,ILSVRC2012_val_00020625.JPEG,n03393912,565,565,0.24969666,1,imagenet_c,defocus_blur,1,none
efficientnet_b4,ILSVRC2012_val_00020659.JPEG,n03393912,565,565,0.54676586,1,imagenet_c,defocus_blur,1,none
efficientnet_b4,ILSVRC2012_val_00020706.JPEG,n03393912,565,565,0.6054374,1,imagenet_c,defocus_blur,1,none
efficientnet_b4,ILSVRC2012_val_00020863.JPEG,n03393912,565,565,0.59587103,1,imagenet_c,defocus_blur,1,none
efficientnet_b4,ILSVRC2012_val_00022885.JPEG,n03393912,565,628,0.21123056,0,imagenet_c,defocus_blur,1,none
efficientnet_b4,ILSVRC2012_val_00023669.JPEG,n03393912,565,565,0.49409422,1,imagenet_c,defocus_blur,1,none
efficientnet_b4,ILSVRC2012_val_00028669.JPEG,n03393912,565,565,0.47213215,1,imagenet_c,defocus_blur,1,none
efficientnet_b4,ILSVRC2012_val_00029116.JPEG,n03393912,565,565,0.45156726,1,imagenet_c,defocus_blur,1,none
efficientnet_b4,ILSVRC2012_val_00029166.JPEG,n03393912,565,565,0.6360827,1,imagenet_c,defocus_blur,1,none
efficientnet_b4,ILSVRC2012_val_00029824.JPEG,n03393912,565,565,0.5040494,1,imagenet_c,defocus_blur,1,none
efficientnet_b4,ILSVRC2012_val_00032015.JPEG,n03393912,565,718,0.12021645,0,imagenet_c,defocus_blur,1,none
efficientnet_b4,ILSVRC2012_val_00033082.JPEG,n03393912,565,565,0.24780448,1,imagenet_c,defocus_blur,1,none
efficientnet_b4,ILSVRC2012_val_00033953.JPEG,n03393912,565,565,0.578295,1,imagenet_c,defocus_blur,1,none
efficientnet_b4,ILSVRC2012_val_00035384.JPEG,n03393912,565,565,0.6189777,1,imagenet_c,defocus_blur,1,none
efficientnet_b4,ILSVRC2012_val_00036114.JPEG,n03393912,565,565,0.6458562,1,imagenet_c,defocus_blur,1,none
efficientnet_b4,ILSVRC2012_val_00036338.JPEG,n03393912,565,565,0.42874542,1,imagenet_c,defocus_blur,1,none
efficientnet_b4,ILSVRC2012_val_00036670.JPEG,n03393912,565,565,0.5718718,1,imagenet_c,defocus_blur,1,none
efficientnet_b4,ILSVRC2012_val_00036706.JPEG,n03393912,565,565,0.5615846,1,imagenet_c,defocus_blur,1,none
efficientnet_b4,ILSVRC2012_val_00037466.JPEG,n03393912,565,565,0.5196575,1,imagenet_c,defocus_blur,1,none
efficientnet_b4,ILSVRC2012_val_00041002.JPEG,n03393912,565,565,0.5548078,1,imagenet_c,defocus_blur,1,none
efficientnet_b4,ILSVRC2012_val_00041457.JPEG,n03393912,565,565,0.4793511,1,imagenet_c,defocus_blur,1,none
efficientnet_b4,ILSVRC2012_val_00041592.JPEG,n03393912,565,565,0.5677664,1,imagenet_c,defocus_blur,1,none
efficientnet_b4,ILSVRC2012_val_00043284.JPEG,n03393912,565,565,0.5533911,1,imagenet_c,defocus_blur,1,none
efficientnet_b4,ILSVRC2012_val_00043311.JPEG,n03393912,565,565,0.56616724,1,imagenet_c,defocus_blur,1,none
efficientnet_b4,ILSVRC2012_val_00043881.JPEG,n03393912,565,565,0.27460527,1,imagenet_c,defocus_blur,1,none
efficientnet_b4,ILSVRC2012_val_00044688.JPEG,n03393912,565,565,0.59379816,1,imagenet_c,defocus_blur,1,none
efficientnet_b4,ILSVRC2012_val_00046281.JPEG,n03393912,565,565,0.74491507,1,imagenet_c,defocus_blur,1,none
efficientnet_b4,ILSVRC2012_val_00046790.JPEG,n03393912,565,565,0.485983,1,imagenet_c,defocus_blur,1,none
efficientnet_b4,ILSVRC2012_val_00047634.JPEG,n03393912,565,565,0.5095342,1,imagenet_c,defocus_blur,1,none
efficientnet_b4,ILSVRC2012_val_00000957.JPEG,n03394916,566,642,0.21343476,0,imagenet_c,defocus_blur,1,none
efficientnet_b4,ILSVRC2012_val_00001492.JPEG,n03394916,566,566,0.32935312,1,imagenet_c,defocus_blur,1,none
efficientnet_b4,ILSVRC2012_val_00003587.JPEG,n03394916,566,875,0.2746214,0,imagenet_c,defocus_blur,1,none
efficientnet_b4,ILSVRC2012_val_00003620.JPEG,n03394916,566,566,0.7038568,1,imagenet_c,defocus_blur,1,none
efficientnet_b4,ILSVRC2012_val_00003759.JPEG,n03394916,566,566,0.33386505,1,imagenet_c,defocus_blur,1,none
efficientnet_b4,ILSVRC2012_val_00004301.JPEG,n03394916,566,566,0.71342057,1,imagenet_c,defocus_blur,1,none
efficientnet_b4,ILSVRC2012_val_00005548.JPEG,n03394916,566,959,0.056966495,0,imagenet_c,defocus_blur,1,none
efficientnet_b4,ILSVRC2012_val_00005554.JPEG,n03394916,566,513,0.6473939,0,imagenet_c,defocus_blur,1,none
efficientnet_b4,ILSVRC2012_val_00007155.JPEG,n03394916,566,566,0.4787803,1,imagenet_c,defocus_blur,1,none
efficientnet_b4,ILSVRC2012_val_00007536.JPEG,n03394916,566,566,0.60962933,1,imagenet_c,defocus_blur,1,none
efficientnet_b4,ILSVRC2012_val_00007921.JPEG,n03394916,566,566,0.21128352,1,imagenet_c,defocus_blur,1,none
efficientnet_b4,ILSVRC2012_val_00007985.JPEG,n03394916,566,566,0.62351304,1,imagenet_c,defocus_blur,1,none
efficientnet_b4,ILSVRC2012_val_00009037.JPEG,n03394916,566,566,0.60572875,1,imagenet_c,defocus_blur,1,none
efficientnet_b4,ILSVRC2012_val_00009651.JPEG,n03394916,566,566,0.6266246,1,imagenet_c,defocus_blur,1,none
efficientnet_b4,ILSVRC2012_val_00011691.JPEG,n03394916,566,818,0.18231171,0,imagenet_c,defocus_blur,1,none
efficientnet_b4,ILSVRC2012_val_00013113.JPEG,n03394916,566,439,0.15569805,0,imagenet_c,defocus_blur,1,none
efficientnet_b4,ILSVRC2012_val_00013915.JPEG,n03394916,566,566,0.6522219,1,imagenet_c,defocus_blur,1,none
efficientnet_b4,ILSVRC2012_val_00015542.JPEG,n03394916,566,566,0.6845384,1,imagenet_c,defocus_blur,1,none
efficientnet_b4,ILSVRC2012_val_00017407.JPEG,n03394916,566,399,0.10126029,0,imagenet_c,defocus_blur,1,none
efficientnet_b4,ILSVRC2012_val_00019593.JPEG,n03394916,566,566,0.6133102,1,imagenet_c,defocus_blur,1,none
efficientnet_b4,ILSVRC2012_val_00022204.JPEG,n03394916,566,220,0.04096188,0,imagenet_c,defocus_blur,1,none
efficientnet_b4,ILSVRC2012_val_00022754.JPEG,n03394916,566,566,0.49930632,1,imagenet_c,defocus_blur,1,none
efficientnet_b4,ILSVRC2012_val_00023056.JPEG,n03394916,566,664,0.11728253,0,imagenet_c,defocus_blur,1,none
efficientnet_b4,ILSVRC2012_val_00024837.JPEG,n03394916,566,432,0.3069489,0,imagenet_c,defocus_blur,1,none
efficientnet_b4,ILSVRC2012_val_00025430.JPEG,n03394916,566,513,0.160886,0,imagenet_c,defocus_blur,1,none
efficientnet_b4,ILSVRC2012_val_00025583.JPEG,n03394916,566,566,0.48570594,1,imagenet_c,defocus_blur,1,none
efficientnet_b4,ILSVRC2012_val_00025761.JPEG,n03394916,566,513,0.3176579,0,imagenet_c,defocus_blur,1,none
efficientnet_b4,ILSVRC2012_val_00028399.JPEG,n03394916,566,816,0.23654589,0,imagenet_c,defocus_blur,1,none
efficientnet_b4,ILSVRC2012_val_00028723.JPEG,n03394916,566,566,0.61050636,1,imagenet_c,defocus_blur,1,none
efficientnet_b4,ILSVRC2012_val_00030728.JPEG,n03394916,566,566,0.31855518,1,imagenet_c,defocus_blur,1,none
efficientnet_b4,ILSVRC2012_val_00033682.JPEG,n03394916,566,875,0.10650381,0,imagenet_c,defocus_blur,1,none
efficientnet_b4,ILSVRC2012_val_00033784.JPEG,n03394916,566,880,0.07346319,0,imagenet_c,defocus_blur,1,none
efficientnet_b4,ILSVRC2012_val_00034826.JPEG,n03394916,566,513,0.47724712,0,imagenet_c,defocus_blur,1,none
efficientnet_b4,ILSVRC2012_val_00035433.JPEG,n03394916,566,566,0.634935,1,imagenet_c,defocus_blur,1,none
efficientnet_b4,ILSVRC2012_val_00037592.JPEG,n03394916,566,566,0.646731,1,imagenet_c,defocus_blur,1,none
efficientnet_b4,ILSVRC2012_val_00038137.JPEG,n03394916,566,566,0.5846175,1,imagenet_c,defocus_blur,1,none
efficientnet_b4,ILSVRC2012_val_00038727.JPEG,n03394916,566,566,0.62053436,1,imagenet_c,defocus_blur,1,none
efficientnet_b4,ILSVRC2012_val_00041242.JPEG,n03394916,566,439,0.1815767,0,imagenet_c,defocus_blur,1,none
efficientnet_b4,ILSVRC2012_val_00041247.JPEG,n03394916,566,400,0.31517467,0,imagenet_c,defocus_blur,1,none
efficientnet_b4,ILSVRC2012_val_00041668.JPEG,n03394916,566,566,0.71192205,1,imagenet_c,defocus_blur,1,none
efficientnet_b4,ILSVRC2012_val_00041958.JPEG,n03394916,566,566,0.29014134,1,imagenet_c,defocus_blur,1,none
efficientnet_b4,ILSVRC2012_val_00042707.JPEG,n03394916,566,432,0.31920692,0,imagenet_c,defocus_blur,1,none
efficientnet_b4,ILSVRC2012_val_00043278.JPEG,n03394916,566,566,0.6340248,1,imagenet_c,defocus_blur,1,none
efficientnet_b4,ILSVRC2012_val_00043988.JPEG,n03394916,566,566,0.5614025,1,imagenet_c,defocus_blur,1,none
efficientnet_b4,ILSVRC2012_val_00044598.JPEG,n03394916,566,566,0.70211715,1,imagenet_c,defocus_blur,1,none
efficientnet_b4,ILSVRC2012_val_00046669.JPEG,n03394916,566,566,0.7983534,1,imagenet_c,defocus_blur,1,none
efficientnet_b4,ILSVRC2012_val_00046826.JPEG,n03394916,566,566,0.76937294,1,imagenet_c,defocus_blur,1,none
efficientnet_b4,ILSVRC2012_val_00048138.JPEG,n03394916,566,566,0.10758688,1,imagenet_c,defocus_blur,1,none
efficientnet_b4,ILSVRC2012_val_00048303.JPEG,n03394916,566,566,0.48451015,1,imagenet_c,defocus_blur,1,none
efficientnet_b4,ILSVRC2012_val_00048507.JPEG,n03394916,566,566,0.1914176,1,imagenet_c,defocus_blur,1,none
efficientnet_b4,ILSVRC2012_val_00000516.JPEG,n03400231,567,740,0.09612714,0,imagenet_c,defocus_blur,1,none
efficientnet_b4,ILSVRC2012_val_00001620.JPEG,n03400231,567,567,0.46308756,1,imagenet_c,defocus_blur,1,none
efficientnet_b4,ILSVRC2012_val_00001843.JPEG,n03400231,567,567,0.24332799,1,imagenet_c,defocus_blur,1,none
efficientnet_b4,ILSVRC2012_val_00002423.JPEG,n03400231,567,519,0.1883048,0,imagenet_c,defocus_blur,1,none
efficientnet_b4,ILSVRC2012_val_00002860.JPEG,n03400231,567,567,0.53615457,1,imagenet_c,defocus_blur,1,none
efficientnet_b4,ILSVRC2012_val_00003111.JPEG,n03400231,567,567,0.3621193,1,imagenet_c,defocus_blur,1,none
efficientnet_b4,ILSVRC2012_val_00003162.JPEG,n03400231,567,544,0.22011797,0,imagenet_c,defocus_blur,1,none
efficientnet_b4,ILSVRC2012_val_00004787.JPEG,n03400231,567,567,0.10747047,1,imagenet_c,defocus_blur,1,none
efficientnet_b4,ILSVRC2012_val_00005394.JPEG,n03400231,567,713,0.09948482,0,imagenet_c,defocus_blur,1,none
efficientnet_b4,ILSVRC2012_val_00009196.JPEG,n03400231,567,567,0.7276052,1,imagenet_c,defocus_blur,1,none
efficientnet_b4,ILSVRC2012_val_00009309.JPEG,n03400231,567,567,0.83413625,1,imagenet_c,defocus_blur,1,none
efficientnet_b4,ILSVRC2012_val_00014088.JPEG,n03400231,567,567,0.31108856,1,imagenet_c,defocus_blur,1,none
efficientnet_b4,ILSVRC2012_val_00014537.JPEG,n03400231,567,567,0.5687624,1,imagenet_c,defocus_blur,1,none
efficientnet_b4,ILSVRC2012_val_00015404.JPEG,n03400231,567,870,0.19647628,0,imagenet_c,defocus_blur,1,none
efficientnet_b4,ILSVRC2012_val_00015489.JPEG,n03400231,567,567,0.8158661,1,imagenet_c,defocus_blur,1,none
efficientnet_b4,ILSVRC2012_val_00015937.JPEG,n03400231,567,567,0.34240943,1,imagenet_c,defocus_blur,1,none
efficientnet_b4,ILSVRC2012_val_00015984.JPEG,n03400231,567,567,0.90601546,1,imagenet_c,defocus_blur,1,none
efficientnet_b4,ILSVRC2012_val_00016201.JPEG,n03400231,567,964,0.33690125,0,imagenet_c,defocus_blur,1,none
efficientnet_b4,ILSVRC2012_val_00017396.JPEG,n03400231,567,567,0.66497815,1,imagenet_c,defocus_blur,1,none
efficientnet_b4,ILSVRC2012_val_00017770.JPEG,n03400231,567,567,0.35536245,1,imagenet_c,defocus_blur,1,none
efficientnet_b4,ILSVRC2012_val_00020087.JPEG,n03400231,567,567,0.26430088,1,imagenet_c,defocus_blur,1,none
efficientnet_b4,ILSVRC2012_val_00020799.JPEG,n03400231,567,641,0.13332948,0,imagenet_c,defocus_blur,1,none
efficientnet_b4,ILSVRC2012_val_00021535.JPEG,n03400231,567,633,0.4041437,0,imagenet_c,defocus_blur,1,none
efficientnet_b4,ILSVRC2012_val_00022472.JPEG,n03400231,567,567,0.49674863,1,imagenet_c,defocus_blur,1,none
efficientnet_b4,ILSVRC2012_val_00022777.JPEG,n03400231,567,567,0.569237,1,imagenet_c,defocus_blur,1,none
efficientnet_b4,ILSVRC2012_val_00023630.JPEG,n03400231,567,567,0.21905781,1,imagenet_c,defocus_blur,1,none
efficientnet_b4,ILSVRC2012_val_00024865.JPEG,n03400231,567,567,0.5771082,1,imagenet_c,defocus_blur,1,none
efficientnet_b4,ILSVRC2012_val_00025760.JPEG,n03400231,567,924,0.14828755,0,imagenet_c,defocus_blur,1,none
efficientnet_b4,ILSVRC2012_val_00026723.JPEG,n03400231,567,567,0.14421524,1,imagenet_c,defocus_blur,1,none
efficientnet_b4,ILSVRC2012_val_00027646.JPEG,n03400231,567,567,0.7486853,1,imagenet_c,defocus_blur,1,none
efficientnet_b4,ILSVRC2012_val_00030273.JPEG,n03400231,567,567,0.41686228,1,imagenet_c,defocus_blur,1,none
efficientnet_b4,ILSVRC2012_val_00031422.JPEG,n03400231,567,111,0.21893406,0,imagenet_c,defocus_blur,1,none
efficientnet_b4,ILSVRC2012_val_00033419.JPEG,n03400231,567,567,0.6453836,1,imagenet_c,defocus_blur,1,none
efficientnet_b4,ILSVRC2012_val_00033436.JPEG,n03400231,567,644,0.7570532,0,imagenet_c,defocus_blur,1,none
efficientnet_b4,ILSVRC2012_val_00034320.JPEG,n03400231,567,813,0.0878226,0,imagenet_c,defocus_blur,1,none
efficientnet_b4,ILSVRC2012_val_00035422.JPEG,n03400231,567,567,0.6288026,1,imagenet_c,defocus_blur,1,none
efficientnet_b4,ILSVRC2012_val_00037961.JPEG,n03400231,567,567,0.65211123,1,imagenet_c,defocus_blur,1,none
efficientnet_b4,ILSVRC2012_val_00039653.JPEG,n03400231,567,813,0.077001594,0,imagenet_c,defocus_blur,1,none
efficientnet_b4,ILSVRC2012_val_00041297.JPEG,n03400231,567,567,0.32600287,1,imagenet_c,defocus_blur,1,none
efficientnet_b4,ILSVRC2012_val_00041721.JPEG,n03400231,567,544,0.37023607,0,imagenet_c,defocus_blur,1,none
efficientnet_b4,ILSVRC2012_val_00042145.JPEG,n03400231,567,787,0.29233265,0,imagenet_c,defocus_blur,1,none
efficientnet_b4,ILSVRC2012_val_00042520.JPEG,n03400231,567,844,0.15440795,0,imagenet_c,defocus_blur,1,none
efficientnet_b4,ILSVRC2012_val_00044810.JPEG,n03400231,567,567,0.19722116,1,imagenet_c,defocus_blur,1,none
efficientnet_b4,ILSVRC2012_val_00045855.JPEG,n03400231,567,909,0.16788347,0,imagenet_c,defocus_blur,1,none
efficientnet_b4,ILSVRC2012_val_00046101.JPEG,n03400231,567,567,0.0863164,1,imagenet_c,defocus_blur,1,none
efficientnet_b4,ILSVRC2012_val_00047233.JPEG,n03400231,567,567,0.64801484,1,imagenet_c,defocus_blur,1,none
efficientnet_b4,ILSVRC2012_val_00047824.JPEG,n03400231,567,567,0.8244034,1,imagenet_c,defocus_blur,1,none
efficientnet_b4,ILSVRC2012_val_00049394.JPEG,n03400231,567,923,0.24287665,0,imagenet_c,defocus_blur,1,none
efficientnet_b4,ILSVRC2012_val_00049474.JPEG,n03400231,567,567,0.30342987,1,imagenet_c,defocus_blur,1,none
efficientnet_b4,ILSVRC2012_val_00049919.JPEG,n03400231,567,959,0.15742236,0,imagenet_c,defocus_blur,1,none
efficientnet_b4,ILSVRC2012_val_00000641.JPEG,n03404251,568,568,0.43493405,1,imagenet_c,defocus_blur,1,none
efficientnet_b4,ILSVRC2012_val_00004835.JPEG,n03404251,568,433,0.59598917,0,imagenet_c,defocus_blur,1,none
efficientnet_b4,ILSVRC2012_val_00004849.JPEG,n03404251,568,568,0.5485335,1,imagenet_c,defocus_blur,1,none
efficientnet_b4,ILSVRC2012_val_00005864.JPEG,n03404251,568,568,0.23232819,1,imagenet_c,defocus_blur,1,none
efficientnet_b4,ILSVRC2012_val_00006946.JPEG,n03404251,568,568,0.45838276,1,imagenet_c,defocus_blur,1,none
efficientnet_b4,ILSVRC2012_val_00008886.JPEG,n03404251,568,400,0.06938011,0,imagenet_c,defocus_blur,1,none
efficientnet_b4,ILSVRC2012_val_00009385.JPEG,n03404251,568,568,0.8220857,1,imagenet_c,defocus_blur,1,none
efficientnet_b4,ILSVRC2012_val_00010157.JPEG,n03404251,568,568,0.07090677,1,imagenet_c,defocus_blur,1,none
efficientnet_b4,ILSVRC2012_val_00010419.JPEG,n03404251,568,568,0.66204375,1,imagenet_c,defocus_blur,1,none
efficientnet_b4,ILSVRC2012_val_00013293.JPEG,n03404251,568,568,0.40816474,1,imagenet_c,defocus_blur,1,none
efficientnet_b4,ILSVRC2012_val_00014604.JPEG,n03404251,568,568,0.65555173,1,imagenet_c,defocus_blur,1,none
efficientnet_b4,ILSVRC2012_val_00014658.JPEG,n03404251,568,568,0.75507367,1,imagenet_c,defocus_blur,1,none
efficientnet_b4,ILSVRC2012_val_00015466.JPEG,n03404251,568,568,0.060079407,1,imagenet_c,defocus_blur,1,none
efficientnet_b4,ILSVRC2012_val_00017182.JPEG,n03404251,568,501,0.74252254,0,imagenet_c,defocus_blur,1,none
efficientnet_b4,ILSVRC2012_val_00017901.JPEG,n03404251,568,220,0.06378995,0,imagenet_c,defocus_blur,1,none
efficientnet_b4,ILSVRC2012_val_00018215.JPEG,n03404251,568,568,0.46812707,1,imagenet_c,defocus_blur,1,none
efficientnet_b4,ILSVRC2012_val_00018425.JPEG,n03404251,568,568,0.5899315,1,imagenet_c,defocus_blur,1,none
efficientnet_b4,ILSVRC2012_val_00018740.JPEG,n03404251,568,568,0.59745914,1,imagenet_c,defocus_blur,1,none
efficientnet_b4,ILSVRC2012_val_00019881.JPEG,n03404251,568,568,0.60180575,1,imagenet_c,defocus_blur,1,none
efficientnet_b4,ILSVRC2012_val_00020955.JPEG,n03404251,568,568,0.48902386,1,imagenet_c,defocus_blur,1,none
efficientnet_b4,ILSVRC2012_val_00021886.JPEG,n03404251,568,568,0.20850703,1,imagenet_c,defocus_blur,1,none
efficientnet_b4,ILSVRC2012_val_00022637.JPEG,n03404251,568,869,0.2516628,0,imagenet_c,defocus_blur,1,none
efficientnet_b4,ILSVRC2012_val_00022952.JPEG,n03404251,568,568,0.23972575,1,imagenet_c,defocus_blur,1,none
efficientnet_b4,ILSVRC2012_val_00025292.JPEG,n03404251,568,568,0.38540038,1,imagenet_c,defocus_blur,1,none
efficientnet_b4,ILSVRC2012_val_00027651.JPEG,n03404251,568,568,0.2644979,1,imagenet_c,defocus_blur,1,none
efficientnet_b4,ILSVRC2012_val_00027815.JPEG,n03404251,568,568,0.8262258,1,imagenet_c,defocus_blur,1,none
efficientnet_b4,ILSVRC2012_val_00029075.JPEG,n03404251,568,424,0.15673594,0,imagenet_c,defocus_blur,1,none
efficientnet_b4,ILSVRC2012_val_00029443.JPEG,n03404251,568,568,0.31727165,1,imagenet_c,defocus_blur,1,none
efficientnet_b4,ILSVRC2012_val_00029917.JPEG,n03404251,568,854,0.113134876,0,imagenet_c,defocus_blur,1,none
efficientnet_b4,ILSVRC2012_val_00030137.JPEG,n03404251,568,568,0.6380799,1,imagenet_c,defocus_blur,1,none
efficientnet_b4,ILSVRC2012_val_00031173.JPEG,n03404251,568,568,0.47475493,1,imagenet_c,defocus_blur,1,none
efficientnet_b4,ILSVRC2012_val_00032511.JPEG,n03404251,568,568,0.7257817,1,imagenet_c,defocus_blur,1,none
efficientnet_b4,ILSVRC2012_val_00032686.JPEG,n03404251,568,568,0.19107085,1,imagenet_c,defocus_blur,1,none
efficientnet_b4,ILSVRC2012_val_00032881.JPEG,n03404251,568,568,0.2615428,1,imagenet_c,defocus_blur,1,none
efficientnet_b4,ILSVRC2012_val_00033246.JPEG,n03404251,568,568,0.28956687,1,imagenet_c,defocus_blur,1,none
efficientnet_b4,ILSVRC2012_val_00033667.JPEG,n03404251,568,568,0.5398396,1,imagenet_c,defocus_blur,1,none
efficientnet_b4,ILSVRC2012_val_00034918.JPEG,n03404251,568,568,0.4860677,1,imagenet_c,defocus_blur,1,none
efficientnet_b4,ILSVRC2012_val_00036931.JPEG,n03404251,568,568,0.043781515,1,imagenet_c,defocus_blur,1,none
efficientnet_b4,ILSVRC2012_val_00038511.JPEG,n03404251,568,869,0.23618652,0,imagenet_c,defocus_blur,1,none
efficientnet_b4,ILSVRC2012_val_00038659.JPEG,n03404251,568,568,0.6530038,1,imagenet_c,defocus_blur,1,none
efficientnet_b4,ILSVRC2012_val_00040740.JPEG,n03404251,568,568,0.5437267,1,imagenet_c,defocus_blur,1,none
efficientnet_b4,ILSVRC2012_val_00041273.JPEG,n03404251,568,797,0.50459284,0,imagenet_c,defocus_blur,1,none
efficientnet_b4,ILSVRC2012_val_00042396.JPEG,n03404251,568,568,0.31026855,1,imagenet_c,defocus_blur,1,none
efficientnet_b4,ILSVRC2012_val_00042865.JPEG,n03404251,568,568,0.22616738,1,imagenet_c,defocus_blur,1,none
efficientnet_b4,ILSVRC2012_val_00042989.JPEG,n03404251,568,399,0.29376563,0,imagenet_c,defocus_blur,1,none
efficientnet_b4,ILSVRC2012_val_00044196.JPEG,n03404251,568,568,0.60633826,1,imagenet_c,defocus_blur,1,none
efficientnet_b4,ILSVRC2012_val_00044221.JPEG,n03404251,568,568,0.3041149,1,imagenet_c,defocus_blur,1,none
efficientnet_b4,ILSVRC2012_val_00044325.JPEG,n03404251,568,891,0.06292553,0,imagenet_c,defocus_blur,1,none
efficientnet_b4,ILSVRC2012_val_00046152.JPEG,n03404251,568,568,0.55606407,1,imagenet_c,defocus_blur,1,none
efficientnet_b4,ILSVRC2012_val_00049860.JPEG,n03404251,568,568,0.62930924,1,imagenet_c,defocus_blur,1,none
efficientnet_b4,ILSVRC2012_val_00001144.JPEG,n03417042,569,569,0.6658945,1,imagenet_c,defocus_blur,1,none
efficientnet_b4,ILSVRC2012_val_00002210.JPEG,n03417042,569,569,0.39192948,1,imagenet_c,defocus_blur,1,none
efficientnet_b4,ILSVRC2012_val_00002434.JPEG,n03417042,569,569,0.67794836,1,imagenet_c,defocus_blur,1,none
efficientnet_b4,ILSVRC2012_val_00004119.JPEG,n03417042,569,803,0.26576388,0,imagenet_c,defocus_blur,1,none
efficientnet_b4,ILSVRC2012_val_00005094.JPEG,n03417042,569,569,0.545368,1,imagenet_c,defocus_blur,1,none
efficientnet_b4,ILSVRC2012_val_00005744.JPEG,n03417042,569,867,0.2823742,0,imagenet_c,defocus_blur,1,none
efficientnet_b4,ILSVRC2012_val_00006234.JPEG,n03417042,569,569,0.62974125,1,imagenet_c,defocus_blur,1,none
efficientnet_b4,ILSVRC2012_val_00006922.JPEG,n03417042,569,569,0.5250017,1,imagenet_c,defocus_blur,1,none
efficientnet_b4,ILSVRC2012_val_00007477.JPEG,n03417042,569,569,0.7446715,1,imagenet_c,defocus_blur,1,none
efficientnet_b4,ILSVRC2012_val_00007519.JPEG,n03417042,569,569,0.42274788,1,imagenet_c,defocus_blur,1,none
efficientnet_b4,ILSVRC2012_val_00008430.JPEG,n03417042,569,569,0.35888633,1,imagenet_c,defocus_blur,1,none
efficientnet_b4,ILSVRC2012_val_00009345.JPEG,n03417042,569,569,0.6783,1,imagenet_c,defocus_blur,1,none
efficientnet_b4,ILSVRC2012_val_00012925.JPEG,n03417042,569,569,0.73072463,1,imagenet_c,defocus_blur,1,none
efficientnet_b4,ILSVRC2012_val_00013827.JPEG,n03417042,569,569,0.47330606,1,imagenet_c,defocus_blur,1,none
efficientnet_b4,ILSVRC2012_val_00013925.JPEG,n03417042,569,569,0.68675673,1,imagenet_c,defocus_blur,1,none
efficientnet_b4,ILSVRC2012_val_00013958.JPEG,n03417042,569,569,0.4925003,1,imagenet_c,defocus_blur,1,none
efficientnet_b4,ILSVRC2012_val_00016208.JPEG,n03417042,569,867,0.11225242,0,imagenet_c,defocus_blur,1,none
efficientnet_b4,ILSVRC2012_val_00018227.JPEG,n03417042,569,569,0.54665726,1,imagenet_c,defocus_blur,1,none
efficientnet_b4,ILSVRC2012_val_00019147.JPEG,n03417042,569,569,0.44720268,1,imagenet_c,defocus_blur,1,none
efficientnet_b4,ILSVRC2012_val_00021253.JPEG,n03417042,569,569,0.47494125,1,imagenet_c,defocus_blur,1,none
efficientnet_b4,ILSVRC2012_val_00022172.JPEG,n03417042,569,569,0.6414364,1,imagenet_c,defocus_blur,1,none
efficientnet_b4,ILSVRC2012_val_00024560.JPEG,n03417042,569,569,0.77206165,1,imagenet_c,defocus_blur,1,none
efficientnet_b4,ILSVRC2012_val_00025379.JPEG,n03417042,569,569,0.6294441,1,imagenet_c,defocus_blur,1,none
efficientnet_b4,ILSVRC2012_val_00025416.JPEG,n03417042,569,660,0.37985379,0,imagenet_c,defocus_blur,1,none
efficientnet_b4,ILSVRC2012_val_00026865.JPEG,n03417042,569,569,0.65422857,1,imagenet_c,defocus_blur,1,none
efficientnet_b4,ILSVRC2012_val_00027110.JPEG,n03417042,569,569,0.442474,1,imagenet_c,defocus_blur,1,none
efficientnet_b4,ILSVRC2012_val_00027150.JPEG,n03417042,569,569,0.635712,1,imagenet_c,defocus_blur,1,none
efficientnet_b4,ILSVRC2012_val_00028190.JPEG,n03417042,569,569,0.4922052,1,imagenet_c,defocus_blur,1,none
efficientnet_b4,ILSVRC2012_val_00028914.JPEG,n03417042,569,569,0.5468764,1,imagenet_c,defocus_blur,1,none
efficientnet_b4,ILSVRC2012_val_00029377.JPEG,n03417042,569,569,0.6403983,1,imagenet_c,defocus_blur,1,none
efficientnet_b4,ILSVRC2012_val_00031313.JPEG,n03417042,569,569,0.49097067,1,imagenet_c,defocus_blur,1,none
efficientnet_b4,ILSVRC2012_val_00032800.JPEG,n03417042,569,803,0.18261282,0,imagenet_c,defocus_blur,1,none
efficientnet_b4,ILSVRC2012_val_00033842.JPEG,n03417042,569,569,0.7317318,1,imagenet_c,defocus_blur,1,none
efficientnet_b4,ILSVRC2012_val_00034001.JPEG,n03417042,569,867,0.47987694,0,imagenet_c,defocus_blur,1,none
efficientnet_b4,ILSVRC2012_val_00034078.JPEG,n03417042,569,569,0.5372954,1,imagenet_c,defocus_blur,1,none
efficientnet_b4,ILSVRC2012_val_00034417.JPEG,n03417042,569,569,0.61101454,1,imagenet_c,defocus_blur,1,none
efficientnet_b4,ILSVRC2012_val_00036233.JPEG,n03417042,569,569,0.5849002,1,imagenet_c,defocus_blur,1,none
efficientnet_b4,ILSVRC2012_val_00036554.JPEG,n03417042,569,569,0.6716699,1,imagenet_c,defocus_blur,1,none
efficientnet_b4,ILSVRC2012_val_00037947.JPEG,n03417042,569,468,0.115182035,0,imagenet_c,defocus_blur,1,none
efficientnet_b4,ILSVRC2012_val_00038268.JPEG,n03417042,569,569,0.548615,1,imagenet_c,defocus_blur,1,none
efficientnet_b4,ILSVRC2012_val_00039069.JPEG,n03417042,569,856,0.38034135,0,imagenet_c,defocus_blur,1,none
efficientnet_b4,ILSVRC2012_val_00041478.JPEG,n03417042,569,569,0.63910824,1,imagenet_c,defocus_blur,1,none
efficientnet_b4,ILSVRC2012_val_00042487.JPEG,n03417042,569,569,0.22610345,1,imagenet_c,defocus_blur,1,none
efficientnet_b4,ILSVRC2012_val_00042802.JPEG,n03417042,569,569,0.5129566,1,imagenet_c,defocus_blur,1,none
efficientnet_b4,ILSVRC2012_val_00043909.JPEG,n03417042,569,569,0.6182109,1,imagenet_c,defocus_blur,1,none
efficientnet_b4,ILSVRC2012_val_00044888.JPEG,n03417042,569,569,0.69589305,1,imagenet_c,defocus_blur,1,none
efficientnet_b4,ILSVRC2012_val_00044976.JPEG,n03417042,569,569,0.49506038,1,imagenet_c,defocus_blur,1,none
efficientnet_b4,ILSVRC2012_val_00046913.JPEG,n03417042,569,913,0.035452116,0,imagenet_c,defocus_blur,1,none
efficientnet_b4,ILSVRC2012_val_00047189.JPEG,n03417042,569,660,0.2611048,0,imagenet_c,defocus_blur,1,none
efficientnet_b4,ILSVRC2012_val_00047374.JPEG,n03417042,569,569,0.66416234,1,imagenet_c,defocus_blur,1,none
efficientnet_b4,ILSVRC2012_val_00002290.JPEG,n03424325,570,754,0.2826936,0,imagenet_c,defocus_blur,1,none
efficientnet_b4,ILSVRC2012_val_00005055.JPEG,n03424325,570,570,0.67419875,1,imagenet_c,defocus_blur,1,none
efficientnet_b4,ILSVRC2012_val_00005566.JPEG,n03424325,570,570,0.14097393,1,imagenet_c,defocus_blur,1,none
efficientnet_b4,ILSVRC2012_val_00005630.JPEG,n03424325,570,691,0.50133085,0,imagenet_c,defocus_blur,1,none
efficientnet_b4,ILSVRC2012_val_00006147.JPEG,n03424325,570,570,0.74981236,1,imagenet_c,defocus_blur,1,none
efficientnet_b4,ILSVRC2012_val_00007166.JPEG,n03424325,570,570,0.79849046,1,imagenet_c,defocus_blur,1,none
efficientnet_b4,ILSVRC2012_val_00007659.JPEG,n03424325,570,570,0.2784445,1,imagenet_c,defocus_blur,1,none
efficientnet_b4,ILSVRC2012_val_00007669.JPEG,n03424325,570,570,0.6209131,1,imagenet_c,defocus_blur,1,none
efficientnet_b4,ILSVRC2012_val_00008355.JPEG,n03424325,570,602,0.069945194,0,imagenet_c,defocus_blur,1,none
efficientnet_b4,ILSVRC2012_val_00009315.JPEG,n03424325,570,643,0.049157977,0,imagenet_c,defocus_blur,1,none
efficientnet_b4,ILSVRC2012_val_00009479.JPEG,n03424325,570,570,0.87016654,1,imagenet_c,defocus_blur,1,none
efficientnet_b4,ILSVRC2012_val_00009506.JPEG,n03424325,570,643,0.5737756,0,imagenet_c,defocus_blur,1,none
efficientnet_b4,ILSVRC2012_val_00009685.JPEG,n03424325,570,457,0.05514442,0,imagenet_c,defocus_blur,1,none
efficientnet_b4,ILSVRC2012_val_00009791.JPEG,n03424325,570,570,0.50194794,1,imagenet_c,defocus_blur,1,none
efficientnet_b4,ILSVRC2012_val_00011486.JPEG,n03424325,570,570,0.41803104,1,imagenet_c,defocus_blur,1,none
efficientnet_b4,ILSVRC2012_val_00011700.JPEG,n03424325,570,570,0.57292104,1,imagenet_c,defocus_blur,1,none
efficientnet_b4,ILSVRC2012_val_00012981.JPEG,n03424325,570,570,0.55583984,1,imagenet_c,defocus_blur,1,none
efficientnet_b4,ILSVRC2012_val_00013630.JPEG,n03424325,570,570,0.50782007,1,imagenet_c,defocus_blur,1,none
efficientnet_b4,ILSVRC2012_val_00014992.JPEG,n03424325,570,195,0.0405011,0,imagenet_c,defocus_blur,1,none
efficientnet_b4,ILSVRC2012_val_00015369.JPEG,n03424325,570,570,0.5839594,1,imagenet_c,defocus_blur,1,none
efficientnet_b4,ILSVRC2012_val_00016675.JPEG,n03424325,570,570,0.5418451,1,imagenet_c,defocus_blur,1,none
efficientnet_b4,ILSVRC2012_val_00017033.JPEG,n03424325,570,570,0.5527767,1,imagenet_c,defocus_blur,1,none
efficientnet_b4,ILSVRC2012_val_00017928.JPEG,n03424325,570,691,0.44430715,0,imagenet_c,defocus_blur,1,none
efficientnet_b4,ILSVRC2012_val_00018376.JPEG,n03424325,570,570,0.57429135,1,imagenet_c,defocus_blur,1,none
efficientnet_b4,ILSVRC2012_val_00018874.JPEG,n03424325,570,570,0.5109364,1,imagenet_c,defocus_blur,1,none
efficientnet_b4,ILSVRC2012_val_00021850.JPEG,n03424325,570,570,0.3410218,1,imagenet_c,defocus_blur,1,none
efficientnet_b4,ILSVRC2012_val_00023123.JPEG,n03424325,570,570,0.8150567,1,imagenet_c,defocus_blur,1,none
efficientnet_b4,ILSVRC2012_val_00023141.JPEG,n03424325,570,583,0.3033187,0,imagenet_c,defocus_blur,1,none
efficientnet_b4,ILSVRC2012_val_00023331.JPEG,n03424325,570,570,0.39732084,1,imagenet_c,defocus_blur,1,none
efficientnet_b4,ILSVRC2012_val_00025425.JPEG,n03424325,570,552,0.050678518,0,imagenet_c,defocus_blur,1,none
efficientnet_b4,ILSVRC2012_val_00026832.JPEG,n03424325,570,570,0.6530647,1,imagenet_c,defocus_blur,1,none
efficientnet_b4,ILSVRC2012_val_00026931.JPEG,n03424325,570,570,0.55905926,1,imagenet_c,defocus_blur,1,none
efficientnet_b4,ILSVRC2012_val_00027495.JPEG,n03424325,570,570,0.7057543,1,imagenet_c,defocus_blur,1,none
efficientnet_b4,ILSVRC2012_val_00027617.JPEG,n03424325,570,570,0.25638005,1,imagenet_c,defocus_blur,1,none
efficientnet_b4,ILSVRC2012_val_00027964.JPEG,n03424325,570,882,0.13638951,0,imagenet_c,defocus_blur,1,none
efficientnet_b4,ILSVRC2012_val_00028515.JPEG,n03424325,570,570,0.6248736,1,imagenet_c,defocus_blur,1,none
efficientnet_b4,ILSVRC2012_val_00029263.JPEG,n03424325,570,570,0.6997915,1,imagenet_c,defocus_blur,1,none
efficientnet_b4,ILSVRC2012_val_00031677.JPEG,n03424325,570,570,0.70306593,1,imagenet_c,defocus_blur,1,none
efficientnet_b4,ILSVRC2012_val_00034204.JPEG,n03424325,570,643,0.26258972,0,imagenet_c,defocus_blur,1,none
efficientnet_b4,ILSVRC2012_val_00035533.JPEG,n03424325,570,570,0.39667758,1,imagenet_c,defocus_blur,1,none
efficientnet_b4,ILSVRC2012_val_00036432.JPEG,n03424325,570,570,0.64459056,1,imagenet_c,defocus_blur,1,none
efficientnet_b4,ILSVRC2012_val_00036966.JPEG,n03424325,570,570,0.38504776,1,imagenet_c,defocus_blur,1,none
efficientnet_b4,ILSVRC2012_val_00039279.JPEG,n03424325,570,570,0.70971316,1,imagenet_c,defocus_blur,1,none
efficientnet_b4,ILSVRC2012_val_00040202.JPEG,n03424325,570,570,0.45587695,1,imagenet_c,defocus_blur,1,none
efficientnet_b4,ILSVRC2012_val_00040636.JPEG,n03424325,570,570,0.6682929,1,imagenet_c,defocus_blur,1,none
efficientnet_b4,ILSVRC2012_val_00043184.JPEG,n03424325,570,447,0.46430367,0,imagenet_c,defocus_blur,1,none
efficientnet_b4,ILSVRC2012_val_00043389.JPEG,n03424325,570,643,0.41514507,0,imagenet_c,defocus_blur,1,none
efficientnet_b4,ILSVRC2012_val_00043852.JPEG,n03424325,570,691,0.4942622,0,imagenet_c,defocus_blur,1,none
efficientnet_b4,ILSVRC2012_val_00047935.JPEG,n03424325,570,880,0.28710872,0,imagenet_c,defocus_blur,1,none
efficientnet_b4,ILSVRC2012_val_00048697.JPEG,n03424325,570,570,0.66394424,1,imagenet_c,defocus_blur,1,none
efficientnet_b4,ILSVRC2012_val_00000732.JPEG,n03425413,571,848,0.12737903,0,imagenet_c,defocus_blur,1,none
efficientnet_b4,ILSVRC2012_val_00001432.JPEG,n03425413,571,571,0.57070076,1,imagenet_c,defocus_blur,1,none
efficientnet_b4,ILSVRC2012_val_00002049.JPEG,n03425413,571,571,0.6025322,1,imagenet_c,defocus_blur,1,none
efficientnet_b4,ILSVRC2012_val_00002498.JPEG,n03425413,571,480,0.5369208,0,imagenet_c,defocus_blur,1,none
efficientnet_b4,ILSVRC2012_val_00004452.JPEG,n03425413,571,571,0.101294555,1,imagenet_c,defocus_blur,1,none
efficientnet_b4,ILSVRC2012_val_00004860.JPEG,n03425413,571,571,0.19978349,1,imagenet_c,defocus_blur,1,none
efficientnet_b4,ILSVRC2012_val_00005183.JPEG,n03425413,571,571,0.5222177,1,imagenet_c,defocus_blur,1,none
efficientnet_b4,ILSVRC2012_val_00005996.JPEG,n03425413,571,571,0.39131284,1,imagenet_c,defocus_blur,1,none
efficientnet_b4,ILSVRC2012_val_00006434.JPEG,n03425413,571,571,0.582544,1,imagenet_c,defocus_blur,1,none
efficientnet_b4,ILSVRC2012_val_00006909.JPEG,n03425413,571,571,0.46923053,1,imagenet_c,defocus_blur,1,none
efficientnet_b4,ILSVRC2012_val_00007186.JPEG,n03425413,571,571,0.5743652,1,imagenet_c,defocus_blur,1,none
efficientnet_b4,ILSVRC2012_val_00007471.JPEG,n03425413,571,886,0.24613178,0,imagenet_c,defocus_blur,1,none
efficientnet_b4,ILSVRC2012_val_00009279.JPEG,n03425413,571,571,0.50496083,1,imagenet_c,defocus_blur,1,none
efficientnet_b4,ILSVRC2012_val_00009821.JPEG,n03425413,571,571,0.54023933,1,imagenet_c,defocus_blur,1,none
efficientnet_b4,ILSVRC2012_val_00012504.JPEG,n03425413,571,571,0.44774044,1,imagenet_c,defocus_blur,1,none
efficientnet_b4,ILSVRC2012_val_00013436.JPEG,n03425413,571,571,0.25356188,1,imagenet_c,defocus_blur,1,none
efficientnet_b4,ILSVRC2012_val_00015654.JPEG,n03425413,571,422,0.08494344,0,imagenet_c,defocus_blur,1,none
efficientnet_b4,ILSVRC2012_val_00017350.JPEG,n03425413,571,571,0.3073825,1,imagenet_c,defocus_blur,1,none
efficientnet_b4,ILSVRC2012_val_00017466.JPEG,n03425413,571,571,0.67258996,1,imagenet_c,defocus_blur,1,none
efficientnet_b4,ILSVRC2012_val_00017469.JPEG,n03425413,571,571,0.44874915,1,imagenet_c,defocus_blur,1,none
efficientnet_b4,ILSVRC2012_val_00017866.JPEG,n03425413,571,571,0.39899158,1,imagenet_c,defocus_blur,1,none
efficientnet_b4,ILSVRC2012_val_00018006.JPEG,n03425413,571,686,0.1487004,0,imagenet_c,defocus_blur,1,none
efficientnet_b4,ILSVRC2012_val_00018516.JPEG,n03425413,571,449,0.027009662,0,imagenet_c,defocus_blur,1,none
efficientnet_b4,ILSVRC2012_val_00019256.JPEG,n03425413,571,571,0.60436493,1,imagenet_c,defocus_blur,1,none
efficientnet_b4,ILSVRC2012_val_00019667.JPEG,n03425413,571,571,0.06897652,1,imagenet_c,defocus_blur,1,none
efficientnet_b4,ILSVRC2012_val_00020951.JPEG,n03425413,571,862,0.7161313,0,imagenet_c,defocus_blur,1,none
efficientnet_b4,ILSVRC2012_val_00022252.JPEG,n03425413,571,571,0.48487842,1,imagenet_c,defocus_blur,1,none
efficientnet_b4,ILSVRC2012_val_00022538.JPEG,n03425413,571,571,0.64754033,1,imagenet_c,defocus_blur,1,none
efficientnet_b4,ILSVRC2012_val_00023044.JPEG,n03425413,571,489,0.12048678,0,imagenet_c,defocus_blur,1,none
efficientnet_b4,ILSVRC2012_val_00024806.JPEG,n03425413,571,571,0.46555778,1,imagenet_c,defocus_blur,1,none
efficientnet_b4,ILSVRC2012_val_00029203.JPEG,n03425413,571,707,0.08555849,0,imagenet_c,defocus_blur,1,none
efficientnet_b4,ILSVRC2012_val_00031186.JPEG,n03425413,571,571,0.56953835,1,imagenet_c,defocus_blur,1,none
efficientnet_b4,ILSVRC2012_val_00031412.JPEG,n03425413,571,571,0.07343271,1,imagenet_c,defocus_blur,1,none
efficientnet_b4,ILSVRC2012_val_00032250.JPEG,n03425413,571,571,0.35115677,1,imagenet_c,defocus_blur,1,none
efficientnet_b4,ILSVRC2012_val_00032455.JPEG,n03425413,571,571,0.53373766,1,imagenet_c,defocus_blur,1,none
efficientnet_b4,ILSVRC2012_val_00033364.JPEG,n03425413,571,571,0.7372884,1,imagenet_c,defocus_blur,1,none
efficientnet_b4,ILSVRC2012_val_00035211.JPEG,n03425413,571,571,0.4626361,1,imagenet_c,defocus_blur,1,none
efficientnet_b4,ILSVRC2012_val_00035242.JPEG,n03425413,571,571,0.41993883,1,imagenet_c,defocus_blur,1,none
efficientnet_b4,ILSVRC2012_val_00035913.JPEG,n03425413,571,571,0.59600663,1,imagenet_c,defocus_blur,1,none
efficientnet_b4,ILSVRC2012_val_00037555.JPEG,n03425413,571,571,0.046547644,1,imagenet_c,defocus_blur,1,none
efficientnet_b4,ILSVRC2012_val_00040715.JPEG,n03425413,571,571,0.53079957,1,imagenet_c,defocus_blur,1,none
efficientnet_b4,ILSVRC2012_val_00042375.JPEG,n03425413,571,571,0.3651607,1,imagenet_c,defocus_blur,1,none
efficientnet_b4,ILSVRC2012_val_00044370.JPEG,n03425413,571,571,0.66788256,1,imagenet_c,defocus_blur,1,none
efficientnet_b4,ILSVRC2012_val_00044734.JPEG,n03425413,571,704,0.21864888,0,imagenet_c,defocus_blur,1,none
efficientnet_b4,ILSVRC2012_val_00045353.JPEG,n03425413,571,571,0.60375184,1,imagenet_c,defocus_blur,1,none
efficientnet_b4,ILSVRC2012_val_00045559.JPEG,n03425413,571,571,0.7203101,1,imagenet_c,defocus_blur,1,none
efficientnet_b4,ILSVRC2012_val_00045944.JPEG,n03425413,571,571,0.53190833,1,imagenet_c,defocus_blur,1,none
efficientnet_b4,ILSVRC2012_val_00046178.JPEG,n03425413,571,571,0.13206504,1,imagenet_c,defocus_blur,1,none
efficientnet_b4,ILSVRC2012_val_00048059.JPEG,n03425413,571,406,0.19616866,0,imagenet_c,defocus_blur,1,none
efficientnet_b4,ILSVRC2012_val_00048977.JPEG,n03425413,571,571,0.38765568,1,imagenet_c,defocus_blur,1,none
efficientnet_b4,ILSVRC2012_val_00000311.JPEG,n03443371,572,784,0.049149737,0,imagenet_c,defocus_blur,1,none
efficientnet_b4,ILSVRC2012_val_00000619.JPEG,n03443371,572,846,0.32463017,0,imagenet_c,defocus_blur,1,none
efficientnet_b4,ILSVRC2012_val_00003629.JPEG,n03443371,572,572,0.23472092,1,imagenet_c,defocus_blur,1,none
efficientnet_b4,ILSVRC2012_val_00003868.JPEG,n03443371,572,455,0.08736113,0,imagenet_c,defocus_blur,1,none
efficientnet_b4,ILSVRC2012_val_00004591.JPEG,n03443371,572,572,0.48131588,1,imagenet_c,defocus_blur,1,none
efficientnet_b4,ILSVRC2012_val_00005887.JPEG,n03443371,572,966,0.46482545,0,imagenet_c,defocus_blur,1,none
efficientnet_b4,ILSVRC2012_val_00006157.JPEG,n03443371,572,966,0.22851984,0,imagenet_c,defocus_blur,1,none
efficientnet_b4,ILSVRC2012_val_00007935.JPEG,n03443371,572,441,0.17374553,0,imagenet_c,defocus_blur,1,none
efficientnet_b4,ILSVRC2012_val_00008748.JPEG,n03443371,572,971,0.068076044,0,imagenet_c,defocus_blur,1,none
efficientnet_b4,ILSVRC2012_val_00010965.JPEG,n03443371,572,572,0.6320853,1,imagenet_c,defocus_blur,1,none
efficientnet_b4,ILSVRC2012_val_00011666.JPEG,n03443371,572,739,0.27068466,0,imagenet_c,defocus_blur,1,none
efficientnet_b4,ILSVRC2012_val_00011835.JPEG,n03443371,572,572,0.13504696,1,imagenet_c,defocus_blur,1,none
efficientnet_b4,ILSVRC2012_val_00012493.JPEG,n03443371,572,572,0.4370129,1,imagenet_c,defocus_blur,1,none
efficientnet_b4,ILSVRC2012_val_00014461.JPEG,n03443371,572,572,0.44630122,1,imagenet_c,defocus_blur,1,none
efficientnet_b4,ILSVRC2012_val_00014613.JPEG,n03443371,572,572,0.17939083,1,imagenet_c,defocus_blur,1,none
efficientnet_b4,ILSVRC2012_val_00015421.JPEG,n03443371,572,572,0.30742645,1,imagenet_c,defocus_blur,1,none
efficientnet_b4,ILSVRC2012_val_00015453.JPEG,n03443371,572,572,0.57507384,1,imagenet_c,defocus_blur,1,none
efficientnet_b4,ILSVRC2012_val_00017478.JPEG,n03443371,572,966,0.21704847,0,imagenet_c,defocus_blur,1,none
efficientnet_b4,ILSVRC2012_val_00018001.JPEG,n03443371,572,923,0.0590427,0,imagenet_c,defocus_blur,1,none
efficientnet_b4,ILSVRC2012_val_00018786.JPEG,n03443371,572,572,0.49960744,1,imagenet_c,defocus_blur,1,none
efficientnet_b4,ILSVRC2012_val_00019395.JPEG,n03443371,572,572,0.10723963,1,imagenet_c,defocus_blur,1,none
efficientnet_b4,ILSVRC2012_val_00019638.JPEG,n03443371,572,747,0.063468985,0,imagenet_c,defocus_blur,1,none
efficientnet_b4,ILSVRC2012_val_00020444.JPEG,n03443371,572,711,0.07203081,0,imagenet_c,defocus_blur,1,none
efficientnet_b4,ILSVRC2012_val_00020735.JPEG,n03443371,572,572,0.47040656,1,imagenet_c,defocus_blur,1,none
efficientnet_b4,ILSVRC2012_val_00022560.JPEG,n03443371,572,441,0.45778236,0,imagenet_c,defocus_blur,1,none
efficientnet_b4,ILSVRC2012_val_00023725.JPEG,n03443371,572,927,0.070730284,0,imagenet_c,defocus_blur,1,none
efficientnet_b4,ILSVRC2012_val_00025255.JPEG,n03443371,572,122,0.16775636,0,imagenet_c,defocus_blur,1,none
efficientnet_b4,ILSVRC2012_val_00026093.JPEG,n03443371,572,572,0.5136981,1,imagenet_c,defocus_blur,1,none
efficientnet_b4,ILSVRC2012_val_00026964.JPEG,n03443371,572,572,0.42641518,1,imagenet_c,defocus_blur,1,none
efficientnet_b4,ILSVRC2012_val_00027924.JPEG,n03443371,572,572,0.43338862,1,imagenet_c,defocus_blur,1,none
efficientnet_b4,ILSVRC2012_val_00030871.JPEG,n03443371,572,966,0.42238095,0,imagenet_c,defocus_blur,1,none
efficientnet_b4,ILSVRC2012_val_00031016.JPEG,n03443371,572,441,0.2316583,0,imagenet_c,defocus_blur,1,none
efficientnet_b4,ILSVRC2012_val_00033170.JPEG,n03443371,572,572,0.3381195,1,imagenet_c,defocus_blur,1,none
efficientnet_b4,ILSVRC2012_val_00033172.JPEG,n03443371,572,572,0.18095042,1,imagenet_c,defocus_blur,1,none
efficientnet_b4,ILSVRC2012_val_00033759.JPEG,n03443371,572,441,0.2232159,0,imagenet_c,defocus_blur,1,none
efficientnet_b4,ILSVRC2012_val_00034156.JPEG,n03443371,572,747,0.5756985,0,imagenet_c,defocus_blur,1,none
efficientnet_b4,ILSVRC2012_val_00034325.JPEG,n03443371,572,572,0.64685136,1,imagenet_c,defocus_blur,1,none
efficientnet_b4,ILSVRC2012_val_00034645.JPEG,n03443371,572,503,0.10784175,0,imagenet_c,defocus_blur,1,none
efficientnet_b4,ILSVRC2012_val_00035078.JPEG,n03443371,572,572,0.2299994,1,imagenet_c,defocus_blur,1,none
efficientnet_b4,ILSVRC2012_val_00035335.JPEG,n03443371,572,572,0.25520554,1,imagenet_c,defocus_blur,1,none
efficientnet_b4,ILSVRC2012_val_00036363.JPEG,n03443371,572,572,0.46508804,1,imagenet_c,defocus_blur,1,none
efficientnet_b4,ILSVRC2012_val_00044085.JPEG,n03443371,572,572,0.31249908,1,imagenet_c,defocus_blur,1,none
efficientnet_b4,ILSVRC2012_val_00044121.JPEG,n03443371,572,572,0.650261,1,imagenet_c,defocus_blur,1,none
efficientnet_b4,ILSVRC2012_val_00044868.JPEG,n03443371,572,969,0.21027216,0,imagenet_c,defocus_blur,1,none
efficientnet_b4,ILSVRC2012_val_00045766.JPEG,n03443371,572,572,0.18784222,1,imagenet_c,defocus_blur,1,none
efficientnet_b4,ILSVRC2012_val_00046087.JPEG,n03443371,572,572,0.39876872,1,imagenet_c,defocus_blur,1,none
efficientnet_b4,ILSVRC2012_val_00046891.JPEG,n03443371,572,572,0.6236313,1,imagenet_c,defocus_blur,1,none
efficientnet_b4,ILSVRC2012_val_00048114.JPEG,n03443371,572,572,0.31208625,1,imagenet_c,defocus_blur,1,none
efficientnet_b4,ILSVRC2012_val_00048322.JPEG,n03443371,572,572,0.76882565,1,imagenet_c,defocus_blur,1,none
efficientnet_b4,ILSVRC2012_val_00049793.JPEG,n03443371,572,572,0.38152018,1,imagenet_c,defocus_blur,1,none
efficientnet_b4,ILSVRC2012_val_00000032.JPEG,n03444034,573,573,0.30177718,1,imagenet_c,defocus_blur,1,none
efficientnet_b4,ILSVRC2012_val_00002033.JPEG,n03444034,573,573,0.66785616,1,imagenet_c,defocus_blur,1,none
efficientnet_b4,ILSVRC2012_val_00003186.JPEG,n03444034,573,573,0.44761586,1,imagenet_c,defocus_blur,1,none
efficientnet_b4,ILSVRC2012_val_00004028.JPEG,n03444034,573,573,0.5318669,1,imagenet_c,defocus_blur,1,none
efficientnet_b4,ILSVRC2012_val_00005012.JPEG,n03444034,573,573,0.63625735,1,imagenet_c,defocus_blur,1,none
efficientnet_b4,ILSVRC2012_val_00005110.JPEG,n03444034,573,573,0.491288,1,imagenet_c,defocus_blur,1,none
efficientnet_b4,ILSVRC2012_val_00005381.JPEG,n03444034,573,573,0.5898668,1,imagenet_c,defocus_blur,1,none
efficientnet_b4,ILSVRC2012_val_00006363.JPEG,n03444034,573,573,0.59999806,1,imagenet_c,defocus_blur,1,none
efficientnet_b4,ILSVRC2012_val_00010927.JPEG,n03444034,573,573,0.4817152,1,imagenet_c,defocus_blur,1,none
efficientnet_b4,ILSVRC2012_val_00011067.JPEG,n03444034,573,573,0.4833387,1,imagenet_c,defocus_blur,1,none
efficientnet_b4,ILSVRC2012_val_00013026.JPEG,n03444034,573,573,0.5698741,1,imagenet_c,defocus_blur,1,none
efficientnet_b4,ILSVRC2012_val_00014522.JPEG,n03444034,573,573,0.49094027,1,imagenet_c,defocus_blur,1,none
efficientnet_b4,ILSVRC2012_val_00015002.JPEG,n03444034,573,573,0.51884085,1,imagenet_c,defocus_blur,1,none
efficientnet_b4,ILSVRC2012_val_00015436.JPEG,n03444034,573,573,0.58373463,1,imagenet_c,defocus_blur,1,none
efficientnet_b4,ILSVRC2012_val_00015953.JPEG,n03444034,573,573,0.55130404,1,imagenet_c,defocus_blur,1,none
efficientnet_b4,ILSVRC2012_val_00016057.JPEG,n03444034,573,573,0.17461896,1,imagenet_c,defocus_blur,1,none
efficientnet_b4,ILSVRC2012_val_00018136.JPEG,n03444034,573,573,0.62718093,1,imagenet_c,defocus_blur,1,none
efficientnet_b4,ILSVRC2012_val_00018585.JPEG,n03444034,573,573,0.5531659,1,imagenet_c,defocus_blur,1,none
efficientnet_b4,ILSVRC2012_val_00019495.JPEG,n03444034,573,573,0.44133723,1,imagenet_c,defocus_blur,1,none
efficientnet_b4,ILSVRC2012_val_00020045.JPEG,n03444034,573,573,0.63593066,1,imagenet_c,defocus_blur,1,none
efficientnet_b4,ILSVRC2012_val_00020373.JPEG,n03444034,573,573,0.53024787,1,imagenet_c,defocus_blur,1,none
efficientnet_b4,ILSVRC2012_val_00021232.JPEG,n03444034,573,573,0.47305775,1,imagenet_c,defocus_blur,1,none
efficientnet_b4,ILSVRC2012_val_00021569.JPEG,n03444034,573,573,0.43562537,1,imagenet_c,defocus_blur,1,none
efficientnet_b4,ILSVRC2012_val_00026796.JPEG,n03444034,573,573,0.56176955,1,imagenet_c,defocus_blur,1,none
efficientnet_b4,ILSVRC2012_val_00027553.JPEG,n03444034,573,573,0.5656303,1,imagenet_c,defocus_blur,1,none
efficientnet_b4,ILSVRC2012_val_00029083.JPEG,n03444034,573,573,0.41663992,1,imagenet_c,defocus_blur,1,none
efficientnet_b4,ILSVRC2012_val_00029233.JPEG,n03444034,573,573,0.41487163,1,imagenet_c,defocus_blur,1,none
efficientnet_b4,ILSVRC2012_val_00029299.JPEG,n03444034,573,573,0.40629685,1,imagenet_c,defocus_blur,1,none
efficientnet_b4,ILSVRC2012_val_00029399.JPEG,n03444034,573,573,0.6077723,1,imagenet_c,defocus_blur,1,none
efficientnet_b4,ILSVRC2012_val_00030549.JPEG,n03444034,573,573,0.29290006,1,imagenet_c,defocus_blur,1,none
efficientnet_b4,ILSVRC2012_val_00035463.JPEG,n03444034,573,573,0.08430292,1,imagenet_c,defocus_blur,1,none
efficientnet_b4,ILSVRC2012_val_00036048.JPEG,n03444034,573,573,0.4760897,1,imagenet_c,defocus_blur,1,none
efficientnet_b4,ILSVRC2012_val_00037078.JPEG,n03444034,573,573,0.5475245,1,imagenet_c,defocus_blur,1,none
efficientnet_b4,ILSVRC2012_val_00037460.JPEG,n03444034,573,573,0.46764058,1,imagenet_c,defocus_blur,1,none
efficientnet_b4,ILSVRC2012_val_00038175.JPEG,n03444034,573,573,0.52837175,1,imagenet_c,defocus_blur,1,none
efficientnet_b4,ILSVRC2012_val_00038934.JPEG,n03444034,573,573,0.5120278,1,imagenet_c,defocus_blur,1,none
efficientnet_b4,ILSVRC2012_val_00039652.JPEG,n03444034,573,573,0.4915778,1,imagenet_c,defocus_blur,1,none
efficientnet_b4,ILSVRC2012_val_00039864.JPEG,n03444034,573,573,0.43275988,1,imagenet_c,defocus_blur,1,none
efficientnet_b4,ILSVRC2012_val_00040603.JPEG,n03444034,573,573,0.22735551,1,imagenet_c,defocus_blur,1,none
efficientnet_b4,ILSVRC2012_val_00040851.JPEG,n03444034,573,621,0.1756324,0,imagenet_c,defocus_blur,1,none
efficientnet_b4,ILSVRC2012_val_00042017.JPEG,n03444034,573,573,0.3686339,1,imagenet_c,defocus_blur,1,none
efficientnet_b4,ILSVRC2012_val_00042238.JPEG,n03444034,573,573,0.6388457,1,imagenet_c,defocus_blur,1,none
efficientnet_b4,ILSVRC2012_val_00043614.JPEG,n03444034,573,573,0.609458,1,imagenet_c,defocus_blur,1,none
efficientnet_b4,ILSVRC2012_val_00044799.JPEG,n03444034,573,573,0.44998655,1,imagenet_c,defocus_blur,1,none
efficientnet_b4,ILSVRC2012_val_00045220.JPEG,n03444034,573,807,0.08479637,0,imagenet_c,defocus_blur,1,none
efficientnet_b4,ILSVRC2012_val_00047067.JPEG,n03444034,573,573,0.54130566,1,imagenet_c,defocus_blur,1,none
efficientnet_b4,ILSVRC2012_val_00047214.JPEG,n03444034,573,573,0.619669,1,imagenet_c,defocus_blur,1,none
efficientnet_b4,ILSVRC2012_val_00047734.JPEG,n03444034,573,573,0.45119828,1,imagenet_c,defocus_blur,1,none
efficientnet_b4,ILSVRC2012_val_00047858.JPEG,n03444034,573,573,0.5265345,1,imagenet_c,defocus_blur,1,none
efficientnet_b4,ILSVRC2012_val_00048231.JPEG,n03444034,573,573,0.49443156,1,imagenet_c,defocus_blur,1,none
efficientnet_b4,ILSVRC2012_val_00002314.JPEG,n03445777,574,574,0.6257522,1,imagenet_c,defocus_blur,1,none
efficientnet_b4,ILSVRC2012_val_00003793.JPEG,n03445777,574,574,0.71593446,1,imagenet_c,defocus_blur,1,none
efficientnet_b4,ILSVRC2012_val_00006468.JPEG,n03445777,574,574,0.7332849,1,imagenet_c,defocus_blur,1,none
efficientnet_b4,ILSVRC2012_val_00007755.JPEG,n03445777,574,574,0.7088189,1,imagenet_c,defocus_blur,1,none
efficientnet_b4,ILSVRC2012_val_00007947.JPEG,n03445777,574,574,0.5993976,1,imagenet_c,defocus_blur,1,none
efficientnet_b4,ILSVRC2012_val_00008161.JPEG,n03445777,574,574,0.5094798,1,imagenet_c,defocus_blur,1,none
efficientnet_b4,ILSVRC2012_val_00008599.JPEG,n03445777,574,574,0.4380546,1,imagenet_c,defocus_blur,1,none
efficientnet_b4,ILSVRC2012_val_00009902.JPEG,n03445777,574,574,0.67139214,1,imagenet_c,defocus_blur,1,none
efficientnet_b4,ILSVRC2012_val_00011431.JPEG,n03445777,574,574,0.6776271,1,imagenet_c,defocus_blur,1,none
efficientnet_b4,ILSVRC2012_val_00011581.JPEG,n03445777,574,773,0.16220403,0,imagenet_c,defocus_blur,1,none
efficientnet_b4,ILSVRC2012_val_00011983.JPEG,n03445777,574,574,0.66877645,1,imagenet_c,defocus_blur,1,none
efficientnet_b4,ILSVRC2012_val_00012356.JPEG,n03445777,574,574,0.37427533,1,imagenet_c,defocus_blur,1,none
efficientnet_b4,ILSVRC2012_val_00012634.JPEG,n03445777,574,720,0.28894672,0,imagenet_c,defocus_blur,1,none
efficientnet_b4,ILSVRC2012_val_00013633.JPEG,n03445777,574,574,0.6998976,1,imagenet_c,defocus_blur,1,none
efficientnet_b4,ILSVRC2012_val_00014102.JPEG,n03445777,574,574,0.70653415,1,imagenet_c,defocus_blur,1,none
efficientnet_b4,ILSVRC2012_val_00016748.JPEG,n03445777,574,574,0.18655016,1,imagenet_c,defocus_blur,1,none
efficientnet_b4,ILSVRC2012_val_00017247.JPEG,n03445777,574,478,0.20401403,0,imagenet_c,defocus_blur,1,none
efficientnet_b4,ILSVRC2012_val_00019268.JPEG,n03445777,574,574,0.71538544,1,imagenet_c,defocus_blur,1,none
efficientnet_b4,ILSVRC2012_val_00020502.JPEG,n03445777,574,733,0.064267896,0,imagenet_c,defocus_blur,1,none
efficientnet_b4,ILSVRC2012_val_00020781.JPEG,n03445777,574,574,0.7384673,1,imagenet_c,defocus_blur,1,none
efficientnet_b4,ILSVRC2012_val_00022792.JPEG,n03445777,574,574,0.78250945,1,imagenet_c,defocus_blur,1,none
efficientnet_b4,ILSVRC2012_val_00023215.JPEG,n03445777,574,574,0.6896943,1,imagenet_c,defocus_blur,1,none
efficientnet_b4,ILSVRC2012_val_00023845.JPEG,n03445777,574,574,0.056801688,1,imagenet_c,defocus_blur,1,none
efficientnet_b4,ILSVRC2012_val_00024405.JPEG,n03445777,574,574,0.6758596,1,imagenet_c,defocus_blur,1,none
efficientnet_b4,ILSVRC2012_val_00025591.JPEG,n03445777,574,574,0.52229,1,imagenet_c,defocus_blur,1,none
efficientnet_b4,ILSVRC2012_val_00026194.JPEG,n03445777,574,522,0.34727567,0,imagenet_c,defocus_blur,1,none
efficientnet_b4,ILSVRC2012_val_00030938.JPEG,n03445777,574,574,0.6926638,1,imagenet_c,defocus_blur,1,none
efficientnet_b4,ILSVRC2012_val_00031486.JPEG,n03445777,574,574,0.6989516,1,imagenet_c,defocus_blur,1,none
efficientnet_b4,ILSVRC2012_val_00031744.JPEG,n03445777,574,574,0.4494916,1,imagenet_c,defocus_blur,1,none
efficientnet_b4,ILSVRC2012_val_00031897.JPEG,n03445777,574,574,0.7123286,1,imagenet_c,defocus_blur,1,none
efficientnet_b4,ILSVRC2012_val_00031954.JPEG,n03445777,574,722,0.23611604,0,imagenet_c,defocus_blur,1,none
efficientnet_b4,ILSVRC2012_val_00035419.JPEG,n03445777,574,574,0.7318884,1,imagenet_c,defocus_blur,1,none
efficientnet_b4,ILSVRC2012_val_00035519.JPEG,n03445777,574,574,0.6955587,1,imagenet_c,defocus_blur,1,none
efficientnet_b4,ILSVRC2012_val_00035918.JPEG,n03445777,574,574,0.7230504,1,imagenet_c,defocus_blur,1,none
efficientnet_b4,ILSVRC2012_val_00036171.JPEG,n03445777,574,574,0.6505682,1,imagenet_c,defocus_blur,1,none
efficientnet_b4,ILSVRC2012_val_00036187.JPEG,n03445777,574,574,0.70088124,1,imagenet_c,defocus_blur,1,none
efficientnet_b4,ILSVRC2012_val_00036755.JPEG,n03445777,574,574,0.6895103,1,imagenet_c,defocus_blur,1,none
efficientnet_b4,ILSVRC2012_val_00037369.JPEG,n03445777,574,722,0.16598919,0,imagenet_c,defocus_blur,1,none
efficientnet_b4,ILSVRC2012_val_00038005.JPEG,n03445777,574,522,0.42595276,0,imagenet_c,defocus_blur,1,none
efficientnet_b4,ILSVRC2012_val_00038447.JPEG,n03445777,574,574,0.60622436,1,imagenet_c,defocus_blur,1,none
efficientnet_b4,ILSVRC2012_val_00038768.JPEG,n03445777,574,574,0.64498955,1,imagenet_c,defocus_blur,1,none
efficientnet_b4,ILSVRC2012_val_00038790.JPEG,n03445777,574,574,0.7328709,1,imagenet_c,defocus_blur,1,none
efficientnet_b4,ILSVRC2012_val_00040694.JPEG,n03445777,574,574,0.7412535,1,imagenet_c,defocus_blur,1,none
efficientnet_b4,ILSVRC2012_val_00041672.JPEG,n03445777,574,574,0.61558664,1,imagenet_c,defocus_blur,1,none
efficientnet_b4,ILSVRC2012_val_00042350.JPEG,n03445777,574,574,0.77988106,1,imagenet_c,defocus_blur,1,none
efficientnet_b4,ILSVRC2012_val_00043745.JPEG,n03445777,574,722,0.24856405,0,imagenet_c,defocus_blur,1,none
efficientnet_b4,ILSVRC2012_val_00044695.JPEG,n03445777,574,574,0.7411843,1,imagenet_c,defocus_blur,1,none
efficientnet_b4,ILSVRC2012_val_00044936.JPEG,n03445777,574,574,0.6343983,1,imagenet_c,defocus_blur,1,none
efficientnet_b4,ILSVRC2012_val_00046468.JPEG,n03445777,574,574,0.59120804,1,imagenet_c,defocus_blur,1,none
efficientnet_b4,ILSVRC2012_val_00048517.JPEG,n03445777,574,574,0.76805097,1,imagenet_c,defocus_blur,1,none
efficientnet_b4,ILSVRC2012_val_00001116.JPEG,n03445924,575,575,0.33250198,1,imagenet_c,defocus_blur,1,none
efficientnet_b4,ILSVRC2012_val_00001960.JPEG,n03445924,575,575,0.41436478,1,imagenet_c,defocus_blur,1,none
efficientnet_b4,ILSVRC2012_val_00002135.JPEG,n03445924,575,575,0.5705036,1,imagenet_c,defocus_blur,1,none
efficientnet_b4,ILSVRC2012_val_00004528.JPEG,n03445924,575,575,0.57756203,1,imagenet_c,defocus_blur,1,none
efficientnet_b4,ILSVRC2012_val_00006874.JPEG,n03445924,575,866,0.14994878,0,imagenet_c,defocus_blur,1,none
efficientnet_b4,ILSVRC2012_val_00007926.JPEG,n03445924,575,575,0.3967742,1,imagenet_c,defocus_blur,1,none
efficientnet_b4,ILSVRC2012_val_00010247.JPEG,n03445924,575,575,0.91653764,1,imagenet_c,defocus_blur,1,none
efficientnet_b4,ILSVRC2012_val_00011173.JPEG,n03445924,575,575,0.5947881,1,imagenet_c,defocus_blur,1,none
efficientnet_b4,ILSVRC2012_val_00012668.JPEG,n03445924,575,575,0.6770726,1,imagenet_c,defocus_blur,1,none
efficientnet_b4,ILSVRC2012_val_00012682.JPEG,n03445924,575,575,0.57545424,1,imagenet_c,defocus_blur,1,none
efficientnet_b4,ILSVRC2012_val_00013694.JPEG,n03445924,575,575,0.5313611,1,imagenet_c,defocus_blur,1,none
efficientnet_b4,ILSVRC2012_val_00014267.JPEG,n03445924,575,575,0.4872994,1,imagenet_c,defocus_blur,1,none
efficientnet_b4,ILSVRC2012_val_00016217.JPEG,n03445924,575,575,0.6363459,1,imagenet_c,defocus_blur,1,none
efficientnet_b4,ILSVRC2012_val_00016950.JPEG,n03445924,575,575,0.29631522,1,imagenet_c,defocus_blur,1,none
efficientnet_b4,ILSVRC2012_val_00017291.JPEG,n03445924,575,575,0.3712711,1,imagenet_c,defocus_blur,1,none
efficientnet_b4,ILSVRC2012_val_00017414.JPEG,n03445924,575,575,0.38611948,1,imagenet_c,defocus_blur,1,none
efficientnet_b4,ILSVRC2012_val_00018655.JPEG,n03445924,575,561,0.2679365,0,imagenet_c,defocus_blur,1,none
efficientnet_b4,ILSVRC2012_val_00018661.JPEG,n03445924,575,575,0.39963052,1,imagenet_c,defocus_blur,1,none
efficientnet_b4,ILSVRC2012_val_00020222.JPEG,n03445924,575,408,0.0962437,0,imagenet_c,defocus_blur,1,none
efficientnet_b4,ILSVRC2012_val_00020838.JPEG,n03445924,575,407,0.5699555,0,imagenet_c,defocus_blur,1,none
efficientnet_b4,ILSVRC2012_val_00022035.JPEG,n03445924,575,734,0.15320015,0,imagenet_c,defocus_blur,1,none
efficientnet_b4,ILSVRC2012_val_00022238.JPEG,n03445924,575,573,0.46179536,0,imagenet_c,defocus_blur,1,none
efficientnet_b4,ILSVRC2012_val_00022795.JPEG,n03445924,575,757,0.10349102,0,imagenet_c,defocus_blur,1,none
efficientnet_b4,ILSVRC2012_val_00023389.JPEG,n03445924,575,575,0.41084015,1,imagenet_c,defocus_blur,1,none
efficientnet_b4,ILSVRC2012_val_00025433.JPEG,n03445924,575,575,0.5525785,1,imagenet_c,defocus_blur,1,none
efficientnet_b4,ILSVRC2012_val_00026782.JPEG,n03445924,575,864,0.38116708,0,imagenet_c,defocus_blur,1,none
efficientnet_b4,ILSVRC2012_val_00026881.JPEG,n03445924,575,575,0.718119,1,imagenet_c,defocus_blur,1,none
efficientnet_b4,ILSVRC2012_val_00027473.JPEG,n03445924,575,575,0.69294,1,imagenet_c,defocus_blur,1,none
efficientnet_b4,ILSVRC2012_val_00029978.JPEG,n03445924,575,575,0.38017735,1,imagenet_c,defocus_blur,1,none
efficientnet_b4,ILSVRC2012_val_00030913.JPEG,n03445924,575,575,0.5960447,1,imagenet_c,defocus_blur,1,none
efficientnet_b4,ILSVRC2012_val_00032168.JPEG,n03445924,575,575,0.5300728,1,imagenet_c,defocus_blur,1,none
efficientnet_b4,ILSVRC2012_val_00032367.JPEG,n03445924,575,575,0.6203615,1,imagenet_c,defocus_blur,1,none
efficientnet_b4,ILSVRC2012_val_00032865.JPEG,n03445924,575,575,0.65598357,1,imagenet_c,defocus_blur,1,none
efficientnet_b4,ILSVRC2012_val_00034557.JPEG,n03445924,575,575,0.09579328,1,imagenet_c,defocus_blur,1,none
efficientnet_b4,ILSVRC2012_val_00035237.JPEG,n03445924,575,575,0.4798526,1,imagenet_c,defocus_blur,1,none
efficientnet_b4,ILSVRC2012_val_00037759.JPEG,n03445924,575,575,0.6710616,1,imagenet_c,defocus_blur,1,none
efficientnet_b4,ILSVRC2012_val_00037830.JPEG,n03445924,575,864,0.14950809,0,imagenet_c,defocus_blur,1,none
efficientnet_b4,ILSVRC2012_val_00038490.JPEG,n03445924,575,575,0.5492851,1,imagenet_c,defocus_blur,1,none
efficientnet_b4,ILSVRC2012_val_00040651.JPEG,n03445924,575,654,0.18636347,0,imagenet_c,defocus_blur,1,none
efficientnet_b4,ILSVRC2012_val_00041151.JPEG,n03445924,575,575,0.5566364,1,imagenet_c,defocus_blur,1,none
efficientnet_b4,ILSVRC2012_val_00041371.JPEG,n03445924,575,575,0.54370016,1,imagenet_c,defocus_blur,1,none
efficientnet_b4,ILSVRC2012_val_00042743.JPEG,n03445924,575,575,0.65949285,1,imagenet_c,defocus_blur,1,none
efficientnet_b4,ILSVRC2012_val_00043045.JPEG,n03445924,575,575,0.49452513,1,imagenet_c,defocus_blur,1,none
efficientnet_b4,ILSVRC2012_val_00043857.JPEG,n03445924,575,575,0.5760469,1,imagenet_c,defocus_blur,1,none
efficientnet_b4,ILSVRC2012_val_00044693.JPEG,n03445924,575,575,0.4830981,1,imagenet_c,defocus_blur,1,none
efficientnet_b4,ILSVRC2012_val_00046656.JPEG,n03445924,575,575,0.2897774,1,imagenet_c,defocus_blur,1,none
efficientnet_b4,ILSVRC2012_val_00046698.JPEG,n03445924,575,575,0.6806772,1,imagenet_c,defocus_blur,1,none
efficientnet_b4,ILSVRC2012_val_00047204.JPEG,n03445924,575,408,0.11950792,0,imagenet_c,defocus_blur,1,none
efficientnet_b4,ILSVRC2012_val_00048180.JPEG,n03445924,575,575,0.2291606,1,imagenet_c,defocus_blur,1,none
efficientnet_b4,ILSVRC2012_val_00048933.JPEG,n03445924,575,575,0.68524015,1,imagenet_c,defocus_blur,1,none
efficientnet_b4,ILSVRC2012_val_00000913.JPEG,n03447447,576,576,0.2671422,1,imagenet_c,defocus_blur,1,none
efficientnet_b4,ILSVRC2012_val_00004431.JPEG,n03447447,576,576,0.5465646,1,imagenet_c,defocus_blur,1,none
efficientnet_b4,ILSVRC2012_val_00004545.JPEG,n03447447,576,576,0.5453578,1,imagenet_c,defocus_blur,1,none
efficientnet_b4,ILSVRC2012_val_00005102.JPEG,n03447447,576,576,0.5317009,1,imagenet_c,defocus_blur,1,none
efficientnet_b4,ILSVRC2012_val_00006910.JPEG,n03447447,576,576,0.55231816,1,imagenet_c,defocus_blur,1,none
efficientnet_b4,ILSVRC2012_val_00007763.JPEG,n03447447,576,576,0.53409296,1,imagenet_c,defocus_blur,1,none
efficientnet_b4,ILSVRC2012_val_00007777.JPEG,n03447447,576,576,0.48803946,1,imagenet_c,defocus_blur,1,none
efficientnet_b4,ILSVRC2012_val_00010200.JPEG,n03447447,576,576,0.4668088,1,imagenet_c,defocus_blur,1,none
efficientnet_b4,ILSVRC2012_val_00010337.JPEG,n03447447,576,576,0.491811,1,imagenet_c,defocus_blur,1,none
efficientnet_b4,ILSVRC2012_val_00012445.JPEG,n03447447,576,576,0.32475376,1,imagenet_c,defocus_blur,1,none
efficientnet_b4,ILSVRC2012_val_00014247.JPEG,n03447447,576,576,0.5807673,1,imagenet_c,defocus_blur,1,none
efficientnet_b4,ILSVRC2012_val_00014616.JPEG,n03447447,576,576,0.4525999,1,imagenet_c,defocus_blur,1,none
efficientnet_b4,ILSVRC2012_val_00015524.JPEG,n03447447,576,576,0.5304255,1,imagenet_c,defocus_blur,1,none
efficientnet_b4,ILSVRC2012_val_00015574.JPEG,n03447447,576,576,0.51108706,1,imagenet_c,defocus_blur,1,none
efficientnet_b4,ILSVRC2012_val_00015931.JPEG,n03447447,576,576,0.3614902,1,imagenet_c,defocus_blur,1,none
efficientnet_b4,ILSVRC2012_val_00016468.JPEG,n03447447,576,576,0.57230103,1,imagenet_c,defocus_blur,1,none
efficientnet_b4,ILSVRC2012_val_00016640.JPEG,n03447447,576,576,0.41244292,1,imagenet_c,defocus_blur,1,none
efficientnet_b4,ILSVRC2012_val_00016814.JPEG,n03447447,576,576,0.42381734,1,imagenet_c,defocus_blur,1,none
efficientnet_b4,ILSVRC2012_val_00018805.JPEG,n03447447,576,576,0.6311278,1,imagenet_c,defocus_blur,1,none
efficientnet_b4,ILSVRC2012_val_00020339.JPEG,n03447447,576,576,0.6938219,1,imagenet_c,defocus_blur,1,none
efficientnet_b4,ILSVRC2012_val_00020791.JPEG,n03447447,576,576,0.5507984,1,imagenet_c,defocus_blur,1,none
efficientnet_b4,ILSVRC2012_val_00022701.JPEG,n03447447,576,576,0.5017738,1,imagenet_c,defocus_blur,1,none
efficientnet_b4,ILSVRC2012_val_00022897.JPEG,n03447447,576,576,0.67198265,1,imagenet_c,defocus_blur,1,none
efficientnet_b4,ILSVRC2012_val_00023039.JPEG,n03447447,576,576,0.4222815,1,imagenet_c,defocus_blur,1,none
efficientnet_b4,ILSVRC2012_val_00023392.JPEG,n03447447,576,472,0.27563545,0,imagenet_c,defocus_blur,1,none
efficientnet_b4,ILSVRC2012_val_00025029.JPEG,n03447447,576,576,0.5247399,1,imagenet_c,defocus_blur,1,none
efficientnet_b4,ILSVRC2012_val_00025284.JPEG,n03447447,576,576,0.44975987,1,imagenet_c,defocus_blur,1,none
efficientnet_b4,ILSVRC2012_val_00025480.JPEG,n03447447,576,576,0.39681733,1,imagenet_c,defocus_blur,1,none
efficientnet_b4,ILSVRC2012_val_00025985.JPEG,n03447447,576,576,0.44851086,1,imagenet_c,defocus_blur,1,none
efficientnet_b4,ILSVRC2012_val_00027865.JPEG,n03447447,576,576,0.4931408,1,imagenet_c,defocus_blur,1,none
efficientnet_b4,ILSVRC2012_val_00028194.JPEG,n03447447,576,576,0.5215219,1,imagenet_c,defocus_blur,1,none
efficientnet_b4,ILSVRC2012_val_00030329.JPEG,n03447447,576,576,0.36721635,1,imagenet_c,defocus_blur,1,none
efficientnet_b4,ILSVRC2012_val_00031369.JPEG,n03447447,576,576,0.38504046,1,imagenet_c,defocus_blur,1,none
efficientnet_b4,ILSVRC2012_val_00033728.JPEG,n03447447,576,576,0.44766137,1,imagenet_c,defocus_blur,1,none
efficientnet_b4,ILSVRC2012_val_00034216.JPEG,n03447447,576,460,0.1426912,0,imagenet_c,defocus_blur,1,none
efficientnet_b4,ILSVRC2012_val_00035514.JPEG,n03447447,576,576,0.5641717,1,imagenet_c,defocus_blur,1,none
efficientnet_b4,ILSVRC2012_val_00035613.JPEG,n03447447,576,576,0.5281479,1,imagenet_c,defocus_blur,1,none
efficientnet_b4,ILSVRC2012_val_00036013.JPEG,n03447447,576,576,0.53905845,1,imagenet_c,defocus_blur,1,none
efficientnet_b4,ILSVRC2012_val_00036172.JPEG,n03447447,576,576,0.28401285,1,imagenet_c,defocus_blur,1,none
efficientnet_b4,ILSVRC2012_val_00036364.JPEG,n03447447,576,576,0.25293174,1,imagenet_c,defocus_blur,1,none
efficientnet_b4,ILSVRC2012_val_00036574.JPEG,n03447447,576,576,0.48192018,1,imagenet_c,defocus_blur,1,none
efficientnet_b4,ILSVRC2012_val_00040831.JPEG,n03447447,576,576,0.47091302,1,imagenet_c,defocus_blur,1,none
efficientnet_b4,ILSVRC2012_val_00042282.JPEG,n03447447,576,576,0.63728935,1,imagenet_c,defocus_blur,1,none
efficientnet_b4,ILSVRC2012_val_00042502.JPEG,n03447447,576,576,0.46375751,1,imagenet_c,defocus_blur,1,none
efficientnet_b4,ILSVRC2012_val_00045000.JPEG,n03447447,576,576,0.526048,1,imagenet_c,defocus_blur,1,none
efficientnet_b4,ILSVRC2012_val_00045286.JPEG,n03447447,576,576,0.7866042,1,imagenet_c,defocus_blur,1,none
efficientnet_b4,ILSVRC2012_val_00045821.JPEG,n03447447,576,576,0.59836406,1,imagenet_c,defocus_blur,1,none
efficientnet_b4,ILSVRC2012_val_00047743.JPEG,n03447447,576,576,0.51024526,1,imagenet_c,defocus_blur,1,none
efficientnet_b4,ILSVRC2012_val_00048806.JPEG,n03447447,576,576,0.6043555,1,imagenet_c,defocus_blur,1,none
efficientnet_b4,ILSVRC2012_val_00049519.JPEG,n03447447,576,576,0.49349236,1,imagenet_c,defocus_blur,1,none
efficientnet_b4,ILSVRC2012_val_00001052.JPEG,n03447721,577,577,0.41558778,1,imagenet_c,defocus_blur,1,none
efficientnet_b4,ILSVRC2012_val_00001400.JPEG,n03447721,577,556,0.17478198,0,imagenet_c,defocus_blur,1,none
efficientnet_b4,ILSVRC2012_val_00002032.JPEG,n03447721,577,577,0.5792984,1,imagenet_c,defocus_blur,1,none
efficientnet_b4,ILSVRC2012_val_00002831.JPEG,n03447721,577,647,0.16040742,0,imagenet_c,defocus_blur,1,none
efficientnet_b4,ILSVRC2012_val_00002842.JPEG,n03447721,577,577,0.24730234,1,imagenet_c,defocus_blur,1,none
efficientnet_b4,ILSVRC2012_val_00002952.JPEG,n03447721,577,494,0.23148991,0,imagenet_c,defocus_blur,1,none
efficientnet_b4,ILSVRC2012_val_00004592.JPEG,n03447721,577,494,0.29105216,0,imagenet_c,defocus_blur,1,none
efficientnet_b4,ILSVRC2012_val_00005101.JPEG,n03447721,577,551,0.81269825,0,imagenet_c,defocus_blur,1,none
efficientnet_b4,ILSVRC2012_val_00006130.JPEG,n03447721,577,778,0.16008505,0,imagenet_c,defocus_blur,1,none
efficientnet_b4,ILSVRC2012_val_00006388.JPEG,n03447721,577,577,0.26721537,1,imagenet_c,defocus_blur,1,none
efficientnet_b4,ILSVRC2012_val_00006942.JPEG,n03447721,577,577,0.3224758,1,imagenet_c,defocus_blur,1,none
efficientnet_b4,ILSVRC2012_val_00007286.JPEG,n03447721,577,577,0.40167728,1,imagenet_c,defocus_blur,1,none
efficientnet_b4,ILSVRC2012_val_00007480.JPEG,n03447721,577,577,0.12406805,1,imagenet_c,defocus_blur,1,none
efficientnet_b4,ILSVRC2012_val_00007707.JPEG,n03447721,577,577,0.48953637,1,imagenet_c,defocus_blur,1,none
efficientnet_b4,ILSVRC2012_val_00008429.JPEG,n03447721,577,494,0.35677785,0,imagenet_c,defocus_blur,1,none
efficientnet_b4,ILSVRC2012_val_00009274.JPEG,n03447721,577,577,0.11996276,1,imagenet_c,defocus_blur,1,none
efficientnet_b4,ILSVRC2012_val_00010239.JPEG,n03447721,577,577,0.4816485,1,imagenet_c,defocus_blur,1,none
efficientnet_b4,ILSVRC2012_val_00011545.JPEG,n03447721,577,577,0.3811047,1,imagenet_c,defocus_blur,1,none
efficientnet_b4,ILSVRC2012_val_00011960.JPEG,n03447721,577,494,0.30049932,0,imagenet_c,defocus_blur,1,none
efficientnet_b4,ILSVRC2012_val_00012027.JPEG,n03447721,577,577,0.48375708,1,imagenet_c,defocus_blur,1,none
efficientnet_b4,ILSVRC2012_val_00015642.JPEG,n03447721,577,577,0.2563294,1,imagenet_c,defocus_blur,1,none
efficientnet_b4,ILSVRC2012_val_00016503.JPEG,n03447721,577,577,0.6229689,1,imagenet_c,defocus_blur,1,none
efficientnet_b4,ILSVRC2012_val_00018056.JPEG,n03447721,577,522,0.19607116,0,imagenet_c,defocus_blur,1,none
efficientnet_b4,ILSVRC2012_val_00018370.JPEG,n03447721,577,577,0.45858023,1,imagenet_c,defocus_blur,1,none
efficientnet_b4,ILSVRC2012_val_00018723.JPEG,n03447721,577,577,0.3900192,1,imagenet_c,defocus_blur,1,none
efficientnet_b4,ILSVRC2012_val_00021283.JPEG,n03447721,577,577,0.29681057,1,imagenet_c,defocus_blur,1,none
efficientnet_b4,ILSVRC2012_val_00022038.JPEG,n03447721,577,494,0.35124755,0,imagenet_c,defocus_blur,1,none
efficientnet_b4,ILSVRC2012_val_00022378.JPEG,n03447721,577,577,0.25375995,1,imagenet_c,defocus_blur,1,none
efficientnet_b4,ILSVRC2012_val_00023153.JPEG,n03447721,577,577,0.45089212,1,imagenet_c,defocus_blur,1,none
efficientnet_b4,ILSVRC2012_val_00023263.JPEG,n03447721,577,577,0.313735,1,imagenet_c,defocus_blur,1,none
efficientnet_b4,ILSVRC2012_val_00024104.JPEG,n03447721,577,577,0.31561226,1,imagenet_c,defocus_blur,1,none
efficientnet_b4,ILSVRC2012_val_00024238.JPEG,n03447721,577,633,0.21244673,0,imagenet_c,defocus_blur,1,none
efficientnet_b4,ILSVRC2012_val_00026287.JPEG,n03447721,577,577,0.32941353,1,imagenet_c,defocus_blur,1,none
efficientnet_b4,ILSVRC2012_val_00027614.JPEG,n03447721,577,577,0.29670748,1,imagenet_c,defocus_blur,1,none
efficientnet_b4,ILSVRC2012_val_00028468.JPEG,n03447721,577,577,0.33757713,1,imagenet_c,defocus_blur,1,none
efficientnet_b4,ILSVRC2012_val_00030989.JPEG,n03447721,577,577,0.40866604,1,imagenet_c,defocus_blur,1,none
efficientnet_b4,ILSVRC2012_val_00035044.JPEG,n03447721,577,577,0.2884128,1,imagenet_c,defocus_blur,1,none
efficientnet_b4,ILSVRC2012_val_00035792.JPEG,n03447721,577,577,0.38836336,1,imagenet_c,defocus_blur,1,none
efficientnet_b4,ILSVRC2012_val_00036448.JPEG,n03447721,577,577,0.29460824,1,imagenet_c,defocus_blur,1,none
efficientnet_b4,ILSVRC2012_val_00036642.JPEG,n03447721,577,577,0.24929875,1,imagenet_c,defocus_blur,1,none
efficientnet_b4,ILSVRC2012_val_00037745.JPEG,n03447721,577,494,0.24439283,0,imagenet_c,defocus_blur,1,none
efficientnet_b4,ILSVRC2012_val_00038539.JPEG,n03447721,577,577,0.35806727,1,imagenet_c,defocus_blur,1,none
efficientnet_b4,ILSVRC2012_val_00039141.JPEG,n03447721,577,494,0.31109318,0,imagenet_c,defocus_blur,1,none
efficientnet_b4,ILSVRC2012_val_00041068.JPEG,n03447721,577,577,0.499127,1,imagenet_c,defocus_blur,1,none
efficientnet_b4,ILSVRC2012_val_00041280.JPEG,n03447721,577,494,0.30369112,0,imagenet_c,defocus_blur,1,none
efficientnet_b4,ILSVRC2012_val_00041770.JPEG,n03447721,577,577,0.5432626,1,imagenet_c,defocus_blur,1,none
efficientnet_b4,ILSVRC2012_val_00044853.JPEG,n03447721,577,577,0.389785,1,imagenet_c,defocus_blur,1,none
efficientnet_b4,ILSVRC2012_val_00047055.JPEG,n03447721,577,577,0.5304209,1,imagenet_c,defocus_blur,1,none
efficientnet_b4,ILSVRC2012_val_00048244.JPEG,n03447721,577,577,0.2797338,1,imagenet_c,defocus_blur,1,none
efficientnet_b4,ILSVRC2012_val_00049947.JPEG,n03447721,577,577,0.13965805,1,imagenet_c,defocus_blur,1,none
efficientnet_b4,ILSVRC2012_val_00000780.JPEG,n03450230,578,578,0.2818244,1,imagenet_c,defocus_blur,1,none
efficientnet_b4,ILSVRC2012_val_00001627.JPEG,n03450230,578,578,0.2544764,1,imagenet_c,defocus_blur,1,none
efficientnet_b4,ILSVRC2012_val_00002275.JPEG,n03450230,578,601,0.5708835,0,imagenet_c,defocus_blur,1,none
efficientnet_b4,ILSVRC2012_val_00002892.JPEG,n03450230,578,578,0.13699849,1,imagenet_c,defocus_blur,1,none
efficientnet_b4,ILSVRC2012_val_00003778.JPEG,n03450230,578,522,0.23190428,0,imagenet_c,defocus_blur,1,none
efficientnet_b4,ILSVRC2012_val_00004145.JPEG,n03450230,578,568,0.08510298,0,imagenet_c,defocus_blur,1,none
efficientnet_b4,ILSVRC2012_val_00004365.JPEG,n03450230,578,601,0.26667377,0,imagenet_c,defocus_blur,1,none
efficientnet_b4,ILSVRC2012_val_00004901.JPEG,n03450230,578,601,0.25422475,0,imagenet_c,defocus_blur,1,none
efficientnet_b4,ILSVRC2012_val_00006802.JPEG,n03450230,578,354,0.123873234,0,imagenet_c,defocus_blur,1,none
efficientnet_b4,ILSVRC2012_val_00007147.JPEG,n03450230,578,522,0.18414009,0,imagenet_c,defocus_blur,1,none
efficientnet_b4,ILSVRC2012_val_00007280.JPEG,n03450230,578,578,0.17904925,1,imagenet_c,defocus_blur,1,none
efficientnet_b4,ILSVRC2012_val_00007688.JPEG,n03450230,578,689,0.42467588,0,imagenet_c,defocus_blur,1,none
efficientnet_b4,ILSVRC2012_val_00008551.JPEG,n03450230,578,354,0.15034242,0,imagenet_c,defocus_blur,1,none
efficientnet_b4,ILSVRC2012_val_00011683.JPEG,n03450230,578,982,0.319532,0,imagenet_c,defocus_blur,1,none
efficientnet_b4,ILSVRC2012_val_00012228.JPEG,n03450230,578,689,0.2769833,0,imagenet_c,defocus_blur,1,none
efficientnet_b4,ILSVRC2012_val_00012407.JPEG,n03450230,578,601,0.6120436,0,imagenet_c,defocus_blur,1,none
efficientnet_b4,ILSVRC2012_val_00012613.JPEG,n03450230,578,689,0.31709608,0,imagenet_c,defocus_blur,1,none
efficientnet_b4,ILSVRC2012_val_00013308.JPEG,n03450230,578,601,0.2126065,0,imagenet_c,defocus_blur,1,none
efficientnet_b4,ILSVRC2012_val_00013380.JPEG,n03450230,578,601,0.124312505,0,imagenet_c,defocus_blur,1,none
efficientnet_b4,ILSVRC2012_val_00013602.JPEG,n03450230,578,601,0.4272924,0,imagenet_c,defocus_blur,1,none
efficientnet_b4,ILSVRC2012_val_00014600.JPEG,n03450230,578,601,0.40024796,0,imagenet_c,defocus_blur,1,none
efficientnet_b4,ILSVRC2012_val_00016433.JPEG,n03450230,578,356,0.12640586,0,imagenet_c,defocus_blur,1,none
efficientnet_b4,ILSVRC2012_val_00017813.JPEG,n03450230,578,578,0.17273915,1,imagenet_c,defocus_blur,1,none
efficientnet_b4,ILSVRC2012_val_00018276.JPEG,n03450230,578,601,0.353375,0,imagenet_c,defocus_blur,1,none
efficientnet_b4,ILSVRC2012_val_00021132.JPEG,n03450230,578,601,0.23297006,0,imagenet_c,defocus_blur,1,none
efficientnet_b4,ILSVRC2012_val_00022456.JPEG,n03450230,578,728,0.13282397,0,imagenet_c,defocus_blur,1,none
efficientnet_b4,ILSVRC2012_val_00024207.JPEG,n03450230,578,906,0.118547514,0,imagenet_c,defocus_blur,1,none
efficientnet_b4,ILSVRC2012_val_00024900.JPEG,n03450230,578,578,0.20379575,1,imagenet_c,defocus_blur,1,none
efficientnet_b4,ILSVRC2012_val_00026368.JPEG,n03450230,578,578,0.3460325,1,imagenet_c,defocus_blur,1,none
efficientnet_b4,ILSVRC2012_val_00026729.JPEG,n03450230,578,601,0.30005586,0,imagenet_c,defocus_blur,1,none
efficientnet_b4,ILSVRC2012_val_00027187.JPEG,n03450230,578,701,0.11635208,0,imagenet_c,defocus_blur,1,none
efficientnet_b4,ILSVRC2012_val_00027536.JPEG,n03450230,578,578,0.38534826,1,imagenet_c,defocus_blur,1,none
efficientnet_b4,ILSVRC2012_val_00028367.JPEG,n03450230,578,689,0.29225403,0,imagenet_c,defocus_blur,1,none
efficientnet_b4,ILSVRC2012_val_00029850.JPEG,n03450230,578,578,0.13087477,1,imagenet_c,defocus_blur,1,none
efficientnet_b4,ILSVRC2012_val_00032958.JPEG,n03450230,578,680,0.2522063,0,imagenet_c,defocus_blur,1,none
efficientnet_b4,ILSVRC2012_val_00033229.JPEG,n03450230,578,578,0.27760068,1,imagenet_c,defocus_blur,1,none
efficientnet_b4,ILSVRC2012_val_00035004.JPEG,n03450230,578,601,0.24965507,0,imagenet_c,defocus_blur,1,none
efficientnet_b4,ILSVRC2012_val_00035428.JPEG,n03450230,578,601,0.45867968,0,imagenet_c,defocus_blur,1,none
efficientnet_b4,ILSVRC2012_val_00037828.JPEG,n03450230,578,793,0.29552603,0,imagenet_c,defocus_blur,1,none
efficientnet_b4,ILSVRC2012_val_00038306.JPEG,n03450230,578,601,0.6044995,0,imagenet_c,defocus_blur,1,none
efficientnet_b4,ILSVRC2012_val_00040155.JPEG,n03450230,578,689,0.2094968,0,imagenet_c,defocus_blur,1,none
efficientnet_b4,ILSVRC2012_val_00040199.JPEG,n03450230,578,601,0.34462604,0,imagenet_c,defocus_blur,1,none
efficientnet_b4,ILSVRC2012_val_00040953.JPEG,n03450230,578,601,0.4353187,0,imagenet_c,defocus_blur,1,none
efficientnet_b4,ILSVRC2012_val_00041146.JPEG,n03450230,578,601,0.18683362,0,imagenet_c,defocus_blur,1,none
efficientnet_b4,ILSVRC2012_val_00045337.JPEG,n03450230,578,689,0.24718364,0,imagenet_c,defocus_blur,1,none
efficientnet_b4,ILSVRC2012_val_00045534.JPEG,n03450230,578,601,0.52633727,0,imagenet_c,defocus_blur,1,none
efficientnet_b4,ILSVRC2012_val_00046067.JPEG,n03450230,578,982,0.09423886,0,imagenet_c,defocus_blur,1,none
efficientnet_b4,ILSVRC2012_val_00046807.JPEG,n03450230,578,494,0.43190655,0,imagenet_c,defocus_blur,1,none
efficientnet_b4,ILSVRC2012_val_00047427.JPEG,n03450230,578,578,0.20080316,1,imagenet_c,defocus_blur,1,none
efficientnet_b4,ILSVRC2012_val_00047651.JPEG,n03450230,578,841,0.082972825,0,imagenet_c,defocus_blur,1,none
efficientnet_b4,ILSVRC2012_val_00000662.JPEG,n03452741,579,579,0.36404908,1,imagenet_c,defocus_blur,1,none
efficientnet_b4,ILSVRC2012_val_00001017.JPEG,n03452741,579,579,0.32517672,1,imagenet_c,defocus_blur,1,none
efficientnet_b4,ILSVRC2012_val_00002690.JPEG,n03452741,579,579,0.36378345,1,imagenet_c,defocus_blur,1,none
efficientnet_b4,ILSVRC2012_val_00003889.JPEG,n03452741,579,881,0.504207,0,imagenet_c,defocus_blur,1,none
efficientnet_b4,ILSVRC2012_val_00006036.JPEG,n03452741,579,579,0.45394918,1,imagenet_c,defocus_blur,1,none
efficientnet_b4,ILSVRC2012_val_00007450.JPEG,n03452741,579,579,0.50492066,1,imagenet_c,defocus_blur,1,none
efficientnet_b4,ILSVRC2012_val_00007940.JPEG,n03452741,579,579,0.51153433,1,imagenet_c,defocus_blur,1,none
efficientnet_b4,ILSVRC2012_val_00008996.JPEG,n03452741,579,881,0.5765791,0,imagenet_c,defocus_blur,1,none
efficientnet_b4,ILSVRC2012_val_00010820.JPEG,n03452741,579,579,0.2990068,1,imagenet_c,defocus_blur,1,none
efficientnet_b4,ILSVRC2012_val_00010946.JPEG,n03452741,579,881,0.2729872,0,imagenet_c,defocus_blur,1,none
efficientnet_b4,ILSVRC2012_val_00011986.JPEG,n03452741,579,579,0.6250153,1,imagenet_c,defocus_blur,1,none
efficientnet_b4,ILSVRC2012_val_00012694.JPEG,n03452741,579,881,0.23306775,0,imagenet_c,defocus_blur,1,none
efficientnet_b4,ILSVRC2012_val_00012805.JPEG,n03452741,579,881,0.43085805,0,imagenet_c,defocus_blur,1,none
efficientnet_b4,ILSVRC2012_val_00013298.JPEG,n03452741,579,579,0.26953074,1,imagenet_c,defocus_blur,1,none
efficientnet_b4,ILSVRC2012_val_00013511.JPEG,n03452741,579,579,0.7048549,1,imagenet_c,defocus_blur,1,none
efficientnet_b4,ILSVRC2012_val_00016165.JPEG,n03452741,579,881,0.6740206,0,imagenet_c,defocus_blur,1,none
efficientnet_b4,ILSVRC2012_val_00016899.JPEG,n03452741,579,579,0.5582957,1,imagenet_c,defocus_blur,1,none
efficientnet_b4,ILSVRC2012_val_00018721.JPEG,n03452741,579,579,0.6150882,1,imagenet_c,defocus_blur,1,none
efficientnet_b4,ILSVRC2012_val_00018954.JPEG,n03452741,579,579,0.5412079,1,imagenet_c,defocus_blur,1,none
efficientnet_b4,ILSVRC2012_val_00019981.JPEG,n03452741,579,579,0.4801829,1,imagenet_c,defocus_blur,1,none
efficientnet_b4,ILSVRC2012_val_00020252.JPEG,n03452741,579,881,0.3288213,0,imagenet_c,defocus_blur,1,none
efficientnet_b4,ILSVRC2012_val_00020812.JPEG,n03452741,579,579,0.50008214,1,imagenet_c,defocus_blur,1,none
efficientnet_b4,ILSVRC2012_val_00021188.JPEG,n03452741,579,881,0.5069544,0,imagenet_c,defocus_blur,1,none
efficientnet_b4,ILSVRC2012_val_00021190.JPEG,n03452741,579,579,0.4381328,1,imagenet_c,defocus_blur,1,none
efficientnet_b4,ILSVRC2012_val_00021661.JPEG,n03452741,579,579,0.44375548,1,imagenet_c,defocus_blur,1,none
efficientnet_b4,ILSVRC2012_val_00021695.JPEG,n03452741,579,888,0.099073626,0,imagenet_c,defocus_blur,1,none
efficientnet_b4,ILSVRC2012_val_00022718.JPEG,n03452741,579,854,0.29828537,0,imagenet_c,defocus_blur,1,none
efficientnet_b4,ILSVRC2012_val_00025572.JPEG,n03452741,579,579,0.42720824,1,imagenet_c,defocus_blur,1,none
efficientnet_b4,ILSVRC2012_val_00025854.JPEG,n03452741,579,579,0.1963585,1,imagenet_c,defocus_blur,1,none
efficientnet_b4,ILSVRC2012_val_00026127.JPEG,n03452741,579,881,0.41704723,0,imagenet_c,defocus_blur,1,none
efficientnet_b4,ILSVRC2012_val_00028144.JPEG,n03452741,579,881,0.20851031,0,imagenet_c,defocus_blur,1,none
efficientnet_b4,ILSVRC2012_val_00028207.JPEG,n03452741,579,881,0.4081408,0,imagenet_c,defocus_blur,1,none
efficientnet_b4,ILSVRC2012_val_00028864.JPEG,n03452741,579,579,0.4147182,1,imagenet_c,defocus_blur,1,none
efficientnet_b4,ILSVRC2012_val_00029142.JPEG,n03452741,579,606,0.42154682,0,imagenet_c,defocus_blur,1,none
efficientnet_b4,ILSVRC2012_val_00029617.JPEG,n03452741,579,579,0.45121193,1,imagenet_c,defocus_blur,1,none
efficientnet_b4,ILSVRC2012_val_00029952.JPEG,n03452741,579,881,0.7211599,0,imagenet_c,defocus_blur,1,none
efficientnet_b4,ILSVRC2012_val_00032387.JPEG,n03452741,579,881,0.27464142,0,imagenet_c,defocus_blur,1,none
efficientnet_b4,ILSVRC2012_val_00032753.JPEG,n03452741,579,579,0.5588413,1,imagenet_c,defocus_blur,1,none
efficientnet_b4,ILSVRC2012_val_00033366.JPEG,n03452741,579,579,0.04332602,1,imagenet_c,defocus_blur,1,none
efficientnet_b4,ILSVRC2012_val_00034400.JPEG,n03452741,579,881,0.4644052,0,imagenet_c,defocus_blur,1,none
efficientnet_b4,ILSVRC2012_val_00034629.JPEG,n03452741,579,579,0.30543056,1,imagenet_c,defocus_blur,1,none
efficientnet_b4,ILSVRC2012_val_00035196.JPEG,n03452741,579,881,0.1618532,0,imagenet_c,defocus_blur,1,none
efficientnet_b4,ILSVRC2012_val_00037045.JPEG,n03452741,579,579,0.5042725,1,imagenet_c,defocus_blur,1,none
efficientnet_b4,ILSVRC2012_val_00037936.JPEG,n03452741,579,579,0.45186034,1,imagenet_c,defocus_blur,1,none
efficientnet_b4,ILSVRC2012_val_00039714.JPEG,n03452741,579,401,0.13085736,0,imagenet_c,defocus_blur,1,none
efficientnet_b4,ILSVRC2012_val_00039717.JPEG,n03452741,579,582,0.46451646,0,imagenet_c,defocus_blur,1,none
efficientnet_b4,ILSVRC2012_val_00043659.JPEG,n03452741,579,579,0.054198053,1,imagenet_c,defocus_blur,1,none
efficientnet_b4,ILSVRC2012_val_00043735.JPEG,n03452741,579,881,0.42371783,0,imagenet_c,defocus_blur,1,none
efficientnet_b4,ILSVRC2012_val_00047672.JPEG,n03452741,579,579,0.4825996,1,imagenet_c,defocus_blur,1,none
efficientnet_b4,ILSVRC2012_val_00048755.JPEG,n03452741,579,881,0.4897771,0,imagenet_c,defocus_blur,1,none
efficientnet_b4,ILSVRC2012_val_00000295.JPEG,n03457902,580,738,0.20153888,0,imagenet_c,defocus_blur,1,none
efficientnet_b4,ILSVRC2012_val_00001543.JPEG,n03457902,580,428,0.43424165,0,imagenet_c,defocus_blur,1,none
efficientnet_b4,ILSVRC2012_val_00002238.JPEG,n03457902,580,738,0.21673337,0,imagenet_c,defocus_blur,1,none
efficientnet_b4,ILSVRC2012_val_00002474.JPEG,n03457902,580,580,0.79963183,1,imagenet_c,defocus_blur,1,none
efficientnet_b4,ILSVRC2012_val_00004988.JPEG,n03457902,580,580,0.48742145,1,imagenet_c,defocus_blur,1,none
efficientnet_b4,ILSVRC2012_val_00005071.JPEG,n03457902,580,580,0.5559086,1,imagenet_c,defocus_blur,1,none
efficientnet_b4,ILSVRC2012_val_00005272.JPEG,n03457902,580,727,0.52175856,0,imagenet_c,defocus_blur,1,none
efficientnet_b4,ILSVRC2012_val_00005484.JPEG,n03457902,580,580,0.55949277,1,imagenet_c,defocus_blur,1,none
efficientnet_b4,ILSVRC2012_val_00005989.JPEG,n03457902,580,580,0.2959348,1,imagenet_c,defocus_blur,1,none
efficientnet_b4,ILSVRC2012_val_00006489.JPEG,n03457902,580,580,0.22002408,1,imagenet_c,defocus_blur,1,none
efficientnet_b4,ILSVRC2012_val_00006829.JPEG,n03457902,580,580,0.22221968,1,imagenet_c,defocus_blur,1,none
efficientnet_b4,ILSVRC2012_val_00007776.JPEG,n03457902,580,580,0.08655933,1,imagenet_c,defocus_blur,1,none
efficientnet_b4,ILSVRC2012_val_00008694.JPEG,n03457902,580,743,0.16638388,0,imagenet_c,defocus_blur,1,none
efficientnet_b4,ILSVRC2012_val_00009006.JPEG,n03457902,580,904,0.20782676,0,imagenet_c,defocus_blur,1,none
efficientnet_b4,ILSVRC2012_val_00009278.JPEG,n03457902,580,580,0.1898113,1,imagenet_c,defocus_blur,1,none
efficientnet_b4,ILSVRC2012_val_00010226.JPEG,n03457902,580,660,0.0230244,0,imagenet_c,defocus_blur,1,none
efficientnet_b4,ILSVRC2012_val_00010930.JPEG,n03457902,580,580,0.13031527,1,imagenet_c,defocus_blur,1,none
efficientnet_b4,ILSVRC2012_val_00013614.JPEG,n03457902,580,821,0.14210095,0,imagenet_c,defocus_blur,1,none
efficientnet_b4,ILSVRC2012_val_00013946.JPEG,n03457902,580,580,0.054427158,1,imagenet_c,defocus_blur,1,none
efficientnet_b4,ILSVRC2012_val_00014300.JPEG,n03457902,580,580,0.3971485,1,imagenet_c,defocus_blur,1,none
efficientnet_b4,ILSVRC2012_val_00014419.JPEG,n03457902,580,225,0.038180865,0,imagenet_c,defocus_blur,1,none
efficientnet_b4,ILSVRC2012_val_00014593.JPEG,n03457902,580,978,0.08105,0,imagenet_c,defocus_blur,1,none
efficientnet_b4,ILSVRC2012_val_00014654.JPEG,n03457902,580,580,0.5591052,1,imagenet_c,defocus_blur,1,none
efficientnet_b4,ILSVRC2012_val_00016907.JPEG,n03457902,580,580,0.3184987,1,imagenet_c,defocus_blur,1,none
efficientnet_b4,ILSVRC2012_val_00019847.JPEG,n03457902,580,634,0.28172493,0,imagenet_c,defocus_blur,1,none
efficientnet_b4,ILSVRC2012_val_00021681.JPEG,n03457902,580,904,0.30759346,0,imagenet_c,defocus_blur,1,none
efficientnet_b4,ILSVRC2012_val_00022019.JPEG,n03457902,580,811,0.10397131,0,imagenet_c,defocus_blur,1,none
efficientnet_b4,ILSVRC2012_val_00023965.JPEG,n03457902,580,580,0.21913478,1,imagenet_c,defocus_blur,1,none
efficientnet_b4,ILSVRC2012_val_00024706.JPEG,n03457902,580,580,0.188033,1,imagenet_c,defocus_blur,1,none
efficientnet_b4,ILSVRC2012_val_00028356.JPEG,n03457902,580,580,0.083422996,1,imagenet_c,defocus_blur,1,none
efficientnet_b4,ILSVRC2012_val_00028358.JPEG,n03457902,580,580,0.52682924,1,imagenet_c,defocus_blur,1,none
efficientnet_b4,ILSVRC2012_val_00028752.JPEG,n03457902,580,580,0.3951624,1,imagenet_c,defocus_blur,1,none
efficientnet_b4,ILSVRC2012_val_00029112.JPEG,n03457902,580,580,0.07381002,1,imagenet_c,defocus_blur,1,none
efficientnet_b4,ILSVRC2012_val_00029630.JPEG,n03457902,580,580,0.5396282,1,imagenet_c,defocus_blur,1,none
efficientnet_b4,ILSVRC2012_val_00029791.JPEG,n03457902,580,789,0.19825557,0,imagenet_c,defocus_blur,1,none
efficientnet_b4,ILSVRC2012_val_00030145.JPEG,n03457902,580,660,0.038859952,0,imagenet_c,defocus_blur,1,none
efficientnet_b4,ILSVRC2012_val_00030218.JPEG,n03457902,580,580,0.52412045,1,imagenet_c,defocus_blur,1,none
efficientnet_b4,ILSVRC2012_val_00034033.JPEG,n03457902,580,580,0.1982394,1,imagenet_c,defocus_blur,1,none
efficientnet_b4,ILSVRC2012_val_00035352.JPEG,n03457902,580,580,0.43816057,1,imagenet_c,defocus_blur,1,none
efficientnet_b4,ILSVRC2012_val_00035478.JPEG,n03457902,580,580,0.23852171,1,imagenet_c,defocus_blur,1,none
efficientnet_b4,ILSVRC2012_val_00036327.JPEG,n03457902,580,580,0.02710556,1,imagenet_c,defocus_blur,1,none
efficientnet_b4,ILSVRC2012_val_00037499.JPEG,n03457902,580,522,0.041208837,0,imagenet_c,defocus_blur,1,none
efficientnet_b4,ILSVRC2012_val_00041009.JPEG,n03457902,580,580,0.45507348,1,imagenet_c,defocus_blur,1,none
efficientnet_b4,ILSVRC2012_val_00041313.JPEG,n03457902,580,703,0.02697543,0,imagenet_c,defocus_blur,1,none
efficientnet_b4,ILSVRC2012_val_00042668.JPEG,n03457902,580,580,0.52064383,1,imagenet_c,defocus_blur,1,none
efficientnet_b4,ILSVRC2012_val_00044055.JPEG,n03457902,580,580,0.46742535,1,imagenet_c,defocus_blur,1,none
efficientnet_b4,ILSVRC2012_val_00045437.JPEG,n03457902,580,580,0.38087338,1,imagenet_c,defocus_blur,1,none
efficientnet_b4,ILSVRC2012_val_00048899.JPEG,n03457902,580,660,0.12745795,0,imagenet_c,defocus_blur,1,none
efficientnet_b4,ILSVRC2012_val_00049086.JPEG,n03457902,580,807,0.06114879,0,imagenet_c,defocus_blur,1,none
efficientnet_b4,ILSVRC2012_val_00049183.JPEG,n03457902,580,580,0.024738707,1,imagenet_c,defocus_blur,1,none
efficientnet_b4,ILSVRC2012_val_00000852.JPEG,n03459775,581,511,0.15055922,0,imagenet_c,defocus_blur,1,none
efficientnet_b4,ILSVRC2012_val_00003517.JPEG,n03459775,581,581,0.16883789,1,imagenet_c,defocus_blur,1,none
efficientnet_b4,ILSVRC2012_val_00004740.JPEG,n03459775,581,581,0.2723612,1,imagenet_c,defocus_blur,1,none
efficientnet_b4,ILSVRC2012_val_00004928.JPEG,n03459775,581,581,0.23664393,1,imagenet_c,defocus_blur,1,none
efficientnet_b4,ILSVRC2012_val_00005798.JPEG,n03459775,581,817,0.10712109,0,imagenet_c,defocus_blur,1,none
efficientnet_b4,ILSVRC2012_val_00009300.JPEG,n03459775,581,468,0.12720011,0,imagenet_c,defocus_blur,1,none
efficientnet_b4,ILSVRC2012_val_00010573.JPEG,n03459775,581,661,0.3948131,0,imagenet_c,defocus_blur,1,none
efficientnet_b4,ILSVRC2012_val_00011839.JPEG,n03459775,581,468,0.22403234,0,imagenet_c,defocus_blur,1,none
efficientnet_b4,ILSVRC2012_val_00013825.JPEG,n03459775,581,581,0.66247535,1,imagenet_c,defocus_blur,1,none
efficientnet_b4,ILSVRC2012_val_00016371.JPEG,n03459775,581,864,0.14149076,0,imagenet_c,defocus_blur,1,none
efficientnet_b4,ILSVRC2012_val_00016475.JPEG,n03459775,581,581,0.12956224,1,imagenet_c,defocus_blur,1,none
efficientnet_b4,ILSVRC2012_val_00017282.JPEG,n03459775,581,581,0.29924995,1,imagenet_c,defocus_blur,1,none
efficientnet_b4,ILSVRC2012_val_00017520.JPEG,n03459775,581,511,0.2834271,0,imagenet_c,defocus_blur,1,none
efficientnet_b4,ILSVRC2012_val_00018944.JPEG,n03459775,581,581,0.65038466,1,imagenet_c,defocus_blur,1,none
efficientnet_b4,ILSVRC2012_val_00019536.JPEG,n03459775,581,581,0.28362823,1,imagenet_c,defocus_blur,1,none
efficientnet_b4,ILSVRC2012_val_00020758.JPEG,n03459775,581,581,0.31581828,1,imagenet_c,defocus_blur,1,none
efficientnet_b4,ILSVRC2012_val_00020941.JPEG,n03459775,581,555,0.1718834,0,imagenet_c,defocus_blur,1,none
efficientnet_b4,ILSVRC2012_val_00021657.JPEG,n03459775,581,581,0.2639274,1,imagenet_c,defocus_blur,1,none
efficientnet_b4,ILSVRC2012_val_00021911.JPEG,n03459775,581,581,0.233904,1,imagenet_c,defocus_blur,1,none
efficientnet_b4,ILSVRC2012_val_00022561.JPEG,n03459775,581,581,0.45914066,1,imagenet_c,defocus_blur,1,none
efficientnet_b4,ILSVRC2012_val_00023023.JPEG,n03459775,581,436,0.12440817,0,imagenet_c,defocus_blur,1,none
efficientnet_b4,ILSVRC2012_val_00023710.JPEG,n03459775,581,581,0.68270004,1,imagenet_c,defocus_blur,1,none
efficientnet_b4,ILSVRC2012_val_00025067.JPEG,n03459775,581,734,0.3081126,0,imagenet_c,defocus_blur,1,none
efficientnet_b4,ILSVRC2012_val_00025624.JPEG,n03459775,581,581,0.32385808,1,imagenet_c,defocus_blur,1,none
efficientnet_b4,ILSVRC2012_val_00025724.JPEG,n03459775,581,579,0.05580411,0,imagenet_c,defocus_blur,1,none
efficientnet_b4,ILSVRC2012_val_00026317.JPEG,n03459775,581,609,0.36472094,0,imagenet_c,defocus_blur,1,none
efficientnet_b4,ILSVRC2012_val_00028470.JPEG,n03459775,581,867,0.1584475,0,imagenet_c,defocus_blur,1,none
efficientnet_b4,ILSVRC2012_val_00029201.JPEG,n03459775,581,436,0.51161015,0,imagenet_c,defocus_blur,1,none
efficientnet_b4,ILSVRC2012_val_00030037.JPEG,n03459775,581,511,0.2200759,0,imagenet_c,defocus_blur,1,none
efficientnet_b4,ILSVRC2012_val_00032078.JPEG,n03459775,581,581,0.7035881,1,imagenet_c,defocus_blur,1,none
efficientnet_b4,ILSVRC2012_val_00032839.JPEG,n03459775,581,581,0.35123798,1,imagenet_c,defocus_blur,1,none
efficientnet_b4,ILSVRC2012_val_00033224.JPEG,n03459775,581,436,0.3155277,0,imagenet_c,defocus_blur,1,none
efficientnet_b4,ILSVRC2012_val_00033620.JPEG,n03459775,581,436,0.41590858,0,imagenet_c,defocus_blur,1,none
efficientnet_b4,ILSVRC2012_val_00034367.JPEG,n03459775,581,581,0.15022716,1,imagenet_c,defocus_blur,1,none
efficientnet_b4,ILSVRC2012_val_00035643.JPEG,n03459775,581,581,0.63245153,1,imagenet_c,defocus_blur,1,none
efficientnet_b4,ILSVRC2012_val_00036180.JPEG,n03459775,581,581,0.31367743,1,imagenet_c,defocus_blur,1,none
efficientnet_b4,ILSVRC2012_val_00036409.JPEG,n03459775,581,581,0.56407475,1,imagenet_c,defocus_blur,1,none
efficientnet_b4,ILSVRC2012_val_00036721.JPEG,n03459775,581,717,0.2840293,0,imagenet_c,defocus_blur,1,none
efficientnet_b4,ILSVRC2012_val_00038655.JPEG,n03459775,581,627,0.23986073,0,imagenet_c,defocus_blur,1,none
efficientnet_b4,ILSVRC2012_val_00039343.JPEG,n03459775,581,734,0.64535123,0,imagenet_c,defocus_blur,1,none
efficientnet_b4,ILSVRC2012_val_00040302.JPEG,n03459775,581,581,0.4592433,1,imagenet_c,defocus_blur,1,none
efficientnet_b4,ILSVRC2012_val_00041036.JPEG,n03459775,581,534,0.22782634,0,imagenet_c,defocus_blur,1,none
efficientnet_b4,ILSVRC2012_val_00041276.JPEG,n03459775,581,511,0.3992716,0,imagenet_c,defocus_blur,1,none
efficientnet_b4,ILSVRC2012_val_00041657.JPEG,n03459775,581,654,0.087928616,0,imagenet_c,defocus_blur,1,none
efficientnet_b4,ILSVRC2012_val_00041782.JPEG,n03459775,581,581,0.75857073,1,imagenet_c,defocus_blur,1,none
efficientnet_b4,ILSVRC2012_val_00043412.JPEG,n03459775,581,468,0.59107673,0,imagenet_c,defocus_blur,1,none
efficientnet_b4,ILSVRC2012_val_00046453.JPEG,n03459775,581,581,0.16582203,1,imagenet_c,defocus_blur,1,none
efficientnet_b4,ILSVRC2012_val_00048701.JPEG,n03459775,581,661,0.33868143,0,imagenet_c,defocus_blur,1,none
efficientnet_b4,ILSVRC2012_val_00048816.JPEG,n03459775,581,734,0.5310744,0,imagenet_c,defocus_blur,1,none
efficientnet_b4,ILSVRC2012_val_00049341.JPEG,n03459775,581,581,0.20031239,1,imagenet_c,defocus_blur,1,none
efficientnet_b4,ILSVRC2012_val_00000372.JPEG,n03461385,582,778,0.34858367,0,imagenet_c,defocus_blur,1,none
efficientnet_b4,ILSVRC2012_val_00003568.JPEG,n03461385,582,305,0.051631015,0,imagenet_c,defocus_blur,1,none
efficientnet_b4,ILSVRC2012_val_00003824.JPEG,n03461385,582,582,0.31224096,1,imagenet_c,defocus_blur,1,none
efficientnet_b4,ILSVRC2012_val_00003895.JPEG,n03461385,582,582,0.447191,1,imagenet_c,defocus_blur,1,none
efficientnet_b4,ILSVRC2012_val_00005318.JPEG,n03461385,582,943,0.20719887,0,imagenet_c,defocus_blur,1,none
efficientnet_b4,ILSVRC2012_val_00005674.JPEG,n03461385,582,582,0.14330839,1,imagenet_c,defocus_blur,1,none
efficientnet_b4,ILSVRC2012_val_00006929.JPEG,n03461385,582,582,0.56923866,1,imagenet_c,defocus_blur,1,none
efficientnet_b4,ILSVRC2012_val_00008172.JPEG,n03461385,582,576,0.2277183,0,imagenet_c,defocus_blur,1,none
efficientnet_b4,ILSVRC2012_val_00009668.JPEG,n03461385,582,766,0.3356037,0,imagenet_c,defocus_blur,1,none
efficientnet_b4,ILSVRC2012_val_00009965.JPEG,n03461385,582,582,0.68355006,1,imagenet_c,defocus_blur,1,none
efficientnet_b4,ILSVRC2012_val_00010291.JPEG,n03461385,582,582,0.2658574,1,imagenet_c,defocus_blur,1,none
efficientnet_b4,ILSVRC2012_val_00011072.JPEG,n03461385,582,860,0.30445045,0,imagenet_c,defocus_blur,1,none
efficientnet_b4,ILSVRC2012_val_00012013.JPEG,n03461385,582,582,0.56754494,1,imagenet_c,defocus_blur,1,none
efficientnet_b4,ILSVRC2012_val_00012810.JPEG,n03461385,582,582,0.42705512,1,imagenet_c,defocus_blur,1,none
efficientnet_b4,ILSVRC2012_val_00014183.JPEG,n03461385,582,582,0.6277399,1,imagenet_c,defocus_blur,1,none
efficientnet_b4,ILSVRC2012_val_00014728.JPEG,n03461385,582,509,0.06861154,0,imagenet_c,defocus_blur,1,none
efficientnet_b4,ILSVRC2012_val_00015314.JPEG,n03461385,582,582,0.5050885,1,imagenet_c,defocus_blur,1,none
efficientnet_b4,ILSVRC2012_val_00016284.JPEG,n03461385,582,533,0.16471362,0,imagenet_c,defocus_blur,1,none
efficientnet_b4,ILSVRC2012_val_00016912.JPEG,n03461385,582,582,0.5149451,1,imagenet_c,defocus_blur,1,none
efficientnet_b4,ILSVRC2012_val_00017330.JPEG,n03461385,582,509,0.4045564,0,imagenet_c,defocus_blur,1,none
efficientnet_b4,ILSVRC2012_val_00018420.JPEG,n03461385,582,582,0.65281343,1,imagenet_c,defocus_blur,1,none
efficientnet_b4,ILSVRC2012_val_00019818.JPEG,n03461385,582,582,0.46877438,1,imagenet_c,defocus_blur,1,none
efficientnet_b4,ILSVRC2012_val_00020954.JPEG,n03461385,582,582,0.80319256,1,imagenet_c,defocus_blur,1,none
efficientnet_b4,ILSVRC2012_val_00021230.JPEG,n03461385,582,582,0.84736776,1,imagenet_c,defocus_blur,1,none
efficientnet_b4,ILSVRC2012_val_00021783.JPEG,n03461385,582,781,0.05828182,0,imagenet_c,defocus_blur,1,none
efficientnet_b4,ILSVRC2012_val_00023277.JPEG,n03461385,582,582,0.45148212,1,imagenet_c,defocus_blur,1,none
efficientnet_b4,ILSVRC2012_val_00025959.JPEG,n03461385,582,582,0.5208854,1,imagenet_c,defocus_blur,1,none
efficientnet_b4,ILSVRC2012_val_00026381.JPEG,n03461385,582,582,0.07752805,1,imagenet_c,defocus_blur,1,none
efficientnet_b4,ILSVRC2012_val_00026953.JPEG,n03461385,582,582,0.2000575,1,imagenet_c,defocus_blur,1,none
efficientnet_b4,ILSVRC2012_val_00027864.JPEG,n03461385,582,582,0.4112222,1,imagenet_c,defocus_blur,1,none
efficientnet_b4,ILSVRC2012_val_00028850.JPEG,n03461385,582,582,0.59707236,1,imagenet_c,defocus_blur,1,none
efficientnet_b4,ILSVRC2012_val_00028885.JPEG,n03461385,582,582,0.255127,1,imagenet_c,defocus_blur,1,none
efficientnet_b4,ILSVRC2012_val_00028915.JPEG,n03461385,582,860,0.23407233,0,imagenet_c,defocus_blur,1,none
efficientnet_b4,ILSVRC2012_val_00033824.JPEG,n03461385,582,582,0.4016216,1,imagenet_c,defocus_blur,1,none
efficientnet_b4,ILSVRC2012_val_00034345.JPEG,n03461385,582,582,0.5124056,1,imagenet_c,defocus_blur,1,none
efficientnet_b4,ILSVRC2012_val_00035884.JPEG,n03461385,582,582,0.55377376,1,imagenet_c,defocus_blur,1,none
efficientnet_b4,ILSVRC2012_val_00039015.JPEG,n03461385,582,582,0.52400106,1,imagenet_c,defocus_blur,1,none
efficientnet_b4,ILSVRC2012_val_00039430.JPEG,n03461385,582,582,0.76461035,1,imagenet_c,defocus_blur,1,none
efficientnet_b4,ILSVRC2012_val_00040502.JPEG,n03461385,582,582,0.69421566,1,imagenet_c,defocus_blur,1,none
efficientnet_b4,ILSVRC2012_val_00041432.JPEG,n03461385,582,582,0.6206481,1,imagenet_c,defocus_blur,1,none
efficientnet_b4,ILSVRC2012_val_00042117.JPEG,n03461385,582,582,0.82491803,1,imagenet_c,defocus_blur,1,none
efficientnet_b4,ILSVRC2012_val_00042138.JPEG,n03461385,582,389,0.7594591,0,imagenet_c,defocus_blur,1,none
efficientnet_b4,ILSVRC2012_val_00042468.JPEG,n03461385,582,582,0.47533062,1,imagenet_c,defocus_blur,1,none
efficientnet_b4,ILSVRC2012_val_00043522.JPEG,n03461385,582,582,0.77053994,1,imagenet_c,defocus_blur,1,none
efficientnet_b4,ILSVRC2012_val_00044020.JPEG,n03461385,582,509,0.20073305,0,imagenet_c,defocus_blur,1,none
efficientnet_b4,ILSVRC2012_val_00044729.JPEG,n03461385,582,582,0.58423656,1,imagenet_c,defocus_blur,1,none
efficientnet_b4,ILSVRC2012_val_00045566.JPEG,n03461385,582,582,0.41420767,1,imagenet_c,defocus_blur,1,none
efficientnet_b4,ILSVRC2012_val_00045751.JPEG,n03461385,582,582,0.6382169,1,imagenet_c,defocus_blur,1,none
efficientnet_b4,ILSVRC2012_val_00048863.JPEG,n03461385,582,118,0.42314532,0,imagenet_c,defocus_blur,1,none
efficientnet_b4,ILSVRC2012_val_00049307.JPEG,n03461385,582,582,0.50326025,1,imagenet_c,defocus_blur,1,none
efficientnet_b4,ILSVRC2012_val_00000169.JPEG,n03467068,583,583,0.57650185,1,imagenet_c,defocus_blur,1,none
efficientnet_b4,ILSVRC2012_val_00001841.JPEG,n03467068,583,583,0.24305841,1,imagenet_c,defocus_blur,1,none
efficientnet_b4,ILSVRC2012_val_00001996.JPEG,n03467068,583,583,0.1942811,1,imagenet_c,defocus_blur,1,none
efficientnet_b4,ILSVRC2012_val_00002218.JPEG,n03467068,583,583,0.21129109,1,imagenet_c,defocus_blur,1,none
efficientnet_b4,ILSVRC2012_val_00006707.JPEG,n03467068,583,583,0.48636577,1,imagenet_c,defocus_blur,1,none
efficientnet_b4,ILSVRC2012_val_00007208.JPEG,n03467068,583,583,0.52876264,1,imagenet_c,defocus_blur,1,none
efficientnet_b4,ILSVRC2012_val_00009700.JPEG,n03467068,583,583,0.6060211,1,imagenet_c,defocus_blur,1,none
efficientnet_b4,ILSVRC2012_val_00009931.JPEG,n03467068,583,583,0.69177574,1,imagenet_c,defocus_blur,1,none
efficientnet_b4,ILSVRC2012_val_00010095.JPEG,n03467068,583,583,0.4136003,1,imagenet_c,defocus_blur,1,none
efficientnet_b4,ILSVRC2012_val_00010625.JPEG,n03467068,583,583,0.50319576,1,imagenet_c,defocus_blur,1,none
efficientnet_b4,ILSVRC2012_val_00011622.JPEG,n03467068,583,583,0.57713336,1,imagenet_c,defocus_blur,1,none
efficientnet_b4,ILSVRC2012_val_00012225.JPEG,n03467068,583,583,0.46522853,1,imagenet_c,defocus_blur,1,none
efficientnet_b4,ILSVRC2012_val_00013057.JPEG,n03467068,583,583,0.5931049,1,imagenet_c,defocus_blur,1,none
efficientnet_b4,ILSVRC2012_val_00013177.JPEG,n03467068,583,583,0.24069288,1,imagenet_c,defocus_blur,1,none
efficientnet_b4,ILSVRC2012_val_00014231.JPEG,n03467068,583,583,0.49563304,1,imagenet_c,defocus_blur,1,none
efficientnet_b4,ILSVRC2012_val_00015497.JPEG,n03467068,583,583,0.039321274,1,imagenet_c,defocus_blur,1,none
efficientnet_b4,ILSVRC2012_val_00015630.JPEG,n03467068,583,583,0.3858066,1,imagenet_c,defocus_blur,1,none
efficientnet_b4,ILSVRC2012_val_00016424.JPEG,n03467068,583,583,0.5404372,1,imagenet_c,defocus_blur,1,none
efficientnet_b4,ILSVRC2012_val_00016636.JPEG,n03467068,583,583,0.55551296,1,imagenet_c,defocus_blur,1,none
efficientnet_b4,ILSVRC2012_val_00017122.JPEG,n03467068,583,583,0.5465563,1,imagenet_c,defocus_blur,1,none
efficientnet_b4,ILSVRC2012_val_00018621.JPEG,n03467068,583,583,0.53920734,1,imagenet_c,defocus_blur,1,none
efficientnet_b4,ILSVRC2012_val_00019332.JPEG,n03467068,583,583,0.5272173,1,imagenet_c,defocus_blur,1,none
efficientnet_b4,ILSVRC2012_val_00019416.JPEG,n03467068,583,583,0.523892,1,imagenet_c,defocus_blur,1,none
efficientnet_b4,ILSVRC2012_val_00020240.JPEG,n03467068,583,583,0.44967723,1,imagenet_c,defocus_blur,1,none
efficientnet_b4,ILSVRC2012_val_00020435.JPEG,n03467068,583,583,0.4798438,1,imagenet_c,defocus_blur,1,none
efficientnet_b4,ILSVRC2012_val_00020984.JPEG,n03467068,583,583,0.6436924,1,imagenet_c,defocus_blur,1,none
efficientnet_b4,ILSVRC2012_val_00021434.JPEG,n03467068,583,583,0.5204882,1,imagenet_c,defocus_blur,1,none
efficientnet_b4,ILSVRC2012_val_00026034.JPEG,n03467068,583,634,0.058363672,0,imagenet_c,defocus_blur,1,none
efficientnet_b4,ILSVRC2012_val_00028668.JPEG,n03467068,583,583,0.5235288,1,imagenet_c,defocus_blur,1,none
efficientnet_b4,ILSVRC2012_val_00029694.JPEG,n03467068,583,583,0.5990378,1,imagenet_c,defocus_blur,1,none
efficientnet_b4,ILSVRC2012_val_00031264.JPEG,n03467068,583,583,0.42165115,1,imagenet_c,defocus_blur,1,none
efficientnet_b4,ILSVRC2012_val_00035431.JPEG,n03467068,583,583,0.25443062,1,imagenet_c,defocus_blur,1,none
efficientnet_b4,ILSVRC2012_val_00038559.JPEG,n03467068,583,561,0.39576396,0,imagenet_c,defocus_blur,1,none
efficientnet_b4,ILSVRC2012_val_00039679.JPEG,n03467068,583,583,0.47585523,1,imagenet_c,defocus_blur,1,none
efficientnet_b4,ILSVRC2012_val_00041424.JPEG,n03467068,583,583,0.70133924,1,imagenet_c,defocus_blur,1,none
efficientnet_b4,ILSVRC2012_val_00042452.JPEG,n03467068,583,583,0.5755833,1,imagenet_c,defocus_blur,1,none
efficientnet_b4,ILSVRC2012_val_00042555.JPEG,n03467068,583,583,0.55430245,1,imagenet_c,defocus_blur,1,none
efficientnet_b4,ILSVRC2012_val_00042875.JPEG,n03467068,583,583,0.42365628,1,imagenet_c,defocus_blur,1,none
efficientnet_b4,ILSVRC2012_val_00043020.JPEG,n03467068,583,583,0.10193439,1,imagenet_c,defocus_blur,1,none
efficientnet_b4,ILSVRC2012_val_00044304.JPEG,n03467068,583,839,0.043872938,0,imagenet_c,defocus_blur,1,none
efficientnet_b4,ILSVRC2012_val_00044502.JPEG,n03467068,583,583,0.56997883,1,imagenet_c,defocus_blur,1,none
efficientnet_b4,ILSVRC2012_val_00044525.JPEG,n03467068,583,583,0.48581627,1,imagenet_c,defocus_blur,1,none
efficientnet_b4,ILSVRC2012_val_00044967.JPEG,n03467068,583,583,0.20897688,1,imagenet_c,defocus_blur,1,none
efficientnet_b4,ILSVRC2012_val_00047008.JPEG,n03467068,583,583,0.46268165,1,imagenet_c,defocus_blur,1,none
efficientnet_b4,ILSVRC2012_val_00047256.JPEG,n03467068,583,555,0.050439753,0,imagenet_c,defocus_blur,1,none
efficientnet_b4,ILSVRC2012_val_00048005.JPEG,n03467068,583,583,0.37086418,1,imagenet_c,defocus_blur,1,none
efficientnet_b4,ILSVRC2012_val_00048878.JPEG,n03467068,583,583,0.4625943,1,imagenet_c,defocus_blur,1,none
efficientnet_b4,ILSVRC2012_val_00049842.JPEG,n03467068,583,583,0.59049785,1,imagenet_c,defocus_blur,1,none
efficientnet_b4,ILSVRC2012_val_00049891.JPEG,n03467068,583,583,0.55351686,1,imagenet_c,defocus_blur,1,none
efficientnet_b4,ILSVRC2012_val_00049971.JPEG,n03467068,583,583,0.46468216,1,imagenet_c,defocus_blur,1,none
efficientnet_b4,ILSVRC2012_val_00000190.JPEG,n03476684,584,584,0.46858826,1,imagenet_c,defocus_blur,1,none
efficientnet_b4,ILSVRC2012_val_00000477.JPEG,n03476684,584,584,0.47820807,1,imagenet_c,defocus_blur,1,none
efficientnet_b4,ILSVRC2012_val_00002471.JPEG,n03476684,584,584,0.8285951,1,imagenet_c,defocus_blur,1,none
efficientnet_b4,ILSVRC2012_val_00005666.JPEG,n03476684,584,584,0.17484097,1,imagenet_c,defocus_blur,1,none
efficientnet_b4,ILSVRC2012_val_00007252.JPEG,n03476684,584,584,0.5815702,1,imagenet_c,defocus_blur,1,none
efficientnet_b4,ILSVRC2012_val_00008183.JPEG,n03476684,584,641,0.27708006,0,imagenet_c,defocus_blur,1,none
efficientnet_b4,ILSVRC2012_val_00008548.JPEG,n03476684,584,523,0.051145878,0,imagenet_c,defocus_blur,1,none
efficientnet_b4,ILSVRC2012_val_00009880.JPEG,n03476684,584,971,0.29213372,0,imagenet_c,defocus_blur,1,none
efficientnet_b4,ILSVRC2012_val_00010530.JPEG,n03476684,584,522,0.1474188,0,imagenet_c,defocus_blur,1,none
efficientnet_b4,ILSVRC2012_val_00010579.JPEG,n03476684,584,75,0.1050107,0,imagenet_c,defocus_blur,1,none
efficientnet_b4,ILSVRC2012_val_00010975.JPEG,n03476684,584,584,0.45170188,1,imagenet_c,defocus_blur,1,none
efficientnet_b4,ILSVRC2012_val_00010991.JPEG,n03476684,584,584,0.4155327,1,imagenet_c,defocus_blur,1,none
efficientnet_b4,ILSVRC2012_val_00011931.JPEG,n03476684,584,584,0.36763734,1,imagenet_c,defocus_blur,1,none
efficientnet_b4,ILSVRC2012_val_00012538.JPEG,n03476684,584,816,0.08362022,0,imagenet_c,defocus_blur,1,none
efficientnet_b4,ILSVRC2012_val_00012670.JPEG,n03476684,584,541,0.15150115,0,imagenet_c,defocus_blur,1,none
efficientnet_b4,ILSVRC2012_val_00012815.JPEG,n03476684,584,584,0.7324477,1,imagenet_c,defocus_blur,1,none
efficientnet_b4,ILSVRC2012_val_00013178.JPEG,n03476684,584,767,0.06424772,0,imagenet_c,defocus_blur,1,none
efficientnet_b4,ILSVRC2012_val_00013972.JPEG,n03476684,584,584,0.25233653,1,imagenet_c,defocus_blur,1,none
efficientnet_b4,ILSVRC2012_val_00014466.JPEG,n03476684,584,749,0.47335035,0,imagenet_c,defocus_blur,1,none
efficientnet_b4,ILSVRC2012_val_00016238.JPEG,n03476684,584,584,0.56392974,1,imagenet_c,defocus_blur,1,none
efficientnet_b4,ILSVRC2012_val_00017972.JPEG,n03476684,584,584,0.5195304,1,imagenet_c,defocus_blur,1,none
efficientnet_b4,ILSVRC2012_val_00018309.JPEG,n03476684,584,584,0.66991484,1,imagenet_c,defocus_blur,1,none
efficientnet_b4,ILSVRC2012_val_00018561.JPEG,n03476684,584,584,0.6425481,1,imagenet_c,defocus_blur,1,none
efficientnet_b4,ILSVRC2012_val_00020105.JPEG,n03476684,584,816,0.120027,0,imagenet_c,defocus_blur,1,none
efficientnet_b4,ILSVRC2012_val_00020650.JPEG,n03476684,584,584,0.6573049,1,imagenet_c,defocus_blur,1,none
efficientnet_b4,ILSVRC2012_val_00021958.JPEG,n03476684,584,767,0.19432937,0,imagenet_c,defocus_blur,1,none
efficientnet_b4,ILSVRC2012_val_00022768.JPEG,n03476684,584,584,0.6368465,1,imagenet_c,defocus_blur,1,none
efficientnet_b4,ILSVRC2012_val_00024049.JPEG,n03476684,584,602,0.14840372,0,imagenet_c,defocus_blur,1,none
efficientnet_b4,ILSVRC2012_val_00025088.JPEG,n03476684,584,584,0.8211122,1,imagenet_c,defocus_blur,1,none
efficientnet_b4,ILSVRC2012_val_00026987.JPEG,n03476684,584,584,0.5951398,1,imagenet_c,defocus_blur,1,none
efficientnet_b4,ILSVRC2012_val_00027766.JPEG,n03476684,584,584,0.4913104,1,imagenet_c,defocus_blur,1,none
efficientnet_b4,ILSVRC2012_val_00029768.JPEG,n03476684,584,584,0.59063226,1,imagenet_c,defocus_blur,1,none
efficientnet_b4,ILSVRC2012_val_00030414.JPEG,n03476684,584,611,0.37232733,0,imagenet_c,defocus_blur,1,none
efficientnet_b4,ILSVRC2012_val_00030752.JPEG,n03476684,584,865,0.08771468,0,imagenet_c,defocus_blur,1,none
efficientnet_b4,ILSVRC2012_val_00032145.JPEG,n03476684,584,723,0.3532524,0,imagenet_c,defocus_blur,1,none
efficientnet_b4,ILSVRC2012_val_00032884.JPEG,n03476684,584,584,0.46306875,1,imagenet_c,defocus_blur,1,none
efficientnet_b4,ILSVRC2012_val_00035657.JPEG,n03476684,584,793,0.5621089,0,imagenet_c,defocus_blur,1,none
efficientnet_b4,ILSVRC2012_val_00036183.JPEG,n03476684,584,584,0.3860737,1,imagenet_c,defocus_blur,1,none
efficientnet_b4,ILSVRC2012_val_00037099.JPEG,n03476684,584,611,0.40011492,0,imagenet_c,defocus_blur,1,none
efficientnet_b4,ILSVRC2012_val_00037586.JPEG,n03476684,584,678,0.046715893,0,imagenet_c,defocus_blur,1,none
efficientnet_b4,ILSVRC2012_val_00037847.JPEG,n03476684,584,461,0.24726665,0,imagenet_c,defocus_blur,1,none
efficientnet_b4,ILSVRC2012_val_00037950.JPEG,n03476684,584,584,0.37579343,1,imagenet_c,defocus_blur,1,none
efficientnet_b4,ILSVRC2012_val_00038731.JPEG,n03476684,584,584,0.7578506,1,imagenet_c,defocus_blur,1,none
efficientnet_b4,ILSVRC2012_val_00038977.JPEG,n03476684,584,584,0.08983421,1,imagenet_c,defocus_blur,1,none
efficientnet_b4,ILSVRC2012_val_00039290.JPEG,n03476684,584,772,0.78064424,0,imagenet_c,defocus_blur,1,none
efficientnet_b4,ILSVRC2012_val_00040254.JPEG,n03476684,584,584,0.7690596,1,imagenet_c,defocus_blur,1,none
efficientnet_b4,ILSVRC2012_val_00043418.JPEG,n03476684,584,584,0.81337655,1,imagenet_c,defocus_blur,1,none
efficientnet_b4,ILSVRC2012_val_00044415.JPEG,n03476684,584,768,0.038288742,0,imagenet_c,defocus_blur,1,none
efficientnet_b4,ILSVRC2012_val_00046439.JPEG,n03476684,584,767,0.06362642,0,imagenet_c,defocus_blur,1,none
efficientnet_b4,ILSVRC2012_val_00048911.JPEG,n03476684,584,584,0.7499272,1,imagenet_c,defocus_blur,1,none
efficientnet_b4,ILSVRC2012_val_00000856.JPEG,n03476991,585,889,0.032726415,0,imagenet_c,defocus_blur,1,none
efficientnet_b4,ILSVRC2012_val_00002196.JPEG,n03476991,585,585,0.34767127,1,imagenet_c,defocus_blur,1,none
efficientnet_b4,ILSVRC2012_val_00002442.JPEG,n03476991,585,585,0.057633143,1,imagenet_c,defocus_blur,1,none
efficientnet_b4,ILSVRC2012_val_00003174.JPEG,n03476991,585,585,0.61282605,1,imagenet_c,defocus_blur,1,none
efficientnet_b4,ILSVRC2012_val_00003959.JPEG,n03476991,585,585,0.22758524,1,imagenet_c,defocus_blur,1,none
efficientnet_b4,ILSVRC2012_val_00004493.JPEG,n03476991,585,585,0.8527363,1,imagenet_c,defocus_blur,1,none
efficientnet_b4,ILSVRC2012_val_00004743.JPEG,n03476991,585,585,0.27371448,1,imagenet_c,defocus_blur,1,none
efficientnet_b4,ILSVRC2012_val_00004982.JPEG,n03476991,585,631,0.17087394,0,imagenet_c,defocus_blur,1,none
efficientnet_b4,ILSVRC2012_val_00005670.JPEG,n03476991,585,585,0.62745047,1,imagenet_c,defocus_blur,1,none
efficientnet_b4,ILSVRC2012_val_00007194.JPEG,n03476991,585,585,0.6033048,1,imagenet_c,defocus_blur,1,none
efficientnet_b4,ILSVRC2012_val_00007464.JPEG,n03476991,585,680,0.06519649,0,imagenet_c,defocus_blur,1,none
efficientnet_b4,ILSVRC2012_val_00007805.JPEG,n03476991,585,585,0.4446462,1,imagenet_c,defocus_blur,1,none
efficientnet_b4,ILSVRC2012_val_00012370.JPEG,n03476991,585,585,0.5512328,1,imagenet_c,defocus_blur,1,none
efficientnet_b4,ILSVRC2012_val_00012907.JPEG,n03476991,585,916,0.42475766,0,imagenet_c,defocus_blur,1,none
efficientnet_b4,ILSVRC2012_val_00014521.JPEG,n03476991,585,585,0.5089367,1,imagenet_c,defocus_blur,1,none
efficientnet_b4,ILSVRC2012_val_00015961.JPEG,n03476991,585,585,0.9647362,1,imagenet_c,defocus_blur,1,none
efficientnet_b4,ILSVRC2012_val_00017903.JPEG,n03476991,585,585,0.37411484,1,imagenet_c,defocus_blur,1,none
efficientnet_b4,ILSVRC2012_val_00021548.JPEG,n03476991,585,838,0.20894423,0,imagenet_c,defocus_blur,1,none
efficientnet_b4,ILSVRC2012_val_00022083.JPEG,n03476991,585,585,0.209372,1,imagenet_c,defocus_blur,1,none
efficientnet_b4,ILSVRC2012_val_00022752.JPEG,n03476991,585,585,0.9486729,1,imagenet_c,defocus_blur,1,none
efficientnet_b4,ILSVRC2012_val_00022960.JPEG,n03476991,585,585,0.3117083,1,imagenet_c,defocus_blur,1,none
efficientnet_b4,ILSVRC2012_val_00022994.JPEG,n03476991,585,585,0.537496,1,imagenet_c,defocus_blur,1,none
efficientnet_b4,ILSVRC2012_val_00024023.JPEG,n03476991,585,631,0.44420514,0,imagenet_c,defocus_blur,1,none
efficientnet_b4,ILSVRC2012_val_00024231.JPEG,n03476991,585,585,0.33364812,1,imagenet_c,defocus_blur,1,none
efficientnet_b4,ILSVRC2012_val_00024285.JPEG,n03476991,585,543,0.18405324,0,imagenet_c,defocus_blur,1,none
efficientnet_b4,ILSVRC2012_val_00025365.JPEG,n03476991,585,916,0.37491977,0,imagenet_c,defocus_blur,1,none
efficientnet_b4,ILSVRC2012_val_00026637.JPEG,n03476991,585,585,0.64847434,1,imagenet_c,defocus_blur,1,none
efficientnet_b4,ILSVRC2012_val_00027034.JPEG,n03476991,585,473,0.1605923,0,imagenet_c,defocus_blur,1,none
efficientnet_b4,ILSVRC2012_val_00027208.JPEG,n03476991,585,585,0.50187397,1,imagenet_c,defocus_blur,1,none
efficientnet_b4,ILSVRC2012_val_00027282.JPEG,n03476991,585,720,0.058084693,0,imagenet_c,defocus_blur,1,none
efficientnet_b4,ILSVRC2012_val_00028034.JPEG,n03476991,585,961,0.08341464,0,imagenet_c,defocus_blur,1,none
efficientnet_b4,ILSVRC2012_val_00030023.JPEG,n03476991,585,720,0.27954242,0,imagenet_c,defocus_blur,1,none
efficientnet_b4,ILSVRC2012_val_00031303.JPEG,n03476991,585,585,0.44094285,1,imagenet_c,defocus_blur,1,none
efficientnet_b4,ILSVRC2012_val_00035008.JPEG,n03476991,585,422,0.048374407,0,imagenet_c,defocus_blur,1,none
efficientnet_b4,ILSVRC2012_val_00035016.JPEG,n03476991,585,681,0.0451905,0,imagenet_c,defocus_blur,1,none
efficientnet_b4,ILSVRC2012_val_00037362.JPEG,n03476991,585,585,0.30966702,1,imagenet_c,defocus_blur,1,none
efficientnet_b4,ILSVRC2012_val_00038345.JPEG,n03476991,585,764,0.08668657,0,imagenet_c,defocus_blur,1,none
efficientnet_b4,ILSVRC2012_val_00038369.JPEG,n03476991,585,585,0.05590775,1,imagenet_c,defocus_blur,1,none
efficientnet_b4,ILSVRC2012_val_00039891.JPEG,n03476991,585,522,0.10591327,0,imagenet_c,defocus_blur,1,none
efficientnet_b4,ILSVRC2012_val_00040181.JPEG,n03476991,585,898,0.09411747,0,imagenet_c,defocus_blur,1,none
efficientnet_b4,ILSVRC2012_val_00041417.JPEG,n03476991,585,585,0.3746178,1,imagenet_c,defocus_blur,1,none
efficientnet_b4,ILSVRC2012_val_00042260.JPEG,n03476991,585,585,0.67878467,1,imagenet_c,defocus_blur,1,none
efficientnet_b4,ILSVRC2012_val_00042521.JPEG,n03476991,585,446,0.115903325,0,imagenet_c,defocus_blur,1,none
efficientnet_b4,ILSVRC2012_val_00043500.JPEG,n03476991,585,585,0.5380112,1,imagenet_c,defocus_blur,1,none
efficientnet_b4,ILSVRC2012_val_00043613.JPEG,n03476991,585,585,0.21414426,1,imagenet_c,defocus_blur,1,none
efficientnet_b4,ILSVRC2012_val_00044434.JPEG,n03476991,585,585,0.9101209,1,imagenet_c,defocus_blur,1,none
efficientnet_b4,ILSVRC2012_val_00044920.JPEG,n03476991,585,585,0.07884637,1,imagenet_c,defocus_blur,1,none
efficientnet_b4,ILSVRC2012_val_00045906.JPEG,n03476991,585,585,0.36000746,1,imagenet_c,defocus_blur,1,none
efficientnet_b4,ILSVRC2012_val_00046358.JPEG,n03476991,585,838,0.3482968,0,imagenet_c,defocus_blur,1,none
efficientnet_b4,ILSVRC2012_val_00047463.JPEG,n03476991,585,574,0.36848614,0,imagenet_c,defocus_blur,1,none
efficientnet_b4,ILSVRC2012_val_00000035.JPEG,n03478589,586,586,0.33015624,1,imagenet_c,defocus_blur,1,none
efficientnet_b4,ILSVRC2012_val_00000746.JPEG,n03478589,586,586,0.5163586,1,imagenet_c,defocus_blur,1,none
efficientnet_b4,ILSVRC2012_val_00000829.JPEG,n03478589,586,586,0.5365408,1,imagenet_c,defocus_blur,1,none
efficientnet_b4,ILSVRC2012_val_00001324.JPEG,n03478589,586,847,0.4904882,0,imagenet_c,defocus_blur,1,none
efficientnet_b4,ILSVRC2012_val_00001644.JPEG,n03478589,586,586,0.5549568,1,imagenet_c,defocus_blur,1,none
efficientnet_b4,ILSVRC2012_val_00002096.JPEG,n03478589,586,586,0.49394578,1,imagenet_c,defocus_blur,1,none
efficientnet_b4,ILSVRC2012_val_00004455.JPEG,n03478589,586,586,0.6002844,1,imagenet_c,defocus_blur,1,none
efficientnet_b4,ILSVRC2012_val_00007018.JPEG,n03478589,586,586,0.44193852,1,imagenet_c,defocus_blur,1,none
efficientnet_b4,ILSVRC2012_val_00008299.JPEG,n03478589,586,586,0.49538863,1,imagenet_c,defocus_blur,1,none
efficientnet_b4,ILSVRC2012_val_00008732.JPEG,n03478589,586,586,0.52851534,1,imagenet_c,defocus_blur,1,none
efficientnet_b4,ILSVRC2012_val_00008825.JPEG,n03478589,586,481,0.08695942,0,imagenet_c,defocus_blur,1,none
efficientnet_b4,ILSVRC2012_val_00009170.JPEG,n03478589,586,586,0.61507463,1,imagenet_c,defocus_blur,1,none
efficientnet_b4,ILSVRC2012_val_00010160.JPEG,n03478589,586,586,0.44883358,1,imagenet_c,defocus_blur,1,none
efficientnet_b4,ILSVRC2012_val_00010604.JPEG,n03478589,586,586,0.26068223,1,imagenet_c,defocus_blur,1,none
efficientnet_b4,ILSVRC2012_val_00010638.JPEG,n03478589,586,586,0.5060165,1,imagenet_c,defocus_blur,1,none
efficientnet_b4,ILSVRC2012_val_00010856.JPEG,n03478589,586,847,0.32117602,0,imagenet_c,defocus_blur,1,none
efficientnet_b4,ILSVRC2012_val_00011534.JPEG,n03478589,586,586,0.4183668,1,imagenet_c,defocus_blur,1,none
efficientnet_b4,ILSVRC2012_val_00012398.JPEG,n03478589,586,660,0.065013155,0,imagenet_c,defocus_blur,1,none
efficientnet_b4,ILSVRC2012_val_00014449.JPEG,n03478589,586,870,0.04064455,0,imagenet_c,defocus_blur,1,none
efficientnet_b4,ILSVRC2012_val_00017884.JPEG,n03478589,586,586,0.5260212,1,imagenet_c,defocus_blur,1,none
efficientnet_b4,ILSVRC2012_val_00017907.JPEG,n03478589,586,586,0.10666503,1,imagenet_c,defocus_blur,1,none
efficientnet_b4,ILSVRC2012_val_00020471.JPEG,n03478589,586,586,0.50312513,1,imagenet_c,defocus_blur,1,none
efficientnet_b4,ILSVRC2012_val_00020874.JPEG,n03478589,586,586,0.33638072,1,imagenet_c,defocus_blur,1,none
efficientnet_b4,ILSVRC2012_val_00022150.JPEG,n03478589,586,586,0.45042306,1,imagenet_c,defocus_blur,1,none
efficientnet_b4,ILSVRC2012_val_00026532.JPEG,n03478589,586,586,0.50386715,1,imagenet_c,defocus_blur,1,none
efficientnet_b4,ILSVRC2012_val_00027275.JPEG,n03478589,586,408,0.39084998,0,imagenet_c,defocus_blur,1,none
efficientnet_b4,ILSVRC2012_val_00028045.JPEG,n03478589,586,654,0.06357023,0,imagenet_c,defocus_blur,1,none
efficientnet_b4,ILSVRC2012_val_00028148.JPEG,n03478589,586,586,0.5706719,1,imagenet_c,defocus_blur,1,none
efficientnet_b4,ILSVRC2012_val_00028298.JPEG,n03478589,586,586,0.34582478,1,imagenet_c,defocus_blur,1,none
efficientnet_b4,ILSVRC2012_val_00028658.JPEG,n03478589,586,847,0.2200921,0,imagenet_c,defocus_blur,1,none
efficientnet_b4,ILSVRC2012_val_00029536.JPEG,n03478589,586,586,0.5006023,1,imagenet_c,defocus_blur,1,none
efficientnet_b4,ILSVRC2012_val_00029672.JPEG,n03478589,586,586,0.4128413,1,imagenet_c,defocus_blur,1,none
efficientnet_b4,ILSVRC2012_val_00030899.JPEG,n03478589,586,586,0.5493471,1,imagenet_c,defocus_blur,1,none
efficientnet_b4,ILSVRC2012_val_00031431.JPEG,n03478589,586,586,0.47298947,1,imagenet_c,defocus_blur,1,none
efficientnet_b4,ILSVRC2012_val_00032010.JPEG,n03478589,586,408,0.3864229,0,imagenet_c,defocus_blur,1,none
efficientnet_b4,ILSVRC2012_val_00032880.JPEG,n03478589,586,586,0.54670006,1,imagenet_c,defocus_blur,1,none
efficientnet_b4,ILSVRC2012_val_00035615.JPEG,n03478589,586,803,0.40217626,0,imagenet_c,defocus_blur,1,none
efficientnet_b4,ILSVRC2012_val_00036960.JPEG,n03478589,586,586,0.4254834,1,imagenet_c,defocus_blur,1,none
efficientnet_b4,ILSVRC2012_val_00037425.JPEG,n03478589,586,866,0.23619144,0,imagenet_c,defocus_blur,1,none
efficientnet_b4,ILSVRC2012_val_00037912.JPEG,n03478589,586,586,0.6456925,1,imagenet_c,defocus_blur,1,none
efficientnet_b4,ILSVRC2012_val_00038206.JPEG,n03478589,586,847,0.26168722,0,imagenet_c,defocus_blur,1,none
efficientnet_b4,ILSVRC2012_val_00038891.JPEG,n03478589,586,847,0.48328424,0,imagenet_c,defocus_blur,1,none
efficientnet_b4,ILSVRC2012_val_00040225.JPEG,n03478589,586,586,0.51748234,1,imagenet_c,defocus_blur,1,none
efficientnet_b4,ILSVRC2012_val_00041158.JPEG,n03478589,586,586,0.50490123,1,imagenet_c,defocus_blur,1,none
efficientnet_b4,ILSVRC2012_val_00043554.JPEG,n03478589,586,586,0.5373603,1,imagenet_c,defocus_blur,1,none
efficientnet_b4,ILSVRC2012_val_00044229.JPEG,n03478589,586,866,0.18644202,0,imagenet_c,defocus_blur,1,none
efficientnet_b4,ILSVRC2012_val_00045816.JPEG,n03478589,586,586,0.4734391,1,imagenet_c,defocus_blur,1,none
efficientnet_b4,ILSVRC2012_val_00047819.JPEG,n03478589,586,586,0.51281524,1,imagenet_c,defocus_blur,1,none
efficientnet_b4,ILSVRC2012_val_00047835.JPEG,n03478589,586,586,0.50337505,1,imagenet_c,defocus_blur,1,none
efficientnet_b4,ILSVRC2012_val_00049378.JPEG,n03478589,586,704,0.04033195,0,imagenet_c,defocus_blur,1,none
efficientnet_b4,ILSVRC2012_val_00000887.JPEG,n03481172,587,587,0.11580662,1,imagenet_c,defocus_blur,1,none
efficientnet_b4,ILSVRC2012_val_00001110.JPEG,n03481172,587,587,0.5787291,1,imagenet_c,defocus_blur,1,none
efficientnet_b4,ILSVRC2012_val_00001591.JPEG,n03481172,587,850,0.29306906,0,imagenet_c,defocus_blur,1,none
efficientnet_b4,ILSVRC2012_val_00003387.JPEG,n03481172,587,587,0.72529054,1,imagenet_c,defocus_blur,1,none
efficientnet_b4,ILSVRC2012_val_00006198.JPEG,n03481172,587,634,0.36341748,0,imagenet_c,defocus_blur,1,none
efficientnet_b4,ILSVRC2012_val_00007391.JPEG,n03481172,587,587,0.2737854,1,imagenet_c,defocus_blur,1,none
efficientnet_b4,ILSVRC2012_val_00007907.JPEG,n03481172,587,587,0.4989344,1,imagenet_c,defocus_blur,1,none
efficientnet_b4,ILSVRC2012_val_00009070.JPEG,n03481172,587,587,0.4609406,1,imagenet_c,defocus_blur,1,none
efficientnet_b4,ILSVRC2012_val_00009152.JPEG,n03481172,587,902,0.6157557,0,imagenet_c,defocus_blur,1,none
efficientnet_b4,ILSVRC2012_val_00009914.JPEG,n03481172,587,587,0.21230696,1,imagenet_c,defocus_blur,1,none
efficientnet_b4,ILSVRC2012_val_00010847.JPEG,n03481172,587,587,0.73145425,1,imagenet_c,defocus_blur,1,none
efficientnet_b4,ILSVRC2012_val_00013413.JPEG,n03481172,587,587,0.35745537,1,imagenet_c,defocus_blur,1,none
efficientnet_b4,ILSVRC2012_val_00015583.JPEG,n03481172,587,587,0.43350777,1,imagenet_c,defocus_blur,1,none
efficientnet_b4,ILSVRC2012_val_00015880.JPEG,n03481172,587,587,0.67610526,1,imagenet_c,defocus_blur,1,none
efficientnet_b4,ILSVRC2012_val_00015962.JPEG,n03481172,587,565,0.065287374,0,imagenet_c,defocus_blur,1,none
efficientnet_b4,ILSVRC2012_val_00017320.JPEG,n03481172,587,784,0.4132861,0,imagenet_c,defocus_blur,1,none
efficientnet_b4,ILSVRC2012_val_00017376.JPEG,n03481172,587,587,0.1371192,1,imagenet_c,defocus_blur,1,none
efficientnet_b4,ILSVRC2012_val_00017991.JPEG,n03481172,587,611,0.20544028,0,imagenet_c,defocus_blur,1,none
efficientnet_b4,ILSVRC2012_val_00018822.JPEG,n03481172,587,898,0.082137205,0,imagenet_c,defocus_blur,1,none
efficientnet_b4,ILSVRC2012_val_00020314.JPEG,n03481172,587,587,0.29120287,1,imagenet_c,defocus_blur,1,none
efficientnet_b4,ILSVRC2012_val_00020721.JPEG,n03481172,587,674,0.2937755,0,imagenet_c,defocus_blur,1,none
efficientnet_b4,ILSVRC2012_val_00021070.JPEG,n03481172,587,677,0.39892235,0,imagenet_c,defocus_blur,1,none
efficientnet_b4,ILSVRC2012_val_00024402.JPEG,n03481172,587,587,0.31298923,1,imagenet_c,defocus_blur,1,none
efficientnet_b4,ILSVRC2012_val_00024424.JPEG,n03481172,587,587,0.65120935,1,imagenet_c,defocus_blur,1,none
efficientnet_b4,ILSVRC2012_val_00024678.JPEG,n03481172,587,587,0.3370316,1,imagenet_c,defocus_blur,1,none
efficientnet_b4,ILSVRC2012_val_00025034.JPEG,n03481172,587,587,0.2048717,1,imagenet_c,defocus_blur,1,none
efficientnet_b4,ILSVRC2012_val_00025789.JPEG,n03481172,587,587,0.71735096,1,imagenet_c,defocus_blur,1,none
efficientnet_b4,ILSVRC2012_val_00026527.JPEG,n03481172,587,587,0.71996844,1,imagenet_c,defocus_blur,1,none
efficientnet_b4,ILSVRC2012_val_00026993.JPEG,n03481172,587,587,0.28192452,1,imagenet_c,defocus_blur,1,none
efficientnet_b4,ILSVRC2012_val_00027296.JPEG,n03481172,587,792,0.26508966,0,imagenet_c,defocus_blur,1,none
efficientnet_b4,ILSVRC2012_val_00028069.JPEG,n03481172,587,477,0.2387249,0,imagenet_c,defocus_blur,1,none
efficientnet_b4,ILSVRC2012_val_00028474.JPEG,n03481172,587,696,0.041587185,0,imagenet_c,defocus_blur,1,none
efficientnet_b4,ILSVRC2012_val_00029860.JPEG,n03481172,587,587,0.44440848,1,imagenet_c,defocus_blur,1,none
efficientnet_b4,ILSVRC2012_val_00032002.JPEG,n03481172,587,792,0.27244875,0,imagenet_c,defocus_blur,1,none
efficientnet_b4,ILSVRC2012_val_00032084.JPEG,n03481172,587,103,0.17101206,0,imagenet_c,defocus_blur,1,none
efficientnet_b4,ILSVRC2012_val_00032972.JPEG,n03481172,587,587,0.29810992,1,imagenet_c,defocus_blur,1,none
efficientnet_b4,ILSVRC2012_val_00037086.JPEG,n03481172,587,587,0.5340583,1,imagenet_c,defocus_blur,1,none
efficientnet_b4,ILSVRC2012_val_00037956.JPEG,n03481172,587,587,0.25881654,1,imagenet_c,defocus_blur,1,none
efficientnet_b4,ILSVRC2012_val_00038221.JPEG,n03481172,587,587,0.68182737,1,imagenet_c,defocus_blur,1,none
efficientnet_b4,ILSVRC2012_val_00039315.JPEG,n03481172,587,587,0.6661543,1,imagenet_c,defocus_blur,1,none
efficientnet_b4,ILSVRC2012_val_00041876.JPEG,n03481172,587,587,0.19315843,1,imagenet_c,defocus_blur,1,none
efficientnet_b4,ILSVRC2012_val_00042543.JPEG,n03481172,587,587,0.10579815,1,imagenet_c,defocus_blur,1,none
efficientnet_b4,ILSVRC2012_val_00044583.JPEG,n03481172,587,416,0.07150067,0,imagenet_c,defocus_blur,1,none
efficientnet_b4,ILSVRC2012_val_00044928.JPEG,n03481172,587,587,0.21571887,1,imagenet_c,defocus_blur,1,none
efficientnet_b4,ILSVRC2012_val_00045142.JPEG,n03481172,587,784,0.12477421,0,imagenet_c,defocus_blur,1,none
efficientnet_b4,ILSVRC2012_val_00045395.JPEG,n03481172,587,413,0.1675075,0,imagenet_c,defocus_blur,1,none
efficientnet_b4,ILSVRC2012_val_00045767.JPEG,n03481172,587,845,0.33164218,0,imagenet_c,defocus_blur,1,none
efficientnet_b4,ILSVRC2012_val_00047166.JPEG,n03481172,587,726,0.08663839,0,imagenet_c,defocus_blur,1,none
efficientnet_b4,ILSVRC2012_val_00049008.JPEG,n03481172,587,587,0.1718735,1,imagenet_c,defocus_blur,1,none
efficientnet_b4,ILSVRC2012_val_00049491.JPEG,n03481172,587,477,0.12758873,0,imagenet_c,defocus_blur,1,none
efficientnet_b4,ILSVRC2012_val_00000060.JPEG,n03482405,588,588,0.33700773,1,imagenet_c,defocus_blur,1,none
efficientnet_b4,ILSVRC2012_val_00001889.JPEG,n03482405,588,519,0.3728766,0,imagenet_c,defocus_blur,1,none
efficientnet_b4,ILSVRC2012_val_00003890.JPEG,n03482405,588,456,0.529879,0,imagenet_c,defocus_blur,1,none
efficientnet_b4,ILSVRC2012_val_00004911.JPEG,n03482405,588,588,0.58921266,1,imagenet_c,defocus_blur,1,none
efficientnet_b4,ILSVRC2012_val_00005543.JPEG,n03482405,588,588,0.52869505,1,imagenet_c,defocus_blur,1,none
efficientnet_b4,ILSVRC2012_val_00007570.JPEG,n03482405,588,588,0.22573192,1,imagenet_c,defocus_blur,1,none
efficientnet_b4,ILSVRC2012_val_00008274.JPEG,n03482405,588,432,0.1185636,0,imagenet_c,defocus_blur,1,none
efficientnet_b4,ILSVRC2012_val_00009512.JPEG,n03482405,588,588,0.5909053,1,imagenet_c,defocus_blur,1,none
efficientnet_b4,ILSVRC2012_val_00009765.JPEG,n03482405,588,588,0.6619491,1,imagenet_c,defocus_blur,1,none
efficientnet_b4,ILSVRC2012_val_00010442.JPEG,n03482405,588,588,0.13823417,1,imagenet_c,defocus_blur,1,none
efficientnet_b4,ILSVRC2012_val_00011587.JPEG,n03482405,588,588,0.4423724,1,imagenet_c,defocus_blur,1,none
efficientnet_b4,ILSVRC2012_val_00014075.JPEG,n03482405,588,883,0.21670058,0,imagenet_c,defocus_blur,1,none
efficientnet_b4,ILSVRC2012_val_00014934.JPEG,n03482405,588,588,0.40485278,1,imagenet_c,defocus_blur,1,none
efficientnet_b4,ILSVRC2012_val_00015938.JPEG,n03482405,588,588,0.61601585,1,imagenet_c,defocus_blur,1,none
efficientnet_b4,ILSVRC2012_val_00017914.JPEG,n03482405,588,588,0.40487936,1,imagenet_c,defocus_blur,1,none
efficientnet_b4,ILSVRC2012_val_00018719.JPEG,n03482405,588,588,0.3173169,1,imagenet_c,defocus_blur,1,none
efficientnet_b4,ILSVRC2012_val_00019104.JPEG,n03482405,588,588,0.23278573,1,imagenet_c,defocus_blur,1,none
efficientnet_b4,ILSVRC2012_val_00019326.JPEG,n03482405,588,790,0.75728637,0,imagenet_c,defocus_blur,1,none
efficientnet_b4,ILSVRC2012_val_00023326.JPEG,n03482405,588,588,0.5917449,1,imagenet_c,defocus_blur,1,none
efficientnet_b4,ILSVRC2012_val_00026275.JPEG,n03482405,588,588,0.32758147,1,imagenet_c,defocus_blur,1,none
efficientnet_b4,ILSVRC2012_val_00026371.JPEG,n03482405,588,588,0.1704304,1,imagenet_c,defocus_blur,1,none
efficientnet_b4,ILSVRC2012_val_00026425.JPEG,n03482405,588,588,0.49663794,1,imagenet_c,defocus_blur,1,none
efficientnet_b4,ILSVRC2012_val_00027723.JPEG,n03482405,588,588,0.6039115,1,imagenet_c,defocus_blur,1,none
efficientnet_b4,ILSVRC2012_val_00027756.JPEG,n03482405,588,588,0.10022326,1,imagenet_c,defocus_blur,1,none
efficientnet_b4,ILSVRC2012_val_00028950.JPEG,n03482405,588,584,0.110544,0,imagenet_c,defocus_blur,1,none
efficientnet_b4,ILSVRC2012_val_00030554.JPEG,n03482405,588,533,0.48061857,0,imagenet_c,defocus_blur,1,none
efficientnet_b4,ILSVRC2012_val_00031755.JPEG,n03482405,588,285,0.25706595,0,imagenet_c,defocus_blur,1,none
efficientnet_b4,ILSVRC2012_val_00032420.JPEG,n03482405,588,865,0.038049825,0,imagenet_c,defocus_blur,1,none
efficientnet_b4,ILSVRC2012_val_00033055.JPEG,n03482405,588,588,0.1967119,1,imagenet_c,defocus_blur,1,none
efficientnet_b4,ILSVRC2012_val_00034331.JPEG,n03482405,588,588,0.10017385,1,imagenet_c,defocus_blur,1,none
efficientnet_b4,ILSVRC2012_val_00035168.JPEG,n03482405,588,588,0.37462267,1,imagenet_c,defocus_blur,1,none
efficientnet_b4,ILSVRC2012_val_00035224.JPEG,n03482405,588,588,0.5854308,1,imagenet_c,defocus_blur,1,none
efficientnet_b4,ILSVRC2012_val_00035547.JPEG,n03482405,588,790,0.29537657,0,imagenet_c,defocus_blur,1,none
efficientnet_b4,ILSVRC2012_val_00035968.JPEG,n03482405,588,588,0.70995116,1,imagenet_c,defocus_blur,1,none
efficientnet_b4,ILSVRC2012_val_00036569.JPEG,n03482405,588,63,0.06635738,0,imagenet_c,defocus_blur,1,none
efficientnet_b4,ILSVRC2012_val_00038888.JPEG,n03482405,588,790,0.51808184,0,imagenet_c,defocus_blur,1,none
efficientnet_b4,ILSVRC2012_val_00039416.JPEG,n03482405,588,815,0.23694234,0,imagenet_c,defocus_blur,1,none
efficientnet_b4,ILSVRC2012_val_00039982.JPEG,n03482405,588,588,0.60360044,1,imagenet_c,defocus_blur,1,none
efficientnet_b4,ILSVRC2012_val_00040822.JPEG,n03482405,588,790,0.5234219,0,imagenet_c,defocus_blur,1,none
efficientnet_b4,ILSVRC2012_val_00040916.JPEG,n03482405,588,588,0.66756016,1,imagenet_c,defocus_blur,1,none
efficientnet_b4,ILSVRC2012_val_00041322.JPEG,n03482405,588,588,0.50037575,1,imagenet_c,defocus_blur,1,none
efficientnet_b4,ILSVRC2012_val_00042836.JPEG,n03482405,588,790,0.28242725,0,imagenet_c,defocus_blur,1,none
efficientnet_b4,ILSVRC2012_val_00043065.JPEG,n03482405,588,790,0.8100002,0,imagenet_c,defocus_blur,1,none
efficientnet_b4,ILSVRC2012_val_00043129.JPEG,n03482405,588,588,0.4096911,1,imagenet_c,defocus_blur,1,none
efficientnet_b4,ILSVRC2012_val_00046965.JPEG,n03482405,588,790,0.42827404,0,imagenet_c,defocus_blur,1,none
efficientnet_b4,ILSVRC2012_val_00047679.JPEG,n03482405,588,588,0.098426744,1,imagenet_c,defocus_blur,1,none
efficientnet_b4,ILSVRC2012_val_00048126.JPEG,n03482405,588,790,0.3457457,0,imagenet_c,defocus_blur,1,none
efficientnet_b4,ILSVRC2012_val_00048673.JPEG,n03482405,588,729,0.24568513,0,imagenet_c,defocus_blur,1,none
efficientnet_b4,ILSVRC2012_val_00049590.JPEG,n03482405,588,588,0.60951716,1,imagenet_c,defocus_blur,1,none
efficientnet_b4,ILSVRC2012_val_00049930.JPEG,n03482405,588,831,0.24411452,0,imagenet_c,defocus_blur,1,none
efficientnet_b4,ILSVRC2012_val_00000876.JPEG,n03483316,589,589,0.7060776,1,imagenet_c,defocus_blur,1,none
efficientnet_b4,ILSVRC2012_val_00002351.JPEG,n03483316,589,607,0.27844268,0,imagenet_c,defocus_blur,1,none
efficientnet_b4,ILSVRC2012_val_00002771.JPEG,n03483316,589,589,0.71532965,1,imagenet_c,defocus_blur,1,none
efficientnet_b4,ILSVRC2012_val_00005824.JPEG,n03483316,589,589,0.62980765,1,imagenet_c,defocus_blur,1,none
efficientnet_b4,ILSVRC2012_val_00005938.JPEG,n03483316,589,424,0.11515671,0,imagenet_c,defocus_blur,1,none
efficientnet_b4,ILSVRC2012_val_00007124.JPEG,n03483316,589,589,0.52505326,1,imagenet_c,defocus_blur,1,none
efficientnet_b4,ILSVRC2012_val_00009926.JPEG,n03483316,589,608,0.0970049,0,imagenet_c,defocus_blur,1,none
efficientnet_b4,ILSVRC2012_val_00011813.JPEG,n03483316,589,720,0.15198879,0,imagenet_c,defocus_blur,1,none
efficientnet_b4,ILSVRC2012_val_00012869.JPEG,n03483316,589,641,0.4178922,0,imagenet_c,defocus_blur,1,none
efficientnet_b4,ILSVRC2012_val_00013313.JPEG,n03483316,589,589,0.6466296,1,imagenet_c,defocus_blur,1,none
efficientnet_b4,ILSVRC2012_val_00013591.JPEG,n03483316,589,589,0.22019348,1,imagenet_c,defocus_blur,1,none
efficientnet_b4,ILSVRC2012_val_00013907.JPEG,n03483316,589,473,0.0985344,0,imagenet_c,defocus_blur,1,none
efficientnet_b4,ILSVRC2012_val_00014131.JPEG,n03483316,589,589,0.55104345,1,imagenet_c,defocus_blur,1,none
efficientnet_b4,ILSVRC2012_val_00016008.JPEG,n03483316,589,736,0.13615923,0,imagenet_c,defocus_blur,1,none
efficientnet_b4,ILSVRC2012_val_00016051.JPEG,n03483316,589,589,0.4638052,1,imagenet_c,defocus_blur,1,none
efficientnet_b4,ILSVRC2012_val_00016639.JPEG,n03483316,589,851,0.31265604,0,imagenet_c,defocus_blur,1,none
efficientnet_b4,ILSVRC2012_val_00016875.JPEG,n03483316,589,543,0.05853133,0,imagenet_c,defocus_blur,1,none
efficientnet_b4,ILSVRC2012_val_00019088.JPEG,n03483316,589,589,0.70533127,1,imagenet_c,defocus_blur,1,none
efficientnet_b4,ILSVRC2012_val_00019454.JPEG,n03483316,589,613,0.1177496,0,imagenet_c,defocus_blur,1,none
efficientnet_b4,ILSVRC2012_val_00020417.JPEG,n03483316,589,589,0.6768808,1,imagenet_c,defocus_blur,1,none
efficientnet_b4,ILSVRC2012_val_00021449.JPEG,n03483316,589,697,0.087514296,0,imagenet_c,defocus_blur,1,none
efficientnet_b4,ILSVRC2012_val_00022014.JPEG,n03483316,589,589,0.54422325,1,imagenet_c,defocus_blur,1,none
efficientnet_b4,ILSVRC2012_val_00022405.JPEG,n03483316,589,563,0.11294806,0,imagenet_c,defocus_blur,1,none
efficientnet_b4,ILSVRC2012_val_00023379.JPEG,n03483316,589,241,0.29349658,0,imagenet_c,defocus_blur,1,none
efficientnet_b4,ILSVRC2012_val_00024194.JPEG,n03483316,589,589,0.60459965,1,imagenet_c,defocus_blur,1,none
efficientnet_b4,ILSVRC2012_val_00026003.JPEG,n03483316,589,642,0.078400254,0,imagenet_c,defocus_blur,1,none
efficientnet_b4,ILSVRC2012_val_00026366.JPEG,n03483316,589,624,0.078943536,0,imagenet_c,defocus_blur,1,none
efficientnet_b4,ILSVRC2012_val_00026886.JPEG,n03483316,589,589,0.5597631,1,imagenet_c,defocus_blur,1,none
efficientnet_b4,ILSVRC2012_val_00027112.JPEG,n03483316,589,589,0.4377183,1,imagenet_c,defocus_blur,1,none
efficientnet_b4,ILSVRC2012_val_00027635.JPEG,n03483316,589,872,0.15609212,0,imagenet_c,defocus_blur,1,none
efficientnet_b4,ILSVRC2012_val_00028141.JPEG,n03483316,589,589,0.78506935,1,imagenet_c,defocus_blur,1,none
efficientnet_b4,ILSVRC2012_val_00031410.JPEG,n03483316,589,589,0.5394487,1,imagenet_c,defocus_blur,1,none
efficientnet_b4,ILSVRC2012_val_00033119.JPEG,n03483316,589,589,0.79802036,1,imagenet_c,defocus_blur,1,none
efficientnet_b4,ILSVRC2012_val_00033909.JPEG,n03483316,589,256,0.17444712,0,imagenet_c,defocus_blur,1,none
efficientnet_b4,ILSVRC2012_val_00034530.JPEG,n03483316,589,589,0.68339443,1,imagenet_c,defocus_blur,1,none
efficientnet_b4,ILSVRC2012_val_00035462.JPEG,n03483316,589,589,0.5230141,1,imagenet_c,defocus_blur,1,none
efficientnet_b4,ILSVRC2012_val_00038783.JPEG,n03483316,589,589,0.57427394,1,imagenet_c,defocus_blur,1,none
efficientnet_b4,ILSVRC2012_val_00039288.JPEG,n03483316,589,589,0.5823414,1,imagenet_c,defocus_blur,1,none
efficientnet_b4,ILSVRC2012_val_00041076.JPEG,n03483316,589,589,0.6133282,1,imagenet_c,defocus_blur,1,none
efficientnet_b4,ILSVRC2012_val_00043382.JPEG,n03483316,589,470,0.12428123,0,imagenet_c,defocus_blur,1,none
efficientnet_b4,ILSVRC2012_val_00043535.JPEG,n03483316,589,740,0.50552106,0,imagenet_c,defocus_blur,1,none
efficientnet_b4,ILSVRC2012_val_00044460.JPEG,n03483316,589,589,0.47104824,1,imagenet_c,defocus_blur,1,none
efficientnet_b4,ILSVRC2012_val_00044558.JPEG,n03483316,589,589,0.5192343,1,imagenet_c,defocus_blur,1,none
efficientnet_b4,ILSVRC2012_val_00044702.JPEG,n03483316,589,674,0.27603996,0,imagenet_c,defocus_blur,1,none
efficientnet_b4,ILSVRC2012_val_00044815.JPEG,n03483316,589,691,0.053039134,0,imagenet_c,defocus_blur,1,none
efficientnet_b4,ILSVRC2012_val_00044902.JPEG,n03483316,589,589,0.7910645,1,imagenet_c,defocus_blur,1,none
efficientnet_b4,ILSVRC2012_val_00045494.JPEG,n03483316,589,589,0.8019714,1,imagenet_c,defocus_blur,1,none
efficientnet_b4,ILSVRC2012_val_00046673.JPEG,n03483316,589,456,0.082582854,0,imagenet_c,defocus_blur,1,none
efficientnet_b4,ILSVRC2012_val_00047139.JPEG,n03483316,589,589,0.357637,1,imagenet_c,defocus_blur,1,none
efficientnet_b4,ILSVRC2012_val_00047234.JPEG,n03483316,589,589,0.3601865,1,imagenet_c,defocus_blur,1,none
efficientnet_b4,ILSVRC2012_val_00000149.JPEG,n03485407,590,590,0.49118462,1,imagenet_c,defocus_blur,1,none
efficientnet_b4,ILSVRC2012_val_00000835.JPEG,n03485407,590,590,0.43523952,1,imagenet_c,defocus_blur,1,none
efficientnet_b4,ILSVRC2012_val_00001456.JPEG,n03485407,590,590,0.58101815,1,imagenet_c,defocus_blur,1,none
efficientnet_b4,ILSVRC2012_val_00001946.JPEG,n03485407,590,590,0.1420383,1,imagenet_c,defocus_blur,1,none
efficientnet_b4,ILSVRC2012_val_00002615.JPEG,n03485407,590,590,0.6474633,1,imagenet_c,defocus_blur,1,none
efficientnet_b4,ILSVRC2012_val_00002711.JPEG,n03485407,590,846,0.17709427,0,imagenet_c,defocus_blur,1,none
efficientnet_b4,ILSVRC2012_val_00003188.JPEG,n03485407,590,590,0.6505633,1,imagenet_c,defocus_blur,1,none
efficientnet_b4,ILSVRC2012_val_00005121.JPEG,n03485407,590,487,0.31190744,0,imagenet_c,defocus_blur,1,none
efficientnet_b4,ILSVRC2012_val_00005211.JPEG,n03485407,590,590,0.56780744,1,imagenet_c,defocus_blur,1,none
efficientnet_b4,ILSVRC2012_val_00005409.JPEG,n03485407,590,487,0.25827658,0,imagenet_c,defocus_blur,1,none
efficientnet_b4,ILSVRC2012_val_00008016.JPEG,n03485407,590,590,0.3177356,1,imagenet_c,defocus_blur,1,none
efficientnet_b4,ILSVRC2012_val_00009246.JPEG,n03485407,590,590,0.47346187,1,imagenet_c,defocus_blur,1,none
efficientnet_b4,ILSVRC2012_val_00010543.JPEG,n03485407,590,487,0.47919306,0,imagenet_c,defocus_blur,1,none
efficientnet_b4,ILSVRC2012_val_00013665.JPEG,n03485407,590,590,0.5733778,1,imagenet_c,defocus_blur,1,none
efficientnet_b4,ILSVRC2012_val_00014632.JPEG,n03485407,590,590,0.7005254,1,imagenet_c,defocus_blur,1,none
efficientnet_b4,ILSVRC2012_val_00015175.JPEG,n03485407,590,590,0.552407,1,imagenet_c,defocus_blur,1,none
efficientnet_b4,ILSVRC2012_val_00017688.JPEG,n03485407,590,681,0.09389881,0,imagenet_c,defocus_blur,1,none
efficientnet_b4,ILSVRC2012_val_00018184.JPEG,n03485407,590,590,0.6778899,1,imagenet_c,defocus_blur,1,none
efficientnet_b4,ILSVRC2012_val_00019032.JPEG,n03485407,590,681,0.12878862,0,imagenet_c,defocus_blur,1,none
efficientnet_b4,ILSVRC2012_val_00020304.JPEG,n03485407,590,487,0.23549432,0,imagenet_c,defocus_blur,1,none
efficientnet_b4,ILSVRC2012_val_00021818.JPEG,n03485407,590,590,0.6511832,1,imagenet_c,defocus_blur,1,none
efficientnet_b4,ILSVRC2012_val_00022116.JPEG,n03485407,590,590,0.30245754,1,imagenet_c,defocus_blur,1,none
efficientnet_b4,ILSVRC2012_val_00022547.JPEG,n03485407,590,680,0.21507438,0,imagenet_c,defocus_blur,1,none
efficientnet_b4,ILSVRC2012_val_00022639.JPEG,n03485407,590,590,0.52652806,1,imagenet_c,defocus_blur,1,none
efficientnet_b4,ILSVRC2012_val_00023343.JPEG,n03485407,590,590,0.6886519,1,imagenet_c,defocus_blur,1,none
efficientnet_b4,ILSVRC2012_val_00023380.JPEG,n03485407,590,590,0.7313764,1,imagenet_c,defocus_blur,1,none
efficientnet_b4,ILSVRC2012_val_00024654.JPEG,n03485407,590,590,0.5701079,1,imagenet_c,defocus_blur,1,none
efficientnet_b4,ILSVRC2012_val_00024942.JPEG,n03485407,590,590,0.28694692,1,imagenet_c,defocus_blur,1,none
efficientnet_b4,ILSVRC2012_val_00024995.JPEG,n03485407,590,826,0.21059176,0,imagenet_c,defocus_blur,1,none
efficientnet_b4,ILSVRC2012_val_00025149.JPEG,n03485407,590,590,0.71899056,1,imagenet_c,defocus_blur,1,none
efficientnet_b4,ILSVRC2012_val_00028176.JPEG,n03485407,590,590,0.6519959,1,imagenet_c,defocus_blur,1,none
efficientnet_b4,ILSVRC2012_val_00030007.JPEG,n03485407,590,592,0.09827118,0,imagenet_c,defocus_blur,1,none
efficientnet_b4,ILSVRC2012_val_00030517.JPEG,n03485407,590,487,0.4109226,0,imagenet_c,defocus_blur,1,none
efficientnet_b4,ILSVRC2012_val_00031561.JPEG,n03485407,590,590,0.7056297,1,imagenet_c,defocus_blur,1,none
efficientnet_b4,ILSVRC2012_val_00032888.JPEG,n03485407,590,593,0.70293206,0,imagenet_c,defocus_blur,1,none
efficientnet_b4,ILSVRC2012_val_00034650.JPEG,n03485407,590,590,0.527435,1,imagenet_c,defocus_blur,1,none
efficientnet_b4,ILSVRC2012_val_00035427.JPEG,n03485407,590,590,0.3801679,1,imagenet_c,defocus_blur,1,none
efficientnet_b4,ILSVRC2012_val_00036135.JPEG,n03485407,590,590,0.7645549,1,imagenet_c,defocus_blur,1,none
efficientnet_b4,ILSVRC2012_val_00037174.JPEG,n03485407,590,590,0.40736893,1,imagenet_c,defocus_blur,1,none
efficientnet_b4,ILSVRC2012_val_00040501.JPEG,n03485407,590,590,0.15333456,1,imagenet_c,defocus_blur,1,none
efficientnet_b4,ILSVRC2012_val_00041025.JPEG,n03485407,590,590,0.33909872,1,imagenet_c,defocus_blur,1,none
efficientnet_b4,ILSVRC2012_val_00043011.JPEG,n03485407,590,530,0.57915044,0,imagenet_c,defocus_blur,1,none
efficientnet_b4,ILSVRC2012_val_00043469.JPEG,n03485407,590,590,0.63799286,1,imagenet_c,defocus_blur,1,none
efficientnet_b4,ILSVRC2012_val_00043726.JPEG,n03485407,590,424,0.09396665,0,imagenet_c,defocus_blur,1,none
efficientnet_b4,ILSVRC2012_val_00045209.JPEG,n03485407,590,590,0.67928445,1,imagenet_c,defocus_blur,1,none
efficientnet_b4,ILSVRC2012_val_00045283.JPEG,n03485407,590,848,0.14195246,0,imagenet_c,defocus_blur,1,none
efficientnet_b4,ILSVRC2012_val_00045552.JPEG,n03485407,590,590,0.16074237,1,imagenet_c,defocus_blur,1,none
efficientnet_b4,ILSVRC2012_val_00045567.JPEG,n03485407,590,590,0.65795296,1,imagenet_c,defocus_blur,1,none
efficientnet_b4,ILSVRC2012_val_00047621.JPEG,n03485407,590,590,0.33364618,1,imagenet_c,defocus_blur,1,none
efficientnet_b4,ILSVRC2012_val_00049544.JPEG,n03485407,590,761,0.24739802,0,imagenet_c,defocus_blur,1,none
efficientnet_b4,ILSVRC2012_val_00000054.JPEG,n03485794,591,591,0.5837009,1,imagenet_c,defocus_blur,1,none
efficientnet_b4,ILSVRC2012_val_00000305.JPEG,n03485794,591,999,0.10076357,0,imagenet_c,defocus_blur,1,none
efficientnet_b4,ILSVRC2012_val_00000741.JPEG,n03485794,591,591,0.5430082,1,imagenet_c,defocus_blur,1,none
efficientnet_b4,ILSVRC2012_val_00000902.JPEG,n03485794,591,691,0.054165788,0,imagenet_c,defocus_blur,1,none
efficientnet_b4,ILSVRC2012_val_00001897.JPEG,n03485794,591,591,0.32602784,1,imagenet_c,defocus_blur,1,none
efficientnet_b4,ILSVRC2012_val_00002861.JPEG,n03485794,591,591,0.14901221,1,imagenet_c,defocus_blur,1,none
efficientnet_b4,ILSVRC2012_val_00002984.JPEG,n03485794,591,591,0.4425243,1,imagenet_c,defocus_blur,1,none
efficientnet_b4,ILSVRC2012_val_00004139.JPEG,n03485794,591,591,0.77919394,1,imagenet_c,defocus_blur,1,none
efficientnet_b4,ILSVRC2012_val_00005801.JPEG,n03485794,591,591,0.5687319,1,imagenet_c,defocus_blur,1,none
efficientnet_b4,ILSVRC2012_val_00010515.JPEG,n03485794,591,591,0.06256744,1,imagenet_c,defocus_blur,1,none
efficientnet_b4,ILSVRC2012_val_00010782.JPEG,n03485794,591,591,0.593637,1,imagenet_c,defocus_blur,1,none
efficientnet_b4,ILSVRC2012_val_00011796.JPEG,n03485794,591,591,0.4088756,1,imagenet_c,defocus_blur,1,none
efficientnet_b4,ILSVRC2012_val_00012876.JPEG,n03485794,591,549,0.2201209,0,imagenet_c,defocus_blur,1,none
efficientnet_b4,ILSVRC2012_val_00017018.JPEG,n03485794,591,850,0.18667577,0,imagenet_c,defocus_blur,1,none
efficientnet_b4,ILSVRC2012_val_00017704.JPEG,n03485794,591,591,0.5874172,1,imagenet_c,defocus_blur,1,none
efficientnet_b4,ILSVRC2012_val_00017837.JPEG,n03485794,591,591,0.8370395,1,imagenet_c,defocus_blur,1,none
efficientnet_b4,ILSVRC2012_val_00018118.JPEG,n03485794,591,411,0.3794733,0,imagenet_c,defocus_blur,1,none
efficientnet_b4,ILSVRC2012_val_00018873.JPEG,n03485794,591,434,0.23046118,0,imagenet_c,defocus_blur,1,none
efficientnet_b4,ILSVRC2012_val_00019018.JPEG,n03485794,591,591,0.40216404,1,imagenet_c,defocus_blur,1,none
efficientnet_b4,ILSVRC2012_val_00019126.JPEG,n03485794,591,885,0.14842312,0,imagenet_c,defocus_blur,1,none
efficientnet_b4,ILSVRC2012_val_00019769.JPEG,n03485794,591,434,0.25202927,0,imagenet_c,defocus_blur,1,none
efficientnet_b4,ILSVRC2012_val_00019813.JPEG,n03485794,591,591,0.16100885,1,imagenet_c,defocus_blur,1,none
efficientnet_b4,ILSVRC2012_val_00020447.JPEG,n03485794,591,591,0.56672764,1,imagenet_c,defocus_blur,1,none
efficientnet_b4,ILSVRC2012_val_00022523.JPEG,n03485794,591,591,0.5754268,1,imagenet_c,defocus_blur,1,none
efficientnet_b4,ILSVRC2012_val_00022649.JPEG,n03485794,591,297,0.015406243,0,imagenet_c,defocus_blur,1,none
efficientnet_b4,ILSVRC2012_val_00023745.JPEG,n03485794,591,775,0.69698346,0,imagenet_c,defocus_blur,1,none
efficientnet_b4,ILSVRC2012_val_00025603.JPEG,n03485794,591,591,0.27719727,1,imagenet_c,defocus_blur,1,none
efficientnet_b4,ILSVRC2012_val_00027659.JPEG,n03485794,591,610,0.1853877,0,imagenet_c,defocus_blur,1,none
efficientnet_b4,ILSVRC2012_val_00028249.JPEG,n03485794,591,591,0.55394214,1,imagenet_c,defocus_blur,1,none
efficientnet_b4,ILSVRC2012_val_00031398.JPEG,n03485794,591,591,0.33968106,1,imagenet_c,defocus_blur,1,none
efficientnet_b4,ILSVRC2012_val_00033870.JPEG,n03485794,591,591,0.6296282,1,imagenet_c,defocus_blur,1,none
efficientnet_b4,ILSVRC2012_val_00034179.JPEG,n03485794,591,689,0.76580876,0,imagenet_c,defocus_blur,1,none
efficientnet_b4,ILSVRC2012_val_00034464.JPEG,n03485794,591,591,0.17927824,1,imagenet_c,defocus_blur,1,none
efficientnet_b4,ILSVRC2012_val_00035523.JPEG,n03485794,591,591,0.6241284,1,imagenet_c,defocus_blur,1,none
efficientnet_b4,ILSVRC2012_val_00036007.JPEG,n03485794,591,591,0.22461855,1,imagenet_c,defocus_blur,1,none
efficientnet_b4,ILSVRC2012_val_00036155.JPEG,n03485794,591,549,0.030178111,0,imagenet_c,defocus_blur,1,none
efficientnet_b4,ILSVRC2012_val_00036754.JPEG,n03485794,591,591,0.48769683,1,imagenet_c,defocus_blur,1,none
efficientnet_b4,ILSVRC2012_val_00036948.JPEG,n03485794,591,591,0.6502728,1,imagenet_c,defocus_blur,1,none
efficientnet_b4,ILSVRC2012_val_00041259.JPEG,n03485794,591,591,0.3691336,1,imagenet_c,defocus_blur,1,none
efficientnet_b4,ILSVRC2012_val_00042407.JPEG,n03485794,591,610,0.10567604,0,imagenet_c,defocus_blur,1,none
efficientnet_b4,ILSVRC2012_val_00043439.JPEG,n03485794,591,591,0.43219262,1,imagenet_c,defocus_blur,1,none
efficientnet_b4,ILSVRC2012_val_00043533.JPEG,n03485794,591,591,0.3519482,1,imagenet_c,defocus_blur,1,none
efficientnet_b4,ILSVRC2012_val_00044989.JPEG,n03485794,591,591,0.18450585,1,imagenet_c,defocus_blur,1,none
efficientnet_b4,ILSVRC2012_val_00045092.JPEG,n03485794,591,591,0.5679805,1,imagenet_c,defocus_blur,1,none
efficientnet_b4,ILSVRC2012_val_00045941.JPEG,n03485794,591,591,0.37118345,1,imagenet_c,defocus_blur,1,none
efficientnet_b4,ILSVRC2012_val_00045988.JPEG,n03485794,591,692,0.13992573,0,imagenet_c,defocus_blur,1,none
efficientnet_b4,ILSVRC2012_val_00046191.JPEG,n03485794,591,591,0.6158458,1,imagenet_c,defocus_blur,1,none
efficientnet_b4,ILSVRC2012_val_00047363.JPEG,n03485794,591,728,0.04856738,0,imagenet_c,defocus_blur,1,none
efficientnet_b4,ILSVRC2012_val_00048409.JPEG,n03485794,591,591,0.6103289,1,imagenet_c,defocus_blur,1,none
efficientnet_b4,ILSVRC2012_val_00049825.JPEG,n03485794,591,591,0.6826911,1,imagenet_c,defocus_blur,1,none
efficientnet_b4,ILSVRC2012_val_00000367.JPEG,n03492542,592,592,0.44955826,1,imagenet_c,defocus_blur,1,none
efficientnet_b4,ILSVRC2012_val_00001107.JPEG,n03492542,592,592,0.43798217,1,imagenet_c,defocus_blur,1,none
efficientnet_b4,ILSVRC2012_val_00002941.JPEG,n03492542,592,592,0.7142291,1,imagenet_c,defocus_blur,1,none
efficientnet_b4,ILSVRC2012_val_00003609.JPEG,n03492542,592,592,0.47844538,1,imagenet_c,defocus_blur,1,none
efficientnet_b4,ILSVRC2012_val_00004242.JPEG,n03492542,592,592,0.541977,1,imagenet_c,defocus_blur,1,none
efficientnet_b4,ILSVRC2012_val_00005148.JPEG,n03492542,592,571,0.05025276,0,imagenet_c,defocus_blur,1,none
efficientnet_b4,ILSVRC2012_val_00006167.JPEG,n03492542,592,592,0.46964434,1,imagenet_c,defocus_blur,1,none
efficientnet_b4,ILSVRC2012_val_00006642.JPEG,n03492542,592,592,0.7009118,1,imagenet_c,defocus_blur,1,none
efficientnet_b4,ILSVRC2012_val_00006648.JPEG,n03492542,592,592,0.6144084,1,imagenet_c,defocus_blur,1,none
efficientnet_b4,ILSVRC2012_val_00009166.JPEG,n03492542,592,592,0.72793186,1,imagenet_c,defocus_blur,1,none
efficientnet_b4,ILSVRC2012_val_00010204.JPEG,n03492542,592,592,0.40739256,1,imagenet_c,defocus_blur,1,none
efficientnet_b4,ILSVRC2012_val_00010852.JPEG,n03492542,592,592,0.57332,1,imagenet_c,defocus_blur,1,none
efficientnet_b4,ILSVRC2012_val_00010939.JPEG,n03492542,592,592,0.45946687,1,imagenet_c,defocus_blur,1,none
efficientnet_b4,ILSVRC2012_val_00011209.JPEG,n03492542,592,662,0.04760708,0,imagenet_c,defocus_blur,1,none
efficientnet_b4,ILSVRC2012_val_00012595.JPEG,n03492542,592,592,0.62358403,1,imagenet_c,defocus_blur,1,none
efficientnet_b4,ILSVRC2012_val_00012921.JPEG,n03492542,592,592,0.44428858,1,imagenet_c,defocus_blur,1,none
efficientnet_b4,ILSVRC2012_val_00014057.JPEG,n03492542,592,592,0.3970325,1,imagenet_c,defocus_blur,1,none
efficientnet_b4,ILSVRC2012_val_00014717.JPEG,n03492542,592,592,0.15021268,1,imagenet_c,defocus_blur,1,none
efficientnet_b4,ILSVRC2012_val_00015037.JPEG,n03492542,592,592,0.47491083,1,imagenet_c,defocus_blur,1,none
efficientnet_b4,ILSVRC2012_val_00016772.JPEG,n03492542,592,754,0.17742224,0,imagenet_c,defocus_blur,1,none
efficientnet_b4,ILSVRC2012_val_00018299.JPEG,n03492542,592,592,0.47305092,1,imagenet_c,defocus_blur,1,none
efficientnet_b4,ILSVRC2012_val_00020209.JPEG,n03492542,592,592,0.5507556,1,imagenet_c,defocus_blur,1,none
efficientnet_b4,ILSVRC2012_val_00021075.JPEG,n03492542,592,592,0.5609259,1,imagenet_c,defocus_blur,1,none
efficientnet_b4,ILSVRC2012_val_00021091.JPEG,n03492542,592,592,0.5232527,1,imagenet_c,defocus_blur,1,none
efficientnet_b4,ILSVRC2012_val_00021733.JPEG,n03492542,592,592,0.58256024,1,imagenet_c,defocus_blur,1,none
efficientnet_b4,ILSVRC2012_val_00021902.JPEG,n03492542,592,692,0.6276199,0,imagenet_c,defocus_blur,1,none
efficientnet_b4,ILSVRC2012_val_00022187.JPEG,n03492542,592,592,0.10676565,1,imagenet_c,defocus_blur,1,none
efficientnet_b4,ILSVRC2012_val_00022307.JPEG,n03492542,592,592,0.60216486,1,imagenet_c,defocus_blur,1,none
efficientnet_b4,ILSVRC2012_val_00023887.JPEG,n03492542,592,688,0.08034101,0,imagenet_c,defocus_blur,1,none
efficientnet_b4,ILSVRC2012_val_00025010.JPEG,n03492542,592,592,0.55282366,1,imagenet_c,defocus_blur,1,none
efficientnet_b4,ILSVRC2012_val_00028773.JPEG,n03492542,592,592,0.40323257,1,imagenet_c,defocus_blur,1,none
efficientnet_b4,ILSVRC2012_val_00029355.JPEG,n03492542,592,592,0.6215675,1,imagenet_c,defocus_blur,1,none
efficientnet_b4,ILSVRC2012_val_00029404.JPEG,n03492542,592,592,0.47768417,1,imagenet_c,defocus_blur,1,none
efficientnet_b4,ILSVRC2012_val_00029422.JPEG,n03492542,592,592,0.35225737,1,imagenet_c,defocus_blur,1,none
efficientnet_b4,ILSVRC2012_val_00030080.JPEG,n03492542,592,481,0.5073284,0,imagenet_c,defocus_blur,1,none
efficientnet_b4,ILSVRC2012_val_00033649.JPEG,n03492542,592,592,0.29728717,1,imagenet_c,defocus_blur,1,none
efficientnet_b4,ILSVRC2012_val_00035345.JPEG,n03492542,592,592,0.39127108,1,imagenet_c,defocus_blur,1,none
efficientnet_b4,ILSVRC2012_val_00036373.JPEG,n03492542,592,592,0.23176597,1,imagenet_c,defocus_blur,1,none
efficientnet_b4,ILSVRC2012_val_00038096.JPEG,n03492542,592,592,0.23439084,1,imagenet_c,defocus_blur,1,none
efficientnet_b4,ILSVRC2012_val_00038630.JPEG,n03492542,592,592,0.70540124,1,imagenet_c,defocus_blur,1,none
efficientnet_b4,ILSVRC2012_val_00040967.JPEG,n03492542,592,481,0.0674264,0,imagenet_c,defocus_blur,1,none
efficientnet_b4,ILSVRC2012_val_00041282.JPEG,n03492542,592,662,0.06884913,0,imagenet_c,defocus_blur,1,none
efficientnet_b4,ILSVRC2012_val_00042243.JPEG,n03492542,592,592,0.7063947,1,imagenet_c,defocus_blur,1,none
efficientnet_b4,ILSVRC2012_val_00042712.JPEG,n03492542,592,592,0.45359558,1,imagenet_c,defocus_blur,1,none
efficientnet_b4,ILSVRC2012_val_00042744.JPEG,n03492542,592,633,0.32516298,0,imagenet_c,defocus_blur,1,none
efficientnet_b4,ILSVRC2012_val_00043260.JPEG,n03492542,592,592,0.31388903,1,imagenet_c,defocus_blur,1,none
efficientnet_b4,ILSVRC2012_val_00043351.JPEG,n03492542,592,592,0.6282458,1,imagenet_c,defocus_blur,1,none
efficientnet_b4,ILSVRC2012_val_00044054.JPEG,n03492542,592,916,0.38395452,0,imagenet_c,defocus_blur,1,none
efficientnet_b4,ILSVRC2012_val_00047339.JPEG,n03492542,592,681,0.0807653,0,imagenet_c,defocus_blur,1,none
efficientnet_b4,ILSVRC2012_val_00048442.JPEG,n03492542,592,592,0.555036,1,imagenet_c,defocus_blur,1,none
efficientnet_b4,ILSVRC2012_val_00001030.JPEG,n03494278,593,593,0.4637392,1,imagenet_c,defocus_blur,1,none
efficientnet_b4,ILSVRC2012_val_00001367.JPEG,n03494278,593,593,0.10990734,1,imagenet_c,defocus_blur,1,none
efficientnet_b4,ILSVRC2012_val_00001605.JPEG,n03494278,593,593,0.5857937,1,imagenet_c,defocus_blur,1,none
efficientnet_b4,ILSVRC2012_val_00002429.JPEG,n03494278,593,593,0.3098277,1,imagenet_c,defocus_blur,1,none
efficientnet_b4,ILSVRC2012_val_00003246.JPEG,n03494278,593,593,0.6010708,1,imagenet_c,defocus_blur,1,none
efficientnet_b4,ILSVRC2012_val_00003436.JPEG,n03494278,593,593,0.51708734,1,imagenet_c,defocus_blur,1,none
efficientnet_b4,ILSVRC2012_val_00004948.JPEG,n03494278,593,593,0.48799503,1,imagenet_c,defocus_blur,1,none
efficientnet_b4,ILSVRC2012_val_00007924.JPEG,n03494278,593,593,0.72161865,1,imagenet_c,defocus_blur,1,none
efficientnet_b4,ILSVRC2012_val_00008328.JPEG,n03494278,593,593,0.70194626,1,imagenet_c,defocus_blur,1,none
efficientnet_b4,ILSVRC2012_val_00012208.JPEG,n03494278,593,593,0.7362639,1,imagenet_c,defocus_blur,1,none
efficientnet_b4,ILSVRC2012_val_00013477.JPEG,n03494278,593,593,0.24842507,1,imagenet_c,defocus_blur,1,none
efficientnet_b4,ILSVRC2012_val_00013904.JPEG,n03494278,593,593,0.7549094,1,imagenet_c,defocus_blur,1,none
efficientnet_b4,ILSVRC2012_val_00015067.JPEG,n03494278,593,593,0.3002049,1,imagenet_c,defocus_blur,1,none
efficientnet_b4,ILSVRC2012_val_00015448.JPEG,n03494278,593,593,0.20228574,1,imagenet_c,defocus_blur,1,none
efficientnet_b4,ILSVRC2012_val_00016322.JPEG,n03494278,593,593,0.2357682,1,imagenet_c,defocus_blur,1,none
efficientnet_b4,ILSVRC2012_val_00017256.JPEG,n03494278,593,593,0.6690846,1,imagenet_c,defocus_blur,1,none
efficientnet_b4,ILSVRC2012_val_00017366.JPEG,n03494278,593,593,0.7236334,1,imagenet_c,defocus_blur,1,none
efficientnet_b4,ILSVRC2012_val_00018302.JPEG,n03494278,593,487,0.21221158,0,imagenet_c,defocus_blur,1,none
efficientnet_b4,ILSVRC2012_val_00018565.JPEG,n03494278,593,593,0.24869773,1,imagenet_c,defocus_blur,1,none
efficientnet_b4,ILSVRC2012_val_00018926.JPEG,n03494278,593,739,0.04180757,0,imagenet_c,defocus_blur,1,none
efficientnet_b4,ILSVRC2012_val_00019269.JPEG,n03494278,593,593,0.38064012,1,imagenet_c,defocus_blur,1,none
efficientnet_b4,ILSVRC2012_val_00019343.JPEG,n03494278,593,593,0.2752119,1,imagenet_c,defocus_blur,1,none
efficientnet_b4,ILSVRC2012_val_00021005.JPEG,n03494278,593,593,0.6654785,1,imagenet_c,defocus_blur,1,none
efficientnet_b4,ILSVRC2012_val_00022564.JPEG,n03494278,593,813,0.10774277,0,imagenet_c,defocus_blur,1,none
efficientnet_b4,ILSVRC2012_val_00023742.JPEG,n03494278,593,593,0.20139608,1,imagenet_c,defocus_blur,1,none
efficientnet_b4,ILSVRC2012_val_00024537.JPEG,n03494278,593,593,0.7245126,1,imagenet_c,defocus_blur,1,none
efficientnet_b4,ILSVRC2012_val_00025189.JPEG,n03494278,593,593,0.7684876,1,imagenet_c,defocus_blur,1,none
efficientnet_b4,ILSVRC2012_val_00027607.JPEG,n03494278,593,593,0.474736,1,imagenet_c,defocus_blur,1,none
efficientnet_b4,ILSVRC2012_val_00028082.JPEG,n03494278,593,424,0.07867885,0,imagenet_c,defocus_blur,1,none
efficientnet_b4,ILSVRC2012_val_00028872.JPEG,n03494278,593,593,0.7420182,1,imagenet_c,defocus_blur,1,none
efficientnet_b4,ILSVRC2012_val_00029729.JPEG,n03494278,593,593,0.51638466,1,imagenet_c,defocus_blur,1,none
efficientnet_b4,ILSVRC2012_val_00030826.JPEG,n03494278,593,593,0.78591543,1,imagenet_c,defocus_blur,1,none
efficientnet_b4,ILSVRC2012_val_00031028.JPEG,n03494278,593,819,0.25504616,0,imagenet_c,defocus_blur,1,none
efficientnet_b4,ILSVRC2012_val_00031725.JPEG,n03494278,593,593,0.8250344,1,imagenet_c,defocus_blur,1,none
efficientnet_b4,ILSVRC2012_val_00032221.JPEG,n03494278,593,593,0.48535308,1,imagenet_c,defocus_blur,1,none
efficientnet_b4,ILSVRC2012_val_00034032.JPEG,n03494278,593,593,0.7201841,1,imagenet_c,defocus_blur,1,none
efficientnet_b4,ILSVRC2012_val_00034610.JPEG,n03494278,593,593,0.41954285,1,imagenet_c,defocus_blur,1,none
efficientnet_b4,ILSVRC2012_val_00035637.JPEG,n03494278,593,696,0.03832399,0,imagenet_c,defocus_blur,1,none
efficientnet_b4,ILSVRC2012_val_00037603.JPEG,n03494278,593,593,0.7458193,1,imagenet_c,defocus_blur,1,none
efficientnet_b4,ILSVRC2012_val_00038228.JPEG,n03494278,593,513,0.26320663,0,imagenet_c,defocus_blur,1,none
efficientnet_b4,ILSVRC2012_val_00039798.JPEG,n03494278,593,593,0.7412366,1,imagenet_c,defocus_blur,1,none
efficientnet_b4,ILSVRC2012_val_00040271.JPEG,n03494278,593,593,0.5431755,1,imagenet_c,defocus_blur,1,none
efficientnet_b4,ILSVRC2012_val_00043602.JPEG,n03494278,593,622,0.18773295,0,imagenet_c,defocus_blur,1,none
efficientnet_b4,ILSVRC2012_val_00043892.JPEG,n03494278,593,593,0.49584627,1,imagenet_c,defocus_blur,1,none
efficientnet_b4,ILSVRC2012_val_00044420.JPEG,n03494278,593,593,0.35088137,1,imagenet_c,defocus_blur,1,none
efficientnet_b4,ILSVRC2012_val_00045478.JPEG,n03494278,593,593,0.61372375,1,imagenet_c,defocus_blur,1,none
efficientnet_b4,ILSVRC2012_val_00046506.JPEG,n03494278,593,593,0.72975326,1,imagenet_c,defocus_blur,1,none
efficientnet_b4,ILSVRC2012_val_00046633.JPEG,n03494278,593,593,0.59919655,1,imagenet_c,defocus_blur,1,none
efficientnet_b4,ILSVRC2012_val_00048699.JPEG,n03494278,593,593,0.51850706,1,imagenet_c,defocus_blur,1,none
efficientnet_b4,ILSVRC2012_val_00048826.JPEG,n03494278,593,593,0.50184697,1,imagenet_c,defocus_blur,1,none
efficientnet_b4,ILSVRC2012_val_00000448.JPEG,n03495258,594,594,0.2166696,1,imagenet_c,defocus_blur,1,none
efficientnet_b4,ILSVRC2012_val_00002209.JPEG,n03495258,594,594,0.6285579,1,imagenet_c,defocus_blur,1,none
efficientnet_b4,ILSVRC2012_val_00003669.JPEG,n03495258,594,594,0.21086484,1,imagenet_c,defocus_blur,1,none
efficientnet_b4,ILSVRC2012_val_00004954.JPEG,n03495258,594,594,0.5389869,1,imagenet_c,defocus_blur,1,none
efficientnet_b4,ILSVRC2012_val_00006832.JPEG,n03495258,594,594,0.6293923,1,imagenet_c,defocus_blur,1,none
efficientnet_b4,ILSVRC2012_val_00008462.JPEG,n03495258,594,594,0.55975616,1,imagenet_c,defocus_blur,1,none
efficientnet_b4,ILSVRC2012_val_00008995.JPEG,n03495258,594,594,0.49460724,1,imagenet_c,defocus_blur,1,none
efficientnet_b4,ILSVRC2012_val_00009134.JPEG,n03495258,594,594,0.56358963,1,imagenet_c,defocus_blur,1,none
efficientnet_b4,ILSVRC2012_val_00009425.JPEG,n03495258,594,819,0.11081075,0,imagenet_c,defocus_blur,1,none
efficientnet_b4,ILSVRC2012_val_00010540.JPEG,n03495258,594,255,0.080353335,0,imagenet_c,defocus_blur,1,none
efficientnet_b4,ILSVRC2012_val_00010855.JPEG,n03495258,594,594,0.335061,1,imagenet_c,defocus_blur,1,none
efficientnet_b4,ILSVRC2012_val_00014569.JPEG,n03495258,594,594,0.5092599,1,imagenet_c,defocus_blur,1,none
efficientnet_b4,ILSVRC2012_val_00015768.JPEG,n03495258,594,594,0.6243309,1,imagenet_c,defocus_blur,1,none
efficientnet_b4,ILSVRC2012_val_00015833.JPEG,n03495258,594,594,0.64808154,1,imagenet_c,defocus_blur,1,none
efficientnet_b4,ILSVRC2012_val_00016855.JPEG,n03495258,594,594,0.28487146,1,imagenet_c,defocus_blur,1,none
efficientnet_b4,ILSVRC2012_val_00016877.JPEG,n03495258,594,594,0.42441344,1,imagenet_c,defocus_blur,1,none
efficientnet_b4,ILSVRC2012_val_00019556.JPEG,n03495258,594,594,0.5087205,1,imagenet_c,defocus_blur,1,none
efficientnet_b4,ILSVRC2012_val_00020312.JPEG,n03495258,594,594,0.63673687,1,imagenet_c,defocus_blur,1,none
efficientnet_b4,ILSVRC2012_val_00021401.JPEG,n03495258,594,594,0.6633448,1,imagenet_c,defocus_blur,1,none
efficientnet_b4,ILSVRC2012_val_00022015.JPEG,n03495258,594,424,0.19159569,0,imagenet_c,defocus_blur,1,none
efficientnet_b4,ILSVRC2012_val_00023475.JPEG,n03495258,594,594,0.64767313,1,imagenet_c,defocus_blur,1,none
efficientnet_b4,ILSVRC2012_val_00025194.JPEG,n03495258,594,594,0.6125932,1,imagenet_c,defocus_blur,1,none
efficientnet_b4,ILSVRC2012_val_00027190.JPEG,n03495258,594,594,0.57572263,1,imagenet_c,defocus_blur,1,none
efficientnet_b4,ILSVRC2012_val_00028762.JPEG,n03495258,594,594,0.47470227,1,imagenet_c,defocus_blur,1,none
efficientnet_b4,ILSVRC2012_val_00030189.JPEG,n03495258,594,594,0.67177963,1,imagenet_c,defocus_blur,1,none
efficientnet_b4,ILSVRC2012_val_00030237.JPEG,n03495258,594,594,0.4919625,1,imagenet_c,defocus_blur,1,none
efficientnet_b4,ILSVRC2012_val_00030551.JPEG,n03495258,594,594,0.6950572,1,imagenet_c,defocus_blur,1,none
efficientnet_b4,ILSVRC2012_val_00030996.JPEG,n03495258,594,594,0.5998416,1,imagenet_c,defocus_blur,1,none
efficientnet_b4,ILSVRC2012_val_00032719.JPEG,n03495258,594,594,0.58777434,1,imagenet_c,defocus_blur,1,none
efficientnet_b4,ILSVRC2012_val_00034624.JPEG,n03495258,594,594,0.41772035,1,imagenet_c,defocus_blur,1,none
efficientnet_b4,ILSVRC2012_val_00035032.JPEG,n03495258,594,594,0.6925839,1,imagenet_c,defocus_blur,1,none
efficientnet_b4,ILSVRC2012_val_00036786.JPEG,n03495258,594,594,0.2970889,1,imagenet_c,defocus_blur,1,none
efficientnet_b4,ILSVRC2012_val_00037094.JPEG,n03495258,594,594,0.5899612,1,imagenet_c,defocus_blur,1,none
efficientnet_b4,ILSVRC2012_val_00038244.JPEG,n03495258,594,594,0.57255596,1,imagenet_c,defocus_blur,1,none
efficientnet_b4,ILSVRC2012_val_00039186.JPEG,n03495258,594,594,0.7243908,1,imagenet_c,defocus_blur,1,none
efficientnet_b4,ILSVRC2012_val_00039792.JPEG,n03495258,594,594,0.6453352,1,imagenet_c,defocus_blur,1,none
efficientnet_b4,ILSVRC2012_val_00040085.JPEG,n03495258,594,594,0.61214095,1,imagenet_c,defocus_blur,1,none
efficientnet_b4,ILSVRC2012_val_00040680.JPEG,n03495258,594,594,0.5432468,1,imagenet_c,defocus_blur,1,none
efficientnet_b4,ILSVRC2012_val_00041694.JPEG,n03495258,594,594,0.480617,1,imagenet_c,defocus_blur,1,none
efficientnet_b4,ILSVRC2012_val_00042353.JPEG,n03495258,594,594,0.6770931,1,imagenet_c,defocus_blur,1,none
efficientnet_b4,ILSVRC2012_val_00042991.JPEG,n03495258,594,594,0.25726673,1,imagenet_c,defocus_blur,1,none
efficientnet_b4,ILSVRC2012_val_00043409.JPEG,n03495258,594,594,0.4288993,1,imagenet_c,defocus_blur,1,none
efficientnet_b4,ILSVRC2012_val_00043468.JPEG,n03495258,594,594,0.7149335,1,imagenet_c,defocus_blur,1,none
efficientnet_b4,ILSVRC2012_val_00044278.JPEG,n03495258,594,594,0.5550266,1,imagenet_c,defocus_blur,1,none
efficientnet_b4,ILSVRC2012_val_00044541.JPEG,n03495258,594,594,0.5412315,1,imagenet_c,defocus_blur,1,none
efficientnet_b4,ILSVRC2012_val_00046910.JPEG,n03495258,594,594,0.573863,1,imagenet_c,defocus_blur,1,none
efficientnet_b4,ILSVRC2012_val_00047550.JPEG,n03495258,594,594,0.65060014,1,imagenet_c,defocus_blur,1,none
efficientnet_b4,ILSVRC2012_val_00048034.JPEG,n03495258,594,594,0.35840297,1,imagenet_c,defocus_blur,1,none
efficientnet_b4,ILSVRC2012_val_00049493.JPEG,n03495258,594,594,0.34387445,1,imagenet_c,defocus_blur,1,none
efficientnet_b4,ILSVRC2012_val_00049593.JPEG,n03495258,594,594,0.7084487,1,imagenet_c,defocus_blur,1,none
efficientnet_b4,ILSVRC2012_val_00000015.JPEG,n03496892,595,595,0.46965823,1,imagenet_c,defocus_blur,1,none
efficientnet_b4,ILSVRC2012_val_00000862.JPEG,n03496892,595,866,0.33313224,0,imagenet_c,defocus_blur,1,none
efficientnet_b4,ILSVRC2012_val_00000919.JPEG,n03496892,595,856,0.4112479,0,imagenet_c,defocus_blur,1,none
efficientnet_b4,ILSVRC2012_val_00001840.JPEG,n03496892,595,867,0.30446205,0,imagenet_c,defocus_blur,1,none
efficientnet_b4,ILSVRC2012_val_00003459.JPEG,n03496892,595,595,0.29694036,1,imagenet_c,defocus_blur,1,none
efficientnet_b4,ILSVRC2012_val_00005212.JPEG,n03496892,595,856,0.26956883,0,imagenet_c,defocus_blur,1,none
efficientnet_b4,ILSVRC2012_val_00005252.JPEG,n03496892,595,595,0.26219818,1,imagenet_c,defocus_blur,1,none
efficientnet_b4,ILSVRC2012_val_00005997.JPEG,n03496892,595,621,0.4101599,0,imagenet_c,defocus_blur,1,none
efficientnet_b4,ILSVRC2012_val_00006465.JPEG,n03496892,595,856,0.2667882,0,imagenet_c,defocus_blur,1,none
efficientnet_b4,ILSVRC2012_val_00007121.JPEG,n03496892,595,856,0.4424848,0,imagenet_c,defocus_blur,1,none
efficientnet_b4,ILSVRC2012_val_00007544.JPEG,n03496892,595,595,0.39215705,1,imagenet_c,defocus_blur,1,none
efficientnet_b4,ILSVRC2012_val_00007706.JPEG,n03496892,595,856,0.15524745,0,imagenet_c,defocus_blur,1,none
efficientnet_b4,ILSVRC2012_val_00008590.JPEG,n03496892,595,856,0.04703612,0,imagenet_c,defocus_blur,1,none
efficientnet_b4,ILSVRC2012_val_00009302.JPEG,n03496892,595,595,0.21279848,1,imagenet_c,defocus_blur,1,none
efficientnet_b4,ILSVRC2012_val_00010630.JPEG,n03496892,595,730,0.14951216,0,imagenet_c,defocus_blur,1,none
efficientnet_b4,ILSVRC2012_val_00010776.JPEG,n03496892,595,856,0.22464459,0,imagenet_c,defocus_blur,1,none
efficientnet_b4,ILSVRC2012_val_00012088.JPEG,n03496892,595,595,0.28581902,1,imagenet_c,defocus_blur,1,none
efficientnet_b4,ILSVRC2012_val_00013315.JPEG,n03496892,595,856,0.245943,0,imagenet_c,defocus_blur,1,none
efficientnet_b4,ILSVRC2012_val_00013970.JPEG,n03496892,595,856,0.25826395,0,imagenet_c,defocus_blur,1,none
efficientnet_b4,ILSVRC2012_val_00014167.JPEG,n03496892,595,573,0.06275537,0,imagenet_c,defocus_blur,1,none
efficientnet_b4,ILSVRC2012_val_00015941.JPEG,n03496892,595,595,0.35255763,1,imagenet_c,defocus_blur,1,none
efficientnet_b4,ILSVRC2012_val_00015968.JPEG,n03496892,595,595,0.41328502,1,imagenet_c,defocus_blur,1,none
efficientnet_b4,ILSVRC2012_val_00018352.JPEG,n03496892,595,595,0.32388702,1,imagenet_c,defocus_blur,1,none
efficientnet_b4,ILSVRC2012_val_00019494.JPEG,n03496892,595,595,0.43219516,1,imagenet_c,defocus_blur,1,none
efficientnet_b4,ILSVRC2012_val_00020334.JPEG,n03496892,595,595,0.59211856,1,imagenet_c,defocus_blur,1,none
efficientnet_b4,ILSVRC2012_val_00021507.JPEG,n03496892,595,856,0.19745623,0,imagenet_c,defocus_blur,1,none
efficientnet_b4,ILSVRC2012_val_00022171.JPEG,n03496892,595,856,0.2278722,0,imagenet_c,defocus_blur,1,none
efficientnet_b4,ILSVRC2012_val_00023918.JPEG,n03496892,595,856,0.20801999,0,imagenet_c,defocus_blur,1,none
efficientnet_b4,ILSVRC2012_val_00027202.JPEG,n03496892,595,595,0.19412096,1,imagenet_c,defocus_blur,1,none
efficientnet_b4,ILSVRC2012_val_00027389.JPEG,n03496892,595,595,0.07360977,1,imagenet_c,defocus_blur,1,none
efficientnet_b4,ILSVRC2012_val_00029504.JPEG,n03496892,595,866,0.49557465,0,imagenet_c,defocus_blur,1,none
efficientnet_b4,ILSVRC2012_val_00030173.JPEG,n03496892,595,866,0.46535993,0,imagenet_c,defocus_blur,1,none
efficientnet_b4,ILSVRC2012_val_00032094.JPEG,n03496892,595,595,0.38085055,1,imagenet_c,defocus_blur,1,none
efficientnet_b4,ILSVRC2012_val_00032192.JPEG,n03496892,595,595,0.16683117,1,imagenet_c,defocus_blur,1,none
efficientnet_b4,ILSVRC2012_val_00032227.JPEG,n03496892,595,595,0.33278692,1,imagenet_c,defocus_blur,1,none
efficientnet_b4,ILSVRC2012_val_00035681.JPEG,n03496892,595,595,0.42370555,1,imagenet_c,defocus_blur,1,none
efficientnet_b4,ILSVRC2012_val_00036671.JPEG,n03496892,595,912,0.12283942,0,imagenet_c,defocus_blur,1,none
efficientnet_b4,ILSVRC2012_val_00037531.JPEG,n03496892,595,595,0.45062685,1,imagenet_c,defocus_blur,1,none
efficientnet_b4,ILSVRC2012_val_00038347.JPEG,n03496892,595,856,0.2944391,0,imagenet_c,defocus_blur,1,none
efficientnet_b4,ILSVRC2012_val_00040735.JPEG,n03496892,595,856,0.17118093,0,imagenet_c,defocus_blur,1,none
efficientnet_b4,ILSVRC2012_val_00043188.JPEG,n03496892,595,856,0.3814517,0,imagenet_c,defocus_blur,1,none
efficientnet_b4,ILSVRC2012_val_00044203.JPEG,n03496892,595,595,0.29895163,1,imagenet_c,defocus_blur,1,none
efficientnet_b4,ILSVRC2012_val_00045846.JPEG,n03496892,595,984,0.36497128,0,imagenet_c,defocus_blur,1,none
efficientnet_b4,ILSVRC2012_val_00046012.JPEG,n03496892,595,595,0.24291182,1,imagenet_c,defocus_blur,1,none
efficientnet_b4,ILSVRC2012_val_00046202.JPEG,n03496892,595,912,0.09463043,0,imagenet_c,defocus_blur,1,none
efficientnet_b4,ILSVRC2012_val_00046679.JPEG,n03496892,595,730,0.6744432,0,imagenet_c,defocus_blur,1,none
efficientnet_b4,ILSVRC2012_val_00046905.JPEG,n03496892,595,595,0.37760478,1,imagenet_c,defocus_blur,1,none
efficientnet_b4,ILSVRC2012_val_00048561.JPEG,n03496892,595,595,0.26837265,1,imagenet_c,defocus_blur,1,none
efficientnet_b4,ILSVRC2012_val_00048862.JPEG,n03496892,595,856,0.37777472,0,imagenet_c,defocus_blur,1,none
efficientnet_b4,ILSVRC2012_val_00048961.JPEG,n03496892,595,595,0.34346476,1,imagenet_c,defocus_blur,1,none
efficientnet_b4,ILSVRC2012_val_00002436.JPEG,n03498962,596,596,0.08156131,1,imagenet_c,defocus_blur,1,none
efficientnet_b4,ILSVRC2012_val_00002588.JPEG,n03498962,596,596,0.4826581,1,imagenet_c,defocus_blur,1,none
efficientnet_b4,ILSVRC2012_val_00003307.JPEG,n03498962,596,596,0.4190279,1,imagenet_c,defocus_blur,1,none
efficientnet_b4,ILSVRC2012_val_00004068.JPEG,n03498962,596,596,0.7546469,1,imagenet_c,defocus_blur,1,none
efficientnet_b4,ILSVRC2012_val_00004846.JPEG,n03498962,596,596,0.8034718,1,imagenet_c,defocus_blur,1,none
efficientnet_b4,ILSVRC2012_val_00005550.JPEG,n03498962,596,596,0.8926941,1,imagenet_c,defocus_blur,1,none
efficientnet_b4,ILSVRC2012_val_00007225.JPEG,n03498962,596,596,0.44685858,1,imagenet_c,defocus_blur,1,none
efficientnet_b4,ILSVRC2012_val_00009028.JPEG,n03498962,596,499,0.1804542,0,imagenet_c,defocus_blur,1,none
efficientnet_b4,ILSVRC2012_val_00011994.JPEG,n03498962,596,596,0.816473,1,imagenet_c,defocus_blur,1,none
efficientnet_b4,ILSVRC2012_val_00012745.JPEG,n03498962,596,163,0.05199717,0,imagenet_c,defocus_blur,1,none
efficientnet_b4,ILSVRC2012_val_00013140.JPEG,n03498962,596,596,0.7224809,1,imagenet_c,defocus_blur,1,none
efficientnet_b4,ILSVRC2012_val_00015079.JPEG,n03498962,596,596,0.41313532,1,imagenet_c,defocus_blur,1,none
efficientnet_b4,ILSVRC2012_val_00016204.JPEG,n03498962,596,596,0.5936453,1,imagenet_c,defocus_blur,1,none
efficientnet_b4,ILSVRC2012_val_00016914.JPEG,n03498962,596,596,0.89283204,1,imagenet_c,defocus_blur,1,none
efficientnet_b4,ILSVRC2012_val_00017118.JPEG,n03498962,596,413,0.2647725,0,imagenet_c,defocus_blur,1,none
efficientnet_b4,ILSVRC2012_val_00017235.JPEG,n03498962,596,596,0.9286384,1,imagenet_c,defocus_blur,1,none
efficientnet_b4,ILSVRC2012_val_00017263.JPEG,n03498962,596,596,0.5361694,1,imagenet_c,defocus_blur,1,none
efficientnet_b4,ILSVRC2012_val_00017784.JPEG,n03498962,596,596,0.31908843,1,imagenet_c,defocus_blur,1,none
efficientnet_b4,ILSVRC2012_val_00020887.JPEG,n03498962,596,792,0.076306626,0,imagenet_c,defocus_blur,1,none
efficientnet_b4,ILSVRC2012_val_00021304.JPEG,n03498962,596,596,0.25387552,1,imagenet_c,defocus_blur,1,none
efficientnet_b4,ILSVRC2012_val_00021394.JPEG,n03498962,596,912,0.124047086,0,imagenet_c,defocus_blur,1,none
efficientnet_b4,ILSVRC2012_val_00023035.JPEG,n03498962,596,764,0.32782853,0,imagenet_c,defocus_blur,1,none
efficientnet_b4,ILSVRC2012_val_00023332.JPEG,n03498962,596,596,0.5401783,1,imagenet_c,defocus_blur,1,none
efficientnet_b4,ILSVRC2012_val_00023600.JPEG,n03498962,596,596,0.02382194,1,imagenet_c,defocus_blur,1,none
efficientnet_b4,ILSVRC2012_val_00025619.JPEG,n03498962,596,522,0.15316029,0,imagenet_c,defocus_blur,1,none
efficientnet_b4,ILSVRC2012_val_00027332.JPEG,n03498962,596,596,0.950352,1,imagenet_c,defocus_blur,1,none
efficientnet_b4,ILSVRC2012_val_00028576.JPEG,n03498962,596,596,0.7808143,1,imagenet_c,defocus_blur,1,none
efficientnet_b4,ILSVRC2012_val_00030655.JPEG,n03498962,596,408,0.109461986,0,imagenet_c,defocus_blur,1,none
efficientnet_b4,ILSVRC2012_val_00030666.JPEG,n03498962,596,596,0.8264425,1,imagenet_c,defocus_blur,1,none
efficientnet_b4,ILSVRC2012_val_00031055.JPEG,n03498962,596,596,0.34753102,1,imagenet_c,defocus_blur,1,none
efficientnet_b4,ILSVRC2012_val_00031367.JPEG,n03498962,596,596,0.5364803,1,imagenet_c,defocus_blur,1,none
efficientnet_b4,ILSVRC2012_val_00031710.JPEG,n03498962,596,596,0.9552634,1,imagenet_c,defocus_blur,1,none
efficientnet_b4,ILSVRC2012_val_00032228.JPEG,n03498962,596,596,0.89386153,1,imagenet_c,defocus_blur,1,none
efficientnet_b4,ILSVRC2012_val_00032383.JPEG,n03498962,596,596,0.9412095,1,imagenet_c,defocus_blur,1,none
efficientnet_b4,ILSVRC2012_val_00032709.JPEG,n03498962,596,801,0.21258523,0,imagenet_c,defocus_blur,1,none
efficientnet_b4,ILSVRC2012_val_00033954.JPEG,n03498962,596,428,0.22267455,0,imagenet_c,defocus_blur,1,none
efficientnet_b4,ILSVRC2012_val_00034911.JPEG,n03498962,596,777,0.25067174,0,imagenet_c,defocus_blur,1,none
efficientnet_b4,ILSVRC2012_val_00038419.JPEG,n03498962,596,596,0.95836157,1,imagenet_c,defocus_blur,1,none
efficientnet_b4,ILSVRC2012_val_00040211.JPEG,n03498962,596,587,0.28975046,0,imagenet_c,defocus_blur,1,none
efficientnet_b4,ILSVRC2012_val_00040559.JPEG,n03498962,596,870,0.07326757,0,imagenet_c,defocus_blur,1,none
efficientnet_b4,ILSVRC2012_val_00040931.JPEG,n03498962,596,587,0.08652938,0,imagenet_c,defocus_blur,1,none
efficientnet_b4,ILSVRC2012_val_00041312.JPEG,n03498962,596,596,0.81941724,1,imagenet_c,defocus_blur,1,none
efficientnet_b4,ILSVRC2012_val_00041471.JPEG,n03498962,596,596,0.26499543,1,imagenet_c,defocus_blur,1,none
efficientnet_b4,ILSVRC2012_val_00042039.JPEG,n03498962,596,596,0.3154091,1,imagenet_c,defocus_blur,1,none
efficientnet_b4,ILSVRC2012_val_00044873.JPEG,n03498962,596,596,0.8236361,1,imagenet_c,defocus_blur,1,none
efficientnet_b4,ILSVRC2012_val_00045508.JPEG,n03498962,596,596,0.9416852,1,imagenet_c,defocus_blur,1,none
efficientnet_b4,ILSVRC2012_val_00046192.JPEG,n03498962,596,0,0.057795607,0,imagenet_c,defocus_blur,1,none
efficientnet_b4,ILSVRC2012_val_00047210.JPEG,n03498962,596,623,0.09464767,0,imagenet_c,defocus_blur,1,none
efficientnet_b4,ILSVRC2012_val_00047673.JPEG,n03498962,596,708,0.19477831,0,imagenet_c,defocus_blur,1,none
efficientnet_b4,ILSVRC2012_val_00047936.JPEG,n03498962,596,596,0.2595575,1,imagenet_c,defocus_blur,1,none
efficientnet_b4,ILSVRC2012_val_00002822.JPEG,n03527444,597,597,0.07697876,1,imagenet_c,defocus_blur,1,none
efficientnet_b4,ILSVRC2012_val_00003618.JPEG,n03527444,597,465,0.40012676,0,imagenet_c,defocus_blur,1,none
efficientnet_b4,ILSVRC2012_val_00005443.JPEG,n03527444,597,902,0.06112891,0,imagenet_c,defocus_blur,1,none
efficientnet_b4,ILSVRC2012_val_00005874.JPEG,n03527444,597,597,0.39528424,1,imagenet_c,defocus_blur,1,none
efficientnet_b4,ILSVRC2012_val_00006442.JPEG,n03527444,597,597,0.67466116,1,imagenet_c,defocus_blur,1,none
efficientnet_b4,ILSVRC2012_val_00006732.JPEG,n03527444,597,597,0.4607044,1,imagenet_c,defocus_blur,1,none
efficientnet_b4,ILSVRC2012_val_00009896.JPEG,n03527444,597,597,0.4718722,1,imagenet_c,defocus_blur,1,none
efficientnet_b4,ILSVRC2012_val_00010924.JPEG,n03527444,597,597,0.15712558,1,imagenet_c,defocus_blur,1,none
efficientnet_b4,ILSVRC2012_val_00011909.JPEG,n03527444,597,597,0.66325617,1,imagenet_c,defocus_blur,1,none
efficientnet_b4,ILSVRC2012_val_00012070.JPEG,n03527444,597,427,0.10559046,0,imagenet_c,defocus_blur,1,none
efficientnet_b4,ILSVRC2012_val_00014793.JPEG,n03527444,597,597,0.22249392,1,imagenet_c,defocus_blur,1,none
efficientnet_b4,ILSVRC2012_val_00015772.JPEG,n03527444,597,597,0.6450708,1,imagenet_c,defocus_blur,1,none
efficientnet_b4,ILSVRC2012_val_00018385.JPEG,n03527444,597,971,0.023882812,0,imagenet_c,defocus_blur,1,none
efficientnet_b4,ILSVRC2012_val_00019609.JPEG,n03527444,597,597,0.32576627,1,imagenet_c,defocus_blur,1,none
efficientnet_b4,ILSVRC2012_val_00019785.JPEG,n03527444,597,893,0.083135135,0,imagenet_c,defocus_blur,1,none
efficientnet_b4,ILSVRC2012_val_00021322.JPEG,n03527444,597,726,0.25975502,0,imagenet_c,defocus_blur,1,none
efficientnet_b4,ILSVRC2012_val_00024999.JPEG,n03527444,597,597,0.65598196,1,imagenet_c,defocus_blur,1,none
efficientnet_b4,ILSVRC2012_val_00027730.JPEG,n03527444,597,597,0.3009665,1,imagenet_c,defocus_blur,1,none
efficientnet_b4,ILSVRC2012_val_00027822.JPEG,n03527444,597,854,0.11181444,0,imagenet_c,defocus_blur,1,none
efficientnet_b4,ILSVRC2012_val_00028590.JPEG,n03527444,597,615,0.24226327,0,imagenet_c,defocus_blur,1,none
efficientnet_b4,ILSVRC2012_val_00028696.JPEG,n03527444,597,597,0.6747732,1,imagenet_c,defocus_blur,1,none
efficientnet_b4,ILSVRC2012_val_00028739.JPEG,n03527444,597,763,0.38934398,0,imagenet_c,defocus_blur,1,none
efficientnet_b4,ILSVRC2012_val_00028910.JPEG,n03527444,597,777,0.13531743,0,imagenet_c,defocus_blur,1,none
efficientnet_b4,ILSVRC2012_val_00029027.JPEG,n03527444,597,597,0.5828504,1,imagenet_c,defocus_blur,1,none
efficientnet_b4,ILSVRC2012_val_00029327.JPEG,n03527444,597,597,0.21235152,1,imagenet_c,defocus_blur,1,none
efficientnet_b4,ILSVRC2012_val_00031671.JPEG,n03527444,597,597,0.5423907,1,imagenet_c,defocus_blur,1,none
efficientnet_b4,ILSVRC2012_val_00032612.JPEG,n03527444,597,597,0.60621,1,imagenet_c,defocus_blur,1,none
efficientnet_b4,ILSVRC2012_val_00033835.JPEG,n03527444,597,889,0.4269206,0,imagenet_c,defocus_blur,1,none
efficientnet_b4,ILSVRC2012_val_00035251.JPEG,n03527444,597,597,0.6741155,1,imagenet_c,defocus_blur,1,none
efficientnet_b4,ILSVRC2012_val_00035702.JPEG,n03527444,597,784,0.2067155,0,imagenet_c,defocus_blur,1,none
efficientnet_b4,ILSVRC2012_val_00035839.JPEG,n03527444,597,413,0.20944345,0,imagenet_c,defocus_blur,1,none
efficientnet_b4,ILSVRC2012_val_00035955.JPEG,n03527444,597,597,0.36589327,1,imagenet_c,defocus_blur,1,none
efficientnet_b4,ILSVRC2012_val_00036560.JPEG,n03527444,597,456,0.1611842,0,imagenet_c,defocus_blur,1,none
efficientnet_b4,ILSVRC2012_val_00037761.JPEG,n03527444,597,413,0.24978593,0,imagenet_c,defocus_blur,1,none
efficientnet_b4,ILSVRC2012_val_00037910.JPEG,n03527444,597,465,0.051537886,0,imagenet_c,defocus_blur,1,none
efficientnet_b4,ILSVRC2012_val_00038025.JPEG,n03527444,597,597,0.53662384,1,imagenet_c,defocus_blur,1,none
efficientnet_b4,ILSVRC2012_val_00039774.JPEG,n03527444,597,597,0.53103393,1,imagenet_c,defocus_blur,1,none
efficientnet_b4,ILSVRC2012_val_00040655.JPEG,n03527444,597,597,0.43575817,1,imagenet_c,defocus_blur,1,none
efficientnet_b4,ILSVRC2012_val_00040699.JPEG,n03527444,597,597,0.44331282,1,imagenet_c,defocus_blur,1,none
efficientnet_b4,ILSVRC2012_val_00042563.JPEG,n03527444,597,597,0.5878108,1,imagenet_c,defocus_blur,1,none
efficientnet_b4,ILSVRC2012_val_00044337.JPEG,n03527444,597,597,0.32090867,1,imagenet_c,defocus_blur,1,none
efficientnet_b4,ILSVRC2012_val_00044950.JPEG,n03527444,597,597,0.6411217,1,imagenet_c,defocus_blur,1,none
efficientnet_b4,ILSVRC2012_val_00045052.JPEG,n03527444,597,413,0.1977273,0,imagenet_c,defocus_blur,1,none
efficientnet_b4,ILSVRC2012_val_00045803.JPEG,n03527444,597,691,0.12412295,0,imagenet_c,defocus_blur,1,none
efficientnet_b4,ILSVRC2012_val_00046300.JPEG,n03527444,597,764,0.057520505,0,imagenet_c,defocus_blur,1,none
efficientnet_b4,ILSVRC2012_val_00046409.JPEG,n03527444,597,413,0.11290891,0,imagenet_c,defocus_blur,1,none
efficientnet_b4,ILSVRC2012_val_00046832.JPEG,n03527444,597,764,0.08342928,0,imagenet_c,defocus_blur,1,none
efficientnet_b4,ILSVRC2012_val_00047608.JPEG,n03527444,597,597,0.53089,1,imagenet_c,defocus_blur,1,none
efficientnet_b4,ILSVRC2012_val_00047965.JPEG,n03527444,597,763,0.61410546,0,imagenet_c,defocus_blur,1,none
efficientnet_b4,ILSVRC2012_val_00049828.JPEG,n03527444,597,597,0.61387295,1,imagenet_c,defocus_blur,1,none
efficientnet_b4,ILSVRC2012_val_00000387.JPEG,n03529860,598,782,0.46520442,0,imagenet_c,defocus_blur,1,none
efficientnet_b4,ILSVRC2012_val_00000410.JPEG,n03529860,598,598,0.51159084,1,imagenet_c,defocus_blur,1,none
efficientnet_b4,ILSVRC2012_val_00002293.JPEG,n03529860,598,598,0.6536732,1,imagenet_c,defocus_blur,1,none
efficientnet_b4,ILSVRC2012_val_00003630.JPEG,n03529860,598,598,0.39718893,1,imagenet_c,defocus_blur,1,none
efficientnet_b4,ILSVRC2012_val_00004596.JPEG,n03529860,598,598,0.4532055,1,imagenet_c,defocus_blur,1,none
efficientnet_b4,ILSVRC2012_val_00004900.JPEG,n03529860,598,598,0.58049184,1,imagenet_c,defocus_blur,1,none
efficientnet_b4,ILSVRC2012_val_00005304.JPEG,n03529860,598,598,0.37919217,1,imagenet_c,defocus_blur,1,none
efficientnet_b4,ILSVRC2012_val_00007441.JPEG,n03529860,598,598,0.16777994,1,imagenet_c,defocus_blur,1,none
efficientnet_b4,ILSVRC2012_val_00007900.JPEG,n03529860,598,598,0.34366632,1,imagenet_c,defocus_blur,1,none
efficientnet_b4,ILSVRC2012_val_00008533.JPEG,n03529860,598,598,0.7792612,1,imagenet_c,defocus_blur,1,none
efficientnet_b4,ILSVRC2012_val_00008972.JPEG,n03529860,598,598,0.55729634,1,imagenet_c,defocus_blur,1,none
efficientnet_b4,ILSVRC2012_val_00009316.JPEG,n03529860,598,598,0.22980186,1,imagenet_c,defocus_blur,1,none
efficientnet_b4,ILSVRC2012_val_00009863.JPEG,n03529860,598,632,0.16701931,0,imagenet_c,defocus_blur,1,none
efficientnet_b4,ILSVRC2012_val_00010050.JPEG,n03529860,598,598,0.42975456,1,imagenet_c,defocus_blur,1,none
efficientnet_b4,ILSVRC2012_val_00010126.JPEG,n03529860,598,632,0.46843895,0,imagenet_c,defocus_blur,1,none
efficientnet_b4,ILSVRC2012_val_00010142.JPEG,n03529860,598,651,0.3455828,0,imagenet_c,defocus_blur,1,none
efficientnet_b4,ILSVRC2012_val_00010535.JPEG,n03529860,598,598,0.7137524,1,imagenet_c,defocus_blur,1,none
efficientnet_b4,ILSVRC2012_val_00010655.JPEG,n03529860,598,598,0.16655448,1,imagenet_c,defocus_blur,1,none
efficientnet_b4,ILSVRC2012_val_00011991.JPEG,n03529860,598,548,0.36654347,0,imagenet_c,defocus_blur,1,none
efficientnet_b4,ILSVRC2012_val_00016585.JPEG,n03529860,598,632,0.18608795,0,imagenet_c,defocus_blur,1,none
efficientnet_b4,ILSVRC2012_val_00017088.JPEG,n03529860,598,598,0.23621275,1,imagenet_c,defocus_blur,1,none
efficientnet_b4,ILSVRC2012_val_00017900.JPEG,n03529860,598,598,0.57362145,1,imagenet_c,defocus_blur,1,none
efficientnet_b4,ILSVRC2012_val_00018718.JPEG,n03529860,598,548,0.38800108,0,imagenet_c,defocus_blur,1,none
efficientnet_b4,ILSVRC2012_val_00021601.JPEG,n03529860,598,598,0.24619587,1,imagenet_c,defocus_blur,1,none
efficientnet_b4,ILSVRC2012_val_00022699.JPEG,n03529860,598,598,0.339031,1,imagenet_c,defocus_blur,1,none
efficientnet_b4,ILSVRC2012_val_00022859.JPEG,n03529860,598,598,0.62755615,1,imagenet_c,defocus_blur,1,none
efficientnet_b4,ILSVRC2012_val_00023540.JPEG,n03529860,598,526,0.11240504,0,imagenet_c,defocus_blur,1,none
efficientnet_b4,ILSVRC2012_val_00024939.JPEG,n03529860,598,851,0.22703144,0,imagenet_c,defocus_blur,1,none
efficientnet_b4,ILSVRC2012_val_00025117.JPEG,n03529860,598,598,0.6046878,1,imagenet_c,defocus_blur,1,none
efficientnet_b4,ILSVRC2012_val_00025630.JPEG,n03529860,598,598,0.39509633,1,imagenet_c,defocus_blur,1,none
efficientnet_b4,ILSVRC2012_val_00028055.JPEG,n03529860,598,598,0.45988274,1,imagenet_c,defocus_blur,1,none
efficientnet_b4,ILSVRC2012_val_00028680.JPEG,n03529860,598,422,0.05485715,0,imagenet_c,defocus_blur,1,none
efficientnet_b4,ILSVRC2012_val_00030674.JPEG,n03529860,598,548,0.2262837,0,imagenet_c,defocus_blur,1,none
efficientnet_b4,ILSVRC2012_val_00031628.JPEG,n03529860,598,598,0.77513206,1,imagenet_c,defocus_blur,1,none
efficientnet_b4,ILSVRC2012_val_00032212.JPEG,n03529860,598,598,0.6160904,1,imagenet_c,defocus_blur,1,none
efficientnet_b4,ILSVRC2012_val_00033213.JPEG,n03529860,598,548,0.5359768,0,imagenet_c,defocus_blur,1,none
efficientnet_b4,ILSVRC2012_val_00033289.JPEG,n03529860,598,548,0.18645057,0,imagenet_c,defocus_blur,1,none
efficientnet_b4,ILSVRC2012_val_00033605.JPEG,n03529860,598,423,0.18476689,0,imagenet_c,defocus_blur,1,none
efficientnet_b4,ILSVRC2012_val_00034521.JPEG,n03529860,598,598,0.41639388,1,imagenet_c,defocus_blur,1,none
efficientnet_b4,ILSVRC2012_val_00034604.JPEG,n03529860,598,598,0.23426966,1,imagenet_c,defocus_blur,1,none
efficientnet_b4,ILSVRC2012_val_00035132.JPEG,n03529860,598,598,0.24509816,1,imagenet_c,defocus_blur,1,none
efficientnet_b4,ILSVRC2012_val_00037350.JPEG,n03529860,598,598,0.3269275,1,imagenet_c,defocus_blur,1,none
efficientnet_b4,ILSVRC2012_val_00037976.JPEG,n03529860,598,598,0.25776905,1,imagenet_c,defocus_blur,1,none
efficientnet_b4,ILSVRC2012_val_00043177.JPEG,n03529860,598,598,0.17680542,1,imagenet_c,defocus_blur,1,none
efficientnet_b4,ILSVRC2012_val_00044319.JPEG,n03529860,598,598,0.28771797,1,imagenet_c,defocus_blur,1,none
efficientnet_b4,ILSVRC2012_val_00044725.JPEG,n03529860,598,598,0.20128638,1,imagenet_c,defocus_blur,1,none
efficientnet_b4,ILSVRC2012_val_00047086.JPEG,n03529860,598,598,0.3173558,1,imagenet_c,defocus_blur,1,none
efficientnet_b4,ILSVRC2012_val_00047579.JPEG,n03529860,598,598,0.11041099,1,imagenet_c,defocus_blur,1,none
efficientnet_b4,ILSVRC2012_val_00047606.JPEG,n03529860,598,548,0.41318145,0,imagenet_c,defocus_blur,1,none
efficientnet_b4,ILSVRC2012_val_00048577.JPEG,n03529860,598,548,0.28712347,0,imagenet_c,defocus_blur,1,none
efficientnet_b4,ILSVRC2012_val_00001784.JPEG,n03530642,599,951,0.268216,0,imagenet_c,defocus_blur,1,none
efficientnet_b4,ILSVRC2012_val_00004072.JPEG,n03530642,599,955,0.34944013,0,imagenet_c,defocus_blur,1,none
efficientnet_b4,ILSVRC2012_val_00004681.JPEG,n03530642,599,454,0.39365593,0,imagenet_c,defocus_blur,1,none
efficientnet_b4,ILSVRC2012_val_00006048.JPEG,n03530642,599,666,0.24303472,0,imagenet_c,defocus_blur,1,none
efficientnet_b4,ILSVRC2012_val_00007383.JPEG,n03530642,599,34,0.2419382,0,imagenet_c,defocus_blur,1,none
efficientnet_b4,ILSVRC2012_val_00009684.JPEG,n03530642,599,599,0.27311087,1,imagenet_c,defocus_blur,1,none
efficientnet_b4,ILSVRC2012_val_00009904.JPEG,n03530642,599,930,0.29347104,0,imagenet_c,defocus_blur,1,none
efficientnet_b4,ILSVRC2012_val_00010989.JPEG,n03530642,599,410,0.46154132,0,imagenet_c,defocus_blur,1,none
efficientnet_b4,ILSVRC2012_val_00012310.JPEG,n03530642,599,778,0.06063355,0,imagenet_c,defocus_blur,1,none
efficientnet_b4,ILSVRC2012_val_00017838.JPEG,n03530642,599,619,0.33599183,0,imagenet_c,defocus_blur,1,none
efficientnet_b4,ILSVRC2012_val_00018635.JPEG,n03530642,599,599,0.54539496,1,imagenet_c,defocus_blur,1,none
efficientnet_b4,ILSVRC2012_val_00019865.JPEG,n03530642,599,599,0.5115654,1,imagenet_c,defocus_blur,1,none
efficientnet_b4,ILSVRC2012_val_00020609.JPEG,n03530642,599,991,0.29186797,0,imagenet_c,defocus_blur,1,none
efficientnet_b4,ILSVRC2012_val_00021518.JPEG,n03530642,599,599,0.30994973,1,imagenet_c,defocus_blur,1,none
efficientnet_b4,ILSVRC2012_val_00021845.JPEG,n03530642,599,599,0.40196064,1,imagenet_c,defocus_blur,1,none
efficientnet_b4,ILSVRC2012_val_00022002.JPEG,n03530642,599,599,0.2564571,1,imagenet_c,defocus_blur,1,none
efficientnet_b4,ILSVRC2012_val_00022030.JPEG,n03530642,599,474,0.17681606,0,imagenet_c,defocus_blur,1,none
efficientnet_b4,ILSVRC2012_val_00022717.JPEG,n03530642,599,410,0.39089474,0,imagenet_c,defocus_blur,1,none
efficientnet_b4,ILSVRC2012_val_00024562.JPEG,n03530642,599,599,0.226223,1,imagenet_c,defocus_blur,1,none
efficientnet_b4,ILSVRC2012_val_00025146.JPEG,n03530642,599,828,0.47779632,0,imagenet_c,defocus_blur,1,none
efficientnet_b4,ILSVRC2012_val_00025504.JPEG,n03530642,599,677,0.08286133,0,imagenet_c,defocus_blur,1,none
efficientnet_b4,ILSVRC2012_val_00027423.JPEG,n03530642,599,539,0.077741064,0,imagenet_c,defocus_blur,1,none
efficientnet_b4,ILSVRC2012_val_00028432.JPEG,n03530642,599,41,0.13103637,0,imagenet_c,defocus_blur,1,none
efficientnet_b4,ILSVRC2012_val_00029028.JPEG,n03530642,599,568,0.05421199,0,imagenet_c,defocus_blur,1,none
efficientnet_b4,ILSVRC2012_val_00030350.JPEG,n03530642,599,599,0.043765076,1,imagenet_c,defocus_blur,1,none
efficientnet_b4,ILSVRC2012_val_00030885.JPEG,n03530642,599,996,0.050688148,0,imagenet_c,defocus_blur,1,none
efficientnet_b4,ILSVRC2012_val_00031155.JPEG,n03530642,599,996,0.6475902,0,imagenet_c,defocus_blur,1,none
efficientnet_b4,ILSVRC2012_val_00031570.JPEG,n03530642,599,599,0.61923444,1,imagenet_c,defocus_blur,1,none
efficientnet_b4,ILSVRC2012_val_00031851.JPEG,n03530642,599,599,0.6385519,1,imagenet_c,defocus_blur,1,none
efficientnet_b4,ILSVRC2012_val_00033371.JPEG,n03530642,599,410,0.6096127,0,imagenet_c,defocus_blur,1,none
efficientnet_b4,ILSVRC2012_val_00034883.JPEG,n03530642,599,329,0.04131806,0,imagenet_c,defocus_blur,1,none
efficientnet_b4,ILSVRC2012_val_00035007.JPEG,n03530642,599,996,0.040371697,0,imagenet_c,defocus_blur,1,none
efficientnet_b4,ILSVRC2012_val_00035089.JPEG,n03530642,599,964,0.21933272,0,imagenet_c,defocus_blur,1,none
efficientnet_b4,ILSVRC2012_val_00035291.JPEG,n03530642,599,38,0.53212726,0,imagenet_c,defocus_blur,1,none
efficientnet_b4,ILSVRC2012_val_00035617.JPEG,n03530642,599,599,0.1797109,1,imagenet_c,defocus_blur,1,none
efficientnet_b4,ILSVRC2012_val_00035870.JPEG,n03530642,599,66,0.22139381,0,imagenet_c,defocus_blur,1,none
efficientnet_b4,ILSVRC2012_val_00036530.JPEG,n03530642,599,599,0.6892071,1,imagenet_c,defocus_blur,1,none
efficientnet_b4,ILSVRC2012_val_00037008.JPEG,n03530642,599,599,0.48512036,1,imagenet_c,defocus_blur,1,none
efficientnet_b4,ILSVRC2012_val_00037063.JPEG,n03530642,599,599,0.34050003,1,imagenet_c,defocus_blur,1,none
efficientnet_b4,ILSVRC2012_val_00037411.JPEG,n03530642,599,930,0.15899566,0,imagenet_c,defocus_blur,1,none
efficientnet_b4,ILSVRC2012_val_00038525.JPEG,n03530642,599,996,0.6449459,0,imagenet_c,defocus_blur,1,none
efficientnet_b4,ILSVRC2012_val_00041787.JPEG,n03530642,599,599,0.44963765,1,imagenet_c,defocus_blur,1,none
efficientnet_b4,ILSVRC2012_val_00042041.JPEG,n03530642,599,599,0.5508513,1,imagenet_c,defocus_blur,1,none
efficientnet_b4,ILSVRC2012_val_00042170.JPEG,n03530642,599,790,0.08640264,0,imagenet_c,defocus_blur,1,none
efficientnet_b4,ILSVRC2012_val_00042804.JPEG,n03530642,599,634,0.44591764,0,imagenet_c,defocus_blur,1,none
efficientnet_b4,ILSVRC2012_val_00043405.JPEG,n03530642,599,599,0.5727292,1,imagenet_c,defocus_blur,1,none
efficientnet_b4,ILSVRC2012_val_00043487.JPEG,n03530642,599,599,0.5036064,1,imagenet_c,defocus_blur,1,none
efficientnet_b4,ILSVRC2012_val_00047239.JPEG,n03530642,599,503,0.10937091,0,imagenet_c,defocus_blur,1,none
efficientnet_b4,ILSVRC2012_val_00048069.JPEG,n03530642,599,599,0.29780877,1,imagenet_c,defocus_blur,1,none
efficientnet_b4,ILSVRC2012_val_00048634.JPEG,n03530642,599,599,0.6480942,1,imagenet_c,defocus_blur,1,none
efficientnet_b4,ILSVRC2012_val_00000575.JPEG,n03532672,600,600,0.60237336,1,imagenet_c,defocus_blur,1,none
efficientnet_b4,ILSVRC2012_val_00000636.JPEG,n03532672,600,600,0.6045793,1,imagenet_c,defocus_blur,1,none
efficientnet_b4,ILSVRC2012_val_00003167.JPEG,n03532672,600,695,0.26685694,0,imagenet_c,defocus_blur,1,none
efficientnet_b4,ILSVRC2012_val_00004820.JPEG,n03532672,600,600,0.4358666,1,imagenet_c,defocus_blur,1,none
efficientnet_b4,ILSVRC2012_val_00005540.JPEG,n03532672,600,843,0.07330865,0,imagenet_c,defocus_blur,1,none
efficientnet_b4,ILSVRC2012_val_00006060.JPEG,n03532672,600,600,0.47574013,1,imagenet_c,defocus_blur,1,none
efficientnet_b4,ILSVRC2012_val_00007783.JPEG,n03532672,600,600,0.2077124,1,imagenet_c,defocus_blur,1,none
efficientnet_b4,ILSVRC2012_val_00010867.JPEG,n03532672,600,584,0.69388217,0,imagenet_c,defocus_blur,1,none
efficientnet_b4,ILSVRC2012_val_00011088.JPEG,n03532672,600,600,0.09053103,1,imagenet_c,defocus_blur,1,none
efficientnet_b4,ILSVRC2012_val_00012674.JPEG,n03532672,600,600,0.07260092,1,imagenet_c,defocus_blur,1,none
efficientnet_b4,ILSVRC2012_val_00014236.JPEG,n03532672,600,600,0.14260305,1,imagenet_c,defocus_blur,1,none
efficientnet_b4,ILSVRC2012_val_00015760.JPEG,n03532672,600,600,0.14606628,1,imagenet_c,defocus_blur,1,none
efficientnet_b4,ILSVRC2012_val_00016133.JPEG,n03532672,600,494,0.20941909,0,imagenet_c,defocus_blur,1,none
efficientnet_b4,ILSVRC2012_val_00017687.JPEG,n03532672,600,600,0.26379716,1,imagenet_c,defocus_blur,1,none
efficientnet_b4,ILSVRC2012_val_00018267.JPEG,n03532672,600,600,0.28567794,1,imagenet_c,defocus_blur,1,none
efficientnet_b4,ILSVRC2012_val_00018823.JPEG,n03532672,600,572,0.12349095,0,imagenet_c,defocus_blur,1,none
efficientnet_b4,ILSVRC2012_val_00019398.JPEG,n03532672,600,417,0.36226282,0,imagenet_c,defocus_blur,1,none
efficientnet_b4,ILSVRC2012_val_00019634.JPEG,n03532672,600,467,0.5479258,0,imagenet_c,defocus_blur,1,none
efficientnet_b4,ILSVRC2012_val_00023071.JPEG,n03532672,600,834,0.050339762,0,imagenet_c,defocus_blur,1,none
efficientnet_b4,ILSVRC2012_val_00023115.JPEG,n03532672,600,583,0.026969958,0,imagenet_c,defocus_blur,1,none
efficientnet_b4,ILSVRC2012_val_00023777.JPEG,n03532672,600,749,0.16491829,0,imagenet_c,defocus_blur,1,none
efficientnet_b4,ILSVRC2012_val_00024123.JPEG,n03532672,600,904,0.15466382,0,imagenet_c,defocus_blur,1,none
efficientnet_b4,ILSVRC2012_val_00026203.JPEG,n03532672,600,488,0.40226132,0,imagenet_c,defocus_blur,1,none
efficientnet_b4,ILSVRC2012_val_00026821.JPEG,n03532672,600,469,0.11914678,0,imagenet_c,defocus_blur,1,none
efficientnet_b4,ILSVRC2012_val_00026912.JPEG,n03532672,600,584,0.29015145,0,imagenet_c,defocus_blur,1,none
efficientnet_b4,ILSVRC2012_val_00028277.JPEG,n03532672,600,494,0.062977746,0,imagenet_c,defocus_blur,1,none
efficientnet_b4,ILSVRC2012_val_00029596.JPEG,n03532672,600,854,0.13937075,0,imagenet_c,defocus_blur,1,none
efficientnet_b4,ILSVRC2012_val_00031085.JPEG,n03532672,600,600,0.3381416,1,imagenet_c,defocus_blur,1,none
efficientnet_b4,ILSVRC2012_val_00032475.JPEG,n03532672,600,600,0.42626807,1,imagenet_c,defocus_blur,1,none
efficientnet_b4,ILSVRC2012_val_00032596.JPEG,n03532672,600,677,0.21398382,0,imagenet_c,defocus_blur,1,none
efficientnet_b4,ILSVRC2012_val_00032708.JPEG,n03532672,600,766,0.41753358,0,imagenet_c,defocus_blur,1,none
efficientnet_b4,ILSVRC2012_val_00032807.JPEG,n03532672,600,584,0.5893277,0,imagenet_c,defocus_blur,1,none
efficientnet_b4,ILSVRC2012_val_00032965.JPEG,n03532672,600,488,0.097406894,0,imagenet_c,defocus_blur,1,none
efficientnet_b4,ILSVRC2012_val_00033026.JPEG,n03532672,600,600,0.2880429,1,imagenet_c,defocus_blur,1,none
efficientnet_b4,ILSVRC2012_val_00033279.JPEG,n03532672,600,600,0.31651318,1,imagenet_c,defocus_blur,1,none
efficientnet_b4,ILSVRC2012_val_00034066.JPEG,n03532672,600,442,0.1096899,0,imagenet_c,defocus_blur,1,none
efficientnet_b4,ILSVRC2012_val_00034955.JPEG,n03532672,600,494,0.5642936,0,imagenet_c,defocus_blur,1,none
efficientnet_b4,ILSVRC2012_val_00039613.JPEG,n03532672,600,600,0.57325417,1,imagenet_c,defocus_blur,1,none
efficientnet_b4,ILSVRC2012_val_00039940.JPEG,n03532672,600,600,0.149442,1,imagenet_c,defocus_blur,1,none
efficientnet_b4,ILSVRC2012_val_00040536.JPEG,n03532672,600,600,0.24021614,1,imagenet_c,defocus_blur,1,none
efficientnet_b4,ILSVRC2012_val_00041071.JPEG,n03532672,600,488,0.28059837,0,imagenet_c,defocus_blur,1,none
efficientnet_b4,ILSVRC2012_val_00041821.JPEG,n03532672,600,438,0.06450215,0,imagenet_c,defocus_blur,1,none
efficientnet_b4,ILSVRC2012_val_00042387.JPEG,n03532672,600,902,0.17578514,0,imagenet_c,defocus_blur,1,none
efficientnet_b4,ILSVRC2012_val_00043481.JPEG,n03532672,600,600,0.15368658,1,imagenet_c,defocus_blur,1,none
efficientnet_b4,ILSVRC2012_val_00044336.JPEG,n03532672,600,626,0.060870856,0,imagenet_c,defocus_blur,1,none
efficientnet_b4,ILSVRC2012_val_00045461.JPEG,n03532672,600,600,0.71296734,1,imagenet_c,defocus_blur,1,none
efficientnet_b4,ILSVRC2012_val_00045853.JPEG,n03532672,600,584,0.44425276,0,imagenet_c,defocus_blur,1,none
efficientnet_b4,ILSVRC2012_val_00046662.JPEG,n03532672,600,600,0.68430984,1,imagenet_c,defocus_blur,1,none
efficientnet_b4,ILSVRC2012_val_00047501.JPEG,n03532672,600,600,0.067843765,1,imagenet_c,defocus_blur,1,none
efficientnet_b4,ILSVRC2012_val_00049554.JPEG,n03532672,600,960,0.17172898,0,imagenet_c,defocus_blur,1,none
efficientnet_b4,ILSVRC2012_val_00000776.JPEG,n03534580,601,602,0.067644976,0,imagenet_c,defocus_blur,1,none
efficientnet_b4,ILSVRC2012_val_00000845.JPEG,n03534580,601,862,0.10900282,0,imagenet_c,defocus_blur,1,none
efficientnet_b4,ILSVRC2012_val_00001418.JPEG,n03534580,601,601,0.83036894,1,imagenet_c,defocus_blur,1,none
efficientnet_b4,ILSVRC2012_val_00002592.JPEG,n03534580,601,670,0.04590009,0,imagenet_c,defocus_blur,1,none
efficientnet_b4,ILSVRC2012_val_00003283.JPEG,n03534580,601,645,0.58505714,0,imagenet_c,defocus_blur,1,none
efficientnet_b4,ILSVRC2012_val_00006990.JPEG,n03534580,601,601,0.4974916,1,imagenet_c,defocus_blur,1,none
efficientnet_b4,ILSVRC2012_val_00007092.JPEG,n03534580,601,601,0.6168887,1,imagenet_c,defocus_blur,1,none
efficientnet_b4,ILSVRC2012_val_00007809.JPEG,n03534580,601,601,0.5914406,1,imagenet_c,defocus_blur,1,none
efficientnet_b4,ILSVRC2012_val_00008641.JPEG,n03534580,601,601,0.31096587,1,imagenet_c,defocus_blur,1,none
efficientnet_b4,ILSVRC2012_val_00009650.JPEG,n03534580,601,601,0.46162546,1,imagenet_c,defocus_blur,1,none
efficientnet_b4,ILSVRC2012_val_00009741.JPEG,n03534580,601,399,0.039610114,0,imagenet_c,defocus_blur,1,none
efficientnet_b4,ILSVRC2012_val_00010666.JPEG,n03534580,601,601,0.55211806,1,imagenet_c,defocus_blur,1,none
efficientnet_b4,ILSVRC2012_val_00011674.JPEG,n03534580,601,601,0.41692266,1,imagenet_c,defocus_blur,1,none
efficientnet_b4,ILSVRC2012_val_00012439.JPEG,n03534580,601,762,0.068509504,0,imagenet_c,defocus_blur,1,none
efficientnet_b4,ILSVRC2012_val_00012716.JPEG,n03534580,601,601,0.6135407,1,imagenet_c,defocus_blur,1,none
efficientnet_b4,ILSVRC2012_val_00014702.JPEG,n03534580,601,594,0.57349455,0,imagenet_c,defocus_blur,1,none
efficientnet_b4,ILSVRC2012_val_00015156.JPEG,n03534580,601,601,0.6086565,1,imagenet_c,defocus_blur,1,none
efficientnet_b4,ILSVRC2012_val_00015718.JPEG,n03534580,601,601,0.5288781,1,imagenet_c,defocus_blur,1,none
efficientnet_b4,ILSVRC2012_val_00017825.JPEG,n03534580,601,702,0.13575673,0,imagenet_c,defocus_blur,1,none
efficientnet_b4,ILSVRC2012_val_00018404.JPEG,n03534580,601,601,0.48461282,1,imagenet_c,defocus_blur,1,none
efficientnet_b4,ILSVRC2012_val_00019296.JPEG,n03534580,601,601,0.51661175,1,imagenet_c,defocus_blur,1,none
efficientnet_b4,ILSVRC2012_val_00019323.JPEG,n03534580,601,601,0.57309294,1,imagenet_c,defocus_blur,1,none
efficientnet_b4,ILSVRC2012_val_00019960.JPEG,n03534580,601,601,0.6155506,1,imagenet_c,defocus_blur,1,none
efficientnet_b4,ILSVRC2012_val_00021106.JPEG,n03534580,601,601,0.7113441,1,imagenet_c,defocus_blur,1,none
efficientnet_b4,ILSVRC2012_val_00021123.JPEG,n03534580,601,601,0.53167677,1,imagenet_c,defocus_blur,1,none
efficientnet_b4,ILSVRC2012_val_00021696.JPEG,n03534580,601,406,0.08375247,0,imagenet_c,defocus_blur,1,none
efficientnet_b4,ILSVRC2012_val_00021779.JPEG,n03534580,601,601,0.47298887,1,imagenet_c,defocus_blur,1,none
efficientnet_b4,ILSVRC2012_val_00022084.JPEG,n03534580,601,601,0.81768024,1,imagenet_c,defocus_blur,1,none
efficientnet_b4,ILSVRC2012_val_00023350.JPEG,n03534580,601,601,0.70927197,1,imagenet_c,defocus_blur,1,none
efficientnet_b4,ILSVRC2012_val_00024523.JPEG,n03534580,601,601,0.4145051,1,imagenet_c,defocus_blur,1,none
efficientnet_b4,ILSVRC2012_val_00028543.JPEG,n03534580,601,601,0.28013858,1,imagenet_c,defocus_blur,1,none
efficientnet_b4,ILSVRC2012_val_00028977.JPEG,n03534580,601,601,0.17908968,1,imagenet_c,defocus_blur,1,none
efficientnet_b4,ILSVRC2012_val_00029987.JPEG,n03534580,601,601,0.40119082,1,imagenet_c,defocus_blur,1,none
efficientnet_b4,ILSVRC2012_val_00030501.JPEG,n03534580,601,601,0.5277257,1,imagenet_c,defocus_blur,1,none
efficientnet_b4,ILSVRC2012_val_00031115.JPEG,n03534580,601,601,0.11418134,1,imagenet_c,defocus_blur,1,none
efficientnet_b4,ILSVRC2012_val_00031122.JPEG,n03534580,601,601,0.57400185,1,imagenet_c,defocus_blur,1,none
efficientnet_b4,ILSVRC2012_val_00033004.JPEG,n03534580,601,416,0.089183874,0,imagenet_c,defocus_blur,1,none
efficientnet_b4,ILSVRC2012_val_00033044.JPEG,n03534580,601,601,0.16004741,1,imagenet_c,defocus_blur,1,none
efficientnet_b4,ILSVRC2012_val_00033113.JPEG,n03534580,601,862,0.04063529,0,imagenet_c,defocus_blur,1,none
efficientnet_b4,ILSVRC2012_val_00033753.JPEG,n03534580,601,904,0.22489811,0,imagenet_c,defocus_blur,1,none
efficientnet_b4,ILSVRC2012_val_00035174.JPEG,n03534580,601,601,0.36862352,1,imagenet_c,defocus_blur,1,none
efficientnet_b4,ILSVRC2012_val_00037404.JPEG,n03534580,601,475,0.29997844,0,imagenet_c,defocus_blur,1,none
efficientnet_b4,ILSVRC2012_val_00037682.JPEG,n03534580,601,601,0.73703337,1,imagenet_c,defocus_blur,1,none
efficientnet_b4,ILSVRC2012_val_00039018.JPEG,n03534580,601,689,0.34472013,0,imagenet_c,defocus_blur,1,none
efficientnet_b4,ILSVRC2012_val_00040896.JPEG,n03534580,601,522,0.15394597,0,imagenet_c,defocus_blur,1,none
efficientnet_b4,ILSVRC2012_val_00041119.JPEG,n03534580,601,601,0.30883124,1,imagenet_c,defocus_blur,1,none
efficientnet_b4,ILSVRC2012_val_00041586.JPEG,n03534580,601,789,0.0618403,0,imagenet_c,defocus_blur,1,none
efficientnet_b4,ILSVRC2012_val_00042152.JPEG,n03534580,601,601,0.15983632,1,imagenet_c,defocus_blur,1,none
efficientnet_b4,ILSVRC2012_val_00042217.JPEG,n03534580,601,438,0.20903614,0,imagenet_c,defocus_blur,1,none
efficientnet_b4,ILSVRC2012_val_00042934.JPEG,n03534580,601,601,0.46450412,1,imagenet_c,defocus_blur,1,none
efficientnet_b4,ILSVRC2012_val_00001827.JPEG,n03535780,602,602,0.36791456,1,imagenet_c,defocus_blur,1,none
efficientnet_b4,ILSVRC2012_val_00003195.JPEG,n03535780,602,602,0.46104,1,imagenet_c,defocus_blur,1,none
efficientnet_b4,ILSVRC2012_val_00004312.JPEG,n03535780,602,416,0.29079047,0,imagenet_c,defocus_blur,1,none
efficientnet_b4,ILSVRC2012_val_00006650.JPEG,n03535780,602,602,0.3007513,1,imagenet_c,defocus_blur,1,none
efficientnet_b4,ILSVRC2012_val_00006654.JPEG,n03535780,602,602,0.47265407,1,imagenet_c,defocus_blur,1,none
efficientnet_b4,ILSVRC2012_val_00007020.JPEG,n03535780,602,602,0.22411963,1,imagenet_c,defocus_blur,1,none
efficientnet_b4,ILSVRC2012_val_00007279.JPEG,n03535780,602,602,0.62819976,1,imagenet_c,defocus_blur,1,none
efficientnet_b4,ILSVRC2012_val_00009482.JPEG,n03535780,602,602,0.38582245,1,imagenet_c,defocus_blur,1,none
efficientnet_b4,ILSVRC2012_val_00011767.JPEG,n03535780,602,602,0.36657274,1,imagenet_c,defocus_blur,1,none
efficientnet_b4,ILSVRC2012_val_00011965.JPEG,n03535780,602,602,0.53985494,1,imagenet_c,defocus_blur,1,none
efficientnet_b4,ILSVRC2012_val_00012133.JPEG,n03535780,602,602,0.31453395,1,imagenet_c,defocus_blur,1,none
efficientnet_b4,ILSVRC2012_val_00013546.JPEG,n03535780,602,602,0.52620214,1,imagenet_c,defocus_blur,1,none
efficientnet_b4,ILSVRC2012_val_00013706.JPEG,n03535780,602,602,0.3634948,1,imagenet_c,defocus_blur,1,none
efficientnet_b4,ILSVRC2012_val_00014669.JPEG,n03535780,602,602,0.7561179,1,imagenet_c,defocus_blur,1,none
efficientnet_b4,ILSVRC2012_val_00015296.JPEG,n03535780,602,561,0.2245521,0,imagenet_c,defocus_blur,1,none
efficientnet_b4,ILSVRC2012_val_00017778.JPEG,n03535780,602,602,0.24302459,1,imagenet_c,defocus_blur,1,none
efficientnet_b4,ILSVRC2012_val_00020517.JPEG,n03535780,602,880,0.04417387,0,imagenet_c,defocus_blur,1,none
efficientnet_b4,ILSVRC2012_val_00022902.JPEG,n03535780,602,602,0.31462464,1,imagenet_c,defocus_blur,1,none
efficientnet_b4,ILSVRC2012_val_00023456.JPEG,n03535780,602,602,0.8487707,1,imagenet_c,defocus_blur,1,none
efficientnet_b4,ILSVRC2012_val_00024949.JPEG,n03535780,602,602,0.44977015,1,imagenet_c,defocus_blur,1,none
efficientnet_b4,ILSVRC2012_val_00025020.JPEG,n03535780,602,602,0.48660958,1,imagenet_c,defocus_blur,1,none
efficientnet_b4,ILSVRC2012_val_00025607.JPEG,n03535780,602,602,0.25060698,1,imagenet_c,defocus_blur,1,none
efficientnet_b4,ILSVRC2012_val_00025958.JPEG,n03535780,602,602,0.74958104,1,imagenet_c,defocus_blur,1,none
efficientnet_b4,ILSVRC2012_val_00026608.JPEG,n03535780,602,702,0.18504778,0,imagenet_c,defocus_blur,1,none
efficientnet_b4,ILSVRC2012_val_00026801.JPEG,n03535780,602,416,0.35071972,0,imagenet_c,defocus_blur,1,none
efficientnet_b4,ILSVRC2012_val_00027475.JPEG,n03535780,602,602,0.1618533,1,imagenet_c,defocus_blur,1,none
efficientnet_b4,ILSVRC2012_val_00027779.JPEG,n03535780,602,602,0.43549517,1,imagenet_c,defocus_blur,1,none
efficientnet_b4,ILSVRC2012_val_00030209.JPEG,n03535780,602,602,0.25216237,1,imagenet_c,defocus_blur,1,none
efficientnet_b4,ILSVRC2012_val_00030841.JPEG,n03535780,602,602,0.2618628,1,imagenet_c,defocus_blur,1,none
efficientnet_b4,ILSVRC2012_val_00031416.JPEG,n03535780,602,602,0.5558613,1,imagenet_c,defocus_blur,1,none
efficientnet_b4,ILSVRC2012_val_00031836.JPEG,n03535780,602,422,0.097343534,0,imagenet_c,defocus_blur,1,none
efficientnet_b4,ILSVRC2012_val_00032704.JPEG,n03535780,602,416,0.47129288,0,imagenet_c,defocus_blur,1,none
efficientnet_b4,ILSVRC2012_val_00033486.JPEG,n03535780,602,602,0.5737558,1,imagenet_c,defocus_blur,1,none
efficientnet_b4,ILSVRC2012_val_00033700.JPEG,n03535780,602,602,0.6158537,1,imagenet_c,defocus_blur,1,none
efficientnet_b4,ILSVRC2012_val_00034565.JPEG,n03535780,602,702,0.25281802,0,imagenet_c,defocus_blur,1,none
efficientnet_b4,ILSVRC2012_val_00036053.JPEG,n03535780,602,602,0.5359802,1,imagenet_c,defocus_blur,1,none
efficientnet_b4,ILSVRC2012_val_00036616.JPEG,n03535780,602,602,0.17481092,1,imagenet_c,defocus_blur,1,none
efficientnet_b4,ILSVRC2012_val_00036741.JPEG,n03535780,602,602,0.29342467,1,imagenet_c,defocus_blur,1,none
efficientnet_b4,ILSVRC2012_val_00037022.JPEG,n03535780,602,602,0.60427654,1,imagenet_c,defocus_blur,1,none
efficientnet_b4,ILSVRC2012_val_00038838.JPEG,n03535780,602,602,0.26859057,1,imagenet_c,defocus_blur,1,none
efficientnet_b4,ILSVRC2012_val_00039560.JPEG,n03535780,602,702,0.40668076,0,imagenet_c,defocus_blur,1,none
efficientnet_b4,ILSVRC2012_val_00040403.JPEG,n03535780,602,602,0.7242367,1,imagenet_c,defocus_blur,1,none
efficientnet_b4,ILSVRC2012_val_00042259.JPEG,n03535780,602,602,0.28987578,1,imagenet_c,defocus_blur,1,none
efficientnet_b4,ILSVRC2012_val_00045018.JPEG,n03535780,602,602,0.77793217,1,imagenet_c,defocus_blur,1,none
efficientnet_b4,ILSVRC2012_val_00045214.JPEG,n03535780,602,602,0.70782685,1,imagenet_c,defocus_blur,1,none
efficientnet_b4,ILSVRC2012_val_00046959.JPEG,n03535780,602,602,0.28823206,1,imagenet_c,defocus_blur,1,none
efficientnet_b4,ILSVRC2012_val_00047312.JPEG,n03535780,602,602,0.044071354,1,imagenet_c,defocus_blur,1,none
efficientnet_b4,ILSVRC2012_val_00048074.JPEG,n03535780,602,602,0.24303056,1,imagenet_c,defocus_blur,1,none
efficientnet_b4,ILSVRC2012_val_00049468.JPEG,n03535780,602,413,0.025887122,0,imagenet_c,defocus_blur,1,none
efficientnet_b4,ILSVRC2012_val_00049949.JPEG,n03535780,602,602,0.48618147,1,imagenet_c,defocus_blur,1,none
efficientnet_b4,ILSVRC2012_val_00000752.JPEG,n03538406,603,603,0.66872776,1,imagenet_c,defocus_blur,1,none
efficientnet_b4,ILSVRC2012_val_00001647.JPEG,n03538406,603,603,0.6183038,1,imagenet_c,defocus_blur,1,none
efficientnet_b4,ILSVRC2012_val_00003194.JPEG,n03538406,603,603,0.70790607,1,imagenet_c,defocus_blur,1,none
efficientnet_b4,ILSVRC2012_val_00003461.JPEG,n03538406,603,603,0.37358102,1,imagenet_c,defocus_blur,1,none
efficientnet_b4,ILSVRC2012_val_00006021.JPEG,n03538406,603,612,0.14668366,0,imagenet_c,defocus_blur,1,none
efficientnet_b4,ILSVRC2012_val_00006364.JPEG,n03538406,603,603,0.5748817,1,imagenet_c,defocus_blur,1,none
efficientnet_b4,ILSVRC2012_val_00007260.JPEG,n03538406,603,603,0.57125884,1,imagenet_c,defocus_blur,1,none
efficientnet_b4,ILSVRC2012_val_00010304.JPEG,n03538406,603,690,0.4730111,0,imagenet_c,defocus_blur,1,none
efficientnet_b4,ILSVRC2012_val_00011604.JPEG,n03538406,603,978,0.154937,0,imagenet_c,defocus_blur,1,none
efficientnet_b4,ILSVRC2012_val_00012424.JPEG,n03538406,603,603,0.5109833,1,imagenet_c,defocus_blur,1,none
efficientnet_b4,ILSVRC2012_val_00012792.JPEG,n03538406,603,612,0.09926412,0,imagenet_c,defocus_blur,1,none
efficientnet_b4,ILSVRC2012_val_00013067.JPEG,n03538406,603,603,0.6983579,1,imagenet_c,defocus_blur,1,none
efficientnet_b4,ILSVRC2012_val_00014022.JPEG,n03538406,603,690,0.1915892,0,imagenet_c,defocus_blur,1,none
efficientnet_b4,ILSVRC2012_val_00015420.JPEG,n03538406,603,603,0.5176365,1,imagenet_c,defocus_blur,1,none
efficientnet_b4,ILSVRC2012_val_00016039.JPEG,n03538406,603,603,0.3332888,1,imagenet_c,defocus_blur,1,none
efficientnet_b4,ILSVRC2012_val_00016461.JPEG,n03538406,603,829,0.019713717,0,imagenet_c,defocus_blur,1,none
efficientnet_b4,ILSVRC2012_val_00019986.JPEG,n03538406,603,603,0.5869791,1,imagenet_c,defocus_blur,1,none
efficientnet_b4,ILSVRC2012_val_00022325.JPEG,n03538406,603,603,0.31072626,1,imagenet_c,defocus_blur,1,none
efficientnet_b4,ILSVRC2012_val_00026824.JPEG,n03538406,603,856,0.10666449,0,imagenet_c,defocus_blur,1,none
efficientnet_b4,ILSVRC2012_val_00027414.JPEG,n03538406,603,603,0.3718805,1,imagenet_c,defocus_blur,1,none
efficientnet_b4,ILSVRC2012_val_00028596.JPEG,n03538406,603,354,0.0740956,0,imagenet_c,defocus_blur,1,none
efficientnet_b4,ILSVRC2012_val_00028837.JPEG,n03538406,603,574,0.45446175,0,imagenet_c,defocus_blur,1,none
efficientnet_b4,ILSVRC2012_val_00028983.JPEG,n03538406,603,603,0.50486344,1,imagenet_c,defocus_blur,1,none
efficientnet_b4,ILSVRC2012_val_00032157.JPEG,n03538406,603,603,0.50163764,1,imagenet_c,defocus_blur,1,none
efficientnet_b4,ILSVRC2012_val_00033463.JPEG,n03538406,603,603,0.5331523,1,imagenet_c,defocus_blur,1,none
efficientnet_b4,ILSVRC2012_val_00033806.JPEG,n03538406,603,603,0.51608765,1,imagenet_c,defocus_blur,1,none
efficientnet_b4,ILSVRC2012_val_00033851.JPEG,n03538406,603,603,0.5986005,1,imagenet_c,defocus_blur,1,none
efficientnet_b4,ILSVRC2012_val_00034261.JPEG,n03538406,603,603,0.30771303,1,imagenet_c,defocus_blur,1,none
efficientnet_b4,ILSVRC2012_val_00034813.JPEG,n03538406,603,603,0.14254571,1,imagenet_c,defocus_blur,1,none
efficientnet_b4,ILSVRC2012_val_00034938.JPEG,n03538406,603,603,0.27370656,1,imagenet_c,defocus_blur,1,none
efficientnet_b4,ILSVRC2012_val_00035118.JPEG,n03538406,603,603,0.32237393,1,imagenet_c,defocus_blur,1,none
efficientnet_b4,ILSVRC2012_val_00035344.JPEG,n03538406,603,690,0.14396848,0,imagenet_c,defocus_blur,1,none
efficientnet_b4,ILSVRC2012_val_00036649.JPEG,n03538406,603,603,0.17752396,1,imagenet_c,defocus_blur,1,none
efficientnet_b4,ILSVRC2012_val_00037435.JPEG,n03538406,603,603,0.48961493,1,imagenet_c,defocus_blur,1,none
efficientnet_b4,ILSVRC2012_val_00037877.JPEG,n03538406,603,603,0.41180623,1,imagenet_c,defocus_blur,1,none
efficientnet_b4,ILSVRC2012_val_00038282.JPEG,n03538406,603,603,0.4899434,1,imagenet_c,defocus_blur,1,none
efficientnet_b4,ILSVRC2012_val_00038904.JPEG,n03538406,603,603,0.44747424,1,imagenet_c,defocus_blur,1,none
efficientnet_b4,ILSVRC2012_val_00039586.JPEG,n03538406,603,690,0.33016092,0,imagenet_c,defocus_blur,1,none
efficientnet_b4,ILSVRC2012_val_00040834.JPEG,n03538406,603,603,0.55010635,1,imagenet_c,defocus_blur,1,none
efficientnet_b4,ILSVRC2012_val_00042040.JPEG,n03538406,603,80,0.07290062,0,imagenet_c,defocus_blur,1,none
efficientnet_b4,ILSVRC2012_val_00042767.JPEG,n03538406,603,603,0.3166697,1,imagenet_c,defocus_blur,1,none
efficientnet_b4,ILSVRC2012_val_00044212.JPEG,n03538406,603,603,0.5704357,1,imagenet_c,defocus_blur,1,none
efficientnet_b4,ILSVRC2012_val_00044450.JPEG,n03538406,603,345,0.2234756,0,imagenet_c,defocus_blur,1,none
efficientnet_b4,ILSVRC2012_val_00044735.JPEG,n03538406,603,690,0.1274326,0,imagenet_c,defocus_blur,1,none
efficientnet_b4,ILSVRC2012_val_00045964.JPEG,n03538406,603,603,0.43909058,1,imagenet_c,defocus_blur,1,none
efficientnet_b4,ILSVRC2012_val_00047992.JPEG,n03538406,603,612,0.22590674,0,imagenet_c,defocus_blur,1,none
efficientnet_b4,ILSVRC2012_val_00048753.JPEG,n03538406,603,603,0.7094771,1,imagenet_c,defocus_blur,1,none
efficientnet_b4,ILSVRC2012_val_00049039.JPEG,n03538406,603,603,0.5321528,1,imagenet_c,defocus_blur,1,none
efficientnet_b4,ILSVRC2012_val_00049284.JPEG,n03538406,603,603,0.5835853,1,imagenet_c,defocus_blur,1,none
efficientnet_b4,ILSVRC2012_val_00049729.JPEG,n03538406,603,233,0.1318583,0,imagenet_c,defocus_blur,1,none
efficientnet_b4,ILSVRC2012_val_00001943.JPEG,n03544143,604,604,0.61688036,1,imagenet_c,defocus_blur,1,none
efficientnet_b4,ILSVRC2012_val_00003951.JPEG,n03544143,604,604,0.61937827,1,imagenet_c,defocus_blur,1,none
efficientnet_b4,ILSVRC2012_val_00003986.JPEG,n03544143,604,604,0.49574757,1,imagenet_c,defocus_blur,1,none
efficientnet_b4,ILSVRC2012_val_00004082.JPEG,n03544143,604,604,0.6713474,1,imagenet_c,defocus_blur,1,none
efficientnet_b4,ILSVRC2012_val_00004729.JPEG,n03544143,604,604,0.74931335,1,imagenet_c,defocus_blur,1,none
efficientnet_b4,ILSVRC2012_val_00006119.JPEG,n03544143,604,604,0.7103009,1,imagenet_c,defocus_blur,1,none
efficientnet_b4,ILSVRC2012_val_00006241.JPEG,n03544143,604,604,0.6437844,1,imagenet_c,defocus_blur,1,none
efficientnet_b4,ILSVRC2012_val_00007213.JPEG,n03544143,604,604,0.65395755,1,imagenet_c,defocus_blur,1,none
efficientnet_b4,ILSVRC2012_val_00007277.JPEG,n03544143,604,604,0.74479246,1,imagenet_c,defocus_blur,1,none
efficientnet_b4,ILSVRC2012_val_00007716.JPEG,n03544143,604,604,0.65475947,1,imagenet_c,defocus_blur,1,none
efficientnet_b4,ILSVRC2012_val_00009298.JPEG,n03544143,604,604,0.6401574,1,imagenet_c,defocus_blur,1,none
efficientnet_b4,ILSVRC2012_val_00010178.JPEG,n03544143,604,604,0.7328019,1,imagenet_c,defocus_blur,1,none
efficientnet_b4,ILSVRC2012_val_00011019.JPEG,n03544143,604,604,0.5795525,1,imagenet_c,defocus_blur,1,none
efficientnet_b4,ILSVRC2012_val_00011815.JPEG,n03544143,604,604,0.8642384,1,imagenet_c,defocus_blur,1,none
efficientnet_b4,ILSVRC2012_val_00014244.JPEG,n03544143,604,604,0.50926214,1,imagenet_c,defocus_blur,1,none
efficientnet_b4,ILSVRC2012_val_00017010.JPEG,n03544143,604,604,0.7473827,1,imagenet_c,defocus_blur,1,none
efficientnet_b4,ILSVRC2012_val_00017698.JPEG,n03544143,604,604,0.49924898,1,imagenet_c,defocus_blur,1,none
efficientnet_b4,ILSVRC2012_val_00018841.JPEG,n03544143,604,604,0.63751113,1,imagenet_c,defocus_blur,1,none
efficientnet_b4,ILSVRC2012_val_00019475.JPEG,n03544143,604,604,0.6918136,1,imagenet_c,defocus_blur,1,none
efficientnet_b4,ILSVRC2012_val_00020504.JPEG,n03544143,604,604,0.6552787,1,imagenet_c,defocus_blur,1,none
efficientnet_b4,ILSVRC2012_val_00020724.JPEG,n03544143,604,604,0.6882323,1,imagenet_c,defocus_blur,1,none
efficientnet_b4,ILSVRC2012_val_00021537.JPEG,n03544143,604,604,0.7969378,1,imagenet_c,defocus_blur,1,none
efficientnet_b4,ILSVRC2012_val_00021737.JPEG,n03544143,604,604,0.5561305,1,imagenet_c,defocus_blur,1,none
efficientnet_b4,ILSVRC2012_val_00022005.JPEG,n03544143,604,604,0.5586573,1,imagenet_c,defocus_blur,1,none
efficientnet_b4,ILSVRC2012_val_00023504.JPEG,n03544143,604,604,0.72681385,1,imagenet_c,defocus_blur,1,none
efficientnet_b4,ILSVRC2012_val_00023967.JPEG,n03544143,604,604,0.6521626,1,imagenet_c,defocus_blur,1,none
efficientnet_b4,ILSVRC2012_val_00024013.JPEG,n03544143,604,604,0.5188366,1,imagenet_c,defocus_blur,1,none
efficientnet_b4,ILSVRC2012_val_00024035.JPEG,n03544143,604,604,0.6644526,1,imagenet_c,defocus_blur,1,none
efficientnet_b4,ILSVRC2012_val_00024456.JPEG,n03544143,604,604,0.68426144,1,imagenet_c,defocus_blur,1,none
efficientnet_b4,ILSVRC2012_val_00026373.JPEG,n03544143,604,641,0.10605755,0,imagenet_c,defocus_blur,1,none
efficientnet_b4,ILSVRC2012_val_00029896.JPEG,n03544143,604,604,0.671327,1,imagenet_c,defocus_blur,1,none
efficientnet_b4,ILSVRC2012_val_00032075.JPEG,n03544143,604,604,0.64619184,1,imagenet_c,defocus_blur,1,none
efficientnet_b4,ILSVRC2012_val_00032932.JPEG,n03544143,604,604,0.6873427,1,imagenet_c,defocus_blur,1,none
efficientnet_b4,ILSVRC2012_val_00033133.JPEG,n03544143,604,604,0.7130307,1,imagenet_c,defocus_blur,1,none
efficientnet_b4,ILSVRC2012_val_00033351.JPEG,n03544143,604,604,0.81152135,1,imagenet_c,defocus_blur,1,none
efficientnet_b4,ILSVRC2012_val_00033846.JPEG,n03544143,604,604,0.633822,1,imagenet_c,defocus_blur,1,none
efficientnet_b4,ILSVRC2012_val_00034522.JPEG,n03544143,604,604,0.7254623,1,imagenet_c,defocus_blur,1,none
efficientnet_b4,ILSVRC2012_val_00035185.JPEG,n03544143,604,604,0.62490076,1,imagenet_c,defocus_blur,1,none
efficientnet_b4,ILSVRC2012_val_00036098.JPEG,n03544143,604,604,0.6723738,1,imagenet_c,defocus_blur,1,none
efficientnet_b4,ILSVRC2012_val_00036746.JPEG,n03544143,604,845,0.324175,0,imagenet_c,defocus_blur,1,none
efficientnet_b4,ILSVRC2012_val_00037954.JPEG,n03544143,604,604,0.51728255,1,imagenet_c,defocus_blur,1,none
efficientnet_b4,ILSVRC2012_val_00043070.JPEG,n03544143,604,604,0.65251887,1,imagenet_c,defocus_blur,1,none
efficientnet_b4,ILSVRC2012_val_00044178.JPEG,n03544143,604,604,0.7520974,1,imagenet_c,defocus_blur,1,none
efficientnet_b4,ILSVRC2012_val_00044939.JPEG,n03544143,604,604,0.61713684,1,imagenet_c,defocus_blur,1,none
efficientnet_b4,ILSVRC2012_val_00047986.JPEG,n03544143,604,604,0.68575644,1,imagenet_c,defocus_blur,1,none
efficientnet_b4,ILSVRC2012_val_00048109.JPEG,n03544143,604,604,0.75594485,1,imagenet_c,defocus_blur,1,none
efficientnet_b4,ILSVRC2012_val_00048563.JPEG,n03544143,604,604,0.721572,1,imagenet_c,defocus_blur,1,none
efficientnet_b4,ILSVRC2012_val_00048860.JPEG,n03544143,604,604,0.6377485,1,imagenet_c,defocus_blur,1,none
efficientnet_b4,ILSVRC2012_val_00048935.JPEG,n03544143,604,604,0.63334465,1,imagenet_c,defocus_blur,1,none
efficientnet_b4,ILSVRC2012_val_00049292.JPEG,n03544143,604,604,0.6205684,1,imagenet_c,defocus_blur,1,none
efficientnet_b4,ILSVRC2012_val_00000647.JPEG,n03584254,605,632,0.22358584,0,imagenet_c,defocus_blur,1,none
efficientnet_b4,ILSVRC2012_val_00001831.JPEG,n03584254,605,605,0.46477702,1,imagenet_c,defocus_blur,1,none
efficientnet_b4,ILSVRC2012_val_00002344.JPEG,n03584254,605,605,0.1581889,1,imagenet_c,defocus_blur,1,none
efficientnet_b4,ILSVRC2012_val_00002833.JPEG,n03584254,605,605,0.42033175,1,imagenet_c,defocus_blur,1,none
efficientnet_b4,ILSVRC2012_val_00003244.JPEG,n03584254,605,844,0.12708397,0,imagenet_c,defocus_blur,1,none
efficientnet_b4,ILSVRC2012_val_00003300.JPEG,n03584254,605,605,0.5271764,1,imagenet_c,defocus_blur,1,none
efficientnet_b4,ILSVRC2012_val_00003673.JPEG,n03584254,605,605,0.256604,1,imagenet_c,defocus_blur,1,none
efficientnet_b4,ILSVRC2012_val_00005096.JPEG,n03584254,605,605,0.44193465,1,imagenet_c,defocus_blur,1,none
efficientnet_b4,ILSVRC2012_val_00006568.JPEG,n03584254,605,605,0.49584633,1,imagenet_c,defocus_blur,1,none
efficientnet_b4,ILSVRC2012_val_00009609.JPEG,n03584254,605,530,0.37728998,0,imagenet_c,defocus_blur,1,none
efficientnet_b4,ILSVRC2012_val_00010685.JPEG,n03584254,605,605,0.35829657,1,imagenet_c,defocus_blur,1,none
efficientnet_b4,ILSVRC2012_val_00013719.JPEG,n03584254,605,605,0.37481812,1,imagenet_c,defocus_blur,1,none
efficientnet_b4,ILSVRC2012_val_00014368.JPEG,n03584254,605,487,0.18145779,0,imagenet_c,defocus_blur,1,none
efficientnet_b4,ILSVRC2012_val_00014592.JPEG,n03584254,605,605,0.24225457,1,imagenet_c,defocus_blur,1,none
efficientnet_b4,ILSVRC2012_val_00016384.JPEG,n03584254,605,605,0.5732439,1,imagenet_c,defocus_blur,1,none
efficientnet_b4,ILSVRC2012_val_00016434.JPEG,n03584254,605,605,0.64910173,1,imagenet_c,defocus_blur,1,none
efficientnet_b4,ILSVRC2012_val_00017108.JPEG,n03584254,605,605,0.4350465,1,imagenet_c,defocus_blur,1,none
efficientnet_b4,ILSVRC2012_val_00017141.JPEG,n03584254,605,605,0.7059385,1,imagenet_c,defocus_blur,1,none
efficientnet_b4,ILSVRC2012_val_00021026.JPEG,n03584254,605,813,0.028612297,0,imagenet_c,defocus_blur,1,none
efficientnet_b4,ILSVRC2012_val_00021096.JPEG,n03584254,605,605,0.6293315,1,imagenet_c,defocus_blur,1,none
efficientnet_b4,ILSVRC2012_val_00021482.JPEG,n03584254,605,605,0.6102664,1,imagenet_c,defocus_blur,1,none
efficientnet_b4,ILSVRC2012_val_00021749.JPEG,n03584254,605,605,0.41195807,1,imagenet_c,defocus_blur,1,none
efficientnet_b4,ILSVRC2012_val_00022219.JPEG,n03584254,605,605,0.27777308,1,imagenet_c,defocus_blur,1,none
efficientnet_b4,ILSVRC2012_val_00022961.JPEG,n03584254,605,605,0.45962104,1,imagenet_c,defocus_blur,1,none
efficientnet_b4,ILSVRC2012_val_00024796.JPEG,n03584254,605,605,0.46574858,1,imagenet_c,defocus_blur,1,none
efficientnet_b4,ILSVRC2012_val_00026160.JPEG,n03584254,605,784,0.029609242,0,imagenet_c,defocus_blur,1,none
efficientnet_b4,ILSVRC2012_val_00027569.JPEG,n03584254,605,605,0.5380128,1,imagenet_c,defocus_blur,1,none
efficientnet_b4,ILSVRC2012_val_00028974.JPEG,n03584254,605,605,0.6594882,1,imagenet_c,defocus_blur,1,none
efficientnet_b4,ILSVRC2012_val_00030161.JPEG,n03584254,605,605,0.4235028,1,imagenet_c,defocus_blur,1,none
efficientnet_b4,ILSVRC2012_val_00030348.JPEG,n03584254,605,620,0.11612441,0,imagenet_c,defocus_blur,1,none
efficientnet_b4,ILSVRC2012_val_00031376.JPEG,n03584254,605,605,0.35552472,1,imagenet_c,defocus_blur,1,none
efficientnet_b4,ILSVRC2012_val_00037190.JPEG,n03584254,605,605,0.65883744,1,imagenet_c,defocus_blur,1,none
efficientnet_b4,ILSVRC2012_val_00037266.JPEG,n03584254,605,605,0.40393513,1,imagenet_c,defocus_blur,1,none
efficientnet_b4,ILSVRC2012_val_00037385.JPEG,n03584254,605,605,0.28940445,1,imagenet_c,defocus_blur,1,none
efficientnet_b4,ILSVRC2012_val_00037802.JPEG,n03584254,605,605,0.67674625,1,imagenet_c,defocus_blur,1,none
efficientnet_b4,ILSVRC2012_val_00039654.JPEG,n03584254,605,605,0.42256698,1,imagenet_c,defocus_blur,1,none
efficientnet_b4,ILSVRC2012_val_00039747.JPEG,n03584254,605,605,0.2413469,1,imagenet_c,defocus_blur,1,none
efficientnet_b4,ILSVRC2012_val_00039821.JPEG,n03584254,605,481,0.32018825,0,imagenet_c,defocus_blur,1,none
efficientnet_b4,ILSVRC2012_val_00040602.JPEG,n03584254,605,605,0.46319717,1,imagenet_c,defocus_blur,1,none
efficientnet_b4,ILSVRC2012_val_00041044.JPEG,n03584254,605,761,0.09615457,0,imagenet_c,defocus_blur,1,none
efficientnet_b4,ILSVRC2012_val_00043698.JPEG,n03584254,605,632,0.47953087,0,imagenet_c,defocus_blur,1,none
efficientnet_b4,ILSVRC2012_val_00043848.JPEG,n03584254,605,605,0.5977844,1,imagenet_c,defocus_blur,1,none
efficientnet_b4,ILSVRC2012_val_00044047.JPEG,n03584254,605,605,0.43056798,1,imagenet_c,defocus_blur,1,none
efficientnet_b4,ILSVRC2012_val_00044520.JPEG,n03584254,605,605,0.6657675,1,imagenet_c,defocus_blur,1,none
efficientnet_b4,ILSVRC2012_val_00044784.JPEG,n03584254,605,605,0.48595434,1,imagenet_c,defocus_blur,1,none
efficientnet_b4,ILSVRC2012_val_00044865.JPEG,n03584254,605,605,0.64138246,1,imagenet_c,defocus_blur,1,none
efficientnet_b4,ILSVRC2012_val_00045131.JPEG,n03584254,605,605,0.61784154,1,imagenet_c,defocus_blur,1,none
efficientnet_b4,ILSVRC2012_val_00045699.JPEG,n03584254,605,605,0.54179937,1,imagenet_c,defocus_blur,1,none
efficientnet_b4,ILSVRC2012_val_00048014.JPEG,n03584254,605,605,0.24309687,1,imagenet_c,defocus_blur,1,none
efficientnet_b4,ILSVRC2012_val_00048390.JPEG,n03584254,605,473,0.1382009,0,imagenet_c,defocus_blur,1,none
efficientnet_b4,ILSVRC2012_val_00000208.JPEG,n03584829,606,606,0.95648384,1,imagenet_c,defocus_blur,1,none
efficientnet_b4,ILSVRC2012_val_00000451.JPEG,n03584829,606,606,0.2517406,1,imagenet_c,defocus_blur,1,none
efficientnet_b4,ILSVRC2012_val_00000910.JPEG,n03584829,606,606,0.823273,1,imagenet_c,defocus_blur,1,none
efficientnet_b4,ILSVRC2012_val_00001139.JPEG,n03584829,606,606,0.5842163,1,imagenet_c,defocus_blur,1,none
efficientnet_b4,ILSVRC2012_val_00004286.JPEG,n03584829,606,606,0.22543986,1,imagenet_c,defocus_blur,1,none
efficientnet_b4,ILSVRC2012_val_00005063.JPEG,n03584829,606,606,0.6584574,1,imagenet_c,defocus_blur,1,none
efficientnet_b4,ILSVRC2012_val_00006813.JPEG,n03584829,606,606,0.5135663,1,imagenet_c,defocus_blur,1,none
efficientnet_b4,ILSVRC2012_val_00007158.JPEG,n03584829,606,739,0.2941193,0,imagenet_c,defocus_blur,1,none
efficientnet_b4,ILSVRC2012_val_00008489.JPEG,n03584829,606,606,0.51865137,1,imagenet_c,defocus_blur,1,none
efficientnet_b4,ILSVRC2012_val_00008710.JPEG,n03584829,606,606,0.64101166,1,imagenet_c,defocus_blur,1,none
efficientnet_b4,ILSVRC2012_val_00009366.JPEG,n03584829,606,606,0.6661599,1,imagenet_c,defocus_blur,1,none
efficientnet_b4,ILSVRC2012_val_00009455.JPEG,n03584829,606,606,0.65150905,1,imagenet_c,defocus_blur,1,none
efficientnet_b4,ILSVRC2012_val_00009661.JPEG,n03584829,606,596,0.35426494,0,imagenet_c,defocus_blur,1,none
efficientnet_b4,ILSVRC2012_val_00009696.JPEG,n03584829,606,606,0.436112,1,imagenet_c,defocus_blur,1,none
efficientnet_b4,ILSVRC2012_val_00009834.JPEG,n03584829,606,606,0.6059599,1,imagenet_c,defocus_blur,1,none
efficientnet_b4,ILSVRC2012_val_00010216.JPEG,n03584829,606,606,0.60644215,1,imagenet_c,defocus_blur,1,none
efficientnet_b4,ILSVRC2012_val_00012032.JPEG,n03584829,606,606,0.5417365,1,imagenet_c,defocus_blur,1,none
efficientnet_b4,ILSVRC2012_val_00012514.JPEG,n03584829,606,606,0.5380007,1,imagenet_c,defocus_blur,1,none
efficientnet_b4,ILSVRC2012_val_00012641.JPEG,n03584829,606,739,0.038474932,0,imagenet_c,defocus_blur,1,none
efficientnet_b4,ILSVRC2012_val_00015812.JPEG,n03584829,606,606,0.4686234,1,imagenet_c,defocus_blur,1,none
efficientnet_b4,ILSVRC2012_val_00016286.JPEG,n03584829,606,606,0.1266806,1,imagenet_c,defocus_blur,1,none
efficientnet_b4,ILSVRC2012_val_00017587.JPEG,n03584829,606,606,0.5228989,1,imagenet_c,defocus_blur,1,none
efficientnet_b4,ILSVRC2012_val_00017604.JPEG,n03584829,606,606,0.55698913,1,imagenet_c,defocus_blur,1,none
efficientnet_b4,ILSVRC2012_val_00018010.JPEG,n03584829,606,606,0.70831007,1,imagenet_c,defocus_blur,1,none
efficientnet_b4,ILSVRC2012_val_00019167.JPEG,n03584829,606,606,0.5932426,1,imagenet_c,defocus_blur,1,none
efficientnet_b4,ILSVRC2012_val_00019833.JPEG,n03584829,606,606,0.6602502,1,imagenet_c,defocus_blur,1,none
efficientnet_b4,ILSVRC2012_val_00019902.JPEG,n03584829,606,606,0.6408556,1,imagenet_c,defocus_blur,1,none
efficientnet_b4,ILSVRC2012_val_00022284.JPEG,n03584829,606,606,0.7020829,1,imagenet_c,defocus_blur,1,none
efficientnet_b4,ILSVRC2012_val_00023723.JPEG,n03584829,606,606,0.5817247,1,imagenet_c,defocus_blur,1,none
efficientnet_b4,ILSVRC2012_val_00025030.JPEG,n03584829,606,606,0.58809257,1,imagenet_c,defocus_blur,1,none
efficientnet_b4,ILSVRC2012_val_00025935.JPEG,n03584829,606,702,0.12060557,0,imagenet_c,defocus_blur,1,none
efficientnet_b4,ILSVRC2012_val_00026533.JPEG,n03584829,606,606,0.64814675,1,imagenet_c,defocus_blur,1,none
efficientnet_b4,ILSVRC2012_val_00029840.JPEG,n03584829,606,606,0.5047826,1,imagenet_c,defocus_blur,1,none
efficientnet_b4,ILSVRC2012_val_00030639.JPEG,n03584829,606,606,0.680086,1,imagenet_c,defocus_blur,1,none
efficientnet_b4,ILSVRC2012_val_00031726.JPEG,n03584829,606,606,0.62921506,1,imagenet_c,defocus_blur,1,none
efficientnet_b4,ILSVRC2012_val_00034648.JPEG,n03584829,606,606,0.63203055,1,imagenet_c,defocus_blur,1,none
efficientnet_b4,ILSVRC2012_val_00037566.JPEG,n03584829,606,606,0.36479008,1,imagenet_c,defocus_blur,1,none
efficientnet_b4,ILSVRC2012_val_00037977.JPEG,n03584829,606,747,0.07293224,0,imagenet_c,defocus_blur,1,none
efficientnet_b4,ILSVRC2012_val_00041067.JPEG,n03584829,606,606,0.6094739,1,imagenet_c,defocus_blur,1,none
efficientnet_b4,ILSVRC2012_val_00041463.JPEG,n03584829,606,606,0.61448145,1,imagenet_c,defocus_blur,1,none
efficientnet_b4,ILSVRC2012_val_00042592.JPEG,n03584829,606,606,0.6005447,1,imagenet_c,defocus_blur,1,none
efficientnet_b4,ILSVRC2012_val_00042861.JPEG,n03584829,606,606,0.6272033,1,imagenet_c,defocus_blur,1,none
efficientnet_b4,ILSVRC2012_val_00043436.JPEG,n03584829,606,606,0.6240212,1,imagenet_c,defocus_blur,1,none
efficientnet_b4,ILSVRC2012_val_00044167.JPEG,n03584829,606,606,0.84805393,1,imagenet_c,defocus_blur,1,none
efficientnet_b4,ILSVRC2012_val_00044371.JPEG,n03584829,606,453,0.11750233,0,imagenet_c,defocus_blur,1,none
efficientnet_b4,ILSVRC2012_val_00045138.JPEG,n03584829,606,606,0.6836574,1,imagenet_c,defocus_blur,1,none
efficientnet_b4,ILSVRC2012_val_00047027.JPEG,n03584829,606,606,0.61558306,1,imagenet_c,defocus_blur,1,none
efficientnet_b4,ILSVRC2012_val_00047091.JPEG,n03584829,606,606,0.5810646,1,imagenet_c,defocus_blur,1,none
efficientnet_b4,ILSVRC2012_val_00047570.JPEG,n03584829,606,606,0.3969916,1,imagenet_c,defocus_blur,1,none
efficientnet_b4,ILSVRC2012_val_00049140.JPEG,n03584829,606,526,0.058783494,0,imagenet_c,defocus_blur,1,none
efficientnet_b4,ILSVRC2012_val_00000308.JPEG,n03590841,607,607,0.6156341,1,imagenet_c,defocus_blur,1,none
efficientnet_b4,ILSVRC2012_val_00000505.JPEG,n03590841,607,607,0.4549893,1,imagenet_c,defocus_blur,1,none
efficientnet_b4,ILSVRC2012_val_00001707.JPEG,n03590841,607,607,0.5914532,1,imagenet_c,defocus_blur,1,none
efficientnet_b4,ILSVRC2012_val_00002224.JPEG,n03590841,607,607,0.68280214,1,imagenet_c,defocus_blur,1,none
efficientnet_b4,ILSVRC2012_val_00003206.JPEG,n03590841,607,607,0.62218446,1,imagenet_c,defocus_blur,1,none
efficientnet_b4,ILSVRC2012_val_00003424.JPEG,n03590841,607,607,0.6643729,1,imagenet_c,defocus_blur,1,none
efficientnet_b4,ILSVRC2012_val_00003913.JPEG,n03590841,607,607,0.38450137,1,imagenet_c,defocus_blur,1,none
efficientnet_b4,ILSVRC2012_val_00004181.JPEG,n03590841,607,607,0.58603835,1,imagenet_c,defocus_blur,1,none
efficientnet_b4,ILSVRC2012_val_00006340.JPEG,n03590841,607,607,0.5539083,1,imagenet_c,defocus_blur,1,none
efficientnet_b4,ILSVRC2012_val_00006873.JPEG,n03590841,607,607,0.39749098,1,imagenet_c,defocus_blur,1,none
efficientnet_b4,ILSVRC2012_val_00008067.JPEG,n03590841,607,607,0.6484226,1,imagenet_c,defocus_blur,1,none
efficientnet_b4,ILSVRC2012_val_00008702.JPEG,n03590841,607,607,0.59972143,1,imagenet_c,defocus_blur,1,none
efficientnet_b4,ILSVRC2012_val_00009122.JPEG,n03590841,607,607,0.5706652,1,imagenet_c,defocus_blur,1,none
efficientnet_b4,ILSVRC2012_val_00009971.JPEG,n03590841,607,607,0.57744575,1,imagenet_c,defocus_blur,1,none
efficientnet_b4,ILSVRC2012_val_00010235.JPEG,n03590841,607,607,0.7126673,1,imagenet_c,defocus_blur,1,none
efficientnet_b4,ILSVRC2012_val_00011740.JPEG,n03590841,607,607,0.6704611,1,imagenet_c,defocus_blur,1,none
efficientnet_b4,ILSVRC2012_val_00013384.JPEG,n03590841,607,607,0.67687535,1,imagenet_c,defocus_blur,1,none
efficientnet_b4,ILSVRC2012_val_00015791.JPEG,n03590841,607,607,0.5451052,1,imagenet_c,defocus_blur,1,none
efficientnet_b4,ILSVRC2012_val_00018651.JPEG,n03590841,607,607,0.76228356,1,imagenet_c,defocus_blur,1,none
efficientnet_b4,ILSVRC2012_val_00019804.JPEG,n03590841,607,607,0.7809162,1,imagenet_c,defocus_blur,1,none
efficientnet_b4,ILSVRC2012_val_00020663.JPEG,n03590841,607,607,0.59478843,1,imagenet_c,defocus_blur,1,none
efficientnet_b4,ILSVRC2012_val_00021722.JPEG,n03590841,607,607,0.6547542,1,imagenet_c,defocus_blur,1,none
efficientnet_b4,ILSVRC2012_val_00023817.JPEG,n03590841,607,607,0.61310166,1,imagenet_c,defocus_blur,1,none
efficientnet_b4,ILSVRC2012_val_00024022.JPEG,n03590841,607,607,0.6439328,1,imagenet_c,defocus_blur,1,none
efficientnet_b4,ILSVRC2012_val_00024358.JPEG,n03590841,607,607,0.60802513,1,imagenet_c,defocus_blur,1,none
efficientnet_b4,ILSVRC2012_val_00024943.JPEG,n03590841,607,607,0.68574154,1,imagenet_c,defocus_blur,1,none
efficientnet_b4,ILSVRC2012_val_00025016.JPEG,n03590841,607,607,0.55065054,1,imagenet_c,defocus_blur,1,none
efficientnet_b4,ILSVRC2012_val_00026220.JPEG,n03590841,607,607,0.2839148,1,imagenet_c,defocus_blur,1,none
efficientnet_b4,ILSVRC2012_val_00026424.JPEG,n03590841,607,607,0.59517395,1,imagenet_c,defocus_blur,1,none
efficientnet_b4,ILSVRC2012_val_00027638.JPEG,n03590841,607,607,0.40127376,1,imagenet_c,defocus_blur,1,none
efficientnet_b4,ILSVRC2012_val_00028060.JPEG,n03590841,607,607,0.578343,1,imagenet_c,defocus_blur,1,none
efficientnet_b4,ILSVRC2012_val_00028412.JPEG,n03590841,607,607,0.67212343,1,imagenet_c,defocus_blur,1,none
efficientnet_b4,ILSVRC2012_val_00029567.JPEG,n03590841,607,607,0.59110355,1,imagenet_c,defocus_blur,1,none
efficientnet_b4,ILSVRC2012_val_00030566.JPEG,n03590841,607,607,0.6835661,1,imagenet_c,defocus_blur,1,none
efficientnet_b4,ILSVRC2012_val_00030955.JPEG,n03590841,607,607,0.59507203,1,imagenet_c,defocus_blur,1,none
efficientnet_b4,ILSVRC2012_val_00032642.JPEG,n03590841,607,607,0.42226166,1,imagenet_c,defocus_blur,1,none
efficientnet_b4,ILSVRC2012_val_00035072.JPEG,n03590841,607,607,0.6468363,1,imagenet_c,defocus_blur,1,none
efficientnet_b4,ILSVRC2012_val_00037793.JPEG,n03590841,607,607,0.53219473,1,imagenet_c,defocus_blur,1,none
efficientnet_b4,ILSVRC2012_val_00038039.JPEG,n03590841,607,607,0.51160693,1,imagenet_c,defocus_blur,1,none
efficientnet_b4,ILSVRC2012_val_00039036.JPEG,n03590841,607,607,0.4532957,1,imagenet_c,defocus_blur,1,none
efficientnet_b4,ILSVRC2012_val_00039391.JPEG,n03590841,607,607,0.54606485,1,imagenet_c,defocus_blur,1,none
efficientnet_b4,ILSVRC2012_val_00042467.JPEG,n03590841,607,607,0.5466826,1,imagenet_c,defocus_blur,1,none
efficientnet_b4,ILSVRC2012_val_00042696.JPEG,n03590841,607,538,0.17922536,0,imagenet_c,defocus_blur,1,none
efficientnet_b4,ILSVRC2012_val_00042913.JPEG,n03590841,607,607,0.6550934,1,imagenet_c,defocus_blur,1,none
efficientnet_b4,ILSVRC2012_val_00043321.JPEG,n03590841,607,607,0.5557363,1,imagenet_c,defocus_blur,1,none
efficientnet_b4,ILSVRC2012_val_00044417.JPEG,n03590841,607,607,0.4841036,1,imagenet_c,defocus_blur,1,none
efficientnet_b4,ILSVRC2012_val_00047113.JPEG,n03590841,607,607,0.5429883,1,imagenet_c,defocus_blur,1,none
efficientnet_b4,ILSVRC2012_val_00047701.JPEG,n03590841,607,607,0.583825,1,imagenet_c,defocus_blur,1,none
efficientnet_b4,ILSVRC2012_val_00048461.JPEG,n03590841,607,607,0.6586603,1,imagenet_c,defocus_blur,1,none
efficientnet_b4,ILSVRC2012_val_00049322.JPEG,n03590841,607,607,0.5680654,1,imagenet_c,defocus_blur,1,none
efficientnet_b4,ILSVRC2012_val_00000110.JPEG,n03594734,608,660,0.2209412,0,imagenet_c,defocus_blur,1,none
efficientnet_b4,ILSVRC2012_val_00000734.JPEG,n03594734,608,608,0.36565307,1,imagenet_c,defocus_blur,1,none
efficientnet_b4,ILSVRC2012_val_00002453.JPEG,n03594734,608,608,0.06574826,1,imagenet_c,defocus_blur,1,none
efficientnet_b4,ILSVRC2012_val_00003506.JPEG,n03594734,608,608,0.62250406,1,imagenet_c,defocus_blur,1,none
efficientnet_b4,ILSVRC2012_val_00003595.JPEG,n03594734,608,608,0.60568005,1,imagenet_c,defocus_blur,1,none
efficientnet_b4,ILSVRC2012_val_00005849.JPEG,n03594734,608,608,0.59780425,1,imagenet_c,defocus_blur,1,none
efficientnet_b4,ILSVRC2012_val_00006004.JPEG,n03594734,608,608,0.7217024,1,imagenet_c,defocus_blur,1,none
efficientnet_b4,ILSVRC2012_val_00008023.JPEG,n03594734,608,824,0.3033328,0,imagenet_c,defocus_blur,1,none
efficientnet_b4,ILSVRC2012_val_00008414.JPEG,n03594734,608,608,0.6193226,1,imagenet_c,defocus_blur,1,none
efficientnet_b4,ILSVRC2012_val_00009959.JPEG,n03594734,608,608,0.5212957,1,imagenet_c,defocus_blur,1,none
efficientnet_b4,ILSVRC2012_val_00013027.JPEG,n03594734,608,735,0.07182424,0,imagenet_c,defocus_blur,1,none
efficientnet_b4,ILSVRC2012_val_00013960.JPEG,n03594734,608,608,0.03186273,1,imagenet_c,defocus_blur,1,none
efficientnet_b4,ILSVRC2012_val_00014493.JPEG,n03594734,608,941,0.10692904,0,imagenet_c,defocus_blur,1,none
efficientnet_b4,ILSVRC2012_val_00014986.JPEG,n03594734,608,608,0.683616,1,imagenet_c,defocus_blur,1,none
efficientnet_b4,ILSVRC2012_val_00016615.JPEG,n03594734,608,608,0.69006246,1,imagenet_c,defocus_blur,1,none
efficientnet_b4,ILSVRC2012_val_00017093.JPEG,n03594734,608,608,0.73431426,1,imagenet_c,defocus_blur,1,none
efficientnet_b4,ILSVRC2012_val_00018733.JPEG,n03594734,608,608,0.572729,1,imagenet_c,defocus_blur,1,none
efficientnet_b4,ILSVRC2012_val_00018745.JPEG,n03594734,608,608,0.2570658,1,imagenet_c,defocus_blur,1,none
efficientnet_b4,ILSVRC2012_val_00018771.JPEG,n03594734,608,608,0.4912147,1,imagenet_c,defocus_blur,1,none
efficientnet_b4,ILSVRC2012_val_00019687.JPEG,n03594734,608,76,0.198756,0,imagenet_c,defocus_blur,1,none
efficientnet_b4,ILSVRC2012_val_00021119.JPEG,n03594734,608,608,0.64311546,1,imagenet_c,defocus_blur,1,none
efficientnet_b4,ILSVRC2012_val_00023880.JPEG,n03594734,608,741,0.045975056,0,imagenet_c,defocus_blur,1,none
efficientnet_b4,ILSVRC2012_val_00024322.JPEG,n03594734,608,608,0.57725143,1,imagenet_c,defocus_blur,1,none
efficientnet_b4,ILSVRC2012_val_00024452.JPEG,n03594734,608,870,0.2953646,0,imagenet_c,defocus_blur,1,none
efficientnet_b4,ILSVRC2012_val_00025579.JPEG,n03594734,608,608,0.6166523,1,imagenet_c,defocus_blur,1,none
efficientnet_b4,ILSVRC2012_val_00028247.JPEG,n03594734,608,608,0.65806186,1,imagenet_c,defocus_blur,1,none
efficientnet_b4,ILSVRC2012_val_00028663.JPEG,n03594734,608,880,0.054284107,0,imagenet_c,defocus_blur,1,none
efficientnet_b4,ILSVRC2012_val_00030015.JPEG,n03594734,608,608,0.40290427,1,imagenet_c,defocus_blur,1,none
efficientnet_b4,ILSVRC2012_val_00031738.JPEG,n03594734,608,470,0.23024388,0,imagenet_c,defocus_blur,1,none
efficientnet_b4,ILSVRC2012_val_00032071.JPEG,n03594734,608,842,0.38577604,0,imagenet_c,defocus_blur,1,none
efficientnet_b4,ILSVRC2012_val_00032573.JPEG,n03594734,608,608,0.60528696,1,imagenet_c,defocus_blur,1,none
efficientnet_b4,ILSVRC2012_val_00032759.JPEG,n03594734,608,608,0.5739481,1,imagenet_c,defocus_blur,1,none
efficientnet_b4,ILSVRC2012_val_00032954.JPEG,n03594734,608,608,0.5357774,1,imagenet_c,defocus_blur,1,none
efficientnet_b4,ILSVRC2012_val_00037472.JPEG,n03594734,608,862,0.06397943,0,imagenet_c,defocus_blur,1,none
efficientnet_b4,ILSVRC2012_val_00037639.JPEG,n03594734,608,608,0.63558567,1,imagenet_c,defocus_blur,1,none
efficientnet_b4,ILSVRC2012_val_00037837.JPEG,n03594734,608,608,0.4017229,1,imagenet_c,defocus_blur,1,none
efficientnet_b4,ILSVRC2012_val_00039172.JPEG,n03594734,608,529,0.3028755,0,imagenet_c,defocus_blur,1,none
efficientnet_b4,ILSVRC2012_val_00039574.JPEG,n03594734,608,168,0.13515835,0,imagenet_c,defocus_blur,1,none
efficientnet_b4,ILSVRC2012_val_00039955.JPEG,n03594734,608,770,0.15971436,0,imagenet_c,defocus_blur,1,none
efficientnet_b4,ILSVRC2012_val_00041203.JPEG,n03594734,608,529,0.034996662,0,imagenet_c,defocus_blur,1,none
efficientnet_b4,ILSVRC2012_val_00042356.JPEG,n03594734,608,515,0.17342746,0,imagenet_c,defocus_blur,1,none
efficientnet_b4,ILSVRC2012_val_00043905.JPEG,n03594734,608,608,0.1949236,1,imagenet_c,defocus_blur,1,none
efficientnet_b4,ILSVRC2012_val_00044132.JPEG,n03594734,608,608,0.6761462,1,imagenet_c,defocus_blur,1,none
efficientnet_b4,ILSVRC2012_val_00045055.JPEG,n03594734,608,419,0.14145583,0,imagenet_c,defocus_blur,1,none
efficientnet_b4,ILSVRC2012_val_00045258.JPEG,n03594734,608,608,0.56647646,1,imagenet_c,defocus_blur,1,none
efficientnet_b4,ILSVRC2012_val_00045325.JPEG,n03594734,608,568,0.054850526,0,imagenet_c,defocus_blur,1,none
efficientnet_b4,ILSVRC2012_val_00045877.JPEG,n03594734,608,608,0.045129385,1,imagenet_c,defocus_blur,1,none
efficientnet_b4,ILSVRC2012_val_00047544.JPEG,n03594734,608,634,0.117427066,0,imagenet_c,defocus_blur,1,none
efficientnet_b4,ILSVRC2012_val_00048648.JPEG,n03594734,608,608,0.65130746,1,imagenet_c,defocus_blur,1,none
efficientnet_b4,ILSVRC2012_val_00048785.JPEG,n03594734,608,608,0.64763945,1,imagenet_c,defocus_blur,1,none
efficientnet_b4,ILSVRC2012_val_00000659.JPEG,n03594945,609,978,0.053249955,0,imagenet_c,defocus_blur,1,none
efficientnet_b4,ILSVRC2012_val_00003945.JPEG,n03594945,609,609,0.20854422,1,imagenet_c,defocus_blur,1,none
efficientnet_b4,ILSVRC2012_val_00004439.JPEG,n03594945,609,874,0.04716235,0,imagenet_c,defocus_blur,1,none
efficientnet_b4,ILSVRC2012_val_00005147.JPEG,n03594945,609,609,0.068080544,1,imagenet_c,defocus_blur,1,none
efficientnet_b4,ILSVRC2012_val_00005302.JPEG,n03594945,609,609,0.42489076,1,imagenet_c,defocus_blur,1,none
efficientnet_b4,ILSVRC2012_val_00006062.JPEG,n03594945,609,609,0.39239073,1,imagenet_c,defocus_blur,1,none
efficientnet_b4,ILSVRC2012_val_00006530.JPEG,n03594945,609,595,0.13610809,0,imagenet_c,defocus_blur,1,none
efficientnet_b4,ILSVRC2012_val_00007064.JPEG,n03594945,609,609,0.5424198,1,imagenet_c,defocus_blur,1,none
efficientnet_b4,ILSVRC2012_val_00008065.JPEG,n03594945,609,609,0.6060487,1,imagenet_c,defocus_blur,1,none
efficientnet_b4,ILSVRC2012_val_00008382.JPEG,n03594945,609,609,0.49062407,1,imagenet_c,defocus_blur,1,none
efficientnet_b4,ILSVRC2012_val_00008383.JPEG,n03594945,609,609,0.3707031,1,imagenet_c,defocus_blur,1,none
efficientnet_b4,ILSVRC2012_val_00009983.JPEG,n03594945,609,734,0.17937605,0,imagenet_c,defocus_blur,1,none
efficientnet_b4,ILSVRC2012_val_00011656.JPEG,n03594945,609,609,0.5586564,1,imagenet_c,defocus_blur,1,none
efficientnet_b4,ILSVRC2012_val_00012806.JPEG,n03594945,609,609,0.54664665,1,imagenet_c,defocus_blur,1,none
efficientnet_b4,ILSVRC2012_val_00013517.JPEG,n03594945,609,779,0.08875602,0,imagenet_c,defocus_blur,1,none
efficientnet_b4,ILSVRC2012_val_00013993.JPEG,n03594945,609,609,0.08577308,1,imagenet_c,defocus_blur,1,none
efficientnet_b4,ILSVRC2012_val_00014198.JPEG,n03594945,609,660,0.35860687,0,imagenet_c,defocus_blur,1,none
efficientnet_b4,ILSVRC2012_val_00014841.JPEG,n03594945,609,978,0.20765713,0,imagenet_c,defocus_blur,1,none
efficientnet_b4,ILSVRC2012_val_00015187.JPEG,n03594945,609,569,0.22026043,0,imagenet_c,defocus_blur,1,none
efficientnet_b4,ILSVRC2012_val_00016456.JPEG,n03594945,609,974,0.035752937,0,imagenet_c,defocus_blur,1,none
efficientnet_b4,ILSVRC2012_val_00017611.JPEG,n03594945,609,830,0.048062023,0,imagenet_c,defocus_blur,1,none
efficientnet_b4,ILSVRC2012_val_00017847.JPEG,n03594945,609,609,0.5187615,1,imagenet_c,defocus_blur,1,none
efficientnet_b4,ILSVRC2012_val_00018237.JPEG,n03594945,609,609,0.33649275,1,imagenet_c,defocus_blur,1,none
efficientnet_b4,ILSVRC2012_val_00018474.JPEG,n03594945,609,862,0.5416825,0,imagenet_c,defocus_blur,1,none
efficientnet_b4,ILSVRC2012_val_00019410.JPEG,n03594945,609,609,0.38382453,1,imagenet_c,defocus_blur,1,none
efficientnet_b4,ILSVRC2012_val_00019509.JPEG,n03594945,609,609,0.47273037,1,imagenet_c,defocus_blur,1,none
efficientnet_b4,ILSVRC2012_val_00019731.JPEG,n03594945,609,609,0.1542246,1,imagenet_c,defocus_blur,1,none
efficientnet_b4,ILSVRC2012_val_00019849.JPEG,n03594945,609,609,0.5801865,1,imagenet_c,defocus_blur,1,none
efficientnet_b4,ILSVRC2012_val_00020829.JPEG,n03594945,609,609,0.39702043,1,imagenet_c,defocus_blur,1,none
efficientnet_b4,ILSVRC2012_val_00022261.JPEG,n03594945,609,609,0.49949124,1,imagenet_c,defocus_blur,1,none
efficientnet_b4,ILSVRC2012_val_00023427.JPEG,n03594945,609,609,0.6103888,1,imagenet_c,defocus_blur,1,none
efficientnet_b4,ILSVRC2012_val_00023599.JPEG,n03594945,609,609,0.50336856,1,imagenet_c,defocus_blur,1,none
efficientnet_b4,ILSVRC2012_val_00025834.JPEG,n03594945,609,609,0.44791397,1,imagenet_c,defocus_blur,1,none
efficientnet_b4,ILSVRC2012_val_00025990.JPEG,n03594945,609,609,0.3943245,1,imagenet_c,defocus_blur,1,none
efficientnet_b4,ILSVRC2012_val_00026466.JPEG,n03594945,609,609,0.42421156,1,imagenet_c,defocus_blur,1,none
efficientnet_b4,ILSVRC2012_val_00028370.JPEG,n03594945,609,609,0.62926084,1,imagenet_c,defocus_blur,1,none
efficientnet_b4,ILSVRC2012_val_00028405.JPEG,n03594945,609,734,0.33039892,0,imagenet_c,defocus_blur,1,none
efficientnet_b4,ILSVRC2012_val_00029244.JPEG,n03594945,609,609,0.23937455,1,imagenet_c,defocus_blur,1,none
efficientnet_b4,ILSVRC2012_val_00029922.JPEG,n03594945,609,609,0.24977362,1,imagenet_c,defocus_blur,1,none
efficientnet_b4,ILSVRC2012_val_00033299.JPEG,n03594945,609,609,0.2782437,1,imagenet_c,defocus_blur,1,none
efficientnet_b4,ILSVRC2012_val_00035162.JPEG,n03594945,609,500,0.06802881,0,imagenet_c,defocus_blur,1,none
efficientnet_b4,ILSVRC2012_val_00036304.JPEG,n03594945,609,609,0.30208445,1,imagenet_c,defocus_blur,1,none
efficientnet_b4,ILSVRC2012_val_00037128.JPEG,n03594945,609,475,0.24221657,0,imagenet_c,defocus_blur,1,none
efficientnet_b4,ILSVRC2012_val_00039576.JPEG,n03594945,609,609,0.547412,1,imagenet_c,defocus_blur,1,none
efficientnet_b4,ILSVRC2012_val_00041175.JPEG,n03594945,609,803,0.2347222,0,imagenet_c,defocus_blur,1,none
efficientnet_b4,ILSVRC2012_val_00041490.JPEG,n03594945,609,609,0.08678739,1,imagenet_c,defocus_blur,1,none
efficientnet_b4,ILSVRC2012_val_00041895.JPEG,n03594945,609,609,0.533732,1,imagenet_c,defocus_blur,1,none
efficientnet_b4,ILSVRC2012_val_00044834.JPEG,n03594945,609,734,0.27919126,0,imagenet_c,defocus_blur,1,none
efficientnet_b4,ILSVRC2012_val_00045779.JPEG,n03594945,609,609,0.2042658,1,imagenet_c,defocus_blur,1,none
efficientnet_b4,ILSVRC2012_val_00047575.JPEG,n03594945,609,609,0.5894649,1,imagenet_c,defocus_blur,1,none
efficientnet_b4,ILSVRC2012_val_00000219.JPEG,n03595614,610,610,0.09423877,1,imagenet_c,defocus_blur,1,none
efficientnet_b4,ILSVRC2012_val_00000282.JPEG,n03595614,610,610,0.6710552,1,imagenet_c,defocus_blur,1,none
efficientnet_b4,ILSVRC2012_val_00002182.JPEG,n03595614,610,610,0.6981437,1,imagenet_c,defocus_blur,1,none
efficientnet_b4,ILSVRC2012_val_00002248.JPEG,n03595614,610,610,0.40045428,1,imagenet_c,defocus_blur,1,none
efficientnet_b4,ILSVRC2012_val_00004115.JPEG,n03595614,610,459,0.30706888,0,imagenet_c,defocus_blur,1,none
efficientnet_b4,ILSVRC2012_val_00004520.JPEG,n03595614,610,610,0.69798493,1,imagenet_c,defocus_blur,1,none
efficientnet_b4,ILSVRC2012_val_00004708.JPEG,n03595614,610,610,0.2531177,1,imagenet_c,defocus_blur,1,none
efficientnet_b4,ILSVRC2012_val_00004801.JPEG,n03595614,610,610,0.72953755,1,imagenet_c,defocus_blur,1,none
efficientnet_b4,ILSVRC2012_val_00005103.JPEG,n03595614,610,842,0.39646864,0,imagenet_c,defocus_blur,1,none
efficientnet_b4,ILSVRC2012_val_00005596.JPEG,n03595614,610,610,0.5442603,1,imagenet_c,defocus_blur,1,none
efficientnet_b4,ILSVRC2012_val_00006015.JPEG,n03595614,610,610,0.8475235,1,imagenet_c,defocus_blur,1,none
efficientnet_b4,ILSVRC2012_val_00006028.JPEG,n03595614,610,610,0.6394213,1,imagenet_c,defocus_blur,1,none
efficientnet_b4,ILSVRC2012_val_00006226.JPEG,n03595614,610,610,0.6678352,1,imagenet_c,defocus_blur,1,none
efficientnet_b4,ILSVRC2012_val_00006429.JPEG,n03595614,610,610,0.7432638,1,imagenet_c,defocus_blur,1,none
efficientnet_b4,ILSVRC2012_val_00006774.JPEG,n03595614,610,610,0.8194504,1,imagenet_c,defocus_blur,1,none
efficientnet_b4,ILSVRC2012_val_00006807.JPEG,n03595614,610,610,0.3616671,1,imagenet_c,defocus_blur,1,none
efficientnet_b4,ILSVRC2012_val_00006843.JPEG,n03595614,610,402,0.4276546,0,imagenet_c,defocus_blur,1,none
efficientnet_b4,ILSVRC2012_val_00007268.JPEG,n03595614,610,902,0.11598966,0,imagenet_c,defocus_blur,1,none
efficientnet_b4,ILSVRC2012_val_00007961.JPEG,n03595614,610,841,0.47751412,0,imagenet_c,defocus_blur,1,none
efficientnet_b4,ILSVRC2012_val_00008022.JPEG,n03595614,610,610,0.7686455,1,imagenet_c,defocus_blur,1,none
efficientnet_b4,ILSVRC2012_val_00008273.JPEG,n03595614,610,610,0.35191283,1,imagenet_c,defocus_blur,1,none
efficientnet_b4,ILSVRC2012_val_00011939.JPEG,n03595614,610,589,0.16355163,0,imagenet_c,defocus_blur,1,none
efficientnet_b4,ILSVRC2012_val_00012914.JPEG,n03595614,610,610,0.62430996,1,imagenet_c,defocus_blur,1,none
efficientnet_b4,ILSVRC2012_val_00013691.JPEG,n03595614,610,610,0.36059964,1,imagenet_c,defocus_blur,1,none
efficientnet_b4,ILSVRC2012_val_00013803.JPEG,n03595614,610,399,0.2428833,0,imagenet_c,defocus_blur,1,none
efficientnet_b4,ILSVRC2012_val_00014015.JPEG,n03595614,610,841,0.35442674,0,imagenet_c,defocus_blur,1,none
efficientnet_b4,ILSVRC2012_val_00014624.JPEG,n03595614,610,610,0.600092,1,imagenet_c,defocus_blur,1,none
efficientnet_b4,ILSVRC2012_val_00016334.JPEG,n03595614,610,610,0.1508751,1,imagenet_c,defocus_blur,1,none
efficientnet_b4,ILSVRC2012_val_00016727.JPEG,n03595614,610,416,0.10664346,0,imagenet_c,defocus_blur,1,none
efficientnet_b4,ILSVRC2012_val_00018901.JPEG,n03595614,610,610,0.44004798,1,imagenet_c,defocus_blur,1,none
efficientnet_b4,ILSVRC2012_val_00019141.JPEG,n03595614,610,610,0.7406513,1,imagenet_c,defocus_blur,1,none
efficientnet_b4,ILSVRC2012_val_00019522.JPEG,n03595614,610,610,0.6913501,1,imagenet_c,defocus_blur,1,none
efficientnet_b4,ILSVRC2012_val_00019739.JPEG,n03595614,610,610,0.7120166,1,imagenet_c,defocus_blur,1,none
efficientnet_b4,ILSVRC2012_val_00019855.JPEG,n03595614,610,610,0.39335102,1,imagenet_c,defocus_blur,1,none
efficientnet_b4,ILSVRC2012_val_00020964.JPEG,n03595614,610,610,0.71408296,1,imagenet_c,defocus_blur,1,none
efficientnet_b4,ILSVRC2012_val_00022047.JPEG,n03595614,610,610,0.67206514,1,imagenet_c,defocus_blur,1,none
efficientnet_b4,ILSVRC2012_val_00024182.JPEG,n03595614,610,610,0.35479787,1,imagenet_c,defocus_blur,1,none
efficientnet_b4,ILSVRC2012_val_00025000.JPEG,n03595614,610,610,0.08474271,1,imagenet_c,defocus_blur,1,none
efficientnet_b4,ILSVRC2012_val_00025127.JPEG,n03595614,610,610,0.77269346,1,imagenet_c,defocus_blur,1,none
efficientnet_b4,ILSVRC2012_val_00025156.JPEG,n03595614,610,610,0.23916239,1,imagenet_c,defocus_blur,1,none
efficientnet_b4,ILSVRC2012_val_00025275.JPEG,n03595614,610,610,0.6989126,1,imagenet_c,defocus_blur,1,none
efficientnet_b4,ILSVRC2012_val_00026187.JPEG,n03595614,610,610,0.6339849,1,imagenet_c,defocus_blur,1,none
efficientnet_b4,ILSVRC2012_val_00028375.JPEG,n03595614,610,610,0.7320572,1,imagenet_c,defocus_blur,1,none
efficientnet_b4,ILSVRC2012_val_00030493.JPEG,n03595614,610,610,0.7096797,1,imagenet_c,defocus_blur,1,none
efficientnet_b4,ILSVRC2012_val_00035483.JPEG,n03595614,610,610,0.5914518,1,imagenet_c,defocus_blur,1,none
efficientnet_b4,ILSVRC2012_val_00039713.JPEG,n03595614,610,610,0.2802796,1,imagenet_c,defocus_blur,1,none
efficientnet_b4,ILSVRC2012_val_00039876.JPEG,n03595614,610,610,0.30897933,1,imagenet_c,defocus_blur,1,none
efficientnet_b4,ILSVRC2012_val_00042862.JPEG,n03595614,610,610,0.6291701,1,imagenet_c,defocus_blur,1,none
efficientnet_b4,ILSVRC2012_val_00045268.JPEG,n03595614,610,610,0.5137332,1,imagenet_c,defocus_blur,1,none
efficientnet_b4,ILSVRC2012_val_00045794.JPEG,n03595614,610,610,0.7774607,1,imagenet_c,defocus_blur,1,none
efficientnet_b4,ILSVRC2012_val_00000607.JPEG,n03598930,611,611,0.46634245,1,imagenet_c,defocus_blur,1,none
efficientnet_b4,ILSVRC2012_val_00001188.JPEG,n03598930,611,76,0.04417144,0,imagenet_c,defocus_blur,1,none
efficientnet_b4,ILSVRC2012_val_00001266.JPEG,n03598930,611,611,0.03275394,1,imagenet_c,defocus_blur,1,none
efficientnet_b4,ILSVRC2012_val_00001430.JPEG,n03598930,611,611,0.5199403,1,imagenet_c,defocus_blur,1,none
efficientnet_b4,ILSVRC2012_val_00003003.JPEG,n03598930,611,611,0.5706907,1,imagenet_c,defocus_blur,1,none
efficientnet_b4,ILSVRC2012_val_00003029.JPEG,n03598930,611,611,0.2788048,1,imagenet_c,defocus_blur,1,none
efficientnet_b4,ILSVRC2012_val_00004020.JPEG,n03598930,611,819,0.08288754,0,imagenet_c,defocus_blur,1,none
efficientnet_b4,ILSVRC2012_val_00004589.JPEG,n03598930,611,611,0.41762778,1,imagenet_c,defocus_blur,1,none
efficientnet_b4,ILSVRC2012_val_00006625.JPEG,n03598930,611,611,0.316335,1,imagenet_c,defocus_blur,1,none
efficientnet_b4,ILSVRC2012_val_00009008.JPEG,n03598930,611,419,0.07847064,0,imagenet_c,defocus_blur,1,none
efficientnet_b4,ILSVRC2012_val_00010088.JPEG,n03598930,611,608,0.11903423,0,imagenet_c,defocus_blur,1,none
efficientnet_b4,ILSVRC2012_val_00010558.JPEG,n03598930,611,611,0.6125555,1,imagenet_c,defocus_blur,1,none
efficientnet_b4,ILSVRC2012_val_00011008.JPEG,n03598930,611,539,0.1849859,0,imagenet_c,defocus_blur,1,none
efficientnet_b4,ILSVRC2012_val_00011552.JPEG,n03598930,611,620,0.17436787,0,imagenet_c,defocus_blur,1,none
efficientnet_b4,ILSVRC2012_val_00012056.JPEG,n03598930,611,611,0.45285612,1,imagenet_c,defocus_blur,1,none
efficientnet_b4,ILSVRC2012_val_00015328.JPEG,n03598930,611,611,0.059598215,1,imagenet_c,defocus_blur,1,none
efficientnet_b4,ILSVRC2012_val_00016266.JPEG,n03598930,611,611,0.037405506,1,imagenet_c,defocus_blur,1,none
efficientnet_b4,ILSVRC2012_val_00016400.JPEG,n03598930,611,611,0.47480303,1,imagenet_c,defocus_blur,1,none
efficientnet_b4,ILSVRC2012_val_00016709.JPEG,n03598930,611,921,0.17639473,0,imagenet_c,defocus_blur,1,none
efficientnet_b4,ILSVRC2012_val_00017238.JPEG,n03598930,611,611,0.41470918,1,imagenet_c,defocus_blur,1,none
efficientnet_b4,ILSVRC2012_val_00017750.JPEG,n03598930,611,862,0.3275943,0,imagenet_c,defocus_blur,1,none
efficientnet_b4,ILSVRC2012_val_00018295.JPEG,n03598930,611,611,0.4767789,1,imagenet_c,defocus_blur,1,none
efficientnet_b4,ILSVRC2012_val_00019011.JPEG,n03598930,611,611,0.39717835,1,imagenet_c,defocus_blur,1,none
efficientnet_b4,ILSVRC2012_val_00019286.JPEG,n03598930,611,611,0.5504488,1,imagenet_c,defocus_blur,1,none
efficientnet_b4,ILSVRC2012_val_00019551.JPEG,n03598930,611,611,0.431472,1,imagenet_c,defocus_blur,1,none
efficientnet_b4,ILSVRC2012_val_00019903.JPEG,n03598930,611,611,0.36505765,1,imagenet_c,defocus_blur,1,none
efficientnet_b4,ILSVRC2012_val_00020133.JPEG,n03598930,611,611,0.22788708,1,imagenet_c,defocus_blur,1,none
efficientnet_b4,ILSVRC2012_val_00020300.JPEG,n03598930,611,309,0.16824125,0,imagenet_c,defocus_blur,1,none
efficientnet_b4,ILSVRC2012_val_00020394.JPEG,n03598930,611,611,0.49703407,1,imagenet_c,defocus_blur,1,none
efficientnet_b4,ILSVRC2012_val_00021562.JPEG,n03598930,611,611,0.4013038,1,imagenet_c,defocus_blur,1,none
efficientnet_b4,ILSVRC2012_val_00021971.JPEG,n03598930,611,611,0.081626244,1,imagenet_c,defocus_blur,1,none
efficientnet_b4,ILSVRC2012_val_00022944.JPEG,n03598930,611,613,0.037098985,0,imagenet_c,defocus_blur,1,none
efficientnet_b4,ILSVRC2012_val_00023048.JPEG,n03598930,611,611,0.51032263,1,imagenet_c,defocus_blur,1,none
efficientnet_b4,ILSVRC2012_val_00023694.JPEG,n03598930,611,611,0.34196383,1,imagenet_c,defocus_blur,1,none
efficientnet_b4,ILSVRC2012_val_00024087.JPEG,n03598930,611,611,0.5171186,1,imagenet_c,defocus_blur,1,none
efficientnet_b4,ILSVRC2012_val_00024352.JPEG,n03598930,611,504,0.041794494,0,imagenet_c,defocus_blur,1,none
efficientnet_b4,ILSVRC2012_val_00024475.JPEG,n03598930,611,611,0.39520422,1,imagenet_c,defocus_blur,1,none
efficientnet_b4,ILSVRC2012_val_00030243.JPEG,n03598930,611,739,0.32998607,0,imagenet_c,defocus_blur,1,none
efficientnet_b4,ILSVRC2012_val_00031067.JPEG,n03598930,611,611,0.83879054,1,imagenet_c,defocus_blur,1,none
efficientnet_b4,ILSVRC2012_val_00031576.JPEG,n03598930,611,611,0.57743424,1,imagenet_c,defocus_blur,1,none
efficientnet_b4,ILSVRC2012_val_00032791.JPEG,n03598930,611,861,0.13090962,0,imagenet_c,defocus_blur,1,none
efficientnet_b4,ILSVRC2012_val_00035195.JPEG,n03598930,611,611,0.25470072,1,imagenet_c,defocus_blur,1,none
efficientnet_b4,ILSVRC2012_val_00037231.JPEG,n03598930,611,611,0.11244508,1,imagenet_c,defocus_blur,1,none
efficientnet_b4,ILSVRC2012_val_00038957.JPEG,n03598930,611,611,0.3608621,1,imagenet_c,defocus_blur,1,none
efficientnet_b4,ILSVRC2012_val_00039089.JPEG,n03598930,611,207,0.1632915,0,imagenet_c,defocus_blur,1,none
efficientnet_b4,ILSVRC2012_val_00039623.JPEG,n03598930,611,611,0.499995,1,imagenet_c,defocus_blur,1,none
efficientnet_b4,ILSVRC2012_val_00041984.JPEG,n03598930,611,611,0.40252766,1,imagenet_c,defocus_blur,1,none
efficientnet_b4,ILSVRC2012_val_00044400.JPEG,n03598930,611,611,0.781984,1,imagenet_c,defocus_blur,1,none
efficientnet_b4,ILSVRC2012_val_00045269.JPEG,n03598930,611,611,0.5697104,1,imagenet_c,defocus_blur,1,none
efficientnet_b4,ILSVRC2012_val_00048702.JPEG,n03598930,611,611,0.60814935,1,imagenet_c,defocus_blur,1,none
efficientnet_b4,ILSVRC2012_val_00000281.JPEG,n03599486,612,612,0.80430126,1,imagenet_c,defocus_blur,1,none
efficientnet_b4,ILSVRC2012_val_00002142.JPEG,n03599486,612,612,0.44500956,1,imagenet_c,defocus_blur,1,none
efficientnet_b4,ILSVRC2012_val_00002456.JPEG,n03599486,612,612,0.5425514,1,imagenet_c,defocus_blur,1,none
efficientnet_b4,ILSVRC2012_val_00002462.JPEG,n03599486,612,612,0.5214451,1,imagenet_c,defocus_blur,1,none
efficientnet_b4,ILSVRC2012_val_00002531.JPEG,n03599486,612,612,0.65512896,1,imagenet_c,defocus_blur,1,none
efficientnet_b4,ILSVRC2012_val_00003203.JPEG,n03599486,612,612,0.31249154,1,imagenet_c,defocus_blur,1,none
efficientnet_b4,ILSVRC2012_val_00004290.JPEG,n03599486,612,612,0.38556576,1,imagenet_c,defocus_blur,1,none
efficientnet_b4,ILSVRC2012_val_00004843.JPEG,n03599486,612,612,0.7766461,1,imagenet_c,defocus_blur,1,none
efficientnet_b4,ILSVRC2012_val_00005448.JPEG,n03599486,612,612,0.6107412,1,imagenet_c,defocus_blur,1,none
efficientnet_b4,ILSVRC2012_val_00008784.JPEG,n03599486,612,612,0.6314205,1,imagenet_c,defocus_blur,1,none
efficientnet_b4,ILSVRC2012_val_00008961.JPEG,n03599486,612,612,0.6402611,1,imagenet_c,defocus_blur,1,none
efficientnet_b4,ILSVRC2012_val_00008982.JPEG,n03599486,612,612,0.53676486,1,imagenet_c,defocus_blur,1,none
efficientnet_b4,ILSVRC2012_val_00009422.JPEG,n03599486,612,612,0.7614436,1,imagenet_c,defocus_blur,1,none
efficientnet_b4,ILSVRC2012_val_00010273.JPEG,n03599486,612,612,0.773975,1,imagenet_c,defocus_blur,1,none
efficientnet_b4,ILSVRC2012_val_00011054.JPEG,n03599486,612,612,0.50070596,1,imagenet_c,defocus_blur,1,none
efficientnet_b4,ILSVRC2012_val_00011595.JPEG,n03599486,612,612,0.46039295,1,imagenet_c,defocus_blur,1,none
efficientnet_b4,ILSVRC2012_val_00011652.JPEG,n03599486,612,612,0.7416364,1,imagenet_c,defocus_blur,1,none
efficientnet_b4,ILSVRC2012_val_00012136.JPEG,n03599486,612,612,0.13500722,1,imagenet_c,defocus_blur,1,none
efficientnet_b4,ILSVRC2012_val_00012693.JPEG,n03599486,612,612,0.71005213,1,imagenet_c,defocus_blur,1,none
efficientnet_b4,ILSVRC2012_val_00013621.JPEG,n03599486,612,612,0.5663561,1,imagenet_c,defocus_blur,1,none
efficientnet_b4,ILSVRC2012_val_00013642.JPEG,n03599486,612,612,0.730417,1,imagenet_c,defocus_blur,1,none
efficientnet_b4,ILSVRC2012_val_00014156.JPEG,n03599486,612,612,0.72823954,1,imagenet_c,defocus_blur,1,none
efficientnet_b4,ILSVRC2012_val_00015133.JPEG,n03599486,612,612,0.6670596,1,imagenet_c,defocus_blur,1,none
efficientnet_b4,ILSVRC2012_val_00015478.JPEG,n03599486,612,612,0.70772535,1,imagenet_c,defocus_blur,1,none
efficientnet_b4,ILSVRC2012_val_00017474.JPEG,n03599486,612,612,0.5727451,1,imagenet_c,defocus_blur,1,none
efficientnet_b4,ILSVRC2012_val_00019836.JPEG,n03599486,612,612,0.7748726,1,imagenet_c,defocus_blur,1,none
efficientnet_b4,ILSVRC2012_val_00021028.JPEG,n03599486,612,612,0.57310915,1,imagenet_c,defocus_blur,1,none
efficientnet_b4,ILSVRC2012_val_00022242.JPEG,n03599486,612,612,0.4504726,1,imagenet_c,defocus_blur,1,none
efficientnet_b4,ILSVRC2012_val_00022932.JPEG,n03599486,612,612,0.61822927,1,imagenet_c,defocus_blur,1,none
efficientnet_b4,ILSVRC2012_val_00023900.JPEG,n03599486,612,612,0.70040137,1,imagenet_c,defocus_blur,1,none
efficientnet_b4,ILSVRC2012_val_00025728.JPEG,n03599486,612,612,0.5603463,1,imagenet_c,defocus_blur,1,none
efficientnet_b4,ILSVRC2012_val_00027524.JPEG,n03599486,612,612,0.7010595,1,imagenet_c,defocus_blur,1,none
efficientnet_b4,ILSVRC2012_val_00027701.JPEG,n03599486,612,612,0.32399598,1,imagenet_c,defocus_blur,1,none
efficientnet_b4,ILSVRC2012_val_00029293.JPEG,n03599486,612,612,0.7226467,1,imagenet_c,defocus_blur,1,none
efficientnet_b4,ILSVRC2012_val_00029537.JPEG,n03599486,612,612,0.7008299,1,imagenet_c,defocus_blur,1,none
efficientnet_b4,ILSVRC2012_val_00029813.JPEG,n03599486,612,702,0.10800966,0,imagenet_c,defocus_blur,1,none
efficientnet_b4,ILSVRC2012_val_00031064.JPEG,n03599486,612,612,0.5254718,1,imagenet_c,defocus_blur,1,none
efficientnet_b4,ILSVRC2012_val_00032319.JPEG,n03599486,612,612,0.77020746,1,imagenet_c,defocus_blur,1,none
efficientnet_b4,ILSVRC2012_val_00032729.JPEG,n03599486,612,612,0.5882443,1,imagenet_c,defocus_blur,1,none
efficientnet_b4,ILSVRC2012_val_00036428.JPEG,n03599486,612,612,0.22324568,1,imagenet_c,defocus_blur,1,none
efficientnet_b4,ILSVRC2012_val_00037141.JPEG,n03599486,612,612,0.46782482,1,imagenet_c,defocus_blur,1,none
efficientnet_b4,ILSVRC2012_val_00037368.JPEG,n03599486,612,612,0.61104333,1,imagenet_c,defocus_blur,1,none
efficientnet_b4,ILSVRC2012_val_00041391.JPEG,n03599486,612,612,0.38676965,1,imagenet_c,defocus_blur,1,none
efficientnet_b4,ILSVRC2012_val_00043161.JPEG,n03599486,612,612,0.62324,1,imagenet_c,defocus_blur,1,none
efficientnet_b4,ILSVRC2012_val_00043572.JPEG,n03599486,612,733,0.13287169,0,imagenet_c,defocus_blur,1,none
efficientnet_b4,ILSVRC2012_val_00044410.JPEG,n03599486,612,612,0.6154386,1,imagenet_c,defocus_blur,1,none
efficientnet_b4,ILSVRC2012_val_00046128.JPEG,n03599486,612,612,0.4696241,1,imagenet_c,defocus_blur,1,none
efficientnet_b4,ILSVRC2012_val_00046133.JPEG,n03599486,612,612,0.47890317,1,imagenet_c,defocus_blur,1,none
efficientnet_b4,ILSVRC2012_val_00047366.JPEG,n03599486,612,870,0.43165344,0,imagenet_c,defocus_blur,1,none
efficientnet_b4,ILSVRC2012_val_00047401.JPEG,n03599486,612,612,0.5483668,1,imagenet_c,defocus_blur,1,none
efficientnet_b4,ILSVRC2012_val_00000969.JPEG,n03602883,613,613,0.55845886,1,imagenet_c,defocus_blur,1,none
efficientnet_b4,ILSVRC2012_val_00001081.JPEG,n03602883,613,613,0.7179218,1,imagenet_c,defocus_blur,1,none
efficientnet_b4,ILSVRC2012_val_00002195.JPEG,n03602883,613,613,0.34264246,1,imagenet_c,defocus_blur,1,none
efficientnet_b4,ILSVRC2012_val_00003233.JPEG,n03602883,613,613,0.3188186,1,imagenet_c,defocus_blur,1,none
efficientnet_b4,ILSVRC2012_val_00005124.JPEG,n03602883,613,613,0.8610792,1,imagenet_c,defocus_blur,1,none
efficientnet_b4,ILSVRC2012_val_00005640.JPEG,n03602883,613,613,0.27777588,1,imagenet_c,defocus_blur,1,none
efficientnet_b4,ILSVRC2012_val_00005657.JPEG,n03602883,613,613,0.6950504,1,imagenet_c,defocus_blur,1,none
efficientnet_b4,ILSVRC2012_val_00005803.JPEG,n03602883,613,613,0.7647827,1,imagenet_c,defocus_blur,1,none
efficientnet_b4,ILSVRC2012_val_00008424.JPEG,n03602883,613,613,0.6196918,1,imagenet_c,defocus_blur,1,none
efficientnet_b4,ILSVRC2012_val_00010992.JPEG,n03602883,613,613,0.17758214,1,imagenet_c,defocus_blur,1,none
efficientnet_b4,ILSVRC2012_val_00012134.JPEG,n03602883,613,613,0.42892763,1,imagenet_c,defocus_blur,1,none
efficientnet_b4,ILSVRC2012_val_00013023.JPEG,n03602883,613,613,0.6074989,1,imagenet_c,defocus_blur,1,none
efficientnet_b4,ILSVRC2012_val_00013421.JPEG,n03602883,613,613,0.5920857,1,imagenet_c,defocus_blur,1,none
efficientnet_b4,ILSVRC2012_val_00015982.JPEG,n03602883,613,613,0.8230162,1,imagenet_c,defocus_blur,1,none
efficientnet_b4,ILSVRC2012_val_00017448.JPEG,n03602883,613,522,0.2293346,0,imagenet_c,defocus_blur,1,none
efficientnet_b4,ILSVRC2012_val_00017977.JPEG,n03602883,613,613,0.5549444,1,imagenet_c,defocus_blur,1,none
efficientnet_b4,ILSVRC2012_val_00018272.JPEG,n03602883,613,613,0.6643897,1,imagenet_c,defocus_blur,1,none
efficientnet_b4,ILSVRC2012_val_00021285.JPEG,n03602883,613,613,0.45841357,1,imagenet_c,defocus_blur,1,none
efficientnet_b4,ILSVRC2012_val_00021732.JPEG,n03602883,613,613,0.46170965,1,imagenet_c,defocus_blur,1,none
efficientnet_b4,ILSVRC2012_val_00022516.JPEG,n03602883,613,527,0.21156047,0,imagenet_c,defocus_blur,1,none
efficientnet_b4,ILSVRC2012_val_00023768.JPEG,n03602883,613,613,0.7127453,1,imagenet_c,defocus_blur,1,none
efficientnet_b4,ILSVRC2012_val_00024540.JPEG,n03602883,613,613,0.43548828,1,imagenet_c,defocus_blur,1,none
efficientnet_b4,ILSVRC2012_val_00025203.JPEG,n03602883,613,613,0.46341795,1,imagenet_c,defocus_blur,1,none
efficientnet_b4,ILSVRC2012_val_00025506.JPEG,n03602883,613,613,0.23699412,1,imagenet_c,defocus_blur,1,none
efficientnet_b4,ILSVRC2012_val_00025597.JPEG,n03602883,613,613,0.6006918,1,imagenet_c,defocus_blur,1,none
efficientnet_b4,ILSVRC2012_val_00027850.JPEG,n03602883,613,688,0.28095588,0,imagenet_c,defocus_blur,1,none
efficientnet_b4,ILSVRC2012_val_00029516.JPEG,n03602883,613,613,0.50350124,1,imagenet_c,defocus_blur,1,none
efficientnet_b4,ILSVRC2012_val_00030050.JPEG,n03602883,613,589,0.22620516,0,imagenet_c,defocus_blur,1,none
efficientnet_b4,ILSVRC2012_val_00030988.JPEG,n03602883,613,731,0.1797768,0,imagenet_c,defocus_blur,1,none
efficientnet_b4,ILSVRC2012_val_00031160.JPEG,n03602883,613,613,0.26468417,1,imagenet_c,defocus_blur,1,none
efficientnet_b4,ILSVRC2012_val_00032873.JPEG,n03602883,613,613,0.281089,1,imagenet_c,defocus_blur,1,none
efficientnet_b4,ILSVRC2012_val_00033850.JPEG,n03602883,613,613,0.48215285,1,imagenet_c,defocus_blur,1,none
efficientnet_b4,ILSVRC2012_val_00033970.JPEG,n03602883,613,613,0.3794528,1,imagenet_c,defocus_blur,1,none
efficientnet_b4,ILSVRC2012_val_00035468.JPEG,n03602883,613,613,0.71351665,1,imagenet_c,defocus_blur,1,none
efficientnet_b4,ILSVRC2012_val_00035904.JPEG,n03602883,613,613,0.747661,1,imagenet_c,defocus_blur,1,none
efficientnet_b4,ILSVRC2012_val_00036138.JPEG,n03602883,613,613,0.19488394,1,imagenet_c,defocus_blur,1,none
efficientnet_b4,ILSVRC2012_val_00036241.JPEG,n03602883,613,613,0.5599931,1,imagenet_c,defocus_blur,1,none
efficientnet_b4,ILSVRC2012_val_00036634.JPEG,n03602883,613,613,0.3490686,1,imagenet_c,defocus_blur,1,none
efficientnet_b4,ILSVRC2012_val_00037927.JPEG,n03602883,613,613,0.08883128,1,imagenet_c,defocus_blur,1,none
efficientnet_b4,ILSVRC2012_val_00039165.JPEG,n03602883,613,613,0.1845063,1,imagenet_c,defocus_blur,1,none
efficientnet_b4,ILSVRC2012_val_00039677.JPEG,n03602883,613,613,0.5545395,1,imagenet_c,defocus_blur,1,none
efficientnet_b4,ILSVRC2012_val_00040672.JPEG,n03602883,613,613,0.5246547,1,imagenet_c,defocus_blur,1,none
efficientnet_b4,ILSVRC2012_val_00041198.JPEG,n03602883,613,613,0.33629897,1,imagenet_c,defocus_blur,1,none
efficientnet_b4,ILSVRC2012_val_00042275.JPEG,n03602883,613,826,0.112203486,0,imagenet_c,defocus_blur,1,none
efficientnet_b4,ILSVRC2012_val_00043096.JPEG,n03602883,613,613,0.531066,1,imagenet_c,defocus_blur,1,none
efficientnet_b4,ILSVRC2012_val_00044998.JPEG,n03602883,613,613,0.59270203,1,imagenet_c,defocus_blur,1,none
efficientnet_b4,ILSVRC2012_val_00045113.JPEG,n03602883,613,613,0.75234354,1,imagenet_c,defocus_blur,1,none
efficientnet_b4,ILSVRC2012_val_00045298.JPEG,n03602883,613,613,0.6964959,1,imagenet_c,defocus_blur,1,none
efficientnet_b4,ILSVRC2012_val_00046851.JPEG,n03602883,613,613,0.2920189,1,imagenet_c,defocus_blur,1,none
efficientnet_b4,ILSVRC2012_val_00047465.JPEG,n03602883,613,613,0.62162936,1,imagenet_c,defocus_blur,1,none
efficientnet_b4,ILSVRC2012_val_00000900.JPEG,n03617480,614,614,0.41821462,1,imagenet_c,defocus_blur,1,none
efficientnet_b4,ILSVRC2012_val_00002198.JPEG,n03617480,614,614,0.6117808,1,imagenet_c,defocus_blur,1,none
efficientnet_b4,ILSVRC2012_val_00002245.JPEG,n03617480,614,689,0.2010894,0,imagenet_c,defocus_blur,1,none
efficientnet_b4,ILSVRC2012_val_00002316.JPEG,n03617480,614,865,0.036680046,0,imagenet_c,defocus_blur,1,none
efficientnet_b4,ILSVRC2012_val_00003503.JPEG,n03617480,614,400,0.25568098,0,imagenet_c,defocus_blur,1,none
efficientnet_b4,ILSVRC2012_val_00003923.JPEG,n03617480,614,614,0.06990616,1,imagenet_c,defocus_blur,1,none
efficientnet_b4,ILSVRC2012_val_00004014.JPEG,n03617480,614,614,0.5879293,1,imagenet_c,defocus_blur,1,none
efficientnet_b4,ILSVRC2012_val_00004848.JPEG,n03617480,614,614,0.64272106,1,imagenet_c,defocus_blur,1,none
efficientnet_b4,ILSVRC2012_val_00005093.JPEG,n03617480,614,614,0.33046502,1,imagenet_c,defocus_blur,1,none
efficientnet_b4,ILSVRC2012_val_00006657.JPEG,n03617480,614,775,0.51319253,0,imagenet_c,defocus_blur,1,none
efficientnet_b4,ILSVRC2012_val_00006871.JPEG,n03617480,614,614,0.7757356,1,imagenet_c,defocus_blur,1,none
efficientnet_b4,ILSVRC2012_val_00009794.JPEG,n03617480,614,697,0.20920832,0,imagenet_c,defocus_blur,1,none
efficientnet_b4,ILSVRC2012_val_00010320.JPEG,n03617480,614,614,0.64518744,1,imagenet_c,defocus_blur,1,none
efficientnet_b4,ILSVRC2012_val_00010400.JPEG,n03617480,614,614,0.4799492,1,imagenet_c,defocus_blur,1,none
efficientnet_b4,ILSVRC2012_val_00011859.JPEG,n03617480,614,614,0.61091286,1,imagenet_c,defocus_blur,1,none
efficientnet_b4,ILSVRC2012_val_00012926.JPEG,n03617480,614,775,0.35713458,0,imagenet_c,defocus_blur,1,none
efficientnet_b4,ILSVRC2012_val_00018442.JPEG,n03617480,614,762,0.20522171,0,imagenet_c,defocus_blur,1,none
efficientnet_b4,ILSVRC2012_val_00019061.JPEG,n03617480,614,614,0.47761962,1,imagenet_c,defocus_blur,1,none
efficientnet_b4,ILSVRC2012_val_00019703.JPEG,n03617480,614,795,0.14762163,0,imagenet_c,defocus_blur,1,none
efficientnet_b4,ILSVRC2012_val_00020146.JPEG,n03617480,614,614,0.33145708,1,imagenet_c,defocus_blur,1,none
efficientnet_b4,ILSVRC2012_val_00021009.JPEG,n03617480,614,122,0.23742603,0,imagenet_c,defocus_blur,1,none
efficientnet_b4,ILSVRC2012_val_00021416.JPEG,n03617480,614,614,0.47539046,1,imagenet_c,defocus_blur,1,none
efficientnet_b4,ILSVRC2012_val_00021792.JPEG,n03617480,614,614,0.49107683,1,imagenet_c,defocus_blur,1,none
efficientnet_b4,ILSVRC2012_val_00023286.JPEG,n03617480,614,614,0.57548136,1,imagenet_c,defocus_blur,1,none
efficientnet_b4,ILSVRC2012_val_00023609.JPEG,n03617480,614,614,0.7095309,1,imagenet_c,defocus_blur,1,none
efficientnet_b4,ILSVRC2012_val_00026587.JPEG,n03617480,614,614,0.74574214,1,imagenet_c,defocus_blur,1,none
efficientnet_b4,ILSVRC2012_val_00027188.JPEG,n03617480,614,614,0.7385903,1,imagenet_c,defocus_blur,1,none
efficientnet_b4,ILSVRC2012_val_00027240.JPEG,n03617480,614,614,0.36124018,1,imagenet_c,defocus_blur,1,none
efficientnet_b4,ILSVRC2012_val_00027806.JPEG,n03617480,614,860,0.03896113,0,imagenet_c,defocus_blur,1,none
efficientnet_b4,ILSVRC2012_val_00029199.JPEG,n03617480,614,645,0.44916728,0,imagenet_c,defocus_blur,1,none
efficientnet_b4,ILSVRC2012_val_00030754.JPEG,n03617480,614,614,0.72736186,1,imagenet_c,defocus_blur,1,none
efficientnet_b4,ILSVRC2012_val_00030858.JPEG,n03617480,614,614,0.1002908,1,imagenet_c,defocus_blur,1,none
efficientnet_b4,ILSVRC2012_val_00031516.JPEG,n03617480,614,614,0.6190372,1,imagenet_c,defocus_blur,1,none
efficientnet_b4,ILSVRC2012_val_00032259.JPEG,n03617480,614,614,0.70736384,1,imagenet_c,defocus_blur,1,none
efficientnet_b4,ILSVRC2012_val_00033892.JPEG,n03617480,614,614,0.6999731,1,imagenet_c,defocus_blur,1,none
efficientnet_b4,ILSVRC2012_val_00034114.JPEG,n03617480,614,614,0.6294306,1,imagenet_c,defocus_blur,1,none
efficientnet_b4,ILSVRC2012_val_00034863.JPEG,n03617480,614,614,0.9382602,1,imagenet_c,defocus_blur,1,none
efficientnet_b4,ILSVRC2012_val_00034974.JPEG,n03617480,614,614,0.48175278,1,imagenet_c,defocus_blur,1,none
efficientnet_b4,ILSVRC2012_val_00035822.JPEG,n03617480,614,722,0.107252374,0,imagenet_c,defocus_blur,1,none
efficientnet_b4,ILSVRC2012_val_00037507.JPEG,n03617480,614,634,0.058112867,0,imagenet_c,defocus_blur,1,none
efficientnet_b4,ILSVRC2012_val_00039094.JPEG,n03617480,614,612,0.060669698,0,imagenet_c,defocus_blur,1,none
efficientnet_b4,ILSVRC2012_val_00041587.JPEG,n03617480,614,789,0.326062,0,imagenet_c,defocus_blur,1,none
efficientnet_b4,ILSVRC2012_val_00041615.JPEG,n03617480,614,416,0.30721718,0,imagenet_c,defocus_blur,1,none
efficientnet_b4,ILSVRC2012_val_00042697.JPEG,n03617480,614,614,0.538229,1,imagenet_c,defocus_blur,1,none
efficientnet_b4,ILSVRC2012_val_00042918.JPEG,n03617480,614,614,0.67347944,1,imagenet_c,defocus_blur,1,none
efficientnet_b4,ILSVRC2012_val_00047695.JPEG,n03617480,614,887,0.14290825,0,imagenet_c,defocus_blur,1,none
efficientnet_b4,ILSVRC2012_val_00048485.JPEG,n03617480,614,614,0.48267835,1,imagenet_c,defocus_blur,1,none
efficientnet_b4,ILSVRC2012_val_00049234.JPEG,n03617480,614,614,0.6183255,1,imagenet_c,defocus_blur,1,none
efficientnet_b4,ILSVRC2012_val_00049318.JPEG,n03617480,614,614,0.5628709,1,imagenet_c,defocus_blur,1,none
efficientnet_b4,ILSVRC2012_val_00049501.JPEG,n03617480,614,614,0.67233264,1,imagenet_c,defocus_blur,1,none
efficientnet_b4,ILSVRC2012_val_00000686.JPEG,n03623198,615,615,0.601228,1,imagenet_c,defocus_blur,1,none
efficientnet_b4,ILSVRC2012_val_00004214.JPEG,n03623198,615,615,0.75635886,1,imagenet_c,defocus_blur,1,none
efficientnet_b4,ILSVRC2012_val_00005042.JPEG,n03623198,615,610,0.1825542,0,imagenet_c,defocus_blur,1,none
efficientnet_b4,ILSVRC2012_val_00007091.JPEG,n03623198,615,100,0.49620783,0,imagenet_c,defocus_blur,1,none
efficientnet_b4,ILSVRC2012_val_00009657.JPEG,n03623198,615,615,0.7494375,1,imagenet_c,defocus_blur,1,none
efficientnet_b4,ILSVRC2012_val_00009826.JPEG,n03623198,615,615,0.12066295,1,imagenet_c,defocus_blur,1,none
efficientnet_b4,ILSVRC2012_val_00010508.JPEG,n03623198,615,615,0.7564012,1,imagenet_c,defocus_blur,1,none
efficientnet_b4,ILSVRC2012_val_00011336.JPEG,n03623198,615,615,0.64647603,1,imagenet_c,defocus_blur,1,none
efficientnet_b4,ILSVRC2012_val_00012945.JPEG,n03623198,615,615,0.15073791,1,imagenet_c,defocus_blur,1,none
efficientnet_b4,ILSVRC2012_val_00013679.JPEG,n03623198,615,615,0.75711125,1,imagenet_c,defocus_blur,1,none
efficientnet_b4,ILSVRC2012_val_00016221.JPEG,n03623198,615,615,0.6741722,1,imagenet_c,defocus_blur,1,none
efficientnet_b4,ILSVRC2012_val_00016529.JPEG,n03623198,615,615,0.85177755,1,imagenet_c,defocus_blur,1,none
efficientnet_b4,ILSVRC2012_val_00016824.JPEG,n03623198,615,615,0.7121563,1,imagenet_c,defocus_blur,1,none
efficientnet_b4,ILSVRC2012_val_00017844.JPEG,n03623198,615,615,0.94420975,1,imagenet_c,defocus_blur,1,none
efficientnet_b4,ILSVRC2012_val_00017846.JPEG,n03623198,615,633,0.10447599,0,imagenet_c,defocus_blur,1,none
efficientnet_b4,ILSVRC2012_val_00017853.JPEG,n03623198,615,644,0.0054497453,0,imagenet_c,defocus_blur,1,none
efficientnet_b4,ILSVRC2012_val_00018684.JPEG,n03623198,615,615,0.68625695,1,imagenet_c,defocus_blur,1,none
efficientnet_b4,ILSVRC2012_val_00019062.JPEG,n03623198,615,615,0.4637652,1,imagenet_c,defocus_blur,1,none
efficientnet_b4,ILSVRC2012_val_00019441.JPEG,n03623198,615,465,0.35238612,0,imagenet_c,defocus_blur,1,none
efficientnet_b4,ILSVRC2012_val_00019616.JPEG,n03623198,615,615,0.8470145,1,imagenet_c,defocus_blur,1,none
efficientnet_b4,ILSVRC2012_val_00019928.JPEG,n03623198,615,615,0.72428304,1,imagenet_c,defocus_blur,1,none
efficientnet_b4,ILSVRC2012_val_00020292.JPEG,n03623198,615,615,0.8713193,1,imagenet_c,defocus_blur,1,none
efficientnet_b4,ILSVRC2012_val_00020342.JPEG,n03623198,615,615,0.51700264,1,imagenet_c,defocus_blur,1,none
efficientnet_b4,ILSVRC2012_val_00020647.JPEG,n03623198,615,615,0.44676733,1,imagenet_c,defocus_blur,1,none
efficientnet_b4,ILSVRC2012_val_00022206.JPEG,n03623198,615,615,0.8700627,1,imagenet_c,defocus_blur,1,none
efficientnet_b4,ILSVRC2012_val_00024197.JPEG,n03623198,615,615,0.6694636,1,imagenet_c,defocus_blur,1,none
efficientnet_b4,ILSVRC2012_val_00026470.JPEG,n03623198,615,560,0.37539896,0,imagenet_c,defocus_blur,1,none
efficientnet_b4,ILSVRC2012_val_00028830.JPEG,n03623198,615,615,0.48090738,1,imagenet_c,defocus_blur,1,none
efficientnet_b4,ILSVRC2012_val_00029975.JPEG,n03623198,615,615,0.5568575,1,imagenet_c,defocus_blur,1,none
efficientnet_b4,ILSVRC2012_val_00030341.JPEG,n03623198,615,615,0.18949033,1,imagenet_c,defocus_blur,1,none
efficientnet_b4,ILSVRC2012_val_00032149.JPEG,n03623198,615,615,0.49355972,1,imagenet_c,defocus_blur,1,none
efficientnet_b4,ILSVRC2012_val_00034779.JPEG,n03623198,615,615,0.778816,1,imagenet_c,defocus_blur,1,none
efficientnet_b4,ILSVRC2012_val_00035225.JPEG,n03623198,615,615,0.7062987,1,imagenet_c,defocus_blur,1,none
efficientnet_b4,ILSVRC2012_val_00036321.JPEG,n03623198,615,615,0.7659574,1,imagenet_c,defocus_blur,1,none
efficientnet_b4,ILSVRC2012_val_00036735.JPEG,n03623198,615,615,0.8139434,1,imagenet_c,defocus_blur,1,none
efficientnet_b4,ILSVRC2012_val_00038316.JPEG,n03623198,615,676,0.4370618,0,imagenet_c,defocus_blur,1,none
efficientnet_b4,ILSVRC2012_val_00038767.JPEG,n03623198,615,615,0.1874577,1,imagenet_c,defocus_blur,1,none
efficientnet_b4,ILSVRC2012_val_00039114.JPEG,n03623198,615,843,0.060930222,0,imagenet_c,defocus_blur,1,none
efficientnet_b4,ILSVRC2012_val_00039763.JPEG,n03623198,615,589,0.37392244,0,imagenet_c,defocus_blur,1,none
efficientnet_b4,ILSVRC2012_val_00040084.JPEG,n03623198,615,632,0.20880736,0,imagenet_c,defocus_blur,1,none
efficientnet_b4,ILSVRC2012_val_00041207.JPEG,n03623198,615,615,0.65987706,1,imagenet_c,defocus_blur,1,none
efficientnet_b4,ILSVRC2012_val_00042349.JPEG,n03623198,615,615,0.29467618,1,imagenet_c,defocus_blur,1,none
efficientnet_b4,ILSVRC2012_val_00042782.JPEG,n03623198,615,615,0.75574875,1,imagenet_c,defocus_blur,1,none
efficientnet_b4,ILSVRC2012_val_00044358.JPEG,n03623198,615,615,0.5573562,1,imagenet_c,defocus_blur,1,none
efficientnet_b4,ILSVRC2012_val_00045211.JPEG,n03623198,615,615,0.6473547,1,imagenet_c,defocus_blur,1,none
efficientnet_b4,ILSVRC2012_val_00045631.JPEG,n03623198,615,615,0.8874536,1,imagenet_c,defocus_blur,1,none
efficientnet_b4,ILSVRC2012_val_00046208.JPEG,n03623198,615,615,0.72437596,1,imagenet_c,defocus_blur,1,none
efficientnet_b4,ILSVRC2012_val_00046875.JPEG,n03623198,615,615,0.5928167,1,imagenet_c,defocus_blur,1,none
efficientnet_b4,ILSVRC2012_val_00048449.JPEG,n03623198,615,615,0.533275,1,imagenet_c,defocus_blur,1,none
efficientnet_b4,ILSVRC2012_val_00048489.JPEG,n03623198,615,615,0.8631985,1,imagenet_c,defocus_blur,1,none
efficientnet_b4,ILSVRC2012_val_00002377.JPEG,n03627232,616,424,0.1091241,0,imagenet_c,defocus_blur,1,none
efficientnet_b4,ILSVRC2012_val_00005974.JPEG,n03627232,616,616,0.7208048,1,imagenet_c,defocus_blur,1,none
efficientnet_b4,ILSVRC2012_val_00006237.JPEG,n03627232,616,543,0.14733528,0,imagenet_c,defocus_blur,1,none
efficientnet_b4,ILSVRC2012_val_00006375.JPEG,n03627232,616,616,0.8086867,1,imagenet_c,defocus_blur,1,none
efficientnet_b4,ILSVRC2012_val_00007296.JPEG,n03627232,616,600,0.054495115,0,imagenet_c,defocus_blur,1,none
efficientnet_b4,ILSVRC2012_val_00009095.JPEG,n03627232,616,616,0.72790915,1,imagenet_c,defocus_blur,1,none
efficientnet_b4,ILSVRC2012_val_00011109.JPEG,n03627232,616,616,0.75674206,1,imagenet_c,defocus_blur,1,none
efficientnet_b4,ILSVRC2012_val_00011114.JPEG,n03627232,616,738,0.055671114,0,imagenet_c,defocus_blur,1,none
efficientnet_b4,ILSVRC2012_val_00012101.JPEG,n03627232,616,616,0.6004609,1,imagenet_c,defocus_blur,1,none
efficientnet_b4,ILSVRC2012_val_00012368.JPEG,n03627232,616,616,0.21318875,1,imagenet_c,defocus_blur,1,none
efficientnet_b4,ILSVRC2012_val_00013065.JPEG,n03627232,616,596,0.068889685,0,imagenet_c,defocus_blur,1,none
efficientnet_b4,ILSVRC2012_val_00015681.JPEG,n03627232,616,846,0.26615632,0,imagenet_c,defocus_blur,1,none
efficientnet_b4,ILSVRC2012_val_00015829.JPEG,n03627232,616,616,0.40095657,1,imagenet_c,defocus_blur,1,none
efficientnet_b4,ILSVRC2012_val_00016802.JPEG,n03627232,616,469,0.17854618,0,imagenet_c,defocus_blur,1,none
efficientnet_b4,ILSVRC2012_val_00018534.JPEG,n03627232,616,616,0.17678571,1,imagenet_c,defocus_blur,1,none
efficientnet_b4,ILSVRC2012_val_00019463.JPEG,n03627232,616,616,0.579955,1,imagenet_c,defocus_blur,1,none
efficientnet_b4,ILSVRC2012_val_00020421.JPEG,n03627232,616,616,0.5772762,1,imagenet_c,defocus_blur,1,none
efficientnet_b4,ILSVRC2012_val_00020567.JPEG,n03627232,616,616,0.19948329,1,imagenet_c,defocus_blur,1,none
efficientnet_b4,ILSVRC2012_val_00020947.JPEG,n03627232,616,616,0.5501117,1,imagenet_c,defocus_blur,1,none
efficientnet_b4,ILSVRC2012_val_00021018.JPEG,n03627232,616,616,0.57785445,1,imagenet_c,defocus_blur,1,none
efficientnet_b4,ILSVRC2012_val_00021785.JPEG,n03627232,616,830,0.099927,0,imagenet_c,defocus_blur,1,none
efficientnet_b4,ILSVRC2012_val_00022225.JPEG,n03627232,616,616,0.3674633,1,imagenet_c,defocus_blur,1,none
efficientnet_b4,ILSVRC2012_val_00023148.JPEG,n03627232,616,616,0.061888386,1,imagenet_c,defocus_blur,1,none
efficientnet_b4,ILSVRC2012_val_00024689.JPEG,n03627232,616,840,0.07708967,0,imagenet_c,defocus_blur,1,none
efficientnet_b4,ILSVRC2012_val_00025844.JPEG,n03627232,616,616,0.6799207,1,imagenet_c,defocus_blur,1,none
efficientnet_b4,ILSVRC2012_val_00028984.JPEG,n03627232,616,616,0.57663476,1,imagenet_c,defocus_blur,1,none
efficientnet_b4,ILSVRC2012_val_00029564.JPEG,n03627232,616,616,0.6551241,1,imagenet_c,defocus_blur,1,none
efficientnet_b4,ILSVRC2012_val_00030345.JPEG,n03627232,616,616,0.7384421,1,imagenet_c,defocus_blur,1,none
efficientnet_b4,ILSVRC2012_val_00030434.JPEG,n03627232,616,616,0.38563338,1,imagenet_c,defocus_blur,1,none
efficientnet_b4,ILSVRC2012_val_00030673.JPEG,n03627232,616,616,0.76492894,1,imagenet_c,defocus_blur,1,none
efficientnet_b4,ILSVRC2012_val_00031210.JPEG,n03627232,616,616,0.57082254,1,imagenet_c,defocus_blur,1,none
efficientnet_b4,ILSVRC2012_val_00031229.JPEG,n03627232,616,616,0.3783489,1,imagenet_c,defocus_blur,1,none
efficientnet_b4,ILSVRC2012_val_00033273.JPEG,n03627232,616,370,0.057050098,0,imagenet_c,defocus_blur,1,none
efficientnet_b4,ILSVRC2012_val_00035958.JPEG,n03627232,616,616,0.7129413,1,imagenet_c,defocus_blur,1,none
efficientnet_b4,ILSVRC2012_val_00037520.JPEG,n03627232,616,674,0.12946737,0,imagenet_c,defocus_blur,1,none
efficientnet_b4,ILSVRC2012_val_00037526.JPEG,n03627232,616,616,0.3311159,1,imagenet_c,defocus_blur,1,none
efficientnet_b4,ILSVRC2012_val_00037616.JPEG,n03627232,616,488,0.49582586,0,imagenet_c,defocus_blur,1,none
efficientnet_b4,ILSVRC2012_val_00039187.JPEG,n03627232,616,616,0.28988662,1,imagenet_c,defocus_blur,1,none
efficientnet_b4,ILSVRC2012_val_00039484.JPEG,n03627232,616,616,0.44832754,1,imagenet_c,defocus_blur,1,none
efficientnet_b4,ILSVRC2012_val_00041581.JPEG,n03627232,616,616,0.38612923,1,imagenet_c,defocus_blur,1,none
efficientnet_b4,ILSVRC2012_val_00041858.JPEG,n03627232,616,616,0.5911218,1,imagenet_c,defocus_blur,1,none
efficientnet_b4,ILSVRC2012_val_00042062.JPEG,n03627232,616,616,0.78487337,1,imagenet_c,defocus_blur,1,none
efficientnet_b4,ILSVRC2012_val_00042065.JPEG,n03627232,616,616,0.58168036,1,imagenet_c,defocus_blur,1,none
efficientnet_b4,ILSVRC2012_val_00043163.JPEG,n03627232,616,738,0.078219354,0,imagenet_c,defocus_blur,1,none
efficientnet_b4,ILSVRC2012_val_00043729.JPEG,n03627232,616,121,0.0613862,0,imagenet_c,defocus_blur,1,none
efficientnet_b4,ILSVRC2012_val_00044425.JPEG,n03627232,616,616,0.5728443,1,imagenet_c,defocus_blur,1,none
efficientnet_b4,ILSVRC2012_val_00045419.JPEG,n03627232,616,616,0.49243906,1,imagenet_c,defocus_blur,1,none
efficientnet_b4,ILSVRC2012_val_00045843.JPEG,n03627232,616,616,0.57221055,1,imagenet_c,defocus_blur,1,none
efficientnet_b4,ILSVRC2012_val_00047248.JPEG,n03627232,616,488,0.39848676,0,imagenet_c,defocus_blur,1,none
efficientnet_b4,ILSVRC2012_val_00049916.JPEG,n03627232,616,616,0.64267534,1,imagenet_c,defocus_blur,1,none
efficientnet_b4,ILSVRC2012_val_00002627.JPEG,n03630383,617,617,0.52751535,1,imagenet_c,defocus_blur,1,none
efficientnet_b4,ILSVRC2012_val_00002657.JPEG,n03630383,617,617,0.317021,1,imagenet_c,defocus_blur,1,none
efficientnet_b4,ILSVRC2012_val_00004189.JPEG,n03630383,617,869,0.26819775,0,imagenet_c,defocus_blur,1,none
efficientnet_b4,ILSVRC2012_val_00004537.JPEG,n03630383,617,617,0.812155,1,imagenet_c,defocus_blur,1,none
efficientnet_b4,ILSVRC2012_val_00004726.JPEG,n03630383,617,617,0.6668708,1,imagenet_c,defocus_blur,1,none
efficientnet_b4,ILSVRC2012_val_00007703.JPEG,n03630383,617,410,0.1474587,0,imagenet_c,defocus_blur,1,none
efficientnet_b4,ILSVRC2012_val_00007859.JPEG,n03630383,617,823,0.48272672,0,imagenet_c,defocus_blur,1,none
efficientnet_b4,ILSVRC2012_val_00009127.JPEG,n03630383,617,617,0.6367092,1,imagenet_c,defocus_blur,1,none
efficientnet_b4,ILSVRC2012_val_00010469.JPEG,n03630383,617,617,0.16169716,1,imagenet_c,defocus_blur,1,none
efficientnet_b4,ILSVRC2012_val_00011301.JPEG,n03630383,617,617,0.51384854,1,imagenet_c,defocus_blur,1,none
efficientnet_b4,ILSVRC2012_val_00015323.JPEG,n03630383,617,617,0.3542553,1,imagenet_c,defocus_blur,1,none
efficientnet_b4,ILSVRC2012_val_00016123.JPEG,n03630383,617,617,0.7726855,1,imagenet_c,defocus_blur,1,none
efficientnet_b4,ILSVRC2012_val_00016305.JPEG,n03630383,617,617,0.6861919,1,imagenet_c,defocus_blur,1,none
efficientnet_b4,ILSVRC2012_val_00016356.JPEG,n03630383,617,617,0.74191606,1,imagenet_c,defocus_blur,1,none
efficientnet_b4,ILSVRC2012_val_00016958.JPEG,n03630383,617,617,0.69994926,1,imagenet_c,defocus_blur,1,none
efficientnet_b4,ILSVRC2012_val_00018458.JPEG,n03630383,617,617,0.43128672,1,imagenet_c,defocus_blur,1,none
efficientnet_b4,ILSVRC2012_val_00019359.JPEG,n03630383,617,617,0.6902944,1,imagenet_c,defocus_blur,1,none
efficientnet_b4,ILSVRC2012_val_00019735.JPEG,n03630383,617,617,0.7242293,1,imagenet_c,defocus_blur,1,none
efficientnet_b4,ILSVRC2012_val_00020085.JPEG,n03630383,617,617,0.4323219,1,imagenet_c,defocus_blur,1,none
efficientnet_b4,ILSVRC2012_val_00020521.JPEG,n03630383,617,617,0.7858353,1,imagenet_c,defocus_blur,1,none
efficientnet_b4,ILSVRC2012_val_00020570.JPEG,n03630383,617,810,0.06731844,0,imagenet_c,defocus_blur,1,none
efficientnet_b4,ILSVRC2012_val_00021598.JPEG,n03630383,617,617,0.6618701,1,imagenet_c,defocus_blur,1,none
efficientnet_b4,ILSVRC2012_val_00021852.JPEG,n03630383,617,617,0.53336054,1,imagenet_c,defocus_blur,1,none
efficientnet_b4,ILSVRC2012_val_00022317.JPEG,n03630383,617,617,0.36510444,1,imagenet_c,defocus_blur,1,none
efficientnet_b4,ILSVRC2012_val_00023509.JPEG,n03630383,617,617,0.59051985,1,imagenet_c,defocus_blur,1,none
efficientnet_b4,ILSVRC2012_val_00023980.JPEG,n03630383,617,617,0.23349246,1,imagenet_c,defocus_blur,1,none
efficientnet_b4,ILSVRC2012_val_00024199.JPEG,n03630383,617,617,0.48772043,1,imagenet_c,defocus_blur,1,none
efficientnet_b4,ILSVRC2012_val_00026329.JPEG,n03630383,617,617,0.5801736,1,imagenet_c,defocus_blur,1,none
efficientnet_b4,ILSVRC2012_val_00027847.JPEG,n03630383,617,617,0.48344743,1,imagenet_c,defocus_blur,1,none
efficientnet_b4,ILSVRC2012_val_00028110.JPEG,n03630383,617,582,0.26078925,0,imagenet_c,defocus_blur,1,none
efficientnet_b4,ILSVRC2012_val_00029815.JPEG,n03630383,617,617,0.4874376,1,imagenet_c,defocus_blur,1,none
efficientnet_b4,ILSVRC2012_val_00030376.JPEG,n03630383,617,617,0.7864881,1,imagenet_c,defocus_blur,1,none
efficientnet_b4,ILSVRC2012_val_00031104.JPEG,n03630383,617,617,0.80134666,1,imagenet_c,defocus_blur,1,none
efficientnet_b4,ILSVRC2012_val_00032567.JPEG,n03630383,617,756,0.039718762,0,imagenet_c,defocus_blur,1,none
efficientnet_b4,ILSVRC2012_val_00034841.JPEG,n03630383,617,617,0.20043886,1,imagenet_c,defocus_blur,1,none
efficientnet_b4,ILSVRC2012_val_00036584.JPEG,n03630383,617,830,0.29242346,0,imagenet_c,defocus_blur,1,none
efficientnet_b4,ILSVRC2012_val_00037355.JPEG,n03630383,617,728,0.1871189,0,imagenet_c,defocus_blur,1,none
efficientnet_b4,ILSVRC2012_val_00037487.JPEG,n03630383,617,617,0.6300659,1,imagenet_c,defocus_blur,1,none
efficientnet_b4,ILSVRC2012_val_00038063.JPEG,n03630383,617,617,0.49812493,1,imagenet_c,defocus_blur,1,none
efficientnet_b4,ILSVRC2012_val_00039803.JPEG,n03630383,617,617,0.28607687,1,imagenet_c,defocus_blur,1,none
efficientnet_b4,ILSVRC2012_val_00040416.JPEG,n03630383,617,617,0.42036158,1,imagenet_c,defocus_blur,1,none
efficientnet_b4,ILSVRC2012_val_00040483.JPEG,n03630383,617,617,0.19280754,1,imagenet_c,defocus_blur,1,none
efficientnet_b4,ILSVRC2012_val_00040554.JPEG,n03630383,617,869,0.30615416,0,imagenet_c,defocus_blur,1,none
efficientnet_b4,ILSVRC2012_val_00041526.JPEG,n03630383,617,617,0.60723436,1,imagenet_c,defocus_blur,1,none
efficientnet_b4,ILSVRC2012_val_00042984.JPEG,n03630383,617,697,0.07249887,0,imagenet_c,defocus_blur,1,none
efficientnet_b4,ILSVRC2012_val_00045271.JPEG,n03630383,617,617,0.27793288,1,imagenet_c,defocus_blur,1,none
efficientnet_b4,ILSVRC2012_val_00047559.JPEG,n03630383,617,617,0.777333,1,imagenet_c,defocus_blur,1,none
efficientnet_b4,ILSVRC2012_val_00048565.JPEG,n03630383,617,617,0.54201275,1,imagenet_c,defocus_blur,1,none
efficientnet_b4,ILSVRC2012_val_00049178.JPEG,n03630383,617,617,0.68281275,1,imagenet_c,defocus_blur,1,none
efficientnet_b4,ILSVRC2012_val_00049346.JPEG,n03630383,617,617,0.5613806,1,imagenet_c,defocus_blur,1,none
efficientnet_b4,ILSVRC2012_val_00000684.JPEG,n03633091,618,647,0.18387191,0,imagenet_c,defocus_blur,1,none
efficientnet_b4,ILSVRC2012_val_00002347.JPEG,n03633091,618,618,0.7455054,1,imagenet_c,defocus_blur,1,none
efficientnet_b4,ILSVRC2012_val_00003741.JPEG,n03633091,618,818,0.16618618,0,imagenet_c,defocus_blur,1,none
efficientnet_b4,ILSVRC2012_val_00004736.JPEG,n03633091,618,925,0.4686793,0,imagenet_c,defocus_blur,1,none
efficientnet_b4,ILSVRC2012_val_00006333.JPEG,n03633091,618,567,0.439562,0,imagenet_c,defocus_blur,1,none
efficientnet_b4,ILSVRC2012_val_00009885.JPEG,n03633091,618,596,0.11469341,0,imagenet_c,defocus_blur,1,none
efficientnet_b4,ILSVRC2012_val_00009892.JPEG,n03633091,618,967,0.19995931,0,imagenet_c,defocus_blur,1,none
efficientnet_b4,ILSVRC2012_val_00010243.JPEG,n03633091,618,398,0.4701675,0,imagenet_c,defocus_blur,1,none
efficientnet_b4,ILSVRC2012_val_00011185.JPEG,n03633091,618,731,0.1398729,0,imagenet_c,defocus_blur,1,none
efficientnet_b4,ILSVRC2012_val_00014118.JPEG,n03633091,618,891,0.26310238,0,imagenet_c,defocus_blur,1,none
efficientnet_b4,ILSVRC2012_val_00014264.JPEG,n03633091,618,674,0.1286252,0,imagenet_c,defocus_blur,1,none
efficientnet_b4,ILSVRC2012_val_00014570.JPEG,n03633091,618,828,0.17858616,0,imagenet_c,defocus_blur,1,none
efficientnet_b4,ILSVRC2012_val_00015481.JPEG,n03633091,618,634,0.31813765,0,imagenet_c,defocus_blur,1,none
efficientnet_b4,ILSVRC2012_val_00017878.JPEG,n03633091,618,618,0.1538673,1,imagenet_c,defocus_blur,1,none
efficientnet_b4,ILSVRC2012_val_00019674.JPEG,n03633091,618,463,0.03807408,0,imagenet_c,defocus_blur,1,none
efficientnet_b4,ILSVRC2012_val_00019848.JPEG,n03633091,618,925,0.41640323,0,imagenet_c,defocus_blur,1,none
efficientnet_b4,ILSVRC2012_val_00019976.JPEG,n03633091,618,629,0.106193386,0,imagenet_c,defocus_blur,1,none
efficientnet_b4,ILSVRC2012_val_00022704.JPEG,n03633091,618,794,0.120881274,0,imagenet_c,defocus_blur,1,none
efficientnet_b4,ILSVRC2012_val_00022723.JPEG,n03633091,618,739,0.57274675,0,imagenet_c,defocus_blur,1,none
efficientnet_b4,ILSVRC2012_val_00024083.JPEG,n03633091,618,738,0.29051912,0,imagenet_c,defocus_blur,1,none
efficientnet_b4,ILSVRC2012_val_00025920.JPEG,n03633091,618,910,0.10450035,0,imagenet_c,defocus_blur,1,none
efficientnet_b4,ILSVRC2012_val_00028149.JPEG,n03633091,618,813,0.21863033,0,imagenet_c,defocus_blur,1,none
efficientnet_b4,ILSVRC2012_val_00028844.JPEG,n03633091,618,711,0.14535326,0,imagenet_c,defocus_blur,1,none
efficientnet_b4,ILSVRC2012_val_00029380.JPEG,n03633091,618,959,0.19805995,0,imagenet_c,defocus_blur,1,none
efficientnet_b4,ILSVRC2012_val_00029666.JPEG,n03633091,618,618,0.29348743,1,imagenet_c,defocus_blur,1,none
efficientnet_b4,ILSVRC2012_val_00029771.JPEG,n03633091,618,634,0.1185258,0,imagenet_c,defocus_blur,1,none
efficientnet_b4,ILSVRC2012_val_00033112.JPEG,n03633091,618,618,0.4721898,1,imagenet_c,defocus_blur,1,none
efficientnet_b4,ILSVRC2012_val_00034861.JPEG,n03633091,618,665,0.06540169,0,imagenet_c,defocus_blur,1,none
efficientnet_b4,ILSVRC2012_val_00034865.JPEG,n03633091,618,828,0.22093093,0,imagenet_c,defocus_blur,1,none
efficientnet_b4,ILSVRC2012_val_00035588.JPEG,n03633091,618,969,0.032522608,0,imagenet_c,defocus_blur,1,none
efficientnet_b4,ILSVRC2012_val_00036758.JPEG,n03633091,618,535,0.30017295,0,imagenet_c,defocus_blur,1,none
efficientnet_b4,ILSVRC2012_val_00037722.JPEG,n03633091,618,653,0.08628691,0,imagenet_c,defocus_blur,1,none
efficientnet_b4,ILSVRC2012_val_00037904.JPEG,n03633091,618,618,0.39451796,1,imagenet_c,defocus_blur,1,none
efficientnet_b4,ILSVRC2012_val_00038031.JPEG,n03633091,618,618,0.113201156,1,imagenet_c,defocus_blur,1,none
efficientnet_b4,ILSVRC2012_val_00038113.JPEG,n03633091,618,618,0.7753759,1,imagenet_c,defocus_blur,1,none
efficientnet_b4,ILSVRC2012_val_00039098.JPEG,n03633091,618,618,0.10000023,1,imagenet_c,defocus_blur,1,none
efficientnet_b4,ILSVRC2012_val_00039364.JPEG,n03633091,618,544,0.18349701,0,imagenet_c,defocus_blur,1,none
efficientnet_b4,ILSVRC2012_val_00040857.JPEG,n03633091,618,618,0.18871038,1,imagenet_c,defocus_blur,1,none
efficientnet_b4,ILSVRC2012_val_00041426.JPEG,n03633091,618,536,0.066147566,0,imagenet_c,defocus_blur,1,none
efficientnet_b4,ILSVRC2012_val_00043518.JPEG,n03633091,618,618,0.29656217,1,imagenet_c,defocus_blur,1,none
efficientnet_b4,ILSVRC2012_val_00044220.JPEG,n03633091,618,618,0.25186938,1,imagenet_c,defocus_blur,1,none
efficientnet_b4,ILSVRC2012_val_00044753.JPEG,n03633091,618,822,0.32488438,0,imagenet_c,defocus_blur,1,none
efficientnet_b4,ILSVRC2012_val_00044816.JPEG,n03633091,618,926,0.6092275,0,imagenet_c,defocus_blur,1,none
efficientnet_b4,ILSVRC2012_val_00045311.JPEG,n03633091,618,471,0.16123357,0,imagenet_c,defocus_blur,1,none
efficientnet_b4,ILSVRC2012_val_00046392.JPEG,n03633091,618,618,0.5921174,1,imagenet_c,defocus_blur,1,none
efficientnet_b4,ILSVRC2012_val_00046680.JPEG,n03633091,618,869,0.1927144,0,imagenet_c,defocus_blur,1,none
efficientnet_b4,ILSVRC2012_val_00047180.JPEG,n03633091,618,618,0.58742297,1,imagenet_c,defocus_blur,1,none
efficientnet_b4,ILSVRC2012_val_00047536.JPEG,n03633091,618,618,0.32536247,1,imagenet_c,defocus_blur,1,none
efficientnet_b4,ILSVRC2012_val_00048115.JPEG,n03633091,618,618,0.5823063,1,imagenet_c,defocus_blur,1,none
efficientnet_b4,ILSVRC2012_val_00048133.JPEG,n03633091,618,618,0.2268231,1,imagenet_c,defocus_blur,1,none
efficientnet_b4,ILSVRC2012_val_00000427.JPEG,n03637318,619,846,0.63663065,0,imagenet_c,defocus_blur,1,none
efficientnet_b4,ILSVRC2012_val_00001257.JPEG,n03637318,619,607,0.1627463,0,imagenet_c,defocus_blur,1,none
efficientnet_b4,ILSVRC2012_val_00002808.JPEG,n03637318,619,846,0.3887078,0,imagenet_c,defocus_blur,1,none
efficientnet_b4,ILSVRC2012_val_00002980.JPEG,n03637318,619,619,0.5494728,1,imagenet_c,defocus_blur,1,none
efficientnet_b4,ILSVRC2012_val_00003740.JPEG,n03637318,619,846,0.42185506,0,imagenet_c,defocus_blur,1,none
efficientnet_b4,ILSVRC2012_val_00007656.JPEG,n03637318,619,545,0.22100382,0,imagenet_c,defocus_blur,1,none
efficientnet_b4,ILSVRC2012_val_00007691.JPEG,n03637318,619,619,0.4425218,1,imagenet_c,defocus_blur,1,none
efficientnet_b4,ILSVRC2012_val_00009048.JPEG,n03637318,619,846,0.46345285,0,imagenet_c,defocus_blur,1,none
efficientnet_b4,ILSVRC2012_val_00009727.JPEG,n03637318,619,846,0.28004792,0,imagenet_c,defocus_blur,1,none
efficientnet_b4,ILSVRC2012_val_00010971.JPEG,n03637318,619,994,0.056803845,0,imagenet_c,defocus_blur,1,none
efficientnet_b4,ILSVRC2012_val_00012139.JPEG,n03637318,619,905,0.5333861,0,imagenet_c,defocus_blur,1,none
efficientnet_b4,ILSVRC2012_val_00012801.JPEG,n03637318,619,846,0.2505705,0,imagenet_c,defocus_blur,1,none
efficientnet_b4,ILSVRC2012_val_00013438.JPEG,n03637318,619,684,0.47037387,0,imagenet_c,defocus_blur,1,none
efficientnet_b4,ILSVRC2012_val_00015441.JPEG,n03637318,619,452,0.038777977,0,imagenet_c,defocus_blur,1,none
efficientnet_b4,ILSVRC2012_val_00017175.JPEG,n03637318,619,506,0.69299084,0,imagenet_c,defocus_blur,1,none
efficientnet_b4,ILSVRC2012_val_00017312.JPEG,n03637318,619,619,0.097875565,1,imagenet_c,defocus_blur,1,none
efficientnet_b4,ILSVRC2012_val_00017934.JPEG,n03637318,619,846,0.6041432,0,imagenet_c,defocus_blur,1,none
efficientnet_b4,ILSVRC2012_val_00018140.JPEG,n03637318,619,846,0.41230267,0,imagenet_c,defocus_blur,1,none
efficientnet_b4,ILSVRC2012_val_00018590.JPEG,n03637318,619,818,0.35435012,0,imagenet_c,defocus_blur,1,none
efficientnet_b4,ILSVRC2012_val_00020029.JPEG,n03637318,619,846,0.21499124,0,imagenet_c,defocus_blur,1,none
efficientnet_b4,ILSVRC2012_val_00020746.JPEG,n03637318,619,846,0.49075782,0,imagenet_c,defocus_blur,1,none
efficientnet_b4,ILSVRC2012_val_00021095.JPEG,n03637318,619,619,0.6666877,1,imagenet_c,defocus_blur,1,none
efficientnet_b4,ILSVRC2012_val_00021726.JPEG,n03637318,619,427,0.09879602,0,imagenet_c,defocus_blur,1,none
efficientnet_b4,ILSVRC2012_val_00024114.JPEG,n03637318,619,530,0.28733358,0,imagenet_c,defocus_blur,1,none
efficientnet_b4,ILSVRC2012_val_00025198.JPEG,n03637318,619,846,0.62076515,0,imagenet_c,defocus_blur,1,none
efficientnet_b4,ILSVRC2012_val_00026438.JPEG,n03637318,619,619,0.24791504,1,imagenet_c,defocus_blur,1,none
efficientnet_b4,ILSVRC2012_val_00026568.JPEG,n03637318,619,589,0.34509334,0,imagenet_c,defocus_blur,1,none
efficientnet_b4,ILSVRC2012_val_00026798.JPEG,n03637318,619,719,0.39295757,0,imagenet_c,defocus_blur,1,none
efficientnet_b4,ILSVRC2012_val_00027525.JPEG,n03637318,619,686,0.66937333,0,imagenet_c,defocus_blur,1,none
efficientnet_b4,ILSVRC2012_val_00028639.JPEG,n03637318,619,846,0.34931743,0,imagenet_c,defocus_blur,1,none
efficientnet_b4,ILSVRC2012_val_00029645.JPEG,n03637318,619,607,0.34891903,0,imagenet_c,defocus_blur,1,none
efficientnet_b4,ILSVRC2012_val_00030334.JPEG,n03637318,619,846,0.27675667,0,imagenet_c,defocus_blur,1,none
efficientnet_b4,ILSVRC2012_val_00031039.JPEG,n03637318,619,846,0.5098083,0,imagenet_c,defocus_blur,1,none
efficientnet_b4,ILSVRC2012_val_00032059.JPEG,n03637318,619,846,0.08686432,0,imagenet_c,defocus_blur,1,none
efficientnet_b4,ILSVRC2012_val_00033621.JPEG,n03637318,619,619,0.24703474,1,imagenet_c,defocus_blur,1,none
efficientnet_b4,ILSVRC2012_val_00034586.JPEG,n03637318,619,470,0.19041939,0,imagenet_c,defocus_blur,1,none
efficientnet_b4,ILSVRC2012_val_00035240.JPEG,n03637318,619,619,0.33661443,1,imagenet_c,defocus_blur,1,none
efficientnet_b4,ILSVRC2012_val_00035854.JPEG,n03637318,619,619,0.29245478,1,imagenet_c,defocus_blur,1,none
efficientnet_b4,ILSVRC2012_val_00036892.JPEG,n03637318,619,846,0.61997634,0,imagenet_c,defocus_blur,1,none
efficientnet_b4,ILSVRC2012_val_00038494.JPEG,n03637318,619,619,0.28425324,1,imagenet_c,defocus_blur,1,none
efficientnet_b4,ILSVRC2012_val_00043760.JPEG,n03637318,619,846,0.38506946,0,imagenet_c,defocus_blur,1,none
efficientnet_b4,ILSVRC2012_val_00044447.JPEG,n03637318,619,619,0.15182358,1,imagenet_c,defocus_blur,1,none
efficientnet_b4,ILSVRC2012_val_00044807.JPEG,n03637318,619,417,0.3713878,0,imagenet_c,defocus_blur,1,none
efficientnet_b4,ILSVRC2012_val_00045527.JPEG,n03637318,619,619,0.35833603,1,imagenet_c,defocus_blur,1,none
efficientnet_b4,ILSVRC2012_val_00046581.JPEG,n03637318,619,328,0.07009129,0,imagenet_c,defocus_blur,1,none
efficientnet_b4,ILSVRC2012_val_00047460.JPEG,n03637318,619,846,0.2894022,0,imagenet_c,defocus_blur,1,none
efficientnet_b4,ILSVRC2012_val_00048021.JPEG,n03637318,619,846,0.43344188,0,imagenet_c,defocus_blur,1,none
efficientnet_b4,ILSVRC2012_val_00048327.JPEG,n03637318,619,846,0.50191283,0,imagenet_c,defocus_blur,1,none
efficientnet_b4,ILSVRC2012_val_00048879.JPEG,n03637318,619,417,0.032184143,0,imagenet_c,defocus_blur,1,none
efficientnet_b4,ILSVRC2012_val_00049145.JPEG,n03637318,619,846,0.27598304,0,imagenet_c,defocus_blur,1,none
efficientnet_b4,ILSVRC2012_val_00000151.JPEG,n03642806,620,620,0.110703476,1,imagenet_c,defocus_blur,1,none
efficientnet_b4,ILSVRC2012_val_00000660.JPEG,n03642806,620,620,0.14084135,1,imagenet_c,defocus_blur,1,none
efficientnet_b4,ILSVRC2012_val_00001713.JPEG,n03642806,620,681,0.26399052,0,imagenet_c,defocus_blur,1,none
efficientnet_b4,ILSVRC2012_val_00002580.JPEG,n03642806,620,681,0.16873604,0,imagenet_c,defocus_blur,1,none
efficientnet_b4,ILSVRC2012_val_00003142.JPEG,n03642806,620,556,0.28592578,0,imagenet_c,defocus_blur,1,none
efficientnet_b4,ILSVRC2012_val_00003418.JPEG,n03642806,620,527,0.19429268,0,imagenet_c,defocus_blur,1,none
efficientnet_b4,ILSVRC2012_val_00005001.JPEG,n03642806,620,563,0.17900133,0,imagenet_c,defocus_blur,1,none
efficientnet_b4,ILSVRC2012_val_00005275.JPEG,n03642806,620,681,0.43526146,0,imagenet_c,defocus_blur,1,none
efficientnet_b4,ILSVRC2012_val_00005940.JPEG,n03642806,620,620,0.18575792,1,imagenet_c,defocus_blur,1,none
efficientnet_b4,ILSVRC2012_val_00007373.JPEG,n03642806,620,620,0.7572535,1,imagenet_c,defocus_blur,1,none
efficientnet_b4,ILSVRC2012_val_00007948.JPEG,n03642806,620,620,0.3702504,1,imagenet_c,defocus_blur,1,none
efficientnet_b4,ILSVRC2012_val_00008787.JPEG,n03642806,620,620,0.12970075,1,imagenet_c,defocus_blur,1,none
efficientnet_b4,ILSVRC2012_val_00008836.JPEG,n03642806,620,681,0.20052555,0,imagenet_c,defocus_blur,1,none
efficientnet_b4,ILSVRC2012_val_00011275.JPEG,n03642806,620,681,0.31363115,0,imagenet_c,defocus_blur,1,none
efficientnet_b4,ILSVRC2012_val_00011923.JPEG,n03642806,620,590,0.3868905,0,imagenet_c,defocus_blur,1,none
efficientnet_b4,ILSVRC2012_val_00015965.JPEG,n03642806,620,620,0.18690364,1,imagenet_c,defocus_blur,1,none
efficientnet_b4,ILSVRC2012_val_00016812.JPEG,n03642806,620,620,0.18375036,1,imagenet_c,defocus_blur,1,none
efficientnet_b4,ILSVRC2012_val_00017736.JPEG,n03642806,620,851,0.19709109,0,imagenet_c,defocus_blur,1,none
efficientnet_b4,ILSVRC2012_val_00018063.JPEG,n03642806,620,681,0.23077433,0,imagenet_c,defocus_blur,1,none
efficientnet_b4,ILSVRC2012_val_00018221.JPEG,n03642806,620,681,0.23113084,0,imagenet_c,defocus_blur,1,none
efficientnet_b4,ILSVRC2012_val_00019840.JPEG,n03642806,620,810,0.07121809,0,imagenet_c,defocus_blur,1,none
efficientnet_b4,ILSVRC2012_val_00021413.JPEG,n03642806,620,620,0.43049774,1,imagenet_c,defocus_blur,1,none
efficientnet_b4,ILSVRC2012_val_00021447.JPEG,n03642806,620,681,0.27548096,0,imagenet_c,defocus_blur,1,none
efficientnet_b4,ILSVRC2012_val_00022093.JPEG,n03642806,620,681,0.25333086,0,imagenet_c,defocus_blur,1,none
efficientnet_b4,ILSVRC2012_val_00022256.JPEG,n03642806,620,681,0.11282323,0,imagenet_c,defocus_blur,1,none
efficientnet_b4,ILSVRC2012_val_00024496.JPEG,n03642806,620,232,0.06533967,0,imagenet_c,defocus_blur,1,none
efficientnet_b4,ILSVRC2012_val_00024499.JPEG,n03642806,620,620,0.14815675,1,imagenet_c,defocus_blur,1,none
efficientnet_b4,ILSVRC2012_val_00024552.JPEG,n03642806,620,681,0.22529401,0,imagenet_c,defocus_blur,1,none
efficientnet_b4,ILSVRC2012_val_00024869.JPEG,n03642806,620,527,0.19242412,0,imagenet_c,defocus_blur,1,none
efficientnet_b4,ILSVRC2012_val_00026305.JPEG,n03642806,620,681,0.36520067,0,imagenet_c,defocus_blur,1,none
efficientnet_b4,ILSVRC2012_val_00029674.JPEG,n03642806,620,620,0.22263606,1,imagenet_c,defocus_blur,1,none
efficientnet_b4,ILSVRC2012_val_00030849.JPEG,n03642806,620,617,0.19119075,0,imagenet_c,defocus_blur,1,none
efficientnet_b4,ILSVRC2012_val_00031511.JPEG,n03642806,620,481,0.15553714,0,imagenet_c,defocus_blur,1,none
efficientnet_b4,ILSVRC2012_val_00031537.JPEG,n03642806,620,526,0.089938216,0,imagenet_c,defocus_blur,1,none
efficientnet_b4,ILSVRC2012_val_00031574.JPEG,n03642806,620,681,0.15640816,0,imagenet_c,defocus_blur,1,none
efficientnet_b4,ILSVRC2012_val_00031843.JPEG,n03642806,620,827,0.09159036,0,imagenet_c,defocus_blur,1,none
efficientnet_b4,ILSVRC2012_val_00033185.JPEG,n03642806,620,681,0.18199049,0,imagenet_c,defocus_blur,1,none
efficientnet_b4,ILSVRC2012_val_00037062.JPEG,n03642806,620,681,0.2167919,0,imagenet_c,defocus_blur,1,none
efficientnet_b4,ILSVRC2012_val_00037209.JPEG,n03642806,620,620,0.15626152,1,imagenet_c,defocus_blur,1,none
efficientnet_b4,ILSVRC2012_val_00038082.JPEG,n03642806,620,681,0.18724662,0,imagenet_c,defocus_blur,1,none
efficientnet_b4,ILSVRC2012_val_00038104.JPEG,n03642806,620,620,0.27108568,1,imagenet_c,defocus_blur,1,none
efficientnet_b4,ILSVRC2012_val_00038829.JPEG,n03642806,620,681,0.37736833,0,imagenet_c,defocus_blur,1,none
efficientnet_b4,ILSVRC2012_val_00040665.JPEG,n03642806,620,810,0.08974433,0,imagenet_c,defocus_blur,1,none
efficientnet_b4,ILSVRC2012_val_00042454.JPEG,n03642806,620,681,0.17950208,0,imagenet_c,defocus_blur,1,none
efficientnet_b4,ILSVRC2012_val_00043390.JPEG,n03642806,620,620,0.45917705,1,imagenet_c,defocus_blur,1,none
efficientnet_b4,ILSVRC2012_val_00045326.JPEG,n03642806,620,620,0.1560206,1,imagenet_c,defocus_blur,1,none
efficientnet_b4,ILSVRC2012_val_00047429.JPEG,n03642806,620,620,0.14417867,1,imagenet_c,defocus_blur,1,none
efficientnet_b4,ILSVRC2012_val_00048251.JPEG,n03642806,620,681,0.19156593,0,imagenet_c,defocus_blur,1,none
efficientnet_b4,ILSVRC2012_val_00048258.JPEG,n03642806,620,681,0.13394988,0,imagenet_c,defocus_blur,1,none
efficientnet_b4,ILSVRC2012_val_00048620.JPEG,n03642806,620,620,0.31521124,1,imagenet_c,defocus_blur,1,none
efficientnet_b4,ILSVRC2012_val_00000384.JPEG,n03649909,621,621,0.66053283,1,imagenet_c,defocus_blur,1,none
efficientnet_b4,ILSVRC2012_val_00001433.JPEG,n03649909,621,621,0.6265086,1,imagenet_c,defocus_blur,1,none
efficientnet_b4,ILSVRC2012_val_00001446.JPEG,n03649909,621,413,0.09144629,0,imagenet_c,defocus_blur,1,none
efficientnet_b4,ILSVRC2012_val_00001839.JPEG,n03649909,621,621,0.5615556,1,imagenet_c,defocus_blur,1,none
efficientnet_b4,ILSVRC2012_val_00003483.JPEG,n03649909,621,621,0.26172185,1,imagenet_c,defocus_blur,1,none
efficientnet_b4,ILSVRC2012_val_00005053.JPEG,n03649909,621,621,0.72305745,1,imagenet_c,defocus_blur,1,none
efficientnet_b4,ILSVRC2012_val_00005246.JPEG,n03649909,621,573,0.2755685,0,imagenet_c,defocus_blur,1,none
efficientnet_b4,ILSVRC2012_val_00005717.JPEG,n03649909,621,751,0.17602205,0,imagenet_c,defocus_blur,1,none
efficientnet_b4,ILSVRC2012_val_00006009.JPEG,n03649909,621,573,0.08243717,0,imagenet_c,defocus_blur,1,none
efficientnet_b4,ILSVRC2012_val_00006017.JPEG,n03649909,621,621,0.70761037,1,imagenet_c,defocus_blur,1,none
efficientnet_b4,ILSVRC2012_val_00007358.JPEG,n03649909,621,621,0.568246,1,imagenet_c,defocus_blur,1,none
efficientnet_b4,ILSVRC2012_val_00009771.JPEG,n03649909,621,621,0.5691262,1,imagenet_c,defocus_blur,1,none
efficientnet_b4,ILSVRC2012_val_00009937.JPEG,n03649909,621,621,0.5152372,1,imagenet_c,defocus_blur,1,none
efficientnet_b4,ILSVRC2012_val_00010775.JPEG,n03649909,621,882,0.14175595,0,imagenet_c,defocus_blur,1,none
efficientnet_b4,ILSVRC2012_val_00012061.JPEG,n03649909,621,621,0.12292162,1,imagenet_c,defocus_blur,1,none
efficientnet_b4,ILSVRC2012_val_00012348.JPEG,n03649909,621,621,0.45962754,1,imagenet_c,defocus_blur,1,none
efficientnet_b4,ILSVRC2012_val_00013162.JPEG,n03649909,621,621,0.33127856,1,imagenet_c,defocus_blur,1,none
efficientnet_b4,ILSVRC2012_val_00017305.JPEG,n03649909,621,621,0.57795566,1,imagenet_c,defocus_blur,1,none
efficientnet_b4,ILSVRC2012_val_00020327.JPEG,n03649909,621,843,0.31005913,0,imagenet_c,defocus_blur,1,none
efficientnet_b4,ILSVRC2012_val_00021670.JPEG,n03649909,621,621,0.6063887,1,imagenet_c,defocus_blur,1,none
efficientnet_b4,ILSVRC2012_val_00021870.JPEG,n03649909,621,621,0.6494956,1,imagenet_c,defocus_blur,1,none
efficientnet_b4,ILSVRC2012_val_00022230.JPEG,n03649909,621,621,0.5884731,1,imagenet_c,defocus_blur,1,none
efficientnet_b4,ILSVRC2012_val_00023077.JPEG,n03649909,621,573,0.24661456,0,imagenet_c,defocus_blur,1,none
efficientnet_b4,ILSVRC2012_val_00025989.JPEG,n03649909,621,621,0.6616373,1,imagenet_c,defocus_blur,1,none
efficientnet_b4,ILSVRC2012_val_00026117.JPEG,n03649909,621,621,0.7462878,1,imagenet_c,defocus_blur,1,none
efficientnet_b4,ILSVRC2012_val_00026632.JPEG,n03649909,621,621,0.52465963,1,imagenet_c,defocus_blur,1,none
efficientnet_b4,ILSVRC2012_val_00028728.JPEG,n03649909,621,621,0.18113315,1,imagenet_c,defocus_blur,1,none
efficientnet_b4,ILSVRC2012_val_00029405.JPEG,n03649909,621,803,0.117914416,0,imagenet_c,defocus_blur,1,none
efficientnet_b4,ILSVRC2012_val_00029725.JPEG,n03649909,621,621,0.44404742,1,imagenet_c,defocus_blur,1,none
efficientnet_b4,ILSVRC2012_val_00029944.JPEG,n03649909,621,621,0.43375283,1,imagenet_c,defocus_blur,1,none
efficientnet_b4,ILSVRC2012_val_00030700.JPEG,n03649909,621,830,0.07853223,0,imagenet_c,defocus_blur,1,none
efficientnet_b4,ILSVRC2012_val_00031075.JPEG,n03649909,621,866,0.14919846,0,imagenet_c,defocus_blur,1,none
efficientnet_b4,ILSVRC2012_val_00031606.JPEG,n03649909,621,621,0.61506057,1,imagenet_c,defocus_blur,1,none
efficientnet_b4,ILSVRC2012_val_00033176.JPEG,n03649909,621,621,0.6046192,1,imagenet_c,defocus_blur,1,none
efficientnet_b4,ILSVRC2012_val_00033574.JPEG,n03649909,621,621,0.65359175,1,imagenet_c,defocus_blur,1,none
efficientnet_b4,ILSVRC2012_val_00033704.JPEG,n03649909,621,621,0.646148,1,imagenet_c,defocus_blur,1,none
efficientnet_b4,ILSVRC2012_val_00034494.JPEG,n03649909,621,621,0.22454652,1,imagenet_c,defocus_blur,1,none
efficientnet_b4,ILSVRC2012_val_00036641.JPEG,n03649909,621,621,0.30290836,1,imagenet_c,defocus_blur,1,none
efficientnet_b4,ILSVRC2012_val_00038677.JPEG,n03649909,621,621,0.49959967,1,imagenet_c,defocus_blur,1,none
efficientnet_b4,ILSVRC2012_val_00038723.JPEG,n03649909,621,621,0.6094916,1,imagenet_c,defocus_blur,1,none
efficientnet_b4,ILSVRC2012_val_00038906.JPEG,n03649909,621,621,0.5946164,1,imagenet_c,defocus_blur,1,none
efficientnet_b4,ILSVRC2012_val_00039151.JPEG,n03649909,621,621,0.3513591,1,imagenet_c,defocus_blur,1,none
efficientnet_b4,ILSVRC2012_val_00042374.JPEG,n03649909,621,612,0.17106287,0,imagenet_c,defocus_blur,1,none
efficientnet_b4,ILSVRC2012_val_00042765.JPEG,n03649909,621,621,0.65995973,1,imagenet_c,defocus_blur,1,none
efficientnet_b4,ILSVRC2012_val_00043398.JPEG,n03649909,621,621,0.6360149,1,imagenet_c,defocus_blur,1,none
efficientnet_b4,ILSVRC2012_val_00043431.JPEG,n03649909,621,621,0.2555415,1,imagenet_c,defocus_blur,1,none
efficientnet_b4,ILSVRC2012_val_00047053.JPEG,n03649909,621,621,0.6940944,1,imagenet_c,defocus_blur,1,none
efficientnet_b4,ILSVRC2012_val_00047646.JPEG,n03649909,621,621,0.52234405,1,imagenet_c,defocus_blur,1,none
efficientnet_b4,ILSVRC2012_val_00049371.JPEG,n03649909,621,621,0.62540406,1,imagenet_c,defocus_blur,1,none
efficientnet_b4,ILSVRC2012_val_00049709.JPEG,n03649909,621,621,0.5689698,1,imagenet_c,defocus_blur,1,none
efficientnet_b4,ILSVRC2012_val_00000359.JPEG,n03657121,622,622,0.56531906,1,imagenet_c,defocus_blur,1,none
efficientnet_b4,ILSVRC2012_val_00000855.JPEG,n03657121,622,622,0.31957364,1,imagenet_c,defocus_blur,1,none
efficientnet_b4,ILSVRC2012_val_00001947.JPEG,n03657121,622,759,0.3569207,0,imagenet_c,defocus_blur,1,none
efficientnet_b4,ILSVRC2012_val_00003379.JPEG,n03657121,622,691,0.2569985,0,imagenet_c,defocus_blur,1,none
efficientnet_b4,ILSVRC2012_val_00005509.JPEG,n03657121,622,788,0.039516076,0,imagenet_c,defocus_blur,1,none
efficientnet_b4,ILSVRC2012_val_00006181.JPEG,n03657121,622,759,0.1526434,0,imagenet_c,defocus_blur,1,none
efficientnet_b4,ILSVRC2012_val_00006803.JPEG,n03657121,622,477,0.15912294,0,imagenet_c,defocus_blur,1,none
efficientnet_b4,ILSVRC2012_val_00007009.JPEG,n03657121,622,622,0.63543785,1,imagenet_c,defocus_blur,1,none
efficientnet_b4,ILSVRC2012_val_00007448.JPEG,n03657121,622,859,0.0786001,0,imagenet_c,defocus_blur,1,none
efficientnet_b4,ILSVRC2012_val_00009181.JPEG,n03657121,622,622,0.6158382,1,imagenet_c,defocus_blur,1,none
efficientnet_b4,ILSVRC2012_val_00009266.JPEG,n03657121,622,872,0.1567677,0,imagenet_c,defocus_blur,1,none
efficientnet_b4,ILSVRC2012_val_00009467.JPEG,n03657121,622,720,0.04374551,0,imagenet_c,defocus_blur,1,none
efficientnet_b4,ILSVRC2012_val_00009884.JPEG,n03657121,622,783,0.29950663,0,imagenet_c,defocus_blur,1,none
efficientnet_b4,ILSVRC2012_val_00011439.JPEG,n03657121,622,477,0.053445734,0,imagenet_c,defocus_blur,1,none
efficientnet_b4,ILSVRC2012_val_00012587.JPEG,n03657121,622,823,0.15137002,0,imagenet_c,defocus_blur,1,none
efficientnet_b4,ILSVRC2012_val_00013060.JPEG,n03657121,622,836,0.052376676,0,imagenet_c,defocus_blur,1,none
efficientnet_b4,ILSVRC2012_val_00017810.JPEG,n03657121,622,622,0.4847417,1,imagenet_c,defocus_blur,1,none
efficientnet_b4,ILSVRC2012_val_00017890.JPEG,n03657121,622,622,0.10711165,1,imagenet_c,defocus_blur,1,none
efficientnet_b4,ILSVRC2012_val_00018182.JPEG,n03657121,622,759,0.09550624,0,imagenet_c,defocus_blur,1,none
efficientnet_b4,ILSVRC2012_val_00020032.JPEG,n03657121,622,622,0.5957644,1,imagenet_c,defocus_blur,1,none
efficientnet_b4,ILSVRC2012_val_00020665.JPEG,n03657121,622,551,0.29427382,0,imagenet_c,defocus_blur,1,none
efficientnet_b4,ILSVRC2012_val_00023699.JPEG,n03657121,622,622,0.39528832,1,imagenet_c,defocus_blur,1,none
efficientnet_b4,ILSVRC2012_val_00024770.JPEG,n03657121,622,759,0.32750377,0,imagenet_c,defocus_blur,1,none
efficientnet_b4,ILSVRC2012_val_00025475.JPEG,n03657121,622,613,0.10226297,0,imagenet_c,defocus_blur,1,none
efficientnet_b4,ILSVRC2012_val_00026150.JPEG,n03657121,622,929,0.086444035,0,imagenet_c,defocus_blur,1,none
efficientnet_b4,ILSVRC2012_val_00027626.JPEG,n03657121,622,633,0.24253622,0,imagenet_c,defocus_blur,1,none
efficientnet_b4,ILSVRC2012_val_00028008.JPEG,n03657121,622,759,0.16766994,0,imagenet_c,defocus_blur,1,none
efficientnet_b4,ILSVRC2012_val_00029193.JPEG,n03657121,622,447,0.4549729,0,imagenet_c,defocus_blur,1,none
efficientnet_b4,ILSVRC2012_val_00029482.JPEG,n03657121,622,481,0.07864958,0,imagenet_c,defocus_blur,1,none
efficientnet_b4,ILSVRC2012_val_00029488.JPEG,n03657121,622,758,0.20858797,0,imagenet_c,defocus_blur,1,none
efficientnet_b4,ILSVRC2012_val_00030683.JPEG,n03657121,622,622,0.3884477,1,imagenet_c,defocus_blur,1,none
efficientnet_b4,ILSVRC2012_val_00031299.JPEG,n03657121,622,673,0.054438632,0,imagenet_c,defocus_blur,1,none
efficientnet_b4,ILSVRC2012_val_00033154.JPEG,n03657121,622,622,0.3675872,1,imagenet_c,defocus_blur,1,none
efficientnet_b4,ILSVRC2012_val_00035416.JPEG,n03657121,622,629,0.1461826,0,imagenet_c,defocus_blur,1,none
efficientnet_b4,ILSVRC2012_val_00035676.JPEG,n03657121,622,245,0.46715546,0,imagenet_c,defocus_blur,1,none
efficientnet_b4,ILSVRC2012_val_00036000.JPEG,n03657121,622,622,0.55721766,1,imagenet_c,defocus_blur,1,none
efficientnet_b4,ILSVRC2012_val_00036313.JPEG,n03657121,622,622,0.60481685,1,imagenet_c,defocus_blur,1,none
efficientnet_b4,ILSVRC2012_val_00036480.JPEG,n03657121,622,622,0.68584025,1,imagenet_c,defocus_blur,1,none
efficientnet_b4,ILSVRC2012_val_00039354.JPEG,n03657121,622,527,0.043004833,0,imagenet_c,defocus_blur,1,none
efficientnet_b4,ILSVRC2012_val_00039878.JPEG,n03657121,622,759,0.23389913,0,imagenet_c,defocus_blur,1,none
efficientnet_b4,ILSVRC2012_val_00043055.JPEG,n03657121,622,872,0.048131555,0,imagenet_c,defocus_blur,1,none
efficientnet_b4,ILSVRC2012_val_00043176.JPEG,n03657121,622,622,0.5859182,1,imagenet_c,defocus_blur,1,none
efficientnet_b4,ILSVRC2012_val_00044067.JPEG,n03657121,622,622,0.1764124,1,imagenet_c,defocus_blur,1,none
efficientnet_b4,ILSVRC2012_val_00045993.JPEG,n03657121,622,745,0.38047192,0,imagenet_c,defocus_blur,1,none
efficientnet_b4,ILSVRC2012_val_00046352.JPEG,n03657121,622,622,0.26748812,1,imagenet_c,defocus_blur,1,none
efficientnet_b4,ILSVRC2012_val_00046397.JPEG,n03657121,622,759,0.3192922,0,imagenet_c,defocus_blur,1,none
efficientnet_b4,ILSVRC2012_val_00047556.JPEG,n03657121,622,622,0.6120545,1,imagenet_c,defocus_blur,1,none
efficientnet_b4,ILSVRC2012_val_00048132.JPEG,n03657121,622,477,0.04759829,0,imagenet_c,defocus_blur,1,none
efficientnet_b4,ILSVRC2012_val_00048655.JPEG,n03657121,622,872,0.64783674,0,imagenet_c,defocus_blur,1,none
efficientnet_b4,ILSVRC2012_val_00048747.JPEG,n03657121,622,622,0.57415694,1,imagenet_c,defocus_blur,1,none
efficientnet_b4,ILSVRC2012_val_00001977.JPEG,n03658185,623,677,0.13144384,0,imagenet_c,defocus_blur,1,none
efficientnet_b4,ILSVRC2012_val_00004567.JPEG,n03658185,623,47,0.027886271,0,imagenet_c,defocus_blur,1,none
efficientnet_b4,ILSVRC2012_val_00007617.JPEG,n03658185,623,777,0.17928636,0,imagenet_c,defocus_blur,1,none
efficientnet_b4,ILSVRC2012_val_00008145.JPEG,n03658185,623,542,0.13793764,0,imagenet_c,defocus_blur,1,none
efficientnet_b4,ILSVRC2012_val_00010432.JPEG,n03658185,623,567,0.09703666,0,imagenet_c,defocus_blur,1,none
efficientnet_b4,ILSVRC2012_val_00010514.JPEG,n03658185,623,784,0.040444393,0,imagenet_c,defocus_blur,1,none
efficientnet_b4,ILSVRC2012_val_00010684.JPEG,n03658185,623,623,0.39409593,1,imagenet_c,defocus_blur,1,none
efficientnet_b4,ILSVRC2012_val_00011481.JPEG,n03658185,623,623,0.26171082,1,imagenet_c,defocus_blur,1,none
efficientnet_b4,ILSVRC2012_val_00012671.JPEG,n03658185,623,961,0.05195668,0,imagenet_c,defocus_blur,1,none
efficientnet_b4,ILSVRC2012_val_00013112.JPEG,n03658185,623,623,0.6087892,1,imagenet_c,defocus_blur,1,none
efficientnet_b4,ILSVRC2012_val_00014001.JPEG,n03658185,623,605,0.2000745,0,imagenet_c,defocus_blur,1,none
efficientnet_b4,ILSVRC2012_val_00016985.JPEG,n03658185,623,623,0.097782105,1,imagenet_c,defocus_blur,1,none
efficientnet_b4,ILSVRC2012_val_00017007.JPEG,n03658185,623,477,0.39193484,0,imagenet_c,defocus_blur,1,none
efficientnet_b4,ILSVRC2012_val_00019407.JPEG,n03658185,623,481,0.29363972,0,imagenet_c,defocus_blur,1,none
efficientnet_b4,ILSVRC2012_val_00019541.JPEG,n03658185,623,777,0.08815302,0,imagenet_c,defocus_blur,1,none
efficientnet_b4,ILSVRC2012_val_00020956.JPEG,n03658185,623,418,0.29973242,0,imagenet_c,defocus_blur,1,none
efficientnet_b4,ILSVRC2012_val_00021849.JPEG,n03658185,623,767,0.25595084,0,imagenet_c,defocus_blur,1,none
efficientnet_b4,ILSVRC2012_val_00022493.JPEG,n03658185,623,726,0.31482685,0,imagenet_c,defocus_blur,1,none
efficientnet_b4,ILSVRC2012_val_00022531.JPEG,n03658185,623,623,0.52503985,1,imagenet_c,defocus_blur,1,none
efficientnet_b4,ILSVRC2012_val_00022870.JPEG,n03658185,623,662,0.13202854,0,imagenet_c,defocus_blur,1,none
efficientnet_b4,ILSVRC2012_val_00024027.JPEG,n03658185,623,623,0.44717106,1,imagenet_c,defocus_blur,1,none
efficientnet_b4,ILSVRC2012_val_00024927.JPEG,n03658185,623,623,0.35566714,1,imagenet_c,defocus_blur,1,none
efficientnet_b4,ILSVRC2012_val_00027231.JPEG,n03658185,623,539,0.18010578,0,imagenet_c,defocus_blur,1,none
efficientnet_b4,ILSVRC2012_val_00031590.JPEG,n03658185,623,726,0.3934552,0,imagenet_c,defocus_blur,1,none
efficientnet_b4,ILSVRC2012_val_00033291.JPEG,n03658185,623,451,0.116448514,0,imagenet_c,defocus_blur,1,none
efficientnet_b4,ILSVRC2012_val_00033478.JPEG,n03658185,623,623,0.36668414,1,imagenet_c,defocus_blur,1,none
efficientnet_b4,ILSVRC2012_val_00034022.JPEG,n03658185,623,512,0.34878382,0,imagenet_c,defocus_blur,1,none
efficientnet_b4,ILSVRC2012_val_00034287.JPEG,n03658185,623,470,0.23148234,0,imagenet_c,defocus_blur,1,none
efficientnet_b4,ILSVRC2012_val_00034870.JPEG,n03658185,623,623,0.48063427,1,imagenet_c,defocus_blur,1,none
efficientnet_b4,ILSVRC2012_val_00036764.JPEG,n03658185,623,714,0.076331444,0,imagenet_c,defocus_blur,1,none
efficientnet_b4,ILSVRC2012_val_00037006.JPEG,n03658185,623,692,0.06594106,0,imagenet_c,defocus_blur,1,none
efficientnet_b4,ILSVRC2012_val_00037587.JPEG,n03658185,623,563,0.08581058,0,imagenet_c,defocus_blur,1,none
efficientnet_b4,ILSVRC2012_val_00037859.JPEG,n03658185,623,623,0.25142273,1,imagenet_c,defocus_blur,1,none
efficientnet_b4,ILSVRC2012_val_00038605.JPEG,n03658185,623,891,0.067502275,0,imagenet_c,defocus_blur,1,none
efficientnet_b4,ILSVRC2012_val_00039211.JPEG,n03658185,623,623,0.6249409,1,imagenet_c,defocus_blur,1,none
efficientnet_b4,ILSVRC2012_val_00039287.JPEG,n03658185,623,623,0.2535069,1,imagenet_c,defocus_blur,1,none
efficientnet_b4,ILSVRC2012_val_00040268.JPEG,n03658185,623,451,0.1445306,0,imagenet_c,defocus_blur,1,none
efficientnet_b4,ILSVRC2012_val_00040880.JPEG,n03658185,623,606,0.0911239,0,imagenet_c,defocus_blur,1,none
efficientnet_b4,ILSVRC2012_val_00042131.JPEG,n03658185,623,679,0.11441868,0,imagenet_c,defocus_blur,1,none
efficientnet_b4,ILSVRC2012_val_00043036.JPEG,n03658185,623,710,0.41311443,0,imagenet_c,defocus_blur,1,none
efficientnet_b4,ILSVRC2012_val_00043645.JPEG,n03658185,623,910,0.05949116,0,imagenet_c,defocus_blur,1,none
efficientnet_b4,ILSVRC2012_val_00043869.JPEG,n03658185,623,674,0.077231765,0,imagenet_c,defocus_blur,1,none
efficientnet_b4,ILSVRC2012_val_00044568.JPEG,n03658185,623,910,0.56604445,0,imagenet_c,defocus_blur,1,none
efficientnet_b4,ILSVRC2012_val_00045471.JPEG,n03658185,623,623,0.13392316,1,imagenet_c,defocus_blur,1,none
efficientnet_b4,ILSVRC2012_val_00045642.JPEG,n03658185,623,749,0.08698319,0,imagenet_c,defocus_blur,1,none
efficientnet_b4,ILSVRC2012_val_00047773.JPEG,n03658185,623,623,0.6562374,1,imagenet_c,defocus_blur,1,none
efficientnet_b4,ILSVRC2012_val_00048805.JPEG,n03658185,623,584,0.1607388,0,imagenet_c,defocus_blur,1,none
efficientnet_b4,ILSVRC2012_val_00048994.JPEG,n03658185,623,623,0.20457424,1,imagenet_c,defocus_blur,1,none
efficientnet_b4,ILSVRC2012_val_00049058.JPEG,n03658185,623,881,0.20163418,0,imagenet_c,defocus_blur,1,none
efficientnet_b4,ILSVRC2012_val_00049538.JPEG,n03658185,623,623,0.5928483,1,imagenet_c,defocus_blur,1,none
efficientnet_b4,ILSVRC2012_val_00000715.JPEG,n03661043,624,624,0.2860614,1,imagenet_c,defocus_blur,1,none
efficientnet_b4,ILSVRC2012_val_00000849.JPEG,n03661043,624,624,0.5890994,1,imagenet_c,defocus_blur,1,none
efficientnet_b4,ILSVRC2012_val_00002813.JPEG,n03661043,624,624,0.70831776,1,imagenet_c,defocus_blur,1,none
efficientnet_b4,ILSVRC2012_val_00003051.JPEG,n03661043,624,624,0.4024658,1,imagenet_c,defocus_blur,1,none
efficientnet_b4,ILSVRC2012_val_00003110.JPEG,n03661043,624,624,0.65126014,1,imagenet_c,defocus_blur,1,none
efficientnet_b4,ILSVRC2012_val_00005513.JPEG,n03661043,624,624,0.26901197,1,imagenet_c,defocus_blur,1,none
efficientnet_b4,ILSVRC2012_val_00007239.JPEG,n03661043,624,624,0.26479602,1,imagenet_c,defocus_blur,1,none
efficientnet_b4,ILSVRC2012_val_00009804.JPEG,n03661043,624,624,0.106881335,1,imagenet_c,defocus_blur,1,none
efficientnet_b4,ILSVRC2012_val_00012222.JPEG,n03661043,624,582,0.4193507,0,imagenet_c,defocus_blur,1,none
efficientnet_b4,ILSVRC2012_val_00013268.JPEG,n03661043,624,454,0.2835127,0,imagenet_c,defocus_blur,1,none
efficientnet_b4,ILSVRC2012_val_00014155.JPEG,n03661043,624,624,0.4809776,1,imagenet_c,defocus_blur,1,none
efficientnet_b4,ILSVRC2012_val_00014517.JPEG,n03661043,624,624,0.34290713,1,imagenet_c,defocus_blur,1,none
efficientnet_b4,ILSVRC2012_val_00016213.JPEG,n03661043,624,624,0.4139033,1,imagenet_c,defocus_blur,1,none
efficientnet_b4,ILSVRC2012_val_00016662.JPEG,n03661043,624,617,0.403222,0,imagenet_c,defocus_blur,1,none
efficientnet_b4,ILSVRC2012_val_00017420.JPEG,n03661043,624,624,0.53339833,1,imagenet_c,defocus_blur,1,none
efficientnet_b4,ILSVRC2012_val_00017628.JPEG,n03661043,624,624,0.16183603,1,imagenet_c,defocus_blur,1,none
efficientnet_b4,ILSVRC2012_val_00018698.JPEG,n03661043,624,624,0.26494086,1,imagenet_c,defocus_blur,1,none
efficientnet_b4,ILSVRC2012_val_00018849.JPEG,n03661043,624,624,0.30286363,1,imagenet_c,defocus_blur,1,none
efficientnet_b4,ILSVRC2012_val_00019693.JPEG,n03661043,624,865,0.18543804,0,imagenet_c,defocus_blur,1,none
efficientnet_b4,ILSVRC2012_val_00019732.JPEG,n03661043,624,860,0.21196349,0,imagenet_c,defocus_blur,1,none
efficientnet_b4,ILSVRC2012_val_00020329.JPEG,n03661043,624,981,0.088537194,0,imagenet_c,defocus_blur,1,none
efficientnet_b4,ILSVRC2012_val_00020914.JPEG,n03661043,624,624,0.71295244,1,imagenet_c,defocus_blur,1,none
efficientnet_b4,ILSVRC2012_val_00023849.JPEG,n03661043,624,582,0.15614633,0,imagenet_c,defocus_blur,1,none
efficientnet_b4,ILSVRC2012_val_00024394.JPEG,n03661043,624,611,0.107360125,0,imagenet_c,defocus_blur,1,none
efficientnet_b4,ILSVRC2012_val_00026253.JPEG,n03661043,624,598,0.16030513,0,imagenet_c,defocus_blur,1,none
efficientnet_b4,ILSVRC2012_val_00026780.JPEG,n03661043,624,624,0.5545779,1,imagenet_c,defocus_blur,1,none
efficientnet_b4,ILSVRC2012_val_00027156.JPEG,n03661043,624,624,0.21844326,1,imagenet_c,defocus_blur,1,none
efficientnet_b4,ILSVRC2012_val_00027584.JPEG,n03661043,624,624,0.3018639,1,imagenet_c,defocus_blur,1,none
efficientnet_b4,ILSVRC2012_val_00028061.JPEG,n03661043,624,624,0.40789062,1,imagenet_c,defocus_blur,1,none
efficientnet_b4,ILSVRC2012_val_00028549.JPEG,n03661043,624,580,0.047910906,0,imagenet_c,defocus_blur,1,none
efficientnet_b4,ILSVRC2012_val_00029650.JPEG,n03661043,624,454,0.33536988,0,imagenet_c,defocus_blur,1,none
efficientnet_b4,ILSVRC2012_val_00029945.JPEG,n03661043,624,453,0.20138437,0,imagenet_c,defocus_blur,1,none
efficientnet_b4,ILSVRC2012_val_00031588.JPEG,n03661043,624,860,0.5153998,0,imagenet_c,defocus_blur,1,none
efficientnet_b4,ILSVRC2012_val_00032167.JPEG,n03661043,624,624,0.6498042,1,imagenet_c,defocus_blur,1,none
efficientnet_b4,ILSVRC2012_val_00036001.JPEG,n03661043,624,860,0.3302089,0,imagenet_c,defocus_blur,1,none
efficientnet_b4,ILSVRC2012_val_00036260.JPEG,n03661043,624,454,0.2350955,0,imagenet_c,defocus_blur,1,none
efficientnet_b4,ILSVRC2012_val_00037789.JPEG,n03661043,624,624,0.63363266,1,imagenet_c,defocus_blur,1,none
efficientnet_b4,ILSVRC2012_val_00039081.JPEG,n03661043,624,624,0.11692245,1,imagenet_c,defocus_blur,1,none
efficientnet_b4,ILSVRC2012_val_00039320.JPEG,n03661043,624,624,0.2714412,1,imagenet_c,defocus_blur,1,none
efficientnet_b4,ILSVRC2012_val_00039600.JPEG,n03661043,624,860,0.25549537,0,imagenet_c,defocus_blur,1,none
efficientnet_b4,ILSVRC2012_val_00041531.JPEG,n03661043,624,624,0.5763084,1,imagenet_c,defocus_blur,1,none
efficientnet_b4,ILSVRC2012_val_00041823.JPEG,n03661043,624,624,0.5948775,1,imagenet_c,defocus_blur,1,none
efficientnet_b4,ILSVRC2012_val_00042737.JPEG,n03661043,624,453,0.5104266,0,imagenet_c,defocus_blur,1,none
efficientnet_b4,ILSVRC2012_val_00043408.JPEG,n03661043,624,406,0.1547143,0,imagenet_c,defocus_blur,1,none
efficientnet_b4,ILSVRC2012_val_00044809.JPEG,n03661043,624,884,0.24222158,0,imagenet_c,defocus_blur,1,none
efficientnet_b4,ILSVRC2012_val_00045170.JPEG,n03661043,624,624,0.46615663,1,imagenet_c,defocus_blur,1,none
efficientnet_b4,ILSVRC2012_val_00045865.JPEG,n03661043,624,454,0.21856171,0,imagenet_c,defocus_blur,1,none
efficientnet_b4,ILSVRC2012_val_00046911.JPEG,n03661043,624,860,0.40884572,0,imagenet_c,defocus_blur,1,none
efficientnet_b4,ILSVRC2012_val_00046979.JPEG,n03661043,624,624,0.69278246,1,imagenet_c,defocus_blur,1,none
efficientnet_b4,ILSVRC2012_val_00047573.JPEG,n03661043,624,698,0.06215925,0,imagenet_c,defocus_blur,1,none
efficientnet_b4,ILSVRC2012_val_00000556.JPEG,n03662601,625,625,0.45115504,1,imagenet_c,defocus_blur,1,none
efficientnet_b4,ILSVRC2012_val_00000571.JPEG,n03662601,625,625,0.61034805,1,imagenet_c,defocus_blur,1,none
efficientnet_b4,ILSVRC2012_val_00002308.JPEG,n03662601,625,625,0.49246508,1,imagenet_c,defocus_blur,1,none
efficientnet_b4,ILSVRC2012_val_00002828.JPEG,n03662601,625,625,0.50270486,1,imagenet_c,defocus_blur,1,none
efficientnet_b4,ILSVRC2012_val_00003543.JPEG,n03662601,625,628,0.4054569,0,imagenet_c,defocus_blur,1,none
efficientnet_b4,ILSVRC2012_val_00004483.JPEG,n03662601,625,625,0.685945,1,imagenet_c,defocus_blur,1,none
efficientnet_b4,ILSVRC2012_val_00004492.JPEG,n03662601,625,625,0.6002291,1,imagenet_c,defocus_blur,1,none
efficientnet_b4,ILSVRC2012_val_00004933.JPEG,n03662601,625,625,0.507848,1,imagenet_c,defocus_blur,1,none
efficientnet_b4,ILSVRC2012_val_00006294.JPEG,n03662601,625,625,0.63899213,1,imagenet_c,defocus_blur,1,none
efficientnet_b4,ILSVRC2012_val_00009001.JPEG,n03662601,625,625,0.5497302,1,imagenet_c,defocus_blur,1,none
efficientnet_b4,ILSVRC2012_val_00009680.JPEG,n03662601,625,625,0.5642306,1,imagenet_c,defocus_blur,1,none
efficientnet_b4,ILSVRC2012_val_00011636.JPEG,n03662601,625,625,0.6559602,1,imagenet_c,defocus_blur,1,none
efficientnet_b4,ILSVRC2012_val_00012066.JPEG,n03662601,625,625,0.66341066,1,imagenet_c,defocus_blur,1,none
efficientnet_b4,ILSVRC2012_val_00012154.JPEG,n03662601,625,625,0.4258694,1,imagenet_c,defocus_blur,1,none
efficientnet_b4,ILSVRC2012_val_00014119.JPEG,n03662601,625,625,0.6344261,1,imagenet_c,defocus_blur,1,none
efficientnet_b4,ILSVRC2012_val_00014351.JPEG,n03662601,625,625,0.7863632,1,imagenet_c,defocus_blur,1,none
efficientnet_b4,ILSVRC2012_val_00014549.JPEG,n03662601,625,625,0.5658669,1,imagenet_c,defocus_blur,1,none
efficientnet_b4,ILSVRC2012_val_00015311.JPEG,n03662601,625,625,0.69859916,1,imagenet_c,defocus_blur,1,none
efficientnet_b4,ILSVRC2012_val_00016268.JPEG,n03662601,625,625,0.7410142,1,imagenet_c,defocus_blur,1,none
efficientnet_b4,ILSVRC2012_val_00016448.JPEG,n03662601,625,625,0.5890247,1,imagenet_c,defocus_blur,1,none
efficientnet_b4,ILSVRC2012_val_00016970.JPEG,n03662601,625,625,0.55585283,1,imagenet_c,defocus_blur,1,none
efficientnet_b4,ILSVRC2012_val_00018592.JPEG,n03662601,625,625,0.520419,1,imagenet_c,defocus_blur,1,none
efficientnet_b4,ILSVRC2012_val_00018828.JPEG,n03662601,625,625,0.61303365,1,imagenet_c,defocus_blur,1,none
efficientnet_b4,ILSVRC2012_val_00019275.JPEG,n03662601,625,625,0.603322,1,imagenet_c,defocus_blur,1,none
efficientnet_b4,ILSVRC2012_val_00021429.JPEG,n03662601,625,978,0.281004,0,imagenet_c,defocus_blur,1,none
efficientnet_b4,ILSVRC2012_val_00023315.JPEG,n03662601,625,625,0.6005495,1,imagenet_c,defocus_blur,1,none
efficientnet_b4,ILSVRC2012_val_00023517.JPEG,n03662601,625,625,0.4754602,1,imagenet_c,defocus_blur,1,none
efficientnet_b4,ILSVRC2012_val_00026047.JPEG,n03662601,625,814,0.08575261,0,imagenet_c,defocus_blur,1,none
efficientnet_b4,ILSVRC2012_val_00027504.JPEG,n03662601,625,625,0.5681951,1,imagenet_c,defocus_blur,1,none
efficientnet_b4,ILSVRC2012_val_00027527.JPEG,n03662601,625,625,0.57542866,1,imagenet_c,defocus_blur,1,none
efficientnet_b4,ILSVRC2012_val_00028180.JPEG,n03662601,625,625,0.520901,1,imagenet_c,defocus_blur,1,none
efficientnet_b4,ILSVRC2012_val_00029426.JPEG,n03662601,625,625,0.6514739,1,imagenet_c,defocus_blur,1,none
efficientnet_b4,ILSVRC2012_val_00031200.JPEG,n03662601,625,625,0.5478476,1,imagenet_c,defocus_blur,1,none
efficientnet_b4,ILSVRC2012_val_00031941.JPEG,n03662601,625,625,0.62557745,1,imagenet_c,defocus_blur,1,none
efficientnet_b4,ILSVRC2012_val_00033031.JPEG,n03662601,625,625,0.5624149,1,imagenet_c,defocus_blur,1,none
efficientnet_b4,ILSVRC2012_val_00034459.JPEG,n03662601,625,625,0.6671698,1,imagenet_c,defocus_blur,1,none
efficientnet_b4,ILSVRC2012_val_00035374.JPEG,n03662601,625,625,0.49317566,1,imagenet_c,defocus_blur,1,none
efficientnet_b4,ILSVRC2012_val_00035440.JPEG,n03662601,625,625,0.5735364,1,imagenet_c,defocus_blur,1,none
efficientnet_b4,ILSVRC2012_val_00039237.JPEG,n03662601,625,625,0.4682789,1,imagenet_c,defocus_blur,1,none
efficientnet_b4,ILSVRC2012_val_00039286.JPEG,n03662601,625,625,0.49889246,1,imagenet_c,defocus_blur,1,none
efficientnet_b4,ILSVRC2012_val_00039710.JPEG,n03662601,625,625,0.42703205,1,imagenet_c,defocus_blur,1,none
efficientnet_b4,ILSVRC2012_val_00040889.JPEG,n03662601,625,625,0.44203374,1,imagenet_c,defocus_blur,1,none
efficientnet_b4,ILSVRC2012_val_00042196.JPEG,n03662601,625,625,0.25586405,1,imagenet_c,defocus_blur,1,none
efficientnet_b4,ILSVRC2012_val_00042757.JPEG,n03662601,625,625,0.60433054,1,imagenet_c,defocus_blur,1,none
efficientnet_b4,ILSVRC2012_val_00044874.JPEG,n03662601,625,408,0.112380594,0,imagenet_c,defocus_blur,1,none
efficientnet_b4,ILSVRC2012_val_00046269.JPEG,n03662601,625,625,0.48296508,1,imagenet_c,defocus_blur,1,none
efficientnet_b4,ILSVRC2012_val_00047549.JPEG,n03662601,625,625,0.16420227,1,imagenet_c,defocus_blur,1,none
efficientnet_b4,ILSVRC2012_val_00047650.JPEG,n03662601,625,625,0.6940631,1,imagenet_c,defocus_blur,1,none
efficientnet_b4,ILSVRC2012_val_00048015.JPEG,n03662601,625,625,0.21799858,1,imagenet_c,defocus_blur,1,none
efficientnet_b4,ILSVRC2012_val_00049403.JPEG,n03662601,625,625,0.5994782,1,imagenet_c,defocus_blur,1,none
efficientnet_b4,ILSVRC2012_val_00003417.JPEG,n03666591,626,767,0.23300953,0,imagenet_c,defocus_blur,1,none
efficientnet_b4,ILSVRC2012_val_00005516.JPEG,n03666591,626,626,0.1278436,1,imagenet_c,defocus_blur,1,none
efficientnet_b4,ILSVRC2012_val_00005722.JPEG,n03666591,626,626,0.667055,1,imagenet_c,defocus_blur,1,none
efficientnet_b4,ILSVRC2012_val_00005804.JPEG,n03666591,626,626,0.69456923,1,imagenet_c,defocus_blur,1,none
efficientnet_b4,ILSVRC2012_val_00006224.JPEG,n03666591,626,626,0.24790323,1,imagenet_c,defocus_blur,1,none
efficientnet_b4,ILSVRC2012_val_00007981.JPEG,n03666591,626,629,0.2592877,0,imagenet_c,defocus_blur,1,none
efficientnet_b4,ILSVRC2012_val_00009162.JPEG,n03666591,626,626,0.4104142,1,imagenet_c,defocus_blur,1,none
efficientnet_b4,ILSVRC2012_val_00009293.JPEG,n03666591,626,629,0.37938282,0,imagenet_c,defocus_blur,1,none
efficientnet_b4,ILSVRC2012_val_00009465.JPEG,n03666591,626,626,0.77370995,1,imagenet_c,defocus_blur,1,none
efficientnet_b4,ILSVRC2012_val_00009507.JPEG,n03666591,626,626,0.17583792,1,imagenet_c,defocus_blur,1,none
efficientnet_b4,ILSVRC2012_val_00010010.JPEG,n03666591,626,531,0.1402766,0,imagenet_c,defocus_blur,1,none
efficientnet_b4,ILSVRC2012_val_00011358.JPEG,n03666591,626,626,0.77480704,1,imagenet_c,defocus_blur,1,none
efficientnet_b4,ILSVRC2012_val_00013760.JPEG,n03666591,626,626,0.89483505,1,imagenet_c,defocus_blur,1,none
efficientnet_b4,ILSVRC2012_val_00014322.JPEG,n03666591,626,481,0.5514489,0,imagenet_c,defocus_blur,1,none
efficientnet_b4,ILSVRC2012_val_00015019.JPEG,n03666591,626,507,0.079413466,0,imagenet_c,defocus_blur,1,none
efficientnet_b4,ILSVRC2012_val_00015075.JPEG,n03666591,626,626,0.53050935,1,imagenet_c,defocus_blur,1,none
efficientnet_b4,ILSVRC2012_val_00015381.JPEG,n03666591,626,626,0.7114658,1,imagenet_c,defocus_blur,1,none
efficientnet_b4,ILSVRC2012_val_00017483.JPEG,n03666591,626,626,0.43967128,1,imagenet_c,defocus_blur,1,none
efficientnet_b4,ILSVRC2012_val_00018595.JPEG,n03666591,626,691,0.20598927,0,imagenet_c,defocus_blur,1,none
efficientnet_b4,ILSVRC2012_val_00020068.JPEG,n03666591,626,593,0.44839928,0,imagenet_c,defocus_blur,1,none
efficientnet_b4,ILSVRC2012_val_00020197.JPEG,n03666591,626,626,0.69401973,1,imagenet_c,defocus_blur,1,none
efficientnet_b4,ILSVRC2012_val_00021153.JPEG,n03666591,626,767,0.23886587,0,imagenet_c,defocus_blur,1,none
efficientnet_b4,ILSVRC2012_val_00024416.JPEG,n03666591,626,635,0.07879602,0,imagenet_c,defocus_blur,1,none
efficientnet_b4,ILSVRC2012_val_00025964.JPEG,n03666591,626,626,0.12911676,1,imagenet_c,defocus_blur,1,none
efficientnet_b4,ILSVRC2012_val_00028340.JPEG,n03666591,626,626,0.8353827,1,imagenet_c,defocus_blur,1,none
efficientnet_b4,ILSVRC2012_val_00030378.JPEG,n03666591,626,902,0.2828186,0,imagenet_c,defocus_blur,1,none
efficientnet_b4,ILSVRC2012_val_00032083.JPEG,n03666591,626,626,0.629559,1,imagenet_c,defocus_blur,1,none
efficientnet_b4,ILSVRC2012_val_00032476.JPEG,n03666591,626,626,0.5561072,1,imagenet_c,defocus_blur,1,none
efficientnet_b4,ILSVRC2012_val_00032801.JPEG,n03666591,626,969,0.4635552,0,imagenet_c,defocus_blur,1,none
efficientnet_b4,ILSVRC2012_val_00032976.JPEG,n03666591,626,626,0.5514895,1,imagenet_c,defocus_blur,1,none
efficientnet_b4,ILSVRC2012_val_00033324.JPEG,n03666591,626,710,0.09780921,0,imagenet_c,defocus_blur,1,none
efficientnet_b4,ILSVRC2012_val_00033464.JPEG,n03666591,626,626,0.47890842,1,imagenet_c,defocus_blur,1,none
efficientnet_b4,ILSVRC2012_val_00034881.JPEG,n03666591,626,827,0.03452067,0,imagenet_c,defocus_blur,1,none
efficientnet_b4,ILSVRC2012_val_00035671.JPEG,n03666591,626,626,0.5563372,1,imagenet_c,defocus_blur,1,none
efficientnet_b4,ILSVRC2012_val_00036824.JPEG,n03666591,626,877,0.16367081,0,imagenet_c,defocus_blur,1,none
efficientnet_b4,ILSVRC2012_val_00037027.JPEG,n03666591,626,470,0.06356316,0,imagenet_c,defocus_blur,1,none
efficientnet_b4,ILSVRC2012_val_00038507.JPEG,n03666591,626,626,0.7071526,1,imagenet_c,defocus_blur,1,none
efficientnet_b4,ILSVRC2012_val_00039727.JPEG,n03666591,626,784,0.16946192,0,imagenet_c,defocus_blur,1,none
efficientnet_b4,ILSVRC2012_val_00041936.JPEG,n03666591,626,626,0.5392936,1,imagenet_c,defocus_blur,1,none
efficientnet_b4,ILSVRC2012_val_00042002.JPEG,n03666591,626,626,0.49662375,1,imagenet_c,defocus_blur,1,none
efficientnet_b4,ILSVRC2012_val_00042314.JPEG,n03666591,626,626,0.18506865,1,imagenet_c,defocus_blur,1,none
efficientnet_b4,ILSVRC2012_val_00042650.JPEG,n03666591,626,626,0.54683524,1,imagenet_c,defocus_blur,1,none
efficientnet_b4,ILSVRC2012_val_00043458.JPEG,n03666591,626,844,0.54916734,0,imagenet_c,defocus_blur,1,none
efficientnet_b4,ILSVRC2012_val_00044595.JPEG,n03666591,626,470,0.18638317,0,imagenet_c,defocus_blur,1,none
efficientnet_b4,ILSVRC2012_val_00044699.JPEG,n03666591,626,710,0.105746485,0,imagenet_c,defocus_blur,1,none
efficientnet_b4,ILSVRC2012_val_00044736.JPEG,n03666591,626,767,0.15261059,0,imagenet_c,defocus_blur,1,none
efficientnet_b4,ILSVRC2012_val_00046209.JPEG,n03666591,626,626,0.25259116,1,imagenet_c,defocus_blur,1,none
efficientnet_b4,ILSVRC2012_val_00046622.JPEG,n03666591,626,626,0.11403146,1,imagenet_c,defocus_blur,1,none
efficientnet_b4,ILSVRC2012_val_00047097.JPEG,n03666591,626,767,0.28097165,0,imagenet_c,defocus_blur,1,none
efficientnet_b4,ILSVRC2012_val_00049601.JPEG,n03666591,626,626,0.60663044,1,imagenet_c,defocus_blur,1,none
efficientnet_b4,ILSVRC2012_val_00000185.JPEG,n03670208,627,654,0.14721645,0,imagenet_c,defocus_blur,1,none
efficientnet_b4,ILSVRC2012_val_00000357.JPEG,n03670208,627,627,0.4860922,1,imagenet_c,defocus_blur,1,none
efficientnet_b4,ILSVRC2012_val_00000976.JPEG,n03670208,627,627,0.36890823,1,imagenet_c,defocus_blur,1,none
efficientnet_b4,ILSVRC2012_val_00001438.JPEG,n03670208,627,627,0.72826046,1,imagenet_c,defocus_blur,1,none
efficientnet_b4,ILSVRC2012_val_00002694.JPEG,n03670208,627,627,0.71281415,1,imagenet_c,defocus_blur,1,none
efficientnet_b4,ILSVRC2012_val_00002920.JPEG,n03670208,627,627,0.5540464,1,imagenet_c,defocus_blur,1,none
efficientnet_b4,ILSVRC2012_val_00003924.JPEG,n03670208,627,627,0.6171616,1,imagenet_c,defocus_blur,1,none
efficientnet_b4,ILSVRC2012_val_00004036.JPEG,n03670208,627,716,0.10265622,0,imagenet_c,defocus_blur,1,none
efficientnet_b4,ILSVRC2012_val_00004831.JPEG,n03670208,627,627,0.4358221,1,imagenet_c,defocus_blur,1,none
efficientnet_b4,ILSVRC2012_val_00005250.JPEG,n03670208,627,627,0.3011824,1,imagenet_c,defocus_blur,1,none
efficientnet_b4,ILSVRC2012_val_00005809.JPEG,n03670208,627,627,0.648406,1,imagenet_c,defocus_blur,1,none
efficientnet_b4,ILSVRC2012_val_00006746.JPEG,n03670208,627,654,0.1666748,0,imagenet_c,defocus_blur,1,none
efficientnet_b4,ILSVRC2012_val_00007113.JPEG,n03670208,627,627,0.38331625,1,imagenet_c,defocus_blur,1,none
efficientnet_b4,ILSVRC2012_val_00009022.JPEG,n03670208,627,627,0.77011526,1,imagenet_c,defocus_blur,1,none
efficientnet_b4,ILSVRC2012_val_00010364.JPEG,n03670208,627,627,0.71426195,1,imagenet_c,defocus_blur,1,none
efficientnet_b4,ILSVRC2012_val_00011618.JPEG,n03670208,627,627,0.7038626,1,imagenet_c,defocus_blur,1,none
efficientnet_b4,ILSVRC2012_val_00011987.JPEG,n03670208,627,627,0.734737,1,imagenet_c,defocus_blur,1,none
efficientnet_b4,ILSVRC2012_val_00013054.JPEG,n03670208,627,751,0.10665493,0,imagenet_c,defocus_blur,1,none
efficientnet_b4,ILSVRC2012_val_00016523.JPEG,n03670208,627,627,0.07362223,1,imagenet_c,defocus_blur,1,none
efficientnet_b4,ILSVRC2012_val_00016945.JPEG,n03670208,627,627,0.5957659,1,imagenet_c,defocus_blur,1,none
efficientnet_b4,ILSVRC2012_val_00018066.JPEG,n03670208,627,627,0.386545,1,imagenet_c,defocus_blur,1,none
efficientnet_b4,ILSVRC2012_val_00019700.JPEG,n03670208,627,627,0.36320886,1,imagenet_c,defocus_blur,1,none
efficientnet_b4,ILSVRC2012_val_00019857.JPEG,n03670208,627,627,0.6356253,1,imagenet_c,defocus_blur,1,none
efficientnet_b4,ILSVRC2012_val_00020218.JPEG,n03670208,627,627,0.7017588,1,imagenet_c,defocus_blur,1,none
efficientnet_b4,ILSVRC2012_val_00024440.JPEG,n03670208,627,468,0.058313422,0,imagenet_c,defocus_blur,1,none
efficientnet_b4,ILSVRC2012_val_00025179.JPEG,n03670208,627,627,0.63913566,1,imagenet_c,defocus_blur,1,none
efficientnet_b4,ILSVRC2012_val_00026977.JPEG,n03670208,627,627,0.70587415,1,imagenet_c,defocus_blur,1,none
efficientnet_b4,ILSVRC2012_val_00031274.JPEG,n03670208,627,627,0.5796408,1,imagenet_c,defocus_blur,1,none
efficientnet_b4,ILSVRC2012_val_00033422.JPEG,n03670208,627,627,0.5854095,1,imagenet_c,defocus_blur,1,none
efficientnet_b4,ILSVRC2012_val_00033993.JPEG,n03670208,627,867,0.064120024,0,imagenet_c,defocus_blur,1,none
efficientnet_b4,ILSVRC2012_val_00034651.JPEG,n03670208,627,785,0.08320755,0,imagenet_c,defocus_blur,1,none
efficientnet_b4,ILSVRC2012_val_00034659.JPEG,n03670208,627,627,0.53591514,1,imagenet_c,defocus_blur,1,none
efficientnet_b4,ILSVRC2012_val_00035788.JPEG,n03670208,627,705,0.25414273,0,imagenet_c,defocus_blur,1,none
efficientnet_b4,ILSVRC2012_val_00037457.JPEG,n03670208,627,627,0.45499042,1,imagenet_c,defocus_blur,1,none
efficientnet_b4,ILSVRC2012_val_00037726.JPEG,n03670208,627,627,0.5920111,1,imagenet_c,defocus_blur,1,none
efficientnet_b4,ILSVRC2012_val_00038679.JPEG,n03670208,627,675,0.2003884,0,imagenet_c,defocus_blur,1,none
efficientnet_b4,ILSVRC2012_val_00039264.JPEG,n03670208,627,627,0.6959811,1,imagenet_c,defocus_blur,1,none
efficientnet_b4,ILSVRC2012_val_00040295.JPEG,n03670208,627,627,0.43868077,1,imagenet_c,defocus_blur,1,none
efficientnet_b4,ILSVRC2012_val_00041047.JPEG,n03670208,627,627,0.40463966,1,imagenet_c,defocus_blur,1,none
efficientnet_b4,ILSVRC2012_val_00041512.JPEG,n03670208,627,627,0.2632434,1,imagenet_c,defocus_blur,1,none
efficientnet_b4,ILSVRC2012_val_00042842.JPEG,n03670208,627,627,0.7113551,1,imagenet_c,defocus_blur,1,none
efficientnet_b4,ILSVRC2012_val_00042844.JPEG,n03670208,627,656,0.1806191,0,imagenet_c,defocus_blur,1,none
efficientnet_b4,ILSVRC2012_val_00043434.JPEG,n03670208,627,627,0.75760007,1,imagenet_c,defocus_blur,1,none
efficientnet_b4,ILSVRC2012_val_00044032.JPEG,n03670208,627,627,0.56157273,1,imagenet_c,defocus_blur,1,none
efficientnet_b4,ILSVRC2012_val_00044056.JPEG,n03670208,627,654,0.072616644,0,imagenet_c,defocus_blur,1,none
efficientnet_b4,ILSVRC2012_val_00044197.JPEG,n03670208,627,627,0.7444142,1,imagenet_c,defocus_blur,1,none
efficientnet_b4,ILSVRC2012_val_00044587.JPEG,n03670208,627,627,0.2691057,1,imagenet_c,defocus_blur,1,none
efficientnet_b4,ILSVRC2012_val_00046007.JPEG,n03670208,627,408,0.46345162,0,imagenet_c,defocus_blur,1,none
efficientnet_b4,ILSVRC2012_val_00047170.JPEG,n03670208,627,627,0.70934045,1,imagenet_c,defocus_blur,1,none
efficientnet_b4,ILSVRC2012_val_00049113.JPEG,n03670208,627,628,0.31075975,0,imagenet_c,defocus_blur,1,none
efficientnet_b4,ILSVRC2012_val_00000664.JPEG,n03673027,628,624,0.48129803,0,imagenet_c,defocus_blur,1,none
efficientnet_b4,ILSVRC2012_val_00000868.JPEG,n03673027,628,628,0.56943476,1,imagenet_c,defocus_blur,1,none
efficientnet_b4,ILSVRC2012_val_00001106.JPEG,n03673027,628,628,0.5281317,1,imagenet_c,defocus_blur,1,none
efficientnet_b4,ILSVRC2012_val_00002093.JPEG,n03673027,628,628,0.5190339,1,imagenet_c,defocus_blur,1,none
efficientnet_b4,ILSVRC2012_val_00002121.JPEG,n03673027,628,628,0.4512111,1,imagenet_c,defocus_blur,1,none
efficientnet_b4,ILSVRC2012_val_00002661.JPEG,n03673027,628,628,0.3603658,1,imagenet_c,defocus_blur,1,none
efficientnet_b4,ILSVRC2012_val_00002977.JPEG,n03673027,628,628,0.2995902,1,imagenet_c,defocus_blur,1,none
efficientnet_b4,ILSVRC2012_val_00003666.JPEG,n03673027,628,628,0.33313274,1,imagenet_c,defocus_blur,1,none
efficientnet_b4,ILSVRC2012_val_00005111.JPEG,n03673027,628,628,0.23122033,1,imagenet_c,defocus_blur,1,none
efficientnet_b4,ILSVRC2012_val_00006026.JPEG,n03673027,628,628,0.48983634,1,imagenet_c,defocus_blur,1,none
efficientnet_b4,ILSVRC2012_val_00007758.JPEG,n03673027,628,628,0.4175943,1,imagenet_c,defocus_blur,1,none
efficientnet_b4,ILSVRC2012_val_00009746.JPEG,n03673027,628,628,0.49823657,1,imagenet_c,defocus_blur,1,none
efficientnet_b4,ILSVRC2012_val_00010144.JPEG,n03673027,628,833,0.3399353,0,imagenet_c,defocus_blur,1,none
efficientnet_b4,ILSVRC2012_val_00010733.JPEG,n03673027,628,628,0.4365835,1,imagenet_c,defocus_blur,1,none
efficientnet_b4,ILSVRC2012_val_00013306.JPEG,n03673027,628,628,0.47508952,1,imagenet_c,defocus_blur,1,none
efficientnet_b4,ILSVRC2012_val_00013452.JPEG,n03673027,628,628,0.22172774,1,imagenet_c,defocus_blur,1,none
efficientnet_b4,ILSVRC2012_val_00014164.JPEG,n03673027,628,628,0.5046887,1,imagenet_c,defocus_blur,1,none
efficientnet_b4,ILSVRC2012_val_00014464.JPEG,n03673027,628,628,0.43879232,1,imagenet_c,defocus_blur,1,none
efficientnet_b4,ILSVRC2012_val_00016241.JPEG,n03673027,628,628,0.31863296,1,imagenet_c,defocus_blur,1,none
efficientnet_b4,ILSVRC2012_val_00017951.JPEG,n03673027,628,718,0.030540086,0,imagenet_c,defocus_blur,1,none
efficientnet_b4,ILSVRC2012_val_00023265.JPEG,n03673027,628,628,0.6294613,1,imagenet_c,defocus_blur,1,none
efficientnet_b4,ILSVRC2012_val_00024647.JPEG,n03673027,628,628,0.17762248,1,imagenet_c,defocus_blur,1,none
efficientnet_b4,ILSVRC2012_val_00028233.JPEG,n03673027,628,628,0.15219134,1,imagenet_c,defocus_blur,1,none
efficientnet_b4,ILSVRC2012_val_00029907.JPEG,n03673027,628,628,0.3720369,1,imagenet_c,defocus_blur,1,none
efficientnet_b4,ILSVRC2012_val_00030599.JPEG,n03673027,628,628,0.49489343,1,imagenet_c,defocus_blur,1,none
efficientnet_b4,ILSVRC2012_val_00030641.JPEG,n03673027,628,628,0.33376175,1,imagenet_c,defocus_blur,1,none
efficientnet_b4,ILSVRC2012_val_00031444.JPEG,n03673027,628,628,0.57385665,1,imagenet_c,defocus_blur,1,none
efficientnet_b4,ILSVRC2012_val_00034146.JPEG,n03673027,628,628,0.4501593,1,imagenet_c,defocus_blur,1,none
efficientnet_b4,ILSVRC2012_val_00034477.JPEG,n03673027,628,628,0.54453236,1,imagenet_c,defocus_blur,1,none
efficientnet_b4,ILSVRC2012_val_00034696.JPEG,n03673027,628,628,0.18578371,1,imagenet_c,defocus_blur,1,none
efficientnet_b4,ILSVRC2012_val_00034953.JPEG,n03673027,628,628,0.53082037,1,imagenet_c,defocus_blur,1,none
efficientnet_b4,ILSVRC2012_val_00035241.JPEG,n03673027,628,510,0.2389925,0,imagenet_c,defocus_blur,1,none
efficientnet_b4,ILSVRC2012_val_00036281.JPEG,n03673027,628,628,0.4804444,1,imagenet_c,defocus_blur,1,none
efficientnet_b4,ILSVRC2012_val_00036424.JPEG,n03673027,628,628,0.48830152,1,imagenet_c,defocus_blur,1,none
efficientnet_b4,ILSVRC2012_val_00037942.JPEG,n03673027,628,628,0.33057794,1,imagenet_c,defocus_blur,1,none
efficientnet_b4,ILSVRC2012_val_00038558.JPEG,n03673027,628,628,0.35686073,1,imagenet_c,defocus_blur,1,none
efficientnet_b4,ILSVRC2012_val_00038595.JPEG,n03673027,628,628,0.6164632,1,imagenet_c,defocus_blur,1,none
efficientnet_b4,ILSVRC2012_val_00039380.JPEG,n03673027,628,628,0.37730196,1,imagenet_c,defocus_blur,1,none
efficientnet_b4,ILSVRC2012_val_00039418.JPEG,n03673027,628,628,0.51566917,1,imagenet_c,defocus_blur,1,none
efficientnet_b4,ILSVRC2012_val_00039419.JPEG,n03673027,628,628,0.47956738,1,imagenet_c,defocus_blur,1,none
efficientnet_b4,ILSVRC2012_val_00040626.JPEG,n03673027,628,628,0.511664,1,imagenet_c,defocus_blur,1,none
efficientnet_b4,ILSVRC2012_val_00041410.JPEG,n03673027,628,403,0.08786481,0,imagenet_c,defocus_blur,1,none
efficientnet_b4,ILSVRC2012_val_00041687.JPEG,n03673027,628,628,0.2994819,1,imagenet_c,defocus_blur,1,none
efficientnet_b4,ILSVRC2012_val_00044088.JPEG,n03673027,628,536,0.031808864,0,imagenet_c,defocus_blur,1,none
efficientnet_b4,ILSVRC2012_val_00044866.JPEG,n03673027,628,628,0.39782017,1,imagenet_c,defocus_blur,1,none
efficientnet_b4,ILSVRC2012_val_00044972.JPEG,n03673027,628,628,0.4787626,1,imagenet_c,defocus_blur,1,none
efficientnet_b4,ILSVRC2012_val_00046585.JPEG,n03673027,628,582,0.067183115,0,imagenet_c,defocus_blur,1,none
efficientnet_b4,ILSVRC2012_val_00048362.JPEG,n03673027,628,628,0.5541098,1,imagenet_c,defocus_blur,1,none
efficientnet_b4,ILSVRC2012_val_00049165.JPEG,n03673027,628,628,0.3374971,1,imagenet_c,defocus_blur,1,none
efficientnet_b4,ILSVRC2012_val_00049813.JPEG,n03673027,628,421,0.13661854,0,imagenet_c,defocus_blur,1,none
efficientnet_b4,ILSVRC2012_val_00000984.JPEG,n03676483,629,629,0.3700752,1,imagenet_c,defocus_blur,1,none
efficientnet_b4,ILSVRC2012_val_00001262.JPEG,n03676483,629,629,0.6149977,1,imagenet_c,defocus_blur,1,none
efficientnet_b4,ILSVRC2012_val_00001276.JPEG,n03676483,629,629,0.8487739,1,imagenet_c,defocus_blur,1,none
efficientnet_b4,ILSVRC2012_val_00001914.JPEG,n03676483,629,629,0.6088944,1,imagenet_c,defocus_blur,1,none
efficientnet_b4,ILSVRC2012_val_00002419.JPEG,n03676483,629,629,0.62556106,1,imagenet_c,defocus_blur,1,none
efficientnet_b4,ILSVRC2012_val_00003138.JPEG,n03676483,629,585,0.08379008,0,imagenet_c,defocus_blur,1,none
efficientnet_b4,ILSVRC2012_val_00003474.JPEG,n03676483,629,629,0.61799854,1,imagenet_c,defocus_blur,1,none
efficientnet_b4,ILSVRC2012_val_00004648.JPEG,n03676483,629,629,0.34367332,1,imagenet_c,defocus_blur,1,none
efficientnet_b4,ILSVRC2012_val_00004742.JPEG,n03676483,629,629,0.2743392,1,imagenet_c,defocus_blur,1,none
efficientnet_b4,ILSVRC2012_val_00009386.JPEG,n03676483,629,629,0.66999906,1,imagenet_c,defocus_blur,1,none
efficientnet_b4,ILSVRC2012_val_00009815.JPEG,n03676483,629,629,0.6038604,1,imagenet_c,defocus_blur,1,none
efficientnet_b4,ILSVRC2012_val_00010374.JPEG,n03676483,629,629,0.7020139,1,imagenet_c,defocus_blur,1,none
efficientnet_b4,ILSVRC2012_val_00010662.JPEG,n03676483,629,629,0.617318,1,imagenet_c,defocus_blur,1,none
efficientnet_b4,ILSVRC2012_val_00010806.JPEG,n03676483,629,629,0.5619109,1,imagenet_c,defocus_blur,1,none
efficientnet_b4,ILSVRC2012_val_00011742.JPEG,n03676483,629,629,0.51662993,1,imagenet_c,defocus_blur,1,none
efficientnet_b4,ILSVRC2012_val_00012849.JPEG,n03676483,629,767,0.13332033,0,imagenet_c,defocus_blur,1,none
efficientnet_b4,ILSVRC2012_val_00014112.JPEG,n03676483,629,629,0.4629537,1,imagenet_c,defocus_blur,1,none
efficientnet_b4,ILSVRC2012_val_00015297.JPEG,n03676483,629,629,0.62738955,1,imagenet_c,defocus_blur,1,none
efficientnet_b4,ILSVRC2012_val_00016870.JPEG,n03676483,629,614,0.6503272,0,imagenet_c,defocus_blur,1,none
efficientnet_b4,ILSVRC2012_val_00018498.JPEG,n03676483,629,629,0.4470906,1,imagenet_c,defocus_blur,1,none
efficientnet_b4,ILSVRC2012_val_00018920.JPEG,n03676483,629,629,0.56333274,1,imagenet_c,defocus_blur,1,none
efficientnet_b4,ILSVRC2012_val_00019291.JPEG,n03676483,629,629,0.5246356,1,imagenet_c,defocus_blur,1,none
efficientnet_b4,ILSVRC2012_val_00019870.JPEG,n03676483,629,443,0.29092196,0,imagenet_c,defocus_blur,1,none
efficientnet_b4,ILSVRC2012_val_00021922.JPEG,n03676483,629,629,0.60563695,1,imagenet_c,defocus_blur,1,none
efficientnet_b4,ILSVRC2012_val_00022289.JPEG,n03676483,629,752,0.14278752,0,imagenet_c,defocus_blur,1,none
efficientnet_b4,ILSVRC2012_val_00026077.JPEG,n03676483,629,629,0.7705251,1,imagenet_c,defocus_blur,1,none
efficientnet_b4,ILSVRC2012_val_00027437.JPEG,n03676483,629,629,0.16265696,1,imagenet_c,defocus_blur,1,none
efficientnet_b4,ILSVRC2012_val_00027770.JPEG,n03676483,629,563,0.117133625,0,imagenet_c,defocus_blur,1,none
efficientnet_b4,ILSVRC2012_val_00029032.JPEG,n03676483,629,629,0.19705679,1,imagenet_c,defocus_blur,1,none
efficientnet_b4,ILSVRC2012_val_00029251.JPEG,n03676483,629,629,0.72798944,1,imagenet_c,defocus_blur,1,none
efficientnet_b4,ILSVRC2012_val_00030534.JPEG,n03676483,629,629,0.64218366,1,imagenet_c,defocus_blur,1,none
efficientnet_b4,ILSVRC2012_val_00030550.JPEG,n03676483,629,629,0.36444366,1,imagenet_c,defocus_blur,1,none
efficientnet_b4,ILSVRC2012_val_00033849.JPEG,n03676483,629,629,0.5919229,1,imagenet_c,defocus_blur,1,none
efficientnet_b4,ILSVRC2012_val_00034306.JPEG,n03676483,629,629,0.71333486,1,imagenet_c,defocus_blur,1,none
efficientnet_b4,ILSVRC2012_val_00035083.JPEG,n03676483,629,903,0.38392454,0,imagenet_c,defocus_blur,1,none
efficientnet_b4,ILSVRC2012_val_00037921.JPEG,n03676483,629,629,0.331086,1,imagenet_c,defocus_blur,1,none
efficientnet_b4,ILSVRC2012_val_00038105.JPEG,n03676483,629,629,0.7930888,1,imagenet_c,defocus_blur,1,none
efficientnet_b4,ILSVRC2012_val_00038693.JPEG,n03676483,629,551,0.4200997,0,imagenet_c,defocus_blur,1,none
efficientnet_b4,ILSVRC2012_val_00039467.JPEG,n03676483,629,629,0.6787692,1,imagenet_c,defocus_blur,1,none
efficientnet_b4,ILSVRC2012_val_00040982.JPEG,n03676483,629,629,0.16065545,1,imagenet_c,defocus_blur,1,none
efficientnet_b4,ILSVRC2012_val_00042343.JPEG,n03676483,629,836,0.27068165,0,imagenet_c,defocus_blur,1,none
efficientnet_b4,ILSVRC2012_val_00043137.JPEG,n03676483,629,629,0.73070544,1,imagenet_c,defocus_blur,1,none
efficientnet_b4,ILSVRC2012_val_00044845.JPEG,n03676483,629,629,0.69925165,1,imagenet_c,defocus_blur,1,none
efficientnet_b4,ILSVRC2012_val_00044940.JPEG,n03676483,629,629,0.27000812,1,imagenet_c,defocus_blur,1,none
efficientnet_b4,ILSVRC2012_val_00044945.JPEG,n03676483,629,629,0.51897585,1,imagenet_c,defocus_blur,1,none
efficientnet_b4,ILSVRC2012_val_00048415.JPEG,n03676483,629,629,0.60545576,1,imagenet_c,defocus_blur,1,none
efficientnet_b4,ILSVRC2012_val_00048483.JPEG,n03676483,629,629,0.7849195,1,imagenet_c,defocus_blur,1,none
efficientnet_b4,ILSVRC2012_val_00048584.JPEG,n03676483,629,629,0.65197694,1,imagenet_c,defocus_blur,1,none
efficientnet_b4,ILSVRC2012_val_00048986.JPEG,n03676483,629,629,0.24095236,1,imagenet_c,defocus_blur,1,none
efficientnet_b4,ILSVRC2012_val_00049924.JPEG,n03676483,629,629,0.521065,1,imagenet_c,defocus_blur,1,none
efficientnet_b4,ILSVRC2012_val_00000385.JPEG,n03680355,630,703,0.3636141,0,imagenet_c,defocus_blur,1,none
efficientnet_b4,ILSVRC2012_val_00002390.JPEG,n03680355,630,630,0.48084265,1,imagenet_c,defocus_blur,1,none
efficientnet_b4,ILSVRC2012_val_00002898.JPEG,n03680355,630,630,0.553019,1,imagenet_c,defocus_blur,1,none
efficientnet_b4,ILSVRC2012_val_00003255.JPEG,n03680355,630,630,0.49646604,1,imagenet_c,defocus_blur,1,none
efficientnet_b4,ILSVRC2012_val_00005724.JPEG,n03680355,630,630,0.30793,1,imagenet_c,defocus_blur,1,none
efficientnet_b4,ILSVRC2012_val_00006519.JPEG,n03680355,630,630,0.526756,1,imagenet_c,defocus_blur,1,none
efficientnet_b4,ILSVRC2012_val_00006938.JPEG,n03680355,630,630,0.75044554,1,imagenet_c,defocus_blur,1,none
efficientnet_b4,ILSVRC2012_val_00007565.JPEG,n03680355,630,630,0.52427393,1,imagenet_c,defocus_blur,1,none
efficientnet_b4,ILSVRC2012_val_00008600.JPEG,n03680355,630,514,0.21482357,0,imagenet_c,defocus_blur,1,none
efficientnet_b4,ILSVRC2012_val_00008900.JPEG,n03680355,630,630,0.6083497,1,imagenet_c,defocus_blur,1,none
efficientnet_b4,ILSVRC2012_val_00009751.JPEG,n03680355,630,630,0.6229079,1,imagenet_c,defocus_blur,1,none
efficientnet_b4,ILSVRC2012_val_00009868.JPEG,n03680355,630,630,0.49598393,1,imagenet_c,defocus_blur,1,none
efficientnet_b4,ILSVRC2012_val_00011304.JPEG,n03680355,630,630,0.23248352,1,imagenet_c,defocus_blur,1,none
efficientnet_b4,ILSVRC2012_val_00012963.JPEG,n03680355,630,630,0.119729005,1,imagenet_c,defocus_blur,1,none
efficientnet_b4,ILSVRC2012_val_00013650.JPEG,n03680355,630,630,0.45572215,1,imagenet_c,defocus_blur,1,none
efficientnet_b4,ILSVRC2012_val_00015279.JPEG,n03680355,630,630,0.15976228,1,imagenet_c,defocus_blur,1,none
efficientnet_b4,ILSVRC2012_val_00016345.JPEG,n03680355,630,630,0.625192,1,imagenet_c,defocus_blur,1,none
efficientnet_b4,ILSVRC2012_val_00018270.JPEG,n03680355,630,502,0.15373205,0,imagenet_c,defocus_blur,1,none
efficientnet_b4,ILSVRC2012_val_00018671.JPEG,n03680355,630,514,0.08442862,0,imagenet_c,defocus_blur,1,none
efficientnet_b4,ILSVRC2012_val_00018984.JPEG,n03680355,630,630,0.015519623,1,imagenet_c,defocus_blur,1,none
efficientnet_b4,ILSVRC2012_val_00018990.JPEG,n03680355,630,630,0.38893446,1,imagenet_c,defocus_blur,1,none
efficientnet_b4,ILSVRC2012_val_00019717.JPEG,n03680355,630,726,0.43178427,0,imagenet_c,defocus_blur,1,none
efficientnet_b4,ILSVRC2012_val_00019948.JPEG,n03680355,630,630,0.35380712,1,imagenet_c,defocus_blur,1,none
efficientnet_b4,ILSVRC2012_val_00020303.JPEG,n03680355,630,630,0.4490177,1,imagenet_c,defocus_blur,1,none
efficientnet_b4,ILSVRC2012_val_00020661.JPEG,n03680355,630,630,0.16953275,1,imagenet_c,defocus_blur,1,none
efficientnet_b4,ILSVRC2012_val_00021273.JPEG,n03680355,630,630,0.39630863,1,imagenet_c,defocus_blur,1,none
efficientnet_b4,ILSVRC2012_val_00021725.JPEG,n03680355,630,630,0.13908327,1,imagenet_c,defocus_blur,1,none
efficientnet_b4,ILSVRC2012_val_00023094.JPEG,n03680355,630,630,0.47131747,1,imagenet_c,defocus_blur,1,none
efficientnet_b4,ILSVRC2012_val_00024384.JPEG,n03680355,630,630,0.31233335,1,imagenet_c,defocus_blur,1,none
efficientnet_b4,ILSVRC2012_val_00024652.JPEG,n03680355,630,630,0.6763496,1,imagenet_c,defocus_blur,1,none
efficientnet_b4,ILSVRC2012_val_00026177.JPEG,n03680355,630,630,0.15722144,1,imagenet_c,defocus_blur,1,none
efficientnet_b4,ILSVRC2012_val_00030204.JPEG,n03680355,630,630,0.25787988,1,imagenet_c,defocus_blur,1,none
efficientnet_b4,ILSVRC2012_val_00031581.JPEG,n03680355,630,630,0.5634442,1,imagenet_c,defocus_blur,1,none
efficientnet_b4,ILSVRC2012_val_00034062.JPEG,n03680355,630,630,0.5748222,1,imagenet_c,defocus_blur,1,none
efficientnet_b4,ILSVRC2012_val_00034238.JPEG,n03680355,630,665,0.107669875,0,imagenet_c,defocus_blur,1,none
efficientnet_b4,ILSVRC2012_val_00034964.JPEG,n03680355,630,630,0.5596569,1,imagenet_c,defocus_blur,1,none
efficientnet_b4,ILSVRC2012_val_00036064.JPEG,n03680355,630,630,0.5048328,1,imagenet_c,defocus_blur,1,none
efficientnet_b4,ILSVRC2012_val_00037706.JPEG,n03680355,630,630,0.66431063,1,imagenet_c,defocus_blur,1,none
efficientnet_b4,ILSVRC2012_val_00039002.JPEG,n03680355,630,630,0.537265,1,imagenet_c,defocus_blur,1,none
efficientnet_b4,ILSVRC2012_val_00040042.JPEG,n03680355,630,630,0.5583267,1,imagenet_c,defocus_blur,1,none
efficientnet_b4,ILSVRC2012_val_00040148.JPEG,n03680355,630,630,0.6076147,1,imagenet_c,defocus_blur,1,none
efficientnet_b4,ILSVRC2012_val_00043555.JPEG,n03680355,630,630,0.57963705,1,imagenet_c,defocus_blur,1,none
efficientnet_b4,ILSVRC2012_val_00043783.JPEG,n03680355,630,630,0.36491722,1,imagenet_c,defocus_blur,1,none
efficientnet_b4,ILSVRC2012_val_00047011.JPEG,n03680355,630,630,0.3334741,1,imagenet_c,defocus_blur,1,none
efficientnet_b4,ILSVRC2012_val_00047087.JPEG,n03680355,630,630,0.611419,1,imagenet_c,defocus_blur,1,none
efficientnet_b4,ILSVRC2012_val_00047129.JPEG,n03680355,630,630,0.396347,1,imagenet_c,defocus_blur,1,none
efficientnet_b4,ILSVRC2012_val_00047132.JPEG,n03680355,630,630,0.5770002,1,imagenet_c,defocus_blur,1,none
efficientnet_b4,ILSVRC2012_val_00047454.JPEG,n03680355,630,630,0.5441982,1,imagenet_c,defocus_blur,1,none
efficientnet_b4,ILSVRC2012_val_00048944.JPEG,n03680355,630,630,0.80776197,1,imagenet_c,defocus_blur,1,none
efficientnet_b4,ILSVRC2012_val_00049231.JPEG,n03680355,630,630,0.37400287,1,imagenet_c,defocus_blur,1,none
efficientnet_b4,ILSVRC2012_val_00001814.JPEG,n03690938,631,631,0.33246565,1,imagenet_c,defocus_blur,1,none
efficientnet_b4,ILSVRC2012_val_00003466.JPEG,n03690938,631,804,0.16703622,0,imagenet_c,defocus_blur,1,none
efficientnet_b4,ILSVRC2012_val_00003829.JPEG,n03690938,631,838,0.3570158,0,imagenet_c,defocus_blur,1,none
efficientnet_b4,ILSVRC2012_val_00003848.JPEG,n03690938,631,804,0.36653653,0,imagenet_c,defocus_blur,1,none
efficientnet_b4,ILSVRC2012_val_00004454.JPEG,n03690938,631,838,0.66976136,0,imagenet_c,defocus_blur,1,none
efficientnet_b4,ILSVRC2012_val_00004561.JPEG,n03690938,631,585,0.4587796,0,imagenet_c,defocus_blur,1,none
efficientnet_b4,ILSVRC2012_val_00004618.JPEG,n03690938,631,838,0.074704096,0,imagenet_c,defocus_blur,1,none
efficientnet_b4,ILSVRC2012_val_00007869.JPEG,n03690938,631,838,0.5504754,0,imagenet_c,defocus_blur,1,none
efficientnet_b4,ILSVRC2012_val_00008609.JPEG,n03690938,631,631,0.30687845,1,imagenet_c,defocus_blur,1,none
efficientnet_b4,ILSVRC2012_val_00011599.JPEG,n03690938,631,631,0.39060184,1,imagenet_c,defocus_blur,1,none
efficientnet_b4,ILSVRC2012_val_00012010.JPEG,n03690938,631,631,0.45526558,1,imagenet_c,defocus_blur,1,none
efficientnet_b4,ILSVRC2012_val_00013371.JPEG,n03690938,631,631,0.5150938,1,imagenet_c,defocus_blur,1,none
efficientnet_b4,ILSVRC2012_val_00013471.JPEG,n03690938,631,631,0.30447274,1,imagenet_c,defocus_blur,1,none
efficientnet_b4,ILSVRC2012_val_00017504.JPEG,n03690938,631,711,0.4595738,0,imagenet_c,defocus_blur,1,none
efficientnet_b4,ILSVRC2012_val_00019570.JPEG,n03690938,631,969,0.16796547,0,imagenet_c,defocus_blur,1,none
efficientnet_b4,ILSVRC2012_val_00020840.JPEG,n03690938,631,631,0.5263839,1,imagenet_c,defocus_blur,1,none
efficientnet_b4,ILSVRC2012_val_00020928.JPEG,n03690938,631,631,0.71160674,1,imagenet_c,defocus_blur,1,none
efficientnet_b4,ILSVRC2012_val_00024369.JPEG,n03690938,631,631,0.4948876,1,imagenet_c,defocus_blur,1,none
efficientnet_b4,ILSVRC2012_val_00024702.JPEG,n03690938,631,631,0.62006867,1,imagenet_c,defocus_blur,1,none
efficientnet_b4,ILSVRC2012_val_00024966.JPEG,n03690938,631,453,0.1368376,0,imagenet_c,defocus_blur,1,none
efficientnet_b4,ILSVRC2012_val_00025169.JPEG,n03690938,631,838,0.25500086,0,imagenet_c,defocus_blur,1,none
efficientnet_b4,ILSVRC2012_val_00025540.JPEG,n03690938,631,838,0.24693634,0,imagenet_c,defocus_blur,1,none
efficientnet_b4,ILSVRC2012_val_00026685.JPEG,n03690938,631,838,0.25816244,0,imagenet_c,defocus_blur,1,none
efficientnet_b4,ILSVRC2012_val_00029256.JPEG,n03690938,631,631,0.37372506,1,imagenet_c,defocus_blur,1,none
efficientnet_b4,ILSVRC2012_val_00029964.JPEG,n03690938,631,631,0.65070087,1,imagenet_c,defocus_blur,1,none
efficientnet_b4,ILSVRC2012_val_00031423.JPEG,n03690938,631,631,0.28012264,1,imagenet_c,defocus_blur,1,none
efficientnet_b4,ILSVRC2012_val_00032191.JPEG,n03690938,631,631,0.17441854,1,imagenet_c,defocus_blur,1,none
efficientnet_b4,ILSVRC2012_val_00032391.JPEG,n03690938,631,631,0.37892416,1,imagenet_c,defocus_blur,1,none
efficientnet_b4,ILSVRC2012_val_00032514.JPEG,n03690938,631,631,0.48114526,1,imagenet_c,defocus_blur,1,none
efficientnet_b4,ILSVRC2012_val_00032861.JPEG,n03690938,631,631,0.5883685,1,imagenet_c,defocus_blur,1,none
efficientnet_b4,ILSVRC2012_val_00033274.JPEG,n03690938,631,585,0.3814441,0,imagenet_c,defocus_blur,1,none
efficientnet_b4,ILSVRC2012_val_00033332.JPEG,n03690938,631,631,0.383586,1,imagenet_c,defocus_blur,1,none
efficientnet_b4,ILSVRC2012_val_00034917.JPEG,n03690938,631,838,0.25303355,0,imagenet_c,defocus_blur,1,none
efficientnet_b4,ILSVRC2012_val_00035370.JPEG,n03690938,631,631,0.68989575,1,imagenet_c,defocus_blur,1,none
efficientnet_b4,ILSVRC2012_val_00036956.JPEG,n03690938,631,631,0.23652294,1,imagenet_c,defocus_blur,1,none
efficientnet_b4,ILSVRC2012_val_00037512.JPEG,n03690938,631,680,0.12944506,0,imagenet_c,defocus_blur,1,none
efficientnet_b4,ILSVRC2012_val_00038363.JPEG,n03690938,631,804,0.55402863,0,imagenet_c,defocus_blur,1,none
efficientnet_b4,ILSVRC2012_val_00038900.JPEG,n03690938,631,838,0.48305708,0,imagenet_c,defocus_blur,1,none
efficientnet_b4,ILSVRC2012_val_00039984.JPEG,n03690938,631,585,0.22855188,0,imagenet_c,defocus_blur,1,none
efficientnet_b4,ILSVRC2012_val_00040596.JPEG,n03690938,631,917,0.036998253,0,imagenet_c,defocus_blur,1,none
efficientnet_b4,ILSVRC2012_val_00041882.JPEG,n03690938,631,440,0.30407044,0,imagenet_c,defocus_blur,1,none
efficientnet_b4,ILSVRC2012_val_00041933.JPEG,n03690938,631,838,0.3331453,0,imagenet_c,defocus_blur,1,none
efficientnet_b4,ILSVRC2012_val_00043006.JPEG,n03690938,631,686,0.18708405,0,imagenet_c,defocus_blur,1,none
efficientnet_b4,ILSVRC2012_val_00045173.JPEG,n03690938,631,631,0.4233004,1,imagenet_c,defocus_blur,1,none
efficientnet_b4,ILSVRC2012_val_00045590.JPEG,n03690938,631,631,0.41027707,1,imagenet_c,defocus_blur,1,none
efficientnet_b4,ILSVRC2012_val_00046286.JPEG,n03690938,631,631,0.3750881,1,imagenet_c,defocus_blur,1,none
efficientnet_b4,ILSVRC2012_val_00046604.JPEG,n03690938,631,631,0.7040673,1,imagenet_c,defocus_blur,1,none
efficientnet_b4,ILSVRC2012_val_00048638.JPEG,n03690938,631,585,0.44675216,0,imagenet_c,defocus_blur,1,none
efficientnet_b4,ILSVRC2012_val_00048745.JPEG,n03690938,631,838,0.5287995,0,imagenet_c,defocus_blur,1,none
efficientnet_b4,ILSVRC2012_val_00048985.JPEG,n03690938,631,631,0.16968973,1,imagenet_c,defocus_blur,1,none
efficientnet_b4,ILSVRC2012_val_00000109.JPEG,n03691459,632,632,0.4927348,1,imagenet_c,defocus_blur,1,none
efficientnet_b4,ILSVRC2012_val_00000640.JPEG,n03691459,632,632,0.5608241,1,imagenet_c,defocus_blur,1,none
efficientnet_b4,ILSVRC2012_val_00000783.JPEG,n03691459,632,632,0.3370918,1,imagenet_c,defocus_blur,1,none
efficientnet_b4,ILSVRC2012_val_00002095.JPEG,n03691459,632,823,0.4251121,0,imagenet_c,defocus_blur,1,none
efficientnet_b4,ILSVRC2012_val_00002359.JPEG,n03691459,632,513,0.06432861,0,imagenet_c,defocus_blur,1,none
efficientnet_b4,ILSVRC2012_val_00002533.JPEG,n03691459,632,632,0.36132315,1,imagenet_c,defocus_blur,1,none
efficientnet_b4,ILSVRC2012_val_00002577.JPEG,n03691459,632,632,0.36642158,1,imagenet_c,defocus_blur,1,none
efficientnet_b4,ILSVRC2012_val_00003180.JPEG,n03691459,632,848,0.22602649,0,imagenet_c,defocus_blur,1,none
efficientnet_b4,ILSVRC2012_val_00004050.JPEG,n03691459,632,632,0.47541133,1,imagenet_c,defocus_blur,1,none
efficientnet_b4,ILSVRC2012_val_00005562.JPEG,n03691459,632,632,0.49284083,1,imagenet_c,defocus_blur,1,none
efficientnet_b4,ILSVRC2012_val_00006454.JPEG,n03691459,632,632,0.4988868,1,imagenet_c,defocus_blur,1,none
efficientnet_b4,ILSVRC2012_val_00007417.JPEG,n03691459,632,485,0.22648029,0,imagenet_c,defocus_blur,1,none
efficientnet_b4,ILSVRC2012_val_00008456.JPEG,n03691459,632,622,0.6196511,0,imagenet_c,defocus_blur,1,none
efficientnet_b4,ILSVRC2012_val_00008645.JPEG,n03691459,632,632,0.8550353,1,imagenet_c,defocus_blur,1,none
efficientnet_b4,ILSVRC2012_val_00010791.JPEG,n03691459,632,632,0.3415099,1,imagenet_c,defocus_blur,1,none
efficientnet_b4,ILSVRC2012_val_00010819.JPEG,n03691459,632,632,0.5552236,1,imagenet_c,defocus_blur,1,none
efficientnet_b4,ILSVRC2012_val_00011001.JPEG,n03691459,632,632,0.64742637,1,imagenet_c,defocus_blur,1,none
efficientnet_b4,ILSVRC2012_val_00012073.JPEG,n03691459,632,754,0.31812274,0,imagenet_c,defocus_blur,1,none
efficientnet_b4,ILSVRC2012_val_00012602.JPEG,n03691459,632,632,0.25028053,1,imagenet_c,defocus_blur,1,none
efficientnet_b4,ILSVRC2012_val_00014908.JPEG,n03691459,632,589,0.33273202,0,imagenet_c,defocus_blur,1,none
efficientnet_b4,ILSVRC2012_val_00015097.JPEG,n03691459,632,482,0.19218473,0,imagenet_c,defocus_blur,1,none
efficientnet_b4,ILSVRC2012_val_00016702.JPEG,n03691459,632,632,0.6277896,1,imagenet_c,defocus_blur,1,none
efficientnet_b4,ILSVRC2012_val_00016910.JPEG,n03691459,632,632,0.52159137,1,imagenet_c,defocus_blur,1,none
efficientnet_b4,ILSVRC2012_val_00017612.JPEG,n03691459,632,412,0.30977836,0,imagenet_c,defocus_blur,1,none
efficientnet_b4,ILSVRC2012_val_00020742.JPEG,n03691459,632,632,0.2363363,1,imagenet_c,defocus_blur,1,none
efficientnet_b4,ILSVRC2012_val_00021809.JPEG,n03691459,632,598,0.44176576,0,imagenet_c,defocus_blur,1,none
efficientnet_b4,ILSVRC2012_val_00022310.JPEG,n03691459,632,482,0.1058091,0,imagenet_c,defocus_blur,1,none
efficientnet_b4,ILSVRC2012_val_00023671.JPEG,n03691459,632,632,0.59049755,1,imagenet_c,defocus_blur,1,none
efficientnet_b4,ILSVRC2012_val_00024225.JPEG,n03691459,632,632,0.7150835,1,imagenet_c,defocus_blur,1,none
efficientnet_b4,ILSVRC2012_val_00024720.JPEG,n03691459,632,632,0.6083861,1,imagenet_c,defocus_blur,1,none
efficientnet_b4,ILSVRC2012_val_00025111.JPEG,n03691459,632,632,0.15086992,1,imagenet_c,defocus_blur,1,none
efficientnet_b4,ILSVRC2012_val_00025560.JPEG,n03691459,632,632,0.022002524,1,imagenet_c,defocus_blur,1,none
efficientnet_b4,ILSVRC2012_val_00026785.JPEG,n03691459,632,535,0.18356109,0,imagenet_c,defocus_blur,1,none
efficientnet_b4,ILSVRC2012_val_00030580.JPEG,n03691459,632,800,0.44214955,0,imagenet_c,defocus_blur,1,none
efficientnet_b4,ILSVRC2012_val_00032601.JPEG,n03691459,632,526,0.11235763,0,imagenet_c,defocus_blur,1,none
efficientnet_b4,ILSVRC2012_val_00034656.JPEG,n03691459,632,807,0.018852439,0,imagenet_c,defocus_blur,1,none
efficientnet_b4,ILSVRC2012_val_00035771.JPEG,n03691459,632,662,0.25490633,0,imagenet_c,defocus_blur,1,none
efficientnet_b4,ILSVRC2012_val_00036335.JPEG,n03691459,632,482,0.45923847,0,imagenet_c,defocus_blur,1,none
efficientnet_b4,ILSVRC2012_val_00037314.JPEG,n03691459,632,632,0.57158095,1,imagenet_c,defocus_blur,1,none
efficientnet_b4,ILSVRC2012_val_00037730.JPEG,n03691459,632,515,0.036162492,0,imagenet_c,defocus_blur,1,none
efficientnet_b4,ILSVRC2012_val_00037867.JPEG,n03691459,632,632,0.13271575,1,imagenet_c,defocus_blur,1,none
efficientnet_b4,ILSVRC2012_val_00040152.JPEG,n03691459,632,920,0.08321948,0,imagenet_c,defocus_blur,1,none
efficientnet_b4,ILSVRC2012_val_00040815.JPEG,n03691459,632,632,0.100133695,1,imagenet_c,defocus_blur,1,none
efficientnet_b4,ILSVRC2012_val_00041210.JPEG,n03691459,632,984,0.15065724,0,imagenet_c,defocus_blur,1,none
efficientnet_b4,ILSVRC2012_val_00041707.JPEG,n03691459,632,632,0.28396147,1,imagenet_c,defocus_blur,1,none
efficientnet_b4,ILSVRC2012_val_00044641.JPEG,n03691459,632,632,0.5186212,1,imagenet_c,defocus_blur,1,none
efficientnet_b4,ILSVRC2012_val_00047253.JPEG,n03691459,632,632,0.66008353,1,imagenet_c,defocus_blur,1,none
efficientnet_b4,ILSVRC2012_val_00047542.JPEG,n03691459,632,818,0.13051164,0,imagenet_c,defocus_blur,1,none
efficientnet_b4,ILSVRC2012_val_00049230.JPEG,n03691459,632,733,0.26133785,0,imagenet_c,defocus_blur,1,none
efficientnet_b4,ILSVRC2012_val_00049479.JPEG,n03691459,632,632,0.20283449,1,imagenet_c,defocus_blur,1,none
efficientnet_b4,ILSVRC2012_val_00000999.JPEG,n03692522,633,893,0.07932082,0,imagenet_c,defocus_blur,1,none
efficientnet_b4,ILSVRC2012_val_00002045.JPEG,n03692522,633,633,0.40702873,1,imagenet_c,defocus_blur,1,none
efficientnet_b4,ILSVRC2012_val_00003231.JPEG,n03692522,633,633,0.72129184,1,imagenet_c,defocus_blur,1,none
efficientnet_b4,ILSVRC2012_val_00004029.JPEG,n03692522,633,633,0.63138795,1,imagenet_c,defocus_blur,1,none
efficientnet_b4,ILSVRC2012_val_00004519.JPEG,n03692522,633,769,0.07949754,0,imagenet_c,defocus_blur,1,none
efficientnet_b4,ILSVRC2012_val_00006135.JPEG,n03692522,633,633,0.160152,1,imagenet_c,defocus_blur,1,none
efficientnet_b4,ILSVRC2012_val_00007089.JPEG,n03692522,633,617,0.09569436,0,imagenet_c,defocus_blur,1,none
efficientnet_b4,ILSVRC2012_val_00011970.JPEG,n03692522,633,872,0.11577744,0,imagenet_c,defocus_blur,1,none
efficientnet_b4,ILSVRC2012_val_00012274.JPEG,n03692522,633,633,0.25887826,1,imagenet_c,defocus_blur,1,none
efficientnet_b4,ILSVRC2012_val_00012843.JPEG,n03692522,633,633,0.44653147,1,imagenet_c,defocus_blur,1,none
efficientnet_b4,ILSVRC2012_val_00013016.JPEG,n03692522,633,633,0.18509768,1,imagenet_c,defocus_blur,1,none
efficientnet_b4,ILSVRC2012_val_00019600.JPEG,n03692522,633,851,0.33678818,0,imagenet_c,defocus_blur,1,none
efficientnet_b4,ILSVRC2012_val_00020048.JPEG,n03692522,633,633,0.66389847,1,imagenet_c,defocus_blur,1,none
efficientnet_b4,ILSVRC2012_val_00021030.JPEG,n03692522,633,987,0.20903887,0,imagenet_c,defocus_blur,1,none
efficientnet_b4,ILSVRC2012_val_00022747.JPEG,n03692522,633,633,0.78549635,1,imagenet_c,defocus_blur,1,none
efficientnet_b4,ILSVRC2012_val_00023058.JPEG,n03692522,633,633,0.5390108,1,imagenet_c,defocus_blur,1,none
efficientnet_b4,ILSVRC2012_val_00025561.JPEG,n03692522,633,633,0.13446464,1,imagenet_c,defocus_blur,1,none
efficientnet_b4,ILSVRC2012_val_00025833.JPEG,n03692522,633,633,0.60394436,1,imagenet_c,defocus_blur,1,none
efficientnet_b4,ILSVRC2012_val_00026457.JPEG,n03692522,633,633,0.88911474,1,imagenet_c,defocus_blur,1,none
efficientnet_b4,ILSVRC2012_val_00028226.JPEG,n03692522,633,633,0.49902678,1,imagenet_c,defocus_blur,1,none
efficientnet_b4,ILSVRC2012_val_00028897.JPEG,n03692522,633,655,0.029736819,0,imagenet_c,defocus_blur,1,none
efficientnet_b4,ILSVRC2012_val_00029851.JPEG,n03692522,633,633,0.28166085,1,imagenet_c,defocus_blur,1,none
efficientnet_b4,ILSVRC2012_val_00029897.JPEG,n03692522,633,633,0.5692389,1,imagenet_c,defocus_blur,1,none
efficientnet_b4,ILSVRC2012_val_00031152.JPEG,n03692522,633,633,0.43898296,1,imagenet_c,defocus_blur,1,none
efficientnet_b4,ILSVRC2012_val_00031406.JPEG,n03692522,633,824,0.78857285,0,imagenet_c,defocus_blur,1,none
efficientnet_b4,ILSVRC2012_val_00031500.JPEG,n03692522,633,732,0.15788732,0,imagenet_c,defocus_blur,1,none
efficientnet_b4,ILSVRC2012_val_00032694.JPEG,n03692522,633,836,0.17042479,0,imagenet_c,defocus_blur,1,none
efficientnet_b4,ILSVRC2012_val_00033345.JPEG,n03692522,633,513,0.15232846,0,imagenet_c,defocus_blur,1,none
efficientnet_b4,ILSVRC2012_val_00033610.JPEG,n03692522,633,749,0.19325978,0,imagenet_c,defocus_blur,1,none
efficientnet_b4,ILSVRC2012_val_00034889.JPEG,n03692522,633,584,0.07561177,0,imagenet_c,defocus_blur,1,none
efficientnet_b4,ILSVRC2012_val_00035408.JPEG,n03692522,633,759,0.26776287,0,imagenet_c,defocus_blur,1,none
efficientnet_b4,ILSVRC2012_val_00035745.JPEG,n03692522,633,73,0.43167788,0,imagenet_c,defocus_blur,1,none
efficientnet_b4,ILSVRC2012_val_00035877.JPEG,n03692522,633,747,0.09010112,0,imagenet_c,defocus_blur,1,none
efficientnet_b4,ILSVRC2012_val_00036273.JPEG,n03692522,633,823,0.14224294,0,imagenet_c,defocus_blur,1,none
efficientnet_b4,ILSVRC2012_val_00037865.JPEG,n03692522,633,587,0.07767292,0,imagenet_c,defocus_blur,1,none
efficientnet_b4,ILSVRC2012_val_00038985.JPEG,n03692522,633,633,0.39306197,1,imagenet_c,defocus_blur,1,none
efficientnet_b4,ILSVRC2012_val_00039061.JPEG,n03692522,633,684,0.16963153,0,imagenet_c,defocus_blur,1,none
efficientnet_b4,ILSVRC2012_val_00040377.JPEG,n03692522,633,481,0.067214034,0,imagenet_c,defocus_blur,1,none
efficientnet_b4,ILSVRC2012_val_00040460.JPEG,n03692522,633,464,0.09741798,0,imagenet_c,defocus_blur,1,none
efficientnet_b4,ILSVRC2012_val_00040860.JPEG,n03692522,633,633,0.7619207,1,imagenet_c,defocus_blur,1,none
efficientnet_b4,ILSVRC2012_val_00041544.JPEG,n03692522,633,902,0.10559967,0,imagenet_c,defocus_blur,1,none
efficientnet_b4,ILSVRC2012_val_00042338.JPEG,n03692522,633,504,0.37779287,0,imagenet_c,defocus_blur,1,none
efficientnet_b4,ILSVRC2012_val_00044271.JPEG,n03692522,633,399,0.2190683,0,imagenet_c,defocus_blur,1,none
efficientnet_b4,ILSVRC2012_val_00044466.JPEG,n03692522,633,745,0.26337895,0,imagenet_c,defocus_blur,1,none
efficientnet_b4,ILSVRC2012_val_00044571.JPEG,n03692522,633,633,0.6251996,1,imagenet_c,defocus_blur,1,none
efficientnet_b4,ILSVRC2012_val_00045272.JPEG,n03692522,633,589,0.0607579,0,imagenet_c,defocus_blur,1,none
efficientnet_b4,ILSVRC2012_val_00046598.JPEG,n03692522,633,633,0.1785429,1,imagenet_c,defocus_blur,1,none
efficientnet_b4,ILSVRC2012_val_00046713.JPEG,n03692522,633,937,0.25205022,0,imagenet_c,defocus_blur,1,none
efficientnet_b4,ILSVRC2012_val_00046725.JPEG,n03692522,633,453,0.16652866,0,imagenet_c,defocus_blur,1,none
efficientnet_b4,ILSVRC2012_val_00049785.JPEG,n03692522,633,732,0.12635967,0,imagenet_c,defocus_blur,1,none
efficientnet_b4,ILSVRC2012_val_00000760.JPEG,n03697007,634,489,0.643243,0,imagenet_c,defocus_blur,1,none
efficientnet_b4,ILSVRC2012_val_00001874.JPEG,n03697007,634,634,0.51399356,1,imagenet_c,defocus_blur,1,none
efficientnet_b4,ILSVRC2012_val_00002979.JPEG,n03697007,634,975,0.12027652,0,imagenet_c,defocus_blur,1,none
efficientnet_b4,ILSVRC2012_val_00003724.JPEG,n03697007,634,634,0.03193941,1,imagenet_c,defocus_blur,1,none
efficientnet_b4,ILSVRC2012_val_00004069.JPEG,n03697007,634,634,0.067529894,1,imagenet_c,defocus_blur,1,none
efficientnet_b4,ILSVRC2012_val_00004144.JPEG,n03697007,634,634,0.32821018,1,imagenet_c,defocus_blur,1,none
efficientnet_b4,ILSVRC2012_val_00004442.JPEG,n03697007,634,718,0.180234,0,imagenet_c,defocus_blur,1,none
efficientnet_b4,ILSVRC2012_val_00005462.JPEG,n03697007,634,580,0.21621728,0,imagenet_c,defocus_blur,1,none
efficientnet_b4,ILSVRC2012_val_00006142.JPEG,n03697007,634,634,0.20546223,1,imagenet_c,defocus_blur,1,none
efficientnet_b4,ILSVRC2012_val_00009180.JPEG,n03697007,634,912,0.105528794,0,imagenet_c,defocus_blur,1,none
efficientnet_b4,ILSVRC2012_val_00010251.JPEG,n03697007,634,634,0.43667832,1,imagenet_c,defocus_blur,1,none
efficientnet_b4,ILSVRC2012_val_00011010.JPEG,n03697007,634,634,0.5935455,1,imagenet_c,defocus_blur,1,none
efficientnet_b4,ILSVRC2012_val_00011684.JPEG,n03697007,634,634,0.36970466,1,imagenet_c,defocus_blur,1,none
efficientnet_b4,ILSVRC2012_val_00012312.JPEG,n03697007,634,634,0.5323088,1,imagenet_c,defocus_blur,1,none
efficientnet_b4,ILSVRC2012_val_00012947.JPEG,n03697007,634,634,0.6287817,1,imagenet_c,defocus_blur,1,none
efficientnet_b4,ILSVRC2012_val_00013144.JPEG,n03697007,634,866,0.091533676,0,imagenet_c,defocus_blur,1,none
efficientnet_b4,ILSVRC2012_val_00013631.JPEG,n03697007,634,634,0.53988165,1,imagenet_c,defocus_blur,1,none
efficientnet_b4,ILSVRC2012_val_00016413.JPEG,n03697007,634,634,0.35877037,1,imagenet_c,defocus_blur,1,none
efficientnet_b4,ILSVRC2012_val_00017027.JPEG,n03697007,634,634,0.53935874,1,imagenet_c,defocus_blur,1,none
efficientnet_b4,ILSVRC2012_val_00017091.JPEG,n03697007,634,856,0.14487442,0,imagenet_c,defocus_blur,1,none
efficientnet_b4,ILSVRC2012_val_00017946.JPEG,n03697007,634,565,0.48144603,0,imagenet_c,defocus_blur,1,none
efficientnet_b4,ILSVRC2012_val_00020666.JPEG,n03697007,634,634,0.65106654,1,imagenet_c,defocus_blur,1,none
efficientnet_b4,ILSVRC2012_val_00022675.JPEG,n03697007,634,634,0.28844333,1,imagenet_c,defocus_blur,1,none
efficientnet_b4,ILSVRC2012_val_00024323.JPEG,n03697007,634,425,0.4098307,0,imagenet_c,defocus_blur,1,none
efficientnet_b4,ILSVRC2012_val_00025659.JPEG,n03697007,634,634,0.45595688,1,imagenet_c,defocus_blur,1,none
efficientnet_b4,ILSVRC2012_val_00026290.JPEG,n03697007,634,634,0.5237278,1,imagenet_c,defocus_blur,1,none
efficientnet_b4,ILSVRC2012_val_00027007.JPEG,n03697007,634,634,0.023234054,1,imagenet_c,defocus_blur,1,none
efficientnet_b4,ILSVRC2012_val_00030128.JPEG,n03697007,634,577,0.14866816,0,imagenet_c,defocus_blur,1,none
efficientnet_b4,ILSVRC2012_val_00032905.JPEG,n03697007,634,634,0.68756545,1,imagenet_c,defocus_blur,1,none
efficientnet_b4,ILSVRC2012_val_00033037.JPEG,n03697007,634,634,0.3139253,1,imagenet_c,defocus_blur,1,none
efficientnet_b4,ILSVRC2012_val_00033470.JPEG,n03697007,634,488,0.16696556,0,imagenet_c,defocus_blur,1,none
efficientnet_b4,ILSVRC2012_val_00034390.JPEG,n03697007,634,765,0.041768722,0,imagenet_c,defocus_blur,1,none
efficientnet_b4,ILSVRC2012_val_00034457.JPEG,n03697007,634,634,0.7046263,1,imagenet_c,defocus_blur,1,none
efficientnet_b4,ILSVRC2012_val_00036866.JPEG,n03697007,634,634,0.4599489,1,imagenet_c,defocus_blur,1,none
efficientnet_b4,ILSVRC2012_val_00037670.JPEG,n03697007,634,634,0.38513467,1,imagenet_c,defocus_blur,1,none
efficientnet_b4,ILSVRC2012_val_00038106.JPEG,n03697007,634,634,0.18410933,1,imagenet_c,defocus_blur,1,none
efficientnet_b4,ILSVRC2012_val_00039453.JPEG,n03697007,634,634,0.7293872,1,imagenet_c,defocus_blur,1,none
efficientnet_b4,ILSVRC2012_val_00040182.JPEG,n03697007,634,975,0.047863528,0,imagenet_c,defocus_blur,1,none
efficientnet_b4,ILSVRC2012_val_00040424.JPEG,n03697007,634,634,0.23815279,1,imagenet_c,defocus_blur,1,none
efficientnet_b4,ILSVRC2012_val_00040573.JPEG,n03697007,634,634,0.71716654,1,imagenet_c,defocus_blur,1,none
efficientnet_b4,ILSVRC2012_val_00040882.JPEG,n03697007,634,644,0.4209993,0,imagenet_c,defocus_blur,1,none
efficientnet_b4,ILSVRC2012_val_00041683.JPEG,n03697007,634,634,0.6974179,1,imagenet_c,defocus_blur,1,none
efficientnet_b4,ILSVRC2012_val_00042463.JPEG,n03697007,634,634,0.3531382,1,imagenet_c,defocus_blur,1,none
efficientnet_b4,ILSVRC2012_val_00042583.JPEG,n03697007,634,634,0.71727246,1,imagenet_c,defocus_blur,1,none
efficientnet_b4,ILSVRC2012_val_00044154.JPEG,n03697007,634,634,0.5062332,1,imagenet_c,defocus_blur,1,none
efficientnet_b4,ILSVRC2012_val_00045808.JPEG,n03697007,634,634,0.755214,1,imagenet_c,defocus_blur,1,none
efficientnet_b4,ILSVRC2012_val_00046301.JPEG,n03697007,634,634,0.85403323,1,imagenet_c,defocus_blur,1,none
efficientnet_b4,ILSVRC2012_val_00047600.JPEG,n03697007,634,634,0.66670537,1,imagenet_c,defocus_blur,1,none
efficientnet_b4,ILSVRC2012_val_00047930.JPEG,n03697007,634,634,0.5713091,1,imagenet_c,defocus_blur,1,none
efficientnet_b4,ILSVRC2012_val_00049741.JPEG,n03697007,634,634,0.6555657,1,imagenet_c,defocus_blur,1,none
efficientnet_b4,ILSVRC2012_val_00001229.JPEG,n03706229,635,635,0.7519153,1,imagenet_c,defocus_blur,1,none
efficientnet_b4,ILSVRC2012_val_00002384.JPEG,n03706229,635,409,0.13603692,0,imagenet_c,defocus_blur,1,none
efficientnet_b4,ILSVRC2012_val_00002880.JPEG,n03706229,635,635,0.6332324,1,imagenet_c,defocus_blur,1,none
efficientnet_b4,ILSVRC2012_val_00003975.JPEG,n03706229,635,635,0.22715493,1,imagenet_c,defocus_blur,1,none
efficientnet_b4,ILSVRC2012_val_00004516.JPEG,n03706229,635,635,0.7957965,1,imagenet_c,defocus_blur,1,none
efficientnet_b4,ILSVRC2012_val_00005700.JPEG,n03706229,635,635,0.56529653,1,imagenet_c,defocus_blur,1,none
efficientnet_b4,ILSVRC2012_val_00007301.JPEG,n03706229,635,635,0.55322945,1,imagenet_c,defocus_blur,1,none
efficientnet_b4,ILSVRC2012_val_00008728.JPEG,n03706229,635,823,0.12729846,0,imagenet_c,defocus_blur,1,none
efficientnet_b4,ILSVRC2012_val_00009040.JPEG,n03706229,635,635,0.439487,1,imagenet_c,defocus_blur,1,none
efficientnet_b4,ILSVRC2012_val_00010647.JPEG,n03706229,635,504,0.0834641,0,imagenet_c,defocus_blur,1,none
efficientnet_b4,ILSVRC2012_val_00010978.JPEG,n03706229,635,635,0.5887375,1,imagenet_c,defocus_blur,1,none
efficientnet_b4,ILSVRC2012_val_00014970.JPEG,n03706229,635,635,0.7890431,1,imagenet_c,defocus_blur,1,none
efficientnet_b4,ILSVRC2012_val_00015256.JPEG,n03706229,635,635,0.51644516,1,imagenet_c,defocus_blur,1,none
efficientnet_b4,ILSVRC2012_val_00016744.JPEG,n03706229,635,635,0.4592634,1,imagenet_c,defocus_blur,1,none
efficientnet_b4,ILSVRC2012_val_00016895.JPEG,n03706229,635,671,0.118109375,0,imagenet_c,defocus_blur,1,none
efficientnet_b4,ILSVRC2012_val_00016942.JPEG,n03706229,635,635,0.63811666,1,imagenet_c,defocus_blur,1,none
efficientnet_b4,ILSVRC2012_val_00017460.JPEG,n03706229,635,635,0.32779062,1,imagenet_c,defocus_blur,1,none
efficientnet_b4,ILSVRC2012_val_00018668.JPEG,n03706229,635,635,0.70128345,1,imagenet_c,defocus_blur,1,none
efficientnet_b4,ILSVRC2012_val_00018894.JPEG,n03706229,635,635,0.1399301,1,imagenet_c,defocus_blur,1,none
efficientnet_b4,ILSVRC2012_val_00019455.JPEG,n03706229,635,635,0.47274294,1,imagenet_c,defocus_blur,1,none
efficientnet_b4,ILSVRC2012_val_00020516.JPEG,n03706229,635,582,0.059182774,0,imagenet_c,defocus_blur,1,none
efficientnet_b4,ILSVRC2012_val_00025205.JPEG,n03706229,635,635,0.66729265,1,imagenet_c,defocus_blur,1,none
efficientnet_b4,ILSVRC2012_val_00025436.JPEG,n03706229,635,635,0.5227816,1,imagenet_c,defocus_blur,1,none
efficientnet_b4,ILSVRC2012_val_00025741.JPEG,n03706229,635,635,0.6000871,1,imagenet_c,defocus_blur,1,none
efficientnet_b4,ILSVRC2012_val_00026009.JPEG,n03706229,635,635,0.6389819,1,imagenet_c,defocus_blur,1,none
efficientnet_b4,ILSVRC2012_val_00026671.JPEG,n03706229,635,685,0.44105396,0,imagenet_c,defocus_blur,1,none
efficientnet_b4,ILSVRC2012_val_00026769.JPEG,n03706229,635,635,0.6372736,1,imagenet_c,defocus_blur,1,none
efficientnet_b4,ILSVRC2012_val_00027390.JPEG,n03706229,635,635,0.7708979,1,imagenet_c,defocus_blur,1,none
efficientnet_b4,ILSVRC2012_val_00028056.JPEG,n03706229,635,635,0.6275991,1,imagenet_c,defocus_blur,1,none
efficientnet_b4,ILSVRC2012_val_00029423.JPEG,n03706229,635,635,0.698687,1,imagenet_c,defocus_blur,1,none
efficientnet_b4,ILSVRC2012_val_00031680.JPEG,n03706229,635,635,0.6700948,1,imagenet_c,defocus_blur,1,none
efficientnet_b4,ILSVRC2012_val_00032353.JPEG,n03706229,635,635,0.7146926,1,imagenet_c,defocus_blur,1,none
efficientnet_b4,ILSVRC2012_val_00032444.JPEG,n03706229,635,635,0.70997685,1,imagenet_c,defocus_blur,1,none
efficientnet_b4,ILSVRC2012_val_00032835.JPEG,n03706229,635,561,0.051379446,0,imagenet_c,defocus_blur,1,none
efficientnet_b4,ILSVRC2012_val_00036421.JPEG,n03706229,635,635,0.23841557,1,imagenet_c,defocus_blur,1,none
efficientnet_b4,ILSVRC2012_val_00036426.JPEG,n03706229,635,635,0.248667,1,imagenet_c,defocus_blur,1,none
efficientnet_b4,ILSVRC2012_val_00036804.JPEG,n03706229,635,635,0.6127024,1,imagenet_c,defocus_blur,1,none
efficientnet_b4,ILSVRC2012_val_00039674.JPEG,n03706229,635,635,0.6887888,1,imagenet_c,defocus_blur,1,none
efficientnet_b4,ILSVRC2012_val_00042621.JPEG,n03706229,635,635,0.6201928,1,imagenet_c,defocus_blur,1,none
efficientnet_b4,ILSVRC2012_val_00043753.JPEG,n03706229,635,635,0.83050436,1,imagenet_c,defocus_blur,1,none
efficientnet_b4,ILSVRC2012_val_00043949.JPEG,n03706229,635,635,0.7590109,1,imagenet_c,defocus_blur,1,none
efficientnet_b4,ILSVRC2012_val_00044674.JPEG,n03706229,635,635,0.52968717,1,imagenet_c,defocus_blur,1,none
efficientnet_b4,ILSVRC2012_val_00046324.JPEG,n03706229,635,635,0.35056546,1,imagenet_c,defocus_blur,1,none
efficientnet_b4,ILSVRC2012_val_00046884.JPEG,n03706229,635,902,0.2889423,0,imagenet_c,defocus_blur,1,none
efficientnet_b4,ILSVRC2012_val_00047605.JPEG,n03706229,635,635,0.75364053,1,imagenet_c,defocus_blur,1,none
efficientnet_b4,ILSVRC2012_val_00047988.JPEG,n03706229,635,635,0.17340396,1,imagenet_c,defocus_blur,1,none
efficientnet_b4,ILSVRC2012_val_00048067.JPEG,n03706229,635,635,0.6127012,1,imagenet_c,defocus_blur,1,none
efficientnet_b4,ILSVRC2012_val_00049009.JPEG,n03706229,635,635,0.5534452,1,imagenet_c,defocus_blur,1,none
efficientnet_b4,ILSVRC2012_val_00049101.JPEG,n03706229,635,704,0.50142616,0,imagenet_c,defocus_blur,1,none
efficientnet_b4,ILSVRC2012_val_00049888.JPEG,n03706229,635,635,0.33593288,1,imagenet_c,defocus_blur,1,none
efficientnet_b4,ILSVRC2012_val_00000221.JPEG,n03709823,636,636,0.44590777,1,imagenet_c,defocus_blur,1,none
efficientnet_b4,ILSVRC2012_val_00000435.JPEG,n03709823,636,636,0.28211397,1,imagenet_c,defocus_blur,1,none
efficientnet_b4,ILSVRC2012_val_00001140.JPEG,n03709823,636,636,0.48203078,1,imagenet_c,defocus_blur,1,none
efficientnet_b4,ILSVRC2012_val_00001638.JPEG,n03709823,636,636,0.6324123,1,imagenet_c,defocus_blur,1,none
efficientnet_b4,ILSVRC2012_val_00001860.JPEG,n03709823,636,636,0.11979529,1,imagenet_c,defocus_blur,1,none
efficientnet_b4,ILSVRC2012_val_00003950.JPEG,n03709823,636,636,0.21174648,1,imagenet_c,defocus_blur,1,none
efficientnet_b4,ILSVRC2012_val_00004303.JPEG,n03709823,636,399,0.18314238,0,imagenet_c,defocus_blur,1,none
efficientnet_b4,ILSVRC2012_val_00005195.JPEG,n03709823,636,830,0.14671583,0,imagenet_c,defocus_blur,1,none
efficientnet_b4,ILSVRC2012_val_00005929.JPEG,n03709823,636,636,0.64366543,1,imagenet_c,defocus_blur,1,none
efficientnet_b4,ILSVRC2012_val_00007069.JPEG,n03709823,636,459,0.2487585,0,imagenet_c,defocus_blur,1,none
efficientnet_b4,ILSVRC2012_val_00007353.JPEG,n03709823,636,636,0.6160717,1,imagenet_c,defocus_blur,1,none
efficientnet_b4,ILSVRC2012_val_00007848.JPEG,n03709823,636,636,0.47282833,1,imagenet_c,defocus_blur,1,none
efficientnet_b4,ILSVRC2012_val_00008990.JPEG,n03709823,636,636,0.34194675,1,imagenet_c,defocus_blur,1,none
efficientnet_b4,ILSVRC2012_val_00012321.JPEG,n03709823,636,709,0.21938774,0,imagenet_c,defocus_blur,1,none
efficientnet_b4,ILSVRC2012_val_00012477.JPEG,n03709823,636,59,0.10925002,0,imagenet_c,defocus_blur,1,none
efficientnet_b4,ILSVRC2012_val_00012533.JPEG,n03709823,636,414,0.1243886,0,imagenet_c,defocus_blur,1,none
efficientnet_b4,ILSVRC2012_val_00014162.JPEG,n03709823,636,748,0.13035434,0,imagenet_c,defocus_blur,1,none
efficientnet_b4,ILSVRC2012_val_00015080.JPEG,n03709823,636,636,0.4267319,1,imagenet_c,defocus_blur,1,none
efficientnet_b4,ILSVRC2012_val_00017011.JPEG,n03709823,636,636,0.2622624,1,imagenet_c,defocus_blur,1,none
efficientnet_b4,ILSVRC2012_val_00022303.JPEG,n03709823,636,636,0.44553888,1,imagenet_c,defocus_blur,1,none
efficientnet_b4,ILSVRC2012_val_00022435.JPEG,n03709823,636,636,0.2849693,1,imagenet_c,defocus_blur,1,none
efficientnet_b4,ILSVRC2012_val_00022534.JPEG,n03709823,636,636,0.2636805,1,imagenet_c,defocus_blur,1,none
efficientnet_b4,ILSVRC2012_val_00023713.JPEG,n03709823,636,636,0.3212725,1,imagenet_c,defocus_blur,1,none
efficientnet_b4,ILSVRC2012_val_00023727.JPEG,n03709823,636,830,0.073733665,0,imagenet_c,defocus_blur,1,none
efficientnet_b4,ILSVRC2012_val_00023792.JPEG,n03709823,636,893,0.32023287,0,imagenet_c,defocus_blur,1,none
efficientnet_b4,ILSVRC2012_val_00025557.JPEG,n03709823,636,636,0.14279774,1,imagenet_c,defocus_blur,1,none
efficientnet_b4,ILSVRC2012_val_00026176.JPEG,n03709823,636,636,0.39922687,1,imagenet_c,defocus_blur,1,none
efficientnet_b4,ILSVRC2012_val_00026748.JPEG,n03709823,636,636,0.39992028,1,imagenet_c,defocus_blur,1,none
efficientnet_b4,ILSVRC2012_val_00027741.JPEG,n03709823,636,636,0.27677137,1,imagenet_c,defocus_blur,1,none
efficientnet_b4,ILSVRC2012_val_00028436.JPEG,n03709823,636,459,0.16553925,0,imagenet_c,defocus_blur,1,none
efficientnet_b4,ILSVRC2012_val_00032241.JPEG,n03709823,636,636,0.16202915,1,imagenet_c,defocus_blur,1,none
efficientnet_b4,ILSVRC2012_val_00032247.JPEG,n03709823,636,748,0.12184813,0,imagenet_c,defocus_blur,1,none
efficientnet_b4,ILSVRC2012_val_00032639.JPEG,n03709823,636,636,0.8036622,1,imagenet_c,defocus_blur,1,none
efficientnet_b4,ILSVRC2012_val_00033950.JPEG,n03709823,636,636,0.5259885,1,imagenet_c,defocus_blur,1,none
efficientnet_b4,ILSVRC2012_val_00034177.JPEG,n03709823,636,709,0.35227573,0,imagenet_c,defocus_blur,1,none
efficientnet_b4,ILSVRC2012_val_00034532.JPEG,n03709823,636,636,0.7837193,1,imagenet_c,defocus_blur,1,none
efficientnet_b4,ILSVRC2012_val_00035896.JPEG,n03709823,636,636,0.44361678,1,imagenet_c,defocus_blur,1,none
efficientnet_b4,ILSVRC2012_val_00036582.JPEG,n03709823,636,636,0.25742975,1,imagenet_c,defocus_blur,1,none
efficientnet_b4,ILSVRC2012_val_00037702.JPEG,n03709823,636,636,0.4701599,1,imagenet_c,defocus_blur,1,none
efficientnet_b4,ILSVRC2012_val_00038067.JPEG,n03709823,636,636,0.588427,1,imagenet_c,defocus_blur,1,none
efficientnet_b4,ILSVRC2012_val_00038621.JPEG,n03709823,636,893,0.056185186,0,imagenet_c,defocus_blur,1,none
efficientnet_b4,ILSVRC2012_val_00039989.JPEG,n03709823,636,465,0.44444034,0,imagenet_c,defocus_blur,1,none
efficientnet_b4,ILSVRC2012_val_00040662.JPEG,n03709823,636,636,0.37179697,1,imagenet_c,defocus_blur,1,none
efficientnet_b4,ILSVRC2012_val_00041107.JPEG,n03709823,636,636,0.5816941,1,imagenet_c,defocus_blur,1,none
efficientnet_b4,ILSVRC2012_val_00041496.JPEG,n03709823,636,636,0.28576308,1,imagenet_c,defocus_blur,1,none
efficientnet_b4,ILSVRC2012_val_00042613.JPEG,n03709823,636,636,0.25569123,1,imagenet_c,defocus_blur,1,none
efficientnet_b4,ILSVRC2012_val_00046592.JPEG,n03709823,636,636,0.6232973,1,imagenet_c,defocus_blur,1,none
efficientnet_b4,ILSVRC2012_val_00048331.JPEG,n03709823,636,446,0.29511017,0,imagenet_c,defocus_blur,1,none
efficientnet_b4,ILSVRC2012_val_00048873.JPEG,n03709823,636,636,0.25680953,1,imagenet_c,defocus_blur,1,none
efficientnet_b4,ILSVRC2012_val_00049199.JPEG,n03709823,636,636,0.39274547,1,imagenet_c,defocus_blur,1,none
efficientnet_b4,ILSVRC2012_val_00000152.JPEG,n03710193,637,637,0.43385595,1,imagenet_c,defocus_blur,1,none
efficientnet_b4,ILSVRC2012_val_00000364.JPEG,n03710193,637,703,0.11367677,0,imagenet_c,defocus_blur,1,none
efficientnet_b4,ILSVRC2012_val_00001322.JPEG,n03710193,637,637,0.22327156,1,imagenet_c,defocus_blur,1,none
efficientnet_b4,ILSVRC2012_val_00002203.JPEG,n03710193,637,637,0.2932776,1,imagenet_c,defocus_blur,1,none
efficientnet_b4,ILSVRC2012_val_00003949.JPEG,n03710193,637,637,0.26113728,1,imagenet_c,defocus_blur,1,none
efficientnet_b4,ILSVRC2012_val_00004092.JPEG,n03710193,637,481,0.07822835,0,imagenet_c,defocus_blur,1,none
efficientnet_b4,ILSVRC2012_val_00007759.JPEG,n03710193,637,637,0.43721223,1,imagenet_c,defocus_blur,1,none
efficientnet_b4,ILSVRC2012_val_00008671.JPEG,n03710193,637,637,0.40190125,1,imagenet_c,defocus_blur,1,none
efficientnet_b4,ILSVRC2012_val_00010118.JPEG,n03710193,637,637,0.18407935,1,imagenet_c,defocus_blur,1,none
efficientnet_b4,ILSVRC2012_val_00010814.JPEG,n03710193,637,637,0.6576226,1,imagenet_c,defocus_blur,1,none
efficientnet_b4,ILSVRC2012_val_00011151.JPEG,n03710193,637,637,0.6481267,1,imagenet_c,defocus_blur,1,none
efficientnet_b4,ILSVRC2012_val_00012031.JPEG,n03710193,637,637,0.44665453,1,imagenet_c,defocus_blur,1,none
efficientnet_b4,ILSVRC2012_val_00012802.JPEG,n03710193,637,637,0.48129943,1,imagenet_c,defocus_blur,1,none
efficientnet_b4,ILSVRC2012_val_00013096.JPEG,n03710193,637,637,0.42498302,1,imagenet_c,defocus_blur,1,none
efficientnet_b4,ILSVRC2012_val_00018245.JPEG,n03710193,637,716,0.3842154,0,imagenet_c,defocus_blur,1,none
efficientnet_b4,ILSVRC2012_val_00019006.JPEG,n03710193,637,704,0.0903188,0,imagenet_c,defocus_blur,1,none
efficientnet_b4,ILSVRC2012_val_00019392.JPEG,n03710193,637,710,0.108929425,0,imagenet_c,defocus_blur,1,none
efficientnet_b4,ILSVRC2012_val_00024544.JPEG,n03710193,637,637,0.24013893,1,imagenet_c,defocus_blur,1,none
efficientnet_b4,ILSVRC2012_val_00024783.JPEG,n03710193,637,792,0.0935489,0,imagenet_c,defocus_blur,1,none
efficientnet_b4,ILSVRC2012_val_00025673.JPEG,n03710193,637,637,0.22634877,1,imagenet_c,defocus_blur,1,none
efficientnet_b4,ILSVRC2012_val_00026765.JPEG,n03710193,637,412,0.09641913,0,imagenet_c,defocus_blur,1,none
efficientnet_b4,ILSVRC2012_val_00027177.JPEG,n03710193,637,637,0.38660964,1,imagenet_c,defocus_blur,1,none
efficientnet_b4,ILSVRC2012_val_00028280.JPEG,n03710193,637,637,0.5806355,1,imagenet_c,defocus_blur,1,none
efficientnet_b4,ILSVRC2012_val_00028333.JPEG,n03710193,637,637,0.21453385,1,imagenet_c,defocus_blur,1,none
efficientnet_b4,ILSVRC2012_val_00028700.JPEG,n03710193,637,662,0.1410506,0,imagenet_c,defocus_blur,1,none
efficientnet_b4,ILSVRC2012_val_00030100.JPEG,n03710193,637,637,0.43730772,1,imagenet_c,defocus_blur,1,none
efficientnet_b4,ILSVRC2012_val_00030503.JPEG,n03710193,637,637,0.39718503,1,imagenet_c,defocus_blur,1,none
efficientnet_b4,ILSVRC2012_val_00032424.JPEG,n03710193,637,637,0.48634845,1,imagenet_c,defocus_blur,1,none
efficientnet_b4,ILSVRC2012_val_00034003.JPEG,n03710193,637,637,0.50578105,1,imagenet_c,defocus_blur,1,none
efficientnet_b4,ILSVRC2012_val_00035052.JPEG,n03710193,637,637,0.42344585,1,imagenet_c,defocus_blur,1,none
efficientnet_b4,ILSVRC2012_val_00035424.JPEG,n03710193,637,637,0.6235829,1,imagenet_c,defocus_blur,1,none
efficientnet_b4,ILSVRC2012_val_00036617.JPEG,n03710193,637,637,0.37689868,1,imagenet_c,defocus_blur,1,none
efficientnet_b4,ILSVRC2012_val_00038533.JPEG,n03710193,637,637,0.3819218,1,imagenet_c,defocus_blur,1,none
efficientnet_b4,ILSVRC2012_val_00039349.JPEG,n03710193,637,637,0.5115913,1,imagenet_c,defocus_blur,1,none
efficientnet_b4,ILSVRC2012_val_00040946.JPEG,n03710193,637,660,0.122719824,0,imagenet_c,defocus_blur,1,none
efficientnet_b4,ILSVRC2012_val_00041167.JPEG,n03710193,637,637,0.32635388,1,imagenet_c,defocus_blur,1,none
efficientnet_b4,ILSVRC2012_val_00042901.JPEG,n03710193,637,637,0.41122,1,imagenet_c,defocus_blur,1,none
efficientnet_b4,ILSVRC2012_val_00043083.JPEG,n03710193,637,637,0.67578036,1,imagenet_c,defocus_blur,1,none
efficientnet_b4,ILSVRC2012_val_00043368.JPEG,n03710193,637,637,0.42470068,1,imagenet_c,defocus_blur,1,none
efficientnet_b4,ILSVRC2012_val_00044062.JPEG,n03710193,637,637,0.54052895,1,imagenet_c,defocus_blur,1,none
efficientnet_b4,ILSVRC2012_val_00045717.JPEG,n03710193,637,637,0.58002275,1,imagenet_c,defocus_blur,1,none
efficientnet_b4,ILSVRC2012_val_00045727.JPEG,n03710193,637,637,0.3165269,1,imagenet_c,defocus_blur,1,none
efficientnet_b4,ILSVRC2012_val_00045895.JPEG,n03710193,637,637,0.4053552,1,imagenet_c,defocus_blur,1,none
efficientnet_b4,ILSVRC2012_val_00047283.JPEG,n03710193,637,637,0.35800385,1,imagenet_c,defocus_blur,1,none
efficientnet_b4,ILSVRC2012_val_00047418.JPEG,n03710193,637,637,0.18623835,1,imagenet_c,defocus_blur,1,none
efficientnet_b4,ILSVRC2012_val_00047489.JPEG,n03710193,637,637,0.5128809,1,imagenet_c,defocus_blur,1,none
efficientnet_b4,ILSVRC2012_val_00047916.JPEG,n03710193,637,637,0.55678666,1,imagenet_c,defocus_blur,1,none
efficientnet_b4,ILSVRC2012_val_00048316.JPEG,n03710193,637,637,0.24597657,1,imagenet_c,defocus_blur,1,none
efficientnet_b4,ILSVRC2012_val_00048410.JPEG,n03710193,637,513,0.071507804,0,imagenet_c,defocus_blur,1,none
efficientnet_b4,ILSVRC2012_val_00048679.JPEG,n03710193,637,637,0.53960013,1,imagenet_c,defocus_blur,1,none
efficientnet_b4,ILSVRC2012_val_00000117.JPEG,n03710637,638,638,0.151459,1,imagenet_c,defocus_blur,1,none
efficientnet_b4,ILSVRC2012_val_00000184.JPEG,n03710637,638,522,0.16653964,0,imagenet_c,defocus_blur,1,none
efficientnet_b4,ILSVRC2012_val_00000426.JPEG,n03710637,638,639,0.23966041,0,imagenet_c,defocus_blur,1,none
efficientnet_b4,ILSVRC2012_val_00001562.JPEG,n03710637,638,890,0.1205322,0,imagenet_c,defocus_blur,1,none
efficientnet_b4,ILSVRC2012_val_00002513.JPEG,n03710637,638,639,0.7507803,0,imagenet_c,defocus_blur,1,none
efficientnet_b4,ILSVRC2012_val_00003007.JPEG,n03710637,638,747,0.08057241,0,imagenet_c,defocus_blur,1,none
efficientnet_b4,ILSVRC2012_val_00003825.JPEG,n03710637,638,639,0.23004143,0,imagenet_c,defocus_blur,1,none
efficientnet_b4,ILSVRC2012_val_00004531.JPEG,n03710637,638,172,0.124137215,0,imagenet_c,defocus_blur,1,none
efficientnet_b4,ILSVRC2012_val_00006979.JPEG,n03710637,638,639,0.36729306,0,imagenet_c,defocus_blur,1,none
efficientnet_b4,ILSVRC2012_val_00007053.JPEG,n03710637,638,639,0.19716257,0,imagenet_c,defocus_blur,1,none
efficientnet_b4,ILSVRC2012_val_00007250.JPEG,n03710637,638,978,0.19543402,0,imagenet_c,defocus_blur,1,none
efficientnet_b4,ILSVRC2012_val_00007816.JPEG,n03710637,638,639,0.40885428,0,imagenet_c,defocus_blur,1,none
efficientnet_b4,ILSVRC2012_val_00007899.JPEG,n03710637,638,639,0.56623614,0,imagenet_c,defocus_blur,1,none
efficientnet_b4,ILSVRC2012_val_00009883.JPEG,n03710637,638,842,0.25547767,0,imagenet_c,defocus_blur,1,none
efficientnet_b4,ILSVRC2012_val_00010435.JPEG,n03710637,638,639,0.55360043,0,imagenet_c,defocus_blur,1,none
efficientnet_b4,ILSVRC2012_val_00011548.JPEG,n03710637,638,639,0.32672882,0,imagenet_c,defocus_blur,1,none
efficientnet_b4,ILSVRC2012_val_00012018.JPEG,n03710637,638,416,0.11151981,0,imagenet_c,defocus_blur,1,none
efficientnet_b4,ILSVRC2012_val_00012080.JPEG,n03710637,638,639,0.13816065,0,imagenet_c,defocus_blur,1,none
efficientnet_b4,ILSVRC2012_val_00012094.JPEG,n03710637,638,639,0.5776106,0,imagenet_c,defocus_blur,1,none
efficientnet_b4,ILSVRC2012_val_00013356.JPEG,n03710637,638,639,0.43287238,0,imagenet_c,defocus_blur,1,none
efficientnet_b4,ILSVRC2012_val_00013859.JPEG,n03710637,638,639,0.4013829,0,imagenet_c,defocus_blur,1,none
efficientnet_b4,ILSVRC2012_val_00014830.JPEG,n03710637,638,639,0.5471366,0,imagenet_c,defocus_blur,1,none
efficientnet_b4,ILSVRC2012_val_00015042.JPEG,n03710637,638,639,0.23665328,0,imagenet_c,defocus_blur,1,none
efficientnet_b4,ILSVRC2012_val_00015163.JPEG,n03710637,638,529,0.1593196,0,imagenet_c,defocus_blur,1,none
efficientnet_b4,ILSVRC2012_val_00016626.JPEG,n03710637,638,639,0.5483663,0,imagenet_c,defocus_blur,1,none
efficientnet_b4,ILSVRC2012_val_00017519.JPEG,n03710637,638,639,0.52920026,0,imagenet_c,defocus_blur,1,none
efficientnet_b4,ILSVRC2012_val_00018505.JPEG,n03710637,638,639,0.60124123,0,imagenet_c,defocus_blur,1,none
efficientnet_b4,ILSVRC2012_val_00021081.JPEG,n03710637,638,842,0.13358742,0,imagenet_c,defocus_blur,1,none
efficientnet_b4,ILSVRC2012_val_00021142.JPEG,n03710637,638,639,0.5697246,0,imagenet_c,defocus_blur,1,none
efficientnet_b4,ILSVRC2012_val_00023079.JPEG,n03710637,638,639,0.6637683,0,imagenet_c,defocus_blur,1,none
efficientnet_b4,ILSVRC2012_val_00024573.JPEG,n03710637,638,639,0.065605685,0,imagenet_c,defocus_blur,1,none
efficientnet_b4,ILSVRC2012_val_00025685.JPEG,n03710637,638,639,0.36037058,0,imagenet_c,defocus_blur,1,none
efficientnet_b4,ILSVRC2012_val_00026276.JPEG,n03710637,638,639,0.48309988,0,imagenet_c,defocus_blur,1,none
efficientnet_b4,ILSVRC2012_val_00028232.JPEG,n03710637,638,639,0.34362853,0,imagenet_c,defocus_blur,1,none
efficientnet_b4,ILSVRC2012_val_00028561.JPEG,n03710637,638,639,0.6812246,0,imagenet_c,defocus_blur,1,none
efficientnet_b4,ILSVRC2012_val_00028738.JPEG,n03710637,638,639,0.31675616,0,imagenet_c,defocus_blur,1,none
efficientnet_b4,ILSVRC2012_val_00029104.JPEG,n03710637,638,689,0.41086924,0,imagenet_c,defocus_blur,1,none
efficientnet_b4,ILSVRC2012_val_00029706.JPEG,n03710637,638,639,0.19761848,0,imagenet_c,defocus_blur,1,none
efficientnet_b4,ILSVRC2012_val_00033398.JPEG,n03710637,638,639,0.67163724,0,imagenet_c,defocus_blur,1,none
efficientnet_b4,ILSVRC2012_val_00035228.JPEG,n03710637,638,671,0.24137075,0,imagenet_c,defocus_blur,1,none
efficientnet_b4,ILSVRC2012_val_00035282.JPEG,n03710637,638,639,0.5441802,0,imagenet_c,defocus_blur,1,none
efficientnet_b4,ILSVRC2012_val_00037605.JPEG,n03710637,638,639,0.3950309,0,imagenet_c,defocus_blur,1,none
efficientnet_b4,ILSVRC2012_val_00039306.JPEG,n03710637,638,639,0.39799154,0,imagenet_c,defocus_blur,1,none
efficientnet_b4,ILSVRC2012_val_00039482.JPEG,n03710637,638,639,0.7406722,0,imagenet_c,defocus_blur,1,none
efficientnet_b4,ILSVRC2012_val_00041429.JPEG,n03710637,638,639,0.46489248,0,imagenet_c,defocus_blur,1,none
efficientnet_b4,ILSVRC2012_val_00043911.JPEG,n03710637,638,459,0.3419078,0,imagenet_c,defocus_blur,1,none
efficientnet_b4,ILSVRC2012_val_00043979.JPEG,n03710637,638,639,0.4567183,0,imagenet_c,defocus_blur,1,none
efficientnet_b4,ILSVRC2012_val_00048724.JPEG,n03710637,638,639,0.37298185,0,imagenet_c,defocus_blur,1,none
efficientnet_b4,ILSVRC2012_val_00048893.JPEG,n03710637,638,639,0.6367682,0,imagenet_c,defocus_blur,1,none
efficientnet_b4,ILSVRC2012_val_00049705.JPEG,n03710637,638,814,0.18166885,0,imagenet_c,defocus_blur,1,none
efficientnet_b4,ILSVRC2012_val_00001420.JPEG,n03710721,639,913,0.2450489,0,imagenet_c,defocus_blur,1,none
efficientnet_b4,ILSVRC2012_val_00003089.JPEG,n03710721,639,416,0.11151981,0,imagenet_c,defocus_blur,1,none
efficientnet_b4,ILSVRC2012_val_00003728.JPEG,n03710721,639,638,0.29892054,0,imagenet_c,defocus_blur,1,none
efficientnet_b4,ILSVRC2012_val_00006538.JPEG,n03710721,639,638,0.45591015,0,imagenet_c,defocus_blur,1,none
efficientnet_b4,ILSVRC2012_val_00006904.JPEG,n03710721,639,639,0.33945385,1,imagenet_c,defocus_blur,1,none
efficientnet_b4,ILSVRC2012_val_00007096.JPEG,n03710721,639,639,0.4531154,1,imagenet_c,defocus_blur,1,none
efficientnet_b4,ILSVRC2012_val_00009951.JPEG,n03710721,639,639,0.5687157,1,imagenet_c,defocus_blur,1,none
efficientnet_b4,ILSVRC2012_val_00010063.JPEG,n03710721,639,639,0.68362993,1,imagenet_c,defocus_blur,1,none
efficientnet_b4,ILSVRC2012_val_00010174.JPEG,n03710721,639,639,0.50606865,1,imagenet_c,defocus_blur,1,none
efficientnet_b4,ILSVRC2012_val_00010572.JPEG,n03710721,639,639,0.112114824,1,imagenet_c,defocus_blur,1,none
efficientnet_b4,ILSVRC2012_val_00010762.JPEG,n03710721,639,639,0.37952876,1,imagenet_c,defocus_blur,1,none
efficientnet_b4,ILSVRC2012_val_00012207.JPEG,n03710721,639,639,0.64727616,1,imagenet_c,defocus_blur,1,none
efficientnet_b4,ILSVRC2012_val_00015356.JPEG,n03710721,639,416,0.21232247,0,imagenet_c,defocus_blur,1,none
efficientnet_b4,ILSVRC2012_val_00016043.JPEG,n03710721,639,638,0.2755727,0,imagenet_c,defocus_blur,1,none
efficientnet_b4,ILSVRC2012_val_00016414.JPEG,n03710721,639,639,0.27703422,1,imagenet_c,defocus_blur,1,none
efficientnet_b4,ILSVRC2012_val_00016749.JPEG,n03710721,639,639,0.5992443,1,imagenet_c,defocus_blur,1,none
efficientnet_b4,ILSVRC2012_val_00017142.JPEG,n03710721,639,639,0.64085525,1,imagenet_c,defocus_blur,1,none
efficientnet_b4,ILSVRC2012_val_00018600.JPEG,n03710721,639,639,0.58560944,1,imagenet_c,defocus_blur,1,none
efficientnet_b4,ILSVRC2012_val_00019178.JPEG,n03710721,639,639,0.55331874,1,imagenet_c,defocus_blur,1,none
efficientnet_b4,ILSVRC2012_val_00019255.JPEG,n03710721,639,639,0.28977472,1,imagenet_c,defocus_blur,1,none
efficientnet_b4,ILSVRC2012_val_00019278.JPEG,n03710721,639,416,0.19702965,0,imagenet_c,defocus_blur,1,none
efficientnet_b4,ILSVRC2012_val_00020030.JPEG,n03710721,639,775,0.3351863,0,imagenet_c,defocus_blur,1,none
efficientnet_b4,ILSVRC2012_val_00020057.JPEG,n03710721,639,639,0.3950309,1,imagenet_c,defocus_blur,1,none
efficientnet_b4,ILSVRC2012_val_00024687.JPEG,n03710721,639,433,0.25488478,0,imagenet_c,defocus_blur,1,none
efficientnet_b4,ILSVRC2012_val_00026035.JPEG,n03710721,639,639,0.7562541,1,imagenet_c,defocus_blur,1,none
efficientnet_b4,ILSVRC2012_val_00026400.JPEG,n03710721,639,639,0.47784808,1,imagenet_c,defocus_blur,1,none
efficientnet_b4,ILSVRC2012_val_00027442.JPEG,n03710721,639,445,0.22055916,0,imagenet_c,defocus_blur,1,none
efficientnet_b4,ILSVRC2012_val_00028574.JPEG,n03710721,639,639,0.21328628,1,imagenet_c,defocus_blur,1,none
efficientnet_b4,ILSVRC2012_val_00029606.JPEG,n03710721,639,639,0.46150017,1,imagenet_c,defocus_blur,1,none
efficientnet_b4,ILSVRC2012_val_00029807.JPEG,n03710721,639,639,0.16643599,1,imagenet_c,defocus_blur,1,none
efficientnet_b4,ILSVRC2012_val_00030106.JPEG,n03710721,639,602,0.3004123,0,imagenet_c,defocus_blur,1,none
efficientnet_b4,ILSVRC2012_val_00030318.JPEG,n03710721,639,842,0.1893459,0,imagenet_c,defocus_blur,1,none
efficientnet_b4,ILSVRC2012_val_00030322.JPEG,n03710721,639,433,0.43533632,0,imagenet_c,defocus_blur,1,none
efficientnet_b4,ILSVRC2012_val_00030450.JPEG,n03710721,639,639,0.70488876,1,imagenet_c,defocus_blur,1,none
efficientnet_b4,ILSVRC2012_val_00031620.JPEG,n03710721,639,433,0.6126555,0,imagenet_c,defocus_blur,1,none
efficientnet_b4,ILSVRC2012_val_00034525.JPEG,n03710721,639,808,0.09840213,0,imagenet_c,defocus_blur,1,none
efficientnet_b4,ILSVRC2012_val_00035009.JPEG,n03710721,639,639,0.14357585,1,imagenet_c,defocus_blur,1,none
efficientnet_b4,ILSVRC2012_val_00035776.JPEG,n03710721,639,639,0.4899006,1,imagenet_c,defocus_blur,1,none
efficientnet_b4,ILSVRC2012_val_00038988.JPEG,n03710721,639,639,0.6160981,1,imagenet_c,defocus_blur,1,none
efficientnet_b4,ILSVRC2012_val_00039655.JPEG,n03710721,639,639,0.47034755,1,imagenet_c,defocus_blur,1,none
efficientnet_b4,ILSVRC2012_val_00039972.JPEG,n03710721,639,639,0.26158157,1,imagenet_c,defocus_blur,1,none
efficientnet_b4,ILSVRC2012_val_00040819.JPEG,n03710721,639,639,0.6926901,1,imagenet_c,defocus_blur,1,none
efficientnet_b4,ILSVRC2012_val_00041693.JPEG,n03710721,639,180,0.06612373,0,imagenet_c,defocus_blur,1,none
efficientnet_b4,ILSVRC2012_val_00041966.JPEG,n03710721,639,639,0.41599125,1,imagenet_c,defocus_blur,1,none
efficientnet_b4,ILSVRC2012_val_00042939.JPEG,n03710721,639,639,0.37317002,1,imagenet_c,defocus_blur,1,none
efficientnet_b4,ILSVRC2012_val_00043449.JPEG,n03710721,639,416,0.28141728,0,imagenet_c,defocus_blur,1,none
efficientnet_b4,ILSVRC2012_val_00044100.JPEG,n03710721,639,639,0.8570872,1,imagenet_c,defocus_blur,1,none
efficientnet_b4,ILSVRC2012_val_00044626.JPEG,n03710721,639,639,0.45666093,1,imagenet_c,defocus_blur,1,none
efficientnet_b4,ILSVRC2012_val_00045072.JPEG,n03710721,639,639,0.49378464,1,imagenet_c,defocus_blur,1,none
efficientnet_b4,ILSVRC2012_val_00047553.JPEG,n03710721,639,639,0.439372,1,imagenet_c,defocus_blur,1,none
efficientnet_b4,ILSVRC2012_val_00002223.JPEG,n03717622,640,640,0.6051641,1,imagenet_c,defocus_blur,1,none
efficientnet_b4,ILSVRC2012_val_00005077.JPEG,n03717622,640,646,0.33884576,0,imagenet_c,defocus_blur,1,none
efficientnet_b4,ILSVRC2012_val_00006575.JPEG,n03717622,640,640,0.33950746,1,imagenet_c,defocus_blur,1,none
efficientnet_b4,ILSVRC2012_val_00008215.JPEG,n03717622,640,455,0.1543873,0,imagenet_c,defocus_blur,1,none
efficientnet_b4,ILSVRC2012_val_00009371.JPEG,n03717622,640,835,0.6097245,0,imagenet_c,defocus_blur,1,none
efficientnet_b4,ILSVRC2012_val_00009469.JPEG,n03717622,640,640,0.48038787,1,imagenet_c,defocus_blur,1,none
efficientnet_b4,ILSVRC2012_val_00009632.JPEG,n03717622,640,640,0.24951935,1,imagenet_c,defocus_blur,1,none
efficientnet_b4,ILSVRC2012_val_00010030.JPEG,n03717622,640,587,0.43351218,0,imagenet_c,defocus_blur,1,none
efficientnet_b4,ILSVRC2012_val_00010900.JPEG,n03717622,640,533,0.06622728,0,imagenet_c,defocus_blur,1,none
efficientnet_b4,ILSVRC2012_val_00011359.JPEG,n03717622,640,640,0.25113702,1,imagenet_c,defocus_blur,1,none
efficientnet_b4,ILSVRC2012_val_00013884.JPEG,n03717622,640,640,0.0900626,1,imagenet_c,defocus_blur,1,none
efficientnet_b4,ILSVRC2012_val_00014201.JPEG,n03717622,640,640,0.4492552,1,imagenet_c,defocus_blur,1,none
efficientnet_b4,ILSVRC2012_val_00015092.JPEG,n03717622,640,640,0.3090245,1,imagenet_c,defocus_blur,1,none
efficientnet_b4,ILSVRC2012_val_00016530.JPEG,n03717622,640,640,0.3827746,1,imagenet_c,defocus_blur,1,none
efficientnet_b4,ILSVRC2012_val_00017701.JPEG,n03717622,640,640,0.664679,1,imagenet_c,defocus_blur,1,none
efficientnet_b4,ILSVRC2012_val_00017748.JPEG,n03717622,640,640,0.3122595,1,imagenet_c,defocus_blur,1,none
efficientnet_b4,ILSVRC2012_val_00019447.JPEG,n03717622,640,640,0.5650064,1,imagenet_c,defocus_blur,1,none
efficientnet_b4,ILSVRC2012_val_00021561.JPEG,n03717622,640,545,0.18366969,0,imagenet_c,defocus_blur,1,none
efficientnet_b4,ILSVRC2012_val_00021997.JPEG,n03717622,640,712,0.3012517,0,imagenet_c,defocus_blur,1,none
efficientnet_b4,ILSVRC2012_val_00022059.JPEG,n03717622,640,640,0.5397387,1,imagenet_c,defocus_blur,1,none
efficientnet_b4,ILSVRC2012_val_00023787.JPEG,n03717622,640,640,0.28274506,1,imagenet_c,defocus_blur,1,none
efficientnet_b4,ILSVRC2012_val_00023842.JPEG,n03717622,640,635,0.122655936,0,imagenet_c,defocus_blur,1,none
efficientnet_b4,ILSVRC2012_val_00025278.JPEG,n03717622,640,640,0.53347373,1,imagenet_c,defocus_blur,1,none
efficientnet_b4,ILSVRC2012_val_00025939.JPEG,n03717622,640,640,0.2305205,1,imagenet_c,defocus_blur,1,none
efficientnet_b4,ILSVRC2012_val_00026170.JPEG,n03717622,640,640,0.20717525,1,imagenet_c,defocus_blur,1,none
efficientnet_b4,ILSVRC2012_val_00026555.JPEG,n03717622,640,835,0.34195456,0,imagenet_c,defocus_blur,1,none
efficientnet_b4,ILSVRC2012_val_00027367.JPEG,n03717622,640,640,0.7318178,1,imagenet_c,defocus_blur,1,none
efficientnet_b4,ILSVRC2012_val_00027551.JPEG,n03717622,640,464,0.13238873,0,imagenet_c,defocus_blur,1,none
efficientnet_b4,ILSVRC2012_val_00027777.JPEG,n03717622,640,741,0.40805262,0,imagenet_c,defocus_blur,1,none
efficientnet_b4,ILSVRC2012_val_00029343.JPEG,n03717622,640,848,0.05125056,0,imagenet_c,defocus_blur,1,none
efficientnet_b4,ILSVRC2012_val_00030388.JPEG,n03717622,640,458,0.37602305,0,imagenet_c,defocus_blur,1,none
efficientnet_b4,ILSVRC2012_val_00032460.JPEG,n03717622,640,589,0.17687908,0,imagenet_c,defocus_blur,1,none
efficientnet_b4,ILSVRC2012_val_00032872.JPEG,n03717622,640,640,0.5917835,1,imagenet_c,defocus_blur,1,none
efficientnet_b4,ILSVRC2012_val_00034196.JPEG,n03717622,640,640,0.148126,1,imagenet_c,defocus_blur,1,none
efficientnet_b4,ILSVRC2012_val_00034613.JPEG,n03717622,640,455,0.5017443,0,imagenet_c,defocus_blur,1,none
efficientnet_b4,ILSVRC2012_val_00037406.JPEG,n03717622,640,451,0.2101156,0,imagenet_c,defocus_blur,1,none
efficientnet_b4,ILSVRC2012_val_00037543.JPEG,n03717622,640,640,0.34681812,1,imagenet_c,defocus_blur,1,none
efficientnet_b4,ILSVRC2012_val_00037808.JPEG,n03717622,640,640,0.36755237,1,imagenet_c,defocus_blur,1,none
efficientnet_b4,ILSVRC2012_val_00037918.JPEG,n03717622,640,640,0.26887867,1,imagenet_c,defocus_blur,1,none
efficientnet_b4,ILSVRC2012_val_00039771.JPEG,n03717622,640,539,0.2348353,0,imagenet_c,defocus_blur,1,none
efficientnet_b4,ILSVRC2012_val_00041537.JPEG,n03717622,640,574,0.19937497,0,imagenet_c,defocus_blur,1,none
efficientnet_b4,ILSVRC2012_val_00042362.JPEG,n03717622,640,640,0.61274016,1,imagenet_c,defocus_blur,1,none
efficientnet_b4,ILSVRC2012_val_00042689.JPEG,n03717622,640,640,0.50566,1,imagenet_c,defocus_blur,1,none
efficientnet_b4,ILSVRC2012_val_00045267.JPEG,n03717622,640,640,0.47036573,1,imagenet_c,defocus_blur,1,none
efficientnet_b4,ILSVRC2012_val_00045556.JPEG,n03717622,640,117,0.6683337,0,imagenet_c,defocus_blur,1,none
efficientnet_b4,ILSVRC2012_val_00046488.JPEG,n03717622,640,640,0.46692696,1,imagenet_c,defocus_blur,1,none
efficientnet_b4,ILSVRC2012_val_00048354.JPEG,n03717622,640,640,0.42480752,1,imagenet_c,defocus_blur,1,none
efficientnet_b4,ILSVRC2012_val_00048566.JPEG,n03717622,640,635,0.6266398,0,imagenet_c,defocus_blur,1,none
efficientnet_b4,ILSVRC2012_val_00049678.JPEG,n03717622,640,640,0.22195819,1,imagenet_c,defocus_blur,1,none
efficientnet_b4,ILSVRC2012_val_00049910.JPEG,n03717622,640,640,0.30220205,1,imagenet_c,defocus_blur,1,none
efficientnet_b4,ILSVRC2012_val_00000710.JPEG,n03720891,641,641,0.6625183,1,imagenet_c,defocus_blur,1,none
efficientnet_b4,ILSVRC2012_val_00001105.JPEG,n03720891,641,641,0.5879482,1,imagenet_c,defocus_blur,1,none
efficientnet_b4,ILSVRC2012_val_00001453.JPEG,n03720891,641,641,0.7657471,1,imagenet_c,defocus_blur,1,none
efficientnet_b4,ILSVRC2012_val_00001675.JPEG,n03720891,641,641,0.56683147,1,imagenet_c,defocus_blur,1,none
efficientnet_b4,ILSVRC2012_val_00003404.JPEG,n03720891,641,641,0.46768174,1,imagenet_c,defocus_blur,1,none
efficientnet_b4,ILSVRC2012_val_00009143.JPEG,n03720891,641,457,0.25113332,0,imagenet_c,defocus_blur,1,none
efficientnet_b4,ILSVRC2012_val_00009690.JPEG,n03720891,641,543,0.33746108,0,imagenet_c,defocus_blur,1,none
efficientnet_b4,ILSVRC2012_val_00011272.JPEG,n03720891,641,641,0.48640633,1,imagenet_c,defocus_blur,1,none
efficientnet_b4,ILSVRC2012_val_00011678.JPEG,n03720891,641,542,0.18897808,0,imagenet_c,defocus_blur,1,none
efficientnet_b4,ILSVRC2012_val_00011961.JPEG,n03720891,641,641,0.4752397,1,imagenet_c,defocus_blur,1,none
efficientnet_b4,ILSVRC2012_val_00012522.JPEG,n03720891,641,522,0.16256814,0,imagenet_c,defocus_blur,1,none
efficientnet_b4,ILSVRC2012_val_00013615.JPEG,n03720891,641,512,0.10042375,0,imagenet_c,defocus_blur,1,none
efficientnet_b4,ILSVRC2012_val_00014329.JPEG,n03720891,641,641,0.56190157,1,imagenet_c,defocus_blur,1,none
efficientnet_b4,ILSVRC2012_val_00016055.JPEG,n03720891,641,641,0.62621516,1,imagenet_c,defocus_blur,1,none
efficientnet_b4,ILSVRC2012_val_00016216.JPEG,n03720891,641,816,0.17904842,0,imagenet_c,defocus_blur,1,none
efficientnet_b4,ILSVRC2012_val_00016449.JPEG,n03720891,641,641,0.49151736,1,imagenet_c,defocus_blur,1,none
efficientnet_b4,ILSVRC2012_val_00016966.JPEG,n03720891,641,781,0.16226703,0,imagenet_c,defocus_blur,1,none
efficientnet_b4,ILSVRC2012_val_00017528.JPEG,n03720891,641,641,0.5693307,1,imagenet_c,defocus_blur,1,none
efficientnet_b4,ILSVRC2012_val_00018219.JPEG,n03720891,641,618,0.20294696,0,imagenet_c,defocus_blur,1,none
efficientnet_b4,ILSVRC2012_val_00018810.JPEG,n03720891,641,641,0.8132835,1,imagenet_c,defocus_blur,1,none
efficientnet_b4,ILSVRC2012_val_00019756.JPEG,n03720891,641,641,0.5573738,1,imagenet_c,defocus_blur,1,none
efficientnet_b4,ILSVRC2012_val_00020940.JPEG,n03720891,641,641,0.48265687,1,imagenet_c,defocus_blur,1,none
efficientnet_b4,ILSVRC2012_val_00023160.JPEG,n03720891,641,641,0.5649775,1,imagenet_c,defocus_blur,1,none
efficientnet_b4,ILSVRC2012_val_00023761.JPEG,n03720891,641,641,0.9122874,1,imagenet_c,defocus_blur,1,none
efficientnet_b4,ILSVRC2012_val_00024151.JPEG,n03720891,641,641,0.39167783,1,imagenet_c,defocus_blur,1,none
efficientnet_b4,ILSVRC2012_val_00024420.JPEG,n03720891,641,641,0.5729791,1,imagenet_c,defocus_blur,1,none
efficientnet_b4,ILSVRC2012_val_00025932.JPEG,n03720891,641,641,0.77831995,1,imagenet_c,defocus_blur,1,none
efficientnet_b4,ILSVRC2012_val_00025962.JPEG,n03720891,641,641,0.44869375,1,imagenet_c,defocus_blur,1,none
efficientnet_b4,ILSVRC2012_val_00026768.JPEG,n03720891,641,641,0.7226663,1,imagenet_c,defocus_blur,1,none
efficientnet_b4,ILSVRC2012_val_00027453.JPEG,n03720891,641,641,0.25813082,1,imagenet_c,defocus_blur,1,none
efficientnet_b4,ILSVRC2012_val_00030357.JPEG,n03720891,641,641,0.54690903,1,imagenet_c,defocus_blur,1,none
efficientnet_b4,ILSVRC2012_val_00033713.JPEG,n03720891,641,641,0.65090454,1,imagenet_c,defocus_blur,1,none
efficientnet_b4,ILSVRC2012_val_00034431.JPEG,n03720891,641,641,0.64222515,1,imagenet_c,defocus_blur,1,none
efficientnet_b4,ILSVRC2012_val_00034846.JPEG,n03720891,641,641,0.49430004,1,imagenet_c,defocus_blur,1,none
efficientnet_b4,ILSVRC2012_val_00036607.JPEG,n03720891,641,641,0.38898465,1,imagenet_c,defocus_blur,1,none
efficientnet_b4,ILSVRC2012_val_00040340.JPEG,n03720891,641,641,0.5695505,1,imagenet_c,defocus_blur,1,none
efficientnet_b4,ILSVRC2012_val_00040634.JPEG,n03720891,641,641,0.6920213,1,imagenet_c,defocus_blur,1,none
efficientnet_b4,ILSVRC2012_val_00043324.JPEG,n03720891,641,641,0.6550366,1,imagenet_c,defocus_blur,1,none
efficientnet_b4,ILSVRC2012_val_00043932.JPEG,n03720891,641,641,0.35201707,1,imagenet_c,defocus_blur,1,none
efficientnet_b4,ILSVRC2012_val_00044143.JPEG,n03720891,641,641,0.42026758,1,imagenet_c,defocus_blur,1,none
efficientnet_b4,ILSVRC2012_val_00044207.JPEG,n03720891,641,413,0.27036607,0,imagenet_c,defocus_blur,1,none
efficientnet_b4,ILSVRC2012_val_00044235.JPEG,n03720891,641,641,0.48547533,1,imagenet_c,defocus_blur,1,none
efficientnet_b4,ILSVRC2012_val_00045870.JPEG,n03720891,641,641,0.47572955,1,imagenet_c,defocus_blur,1,none
efficientnet_b4,ILSVRC2012_val_00047069.JPEG,n03720891,641,641,0.5230682,1,imagenet_c,defocus_blur,1,none
efficientnet_b4,ILSVRC2012_val_00047710.JPEG,n03720891,641,641,0.68422914,1,imagenet_c,defocus_blur,1,none
efficientnet_b4,ILSVRC2012_val_00048055.JPEG,n03720891,641,641,0.5506578,1,imagenet_c,defocus_blur,1,none
efficientnet_b4,ILSVRC2012_val_00049204.JPEG,n03720891,641,641,0.5791036,1,imagenet_c,defocus_blur,1,none
efficientnet_b4,ILSVRC2012_val_00049339.JPEG,n03720891,641,673,0.3720515,0,imagenet_c,defocus_blur,1,none
efficientnet_b4,ILSVRC2012_val_00049699.JPEG,n03720891,641,641,0.59155715,1,imagenet_c,defocus_blur,1,none
efficientnet_b4,ILSVRC2012_val_00049799.JPEG,n03720891,641,422,0.18695842,0,imagenet_c,defocus_blur,1,none
efficientnet_b4,ILSVRC2012_val_00001796.JPEG,n03721384,642,642,0.6479213,1,imagenet_c,defocus_blur,1,none
efficientnet_b4,ILSVRC2012_val_00002907.JPEG,n03721384,642,642,0.62767255,1,imagenet_c,defocus_blur,1,none
efficientnet_b4,ILSVRC2012_val_00003460.JPEG,n03721384,642,642,0.27944925,1,imagenet_c,defocus_blur,1,none
efficientnet_b4,ILSVRC2012_val_00004886.JPEG,n03721384,642,642,0.8516308,1,imagenet_c,defocus_blur,1,none
efficientnet_b4,ILSVRC2012_val_00006674.JPEG,n03721384,642,542,0.1369437,0,imagenet_c,defocus_blur,1,none
efficientnet_b4,ILSVRC2012_val_00008971.JPEG,n03721384,642,642,0.6512558,1,imagenet_c,defocus_blur,1,none
efficientnet_b4,ILSVRC2012_val_00011017.JPEG,n03721384,642,642,0.6581008,1,imagenet_c,defocus_blur,1,none
efficientnet_b4,ILSVRC2012_val_00011907.JPEG,n03721384,642,642,0.7661575,1,imagenet_c,defocus_blur,1,none
efficientnet_b4,ILSVRC2012_val_00015165.JPEG,n03721384,642,642,0.72302526,1,imagenet_c,defocus_blur,1,none
efficientnet_b4,ILSVRC2012_val_00016595.JPEG,n03721384,642,642,0.7128813,1,imagenet_c,defocus_blur,1,none
efficientnet_b4,ILSVRC2012_val_00016736.JPEG,n03721384,642,642,0.68560004,1,imagenet_c,defocus_blur,1,none
efficientnet_b4,ILSVRC2012_val_00018116.JPEG,n03721384,642,642,0.6477624,1,imagenet_c,defocus_blur,1,none
efficientnet_b4,ILSVRC2012_val_00018965.JPEG,n03721384,642,865,0.12832718,0,imagenet_c,defocus_blur,1,none
efficientnet_b4,ILSVRC2012_val_00019690.JPEG,n03721384,642,865,0.10734643,0,imagenet_c,defocus_blur,1,none
efficientnet_b4,ILSVRC2012_val_00019692.JPEG,n03721384,642,642,0.4567268,1,imagenet_c,defocus_blur,1,none
efficientnet_b4,ILSVRC2012_val_00019860.JPEG,n03721384,642,642,0.28366244,1,imagenet_c,defocus_blur,1,none
efficientnet_b4,ILSVRC2012_val_00020398.JPEG,n03721384,642,642,0.6911584,1,imagenet_c,defocus_blur,1,none
efficientnet_b4,ILSVRC2012_val_00020459.JPEG,n03721384,642,642,0.8078008,1,imagenet_c,defocus_blur,1,none
efficientnet_b4,ILSVRC2012_val_00020932.JPEG,n03721384,642,642,0.7744012,1,imagenet_c,defocus_blur,1,none
efficientnet_b4,ILSVRC2012_val_00022090.JPEG,n03721384,642,642,0.52224344,1,imagenet_c,defocus_blur,1,none
efficientnet_b4,ILSVRC2012_val_00022243.JPEG,n03721384,642,642,0.77762896,1,imagenet_c,defocus_blur,1,none
efficientnet_b4,ILSVRC2012_val_00022540.JPEG,n03721384,642,642,0.8340449,1,imagenet_c,defocus_blur,1,none
efficientnet_b4,ILSVRC2012_val_00022555.JPEG,n03721384,642,559,0.38320866,0,imagenet_c,defocus_blur,1,none
efficientnet_b4,ILSVRC2012_val_00022878.JPEG,n03721384,642,642,0.747825,1,imagenet_c,defocus_blur,1,none
efficientnet_b4,ILSVRC2012_val_00023191.JPEG,n03721384,642,642,0.08199848,1,imagenet_c,defocus_blur,1,none
efficientnet_b4,ILSVRC2012_val_00024057.JPEG,n03721384,642,642,0.1794374,1,imagenet_c,defocus_blur,1,none
efficientnet_b4,ILSVRC2012_val_00024212.JPEG,n03721384,642,642,0.7540705,1,imagenet_c,defocus_blur,1,none
efficientnet_b4,ILSVRC2012_val_00026825.JPEG,n03721384,642,642,0.5466264,1,imagenet_c,defocus_blur,1,none
efficientnet_b4,ILSVRC2012_val_00029458.JPEG,n03721384,642,642,0.78832275,1,imagenet_c,defocus_blur,1,none
efficientnet_b4,ILSVRC2012_val_00031024.JPEG,n03721384,642,642,0.8350898,1,imagenet_c,defocus_blur,1,none
efficientnet_b4,ILSVRC2012_val_00031471.JPEG,n03721384,642,739,0.06734568,0,imagenet_c,defocus_blur,1,none
efficientnet_b4,ILSVRC2012_val_00032057.JPEG,n03721384,642,642,0.6213201,1,imagenet_c,defocus_blur,1,none
efficientnet_b4,ILSVRC2012_val_00032278.JPEG,n03721384,642,722,0.06924328,0,imagenet_c,defocus_blur,1,none
efficientnet_b4,ILSVRC2012_val_00032461.JPEG,n03721384,642,642,0.1712995,1,imagenet_c,defocus_blur,1,none
efficientnet_b4,ILSVRC2012_val_00033203.JPEG,n03721384,642,642,0.70303434,1,imagenet_c,defocus_blur,1,none
efficientnet_b4,ILSVRC2012_val_00035627.JPEG,n03721384,642,642,0.66629446,1,imagenet_c,defocus_blur,1,none
efficientnet_b4,ILSVRC2012_val_00035773.JPEG,n03721384,642,642,0.7105327,1,imagenet_c,defocus_blur,1,none
efficientnet_b4,ILSVRC2012_val_00037810.JPEG,n03721384,642,642,0.6402069,1,imagenet_c,defocus_blur,1,none
efficientnet_b4,ILSVRC2012_val_00037903.JPEG,n03721384,642,642,0.16653354,1,imagenet_c,defocus_blur,1,none
efficientnet_b4,ILSVRC2012_val_00038298.JPEG,n03721384,642,598,0.13581274,0,imagenet_c,defocus_blur,1,none
efficientnet_b4,ILSVRC2012_val_00039895.JPEG,n03721384,642,642,0.43425536,1,imagenet_c,defocus_blur,1,none
efficientnet_b4,ILSVRC2012_val_00040861.JPEG,n03721384,642,642,0.74545026,1,imagenet_c,defocus_blur,1,none
efficientnet_b4,ILSVRC2012_val_00043262.JPEG,n03721384,642,642,0.8166605,1,imagenet_c,defocus_blur,1,none
efficientnet_b4,ILSVRC2012_val_00043340.JPEG,n03721384,642,642,0.19244842,1,imagenet_c,defocus_blur,1,none
efficientnet_b4,ILSVRC2012_val_00043609.JPEG,n03721384,642,642,0.7988536,1,imagenet_c,defocus_blur,1,none
efficientnet_b4,ILSVRC2012_val_00046386.JPEG,n03721384,642,642,0.7231463,1,imagenet_c,defocus_blur,1,none
efficientnet_b4,ILSVRC2012_val_00046588.JPEG,n03721384,642,642,0.5292274,1,imagenet_c,defocus_blur,1,none
efficientnet_b4,ILSVRC2012_val_00048100.JPEG,n03721384,642,642,0.67009026,1,imagenet_c,defocus_blur,1,none
efficientnet_b4,ILSVRC2012_val_00049102.JPEG,n03721384,642,642,0.5838656,1,imagenet_c,defocus_blur,1,none
efficientnet_b4,ILSVRC2012_val_00049502.JPEG,n03721384,642,642,0.6648668,1,imagenet_c,defocus_blur,1,none
efficientnet_b4,ILSVRC2012_val_00000608.JPEG,n03724870,643,796,0.3145167,0,imagenet_c,defocus_blur,1,none
efficientnet_b4,ILSVRC2012_val_00000987.JPEG,n03724870,643,552,0.11867736,0,imagenet_c,defocus_blur,1,none
efficientnet_b4,ILSVRC2012_val_00001303.JPEG,n03724870,643,643,0.48516122,1,imagenet_c,defocus_blur,1,none
efficientnet_b4,ILSVRC2012_val_00001334.JPEG,n03724870,643,643,0.52341425,1,imagenet_c,defocus_blur,1,none
efficientnet_b4,ILSVRC2012_val_00002798.JPEG,n03724870,643,518,0.04708818,0,imagenet_c,defocus_blur,1,none
efficientnet_b4,ILSVRC2012_val_00003083.JPEG,n03724870,643,643,0.6759955,1,imagenet_c,defocus_blur,1,none
efficientnet_b4,ILSVRC2012_val_00003148.JPEG,n03724870,643,968,0.081693016,0,imagenet_c,defocus_blur,1,none
efficientnet_b4,ILSVRC2012_val_00004527.JPEG,n03724870,643,787,0.24529225,0,imagenet_c,defocus_blur,1,none
efficientnet_b4,ILSVRC2012_val_00007640.JPEG,n03724870,643,854,0.090857014,0,imagenet_c,defocus_blur,1,none
efficientnet_b4,ILSVRC2012_val_00007883.JPEG,n03724870,643,498,0.08291715,0,imagenet_c,defocus_blur,1,none
efficientnet_b4,ILSVRC2012_val_00007992.JPEG,n03724870,643,836,0.16688749,0,imagenet_c,defocus_blur,1,none
efficientnet_b4,ILSVRC2012_val_00008569.JPEG,n03724870,643,805,0.053927865,0,imagenet_c,defocus_blur,1,none
efficientnet_b4,ILSVRC2012_val_00008913.JPEG,n03724870,643,740,0.18491606,0,imagenet_c,defocus_blur,1,none
efficientnet_b4,ILSVRC2012_val_00009541.JPEG,n03724870,643,643,0.3971569,1,imagenet_c,defocus_blur,1,none
efficientnet_b4,ILSVRC2012_val_00009544.JPEG,n03724870,643,524,0.031707633,0,imagenet_c,defocus_blur,1,none
efficientnet_b4,ILSVRC2012_val_00012539.JPEG,n03724870,643,629,0.13409792,0,imagenet_c,defocus_blur,1,none
efficientnet_b4,ILSVRC2012_val_00014399.JPEG,n03724870,643,643,0.23103862,1,imagenet_c,defocus_blur,1,none
efficientnet_b4,ILSVRC2012_val_00016753.JPEG,n03724870,643,643,0.10461118,1,imagenet_c,defocus_blur,1,none
efficientnet_b4,ILSVRC2012_val_00016941.JPEG,n03724870,643,643,0.63674235,1,imagenet_c,defocus_blur,1,none
efficientnet_b4,ILSVRC2012_val_00017958.JPEG,n03724870,643,903,0.17579025,0,imagenet_c,defocus_blur,1,none
efficientnet_b4,ILSVRC2012_val_00020896.JPEG,n03724870,643,552,0.29601377,0,imagenet_c,defocus_blur,1,none
efficientnet_b4,ILSVRC2012_val_00021038.JPEG,n03724870,643,645,0.17150655,0,imagenet_c,defocus_blur,1,none
efficientnet_b4,ILSVRC2012_val_00021234.JPEG,n03724870,643,451,0.09244007,0,imagenet_c,defocus_blur,1,none
efficientnet_b4,ILSVRC2012_val_00021552.JPEG,n03724870,643,684,0.35379732,0,imagenet_c,defocus_blur,1,none
efficientnet_b4,ILSVRC2012_val_00021718.JPEG,n03724870,643,643,0.71080995,1,imagenet_c,defocus_blur,1,none
efficientnet_b4,ILSVRC2012_val_00021800.JPEG,n03724870,643,643,0.48274425,1,imagenet_c,defocus_blur,1,none
efficientnet_b4,ILSVRC2012_val_00022613.JPEG,n03724870,643,643,0.10676397,1,imagenet_c,defocus_blur,1,none
efficientnet_b4,ILSVRC2012_val_00023885.JPEG,n03724870,643,515,0.14738941,0,imagenet_c,defocus_blur,1,none
efficientnet_b4,ILSVRC2012_val_00029084.JPEG,n03724870,643,643,0.7403312,1,imagenet_c,defocus_blur,1,none
efficientnet_b4,ILSVRC2012_val_00029781.JPEG,n03724870,643,643,0.2897912,1,imagenet_c,defocus_blur,1,none
efficientnet_b4,ILSVRC2012_val_00030570.JPEG,n03724870,643,413,0.1226956,0,imagenet_c,defocus_blur,1,none
efficientnet_b4,ILSVRC2012_val_00031381.JPEG,n03724870,643,643,0.40244195,1,imagenet_c,defocus_blur,1,none
efficientnet_b4,ILSVRC2012_val_00032913.JPEG,n03724870,643,643,0.6896795,1,imagenet_c,defocus_blur,1,none
efficientnet_b4,ILSVRC2012_val_00034789.JPEG,n03724870,643,103,0.41829222,0,imagenet_c,defocus_blur,1,none
efficientnet_b4,ILSVRC2012_val_00035216.JPEG,n03724870,643,643,0.13260792,1,imagenet_c,defocus_blur,1,none
efficientnet_b4,ILSVRC2012_val_00035729.JPEG,n03724870,643,903,0.13556293,0,imagenet_c,defocus_blur,1,none
efficientnet_b4,ILSVRC2012_val_00035880.JPEG,n03724870,643,643,0.37630725,1,imagenet_c,defocus_blur,1,none
efficientnet_b4,ILSVRC2012_val_00038076.JPEG,n03724870,643,643,0.073742725,1,imagenet_c,defocus_blur,1,none
efficientnet_b4,ILSVRC2012_val_00038854.JPEG,n03724870,643,478,0.119263336,0,imagenet_c,defocus_blur,1,none
efficientnet_b4,ILSVRC2012_val_00039224.JPEG,n03724870,643,903,0.07859375,0,imagenet_c,defocus_blur,1,none
efficientnet_b4,ILSVRC2012_val_00040112.JPEG,n03724870,643,863,0.348129,0,imagenet_c,defocus_blur,1,none
efficientnet_b4,ILSVRC2012_val_00040472.JPEG,n03724870,643,643,0.4822744,1,imagenet_c,defocus_blur,1,none
efficientnet_b4,ILSVRC2012_val_00040925.JPEG,n03724870,643,906,0.4056398,0,imagenet_c,defocus_blur,1,none
efficientnet_b4,ILSVRC2012_val_00043713.JPEG,n03724870,643,863,0.08373745,0,imagenet_c,defocus_blur,1,none
efficientnet_b4,ILSVRC2012_val_00045706.JPEG,n03724870,643,903,0.55875325,0,imagenet_c,defocus_blur,1,none
efficientnet_b4,ILSVRC2012_val_00045737.JPEG,n03724870,643,842,0.21972394,0,imagenet_c,defocus_blur,1,none
efficientnet_b4,ILSVRC2012_val_00046114.JPEG,n03724870,643,643,0.493326,1,imagenet_c,defocus_blur,1,none
efficientnet_b4,ILSVRC2012_val_00046920.JPEG,n03724870,643,568,0.486269,0,imagenet_c,defocus_blur,1,none
efficientnet_b4,ILSVRC2012_val_00047387.JPEG,n03724870,643,643,0.2459437,1,imagenet_c,defocus_blur,1,none
efficientnet_b4,ILSVRC2012_val_00048196.JPEG,n03724870,643,643,0.17162848,1,imagenet_c,defocus_blur,1,none
efficientnet_b4,ILSVRC2012_val_00000259.JPEG,n03729826,644,644,0.55379134,1,imagenet_c,defocus_blur,1,none
efficientnet_b4,ILSVRC2012_val_00001175.JPEG,n03729826,644,409,0.14852297,0,imagenet_c,defocus_blur,1,none
efficientnet_b4,ILSVRC2012_val_00001441.JPEG,n03729826,644,644,0.60367864,1,imagenet_c,defocus_blur,1,none
efficientnet_b4,ILSVRC2012_val_00002056.JPEG,n03729826,644,644,0.7312667,1,imagenet_c,defocus_blur,1,none
efficientnet_b4,ILSVRC2012_val_00005386.JPEG,n03729826,644,470,0.3733709,0,imagenet_c,defocus_blur,1,none
efficientnet_b4,ILSVRC2012_val_00006139.JPEG,n03729826,644,644,0.102586105,1,imagenet_c,defocus_blur,1,none
efficientnet_b4,ILSVRC2012_val_00009630.JPEG,n03729826,644,644,0.6836744,1,imagenet_c,defocus_blur,1,none
efficientnet_b4,ILSVRC2012_val_00009874.JPEG,n03729826,644,481,0.08256283,0,imagenet_c,defocus_blur,1,none
efficientnet_b4,ILSVRC2012_val_00010707.JPEG,n03729826,644,644,0.82938534,1,imagenet_c,defocus_blur,1,none
efficientnet_b4,ILSVRC2012_val_00011031.JPEG,n03729826,644,644,0.5966953,1,imagenet_c,defocus_blur,1,none
efficientnet_b4,ILSVRC2012_val_00011644.JPEG,n03729826,644,644,0.19099613,1,imagenet_c,defocus_blur,1,none
efficientnet_b4,ILSVRC2012_val_00013341.JPEG,n03729826,644,644,0.80359316,1,imagenet_c,defocus_blur,1,none
efficientnet_b4,ILSVRC2012_val_00015901.JPEG,n03729826,644,644,0.35730246,1,imagenet_c,defocus_blur,1,none
efficientnet_b4,ILSVRC2012_val_00017309.JPEG,n03729826,644,644,0.7147435,1,imagenet_c,defocus_blur,1,none
efficientnet_b4,ILSVRC2012_val_00018528.JPEG,n03729826,644,644,0.20981275,1,imagenet_c,defocus_blur,1,none
efficientnet_b4,ILSVRC2012_val_00018918.JPEG,n03729826,644,644,0.72230035,1,imagenet_c,defocus_blur,1,none
efficientnet_b4,ILSVRC2012_val_00021530.JPEG,n03729826,644,644,0.45988077,1,imagenet_c,defocus_blur,1,none
efficientnet_b4,ILSVRC2012_val_00023453.JPEG,n03729826,644,599,0.46658882,0,imagenet_c,defocus_blur,1,none
efficientnet_b4,ILSVRC2012_val_00023649.JPEG,n03729826,644,542,0.39496148,0,imagenet_c,defocus_blur,1,none
efficientnet_b4,ILSVRC2012_val_00025397.JPEG,n03729826,644,733,0.056246698,0,imagenet_c,defocus_blur,1,none
efficientnet_b4,ILSVRC2012_val_00028678.JPEG,n03729826,644,644,0.1732682,1,imagenet_c,defocus_blur,1,none
efficientnet_b4,ILSVRC2012_val_00030416.JPEG,n03729826,644,644,0.7115345,1,imagenet_c,defocus_blur,1,none
efficientnet_b4,ILSVRC2012_val_00030440.JPEG,n03729826,644,644,0.792421,1,imagenet_c,defocus_blur,1,none
efficientnet_b4,ILSVRC2012_val_00030695.JPEG,n03729826,644,409,0.11693779,0,imagenet_c,defocus_blur,1,none
efficientnet_b4,ILSVRC2012_val_00032307.JPEG,n03729826,644,107,0.20294511,0,imagenet_c,defocus_blur,1,none
efficientnet_b4,ILSVRC2012_val_00032696.JPEG,n03729826,644,722,0.08435306,0,imagenet_c,defocus_blur,1,none
efficientnet_b4,ILSVRC2012_val_00034339.JPEG,n03729826,644,767,0.19380872,0,imagenet_c,defocus_blur,1,none
efficientnet_b4,ILSVRC2012_val_00035659.JPEG,n03729826,644,470,0.2603424,0,imagenet_c,defocus_blur,1,none
efficientnet_b4,ILSVRC2012_val_00036627.JPEG,n03729826,644,674,0.06796832,0,imagenet_c,defocus_blur,1,none
efficientnet_b4,ILSVRC2012_val_00037724.JPEG,n03729826,644,641,0.35635525,0,imagenet_c,defocus_blur,1,none
efficientnet_b4,ILSVRC2012_val_00038281.JPEG,n03729826,644,644,0.29743847,1,imagenet_c,defocus_blur,1,none
efficientnet_b4,ILSVRC2012_val_00038947.JPEG,n03729826,644,644,0.6369018,1,imagenet_c,defocus_blur,1,none
efficientnet_b4,ILSVRC2012_val_00041722.JPEG,n03729826,644,644,0.82965314,1,imagenet_c,defocus_blur,1,none
efficientnet_b4,ILSVRC2012_val_00041855.JPEG,n03729826,644,644,0.6421947,1,imagenet_c,defocus_blur,1,none
efficientnet_b4,ILSVRC2012_val_00041898.JPEG,n03729826,644,644,0.48646137,1,imagenet_c,defocus_blur,1,none
efficientnet_b4,ILSVRC2012_val_00042218.JPEG,n03729826,644,644,0.62841165,1,imagenet_c,defocus_blur,1,none
efficientnet_b4,ILSVRC2012_val_00042470.JPEG,n03729826,644,470,0.46077582,0,imagenet_c,defocus_blur,1,none
efficientnet_b4,ILSVRC2012_val_00042826.JPEG,n03729826,644,644,0.79304934,1,imagenet_c,defocus_blur,1,none
efficientnet_b4,ILSVRC2012_val_00044803.JPEG,n03729826,644,644,0.5236289,1,imagenet_c,defocus_blur,1,none
efficientnet_b4,ILSVRC2012_val_00045050.JPEG,n03729826,644,470,0.5799449,0,imagenet_c,defocus_blur,1,none
efficientnet_b4,ILSVRC2012_val_00045781.JPEG,n03729826,644,644,0.7081801,1,imagenet_c,defocus_blur,1,none
efficientnet_b4,ILSVRC2012_val_00045835.JPEG,n03729826,644,644,0.5062706,1,imagenet_c,defocus_blur,1,none
efficientnet_b4,ILSVRC2012_val_00046189.JPEG,n03729826,644,644,0.61269,1,imagenet_c,defocus_blur,1,none
efficientnet_b4,ILSVRC2012_val_00047715.JPEG,n03729826,644,644,0.5301983,1,imagenet_c,defocus_blur,1,none
efficientnet_b4,ILSVRC2012_val_00047811.JPEG,n03729826,644,644,0.2920446,1,imagenet_c,defocus_blur,1,none
efficientnet_b4,ILSVRC2012_val_00048097.JPEG,n03729826,644,599,0.06095185,0,imagenet_c,defocus_blur,1,none
efficientnet_b4,ILSVRC2012_val_00048290.JPEG,n03729826,644,303,0.46128967,0,imagenet_c,defocus_blur,1,none
efficientnet_b4,ILSVRC2012_val_00048847.JPEG,n03729826,644,660,0.07793899,0,imagenet_c,defocus_blur,1,none
efficientnet_b4,ILSVRC2012_val_00049625.JPEG,n03729826,644,644,0.5294883,1,imagenet_c,defocus_blur,1,none
efficientnet_b4,ILSVRC2012_val_00049995.JPEG,n03729826,644,644,0.21901533,1,imagenet_c,defocus_blur,1,none
efficientnet_b4,ILSVRC2012_val_00000120.JPEG,n03733131,645,645,0.6528912,1,imagenet_c,defocus_blur,1,none
efficientnet_b4,ILSVRC2012_val_00000817.JPEG,n03733131,645,645,0.7310546,1,imagenet_c,defocus_blur,1,none
efficientnet_b4,ILSVRC2012_val_00001294.JPEG,n03733131,645,645,0.6987546,1,imagenet_c,defocus_blur,1,none
efficientnet_b4,ILSVRC2012_val_00003505.JPEG,n03733131,645,645,0.543424,1,imagenet_c,defocus_blur,1,none
efficientnet_b4,ILSVRC2012_val_00004079.JPEG,n03733131,645,645,0.5729449,1,imagenet_c,defocus_blur,1,none
efficientnet_b4,ILSVRC2012_val_00005074.JPEG,n03733131,645,645,0.79050446,1,imagenet_c,defocus_blur,1,none
efficientnet_b4,ILSVRC2012_val_00007061.JPEG,n03733131,645,645,0.59195757,1,imagenet_c,defocus_blur,1,none
efficientnet_b4,ILSVRC2012_val_00007433.JPEG,n03733131,645,645,0.58538187,1,imagenet_c,defocus_blur,1,none
efficientnet_b4,ILSVRC2012_val_00009571.JPEG,n03733131,645,645,0.43614438,1,imagenet_c,defocus_blur,1,none
efficientnet_b4,ILSVRC2012_val_00010053.JPEG,n03733131,645,645,0.17094629,1,imagenet_c,defocus_blur,1,none
efficientnet_b4,ILSVRC2012_val_00010813.JPEG,n03733131,645,645,0.6648594,1,imagenet_c,defocus_blur,1,none
efficientnet_b4,ILSVRC2012_val_00010940.JPEG,n03733131,645,645,0.5513234,1,imagenet_c,defocus_blur,1,none
efficientnet_b4,ILSVRC2012_val_00011862.JPEG,n03733131,645,645,0.575818,1,imagenet_c,defocus_blur,1,none
efficientnet_b4,ILSVRC2012_val_00012236.JPEG,n03733131,645,645,0.53928983,1,imagenet_c,defocus_blur,1,none
efficientnet_b4,ILSVRC2012_val_00012536.JPEG,n03733131,645,645,0.6226688,1,imagenet_c,defocus_blur,1,none
efficientnet_b4,ILSVRC2012_val_00012555.JPEG,n03733131,645,645,0.7324683,1,imagenet_c,defocus_blur,1,none
efficientnet_b4,ILSVRC2012_val_00012951.JPEG,n03733131,645,89,0.015163473,0,imagenet_c,defocus_blur,1,none
efficientnet_b4,ILSVRC2012_val_00013496.JPEG,n03733131,645,733,0.10295073,0,imagenet_c,defocus_blur,1,none
efficientnet_b4,ILSVRC2012_val_00014243.JPEG,n03733131,645,645,0.69912505,1,imagenet_c,defocus_blur,1,none
efficientnet_b4,ILSVRC2012_val_00014531.JPEG,n03733131,645,704,0.041328013,0,imagenet_c,defocus_blur,1,none
efficientnet_b4,ILSVRC2012_val_00016452.JPEG,n03733131,645,645,0.56452423,1,imagenet_c,defocus_blur,1,none
efficientnet_b4,ILSVRC2012_val_00017633.JPEG,n03733131,645,645,0.63103527,1,imagenet_c,defocus_blur,1,none
efficientnet_b4,ILSVRC2012_val_00017670.JPEG,n03733131,645,645,0.5676788,1,imagenet_c,defocus_blur,1,none
efficientnet_b4,ILSVRC2012_val_00018109.JPEG,n03733131,645,645,0.5853724,1,imagenet_c,defocus_blur,1,none
efficientnet_b4,ILSVRC2012_val_00021102.JPEG,n03733131,645,645,0.062224556,1,imagenet_c,defocus_blur,1,none
efficientnet_b4,ILSVRC2012_val_00021375.JPEG,n03733131,645,645,0.606536,1,imagenet_c,defocus_blur,1,none
efficientnet_b4,ILSVRC2012_val_00022473.JPEG,n03733131,645,645,0.5162545,1,imagenet_c,defocus_blur,1,none
efficientnet_b4,ILSVRC2012_val_00024037.JPEG,n03733131,645,645,0.5937873,1,imagenet_c,defocus_blur,1,none
efficientnet_b4,ILSVRC2012_val_00024038.JPEG,n03733131,645,645,0.6625505,1,imagenet_c,defocus_blur,1,none
efficientnet_b4,ILSVRC2012_val_00024970.JPEG,n03733131,645,645,0.7349832,1,imagenet_c,defocus_blur,1,none
efficientnet_b4,ILSVRC2012_val_00025417.JPEG,n03733131,645,645,0.65929335,1,imagenet_c,defocus_blur,1,none
efficientnet_b4,ILSVRC2012_val_00026391.JPEG,n03733131,645,645,0.6039588,1,imagenet_c,defocus_blur,1,none
efficientnet_b4,ILSVRC2012_val_00027446.JPEG,n03733131,645,645,0.17013405,1,imagenet_c,defocus_blur,1,none
efficientnet_b4,ILSVRC2012_val_00027461.JPEG,n03733131,645,645,0.18372095,1,imagenet_c,defocus_blur,1,none
efficientnet_b4,ILSVRC2012_val_00027769.JPEG,n03733131,645,645,0.7110584,1,imagenet_c,defocus_blur,1,none
efficientnet_b4,ILSVRC2012_val_00028476.JPEG,n03733131,645,645,0.66337657,1,imagenet_c,defocus_blur,1,none
efficientnet_b4,ILSVRC2012_val_00029892.JPEG,n03733131,645,645,0.68101096,1,imagenet_c,defocus_blur,1,none
efficientnet_b4,ILSVRC2012_val_00030564.JPEG,n03733131,645,645,0.63663393,1,imagenet_c,defocus_blur,1,none
efficientnet_b4,ILSVRC2012_val_00031513.JPEG,n03733131,645,522,0.07826941,0,imagenet_c,defocus_blur,1,none
efficientnet_b4,ILSVRC2012_val_00034214.JPEG,n03733131,645,645,0.10259576,1,imagenet_c,defocus_blur,1,none
efficientnet_b4,ILSVRC2012_val_00034620.JPEG,n03733131,645,645,0.7250083,1,imagenet_c,defocus_blur,1,none
efficientnet_b4,ILSVRC2012_val_00034854.JPEG,n03733131,645,645,0.6682896,1,imagenet_c,defocus_blur,1,none
efficientnet_b4,ILSVRC2012_val_00035234.JPEG,n03733131,645,645,0.6269822,1,imagenet_c,defocus_blur,1,none
efficientnet_b4,ILSVRC2012_val_00035297.JPEG,n03733131,645,645,0.58744586,1,imagenet_c,defocus_blur,1,none
efficientnet_b4,ILSVRC2012_val_00035693.JPEG,n03733131,645,645,0.16845414,1,imagenet_c,defocus_blur,1,none
efficientnet_b4,ILSVRC2012_val_00038021.JPEG,n03733131,645,832,0.507438,0,imagenet_c,defocus_blur,1,none
efficientnet_b4,ILSVRC2012_val_00038830.JPEG,n03733131,645,645,0.75766927,1,imagenet_c,defocus_blur,1,none
efficientnet_b4,ILSVRC2012_val_00043568.JPEG,n03733131,645,645,0.7485447,1,imagenet_c,defocus_blur,1,none
efficientnet_b4,ILSVRC2012_val_00044411.JPEG,n03733131,645,645,0.612515,1,imagenet_c,defocus_blur,1,none
efficientnet_b4,ILSVRC2012_val_00045905.JPEG,n03733131,645,645,0.1717084,1,imagenet_c,defocus_blur,1,none
efficientnet_b4,ILSVRC2012_val_00000118.JPEG,n03733281,646,545,0.15308267,0,imagenet_c,defocus_blur,1,none
efficientnet_b4,ILSVRC2012_val_00000160.JPEG,n03733281,646,646,0.6302297,1,imagenet_c,defocus_blur,1,none
efficientnet_b4,ILSVRC2012_val_00001227.JPEG,n03733281,646,646,0.61022586,1,imagenet_c,defocus_blur,1,none
efficientnet_b4,ILSVRC2012_val_00003420.JPEG,n03733281,646,522,0.052176215,0,imagenet_c,defocus_blur,1,none
efficientnet_b4,ILSVRC2012_val_00003962.JPEG,n03733281,646,646,0.2872141,1,imagenet_c,defocus_blur,1,none
efficientnet_b4,ILSVRC2012_val_00004373.JPEG,n03733281,646,646,0.65125686,1,imagenet_c,defocus_blur,1,none
efficientnet_b4,ILSVRC2012_val_00005133.JPEG,n03733281,646,646,0.7259593,1,imagenet_c,defocus_blur,1,none
efficientnet_b4,ILSVRC2012_val_00005623.JPEG,n03733281,646,646,0.64919776,1,imagenet_c,defocus_blur,1,none
efficientnet_b4,ILSVRC2012_val_00005660.JPEG,n03733281,646,646,0.47803316,1,imagenet_c,defocus_blur,1,none
efficientnet_b4,ILSVRC2012_val_00006417.JPEG,n03733281,646,646,0.68858165,1,imagenet_c,defocus_blur,1,none
efficientnet_b4,ILSVRC2012_val_00010635.JPEG,n03733281,646,677,0.23242316,0,imagenet_c,defocus_blur,1,none
efficientnet_b4,ILSVRC2012_val_00011827.JPEG,n03733281,646,646,0.07092796,1,imagenet_c,defocus_blur,1,none
efficientnet_b4,ILSVRC2012_val_00012842.JPEG,n03733281,646,646,0.71712244,1,imagenet_c,defocus_blur,1,none
efficientnet_b4,ILSVRC2012_val_00013018.JPEG,n03733281,646,646,0.62450504,1,imagenet_c,defocus_blur,1,none
efficientnet_b4,ILSVRC2012_val_00016418.JPEG,n03733281,646,646,0.58164126,1,imagenet_c,defocus_blur,1,none
efficientnet_b4,ILSVRC2012_val_00018967.JPEG,n03733281,646,646,0.21603571,1,imagenet_c,defocus_blur,1,none
efficientnet_b4,ILSVRC2012_val_00019430.JPEG,n03733281,646,646,0.6700666,1,imagenet_c,defocus_blur,1,none
efficientnet_b4,ILSVRC2012_val_00020188.JPEG,n03733281,646,646,0.542805,1,imagenet_c,defocus_blur,1,none
efficientnet_b4,ILSVRC2012_val_00022141.JPEG,n03733281,646,646,0.6087856,1,imagenet_c,defocus_blur,1,none
efficientnet_b4,ILSVRC2012_val_00023762.JPEG,n03733281,646,646,0.6043599,1,imagenet_c,defocus_blur,1,none
efficientnet_b4,ILSVRC2012_val_00024096.JPEG,n03733281,646,646,0.5534216,1,imagenet_c,defocus_blur,1,none
efficientnet_b4,ILSVRC2012_val_00024639.JPEG,n03733281,646,646,0.27607894,1,imagenet_c,defocus_blur,1,none
efficientnet_b4,ILSVRC2012_val_00024860.JPEG,n03733281,646,646,0.28098154,1,imagenet_c,defocus_blur,1,none
efficientnet_b4,ILSVRC2012_val_00025868.JPEG,n03733281,646,646,0.06645434,1,imagenet_c,defocus_blur,1,none
efficientnet_b4,ILSVRC2012_val_00026201.JPEG,n03733281,646,646,0.20899688,1,imagenet_c,defocus_blur,1,none
efficientnet_b4,ILSVRC2012_val_00026206.JPEG,n03733281,646,646,0.0920543,1,imagenet_c,defocus_blur,1,none
efficientnet_b4,ILSVRC2012_val_00028102.JPEG,n03733281,646,646,0.61931187,1,imagenet_c,defocus_blur,1,none
efficientnet_b4,ILSVRC2012_val_00030246.JPEG,n03733281,646,646,0.63045883,1,imagenet_c,defocus_blur,1,none
efficientnet_b4,ILSVRC2012_val_00030354.JPEG,n03733281,646,646,0.62852985,1,imagenet_c,defocus_blur,1,none
efficientnet_b4,ILSVRC2012_val_00030874.JPEG,n03733281,646,646,0.68404436,1,imagenet_c,defocus_blur,1,none
efficientnet_b4,ILSVRC2012_val_00031729.JPEG,n03733281,646,646,0.6770121,1,imagenet_c,defocus_blur,1,none
efficientnet_b4,ILSVRC2012_val_00032108.JPEG,n03733281,646,646,0.5372541,1,imagenet_c,defocus_blur,1,none
efficientnet_b4,ILSVRC2012_val_00034428.JPEG,n03733281,646,573,0.41322824,0,imagenet_c,defocus_blur,1,none
efficientnet_b4,ILSVRC2012_val_00035218.JPEG,n03733281,646,646,0.6301723,1,imagenet_c,defocus_blur,1,none
efficientnet_b4,ILSVRC2012_val_00036553.JPEG,n03733281,646,646,0.71587324,1,imagenet_c,defocus_blur,1,none
efficientnet_b4,ILSVRC2012_val_00036740.JPEG,n03733281,646,422,0.26445737,0,imagenet_c,defocus_blur,1,none
efficientnet_b4,ILSVRC2012_val_00038261.JPEG,n03733281,646,646,0.4703841,1,imagenet_c,defocus_blur,1,none
efficientnet_b4,ILSVRC2012_val_00038862.JPEG,n03733281,646,646,0.75621754,1,imagenet_c,defocus_blur,1,none
efficientnet_b4,ILSVRC2012_val_00039642.JPEG,n03733281,646,646,0.66925627,1,imagenet_c,defocus_blur,1,none
efficientnet_b4,ILSVRC2012_val_00039783.JPEG,n03733281,646,646,0.7023282,1,imagenet_c,defocus_blur,1,none
efficientnet_b4,ILSVRC2012_val_00039998.JPEG,n03733281,646,912,0.1607758,0,imagenet_c,defocus_blur,1,none
efficientnet_b4,ILSVRC2012_val_00041328.JPEG,n03733281,646,646,0.6884433,1,imagenet_c,defocus_blur,1,none
efficientnet_b4,ILSVRC2012_val_00041725.JPEG,n03733281,646,646,0.6131159,1,imagenet_c,defocus_blur,1,none
efficientnet_b4,ILSVRC2012_val_00042322.JPEG,n03733281,646,646,0.60155106,1,imagenet_c,defocus_blur,1,none
efficientnet_b4,ILSVRC2012_val_00042402.JPEG,n03733281,646,646,0.45948973,1,imagenet_c,defocus_blur,1,none
efficientnet_b4,ILSVRC2012_val_00044403.JPEG,n03733281,646,646,0.71473664,1,imagenet_c,defocus_blur,1,none
efficientnet_b4,ILSVRC2012_val_00045736.JPEG,n03733281,646,646,0.25345567,1,imagenet_c,defocus_blur,1,none
efficientnet_b4,ILSVRC2012_val_00046738.JPEG,n03733281,646,646,0.68078125,1,imagenet_c,defocus_blur,1,none
efficientnet_b4,ILSVRC2012_val_00047090.JPEG,n03733281,646,646,0.3576789,1,imagenet_c,defocus_blur,1,none
efficientnet_b4,ILSVRC2012_val_00049935.JPEG,n03733281,646,646,0.66638356,1,imagenet_c,defocus_blur,1,none
efficientnet_b4,ILSVRC2012_val_00000163.JPEG,n03733805,647,647,0.6533367,1,imagenet_c,defocus_blur,1,none
efficientnet_b4,ILSVRC2012_val_00002768.JPEG,n03733805,647,477,0.21066098,0,imagenet_c,defocus_blur,1,none
efficientnet_b4,ILSVRC2012_val_00002919.JPEG,n03733805,647,647,0.6246025,1,imagenet_c,defocus_blur,1,none
efficientnet_b4,ILSVRC2012_val_00003216.JPEG,n03733805,647,647,0.82569873,1,imagenet_c,defocus_blur,1,none
efficientnet_b4,ILSVRC2012_val_00004833.JPEG,n03733805,647,647,0.69432116,1,imagenet_c,defocus_blur,1,none
efficientnet_b4,ILSVRC2012_val_00005136.JPEG,n03733805,647,647,0.74387246,1,imagenet_c,defocus_blur,1,none
efficientnet_b4,ILSVRC2012_val_00005193.JPEG,n03733805,647,647,0.7012917,1,imagenet_c,defocus_blur,1,none
efficientnet_b4,ILSVRC2012_val_00007887.JPEG,n03733805,647,647,0.66864103,1,imagenet_c,defocus_blur,1,none
efficientnet_b4,ILSVRC2012_val_00007962.JPEG,n03733805,647,647,0.72700185,1,imagenet_c,defocus_blur,1,none
efficientnet_b4,ILSVRC2012_val_00008852.JPEG,n03733805,647,647,0.35635814,1,imagenet_c,defocus_blur,1,none
efficientnet_b4,ILSVRC2012_val_00009255.JPEG,n03733805,647,473,0.31114838,0,imagenet_c,defocus_blur,1,none
efficientnet_b4,ILSVRC2012_val_00011426.JPEG,n03733805,647,567,0.11938646,0,imagenet_c,defocus_blur,1,none
efficientnet_b4,ILSVRC2012_val_00011569.JPEG,n03733805,647,647,0.6502224,1,imagenet_c,defocus_blur,1,none
efficientnet_b4,ILSVRC2012_val_00013566.JPEG,n03733805,647,647,0.597223,1,imagenet_c,defocus_blur,1,none
efficientnet_b4,ILSVRC2012_val_00014866.JPEG,n03733805,647,647,0.5089715,1,imagenet_c,defocus_blur,1,none
efficientnet_b4,ILSVRC2012_val_00018011.JPEG,n03733805,647,969,0.35027835,0,imagenet_c,defocus_blur,1,none
efficientnet_b4,ILSVRC2012_val_00018274.JPEG,n03733805,647,647,0.6064361,1,imagenet_c,defocus_blur,1,none
efficientnet_b4,ILSVRC2012_val_00019776.JPEG,n03733805,647,647,0.5195594,1,imagenet_c,defocus_blur,1,none
efficientnet_b4,ILSVRC2012_val_00020557.JPEG,n03733805,647,647,0.7236312,1,imagenet_c,defocus_blur,1,none
efficientnet_b4,ILSVRC2012_val_00021524.JPEG,n03733805,647,647,0.21324342,1,imagenet_c,defocus_blur,1,none
efficientnet_b4,ILSVRC2012_val_00023829.JPEG,n03733805,647,647,0.6289779,1,imagenet_c,defocus_blur,1,none
efficientnet_b4,ILSVRC2012_val_00024255.JPEG,n03733805,647,647,0.61425066,1,imagenet_c,defocus_blur,1,none
efficientnet_b4,ILSVRC2012_val_00026855.JPEG,n03733805,647,332,0.13460802,0,imagenet_c,defocus_blur,1,none
efficientnet_b4,ILSVRC2012_val_00027209.JPEG,n03733805,647,647,0.57744163,1,imagenet_c,defocus_blur,1,none
efficientnet_b4,ILSVRC2012_val_00027672.JPEG,n03733805,647,647,0.3118652,1,imagenet_c,defocus_blur,1,none
efficientnet_b4,ILSVRC2012_val_00028239.JPEG,n03733805,647,647,0.5758808,1,imagenet_c,defocus_blur,1,none
efficientnet_b4,ILSVRC2012_val_00028988.JPEG,n03733805,647,647,0.7742482,1,imagenet_c,defocus_blur,1,none
efficientnet_b4,ILSVRC2012_val_00029464.JPEG,n03733805,647,647,0.4989972,1,imagenet_c,defocus_blur,1,none
efficientnet_b4,ILSVRC2012_val_00029501.JPEG,n03733805,647,631,0.03851615,0,imagenet_c,defocus_blur,1,none
efficientnet_b4,ILSVRC2012_val_00032857.JPEG,n03733805,647,647,0.48556936,1,imagenet_c,defocus_blur,1,none
efficientnet_b4,ILSVRC2012_val_00032926.JPEG,n03733805,647,647,0.7762464,1,imagenet_c,defocus_blur,1,none
efficientnet_b4,ILSVRC2012_val_00033697.JPEG,n03733805,647,647,0.38445714,1,imagenet_c,defocus_blur,1,none
efficientnet_b4,ILSVRC2012_val_00034141.JPEG,n03733805,647,647,0.6844986,1,imagenet_c,defocus_blur,1,none
efficientnet_b4,ILSVRC2012_val_00035975.JPEG,n03733805,647,659,0.5360555,0,imagenet_c,defocus_blur,1,none
efficientnet_b4,ILSVRC2012_val_00036766.JPEG,n03733805,647,923,0.14691769,0,imagenet_c,defocus_blur,1,none
efficientnet_b4,ILSVRC2012_val_00036965.JPEG,n03733805,647,647,0.48195654,1,imagenet_c,defocus_blur,1,none
efficientnet_b4,ILSVRC2012_val_00037125.JPEG,n03733805,647,647,0.6766814,1,imagenet_c,defocus_blur,1,none
efficientnet_b4,ILSVRC2012_val_00038292.JPEG,n03733805,647,960,0.12506652,0,imagenet_c,defocus_blur,1,none
efficientnet_b4,ILSVRC2012_val_00038562.JPEG,n03733805,647,647,0.30255717,1,imagenet_c,defocus_blur,1,none
efficientnet_b4,ILSVRC2012_val_00040274.JPEG,n03733805,647,647,0.14241457,1,imagenet_c,defocus_blur,1,none
efficientnet_b4,ILSVRC2012_val_00041079.JPEG,n03733805,647,647,0.63213974,1,imagenet_c,defocus_blur,1,none
efficientnet_b4,ILSVRC2012_val_00042054.JPEG,n03733805,647,465,0.19769424,0,imagenet_c,defocus_blur,1,none
efficientnet_b4,ILSVRC2012_val_00042106.JPEG,n03733805,647,647,0.6132955,1,imagenet_c,defocus_blur,1,none
efficientnet_b4,ILSVRC2012_val_00042644.JPEG,n03733805,647,438,0.19336005,0,imagenet_c,defocus_blur,1,none
efficientnet_b4,ILSVRC2012_val_00042993.JPEG,n03733805,647,332,0.25576833,0,imagenet_c,defocus_blur,1,none
efficientnet_b4,ILSVRC2012_val_00043082.JPEG,n03733805,647,647,0.5550381,1,imagenet_c,defocus_blur,1,none
efficientnet_b4,ILSVRC2012_val_00044935.JPEG,n03733805,647,647,0.5595634,1,imagenet_c,defocus_blur,1,none
efficientnet_b4,ILSVRC2012_val_00045615.JPEG,n03733805,647,332,0.12349723,0,imagenet_c,defocus_blur,1,none
efficientnet_b4,ILSVRC2012_val_00046139.JPEG,n03733805,647,691,0.22140667,0,imagenet_c,defocus_blur,1,none
efficientnet_b4,ILSVRC2012_val_00048274.JPEG,n03733805,647,647,0.60495394,1,imagenet_c,defocus_blur,1,none
efficientnet_b4,ILSVRC2012_val_00001318.JPEG,n03742115,648,729,0.109369256,0,imagenet_c,defocus_blur,1,none
efficientnet_b4,ILSVRC2012_val_00003358.JPEG,n03742115,648,648,0.26271397,1,imagenet_c,defocus_blur,1,none
efficientnet_b4,ILSVRC2012_val_00003433.JPEG,n03742115,648,648,0.34311756,1,imagenet_c,defocus_blur,1,none
efficientnet_b4,ILSVRC2012_val_00003678.JPEG,n03742115,648,794,0.15440945,0,imagenet_c,defocus_blur,1,none
efficientnet_b4,ILSVRC2012_val_00004111.JPEG,n03742115,648,648,0.51710284,1,imagenet_c,defocus_blur,1,none
efficientnet_b4,ILSVRC2012_val_00005542.JPEG,n03742115,648,648,0.8039591,1,imagenet_c,defocus_blur,1,none
efficientnet_b4,ILSVRC2012_val_00006201.JPEG,n03742115,648,894,0.12608923,0,imagenet_c,defocus_blur,1,none
efficientnet_b4,ILSVRC2012_val_00006806.JPEG,n03742115,648,894,0.06668054,0,imagenet_c,defocus_blur,1,none
efficientnet_b4,ILSVRC2012_val_00006891.JPEG,n03742115,648,860,0.069483936,0,imagenet_c,defocus_blur,1,none
efficientnet_b4,ILSVRC2012_val_00009495.JPEG,n03742115,648,648,0.1334861,1,imagenet_c,defocus_blur,1,none
efficientnet_b4,ILSVRC2012_val_00009627.JPEG,n03742115,648,789,0.12713473,0,imagenet_c,defocus_blur,1,none
efficientnet_b4,ILSVRC2012_val_00010146.JPEG,n03742115,648,648,0.49790263,1,imagenet_c,defocus_blur,1,none
efficientnet_b4,ILSVRC2012_val_00015528.JPEG,n03742115,648,493,0.16044253,0,imagenet_c,defocus_blur,1,none
efficientnet_b4,ILSVRC2012_val_00016447.JPEG,n03742115,648,861,0.1232498,0,imagenet_c,defocus_blur,1,none
efficientnet_b4,ILSVRC2012_val_00016896.JPEG,n03742115,648,648,0.6549423,1,imagenet_c,defocus_blur,1,none
efficientnet_b4,ILSVRC2012_val_00017433.JPEG,n03742115,648,453,0.16267084,0,imagenet_c,defocus_blur,1,none
efficientnet_b4,ILSVRC2012_val_00017758.JPEG,n03742115,648,905,0.40500113,0,imagenet_c,defocus_blur,1,none
efficientnet_b4,ILSVRC2012_val_00018986.JPEG,n03742115,648,648,0.08125693,1,imagenet_c,defocus_blur,1,none
efficientnet_b4,ILSVRC2012_val_00019135.JPEG,n03742115,648,648,0.43258116,1,imagenet_c,defocus_blur,1,none
efficientnet_b4,ILSVRC2012_val_00019217.JPEG,n03742115,648,648,0.10067254,1,imagenet_c,defocus_blur,1,none
efficientnet_b4,ILSVRC2012_val_00020086.JPEG,n03742115,648,648,0.46329433,1,imagenet_c,defocus_blur,1,none
efficientnet_b4,ILSVRC2012_val_00020893.JPEG,n03742115,648,648,0.70467603,1,imagenet_c,defocus_blur,1,none
efficientnet_b4,ILSVRC2012_val_00021833.JPEG,n03742115,648,905,0.22198385,0,imagenet_c,defocus_blur,1,none
efficientnet_b4,ILSVRC2012_val_00022315.JPEG,n03742115,648,453,0.17187412,0,imagenet_c,defocus_blur,1,none
efficientnet_b4,ILSVRC2012_val_00022984.JPEG,n03742115,648,651,0.17232096,0,imagenet_c,defocus_blur,1,none
efficientnet_b4,ILSVRC2012_val_00023002.JPEG,n03742115,648,648,0.22090055,1,imagenet_c,defocus_blur,1,none
efficientnet_b4,ILSVRC2012_val_00024554.JPEG,n03742115,648,648,0.82002884,1,imagenet_c,defocus_blur,1,none
efficientnet_b4,ILSVRC2012_val_00026974.JPEG,n03742115,648,648,0.5494267,1,imagenet_c,defocus_blur,1,none
efficientnet_b4,ILSVRC2012_val_00027318.JPEG,n03742115,648,495,0.55321085,0,imagenet_c,defocus_blur,1,none
efficientnet_b4,ILSVRC2012_val_00027636.JPEG,n03742115,648,648,0.13461897,1,imagenet_c,defocus_blur,1,none
efficientnet_b4,ILSVRC2012_val_00028334.JPEG,n03742115,648,648,0.42445567,1,imagenet_c,defocus_blur,1,none
efficientnet_b4,ILSVRC2012_val_00030867.JPEG,n03742115,648,648,0.1199355,1,imagenet_c,defocus_blur,1,none
efficientnet_b4,ILSVRC2012_val_00031901.JPEG,n03742115,648,648,0.7205177,1,imagenet_c,defocus_blur,1,none
efficientnet_b4,ILSVRC2012_val_00032106.JPEG,n03742115,648,648,0.6386524,1,imagenet_c,defocus_blur,1,none
efficientnet_b4,ILSVRC2012_val_00032305.JPEG,n03742115,648,799,0.055433758,0,imagenet_c,defocus_blur,1,none
efficientnet_b4,ILSVRC2012_val_00036807.JPEG,n03742115,648,760,0.42471504,0,imagenet_c,defocus_blur,1,none
efficientnet_b4,ILSVRC2012_val_00038646.JPEG,n03742115,648,648,0.31964046,1,imagenet_c,defocus_blur,1,none
efficientnet_b4,ILSVRC2012_val_00039781.JPEG,n03742115,648,495,0.122011684,0,imagenet_c,defocus_blur,1,none
efficientnet_b4,ILSVRC2012_val_00040111.JPEG,n03742115,648,648,0.41581118,1,imagenet_c,defocus_blur,1,none
efficientnet_b4,ILSVRC2012_val_00040196.JPEG,n03742115,648,648,0.64720374,1,imagenet_c,defocus_blur,1,none
efficientnet_b4,ILSVRC2012_val_00040392.JPEG,n03742115,648,648,0.5100699,1,imagenet_c,defocus_blur,1,none
efficientnet_b4,ILSVRC2012_val_00040744.JPEG,n03742115,648,493,0.59058625,0,imagenet_c,defocus_blur,1,none
efficientnet_b4,ILSVRC2012_val_00042714.JPEG,n03742115,648,648,0.049880225,1,imagenet_c,defocus_blur,1,none
efficientnet_b4,ILSVRC2012_val_00043885.JPEG,n03742115,648,648,0.39940473,1,imagenet_c,defocus_blur,1,none
efficientnet_b4,ILSVRC2012_val_00045254.JPEG,n03742115,648,729,0.23687725,0,imagenet_c,defocus_blur,1,none
efficientnet_b4,ILSVRC2012_val_00045616.JPEG,n03742115,648,651,0.051058084,0,imagenet_c,defocus_blur,1,none
efficientnet_b4,ILSVRC2012_val_00046047.JPEG,n03742115,648,789,0.1332161,0,imagenet_c,defocus_blur,1,none
efficientnet_b4,ILSVRC2012_val_00046240.JPEG,n03742115,648,648,0.53498363,1,imagenet_c,defocus_blur,1,none
efficientnet_b4,ILSVRC2012_val_00048949.JPEG,n03742115,648,648,0.701732,1,imagenet_c,defocus_blur,1,none
efficientnet_b4,ILSVRC2012_val_00049486.JPEG,n03742115,648,794,0.1619442,0,imagenet_c,defocus_blur,1,none
efficientnet_b4,ILSVRC2012_val_00000382.JPEG,n03743016,649,649,0.2611589,1,imagenet_c,defocus_blur,1,none
efficientnet_b4,ILSVRC2012_val_00005049.JPEG,n03743016,649,649,0.22594662,1,imagenet_c,defocus_blur,1,none
efficientnet_b4,ILSVRC2012_val_00005693.JPEG,n03743016,649,649,0.56977606,1,imagenet_c,defocus_blur,1,none
efficientnet_b4,ILSVRC2012_val_00006348.JPEG,n03743016,649,825,0.097359344,0,imagenet_c,defocus_blur,1,none
efficientnet_b4,ILSVRC2012_val_00007581.JPEG,n03743016,649,825,0.047587745,0,imagenet_c,defocus_blur,1,none
efficientnet_b4,ILSVRC2012_val_00008833.JPEG,n03743016,649,649,0.46805725,1,imagenet_c,defocus_blur,1,none
efficientnet_b4,ILSVRC2012_val_00008924.JPEG,n03743016,649,649,0.43172142,1,imagenet_c,defocus_blur,1,none
efficientnet_b4,ILSVRC2012_val_00011912.JPEG,n03743016,649,649,0.48388115,1,imagenet_c,defocus_blur,1,none
efficientnet_b4,ILSVRC2012_val_00012360.JPEG,n03743016,649,649,0.57555956,1,imagenet_c,defocus_blur,1,none
efficientnet_b4,ILSVRC2012_val_00012483.JPEG,n03743016,649,915,0.055648595,0,imagenet_c,defocus_blur,1,none
efficientnet_b4,ILSVRC2012_val_00013275.JPEG,n03743016,649,649,0.5402715,1,imagenet_c,defocus_blur,1,none
efficientnet_b4,ILSVRC2012_val_00014509.JPEG,n03743016,649,649,0.5502516,1,imagenet_c,defocus_blur,1,none
efficientnet_b4,ILSVRC2012_val_00015460.JPEG,n03743016,649,649,0.58435416,1,imagenet_c,defocus_blur,1,none
efficientnet_b4,ILSVRC2012_val_00015599.JPEG,n03743016,649,649,0.60518503,1,imagenet_c,defocus_blur,1,none
efficientnet_b4,ILSVRC2012_val_00017746.JPEG,n03743016,649,912,0.08391321,0,imagenet_c,defocus_blur,1,none
efficientnet_b4,ILSVRC2012_val_00017896.JPEG,n03743016,649,649,0.3648866,1,imagenet_c,defocus_blur,1,none
efficientnet_b4,ILSVRC2012_val_00017922.JPEG,n03743016,649,649,0.2907483,1,imagenet_c,defocus_blur,1,none
efficientnet_b4,ILSVRC2012_val_00018372.JPEG,n03743016,649,649,0.42369533,1,imagenet_c,defocus_blur,1,none
efficientnet_b4,ILSVRC2012_val_00018889.JPEG,n03743016,649,649,0.2477601,1,imagenet_c,defocus_blur,1,none
efficientnet_b4,ILSVRC2012_val_00019927.JPEG,n03743016,649,649,0.14338744,1,imagenet_c,defocus_blur,1,none
efficientnet_b4,ILSVRC2012_val_00019993.JPEG,n03743016,649,649,0.20327426,1,imagenet_c,defocus_blur,1,none
efficientnet_b4,ILSVRC2012_val_00020408.JPEG,n03743016,649,373,0.02266427,0,imagenet_c,defocus_blur,1,none
efficientnet_b4,ILSVRC2012_val_00020640.JPEG,n03743016,649,997,0.040622335,0,imagenet_c,defocus_blur,1,none
efficientnet_b4,ILSVRC2012_val_00021884.JPEG,n03743016,649,649,0.26956695,1,imagenet_c,defocus_blur,1,none
efficientnet_b4,ILSVRC2012_val_00022440.JPEG,n03743016,649,825,0.038691472,0,imagenet_c,defocus_blur,1,none
efficientnet_b4,ILSVRC2012_val_00022549.JPEG,n03743016,649,730,0.092268,0,imagenet_c,defocus_blur,1,none
efficientnet_b4,ILSVRC2012_val_00023157.JPEG,n03743016,649,634,0.23462039,0,imagenet_c,defocus_blur,1,none
efficientnet_b4,ILSVRC2012_val_00024005.JPEG,n03743016,649,649,0.21676984,1,imagenet_c,defocus_blur,1,none
efficientnet_b4,ILSVRC2012_val_00024762.JPEG,n03743016,649,649,0.4262347,1,imagenet_c,defocus_blur,1,none
efficientnet_b4,ILSVRC2012_val_00024822.JPEG,n03743016,649,649,0.2747213,1,imagenet_c,defocus_blur,1,none
efficientnet_b4,ILSVRC2012_val_00025925.JPEG,n03743016,649,649,0.48676494,1,imagenet_c,defocus_blur,1,none
efficientnet_b4,ILSVRC2012_val_00027883.JPEG,n03743016,649,649,0.5059634,1,imagenet_c,defocus_blur,1,none
efficientnet_b4,ILSVRC2012_val_00028172.JPEG,n03743016,649,708,0.23809367,0,imagenet_c,defocus_blur,1,none
efficientnet_b4,ILSVRC2012_val_00031063.JPEG,n03743016,649,958,0.3902367,0,imagenet_c,defocus_blur,1,none
efficientnet_b4,ILSVRC2012_val_00031553.JPEG,n03743016,649,832,0.13399635,0,imagenet_c,defocus_blur,1,none
efficientnet_b4,ILSVRC2012_val_00034079.JPEG,n03743016,649,649,0.19051868,1,imagenet_c,defocus_blur,1,none
efficientnet_b4,ILSVRC2012_val_00034529.JPEG,n03743016,649,825,0.15839155,0,imagenet_c,defocus_blur,1,none
efficientnet_b4,ILSVRC2012_val_00034818.JPEG,n03743016,649,574,0.035977613,0,imagenet_c,defocus_blur,1,none
efficientnet_b4,ILSVRC2012_val_00038208.JPEG,n03743016,649,912,0.057986107,0,imagenet_c,defocus_blur,1,none
efficientnet_b4,ILSVRC2012_val_00038715.JPEG,n03743016,649,825,0.29955348,0,imagenet_c,defocus_blur,1,none
efficientnet_b4,ILSVRC2012_val_00040173.JPEG,n03743016,649,634,0.20081788,0,imagenet_c,defocus_blur,1,none
efficientnet_b4,ILSVRC2012_val_00041399.JPEG,n03743016,649,649,0.4701533,1,imagenet_c,defocus_blur,1,none
efficientnet_b4,ILSVRC2012_val_00041611.JPEG,n03743016,649,649,0.5405735,1,imagenet_c,defocus_blur,1,none
efficientnet_b4,ILSVRC2012_val_00042293.JPEG,n03743016,649,972,0.23920338,0,imagenet_c,defocus_blur,1,none
efficientnet_b4,ILSVRC2012_val_00043128.JPEG,n03743016,649,649,0.4849579,1,imagenet_c,defocus_blur,1,none
efficientnet_b4,ILSVRC2012_val_00043215.JPEG,n03743016,649,649,0.5552522,1,imagenet_c,defocus_blur,1,none
efficientnet_b4,ILSVRC2012_val_00043663.JPEG,n03743016,649,354,0.045067176,0,imagenet_c,defocus_blur,1,none
efficientnet_b4,ILSVRC2012_val_00045483.JPEG,n03743016,649,649,0.2167731,1,imagenet_c,defocus_blur,1,none
efficientnet_b4,ILSVRC2012_val_00047841.JPEG,n03743016,649,649,0.41206244,1,imagenet_c,defocus_blur,1,none
efficientnet_b4,ILSVRC2012_val_00048615.JPEG,n03743016,649,596,0.036065876,0,imagenet_c,defocus_blur,1,none
efficientnet_b4,ILSVRC2012_val_00001982.JPEG,n03759954,650,819,0.035161234,0,imagenet_c,defocus_blur,1,none
efficientnet_b4,ILSVRC2012_val_00002240.JPEG,n03759954,650,819,0.19332102,0,imagenet_c,defocus_blur,1,none
efficientnet_b4,ILSVRC2012_val_00002964.JPEG,n03759954,650,589,0.11031077,0,imagenet_c,defocus_blur,1,none
efficientnet_b4,ILSVRC2012_val_00003465.JPEG,n03759954,650,650,0.939004,1,imagenet_c,defocus_blur,1,none
efficientnet_b4,ILSVRC2012_val_00003553.JPEG,n03759954,650,834,0.15572137,0,imagenet_c,defocus_blur,1,none
efficientnet_b4,ILSVRC2012_val_00003611.JPEG,n03759954,650,650,0.7996978,1,imagenet_c,defocus_blur,1,none
efficientnet_b4,ILSVRC2012_val_00006041.JPEG,n03759954,650,650,0.42227042,1,imagenet_c,defocus_blur,1,none
efficientnet_b4,ILSVRC2012_val_00006773.JPEG,n03759954,650,593,0.59586626,0,imagenet_c,defocus_blur,1,none
efficientnet_b4,ILSVRC2012_val_00007409.JPEG,n03759954,650,650,0.04552832,1,imagenet_c,defocus_blur,1,none
efficientnet_b4,ILSVRC2012_val_00008381.JPEG,n03759954,650,848,0.06671614,0,imagenet_c,defocus_blur,1,none
efficientnet_b4,ILSVRC2012_val_00009296.JPEG,n03759954,650,650,0.122749306,1,imagenet_c,defocus_blur,1,none
efficientnet_b4,ILSVRC2012_val_00010804.JPEG,n03759954,650,413,0.3000297,0,imagenet_c,defocus_blur,1,none
efficientnet_b4,ILSVRC2012_val_00012172.JPEG,n03759954,650,477,0.25200632,0,imagenet_c,defocus_blur,1,none
efficientnet_b4,ILSVRC2012_val_00013495.JPEG,n03759954,650,819,0.14994378,0,imagenet_c,defocus_blur,1,none
efficientnet_b4,ILSVRC2012_val_00015055.JPEG,n03759954,650,818,0.045699127,0,imagenet_c,defocus_blur,1,none
efficientnet_b4,ILSVRC2012_val_00015866.JPEG,n03759954,650,819,0.14767347,0,imagenet_c,defocus_blur,1,none
efficientnet_b4,ILSVRC2012_val_00016792.JPEG,n03759954,650,650,0.49135447,1,imagenet_c,defocus_blur,1,none
efficientnet_b4,ILSVRC2012_val_00019164.JPEG,n03759954,650,650,0.2897366,1,imagenet_c,defocus_blur,1,none
efficientnet_b4,ILSVRC2012_val_00020138.JPEG,n03759954,650,650,0.07273537,1,imagenet_c,defocus_blur,1,none
efficientnet_b4,ILSVRC2012_val_00021431.JPEG,n03759954,650,650,0.49274534,1,imagenet_c,defocus_blur,1,none
efficientnet_b4,ILSVRC2012_val_00023721.JPEG,n03759954,650,650,0.5943984,1,imagenet_c,defocus_blur,1,none
efficientnet_b4,ILSVRC2012_val_00025450.JPEG,n03759954,650,433,0.8088438,0,imagenet_c,defocus_blur,1,none
efficientnet_b4,ILSVRC2012_val_00027379.JPEG,n03759954,650,650,0.5781707,1,imagenet_c,defocus_blur,1,none
efficientnet_b4,ILSVRC2012_val_00031013.JPEG,n03759954,650,650,0.15318482,1,imagenet_c,defocus_blur,1,none
efficientnet_b4,ILSVRC2012_val_00031889.JPEG,n03759954,650,819,0.22439882,0,imagenet_c,defocus_blur,1,none
efficientnet_b4,ILSVRC2012_val_00032691.JPEG,n03759954,650,650,0.3048705,1,imagenet_c,defocus_blur,1,none
efficientnet_b4,ILSVRC2012_val_00033438.JPEG,n03759954,650,563,0.3611912,0,imagenet_c,defocus_blur,1,none
efficientnet_b4,ILSVRC2012_val_00034944.JPEG,n03759954,650,585,0.11313187,0,imagenet_c,defocus_blur,1,none
efficientnet_b4,ILSVRC2012_val_00035288.JPEG,n03759954,650,650,0.35455245,1,imagenet_c,defocus_blur,1,none
efficientnet_b4,ILSVRC2012_val_00035325.JPEG,n03759954,650,650,0.40501493,1,imagenet_c,defocus_blur,1,none
efficientnet_b4,ILSVRC2012_val_00035371.JPEG,n03759954,650,650,0.44869176,1,imagenet_c,defocus_blur,1,none
efficientnet_b4,ILSVRC2012_val_00035587.JPEG,n03759954,650,650,0.3452321,1,imagenet_c,defocus_blur,1,none
efficientnet_b4,ILSVRC2012_val_00036071.JPEG,n03759954,650,650,0.16736472,1,imagenet_c,defocus_blur,1,none
efficientnet_b4,ILSVRC2012_val_00036825.JPEG,n03759954,650,819,0.17826329,0,imagenet_c,defocus_blur,1,none
efficientnet_b4,ILSVRC2012_val_00036985.JPEG,n03759954,650,650,0.6142904,1,imagenet_c,defocus_blur,1,none
efficientnet_b4,ILSVRC2012_val_00037981.JPEG,n03759954,650,420,0.10587243,0,imagenet_c,defocus_blur,1,none
efficientnet_b4,ILSVRC2012_val_00038481.JPEG,n03759954,650,650,0.07702558,1,imagenet_c,defocus_blur,1,none
efficientnet_b4,ILSVRC2012_val_00040999.JPEG,n03759954,650,776,0.3634294,0,imagenet_c,defocus_blur,1,none
efficientnet_b4,ILSVRC2012_val_00041078.JPEG,n03759954,650,819,0.063951954,0,imagenet_c,defocus_blur,1,none
efficientnet_b4,ILSVRC2012_val_00041525.JPEG,n03759954,650,819,0.04363053,0,imagenet_c,defocus_blur,1,none
efficientnet_b4,ILSVRC2012_val_00042490.JPEG,n03759954,650,650,0.2019026,1,imagenet_c,defocus_blur,1,none
efficientnet_b4,ILSVRC2012_val_00045167.JPEG,n03759954,650,650,0.68429196,1,imagenet_c,defocus_blur,1,none
efficientnet_b4,ILSVRC2012_val_00047050.JPEG,n03759954,650,447,0.052247085,0,imagenet_c,defocus_blur,1,none
efficientnet_b4,ILSVRC2012_val_00047866.JPEG,n03759954,650,736,0.09066863,0,imagenet_c,defocus_blur,1,none
efficientnet_b4,ILSVRC2012_val_00047968.JPEG,n03759954,650,650,0.24330628,1,imagenet_c,defocus_blur,1,none
efficientnet_b4,ILSVRC2012_val_00048612.JPEG,n03759954,650,631,0.05019924,0,imagenet_c,defocus_blur,1,none
efficientnet_b4,ILSVRC2012_val_00049128.JPEG,n03759954,650,585,0.097395435,0,imagenet_c,defocus_blur,1,none
efficientnet_b4,ILSVRC2012_val_00049305.JPEG,n03759954,650,740,0.1757282,0,imagenet_c,defocus_blur,1,none
efficientnet_b4,ILSVRC2012_val_00049526.JPEG,n03759954,650,650,0.56775475,1,imagenet_c,defocus_blur,1,none
efficientnet_b4,ILSVRC2012_val_00049557.JPEG,n03759954,650,650,0.15683319,1,imagenet_c,defocus_blur,1,none
efficientnet_b4,ILSVRC2012_val_00000519.JPEG,n03761084,651,688,0.074248776,0,imagenet_c,defocus_blur,1,none
efficientnet_b4,ILSVRC2012_val_00001614.JPEG,n03761084,651,651,0.35991156,1,imagenet_c,defocus_blur,1,none
efficientnet_b4,ILSVRC2012_val_00003754.JPEG,n03761084,651,651,0.08770682,1,imagenet_c,defocus_blur,1,none
efficientnet_b4,ILSVRC2012_val_00004485.JPEG,n03761084,651,651,0.13403293,1,imagenet_c,defocus_blur,1,none
efficientnet_b4,ILSVRC2012_val_00005324.JPEG,n03761084,651,851,0.3944499,0,imagenet_c,defocus_blur,1,none
efficientnet_b4,ILSVRC2012_val_00007943.JPEG,n03761084,651,651,0.5570659,1,imagenet_c,defocus_blur,1,none
efficientnet_b4,ILSVRC2012_val_00008253.JPEG,n03761084,651,651,0.29852265,1,imagenet_c,defocus_blur,1,none
efficientnet_b4,ILSVRC2012_val_00008779.JPEG,n03761084,651,651,0.45182517,1,imagenet_c,defocus_blur,1,none
efficientnet_b4,ILSVRC2012_val_00009531.JPEG,n03761084,651,651,0.49669498,1,imagenet_c,defocus_blur,1,none
efficientnet_b4,ILSVRC2012_val_00012790.JPEG,n03761084,651,651,0.26103488,1,imagenet_c,defocus_blur,1,none
efficientnet_b4,ILSVRC2012_val_00013197.JPEG,n03761084,651,651,0.3768246,1,imagenet_c,defocus_blur,1,none
efficientnet_b4,ILSVRC2012_val_00015115.JPEG,n03761084,651,530,0.34175074,0,imagenet_c,defocus_blur,1,none
efficientnet_b4,ILSVRC2012_val_00015519.JPEG,n03761084,651,762,0.02553821,0,imagenet_c,defocus_blur,1,none
efficientnet_b4,ILSVRC2012_val_00017051.JPEG,n03761084,651,532,0.12448237,0,imagenet_c,defocus_blur,1,none
efficientnet_b4,ILSVRC2012_val_00019437.JPEG,n03761084,651,651,0.27831557,1,imagenet_c,defocus_blur,1,none
efficientnet_b4,ILSVRC2012_val_00020448.JPEG,n03761084,651,532,0.25400266,0,imagenet_c,defocus_blur,1,none
efficientnet_b4,ILSVRC2012_val_00020457.JPEG,n03761084,651,651,0.5587123,1,imagenet_c,defocus_blur,1,none
efficientnet_b4,ILSVRC2012_val_00021354.JPEG,n03761084,651,684,0.20795478,0,imagenet_c,defocus_blur,1,none
efficientnet_b4,ILSVRC2012_val_00022020.JPEG,n03761084,651,651,0.721941,1,imagenet_c,defocus_blur,1,none
efficientnet_b4,ILSVRC2012_val_00022272.JPEG,n03761084,651,651,0.74408996,1,imagenet_c,defocus_blur,1,none
efficientnet_b4,ILSVRC2012_val_00022991.JPEG,n03761084,651,651,0.26698583,1,imagenet_c,defocus_blur,1,none
efficientnet_b4,ILSVRC2012_val_00023629.JPEG,n03761084,651,651,0.5672901,1,imagenet_c,defocus_blur,1,none
efficientnet_b4,ILSVRC2012_val_00025505.JPEG,n03761084,651,651,0.5802445,1,imagenet_c,defocus_blur,1,none
efficientnet_b4,ILSVRC2012_val_00026735.JPEG,n03761084,651,651,0.41911212,1,imagenet_c,defocus_blur,1,none
efficientnet_b4,ILSVRC2012_val_00027917.JPEG,n03761084,651,651,0.46468896,1,imagenet_c,defocus_blur,1,none
efficientnet_b4,ILSVRC2012_val_00028554.JPEG,n03761084,651,651,0.6439048,1,imagenet_c,defocus_blur,1,none
efficientnet_b4,ILSVRC2012_val_00029757.JPEG,n03761084,651,691,0.098429926,0,imagenet_c,defocus_blur,1,none
efficientnet_b4,ILSVRC2012_val_00029968.JPEG,n03761084,651,760,0.3024102,0,imagenet_c,defocus_blur,1,none
efficientnet_b4,ILSVRC2012_val_00030645.JPEG,n03761084,651,651,0.63846636,1,imagenet_c,defocus_blur,1,none
efficientnet_b4,ILSVRC2012_val_00031780.JPEG,n03761084,651,651,0.20980968,1,imagenet_c,defocus_blur,1,none
efficientnet_b4,ILSVRC2012_val_00033830.JPEG,n03761084,651,651,0.2537063,1,imagenet_c,defocus_blur,1,none
efficientnet_b4,ILSVRC2012_val_00034707.JPEG,n03761084,651,651,0.42636046,1,imagenet_c,defocus_blur,1,none
efficientnet_b4,ILSVRC2012_val_00035152.JPEG,n03761084,651,651,0.1411155,1,imagenet_c,defocus_blur,1,none
efficientnet_b4,ILSVRC2012_val_00035302.JPEG,n03761084,651,651,0.37204295,1,imagenet_c,defocus_blur,1,none
efficientnet_b4,ILSVRC2012_val_00035732.JPEG,n03761084,651,530,0.17909941,0,imagenet_c,defocus_blur,1,none
efficientnet_b4,ILSVRC2012_val_00036104.JPEG,n03761084,651,651,0.26648295,1,imagenet_c,defocus_blur,1,none
efficientnet_b4,ILSVRC2012_val_00036638.JPEG,n03761084,651,827,0.49046016,0,imagenet_c,defocus_blur,1,none
efficientnet_b4,ILSVRC2012_val_00037721.JPEG,n03761084,651,651,0.78293175,1,imagenet_c,defocus_blur,1,none
efficientnet_b4,ILSVRC2012_val_00038692.JPEG,n03761084,651,651,0.18871613,1,imagenet_c,defocus_blur,1,none
efficientnet_b4,ILSVRC2012_val_00038763.JPEG,n03761084,651,651,0.84674525,1,imagenet_c,defocus_blur,1,none
efficientnet_b4,ILSVRC2012_val_00039006.JPEG,n03761084,651,918,0.10494899,0,imagenet_c,defocus_blur,1,none
efficientnet_b4,ILSVRC2012_val_00039433.JPEG,n03761084,651,651,0.6629488,1,imagenet_c,defocus_blur,1,none
efficientnet_b4,ILSVRC2012_val_00039480.JPEG,n03761084,651,651,0.3859027,1,imagenet_c,defocus_blur,1,none
efficientnet_b4,ILSVRC2012_val_00042348.JPEG,n03761084,651,651,0.5040312,1,imagenet_c,defocus_blur,1,none
efficientnet_b4,ILSVRC2012_val_00042691.JPEG,n03761084,651,480,0.1042165,0,imagenet_c,defocus_blur,1,none
efficientnet_b4,ILSVRC2012_val_00043542.JPEG,n03761084,651,894,0.30020875,0,imagenet_c,defocus_blur,1,none
efficientnet_b4,ILSVRC2012_val_00045008.JPEG,n03761084,651,651,0.276196,1,imagenet_c,defocus_blur,1,none
efficientnet_b4,ILSVRC2012_val_00046890.JPEG,n03761084,651,651,0.5012882,1,imagenet_c,defocus_blur,1,none
efficientnet_b4,ILSVRC2012_val_00047421.JPEG,n03761084,651,754,0.11086399,0,imagenet_c,defocus_blur,1,none
efficientnet_b4,ILSVRC2012_val_00048947.JPEG,n03761084,651,692,0.07060192,0,imagenet_c,defocus_blur,1,none
efficientnet_b4,ILSVRC2012_val_00003199.JPEG,n03763968,652,652,0.26125726,1,imagenet_c,defocus_blur,1,none
efficientnet_b4,ILSVRC2012_val_00004707.JPEG,n03763968,652,652,0.45493123,1,imagenet_c,defocus_blur,1,none
efficientnet_b4,ILSVRC2012_val_00005024.JPEG,n03763968,652,652,0.23319106,1,imagenet_c,defocus_blur,1,none
efficientnet_b4,ILSVRC2012_val_00006443.JPEG,n03763968,652,652,0.5098594,1,imagenet_c,defocus_blur,1,none
efficientnet_b4,ILSVRC2012_val_00007715.JPEG,n03763968,652,660,0.087952405,0,imagenet_c,defocus_blur,1,none
efficientnet_b4,ILSVRC2012_val_00008107.JPEG,n03763968,652,715,0.5712641,0,imagenet_c,defocus_blur,1,none
efficientnet_b4,ILSVRC2012_val_00009230.JPEG,n03763968,652,465,0.17875458,0,imagenet_c,defocus_blur,1,none
efficientnet_b4,ILSVRC2012_val_00009798.JPEG,n03763968,652,652,0.5282439,1,imagenet_c,defocus_blur,1,none
efficientnet_b4,ILSVRC2012_val_00010475.JPEG,n03763968,652,586,0.30285048,0,imagenet_c,defocus_blur,1,none
efficientnet_b4,ILSVRC2012_val_00011906.JPEG,n03763968,652,413,0.14028588,0,imagenet_c,defocus_blur,1,none
efficientnet_b4,ILSVRC2012_val_00012158.JPEG,n03763968,652,652,0.045675885,1,imagenet_c,defocus_blur,1,none
efficientnet_b4,ILSVRC2012_val_00013572.JPEG,n03763968,652,715,0.19377683,0,imagenet_c,defocus_blur,1,none
efficientnet_b4,ILSVRC2012_val_00014202.JPEG,n03763968,652,523,0.078397945,0,imagenet_c,defocus_blur,1,none
efficientnet_b4,ILSVRC2012_val_00014842.JPEG,n03763968,652,652,0.10351115,1,imagenet_c,defocus_blur,1,none
efficientnet_b4,ILSVRC2012_val_00015469.JPEG,n03763968,652,847,0.30635205,0,imagenet_c,defocus_blur,1,none
efficientnet_b4,ILSVRC2012_val_00016657.JPEG,n03763968,652,834,0.56979525,0,imagenet_c,defocus_blur,1,none
efficientnet_b4,ILSVRC2012_val_00016793.JPEG,n03763968,652,652,0.38665733,1,imagenet_c,defocus_blur,1,none
efficientnet_b4,ILSVRC2012_val_00020405.JPEG,n03763968,652,652,0.76546776,1,imagenet_c,defocus_blur,1,none
efficientnet_b4,ILSVRC2012_val_00020808.JPEG,n03763968,652,652,0.7054632,1,imagenet_c,defocus_blur,1,none
efficientnet_b4,ILSVRC2012_val_00020898.JPEG,n03763968,652,872,0.14296396,0,imagenet_c,defocus_blur,1,none
efficientnet_b4,ILSVRC2012_val_00021391.JPEG,n03763968,652,400,0.2597845,0,imagenet_c,defocus_blur,1,none
efficientnet_b4,ILSVRC2012_val_00021649.JPEG,n03763968,652,413,0.23589754,0,imagenet_c,defocus_blur,1,none
efficientnet_b4,ILSVRC2012_val_00022279.JPEG,n03763968,652,614,0.069801696,0,imagenet_c,defocus_blur,1,none
efficientnet_b4,ILSVRC2012_val_00022356.JPEG,n03763968,652,413,0.47548673,0,imagenet_c,defocus_blur,1,none
efficientnet_b4,ILSVRC2012_val_00024662.JPEG,n03763968,652,652,0.15754907,1,imagenet_c,defocus_blur,1,none
efficientnet_b4,ILSVRC2012_val_00025565.JPEG,n03763968,652,652,0.27930182,1,imagenet_c,defocus_blur,1,none
efficientnet_b4,ILSVRC2012_val_00026233.JPEG,n03763968,652,715,0.45211312,0,imagenet_c,defocus_blur,1,none
efficientnet_b4,ILSVRC2012_val_00028662.JPEG,n03763968,652,603,0.18829705,0,imagenet_c,defocus_blur,1,none
efficientnet_b4,ILSVRC2012_val_00029575.JPEG,n03763968,652,413,0.1585731,0,imagenet_c,defocus_blur,1,none
efficientnet_b4,ILSVRC2012_val_00030032.JPEG,n03763968,652,652,0.46685296,1,imagenet_c,defocus_blur,1,none
efficientnet_b4,ILSVRC2012_val_00031265.JPEG,n03763968,652,522,0.037343625,0,imagenet_c,defocus_blur,1,none
efficientnet_b4,ILSVRC2012_val_00033402.JPEG,n03763968,652,715,0.1866579,0,imagenet_c,defocus_blur,1,none
efficientnet_b4,ILSVRC2012_val_00033643.JPEG,n03763968,652,743,0.06277518,0,imagenet_c,defocus_blur,1,none
efficientnet_b4,ILSVRC2012_val_00033957.JPEG,n03763968,652,652,0.19626795,1,imagenet_c,defocus_blur,1,none
efficientnet_b4,ILSVRC2012_val_00038094.JPEG,n03763968,652,652,0.15792944,1,imagenet_c,defocus_blur,1,none
efficientnet_b4,ILSVRC2012_val_00039116.JPEG,n03763968,652,715,0.22598475,0,imagenet_c,defocus_blur,1,none
efficientnet_b4,ILSVRC2012_val_00040966.JPEG,n03763968,652,652,0.3123697,1,imagenet_c,defocus_blur,1,none
efficientnet_b4,ILSVRC2012_val_00041428.JPEG,n03763968,652,870,0.036945056,0,imagenet_c,defocus_blur,1,none
efficientnet_b4,ILSVRC2012_val_00042877.JPEG,n03763968,652,652,0.13989812,1,imagenet_c,defocus_blur,1,none
efficientnet_b4,ILSVRC2012_val_00043198.JPEG,n03763968,652,652,0.2989612,1,imagenet_c,defocus_blur,1,none
efficientnet_b4,ILSVRC2012_val_00043287.JPEG,n03763968,652,652,0.54548115,1,imagenet_c,defocus_blur,1,none
efficientnet_b4,ILSVRC2012_val_00044291.JPEG,n03763968,652,860,0.30151257,0,imagenet_c,defocus_blur,1,none
efficientnet_b4,ILSVRC2012_val_00045190.JPEG,n03763968,652,537,0.04581101,0,imagenet_c,defocus_blur,1,none
efficientnet_b4,ILSVRC2012_val_00045526.JPEG,n03763968,652,0,0.059739493,0,imagenet_c,defocus_blur,1,none
efficientnet_b4,ILSVRC2012_val_00046359.JPEG,n03763968,652,652,0.41622597,1,imagenet_c,defocus_blur,1,none
efficientnet_b4,ILSVRC2012_val_00047013.JPEG,n03763968,652,652,0.5336416,1,imagenet_c,defocus_blur,1,none
efficientnet_b4,ILSVRC2012_val_00047985.JPEG,n03763968,652,639,0.08281924,0,imagenet_c,defocus_blur,1,none
efficientnet_b4,ILSVRC2012_val_00048381.JPEG,n03763968,652,830,0.06133931,0,imagenet_c,defocus_blur,1,none
efficientnet_b4,ILSVRC2012_val_00049402.JPEG,n03763968,652,652,0.2826101,1,imagenet_c,defocus_blur,1,none
efficientnet_b4,ILSVRC2012_val_00049540.JPEG,n03763968,652,652,0.23646492,1,imagenet_c,defocus_blur,1,none
efficientnet_b4,ILSVRC2012_val_00001170.JPEG,n03764736,653,653,0.57276946,1,imagenet_c,defocus_blur,1,none
efficientnet_b4,ILSVRC2012_val_00001522.JPEG,n03764736,653,866,0.07569897,0,imagenet_c,defocus_blur,1,none
efficientnet_b4,ILSVRC2012_val_00001770.JPEG,n03764736,653,603,0.3612473,0,imagenet_c,defocus_blur,1,none
efficientnet_b4,ILSVRC2012_val_00002113.JPEG,n03764736,653,653,0.11202434,1,imagenet_c,defocus_blur,1,none
efficientnet_b4,ILSVRC2012_val_00002470.JPEG,n03764736,653,653,0.62284213,1,imagenet_c,defocus_blur,1,none
efficientnet_b4,ILSVRC2012_val_00003141.JPEG,n03764736,653,653,0.534427,1,imagenet_c,defocus_blur,1,none
efficientnet_b4,ILSVRC2012_val_00004043.JPEG,n03764736,653,653,0.774553,1,imagenet_c,defocus_blur,1,none
efficientnet_b4,ILSVRC2012_val_00005478.JPEG,n03764736,653,653,0.62779945,1,imagenet_c,defocus_blur,1,none
efficientnet_b4,ILSVRC2012_val_00006557.JPEG,n03764736,653,493,0.1930129,0,imagenet_c,defocus_blur,1,none
efficientnet_b4,ILSVRC2012_val_00007442.JPEG,n03764736,653,653,0.6512658,1,imagenet_c,defocus_blur,1,none
efficientnet_b4,ILSVRC2012_val_00008291.JPEG,n03764736,653,653,0.77349585,1,imagenet_c,defocus_blur,1,none
efficientnet_b4,ILSVRC2012_val_00008765.JPEG,n03764736,653,665,0.18335283,0,imagenet_c,defocus_blur,1,none
efficientnet_b4,ILSVRC2012_val_00010506.JPEG,n03764736,653,653,0.27745023,1,imagenet_c,defocus_blur,1,none
efficientnet_b4,ILSVRC2012_val_00011115.JPEG,n03764736,653,653,0.0870039,1,imagenet_c,defocus_blur,1,none
efficientnet_b4,ILSVRC2012_val_00011648.JPEG,n03764736,653,653,0.6006108,1,imagenet_c,defocus_blur,1,none
efficientnet_b4,ILSVRC2012_val_00013680.JPEG,n03764736,653,898,0.11131147,0,imagenet_c,defocus_blur,1,none
efficientnet_b4,ILSVRC2012_val_00014868.JPEG,n03764736,653,653,0.4907839,1,imagenet_c,defocus_blur,1,none
efficientnet_b4,ILSVRC2012_val_00015009.JPEG,n03764736,653,503,0.28651556,0,imagenet_c,defocus_blur,1,none
efficientnet_b4,ILSVRC2012_val_00018193.JPEG,n03764736,653,653,0.6794365,1,imagenet_c,defocus_blur,1,none
efficientnet_b4,ILSVRC2012_val_00018209.JPEG,n03764736,653,653,0.2617954,1,imagenet_c,defocus_blur,1,none
efficientnet_b4,ILSVRC2012_val_00020505.JPEG,n03764736,653,653,0.5969443,1,imagenet_c,defocus_blur,1,none
efficientnet_b4,ILSVRC2012_val_00020546.JPEG,n03764736,653,756,0.1696339,0,imagenet_c,defocus_blur,1,none
efficientnet_b4,ILSVRC2012_val_00021194.JPEG,n03764736,653,653,0.54852104,1,imagenet_c,defocus_blur,1,none
efficientnet_b4,ILSVRC2012_val_00021965.JPEG,n03764736,653,653,0.51890314,1,imagenet_c,defocus_blur,1,none
efficientnet_b4,ILSVRC2012_val_00022235.JPEG,n03764736,653,428,0.25209838,0,imagenet_c,defocus_blur,1,none
efficientnet_b4,ILSVRC2012_val_00026080.JPEG,n03764736,653,488,0.17497747,0,imagenet_c,defocus_blur,1,none
efficientnet_b4,ILSVRC2012_val_00026864.JPEG,n03764736,653,653,0.40632394,1,imagenet_c,defocus_blur,1,none
efficientnet_b4,ILSVRC2012_val_00027957.JPEG,n03764736,653,690,0.16625382,0,imagenet_c,defocus_blur,1,none
efficientnet_b4,ILSVRC2012_val_00028377.JPEG,n03764736,653,653,0.3505384,1,imagenet_c,defocus_blur,1,none
efficientnet_b4,ILSVRC2012_val_00031700.JPEG,n03764736,653,653,0.6448067,1,imagenet_c,defocus_blur,1,none
efficientnet_b4,ILSVRC2012_val_00032660.JPEG,n03764736,653,653,0.5539919,1,imagenet_c,defocus_blur,1,none
efficientnet_b4,ILSVRC2012_val_00033374.JPEG,n03764736,653,653,0.7213879,1,imagenet_c,defocus_blur,1,none
efficientnet_b4,ILSVRC2012_val_00034285.JPEG,n03764736,653,653,0.9064925,1,imagenet_c,defocus_blur,1,none
efficientnet_b4,ILSVRC2012_val_00034439.JPEG,n03764736,653,882,0.24138807,0,imagenet_c,defocus_blur,1,none
efficientnet_b4,ILSVRC2012_val_00036896.JPEG,n03764736,653,653,0.6742247,1,imagenet_c,defocus_blur,1,none
efficientnet_b4,ILSVRC2012_val_00037170.JPEG,n03764736,653,653,0.87404966,1,imagenet_c,defocus_blur,1,none
efficientnet_b4,ILSVRC2012_val_00037732.JPEG,n03764736,653,653,0.7671586,1,imagenet_c,defocus_blur,1,none
efficientnet_b4,ILSVRC2012_val_00037823.JPEG,n03764736,653,653,0.64758676,1,imagenet_c,defocus_blur,1,none
efficientnet_b4,ILSVRC2012_val_00037844.JPEG,n03764736,653,653,0.35659572,1,imagenet_c,defocus_blur,1,none
efficientnet_b4,ILSVRC2012_val_00042980.JPEG,n03764736,653,503,0.30447727,0,imagenet_c,defocus_blur,1,none
efficientnet_b4,ILSVRC2012_val_00043102.JPEG,n03764736,653,653,0.60154694,1,imagenet_c,defocus_blur,1,none
efficientnet_b4,ILSVRC2012_val_00043790.JPEG,n03764736,653,653,0.65594685,1,imagenet_c,defocus_blur,1,none
efficientnet_b4,ILSVRC2012_val_00044392.JPEG,n03764736,653,653,0.64636546,1,imagenet_c,defocus_blur,1,none
efficientnet_b4,ILSVRC2012_val_00046787.JPEG,n03764736,653,653,0.15371725,1,imagenet_c,defocus_blur,1,none
efficientnet_b4,ILSVRC2012_val_00047368.JPEG,n03764736,653,653,0.59720695,1,imagenet_c,defocus_blur,1,none
efficientnet_b4,ILSVRC2012_val_00047798.JPEG,n03764736,653,653,0.49598488,1,imagenet_c,defocus_blur,1,none
efficientnet_b4,ILSVRC2012_val_00047982.JPEG,n03764736,653,653,0.7962862,1,imagenet_c,defocus_blur,1,none
efficientnet_b4,ILSVRC2012_val_00048918.JPEG,n03764736,653,653,0.40357465,1,imagenet_c,defocus_blur,1,none
efficientnet_b4,ILSVRC2012_val_00049506.JPEG,n03764736,653,653,0.6136261,1,imagenet_c,defocus_blur,1,none
efficientnet_b4,ILSVRC2012_val_00049507.JPEG,n03764736,653,653,0.7214785,1,imagenet_c,defocus_blur,1,none
efficientnet_b4,ILSVRC2012_val_00000314.JPEG,n03769881,654,654,0.5027797,1,imagenet_c,defocus_blur,1,none
efficientnet_b4,ILSVRC2012_val_00000793.JPEG,n03769881,654,654,0.7250707,1,imagenet_c,defocus_blur,1,none
efficientnet_b4,ILSVRC2012_val_00001178.JPEG,n03769881,654,654,0.5327537,1,imagenet_c,defocus_blur,1,none
efficientnet_b4,ILSVRC2012_val_00001207.JPEG,n03769881,654,654,0.7531168,1,imagenet_c,defocus_blur,1,none
efficientnet_b4,ILSVRC2012_val_00001403.JPEG,n03769881,654,468,0.28730416,0,imagenet_c,defocus_blur,1,none
efficientnet_b4,ILSVRC2012_val_00002327.JPEG,n03769881,654,654,0.6501671,1,imagenet_c,defocus_blur,1,none
efficientnet_b4,ILSVRC2012_val_00004866.JPEG,n03769881,654,654,0.5416756,1,imagenet_c,defocus_blur,1,none
efficientnet_b4,ILSVRC2012_val_00004950.JPEG,n03769881,654,654,0.643579,1,imagenet_c,defocus_blur,1,none
efficientnet_b4,ILSVRC2012_val_00005606.JPEG,n03769881,654,654,0.7081252,1,imagenet_c,defocus_blur,1,none
efficientnet_b4,ILSVRC2012_val_00007633.JPEG,n03769881,654,654,0.53700167,1,imagenet_c,defocus_blur,1,none
efficientnet_b4,ILSVRC2012_val_00008195.JPEG,n03769881,654,654,0.5715938,1,imagenet_c,defocus_blur,1,none
efficientnet_b4,ILSVRC2012_val_00010027.JPEG,n03769881,654,654,0.7365194,1,imagenet_c,defocus_blur,1,none
efficientnet_b4,ILSVRC2012_val_00010881.JPEG,n03769881,654,654,0.56389517,1,imagenet_c,defocus_blur,1,none
efficientnet_b4,ILSVRC2012_val_00010968.JPEG,n03769881,654,654,0.60671926,1,imagenet_c,defocus_blur,1,none
efficientnet_b4,ILSVRC2012_val_00011715.JPEG,n03769881,654,654,0.5258542,1,imagenet_c,defocus_blur,1,none
efficientnet_b4,ILSVRC2012_val_00012374.JPEG,n03769881,654,654,0.7867915,1,imagenet_c,defocus_blur,1,none
efficientnet_b4,ILSVRC2012_val_00012837.JPEG,n03769881,654,654,0.6769571,1,imagenet_c,defocus_blur,1,none
efficientnet_b4,ILSVRC2012_val_00012953.JPEG,n03769881,654,654,0.6493361,1,imagenet_c,defocus_blur,1,none
efficientnet_b4,ILSVRC2012_val_00013455.JPEG,n03769881,654,654,0.7124916,1,imagenet_c,defocus_blur,1,none
efficientnet_b4,ILSVRC2012_val_00017651.JPEG,n03769881,654,654,0.29024374,1,imagenet_c,defocus_blur,1,none
efficientnet_b4,ILSVRC2012_val_00021324.JPEG,n03769881,654,654,0.37155765,1,imagenet_c,defocus_blur,1,none
efficientnet_b4,ILSVRC2012_val_00022551.JPEG,n03769881,654,654,0.6673424,1,imagenet_c,defocus_blur,1,none
efficientnet_b4,ILSVRC2012_val_00024201.JPEG,n03769881,654,654,0.3041643,1,imagenet_c,defocus_blur,1,none
efficientnet_b4,ILSVRC2012_val_00024788.JPEG,n03769881,654,575,0.21093464,0,imagenet_c,defocus_blur,1,none
efficientnet_b4,ILSVRC2012_val_00027080.JPEG,n03769881,654,654,0.573122,1,imagenet_c,defocus_blur,1,none
efficientnet_b4,ILSVRC2012_val_00027157.JPEG,n03769881,654,654,0.6552915,1,imagenet_c,defocus_blur,1,none
efficientnet_b4,ILSVRC2012_val_00027191.JPEG,n03769881,654,654,0.3201038,1,imagenet_c,defocus_blur,1,none
efficientnet_b4,ILSVRC2012_val_00027393.JPEG,n03769881,654,654,0.26643586,1,imagenet_c,defocus_blur,1,none
efficientnet_b4,ILSVRC2012_val_00030789.JPEG,n03769881,654,654,0.43006152,1,imagenet_c,defocus_blur,1,none
efficientnet_b4,ILSVRC2012_val_00031349.JPEG,n03769881,654,654,0.66480094,1,imagenet_c,defocus_blur,1,none
efficientnet_b4,ILSVRC2012_val_00031610.JPEG,n03769881,654,654,0.43825522,1,imagenet_c,defocus_blur,1,none
efficientnet_b4,ILSVRC2012_val_00032382.JPEG,n03769881,654,407,0.045125186,0,imagenet_c,defocus_blur,1,none
efficientnet_b4,ILSVRC2012_val_00033143.JPEG,n03769881,654,654,0.26211467,1,imagenet_c,defocus_blur,1,none
efficientnet_b4,ILSVRC2012_val_00035193.JPEG,n03769881,654,654,0.7080189,1,imagenet_c,defocus_blur,1,none
efficientnet_b4,ILSVRC2012_val_00035663.JPEG,n03769881,654,407,0.3972122,0,imagenet_c,defocus_blur,1,none
efficientnet_b4,ILSVRC2012_val_00036564.JPEG,n03769881,654,654,0.7346641,1,imagenet_c,defocus_blur,1,none
efficientnet_b4,ILSVRC2012_val_00036750.JPEG,n03769881,654,654,0.5072783,1,imagenet_c,defocus_blur,1,none
efficientnet_b4,ILSVRC2012_val_00037159.JPEG,n03769881,654,654,0.7041821,1,imagenet_c,defocus_blur,1,none
efficientnet_b4,ILSVRC2012_val_00037883.JPEG,n03769881,654,654,0.26184258,1,imagenet_c,defocus_blur,1,none
efficientnet_b4,ILSVRC2012_val_00040459.JPEG,n03769881,654,654,0.71589196,1,imagenet_c,defocus_blur,1,none
efficientnet_b4,ILSVRC2012_val_00041906.JPEG,n03769881,654,627,0.7014695,0,imagenet_c,defocus_blur,1,none
efficientnet_b4,ILSVRC2012_val_00042007.JPEG,n03769881,654,675,0.51463693,0,imagenet_c,defocus_blur,1,none
efficientnet_b4,ILSVRC2012_val_00042688.JPEG,n03769881,654,654,0.66252,1,imagenet_c,defocus_blur,1,none
efficientnet_b4,ILSVRC2012_val_00043105.JPEG,n03769881,654,654,0.15003952,1,imagenet_c,defocus_blur,1,none
efficientnet_b4,ILSVRC2012_val_00044350.JPEG,n03769881,654,654,0.5782375,1,imagenet_c,defocus_blur,1,none
efficientnet_b4,ILSVRC2012_val_00046424.JPEG,n03769881,654,654,0.47613585,1,imagenet_c,defocus_blur,1,none
efficientnet_b4,ILSVRC2012_val_00046641.JPEG,n03769881,654,654,0.71426123,1,imagenet_c,defocus_blur,1,none
efficientnet_b4,ILSVRC2012_val_00046854.JPEG,n03769881,654,654,0.5207131,1,imagenet_c,defocus_blur,1,none
efficientnet_b4,ILSVRC2012_val_00049177.JPEG,n03769881,654,779,0.5873449,0,imagenet_c,defocus_blur,1,none
efficientnet_b4,ILSVRC2012_val_00049225.JPEG,n03769881,654,654,0.75213355,1,imagenet_c,defocus_blur,1,none
efficientnet_b4,ILSVRC2012_val_00001192.JPEG,n03770439,655,461,0.068592556,0,imagenet_c,defocus_blur,1,none
efficientnet_b4,ILSVRC2012_val_00002702.JPEG,n03770439,655,836,0.057103157,0,imagenet_c,defocus_blur,1,none
efficientnet_b4,ILSVRC2012_val_00003742.JPEG,n03770439,655,702,0.45198965,0,imagenet_c,defocus_blur,1,none
efficientnet_b4,ILSVRC2012_val_00005391.JPEG,n03770439,655,890,0.2833055,0,imagenet_c,defocus_blur,1,none
efficientnet_b4,ILSVRC2012_val_00006000.JPEG,n03770439,655,843,0.22916323,0,imagenet_c,defocus_blur,1,none
efficientnet_b4,ILSVRC2012_val_00006164.JPEG,n03770439,655,689,0.14260006,0,imagenet_c,defocus_blur,1,none
efficientnet_b4,ILSVRC2012_val_00008063.JPEG,n03770439,655,655,0.71338874,1,imagenet_c,defocus_blur,1,none
efficientnet_b4,ILSVRC2012_val_00009135.JPEG,n03770439,655,534,0.10425826,0,imagenet_c,defocus_blur,1,none
efficientnet_b4,ILSVRC2012_val_00010375.JPEG,n03770439,655,583,0.16858442,0,imagenet_c,defocus_blur,1,none
efficientnet_b4,ILSVRC2012_val_00010493.JPEG,n03770439,655,681,0.096280985,0,imagenet_c,defocus_blur,1,none
efficientnet_b4,ILSVRC2012_val_00011367.JPEG,n03770439,655,433,0.041677874,0,imagenet_c,defocus_blur,1,none
efficientnet_b4,ILSVRC2012_val_00012362.JPEG,n03770439,655,460,0.09865313,0,imagenet_c,defocus_blur,1,none
efficientnet_b4,ILSVRC2012_val_00012737.JPEG,n03770439,655,655,0.12123367,1,imagenet_c,defocus_blur,1,none
efficientnet_b4,ILSVRC2012_val_00012776.JPEG,n03770439,655,747,0.3933876,0,imagenet_c,defocus_blur,1,none
efficientnet_b4,ILSVRC2012_val_00013597.JPEG,n03770439,655,655,0.2801575,1,imagenet_c,defocus_blur,1,none
efficientnet_b4,ILSVRC2012_val_00014113.JPEG,n03770439,655,419,0.08393087,0,imagenet_c,defocus_blur,1,none
efficientnet_b4,ILSVRC2012_val_00014221.JPEG,n03770439,655,655,0.15037298,1,imagenet_c,defocus_blur,1,none
efficientnet_b4,ILSVRC2012_val_00014618.JPEG,n03770439,655,655,0.24752171,1,imagenet_c,defocus_blur,1,none
efficientnet_b4,ILSVRC2012_val_00016482.JPEG,n03770439,655,702,0.10612288,0,imagenet_c,defocus_blur,1,none
efficientnet_b4,ILSVRC2012_val_00016619.JPEG,n03770439,655,655,0.13792184,1,imagenet_c,defocus_blur,1,none
efficientnet_b4,ILSVRC2012_val_00017136.JPEG,n03770439,655,880,0.047170874,0,imagenet_c,defocus_blur,1,none
efficientnet_b4,ILSVRC2012_val_00018416.JPEG,n03770439,655,655,0.41708604,1,imagenet_c,defocus_blur,1,none
efficientnet_b4,ILSVRC2012_val_00018583.JPEG,n03770439,655,226,0.033296164,0,imagenet_c,defocus_blur,1,none
efficientnet_b4,ILSVRC2012_val_00019005.JPEG,n03770439,655,702,0.10767922,0,imagenet_c,defocus_blur,1,none
efficientnet_b4,ILSVRC2012_val_00019298.JPEG,n03770439,655,422,0.09028709,0,imagenet_c,defocus_blur,1,none
efficientnet_b4,ILSVRC2012_val_00019644.JPEG,n03770439,655,834,0.13478951,0,imagenet_c,defocus_blur,1,none
efficientnet_b4,ILSVRC2012_val_00020532.JPEG,n03770439,655,655,0.17438455,1,imagenet_c,defocus_blur,1,none
efficientnet_b4,ILSVRC2012_val_00020862.JPEG,n03770439,655,655,0.44139418,1,imagenet_c,defocus_blur,1,none
efficientnet_b4,ILSVRC2012_val_00022703.JPEG,n03770439,655,880,0.049865626,0,imagenet_c,defocus_blur,1,none
efficientnet_b4,ILSVRC2012_val_00023712.JPEG,n03770439,655,862,0.15469165,0,imagenet_c,defocus_blur,1,none
efficientnet_b4,ILSVRC2012_val_00024418.JPEG,n03770439,655,578,0.07807616,0,imagenet_c,defocus_blur,1,none
efficientnet_b4,ILSVRC2012_val_00027436.JPEG,n03770439,655,689,0.28677502,0,imagenet_c,defocus_blur,1,none
efficientnet_b4,ILSVRC2012_val_00031174.JPEG,n03770439,655,433,0.07524208,0,imagenet_c,defocus_blur,1,none
efficientnet_b4,ILSVRC2012_val_00032294.JPEG,n03770439,655,805,0.12793638,0,imagenet_c,defocus_blur,1,none
efficientnet_b4,ILSVRC2012_val_00034072.JPEG,n03770439,655,615,0.089041136,0,imagenet_c,defocus_blur,1,none
efficientnet_b4,ILSVRC2012_val_00034389.JPEG,n03770439,655,655,0.16036843,1,imagenet_c,defocus_blur,1,none
efficientnet_b4,ILSVRC2012_val_00035350.JPEG,n03770439,655,264,0.04429823,0,imagenet_c,defocus_blur,1,none
efficientnet_b4,ILSVRC2012_val_00037504.JPEG,n03770439,655,534,0.09086307,0,imagenet_c,defocus_blur,1,none
efficientnet_b4,ILSVRC2012_val_00037570.JPEG,n03770439,655,655,0.09223674,1,imagenet_c,defocus_blur,1,none
efficientnet_b4,ILSVRC2012_val_00038008.JPEG,n03770439,655,655,0.10554718,1,imagenet_c,defocus_blur,1,none
efficientnet_b4,ILSVRC2012_val_00039491.JPEG,n03770439,655,655,0.32189322,1,imagenet_c,defocus_blur,1,none
efficientnet_b4,ILSVRC2012_val_00040108.JPEG,n03770439,655,655,0.53885597,1,imagenet_c,defocus_blur,1,none
efficientnet_b4,ILSVRC2012_val_00041915.JPEG,n03770439,655,416,0.05464634,0,imagenet_c,defocus_blur,1,none
efficientnet_b4,ILSVRC2012_val_00042096.JPEG,n03770439,655,430,0.10294189,0,imagenet_c,defocus_blur,1,none
efficientnet_b4,ILSVRC2012_val_00044830.JPEG,n03770439,655,917,0.33747834,0,imagenet_c,defocus_blur,1,none
efficientnet_b4,ILSVRC2012_val_00045468.JPEG,n03770439,655,655,0.3858479,1,imagenet_c,defocus_blur,1,none
efficientnet_b4,ILSVRC2012_val_00046676.JPEG,n03770439,655,655,0.07292816,1,imagenet_c,defocus_blur,1,none
efficientnet_b4,ILSVRC2012_val_00047629.JPEG,n03770439,655,444,0.09633068,0,imagenet_c,defocus_blur,1,none
efficientnet_b4,ILSVRC2012_val_00047661.JPEG,n03770439,655,655,0.057734624,1,imagenet_c,defocus_blur,1,none
efficientnet_b4,ILSVRC2012_val_00049078.JPEG,n03770439,655,797,0.2584596,0,imagenet_c,defocus_blur,1,none
efficientnet_b4,ILSVRC2012_val_00001722.JPEG,n03770679,656,656,0.14547935,1,imagenet_c,defocus_blur,1,none
efficientnet_b4,ILSVRC2012_val_00003107.JPEG,n03770679,656,656,0.40217257,1,imagenet_c,defocus_blur,1,none
efficientnet_b4,ILSVRC2012_val_00004552.JPEG,n03770679,656,656,0.297222,1,imagenet_c,defocus_blur,1,none
efficientnet_b4,ILSVRC2012_val_00004700.JPEG,n03770679,656,656,0.36054507,1,imagenet_c,defocus_blur,1,none
efficientnet_b4,ILSVRC2012_val_00005862.JPEG,n03770679,656,436,0.15399525,0,imagenet_c,defocus_blur,1,none
efficientnet_b4,ILSVRC2012_val_00006759.JPEG,n03770679,656,920,0.1772459,0,imagenet_c,defocus_blur,1,none
efficientnet_b4,ILSVRC2012_val_00007374.JPEG,n03770679,656,656,0.053906865,1,imagenet_c,defocus_blur,1,none
efficientnet_b4,ILSVRC2012_val_00008139.JPEG,n03770679,656,208,0.2665598,0,imagenet_c,defocus_blur,1,none
efficientnet_b4,ILSVRC2012_val_00010587.JPEG,n03770679,656,654,0.243452,0,imagenet_c,defocus_blur,1,none
efficientnet_b4,ILSVRC2012_val_00012490.JPEG,n03770679,656,656,0.22840473,1,imagenet_c,defocus_blur,1,none
efficientnet_b4,ILSVRC2012_val_00013253.JPEG,n03770679,656,656,0.3342273,1,imagenet_c,defocus_blur,1,none
efficientnet_b4,ILSVRC2012_val_00013466.JPEG,n03770679,656,468,0.23011604,0,imagenet_c,defocus_blur,1,none
efficientnet_b4,ILSVRC2012_val_00013987.JPEG,n03770679,656,656,0.19599222,1,imagenet_c,defocus_blur,1,none
efficientnet_b4,ILSVRC2012_val_00014140.JPEG,n03770679,656,654,0.54436374,0,imagenet_c,defocus_blur,1,none
efficientnet_b4,ILSVRC2012_val_00015295.JPEG,n03770679,656,407,0.6041296,0,imagenet_c,defocus_blur,1,none
efficientnet_b4,ILSVRC2012_val_00016053.JPEG,n03770679,656,656,0.36897674,1,imagenet_c,defocus_blur,1,none
efficientnet_b4,ILSVRC2012_val_00016431.JPEG,n03770679,656,870,0.037118647,0,imagenet_c,defocus_blur,1,none
efficientnet_b4,ILSVRC2012_val_00016492.JPEG,n03770679,656,656,0.54587305,1,imagenet_c,defocus_blur,1,none
efficientnet_b4,ILSVRC2012_val_00016527.JPEG,n03770679,656,436,0.069066875,0,imagenet_c,defocus_blur,1,none
efficientnet_b4,ILSVRC2012_val_00018360.JPEG,n03770679,656,654,0.5616058,0,imagenet_c,defocus_blur,1,none
efficientnet_b4,ILSVRC2012_val_00018768.JPEG,n03770679,656,654,0.40021056,0,imagenet_c,defocus_blur,1,none
efficientnet_b4,ILSVRC2012_val_00022654.JPEG,n03770679,656,627,0.38228992,0,imagenet_c,defocus_blur,1,none
efficientnet_b4,ILSVRC2012_val_00023556.JPEG,n03770679,656,656,0.34301743,1,imagenet_c,defocus_blur,1,none
efficientnet_b4,ILSVRC2012_val_00024170.JPEG,n03770679,656,656,0.6928217,1,imagenet_c,defocus_blur,1,none
efficientnet_b4,ILSVRC2012_val_00024550.JPEG,n03770679,656,656,0.12860996,1,imagenet_c,defocus_blur,1,none
efficientnet_b4,ILSVRC2012_val_00026907.JPEG,n03770679,656,436,0.14966202,0,imagenet_c,defocus_blur,1,none
efficientnet_b4,ILSVRC2012_val_00027151.JPEG,n03770679,656,660,0.15927996,0,imagenet_c,defocus_blur,1,none
efficientnet_b4,ILSVRC2012_val_00031088.JPEG,n03770679,656,685,0.11624877,0,imagenet_c,defocus_blur,1,none
efficientnet_b4,ILSVRC2012_val_00031770.JPEG,n03770679,656,656,0.14235201,1,imagenet_c,defocus_blur,1,none
efficientnet_b4,ILSVRC2012_val_00032338.JPEG,n03770679,656,436,0.07303987,0,imagenet_c,defocus_blur,1,none
efficientnet_b4,ILSVRC2012_val_00032380.JPEG,n03770679,656,436,0.3126063,0,imagenet_c,defocus_blur,1,none
efficientnet_b4,ILSVRC2012_val_00034281.JPEG,n03770679,656,734,0.20498094,0,imagenet_c,defocus_blur,1,none
efficientnet_b4,ILSVRC2012_val_00034591.JPEG,n03770679,656,475,0.1903776,0,imagenet_c,defocus_blur,1,none
efficientnet_b4,ILSVRC2012_val_00035864.JPEG,n03770679,656,656,0.20433278,1,imagenet_c,defocus_blur,1,none
efficientnet_b4,ILSVRC2012_val_00037492.JPEG,n03770679,656,656,0.6700234,1,imagenet_c,defocus_blur,1,none
efficientnet_b4,ILSVRC2012_val_00037829.JPEG,n03770679,656,751,0.13397947,0,imagenet_c,defocus_blur,1,none
efficientnet_b4,ILSVRC2012_val_00038133.JPEG,n03770679,656,436,0.15114698,0,imagenet_c,defocus_blur,1,none
efficientnet_b4,ILSVRC2012_val_00040154.JPEG,n03770679,656,436,0.113043144,0,imagenet_c,defocus_blur,1,none
efficientnet_b4,ILSVRC2012_val_00041154.JPEG,n03770679,656,468,0.3500334,0,imagenet_c,defocus_blur,1,none
efficientnet_b4,ILSVRC2012_val_00041846.JPEG,n03770679,656,436,0.16797753,0,imagenet_c,defocus_blur,1,none
efficientnet_b4,ILSVRC2012_val_00042351.JPEG,n03770679,656,656,0.23970541,1,imagenet_c,defocus_blur,1,none
efficientnet_b4,ILSVRC2012_val_00043939.JPEG,n03770679,656,468,0.094529055,0,imagenet_c,defocus_blur,1,none
efficientnet_b4,ILSVRC2012_val_00044089.JPEG,n03770679,656,479,0.06990346,0,imagenet_c,defocus_blur,1,none
efficientnet_b4,ILSVRC2012_val_00044664.JPEG,n03770679,656,675,0.66484886,0,imagenet_c,defocus_blur,1,none
efficientnet_b4,ILSVRC2012_val_00045148.JPEG,n03770679,656,436,0.29883972,0,imagenet_c,defocus_blur,1,none
efficientnet_b4,ILSVRC2012_val_00045492.JPEG,n03770679,656,436,0.30819324,0,imagenet_c,defocus_blur,1,none
efficientnet_b4,ILSVRC2012_val_00046793.JPEG,n03770679,656,656,0.7366048,1,imagenet_c,defocus_blur,1,none
efficientnet_b4,ILSVRC2012_val_00047910.JPEG,n03770679,656,479,0.05507773,0,imagenet_c,defocus_blur,1,none
efficientnet_b4,ILSVRC2012_val_00048444.JPEG,n03770679,656,675,0.16498284,0,imagenet_c,defocus_blur,1,none
efficientnet_b4,ILSVRC2012_val_00048610.JPEG,n03770679,656,627,0.113663994,0,imagenet_c,defocus_blur,1,none
efficientnet_b4,ILSVRC2012_val_00000700.JPEG,n03773504,657,657,0.22523318,1,imagenet_c,defocus_blur,1,none
efficientnet_b4,ILSVRC2012_val_00001525.JPEG,n03773504,657,744,0.37748495,0,imagenet_c,defocus_blur,1,none
efficientnet_b4,ILSVRC2012_val_00003914.JPEG,n03773504,657,629,0.43016243,0,imagenet_c,defocus_blur,1,none
efficientnet_b4,ILSVRC2012_val_00006816.JPEG,n03773504,657,657,0.34160817,1,imagenet_c,defocus_blur,1,none
efficientnet_b4,ILSVRC2012_val_00006868.JPEG,n03773504,657,471,0.34810698,0,imagenet_c,defocus_blur,1,none
efficientnet_b4,ILSVRC2012_val_00006965.JPEG,n03773504,657,884,0.21538197,0,imagenet_c,defocus_blur,1,none
efficientnet_b4,ILSVRC2012_val_00008010.JPEG,n03773504,657,418,0.2779257,0,imagenet_c,defocus_blur,1,none
efficientnet_b4,ILSVRC2012_val_00010073.JPEG,n03773504,657,744,0.30438763,0,imagenet_c,defocus_blur,1,none
efficientnet_b4,ILSVRC2012_val_00010189.JPEG,n03773504,657,744,0.2463448,0,imagenet_c,defocus_blur,1,none
efficientnet_b4,ILSVRC2012_val_00010724.JPEG,n03773504,657,657,0.24353941,1,imagenet_c,defocus_blur,1,none
efficientnet_b4,ILSVRC2012_val_00011438.JPEG,n03773504,657,744,0.28385228,0,imagenet_c,defocus_blur,1,none
efficientnet_b4,ILSVRC2012_val_00011773.JPEG,n03773504,657,895,0.11782412,0,imagenet_c,defocus_blur,1,none
efficientnet_b4,ILSVRC2012_val_00012289.JPEG,n03773504,657,657,0.33347577,1,imagenet_c,defocus_blur,1,none
efficientnet_b4,ILSVRC2012_val_00012495.JPEG,n03773504,657,812,0.35347918,0,imagenet_c,defocus_blur,1,none
efficientnet_b4,ILSVRC2012_val_00015813.JPEG,n03773504,657,744,0.039630797,0,imagenet_c,defocus_blur,1,none
efficientnet_b4,ILSVRC2012_val_00016588.JPEG,n03773504,657,895,0.03447578,0,imagenet_c,defocus_blur,1,none
efficientnet_b4,ILSVRC2012_val_00016766.JPEG,n03773504,657,895,0.16326976,0,imagenet_c,defocus_blur,1,none
efficientnet_b4,ILSVRC2012_val_00016894.JPEG,n03773504,657,701,0.13677274,0,imagenet_c,defocus_blur,1,none
efficientnet_b4,ILSVRC2012_val_00016927.JPEG,n03773504,657,744,0.37929842,0,imagenet_c,defocus_blur,1,none
efficientnet_b4,ILSVRC2012_val_00017386.JPEG,n03773504,657,657,0.3461468,1,imagenet_c,defocus_blur,1,none
efficientnet_b4,ILSVRC2012_val_00019081.JPEG,n03773504,657,744,0.37014788,0,imagenet_c,defocus_blur,1,none
efficientnet_b4,ILSVRC2012_val_00020413.JPEG,n03773504,657,744,0.20627531,0,imagenet_c,defocus_blur,1,none
efficientnet_b4,ILSVRC2012_val_00021235.JPEG,n03773504,657,744,0.32227606,0,imagenet_c,defocus_blur,1,none
efficientnet_b4,ILSVRC2012_val_00021466.JPEG,n03773504,657,744,0.49004626,0,imagenet_c,defocus_blur,1,none
efficientnet_b4,ILSVRC2012_val_00022433.JPEG,n03773504,657,812,0.36657658,0,imagenet_c,defocus_blur,1,none
efficientnet_b4,ILSVRC2012_val_00023537.JPEG,n03773504,657,744,0.2905101,0,imagenet_c,defocus_blur,1,none
efficientnet_b4,ILSVRC2012_val_00024028.JPEG,n03773504,657,744,0.32243785,0,imagenet_c,defocus_blur,1,none
efficientnet_b4,ILSVRC2012_val_00024286.JPEG,n03773504,657,682,0.55500454,0,imagenet_c,defocus_blur,1,none
efficientnet_b4,ILSVRC2012_val_00025097.JPEG,n03773504,657,475,0.47676876,0,imagenet_c,defocus_blur,1,none
efficientnet_b4,ILSVRC2012_val_00025264.JPEG,n03773504,657,408,0.42936012,0,imagenet_c,defocus_blur,1,none
efficientnet_b4,ILSVRC2012_val_00026052.JPEG,n03773504,657,744,0.45611754,0,imagenet_c,defocus_blur,1,none
efficientnet_b4,ILSVRC2012_val_00026876.JPEG,n03773504,657,744,0.41337243,0,imagenet_c,defocus_blur,1,none
efficientnet_b4,ILSVRC2012_val_00026955.JPEG,n03773504,657,744,0.3381178,0,imagenet_c,defocus_blur,1,none
efficientnet_b4,ILSVRC2012_val_00027130.JPEG,n03773504,657,657,0.34431455,1,imagenet_c,defocus_blur,1,none
efficientnet_b4,ILSVRC2012_val_00028905.JPEG,n03773504,657,744,0.30805734,0,imagenet_c,defocus_blur,1,none
efficientnet_b4,ILSVRC2012_val_00029135.JPEG,n03773504,657,542,0.055526525,0,imagenet_c,defocus_blur,1,none
efficientnet_b4,ILSVRC2012_val_00031503.JPEG,n03773504,657,657,0.347379,1,imagenet_c,defocus_blur,1,none
efficientnet_b4,ILSVRC2012_val_00031707.JPEG,n03773504,657,657,0.22460772,1,imagenet_c,defocus_blur,1,none
efficientnet_b4,ILSVRC2012_val_00031940.JPEG,n03773504,657,744,0.12597516,0,imagenet_c,defocus_blur,1,none
efficientnet_b4,ILSVRC2012_val_00033144.JPEG,n03773504,657,657,0.36263564,1,imagenet_c,defocus_blur,1,none
efficientnet_b4,ILSVRC2012_val_00033306.JPEG,n03773504,657,657,0.28233093,1,imagenet_c,defocus_blur,1,none
efficientnet_b4,ILSVRC2012_val_00037619.JPEG,n03773504,657,744,0.38077447,0,imagenet_c,defocus_blur,1,none
efficientnet_b4,ILSVRC2012_val_00037919.JPEG,n03773504,657,744,0.30712444,0,imagenet_c,defocus_blur,1,none
efficientnet_b4,ILSVRC2012_val_00038198.JPEG,n03773504,657,744,0.23579311,0,imagenet_c,defocus_blur,1,none
efficientnet_b4,ILSVRC2012_val_00039609.JPEG,n03773504,657,744,0.25760776,0,imagenet_c,defocus_blur,1,none
efficientnet_b4,ILSVRC2012_val_00042034.JPEG,n03773504,657,744,0.30248037,0,imagenet_c,defocus_blur,1,none
efficientnet_b4,ILSVRC2012_val_00045982.JPEG,n03773504,657,657,0.2949769,1,imagenet_c,defocus_blur,1,none
efficientnet_b4,ILSVRC2012_val_00046125.JPEG,n03773504,657,657,0.37421015,1,imagenet_c,defocus_blur,1,none
efficientnet_b4,ILSVRC2012_val_00047508.JPEG,n03773504,657,657,0.3938597,1,imagenet_c,defocus_blur,1,none
efficientnet_b4,ILSVRC2012_val_00049002.JPEG,n03773504,657,744,0.5141125,0,imagenet_c,defocus_blur,1,none
efficientnet_b4,ILSVRC2012_val_00001574.JPEG,n03775071,658,658,0.7159336,1,imagenet_c,defocus_blur,1,none
efficientnet_b4,ILSVRC2012_val_00002123.JPEG,n03775071,658,658,0.6559603,1,imagenet_c,defocus_blur,1,none
efficientnet_b4,ILSVRC2012_val_00002420.JPEG,n03775071,658,552,0.16753335,0,imagenet_c,defocus_blur,1,none
efficientnet_b4,ILSVRC2012_val_00006140.JPEG,n03775071,658,658,0.7437919,1,imagenet_c,defocus_blur,1,none
efficientnet_b4,ILSVRC2012_val_00008503.JPEG,n03775071,658,714,0.43719897,0,imagenet_c,defocus_blur,1,none
efficientnet_b4,ILSVRC2012_val_00013118.JPEG,n03775071,658,658,0.750792,1,imagenet_c,defocus_blur,1,none
efficientnet_b4,ILSVRC2012_val_00014326.JPEG,n03775071,658,658,0.1577662,1,imagenet_c,defocus_blur,1,none
efficientnet_b4,ILSVRC2012_val_00014685.JPEG,n03775071,658,898,0.1442091,0,imagenet_c,defocus_blur,1,none
efficientnet_b4,ILSVRC2012_val_00015151.JPEG,n03775071,658,411,0.10261041,0,imagenet_c,defocus_blur,1,none
efficientnet_b4,ILSVRC2012_val_00015588.JPEG,n03775071,658,658,0.6104801,1,imagenet_c,defocus_blur,1,none
efficientnet_b4,ILSVRC2012_val_00015921.JPEG,n03775071,658,658,0.24183403,1,imagenet_c,defocus_blur,1,none
efficientnet_b4,ILSVRC2012_val_00016004.JPEG,n03775071,658,658,0.39507326,1,imagenet_c,defocus_blur,1,none
efficientnet_b4,ILSVRC2012_val_00016219.JPEG,n03775071,658,747,0.09494335,0,imagenet_c,defocus_blur,1,none
efficientnet_b4,ILSVRC2012_val_00016272.JPEG,n03775071,658,496,0.20932913,0,imagenet_c,defocus_blur,1,none
efficientnet_b4,ILSVRC2012_val_00018880.JPEG,n03775071,658,658,0.4702978,1,imagenet_c,defocus_blur,1,none
efficientnet_b4,ILSVRC2012_val_00019606.JPEG,n03775071,658,824,0.13758849,0,imagenet_c,defocus_blur,1,none
efficientnet_b4,ILSVRC2012_val_00019745.JPEG,n03775071,658,658,0.6158173,1,imagenet_c,defocus_blur,1,none
efficientnet_b4,ILSVRC2012_val_00021460.JPEG,n03775071,658,658,0.63777006,1,imagenet_c,defocus_blur,1,none
efficientnet_b4,ILSVRC2012_val_00022216.JPEG,n03775071,658,658,0.24134378,1,imagenet_c,defocus_blur,1,none
efficientnet_b4,ILSVRC2012_val_00023240.JPEG,n03775071,658,797,0.68899465,0,imagenet_c,defocus_blur,1,none
efficientnet_b4,ILSVRC2012_val_00024697.JPEG,n03775071,658,496,0.123632334,0,imagenet_c,defocus_blur,1,none
efficientnet_b4,ILSVRC2012_val_00024804.JPEG,n03775071,658,658,0.6361133,1,imagenet_c,defocus_blur,1,none
efficientnet_b4,ILSVRC2012_val_00025301.JPEG,n03775071,658,658,0.46470225,1,imagenet_c,defocus_blur,1,none
efficientnet_b4,ILSVRC2012_val_00025971.JPEG,n03775071,658,906,0.24334298,0,imagenet_c,defocus_blur,1,none
efficientnet_b4,ILSVRC2012_val_00029731.JPEG,n03775071,658,658,0.4933825,1,imagenet_c,defocus_blur,1,none
efficientnet_b4,ILSVRC2012_val_00030946.JPEG,n03775071,658,658,0.6583361,1,imagenet_c,defocus_blur,1,none
efficientnet_b4,ILSVRC2012_val_00031366.JPEG,n03775071,658,658,0.42021182,1,imagenet_c,defocus_blur,1,none
efficientnet_b4,ILSVRC2012_val_00032184.JPEG,n03775071,658,658,0.6750551,1,imagenet_c,defocus_blur,1,none
efficientnet_b4,ILSVRC2012_val_00032775.JPEG,n03775071,658,658,0.49703753,1,imagenet_c,defocus_blur,1,none
efficientnet_b4,ILSVRC2012_val_00033060.JPEG,n03775071,658,658,0.08762487,1,imagenet_c,defocus_blur,1,none
efficientnet_b4,ILSVRC2012_val_00034524.JPEG,n03775071,658,658,0.18312295,1,imagenet_c,defocus_blur,1,none
efficientnet_b4,ILSVRC2012_val_00035270.JPEG,n03775071,658,658,0.500864,1,imagenet_c,defocus_blur,1,none
efficientnet_b4,ILSVRC2012_val_00035581.JPEG,n03775071,658,911,0.2964364,0,imagenet_c,defocus_blur,1,none
efficientnet_b4,ILSVRC2012_val_00035830.JPEG,n03775071,658,714,0.075938754,0,imagenet_c,defocus_blur,1,none
efficientnet_b4,ILSVRC2012_val_00035992.JPEG,n03775071,658,658,0.44515157,1,imagenet_c,defocus_blur,1,none
efficientnet_b4,ILSVRC2012_val_00036328.JPEG,n03775071,658,949,0.066468224,0,imagenet_c,defocus_blur,1,none
efficientnet_b4,ILSVRC2012_val_00036862.JPEG,n03775071,658,658,0.5835629,1,imagenet_c,defocus_blur,1,none
efficientnet_b4,ILSVRC2012_val_00037281.JPEG,n03775071,658,796,0.32560158,0,imagenet_c,defocus_blur,1,none
efficientnet_b4,ILSVRC2012_val_00037775.JPEG,n03775071,658,658,0.6298458,1,imagenet_c,defocus_blur,1,none
efficientnet_b4,ILSVRC2012_val_00038329.JPEG,n03775071,658,658,0.5665335,1,imagenet_c,defocus_blur,1,none
efficientnet_b4,ILSVRC2012_val_00039575.JPEG,n03775071,658,658,0.5020241,1,imagenet_c,defocus_blur,1,none
efficientnet_b4,ILSVRC2012_val_00039748.JPEG,n03775071,658,413,0.032336228,0,imagenet_c,defocus_blur,1,none
efficientnet_b4,ILSVRC2012_val_00040236.JPEG,n03775071,658,658,0.6474978,1,imagenet_c,defocus_blur,1,none
efficientnet_b4,ILSVRC2012_val_00041132.JPEG,n03775071,658,658,0.49543464,1,imagenet_c,defocus_blur,1,none
efficientnet_b4,ILSVRC2012_val_00044497.JPEG,n03775071,658,496,0.21335407,0,imagenet_c,defocus_blur,1,none
efficientnet_b4,ILSVRC2012_val_00045319.JPEG,n03775071,658,658,0.18067534,1,imagenet_c,defocus_blur,1,none
efficientnet_b4,ILSVRC2012_val_00045882.JPEG,n03775071,658,658,0.3548594,1,imagenet_c,defocus_blur,1,none
efficientnet_b4,ILSVRC2012_val_00047558.JPEG,n03775071,658,658,0.4532239,1,imagenet_c,defocus_blur,1,none
efficientnet_b4,ILSVRC2012_val_00049817.JPEG,n03775071,658,658,0.53685284,1,imagenet_c,defocus_blur,1,none
efficientnet_b4,ILSVRC2012_val_00049880.JPEG,n03775071,658,658,0.5926474,1,imagenet_c,defocus_blur,1,none
efficientnet_b4,ILSVRC2012_val_00000173.JPEG,n03775546,659,659,0.60431135,1,imagenet_c,defocus_blur,1,none
efficientnet_b4,ILSVRC2012_val_00004196.JPEG,n03775546,659,659,0.718079,1,imagenet_c,defocus_blur,1,none
efficientnet_b4,ILSVRC2012_val_00004313.JPEG,n03775546,659,659,0.06436805,1,imagenet_c,defocus_blur,1,none
efficientnet_b4,ILSVRC2012_val_00005159.JPEG,n03775546,659,659,0.45435527,1,imagenet_c,defocus_blur,1,none
efficientnet_b4,ILSVRC2012_val_00005835.JPEG,n03775546,659,659,0.74261594,1,imagenet_c,defocus_blur,1,none
efficientnet_b4,ILSVRC2012_val_00006621.JPEG,n03775546,659,659,0.51986593,1,imagenet_c,defocus_blur,1,none
efficientnet_b4,ILSVRC2012_val_00006688.JPEG,n03775546,659,809,0.2880526,0,imagenet_c,defocus_blur,1,none
efficientnet_b4,ILSVRC2012_val_00011309.JPEG,n03775546,659,659,0.63036835,1,imagenet_c,defocus_blur,1,none
efficientnet_b4,ILSVRC2012_val_00013180.JPEG,n03775546,659,659,0.6317414,1,imagenet_c,defocus_blur,1,none
efficientnet_b4,ILSVRC2012_val_00013396.JPEG,n03775546,659,659,0.11210352,1,imagenet_c,defocus_blur,1,none
efficientnet_b4,ILSVRC2012_val_00013468.JPEG,n03775546,659,659,0.7343596,1,imagenet_c,defocus_blur,1,none
efficientnet_b4,ILSVRC2012_val_00014758.JPEG,n03775546,659,659,0.61847454,1,imagenet_c,defocus_blur,1,none
efficientnet_b4,ILSVRC2012_val_00016381.JPEG,n03775546,659,659,0.5866139,1,imagenet_c,defocus_blur,1,none
efficientnet_b4,ILSVRC2012_val_00016383.JPEG,n03775546,659,659,0.6190424,1,imagenet_c,defocus_blur,1,none
efficientnet_b4,ILSVRC2012_val_00017644.JPEG,n03775546,659,659,0.6628147,1,imagenet_c,defocus_blur,1,none
efficientnet_b4,ILSVRC2012_val_00020580.JPEG,n03775546,659,659,0.6578241,1,imagenet_c,defocus_blur,1,none
efficientnet_b4,ILSVRC2012_val_00020906.JPEG,n03775546,659,659,0.3910531,1,imagenet_c,defocus_blur,1,none
efficientnet_b4,ILSVRC2012_val_00022339.JPEG,n03775546,659,809,0.37137875,0,imagenet_c,defocus_blur,1,none
efficientnet_b4,ILSVRC2012_val_00022647.JPEG,n03775546,659,659,0.6767626,1,imagenet_c,defocus_blur,1,none
efficientnet_b4,ILSVRC2012_val_00022884.JPEG,n03775546,659,659,0.65308845,1,imagenet_c,defocus_blur,1,none
efficientnet_b4,ILSVRC2012_val_00025316.JPEG,n03775546,659,659,0.17914668,1,imagenet_c,defocus_blur,1,none
efficientnet_b4,ILSVRC2012_val_00026744.JPEG,n03775546,659,659,0.18570268,1,imagenet_c,defocus_blur,1,none
efficientnet_b4,ILSVRC2012_val_00028147.JPEG,n03775546,659,659,0.15713766,1,imagenet_c,defocus_blur,1,none
efficientnet_b4,ILSVRC2012_val_00028444.JPEG,n03775546,659,925,0.17712079,0,imagenet_c,defocus_blur,1,none
efficientnet_b4,ILSVRC2012_val_00028446.JPEG,n03775546,659,659,0.61881095,1,imagenet_c,defocus_blur,1,none
efficientnet_b4,ILSVRC2012_val_00028647.JPEG,n03775546,659,659,0.5883028,1,imagenet_c,defocus_blur,1,none
efficientnet_b4,ILSVRC2012_val_00029554.JPEG,n03775546,659,968,0.15055706,0,imagenet_c,defocus_blur,1,none
efficientnet_b4,ILSVRC2012_val_00029594.JPEG,n03775546,659,659,0.37571403,1,imagenet_c,defocus_blur,1,none
efficientnet_b4,ILSVRC2012_val_00030108.JPEG,n03775546,659,659,0.8203079,1,imagenet_c,defocus_blur,1,none
efficientnet_b4,ILSVRC2012_val_00030172.JPEG,n03775546,659,659,0.2299775,1,imagenet_c,defocus_blur,1,none
efficientnet_b4,ILSVRC2012_val_00031027.JPEG,n03775546,659,495,0.25030643,0,imagenet_c,defocus_blur,1,none
efficientnet_b4,ILSVRC2012_val_00032236.JPEG,n03775546,659,969,0.1704923,0,imagenet_c,defocus_blur,1,none
efficientnet_b4,ILSVRC2012_val_00032973.JPEG,n03775546,659,659,0.7736303,1,imagenet_c,defocus_blur,1,none
efficientnet_b4,ILSVRC2012_val_00035190.JPEG,n03775546,659,522,0.23854531,0,imagenet_c,defocus_blur,1,none
efficientnet_b4,ILSVRC2012_val_00036518.JPEG,n03775546,659,659,0.64559925,1,imagenet_c,defocus_blur,1,none
efficientnet_b4,ILSVRC2012_val_00037888.JPEG,n03775546,659,712,0.11846686,0,imagenet_c,defocus_blur,1,none
efficientnet_b4,ILSVRC2012_val_00039667.JPEG,n03775546,659,659,0.2389926,1,imagenet_c,defocus_blur,1,none
efficientnet_b4,ILSVRC2012_val_00039920.JPEG,n03775546,659,659,0.689933,1,imagenet_c,defocus_blur,1,none
efficientnet_b4,ILSVRC2012_val_00039930.JPEG,n03775546,659,659,0.67611384,1,imagenet_c,defocus_blur,1,none
efficientnet_b4,ILSVRC2012_val_00040415.JPEG,n03775546,659,659,0.5215661,1,imagenet_c,defocus_blur,1,none
efficientnet_b4,ILSVRC2012_val_00040858.JPEG,n03775546,659,659,0.35047987,1,imagenet_c,defocus_blur,1,none
efficientnet_b4,ILSVRC2012_val_00042695.JPEG,n03775546,659,659,0.64446133,1,imagenet_c,defocus_blur,1,none
efficientnet_b4,ILSVRC2012_val_00043226.JPEG,n03775546,659,659,0.7443513,1,imagenet_c,defocus_blur,1,none
efficientnet_b4,ILSVRC2012_val_00043996.JPEG,n03775546,659,969,0.0796924,0,imagenet_c,defocus_blur,1,none
efficientnet_b4,ILSVRC2012_val_00045421.JPEG,n03775546,659,659,0.39317316,1,imagenet_c,defocus_blur,1,none
efficientnet_b4,ILSVRC2012_val_00046554.JPEG,n03775546,659,659,0.1793448,1,imagenet_c,defocus_blur,1,none
efficientnet_b4,ILSVRC2012_val_00046834.JPEG,n03775546,659,659,0.48829788,1,imagenet_c,defocus_blur,1,none
efficientnet_b4,ILSVRC2012_val_00047849.JPEG,n03775546,659,691,0.5549052,0,imagenet_c,defocus_blur,1,none
efficientnet_b4,ILSVRC2012_val_00048617.JPEG,n03775546,659,659,0.53790545,1,imagenet_c,defocus_blur,1,none
efficientnet_b4,ILSVRC2012_val_00048704.JPEG,n03775546,659,647,0.077008404,0,imagenet_c,defocus_blur,1,none
efficientnet_b4,ILSVRC2012_val_00000254.JPEG,n03776460,660,660,0.5234085,1,imagenet_c,defocus_blur,1,none
efficientnet_b4,ILSVRC2012_val_00001382.JPEG,n03776460,660,660,0.73724616,1,imagenet_c,defocus_blur,1,none
efficientnet_b4,ILSVRC2012_val_00001631.JPEG,n03776460,660,976,0.058249317,0,imagenet_c,defocus_blur,1,none
efficientnet_b4,ILSVRC2012_val_00003704.JPEG,n03776460,660,660,0.44803253,1,imagenet_c,defocus_blur,1,none
efficientnet_b4,ILSVRC2012_val_00004607.JPEG,n03776460,660,870,0.14685792,0,imagenet_c,defocus_blur,1,none
efficientnet_b4,ILSVRC2012_val_00005878.JPEG,n03776460,660,660,0.40847713,1,imagenet_c,defocus_blur,1,none
efficientnet_b4,ILSVRC2012_val_00009264.JPEG,n03776460,660,660,0.62238914,1,imagenet_c,defocus_blur,1,none
efficientnet_b4,ILSVRC2012_val_00009552.JPEG,n03776460,660,705,0.46989042,0,imagenet_c,defocus_blur,1,none
efficientnet_b4,ILSVRC2012_val_00009641.JPEG,n03776460,660,660,0.48155648,1,imagenet_c,defocus_blur,1,none
efficientnet_b4,ILSVRC2012_val_00012900.JPEG,n03776460,660,660,0.66736066,1,imagenet_c,defocus_blur,1,none
efficientnet_b4,ILSVRC2012_val_00013909.JPEG,n03776460,660,660,0.19103786,1,imagenet_c,defocus_blur,1,none
efficientnet_b4,ILSVRC2012_val_00014431.JPEG,n03776460,660,660,0.19635946,1,imagenet_c,defocus_blur,1,none
efficientnet_b4,ILSVRC2012_val_00016516.JPEG,n03776460,660,757,0.101836026,0,imagenet_c,defocus_blur,1,none
efficientnet_b4,ILSVRC2012_val_00017181.JPEG,n03776460,660,660,0.39654925,1,imagenet_c,defocus_blur,1,none
efficientnet_b4,ILSVRC2012_val_00018462.JPEG,n03776460,660,660,0.7996827,1,imagenet_c,defocus_blur,1,none
efficientnet_b4,ILSVRC2012_val_00020024.JPEG,n03776460,660,660,0.26971516,1,imagenet_c,defocus_blur,1,none
efficientnet_b4,ILSVRC2012_val_00020127.JPEG,n03776460,660,675,0.3915962,0,imagenet_c,defocus_blur,1,none
efficientnet_b4,ILSVRC2012_val_00020472.JPEG,n03776460,660,660,0.59800017,1,imagenet_c,defocus_blur,1,none
efficientnet_b4,ILSVRC2012_val_00021328.JPEG,n03776460,660,660,0.657078,1,imagenet_c,defocus_blur,1,none
efficientnet_b4,ILSVRC2012_val_00022673.JPEG,n03776460,660,660,0.5691926,1,imagenet_c,defocus_blur,1,none
efficientnet_b4,ILSVRC2012_val_00023455.JPEG,n03776460,660,660,0.6778178,1,imagenet_c,defocus_blur,1,none
efficientnet_b4,ILSVRC2012_val_00024263.JPEG,n03776460,660,660,0.43112075,1,imagenet_c,defocus_blur,1,none
efficientnet_b4,ILSVRC2012_val_00024703.JPEG,n03776460,660,9,0.04436523,0,imagenet_c,defocus_blur,1,none
efficientnet_b4,ILSVRC2012_val_00024871.JPEG,n03776460,660,660,0.597491,1,imagenet_c,defocus_blur,1,none
efficientnet_b4,ILSVRC2012_val_00025319.JPEG,n03776460,660,475,0.36479393,0,imagenet_c,defocus_blur,1,none
efficientnet_b4,ILSVRC2012_val_00025332.JPEG,n03776460,660,660,0.6963561,1,imagenet_c,defocus_blur,1,none
efficientnet_b4,ILSVRC2012_val_00026255.JPEG,n03776460,660,660,0.69344443,1,imagenet_c,defocus_blur,1,none
efficientnet_b4,ILSVRC2012_val_00026878.JPEG,n03776460,660,660,0.28150222,1,imagenet_c,defocus_blur,1,none
efficientnet_b4,ILSVRC2012_val_00027887.JPEG,n03776460,660,660,0.48499632,1,imagenet_c,defocus_blur,1,none
efficientnet_b4,ILSVRC2012_val_00028000.JPEG,n03776460,660,660,0.7484184,1,imagenet_c,defocus_blur,1,none
efficientnet_b4,ILSVRC2012_val_00028237.JPEG,n03776460,660,660,0.5999282,1,imagenet_c,defocus_blur,1,none
efficientnet_b4,ILSVRC2012_val_00028369.JPEG,n03776460,660,660,0.09929972,1,imagenet_c,defocus_blur,1,none
efficientnet_b4,ILSVRC2012_val_00029250.JPEG,n03776460,660,660,0.06495275,1,imagenet_c,defocus_blur,1,none
efficientnet_b4,ILSVRC2012_val_00029643.JPEG,n03776460,660,660,0.2523818,1,imagenet_c,defocus_blur,1,none
efficientnet_b4,ILSVRC2012_val_00034994.JPEG,n03776460,660,660,0.1127541,1,imagenet_c,defocus_blur,1,none
efficientnet_b4,ILSVRC2012_val_00035097.JPEG,n03776460,660,660,0.5607373,1,imagenet_c,defocus_blur,1,none
efficientnet_b4,ILSVRC2012_val_00035978.JPEG,n03776460,660,864,0.36403376,0,imagenet_c,defocus_blur,1,none
efficientnet_b4,ILSVRC2012_val_00036003.JPEG,n03776460,660,660,0.06702978,1,imagenet_c,defocus_blur,1,none
efficientnet_b4,ILSVRC2012_val_00038128.JPEG,n03776460,660,660,0.14922847,1,imagenet_c,defocus_blur,1,none
efficientnet_b4,ILSVRC2012_val_00039128.JPEG,n03776460,660,660,0.68514663,1,imagenet_c,defocus_blur,1,none
efficientnet_b4,ILSVRC2012_val_00039995.JPEG,n03776460,660,660,0.51148623,1,imagenet_c,defocus_blur,1,none
efficientnet_b4,ILSVRC2012_val_00042549.JPEG,n03776460,660,660,0.06163265,1,imagenet_c,defocus_blur,1,none
efficientnet_b4,ILSVRC2012_val_00042950.JPEG,n03776460,660,660,0.7721218,1,imagenet_c,defocus_blur,1,none
efficientnet_b4,ILSVRC2012_val_00043279.JPEG,n03776460,660,913,0.19543388,0,imagenet_c,defocus_blur,1,none
efficientnet_b4,ILSVRC2012_val_00044169.JPEG,n03776460,660,660,0.08511666,1,imagenet_c,defocus_blur,1,none
efficientnet_b4,ILSVRC2012_val_00044721.JPEG,n03776460,660,660,0.23146483,1,imagenet_c,defocus_blur,1,none
efficientnet_b4,ILSVRC2012_val_00045235.JPEG,n03776460,660,660,0.37022924,1,imagenet_c,defocus_blur,1,none
efficientnet_b4,ILSVRC2012_val_00048774.JPEG,n03776460,660,660,0.50677764,1,imagenet_c,defocus_blur,1,none
efficientnet_b4,ILSVRC2012_val_00049745.JPEG,n03776460,660,660,0.7894725,1,imagenet_c,defocus_blur,1,none
efficientnet_b4,ILSVRC2012_val_00049840.JPEG,n03776460,660,555,0.098101616,0,imagenet_c,defocus_blur,1,none
efficientnet_b4,ILSVRC2012_val_00002010.JPEG,n03777568,661,661,0.67985064,1,imagenet_c,defocus_blur,1,none
efficientnet_b4,ILSVRC2012_val_00003473.JPEG,n03777568,661,661,0.81336015,1,imagenet_c,defocus_blur,1,none
efficientnet_b4,ILSVRC2012_val_00003532.JPEG,n03777568,661,661,0.69660884,1,imagenet_c,defocus_blur,1,none
efficientnet_b4,ILSVRC2012_val_00003977.JPEG,n03777568,661,661,0.21194252,1,imagenet_c,defocus_blur,1,none
efficientnet_b4,ILSVRC2012_val_00008754.JPEG,n03777568,661,661,0.5604563,1,imagenet_c,defocus_blur,1,none
efficientnet_b4,ILSVRC2012_val_00009234.JPEG,n03777568,661,661,0.5504422,1,imagenet_c,defocus_blur,1,none
efficientnet_b4,ILSVRC2012_val_00012494.JPEG,n03777568,661,856,0.41270122,0,imagenet_c,defocus_blur,1,none
efficientnet_b4,ILSVRC2012_val_00013544.JPEG,n03777568,661,661,0.22906595,1,imagenet_c,defocus_blur,1,none
efficientnet_b4,ILSVRC2012_val_00013826.JPEG,n03777568,661,661,0.70545703,1,imagenet_c,defocus_blur,1,none
efficientnet_b4,ILSVRC2012_val_00013887.JPEG,n03777568,661,661,0.29664177,1,imagenet_c,defocus_blur,1,none
efficientnet_b4,ILSVRC2012_val_00015974.JPEG,n03777568,661,661,0.39979655,1,imagenet_c,defocus_blur,1,none
efficientnet_b4,ILSVRC2012_val_00016602.JPEG,n03777568,661,661,0.5418007,1,imagenet_c,defocus_blur,1,none
efficientnet_b4,ILSVRC2012_val_00016906.JPEG,n03777568,661,661,0.5475517,1,imagenet_c,defocus_blur,1,none
efficientnet_b4,ILSVRC2012_val_00017586.JPEG,n03777568,661,661,0.6790905,1,imagenet_c,defocus_blur,1,none
efficientnet_b4,ILSVRC2012_val_00019163.JPEG,n03777568,661,661,0.74910444,1,imagenet_c,defocus_blur,1,none
efficientnet_b4,ILSVRC2012_val_00020855.JPEG,n03777568,661,661,0.40368342,1,imagenet_c,defocus_blur,1,none
efficientnet_b4,ILSVRC2012_val_00021159.JPEG,n03777568,661,661,0.63538086,1,imagenet_c,defocus_blur,1,none
efficientnet_b4,ILSVRC2012_val_00021280.JPEG,n03777568,661,661,0.7869445,1,imagenet_c,defocus_blur,1,none
efficientnet_b4,ILSVRC2012_val_00022129.JPEG,n03777568,661,661,0.72952473,1,imagenet_c,defocus_blur,1,none
efficientnet_b4,ILSVRC2012_val_00022145.JPEG,n03777568,661,661,0.66489786,1,imagenet_c,defocus_blur,1,none
efficientnet_b4,ILSVRC2012_val_00022158.JPEG,n03777568,661,661,0.57875925,1,imagenet_c,defocus_blur,1,none
efficientnet_b4,ILSVRC2012_val_00023313.JPEG,n03777568,661,661,0.112747766,1,imagenet_c,defocus_blur,1,none
efficientnet_b4,ILSVRC2012_val_00025896.JPEG,n03777568,661,661,0.5135816,1,imagenet_c,defocus_blur,1,none
efficientnet_b4,ILSVRC2012_val_00026352.JPEG,n03777568,661,573,0.13460939,0,imagenet_c,defocus_blur,1,none
efficientnet_b4,ILSVRC2012_val_00026792.JPEG,n03777568,661,661,0.62720203,1,imagenet_c,defocus_blur,1,none
efficientnet_b4,ILSVRC2012_val_00028447.JPEG,n03777568,661,661,0.7312804,1,imagenet_c,defocus_blur,1,none
efficientnet_b4,ILSVRC2012_val_00029553.JPEG,n03777568,661,661,0.6562954,1,imagenet_c,defocus_blur,1,none
efficientnet_b4,ILSVRC2012_val_00029647.JPEG,n03777568,661,661,0.6101626,1,imagenet_c,defocus_blur,1,none
efficientnet_b4,ILSVRC2012_val_00029873.JPEG,n03777568,661,661,0.4080246,1,imagenet_c,defocus_blur,1,none
efficientnet_b4,ILSVRC2012_val_00031739.JPEG,n03777568,661,661,0.7083039,1,imagenet_c,defocus_blur,1,none
efficientnet_b4,ILSVRC2012_val_00033109.JPEG,n03777568,661,661,0.6343118,1,imagenet_c,defocus_blur,1,none
efficientnet_b4,ILSVRC2012_val_00033491.JPEG,n03777568,661,661,0.588859,1,imagenet_c,defocus_blur,1,none
efficientnet_b4,ILSVRC2012_val_00033828.JPEG,n03777568,661,661,0.6489475,1,imagenet_c,defocus_blur,1,none
efficientnet_b4,ILSVRC2012_val_00034074.JPEG,n03777568,661,661,0.59586596,1,imagenet_c,defocus_blur,1,none
efficientnet_b4,ILSVRC2012_val_00035539.JPEG,n03777568,661,661,0.64036554,1,imagenet_c,defocus_blur,1,none
efficientnet_b4,ILSVRC2012_val_00036820.JPEG,n03777568,661,661,0.43476003,1,imagenet_c,defocus_blur,1,none
efficientnet_b4,ILSVRC2012_val_00037180.JPEG,n03777568,661,661,0.33464,1,imagenet_c,defocus_blur,1,none
efficientnet_b4,ILSVRC2012_val_00039051.JPEG,n03777568,661,661,0.3767271,1,imagenet_c,defocus_blur,1,none
efficientnet_b4,ILSVRC2012_val_00039198.JPEG,n03777568,661,661,0.6228529,1,imagenet_c,defocus_blur,1,none
efficientnet_b4,ILSVRC2012_val_00040137.JPEG,n03777568,661,661,0.5121254,1,imagenet_c,defocus_blur,1,none
efficientnet_b4,ILSVRC2012_val_00042761.JPEG,n03777568,661,661,0.57839245,1,imagenet_c,defocus_blur,1,none
efficientnet_b4,ILSVRC2012_val_00042791.JPEG,n03777568,661,575,0.11126623,0,imagenet_c,defocus_blur,1,none
efficientnet_b4,ILSVRC2012_val_00043203.JPEG,n03777568,661,661,0.21993558,1,imagenet_c,defocus_blur,1,none
efficientnet_b4,ILSVRC2012_val_00045312.JPEG,n03777568,661,661,0.5643204,1,imagenet_c,defocus_blur,1,none
efficientnet_b4,ILSVRC2012_val_00047282.JPEG,n03777568,661,661,0.5466378,1,imagenet_c,defocus_blur,1,none
efficientnet_b4,ILSVRC2012_val_00047760.JPEG,n03777568,661,661,0.6350879,1,imagenet_c,defocus_blur,1,none
efficientnet_b4,ILSVRC2012_val_00047881.JPEG,n03777568,661,661,0.28491816,1,imagenet_c,defocus_blur,1,none
efficientnet_b4,ILSVRC2012_val_00047987.JPEG,n03777568,661,661,0.5923183,1,imagenet_c,defocus_blur,1,none
efficientnet_b4,ILSVRC2012_val_00048698.JPEG,n03777568,661,661,0.6339334,1,imagenet_c,defocus_blur,1,none
efficientnet_b4,ILSVRC2012_val_00049034.JPEG,n03777568,661,661,0.5758031,1,imagenet_c,defocus_blur,1,none
efficientnet_b4,ILSVRC2012_val_00000222.JPEG,n03777754,662,662,0.8191552,1,imagenet_c,defocus_blur,1,none
efficientnet_b4,ILSVRC2012_val_00000488.JPEG,n03777754,662,482,0.23023342,0,imagenet_c,defocus_blur,1,none
efficientnet_b4,ILSVRC2012_val_00001373.JPEG,n03777754,662,662,0.28093773,1,imagenet_c,defocus_blur,1,none
efficientnet_b4,ILSVRC2012_val_00002159.JPEG,n03777754,662,662,0.81553966,1,imagenet_c,defocus_blur,1,none
efficientnet_b4,ILSVRC2012_val_00002292.JPEG,n03777754,662,662,0.08548864,1,imagenet_c,defocus_blur,1,none
efficientnet_b4,ILSVRC2012_val_00003373.JPEG,n03777754,662,664,0.131193,0,imagenet_c,defocus_blur,1,none
efficientnet_b4,ILSVRC2012_val_00006412.JPEG,n03777754,662,662,0.18704514,1,imagenet_c,defocus_blur,1,none
efficientnet_b4,ILSVRC2012_val_00007543.JPEG,n03777754,662,844,0.21691453,0,imagenet_c,defocus_blur,1,none
efficientnet_b4,ILSVRC2012_val_00007751.JPEG,n03777754,662,662,0.5359043,1,imagenet_c,defocus_blur,1,none
efficientnet_b4,ILSVRC2012_val_00008248.JPEG,n03777754,662,662,0.22844979,1,imagenet_c,defocus_blur,1,none
efficientnet_b4,ILSVRC2012_val_00011982.JPEG,n03777754,662,891,0.11702933,0,imagenet_c,defocus_blur,1,none
efficientnet_b4,ILSVRC2012_val_00013097.JPEG,n03777754,662,662,0.466691,1,imagenet_c,defocus_blur,1,none
efficientnet_b4,ILSVRC2012_val_00013337.JPEG,n03777754,662,662,0.35121033,1,imagenet_c,defocus_blur,1,none
efficientnet_b4,ILSVRC2012_val_00013480.JPEG,n03777754,662,662,0.37724084,1,imagenet_c,defocus_blur,1,none
efficientnet_b4,ILSVRC2012_val_00017077.JPEG,n03777754,662,662,0.8628803,1,imagenet_c,defocus_blur,1,none
efficientnet_b4,ILSVRC2012_val_00018445.JPEG,n03777754,662,662,0.82131803,1,imagenet_c,defocus_blur,1,none
efficientnet_b4,ILSVRC2012_val_00019161.JPEG,n03777754,662,662,0.40844455,1,imagenet_c,defocus_blur,1,none
efficientnet_b4,ILSVRC2012_val_00020155.JPEG,n03777754,662,662,0.98731685,1,imagenet_c,defocus_blur,1,none
efficientnet_b4,ILSVRC2012_val_00022796.JPEG,n03777754,662,662,0.60212463,1,imagenet_c,defocus_blur,1,none
efficientnet_b4,ILSVRC2012_val_00024018.JPEG,n03777754,662,662,0.62645197,1,imagenet_c,defocus_blur,1,none
efficientnet_b4,ILSVRC2012_val_00024772.JPEG,n03777754,662,662,0.9870849,1,imagenet_c,defocus_blur,1,none
efficientnet_b4,ILSVRC2012_val_00025706.JPEG,n03777754,662,662,0.25958174,1,imagenet_c,defocus_blur,1,none
efficientnet_b4,ILSVRC2012_val_00025779.JPEG,n03777754,662,713,0.27400008,0,imagenet_c,defocus_blur,1,none
efficientnet_b4,ILSVRC2012_val_00026631.JPEG,n03777754,662,662,0.0922944,1,imagenet_c,defocus_blur,1,none
efficientnet_b4,ILSVRC2012_val_00027890.JPEG,n03777754,662,662,0.05273167,1,imagenet_c,defocus_blur,1,none
efficientnet_b4,ILSVRC2012_val_00028466.JPEG,n03777754,662,662,0.30783468,1,imagenet_c,defocus_blur,1,none
efficientnet_b4,ILSVRC2012_val_00029002.JPEG,n03777754,662,526,0.06391409,0,imagenet_c,defocus_blur,1,none
efficientnet_b4,ILSVRC2012_val_00029230.JPEG,n03777754,662,818,0.16991991,0,imagenet_c,defocus_blur,1,none
efficientnet_b4,ILSVRC2012_val_00029857.JPEG,n03777754,662,662,0.31551874,1,imagenet_c,defocus_blur,1,none
efficientnet_b4,ILSVRC2012_val_00031737.JPEG,n03777754,662,662,0.15350027,1,imagenet_c,defocus_blur,1,none
efficientnet_b4,ILSVRC2012_val_00033525.JPEG,n03777754,662,662,0.22541317,1,imagenet_c,defocus_blur,1,none
efficientnet_b4,ILSVRC2012_val_00033556.JPEG,n03777754,662,681,0.30033812,0,imagenet_c,defocus_blur,1,none
efficientnet_b4,ILSVRC2012_val_00033899.JPEG,n03777754,662,485,0.39594665,0,imagenet_c,defocus_blur,1,none
efficientnet_b4,ILSVRC2012_val_00033906.JPEG,n03777754,662,662,0.750954,1,imagenet_c,defocus_blur,1,none
efficientnet_b4,ILSVRC2012_val_00033917.JPEG,n03777754,662,662,0.24876699,1,imagenet_c,defocus_blur,1,none
efficientnet_b4,ILSVRC2012_val_00034423.JPEG,n03777754,662,592,0.1376272,0,imagenet_c,defocus_blur,1,none
efficientnet_b4,ILSVRC2012_val_00038670.JPEG,n03777754,662,571,0.058211017,0,imagenet_c,defocus_blur,1,none
efficientnet_b4,ILSVRC2012_val_00038834.JPEG,n03777754,662,779,0.048776466,0,imagenet_c,defocus_blur,1,none
efficientnet_b4,ILSVRC2012_val_00039134.JPEG,n03777754,662,662,0.46739927,1,imagenet_c,defocus_blur,1,none
efficientnet_b4,ILSVRC2012_val_00039683.JPEG,n03777754,662,589,0.0980405,0,imagenet_c,defocus_blur,1,none
efficientnet_b4,ILSVRC2012_val_00040023.JPEG,n03777754,662,662,0.63489157,1,imagenet_c,defocus_blur,1,none
efficientnet_b4,ILSVRC2012_val_00040760.JPEG,n03777754,662,620,0.08149187,0,imagenet_c,defocus_blur,1,none
efficientnet_b4,ILSVRC2012_val_00042209.JPEG,n03777754,662,662,0.17855735,1,imagenet_c,defocus_blur,1,none
efficientnet_b4,ILSVRC2012_val_00044183.JPEG,n03777754,662,605,0.19381131,0,imagenet_c,defocus_blur,1,none
efficientnet_b4,ILSVRC2012_val_00044245.JPEG,n03777754,662,485,0.076904655,0,imagenet_c,defocus_blur,1,none
efficientnet_b4,ILSVRC2012_val_00044436.JPEG,n03777754,662,662,0.3379876,1,imagenet_c,defocus_blur,1,none
efficientnet_b4,ILSVRC2012_val_00045892.JPEG,n03777754,662,662,0.465084,1,imagenet_c,defocus_blur,1,none
efficientnet_b4,ILSVRC2012_val_00047569.JPEG,n03777754,662,590,0.1659748,0,imagenet_c,defocus_blur,1,none
efficientnet_b4,ILSVRC2012_val_00048137.JPEG,n03777754,662,662,0.5668912,1,imagenet_c,defocus_blur,1,none
efficientnet_b4,ILSVRC2012_val_00048450.JPEG,n03777754,662,662,0.27528122,1,imagenet_c,defocus_blur,1,none
efficientnet_b4,ILSVRC2012_val_00000670.JPEG,n03781244,663,663,0.13934875,1,imagenet_c,defocus_blur,1,none
efficientnet_b4,ILSVRC2012_val_00000812.JPEG,n03781244,663,663,0.75856996,1,imagenet_c,defocus_blur,1,none
efficientnet_b4,ILSVRC2012_val_00002104.JPEG,n03781244,663,663,0.5159117,1,imagenet_c,defocus_blur,1,none
efficientnet_b4,ILSVRC2012_val_00003613.JPEG,n03781244,663,663,0.62298155,1,imagenet_c,defocus_blur,1,none
efficientnet_b4,ILSVRC2012_val_00003701.JPEG,n03781244,663,442,0.28223425,0,imagenet_c,defocus_blur,1,none
efficientnet_b4,ILSVRC2012_val_00005293.JPEG,n03781244,663,442,0.49448112,0,imagenet_c,defocus_blur,1,none
efficientnet_b4,ILSVRC2012_val_00005950.JPEG,n03781244,663,663,0.36201376,1,imagenet_c,defocus_blur,1,none
efficientnet_b4,ILSVRC2012_val_00008109.JPEG,n03781244,663,663,0.35270736,1,imagenet_c,defocus_blur,1,none
efficientnet_b4,ILSVRC2012_val_00008165.JPEG,n03781244,663,887,0.677472,0,imagenet_c,defocus_blur,1,none
efficientnet_b4,ILSVRC2012_val_00008955.JPEG,n03781244,663,663,0.59735984,1,imagenet_c,defocus_blur,1,none
efficientnet_b4,ILSVRC2012_val_00010326.JPEG,n03781244,663,663,0.086594105,1,imagenet_c,defocus_blur,1,none
efficientnet_b4,ILSVRC2012_val_00010547.JPEG,n03781244,663,698,0.2719379,0,imagenet_c,defocus_blur,1,none
efficientnet_b4,ILSVRC2012_val_00011838.JPEG,n03781244,663,663,0.19588661,1,imagenet_c,defocus_blur,1,none
efficientnet_b4,ILSVRC2012_val_00012783.JPEG,n03781244,663,442,0.28610307,0,imagenet_c,defocus_blur,1,none
efficientnet_b4,ILSVRC2012_val_00014077.JPEG,n03781244,663,851,0.15672435,0,imagenet_c,defocus_blur,1,none
efficientnet_b4,ILSVRC2012_val_00016102.JPEG,n03781244,663,663,0.4210188,1,imagenet_c,defocus_blur,1,none
efficientnet_b4,ILSVRC2012_val_00017510.JPEG,n03781244,663,663,0.25503212,1,imagenet_c,defocus_blur,1,none
efficientnet_b4,ILSVRC2012_val_00018366.JPEG,n03781244,663,663,0.1303247,1,imagenet_c,defocus_blur,1,none
efficientnet_b4,ILSVRC2012_val_00018653.JPEG,n03781244,663,663,0.7833524,1,imagenet_c,defocus_blur,1,none
efficientnet_b4,ILSVRC2012_val_00018837.JPEG,n03781244,663,703,0.04160138,0,imagenet_c,defocus_blur,1,none
efficientnet_b4,ILSVRC2012_val_00021768.JPEG,n03781244,663,830,0.053389087,0,imagenet_c,defocus_blur,1,none
efficientnet_b4,ILSVRC2012_val_00022483.JPEG,n03781244,663,663,0.60792804,1,imagenet_c,defocus_blur,1,none
efficientnet_b4,ILSVRC2012_val_00023032.JPEG,n03781244,663,663,0.6173183,1,imagenet_c,defocus_blur,1,none
efficientnet_b4,ILSVRC2012_val_00024251.JPEG,n03781244,663,663,0.38195935,1,imagenet_c,defocus_blur,1,none
efficientnet_b4,ILSVRC2012_val_00025012.JPEG,n03781244,663,663,0.7463955,1,imagenet_c,defocus_blur,1,none
efficientnet_b4,ILSVRC2012_val_00026309.JPEG,n03781244,663,663,0.54311144,1,imagenet_c,defocus_blur,1,none
efficientnet_b4,ILSVRC2012_val_00028195.JPEG,n03781244,663,663,0.67060924,1,imagenet_c,defocus_blur,1,none
efficientnet_b4,ILSVRC2012_val_00028364.JPEG,n03781244,663,888,0.5412525,0,imagenet_c,defocus_blur,1,none
efficientnet_b4,ILSVRC2012_val_00029842.JPEG,n03781244,663,663,0.5866316,1,imagenet_c,defocus_blur,1,none
efficientnet_b4,ILSVRC2012_val_00032245.JPEG,n03781244,663,663,0.110489,1,imagenet_c,defocus_blur,1,none
efficientnet_b4,ILSVRC2012_val_00032569.JPEG,n03781244,663,663,0.069243096,1,imagenet_c,defocus_blur,1,none
efficientnet_b4,ILSVRC2012_val_00033451.JPEG,n03781244,663,972,0.5052673,0,imagenet_c,defocus_blur,1,none
efficientnet_b4,ILSVRC2012_val_00034045.JPEG,n03781244,663,873,0.16217197,0,imagenet_c,defocus_blur,1,none
efficientnet_b4,ILSVRC2012_val_00035772.JPEG,n03781244,663,663,0.17928162,1,imagenet_c,defocus_blur,1,none
efficientnet_b4,ILSVRC2012_val_00036459.JPEG,n03781244,663,663,0.31043655,1,imagenet_c,defocus_blur,1,none
efficientnet_b4,ILSVRC2012_val_00040751.JPEG,n03781244,663,663,0.06687374,1,imagenet_c,defocus_blur,1,none
efficientnet_b4,ILSVRC2012_val_00042508.JPEG,n03781244,663,663,0.34902143,1,imagenet_c,defocus_blur,1,none
efficientnet_b4,ILSVRC2012_val_00043489.JPEG,n03781244,663,663,0.5372578,1,imagenet_c,defocus_blur,1,none
efficientnet_b4,ILSVRC2012_val_00044002.JPEG,n03781244,663,663,0.4622286,1,imagenet_c,defocus_blur,1,none
efficientnet_b4,ILSVRC2012_val_00044594.JPEG,n03781244,663,668,0.18854606,0,imagenet_c,defocus_blur,1,none
efficientnet_b4,ILSVRC2012_val_00045231.JPEG,n03781244,663,663,0.24052225,1,imagenet_c,defocus_blur,1,none
efficientnet_b4,ILSVRC2012_val_00045677.JPEG,n03781244,663,574,0.06788648,0,imagenet_c,defocus_blur,1,none
efficientnet_b4,ILSVRC2012_val_00046502.JPEG,n03781244,663,663,0.56605464,1,imagenet_c,defocus_blur,1,none
efficientnet_b4,ILSVRC2012_val_00047206.JPEG,n03781244,663,406,0.42343554,0,imagenet_c,defocus_blur,1,none
efficientnet_b4,ILSVRC2012_val_00047255.JPEG,n03781244,663,663,0.31419072,1,imagenet_c,defocus_blur,1,none
efficientnet_b4,ILSVRC2012_val_00048369.JPEG,n03781244,663,698,0.3122864,0,imagenet_c,defocus_blur,1,none
efficientnet_b4,ILSVRC2012_val_00048495.JPEG,n03781244,663,350,0.04416849,0,imagenet_c,defocus_blur,1,none
efficientnet_b4,ILSVRC2012_val_00049342.JPEG,n03781244,663,835,0.3524245,0,imagenet_c,defocus_blur,1,none
efficientnet_b4,ILSVRC2012_val_00049439.JPEG,n03781244,663,716,0.2001549,0,imagenet_c,defocus_blur,1,none
efficientnet_b4,ILSVRC2012_val_00049565.JPEG,n03781244,663,698,0.48629272,0,imagenet_c,defocus_blur,1,none
efficientnet_b4,ILSVRC2012_val_00000119.JPEG,n03782006,664,598,0.15762892,0,imagenet_c,defocus_blur,1,none
efficientnet_b4,ILSVRC2012_val_00002089.JPEG,n03782006,664,664,0.39524525,1,imagenet_c,defocus_blur,1,none
efficientnet_b4,ILSVRC2012_val_00002107.JPEG,n03782006,664,527,0.14719312,0,imagenet_c,defocus_blur,1,none
efficientnet_b4,ILSVRC2012_val_00004083.JPEG,n03782006,664,526,0.14663053,0,imagenet_c,defocus_blur,1,none
efficientnet_b4,ILSVRC2012_val_00004758.JPEG,n03782006,664,590,0.37263775,0,imagenet_c,defocus_blur,1,none
efficientnet_b4,ILSVRC2012_val_00008427.JPEG,n03782006,664,782,0.348168,0,imagenet_c,defocus_blur,1,none
efficientnet_b4,ILSVRC2012_val_00009355.JPEG,n03782006,664,664,0.2030643,1,imagenet_c,defocus_blur,1,none
efficientnet_b4,ILSVRC2012_val_00009529.JPEG,n03782006,664,782,0.08116499,0,imagenet_c,defocus_blur,1,none
efficientnet_b4,ILSVRC2012_val_00010327.JPEG,n03782006,664,851,0.1605923,0,imagenet_c,defocus_blur,1,none
efficientnet_b4,ILSVRC2012_val_00010771.JPEG,n03782006,664,527,0.09090997,0,imagenet_c,defocus_blur,1,none
efficientnet_b4,ILSVRC2012_val_00011136.JPEG,n03782006,664,851,0.10122371,0,imagenet_c,defocus_blur,1,none
efficientnet_b4,ILSVRC2012_val_00011472.JPEG,n03782006,664,526,0.06597514,0,imagenet_c,defocus_blur,1,none
efficientnet_b4,ILSVRC2012_val_00011946.JPEG,n03782006,664,664,0.29454267,1,imagenet_c,defocus_blur,1,none
efficientnet_b4,ILSVRC2012_val_00012148.JPEG,n03782006,664,664,0.18971257,1,imagenet_c,defocus_blur,1,none
efficientnet_b4,ILSVRC2012_val_00012311.JPEG,n03782006,664,624,0.112580754,0,imagenet_c,defocus_blur,1,none
efficientnet_b4,ILSVRC2012_val_00012397.JPEG,n03782006,664,782,0.263751,0,imagenet_c,defocus_blur,1,none
efficientnet_b4,ILSVRC2012_val_00015161.JPEG,n03782006,664,782,0.29903716,0,imagenet_c,defocus_blur,1,none
efficientnet_b4,ILSVRC2012_val_00016129.JPEG,n03782006,664,527,0.20246598,0,imagenet_c,defocus_blur,1,none
efficientnet_b4,ILSVRC2012_val_00016317.JPEG,n03782006,664,664,0.19511464,1,imagenet_c,defocus_blur,1,none
efficientnet_b4,ILSVRC2012_val_00017128.JPEG,n03782006,664,664,0.410009,1,imagenet_c,defocus_blur,1,none
efficientnet_b4,ILSVRC2012_val_00018187.JPEG,n03782006,664,782,0.191895,0,imagenet_c,defocus_blur,1,none
efficientnet_b4,ILSVRC2012_val_00018503.JPEG,n03782006,664,782,0.555016,0,imagenet_c,defocus_blur,1,none
efficientnet_b4,ILSVRC2012_val_00019909.JPEG,n03782006,664,548,0.33183002,0,imagenet_c,defocus_blur,1,none
efficientnet_b4,ILSVRC2012_val_00022971.JPEG,n03782006,664,526,0.13070296,0,imagenet_c,defocus_blur,1,none
efficientnet_b4,ILSVRC2012_val_00023882.JPEG,n03782006,664,781,0.06802341,0,imagenet_c,defocus_blur,1,none
efficientnet_b4,ILSVRC2012_val_00024976.JPEG,n03782006,664,527,0.54560816,0,imagenet_c,defocus_blur,1,none
efficientnet_b4,ILSVRC2012_val_00026075.JPEG,n03782006,664,664,0.4240705,1,imagenet_c,defocus_blur,1,none
efficientnet_b4,ILSVRC2012_val_00026247.JPEG,n03782006,664,664,0.19339,1,imagenet_c,defocus_blur,1,none
efficientnet_b4,ILSVRC2012_val_00027545.JPEG,n03782006,664,664,0.10582473,1,imagenet_c,defocus_blur,1,none
efficientnet_b4,ILSVRC2012_val_00028687.JPEG,n03782006,664,782,0.17117876,0,imagenet_c,defocus_blur,1,none
efficientnet_b4,ILSVRC2012_val_00029541.JPEG,n03782006,664,782,0.23742355,0,imagenet_c,defocus_blur,1,none
efficientnet_b4,ILSVRC2012_val_00031326.JPEG,n03782006,664,782,0.24484591,0,imagenet_c,defocus_blur,1,none
efficientnet_b4,ILSVRC2012_val_00032019.JPEG,n03782006,664,782,0.34961322,0,imagenet_c,defocus_blur,1,none
efficientnet_b4,ILSVRC2012_val_00033136.JPEG,n03782006,664,664,0.27149263,1,imagenet_c,defocus_blur,1,none
efficientnet_b4,ILSVRC2012_val_00034501.JPEG,n03782006,664,851,0.22029729,0,imagenet_c,defocus_blur,1,none
efficientnet_b4,ILSVRC2012_val_00035146.JPEG,n03782006,664,664,0.47346583,1,imagenet_c,defocus_blur,1,none
efficientnet_b4,ILSVRC2012_val_00035743.JPEG,n03782006,664,664,0.24000728,1,imagenet_c,defocus_blur,1,none
efficientnet_b4,ILSVRC2012_val_00036107.JPEG,n03782006,664,526,0.15123402,0,imagenet_c,defocus_blur,1,none
efficientnet_b4,ILSVRC2012_val_00037964.JPEG,n03782006,664,782,0.24503379,0,imagenet_c,defocus_blur,1,none
efficientnet_b4,ILSVRC2012_val_00039562.JPEG,n03782006,664,860,0.43804887,0,imagenet_c,defocus_blur,1,none
efficientnet_b4,ILSVRC2012_val_00040801.JPEG,n03782006,664,664,0.12683183,1,imagenet_c,defocus_blur,1,none
efficientnet_b4,ILSVRC2012_val_00041042.JPEG,n03782006,664,916,0.72889614,0,imagenet_c,defocus_blur,1,none
efficientnet_b4,ILSVRC2012_val_00041449.JPEG,n03782006,664,722,0.022183966,0,imagenet_c,defocus_blur,1,none
efficientnet_b4,ILSVRC2012_val_00044208.JPEG,n03782006,664,782,0.12955225,0,imagenet_c,defocus_blur,1,none
efficientnet_b4,ILSVRC2012_val_00045106.JPEG,n03782006,664,598,0.39936393,0,imagenet_c,defocus_blur,1,none
efficientnet_b4,ILSVRC2012_val_00046624.JPEG,n03782006,664,664,0.14587164,1,imagenet_c,defocus_blur,1,none
efficientnet_b4,ILSVRC2012_val_00047803.JPEG,n03782006,664,782,0.22980249,0,imagenet_c,defocus_blur,1,none
efficientnet_b4,ILSVRC2012_val_00049172.JPEG,n03782006,664,527,0.12619136,0,imagenet_c,defocus_blur,1,none
efficientnet_b4,ILSVRC2012_val_00049772.JPEG,n03782006,664,526,0.088333555,0,imagenet_c,defocus_blur,1,none
efficientnet_b4,ILSVRC2012_val_00049784.JPEG,n03782006,664,598,0.1997609,0,imagenet_c,defocus_blur,1,none
efficientnet_b4,ILSVRC2012_val_00000717.JPEG,n03785016,665,665,0.06461598,1,imagenet_c,defocus_blur,1,none
efficientnet_b4,ILSVRC2012_val_00000853.JPEG,n03785016,665,665,0.5863973,1,imagenet_c,defocus_blur,1,none
efficientnet_b4,ILSVRC2012_val_00001701.JPEG,n03785016,665,665,0.42386907,1,imagenet_c,defocus_blur,1,none
efficientnet_b4,ILSVRC2012_val_00002697.JPEG,n03785016,665,665,0.46519533,1,imagenet_c,defocus_blur,1,none
efficientnet_b4,ILSVRC2012_val_00003853.JPEG,n03785016,665,665,0.5783459,1,imagenet_c,defocus_blur,1,none
efficientnet_b4,ILSVRC2012_val_00004104.JPEG,n03785016,665,665,0.20891362,1,imagenet_c,defocus_blur,1,none
efficientnet_b4,ILSVRC2012_val_00004727.JPEG,n03785016,665,665,0.60015357,1,imagenet_c,defocus_blur,1,none
efficientnet_b4,ILSVRC2012_val_00005425.JPEG,n03785016,665,665,0.29482877,1,imagenet_c,defocus_blur,1,none
efficientnet_b4,ILSVRC2012_val_00005460.JPEG,n03785016,665,665,0.20739263,1,imagenet_c,defocus_blur,1,none
efficientnet_b4,ILSVRC2012_val_00005991.JPEG,n03785016,665,665,0.56243396,1,imagenet_c,defocus_blur,1,none
efficientnet_b4,ILSVRC2012_val_00006596.JPEG,n03785016,665,671,0.39450857,0,imagenet_c,defocus_blur,1,none
efficientnet_b4,ILSVRC2012_val_00006644.JPEG,n03785016,665,444,0.1277619,0,imagenet_c,defocus_blur,1,none
efficientnet_b4,ILSVRC2012_val_00006691.JPEG,n03785016,665,665,0.43176943,1,imagenet_c,defocus_blur,1,none
efficientnet_b4,ILSVRC2012_val_00007101.JPEG,n03785016,665,665,0.35167155,1,imagenet_c,defocus_blur,1,none
efficientnet_b4,ILSVRC2012_val_00007346.JPEG,n03785016,665,665,0.2486351,1,imagenet_c,defocus_blur,1,none
efficientnet_b4,ILSVRC2012_val_00009171.JPEG,n03785016,665,665,0.4724652,1,imagenet_c,defocus_blur,1,none
efficientnet_b4,ILSVRC2012_val_00009268.JPEG,n03785016,665,665,0.48149237,1,imagenet_c,defocus_blur,1,none
efficientnet_b4,ILSVRC2012_val_00010531.JPEG,n03785016,665,665,0.49179268,1,imagenet_c,defocus_blur,1,none
efficientnet_b4,ILSVRC2012_val_00011514.JPEG,n03785016,665,670,0.2879405,0,imagenet_c,defocus_blur,1,none
efficientnet_b4,ILSVRC2012_val_00013130.JPEG,n03785016,665,665,0.36877567,1,imagenet_c,defocus_blur,1,none
efficientnet_b4,ILSVRC2012_val_00013476.JPEG,n03785016,665,665,0.58338666,1,imagenet_c,defocus_blur,1,none
efficientnet_b4,ILSVRC2012_val_00015839.JPEG,n03785016,665,665,0.22484416,1,imagenet_c,defocus_blur,1,none
efficientnet_b4,ILSVRC2012_val_00016809.JPEG,n03785016,665,665,0.24146333,1,imagenet_c,defocus_blur,1,none
efficientnet_b4,ILSVRC2012_val_00017422.JPEG,n03785016,665,670,0.07811932,0,imagenet_c,defocus_blur,1,none
efficientnet_b4,ILSVRC2012_val_00021121.JPEG,n03785016,665,444,0.19398592,0,imagenet_c,defocus_blur,1,none
efficientnet_b4,ILSVRC2012_val_00021251.JPEG,n03785016,665,665,0.27076334,1,imagenet_c,defocus_blur,1,none
efficientnet_b4,ILSVRC2012_val_00022024.JPEG,n03785016,665,665,0.4246801,1,imagenet_c,defocus_blur,1,none
efficientnet_b4,ILSVRC2012_val_00024487.JPEG,n03785016,665,671,0.2497577,0,imagenet_c,defocus_blur,1,none
efficientnet_b4,ILSVRC2012_val_00026396.JPEG,n03785016,665,612,0.09574521,0,imagenet_c,defocus_blur,1,none
efficientnet_b4,ILSVRC2012_val_00026409.JPEG,n03785016,665,671,0.10582672,0,imagenet_c,defocus_blur,1,none
efficientnet_b4,ILSVRC2012_val_00030133.JPEG,n03785016,665,665,0.4879569,1,imagenet_c,defocus_blur,1,none
efficientnet_b4,ILSVRC2012_val_00031789.JPEG,n03785016,665,665,0.4824071,1,imagenet_c,defocus_blur,1,none
efficientnet_b4,ILSVRC2012_val_00032649.JPEG,n03785016,665,671,0.28473762,0,imagenet_c,defocus_blur,1,none
efficientnet_b4,ILSVRC2012_val_00033284.JPEG,n03785016,665,665,0.261152,1,imagenet_c,defocus_blur,1,none
efficientnet_b4,ILSVRC2012_val_00033724.JPEG,n03785016,665,671,0.23488943,0,imagenet_c,defocus_blur,1,none
efficientnet_b4,ILSVRC2012_val_00037092.JPEG,n03785016,665,671,0.25936037,0,imagenet_c,defocus_blur,1,none
efficientnet_b4,ILSVRC2012_val_00037248.JPEG,n03785016,665,671,0.31924543,0,imagenet_c,defocus_blur,1,none
efficientnet_b4,ILSVRC2012_val_00038388.JPEG,n03785016,665,665,0.370292,1,imagenet_c,defocus_blur,1,none
efficientnet_b4,ILSVRC2012_val_00038752.JPEG,n03785016,665,670,0.18094039,0,imagenet_c,defocus_blur,1,none
efficientnet_b4,ILSVRC2012_val_00041104.JPEG,n03785016,665,665,0.12636378,1,imagenet_c,defocus_blur,1,none
efficientnet_b4,ILSVRC2012_val_00042151.JPEG,n03785016,665,518,0.28549364,0,imagenet_c,defocus_blur,1,none
efficientnet_b4,ILSVRC2012_val_00043896.JPEG,n03785016,665,665,0.34780428,1,imagenet_c,defocus_blur,1,none
efficientnet_b4,ILSVRC2012_val_00044139.JPEG,n03785016,665,665,0.47383013,1,imagenet_c,defocus_blur,1,none
efficientnet_b4,ILSVRC2012_val_00044191.JPEG,n03785016,665,444,0.13640174,0,imagenet_c,defocus_blur,1,none
efficientnet_b4,ILSVRC2012_val_00047944.JPEG,n03785016,665,612,0.44969842,0,imagenet_c,defocus_blur,1,none
efficientnet_b4,ILSVRC2012_val_00048082.JPEG,n03785016,665,444,0.076599,0,imagenet_c,defocus_blur,1,none
efficientnet_b4,ILSVRC2012_val_00048569.JPEG,n03785016,665,665,0.23796663,1,imagenet_c,defocus_blur,1,none
efficientnet_b4,ILSVRC2012_val_00049634.JPEG,n03785016,665,665,0.3928988,1,imagenet_c,defocus_blur,1,none
efficientnet_b4,ILSVRC2012_val_00049674.JPEG,n03785016,665,665,0.41761956,1,imagenet_c,defocus_blur,1,none
efficientnet_b4,ILSVRC2012_val_00049818.JPEG,n03785016,665,665,0.2706498,1,imagenet_c,defocus_blur,1,none
efficientnet_b4,ILSVRC2012_val_00000168.JPEG,n03786901,666,666,0.51575345,1,imagenet_c,defocus_blur,1,none
efficientnet_b4,ILSVRC2012_val_00003641.JPEG,n03786901,666,666,0.65643686,1,imagenet_c,defocus_blur,1,none
efficientnet_b4,ILSVRC2012_val_00006228.JPEG,n03786901,666,666,0.62626284,1,imagenet_c,defocus_blur,1,none
efficientnet_b4,ILSVRC2012_val_00006394.JPEG,n03786901,666,666,0.6753275,1,imagenet_c,defocus_blur,1,none
efficientnet_b4,ILSVRC2012_val_00006651.JPEG,n03786901,666,666,0.6478177,1,imagenet_c,defocus_blur,1,none
efficientnet_b4,ILSVRC2012_val_00008057.JPEG,n03786901,666,666,0.59735507,1,imagenet_c,defocus_blur,1,none
efficientnet_b4,ILSVRC2012_val_00008123.JPEG,n03786901,666,739,0.20169145,0,imagenet_c,defocus_blur,1,none
efficientnet_b4,ILSVRC2012_val_00008656.JPEG,n03786901,666,787,0.28211546,0,imagenet_c,defocus_blur,1,none
efficientnet_b4,ILSVRC2012_val_00009080.JPEG,n03786901,666,739,0.06494001,0,imagenet_c,defocus_blur,1,none
efficientnet_b4,ILSVRC2012_val_00009935.JPEG,n03786901,666,666,0.2662414,1,imagenet_c,defocus_blur,1,none
efficientnet_b4,ILSVRC2012_val_00011653.JPEG,n03786901,666,493,0.06819315,0,imagenet_c,defocus_blur,1,none
efficientnet_b4,ILSVRC2012_val_00012159.JPEG,n03786901,666,666,0.68489105,1,imagenet_c,defocus_blur,1,none
efficientnet_b4,ILSVRC2012_val_00013374.JPEG,n03786901,666,659,0.23958692,0,imagenet_c,defocus_blur,1,none
efficientnet_b4,ILSVRC2012_val_00014325.JPEG,n03786901,666,666,0.18425295,1,imagenet_c,defocus_blur,1,none
efficientnet_b4,ILSVRC2012_val_00014533.JPEG,n03786901,666,666,0.73327225,1,imagenet_c,defocus_blur,1,none
efficientnet_b4,ILSVRC2012_val_00014930.JPEG,n03786901,666,666,0.5807255,1,imagenet_c,defocus_blur,1,none
efficientnet_b4,ILSVRC2012_val_00016127.JPEG,n03786901,666,666,0.47789317,1,imagenet_c,defocus_blur,1,none
efficientnet_b4,ILSVRC2012_val_00018515.JPEG,n03786901,666,666,0.7157706,1,imagenet_c,defocus_blur,1,none
efficientnet_b4,ILSVRC2012_val_00019505.JPEG,n03786901,666,666,0.19362526,1,imagenet_c,defocus_blur,1,none
efficientnet_b4,ILSVRC2012_val_00019520.JPEG,n03786901,666,969,0.09434741,0,imagenet_c,defocus_blur,1,none
efficientnet_b4,ILSVRC2012_val_00021007.JPEG,n03786901,666,666,0.4274131,1,imagenet_c,defocus_blur,1,none
efficientnet_b4,ILSVRC2012_val_00021100.JPEG,n03786901,666,666,0.72213846,1,imagenet_c,defocus_blur,1,none
efficientnet_b4,ILSVRC2012_val_00021312.JPEG,n03786901,666,666,0.7750354,1,imagenet_c,defocus_blur,1,none
efficientnet_b4,ILSVRC2012_val_00021383.JPEG,n03786901,666,666,0.37752014,1,imagenet_c,defocus_blur,1,none
efficientnet_b4,ILSVRC2012_val_00022089.JPEG,n03786901,666,666,0.76500565,1,imagenet_c,defocus_blur,1,none
efficientnet_b4,ILSVRC2012_val_00025293.JPEG,n03786901,666,471,0.3932068,0,imagenet_c,defocus_blur,1,none
efficientnet_b4,ILSVRC2012_val_00026719.JPEG,n03786901,666,740,0.081379704,0,imagenet_c,defocus_blur,1,none
efficientnet_b4,ILSVRC2012_val_00028780.JPEG,n03786901,666,666,0.4942029,1,imagenet_c,defocus_blur,1,none
efficientnet_b4,ILSVRC2012_val_00028930.JPEG,n03786901,666,666,0.7240334,1,imagenet_c,defocus_blur,1,none
efficientnet_b4,ILSVRC2012_val_00031950.JPEG,n03786901,666,666,0.47290033,1,imagenet_c,defocus_blur,1,none
efficientnet_b4,ILSVRC2012_val_00032817.JPEG,n03786901,666,739,0.41312182,0,imagenet_c,defocus_blur,1,none
efficientnet_b4,ILSVRC2012_val_00033201.JPEG,n03786901,666,666,0.71049666,1,imagenet_c,defocus_blur,1,none
efficientnet_b4,ILSVRC2012_val_00033326.JPEG,n03786901,666,666,0.5749514,1,imagenet_c,defocus_blur,1,none
efficientnet_b4,ILSVRC2012_val_00033979.JPEG,n03786901,666,666,0.28126535,1,imagenet_c,defocus_blur,1,none
efficientnet_b4,ILSVRC2012_val_00034817.JPEG,n03786901,666,666,0.36451375,1,imagenet_c,defocus_blur,1,none
efficientnet_b4,ILSVRC2012_val_00036588.JPEG,n03786901,666,666,0.49636286,1,imagenet_c,defocus_blur,1,none
efficientnet_b4,ILSVRC2012_val_00037911.JPEG,n03786901,666,666,0.58492965,1,imagenet_c,defocus_blur,1,none
efficientnet_b4,ILSVRC2012_val_00038845.JPEG,n03786901,666,666,0.48244196,1,imagenet_c,defocus_blur,1,none
efficientnet_b4,ILSVRC2012_val_00040918.JPEG,n03786901,666,666,0.34147012,1,imagenet_c,defocus_blur,1,none
efficientnet_b4,ILSVRC2012_val_00041826.JPEG,n03786901,666,666,0.80069333,1,imagenet_c,defocus_blur,1,none
efficientnet_b4,ILSVRC2012_val_00043703.JPEG,n03786901,666,666,0.43478042,1,imagenet_c,defocus_blur,1,none
efficientnet_b4,ILSVRC2012_val_00044518.JPEG,n03786901,666,473,0.18212223,0,imagenet_c,defocus_blur,1,none
efficientnet_b4,ILSVRC2012_val_00044871.JPEG,n03786901,666,666,0.69195306,1,imagenet_c,defocus_blur,1,none
efficientnet_b4,ILSVRC2012_val_00045306.JPEG,n03786901,666,544,0.05835672,0,imagenet_c,defocus_blur,1,none
efficientnet_b4,ILSVRC2012_val_00046249.JPEG,n03786901,666,666,0.582777,1,imagenet_c,defocus_blur,1,none
efficientnet_b4,ILSVRC2012_val_00046520.JPEG,n03786901,666,739,0.23507895,0,imagenet_c,defocus_blur,1,none
efficientnet_b4,ILSVRC2012_val_00047915.JPEG,n03786901,666,666,0.7182904,1,imagenet_c,defocus_blur,1,none
efficientnet_b4,ILSVRC2012_val_00048332.JPEG,n03786901,666,666,0.4367725,1,imagenet_c,defocus_blur,1,none
efficientnet_b4,ILSVRC2012_val_00048713.JPEG,n03786901,666,666,0.77353007,1,imagenet_c,defocus_blur,1,none
efficientnet_b4,ILSVRC2012_val_00049573.JPEG,n03786901,666,942,0.19157429,0,imagenet_c,defocus_blur,1,none
efficientnet_b4,ILSVRC2012_val_00000923.JPEG,n03787032,667,667,0.32919583,1,imagenet_c,defocus_blur,1,none
efficientnet_b4,ILSVRC2012_val_00001035.JPEG,n03787032,667,259,0.28320786,0,imagenet_c,defocus_blur,1,none
efficientnet_b4,ILSVRC2012_val_00002378.JPEG,n03787032,667,400,0.49368984,0,imagenet_c,defocus_blur,1,none
efficientnet_b4,ILSVRC2012_val_00004558.JPEG,n03787032,667,667,0.3776959,1,imagenet_c,defocus_blur,1,none
efficientnet_b4,ILSVRC2012_val_00004606.JPEG,n03787032,667,667,0.26718426,1,imagenet_c,defocus_blur,1,none
efficientnet_b4,ILSVRC2012_val_00010267.JPEG,n03787032,667,667,0.4950296,1,imagenet_c,defocus_blur,1,none
efficientnet_b4,ILSVRC2012_val_00010504.JPEG,n03787032,667,400,0.45131373,0,imagenet_c,defocus_blur,1,none
efficientnet_b4,ILSVRC2012_val_00010623.JPEG,n03787032,667,667,0.58935905,1,imagenet_c,defocus_blur,1,none
efficientnet_b4,ILSVRC2012_val_00010755.JPEG,n03787032,667,667,0.28308073,1,imagenet_c,defocus_blur,1,none
efficientnet_b4,ILSVRC2012_val_00011355.JPEG,n03787032,667,692,0.19092625,0,imagenet_c,defocus_blur,1,none
efficientnet_b4,ILSVRC2012_val_00011578.JPEG,n03787032,667,400,0.40663034,0,imagenet_c,defocus_blur,1,none
efficientnet_b4,ILSVRC2012_val_00015538.JPEG,n03787032,667,400,0.4443388,0,imagenet_c,defocus_blur,1,none
efficientnet_b4,ILSVRC2012_val_00016856.JPEG,n03787032,667,667,0.58158815,1,imagenet_c,defocus_blur,1,none
efficientnet_b4,ILSVRC2012_val_00017035.JPEG,n03787032,667,667,0.17900139,1,imagenet_c,defocus_blur,1,none
efficientnet_b4,ILSVRC2012_val_00017757.JPEG,n03787032,667,400,0.62398905,0,imagenet_c,defocus_blur,1,none
efficientnet_b4,ILSVRC2012_val_00019760.JPEG,n03787032,667,400,0.27849373,0,imagenet_c,defocus_blur,1,none
efficientnet_b4,ILSVRC2012_val_00019763.JPEG,n03787032,667,400,0.38236278,0,imagenet_c,defocus_blur,1,none
efficientnet_b4,ILSVRC2012_val_00021160.JPEG,n03787032,667,667,0.7127138,1,imagenet_c,defocus_blur,1,none
efficientnet_b4,ILSVRC2012_val_00021591.JPEG,n03787032,667,667,0.48407382,1,imagenet_c,defocus_blur,1,none
efficientnet_b4,ILSVRC2012_val_00021684.JPEG,n03787032,667,400,0.2542425,0,imagenet_c,defocus_blur,1,none
efficientnet_b4,ILSVRC2012_val_00022370.JPEG,n03787032,667,400,0.45025364,0,imagenet_c,defocus_blur,1,none
efficientnet_b4,ILSVRC2012_val_00023837.JPEG,n03787032,667,667,0.23829621,1,imagenet_c,defocus_blur,1,none
efficientnet_b4,ILSVRC2012_val_00023922.JPEG,n03787032,667,667,0.23720506,1,imagenet_c,defocus_blur,1,none
efficientnet_b4,ILSVRC2012_val_00024968.JPEG,n03787032,667,783,0.04433277,0,imagenet_c,defocus_blur,1,none
efficientnet_b4,ILSVRC2012_val_00026132.JPEG,n03787032,667,400,0.43302023,0,imagenet_c,defocus_blur,1,none
efficientnet_b4,ILSVRC2012_val_00026799.JPEG,n03787032,667,400,0.3979953,0,imagenet_c,defocus_blur,1,none
efficientnet_b4,ILSVRC2012_val_00028732.JPEG,n03787032,667,667,0.29834312,1,imagenet_c,defocus_blur,1,none
efficientnet_b4,ILSVRC2012_val_00028869.JPEG,n03787032,667,667,0.4714769,1,imagenet_c,defocus_blur,1,none
efficientnet_b4,ILSVRC2012_val_00031578.JPEG,n03787032,667,446,0.6080902,0,imagenet_c,defocus_blur,1,none
efficientnet_b4,ILSVRC2012_val_00031632.JPEG,n03787032,667,667,0.4581045,1,imagenet_c,defocus_blur,1,none
efficientnet_b4,ILSVRC2012_val_00031748.JPEG,n03787032,667,667,0.37200782,1,imagenet_c,defocus_blur,1,none
efficientnet_b4,ILSVRC2012_val_00031999.JPEG,n03787032,667,400,0.37392932,0,imagenet_c,defocus_blur,1,none
efficientnet_b4,ILSVRC2012_val_00032175.JPEG,n03787032,667,667,0.3114029,1,imagenet_c,defocus_blur,1,none
efficientnet_b4,ILSVRC2012_val_00033941.JPEG,n03787032,667,667,0.43754822,1,imagenet_c,defocus_blur,1,none
efficientnet_b4,ILSVRC2012_val_00034131.JPEG,n03787032,667,667,0.40224665,1,imagenet_c,defocus_blur,1,none
efficientnet_b4,ILSVRC2012_val_00035033.JPEG,n03787032,667,400,0.6155719,0,imagenet_c,defocus_blur,1,none
efficientnet_b4,ILSVRC2012_val_00035779.JPEG,n03787032,667,400,0.64452076,0,imagenet_c,defocus_blur,1,none
efficientnet_b4,ILSVRC2012_val_00037172.JPEG,n03787032,667,400,0.3255079,0,imagenet_c,defocus_blur,1,none
efficientnet_b4,ILSVRC2012_val_00037208.JPEG,n03787032,667,400,0.48639736,0,imagenet_c,defocus_blur,1,none
efficientnet_b4,ILSVRC2012_val_00038782.JPEG,n03787032,667,400,0.5097395,0,imagenet_c,defocus_blur,1,none
efficientnet_b4,ILSVRC2012_val_00039038.JPEG,n03787032,667,400,0.34960896,0,imagenet_c,defocus_blur,1,none
efficientnet_b4,ILSVRC2012_val_00040935.JPEG,n03787032,667,667,0.2227605,1,imagenet_c,defocus_blur,1,none
efficientnet_b4,ILSVRC2012_val_00041446.JPEG,n03787032,667,667,0.6763913,1,imagenet_c,defocus_blur,1,none
efficientnet_b4,ILSVRC2012_val_00042746.JPEG,n03787032,667,400,0.36662573,0,imagenet_c,defocus_blur,1,none
efficientnet_b4,ILSVRC2012_val_00044851.JPEG,n03787032,667,667,0.7177897,1,imagenet_c,defocus_blur,1,none
efficientnet_b4,ILSVRC2012_val_00045404.JPEG,n03787032,667,400,0.36742124,0,imagenet_c,defocus_blur,1,none
efficientnet_b4,ILSVRC2012_val_00046116.JPEG,n03787032,667,400,0.15760757,0,imagenet_c,defocus_blur,1,none
efficientnet_b4,ILSVRC2012_val_00047480.JPEG,n03787032,667,667,0.36641148,1,imagenet_c,defocus_blur,1,none
efficientnet_b4,ILSVRC2012_val_00049767.JPEG,n03787032,667,400,0.7049052,0,imagenet_c,defocus_blur,1,none
efficientnet_b4,ILSVRC2012_val_00049945.JPEG,n03787032,667,400,0.31202048,0,imagenet_c,defocus_blur,1,none
efficientnet_b4,ILSVRC2012_val_00000680.JPEG,n03788195,668,744,0.034186978,0,imagenet_c,defocus_blur,1,none
efficientnet_b4,ILSVRC2012_val_00000864.JPEG,n03788195,668,668,0.547036,1,imagenet_c,defocus_blur,1,none
efficientnet_b4,ILSVRC2012_val_00002119.JPEG,n03788195,668,668,0.33564124,1,imagenet_c,defocus_blur,1,none
efficientnet_b4,ILSVRC2012_val_00002735.JPEG,n03788195,668,668,0.5783336,1,imagenet_c,defocus_blur,1,none
efficientnet_b4,ILSVRC2012_val_00005361.JPEG,n03788195,668,668,0.51551384,1,imagenet_c,defocus_blur,1,none
efficientnet_b4,ILSVRC2012_val_00005980.JPEG,n03788195,668,668,0.17299473,1,imagenet_c,defocus_blur,1,none
efficientnet_b4,ILSVRC2012_val_00006508.JPEG,n03788195,668,668,0.23120251,1,imagenet_c,defocus_blur,1,none
efficientnet_b4,ILSVRC2012_val_00009131.JPEG,n03788195,668,668,0.7009978,1,imagenet_c,defocus_blur,1,none
efficientnet_b4,ILSVRC2012_val_00009497.JPEG,n03788195,668,483,0.3387659,0,imagenet_c,defocus_blur,1,none
efficientnet_b4,ILSVRC2012_val_00009882.JPEG,n03788195,668,668,0.5081179,1,imagenet_c,defocus_blur,1,none
efficientnet_b4,ILSVRC2012_val_00010692.JPEG,n03788195,668,668,0.39685863,1,imagenet_c,defocus_blur,1,none
efficientnet_b4,ILSVRC2012_val_00011065.JPEG,n03788195,668,668,0.54014283,1,imagenet_c,defocus_blur,1,none
efficientnet_b4,ILSVRC2012_val_00015012.JPEG,n03788195,668,663,0.13533609,0,imagenet_c,defocus_blur,1,none
efficientnet_b4,ILSVRC2012_val_00015900.JPEG,n03788195,668,668,0.68066955,1,imagenet_c,defocus_blur,1,none
efficientnet_b4,ILSVRC2012_val_00016185.JPEG,n03788195,668,668,0.42836514,1,imagenet_c,defocus_blur,1,none
efficientnet_b4,ILSVRC2012_val_00017260.JPEG,n03788195,668,668,0.31948966,1,imagenet_c,defocus_blur,1,none
efficientnet_b4,ILSVRC2012_val_00017549.JPEG,n03788195,668,668,0.5518181,1,imagenet_c,defocus_blur,1,none
efficientnet_b4,ILSVRC2012_val_00018208.JPEG,n03788195,668,668,0.49925604,1,imagenet_c,defocus_blur,1,none
efficientnet_b4,ILSVRC2012_val_00018950.JPEG,n03788195,668,668,0.57369673,1,imagenet_c,defocus_blur,1,none
efficientnet_b4,ILSVRC2012_val_00019933.JPEG,n03788195,668,668,0.47173193,1,imagenet_c,defocus_blur,1,none
efficientnet_b4,ILSVRC2012_val_00019990.JPEG,n03788195,668,668,0.57125366,1,imagenet_c,defocus_blur,1,none
efficientnet_b4,ILSVRC2012_val_00020867.JPEG,n03788195,668,668,0.38630792,1,imagenet_c,defocus_blur,1,none
efficientnet_b4,ILSVRC2012_val_00021199.JPEG,n03788195,668,668,0.47201243,1,imagenet_c,defocus_blur,1,none
efficientnet_b4,ILSVRC2012_val_00022854.JPEG,n03788195,668,668,0.5080731,1,imagenet_c,defocus_blur,1,none
efficientnet_b4,ILSVRC2012_val_00024077.JPEG,n03788195,668,668,0.087602265,1,imagenet_c,defocus_blur,1,none
efficientnet_b4,ILSVRC2012_val_00024244.JPEG,n03788195,668,668,0.54091567,1,imagenet_c,defocus_blur,1,none
efficientnet_b4,ILSVRC2012_val_00025478.JPEG,n03788195,668,668,0.41021347,1,imagenet_c,defocus_blur,1,none
efficientnet_b4,ILSVRC2012_val_00026188.JPEG,n03788195,668,668,0.5160869,1,imagenet_c,defocus_blur,1,none
efficientnet_b4,ILSVRC2012_val_00027421.JPEG,n03788195,668,668,0.6695351,1,imagenet_c,defocus_blur,1,none
efficientnet_b4,ILSVRC2012_val_00027590.JPEG,n03788195,668,668,0.51107854,1,imagenet_c,defocus_blur,1,none
efficientnet_b4,ILSVRC2012_val_00027689.JPEG,n03788195,668,668,0.5848019,1,imagenet_c,defocus_blur,1,none
efficientnet_b4,ILSVRC2012_val_00029390.JPEG,n03788195,668,668,0.24222964,1,imagenet_c,defocus_blur,1,none
efficientnet_b4,ILSVRC2012_val_00029644.JPEG,n03788195,668,668,0.33328563,1,imagenet_c,defocus_blur,1,none
efficientnet_b4,ILSVRC2012_val_00029681.JPEG,n03788195,668,668,0.48652497,1,imagenet_c,defocus_blur,1,none
efficientnet_b4,ILSVRC2012_val_00030336.JPEG,n03788195,668,668,0.17265683,1,imagenet_c,defocus_blur,1,none
efficientnet_b4,ILSVRC2012_val_00031002.JPEG,n03788195,668,668,0.3883879,1,imagenet_c,defocus_blur,1,none
efficientnet_b4,ILSVRC2012_val_00031119.JPEG,n03788195,668,668,0.20130663,1,imagenet_c,defocus_blur,1,none
efficientnet_b4,ILSVRC2012_val_00031418.JPEG,n03788195,668,668,0.44243816,1,imagenet_c,defocus_blur,1,none
efficientnet_b4,ILSVRC2012_val_00035070.JPEG,n03788195,668,668,0.46089572,1,imagenet_c,defocus_blur,1,none
efficientnet_b4,ILSVRC2012_val_00035910.JPEG,n03788195,668,668,0.23098637,1,imagenet_c,defocus_blur,1,none
efficientnet_b4,ILSVRC2012_val_00036274.JPEG,n03788195,668,682,0.25341523,0,imagenet_c,defocus_blur,1,none
efficientnet_b4,ILSVRC2012_val_00036986.JPEG,n03788195,668,668,0.38851386,1,imagenet_c,defocus_blur,1,none
efficientnet_b4,ILSVRC2012_val_00038331.JPEG,n03788195,668,668,0.41436052,1,imagenet_c,defocus_blur,1,none
efficientnet_b4,ILSVRC2012_val_00041395.JPEG,n03788195,668,668,0.5034607,1,imagenet_c,defocus_blur,1,none
efficientnet_b4,ILSVRC2012_val_00044234.JPEG,n03788195,668,668,0.26821074,1,imagenet_c,defocus_blur,1,none
efficientnet_b4,ILSVRC2012_val_00044607.JPEG,n03788195,668,989,0.12394621,0,imagenet_c,defocus_blur,1,none
efficientnet_b4,ILSVRC2012_val_00046416.JPEG,n03788195,668,668,0.20852652,1,imagenet_c,defocus_blur,1,none
efficientnet_b4,ILSVRC2012_val_00046600.JPEG,n03788195,668,668,0.417549,1,imagenet_c,defocus_blur,1,none
efficientnet_b4,ILSVRC2012_val_00047098.JPEG,n03788195,668,668,0.57016003,1,imagenet_c,defocus_blur,1,none
efficientnet_b4,ILSVRC2012_val_00048324.JPEG,n03788195,668,668,0.4802673,1,imagenet_c,defocus_blur,1,none
efficientnet_b4,ILSVRC2012_val_00000859.JPEG,n03788365,669,669,0.10469672,1,imagenet_c,defocus_blur,1,none
efficientnet_b4,ILSVRC2012_val_00001664.JPEG,n03788365,669,669,0.7362587,1,imagenet_c,defocus_blur,1,none
efficientnet_b4,ILSVRC2012_val_00002478.JPEG,n03788365,669,669,0.7634307,1,imagenet_c,defocus_blur,1,none
efficientnet_b4,ILSVRC2012_val_00003241.JPEG,n03788365,669,669,0.7105184,1,imagenet_c,defocus_blur,1,none
efficientnet_b4,ILSVRC2012_val_00004327.JPEG,n03788365,669,669,0.6430717,1,imagenet_c,defocus_blur,1,none
efficientnet_b4,ILSVRC2012_val_00005611.JPEG,n03788365,669,619,0.30952308,0,imagenet_c,defocus_blur,1,none
efficientnet_b4,ILSVRC2012_val_00005843.JPEG,n03788365,669,669,0.4544159,1,imagenet_c,defocus_blur,1,none
efficientnet_b4,ILSVRC2012_val_00006406.JPEG,n03788365,669,669,0.38297972,1,imagenet_c,defocus_blur,1,none
efficientnet_b4,ILSVRC2012_val_00006572.JPEG,n03788365,669,669,0.57303315,1,imagenet_c,defocus_blur,1,none
efficientnet_b4,ILSVRC2012_val_00006618.JPEG,n03788365,669,669,0.4471547,1,imagenet_c,defocus_blur,1,none
efficientnet_b4,ILSVRC2012_val_00007675.JPEG,n03788365,669,669,0.67840904,1,imagenet_c,defocus_blur,1,none
efficientnet_b4,ILSVRC2012_val_00008171.JPEG,n03788365,669,669,0.42447335,1,imagenet_c,defocus_blur,1,none
efficientnet_b4,ILSVRC2012_val_00008243.JPEG,n03788365,669,669,0.62623894,1,imagenet_c,defocus_blur,1,none
efficientnet_b4,ILSVRC2012_val_00009729.JPEG,n03788365,669,669,0.72061986,1,imagenet_c,defocus_blur,1,none
efficientnet_b4,ILSVRC2012_val_00009770.JPEG,n03788365,669,669,0.15254998,1,imagenet_c,defocus_blur,1,none
efficientnet_b4,ILSVRC2012_val_00013059.JPEG,n03788365,669,885,0.19735314,0,imagenet_c,defocus_blur,1,none
efficientnet_b4,ILSVRC2012_val_00014303.JPEG,n03788365,669,669,0.7861809,1,imagenet_c,defocus_blur,1,none
efficientnet_b4,ILSVRC2012_val_00014791.JPEG,n03788365,669,669,0.6835774,1,imagenet_c,defocus_blur,1,none
efficientnet_b4,ILSVRC2012_val_00015031.JPEG,n03788365,669,516,0.6542494,0,imagenet_c,defocus_blur,1,none
efficientnet_b4,ILSVRC2012_val_00015134.JPEG,n03788365,669,669,0.32424188,1,imagenet_c,defocus_blur,1,none
efficientnet_b4,ILSVRC2012_val_00015159.JPEG,n03788365,669,794,0.29792544,0,imagenet_c,defocus_blur,1,none
efficientnet_b4,ILSVRC2012_val_00017081.JPEG,n03788365,669,728,0.055063825,0,imagenet_c,defocus_blur,1,none
efficientnet_b4,ILSVRC2012_val_00017852.JPEG,n03788365,669,669,0.64986193,1,imagenet_c,defocus_blur,1,none
efficientnet_b4,ILSVRC2012_val_00019131.JPEG,n03788365,669,601,0.35312334,0,imagenet_c,defocus_blur,1,none
efficientnet_b4,ILSVRC2012_val_00022181.JPEG,n03788365,669,431,0.081156455,0,imagenet_c,defocus_blur,1,none
efficientnet_b4,ILSVRC2012_val_00022301.JPEG,n03788365,669,669,0.62409824,1,imagenet_c,defocus_blur,1,none
efficientnet_b4,ILSVRC2012_val_00022775.JPEG,n03788365,669,669,0.6977209,1,imagenet_c,defocus_blur,1,none
efficientnet_b4,ILSVRC2012_val_00023306.JPEG,n03788365,669,669,0.7625759,1,imagenet_c,defocus_blur,1,none
efficientnet_b4,ILSVRC2012_val_00024288.JPEG,n03788365,669,669,0.48232105,1,imagenet_c,defocus_blur,1,none
efficientnet_b4,ILSVRC2012_val_00025408.JPEG,n03788365,669,669,0.34840766,1,imagenet_c,defocus_blur,1,none
efficientnet_b4,ILSVRC2012_val_00027564.JPEG,n03788365,669,669,0.5258201,1,imagenet_c,defocus_blur,1,none
efficientnet_b4,ILSVRC2012_val_00028526.JPEG,n03788365,669,978,0.029823506,0,imagenet_c,defocus_blur,1,none
efficientnet_b4,ILSVRC2012_val_00029559.JPEG,n03788365,669,669,0.34691992,1,imagenet_c,defocus_blur,1,none
efficientnet_b4,ILSVRC2012_val_00029655.JPEG,n03788365,669,669,0.35281116,1,imagenet_c,defocus_blur,1,none
efficientnet_b4,ILSVRC2012_val_00031307.JPEG,n03788365,669,669,0.42904505,1,imagenet_c,defocus_blur,1,none
efficientnet_b4,ILSVRC2012_val_00033411.JPEG,n03788365,669,516,0.47982854,0,imagenet_c,defocus_blur,1,none
efficientnet_b4,ILSVRC2012_val_00033511.JPEG,n03788365,669,669,0.65900725,1,imagenet_c,defocus_blur,1,none
efficientnet_b4,ILSVRC2012_val_00034638.JPEG,n03788365,669,669,0.63765144,1,imagenet_c,defocus_blur,1,none
efficientnet_b4,ILSVRC2012_val_00034671.JPEG,n03788365,669,669,0.63660055,1,imagenet_c,defocus_blur,1,none
efficientnet_b4,ILSVRC2012_val_00035222.JPEG,n03788365,669,831,0.03874248,0,imagenet_c,defocus_blur,1,none
efficientnet_b4,ILSVRC2012_val_00035376.JPEG,n03788365,669,669,0.5203547,1,imagenet_c,defocus_blur,1,none
efficientnet_b4,ILSVRC2012_val_00038574.JPEG,n03788365,669,793,0.037230957,0,imagenet_c,defocus_blur,1,none
efficientnet_b4,ILSVRC2012_val_00040226.JPEG,n03788365,669,516,0.2507134,0,imagenet_c,defocus_blur,1,none
efficientnet_b4,ILSVRC2012_val_00041333.JPEG,n03788365,669,669,0.12537415,1,imagenet_c,defocus_blur,1,none
efficientnet_b4,ILSVRC2012_val_00042450.JPEG,n03788365,669,669,0.7826234,1,imagenet_c,defocus_blur,1,none
efficientnet_b4,ILSVRC2012_val_00044230.JPEG,n03788365,669,669,0.7306192,1,imagenet_c,defocus_blur,1,none
efficientnet_b4,ILSVRC2012_val_00044292.JPEG,n03788365,669,669,0.42570928,1,imagenet_c,defocus_blur,1,none
efficientnet_b4,ILSVRC2012_val_00045540.JPEG,n03788365,669,672,0.31547216,0,imagenet_c,defocus_blur,1,none
efficientnet_b4,ILSVRC2012_val_00046284.JPEG,n03788365,669,669,0.5597844,1,imagenet_c,defocus_blur,1,none
efficientnet_b4,ILSVRC2012_val_00049149.JPEG,n03788365,669,669,0.7232311,1,imagenet_c,defocus_blur,1,none
efficientnet_b4,ILSVRC2012_val_00001892.JPEG,n03791053,670,670,0.42980653,1,imagenet_c,defocus_blur,1,none
efficientnet_b4,ILSVRC2012_val_00001965.JPEG,n03791053,670,670,0.2979344,1,imagenet_c,defocus_blur,1,none
efficientnet_b4,ILSVRC2012_val_00001980.JPEG,n03791053,670,670,0.34891608,1,imagenet_c,defocus_blur,1,none
efficientnet_b4,ILSVRC2012_val_00003879.JPEG,n03791053,670,670,0.24114142,1,imagenet_c,defocus_blur,1,none
efficientnet_b4,ILSVRC2012_val_00004465.JPEG,n03791053,670,670,0.42790532,1,imagenet_c,defocus_blur,1,none
efficientnet_b4,ILSVRC2012_val_00004619.JPEG,n03791053,670,670,0.23586395,1,imagenet_c,defocus_blur,1,none
efficientnet_b4,ILSVRC2012_val_00004789.JPEG,n03791053,670,670,0.30133203,1,imagenet_c,defocus_blur,1,none
efficientnet_b4,ILSVRC2012_val_00005644.JPEG,n03791053,670,670,0.41381884,1,imagenet_c,defocus_blur,1,none
efficientnet_b4,ILSVRC2012_val_00007523.JPEG,n03791053,670,670,0.3064722,1,imagenet_c,defocus_blur,1,none
efficientnet_b4,ILSVRC2012_val_00008959.JPEG,n03791053,670,670,0.38055676,1,imagenet_c,defocus_blur,1,none
efficientnet_b4,ILSVRC2012_val_00009285.JPEG,n03791053,670,670,0.2975291,1,imagenet_c,defocus_blur,1,none
efficientnet_b4,ILSVRC2012_val_00010227.JPEG,n03791053,670,670,0.33352974,1,imagenet_c,defocus_blur,1,none
efficientnet_b4,ILSVRC2012_val_00010636.JPEG,n03791053,670,670,0.34400645,1,imagenet_c,defocus_blur,1,none
efficientnet_b4,ILSVRC2012_val_00011611.JPEG,n03791053,670,433,0.07034024,0,imagenet_c,defocus_blur,1,none
efficientnet_b4,ILSVRC2012_val_00014286.JPEG,n03791053,670,670,0.22546622,1,imagenet_c,defocus_blur,1,none
efficientnet_b4,ILSVRC2012_val_00015484.JPEG,n03791053,670,575,0.4609653,0,imagenet_c,defocus_blur,1,none
efficientnet_b4,ILSVRC2012_val_00016338.JPEG,n03791053,670,670,0.4986869,1,imagenet_c,defocus_blur,1,none
efficientnet_b4,ILSVRC2012_val_00016364.JPEG,n03791053,670,670,0.35811943,1,imagenet_c,defocus_blur,1,none
efficientnet_b4,ILSVRC2012_val_00016453.JPEG,n03791053,670,648,0.03539232,0,imagenet_c,defocus_blur,1,none
efficientnet_b4,ILSVRC2012_val_00016491.JPEG,n03791053,670,670,0.4705423,1,imagenet_c,defocus_blur,1,none
efficientnet_b4,ILSVRC2012_val_00016880.JPEG,n03791053,670,670,0.447621,1,imagenet_c,defocus_blur,1,none
efficientnet_b4,ILSVRC2012_val_00018315.JPEG,n03791053,670,670,0.300623,1,imagenet_c,defocus_blur,1,none
efficientnet_b4,ILSVRC2012_val_00018448.JPEG,n03791053,670,670,0.48013788,1,imagenet_c,defocus_blur,1,none
efficientnet_b4,ILSVRC2012_val_00022401.JPEG,n03791053,670,670,0.33799994,1,imagenet_c,defocus_blur,1,none
efficientnet_b4,ILSVRC2012_val_00022929.JPEG,n03791053,670,670,0.37005013,1,imagenet_c,defocus_blur,1,none
efficientnet_b4,ILSVRC2012_val_00023687.JPEG,n03791053,670,670,0.25661877,1,imagenet_c,defocus_blur,1,none
efficientnet_b4,ILSVRC2012_val_00024929.JPEG,n03791053,670,670,0.38195267,1,imagenet_c,defocus_blur,1,none
efficientnet_b4,ILSVRC2012_val_00027886.JPEG,n03791053,670,670,0.3543398,1,imagenet_c,defocus_blur,1,none
efficientnet_b4,ILSVRC2012_val_00028108.JPEG,n03791053,670,670,0.39612022,1,imagenet_c,defocus_blur,1,none
efficientnet_b4,ILSVRC2012_val_00030174.JPEG,n03791053,670,670,0.16972318,1,imagenet_c,defocus_blur,1,none
efficientnet_b4,ILSVRC2012_val_00030997.JPEG,n03791053,670,670,0.44134012,1,imagenet_c,defocus_blur,1,none
efficientnet_b4,ILSVRC2012_val_00033956.JPEG,n03791053,670,665,0.23162676,0,imagenet_c,defocus_blur,1,none
efficientnet_b4,ILSVRC2012_val_00036806.JPEG,n03791053,670,670,0.34266096,1,imagenet_c,defocus_blur,1,none
efficientnet_b4,ILSVRC2012_val_00036916.JPEG,n03791053,670,670,0.3916027,1,imagenet_c,defocus_blur,1,none
efficientnet_b4,ILSVRC2012_val_00037060.JPEG,n03791053,670,670,0.27963877,1,imagenet_c,defocus_blur,1,none
efficientnet_b4,ILSVRC2012_val_00037320.JPEG,n03791053,670,670,0.25813103,1,imagenet_c,defocus_blur,1,none
efficientnet_b4,ILSVRC2012_val_00038473.JPEG,n03791053,670,670,0.27109036,1,imagenet_c,defocus_blur,1,none
efficientnet_b4,ILSVRC2012_val_00038689.JPEG,n03791053,670,670,0.36751416,1,imagenet_c,defocus_blur,1,none
efficientnet_b4,ILSVRC2012_val_00039358.JPEG,n03791053,670,670,0.37294352,1,imagenet_c,defocus_blur,1,none
efficientnet_b4,ILSVRC2012_val_00042747.JPEG,n03791053,670,670,0.2925136,1,imagenet_c,defocus_blur,1,none
efficientnet_b4,ILSVRC2012_val_00043373.JPEG,n03791053,670,670,0.15130189,1,imagenet_c,defocus_blur,1,none
efficientnet_b4,ILSVRC2012_val_00043402.JPEG,n03791053,670,670,0.19555093,1,imagenet_c,defocus_blur,1,none
efficientnet_b4,ILSVRC2012_val_00043594.JPEG,n03791053,670,518,0.48642752,0,imagenet_c,defocus_blur,1,none
efficientnet_b4,ILSVRC2012_val_00045153.JPEG,n03791053,670,670,0.10550519,1,imagenet_c,defocus_blur,1,none
efficientnet_b4,ILSVRC2012_val_00045182.JPEG,n03791053,670,424,0.05894905,0,imagenet_c,defocus_blur,1,none
efficientnet_b4,ILSVRC2012_val_00045359.JPEG,n03791053,670,670,0.55891764,1,imagenet_c,defocus_blur,1,none
efficientnet_b4,ILSVRC2012_val_00046259.JPEG,n03791053,670,670,0.18208562,1,imagenet_c,defocus_blur,1,none
efficientnet_b4,ILSVRC2012_val_00046394.JPEG,n03791053,670,670,0.2845171,1,imagenet_c,defocus_blur,1,none
efficientnet_b4,ILSVRC2012_val_00046855.JPEG,n03791053,670,665,0.24075457,0,imagenet_c,defocus_blur,1,none
efficientnet_b4,ILSVRC2012_val_00049655.JPEG,n03791053,670,665,0.3124287,0,imagenet_c,defocus_blur,1,none
efficientnet_b4,ILSVRC2012_val_00001659.JPEG,n03792782,671,671,0.2647279,1,imagenet_c,defocus_blur,1,none
efficientnet_b4,ILSVRC2012_val_00001661.JPEG,n03792782,671,671,0.24818297,1,imagenet_c,defocus_blur,1,none
efficientnet_b4,ILSVRC2012_val_00003873.JPEG,n03792782,671,671,0.5190798,1,imagenet_c,defocus_blur,1,none
efficientnet_b4,ILSVRC2012_val_00004147.JPEG,n03792782,671,671,0.33091077,1,imagenet_c,defocus_blur,1,none
efficientnet_b4,ILSVRC2012_val_00005303.JPEG,n03792782,671,671,0.58749926,1,imagenet_c,defocus_blur,1,none
efficientnet_b4,ILSVRC2012_val_00005330.JPEG,n03792782,671,671,0.30969414,1,imagenet_c,defocus_blur,1,none
efficientnet_b4,ILSVRC2012_val_00005546.JPEG,n03792782,671,671,0.2634609,1,imagenet_c,defocus_blur,1,none
efficientnet_b4,ILSVRC2012_val_00006158.JPEG,n03792782,671,671,0.5089989,1,imagenet_c,defocus_blur,1,none
efficientnet_b4,ILSVRC2012_val_00011329.JPEG,n03792782,671,671,0.6166789,1,imagenet_c,defocus_blur,1,none
efficientnet_b4,ILSVRC2012_val_00011330.JPEG,n03792782,671,880,0.20134473,0,imagenet_c,defocus_blur,1,none
efficientnet_b4,ILSVRC2012_val_00012096.JPEG,n03792782,671,880,0.11963564,0,imagenet_c,defocus_blur,1,none
efficientnet_b4,ILSVRC2012_val_00015867.JPEG,n03792782,671,671,0.23459882,1,imagenet_c,defocus_blur,1,none
efficientnet_b4,ILSVRC2012_val_00016815.JPEG,n03792782,671,671,0.51265013,1,imagenet_c,defocus_blur,1,none
efficientnet_b4,ILSVRC2012_val_00017103.JPEG,n03792782,671,671,0.5867073,1,imagenet_c,defocus_blur,1,none
efficientnet_b4,ILSVRC2012_val_00018015.JPEG,n03792782,671,671,0.13603668,1,imagenet_c,defocus_blur,1,none
efficientnet_b4,ILSVRC2012_val_00018074.JPEG,n03792782,671,671,0.4332069,1,imagenet_c,defocus_blur,1,none
efficientnet_b4,ILSVRC2012_val_00018304.JPEG,n03792782,671,671,0.32371664,1,imagenet_c,defocus_blur,1,none
efficientnet_b4,ILSVRC2012_val_00019203.JPEG,n03792782,671,671,0.42218196,1,imagenet_c,defocus_blur,1,none
efficientnet_b4,ILSVRC2012_val_00019513.JPEG,n03792782,671,671,0.37405685,1,imagenet_c,defocus_blur,1,none
efficientnet_b4,ILSVRC2012_val_00020631.JPEG,n03792782,671,671,0.4082867,1,imagenet_c,defocus_blur,1,none
efficientnet_b4,ILSVRC2012_val_00024105.JPEG,n03792782,671,444,0.27715668,0,imagenet_c,defocus_blur,1,none
efficientnet_b4,ILSVRC2012_val_00024517.JPEG,n03792782,671,970,0.17964822,0,imagenet_c,defocus_blur,1,none
efficientnet_b4,ILSVRC2012_val_00027449.JPEG,n03792782,671,671,0.15506156,1,imagenet_c,defocus_blur,1,none
efficientnet_b4,ILSVRC2012_val_00028824.JPEG,n03792782,671,444,0.40137914,0,imagenet_c,defocus_blur,1,none
efficientnet_b4,ILSVRC2012_val_00029396.JPEG,n03792782,671,671,0.30276713,1,imagenet_c,defocus_blur,1,none
efficientnet_b4,ILSVRC2012_val_00029509.JPEG,n03792782,671,671,0.5368616,1,imagenet_c,defocus_blur,1,none
efficientnet_b4,ILSVRC2012_val_00030112.JPEG,n03792782,671,671,0.44626576,1,imagenet_c,defocus_blur,1,none
efficientnet_b4,ILSVRC2012_val_00030892.JPEG,n03792782,671,671,0.5484451,1,imagenet_c,defocus_blur,1,none
efficientnet_b4,ILSVRC2012_val_00031485.JPEG,n03792782,671,671,0.51672965,1,imagenet_c,defocus_blur,1,none
efficientnet_b4,ILSVRC2012_val_00032009.JPEG,n03792782,671,671,0.4576889,1,imagenet_c,defocus_blur,1,none
efficientnet_b4,ILSVRC2012_val_00032967.JPEG,n03792782,671,671,0.15171693,1,imagenet_c,defocus_blur,1,none
efficientnet_b4,ILSVRC2012_val_00033757.JPEG,n03792782,671,671,0.63975215,1,imagenet_c,defocus_blur,1,none
efficientnet_b4,ILSVRC2012_val_00036119.JPEG,n03792782,671,671,0.59666944,1,imagenet_c,defocus_blur,1,none
efficientnet_b4,ILSVRC2012_val_00036678.JPEG,n03792782,671,671,0.110370845,1,imagenet_c,defocus_blur,1,none
efficientnet_b4,ILSVRC2012_val_00037438.JPEG,n03792782,671,671,0.5232138,1,imagenet_c,defocus_blur,1,none
efficientnet_b4,ILSVRC2012_val_00040230.JPEG,n03792782,671,646,0.15363798,0,imagenet_c,defocus_blur,1,none
efficientnet_b4,ILSVRC2012_val_00040237.JPEG,n03792782,671,671,0.1355506,1,imagenet_c,defocus_blur,1,none
efficientnet_b4,ILSVRC2012_val_00041265.JPEG,n03792782,671,880,0.042345252,0,imagenet_c,defocus_blur,1,none
efficientnet_b4,ILSVRC2012_val_00042393.JPEG,n03792782,671,671,0.3427159,1,imagenet_c,defocus_blur,1,none
efficientnet_b4,ILSVRC2012_val_00042426.JPEG,n03792782,671,671,0.5966989,1,imagenet_c,defocus_blur,1,none
efficientnet_b4,ILSVRC2012_val_00042457.JPEG,n03792782,671,671,0.43934536,1,imagenet_c,defocus_blur,1,none
efficientnet_b4,ILSVRC2012_val_00043207.JPEG,n03792782,671,671,0.63895845,1,imagenet_c,defocus_blur,1,none
efficientnet_b4,ILSVRC2012_val_00043403.JPEG,n03792782,671,671,0.08268072,1,imagenet_c,defocus_blur,1,none
efficientnet_b4,ILSVRC2012_val_00044080.JPEG,n03792782,671,671,0.5422772,1,imagenet_c,defocus_blur,1,none
efficientnet_b4,ILSVRC2012_val_00044560.JPEG,n03792782,671,671,0.386762,1,imagenet_c,defocus_blur,1,none
efficientnet_b4,ILSVRC2012_val_00045152.JPEG,n03792782,671,671,0.2968379,1,imagenet_c,defocus_blur,1,none
efficientnet_b4,ILSVRC2012_val_00046549.JPEG,n03792782,671,671,0.28101772,1,imagenet_c,defocus_blur,1,none
efficientnet_b4,ILSVRC2012_val_00046987.JPEG,n03792782,671,671,0.33577472,1,imagenet_c,defocus_blur,1,none
efficientnet_b4,ILSVRC2012_val_00049001.JPEG,n03792782,671,970,0.14254269,0,imagenet_c,defocus_blur,1,none
efficientnet_b4,ILSVRC2012_val_00049750.JPEG,n03792782,671,671,0.37201494,1,imagenet_c,defocus_blur,1,none
efficientnet_b4,ILSVRC2012_val_00002082.JPEG,n03792972,672,672,0.6337237,1,imagenet_c,defocus_blur,1,none
efficientnet_b4,ILSVRC2012_val_00002528.JPEG,n03792972,672,672,0.4457997,1,imagenet_c,defocus_blur,1,none
efficientnet_b4,ILSVRC2012_val_00005115.JPEG,n03792972,672,672,0.18684332,1,imagenet_c,defocus_blur,1,none
efficientnet_b4,ILSVRC2012_val_00006259.JPEG,n03792972,672,672,0.40523252,1,imagenet_c,defocus_blur,1,none
efficientnet_b4,ILSVRC2012_val_00012130.JPEG,n03792972,672,636,0.13354492,0,imagenet_c,defocus_blur,1,none
efficientnet_b4,ILSVRC2012_val_00012373.JPEG,n03792972,672,672,0.37582666,1,imagenet_c,defocus_blur,1,none
efficientnet_b4,ILSVRC2012_val_00013241.JPEG,n03792972,672,672,0.509512,1,imagenet_c,defocus_blur,1,none
efficientnet_b4,ILSVRC2012_val_00013478.JPEG,n03792972,672,672,0.43008012,1,imagenet_c,defocus_blur,1,none
efficientnet_b4,ILSVRC2012_val_00016419.JPEG,n03792972,672,672,0.12291655,1,imagenet_c,defocus_blur,1,none
efficientnet_b4,ILSVRC2012_val_00016994.JPEG,n03792972,672,970,0.12971242,0,imagenet_c,defocus_blur,1,none
efficientnet_b4,ILSVRC2012_val_00017985.JPEG,n03792972,672,672,0.44587308,1,imagenet_c,defocus_blur,1,none
efficientnet_b4,ILSVRC2012_val_00020541.JPEG,n03792972,672,672,0.26406017,1,imagenet_c,defocus_blur,1,none
efficientnet_b4,ILSVRC2012_val_00020645.JPEG,n03792972,672,672,0.39650616,1,imagenet_c,defocus_blur,1,none
efficientnet_b4,ILSVRC2012_val_00021271.JPEG,n03792972,672,672,0.6567398,1,imagenet_c,defocus_blur,1,none
efficientnet_b4,ILSVRC2012_val_00022677.JPEG,n03792972,672,672,0.7595403,1,imagenet_c,defocus_blur,1,none
efficientnet_b4,ILSVRC2012_val_00024316.JPEG,n03792972,672,672,0.5540475,1,imagenet_c,defocus_blur,1,none
efficientnet_b4,ILSVRC2012_val_00025331.JPEG,n03792972,672,672,0.56979233,1,imagenet_c,defocus_blur,1,none
efficientnet_b4,ILSVRC2012_val_00025552.JPEG,n03792972,672,672,0.7645772,1,imagenet_c,defocus_blur,1,none
efficientnet_b4,ILSVRC2012_val_00026469.JPEG,n03792972,672,672,0.5283078,1,imagenet_c,defocus_blur,1,none
efficientnet_b4,ILSVRC2012_val_00027068.JPEG,n03792972,672,672,0.52069753,1,imagenet_c,defocus_blur,1,none
efficientnet_b4,ILSVRC2012_val_00027186.JPEG,n03792972,672,672,0.46708593,1,imagenet_c,defocus_blur,1,none
efficientnet_b4,ILSVRC2012_val_00028046.JPEG,n03792972,672,672,0.4267784,1,imagenet_c,defocus_blur,1,none
efficientnet_b4,ILSVRC2012_val_00028281.JPEG,n03792972,672,672,0.11776189,1,imagenet_c,defocus_blur,1,none
efficientnet_b4,ILSVRC2012_val_00028719.JPEG,n03792972,672,672,0.5793553,1,imagenet_c,defocus_blur,1,none
efficientnet_b4,ILSVRC2012_val_00028817.JPEG,n03792972,672,672,0.34528735,1,imagenet_c,defocus_blur,1,none
efficientnet_b4,ILSVRC2012_val_00029884.JPEG,n03792972,672,672,0.5928316,1,imagenet_c,defocus_blur,1,none
efficientnet_b4,ILSVRC2012_val_00032531.JPEG,n03792972,672,672,0.52111673,1,imagenet_c,defocus_blur,1,none
efficientnet_b4,ILSVRC2012_val_00033739.JPEG,n03792972,672,672,0.45824784,1,imagenet_c,defocus_blur,1,none
efficientnet_b4,ILSVRC2012_val_00033840.JPEG,n03792972,672,672,0.69096637,1,imagenet_c,defocus_blur,1,none
efficientnet_b4,ILSVRC2012_val_00034475.JPEG,n03792972,672,672,0.5030322,1,imagenet_c,defocus_blur,1,none
efficientnet_b4,ILSVRC2012_val_00034853.JPEG,n03792972,672,672,0.46982044,1,imagenet_c,defocus_blur,1,none
efficientnet_b4,ILSVRC2012_val_00036701.JPEG,n03792972,672,672,0.39786494,1,imagenet_c,defocus_blur,1,none
efficientnet_b4,ILSVRC2012_val_00037284.JPEG,n03792972,672,672,0.5981253,1,imagenet_c,defocus_blur,1,none
efficientnet_b4,ILSVRC2012_val_00038077.JPEG,n03792972,672,672,0.42705277,1,imagenet_c,defocus_blur,1,none
efficientnet_b4,ILSVRC2012_val_00038176.JPEG,n03792972,672,672,0.65583974,1,imagenet_c,defocus_blur,1,none
efficientnet_b4,ILSVRC2012_val_00039690.JPEG,n03792972,672,672,0.30407575,1,imagenet_c,defocus_blur,1,none
efficientnet_b4,ILSVRC2012_val_00041295.JPEG,n03792972,672,112,0.29226354,0,imagenet_c,defocus_blur,1,none
efficientnet_b4,ILSVRC2012_val_00041666.JPEG,n03792972,672,672,0.594813,1,imagenet_c,defocus_blur,1,none
efficientnet_b4,ILSVRC2012_val_00041997.JPEG,n03792972,672,672,0.66883564,1,imagenet_c,defocus_blur,1,none
efficientnet_b4,ILSVRC2012_val_00042192.JPEG,n03792972,672,672,0.5495085,1,imagenet_c,defocus_blur,1,none
efficientnet_b4,ILSVRC2012_val_00042646.JPEG,n03792972,672,672,0.6219122,1,imagenet_c,defocus_blur,1,none
efficientnet_b4,ILSVRC2012_val_00044724.JPEG,n03792972,672,672,0.46068907,1,imagenet_c,defocus_blur,1,none
efficientnet_b4,ILSVRC2012_val_00045084.JPEG,n03792972,672,672,0.7474023,1,imagenet_c,defocus_blur,1,none
efficientnet_b4,ILSVRC2012_val_00045159.JPEG,n03792972,672,537,0.117469065,0,imagenet_c,defocus_blur,1,none
efficientnet_b4,ILSVRC2012_val_00045315.JPEG,n03792972,672,619,0.20769122,0,imagenet_c,defocus_blur,1,none
efficientnet_b4,ILSVRC2012_val_00045412.JPEG,n03792972,672,672,0.44174266,1,imagenet_c,defocus_blur,1,none
efficientnet_b4,ILSVRC2012_val_00045705.JPEG,n03792972,672,672,0.37905347,1,imagenet_c,defocus_blur,1,none
efficientnet_b4,ILSVRC2012_val_00048211.JPEG,n03792972,672,672,0.1968879,1,imagenet_c,defocus_blur,1,none
efficientnet_b4,ILSVRC2012_val_00049597.JPEG,n03792972,672,672,0.3422766,1,imagenet_c,defocus_blur,1,none
efficientnet_b4,ILSVRC2012_val_00049648.JPEG,n03792972,672,672,0.799769,1,imagenet_c,defocus_blur,1,none
efficientnet_b4,ILSVRC2012_val_00000803.JPEG,n03793489,673,798,0.15812357,0,imagenet_c,defocus_blur,1,none
efficientnet_b4,ILSVRC2012_val_00000846.JPEG,n03793489,673,641,0.23213445,0,imagenet_c,defocus_blur,1,none
efficientnet_b4,ILSVRC2012_val_00000927.JPEG,n03793489,673,704,0.1824564,0,imagenet_c,defocus_blur,1,none
efficientnet_b4,ILSVRC2012_val_00003120.JPEG,n03793489,673,673,0.1795661,1,imagenet_c,defocus_blur,1,none
efficientnet_b4,ILSVRC2012_val_00003970.JPEG,n03793489,673,681,0.12211469,0,imagenet_c,defocus_blur,1,none
efficientnet_b4,ILSVRC2012_val_00004642.JPEG,n03793489,673,673,0.16759352,1,imagenet_c,defocus_blur,1,none
efficientnet_b4,ILSVRC2012_val_00006070.JPEG,n03793489,673,673,0.28717473,1,imagenet_c,defocus_blur,1,none
efficientnet_b4,ILSVRC2012_val_00007175.JPEG,n03793489,673,673,0.5254279,1,imagenet_c,defocus_blur,1,none
efficientnet_b4,ILSVRC2012_val_00009735.JPEG,n03793489,673,527,0.39424908,0,imagenet_c,defocus_blur,1,none
efficientnet_b4,ILSVRC2012_val_00012280.JPEG,n03793489,673,673,0.18025057,1,imagenet_c,defocus_blur,1,none
efficientnet_b4,ILSVRC2012_val_00012780.JPEG,n03793489,673,673,0.6211567,1,imagenet_c,defocus_blur,1,none
efficientnet_b4,ILSVRC2012_val_00013161.JPEG,n03793489,673,620,0.25598088,0,imagenet_c,defocus_blur,1,none
efficientnet_b4,ILSVRC2012_val_00013616.JPEG,n03793489,673,673,0.42951772,1,imagenet_c,defocus_blur,1,none
efficientnet_b4,ILSVRC2012_val_00013906.JPEG,n03793489,673,673,0.46466425,1,imagenet_c,defocus_blur,1,none
efficientnet_b4,ILSVRC2012_val_00014424.JPEG,n03793489,673,527,0.17212863,0,imagenet_c,defocus_blur,1,none
efficientnet_b4,ILSVRC2012_val_00015375.JPEG,n03793489,673,782,0.07396746,0,imagenet_c,defocus_blur,1,none
efficientnet_b4,ILSVRC2012_val_00015472.JPEG,n03793489,673,527,0.09486737,0,imagenet_c,defocus_blur,1,none
efficientnet_b4,ILSVRC2012_val_00017480.JPEG,n03793489,673,749,0.115994066,0,imagenet_c,defocus_blur,1,none
efficientnet_b4,ILSVRC2012_val_00017816.JPEG,n03793489,673,508,0.11925109,0,imagenet_c,defocus_blur,1,none
efficientnet_b4,ILSVRC2012_val_00018677.JPEG,n03793489,673,674,0.6117638,0,imagenet_c,defocus_blur,1,none
efficientnet_b4,ILSVRC2012_val_00018734.JPEG,n03793489,673,924,0.15130264,0,imagenet_c,defocus_blur,1,none
efficientnet_b4,ILSVRC2012_val_00021458.JPEG,n03793489,673,673,0.13648924,1,imagenet_c,defocus_blur,1,none
efficientnet_b4,ILSVRC2012_val_00022300.JPEG,n03793489,673,673,0.13356261,1,imagenet_c,defocus_blur,1,none
efficientnet_b4,ILSVRC2012_val_00022389.JPEG,n03793489,673,891,0.16535747,0,imagenet_c,defocus_blur,1,none
efficientnet_b4,ILSVRC2012_val_00023120.JPEG,n03793489,673,508,0.23409967,0,imagenet_c,defocus_blur,1,none
efficientnet_b4,ILSVRC2012_val_00023904.JPEG,n03793489,673,527,0.15755229,0,imagenet_c,defocus_blur,1,none
efficientnet_b4,ILSVRC2012_val_00026095.JPEG,n03793489,673,673,0.38257614,1,imagenet_c,defocus_blur,1,none
efficientnet_b4,ILSVRC2012_val_00026639.JPEG,n03793489,673,613,0.052264724,0,imagenet_c,defocus_blur,1,none
efficientnet_b4,ILSVRC2012_val_00027014.JPEG,n03793489,673,673,0.32783005,1,imagenet_c,defocus_blur,1,none
efficientnet_b4,ILSVRC2012_val_00027734.JPEG,n03793489,673,673,0.23320195,1,imagenet_c,defocus_blur,1,none
efficientnet_b4,ILSVRC2012_val_00029770.JPEG,n03793489,673,688,0.17125168,0,imagenet_c,defocus_blur,1,none
efficientnet_b4,ILSVRC2012_val_00029924.JPEG,n03793489,673,518,0.080009915,0,imagenet_c,defocus_blur,1,none
efficientnet_b4,ILSVRC2012_val_00030565.JPEG,n03793489,673,527,0.23450981,0,imagenet_c,defocus_blur,1,none
efficientnet_b4,ILSVRC2012_val_00031394.JPEG,n03793489,673,519,0.24445015,0,imagenet_c,defocus_blur,1,none
efficientnet_b4,ILSVRC2012_val_00032713.JPEG,n03793489,673,527,0.2971331,0,imagenet_c,defocus_blur,1,none
efficientnet_b4,ILSVRC2012_val_00032891.JPEG,n03793489,673,681,0.35100636,0,imagenet_c,defocus_blur,1,none
efficientnet_b4,ILSVRC2012_val_00036387.JPEG,n03793489,673,851,0.063751526,0,imagenet_c,defocus_blur,1,none
efficientnet_b4,ILSVRC2012_val_00039149.JPEG,n03793489,673,909,0.18600675,0,imagenet_c,defocus_blur,1,none
efficientnet_b4,ILSVRC2012_val_00039420.JPEG,n03793489,673,673,0.3553536,1,imagenet_c,defocus_blur,1,none
efficientnet_b4,ILSVRC2012_val_00040362.JPEG,n03793489,673,774,0.1006311,0,imagenet_c,defocus_blur,1,none
efficientnet_b4,ILSVRC2012_val_00040635.JPEG,n03793489,673,673,0.15877849,1,imagenet_c,defocus_blur,1,none
efficientnet_b4,ILSVRC2012_val_00040828.JPEG,n03793489,673,527,0.27580085,0,imagenet_c,defocus_blur,1,none
efficientnet_b4,ILSVRC2012_val_00040868.JPEG,n03793489,673,673,0.40642527,1,imagenet_c,defocus_blur,1,none
efficientnet_b4,ILSVRC2012_val_00043712.JPEG,n03793489,673,526,0.2733361,0,imagenet_c,defocus_blur,1,none
efficientnet_b4,ILSVRC2012_val_00045539.JPEG,n03793489,673,837,0.14080845,0,imagenet_c,defocus_blur,1,none
efficientnet_b4,ILSVRC2012_val_00045856.JPEG,n03793489,673,600,0.040774595,0,imagenet_c,defocus_blur,1,none
efficientnet_b4,ILSVRC2012_val_00046098.JPEG,n03793489,673,782,0.14138548,0,imagenet_c,defocus_blur,1,none
efficientnet_b4,ILSVRC2012_val_00048402.JPEG,n03793489,673,673,0.67279285,1,imagenet_c,defocus_blur,1,none
efficientnet_b4,ILSVRC2012_val_00048819.JPEG,n03793489,673,673,0.52914804,1,imagenet_c,defocus_blur,1,none
efficientnet_b4,ILSVRC2012_val_00049330.JPEG,n03793489,673,782,0.23209414,0,imagenet_c,defocus_blur,1,none
efficientnet_b4,ILSVRC2012_val_00000009.JPEG,n03794056,674,674,0.2037038,1,imagenet_c,defocus_blur,1,none
efficientnet_b4,ILSVRC2012_val_00000430.JPEG,n03794056,674,674,0.5768591,1,imagenet_c,defocus_blur,1,none
efficientnet_b4,ILSVRC2012_val_00002087.JPEG,n03794056,674,673,0.12701523,0,imagenet_c,defocus_blur,1,none
efficientnet_b4,ILSVRC2012_val_00003270.JPEG,n03794056,674,674,0.57705903,1,imagenet_c,defocus_blur,1,none
efficientnet_b4,ILSVRC2012_val_00005435.JPEG,n03794056,674,674,0.76425946,1,imagenet_c,defocus_blur,1,none
efficientnet_b4,ILSVRC2012_val_00005987.JPEG,n03794056,674,674,0.79136443,1,imagenet_c,defocus_blur,1,none
efficientnet_b4,ILSVRC2012_val_00006841.JPEG,n03794056,674,674,0.49710935,1,imagenet_c,defocus_blur,1,none
efficientnet_b4,ILSVRC2012_val_00009087.JPEG,n03794056,674,674,0.8557545,1,imagenet_c,defocus_blur,1,none
efficientnet_b4,ILSVRC2012_val_00009498.JPEG,n03794056,674,674,0.5956199,1,imagenet_c,defocus_blur,1,none
efficientnet_b4,ILSVRC2012_val_00009802.JPEG,n03794056,674,674,0.7305792,1,imagenet_c,defocus_blur,1,none
efficientnet_b4,ILSVRC2012_val_00011238.JPEG,n03794056,674,877,0.09290115,0,imagenet_c,defocus_blur,1,none
efficientnet_b4,ILSVRC2012_val_00014455.JPEG,n03794056,674,674,0.730624,1,imagenet_c,defocus_blur,1,none
efficientnet_b4,ILSVRC2012_val_00015137.JPEG,n03794056,674,674,0.61777943,1,imagenet_c,defocus_blur,1,none
efficientnet_b4,ILSVRC2012_val_00016232.JPEG,n03794056,674,674,0.91626865,1,imagenet_c,defocus_blur,1,none
efficientnet_b4,ILSVRC2012_val_00018002.JPEG,n03794056,674,674,0.49698707,1,imagenet_c,defocus_blur,1,none
efficientnet_b4,ILSVRC2012_val_00018129.JPEG,n03794056,674,674,0.5429312,1,imagenet_c,defocus_blur,1,none
efficientnet_b4,ILSVRC2012_val_00019761.JPEG,n03794056,674,674,0.34555256,1,imagenet_c,defocus_blur,1,none
efficientnet_b4,ILSVRC2012_val_00020103.JPEG,n03794056,674,674,0.7104782,1,imagenet_c,defocus_blur,1,none
efficientnet_b4,ILSVRC2012_val_00020381.JPEG,n03794056,674,106,0.47460434,0,imagenet_c,defocus_blur,1,none
efficientnet_b4,ILSVRC2012_val_00020873.JPEG,n03794056,674,674,0.54257506,1,imagenet_c,defocus_blur,1,none
efficientnet_b4,ILSVRC2012_val_00020880.JPEG,n03794056,674,674,0.60425234,1,imagenet_c,defocus_blur,1,none
efficientnet_b4,ILSVRC2012_val_00022616.JPEG,n03794056,674,674,0.7185954,1,imagenet_c,defocus_blur,1,none
efficientnet_b4,ILSVRC2012_val_00022828.JPEG,n03794056,674,674,0.43740842,1,imagenet_c,defocus_blur,1,none
efficientnet_b4,ILSVRC2012_val_00023835.JPEG,n03794056,674,674,0.39032653,1,imagenet_c,defocus_blur,1,none
efficientnet_b4,ILSVRC2012_val_00023974.JPEG,n03794056,674,674,0.85932386,1,imagenet_c,defocus_blur,1,none
efficientnet_b4,ILSVRC2012_val_00024361.JPEG,n03794056,674,674,0.22348815,1,imagenet_c,defocus_blur,1,none
efficientnet_b4,ILSVRC2012_val_00025274.JPEG,n03794056,674,674,0.6029699,1,imagenet_c,defocus_blur,1,none
efficientnet_b4,ILSVRC2012_val_00025732.JPEG,n03794056,674,902,0.16460533,0,imagenet_c,defocus_blur,1,none
efficientnet_b4,ILSVRC2012_val_00028156.JPEG,n03794056,674,674,0.06629005,1,imagenet_c,defocus_blur,1,none
efficientnet_b4,ILSVRC2012_val_00030945.JPEG,n03794056,674,674,0.34586436,1,imagenet_c,defocus_blur,1,none
efficientnet_b4,ILSVRC2012_val_00031211.JPEG,n03794056,674,674,0.80334437,1,imagenet_c,defocus_blur,1,none
efficientnet_b4,ILSVRC2012_val_00032286.JPEG,n03794056,674,674,0.6303931,1,imagenet_c,defocus_blur,1,none
efficientnet_b4,ILSVRC2012_val_00033083.JPEG,n03794056,674,674,0.69732106,1,imagenet_c,defocus_blur,1,none
efficientnet_b4,ILSVRC2012_val_00034073.JPEG,n03794056,674,674,0.54534197,1,imagenet_c,defocus_blur,1,none
efficientnet_b4,ILSVRC2012_val_00034092.JPEG,n03794056,674,674,0.59706086,1,imagenet_c,defocus_blur,1,none
efficientnet_b4,ILSVRC2012_val_00034471.JPEG,n03794056,674,674,0.6744386,1,imagenet_c,defocus_blur,1,none
efficientnet_b4,ILSVRC2012_val_00035572.JPEG,n03794056,674,674,0.2530941,1,imagenet_c,defocus_blur,1,none
efficientnet_b4,ILSVRC2012_val_00038435.JPEG,n03794056,674,608,0.14421073,0,imagenet_c,defocus_blur,1,none
efficientnet_b4,ILSVRC2012_val_00039602.JPEG,n03794056,674,674,0.6937105,1,imagenet_c,defocus_blur,1,none
efficientnet_b4,ILSVRC2012_val_00040835.JPEG,n03794056,674,674,0.2083359,1,imagenet_c,defocus_blur,1,none
efficientnet_b4,ILSVRC2012_val_00041794.JPEG,n03794056,674,674,0.67318875,1,imagenet_c,defocus_blur,1,none
efficientnet_b4,ILSVRC2012_val_00044792.JPEG,n03794056,674,674,0.83414316,1,imagenet_c,defocus_blur,1,none
efficientnet_b4,ILSVRC2012_val_00045500.JPEG,n03794056,674,630,0.11640651,0,imagenet_c,defocus_blur,1,none
efficientnet_b4,ILSVRC2012_val_00047199.JPEG,n03794056,674,791,0.11543391,0,imagenet_c,defocus_blur,1,none
efficientnet_b4,ILSVRC2012_val_00048054.JPEG,n03794056,674,674,0.7580962,1,imagenet_c,defocus_blur,1,none
efficientnet_b4,ILSVRC2012_val_00048272.JPEG,n03794056,674,674,0.49153528,1,imagenet_c,defocus_blur,1,none
efficientnet_b4,ILSVRC2012_val_00048611.JPEG,n03794056,674,674,0.62164056,1,imagenet_c,defocus_blur,1,none
efficientnet_b4,ILSVRC2012_val_00048711.JPEG,n03794056,674,674,0.42850143,1,imagenet_c,defocus_blur,1,none
efficientnet_b4,ILSVRC2012_val_00049304.JPEG,n03794056,674,674,0.91899455,1,imagenet_c,defocus_blur,1,none
efficientnet_b4,ILSVRC2012_val_00049431.JPEG,n03794056,674,674,0.47502586,1,imagenet_c,defocus_blur,1,none
efficientnet_b4,ILSVRC2012_val_00000365.JPEG,n03796401,675,675,0.33997127,1,imagenet_c,defocus_blur,1,none
efficientnet_b4,ILSVRC2012_val_00000434.JPEG,n03796401,675,675,0.55452913,1,imagenet_c,defocus_blur,1,none
efficientnet_b4,ILSVRC2012_val_00001753.JPEG,n03796401,675,675,0.68238735,1,imagenet_c,defocus_blur,1,none
efficientnet_b4,ILSVRC2012_val_00001809.JPEG,n03796401,675,675,0.035791222,1,imagenet_c,defocus_blur,1,none
efficientnet_b4,ILSVRC2012_val_00001984.JPEG,n03796401,675,675,0.24606565,1,imagenet_c,defocus_blur,1,none
efficientnet_b4,ILSVRC2012_val_00005422.JPEG,n03796401,675,675,0.5576914,1,imagenet_c,defocus_blur,1,none
efficientnet_b4,ILSVRC2012_val_00005707.JPEG,n03796401,675,675,0.7167837,1,imagenet_c,defocus_blur,1,none
efficientnet_b4,ILSVRC2012_val_00005882.JPEG,n03796401,675,675,0.6170088,1,imagenet_c,defocus_blur,1,none
efficientnet_b4,ILSVRC2012_val_00008394.JPEG,n03796401,675,675,0.5791313,1,imagenet_c,defocus_blur,1,none
efficientnet_b4,ILSVRC2012_val_00008822.JPEG,n03796401,675,654,0.5862426,0,imagenet_c,defocus_blur,1,none
efficientnet_b4,ILSVRC2012_val_00008879.JPEG,n03796401,675,675,0.7877106,1,imagenet_c,defocus_blur,1,none
efficientnet_b4,ILSVRC2012_val_00009793.JPEG,n03796401,675,675,0.31528267,1,imagenet_c,defocus_blur,1,none
efficientnet_b4,ILSVRC2012_val_00010139.JPEG,n03796401,675,867,0.6190575,0,imagenet_c,defocus_blur,1,none
efficientnet_b4,ILSVRC2012_val_00011126.JPEG,n03796401,675,569,0.030370789,0,imagenet_c,defocus_blur,1,none
efficientnet_b4,ILSVRC2012_val_00013011.JPEG,n03796401,675,864,0.3653707,0,imagenet_c,defocus_blur,1,none
efficientnet_b4,ILSVRC2012_val_00015393.JPEG,n03796401,675,675,0.75430286,1,imagenet_c,defocus_blur,1,none
efficientnet_b4,ILSVRC2012_val_00015917.JPEG,n03796401,675,675,0.31092933,1,imagenet_c,defocus_blur,1,none
efficientnet_b4,ILSVRC2012_val_00018799.JPEG,n03796401,675,675,0.20549203,1,imagenet_c,defocus_blur,1,none
efficientnet_b4,ILSVRC2012_val_00021088.JPEG,n03796401,675,675,0.48153856,1,imagenet_c,defocus_blur,1,none
efficientnet_b4,ILSVRC2012_val_00022413.JPEG,n03796401,675,675,0.11439236,1,imagenet_c,defocus_blur,1,none
efficientnet_b4,ILSVRC2012_val_00025080.JPEG,n03796401,675,675,0.5617022,1,imagenet_c,defocus_blur,1,none
efficientnet_b4,ILSVRC2012_val_00025674.JPEG,n03796401,675,675,0.17560807,1,imagenet_c,defocus_blur,1,none
efficientnet_b4,ILSVRC2012_val_00025827.JPEG,n03796401,675,864,0.4798286,0,imagenet_c,defocus_blur,1,none
efficientnet_b4,ILSVRC2012_val_00026301.JPEG,n03796401,675,675,0.8695616,1,imagenet_c,defocus_blur,1,none
efficientnet_b4,ILSVRC2012_val_00027133.JPEG,n03796401,675,675,0.7224323,1,imagenet_c,defocus_blur,1,none
efficientnet_b4,ILSVRC2012_val_00027298.JPEG,n03796401,675,675,0.5304592,1,imagenet_c,defocus_blur,1,none
efficientnet_b4,ILSVRC2012_val_00027892.JPEG,n03796401,675,675,0.18032624,1,imagenet_c,defocus_blur,1,none
efficientnet_b4,ILSVRC2012_val_00028686.JPEG,n03796401,675,675,0.13165204,1,imagenet_c,defocus_blur,1,none
efficientnet_b4,ILSVRC2012_val_00030948.JPEG,n03796401,675,654,0.14571209,0,imagenet_c,defocus_blur,1,none
efficientnet_b4,ILSVRC2012_val_00031141.JPEG,n03796401,675,675,0.5318881,1,imagenet_c,defocus_blur,1,none
efficientnet_b4,ILSVRC2012_val_00031455.JPEG,n03796401,675,867,0.25928447,0,imagenet_c,defocus_blur,1,none
efficientnet_b4,ILSVRC2012_val_00031838.JPEG,n03796401,675,569,0.23149131,0,imagenet_c,defocus_blur,1,none
efficientnet_b4,ILSVRC2012_val_00032190.JPEG,n03796401,675,675,0.72084683,1,imagenet_c,defocus_blur,1,none
efficientnet_b4,ILSVRC2012_val_00032494.JPEG,n03796401,675,475,0.2682606,0,imagenet_c,defocus_blur,1,none
efficientnet_b4,ILSVRC2012_val_00033804.JPEG,n03796401,675,867,0.52912,0,imagenet_c,defocus_blur,1,none
efficientnet_b4,ILSVRC2012_val_00035500.JPEG,n03796401,675,675,0.4895917,1,imagenet_c,defocus_blur,1,none
efficientnet_b4,ILSVRC2012_val_00036699.JPEG,n03796401,675,675,0.73293036,1,imagenet_c,defocus_blur,1,none
efficientnet_b4,ILSVRC2012_val_00037199.JPEG,n03796401,675,675,0.68946564,1,imagenet_c,defocus_blur,1,none
efficientnet_b4,ILSVRC2012_val_00038712.JPEG,n03796401,675,867,0.46291947,0,imagenet_c,defocus_blur,1,none
efficientnet_b4,ILSVRC2012_val_00039716.JPEG,n03796401,675,475,0.095610656,0,imagenet_c,defocus_blur,1,none
efficientnet_b4,ILSVRC2012_val_00040512.JPEG,n03796401,675,675,0.4594562,1,imagenet_c,defocus_blur,1,none
efficientnet_b4,ILSVRC2012_val_00042157.JPEG,n03796401,675,654,0.22974995,0,imagenet_c,defocus_blur,1,none
efficientnet_b4,ILSVRC2012_val_00042891.JPEG,n03796401,675,675,0.2308973,1,imagenet_c,defocus_blur,1,none
efficientnet_b4,ILSVRC2012_val_00042924.JPEG,n03796401,675,675,0.48223045,1,imagenet_c,defocus_blur,1,none
efficientnet_b4,ILSVRC2012_val_00043346.JPEG,n03796401,675,675,0.63884056,1,imagenet_c,defocus_blur,1,none
efficientnet_b4,ILSVRC2012_val_00044805.JPEG,n03796401,675,864,0.29221714,0,imagenet_c,defocus_blur,1,none
efficientnet_b4,ILSVRC2012_val_00045490.JPEG,n03796401,675,407,0.25145897,0,imagenet_c,defocus_blur,1,none
efficientnet_b4,ILSVRC2012_val_00045876.JPEG,n03796401,675,675,0.22921555,1,imagenet_c,defocus_blur,1,none
efficientnet_b4,ILSVRC2012_val_00046130.JPEG,n03796401,675,675,0.6493951,1,imagenet_c,defocus_blur,1,none
efficientnet_b4,ILSVRC2012_val_00048418.JPEG,n03796401,675,867,0.65898216,0,imagenet_c,defocus_blur,1,none
efficientnet_b4,ILSVRC2012_val_00000277.JPEG,n03803284,676,464,0.80373937,0,imagenet_c,defocus_blur,1,none
efficientnet_b4,ILSVRC2012_val_00001515.JPEG,n03803284,676,691,0.28218085,0,imagenet_c,defocus_blur,1,none
efficientnet_b4,ILSVRC2012_val_00002446.JPEG,n03803284,676,199,0.5649189,0,imagenet_c,defocus_blur,1,none
efficientnet_b4,ILSVRC2012_val_00002923.JPEG,n03803284,676,234,0.32472572,0,imagenet_c,defocus_blur,1,none
efficientnet_b4,ILSVRC2012_val_00003346.JPEG,n03803284,676,676,0.565648,1,imagenet_c,defocus_blur,1,none
efficientnet_b4,ILSVRC2012_val_00006876.JPEG,n03803284,676,676,0.4628287,1,imagenet_c,defocus_blur,1,none
efficientnet_b4,ILSVRC2012_val_00007289.JPEG,n03803284,676,276,0.838876,0,imagenet_c,defocus_blur,1,none
efficientnet_b4,ILSVRC2012_val_00008568.JPEG,n03803284,676,676,0.58261883,1,imagenet_c,defocus_blur,1,none
efficientnet_b4,ILSVRC2012_val_00012090.JPEG,n03803284,676,676,0.53160584,1,imagenet_c,defocus_blur,1,none
efficientnet_b4,ILSVRC2012_val_00012683.JPEG,n03803284,676,263,0.36146912,0,imagenet_c,defocus_blur,1,none
efficientnet_b4,ILSVRC2012_val_00013486.JPEG,n03803284,676,676,0.752242,1,imagenet_c,defocus_blur,1,none
efficientnet_b4,ILSVRC2012_val_00013784.JPEG,n03803284,676,676,0.80906683,1,imagenet_c,defocus_blur,1,none
efficientnet_b4,ILSVRC2012_val_00014884.JPEG,n03803284,676,306,0.08324285,0,imagenet_c,defocus_blur,1,none
efficientnet_b4,ILSVRC2012_val_00014998.JPEG,n03803284,676,676,0.6295722,1,imagenet_c,defocus_blur,1,none
efficientnet_b4,ILSVRC2012_val_00015228.JPEG,n03803284,676,236,0.34724215,0,imagenet_c,defocus_blur,1,none
efficientnet_b4,ILSVRC2012_val_00016404.JPEG,n03803284,676,676,0.5967144,1,imagenet_c,defocus_blur,1,none
efficientnet_b4,ILSVRC2012_val_00018103.JPEG,n03803284,676,246,0.037205335,0,imagenet_c,defocus_blur,1,none
efficientnet_b4,ILSVRC2012_val_00018829.JPEG,n03803284,676,422,0.0959459,0,imagenet_c,defocus_blur,1,none
efficientnet_b4,ILSVRC2012_val_00019525.JPEG,n03803284,676,166,0.1985595,0,imagenet_c,defocus_blur,1,none
efficientnet_b4,ILSVRC2012_val_00019602.JPEG,n03803284,676,235,0.37974218,0,imagenet_c,defocus_blur,1,none
efficientnet_b4,ILSVRC2012_val_00020104.JPEG,n03803284,676,676,0.15422519,1,imagenet_c,defocus_blur,1,none
efficientnet_b4,ILSVRC2012_val_00020427.JPEG,n03803284,676,285,0.09173587,0,imagenet_c,defocus_blur,1,none
efficientnet_b4,ILSVRC2012_val_00020797.JPEG,n03803284,676,676,0.5499419,1,imagenet_c,defocus_blur,1,none
efficientnet_b4,ILSVRC2012_val_00020872.JPEG,n03803284,676,676,0.27779818,1,imagenet_c,defocus_blur,1,none
efficientnet_b4,ILSVRC2012_val_00021342.JPEG,n03803284,676,255,0.19025673,0,imagenet_c,defocus_blur,1,none
efficientnet_b4,ILSVRC2012_val_00022974.JPEG,n03803284,676,676,0.1524938,1,imagenet_c,defocus_blur,1,none
efficientnet_b4,ILSVRC2012_val_00024078.JPEG,n03803284,676,676,0.6325282,1,imagenet_c,defocus_blur,1,none
efficientnet_b4,ILSVRC2012_val_00024189.JPEG,n03803284,676,676,0.70008373,1,imagenet_c,defocus_blur,1,none
efficientnet_b4,ILSVRC2012_val_00025859.JPEG,n03803284,676,676,0.22292955,1,imagenet_c,defocus_blur,1,none
efficientnet_b4,ILSVRC2012_val_00026529.JPEG,n03803284,676,200,0.15110686,0,imagenet_c,defocus_blur,1,none
efficientnet_b4,ILSVRC2012_val_00027336.JPEG,n03803284,676,774,0.15011452,0,imagenet_c,defocus_blur,1,none
efficientnet_b4,ILSVRC2012_val_00027826.JPEG,n03803284,676,176,0.2641343,0,imagenet_c,defocus_blur,1,none
efficientnet_b4,ILSVRC2012_val_00027961.JPEG,n03803284,676,676,0.74293935,1,imagenet_c,defocus_blur,1,none
efficientnet_b4,ILSVRC2012_val_00030040.JPEG,n03803284,676,676,0.27412853,1,imagenet_c,defocus_blur,1,none
efficientnet_b4,ILSVRC2012_val_00032681.JPEG,n03803284,676,676,0.72224045,1,imagenet_c,defocus_blur,1,none
efficientnet_b4,ILSVRC2012_val_00033597.JPEG,n03803284,676,676,0.5954237,1,imagenet_c,defocus_blur,1,none
efficientnet_b4,ILSVRC2012_val_00034296.JPEG,n03803284,676,676,0.40947524,1,imagenet_c,defocus_blur,1,none
efficientnet_b4,ILSVRC2012_val_00036549.JPEG,n03803284,676,676,0.657531,1,imagenet_c,defocus_blur,1,none
efficientnet_b4,ILSVRC2012_val_00037327.JPEG,n03803284,676,676,0.45641404,1,imagenet_c,defocus_blur,1,none
efficientnet_b4,ILSVRC2012_val_00038880.JPEG,n03803284,676,676,0.049757224,1,imagenet_c,defocus_blur,1,none
efficientnet_b4,ILSVRC2012_val_00042486.JPEG,n03803284,676,676,0.5017843,1,imagenet_c,defocus_blur,1,none
efficientnet_b4,ILSVRC2012_val_00043675.JPEG,n03803284,676,676,0.33182833,1,imagenet_c,defocus_blur,1,none
efficientnet_b4,ILSVRC2012_val_00044666.JPEG,n03803284,676,676,0.07140712,1,imagenet_c,defocus_blur,1,none
efficientnet_b4,ILSVRC2012_val_00044837.JPEG,n03803284,676,676,0.7911026,1,imagenet_c,defocus_blur,1,none
efficientnet_b4,ILSVRC2012_val_00045366.JPEG,n03803284,676,269,0.36766326,0,imagenet_c,defocus_blur,1,none
efficientnet_b4,ILSVRC2012_val_00046225.JPEG,n03803284,676,676,0.52744263,1,imagenet_c,defocus_blur,1,none
efficientnet_b4,ILSVRC2012_val_00046553.JPEG,n03803284,676,676,0.37335643,1,imagenet_c,defocus_blur,1,none
efficientnet_b4,ILSVRC2012_val_00049210.JPEG,n03803284,676,850,0.09161172,0,imagenet_c,defocus_blur,1,none
efficientnet_b4,ILSVRC2012_val_00049829.JPEG,n03803284,676,676,0.09531729,1,imagenet_c,defocus_blur,1,none
efficientnet_b4,ILSVRC2012_val_00049856.JPEG,n03803284,676,249,0.61711407,0,imagenet_c,defocus_blur,1,none
efficientnet_b4,ILSVRC2012_val_00000649.JPEG,n03804744,677,677,0.3797907,1,imagenet_c,defocus_blur,1,none
efficientnet_b4,ILSVRC2012_val_00002005.JPEG,n03804744,677,677,0.34006634,1,imagenet_c,defocus_blur,1,none
efficientnet_b4,ILSVRC2012_val_00002110.JPEG,n03804744,677,677,0.4860191,1,imagenet_c,defocus_blur,1,none
efficientnet_b4,ILSVRC2012_val_00002374.JPEG,n03804744,677,634,0.062311847,0,imagenet_c,defocus_blur,1,none
efficientnet_b4,ILSVRC2012_val_00002500.JPEG,n03804744,677,677,0.74091905,1,imagenet_c,defocus_blur,1,none
efficientnet_b4,ILSVRC2012_val_00004229.JPEG,n03804744,677,912,0.12997536,0,imagenet_c,defocus_blur,1,none
efficientnet_b4,ILSVRC2012_val_00005756.JPEG,n03804744,677,677,0.528204,1,imagenet_c,defocus_blur,1,none
efficientnet_b4,ILSVRC2012_val_00006424.JPEG,n03804744,677,677,0.63365555,1,imagenet_c,defocus_blur,1,none
efficientnet_b4,ILSVRC2012_val_00008538.JPEG,n03804744,677,677,0.70303816,1,imagenet_c,defocus_blur,1,none
efficientnet_b4,ILSVRC2012_val_00009193.JPEG,n03804744,677,677,0.60030884,1,imagenet_c,defocus_blur,1,none
efficientnet_b4,ILSVRC2012_val_00009414.JPEG,n03804744,677,876,0.19881135,0,imagenet_c,defocus_blur,1,none
efficientnet_b4,ILSVRC2012_val_00012438.JPEG,n03804744,677,703,0.49448887,0,imagenet_c,defocus_blur,1,none
efficientnet_b4,ILSVRC2012_val_00012559.JPEG,n03804744,677,677,0.471754,1,imagenet_c,defocus_blur,1,none
efficientnet_b4,ILSVRC2012_val_00013531.JPEG,n03804744,677,677,0.6971268,1,imagenet_c,defocus_blur,1,none
efficientnet_b4,ILSVRC2012_val_00013934.JPEG,n03804744,677,677,0.112319745,1,imagenet_c,defocus_blur,1,none
efficientnet_b4,ILSVRC2012_val_00015196.JPEG,n03804744,677,674,0.0414133,0,imagenet_c,defocus_blur,1,none
efficientnet_b4,ILSVRC2012_val_00016078.JPEG,n03804744,677,305,0.22999112,0,imagenet_c,defocus_blur,1,none
efficientnet_b4,ILSVRC2012_val_00016760.JPEG,n03804744,677,132,0.031085338,0,imagenet_c,defocus_blur,1,none
efficientnet_b4,ILSVRC2012_val_00017343.JPEG,n03804744,677,677,0.6801732,1,imagenet_c,defocus_blur,1,none
efficientnet_b4,ILSVRC2012_val_00018782.JPEG,n03804744,677,677,0.515296,1,imagenet_c,defocus_blur,1,none
efficientnet_b4,ILSVRC2012_val_00019774.JPEG,n03804744,677,738,0.086971425,0,imagenet_c,defocus_blur,1,none
efficientnet_b4,ILSVRC2012_val_00020411.JPEG,n03804744,677,677,0.6599167,1,imagenet_c,defocus_blur,1,none
efficientnet_b4,ILSVRC2012_val_00022621.JPEG,n03804744,677,994,0.1448613,0,imagenet_c,defocus_blur,1,none
efficientnet_b4,ILSVRC2012_val_00024245.JPEG,n03804744,677,677,0.8012731,1,imagenet_c,defocus_blur,1,none
efficientnet_b4,ILSVRC2012_val_00024466.JPEG,n03804744,677,677,0.10418229,1,imagenet_c,defocus_blur,1,none
efficientnet_b4,ILSVRC2012_val_00027874.JPEG,n03804744,677,677,0.69639534,1,imagenet_c,defocus_blur,1,none
efficientnet_b4,ILSVRC2012_val_00027879.JPEG,n03804744,677,507,0.5121759,0,imagenet_c,defocus_blur,1,none
efficientnet_b4,ILSVRC2012_val_00028170.JPEG,n03804744,677,26,0.08314949,0,imagenet_c,defocus_blur,1,none
efficientnet_b4,ILSVRC2012_val_00028216.JPEG,n03804744,677,677,0.10028466,1,imagenet_c,defocus_blur,1,none
efficientnet_b4,ILSVRC2012_val_00028227.JPEG,n03804744,677,677,0.18935303,1,imagenet_c,defocus_blur,1,none
efficientnet_b4,ILSVRC2012_val_00029087.JPEG,n03804744,677,695,0.1590967,0,imagenet_c,defocus_blur,1,none
efficientnet_b4,ILSVRC2012_val_00029920.JPEG,n03804744,677,913,0.21753253,0,imagenet_c,defocus_blur,1,none
efficientnet_b4,ILSVRC2012_val_00031527.JPEG,n03804744,677,677,0.1794672,1,imagenet_c,defocus_blur,1,none
efficientnet_b4,ILSVRC2012_val_00032763.JPEG,n03804744,677,831,0.05359972,0,imagenet_c,defocus_blur,1,none
efficientnet_b4,ILSVRC2012_val_00034946.JPEG,n03804744,677,783,0.6504167,0,imagenet_c,defocus_blur,1,none
efficientnet_b4,ILSVRC2012_val_00035232.JPEG,n03804744,677,52,0.20196018,0,imagenet_c,defocus_blur,1,none
efficientnet_b4,ILSVRC2012_val_00036232.JPEG,n03804744,677,677,0.29964134,1,imagenet_c,defocus_blur,1,none
efficientnet_b4,ILSVRC2012_val_00037628.JPEG,n03804744,677,677,0.43398678,1,imagenet_c,defocus_blur,1,none
efficientnet_b4,ILSVRC2012_val_00037696.JPEG,n03804744,677,677,0.07715676,1,imagenet_c,defocus_blur,1,none
efficientnet_b4,ILSVRC2012_val_00039068.JPEG,n03804744,677,971,0.27721107,0,imagenet_c,defocus_blur,1,none
efficientnet_b4,ILSVRC2012_val_00039239.JPEG,n03804744,677,421,0.2472594,0,imagenet_c,defocus_blur,1,none
efficientnet_b4,ILSVRC2012_val_00043103.JPEG,n03804744,677,494,0.22335958,0,imagenet_c,defocus_blur,1,none
efficientnet_b4,ILSVRC2012_val_00043239.JPEG,n03804744,677,677,0.70784104,1,imagenet_c,defocus_blur,1,none
efficientnet_b4,ILSVRC2012_val_00043343.JPEG,n03804744,677,738,0.030205525,0,imagenet_c,defocus_blur,1,none
efficientnet_b4,ILSVRC2012_val_00043676.JPEG,n03804744,677,494,0.31145766,0,imagenet_c,defocus_blur,1,none
efficientnet_b4,ILSVRC2012_val_00043967.JPEG,n03804744,677,41,0.13667513,0,imagenet_c,defocus_blur,1,none
efficientnet_b4,ILSVRC2012_val_00046728.JPEG,n03804744,677,488,0.101392865,0,imagenet_c,defocus_blur,1,none
efficientnet_b4,ILSVRC2012_val_00046791.JPEG,n03804744,677,677,0.33855432,1,imagenet_c,defocus_blur,1,none
efficientnet_b4,ILSVRC2012_val_00048967.JPEG,n03804744,677,677,0.43470156,1,imagenet_c,defocus_blur,1,none
efficientnet_b4,ILSVRC2012_val_00049233.JPEG,n03804744,677,769,0.75227183,0,imagenet_c,defocus_blur,1,none
efficientnet_b4,ILSVRC2012_val_00000243.JPEG,n03814639,678,678,0.80456537,1,imagenet_c,defocus_blur,1,none
efficientnet_b4,ILSVRC2012_val_00000841.JPEG,n03814639,678,678,0.3066511,1,imagenet_c,defocus_blur,1,none
efficientnet_b4,ILSVRC2012_val_00001029.JPEG,n03814639,678,678,0.75156045,1,imagenet_c,defocus_blur,1,none
efficientnet_b4,ILSVRC2012_val_00001954.JPEG,n03814639,678,830,0.0688138,0,imagenet_c,defocus_blur,1,none
efficientnet_b4,ILSVRC2012_val_00002650.JPEG,n03814639,678,263,0.2848422,0,imagenet_c,defocus_blur,1,none
efficientnet_b4,ILSVRC2012_val_00002671.JPEG,n03814639,678,678,0.77574366,1,imagenet_c,defocus_blur,1,none
efficientnet_b4,ILSVRC2012_val_00002713.JPEG,n03814639,678,678,0.70844924,1,imagenet_c,defocus_blur,1,none
efficientnet_b4,ILSVRC2012_val_00004297.JPEG,n03814639,678,819,0.35826963,0,imagenet_c,defocus_blur,1,none
efficientnet_b4,ILSVRC2012_val_00005534.JPEG,n03814639,678,678,0.3863216,1,imagenet_c,defocus_blur,1,none
efficientnet_b4,ILSVRC2012_val_00005600.JPEG,n03814639,678,447,0.1198346,0,imagenet_c,defocus_blur,1,none
efficientnet_b4,ILSVRC2012_val_00006719.JPEG,n03814639,678,678,0.96107537,1,imagenet_c,defocus_blur,1,none
efficientnet_b4,ILSVRC2012_val_00007014.JPEG,n03814639,678,522,0.06939959,0,imagenet_c,defocus_blur,1,none
efficientnet_b4,ILSVRC2012_val_00007041.JPEG,n03814639,678,678,0.8282952,1,imagenet_c,defocus_blur,1,none
efficientnet_b4,ILSVRC2012_val_00007134.JPEG,n03814639,678,678,0.09439548,1,imagenet_c,defocus_blur,1,none
efficientnet_b4,ILSVRC2012_val_00008344.JPEG,n03814639,678,678,0.61780953,1,imagenet_c,defocus_blur,1,none
efficientnet_b4,ILSVRC2012_val_00008543.JPEG,n03814639,678,245,0.090508506,0,imagenet_c,defocus_blur,1,none
efficientnet_b4,ILSVRC2012_val_00010423.JPEG,n03814639,678,678,0.7523135,1,imagenet_c,defocus_blur,1,none
efficientnet_b4,ILSVRC2012_val_00010868.JPEG,n03814639,678,423,0.0658456,0,imagenet_c,defocus_blur,1,none
efficientnet_b4,ILSVRC2012_val_00011068.JPEG,n03814639,678,830,0.3646685,0,imagenet_c,defocus_blur,1,none
efficientnet_b4,ILSVRC2012_val_00013194.JPEG,n03814639,678,678,0.16454458,1,imagenet_c,defocus_blur,1,none
efficientnet_b4,ILSVRC2012_val_00015284.JPEG,n03814639,678,678,0.64287335,1,imagenet_c,defocus_blur,1,none
efficientnet_b4,ILSVRC2012_val_00017606.JPEG,n03814639,678,819,0.06026204,0,imagenet_c,defocus_blur,1,none
efficientnet_b4,ILSVRC2012_val_00018259.JPEG,n03814639,678,699,0.4625447,0,imagenet_c,defocus_blur,1,none
efficientnet_b4,ILSVRC2012_val_00019686.JPEG,n03814639,678,678,0.22229555,1,imagenet_c,defocus_blur,1,none
efficientnet_b4,ILSVRC2012_val_00020176.JPEG,n03814639,678,678,0.54817474,1,imagenet_c,defocus_blur,1,none
efficientnet_b4,ILSVRC2012_val_00021302.JPEG,n03814639,678,678,0.830015,1,imagenet_c,defocus_blur,1,none
efficientnet_b4,ILSVRC2012_val_00022631.JPEG,n03814639,678,678,0.60930455,1,imagenet_c,defocus_blur,1,none
efficientnet_b4,ILSVRC2012_val_00023271.JPEG,n03814639,678,678,0.69092274,1,imagenet_c,defocus_blur,1,none
efficientnet_b4,ILSVRC2012_val_00023682.JPEG,n03814639,678,678,0.7281521,1,imagenet_c,defocus_blur,1,none
efficientnet_b4,ILSVRC2012_val_00024623.JPEG,n03814639,678,747,0.07010383,0,imagenet_c,defocus_blur,1,none
efficientnet_b4,ILSVRC2012_val_00027454.JPEG,n03814639,678,678,0.8408681,1,imagenet_c,defocus_blur,1,none
efficientnet_b4,ILSVRC2012_val_00027572.JPEG,n03814639,678,678,0.7555854,1,imagenet_c,defocus_blur,1,none
efficientnet_b4,ILSVRC2012_val_00028383.JPEG,n03814639,678,678,0.7769535,1,imagenet_c,defocus_blur,1,none
efficientnet_b4,ILSVRC2012_val_00031428.JPEG,n03814639,678,678,0.124526486,1,imagenet_c,defocus_blur,1,none
efficientnet_b4,ILSVRC2012_val_00031947.JPEG,n03814639,678,678,0.7064509,1,imagenet_c,defocus_blur,1,none
efficientnet_b4,ILSVRC2012_val_00033296.JPEG,n03814639,678,722,0.032023896,0,imagenet_c,defocus_blur,1,none
efficientnet_b4,ILSVRC2012_val_00033894.JPEG,n03814639,678,678,0.62954456,1,imagenet_c,defocus_blur,1,none
efficientnet_b4,ILSVRC2012_val_00034119.JPEG,n03814639,678,880,0.041082006,0,imagenet_c,defocus_blur,1,none
efficientnet_b4,ILSVRC2012_val_00034210.JPEG,n03814639,678,678,0.21364321,1,imagenet_c,defocus_blur,1,none
efficientnet_b4,ILSVRC2012_val_00034327.JPEG,n03814639,678,678,0.96997344,1,imagenet_c,defocus_blur,1,none
efficientnet_b4,ILSVRC2012_val_00036585.JPEG,n03814639,678,678,0.9864119,1,imagenet_c,defocus_blur,1,none
efficientnet_b4,ILSVRC2012_val_00036811.JPEG,n03814639,678,678,0.06319808,1,imagenet_c,defocus_blur,1,none
efficientnet_b4,ILSVRC2012_val_00037685.JPEG,n03814639,678,678,0.80313987,1,imagenet_c,defocus_blur,1,none
efficientnet_b4,ILSVRC2012_val_00038940.JPEG,n03814639,678,678,0.7877074,1,imagenet_c,defocus_blur,1,none
efficientnet_b4,ILSVRC2012_val_00042424.JPEG,n03814639,678,678,0.7547251,1,imagenet_c,defocus_blur,1,none
efficientnet_b4,ILSVRC2012_val_00043926.JPEG,n03814639,678,830,0.76976675,0,imagenet_c,defocus_blur,1,none
efficientnet_b4,ILSVRC2012_val_00044290.JPEG,n03814639,678,678,0.7934999,1,imagenet_c,defocus_blur,1,none
efficientnet_b4,ILSVRC2012_val_00046715.JPEG,n03814639,678,678,0.26335692,1,imagenet_c,defocus_blur,1,none
efficientnet_b4,ILSVRC2012_val_00048113.JPEG,n03814639,678,678,0.67257607,1,imagenet_c,defocus_blur,1,none
efficientnet_b4,ILSVRC2012_val_00049349.JPEG,n03814639,678,678,0.75051016,1,imagenet_c,defocus_blur,1,none
efficientnet_b4,ILSVRC2012_val_00000850.JPEG,n03814906,679,679,0.3130022,1,imagenet_c,defocus_blur,1,none
efficientnet_b4,ILSVRC2012_val_00003096.JPEG,n03814906,679,679,0.12026882,1,imagenet_c,defocus_blur,1,none
efficientnet_b4,ILSVRC2012_val_00006606.JPEG,n03814906,679,459,0.4137076,0,imagenet_c,defocus_blur,1,none
efficientnet_b4,ILSVRC2012_val_00006731.JPEG,n03814906,679,794,0.22832884,0,imagenet_c,defocus_blur,1,none
efficientnet_b4,ILSVRC2012_val_00006783.JPEG,n03814906,679,679,0.28618237,1,imagenet_c,defocus_blur,1,none
efficientnet_b4,ILSVRC2012_val_00007744.JPEG,n03814906,679,679,0.30523294,1,imagenet_c,defocus_blur,1,none
efficientnet_b4,ILSVRC2012_val_00007852.JPEG,n03814906,679,488,0.32145616,0,imagenet_c,defocus_blur,1,none
efficientnet_b4,ILSVRC2012_val_00009005.JPEG,n03814906,679,488,0.3059786,0,imagenet_c,defocus_blur,1,none
efficientnet_b4,ILSVRC2012_val_00013231.JPEG,n03814906,679,679,0.37724367,1,imagenet_c,defocus_blur,1,none
efficientnet_b4,ILSVRC2012_val_00017650.JPEG,n03814906,679,679,0.14999105,1,imagenet_c,defocus_blur,1,none
efficientnet_b4,ILSVRC2012_val_00018355.JPEG,n03814906,679,679,0.3814693,1,imagenet_c,defocus_blur,1,none
efficientnet_b4,ILSVRC2012_val_00018790.JPEG,n03814906,679,902,0.060282253,0,imagenet_c,defocus_blur,1,none
efficientnet_b4,ILSVRC2012_val_00018854.JPEG,n03814906,679,679,0.2780006,1,imagenet_c,defocus_blur,1,none
efficientnet_b4,ILSVRC2012_val_00019174.JPEG,n03814906,679,679,0.17780106,1,imagenet_c,defocus_blur,1,none
efficientnet_b4,ILSVRC2012_val_00019798.JPEG,n03814906,679,679,0.6835669,1,imagenet_c,defocus_blur,1,none
efficientnet_b4,ILSVRC2012_val_00020703.JPEG,n03814906,679,679,0.59961027,1,imagenet_c,defocus_blur,1,none
efficientnet_b4,ILSVRC2012_val_00021504.JPEG,n03814906,679,584,0.08982204,0,imagenet_c,defocus_blur,1,none
efficientnet_b4,ILSVRC2012_val_00024535.JPEG,n03814906,679,584,0.24531652,0,imagenet_c,defocus_blur,1,none
efficientnet_b4,ILSVRC2012_val_00024598.JPEG,n03814906,679,679,0.6095902,1,imagenet_c,defocus_blur,1,none
efficientnet_b4,ILSVRC2012_val_00025250.JPEG,n03814906,679,487,0.27237093,0,imagenet_c,defocus_blur,1,none
efficientnet_b4,ILSVRC2012_val_00025259.JPEG,n03814906,679,679,0.14857447,1,imagenet_c,defocus_blur,1,none
efficientnet_b4,ILSVRC2012_val_00025373.JPEG,n03814906,679,488,0.2526257,0,imagenet_c,defocus_blur,1,none
efficientnet_b4,ILSVRC2012_val_00025376.JPEG,n03814906,679,902,0.092802964,0,imagenet_c,defocus_blur,1,none
efficientnet_b4,ILSVRC2012_val_00026681.JPEG,n03814906,679,679,0.38963664,1,imagenet_c,defocus_blur,1,none
efficientnet_b4,ILSVRC2012_val_00027073.JPEG,n03814906,679,793,0.0836201,0,imagenet_c,defocus_blur,1,none
efficientnet_b4,ILSVRC2012_val_00027342.JPEG,n03814906,679,679,0.32470146,1,imagenet_c,defocus_blur,1,none
efficientnet_b4,ILSVRC2012_val_00032234.JPEG,n03814906,679,679,0.28603294,1,imagenet_c,defocus_blur,1,none
efficientnet_b4,ILSVRC2012_val_00032605.JPEG,n03814906,679,679,0.110166304,1,imagenet_c,defocus_blur,1,none
efficientnet_b4,ILSVRC2012_val_00032693.JPEG,n03814906,679,772,0.52801484,0,imagenet_c,defocus_blur,1,none
efficientnet_b4,ILSVRC2012_val_00033046.JPEG,n03814906,679,679,0.5156754,1,imagenet_c,defocus_blur,1,none
efficientnet_b4,ILSVRC2012_val_00033099.JPEG,n03814906,679,902,0.20846628,0,imagenet_c,defocus_blur,1,none
efficientnet_b4,ILSVRC2012_val_00033652.JPEG,n03814906,679,488,0.11947122,0,imagenet_c,defocus_blur,1,none
efficientnet_b4,ILSVRC2012_val_00034299.JPEG,n03814906,679,679,0.32855237,1,imagenet_c,defocus_blur,1,none
efficientnet_b4,ILSVRC2012_val_00034361.JPEG,n03814906,679,838,0.40109277,0,imagenet_c,defocus_blur,1,none
efficientnet_b4,ILSVRC2012_val_00034500.JPEG,n03814906,679,679,0.46436977,1,imagenet_c,defocus_blur,1,none
efficientnet_b4,ILSVRC2012_val_00037000.JPEG,n03814906,679,679,0.6496666,1,imagenet_c,defocus_blur,1,none
efficientnet_b4,ILSVRC2012_val_00038641.JPEG,n03814906,679,679,0.3485999,1,imagenet_c,defocus_blur,1,none
efficientnet_b4,ILSVRC2012_val_00039183.JPEG,n03814906,679,679,0.29920828,1,imagenet_c,defocus_blur,1,none
efficientnet_b4,ILSVRC2012_val_00039293.JPEG,n03814906,679,679,0.25719854,1,imagenet_c,defocus_blur,1,none
efficientnet_b4,ILSVRC2012_val_00039414.JPEG,n03814906,679,679,0.27337706,1,imagenet_c,defocus_blur,1,none
efficientnet_b4,ILSVRC2012_val_00039634.JPEG,n03814906,679,679,0.13977921,1,imagenet_c,defocus_blur,1,none
efficientnet_b4,ILSVRC2012_val_00040166.JPEG,n03814906,679,679,0.46083298,1,imagenet_c,defocus_blur,1,none
efficientnet_b4,ILSVRC2012_val_00040617.JPEG,n03814906,679,679,0.39415178,1,imagenet_c,defocus_blur,1,none
efficientnet_b4,ILSVRC2012_val_00041884.JPEG,n03814906,679,824,0.09344673,0,imagenet_c,defocus_blur,1,none
efficientnet_b4,ILSVRC2012_val_00044798.JPEG,n03814906,679,610,0.43505406,0,imagenet_c,defocus_blur,1,none
efficientnet_b4,ILSVRC2012_val_00045679.JPEG,n03814906,679,684,0.4759805,0,imagenet_c,defocus_blur,1,none
efficientnet_b4,ILSVRC2012_val_00046222.JPEG,n03814906,679,679,0.30062377,1,imagenet_c,defocus_blur,1,none
efficientnet_b4,ILSVRC2012_val_00047593.JPEG,n03814906,679,488,0.16270706,0,imagenet_c,defocus_blur,1,none
efficientnet_b4,ILSVRC2012_val_00049532.JPEG,n03814906,679,679,0.63475305,1,imagenet_c,defocus_blur,1,none
efficientnet_b4,ILSVRC2012_val_00049795.JPEG,n03814906,679,824,0.2591833,0,imagenet_c,defocus_blur,1,none
efficientnet_b4,ILSVRC2012_val_00000540.JPEG,n03825788,680,680,0.7448406,1,imagenet_c,defocus_blur,1,none
efficientnet_b4,ILSVRC2012_val_00001209.JPEG,n03825788,680,680,0.5500049,1,imagenet_c,defocus_blur,1,none
efficientnet_b4,ILSVRC2012_val_00003750.JPEG,n03825788,680,680,0.4177111,1,imagenet_c,defocus_blur,1,none
efficientnet_b4,ILSVRC2012_val_00004779.JPEG,n03825788,680,680,0.60132307,1,imagenet_c,defocus_blur,1,none
efficientnet_b4,ILSVRC2012_val_00007217.JPEG,n03825788,680,680,0.15706867,1,imagenet_c,defocus_blur,1,none
efficientnet_b4,ILSVRC2012_val_00007804.JPEG,n03825788,680,680,0.73089933,1,imagenet_c,defocus_blur,1,none
efficientnet_b4,ILSVRC2012_val_00010962.JPEG,n03825788,680,680,0.76333106,1,imagenet_c,defocus_blur,1,none
efficientnet_b4,ILSVRC2012_val_00011962.JPEG,n03825788,680,784,0.25961974,0,imagenet_c,defocus_blur,1,none
efficientnet_b4,ILSVRC2012_val_00015671.JPEG,n03825788,680,680,0.8153416,1,imagenet_c,defocus_blur,1,none
efficientnet_b4,ILSVRC2012_val_00016943.JPEG,n03825788,680,680,0.1585005,1,imagenet_c,defocus_blur,1,none
efficientnet_b4,ILSVRC2012_val_00017323.JPEG,n03825788,680,901,0.27873626,0,imagenet_c,defocus_blur,1,none
efficientnet_b4,ILSVRC2012_val_00017705.JPEG,n03825788,680,680,0.71261084,1,imagenet_c,defocus_blur,1,none
efficientnet_b4,ILSVRC2012_val_00019751.JPEG,n03825788,680,680,0.5783812,1,imagenet_c,defocus_blur,1,none
efficientnet_b4,ILSVRC2012_val_00021292.JPEG,n03825788,680,680,0.4379689,1,imagenet_c,defocus_blur,1,none
efficientnet_b4,ILSVRC2012_val_00021620.JPEG,n03825788,680,680,0.594766,1,imagenet_c,defocus_blur,1,none
efficientnet_b4,ILSVRC2012_val_00021664.JPEG,n03825788,680,473,0.5031713,0,imagenet_c,defocus_blur,1,none
efficientnet_b4,ILSVRC2012_val_00021976.JPEG,n03825788,680,680,0.7081277,1,imagenet_c,defocus_blur,1,none
efficientnet_b4,ILSVRC2012_val_00023059.JPEG,n03825788,680,680,0.2893954,1,imagenet_c,defocus_blur,1,none
efficientnet_b4,ILSVRC2012_val_00024331.JPEG,n03825788,680,680,0.3592943,1,imagenet_c,defocus_blur,1,none
efficientnet_b4,ILSVRC2012_val_00025039.JPEG,n03825788,680,898,0.73329663,0,imagenet_c,defocus_blur,1,none
efficientnet_b4,ILSVRC2012_val_00026454.JPEG,n03825788,680,680,0.6856165,1,imagenet_c,defocus_blur,1,none
efficientnet_b4,ILSVRC2012_val_00027129.JPEG,n03825788,680,680,0.60867697,1,imagenet_c,defocus_blur,1,none
efficientnet_b4,ILSVRC2012_val_00027341.JPEG,n03825788,680,680,0.32924238,1,imagenet_c,defocus_blur,1,none
efficientnet_b4,ILSVRC2012_val_00027384.JPEG,n03825788,680,680,0.5462129,1,imagenet_c,defocus_blur,1,none
efficientnet_b4,ILSVRC2012_val_00027936.JPEG,n03825788,680,680,0.62864405,1,imagenet_c,defocus_blur,1,none
efficientnet_b4,ILSVRC2012_val_00028210.JPEG,n03825788,680,680,0.569752,1,imagenet_c,defocus_blur,1,none
efficientnet_b4,ILSVRC2012_val_00031996.JPEG,n03825788,680,680,0.574603,1,imagenet_c,defocus_blur,1,none
efficientnet_b4,ILSVRC2012_val_00033097.JPEG,n03825788,680,680,0.16703792,1,imagenet_c,defocus_blur,1,none
efficientnet_b4,ILSVRC2012_val_00033871.JPEG,n03825788,680,680,0.7201977,1,imagenet_c,defocus_blur,1,none
efficientnet_b4,ILSVRC2012_val_00034622.JPEG,n03825788,680,680,0.15682021,1,imagenet_c,defocus_blur,1,none
efficientnet_b4,ILSVRC2012_val_00036452.JPEG,n03825788,680,680,0.51785594,1,imagenet_c,defocus_blur,1,none
efficientnet_b4,ILSVRC2012_val_00036611.JPEG,n03825788,680,680,0.47065824,1,imagenet_c,defocus_blur,1,none
efficientnet_b4,ILSVRC2012_val_00037003.JPEG,n03825788,680,680,0.6638692,1,imagenet_c,defocus_blur,1,none
efficientnet_b4,ILSVRC2012_val_00037715.JPEG,n03825788,680,680,0.771044,1,imagenet_c,defocus_blur,1,none
efficientnet_b4,ILSVRC2012_val_00038013.JPEG,n03825788,680,680,0.7081087,1,imagenet_c,defocus_blur,1,none
efficientnet_b4,ILSVRC2012_val_00038428.JPEG,n03825788,680,691,0.27929425,0,imagenet_c,defocus_blur,1,none
efficientnet_b4,ILSVRC2012_val_00038613.JPEG,n03825788,680,680,0.6756528,1,imagenet_c,defocus_blur,1,none
efficientnet_b4,ILSVRC2012_val_00039059.JPEG,n03825788,680,680,0.48280776,1,imagenet_c,defocus_blur,1,none
efficientnet_b4,ILSVRC2012_val_00039100.JPEG,n03825788,680,902,0.07147259,0,imagenet_c,defocus_blur,1,none
efficientnet_b4,ILSVRC2012_val_00039757.JPEG,n03825788,680,898,0.17246637,0,imagenet_c,defocus_blur,1,none
efficientnet_b4,ILSVRC2012_val_00040443.JPEG,n03825788,680,680,0.44046664,1,imagenet_c,defocus_blur,1,none
efficientnet_b4,ILSVRC2012_val_00040709.JPEG,n03825788,680,680,0.8831151,1,imagenet_c,defocus_blur,1,none
efficientnet_b4,ILSVRC2012_val_00040847.JPEG,n03825788,680,680,0.8907042,1,imagenet_c,defocus_blur,1,none
efficientnet_b4,ILSVRC2012_val_00041199.JPEG,n03825788,680,680,0.49165416,1,imagenet_c,defocus_blur,1,none
efficientnet_b4,ILSVRC2012_val_00042674.JPEG,n03825788,680,680,0.33650532,1,imagenet_c,defocus_blur,1,none
efficientnet_b4,ILSVRC2012_val_00046322.JPEG,n03825788,680,680,0.85627335,1,imagenet_c,defocus_blur,1,none
efficientnet_b4,ILSVRC2012_val_00046972.JPEG,n03825788,680,680,0.6815885,1,imagenet_c,defocus_blur,1,none
efficientnet_b4,ILSVRC2012_val_00048248.JPEG,n03825788,680,680,0.886461,1,imagenet_c,defocus_blur,1,none
efficientnet_b4,ILSVRC2012_val_00048296.JPEG,n03825788,680,697,0.1560207,0,imagenet_c,defocus_blur,1,none
efficientnet_b4,ILSVRC2012_val_00048384.JPEG,n03825788,680,617,0.27801412,0,imagenet_c,defocus_blur,1,none
efficientnet_b4,ILSVRC2012_val_00000677.JPEG,n03832673,681,916,0.59799355,0,imagenet_c,defocus_blur,1,none
efficientnet_b4,ILSVRC2012_val_00000827.JPEG,n03832673,681,620,0.25150308,0,imagenet_c,defocus_blur,1,none
efficientnet_b4,ILSVRC2012_val_00002175.JPEG,n03832673,681,526,0.14169984,0,imagenet_c,defocus_blur,1,none
efficientnet_b4,ILSVRC2012_val_00003207.JPEG,n03832673,681,620,0.22982936,0,imagenet_c,defocus_blur,1,none
efficientnet_b4,ILSVRC2012_val_00005040.JPEG,n03832673,681,681,0.17364296,1,imagenet_c,defocus_blur,1,none
efficientnet_b4,ILSVRC2012_val_00005161.JPEG,n03832673,681,681,0.17337729,1,imagenet_c,defocus_blur,1,none
efficientnet_b4,ILSVRC2012_val_00006899.JPEG,n03832673,681,620,0.21109316,0,imagenet_c,defocus_blur,1,none
efficientnet_b4,ILSVRC2012_val_00008237.JPEG,n03832673,681,681,0.20134187,1,imagenet_c,defocus_blur,1,none
efficientnet_b4,ILSVRC2012_val_00008390.JPEG,n03832673,681,681,0.30259642,1,imagenet_c,defocus_blur,1,none
efficientnet_b4,ILSVRC2012_val_00009783.JPEG,n03832673,681,508,0.47434467,0,imagenet_c,defocus_blur,1,none
efficientnet_b4,ILSVRC2012_val_00010133.JPEG,n03832673,681,681,0.34894294,1,imagenet_c,defocus_blur,1,none
efficientnet_b4,ILSVRC2012_val_00010712.JPEG,n03832673,681,620,0.24870515,0,imagenet_c,defocus_blur,1,none
efficientnet_b4,ILSVRC2012_val_00010778.JPEG,n03832673,681,620,0.20970997,0,imagenet_c,defocus_blur,1,none
efficientnet_b4,ILSVRC2012_val_00015103.JPEG,n03832673,681,633,0.10304763,0,imagenet_c,defocus_blur,1,none
efficientnet_b4,ILSVRC2012_val_00015715.JPEG,n03832673,681,681,0.17563859,1,imagenet_c,defocus_blur,1,none
efficientnet_b4,ILSVRC2012_val_00016121.JPEG,n03832673,681,681,0.1673746,1,imagenet_c,defocus_blur,1,none
efficientnet_b4,ILSVRC2012_val_00016670.JPEG,n03832673,681,590,0.23781413,0,imagenet_c,defocus_blur,1,none
efficientnet_b4,ILSVRC2012_val_00017070.JPEG,n03832673,681,485,0.07884614,0,imagenet_c,defocus_blur,1,none
efficientnet_b4,ILSVRC2012_val_00019611.JPEG,n03832673,681,681,0.08166607,1,imagenet_c,defocus_blur,1,none
efficientnet_b4,ILSVRC2012_val_00020242.JPEG,n03832673,681,526,0.23674229,0,imagenet_c,defocus_blur,1,none
efficientnet_b4,ILSVRC2012_val_00021380.JPEG,n03832673,681,681,0.22857524,1,imagenet_c,defocus_blur,1,none
efficientnet_b4,ILSVRC2012_val_00021415.JPEG,n03832673,681,620,0.100164846,0,imagenet_c,defocus_blur,1,none
efficientnet_b4,ILSVRC2012_val_00022184.JPEG,n03832673,681,482,0.17671724,0,imagenet_c,defocus_blur,1,none
efficientnet_b4,ILSVRC2012_val_00024777.JPEG,n03832673,681,527,0.23450474,0,imagenet_c,defocus_blur,1,none
efficientnet_b4,ILSVRC2012_val_00025009.JPEG,n03832673,681,620,0.44813675,0,imagenet_c,defocus_blur,1,none
efficientnet_b4,ILSVRC2012_val_00025240.JPEG,n03832673,681,674,0.23290287,0,imagenet_c,defocus_blur,1,none
efficientnet_b4,ILSVRC2012_val_00026011.JPEG,n03832673,681,620,0.31629682,0,imagenet_c,defocus_blur,1,none
efficientnet_b4,ILSVRC2012_val_00026999.JPEG,n03832673,681,527,0.24076414,0,imagenet_c,defocus_blur,1,none
efficientnet_b4,ILSVRC2012_val_00027698.JPEG,n03832673,681,620,0.31674597,0,imagenet_c,defocus_blur,1,none
efficientnet_b4,ILSVRC2012_val_00029951.JPEG,n03832673,681,681,0.1347913,1,imagenet_c,defocus_blur,1,none
efficientnet_b4,ILSVRC2012_val_00031166.JPEG,n03832673,681,681,0.1438629,1,imagenet_c,defocus_blur,1,none
efficientnet_b4,ILSVRC2012_val_00032526.JPEG,n03832673,681,620,0.10615281,0,imagenet_c,defocus_blur,1,none
efficientnet_b4,ILSVRC2012_val_00032781.JPEG,n03832673,681,605,0.08376589,0,imagenet_c,defocus_blur,1,none
efficientnet_b4,ILSVRC2012_val_00035068.JPEG,n03832673,681,481,0.09380019,0,imagenet_c,defocus_blur,1,none
efficientnet_b4,ILSVRC2012_val_00035825.JPEG,n03832673,681,620,0.17945945,0,imagenet_c,defocus_blur,1,none
efficientnet_b4,ILSVRC2012_val_00037479.JPEG,n03832673,681,681,0.28130874,1,imagenet_c,defocus_blur,1,none
efficientnet_b4,ILSVRC2012_val_00038350.JPEG,n03832673,681,681,0.092869766,1,imagenet_c,defocus_blur,1,none
efficientnet_b4,ILSVRC2012_val_00039119.JPEG,n03832673,681,620,0.2518104,0,imagenet_c,defocus_blur,1,none
efficientnet_b4,ILSVRC2012_val_00039330.JPEG,n03832673,681,620,0.18630713,0,imagenet_c,defocus_blur,1,none
efficientnet_b4,ILSVRC2012_val_00039333.JPEG,n03832673,681,526,0.093042046,0,imagenet_c,defocus_blur,1,none
efficientnet_b4,ILSVRC2012_val_00040046.JPEG,n03832673,681,620,0.25831407,0,imagenet_c,defocus_blur,1,none
efficientnet_b4,ILSVRC2012_val_00040078.JPEG,n03832673,681,620,0.2988533,0,imagenet_c,defocus_blur,1,none
efficientnet_b4,ILSVRC2012_val_00041094.JPEG,n03832673,681,466,0.06417246,0,imagenet_c,defocus_blur,1,none
efficientnet_b4,ILSVRC2012_val_00042612.JPEG,n03832673,681,681,0.24950302,1,imagenet_c,defocus_blur,1,none
efficientnet_b4,ILSVRC2012_val_00043461.JPEG,n03832673,681,681,0.28876954,1,imagenet_c,defocus_blur,1,none
efficientnet_b4,ILSVRC2012_val_00044241.JPEG,n03832673,681,664,0.22595628,0,imagenet_c,defocus_blur,1,none
efficientnet_b4,ILSVRC2012_val_00044609.JPEG,n03832673,681,681,0.09452206,1,imagenet_c,defocus_blur,1,none
efficientnet_b4,ILSVRC2012_val_00045232.JPEG,n03832673,681,508,0.40383312,0,imagenet_c,defocus_blur,1,none
efficientnet_b4,ILSVRC2012_val_00045562.JPEG,n03832673,681,664,0.16708203,0,imagenet_c,defocus_blur,1,none
efficientnet_b4,ILSVRC2012_val_00045627.JPEG,n03832673,681,527,0.07194629,0,imagenet_c,defocus_blur,1,none
efficientnet_b4,ILSVRC2012_val_00002278.JPEG,n03837869,682,682,0.17191197,1,imagenet_c,defocus_blur,1,none
efficientnet_b4,ILSVRC2012_val_00005993.JPEG,n03837869,682,682,0.67378736,1,imagenet_c,defocus_blur,1,none
efficientnet_b4,ILSVRC2012_val_00008078.JPEG,n03837869,682,646,0.048837647,0,imagenet_c,defocus_blur,1,none
efficientnet_b4,ILSVRC2012_val_00008580.JPEG,n03837869,682,682,0.6979461,1,imagenet_c,defocus_blur,1,none
efficientnet_b4,ILSVRC2012_val_00009126.JPEG,n03837869,682,682,0.7938039,1,imagenet_c,defocus_blur,1,none
efficientnet_b4,ILSVRC2012_val_00009364.JPEG,n03837869,682,682,0.74037313,1,imagenet_c,defocus_blur,1,none
efficientnet_b4,ILSVRC2012_val_00011566.JPEG,n03837869,682,879,0.13397221,0,imagenet_c,defocus_blur,1,none
efficientnet_b4,ILSVRC2012_val_00013406.JPEG,n03837869,682,682,0.5996007,1,imagenet_c,defocus_blur,1,none
efficientnet_b4,ILSVRC2012_val_00016087.JPEG,n03837869,682,682,0.6202862,1,imagenet_c,defocus_blur,1,none
efficientnet_b4,ILSVRC2012_val_00016301.JPEG,n03837869,682,708,0.11766635,0,imagenet_c,defocus_blur,1,none
efficientnet_b4,ILSVRC2012_val_00016892.JPEG,n03837869,682,682,0.39601856,1,imagenet_c,defocus_blur,1,none
efficientnet_b4,ILSVRC2012_val_00017240.JPEG,n03837869,682,835,0.09871155,0,imagenet_c,defocus_blur,1,none
efficientnet_b4,ILSVRC2012_val_00017506.JPEG,n03837869,682,682,0.60981685,1,imagenet_c,defocus_blur,1,none
efficientnet_b4,ILSVRC2012_val_00018663.JPEG,n03837869,682,682,0.4206669,1,imagenet_c,defocus_blur,1,none
efficientnet_b4,ILSVRC2012_val_00021346.JPEG,n03837869,682,682,0.32643616,1,imagenet_c,defocus_blur,1,none
efficientnet_b4,ILSVRC2012_val_00021817.JPEG,n03837869,682,682,0.5443099,1,imagenet_c,defocus_blur,1,none
efficientnet_b4,ILSVRC2012_val_00022526.JPEG,n03837869,682,682,0.24152376,1,imagenet_c,defocus_blur,1,none
efficientnet_b4,ILSVRC2012_val_00023275.JPEG,n03837869,682,682,0.584581,1,imagenet_c,defocus_blur,1,none
efficientnet_b4,ILSVRC2012_val_00024307.JPEG,n03837869,682,682,0.24382451,1,imagenet_c,defocus_blur,1,none
efficientnet_b4,ILSVRC2012_val_00024309.JPEG,n03837869,682,682,0.17680489,1,imagenet_c,defocus_blur,1,none
efficientnet_b4,ILSVRC2012_val_00025064.JPEG,n03837869,682,682,0.14461404,1,imagenet_c,defocus_blur,1,none
efficientnet_b4,ILSVRC2012_val_00025846.JPEG,n03837869,682,839,0.043013684,0,imagenet_c,defocus_blur,1,none
efficientnet_b4,ILSVRC2012_val_00026256.JPEG,n03837869,682,682,0.5212094,1,imagenet_c,defocus_blur,1,none
efficientnet_b4,ILSVRC2012_val_00026616.JPEG,n03837869,682,682,0.6463566,1,imagenet_c,defocus_blur,1,none
efficientnet_b4,ILSVRC2012_val_00028939.JPEG,n03837869,682,682,0.11069859,1,imagenet_c,defocus_blur,1,none
efficientnet_b4,ILSVRC2012_val_00029420.JPEG,n03837869,682,682,0.71730435,1,imagenet_c,defocus_blur,1,none
efficientnet_b4,ILSVRC2012_val_00030264.JPEG,n03837869,682,682,0.19921377,1,imagenet_c,defocus_blur,1,none
efficientnet_b4,ILSVRC2012_val_00031727.JPEG,n03837869,682,682,0.7966757,1,imagenet_c,defocus_blur,1,none
efficientnet_b4,ILSVRC2012_val_00031825.JPEG,n03837869,682,682,0.5280777,1,imagenet_c,defocus_blur,1,none
efficientnet_b4,ILSVRC2012_val_00034053.JPEG,n03837869,682,682,0.6609406,1,imagenet_c,defocus_blur,1,none
efficientnet_b4,ILSVRC2012_val_00034643.JPEG,n03837869,682,682,0.5738163,1,imagenet_c,defocus_blur,1,none
efficientnet_b4,ILSVRC2012_val_00035318.JPEG,n03837869,682,698,0.29059744,0,imagenet_c,defocus_blur,1,none
efficientnet_b4,ILSVRC2012_val_00035690.JPEG,n03837869,682,574,0.076926,0,imagenet_c,defocus_blur,1,none
efficientnet_b4,ILSVRC2012_val_00036145.JPEG,n03837869,682,682,0.48957813,1,imagenet_c,defocus_blur,1,none
efficientnet_b4,ILSVRC2012_val_00036456.JPEG,n03837869,682,682,0.47546262,1,imagenet_c,defocus_blur,1,none
efficientnet_b4,ILSVRC2012_val_00036692.JPEG,n03837869,682,682,0.06502238,1,imagenet_c,defocus_blur,1,none
efficientnet_b4,ILSVRC2012_val_00036715.JPEG,n03837869,682,682,0.44992322,1,imagenet_c,defocus_blur,1,none
efficientnet_b4,ILSVRC2012_val_00037528.JPEG,n03837869,682,682,0.6563626,1,imagenet_c,defocus_blur,1,none
efficientnet_b4,ILSVRC2012_val_00038808.JPEG,n03837869,682,682,0.581994,1,imagenet_c,defocus_blur,1,none
efficientnet_b4,ILSVRC2012_val_00040339.JPEG,n03837869,682,682,0.6507308,1,imagenet_c,defocus_blur,1,none
efficientnet_b4,ILSVRC2012_val_00041269.JPEG,n03837869,682,682,0.52543,1,imagenet_c,defocus_blur,1,none
efficientnet_b4,ILSVRC2012_val_00043384.JPEG,n03837869,682,497,0.322871,0,imagenet_c,defocus_blur,1,none
efficientnet_b4,ILSVRC2012_val_00044294.JPEG,n03837869,682,682,0.6401067,1,imagenet_c,defocus_blur,1,none
efficientnet_b4,ILSVRC2012_val_00044841.JPEG,n03837869,682,682,0.06129621,1,imagenet_c,defocus_blur,1,none
efficientnet_b4,ILSVRC2012_val_00045244.JPEG,n03837869,682,682,0.52574474,1,imagenet_c,defocus_blur,1,none
efficientnet_b4,ILSVRC2012_val_00046864.JPEG,n03837869,682,562,0.3717835,0,imagenet_c,defocus_blur,1,none
efficientnet_b4,ILSVRC2012_val_00047898.JPEG,n03837869,682,682,0.72707146,1,imagenet_c,defocus_blur,1,none
efficientnet_b4,ILSVRC2012_val_00048742.JPEG,n03837869,682,682,0.5718828,1,imagenet_c,defocus_blur,1,none
efficientnet_b4,ILSVRC2012_val_00049300.JPEG,n03837869,682,682,0.47314954,1,imagenet_c,defocus_blur,1,none
efficientnet_b4,ILSVRC2012_val_00049847.JPEG,n03837869,682,682,0.37870404,1,imagenet_c,defocus_blur,1,none
efficientnet_b4,ILSVRC2012_val_00001464.JPEG,n03838899,683,683,0.2848113,1,imagenet_c,defocus_blur,1,none
efficientnet_b4,ILSVRC2012_val_00001834.JPEG,n03838899,683,879,0.06590354,0,imagenet_c,defocus_blur,1,none
efficientnet_b4,ILSVRC2012_val_00002737.JPEG,n03838899,683,558,0.6217992,0,imagenet_c,defocus_blur,1,none
efficientnet_b4,ILSVRC2012_val_00003175.JPEG,n03838899,683,683,0.5951441,1,imagenet_c,defocus_blur,1,none
efficientnet_b4,ILSVRC2012_val_00003524.JPEG,n03838899,683,683,0.3622954,1,imagenet_c,defocus_blur,1,none
efficientnet_b4,ILSVRC2012_val_00003708.JPEG,n03838899,683,432,0.11084882,0,imagenet_c,defocus_blur,1,none
efficientnet_b4,ILSVRC2012_val_00004486.JPEG,n03838899,683,683,0.43364862,1,imagenet_c,defocus_blur,1,none
efficientnet_b4,ILSVRC2012_val_00004639.JPEG,n03838899,683,916,0.4642227,0,imagenet_c,defocus_blur,1,none
efficientnet_b4,ILSVRC2012_val_00006695.JPEG,n03838899,683,683,0.7292448,1,imagenet_c,defocus_blur,1,none
efficientnet_b4,ILSVRC2012_val_00007097.JPEG,n03838899,683,683,0.6303688,1,imagenet_c,defocus_blur,1,none
efficientnet_b4,ILSVRC2012_val_00010699.JPEG,n03838899,683,683,0.10884789,1,imagenet_c,defocus_blur,1,none
efficientnet_b4,ILSVRC2012_val_00011180.JPEG,n03838899,683,683,0.77915597,1,imagenet_c,defocus_blur,1,none
efficientnet_b4,ILSVRC2012_val_00011452.JPEG,n03838899,683,683,0.6076575,1,imagenet_c,defocus_blur,1,none
efficientnet_b4,ILSVRC2012_val_00016801.JPEG,n03838899,683,558,0.47974202,0,imagenet_c,defocus_blur,1,none
efficientnet_b4,ILSVRC2012_val_00017944.JPEG,n03838899,683,683,0.48211277,1,imagenet_c,defocus_blur,1,none
efficientnet_b4,ILSVRC2012_val_00018402.JPEG,n03838899,683,558,0.7752558,0,imagenet_c,defocus_blur,1,none
efficientnet_b4,ILSVRC2012_val_00019959.JPEG,n03838899,683,594,0.4977856,0,imagenet_c,defocus_blur,1,none
efficientnet_b4,ILSVRC2012_val_00020445.JPEG,n03838899,683,558,0.37939137,0,imagenet_c,defocus_blur,1,none
efficientnet_b4,ILSVRC2012_val_00020624.JPEG,n03838899,683,432,0.33668083,0,imagenet_c,defocus_blur,1,none
efficientnet_b4,ILSVRC2012_val_00021439.JPEG,n03838899,683,683,0.6689783,1,imagenet_c,defocus_blur,1,none
efficientnet_b4,ILSVRC2012_val_00021762.JPEG,n03838899,683,513,0.17456204,0,imagenet_c,defocus_blur,1,none
efficientnet_b4,ILSVRC2012_val_00021771.JPEG,n03838899,683,683,0.55067337,1,imagenet_c,defocus_blur,1,none
efficientnet_b4,ILSVRC2012_val_00021863.JPEG,n03838899,683,683,0.4129307,1,imagenet_c,defocus_blur,1,none
efficientnet_b4,ILSVRC2012_val_00023184.JPEG,n03838899,683,558,0.20674922,0,imagenet_c,defocus_blur,1,none
efficientnet_b4,ILSVRC2012_val_00024492.JPEG,n03838899,683,683,0.66313654,1,imagenet_c,defocus_blur,1,none
efficientnet_b4,ILSVRC2012_val_00026306.JPEG,n03838899,683,683,0.42577162,1,imagenet_c,defocus_blur,1,none
efficientnet_b4,ILSVRC2012_val_00027537.JPEG,n03838899,683,558,0.5645944,0,imagenet_c,defocus_blur,1,none
efficientnet_b4,ILSVRC2012_val_00028951.JPEG,n03838899,683,683,0.9246513,1,imagenet_c,defocus_blur,1,none
efficientnet_b4,ILSVRC2012_val_00029556.JPEG,n03838899,683,683,0.6211858,1,imagenet_c,defocus_blur,1,none
efficientnet_b4,ILSVRC2012_val_00029649.JPEG,n03838899,683,683,0.6299371,1,imagenet_c,defocus_blur,1,none
efficientnet_b4,ILSVRC2012_val_00032257.JPEG,n03838899,683,465,0.17551193,0,imagenet_c,defocus_blur,1,none
efficientnet_b4,ILSVRC2012_val_00032349.JPEG,n03838899,683,683,0.7031809,1,imagenet_c,defocus_blur,1,none
efficientnet_b4,ILSVRC2012_val_00032360.JPEG,n03838899,683,413,0.17777795,0,imagenet_c,defocus_blur,1,none
efficientnet_b4,ILSVRC2012_val_00033457.JPEG,n03838899,683,683,0.57383764,1,imagenet_c,defocus_blur,1,none
efficientnet_b4,ILSVRC2012_val_00034019.JPEG,n03838899,683,683,0.5219441,1,imagenet_c,defocus_blur,1,none
efficientnet_b4,ILSVRC2012_val_00035875.JPEG,n03838899,683,683,0.39409286,1,imagenet_c,defocus_blur,1,none
efficientnet_b4,ILSVRC2012_val_00036122.JPEG,n03838899,683,683,0.45946354,1,imagenet_c,defocus_blur,1,none
efficientnet_b4,ILSVRC2012_val_00036525.JPEG,n03838899,683,683,0.59304494,1,imagenet_c,defocus_blur,1,none
efficientnet_b4,ILSVRC2012_val_00036626.JPEG,n03838899,683,683,0.45145085,1,imagenet_c,defocus_blur,1,none
efficientnet_b4,ILSVRC2012_val_00040855.JPEG,n03838899,683,683,0.3705415,1,imagenet_c,defocus_blur,1,none
efficientnet_b4,ILSVRC2012_val_00041468.JPEG,n03838899,683,683,0.38862532,1,imagenet_c,defocus_blur,1,none
efficientnet_b4,ILSVRC2012_val_00041560.JPEG,n03838899,683,683,0.32108825,1,imagenet_c,defocus_blur,1,none
efficientnet_b4,ILSVRC2012_val_00042955.JPEG,n03838899,683,558,0.5426876,0,imagenet_c,defocus_blur,1,none
efficientnet_b4,ILSVRC2012_val_00043268.JPEG,n03838899,683,683,0.089462,1,imagenet_c,defocus_blur,1,none
efficientnet_b4,ILSVRC2012_val_00044509.JPEG,n03838899,683,432,0.08536541,0,imagenet_c,defocus_blur,1,none
efficientnet_b4,ILSVRC2012_val_00044697.JPEG,n03838899,683,683,0.56436443,1,imagenet_c,defocus_blur,1,none
efficientnet_b4,ILSVRC2012_val_00044768.JPEG,n03838899,683,683,0.63656986,1,imagenet_c,defocus_blur,1,none
efficientnet_b4,ILSVRC2012_val_00047285.JPEG,n03838899,683,558,0.59562594,0,imagenet_c,defocus_blur,1,none
efficientnet_b4,ILSVRC2012_val_00047450.JPEG,n03838899,683,683,0.58381635,1,imagenet_c,defocus_blur,1,none
efficientnet_b4,ILSVRC2012_val_00047869.JPEG,n03838899,683,683,0.707834,1,imagenet_c,defocus_blur,1,none
efficientnet_b4,ILSVRC2012_val_00000521.JPEG,n03840681,684,684,0.9175162,1,imagenet_c,defocus_blur,1,none
efficientnet_b4,ILSVRC2012_val_00001683.JPEG,n03840681,684,684,0.6598968,1,imagenet_c,defocus_blur,1,none
efficientnet_b4,ILSVRC2012_val_00002324.JPEG,n03840681,684,684,0.65702176,1,imagenet_c,defocus_blur,1,none
efficientnet_b4,ILSVRC2012_val_00005777.JPEG,n03840681,684,684,0.4472944,1,imagenet_c,defocus_blur,1,none
efficientnet_b4,ILSVRC2012_val_00005995.JPEG,n03840681,684,739,0.063217245,0,imagenet_c,defocus_blur,1,none
efficientnet_b4,ILSVRC2012_val_00006072.JPEG,n03840681,684,684,0.5961812,1,imagenet_c,defocus_blur,1,none
efficientnet_b4,ILSVRC2012_val_00006924.JPEG,n03840681,684,684,0.5320954,1,imagenet_c,defocus_blur,1,none
efficientnet_b4,ILSVRC2012_val_00007739.JPEG,n03840681,684,684,0.65533113,1,imagenet_c,defocus_blur,1,none
efficientnet_b4,ILSVRC2012_val_00009398.JPEG,n03840681,684,902,0.20147902,0,imagenet_c,defocus_blur,1,none
efficientnet_b4,ILSVRC2012_val_00010425.JPEG,n03840681,684,684,0.554496,1,imagenet_c,defocus_blur,1,none
efficientnet_b4,ILSVRC2012_val_00010973.JPEG,n03840681,684,684,0.6404458,1,imagenet_c,defocus_blur,1,none
efficientnet_b4,ILSVRC2012_val_00011958.JPEG,n03840681,684,684,0.63146853,1,imagenet_c,defocus_blur,1,none
efficientnet_b4,ILSVRC2012_val_00012014.JPEG,n03840681,684,684,0.7389849,1,imagenet_c,defocus_blur,1,none
efficientnet_b4,ILSVRC2012_val_00013249.JPEG,n03840681,684,684,0.6920285,1,imagenet_c,defocus_blur,1,none
efficientnet_b4,ILSVRC2012_val_00013326.JPEG,n03840681,684,450,0.07073599,0,imagenet_c,defocus_blur,1,none
efficientnet_b4,ILSVRC2012_val_00014053.JPEG,n03840681,684,684,0.732342,1,imagenet_c,defocus_blur,1,none
efficientnet_b4,ILSVRC2012_val_00014785.JPEG,n03840681,684,929,0.41156438,0,imagenet_c,defocus_blur,1,none
efficientnet_b4,ILSVRC2012_val_00015714.JPEG,n03840681,684,684,0.6574971,1,imagenet_c,defocus_blur,1,none
efficientnet_b4,ILSVRC2012_val_00017465.JPEG,n03840681,684,684,0.6689897,1,imagenet_c,defocus_blur,1,none
efficientnet_b4,ILSVRC2012_val_00017601.JPEG,n03840681,684,684,0.6051122,1,imagenet_c,defocus_blur,1,none
efficientnet_b4,ILSVRC2012_val_00018185.JPEG,n03840681,684,684,0.43141273,1,imagenet_c,defocus_blur,1,none
efficientnet_b4,ILSVRC2012_val_00018659.JPEG,n03840681,684,684,0.7120905,1,imagenet_c,defocus_blur,1,none
efficientnet_b4,ILSVRC2012_val_00022877.JPEG,n03840681,684,684,0.681286,1,imagenet_c,defocus_blur,1,none
efficientnet_b4,ILSVRC2012_val_00023261.JPEG,n03840681,684,684,0.53378606,1,imagenet_c,defocus_blur,1,none
efficientnet_b4,ILSVRC2012_val_00023297.JPEG,n03840681,684,684,0.690992,1,imagenet_c,defocus_blur,1,none
efficientnet_b4,ILSVRC2012_val_00024133.JPEG,n03840681,684,684,0.5883735,1,imagenet_c,defocus_blur,1,none
efficientnet_b4,ILSVRC2012_val_00024651.JPEG,n03840681,684,684,0.49406016,1,imagenet_c,defocus_blur,1,none
efficientnet_b4,ILSVRC2012_val_00025014.JPEG,n03840681,684,684,0.4518449,1,imagenet_c,defocus_blur,1,none
efficientnet_b4,ILSVRC2012_val_00025369.JPEG,n03840681,684,684,0.65207225,1,imagenet_c,defocus_blur,1,none
efficientnet_b4,ILSVRC2012_val_00026088.JPEG,n03840681,684,684,0.7121667,1,imagenet_c,defocus_blur,1,none
efficientnet_b4,ILSVRC2012_val_00026986.JPEG,n03840681,684,684,0.5663192,1,imagenet_c,defocus_blur,1,none
efficientnet_b4,ILSVRC2012_val_00029902.JPEG,n03840681,684,593,0.051183295,0,imagenet_c,defocus_blur,1,none
efficientnet_b4,ILSVRC2012_val_00030132.JPEG,n03840681,684,684,0.6225582,1,imagenet_c,defocus_blur,1,none
efficientnet_b4,ILSVRC2012_val_00031148.JPEG,n03840681,684,684,0.5123298,1,imagenet_c,defocus_blur,1,none
efficientnet_b4,ILSVRC2012_val_00031151.JPEG,n03840681,684,684,0.5657983,1,imagenet_c,defocus_blur,1,none
efficientnet_b4,ILSVRC2012_val_00031571.JPEG,n03840681,684,684,0.6725196,1,imagenet_c,defocus_blur,1,none
efficientnet_b4,ILSVRC2012_val_00031740.JPEG,n03840681,684,684,0.5461123,1,imagenet_c,defocus_blur,1,none
efficientnet_b4,ILSVRC2012_val_00035073.JPEG,n03840681,684,684,0.71834856,1,imagenet_c,defocus_blur,1,none
efficientnet_b4,ILSVRC2012_val_00036362.JPEG,n03840681,684,684,0.7348508,1,imagenet_c,defocus_blur,1,none
efficientnet_b4,ILSVRC2012_val_00037751.JPEG,n03840681,684,684,0.3762716,1,imagenet_c,defocus_blur,1,none
efficientnet_b4,ILSVRC2012_val_00039095.JPEG,n03840681,684,684,0.6820495,1,imagenet_c,defocus_blur,1,none
efficientnet_b4,ILSVRC2012_val_00039880.JPEG,n03840681,684,684,0.8849593,1,imagenet_c,defocus_blur,1,none
efficientnet_b4,ILSVRC2012_val_00040518.JPEG,n03840681,684,684,0.83887815,1,imagenet_c,defocus_blur,1,none
efficientnet_b4,ILSVRC2012_val_00040993.JPEG,n03840681,684,684,0.76744145,1,imagenet_c,defocus_blur,1,none
efficientnet_b4,ILSVRC2012_val_00041101.JPEG,n03840681,684,684,0.30328956,1,imagenet_c,defocus_blur,1,none
efficientnet_b4,ILSVRC2012_val_00043786.JPEG,n03840681,684,684,0.8350646,1,imagenet_c,defocus_blur,1,none
efficientnet_b4,ILSVRC2012_val_00046678.JPEG,n03840681,684,684,0.598336,1,imagenet_c,defocus_blur,1,none
efficientnet_b4,ILSVRC2012_val_00047219.JPEG,n03840681,684,684,0.58256763,1,imagenet_c,defocus_blur,1,none
efficientnet_b4,ILSVRC2012_val_00048063.JPEG,n03840681,684,739,0.14021061,0,imagenet_c,defocus_blur,1,none
efficientnet_b4,ILSVRC2012_val_00048807.JPEG,n03840681,684,684,0.53344136,1,imagenet_c,defocus_blur,1,none
efficientnet_b4,ILSVRC2012_val_00001380.JPEG,n03841143,685,685,0.6690328,1,imagenet_c,defocus_blur,1,none
efficientnet_b4,ILSVRC2012_val_00001877.JPEG,n03841143,685,685,0.60175157,1,imagenet_c,defocus_blur,1,none
efficientnet_b4,ILSVRC2012_val_00003381.JPEG,n03841143,685,685,0.5012229,1,imagenet_c,defocus_blur,1,none
efficientnet_b4,ILSVRC2012_val_00003529.JPEG,n03841143,685,685,0.6764624,1,imagenet_c,defocus_blur,1,none
efficientnet_b4,ILSVRC2012_val_00003637.JPEG,n03841143,685,685,0.5562739,1,imagenet_c,defocus_blur,1,none
efficientnet_b4,ILSVRC2012_val_00006978.JPEG,n03841143,685,685,0.692273,1,imagenet_c,defocus_blur,1,none
efficientnet_b4,ILSVRC2012_val_00008691.JPEG,n03841143,685,685,0.6914969,1,imagenet_c,defocus_blur,1,none
efficientnet_b4,ILSVRC2012_val_00008861.JPEG,n03841143,685,685,0.3697764,1,imagenet_c,defocus_blur,1,none
efficientnet_b4,ILSVRC2012_val_00009960.JPEG,n03841143,685,685,0.6013938,1,imagenet_c,defocus_blur,1,none
efficientnet_b4,ILSVRC2012_val_00010110.JPEG,n03841143,685,685,0.5718124,1,imagenet_c,defocus_blur,1,none
efficientnet_b4,ILSVRC2012_val_00010165.JPEG,n03841143,685,685,0.72238296,1,imagenet_c,defocus_blur,1,none
efficientnet_b4,ILSVRC2012_val_00011791.JPEG,n03841143,685,685,0.6135356,1,imagenet_c,defocus_blur,1,none
efficientnet_b4,ILSVRC2012_val_00012858.JPEG,n03841143,685,685,0.71079886,1,imagenet_c,defocus_blur,1,none
efficientnet_b4,ILSVRC2012_val_00013157.JPEG,n03841143,685,685,0.5851626,1,imagenet_c,defocus_blur,1,none
efficientnet_b4,ILSVRC2012_val_00013824.JPEG,n03841143,685,685,0.6568019,1,imagenet_c,defocus_blur,1,none
efficientnet_b4,ILSVRC2012_val_00014722.JPEG,n03841143,685,685,0.644255,1,imagenet_c,defocus_blur,1,none
efficientnet_b4,ILSVRC2012_val_00014933.JPEG,n03841143,685,685,0.61701715,1,imagenet_c,defocus_blur,1,none
efficientnet_b4,ILSVRC2012_val_00016681.JPEG,n03841143,685,685,0.73404294,1,imagenet_c,defocus_blur,1,none
efficientnet_b4,ILSVRC2012_val_00018900.JPEG,n03841143,685,685,0.60914075,1,imagenet_c,defocus_blur,1,none
efficientnet_b4,ILSVRC2012_val_00020307.JPEG,n03841143,685,685,0.71602684,1,imagenet_c,defocus_blur,1,none
efficientnet_b4,ILSVRC2012_val_00021274.JPEG,n03841143,685,685,0.694604,1,imagenet_c,defocus_blur,1,none
efficientnet_b4,ILSVRC2012_val_00022072.JPEG,n03841143,685,685,0.72176385,1,imagenet_c,defocus_blur,1,none
efficientnet_b4,ILSVRC2012_val_00022736.JPEG,n03841143,685,685,0.70162016,1,imagenet_c,defocus_blur,1,none
efficientnet_b4,ILSVRC2012_val_00023174.JPEG,n03841143,685,685,0.72483885,1,imagenet_c,defocus_blur,1,none
efficientnet_b4,ILSVRC2012_val_00023459.JPEG,n03841143,685,685,0.63581944,1,imagenet_c,defocus_blur,1,none
efficientnet_b4,ILSVRC2012_val_00023493.JPEG,n03841143,685,685,0.6904872,1,imagenet_c,defocus_blur,1,none
efficientnet_b4,ILSVRC2012_val_00023950.JPEG,n03841143,685,685,0.6317753,1,imagenet_c,defocus_blur,1,none
efficientnet_b4,ILSVRC2012_val_00024543.JPEG,n03841143,685,685,0.6944365,1,imagenet_c,defocus_blur,1,none
efficientnet_b4,ILSVRC2012_val_00025311.JPEG,n03841143,685,685,0.643862,1,imagenet_c,defocus_blur,1,none
efficientnet_b4,ILSVRC2012_val_00028269.JPEG,n03841143,685,685,0.63435584,1,imagenet_c,defocus_blur,1,none
efficientnet_b4,ILSVRC2012_val_00028335.JPEG,n03841143,685,685,0.6538971,1,imagenet_c,defocus_blur,1,none
efficientnet_b4,ILSVRC2012_val_00028478.JPEG,n03841143,685,685,0.6749756,1,imagenet_c,defocus_blur,1,none
efficientnet_b4,ILSVRC2012_val_00028682.JPEG,n03841143,685,685,0.5753878,1,imagenet_c,defocus_blur,1,none
efficientnet_b4,ILSVRC2012_val_00029988.JPEG,n03841143,685,685,0.7390993,1,imagenet_c,defocus_blur,1,none
efficientnet_b4,ILSVRC2012_val_00030557.JPEG,n03841143,685,685,0.6744125,1,imagenet_c,defocus_blur,1,none
efficientnet_b4,ILSVRC2012_val_00031972.JPEG,n03841143,685,685,0.62014174,1,imagenet_c,defocus_blur,1,none
efficientnet_b4,ILSVRC2012_val_00032908.JPEG,n03841143,685,685,0.60230786,1,imagenet_c,defocus_blur,1,none
efficientnet_b4,ILSVRC2012_val_00034030.JPEG,n03841143,685,685,0.7247568,1,imagenet_c,defocus_blur,1,none
efficientnet_b4,ILSVRC2012_val_00038367.JPEG,n03841143,685,685,0.62968683,1,imagenet_c,defocus_blur,1,none
efficientnet_b4,ILSVRC2012_val_00039598.JPEG,n03841143,685,685,0.5995473,1,imagenet_c,defocus_blur,1,none
efficientnet_b4,ILSVRC2012_val_00039911.JPEG,n03841143,685,485,0.287785,0,imagenet_c,defocus_blur,1,none
efficientnet_b4,ILSVRC2012_val_00041576.JPEG,n03841143,685,685,0.2850221,1,imagenet_c,defocus_blur,1,none
efficientnet_b4,ILSVRC2012_val_00041839.JPEG,n03841143,685,685,0.6392481,1,imagenet_c,defocus_blur,1,none
efficientnet_b4,ILSVRC2012_val_00042640.JPEG,n03841143,685,685,0.71655047,1,imagenet_c,defocus_blur,1,none
efficientnet_b4,ILSVRC2012_val_00044251.JPEG,n03841143,685,685,0.7266125,1,imagenet_c,defocus_blur,1,none
efficientnet_b4,ILSVRC2012_val_00046264.JPEG,n03841143,685,447,0.52513963,0,imagenet_c,defocus_blur,1,none
efficientnet_b4,ILSVRC2012_val_00046805.JPEG,n03841143,685,685,0.5981041,1,imagenet_c,defocus_blur,1,none
efficientnet_b4,ILSVRC2012_val_00047266.JPEG,n03841143,685,685,0.7253278,1,imagenet_c,defocus_blur,1,none
efficientnet_b4,ILSVRC2012_val_00048490.JPEG,n03841143,685,685,0.60290307,1,imagenet_c,defocus_blur,1,none
efficientnet_b4,ILSVRC2012_val_00048522.JPEG,n03841143,685,685,0.66059136,1,imagenet_c,defocus_blur,1,none
efficientnet_b4,ILSVRC2012_val_00000114.JPEG,n03843555,686,758,0.42078373,0,imagenet_c,defocus_blur,1,none
efficientnet_b4,ILSVRC2012_val_00000148.JPEG,n03843555,686,686,0.55351174,1,imagenet_c,defocus_blur,1,none
efficientnet_b4,ILSVRC2012_val_00001974.JPEG,n03843555,686,686,0.8308159,1,imagenet_c,defocus_blur,1,none
efficientnet_b4,ILSVRC2012_val_00002341.JPEG,n03843555,686,686,0.74260217,1,imagenet_c,defocus_blur,1,none
efficientnet_b4,ILSVRC2012_val_00004171.JPEG,n03843555,686,686,0.8573562,1,imagenet_c,defocus_blur,1,none
efficientnet_b4,ILSVRC2012_val_00005108.JPEG,n03843555,686,686,0.43803456,1,imagenet_c,defocus_blur,1,none
efficientnet_b4,ILSVRC2012_val_00007573.JPEG,n03843555,686,686,0.7827154,1,imagenet_c,defocus_blur,1,none
efficientnet_b4,ILSVRC2012_val_00007698.JPEG,n03843555,686,686,0.45951268,1,imagenet_c,defocus_blur,1,none
efficientnet_b4,ILSVRC2012_val_00008315.JPEG,n03843555,686,686,0.6808218,1,imagenet_c,defocus_blur,1,none
efficientnet_b4,ILSVRC2012_val_00010348.JPEG,n03843555,686,686,0.20458183,1,imagenet_c,defocus_blur,1,none
efficientnet_b4,ILSVRC2012_val_00010931.JPEG,n03843555,686,686,0.57092553,1,imagenet_c,defocus_blur,1,none
efficientnet_b4,ILSVRC2012_val_00013316.JPEG,n03843555,686,686,0.8338581,1,imagenet_c,defocus_blur,1,none
efficientnet_b4,ILSVRC2012_val_00014814.JPEG,n03843555,686,600,0.03853891,0,imagenet_c,defocus_blur,1,none
efficientnet_b4,ILSVRC2012_val_00016578.JPEG,n03843555,686,686,0.4496533,1,imagenet_c,defocus_blur,1,none
efficientnet_b4,ILSVRC2012_val_00016967.JPEG,n03843555,686,686,0.4136452,1,imagenet_c,defocus_blur,1,none
efficientnet_b4,ILSVRC2012_val_00017451.JPEG,n03843555,686,740,0.20116699,0,imagenet_c,defocus_blur,1,none
efficientnet_b4,ILSVRC2012_val_00018020.JPEG,n03843555,686,686,0.20421,1,imagenet_c,defocus_blur,1,none
efficientnet_b4,ILSVRC2012_val_00018387.JPEG,n03843555,686,589,0.15506858,0,imagenet_c,defocus_blur,1,none
efficientnet_b4,ILSVRC2012_val_00019596.JPEG,n03843555,686,686,0.7425217,1,imagenet_c,defocus_blur,1,none
efficientnet_b4,ILSVRC2012_val_00019929.JPEG,n03843555,686,686,0.77843374,1,imagenet_c,defocus_blur,1,none
efficientnet_b4,ILSVRC2012_val_00025419.JPEG,n03843555,686,686,0.028078347,1,imagenet_c,defocus_blur,1,none
efficientnet_b4,ILSVRC2012_val_00027021.JPEG,n03843555,686,686,0.16289368,1,imagenet_c,defocus_blur,1,none
efficientnet_b4,ILSVRC2012_val_00027325.JPEG,n03843555,686,686,0.41131064,1,imagenet_c,defocus_blur,1,none
efficientnet_b4,ILSVRC2012_val_00027462.JPEG,n03843555,686,686,0.5197078,1,imagenet_c,defocus_blur,1,none
efficientnet_b4,ILSVRC2012_val_00028014.JPEG,n03843555,686,686,0.5919794,1,imagenet_c,defocus_blur,1,none
efficientnet_b4,ILSVRC2012_val_00028022.JPEG,n03843555,686,686,0.65243614,1,imagenet_c,defocus_blur,1,none
efficientnet_b4,ILSVRC2012_val_00029904.JPEG,n03843555,686,686,0.8466944,1,imagenet_c,defocus_blur,1,none
efficientnet_b4,ILSVRC2012_val_00030676.JPEG,n03843555,686,686,0.21791445,1,imagenet_c,defocus_blur,1,none
efficientnet_b4,ILSVRC2012_val_00031087.JPEG,n03843555,686,686,0.4187093,1,imagenet_c,defocus_blur,1,none
efficientnet_b4,ILSVRC2012_val_00032354.JPEG,n03843555,686,686,0.6464244,1,imagenet_c,defocus_blur,1,none
efficientnet_b4,ILSVRC2012_val_00032407.JPEG,n03843555,686,686,0.8938386,1,imagenet_c,defocus_blur,1,none
efficientnet_b4,ILSVRC2012_val_00039254.JPEG,n03843555,686,686,0.7700429,1,imagenet_c,defocus_blur,1,none
efficientnet_b4,ILSVRC2012_val_00039328.JPEG,n03843555,686,751,0.2476608,0,imagenet_c,defocus_blur,1,none
efficientnet_b4,ILSVRC2012_val_00041128.JPEG,n03843555,686,686,0.77556723,1,imagenet_c,defocus_blur,1,none
efficientnet_b4,ILSVRC2012_val_00042269.JPEG,n03843555,686,686,0.8663514,1,imagenet_c,defocus_blur,1,none
efficientnet_b4,ILSVRC2012_val_00042713.JPEG,n03843555,686,686,0.18708292,1,imagenet_c,defocus_blur,1,none
efficientnet_b4,ILSVRC2012_val_00044997.JPEG,n03843555,686,844,0.20087966,0,imagenet_c,defocus_blur,1,none
efficientnet_b4,ILSVRC2012_val_00045663.JPEG,n03843555,686,686,0.7280301,1,imagenet_c,defocus_blur,1,none
efficientnet_b4,ILSVRC2012_val_00046118.JPEG,n03843555,686,686,0.5972312,1,imagenet_c,defocus_blur,1,none
efficientnet_b4,ILSVRC2012_val_00046120.JPEG,n03843555,686,542,0.07175029,0,imagenet_c,defocus_blur,1,none
efficientnet_b4,ILSVRC2012_val_00046369.JPEG,n03843555,686,686,0.12497739,1,imagenet_c,defocus_blur,1,none
efficientnet_b4,ILSVRC2012_val_00046519.JPEG,n03843555,686,686,0.45371118,1,imagenet_c,defocus_blur,1,none
efficientnet_b4,ILSVRC2012_val_00046569.JPEG,n03843555,686,686,0.9178348,1,imagenet_c,defocus_blur,1,none
efficientnet_b4,ILSVRC2012_val_00047130.JPEG,n03843555,686,686,0.49282703,1,imagenet_c,defocus_blur,1,none
efficientnet_b4,ILSVRC2012_val_00047376.JPEG,n03843555,686,686,0.15865436,1,imagenet_c,defocus_blur,1,none
efficientnet_b4,ILSVRC2012_val_00047442.JPEG,n03843555,686,481,0.25858343,0,imagenet_c,defocus_blur,1,none
efficientnet_b4,ILSVRC2012_val_00047714.JPEG,n03843555,686,751,0.17632458,0,imagenet_c,defocus_blur,1,none
efficientnet_b4,ILSVRC2012_val_00047873.JPEG,n03843555,686,686,0.804627,1,imagenet_c,defocus_blur,1,none
efficientnet_b4,ILSVRC2012_val_00048680.JPEG,n03843555,686,686,0.43573254,1,imagenet_c,defocus_blur,1,none
efficientnet_b4,ILSVRC2012_val_00049892.JPEG,n03843555,686,827,0.37644875,0,imagenet_c,defocus_blur,1,none
efficientnet_b4,ILSVRC2012_val_00000166.JPEG,n03854065,687,687,0.72299564,1,imagenet_c,defocus_blur,1,none
efficientnet_b4,ILSVRC2012_val_00000814.JPEG,n03854065,687,687,0.6481598,1,imagenet_c,defocus_blur,1,none
efficientnet_b4,ILSVRC2012_val_00001622.JPEG,n03854065,687,687,0.6182434,1,imagenet_c,defocus_blur,1,none
efficientnet_b4,ILSVRC2012_val_00003082.JPEG,n03854065,687,687,0.51386404,1,imagenet_c,defocus_blur,1,none
efficientnet_b4,ILSVRC2012_val_00003612.JPEG,n03854065,687,687,0.66666853,1,imagenet_c,defocus_blur,1,none
efficientnet_b4,ILSVRC2012_val_00003826.JPEG,n03854065,687,687,0.64700705,1,imagenet_c,defocus_blur,1,none
efficientnet_b4,ILSVRC2012_val_00004425.JPEG,n03854065,687,687,0.541117,1,imagenet_c,defocus_blur,1,none
efficientnet_b4,ILSVRC2012_val_00005556.JPEG,n03854065,687,687,0.27107343,1,imagenet_c,defocus_blur,1,none
efficientnet_b4,ILSVRC2012_val_00005635.JPEG,n03854065,687,884,0.19065739,0,imagenet_c,defocus_blur,1,none
efficientnet_b4,ILSVRC2012_val_00006479.JPEG,n03854065,687,687,0.4383153,1,imagenet_c,defocus_blur,1,none
efficientnet_b4,ILSVRC2012_val_00007206.JPEG,n03854065,687,687,0.64660746,1,imagenet_c,defocus_blur,1,none
efficientnet_b4,ILSVRC2012_val_00008322.JPEG,n03854065,687,687,0.61639965,1,imagenet_c,defocus_blur,1,none
efficientnet_b4,ILSVRC2012_val_00009172.JPEG,n03854065,687,687,0.39668667,1,imagenet_c,defocus_blur,1,none
efficientnet_b4,ILSVRC2012_val_00010534.JPEG,n03854065,687,687,0.24243268,1,imagenet_c,defocus_blur,1,none
efficientnet_b4,ILSVRC2012_val_00010816.JPEG,n03854065,687,727,0.18377677,0,imagenet_c,defocus_blur,1,none
efficientnet_b4,ILSVRC2012_val_00012467.JPEG,n03854065,687,698,0.11589774,0,imagenet_c,defocus_blur,1,none
efficientnet_b4,ILSVRC2012_val_00013230.JPEG,n03854065,687,687,0.22653712,1,imagenet_c,defocus_blur,1,none
efficientnet_b4,ILSVRC2012_val_00013782.JPEG,n03854065,687,406,0.24856022,0,imagenet_c,defocus_blur,1,none
efficientnet_b4,ILSVRC2012_val_00015793.JPEG,n03854065,687,687,0.5718967,1,imagenet_c,defocus_blur,1,none
efficientnet_b4,ILSVRC2012_val_00017662.JPEG,n03854065,687,406,0.48645934,0,imagenet_c,defocus_blur,1,none
efficientnet_b4,ILSVRC2012_val_00018163.JPEG,n03854065,687,687,0.5011062,1,imagenet_c,defocus_blur,1,none
efficientnet_b4,ILSVRC2012_val_00019829.JPEG,n03854065,687,858,0.1308856,0,imagenet_c,defocus_blur,1,none
efficientnet_b4,ILSVRC2012_val_00020122.JPEG,n03854065,687,687,0.37860498,1,imagenet_c,defocus_blur,1,none
efficientnet_b4,ILSVRC2012_val_00020881.JPEG,n03854065,687,442,0.20726004,0,imagenet_c,defocus_blur,1,none
efficientnet_b4,ILSVRC2012_val_00024907.JPEG,n03854065,687,811,0.2726581,0,imagenet_c,defocus_blur,1,none
efficientnet_b4,ILSVRC2012_val_00024984.JPEG,n03854065,687,687,0.28871304,1,imagenet_c,defocus_blur,1,none
efficientnet_b4,ILSVRC2012_val_00025178.JPEG,n03854065,687,687,0.63842773,1,imagenet_c,defocus_blur,1,none
efficientnet_b4,ILSVRC2012_val_00025531.JPEG,n03854065,687,687,0.53626585,1,imagenet_c,defocus_blur,1,none
efficientnet_b4,ILSVRC2012_val_00025545.JPEG,n03854065,687,687,0.6321048,1,imagenet_c,defocus_blur,1,none
efficientnet_b4,ILSVRC2012_val_00026613.JPEG,n03854065,687,687,0.6496532,1,imagenet_c,defocus_blur,1,none
efficientnet_b4,ILSVRC2012_val_00027249.JPEG,n03854065,687,687,0.6330305,1,imagenet_c,defocus_blur,1,none
efficientnet_b4,ILSVRC2012_val_00027979.JPEG,n03854065,687,687,0.4525043,1,imagenet_c,defocus_blur,1,none
efficientnet_b4,ILSVRC2012_val_00029865.JPEG,n03854065,687,406,0.22543584,0,imagenet_c,defocus_blur,1,none
efficientnet_b4,ILSVRC2012_val_00031272.JPEG,n03854065,687,687,0.6480379,1,imagenet_c,defocus_blur,1,none
efficientnet_b4,ILSVRC2012_val_00031331.JPEG,n03854065,687,757,0.1322126,0,imagenet_c,defocus_blur,1,none
efficientnet_b4,ILSVRC2012_val_00031719.JPEG,n03854065,687,687,0.5576274,1,imagenet_c,defocus_blur,1,none
efficientnet_b4,ILSVRC2012_val_00033230.JPEG,n03854065,687,687,0.20414113,1,imagenet_c,defocus_blur,1,none
efficientnet_b4,ILSVRC2012_val_00034845.JPEG,n03854065,687,687,0.70821255,1,imagenet_c,defocus_blur,1,none
efficientnet_b4,ILSVRC2012_val_00035575.JPEG,n03854065,687,401,0.16235326,0,imagenet_c,defocus_blur,1,none
efficientnet_b4,ILSVRC2012_val_00036177.JPEG,n03854065,687,854,0.4578029,0,imagenet_c,defocus_blur,1,none
efficientnet_b4,ILSVRC2012_val_00036538.JPEG,n03854065,687,687,0.18044466,1,imagenet_c,defocus_blur,1,none
efficientnet_b4,ILSVRC2012_val_00036673.JPEG,n03854065,687,884,0.27725804,0,imagenet_c,defocus_blur,1,none
efficientnet_b4,ILSVRC2012_val_00036724.JPEG,n03854065,687,443,0.027435575,0,imagenet_c,defocus_blur,1,none
efficientnet_b4,ILSVRC2012_val_00037148.JPEG,n03854065,687,687,0.5531348,1,imagenet_c,defocus_blur,1,none
efficientnet_b4,ILSVRC2012_val_00043721.JPEG,n03854065,687,687,0.5906024,1,imagenet_c,defocus_blur,1,none
efficientnet_b4,ILSVRC2012_val_00044437.JPEG,n03854065,687,687,0.0449864,1,imagenet_c,defocus_blur,1,none
efficientnet_b4,ILSVRC2012_val_00045516.JPEG,n03854065,687,687,0.2993505,1,imagenet_c,defocus_blur,1,none
efficientnet_b4,ILSVRC2012_val_00045994.JPEG,n03854065,687,406,0.15685345,0,imagenet_c,defocus_blur,1,none
efficientnet_b4,ILSVRC2012_val_00047068.JPEG,n03854065,687,687,0.6799076,1,imagenet_c,defocus_blur,1,none
efficientnet_b4,ILSVRC2012_val_00048283.JPEG,n03854065,687,406,0.357864,0,imagenet_c,defocus_blur,1,none
efficientnet_b4,ILSVRC2012_val_00001016.JPEG,n03857828,688,688,0.61556786,1,imagenet_c,defocus_blur,1,none
efficientnet_b4,ILSVRC2012_val_00004476.JPEG,n03857828,688,688,0.4672401,1,imagenet_c,defocus_blur,1,none
efficientnet_b4,ILSVRC2012_val_00004910.JPEG,n03857828,688,688,0.57890785,1,imagenet_c,defocus_blur,1,none
efficientnet_b4,ILSVRC2012_val_00005023.JPEG,n03857828,688,688,0.22122622,1,imagenet_c,defocus_blur,1,none
efficientnet_b4,ILSVRC2012_val_00007195.JPEG,n03857828,688,688,0.44313255,1,imagenet_c,defocus_blur,1,none
efficientnet_b4,ILSVRC2012_val_00009423.JPEG,n03857828,688,688,0.53879064,1,imagenet_c,defocus_blur,1,none
efficientnet_b4,ILSVRC2012_val_00010345.JPEG,n03857828,688,688,0.35949296,1,imagenet_c,defocus_blur,1,none
efficientnet_b4,ILSVRC2012_val_00011614.JPEG,n03857828,688,688,0.32369944,1,imagenet_c,defocus_blur,1,none
efficientnet_b4,ILSVRC2012_val_00012661.JPEG,n03857828,688,688,0.6215605,1,imagenet_c,defocus_blur,1,none
efficientnet_b4,ILSVRC2012_val_00012910.JPEG,n03857828,688,688,0.31219113,1,imagenet_c,defocus_blur,1,none
efficientnet_b4,ILSVRC2012_val_00013043.JPEG,n03857828,688,688,0.5150542,1,imagenet_c,defocus_blur,1,none
efficientnet_b4,ILSVRC2012_val_00013357.JPEG,n03857828,688,688,0.41431597,1,imagenet_c,defocus_blur,1,none
efficientnet_b4,ILSVRC2012_val_00015087.JPEG,n03857828,688,688,0.47345865,1,imagenet_c,defocus_blur,1,none
efficientnet_b4,ILSVRC2012_val_00015720.JPEG,n03857828,688,688,0.49190232,1,imagenet_c,defocus_blur,1,none
efficientnet_b4,ILSVRC2012_val_00015886.JPEG,n03857828,688,688,0.5310324,1,imagenet_c,defocus_blur,1,none
efficientnet_b4,ILSVRC2012_val_00016163.JPEG,n03857828,688,688,0.30404568,1,imagenet_c,defocus_blur,1,none
efficientnet_b4,ILSVRC2012_val_00016917.JPEG,n03857828,688,688,0.6200159,1,imagenet_c,defocus_blur,1,none
efficientnet_b4,ILSVRC2012_val_00017826.JPEG,n03857828,688,688,0.46937323,1,imagenet_c,defocus_blur,1,none
efficientnet_b4,ILSVRC2012_val_00019189.JPEG,n03857828,688,688,0.53939825,1,imagenet_c,defocus_blur,1,none
efficientnet_b4,ILSVRC2012_val_00019311.JPEG,n03857828,688,688,0.31924304,1,imagenet_c,defocus_blur,1,none
efficientnet_b4,ILSVRC2012_val_00020560.JPEG,n03857828,688,688,0.55873924,1,imagenet_c,defocus_blur,1,none
efficientnet_b4,ILSVRC2012_val_00022267.JPEG,n03857828,688,688,0.59379685,1,imagenet_c,defocus_blur,1,none
efficientnet_b4,ILSVRC2012_val_00022455.JPEG,n03857828,688,688,0.5984604,1,imagenet_c,defocus_blur,1,none
efficientnet_b4,ILSVRC2012_val_00022761.JPEG,n03857828,688,688,0.3672044,1,imagenet_c,defocus_blur,1,none
efficientnet_b4,ILSVRC2012_val_00023487.JPEG,n03857828,688,688,0.5872186,1,imagenet_c,defocus_blur,1,none
efficientnet_b4,ILSVRC2012_val_00023567.JPEG,n03857828,688,688,0.34984562,1,imagenet_c,defocus_blur,1,none
efficientnet_b4,ILSVRC2012_val_00023588.JPEG,n03857828,688,688,0.46994343,1,imagenet_c,defocus_blur,1,none
efficientnet_b4,ILSVRC2012_val_00024243.JPEG,n03857828,688,688,0.5458914,1,imagenet_c,defocus_blur,1,none
efficientnet_b4,ILSVRC2012_val_00025464.JPEG,n03857828,688,688,0.4801988,1,imagenet_c,defocus_blur,1,none
efficientnet_b4,ILSVRC2012_val_00026686.JPEG,n03857828,688,688,0.5638526,1,imagenet_c,defocus_blur,1,none
efficientnet_b4,ILSVRC2012_val_00027075.JPEG,n03857828,688,688,0.45701623,1,imagenet_c,defocus_blur,1,none
efficientnet_b4,ILSVRC2012_val_00027084.JPEG,n03857828,688,688,0.606109,1,imagenet_c,defocus_blur,1,none
efficientnet_b4,ILSVRC2012_val_00028874.JPEG,n03857828,688,688,0.42050546,1,imagenet_c,defocus_blur,1,none
efficientnet_b4,ILSVRC2012_val_00029074.JPEG,n03857828,688,688,0.4818777,1,imagenet_c,defocus_blur,1,none
efficientnet_b4,ILSVRC2012_val_00030560.JPEG,n03857828,688,688,0.5135053,1,imagenet_c,defocus_blur,1,none
efficientnet_b4,ILSVRC2012_val_00033646.JPEG,n03857828,688,688,0.5430617,1,imagenet_c,defocus_blur,1,none
efficientnet_b4,ILSVRC2012_val_00033905.JPEG,n03857828,688,613,0.15656875,0,imagenet_c,defocus_blur,1,none
efficientnet_b4,ILSVRC2012_val_00034052.JPEG,n03857828,688,688,0.40121254,1,imagenet_c,defocus_blur,1,none
efficientnet_b4,ILSVRC2012_val_00034995.JPEG,n03857828,688,688,0.4910988,1,imagenet_c,defocus_blur,1,none
efficientnet_b4,ILSVRC2012_val_00036143.JPEG,n03857828,688,798,0.35143974,0,imagenet_c,defocus_blur,1,none
efficientnet_b4,ILSVRC2012_val_00036299.JPEG,n03857828,688,688,0.6405418,1,imagenet_c,defocus_blur,1,none
efficientnet_b4,ILSVRC2012_val_00037300.JPEG,n03857828,688,688,0.52690035,1,imagenet_c,defocus_blur,1,none
efficientnet_b4,ILSVRC2012_val_00038695.JPEG,n03857828,688,688,0.5292469,1,imagenet_c,defocus_blur,1,none
efficientnet_b4,ILSVRC2012_val_00039136.JPEG,n03857828,688,688,0.3743428,1,imagenet_c,defocus_blur,1,none
efficientnet_b4,ILSVRC2012_val_00045579.JPEG,n03857828,688,688,0.60457647,1,imagenet_c,defocus_blur,1,none
efficientnet_b4,ILSVRC2012_val_00045935.JPEG,n03857828,688,688,0.52285683,1,imagenet_c,defocus_blur,1,none
efficientnet_b4,ILSVRC2012_val_00047063.JPEG,n03857828,688,688,0.5604829,1,imagenet_c,defocus_blur,1,none
efficientnet_b4,ILSVRC2012_val_00047380.JPEG,n03857828,688,481,0.091866836,0,imagenet_c,defocus_blur,1,none
efficientnet_b4,ILSVRC2012_val_00048350.JPEG,n03857828,688,688,0.5631834,1,imagenet_c,defocus_blur,1,none
efficientnet_b4,ILSVRC2012_val_00048946.JPEG,n03857828,688,688,0.5444112,1,imagenet_c,defocus_blur,1,none
efficientnet_b4,ILSVRC2012_val_00001961.JPEG,n03866082,689,689,0.38861603,1,imagenet_c,defocus_blur,1,none
efficientnet_b4,ILSVRC2012_val_00002332.JPEG,n03866082,689,689,0.31095842,1,imagenet_c,defocus_blur,1,none
efficientnet_b4,ILSVRC2012_val_00003114.JPEG,n03866082,689,601,0.44538873,0,imagenet_c,defocus_blur,1,none
efficientnet_b4,ILSVRC2012_val_00003476.JPEG,n03866082,689,689,0.83855534,1,imagenet_c,defocus_blur,1,none
efficientnet_b4,ILSVRC2012_val_00003554.JPEG,n03866082,689,936,0.17604895,0,imagenet_c,defocus_blur,1,none
efficientnet_b4,ILSVRC2012_val_00005141.JPEG,n03866082,689,689,0.5806127,1,imagenet_c,defocus_blur,1,none
efficientnet_b4,ILSVRC2012_val_00005251.JPEG,n03866082,689,689,0.29192543,1,imagenet_c,defocus_blur,1,none
efficientnet_b4,ILSVRC2012_val_00005872.JPEG,n03866082,689,601,0.2996084,0,imagenet_c,defocus_blur,1,none
efficientnet_b4,ILSVRC2012_val_00009424.JPEG,n03866082,689,601,0.40363467,0,imagenet_c,defocus_blur,1,none
efficientnet_b4,ILSVRC2012_val_00009489.JPEG,n03866082,689,601,0.30283538,0,imagenet_c,defocus_blur,1,none
efficientnet_b4,ILSVRC2012_val_00009526.JPEG,n03866082,689,689,0.5323366,1,imagenet_c,defocus_blur,1,none
efficientnet_b4,ILSVRC2012_val_00011988.JPEG,n03866082,689,996,0.52002084,0,imagenet_c,defocus_blur,1,none
efficientnet_b4,ILSVRC2012_val_00012491.JPEG,n03866082,689,689,0.31229576,1,imagenet_c,defocus_blur,1,none
efficientnet_b4,ILSVRC2012_val_00014561.JPEG,n03866082,689,773,0.06358651,0,imagenet_c,defocus_blur,1,none
efficientnet_b4,ILSVRC2012_val_00015286.JPEG,n03866082,689,689,0.67685133,1,imagenet_c,defocus_blur,1,none
efficientnet_b4,ILSVRC2012_val_00016048.JPEG,n03866082,689,689,0.08483057,1,imagenet_c,defocus_blur,1,none
efficientnet_b4,ILSVRC2012_val_00016795.JPEG,n03866082,689,212,0.09236194,0,imagenet_c,defocus_blur,1,none
efficientnet_b4,ILSVRC2012_val_00017059.JPEG,n03866082,689,689,0.6201348,1,imagenet_c,defocus_blur,1,none
efficientnet_b4,ILSVRC2012_val_00017791.JPEG,n03866082,689,689,0.24612005,1,imagenet_c,defocus_blur,1,none
efficientnet_b4,ILSVRC2012_val_00017835.JPEG,n03866082,689,689,0.48524606,1,imagenet_c,defocus_blur,1,none
efficientnet_b4,ILSVRC2012_val_00018050.JPEG,n03866082,689,869,0.12360304,0,imagenet_c,defocus_blur,1,none
efficientnet_b4,ILSVRC2012_val_00019176.JPEG,n03866082,689,578,0.26747498,0,imagenet_c,defocus_blur,1,none
efficientnet_b4,ILSVRC2012_val_00021408.JPEG,n03866082,689,601,0.34863028,0,imagenet_c,defocus_blur,1,none
efficientnet_b4,ILSVRC2012_val_00021728.JPEG,n03866082,689,689,0.17202824,1,imagenet_c,defocus_blur,1,none
efficientnet_b4,ILSVRC2012_val_00022544.JPEG,n03866082,689,689,0.44260955,1,imagenet_c,defocus_blur,1,none
efficientnet_b4,ILSVRC2012_val_00023585.JPEG,n03866082,689,689,0.034683015,1,imagenet_c,defocus_blur,1,none
efficientnet_b4,ILSVRC2012_val_00024930.JPEG,n03866082,689,601,0.10329137,0,imagenet_c,defocus_blur,1,none
efficientnet_b4,ILSVRC2012_val_00025945.JPEG,n03866082,689,689,0.3825962,1,imagenet_c,defocus_blur,1,none
efficientnet_b4,ILSVRC2012_val_00026790.JPEG,n03866082,689,689,0.1870757,1,imagenet_c,defocus_blur,1,none
efficientnet_b4,ILSVRC2012_val_00027238.JPEG,n03866082,689,459,0.36312786,0,imagenet_c,defocus_blur,1,none
efficientnet_b4,ILSVRC2012_val_00028311.JPEG,n03866082,689,596,0.09602781,0,imagenet_c,defocus_blur,1,none
efficientnet_b4,ILSVRC2012_val_00030796.JPEG,n03866082,689,689,0.37533334,1,imagenet_c,defocus_blur,1,none
efficientnet_b4,ILSVRC2012_val_00031324.JPEG,n03866082,689,601,0.2281064,0,imagenet_c,defocus_blur,1,none
efficientnet_b4,ILSVRC2012_val_00032676.JPEG,n03866082,689,689,0.75154805,1,imagenet_c,defocus_blur,1,none
efficientnet_b4,ILSVRC2012_val_00033395.JPEG,n03866082,689,887,0.26052174,0,imagenet_c,defocus_blur,1,none
efficientnet_b4,ILSVRC2012_val_00033995.JPEG,n03866082,689,614,0.54097444,0,imagenet_c,defocus_blur,1,none
efficientnet_b4,ILSVRC2012_val_00034283.JPEG,n03866082,689,645,0.037497997,0,imagenet_c,defocus_blur,1,none
efficientnet_b4,ILSVRC2012_val_00035692.JPEG,n03866082,689,601,0.30981034,0,imagenet_c,defocus_blur,1,none
efficientnet_b4,ILSVRC2012_val_00036610.JPEG,n03866082,689,601,0.5607371,0,imagenet_c,defocus_blur,1,none
efficientnet_b4,ILSVRC2012_val_00038100.JPEG,n03866082,689,608,0.25504932,0,imagenet_c,defocus_blur,1,none
efficientnet_b4,ILSVRC2012_val_00040736.JPEG,n03866082,689,411,0.32938847,0,imagenet_c,defocus_blur,1,none
efficientnet_b4,ILSVRC2012_val_00041091.JPEG,n03866082,689,689,0.6684188,1,imagenet_c,defocus_blur,1,none
efficientnet_b4,ILSVRC2012_val_00041229.JPEG,n03866082,689,869,0.10674715,0,imagenet_c,defocus_blur,1,none
efficientnet_b4,ILSVRC2012_val_00043581.JPEG,n03866082,689,601,0.20776154,0,imagenet_c,defocus_blur,1,none
efficientnet_b4,ILSVRC2012_val_00043743.JPEG,n03866082,689,707,0.03459646,0,imagenet_c,defocus_blur,1,none
efficientnet_b4,ILSVRC2012_val_00043954.JPEG,n03866082,689,850,0.04910215,0,imagenet_c,defocus_blur,1,none
efficientnet_b4,ILSVRC2012_val_00044123.JPEG,n03866082,689,642,0.18308873,0,imagenet_c,defocus_blur,1,none
efficientnet_b4,ILSVRC2012_val_00046877.JPEG,n03866082,689,601,0.62909544,0,imagenet_c,defocus_blur,1,none
efficientnet_b4,ILSVRC2012_val_00047430.JPEG,n03866082,689,689,0.37148833,1,imagenet_c,defocus_blur,1,none
efficientnet_b4,ILSVRC2012_val_00048048.JPEG,n03866082,689,689,0.13407245,1,imagenet_c,defocus_blur,1,none
efficientnet_b4,ILSVRC2012_val_00001581.JPEG,n03868242,690,690,0.45126343,1,imagenet_c,defocus_blur,1,none
efficientnet_b4,ILSVRC2012_val_00001773.JPEG,n03868242,690,690,0.3995965,1,imagenet_c,defocus_blur,1,none
efficientnet_b4,ILSVRC2012_val_00001907.JPEG,n03868242,690,690,0.48581582,1,imagenet_c,defocus_blur,1,none
efficientnet_b4,ILSVRC2012_val_00002464.JPEG,n03868242,690,690,0.55566597,1,imagenet_c,defocus_blur,1,none
efficientnet_b4,ILSVRC2012_val_00002623.JPEG,n03868242,690,690,0.6470817,1,imagenet_c,defocus_blur,1,none
efficientnet_b4,ILSVRC2012_val_00003161.JPEG,n03868242,690,690,0.6062996,1,imagenet_c,defocus_blur,1,none
efficientnet_b4,ILSVRC2012_val_00005185.JPEG,n03868242,690,690,0.5561459,1,imagenet_c,defocus_blur,1,none
efficientnet_b4,ILSVRC2012_val_00006162.JPEG,n03868242,690,690,0.3050103,1,imagenet_c,defocus_blur,1,none
efficientnet_b4,ILSVRC2012_val_00006450.JPEG,n03868242,690,690,0.4491243,1,imagenet_c,defocus_blur,1,none
efficientnet_b4,ILSVRC2012_val_00006718.JPEG,n03868242,690,603,0.44073698,0,imagenet_c,defocus_blur,1,none
efficientnet_b4,ILSVRC2012_val_00007325.JPEG,n03868242,690,690,0.33749264,1,imagenet_c,defocus_blur,1,none
efficientnet_b4,ILSVRC2012_val_00007836.JPEG,n03868242,690,690,0.38927138,1,imagenet_c,defocus_blur,1,none
efficientnet_b4,ILSVRC2012_val_00009767.JPEG,n03868242,690,690,0.5877597,1,imagenet_c,defocus_blur,1,none
efficientnet_b4,ILSVRC2012_val_00010511.JPEG,n03868242,690,408,0.5601092,0,imagenet_c,defocus_blur,1,none
efficientnet_b4,ILSVRC2012_val_00011705.JPEG,n03868242,690,690,0.4431278,1,imagenet_c,defocus_blur,1,none
efficientnet_b4,ILSVRC2012_val_00011896.JPEG,n03868242,690,690,0.6505321,1,imagenet_c,defocus_blur,1,none
efficientnet_b4,ILSVRC2012_val_00012206.JPEG,n03868242,690,690,0.5605783,1,imagenet_c,defocus_blur,1,none
efficientnet_b4,ILSVRC2012_val_00013895.JPEG,n03868242,690,984,0.10299877,0,imagenet_c,defocus_blur,1,none
efficientnet_b4,ILSVRC2012_val_00014640.JPEG,n03868242,690,690,0.11588263,1,imagenet_c,defocus_blur,1,none
efficientnet_b4,ILSVRC2012_val_00016505.JPEG,n03868242,690,690,0.4549902,1,imagenet_c,defocus_blur,1,none
efficientnet_b4,ILSVRC2012_val_00018170.JPEG,n03868242,690,883,0.111157306,0,imagenet_c,defocus_blur,1,none
efficientnet_b4,ILSVRC2012_val_00018953.JPEG,n03868242,690,690,0.6550298,1,imagenet_c,defocus_blur,1,none
efficientnet_b4,ILSVRC2012_val_00019136.JPEG,n03868242,690,690,0.41300675,1,imagenet_c,defocus_blur,1,none
efficientnet_b4,ILSVRC2012_val_00019385.JPEG,n03868242,690,690,0.3023552,1,imagenet_c,defocus_blur,1,none
efficientnet_b4,ILSVRC2012_val_00019893.JPEG,n03868242,690,690,0.22012398,1,imagenet_c,defocus_blur,1,none
efficientnet_b4,ILSVRC2012_val_00021500.JPEG,n03868242,690,690,0.477402,1,imagenet_c,defocus_blur,1,none
efficientnet_b4,ILSVRC2012_val_00022557.JPEG,n03868242,690,690,0.6216196,1,imagenet_c,defocus_blur,1,none
efficientnet_b4,ILSVRC2012_val_00022836.JPEG,n03868242,690,690,0.48985058,1,imagenet_c,defocus_blur,1,none
efficientnet_b4,ILSVRC2012_val_00023007.JPEG,n03868242,690,690,0.40390462,1,imagenet_c,defocus_blur,1,none
efficientnet_b4,ILSVRC2012_val_00023451.JPEG,n03868242,690,690,0.5260091,1,imagenet_c,defocus_blur,1,none
efficientnet_b4,ILSVRC2012_val_00024045.JPEG,n03868242,690,975,0.07220713,0,imagenet_c,defocus_blur,1,none
efficientnet_b4,ILSVRC2012_val_00024131.JPEG,n03868242,690,690,0.5347149,1,imagenet_c,defocus_blur,1,none
efficientnet_b4,ILSVRC2012_val_00025341.JPEG,n03868242,690,690,0.5589427,1,imagenet_c,defocus_blur,1,none
efficientnet_b4,ILSVRC2012_val_00026057.JPEG,n03868242,690,690,0.48039117,1,imagenet_c,defocus_blur,1,none
efficientnet_b4,ILSVRC2012_val_00026732.JPEG,n03868242,690,690,0.6829349,1,imagenet_c,defocus_blur,1,none
efficientnet_b4,ILSVRC2012_val_00030274.JPEG,n03868242,690,690,0.42205614,1,imagenet_c,defocus_blur,1,none
efficientnet_b4,ILSVRC2012_val_00030932.JPEG,n03868242,690,690,0.4126372,1,imagenet_c,defocus_blur,1,none
efficientnet_b4,ILSVRC2012_val_00032003.JPEG,n03868242,690,690,0.57447356,1,imagenet_c,defocus_blur,1,none
efficientnet_b4,ILSVRC2012_val_00032711.JPEG,n03868242,690,690,0.49626455,1,imagenet_c,defocus_blur,1,none
efficientnet_b4,ILSVRC2012_val_00033719.JPEG,n03868242,690,690,0.58001006,1,imagenet_c,defocus_blur,1,none
efficientnet_b4,ILSVRC2012_val_00035457.JPEG,n03868242,690,856,0.17870176,0,imagenet_c,defocus_blur,1,none
efficientnet_b4,ILSVRC2012_val_00039238.JPEG,n03868242,690,690,0.38242716,1,imagenet_c,defocus_blur,1,none
efficientnet_b4,ILSVRC2012_val_00041004.JPEG,n03868242,690,690,0.51370305,1,imagenet_c,defocus_blur,1,none
efficientnet_b4,ILSVRC2012_val_00043112.JPEG,n03868242,690,690,0.53405255,1,imagenet_c,defocus_blur,1,none
efficientnet_b4,ILSVRC2012_val_00043902.JPEG,n03868242,690,690,0.37393013,1,imagenet_c,defocus_blur,1,none
efficientnet_b4,ILSVRC2012_val_00044500.JPEG,n03868242,690,408,0.30135572,0,imagenet_c,defocus_blur,1,none
efficientnet_b4,ILSVRC2012_val_00045432.JPEG,n03868242,690,690,0.32770985,1,imagenet_c,defocus_blur,1,none
efficientnet_b4,ILSVRC2012_val_00046812.JPEG,n03868242,690,690,0.5523983,1,imagenet_c,defocus_blur,1,none
efficientnet_b4,ILSVRC2012_val_00048117.JPEG,n03868242,690,690,0.36231065,1,imagenet_c,defocus_blur,1,none
efficientnet_b4,ILSVRC2012_val_00048912.JPEG,n03868242,690,690,0.5807231,1,imagenet_c,defocus_blur,1,none
efficientnet_b4,ILSVRC2012_val_00000549.JPEG,n03868863,691,822,0.1526301,0,imagenet_c,defocus_blur,1,none
efficientnet_b4,ILSVRC2012_val_00002895.JPEG,n03868863,691,715,0.14186434,0,imagenet_c,defocus_blur,1,none
efficientnet_b4,ILSVRC2012_val_00005396.JPEG,n03868863,691,691,0.123426706,1,imagenet_c,defocus_blur,1,none
efficientnet_b4,ILSVRC2012_val_00005421.JPEG,n03868863,691,691,0.6914232,1,imagenet_c,defocus_blur,1,none
efficientnet_b4,ILSVRC2012_val_00005568.JPEG,n03868863,691,691,0.73508173,1,imagenet_c,defocus_blur,1,none
efficientnet_b4,ILSVRC2012_val_00006497.JPEG,n03868863,691,617,0.25468248,0,imagenet_c,defocus_blur,1,none
efficientnet_b4,ILSVRC2012_val_00007585.JPEG,n03868863,691,983,0.13042824,0,imagenet_c,defocus_blur,1,none
efficientnet_b4,ILSVRC2012_val_00007694.JPEG,n03868863,691,691,0.81445,1,imagenet_c,defocus_blur,1,none
efficientnet_b4,ILSVRC2012_val_00011326.JPEG,n03868863,691,691,0.08877886,1,imagenet_c,defocus_blur,1,none
efficientnet_b4,ILSVRC2012_val_00011676.JPEG,n03868863,691,691,0.043957453,1,imagenet_c,defocus_blur,1,none
efficientnet_b4,ILSVRC2012_val_00012336.JPEG,n03868863,691,691,0.47736365,1,imagenet_c,defocus_blur,1,none
efficientnet_b4,ILSVRC2012_val_00013259.JPEG,n03868863,691,802,0.1319593,0,imagenet_c,defocus_blur,1,none
efficientnet_b4,ILSVRC2012_val_00013520.JPEG,n03868863,691,691,0.6221587,1,imagenet_c,defocus_blur,1,none
efficientnet_b4,ILSVRC2012_val_00014643.JPEG,n03868863,691,691,0.55811256,1,imagenet_c,defocus_blur,1,none
efficientnet_b4,ILSVRC2012_val_00014804.JPEG,n03868863,691,830,0.28665394,0,imagenet_c,defocus_blur,1,none
efficientnet_b4,ILSVRC2012_val_00015601.JPEG,n03868863,691,570,0.68701494,0,imagenet_c,defocus_blur,1,none
efficientnet_b4,ILSVRC2012_val_00015726.JPEG,n03868863,691,691,0.68359303,1,imagenet_c,defocus_blur,1,none
efficientnet_b4,ILSVRC2012_val_00017101.JPEG,n03868863,691,691,0.8339368,1,imagenet_c,defocus_blur,1,none
efficientnet_b4,ILSVRC2012_val_00017745.JPEG,n03868863,691,691,0.6135472,1,imagenet_c,defocus_blur,1,none
efficientnet_b4,ILSVRC2012_val_00018887.JPEG,n03868863,691,965,0.065963395,0,imagenet_c,defocus_blur,1,none
efficientnet_b4,ILSVRC2012_val_00019871.JPEG,n03868863,691,691,0.2790499,1,imagenet_c,defocus_blur,1,none
efficientnet_b4,ILSVRC2012_val_00019994.JPEG,n03868863,691,691,0.3100022,1,imagenet_c,defocus_blur,1,none
efficientnet_b4,ILSVRC2012_val_00020320.JPEG,n03868863,691,691,0.7051654,1,imagenet_c,defocus_blur,1,none
efficientnet_b4,ILSVRC2012_val_00021700.JPEG,n03868863,691,983,0.40370077,0,imagenet_c,defocus_blur,1,none
efficientnet_b4,ILSVRC2012_val_00024287.JPEG,n03868863,691,691,0.7706109,1,imagenet_c,defocus_blur,1,none
efficientnet_b4,ILSVRC2012_val_00025563.JPEG,n03868863,691,691,0.8144612,1,imagenet_c,defocus_blur,1,none
efficientnet_b4,ILSVRC2012_val_00025765.JPEG,n03868863,691,691,0.10550617,1,imagenet_c,defocus_blur,1,none
efficientnet_b4,ILSVRC2012_val_00026092.JPEG,n03868863,691,691,0.67741513,1,imagenet_c,defocus_blur,1,none
efficientnet_b4,ILSVRC2012_val_00026664.JPEG,n03868863,691,785,0.05174576,0,imagenet_c,defocus_blur,1,none
efficientnet_b4,ILSVRC2012_val_00027050.JPEG,n03868863,691,691,0.5090038,1,imagenet_c,defocus_blur,1,none
efficientnet_b4,ILSVRC2012_val_00029486.JPEG,n03868863,691,691,0.5447919,1,imagenet_c,defocus_blur,1,none
efficientnet_b4,ILSVRC2012_val_00029895.JPEG,n03868863,691,691,0.8874164,1,imagenet_c,defocus_blur,1,none
efficientnet_b4,ILSVRC2012_val_00032498.JPEG,n03868863,691,830,0.19187185,0,imagenet_c,defocus_blur,1,none
efficientnet_b4,ILSVRC2012_val_00033211.JPEG,n03868863,691,691,0.36615622,1,imagenet_c,defocus_blur,1,none
efficientnet_b4,ILSVRC2012_val_00033287.JPEG,n03868863,691,691,0.44781765,1,imagenet_c,defocus_blur,1,none
efficientnet_b4,ILSVRC2012_val_00033355.JPEG,n03868863,691,691,0.24471635,1,imagenet_c,defocus_blur,1,none
efficientnet_b4,ILSVRC2012_val_00035346.JPEG,n03868863,691,691,0.2679346,1,imagenet_c,defocus_blur,1,none
efficientnet_b4,ILSVRC2012_val_00036033.JPEG,n03868863,691,691,0.28465226,1,imagenet_c,defocus_blur,1,none
efficientnet_b4,ILSVRC2012_val_00036136.JPEG,n03868863,691,570,0.3106951,0,imagenet_c,defocus_blur,1,none
efficientnet_b4,ILSVRC2012_val_00036571.JPEG,n03868863,691,639,0.27187508,0,imagenet_c,defocus_blur,1,none
efficientnet_b4,ILSVRC2012_val_00036829.JPEG,n03868863,691,691,0.6439724,1,imagenet_c,defocus_blur,1,none
efficientnet_b4,ILSVRC2012_val_00039176.JPEG,n03868863,691,691,0.67235667,1,imagenet_c,defocus_blur,1,none
efficientnet_b4,ILSVRC2012_val_00041244.JPEG,n03868863,691,691,0.76444405,1,imagenet_c,defocus_blur,1,none
efficientnet_b4,ILSVRC2012_val_00042088.JPEG,n03868863,691,568,0.1454516,0,imagenet_c,defocus_blur,1,none
efficientnet_b4,ILSVRC2012_val_00042308.JPEG,n03868863,691,661,0.21945576,0,imagenet_c,defocus_blur,1,none
efficientnet_b4,ILSVRC2012_val_00042990.JPEG,n03868863,691,983,0.39798263,0,imagenet_c,defocus_blur,1,none
efficientnet_b4,ILSVRC2012_val_00043264.JPEG,n03868863,691,570,0.6455443,0,imagenet_c,defocus_blur,1,none
efficientnet_b4,ILSVRC2012_val_00047780.JPEG,n03868863,691,691,0.698093,1,imagenet_c,defocus_blur,1,none
efficientnet_b4,ILSVRC2012_val_00048987.JPEG,n03868863,691,570,0.65531415,0,imagenet_c,defocus_blur,1,none
efficientnet_b4,ILSVRC2012_val_00049205.JPEG,n03868863,691,691,0.8340435,1,imagenet_c,defocus_blur,1,none
efficientnet_b4,ILSVRC2012_val_00002069.JPEG,n03871628,692,692,0.20967457,1,imagenet_c,defocus_blur,1,none
efficientnet_b4,ILSVRC2012_val_00002169.JPEG,n03871628,692,509,0.12888731,0,imagenet_c,defocus_blur,1,none
efficientnet_b4,ILSVRC2012_val_00003796.JPEG,n03871628,692,720,0.11034923,0,imagenet_c,defocus_blur,1,none
efficientnet_b4,ILSVRC2012_val_00004509.JPEG,n03871628,692,481,0.15313567,0,imagenet_c,defocus_blur,1,none
efficientnet_b4,ILSVRC2012_val_00005248.JPEG,n03871628,692,692,0.18919855,1,imagenet_c,defocus_blur,1,none
efficientnet_b4,ILSVRC2012_val_00008309.JPEG,n03871628,692,692,0.08875195,1,imagenet_c,defocus_blur,1,none
efficientnet_b4,ILSVRC2012_val_00008356.JPEG,n03871628,692,692,0.80646324,1,imagenet_c,defocus_blur,1,none
efficientnet_b4,ILSVRC2012_val_00008492.JPEG,n03871628,692,596,0.20036212,0,imagenet_c,defocus_blur,1,none
efficientnet_b4,ILSVRC2012_val_00008678.JPEG,n03871628,692,838,0.43350598,0,imagenet_c,defocus_blur,1,none
efficientnet_b4,ILSVRC2012_val_00008709.JPEG,n03871628,692,692,0.24962993,1,imagenet_c,defocus_blur,1,none
efficientnet_b4,ILSVRC2012_val_00009786.JPEG,n03871628,692,692,0.41532803,1,imagenet_c,defocus_blur,1,none
efficientnet_b4,ILSVRC2012_val_00011690.JPEG,n03871628,692,692,0.43072027,1,imagenet_c,defocus_blur,1,none
efficientnet_b4,ILSVRC2012_val_00011770.JPEG,n03871628,692,748,0.5866869,0,imagenet_c,defocus_blur,1,none
efficientnet_b4,ILSVRC2012_val_00013285.JPEG,n03871628,692,692,0.060114443,1,imagenet_c,defocus_blur,1,none
efficientnet_b4,ILSVRC2012_val_00015005.JPEG,n03871628,692,692,0.11080865,1,imagenet_c,defocus_blur,1,none
efficientnet_b4,ILSVRC2012_val_00015580.JPEG,n03871628,692,692,0.36847314,1,imagenet_c,defocus_blur,1,none
efficientnet_b4,ILSVRC2012_val_00015940.JPEG,n03871628,692,692,0.3598091,1,imagenet_c,defocus_blur,1,none
efficientnet_b4,ILSVRC2012_val_00016003.JPEG,n03871628,692,949,0.08700529,0,imagenet_c,defocus_blur,1,none
efficientnet_b4,ILSVRC2012_val_00017618.JPEG,n03871628,692,761,0.14475712,0,imagenet_c,defocus_blur,1,none
efficientnet_b4,ILSVRC2012_val_00017726.JPEG,n03871628,692,419,0.26539236,0,imagenet_c,defocus_blur,1,none
efficientnet_b4,ILSVRC2012_val_00017920.JPEG,n03871628,692,865,0.2809027,0,imagenet_c,defocus_blur,1,none
efficientnet_b4,ILSVRC2012_val_00018251.JPEG,n03871628,692,692,0.26581347,1,imagenet_c,defocus_blur,1,none
efficientnet_b4,ILSVRC2012_val_00019016.JPEG,n03871628,692,692,0.7447762,1,imagenet_c,defocus_blur,1,none
efficientnet_b4,ILSVRC2012_val_00020129.JPEG,n03871628,692,692,0.04114427,1,imagenet_c,defocus_blur,1,none
efficientnet_b4,ILSVRC2012_val_00021041.JPEG,n03871628,692,686,0.15424503,0,imagenet_c,defocus_blur,1,none
efficientnet_b4,ILSVRC2012_val_00022746.JPEG,n03871628,692,692,0.22781605,1,imagenet_c,defocus_blur,1,none
efficientnet_b4,ILSVRC2012_val_00022943.JPEG,n03871628,692,842,0.26480934,0,imagenet_c,defocus_blur,1,none
efficientnet_b4,ILSVRC2012_val_00024132.JPEG,n03871628,692,582,0.31374422,0,imagenet_c,defocus_blur,1,none
efficientnet_b4,ILSVRC2012_val_00026594.JPEG,n03871628,692,838,0.28537148,0,imagenet_c,defocus_blur,1,none
efficientnet_b4,ILSVRC2012_val_00027103.JPEG,n03871628,692,478,0.13598855,0,imagenet_c,defocus_blur,1,none
efficientnet_b4,ILSVRC2012_val_00027639.JPEG,n03871628,692,692,0.4545596,1,imagenet_c,defocus_blur,1,none
efficientnet_b4,ILSVRC2012_val_00028316.JPEG,n03871628,692,692,0.26447305,1,imagenet_c,defocus_blur,1,none
efficientnet_b4,ILSVRC2012_val_00028843.JPEG,n03871628,692,838,0.18391426,0,imagenet_c,defocus_blur,1,none
efficientnet_b4,ILSVRC2012_val_00029585.JPEG,n03871628,692,419,0.1399235,0,imagenet_c,defocus_blur,1,none
efficientnet_b4,ILSVRC2012_val_00042397.JPEG,n03871628,692,767,0.4460916,0,imagenet_c,defocus_blur,1,none
efficientnet_b4,ILSVRC2012_val_00042411.JPEG,n03871628,692,838,0.42141032,0,imagenet_c,defocus_blur,1,none
efficientnet_b4,ILSVRC2012_val_00042417.JPEG,n03871628,692,509,0.20775549,0,imagenet_c,defocus_blur,1,none
efficientnet_b4,ILSVRC2012_val_00042662.JPEG,n03871628,692,692,0.20363939,1,imagenet_c,defocus_blur,1,none
efficientnet_b4,ILSVRC2012_val_00042883.JPEG,n03871628,692,692,0.4777944,1,imagenet_c,defocus_blur,1,none
efficientnet_b4,ILSVRC2012_val_00044226.JPEG,n03871628,692,692,0.49278396,1,imagenet_c,defocus_blur,1,none
efficientnet_b4,ILSVRC2012_val_00044365.JPEG,n03871628,692,692,0.41052303,1,imagenet_c,defocus_blur,1,none
efficientnet_b4,ILSVRC2012_val_00045375.JPEG,n03871628,692,692,0.24075541,1,imagenet_c,defocus_blur,1,none
efficientnet_b4,ILSVRC2012_val_00045732.JPEG,n03871628,692,720,0.17604347,0,imagenet_c,defocus_blur,1,none
efficientnet_b4,ILSVRC2012_val_00046027.JPEG,n03871628,692,692,0.5070557,1,imagenet_c,defocus_blur,1,none
efficientnet_b4,ILSVRC2012_val_00046204.JPEG,n03871628,692,692,0.8431432,1,imagenet_c,defocus_blur,1,none
efficientnet_b4,ILSVRC2012_val_00047844.JPEG,n03871628,692,440,0.2536199,0,imagenet_c,defocus_blur,1,none
efficientnet_b4,ILSVRC2012_val_00048740.JPEG,n03871628,692,692,0.11950377,1,imagenet_c,defocus_blur,1,none
efficientnet_b4,ILSVRC2012_val_00048769.JPEG,n03871628,692,767,0.6631365,0,imagenet_c,defocus_blur,1,none
efficientnet_b4,ILSVRC2012_val_00049179.JPEG,n03871628,692,838,0.15668945,0,imagenet_c,defocus_blur,1,none
efficientnet_b4,ILSVRC2012_val_00049476.JPEG,n03871628,692,692,0.36738914,1,imagenet_c,defocus_blur,1,none
efficientnet_b4,ILSVRC2012_val_00003004.JPEG,n03873416,693,472,0.30552194,0,imagenet_c,defocus_blur,1,none
efficientnet_b4,ILSVRC2012_val_00003470.JPEG,n03873416,693,871,0.24157035,0,imagenet_c,defocus_blur,1,none
efficientnet_b4,ILSVRC2012_val_00003751.JPEG,n03873416,693,472,0.3862795,0,imagenet_c,defocus_blur,1,none
efficientnet_b4,ILSVRC2012_val_00004792.JPEG,n03873416,693,693,0.6568314,1,imagenet_c,defocus_blur,1,none
efficientnet_b4,ILSVRC2012_val_00004961.JPEG,n03873416,693,693,0.5446646,1,imagenet_c,defocus_blur,1,none
efficientnet_b4,ILSVRC2012_val_00005876.JPEG,n03873416,693,433,0.0714987,0,imagenet_c,defocus_blur,1,none
efficientnet_b4,ILSVRC2012_val_00007150.JPEG,n03873416,693,472,0.23361117,0,imagenet_c,defocus_blur,1,none
efficientnet_b4,ILSVRC2012_val_00008110.JPEG,n03873416,693,693,0.4616602,1,imagenet_c,defocus_blur,1,none
efficientnet_b4,ILSVRC2012_val_00008700.JPEG,n03873416,693,693,0.6827451,1,imagenet_c,defocus_blur,1,none
efficientnet_b4,ILSVRC2012_val_00008855.JPEG,n03873416,693,693,0.54820406,1,imagenet_c,defocus_blur,1,none
efficientnet_b4,ILSVRC2012_val_00012609.JPEG,n03873416,693,484,0.13559385,0,imagenet_c,defocus_blur,1,none
efficientnet_b4,ILSVRC2012_val_00014993.JPEG,n03873416,693,693,0.23233089,1,imagenet_c,defocus_blur,1,none
efficientnet_b4,ILSVRC2012_val_00015049.JPEG,n03873416,693,472,0.26548,0,imagenet_c,defocus_blur,1,none
efficientnet_b4,ILSVRC2012_val_00015444.JPEG,n03873416,693,693,0.6809743,1,imagenet_c,defocus_blur,1,none
efficientnet_b4,ILSVRC2012_val_00016218.JPEG,n03873416,693,472,0.21199735,0,imagenet_c,defocus_blur,1,none
efficientnet_b4,ILSVRC2012_val_00016980.JPEG,n03873416,693,693,0.23552407,1,imagenet_c,defocus_blur,1,none
efficientnet_b4,ILSVRC2012_val_00017617.JPEG,n03873416,693,693,0.3906054,1,imagenet_c,defocus_blur,1,none
efficientnet_b4,ILSVRC2012_val_00018501.JPEG,n03873416,693,693,0.44712472,1,imagenet_c,defocus_blur,1,none
efficientnet_b4,ILSVRC2012_val_00019072.JPEG,n03873416,693,693,0.27036944,1,imagenet_c,defocus_blur,1,none
efficientnet_b4,ILSVRC2012_val_00019191.JPEG,n03873416,693,693,0.377032,1,imagenet_c,defocus_blur,1,none
efficientnet_b4,ILSVRC2012_val_00021648.JPEG,n03873416,693,693,0.38077047,1,imagenet_c,defocus_blur,1,none
efficientnet_b4,ILSVRC2012_val_00022798.JPEG,n03873416,693,693,0.4150383,1,imagenet_c,defocus_blur,1,none
efficientnet_b4,ILSVRC2012_val_00025434.JPEG,n03873416,693,148,0.18377537,0,imagenet_c,defocus_blur,1,none
efficientnet_b4,ILSVRC2012_val_00026147.JPEG,n03873416,693,693,0.63587797,1,imagenet_c,defocus_blur,1,none
efficientnet_b4,ILSVRC2012_val_00026856.JPEG,n03873416,693,693,0.7348389,1,imagenet_c,defocus_blur,1,none
efficientnet_b4,ILSVRC2012_val_00026884.JPEG,n03873416,693,421,0.080603324,0,imagenet_c,defocus_blur,1,none
efficientnet_b4,ILSVRC2012_val_00029352.JPEG,n03873416,693,693,0.39993688,1,imagenet_c,defocus_blur,1,none
efficientnet_b4,ILSVRC2012_val_00030677.JPEG,n03873416,693,693,0.73166686,1,imagenet_c,defocus_blur,1,none
efficientnet_b4,ILSVRC2012_val_00030725.JPEG,n03873416,693,693,0.3151177,1,imagenet_c,defocus_blur,1,none
efficientnet_b4,ILSVRC2012_val_00031409.JPEG,n03873416,693,693,0.22596525,1,imagenet_c,defocus_blur,1,none
efficientnet_b4,ILSVRC2012_val_00032248.JPEG,n03873416,693,693,0.10583421,1,imagenet_c,defocus_blur,1,none
efficientnet_b4,ILSVRC2012_val_00032858.JPEG,n03873416,693,693,0.6675611,1,imagenet_c,defocus_blur,1,none
efficientnet_b4,ILSVRC2012_val_00032878.JPEG,n03873416,693,693,0.33467674,1,imagenet_c,defocus_blur,1,none
efficientnet_b4,ILSVRC2012_val_00037011.JPEG,n03873416,693,693,0.2923208,1,imagenet_c,defocus_blur,1,none
efficientnet_b4,ILSVRC2012_val_00038050.JPEG,n03873416,693,743,0.12508139,0,imagenet_c,defocus_blur,1,none
efficientnet_b4,ILSVRC2012_val_00038624.JPEG,n03873416,693,693,0.7907852,1,imagenet_c,defocus_blur,1,none
efficientnet_b4,ILSVRC2012_val_00039472.JPEG,n03873416,693,693,0.7842917,1,imagenet_c,defocus_blur,1,none
efficientnet_b4,ILSVRC2012_val_00039481.JPEG,n03873416,693,693,0.05010631,1,imagenet_c,defocus_blur,1,none
efficientnet_b4,ILSVRC2012_val_00039703.JPEG,n03873416,693,693,0.2602698,1,imagenet_c,defocus_blur,1,none
efficientnet_b4,ILSVRC2012_val_00040523.JPEG,n03873416,693,693,0.43272474,1,imagenet_c,defocus_blur,1,none
efficientnet_b4,ILSVRC2012_val_00041182.JPEG,n03873416,693,693,0.25826415,1,imagenet_c,defocus_blur,1,none
efficientnet_b4,ILSVRC2012_val_00042777.JPEG,n03873416,693,693,0.5978399,1,imagenet_c,defocus_blur,1,none
efficientnet_b4,ILSVRC2012_val_00043183.JPEG,n03873416,693,472,0.20022583,0,imagenet_c,defocus_blur,1,none
efficientnet_b4,ILSVRC2012_val_00044454.JPEG,n03873416,693,693,0.21185635,1,imagenet_c,defocus_blur,1,none
efficientnet_b4,ILSVRC2012_val_00044912.JPEG,n03873416,693,821,0.53953123,0,imagenet_c,defocus_blur,1,none
efficientnet_b4,ILSVRC2012_val_00045082.JPEG,n03873416,693,693,0.25157627,1,imagenet_c,defocus_blur,1,none
efficientnet_b4,ILSVRC2012_val_00046406.JPEG,n03873416,693,450,0.19740552,0,imagenet_c,defocus_blur,1,none
efficientnet_b4,ILSVRC2012_val_00046760.JPEG,n03873416,693,693,0.34981364,1,imagenet_c,defocus_blur,1,none
efficientnet_b4,ILSVRC2012_val_00047900.JPEG,n03873416,693,693,0.43251854,1,imagenet_c,defocus_blur,1,none
efficientnet_b4,ILSVRC2012_val_00048851.JPEG,n03873416,693,910,0.059361096,0,imagenet_c,defocus_blur,1,none
efficientnet_b4,ILSVRC2012_val_00000264.JPEG,n03874293,694,694,0.50222874,1,imagenet_c,defocus_blur,1,none
efficientnet_b4,ILSVRC2012_val_00000373.JPEG,n03874293,694,694,0.45345375,1,imagenet_c,defocus_blur,1,none
efficientnet_b4,ILSVRC2012_val_00000822.JPEG,n03874293,694,975,0.027090138,0,imagenet_c,defocus_blur,1,none
efficientnet_b4,ILSVRC2012_val_00000960.JPEG,n03874293,694,694,0.53056586,1,imagenet_c,defocus_blur,1,none
efficientnet_b4,ILSVRC2012_val_00001264.JPEG,n03874293,694,694,0.6246414,1,imagenet_c,defocus_blur,1,none
efficientnet_b4,ILSVRC2012_val_00002995.JPEG,n03874293,694,694,0.42140374,1,imagenet_c,defocus_blur,1,none
efficientnet_b4,ILSVRC2012_val_00004764.JPEG,n03874293,694,694,0.13066408,1,imagenet_c,defocus_blur,1,none
efficientnet_b4,ILSVRC2012_val_00004863.JPEG,n03874293,694,694,0.55004746,1,imagenet_c,defocus_blur,1,none
efficientnet_b4,ILSVRC2012_val_00004957.JPEG,n03874293,694,694,0.09867012,1,imagenet_c,defocus_blur,1,none
efficientnet_b4,ILSVRC2012_val_00006741.JPEG,n03874293,694,694,0.6162916,1,imagenet_c,defocus_blur,1,none
efficientnet_b4,ILSVRC2012_val_00008478.JPEG,n03874293,694,694,0.57743734,1,imagenet_c,defocus_blur,1,none
efficientnet_b4,ILSVRC2012_val_00008933.JPEG,n03874293,694,694,0.46538705,1,imagenet_c,defocus_blur,1,none
efficientnet_b4,ILSVRC2012_val_00012543.JPEG,n03874293,694,694,0.46312514,1,imagenet_c,defocus_blur,1,none
efficientnet_b4,ILSVRC2012_val_00013806.JPEG,n03874293,694,600,0.01749533,0,imagenet_c,defocus_blur,1,none
efficientnet_b4,ILSVRC2012_val_00014074.JPEG,n03874293,694,694,0.511157,1,imagenet_c,defocus_blur,1,none
efficientnet_b4,ILSVRC2012_val_00015870.JPEG,n03874293,694,694,0.59261674,1,imagenet_c,defocus_blur,1,none
efficientnet_b4,ILSVRC2012_val_00017941.JPEG,n03874293,694,913,0.04677391,0,imagenet_c,defocus_blur,1,none
efficientnet_b4,ILSVRC2012_val_00020720.JPEG,n03874293,694,694,0.5921166,1,imagenet_c,defocus_blur,1,none
efficientnet_b4,ILSVRC2012_val_00021470.JPEG,n03874293,694,694,0.47029787,1,imagenet_c,defocus_blur,1,none
efficientnet_b4,ILSVRC2012_val_00022448.JPEG,n03874293,694,694,0.515416,1,imagenet_c,defocus_blur,1,none
efficientnet_b4,ILSVRC2012_val_00024112.JPEG,n03874293,694,694,0.535384,1,imagenet_c,defocus_blur,1,none
efficientnet_b4,ILSVRC2012_val_00026062.JPEG,n03874293,694,694,0.60319215,1,imagenet_c,defocus_blur,1,none
efficientnet_b4,ILSVRC2012_val_00027201.JPEG,n03874293,694,694,0.5881124,1,imagenet_c,defocus_blur,1,none
efficientnet_b4,ILSVRC2012_val_00028384.JPEG,n03874293,694,694,0.72339565,1,imagenet_c,defocus_blur,1,none
efficientnet_b4,ILSVRC2012_val_00028416.JPEG,n03874293,694,694,0.48712918,1,imagenet_c,defocus_blur,1,none
efficientnet_b4,ILSVRC2012_val_00028877.JPEG,n03874293,694,694,0.20485482,1,imagenet_c,defocus_blur,1,none
efficientnet_b4,ILSVRC2012_val_00029137.JPEG,n03874293,694,694,0.5774816,1,imagenet_c,defocus_blur,1,none
efficientnet_b4,ILSVRC2012_val_00030003.JPEG,n03874293,694,694,0.7268503,1,imagenet_c,defocus_blur,1,none
efficientnet_b4,ILSVRC2012_val_00030802.JPEG,n03874293,694,694,0.52341914,1,imagenet_c,defocus_blur,1,none
efficientnet_b4,ILSVRC2012_val_00031007.JPEG,n03874293,694,694,0.5022688,1,imagenet_c,defocus_blur,1,none
efficientnet_b4,ILSVRC2012_val_00031869.JPEG,n03874293,694,449,0.14476418,0,imagenet_c,defocus_blur,1,none
efficientnet_b4,ILSVRC2012_val_00032590.JPEG,n03874293,694,694,0.16765274,1,imagenet_c,defocus_blur,1,none
efficientnet_b4,ILSVRC2012_val_00032653.JPEG,n03874293,694,694,0.6095573,1,imagenet_c,defocus_blur,1,none
efficientnet_b4,ILSVRC2012_val_00033358.JPEG,n03874293,694,694,0.43376917,1,imagenet_c,defocus_blur,1,none
efficientnet_b4,ILSVRC2012_val_00034002.JPEG,n03874293,694,694,0.5563418,1,imagenet_c,defocus_blur,1,none
efficientnet_b4,ILSVRC2012_val_00034746.JPEG,n03874293,694,694,0.11210813,1,imagenet_c,defocus_blur,1,none
efficientnet_b4,ILSVRC2012_val_00034833.JPEG,n03874293,694,854,0.12154711,0,imagenet_c,defocus_blur,1,none
efficientnet_b4,ILSVRC2012_val_00035353.JPEG,n03874293,694,694,0.5135862,1,imagenet_c,defocus_blur,1,none
efficientnet_b4,ILSVRC2012_val_00038211.JPEG,n03874293,694,694,0.6884928,1,imagenet_c,defocus_blur,1,none
efficientnet_b4,ILSVRC2012_val_00038246.JPEG,n03874293,694,694,0.12837626,1,imagenet_c,defocus_blur,1,none
efficientnet_b4,ILSVRC2012_val_00038274.JPEG,n03874293,694,694,0.55204535,1,imagenet_c,defocus_blur,1,none
efficientnet_b4,ILSVRC2012_val_00039368.JPEG,n03874293,694,694,0.6575031,1,imagenet_c,defocus_blur,1,none
efficientnet_b4,ILSVRC2012_val_00041489.JPEG,n03874293,694,694,0.51585525,1,imagenet_c,defocus_blur,1,none
efficientnet_b4,ILSVRC2012_val_00042256.JPEG,n03874293,694,694,0.17745751,1,imagenet_c,defocus_blur,1,none
efficientnet_b4,ILSVRC2012_val_00043964.JPEG,n03874293,694,694,0.539394,1,imagenet_c,defocus_blur,1,none
efficientnet_b4,ILSVRC2012_val_00044582.JPEG,n03874293,694,694,0.64957386,1,imagenet_c,defocus_blur,1,none
efficientnet_b4,ILSVRC2012_val_00046200.JPEG,n03874293,694,694,0.57443345,1,imagenet_c,defocus_blur,1,none
efficientnet_b4,ILSVRC2012_val_00047209.JPEG,n03874293,694,694,0.6533932,1,imagenet_c,defocus_blur,1,none
efficientnet_b4,ILSVRC2012_val_00047562.JPEG,n03874293,694,694,0.6194823,1,imagenet_c,defocus_blur,1,none
efficientnet_b4,ILSVRC2012_val_00047764.JPEG,n03874293,694,694,0.57656103,1,imagenet_c,defocus_blur,1,none
efficientnet_b4,ILSVRC2012_val_00000265.JPEG,n03874599,695,695,0.17012398,1,imagenet_c,defocus_blur,1,none
efficientnet_b4,ILSVRC2012_val_00002115.JPEG,n03874599,695,507,0.38118297,0,imagenet_c,defocus_blur,1,none
efficientnet_b4,ILSVRC2012_val_00002716.JPEG,n03874599,695,507,0.26269874,0,imagenet_c,defocus_blur,1,none
efficientnet_b4,ILSVRC2012_val_00002908.JPEG,n03874599,695,695,0.304633,1,imagenet_c,defocus_blur,1,none
efficientnet_b4,ILSVRC2012_val_00004826.JPEG,n03874599,695,695,0.21326117,1,imagenet_c,defocus_blur,1,none
efficientnet_b4,ILSVRC2012_val_00007293.JPEG,n03874599,695,748,0.15111853,0,imagenet_c,defocus_blur,1,none
efficientnet_b4,ILSVRC2012_val_00007623.JPEG,n03874599,695,695,0.36001933,1,imagenet_c,defocus_blur,1,none
efficientnet_b4,ILSVRC2012_val_00007780.JPEG,n03874599,695,695,0.40414265,1,imagenet_c,defocus_blur,1,none
efficientnet_b4,ILSVRC2012_val_00013720.JPEG,n03874599,695,695,0.42791957,1,imagenet_c,defocus_blur,1,none
efficientnet_b4,ILSVRC2012_val_00013842.JPEG,n03874599,695,695,0.34617147,1,imagenet_c,defocus_blur,1,none
efficientnet_b4,ILSVRC2012_val_00014039.JPEG,n03874599,695,695,0.21603845,1,imagenet_c,defocus_blur,1,none
efficientnet_b4,ILSVRC2012_val_00014197.JPEG,n03874599,695,626,0.27956986,0,imagenet_c,defocus_blur,1,none
efficientnet_b4,ILSVRC2012_val_00014725.JPEG,n03874599,695,695,0.53122014,1,imagenet_c,defocus_blur,1,none
efficientnet_b4,ILSVRC2012_val_00014969.JPEG,n03874599,695,695,0.6295068,1,imagenet_c,defocus_blur,1,none
efficientnet_b4,ILSVRC2012_val_00015912.JPEG,n03874599,695,695,0.36736706,1,imagenet_c,defocus_blur,1,none
efficientnet_b4,ILSVRC2012_val_00022993.JPEG,n03874599,695,695,0.72435856,1,imagenet_c,defocus_blur,1,none
efficientnet_b4,ILSVRC2012_val_00023222.JPEG,n03874599,695,901,0.7207809,0,imagenet_c,defocus_blur,1,none
efficientnet_b4,ILSVRC2012_val_00024357.JPEG,n03874599,695,695,0.3993551,1,imagenet_c,defocus_blur,1,none
efficientnet_b4,ILSVRC2012_val_00024366.JPEG,n03874599,695,461,0.21731816,0,imagenet_c,defocus_blur,1,none
efficientnet_b4,ILSVRC2012_val_00024746.JPEG,n03874599,695,695,0.5003171,1,imagenet_c,defocus_blur,1,none
efficientnet_b4,ILSVRC2012_val_00025473.JPEG,n03874599,695,695,0.49384975,1,imagenet_c,defocus_blur,1,none
efficientnet_b4,ILSVRC2012_val_00027371.JPEG,n03874599,695,507,0.29390994,0,imagenet_c,defocus_blur,1,none
efficientnet_b4,ILSVRC2012_val_00028734.JPEG,n03874599,695,605,0.07130385,0,imagenet_c,defocus_blur,1,none
efficientnet_b4,ILSVRC2012_val_00030079.JPEG,n03874599,695,695,0.083325505,1,imagenet_c,defocus_blur,1,none
efficientnet_b4,ILSVRC2012_val_00030206.JPEG,n03874599,695,695,0.3496667,1,imagenet_c,defocus_blur,1,none
efficientnet_b4,ILSVRC2012_val_00030933.JPEG,n03874599,695,507,0.2281913,0,imagenet_c,defocus_blur,1,none
efficientnet_b4,ILSVRC2012_val_00031702.JPEG,n03874599,695,695,0.34430695,1,imagenet_c,defocus_blur,1,none
efficientnet_b4,ILSVRC2012_val_00033038.JPEG,n03874599,695,902,0.33017313,0,imagenet_c,defocus_blur,1,none
efficientnet_b4,ILSVRC2012_val_00035057.JPEG,n03874599,695,695,0.24064344,1,imagenet_c,defocus_blur,1,none
efficientnet_b4,ILSVRC2012_val_00036038.JPEG,n03874599,695,695,0.46707004,1,imagenet_c,defocus_blur,1,none
efficientnet_b4,ILSVRC2012_val_00037449.JPEG,n03874599,695,600,0.42012453,0,imagenet_c,defocus_blur,1,none
efficientnet_b4,ILSVRC2012_val_00037679.JPEG,n03874599,695,695,0.54529315,1,imagenet_c,defocus_blur,1,none
efficientnet_b4,ILSVRC2012_val_00038642.JPEG,n03874599,695,695,0.5315249,1,imagenet_c,defocus_blur,1,none
efficientnet_b4,ILSVRC2012_val_00040089.JPEG,n03874599,695,695,0.53023696,1,imagenet_c,defocus_blur,1,none
efficientnet_b4,ILSVRC2012_val_00040224.JPEG,n03874599,695,695,0.6057733,1,imagenet_c,defocus_blur,1,none
efficientnet_b4,ILSVRC2012_val_00040374.JPEG,n03874599,695,695,0.6680459,1,imagenet_c,defocus_blur,1,none
efficientnet_b4,ILSVRC2012_val_00040583.JPEG,n03874599,695,662,0.10426284,0,imagenet_c,defocus_blur,1,none
efficientnet_b4,ILSVRC2012_val_00041122.JPEG,n03874599,695,695,0.61273795,1,imagenet_c,defocus_blur,1,none
efficientnet_b4,ILSVRC2012_val_00041162.JPEG,n03874599,695,695,0.52161044,1,imagenet_c,defocus_blur,1,none
efficientnet_b4,ILSVRC2012_val_00042807.JPEG,n03874599,695,695,0.46546757,1,imagenet_c,defocus_blur,1,none
efficientnet_b4,ILSVRC2012_val_00042881.JPEG,n03874599,695,695,0.12530519,1,imagenet_c,defocus_blur,1,none
efficientnet_b4,ILSVRC2012_val_00044257.JPEG,n03874599,695,695,0.22645585,1,imagenet_c,defocus_blur,1,none
efficientnet_b4,ILSVRC2012_val_00045334.JPEG,n03874599,695,488,0.2775857,0,imagenet_c,defocus_blur,1,none
efficientnet_b4,ILSVRC2012_val_00045793.JPEG,n03874599,695,507,0.3840002,0,imagenet_c,defocus_blur,1,none
efficientnet_b4,ILSVRC2012_val_00047563.JPEG,n03874599,695,695,0.57522637,1,imagenet_c,defocus_blur,1,none
efficientnet_b4,ILSVRC2012_val_00047645.JPEG,n03874599,695,695,0.3231122,1,imagenet_c,defocus_blur,1,none
efficientnet_b4,ILSVRC2012_val_00047931.JPEG,n03874599,695,695,0.4757929,1,imagenet_c,defocus_blur,1,none
efficientnet_b4,ILSVRC2012_val_00048559.JPEG,n03874599,695,695,0.49486062,1,imagenet_c,defocus_blur,1,none
efficientnet_b4,ILSVRC2012_val_00049254.JPEG,n03874599,695,769,0.2685381,0,imagenet_c,defocus_blur,1,none
efficientnet_b4,ILSVRC2012_val_00049255.JPEG,n03874599,695,695,0.34738234,1,imagenet_c,defocus_blur,1,none
efficientnet_b4,ILSVRC2012_val_00000360.JPEG,n03876231,696,2,0.09924288,0,imagenet_c,defocus_blur,1,none
efficientnet_b4,ILSVRC2012_val_00003523.JPEG,n03876231,696,696,0.5554427,1,imagenet_c,defocus_blur,1,none
efficientnet_b4,ILSVRC2012_val_00003797.JPEG,n03876231,696,738,0.7195268,0,imagenet_c,defocus_blur,1,none
efficientnet_b4,ILSVRC2012_val_00004212.JPEG,n03876231,696,696,0.18689632,1,imagenet_c,defocus_blur,1,none
efficientnet_b4,ILSVRC2012_val_00004356.JPEG,n03876231,696,696,0.4817639,1,imagenet_c,defocus_blur,1,none
efficientnet_b4,ILSVRC2012_val_00004827.JPEG,n03876231,696,585,0.035003696,0,imagenet_c,defocus_blur,1,none
efficientnet_b4,ILSVRC2012_val_00005694.JPEG,n03876231,696,696,0.049069043,1,imagenet_c,defocus_blur,1,none
efficientnet_b4,ILSVRC2012_val_00006559.JPEG,n03876231,696,696,0.513374,1,imagenet_c,defocus_blur,1,none
efficientnet_b4,ILSVRC2012_val_00007720.JPEG,n03876231,696,696,0.46623918,1,imagenet_c,defocus_blur,1,none
efficientnet_b4,ILSVRC2012_val_00007792.JPEG,n03876231,696,696,0.06655578,1,imagenet_c,defocus_blur,1,none
efficientnet_b4,ILSVRC2012_val_00007959.JPEG,n03876231,696,696,0.44767183,1,imagenet_c,defocus_blur,1,none
efficientnet_b4,ILSVRC2012_val_00008908.JPEG,n03876231,696,696,0.72597694,1,imagenet_c,defocus_blur,1,none
efficientnet_b4,ILSVRC2012_val_00010790.JPEG,n03876231,696,696,0.82942516,1,imagenet_c,defocus_blur,1,none
efficientnet_b4,ILSVRC2012_val_00011153.JPEG,n03876231,696,806,0.15881065,0,imagenet_c,defocus_blur,1,none
efficientnet_b4,ILSVRC2012_val_00011840.JPEG,n03876231,696,696,0.52984273,1,imagenet_c,defocus_blur,1,none
efficientnet_b4,ILSVRC2012_val_00012200.JPEG,n03876231,696,696,0.41311714,1,imagenet_c,defocus_blur,1,none
efficientnet_b4,ILSVRC2012_val_00012756.JPEG,n03876231,696,696,0.38422,1,imagenet_c,defocus_blur,1,none
efficientnet_b4,ILSVRC2012_val_00013881.JPEG,n03876231,696,696,0.7282673,1,imagenet_c,defocus_blur,1,none
efficientnet_b4,ILSVRC2012_val_00016070.JPEG,n03876231,696,726,0.031097785,0,imagenet_c,defocus_blur,1,none
efficientnet_b4,ILSVRC2012_val_00016176.JPEG,n03876231,696,696,0.61754435,1,imagenet_c,defocus_blur,1,none
efficientnet_b4,ILSVRC2012_val_00018290.JPEG,n03876231,696,695,0.18723488,0,imagenet_c,defocus_blur,1,none
efficientnet_b4,ILSVRC2012_val_00018518.JPEG,n03876231,696,855,0.039716363,0,imagenet_c,defocus_blur,1,none
efficientnet_b4,ILSVRC2012_val_00020604.JPEG,n03876231,696,696,0.56345195,1,imagenet_c,defocus_blur,1,none
efficientnet_b4,ILSVRC2012_val_00022714.JPEG,n03876231,696,696,0.6701319,1,imagenet_c,defocus_blur,1,none
efficientnet_b4,ILSVRC2012_val_00023132.JPEG,n03876231,696,696,0.7781848,1,imagenet_c,defocus_blur,1,none
efficientnet_b4,ILSVRC2012_val_00023639.JPEG,n03876231,696,413,0.34277937,0,imagenet_c,defocus_blur,1,none
efficientnet_b4,ILSVRC2012_val_00024271.JPEG,n03876231,696,696,0.5081098,1,imagenet_c,defocus_blur,1,none
efficientnet_b4,ILSVRC2012_val_00026320.JPEG,n03876231,696,696,0.0402719,1,imagenet_c,defocus_blur,1,none
efficientnet_b4,ILSVRC2012_val_00026670.JPEG,n03876231,696,696,0.67574024,1,imagenet_c,defocus_blur,1,none
efficientnet_b4,ILSVRC2012_val_00027045.JPEG,n03876231,696,696,0.73133004,1,imagenet_c,defocus_blur,1,none
efficientnet_b4,ILSVRC2012_val_00027752.JPEG,n03876231,696,696,0.5501479,1,imagenet_c,defocus_blur,1,none
efficientnet_b4,ILSVRC2012_val_00029183.JPEG,n03876231,696,696,0.4160155,1,imagenet_c,defocus_blur,1,none
efficientnet_b4,ILSVRC2012_val_00029832.JPEG,n03876231,696,696,0.7290732,1,imagenet_c,defocus_blur,1,none
efficientnet_b4,ILSVRC2012_val_00031812.JPEG,n03876231,696,784,0.5408424,0,imagenet_c,defocus_blur,1,none
efficientnet_b4,ILSVRC2012_val_00032263.JPEG,n03876231,696,696,0.24809928,1,imagenet_c,defocus_blur,1,none
efficientnet_b4,ILSVRC2012_val_00032502.JPEG,n03876231,696,696,0.77682734,1,imagenet_c,defocus_blur,1,none
efficientnet_b4,ILSVRC2012_val_00035349.JPEG,n03876231,696,696,0.5147694,1,imagenet_c,defocus_blur,1,none
efficientnet_b4,ILSVRC2012_val_00035942.JPEG,n03876231,696,901,0.11058467,0,imagenet_c,defocus_blur,1,none
efficientnet_b4,ILSVRC2012_val_00038318.JPEG,n03876231,696,696,0.33574688,1,imagenet_c,defocus_blur,1,none
efficientnet_b4,ILSVRC2012_val_00038433.JPEG,n03876231,696,696,0.37671477,1,imagenet_c,defocus_blur,1,none
efficientnet_b4,ILSVRC2012_val_00039091.JPEG,n03876231,696,696,0.13607182,1,imagenet_c,defocus_blur,1,none
efficientnet_b4,ILSVRC2012_val_00039861.JPEG,n03876231,696,696,0.4743341,1,imagenet_c,defocus_blur,1,none
efficientnet_b4,ILSVRC2012_val_00042465.JPEG,n03876231,696,623,0.35473377,0,imagenet_c,defocus_blur,1,none
efficientnet_b4,ILSVRC2012_val_00045659.JPEG,n03876231,696,696,0.8067301,1,imagenet_c,defocus_blur,1,none
efficientnet_b4,ILSVRC2012_val_00045749.JPEG,n03876231,696,410,0.1762829,0,imagenet_c,defocus_blur,1,none
efficientnet_b4,ILSVRC2012_val_00045796.JPEG,n03876231,696,696,0.5390657,1,imagenet_c,defocus_blur,1,none
efficientnet_b4,ILSVRC2012_val_00046620.JPEG,n03876231,696,418,0.19011402,0,imagenet_c,defocus_blur,1,none
efficientnet_b4,ILSVRC2012_val_00046811.JPEG,n03876231,696,696,0.26992586,1,imagenet_c,defocus_blur,1,none
efficientnet_b4,ILSVRC2012_val_00048953.JPEG,n03876231,696,696,0.22907029,1,imagenet_c,defocus_blur,1,none
efficientnet_b4,ILSVRC2012_val_00049520.JPEG,n03876231,696,696,0.6993034,1,imagenet_c,defocus_blur,1,none
efficientnet_b4,ILSVRC2012_val_00001424.JPEG,n03877472,697,702,0.081978075,0,imagenet_c,defocus_blur,1,none
efficientnet_b4,ILSVRC2012_val_00001870.JPEG,n03877472,697,697,0.40572035,1,imagenet_c,defocus_blur,1,none
efficientnet_b4,ILSVRC2012_val_00003104.JPEG,n03877472,697,697,0.22145855,1,imagenet_c,defocus_blur,1,none
efficientnet_b4,ILSVRC2012_val_00003127.JPEG,n03877472,697,697,0.5768524,1,imagenet_c,defocus_blur,1,none
efficientnet_b4,ILSVRC2012_val_00003443.JPEG,n03877472,697,520,0.07958848,0,imagenet_c,defocus_blur,1,none
efficientnet_b4,ILSVRC2012_val_00003988.JPEG,n03877472,697,697,0.5947604,1,imagenet_c,defocus_blur,1,none
efficientnet_b4,ILSVRC2012_val_00005197.JPEG,n03877472,697,697,0.5934725,1,imagenet_c,defocus_blur,1,none
efficientnet_b4,ILSVRC2012_val_00009496.JPEG,n03877472,697,610,0.41371486,0,imagenet_c,defocus_blur,1,none
efficientnet_b4,ILSVRC2012_val_00010209.JPEG,n03877472,697,697,0.33781585,1,imagenet_c,defocus_blur,1,none
efficientnet_b4,ILSVRC2012_val_00010437.JPEG,n03877472,697,520,0.17969444,0,imagenet_c,defocus_blur,1,none
efficientnet_b4,ILSVRC2012_val_00010480.JPEG,n03877472,697,697,0.5466463,1,imagenet_c,defocus_blur,1,none
efficientnet_b4,ILSVRC2012_val_00010560.JPEG,n03877472,697,697,0.63706976,1,imagenet_c,defocus_blur,1,none
efficientnet_b4,ILSVRC2012_val_00010822.JPEG,n03877472,697,862,0.13586788,0,imagenet_c,defocus_blur,1,none
efficientnet_b4,ILSVRC2012_val_00011547.JPEG,n03877472,697,610,0.58118397,0,imagenet_c,defocus_blur,1,none
efficientnet_b4,ILSVRC2012_val_00012917.JPEG,n03877472,697,697,0.058085322,1,imagenet_c,defocus_blur,1,none
efficientnet_b4,ILSVRC2012_val_00012920.JPEG,n03877472,697,882,0.094556004,0,imagenet_c,defocus_blur,1,none
efficientnet_b4,ILSVRC2012_val_00012966.JPEG,n03877472,697,697,0.76794785,1,imagenet_c,defocus_blur,1,none
efficientnet_b4,ILSVRC2012_val_00013462.JPEG,n03877472,697,775,0.21012676,0,imagenet_c,defocus_blur,1,none
efficientnet_b4,ILSVRC2012_val_00015038.JPEG,n03877472,697,869,0.12942486,0,imagenet_c,defocus_blur,1,none
efficientnet_b4,ILSVRC2012_val_00015534.JPEG,n03877472,697,697,0.78304833,1,imagenet_c,defocus_blur,1,none
efficientnet_b4,ILSVRC2012_val_00016590.JPEG,n03877472,697,515,0.149993,0,imagenet_c,defocus_blur,1,none
efficientnet_b4,ILSVRC2012_val_00017271.JPEG,n03877472,697,697,0.3127661,1,imagenet_c,defocus_blur,1,none
efficientnet_b4,ILSVRC2012_val_00017523.JPEG,n03877472,697,697,0.06647455,1,imagenet_c,defocus_blur,1,none
efficientnet_b4,ILSVRC2012_val_00017868.JPEG,n03877472,697,842,0.44490135,0,imagenet_c,defocus_blur,1,none
efficientnet_b4,ILSVRC2012_val_00019632.JPEG,n03877472,697,697,0.07092783,1,imagenet_c,defocus_blur,1,none
efficientnet_b4,ILSVRC2012_val_00020466.JPEG,n03877472,697,797,0.08217389,0,imagenet_c,defocus_blur,1,none
efficientnet_b4,ILSVRC2012_val_00020630.JPEG,n03877472,697,743,0.3526432,0,imagenet_c,defocus_blur,1,none
efficientnet_b4,ILSVRC2012_val_00021084.JPEG,n03877472,697,697,0.09526762,1,imagenet_c,defocus_blur,1,none
efficientnet_b4,ILSVRC2012_val_00021113.JPEG,n03877472,697,747,0.23383197,0,imagenet_c,defocus_blur,1,none
efficientnet_b4,ILSVRC2012_val_00022197.JPEG,n03877472,697,697,0.31475317,1,imagenet_c,defocus_blur,1,none
efficientnet_b4,ILSVRC2012_val_00022479.JPEG,n03877472,697,697,0.74135035,1,imagenet_c,defocus_blur,1,none
efficientnet_b4,ILSVRC2012_val_00022847.JPEG,n03877472,697,697,0.104428045,1,imagenet_c,defocus_blur,1,none
efficientnet_b4,ILSVRC2012_val_00023891.JPEG,n03877472,697,697,0.4386771,1,imagenet_c,defocus_blur,1,none
efficientnet_b4,ILSVRC2012_val_00028828.JPEG,n03877472,697,697,0.4260148,1,imagenet_c,defocus_blur,1,none
efficientnet_b4,ILSVRC2012_val_00030304.JPEG,n03877472,697,747,0.030728871,0,imagenet_c,defocus_blur,1,none
efficientnet_b4,ILSVRC2012_val_00034907.JPEG,n03877472,697,697,0.44188157,1,imagenet_c,defocus_blur,1,none
efficientnet_b4,ILSVRC2012_val_00037163.JPEG,n03877472,697,697,0.43192744,1,imagenet_c,defocus_blur,1,none
efficientnet_b4,ILSVRC2012_val_00037360.JPEG,n03877472,697,775,0.087324075,0,imagenet_c,defocus_blur,1,none
efficientnet_b4,ILSVRC2012_val_00038546.JPEG,n03877472,697,697,0.14309287,1,imagenet_c,defocus_blur,1,none
efficientnet_b4,ILSVRC2012_val_00040007.JPEG,n03877472,697,228,0.036663778,0,imagenet_c,defocus_blur,1,none
efficientnet_b4,ILSVRC2012_val_00040126.JPEG,n03877472,697,831,0.7278783,0,imagenet_c,defocus_blur,1,none
efficientnet_b4,ILSVRC2012_val_00040429.JPEG,n03877472,697,645,0.13480425,0,imagenet_c,defocus_blur,1,none
efficientnet_b4,ILSVRC2012_val_00040480.JPEG,n03877472,697,697,0.86228955,1,imagenet_c,defocus_blur,1,none
efficientnet_b4,ILSVRC2012_val_00040767.JPEG,n03877472,697,697,0.47240835,1,imagenet_c,defocus_blur,1,none
efficientnet_b4,ILSVRC2012_val_00041854.JPEG,n03877472,697,697,0.6522312,1,imagenet_c,defocus_blur,1,none
efficientnet_b4,ILSVRC2012_val_00045095.JPEG,n03877472,697,697,0.39199087,1,imagenet_c,defocus_blur,1,none
efficientnet_b4,ILSVRC2012_val_00045869.JPEG,n03877472,697,542,0.034521405,0,imagenet_c,defocus_blur,1,none
efficientnet_b4,ILSVRC2012_val_00046238.JPEG,n03877472,697,617,0.12742348,0,imagenet_c,defocus_blur,1,none
efficientnet_b4,ILSVRC2012_val_00047794.JPEG,n03877472,697,697,0.7154369,1,imagenet_c,defocus_blur,1,none
efficientnet_b4,ILSVRC2012_val_00048709.JPEG,n03877472,697,697,0.35100222,1,imagenet_c,defocus_blur,1,none
efficientnet_b4,ILSVRC2012_val_00003804.JPEG,n03877845,698,663,0.37935326,0,imagenet_c,defocus_blur,1,none
efficientnet_b4,ILSVRC2012_val_00003919.JPEG,n03877845,698,698,0.6174423,1,imagenet_c,defocus_blur,1,none
efficientnet_b4,ILSVRC2012_val_00003937.JPEG,n03877845,698,663,0.24337032,0,imagenet_c,defocus_blur,1,none
efficientnet_b4,ILSVRC2012_val_00004524.JPEG,n03877845,698,698,0.3854721,1,imagenet_c,defocus_blur,1,none
efficientnet_b4,ILSVRC2012_val_00004952.JPEG,n03877845,698,698,0.355448,1,imagenet_c,defocus_blur,1,none
efficientnet_b4,ILSVRC2012_val_00005009.JPEG,n03877845,698,668,0.082946345,0,imagenet_c,defocus_blur,1,none
efficientnet_b4,ILSVRC2012_val_00005039.JPEG,n03877845,698,698,0.15852445,1,imagenet_c,defocus_blur,1,none
efficientnet_b4,ILSVRC2012_val_00005284.JPEG,n03877845,698,698,0.49066013,1,imagenet_c,defocus_blur,1,none
efficientnet_b4,ILSVRC2012_val_00006470.JPEG,n03877845,698,698,0.42748243,1,imagenet_c,defocus_blur,1,none
efficientnet_b4,ILSVRC2012_val_00006640.JPEG,n03877845,698,698,0.41098133,1,imagenet_c,defocus_blur,1,none
efficientnet_b4,ILSVRC2012_val_00007599.JPEG,n03877845,698,698,0.1594301,1,imagenet_c,defocus_blur,1,none
efficientnet_b4,ILSVRC2012_val_00008239.JPEG,n03877845,698,698,0.54069775,1,imagenet_c,defocus_blur,1,none
efficientnet_b4,ILSVRC2012_val_00009214.JPEG,n03877845,698,698,0.20806846,1,imagenet_c,defocus_blur,1,none
efficientnet_b4,ILSVRC2012_val_00010871.JPEG,n03877845,698,698,0.37670586,1,imagenet_c,defocus_blur,1,none
efficientnet_b4,ILSVRC2012_val_00012730.JPEG,n03877845,698,698,0.059364673,1,imagenet_c,defocus_blur,1,none
efficientnet_b4,ILSVRC2012_val_00014323.JPEG,n03877845,698,698,0.44360432,1,imagenet_c,defocus_blur,1,none
efficientnet_b4,ILSVRC2012_val_00014955.JPEG,n03877845,698,698,0.07006274,1,imagenet_c,defocus_blur,1,none
efficientnet_b4,ILSVRC2012_val_00016739.JPEG,n03877845,698,698,0.08896287,1,imagenet_c,defocus_blur,1,none
efficientnet_b4,ILSVRC2012_val_00018214.JPEG,n03877845,698,628,0.13021357,0,imagenet_c,defocus_blur,1,none
efficientnet_b4,ILSVRC2012_val_00018403.JPEG,n03877845,698,698,0.13702188,1,imagenet_c,defocus_blur,1,none
efficientnet_b4,ILSVRC2012_val_00019412.JPEG,n03877845,698,698,0.13923272,1,imagenet_c,defocus_blur,1,none
efficientnet_b4,ILSVRC2012_val_00019573.JPEG,n03877845,698,698,0.348821,1,imagenet_c,defocus_blur,1,none
efficientnet_b4,ILSVRC2012_val_00021980.JPEG,n03877845,698,743,0.129535,0,imagenet_c,defocus_blur,1,none
efficientnet_b4,ILSVRC2012_val_00022667.JPEG,n03877845,698,663,0.30019036,0,imagenet_c,defocus_blur,1,none
efficientnet_b4,ILSVRC2012_val_00023227.JPEG,n03877845,698,698,0.3181522,1,imagenet_c,defocus_blur,1,none
efficientnet_b4,ILSVRC2012_val_00024009.JPEG,n03877845,698,442,0.14613494,0,imagenet_c,defocus_blur,1,none
efficientnet_b4,ILSVRC2012_val_00024671.JPEG,n03877845,698,698,0.41831702,1,imagenet_c,defocus_blur,1,none
efficientnet_b4,ILSVRC2012_val_00026434.JPEG,n03877845,698,698,0.2477673,1,imagenet_c,defocus_blur,1,none
efficientnet_b4,ILSVRC2012_val_00026772.JPEG,n03877845,698,698,0.13947089,1,imagenet_c,defocus_blur,1,none
efficientnet_b4,ILSVRC2012_val_00026991.JPEG,n03877845,698,698,0.1752784,1,imagenet_c,defocus_blur,1,none
efficientnet_b4,ILSVRC2012_val_00029035.JPEG,n03877845,698,698,0.60053587,1,imagenet_c,defocus_blur,1,none
efficientnet_b4,ILSVRC2012_val_00029258.JPEG,n03877845,698,698,0.06838678,1,imagenet_c,defocus_blur,1,none
efficientnet_b4,ILSVRC2012_val_00030767.JPEG,n03877845,698,698,0.5865169,1,imagenet_c,defocus_blur,1,none
efficientnet_b4,ILSVRC2012_val_00031044.JPEG,n03877845,698,698,0.2973881,1,imagenet_c,defocus_blur,1,none
efficientnet_b4,ILSVRC2012_val_00034639.JPEG,n03877845,698,442,0.14428705,0,imagenet_c,defocus_blur,1,none
efficientnet_b4,ILSVRC2012_val_00038542.JPEG,n03877845,698,698,0.6333567,1,imagenet_c,defocus_blur,1,none
efficientnet_b4,ILSVRC2012_val_00040738.JPEG,n03877845,698,429,0.064115986,0,imagenet_c,defocus_blur,1,none
efficientnet_b4,ILSVRC2012_val_00042066.JPEG,n03877845,698,442,0.1367991,0,imagenet_c,defocus_blur,1,none
efficientnet_b4,ILSVRC2012_val_00042265.JPEG,n03877845,698,698,0.69210154,1,imagenet_c,defocus_blur,1,none
efficientnet_b4,ILSVRC2012_val_00042724.JPEG,n03877845,698,698,0.16428435,1,imagenet_c,defocus_blur,1,none
efficientnet_b4,ILSVRC2012_val_00043029.JPEG,n03877845,698,698,0.59373516,1,imagenet_c,defocus_blur,1,none
efficientnet_b4,ILSVRC2012_val_00044941.JPEG,n03877845,698,698,0.17420381,1,imagenet_c,defocus_blur,1,none
efficientnet_b4,ILSVRC2012_val_00045327.JPEG,n03877845,698,663,0.10687247,0,imagenet_c,defocus_blur,1,none
efficientnet_b4,ILSVRC2012_val_00045541.JPEG,n03877845,698,628,0.5660255,0,imagenet_c,defocus_blur,1,none
efficientnet_b4,ILSVRC2012_val_00046055.JPEG,n03877845,698,663,0.12097003,0,imagenet_c,defocus_blur,1,none
efficientnet_b4,ILSVRC2012_val_00046066.JPEG,n03877845,698,698,0.15037823,1,imagenet_c,defocus_blur,1,none
efficientnet_b4,ILSVRC2012_val_00046927.JPEG,n03877845,698,698,0.25107867,1,imagenet_c,defocus_blur,1,none
efficientnet_b4,ILSVRC2012_val_00047157.JPEG,n03877845,698,698,0.53960824,1,imagenet_c,defocus_blur,1,none
efficientnet_b4,ILSVRC2012_val_00047200.JPEG,n03877845,698,698,0.13114922,1,imagenet_c,defocus_blur,1,none
efficientnet_b4,ILSVRC2012_val_00049831.JPEG,n03877845,698,698,0.58922344,1,imagenet_c,defocus_blur,1,none
efficientnet_b4,ILSVRC2012_val_00000681.JPEG,n03884397,699,699,0.6926325,1,imagenet_c,defocus_blur,1,none
efficientnet_b4,ILSVRC2012_val_00000844.JPEG,n03884397,699,699,0.60089505,1,imagenet_c,defocus_blur,1,none
efficientnet_b4,ILSVRC2012_val_00002600.JPEG,n03884397,699,699,0.80939496,1,imagenet_c,defocus_blur,1,none
efficientnet_b4,ILSVRC2012_val_00004015.JPEG,n03884397,699,699,0.6703588,1,imagenet_c,defocus_blur,1,none
efficientnet_b4,ILSVRC2012_val_00006391.JPEG,n03884397,699,699,0.6224672,1,imagenet_c,defocus_blur,1,none
efficientnet_b4,ILSVRC2012_val_00006638.JPEG,n03884397,699,699,0.76034063,1,imagenet_c,defocus_blur,1,none
efficientnet_b4,ILSVRC2012_val_00007026.JPEG,n03884397,699,699,0.64726114,1,imagenet_c,defocus_blur,1,none
efficientnet_b4,ILSVRC2012_val_00007123.JPEG,n03884397,699,699,0.7589967,1,imagenet_c,defocus_blur,1,none
efficientnet_b4,ILSVRC2012_val_00007964.JPEG,n03884397,699,699,0.19086288,1,imagenet_c,defocus_blur,1,none
efficientnet_b4,ILSVRC2012_val_00008704.JPEG,n03884397,699,699,0.58142626,1,imagenet_c,defocus_blur,1,none
efficientnet_b4,ILSVRC2012_val_00008940.JPEG,n03884397,699,699,0.10915547,1,imagenet_c,defocus_blur,1,none
efficientnet_b4,ILSVRC2012_val_00009441.JPEG,n03884397,699,747,0.1022817,0,imagenet_c,defocus_blur,1,none
efficientnet_b4,ILSVRC2012_val_00013490.JPEG,n03884397,699,699,0.7054575,1,imagenet_c,defocus_blur,1,none
efficientnet_b4,ILSVRC2012_val_00013658.JPEG,n03884397,699,822,0.4478113,0,imagenet_c,defocus_blur,1,none
efficientnet_b4,ILSVRC2012_val_00013758.JPEG,n03884397,699,699,0.6116263,1,imagenet_c,defocus_blur,1,none
efficientnet_b4,ILSVRC2012_val_00013954.JPEG,n03884397,699,699,0.62424016,1,imagenet_c,defocus_blur,1,none
efficientnet_b4,ILSVRC2012_val_00015309.JPEG,n03884397,699,699,0.69619256,1,imagenet_c,defocus_blur,1,none
efficientnet_b4,ILSVRC2012_val_00015682.JPEG,n03884397,699,699,0.676464,1,imagenet_c,defocus_blur,1,none
efficientnet_b4,ILSVRC2012_val_00015915.JPEG,n03884397,699,699,0.59486806,1,imagenet_c,defocus_blur,1,none
efficientnet_b4,ILSVRC2012_val_00018337.JPEG,n03884397,699,155,0.1445009,0,imagenet_c,defocus_blur,1,none
efficientnet_b4,ILSVRC2012_val_00019142.JPEG,n03884397,699,699,0.61439055,1,imagenet_c,defocus_blur,1,none
efficientnet_b4,ILSVRC2012_val_00019227.JPEG,n03884397,699,645,0.29272735,0,imagenet_c,defocus_blur,1,none
efficientnet_b4,ILSVRC2012_val_00022672.JPEG,n03884397,699,699,0.82998365,1,imagenet_c,defocus_blur,1,none
efficientnet_b4,ILSVRC2012_val_00022794.JPEG,n03884397,699,699,0.71607584,1,imagenet_c,defocus_blur,1,none
efficientnet_b4,ILSVRC2012_val_00023767.JPEG,n03884397,699,699,0.6709417,1,imagenet_c,defocus_blur,1,none
efficientnet_b4,ILSVRC2012_val_00026149.JPEG,n03884397,699,699,0.652591,1,imagenet_c,defocus_blur,1,none
efficientnet_b4,ILSVRC2012_val_00026945.JPEG,n03884397,699,594,0.024881007,0,imagenet_c,defocus_blur,1,none
efficientnet_b4,ILSVRC2012_val_00027106.JPEG,n03884397,699,699,0.7490834,1,imagenet_c,defocus_blur,1,none
efficientnet_b4,ILSVRC2012_val_00028833.JPEG,n03884397,699,699,0.6785012,1,imagenet_c,defocus_blur,1,none
efficientnet_b4,ILSVRC2012_val_00030107.JPEG,n03884397,699,582,0.12223259,0,imagenet_c,defocus_blur,1,none
efficientnet_b4,ILSVRC2012_val_00030953.JPEG,n03884397,699,612,0.10444911,0,imagenet_c,defocus_blur,1,none
efficientnet_b4,ILSVRC2012_val_00032329.JPEG,n03884397,699,699,0.8266887,1,imagenet_c,defocus_blur,1,none
efficientnet_b4,ILSVRC2012_val_00034403.JPEG,n03884397,699,699,0.6527808,1,imagenet_c,defocus_blur,1,none
efficientnet_b4,ILSVRC2012_val_00034878.JPEG,n03884397,699,699,0.70917124,1,imagenet_c,defocus_blur,1,none
efficientnet_b4,ILSVRC2012_val_00035520.JPEG,n03884397,699,699,0.64616764,1,imagenet_c,defocus_blur,1,none
efficientnet_b4,ILSVRC2012_val_00036583.JPEG,n03884397,699,862,0.14273469,0,imagenet_c,defocus_blur,1,none
efficientnet_b4,ILSVRC2012_val_00037974.JPEG,n03884397,699,699,0.7409282,1,imagenet_c,defocus_blur,1,none
efficientnet_b4,ILSVRC2012_val_00039417.JPEG,n03884397,699,573,0.24274397,0,imagenet_c,defocus_blur,1,none
efficientnet_b4,ILSVRC2012_val_00041007.JPEG,n03884397,699,699,0.5453241,1,imagenet_c,defocus_blur,1,none
efficientnet_b4,ILSVRC2012_val_00041523.JPEG,n03884397,699,749,0.08795207,0,imagenet_c,defocus_blur,1,none
efficientnet_b4,ILSVRC2012_val_00042381.JPEG,n03884397,699,699,0.5636596,1,imagenet_c,defocus_blur,1,none
efficientnet_b4,ILSVRC2012_val_00043816.JPEG,n03884397,699,699,0.72869724,1,imagenet_c,defocus_blur,1,none
efficientnet_b4,ILSVRC2012_val_00044078.JPEG,n03884397,699,699,0.54273707,1,imagenet_c,defocus_blur,1,none
efficientnet_b4,ILSVRC2012_val_00044369.JPEG,n03884397,699,699,0.43951824,1,imagenet_c,defocus_blur,1,none
efficientnet_b4,ILSVRC2012_val_00045373.JPEG,n03884397,699,699,0.51133686,1,imagenet_c,defocus_blur,1,none
efficientnet_b4,ILSVRC2012_val_00045427.JPEG,n03884397,699,699,0.6453147,1,imagenet_c,defocus_blur,1,none
efficientnet_b4,ILSVRC2012_val_00047439.JPEG,n03884397,699,699,0.59510005,1,imagenet_c,defocus_blur,1,none
efficientnet_b4,ILSVRC2012_val_00047848.JPEG,n03884397,699,699,0.6629235,1,imagenet_c,defocus_blur,1,none
efficientnet_b4,ILSVRC2012_val_00048201.JPEG,n03884397,699,699,0.6404707,1,imagenet_c,defocus_blur,1,none
efficientnet_b4,ILSVRC2012_val_00048260.JPEG,n03884397,699,699,0.63017064,1,imagenet_c,defocus_blur,1,none
efficientnet_b4,ILSVRC2012_val_00001833.JPEG,n03887697,700,516,0.43825284,0,imagenet_c,defocus_blur,1,none
efficientnet_b4,ILSVRC2012_val_00002545.JPEG,n03887697,700,700,0.32812327,1,imagenet_c,defocus_blur,1,none
efficientnet_b4,ILSVRC2012_val_00004699.JPEG,n03887697,700,563,0.030497624,0,imagenet_c,defocus_blur,1,none
efficientnet_b4,ILSVRC2012_val_00006771.JPEG,n03887697,700,760,0.59690124,0,imagenet_c,defocus_blur,1,none
efficientnet_b4,ILSVRC2012_val_00006880.JPEG,n03887697,700,700,0.48077464,1,imagenet_c,defocus_blur,1,none
efficientnet_b4,ILSVRC2012_val_00007502.JPEG,n03887697,700,696,0.1389009,0,imagenet_c,defocus_blur,1,none
efficientnet_b4,ILSVRC2012_val_00007657.JPEG,n03887697,700,758,0.04190834,0,imagenet_c,defocus_blur,1,none
efficientnet_b4,ILSVRC2012_val_00008412.JPEG,n03887697,700,470,0.093789496,0,imagenet_c,defocus_blur,1,none
efficientnet_b4,ILSVRC2012_val_00008442.JPEG,n03887697,700,700,0.5116822,1,imagenet_c,defocus_blur,1,none
efficientnet_b4,ILSVRC2012_val_00009790.JPEG,n03887697,700,700,0.23496336,1,imagenet_c,defocus_blur,1,none
efficientnet_b4,ILSVRC2012_val_00011365.JPEG,n03887697,700,281,0.073087625,0,imagenet_c,defocus_blur,1,none
efficientnet_b4,ILSVRC2012_val_00013453.JPEG,n03887697,700,700,0.32680154,1,imagenet_c,defocus_blur,1,none
efficientnet_b4,ILSVRC2012_val_00013889.JPEG,n03887697,700,700,0.3798741,1,imagenet_c,defocus_blur,1,none
efficientnet_b4,ILSVRC2012_val_00014095.JPEG,n03887697,700,700,0.56198627,1,imagenet_c,defocus_blur,1,none
efficientnet_b4,ILSVRC2012_val_00014996.JPEG,n03887697,700,700,0.5344175,1,imagenet_c,defocus_blur,1,none
efficientnet_b4,ILSVRC2012_val_00015263.JPEG,n03887697,700,700,0.4483118,1,imagenet_c,defocus_blur,1,none
efficientnet_b4,ILSVRC2012_val_00015648.JPEG,n03887697,700,700,0.65268856,1,imagenet_c,defocus_blur,1,none
efficientnet_b4,ILSVRC2012_val_00016674.JPEG,n03887697,700,880,0.041561127,0,imagenet_c,defocus_blur,1,none
efficientnet_b4,ILSVRC2012_val_00017805.JPEG,n03887697,700,700,0.2980623,1,imagenet_c,defocus_blur,1,none
efficientnet_b4,ILSVRC2012_val_00020299.JPEG,n03887697,700,700,0.35727918,1,imagenet_c,defocus_blur,1,none
efficientnet_b4,ILSVRC2012_val_00021464.JPEG,n03887697,700,700,0.16802694,1,imagenet_c,defocus_blur,1,none
efficientnet_b4,ILSVRC2012_val_00021774.JPEG,n03887697,700,700,0.31586897,1,imagenet_c,defocus_blur,1,none
efficientnet_b4,ILSVRC2012_val_00022680.JPEG,n03887697,700,999,0.2246033,0,imagenet_c,defocus_blur,1,none
efficientnet_b4,ILSVRC2012_val_00024016.JPEG,n03887697,700,999,0.19378667,0,imagenet_c,defocus_blur,1,none
efficientnet_b4,ILSVRC2012_val_00024733.JPEG,n03887697,700,965,0.08741532,0,imagenet_c,defocus_blur,1,none
efficientnet_b4,ILSVRC2012_val_00027690.JPEG,n03887697,700,700,0.6027607,1,imagenet_c,defocus_blur,1,none
efficientnet_b4,ILSVRC2012_val_00027867.JPEG,n03887697,700,987,0.1672205,0,imagenet_c,defocus_blur,1,none
efficientnet_b4,ILSVRC2012_val_00029093.JPEG,n03887697,700,700,0.4804679,1,imagenet_c,defocus_blur,1,none
efficientnet_b4,ILSVRC2012_val_00029141.JPEG,n03887697,700,700,0.7701087,1,imagenet_c,defocus_blur,1,none
efficientnet_b4,ILSVRC2012_val_00029545.JPEG,n03887697,700,536,0.49817818,0,imagenet_c,defocus_blur,1,none
efficientnet_b4,ILSVRC2012_val_00029980.JPEG,n03887697,700,700,0.5805914,1,imagenet_c,defocus_blur,1,none
efficientnet_b4,ILSVRC2012_val_00030096.JPEG,n03887697,700,700,0.08259221,1,imagenet_c,defocus_blur,1,none
efficientnet_b4,ILSVRC2012_val_00033798.JPEG,n03887697,700,794,0.07060213,0,imagenet_c,defocus_blur,1,none
efficientnet_b4,ILSVRC2012_val_00034272.JPEG,n03887697,700,700,0.25134656,1,imagenet_c,defocus_blur,1,none
efficientnet_b4,ILSVRC2012_val_00034310.JPEG,n03887697,700,440,0.35070217,0,imagenet_c,defocus_blur,1,none
efficientnet_b4,ILSVRC2012_val_00034741.JPEG,n03887697,700,700,0.6550195,1,imagenet_c,defocus_blur,1,none
efficientnet_b4,ILSVRC2012_val_00035594.JPEG,n03887697,700,957,0.08538218,0,imagenet_c,defocus_blur,1,none
efficientnet_b4,ILSVRC2012_val_00035980.JPEG,n03887697,700,700,0.49424356,1,imagenet_c,defocus_blur,1,none
efficientnet_b4,ILSVRC2012_val_00036637.JPEG,n03887697,700,713,0.396214,0,imagenet_c,defocus_blur,1,none
efficientnet_b4,ILSVRC2012_val_00039512.JPEG,n03887697,700,700,0.28498805,1,imagenet_c,defocus_blur,1,none
efficientnet_b4,ILSVRC2012_val_00040207.JPEG,n03887697,700,563,0.068578765,0,imagenet_c,defocus_blur,1,none
efficientnet_b4,ILSVRC2012_val_00040438.JPEG,n03887697,700,591,0.08000764,0,imagenet_c,defocus_blur,1,none
efficientnet_b4,ILSVRC2012_val_00043048.JPEG,n03887697,700,700,0.27075878,1,imagenet_c,defocus_blur,1,none
efficientnet_b4,ILSVRC2012_val_00046711.JPEG,n03887697,700,534,0.09628374,0,imagenet_c,defocus_blur,1,none
efficientnet_b4,ILSVRC2012_val_00047077.JPEG,n03887697,700,700,0.72482246,1,imagenet_c,defocus_blur,1,none
efficientnet_b4,ILSVRC2012_val_00047599.JPEG,n03887697,700,766,0.54686,0,imagenet_c,defocus_blur,1,none
efficientnet_b4,ILSVRC2012_val_00048821.JPEG,n03887697,700,700,0.50552267,1,imagenet_c,defocus_blur,1,none
efficientnet_b4,ILSVRC2012_val_00049021.JPEG,n03887697,700,700,0.6851647,1,imagenet_c,defocus_blur,1,none
efficientnet_b4,ILSVRC2012_val_00049213.JPEG,n03887697,700,651,0.23658726,0,imagenet_c,defocus_blur,1,none
efficientnet_b4,ILSVRC2012_val_00049441.JPEG,n03887697,700,700,0.2668113,1,imagenet_c,defocus_blur,1,none
efficientnet_b4,ILSVRC2012_val_00001440.JPEG,n03888257,701,701,0.64721525,1,imagenet_c,defocus_blur,1,none
efficientnet_b4,ILSVRC2012_val_00002508.JPEG,n03888257,701,701,0.616547,1,imagenet_c,defocus_blur,1,none
efficientnet_b4,ILSVRC2012_val_00002665.JPEG,n03888257,701,701,0.70137364,1,imagenet_c,defocus_blur,1,none
efficientnet_b4,ILSVRC2012_val_00002990.JPEG,n03888257,701,525,0.07671196,0,imagenet_c,defocus_blur,1,none
efficientnet_b4,ILSVRC2012_val_00004745.JPEG,n03888257,701,701,0.5093485,1,imagenet_c,defocus_blur,1,none
efficientnet_b4,ILSVRC2012_val_00006561.JPEG,n03888257,701,701,0.7430228,1,imagenet_c,defocus_blur,1,none
efficientnet_b4,ILSVRC2012_val_00007616.JPEG,n03888257,701,701,0.5958493,1,imagenet_c,defocus_blur,1,none
efficientnet_b4,ILSVRC2012_val_00009269.JPEG,n03888257,701,701,0.78869915,1,imagenet_c,defocus_blur,1,none
efficientnet_b4,ILSVRC2012_val_00009370.JPEG,n03888257,701,701,0.5327837,1,imagenet_c,defocus_blur,1,none
efficientnet_b4,ILSVRC2012_val_00009559.JPEG,n03888257,701,701,0.37285826,1,imagenet_c,defocus_blur,1,none
efficientnet_b4,ILSVRC2012_val_00009593.JPEG,n03888257,701,824,0.05379957,0,imagenet_c,defocus_blur,1,none
efficientnet_b4,ILSVRC2012_val_00009873.JPEG,n03888257,701,701,0.77240795,1,imagenet_c,defocus_blur,1,none
efficientnet_b4,ILSVRC2012_val_00010336.JPEG,n03888257,701,701,0.4728633,1,imagenet_c,defocus_blur,1,none
efficientnet_b4,ILSVRC2012_val_00010427.JPEG,n03888257,701,701,0.71888393,1,imagenet_c,defocus_blur,1,none
efficientnet_b4,ILSVRC2012_val_00010460.JPEG,n03888257,701,417,0.365978,0,imagenet_c,defocus_blur,1,none
efficientnet_b4,ILSVRC2012_val_00011324.JPEG,n03888257,701,701,0.6324172,1,imagenet_c,defocus_blur,1,none
efficientnet_b4,ILSVRC2012_val_00013527.JPEG,n03888257,701,701,0.45714504,1,imagenet_c,defocus_blur,1,none
efficientnet_b4,ILSVRC2012_val_00014381.JPEG,n03888257,701,701,0.6242742,1,imagenet_c,defocus_blur,1,none
efficientnet_b4,ILSVRC2012_val_00015689.JPEG,n03888257,701,701,0.65221053,1,imagenet_c,defocus_blur,1,none
efficientnet_b4,ILSVRC2012_val_00015787.JPEG,n03888257,701,701,0.591681,1,imagenet_c,defocus_blur,1,none
efficientnet_b4,ILSVRC2012_val_00016387.JPEG,n03888257,701,701,0.6863236,1,imagenet_c,defocus_blur,1,none
efficientnet_b4,ILSVRC2012_val_00017020.JPEG,n03888257,701,701,0.5764973,1,imagenet_c,defocus_blur,1,none
efficientnet_b4,ILSVRC2012_val_00017919.JPEG,n03888257,701,701,0.5151719,1,imagenet_c,defocus_blur,1,none
efficientnet_b4,ILSVRC2012_val_00018229.JPEG,n03888257,701,701,0.6328531,1,imagenet_c,defocus_blur,1,none
efficientnet_b4,ILSVRC2012_val_00018509.JPEG,n03888257,701,701,0.55004716,1,imagenet_c,defocus_blur,1,none
efficientnet_b4,ILSVRC2012_val_00019289.JPEG,n03888257,701,975,0.028001629,0,imagenet_c,defocus_blur,1,none
efficientnet_b4,ILSVRC2012_val_00020003.JPEG,n03888257,701,701,0.70230246,1,imagenet_c,defocus_blur,1,none
efficientnet_b4,ILSVRC2012_val_00020698.JPEG,n03888257,701,701,0.7353908,1,imagenet_c,defocus_blur,1,none
efficientnet_b4,ILSVRC2012_val_00022496.JPEG,n03888257,701,701,0.6919492,1,imagenet_c,defocus_blur,1,none
efficientnet_b4,ILSVRC2012_val_00022638.JPEG,n03888257,701,701,0.02619898,1,imagenet_c,defocus_blur,1,none
efficientnet_b4,ILSVRC2012_val_00023107.JPEG,n03888257,701,701,0.6445324,1,imagenet_c,defocus_blur,1,none
efficientnet_b4,ILSVRC2012_val_00024340.JPEG,n03888257,701,701,0.7224519,1,imagenet_c,defocus_blur,1,none
efficientnet_b4,ILSVRC2012_val_00025121.JPEG,n03888257,701,701,0.60536605,1,imagenet_c,defocus_blur,1,none
efficientnet_b4,ILSVRC2012_val_00026575.JPEG,n03888257,701,701,0.6954062,1,imagenet_c,defocus_blur,1,none
efficientnet_b4,ILSVRC2012_val_00029149.JPEG,n03888257,701,701,0.6300339,1,imagenet_c,defocus_blur,1,none
efficientnet_b4,ILSVRC2012_val_00030583.JPEG,n03888257,701,701,0.58506453,1,imagenet_c,defocus_blur,1,none
efficientnet_b4,ILSVRC2012_val_00031035.JPEG,n03888257,701,701,0.6851733,1,imagenet_c,defocus_blur,1,none
efficientnet_b4,ILSVRC2012_val_00031268.JPEG,n03888257,701,701,0.6311212,1,imagenet_c,defocus_blur,1,none
efficientnet_b4,ILSVRC2012_val_00032482.JPEG,n03888257,701,701,0.75562054,1,imagenet_c,defocus_blur,1,none
efficientnet_b4,ILSVRC2012_val_00034544.JPEG,n03888257,701,701,0.74881434,1,imagenet_c,defocus_blur,1,none
efficientnet_b4,ILSVRC2012_val_00037770.JPEG,n03888257,701,701,0.65511453,1,imagenet_c,defocus_blur,1,none
efficientnet_b4,ILSVRC2012_val_00038942.JPEG,n03888257,701,574,0.09804192,0,imagenet_c,defocus_blur,1,none
efficientnet_b4,ILSVRC2012_val_00039045.JPEG,n03888257,701,701,0.5190361,1,imagenet_c,defocus_blur,1,none
efficientnet_b4,ILSVRC2012_val_00041706.JPEG,n03888257,701,701,0.6310104,1,imagenet_c,defocus_blur,1,none
efficientnet_b4,ILSVRC2012_val_00041925.JPEG,n03888257,701,701,0.5237168,1,imagenet_c,defocus_blur,1,none
efficientnet_b4,ILSVRC2012_val_00042262.JPEG,n03888257,701,701,0.66693085,1,imagenet_c,defocus_blur,1,none
efficientnet_b4,ILSVRC2012_val_00044850.JPEG,n03888257,701,701,0.629028,1,imagenet_c,defocus_blur,1,none
efficientnet_b4,ILSVRC2012_val_00047147.JPEG,n03888257,701,701,0.4973958,1,imagenet_c,defocus_blur,1,none
efficientnet_b4,ILSVRC2012_val_00047705.JPEG,n03888257,701,701,0.29007772,1,imagenet_c,defocus_blur,1,none
efficientnet_b4,ILSVRC2012_val_00047778.JPEG,n03888257,701,701,0.63908726,1,imagenet_c,defocus_blur,1,none
efficientnet_b4,ILSVRC2012_val_00000240.JPEG,n03888605,702,602,0.24166681,0,imagenet_c,defocus_blur,1,none
efficientnet_b4,ILSVRC2012_val_00000317.JPEG,n03888605,702,602,0.3078075,0,imagenet_c,defocus_blur,1,none
efficientnet_b4,ILSVRC2012_val_00003422.JPEG,n03888605,702,702,0.5971871,1,imagenet_c,defocus_blur,1,none
efficientnet_b4,ILSVRC2012_val_00003531.JPEG,n03888605,702,702,0.57615733,1,imagenet_c,defocus_blur,1,none
efficientnet_b4,ILSVRC2012_val_00004275.JPEG,n03888605,702,702,0.3166587,1,imagenet_c,defocus_blur,1,none
efficientnet_b4,ILSVRC2012_val_00005337.JPEG,n03888605,702,602,0.4544431,0,imagenet_c,defocus_blur,1,none
efficientnet_b4,ILSVRC2012_val_00007281.JPEG,n03888605,702,702,0.5187395,1,imagenet_c,defocus_blur,1,none
efficientnet_b4,ILSVRC2012_val_00008363.JPEG,n03888605,702,702,0.6109858,1,imagenet_c,defocus_blur,1,none
efficientnet_b4,ILSVRC2012_val_00009178.JPEG,n03888605,702,702,0.43077606,1,imagenet_c,defocus_blur,1,none
efficientnet_b4,ILSVRC2012_val_00010060.JPEG,n03888605,702,702,0.5426862,1,imagenet_c,defocus_blur,1,none
efficientnet_b4,ILSVRC2012_val_00011389.JPEG,n03888605,702,702,0.24578424,1,imagenet_c,defocus_blur,1,none
efficientnet_b4,ILSVRC2012_val_00011647.JPEG,n03888605,702,702,0.48245588,1,imagenet_c,defocus_blur,1,none
efficientnet_b4,ILSVRC2012_val_00011816.JPEG,n03888605,702,702,0.5886289,1,imagenet_c,defocus_blur,1,none
efficientnet_b4,ILSVRC2012_val_00012614.JPEG,n03888605,702,736,0.33233336,0,imagenet_c,defocus_blur,1,none
efficientnet_b4,ILSVRC2012_val_00012832.JPEG,n03888605,702,702,0.6104686,1,imagenet_c,defocus_blur,1,none
efficientnet_b4,ILSVRC2012_val_00013743.JPEG,n03888605,702,602,0.29138842,0,imagenet_c,defocus_blur,1,none
efficientnet_b4,ILSVRC2012_val_00019839.JPEG,n03888605,702,702,0.258917,1,imagenet_c,defocus_blur,1,none
efficientnet_b4,ILSVRC2012_val_00019889.JPEG,n03888605,702,702,0.4309977,1,imagenet_c,defocus_blur,1,none
efficientnet_b4,ILSVRC2012_val_00019943.JPEG,n03888605,702,702,0.62841654,1,imagenet_c,defocus_blur,1,none
efficientnet_b4,ILSVRC2012_val_00020858.JPEG,n03888605,702,702,0.27062073,1,imagenet_c,defocus_blur,1,none
efficientnet_b4,ILSVRC2012_val_00024084.JPEG,n03888605,702,702,0.50110024,1,imagenet_c,defocus_blur,1,none
efficientnet_b4,ILSVRC2012_val_00025682.JPEG,n03888605,702,702,0.30203053,1,imagenet_c,defocus_blur,1,none
efficientnet_b4,ILSVRC2012_val_00025730.JPEG,n03888605,702,702,0.23297721,1,imagenet_c,defocus_blur,1,none
efficientnet_b4,ILSVRC2012_val_00025737.JPEG,n03888605,702,702,0.5093834,1,imagenet_c,defocus_blur,1,none
efficientnet_b4,ILSVRC2012_val_00026667.JPEG,n03888605,702,702,0.46123463,1,imagenet_c,defocus_blur,1,none
efficientnet_b4,ILSVRC2012_val_00027408.JPEG,n03888605,702,602,0.32483023,0,imagenet_c,defocus_blur,1,none
efficientnet_b4,ILSVRC2012_val_00027466.JPEG,n03888605,702,702,0.7127346,1,imagenet_c,defocus_blur,1,none
efficientnet_b4,ILSVRC2012_val_00027712.JPEG,n03888605,702,702,0.28845164,1,imagenet_c,defocus_blur,1,none
efficientnet_b4,ILSVRC2012_val_00028863.JPEG,n03888605,702,702,0.5543537,1,imagenet_c,defocus_blur,1,none
efficientnet_b4,ILSVRC2012_val_00028972.JPEG,n03888605,702,702,0.33398998,1,imagenet_c,defocus_blur,1,none
efficientnet_b4,ILSVRC2012_val_00029224.JPEG,n03888605,702,421,0.03265226,0,imagenet_c,defocus_blur,1,none
efficientnet_b4,ILSVRC2012_val_00031613.JPEG,n03888605,702,702,0.32974494,1,imagenet_c,defocus_blur,1,none
efficientnet_b4,ILSVRC2012_val_00031809.JPEG,n03888605,702,416,0.4436009,0,imagenet_c,defocus_blur,1,none
efficientnet_b4,ILSVRC2012_val_00033964.JPEG,n03888605,702,602,0.342241,0,imagenet_c,defocus_blur,1,none
efficientnet_b4,ILSVRC2012_val_00034879.JPEG,n03888605,702,702,0.08629806,1,imagenet_c,defocus_blur,1,none
efficientnet_b4,ILSVRC2012_val_00035987.JPEG,n03888605,702,702,0.10753158,1,imagenet_c,defocus_blur,1,none
efficientnet_b4,ILSVRC2012_val_00036323.JPEG,n03888605,702,702,0.5783535,1,imagenet_c,defocus_blur,1,none
efficientnet_b4,ILSVRC2012_val_00036399.JPEG,n03888605,702,702,0.6803895,1,imagenet_c,defocus_blur,1,none
efficientnet_b4,ILSVRC2012_val_00037400.JPEG,n03888605,702,702,0.5221192,1,imagenet_c,defocus_blur,1,none
efficientnet_b4,ILSVRC2012_val_00037689.JPEG,n03888605,702,702,0.65563893,1,imagenet_c,defocus_blur,1,none
efficientnet_b4,ILSVRC2012_val_00040605.JPEG,n03888605,702,702,0.8298475,1,imagenet_c,defocus_blur,1,none
efficientnet_b4,ILSVRC2012_val_00041266.JPEG,n03888605,702,602,0.29256874,0,imagenet_c,defocus_blur,1,none
efficientnet_b4,ILSVRC2012_val_00041388.JPEG,n03888605,702,702,0.53908545,1,imagenet_c,defocus_blur,1,none
efficientnet_b4,ILSVRC2012_val_00043293.JPEG,n03888605,702,702,0.40581146,1,imagenet_c,defocus_blur,1,none
efficientnet_b4,ILSVRC2012_val_00043706.JPEG,n03888605,702,702,0.56788254,1,imagenet_c,defocus_blur,1,none
efficientnet_b4,ILSVRC2012_val_00043818.JPEG,n03888605,702,702,0.52965647,1,imagenet_c,defocus_blur,1,none
efficientnet_b4,ILSVRC2012_val_00043877.JPEG,n03888605,702,702,0.30864114,1,imagenet_c,defocus_blur,1,none
efficientnet_b4,ILSVRC2012_val_00044180.JPEG,n03888605,702,702,0.099643245,1,imagenet_c,defocus_blur,1,none
efficientnet_b4,ILSVRC2012_val_00047668.JPEG,n03888605,702,702,0.755432,1,imagenet_c,defocus_blur,1,none
efficientnet_b4,ILSVRC2012_val_00048531.JPEG,n03888605,702,602,0.25971517,0,imagenet_c,defocus_blur,1,none
efficientnet_b4,ILSVRC2012_val_00000192.JPEG,n03891251,703,703,0.38316998,1,imagenet_c,defocus_blur,1,none
efficientnet_b4,ILSVRC2012_val_00002930.JPEG,n03891251,703,703,0.5869731,1,imagenet_c,defocus_blur,1,none
efficientnet_b4,ILSVRC2012_val_00003224.JPEG,n03891251,703,439,0.18340027,0,imagenet_c,defocus_blur,1,none
efficientnet_b4,ILSVRC2012_val_00005510.JPEG,n03891251,703,843,0.17807958,0,imagenet_c,defocus_blur,1,none
efficientnet_b4,ILSVRC2012_val_00006111.JPEG,n03891251,703,574,0.06648575,0,imagenet_c,defocus_blur,1,none
efficientnet_b4,ILSVRC2012_val_00006809.JPEG,n03891251,703,134,0.01985016,0,imagenet_c,defocus_blur,1,none
efficientnet_b4,ILSVRC2012_val_00006951.JPEG,n03891251,703,573,0.10206677,0,imagenet_c,defocus_blur,1,none
efficientnet_b4,ILSVRC2012_val_00007352.JPEG,n03891251,703,410,0.07878387,0,imagenet_c,defocus_blur,1,none
efficientnet_b4,ILSVRC2012_val_00008733.JPEG,n03891251,703,703,0.38745964,1,imagenet_c,defocus_blur,1,none
efficientnet_b4,ILSVRC2012_val_00008781.JPEG,n03891251,703,703,0.3178436,1,imagenet_c,defocus_blur,1,none
efficientnet_b4,ILSVRC2012_val_00009086.JPEG,n03891251,703,703,0.043636527,1,imagenet_c,defocus_blur,1,none
efficientnet_b4,ILSVRC2012_val_00010731.JPEG,n03891251,703,703,0.6563844,1,imagenet_c,defocus_blur,1,none
efficientnet_b4,ILSVRC2012_val_00011880.JPEG,n03891251,703,34,0.04571092,0,imagenet_c,defocus_blur,1,none
efficientnet_b4,ILSVRC2012_val_00012464.JPEG,n03891251,703,703,0.59156334,1,imagenet_c,defocus_blur,1,none
efficientnet_b4,ILSVRC2012_val_00013082.JPEG,n03891251,703,703,0.04292883,1,imagenet_c,defocus_blur,1,none
efficientnet_b4,ILSVRC2012_val_00013228.JPEG,n03891251,703,335,0.5043782,0,imagenet_c,defocus_blur,1,none
efficientnet_b4,ILSVRC2012_val_00013551.JPEG,n03891251,703,703,0.25767964,1,imagenet_c,defocus_blur,1,none
efficientnet_b4,ILSVRC2012_val_00016790.JPEG,n03891251,703,703,0.38659588,1,imagenet_c,defocus_blur,1,none
efficientnet_b4,ILSVRC2012_val_00018079.JPEG,n03891251,703,703,0.3851925,1,imagenet_c,defocus_blur,1,none
efficientnet_b4,ILSVRC2012_val_00019835.JPEG,n03891251,703,660,0.1383052,0,imagenet_c,defocus_blur,1,none
efficientnet_b4,ILSVRC2012_val_00020083.JPEG,n03891251,703,912,0.039365448,0,imagenet_c,defocus_blur,1,none
efficientnet_b4,ILSVRC2012_val_00020982.JPEG,n03891251,703,703,0.30297196,1,imagenet_c,defocus_blur,1,none
efficientnet_b4,ILSVRC2012_val_00021662.JPEG,n03891251,703,204,0.012697865,0,imagenet_c,defocus_blur,1,none
efficientnet_b4,ILSVRC2012_val_00022043.JPEG,n03891251,703,842,0.09989899,0,imagenet_c,defocus_blur,1,none
efficientnet_b4,ILSVRC2012_val_00022295.JPEG,n03891251,703,703,0.072932415,1,imagenet_c,defocus_blur,1,none
efficientnet_b4,ILSVRC2012_val_00024602.JPEG,n03891251,703,703,0.4719466,1,imagenet_c,defocus_blur,1,none
efficientnet_b4,ILSVRC2012_val_00025864.JPEG,n03891251,703,703,0.31758693,1,imagenet_c,defocus_blur,1,none
efficientnet_b4,ILSVRC2012_val_00026124.JPEG,n03891251,703,703,0.7996209,1,imagenet_c,defocus_blur,1,none
efficientnet_b4,ILSVRC2012_val_00027250.JPEG,n03891251,703,912,0.0489516,0,imagenet_c,defocus_blur,1,none
efficientnet_b4,ILSVRC2012_val_00028675.JPEG,n03891251,703,703,0.3419324,1,imagenet_c,defocus_blur,1,none
efficientnet_b4,ILSVRC2012_val_00029949.JPEG,n03891251,703,765,0.14424384,0,imagenet_c,defocus_blur,1,none
efficientnet_b4,ILSVRC2012_val_00030253.JPEG,n03891251,703,708,0.040248707,0,imagenet_c,defocus_blur,1,none
efficientnet_b4,ILSVRC2012_val_00031221.JPEG,n03891251,703,703,0.22292633,1,imagenet_c,defocus_blur,1,none
efficientnet_b4,ILSVRC2012_val_00031251.JPEG,n03891251,703,703,0.36034614,1,imagenet_c,defocus_blur,1,none
efficientnet_b4,ILSVRC2012_val_00032021.JPEG,n03891251,703,703,0.5058228,1,imagenet_c,defocus_blur,1,none
efficientnet_b4,ILSVRC2012_val_00032376.JPEG,n03891251,703,703,0.7322255,1,imagenet_c,defocus_blur,1,none
efficientnet_b4,ILSVRC2012_val_00032798.JPEG,n03891251,703,703,0.7705377,1,imagenet_c,defocus_blur,1,none
efficientnet_b4,ILSVRC2012_val_00033475.JPEG,n03891251,703,703,0.5013532,1,imagenet_c,defocus_blur,1,none
efficientnet_b4,ILSVRC2012_val_00033600.JPEG,n03891251,703,703,0.16811126,1,imagenet_c,defocus_blur,1,none
efficientnet_b4,ILSVRC2012_val_00034159.JPEG,n03891251,703,703,0.494487,1,imagenet_c,defocus_blur,1,none
efficientnet_b4,ILSVRC2012_val_00034458.JPEG,n03891251,703,765,0.14531201,0,imagenet_c,defocus_blur,1,none
efficientnet_b4,ILSVRC2012_val_00036218.JPEG,n03891251,703,703,0.27779117,1,imagenet_c,defocus_blur,1,none
efficientnet_b4,ILSVRC2012_val_00038512.JPEG,n03891251,703,703,0.5944661,1,imagenet_c,defocus_blur,1,none
efficientnet_b4,ILSVRC2012_val_00038706.JPEG,n03891251,703,703,0.19690599,1,imagenet_c,defocus_blur,1,none
efficientnet_b4,ILSVRC2012_val_00040534.JPEG,n03891251,703,835,0.20101349,0,imagenet_c,defocus_blur,1,none
efficientnet_b4,ILSVRC2012_val_00042212.JPEG,n03891251,703,703,0.4143504,1,imagenet_c,defocus_blur,1,none
efficientnet_b4,ILSVRC2012_val_00048006.JPEG,n03891251,703,522,0.08917683,0,imagenet_c,defocus_blur,1,none
efficientnet_b4,ILSVRC2012_val_00048038.JPEG,n03891251,703,703,0.580803,1,imagenet_c,defocus_blur,1,none
efficientnet_b4,ILSVRC2012_val_00049422.JPEG,n03891251,703,703,0.48464411,1,imagenet_c,defocus_blur,1,none
efficientnet_b4,ILSVRC2012_val_00049769.JPEG,n03891251,703,878,0.18334022,0,imagenet_c,defocus_blur,1,none
efficientnet_b4,ILSVRC2012_val_00000201.JPEG,n03891332,704,704,0.34334764,1,imagenet_c,defocus_blur,1,none
efficientnet_b4,ILSVRC2012_val_00002431.JPEG,n03891332,704,704,0.36739895,1,imagenet_c,defocus_blur,1,none
efficientnet_b4,ILSVRC2012_val_00002584.JPEG,n03891332,704,704,0.29428193,1,imagenet_c,defocus_blur,1,none
efficientnet_b4,ILSVRC2012_val_00002759.JPEG,n03891332,704,622,0.04539052,0,imagenet_c,defocus_blur,1,none
efficientnet_b4,ILSVRC2012_val_00004937.JPEG,n03891332,704,637,0.11158825,0,imagenet_c,defocus_blur,1,none
efficientnet_b4,ILSVRC2012_val_00007481.JPEG,n03891332,704,704,0.37914145,1,imagenet_c,defocus_blur,1,none
efficientnet_b4,ILSVRC2012_val_00008804.JPEG,n03891332,704,704,0.6902164,1,imagenet_c,defocus_blur,1,none
efficientnet_b4,ILSVRC2012_val_00008950.JPEG,n03891332,704,704,0.2801126,1,imagenet_c,defocus_blur,1,none
efficientnet_b4,ILSVRC2012_val_00009989.JPEG,n03891332,704,704,0.33557788,1,imagenet_c,defocus_blur,1,none
efficientnet_b4,ILSVRC2012_val_00011363.JPEG,n03891332,704,704,0.15933459,1,imagenet_c,defocus_blur,1,none
efficientnet_b4,ILSVRC2012_val_00011539.JPEG,n03891332,704,704,0.5337038,1,imagenet_c,defocus_blur,1,none
efficientnet_b4,ILSVRC2012_val_00012116.JPEG,n03891332,704,704,0.39269015,1,imagenet_c,defocus_blur,1,none
efficientnet_b4,ILSVRC2012_val_00012185.JPEG,n03891332,704,704,0.56779087,1,imagenet_c,defocus_blur,1,none
efficientnet_b4,ILSVRC2012_val_00014665.JPEG,n03891332,704,704,0.37590125,1,imagenet_c,defocus_blur,1,none
efficientnet_b4,ILSVRC2012_val_00015461.JPEG,n03891332,704,704,0.115566224,1,imagenet_c,defocus_blur,1,none
efficientnet_b4,ILSVRC2012_val_00017950.JPEG,n03891332,704,704,0.33893546,1,imagenet_c,defocus_blur,1,none
efficientnet_b4,ILSVRC2012_val_00017999.JPEG,n03891332,704,704,0.118343174,1,imagenet_c,defocus_blur,1,none
efficientnet_b4,ILSVRC2012_val_00018258.JPEG,n03891332,704,704,0.37886274,1,imagenet_c,defocus_blur,1,none
efficientnet_b4,ILSVRC2012_val_00018476.JPEG,n03891332,704,704,0.35322478,1,imagenet_c,defocus_blur,1,none
efficientnet_b4,ILSVRC2012_val_00018760.JPEG,n03891332,704,704,0.38860774,1,imagenet_c,defocus_blur,1,none
efficientnet_b4,ILSVRC2012_val_00021293.JPEG,n03891332,704,704,0.5054701,1,imagenet_c,defocus_blur,1,none
efficientnet_b4,ILSVRC2012_val_00023587.JPEG,n03891332,704,704,0.36597124,1,imagenet_c,defocus_blur,1,none
efficientnet_b4,ILSVRC2012_val_00025703.JPEG,n03891332,704,704,0.47499418,1,imagenet_c,defocus_blur,1,none
efficientnet_b4,ILSVRC2012_val_00026721.JPEG,n03891332,704,704,0.68071413,1,imagenet_c,defocus_blur,1,none
efficientnet_b4,ILSVRC2012_val_00027375.JPEG,n03891332,704,704,0.6299355,1,imagenet_c,defocus_blur,1,none
efficientnet_b4,ILSVRC2012_val_00028312.JPEG,n03891332,704,704,0.70892817,1,imagenet_c,defocus_blur,1,none
efficientnet_b4,ILSVRC2012_val_00029096.JPEG,n03891332,704,704,0.5479863,1,imagenet_c,defocus_blur,1,none
efficientnet_b4,ILSVRC2012_val_00029294.JPEG,n03891332,704,426,0.38708705,0,imagenet_c,defocus_blur,1,none
efficientnet_b4,ILSVRC2012_val_00029440.JPEG,n03891332,704,704,0.5477636,1,imagenet_c,defocus_blur,1,none
efficientnet_b4,ILSVRC2012_val_00031240.JPEG,n03891332,704,704,0.28493497,1,imagenet_c,defocus_blur,1,none
efficientnet_b4,ILSVRC2012_val_00031858.JPEG,n03891332,704,704,0.54742646,1,imagenet_c,defocus_blur,1,none
efficientnet_b4,ILSVRC2012_val_00034709.JPEG,n03891332,704,704,0.6039444,1,imagenet_c,defocus_blur,1,none
efficientnet_b4,ILSVRC2012_val_00034802.JPEG,n03891332,704,704,0.43630165,1,imagenet_c,defocus_blur,1,none
efficientnet_b4,ILSVRC2012_val_00036572.JPEG,n03891332,704,704,0.75289637,1,imagenet_c,defocus_blur,1,none
efficientnet_b4,ILSVRC2012_val_00036752.JPEG,n03891332,704,704,0.40543076,1,imagenet_c,defocus_blur,1,none
efficientnet_b4,ILSVRC2012_val_00037258.JPEG,n03891332,704,704,0.5954696,1,imagenet_c,defocus_blur,1,none
efficientnet_b4,ILSVRC2012_val_00038139.JPEG,n03891332,704,704,0.31911018,1,imagenet_c,defocus_blur,1,none
efficientnet_b4,ILSVRC2012_val_00038260.JPEG,n03891332,704,704,0.47373247,1,imagenet_c,defocus_blur,1,none
efficientnet_b4,ILSVRC2012_val_00038587.JPEG,n03891332,704,536,0.0888327,0,imagenet_c,defocus_blur,1,none
efficientnet_b4,ILSVRC2012_val_00038975.JPEG,n03891332,704,704,0.15260397,1,imagenet_c,defocus_blur,1,none
efficientnet_b4,ILSVRC2012_val_00039367.JPEG,n03891332,704,704,0.6427598,1,imagenet_c,defocus_blur,1,none
efficientnet_b4,ILSVRC2012_val_00040124.JPEG,n03891332,704,704,0.6124267,1,imagenet_c,defocus_blur,1,none
efficientnet_b4,ILSVRC2012_val_00040696.JPEG,n03891332,704,704,0.7145876,1,imagenet_c,defocus_blur,1,none
efficientnet_b4,ILSVRC2012_val_00042599.JPEG,n03891332,704,880,0.14479034,0,imagenet_c,defocus_blur,1,none
efficientnet_b4,ILSVRC2012_val_00042835.JPEG,n03891332,704,704,0.5156409,1,imagenet_c,defocus_blur,1,none
efficientnet_b4,ILSVRC2012_val_00044621.JPEG,n03891332,704,886,0.3094504,0,imagenet_c,defocus_blur,1,none
efficientnet_b4,ILSVRC2012_val_00044633.JPEG,n03891332,704,704,0.2852724,1,imagenet_c,defocus_blur,1,none
efficientnet_b4,ILSVRC2012_val_00047319.JPEG,n03891332,704,704,0.11444701,1,imagenet_c,defocus_blur,1,none
efficientnet_b4,ILSVRC2012_val_00048582.JPEG,n03891332,704,704,0.37680697,1,imagenet_c,defocus_blur,1,none
efficientnet_b4,ILSVRC2012_val_00048623.JPEG,n03891332,704,704,0.48951453,1,imagenet_c,defocus_blur,1,none
efficientnet_b4,ILSVRC2012_val_00000096.JPEG,n03895866,705,705,0.33800697,1,imagenet_c,defocus_blur,1,none
efficientnet_b4,ILSVRC2012_val_00000560.JPEG,n03895866,705,705,0.6813581,1,imagenet_c,defocus_blur,1,none
efficientnet_b4,ILSVRC2012_val_00001450.JPEG,n03895866,705,705,0.38821363,1,imagenet_c,defocus_blur,1,none
efficientnet_b4,ILSVRC2012_val_00001590.JPEG,n03895866,705,705,0.25942546,1,imagenet_c,defocus_blur,1,none
efficientnet_b4,ILSVRC2012_val_00003730.JPEG,n03895866,705,705,0.26885062,1,imagenet_c,defocus_blur,1,none
efficientnet_b4,ILSVRC2012_val_00003946.JPEG,n03895866,705,547,0.43859997,0,imagenet_c,defocus_blur,1,none
efficientnet_b4,ILSVRC2012_val_00004809.JPEG,n03895866,705,654,0.29092002,0,imagenet_c,defocus_blur,1,none
efficientnet_b4,ILSVRC2012_val_00005092.JPEG,n03895866,705,705,0.03484536,1,imagenet_c,defocus_blur,1,none
efficientnet_b4,ILSVRC2012_val_00005480.JPEG,n03895866,705,705,0.28840756,1,imagenet_c,defocus_blur,1,none
efficientnet_b4,ILSVRC2012_val_00008422.JPEG,n03895866,705,705,0.4538026,1,imagenet_c,defocus_blur,1,none
efficientnet_b4,ILSVRC2012_val_00009653.JPEG,n03895866,705,705,0.39575619,1,imagenet_c,defocus_blur,1,none
efficientnet_b4,ILSVRC2012_val_00010334.JPEG,n03895866,705,547,0.49073866,0,imagenet_c,defocus_blur,1,none
efficientnet_b4,ILSVRC2012_val_00011492.JPEG,n03895866,705,705,0.4357539,1,imagenet_c,defocus_blur,1,none
efficientnet_b4,ILSVRC2012_val_00012505.JPEG,n03895866,705,705,0.68254584,1,imagenet_c,defocus_blur,1,none
efficientnet_b4,ILSVRC2012_val_00012886.JPEG,n03895866,705,862,0.08475161,0,imagenet_c,defocus_blur,1,none
efficientnet_b4,ILSVRC2012_val_00012957.JPEG,n03895866,705,705,0.55367714,1,imagenet_c,defocus_blur,1,none
efficientnet_b4,ILSVRC2012_val_00013877.JPEG,n03895866,705,705,0.50526685,1,imagenet_c,defocus_blur,1,none
efficientnet_b4,ILSVRC2012_val_00013920.JPEG,n03895866,705,705,0.54079205,1,imagenet_c,defocus_blur,1,none
efficientnet_b4,ILSVRC2012_val_00014494.JPEG,n03895866,705,705,0.47502372,1,imagenet_c,defocus_blur,1,none
efficientnet_b4,ILSVRC2012_val_00014820.JPEG,n03895866,705,466,0.60603577,0,imagenet_c,defocus_blur,1,none
efficientnet_b4,ILSVRC2012_val_00014844.JPEG,n03895866,705,705,0.33290023,1,imagenet_c,defocus_blur,1,none
efficientnet_b4,ILSVRC2012_val_00017034.JPEG,n03895866,705,705,0.26833403,1,imagenet_c,defocus_blur,1,none
efficientnet_b4,ILSVRC2012_val_00018523.JPEG,n03895866,705,705,0.78776914,1,imagenet_c,defocus_blur,1,none
efficientnet_b4,ILSVRC2012_val_00018861.JPEG,n03895866,705,705,0.34794652,1,imagenet_c,defocus_blur,1,none
efficientnet_b4,ILSVRC2012_val_00020584.JPEG,n03895866,705,705,0.6242199,1,imagenet_c,defocus_blur,1,none
efficientnet_b4,ILSVRC2012_val_00020623.JPEG,n03895866,705,547,0.24875584,0,imagenet_c,defocus_blur,1,none
efficientnet_b4,ILSVRC2012_val_00020697.JPEG,n03895866,705,705,0.5882755,1,imagenet_c,defocus_blur,1,none
efficientnet_b4,ILSVRC2012_val_00021223.JPEG,n03895866,705,661,0.5070506,0,imagenet_c,defocus_blur,1,none
efficientnet_b4,ILSVRC2012_val_00023946.JPEG,n03895866,705,705,0.63508105,1,imagenet_c,defocus_blur,1,none
efficientnet_b4,ILSVRC2012_val_00024310.JPEG,n03895866,705,705,0.4577956,1,imagenet_c,defocus_blur,1,none
efficientnet_b4,ILSVRC2012_val_00024628.JPEG,n03895866,705,874,0.4639784,0,imagenet_c,defocus_blur,1,none
efficientnet_b4,ILSVRC2012_val_00025702.JPEG,n03895866,705,547,0.5972669,0,imagenet_c,defocus_blur,1,none
efficientnet_b4,ILSVRC2012_val_00026224.JPEG,n03895866,705,705,0.59183913,1,imagenet_c,defocus_blur,1,none
efficientnet_b4,ILSVRC2012_val_00027580.JPEG,n03895866,705,705,0.5395241,1,imagenet_c,defocus_blur,1,none
efficientnet_b4,ILSVRC2012_val_00030803.JPEG,n03895866,705,705,0.5108186,1,imagenet_c,defocus_blur,1,none
efficientnet_b4,ILSVRC2012_val_00032237.JPEG,n03895866,705,466,0.37522274,0,imagenet_c,defocus_blur,1,none
efficientnet_b4,ILSVRC2012_val_00032803.JPEG,n03895866,705,874,0.056640167,0,imagenet_c,defocus_blur,1,none
efficientnet_b4,ILSVRC2012_val_00033410.JPEG,n03895866,705,705,0.55704087,1,imagenet_c,defocus_blur,1,none
efficientnet_b4,ILSVRC2012_val_00033488.JPEG,n03895866,705,912,0.078306265,0,imagenet_c,defocus_blur,1,none
efficientnet_b4,ILSVRC2012_val_00033521.JPEG,n03895866,705,817,0.2307313,0,imagenet_c,defocus_blur,1,none
efficientnet_b4,ILSVRC2012_val_00038339.JPEG,n03895866,705,979,0.05306331,0,imagenet_c,defocus_blur,1,none
efficientnet_b4,ILSVRC2012_val_00039427.JPEG,n03895866,705,820,0.22331505,0,imagenet_c,defocus_blur,1,none
efficientnet_b4,ILSVRC2012_val_00039587.JPEG,n03895866,705,705,0.38359576,1,imagenet_c,defocus_blur,1,none
efficientnet_b4,ILSVRC2012_val_00039656.JPEG,n03895866,705,779,0.6017114,0,imagenet_c,defocus_blur,1,none
efficientnet_b4,ILSVRC2012_val_00040901.JPEG,n03895866,705,705,0.33710587,1,imagenet_c,defocus_blur,1,none
efficientnet_b4,ILSVRC2012_val_00041508.JPEG,n03895866,705,705,0.6052116,1,imagenet_c,defocus_blur,1,none
efficientnet_b4,ILSVRC2012_val_00043915.JPEG,n03895866,705,705,0.44909343,1,imagenet_c,defocus_blur,1,none
efficientnet_b4,ILSVRC2012_val_00044547.JPEG,n03895866,705,705,0.70596343,1,imagenet_c,defocus_blur,1,none
efficientnet_b4,ILSVRC2012_val_00048025.JPEG,n03895866,705,716,0.09581154,0,imagenet_c,defocus_blur,1,none
efficientnet_b4,ILSVRC2012_val_00048083.JPEG,n03895866,705,705,0.59948784,1,imagenet_c,defocus_blur,1,none
efficientnet_b4,ILSVRC2012_val_00001665.JPEG,n03899768,706,536,0.10662326,0,imagenet_c,defocus_blur,1,none
efficientnet_b4,ILSVRC2012_val_00001998.JPEG,n03899768,706,559,0.08058972,0,imagenet_c,defocus_blur,1,none
efficientnet_b4,ILSVRC2012_val_00002624.JPEG,n03899768,706,706,0.13565458,1,imagenet_c,defocus_blur,1,none
efficientnet_b4,ILSVRC2012_val_00003941.JPEG,n03899768,706,660,0.16313313,0,imagenet_c,defocus_blur,1,none
efficientnet_b4,ILSVRC2012_val_00004279.JPEG,n03899768,706,706,0.22504282,1,imagenet_c,defocus_blur,1,none
efficientnet_b4,ILSVRC2012_val_00004308.JPEG,n03899768,706,603,0.23924598,0,imagenet_c,defocus_blur,1,none
efficientnet_b4,ILSVRC2012_val_00007381.JPEG,n03899768,706,706,0.13072912,1,imagenet_c,defocus_blur,1,none
efficientnet_b4,ILSVRC2012_val_00007577.JPEG,n03899768,706,706,0.099441685,1,imagenet_c,defocus_blur,1,none
efficientnet_b4,ILSVRC2012_val_00009197.JPEG,n03899768,706,475,0.041941524,0,imagenet_c,defocus_blur,1,none
efficientnet_b4,ILSVRC2012_val_00010780.JPEG,n03899768,706,799,0.29379284,0,imagenet_c,defocus_blur,1,none
efficientnet_b4,ILSVRC2012_val_00011183.JPEG,n03899768,706,706,0.021917405,1,imagenet_c,defocus_blur,1,none
efficientnet_b4,ILSVRC2012_val_00011454.JPEG,n03899768,706,718,0.111195676,0,imagenet_c,defocus_blur,1,none
efficientnet_b4,ILSVRC2012_val_00012065.JPEG,n03899768,706,706,0.15315734,1,imagenet_c,defocus_blur,1,none
efficientnet_b4,ILSVRC2012_val_00013353.JPEG,n03899768,706,706,0.14664675,1,imagenet_c,defocus_blur,1,none
efficientnet_b4,ILSVRC2012_val_00013559.JPEG,n03899768,706,706,0.15260924,1,imagenet_c,defocus_blur,1,none
efficientnet_b4,ILSVRC2012_val_00014309.JPEG,n03899768,706,799,0.110416435,0,imagenet_c,defocus_blur,1,none
efficientnet_b4,ILSVRC2012_val_00014487.JPEG,n03899768,706,706,0.12787366,1,imagenet_c,defocus_blur,1,none
efficientnet_b4,ILSVRC2012_val_00015476.JPEG,n03899768,706,580,0.22279133,0,imagenet_c,defocus_blur,1,none
efficientnet_b4,ILSVRC2012_val_00015672.JPEG,n03899768,706,854,0.06736136,0,imagenet_c,defocus_blur,1,none
efficientnet_b4,ILSVRC2012_val_00016653.JPEG,n03899768,706,706,0.1010279,1,imagenet_c,defocus_blur,1,none
efficientnet_b4,ILSVRC2012_val_00017304.JPEG,n03899768,706,706,0.5092744,1,imagenet_c,defocus_blur,1,none
efficientnet_b4,ILSVRC2012_val_00017640.JPEG,n03899768,706,576,0.22190993,0,imagenet_c,defocus_blur,1,none
efficientnet_b4,ILSVRC2012_val_00019438.JPEG,n03899768,706,416,0.34160668,0,imagenet_c,defocus_blur,1,none
efficientnet_b4,ILSVRC2012_val_00020271.JPEG,n03899768,706,706,0.19524506,1,imagenet_c,defocus_blur,1,none
efficientnet_b4,ILSVRC2012_val_00021364.JPEG,n03899768,706,977,0.054951854,0,imagenet_c,defocus_blur,1,none
efficientnet_b4,ILSVRC2012_val_00023122.JPEG,n03899768,706,660,0.409426,0,imagenet_c,defocus_blur,1,none
efficientnet_b4,ILSVRC2012_val_00023562.JPEG,n03899768,706,718,0.25993434,0,imagenet_c,defocus_blur,1,none
efficientnet_b4,ILSVRC2012_val_00023647.JPEG,n03899768,706,743,0.1607475,0,imagenet_c,defocus_blur,1,none
efficientnet_b4,ILSVRC2012_val_00024191.JPEG,n03899768,706,706,0.11430358,1,imagenet_c,defocus_blur,1,none
efficientnet_b4,ILSVRC2012_val_00024670.JPEG,n03899768,706,706,0.09823341,1,imagenet_c,defocus_blur,1,none
efficientnet_b4,ILSVRC2012_val_00024680.JPEG,n03899768,706,706,0.48486188,1,imagenet_c,defocus_blur,1,none
efficientnet_b4,ILSVRC2012_val_00024861.JPEG,n03899768,706,706,0.4417051,1,imagenet_c,defocus_blur,1,none
efficientnet_b4,ILSVRC2012_val_00025901.JPEG,n03899768,706,744,0.011758436,0,imagenet_c,defocus_blur,1,none
efficientnet_b4,ILSVRC2012_val_00029412.JPEG,n03899768,706,646,0.055210773,0,imagenet_c,defocus_blur,1,none
efficientnet_b4,ILSVRC2012_val_00029777.JPEG,n03899768,706,634,0.06467319,0,imagenet_c,defocus_blur,1,none
efficientnet_b4,ILSVRC2012_val_00033401.JPEG,n03899768,706,723,0.046350256,0,imagenet_c,defocus_blur,1,none
efficientnet_b4,ILSVRC2012_val_00033891.JPEG,n03899768,706,706,0.14644726,1,imagenet_c,defocus_blur,1,none
efficientnet_b4,ILSVRC2012_val_00035148.JPEG,n03899768,706,706,0.6505405,1,imagenet_c,defocus_blur,1,none
efficientnet_b4,ILSVRC2012_val_00036298.JPEG,n03899768,706,475,0.09841365,0,imagenet_c,defocus_blur,1,none
efficientnet_b4,ILSVRC2012_val_00036309.JPEG,n03899768,706,912,0.21937957,0,imagenet_c,defocus_blur,1,none
efficientnet_b4,ILSVRC2012_val_00037373.JPEG,n03899768,706,573,0.56770474,0,imagenet_c,defocus_blur,1,none
efficientnet_b4,ILSVRC2012_val_00042992.JPEG,n03899768,706,660,0.26821727,0,imagenet_c,defocus_blur,1,none
efficientnet_b4,ILSVRC2012_val_00043618.JPEG,n03899768,706,663,0.30218837,0,imagenet_c,defocus_blur,1,none
efficientnet_b4,ILSVRC2012_val_00045144.JPEG,n03899768,706,429,0.045482196,0,imagenet_c,defocus_blur,1,none
efficientnet_b4,ILSVRC2012_val_00046064.JPEG,n03899768,706,660,0.7100315,0,imagenet_c,defocus_blur,1,none
efficientnet_b4,ILSVRC2012_val_00046336.JPEG,n03899768,706,799,0.13506864,0,imagenet_c,defocus_blur,1,none
efficientnet_b4,ILSVRC2012_val_00047353.JPEG,n03899768,706,706,0.4258469,1,imagenet_c,defocus_blur,1,none
efficientnet_b4,ILSVRC2012_val_00047581.JPEG,n03899768,706,706,0.18982056,1,imagenet_c,defocus_blur,1,none
efficientnet_b4,ILSVRC2012_val_00047929.JPEG,n03899768,706,706,0.2498339,1,imagenet_c,defocus_blur,1,none
efficientnet_b4,ILSVRC2012_val_00048451.JPEG,n03899768,706,706,0.55614096,1,imagenet_c,defocus_blur,1,none
efficientnet_b4,ILSVRC2012_val_00000335.JPEG,n03902125,707,707,0.64999145,1,imagenet_c,defocus_blur,1,none
efficientnet_b4,ILSVRC2012_val_00001149.JPEG,n03902125,707,707,0.5741927,1,imagenet_c,defocus_blur,1,none
efficientnet_b4,ILSVRC2012_val_00002493.JPEG,n03902125,707,707,0.67963403,1,imagenet_c,defocus_blur,1,none
efficientnet_b4,ILSVRC2012_val_00002643.JPEG,n03902125,707,707,0.61342716,1,imagenet_c,defocus_blur,1,none
efficientnet_b4,ILSVRC2012_val_00002894.JPEG,n03902125,707,707,0.75493807,1,imagenet_c,defocus_blur,1,none
efficientnet_b4,ILSVRC2012_val_00003976.JPEG,n03902125,707,707,0.52437663,1,imagenet_c,defocus_blur,1,none
efficientnet_b4,ILSVRC2012_val_00009942.JPEG,n03902125,707,707,0.4583507,1,imagenet_c,defocus_blur,1,none
efficientnet_b4,ILSVRC2012_val_00010969.JPEG,n03902125,707,438,0.07486588,0,imagenet_c,defocus_blur,1,none
efficientnet_b4,ILSVRC2012_val_00011239.JPEG,n03902125,707,686,0.05410815,0,imagenet_c,defocus_blur,1,none
efficientnet_b4,ILSVRC2012_val_00011575.JPEG,n03902125,707,707,0.5622409,1,imagenet_c,defocus_blur,1,none
efficientnet_b4,ILSVRC2012_val_00012227.JPEG,n03902125,707,707,0.7220666,1,imagenet_c,defocus_blur,1,none
efficientnet_b4,ILSVRC2012_val_00012392.JPEG,n03902125,707,691,0.030689755,0,imagenet_c,defocus_blur,1,none
efficientnet_b4,ILSVRC2012_val_00013152.JPEG,n03902125,707,707,0.53512496,1,imagenet_c,defocus_blur,1,none
efficientnet_b4,ILSVRC2012_val_00015422.JPEG,n03902125,707,707,0.6065346,1,imagenet_c,defocus_blur,1,none
efficientnet_b4,ILSVRC2012_val_00016667.JPEG,n03902125,707,707,0.5436778,1,imagenet_c,defocus_blur,1,none
efficientnet_b4,ILSVRC2012_val_00019207.JPEG,n03902125,707,707,0.4782798,1,imagenet_c,defocus_blur,1,none
efficientnet_b4,ILSVRC2012_val_00019465.JPEG,n03902125,707,707,0.14687,1,imagenet_c,defocus_blur,1,none
efficientnet_b4,ILSVRC2012_val_00019620.JPEG,n03902125,707,707,0.4391469,1,imagenet_c,defocus_blur,1,none
efficientnet_b4,ILSVRC2012_val_00020883.JPEG,n03902125,707,480,0.4345766,0,imagenet_c,defocus_blur,1,none
efficientnet_b4,ILSVRC2012_val_00021347.JPEG,n03902125,707,707,0.7238632,1,imagenet_c,defocus_blur,1,none
efficientnet_b4,ILSVRC2012_val_00021606.JPEG,n03902125,707,778,0.15587552,0,imagenet_c,defocus_blur,1,none
efficientnet_b4,ILSVRC2012_val_00021715.JPEG,n03902125,707,707,0.13812566,1,imagenet_c,defocus_blur,1,none
efficientnet_b4,ILSVRC2012_val_00022006.JPEG,n03902125,707,707,0.6263996,1,imagenet_c,defocus_blur,1,none
efficientnet_b4,ILSVRC2012_val_00023419.JPEG,n03902125,707,707,0.31625745,1,imagenet_c,defocus_blur,1,none
efficientnet_b4,ILSVRC2012_val_00023791.JPEG,n03902125,707,707,0.5386408,1,imagenet_c,defocus_blur,1,none
efficientnet_b4,ILSVRC2012_val_00025783.JPEG,n03902125,707,540,0.17006974,0,imagenet_c,defocus_blur,1,none
efficientnet_b4,ILSVRC2012_val_00026091.JPEG,n03902125,707,704,0.3071321,0,imagenet_c,defocus_blur,1,none
efficientnet_b4,ILSVRC2012_val_00026543.JPEG,n03902125,707,877,0.3304098,0,imagenet_c,defocus_blur,1,none
efficientnet_b4,ILSVRC2012_val_00027286.JPEG,n03902125,707,602,0.07898076,0,imagenet_c,defocus_blur,1,none
efficientnet_b4,ILSVRC2012_val_00027309.JPEG,n03902125,707,707,0.56749606,1,imagenet_c,defocus_blur,1,none
efficientnet_b4,ILSVRC2012_val_00028308.JPEG,n03902125,707,707,0.41704458,1,imagenet_c,defocus_blur,1,none
efficientnet_b4,ILSVRC2012_val_00029291.JPEG,n03902125,707,707,0.19686085,1,imagenet_c,defocus_blur,1,none
efficientnet_b4,ILSVRC2012_val_00030496.JPEG,n03902125,707,707,0.51827365,1,imagenet_c,defocus_blur,1,none
efficientnet_b4,ILSVRC2012_val_00031113.JPEG,n03902125,707,707,0.38796964,1,imagenet_c,defocus_blur,1,none
efficientnet_b4,ILSVRC2012_val_00031979.JPEG,n03902125,707,707,0.2618059,1,imagenet_c,defocus_blur,1,none
efficientnet_b4,ILSVRC2012_val_00033992.JPEG,n03902125,707,707,0.16435538,1,imagenet_c,defocus_blur,1,none
efficientnet_b4,ILSVRC2012_val_00035336.JPEG,n03902125,707,707,0.6415858,1,imagenet_c,defocus_blur,1,none
efficientnet_b4,ILSVRC2012_val_00035354.JPEG,n03902125,707,707,0.7040036,1,imagenet_c,defocus_blur,1,none
efficientnet_b4,ILSVRC2012_val_00036112.JPEG,n03902125,707,707,0.59542584,1,imagenet_c,defocus_blur,1,none
efficientnet_b4,ILSVRC2012_val_00036886.JPEG,n03902125,707,707,0.7381537,1,imagenet_c,defocus_blur,1,none
efficientnet_b4,ILSVRC2012_val_00037873.JPEG,n03902125,707,707,0.64789647,1,imagenet_c,defocus_blur,1,none
efficientnet_b4,ILSVRC2012_val_00039096.JPEG,n03902125,707,707,0.40598738,1,imagenet_c,defocus_blur,1,none
efficientnet_b4,ILSVRC2012_val_00040702.JPEG,n03902125,707,707,0.1462151,1,imagenet_c,defocus_blur,1,none
efficientnet_b4,ILSVRC2012_val_00040829.JPEG,n03902125,707,707,0.6650125,1,imagenet_c,defocus_blur,1,none
efficientnet_b4,ILSVRC2012_val_00041733.JPEG,n03902125,707,707,0.82225066,1,imagenet_c,defocus_blur,1,none
efficientnet_b4,ILSVRC2012_val_00043548.JPEG,n03902125,707,675,0.195699,0,imagenet_c,defocus_blur,1,none
efficientnet_b4,ILSVRC2012_val_00044177.JPEG,n03902125,707,707,0.59805244,1,imagenet_c,defocus_blur,1,none
efficientnet_b4,ILSVRC2012_val_00046385.JPEG,n03902125,707,522,0.09930538,0,imagenet_c,defocus_blur,1,none
efficientnet_b4,ILSVRC2012_val_00046469.JPEG,n03902125,707,707,0.10258684,1,imagenet_c,defocus_blur,1,none
efficientnet_b4,ILSVRC2012_val_00049357.JPEG,n03902125,707,707,0.8063601,1,imagenet_c,defocus_blur,1,none
efficientnet_b4,ILSVRC2012_val_00002193.JPEG,n03903868,708,708,0.37084568,1,imagenet_c,defocus_blur,1,none
efficientnet_b4,ILSVRC2012_val_00004595.JPEG,n03903868,708,708,0.49866167,1,imagenet_c,defocus_blur,1,none
efficientnet_b4,ILSVRC2012_val_00004925.JPEG,n03903868,708,708,0.55365,1,imagenet_c,defocus_blur,1,none
efficientnet_b4,ILSVRC2012_val_00005095.JPEG,n03903868,708,442,0.31758815,0,imagenet_c,defocus_blur,1,none
efficientnet_b4,ILSVRC2012_val_00005201.JPEG,n03903868,708,708,0.1310826,1,imagenet_c,defocus_blur,1,none
efficientnet_b4,ILSVRC2012_val_00005983.JPEG,n03903868,708,682,0.1554136,0,imagenet_c,defocus_blur,1,none
efficientnet_b4,ILSVRC2012_val_00007621.JPEG,n03903868,708,708,0.74910975,1,imagenet_c,defocus_blur,1,none
efficientnet_b4,ILSVRC2012_val_00009123.JPEG,n03903868,708,708,0.14534959,1,imagenet_c,defocus_blur,1,none
efficientnet_b4,ILSVRC2012_val_00009211.JPEG,n03903868,708,708,0.4144846,1,imagenet_c,defocus_blur,1,none
efficientnet_b4,ILSVRC2012_val_00010953.JPEG,n03903868,708,708,0.20430015,1,imagenet_c,defocus_blur,1,none
efficientnet_b4,ILSVRC2012_val_00010985.JPEG,n03903868,708,743,0.14457054,0,imagenet_c,defocus_blur,1,none
efficientnet_b4,ILSVRC2012_val_00011786.JPEG,n03903868,708,708,0.12243444,1,imagenet_c,defocus_blur,1,none
efficientnet_b4,ILSVRC2012_val_00011975.JPEG,n03903868,708,708,0.6675099,1,imagenet_c,defocus_blur,1,none
efficientnet_b4,ILSVRC2012_val_00013811.JPEG,n03903868,708,708,0.10806318,1,imagenet_c,defocus_blur,1,none
efficientnet_b4,ILSVRC2012_val_00014397.JPEG,n03903868,708,708,0.65512407,1,imagenet_c,defocus_blur,1,none
efficientnet_b4,ILSVRC2012_val_00015543.JPEG,n03903868,708,971,0.07126937,0,imagenet_c,defocus_blur,1,none
efficientnet_b4,ILSVRC2012_val_00016660.JPEG,n03903868,708,708,0.08144674,1,imagenet_c,defocus_blur,1,none
efficientnet_b4,ILSVRC2012_val_00020223.JPEG,n03903868,708,698,0.26039675,0,imagenet_c,defocus_blur,1,none
efficientnet_b4,ILSVRC2012_val_00021571.JPEG,n03903868,708,708,0.6045663,1,imagenet_c,defocus_blur,1,none
efficientnet_b4,ILSVRC2012_val_00021853.JPEG,n03903868,708,682,0.21006845,0,imagenet_c,defocus_blur,1,none
efficientnet_b4,ILSVRC2012_val_00021999.JPEG,n03903868,708,708,0.7786056,1,imagenet_c,defocus_blur,1,none
efficientnet_b4,ILSVRC2012_val_00024519.JPEG,n03903868,708,682,0.09277829,0,imagenet_c,defocus_blur,1,none
efficientnet_b4,ILSVRC2012_val_00024631.JPEG,n03903868,708,708,0.2874563,1,imagenet_c,defocus_blur,1,none
efficientnet_b4,ILSVRC2012_val_00024632.JPEG,n03903868,708,442,0.11500704,0,imagenet_c,defocus_blur,1,none
efficientnet_b4,ILSVRC2012_val_00026940.JPEG,n03903868,708,668,0.22842304,0,imagenet_c,defocus_blur,1,none
efficientnet_b4,ILSVRC2012_val_00027628.JPEG,n03903868,708,708,0.48530936,1,imagenet_c,defocus_blur,1,none
efficientnet_b4,ILSVRC2012_val_00028087.JPEG,n03903868,708,708,0.8206732,1,imagenet_c,defocus_blur,1,none
efficientnet_b4,ILSVRC2012_val_00029008.JPEG,n03903868,708,540,0.13342555,0,imagenet_c,defocus_blur,1,none
efficientnet_b4,ILSVRC2012_val_00030317.JPEG,n03903868,708,873,0.101779506,0,imagenet_c,defocus_blur,1,none
efficientnet_b4,ILSVRC2012_val_00032706.JPEG,n03903868,708,708,0.1547205,1,imagenet_c,defocus_blur,1,none
efficientnet_b4,ILSVRC2012_val_00033813.JPEG,n03903868,708,708,0.79371893,1,imagenet_c,defocus_blur,1,none
efficientnet_b4,ILSVRC2012_val_00034875.JPEG,n03903868,708,682,0.19514175,0,imagenet_c,defocus_blur,1,none
efficientnet_b4,ILSVRC2012_val_00034941.JPEG,n03903868,708,708,0.5942892,1,imagenet_c,defocus_blur,1,none
efficientnet_b4,ILSVRC2012_val_00035124.JPEG,n03903868,708,733,0.050129574,0,imagenet_c,defocus_blur,1,none
efficientnet_b4,ILSVRC2012_val_00036656.JPEG,n03903868,708,804,0.15791216,0,imagenet_c,defocus_blur,1,none
efficientnet_b4,ILSVRC2012_val_00039658.JPEG,n03903868,708,708,0.26188955,1,imagenet_c,defocus_blur,1,none
efficientnet_b4,ILSVRC2012_val_00039855.JPEG,n03903868,708,873,0.5367899,0,imagenet_c,defocus_blur,1,none
efficientnet_b4,ILSVRC2012_val_00041811.JPEG,n03903868,708,442,0.20699275,0,imagenet_c,defocus_blur,1,none
efficientnet_b4,ILSVRC2012_val_00043557.JPEG,n03903868,708,708,0.34328264,1,imagenet_c,defocus_blur,1,none
efficientnet_b4,ILSVRC2012_val_00044198.JPEG,n03903868,708,442,0.116658285,0,imagenet_c,defocus_blur,1,none
efficientnet_b4,ILSVRC2012_val_00044723.JPEG,n03903868,708,708,0.3304879,1,imagenet_c,defocus_blur,1,none
efficientnet_b4,ILSVRC2012_val_00045365.JPEG,n03903868,708,708,0.095580325,1,imagenet_c,defocus_blur,1,none
efficientnet_b4,ILSVRC2012_val_00045458.JPEG,n03903868,708,708,0.11471249,1,imagenet_c,defocus_blur,1,none
efficientnet_b4,ILSVRC2012_val_00045641.JPEG,n03903868,708,708,0.16134086,1,imagenet_c,defocus_blur,1,none
efficientnet_b4,ILSVRC2012_val_00046282.JPEG,n03903868,708,912,0.10710571,0,imagenet_c,defocus_blur,1,none
efficientnet_b4,ILSVRC2012_val_00047667.JPEG,n03903868,708,682,0.13139732,0,imagenet_c,defocus_blur,1,none
efficientnet_b4,ILSVRC2012_val_00048651.JPEG,n03903868,708,708,0.12677233,1,imagenet_c,defocus_blur,1,none
efficientnet_b4,ILSVRC2012_val_00048844.JPEG,n03903868,708,708,0.47362494,1,imagenet_c,defocus_blur,1,none
efficientnet_b4,ILSVRC2012_val_00049155.JPEG,n03903868,708,708,0.21879657,1,imagenet_c,defocus_blur,1,none
efficientnet_b4,ILSVRC2012_val_00049348.JPEG,n03903868,708,708,0.13877055,1,imagenet_c,defocus_blur,1,none
efficientnet_b4,ILSVRC2012_val_00001265.JPEG,n03908618,709,709,0.14594884,1,imagenet_c,defocus_blur,1,none
efficientnet_b4,ILSVRC2012_val_00002724.JPEG,n03908618,709,709,0.1262794,1,imagenet_c,defocus_blur,1,none
efficientnet_b4,ILSVRC2012_val_00004296.JPEG,n03908618,709,769,0.4356492,0,imagenet_c,defocus_blur,1,none
efficientnet_b4,ILSVRC2012_val_00006607.JPEG,n03908618,709,709,0.64542186,1,imagenet_c,defocus_blur,1,none
efficientnet_b4,ILSVRC2012_val_00007562.JPEG,n03908618,709,770,0.07399545,0,imagenet_c,defocus_blur,1,none
efficientnet_b4,ILSVRC2012_val_00007714.JPEG,n03908618,709,800,0.35747805,0,imagenet_c,defocus_blur,1,none
efficientnet_b4,ILSVRC2012_val_00007771.JPEG,n03908618,709,862,0.32120827,0,imagenet_c,defocus_blur,1,none
efficientnet_b4,ILSVRC2012_val_00008689.JPEG,n03908618,709,709,0.44160306,1,imagenet_c,defocus_blur,1,none
efficientnet_b4,ILSVRC2012_val_00008762.JPEG,n03908618,709,709,0.22485085,1,imagenet_c,defocus_blur,1,none
efficientnet_b4,ILSVRC2012_val_00010043.JPEG,n03908618,709,709,0.40052134,1,imagenet_c,defocus_blur,1,none
efficientnet_b4,ILSVRC2012_val_00011919.JPEG,n03908618,709,584,0.34962368,0,imagenet_c,defocus_blur,1,none
efficientnet_b4,ILSVRC2012_val_00012016.JPEG,n03908618,709,509,0.20955847,0,imagenet_c,defocus_blur,1,none
efficientnet_b4,ILSVRC2012_val_00012038.JPEG,n03908618,709,709,0.4916114,1,imagenet_c,defocus_blur,1,none
efficientnet_b4,ILSVRC2012_val_00012201.JPEG,n03908618,709,709,0.19024926,1,imagenet_c,defocus_blur,1,none
efficientnet_b4,ILSVRC2012_val_00012965.JPEG,n03908618,709,709,0.33369383,1,imagenet_c,defocus_blur,1,none
efficientnet_b4,ILSVRC2012_val_00014098.JPEG,n03908618,709,709,0.56973433,1,imagenet_c,defocus_blur,1,none
efficientnet_b4,ILSVRC2012_val_00014429.JPEG,n03908618,709,748,0.07540996,0,imagenet_c,defocus_blur,1,none
efficientnet_b4,ILSVRC2012_val_00015428.JPEG,n03908618,709,592,0.15419307,0,imagenet_c,defocus_blur,1,none
efficientnet_b4,ILSVRC2012_val_00016007.JPEG,n03908618,709,709,0.24374579,1,imagenet_c,defocus_blur,1,none
efficientnet_b4,ILSVRC2012_val_00016397.JPEG,n03908618,709,709,0.26826918,1,imagenet_c,defocus_blur,1,none
efficientnet_b4,ILSVRC2012_val_00016756.JPEG,n03908618,709,529,0.22669238,0,imagenet_c,defocus_blur,1,none
efficientnet_b4,ILSVRC2012_val_00018468.JPEG,n03908618,709,709,0.4417435,1,imagenet_c,defocus_blur,1,none
efficientnet_b4,ILSVRC2012_val_00018549.JPEG,n03908618,709,709,0.44401217,1,imagenet_c,defocus_blur,1,none
efficientnet_b4,ILSVRC2012_val_00020063.JPEG,n03908618,709,496,0.42024824,0,imagenet_c,defocus_blur,1,none
efficientnet_b4,ILSVRC2012_val_00020281.JPEG,n03908618,709,709,0.50272727,1,imagenet_c,defocus_blur,1,none
efficientnet_b4,ILSVRC2012_val_00020390.JPEG,n03908618,709,418,0.17743699,0,imagenet_c,defocus_blur,1,none
efficientnet_b4,ILSVRC2012_val_00020431.JPEG,n03908618,709,454,0.06993708,0,imagenet_c,defocus_blur,1,none
efficientnet_b4,ILSVRC2012_val_00020480.JPEG,n03908618,709,709,0.20232445,1,imagenet_c,defocus_blur,1,none
efficientnet_b4,ILSVRC2012_val_00020750.JPEG,n03908618,709,767,0.40348268,0,imagenet_c,defocus_blur,1,none
efficientnet_b4,ILSVRC2012_val_00023536.JPEG,n03908618,709,709,0.14659904,1,imagenet_c,defocus_blur,1,none
efficientnet_b4,ILSVRC2012_val_00025076.JPEG,n03908618,709,692,0.18617713,0,imagenet_c,defocus_blur,1,none
efficientnet_b4,ILSVRC2012_val_00026350.JPEG,n03908618,709,709,0.06856421,1,imagenet_c,defocus_blur,1,none
efficientnet_b4,ILSVRC2012_val_00029339.JPEG,n03908618,709,709,0.47851527,1,imagenet_c,defocus_blur,1,none
efficientnet_b4,ILSVRC2012_val_00029470.JPEG,n03908618,709,748,0.1298899,0,imagenet_c,defocus_blur,1,none
efficientnet_b4,ILSVRC2012_val_00030295.JPEG,n03908618,709,709,0.32447168,1,imagenet_c,defocus_blur,1,none
efficientnet_b4,ILSVRC2012_val_00030608.JPEG,n03908618,709,709,0.63935155,1,imagenet_c,defocus_blur,1,none
efficientnet_b4,ILSVRC2012_val_00035020.JPEG,n03908618,709,551,0.1460011,0,imagenet_c,defocus_blur,1,none
efficientnet_b4,ILSVRC2012_val_00035709.JPEG,n03908618,709,419,0.21200109,0,imagenet_c,defocus_blur,1,none
efficientnet_b4,ILSVRC2012_val_00037720.JPEG,n03908618,709,893,0.3534342,0,imagenet_c,defocus_blur,1,none
efficientnet_b4,ILSVRC2012_val_00039199.JPEG,n03908618,709,419,0.60242313,0,imagenet_c,defocus_blur,1,none
efficientnet_b4,ILSVRC2012_val_00040316.JPEG,n03908618,709,709,0.2060998,1,imagenet_c,defocus_blur,1,none
efficientnet_b4,ILSVRC2012_val_00040508.JPEG,n03908618,709,709,0.2442578,1,imagenet_c,defocus_blur,1,none
efficientnet_b4,ILSVRC2012_val_00040813.JPEG,n03908618,709,477,0.08396225,0,imagenet_c,defocus_blur,1,none
efficientnet_b4,ILSVRC2012_val_00040850.JPEG,n03908618,709,769,0.20755465,0,imagenet_c,defocus_blur,1,none
efficientnet_b4,ILSVRC2012_val_00041757.JPEG,n03908618,709,709,0.34161267,1,imagenet_c,defocus_blur,1,none
efficientnet_b4,ILSVRC2012_val_00043488.JPEG,n03908618,709,777,0.29000592,0,imagenet_c,defocus_blur,1,none
efficientnet_b4,ILSVRC2012_val_00045411.JPEG,n03908618,709,709,0.2523872,1,imagenet_c,defocus_blur,1,none
efficientnet_b4,ILSVRC2012_val_00046476.JPEG,n03908618,709,709,0.26613167,1,imagenet_c,defocus_blur,1,none
efficientnet_b4,ILSVRC2012_val_00046993.JPEG,n03908618,709,419,0.2891626,0,imagenet_c,defocus_blur,1,none
efficientnet_b4,ILSVRC2012_val_00049972.JPEG,n03908618,709,448,0.057572246,0,imagenet_c,defocus_blur,1,none
efficientnet_b4,ILSVRC2012_val_00004441.JPEG,n03908714,710,710,0.27660823,1,imagenet_c,defocus_blur,1,none
efficientnet_b4,ILSVRC2012_val_00005829.JPEG,n03908714,710,710,0.56235176,1,imagenet_c,defocus_blur,1,none
efficientnet_b4,ILSVRC2012_val_00006357.JPEG,n03908714,710,710,0.84920245,1,imagenet_c,defocus_blur,1,none
efficientnet_b4,ILSVRC2012_val_00006862.JPEG,n03908714,710,710,0.22553334,1,imagenet_c,defocus_blur,1,none
efficientnet_b4,ILSVRC2012_val_00008499.JPEG,n03908714,710,710,0.4679013,1,imagenet_c,defocus_blur,1,none
efficientnet_b4,ILSVRC2012_val_00008935.JPEG,n03908714,710,710,0.8513084,1,imagenet_c,defocus_blur,1,none
efficientnet_b4,ILSVRC2012_val_00010000.JPEG,n03908714,710,686,0.2667823,0,imagenet_c,defocus_blur,1,none
efficientnet_b4,ILSVRC2012_val_00010751.JPEG,n03908714,710,710,0.4487206,1,imagenet_c,defocus_blur,1,none
efficientnet_b4,ILSVRC2012_val_00011693.JPEG,n03908714,710,710,0.7870413,1,imagenet_c,defocus_blur,1,none
efficientnet_b4,ILSVRC2012_val_00012755.JPEG,n03908714,710,473,0.12988794,0,imagenet_c,defocus_blur,1,none
efficientnet_b4,ILSVRC2012_val_00015411.JPEG,n03908714,710,710,0.1872307,1,imagenet_c,defocus_blur,1,none
efficientnet_b4,ILSVRC2012_val_00016393.JPEG,n03908714,710,710,0.48315218,1,imagenet_c,defocus_blur,1,none
efficientnet_b4,ILSVRC2012_val_00017731.JPEG,n03908714,710,710,0.43934265,1,imagenet_c,defocus_blur,1,none
efficientnet_b4,ILSVRC2012_val_00018044.JPEG,n03908714,710,767,0.22158723,0,imagenet_c,defocus_blur,1,none
efficientnet_b4,ILSVRC2012_val_00021673.JPEG,n03908714,710,674,0.46236593,0,imagenet_c,defocus_blur,1,none
efficientnet_b4,ILSVRC2012_val_00022443.JPEG,n03908714,710,710,0.5894625,1,imagenet_c,defocus_blur,1,none
efficientnet_b4,ILSVRC2012_val_00022879.JPEG,n03908714,710,758,0.19325031,0,imagenet_c,defocus_blur,1,none
efficientnet_b4,ILSVRC2012_val_00023446.JPEG,n03908714,710,710,0.1595576,1,imagenet_c,defocus_blur,1,none
efficientnet_b4,ILSVRC2012_val_00025458.JPEG,n03908714,710,477,0.2513321,0,imagenet_c,defocus_blur,1,none
efficientnet_b4,ILSVRC2012_val_00026806.JPEG,n03908714,710,710,0.5574764,1,imagenet_c,defocus_blur,1,none
efficientnet_b4,ILSVRC2012_val_00027234.JPEG,n03908714,710,710,0.4131567,1,imagenet_c,defocus_blur,1,none
efficientnet_b4,ILSVRC2012_val_00027239.JPEG,n03908714,710,710,0.35392556,1,imagenet_c,defocus_blur,1,none
efficientnet_b4,ILSVRC2012_val_00028958.JPEG,n03908714,710,680,0.36646977,0,imagenet_c,defocus_blur,1,none
efficientnet_b4,ILSVRC2012_val_00029113.JPEG,n03908714,710,608,0.091280535,0,imagenet_c,defocus_blur,1,none
efficientnet_b4,ILSVRC2012_val_00030214.JPEG,n03908714,710,710,0.22623827,1,imagenet_c,defocus_blur,1,none
efficientnet_b4,ILSVRC2012_val_00030805.JPEG,n03908714,710,710,0.8886099,1,imagenet_c,defocus_blur,1,none
efficientnet_b4,ILSVRC2012_val_00030855.JPEG,n03908714,710,710,0.6588654,1,imagenet_c,defocus_blur,1,none
efficientnet_b4,ILSVRC2012_val_00031975.JPEG,n03908714,710,696,0.066296786,0,imagenet_c,defocus_blur,1,none
efficientnet_b4,ILSVRC2012_val_00032450.JPEG,n03908714,710,710,0.19214903,1,imagenet_c,defocus_blur,1,none
efficientnet_b4,ILSVRC2012_val_00034235.JPEG,n03908714,710,626,0.056521412,0,imagenet_c,defocus_blur,1,none
efficientnet_b4,ILSVRC2012_val_00034319.JPEG,n03908714,710,710,0.028565763,1,imagenet_c,defocus_blur,1,none
efficientnet_b4,ILSVRC2012_val_00034380.JPEG,n03908714,710,710,0.124553315,1,imagenet_c,defocus_blur,1,none
efficientnet_b4,ILSVRC2012_val_00034483.JPEG,n03908714,710,763,0.1620051,0,imagenet_c,defocus_blur,1,none
efficientnet_b4,ILSVRC2012_val_00036156.JPEG,n03908714,710,709,0.086609505,0,imagenet_c,defocus_blur,1,none
efficientnet_b4,ILSVRC2012_val_00036558.JPEG,n03908714,710,749,0.24622327,0,imagenet_c,defocus_blur,1,none
efficientnet_b4,ILSVRC2012_val_00036946.JPEG,n03908714,710,891,0.32301277,0,imagenet_c,defocus_blur,1,none
efficientnet_b4,ILSVRC2012_val_00037769.JPEG,n03908714,710,710,0.53249115,1,imagenet_c,defocus_blur,1,none
efficientnet_b4,ILSVRC2012_val_00039820.JPEG,n03908714,710,666,0.07416584,0,imagenet_c,defocus_blur,1,none
efficientnet_b4,ILSVRC2012_val_00040943.JPEG,n03908714,710,767,0.3117526,0,imagenet_c,defocus_blur,1,none
efficientnet_b4,ILSVRC2012_val_00041362.JPEG,n03908714,710,587,0.11695815,0,imagenet_c,defocus_blur,1,none
efficientnet_b4,ILSVRC2012_val_00041868.JPEG,n03908714,710,767,0.083779775,0,imagenet_c,defocus_blur,1,none
efficientnet_b4,ILSVRC2012_val_00042031.JPEG,n03908714,710,767,0.4285799,0,imagenet_c,defocus_blur,1,none
efficientnet_b4,ILSVRC2012_val_00043654.JPEG,n03908714,710,767,0.2206988,0,imagenet_c,defocus_blur,1,none
efficientnet_b4,ILSVRC2012_val_00045637.JPEG,n03908714,710,710,0.41158232,1,imagenet_c,defocus_blur,1,none
efficientnet_b4,ILSVRC2012_val_00046070.JPEG,n03908714,710,767,0.41996437,0,imagenet_c,defocus_blur,1,none
efficientnet_b4,ILSVRC2012_val_00046227.JPEG,n03908714,710,710,0.46159062,1,imagenet_c,defocus_blur,1,none
efficientnet_b4,ILSVRC2012_val_00046578.JPEG,n03908714,710,509,0.08439447,0,imagenet_c,defocus_blur,1,none
efficientnet_b4,ILSVRC2012_val_00048136.JPEG,n03908714,710,710,0.7173753,1,imagenet_c,defocus_blur,1,none
efficientnet_b4,ILSVRC2012_val_00048214.JPEG,n03908714,710,710,0.8651658,1,imagenet_c,defocus_blur,1,none
efficientnet_b4,ILSVRC2012_val_00049814.JPEG,n03908714,710,710,0.17592534,1,imagenet_c,defocus_blur,1,none
efficientnet_b4,ILSVRC2012_val_00001754.JPEG,n03916031,711,711,0.61027783,1,imagenet_c,defocus_blur,1,none
efficientnet_b4,ILSVRC2012_val_00003877.JPEG,n03916031,711,711,0.34751514,1,imagenet_c,defocus_blur,1,none
efficientnet_b4,ILSVRC2012_val_00004934.JPEG,n03916031,711,711,0.27957377,1,imagenet_c,defocus_blur,1,none
efficientnet_b4,ILSVRC2012_val_00005003.JPEG,n03916031,711,711,0.548729,1,imagenet_c,defocus_blur,1,none
efficientnet_b4,ILSVRC2012_val_00006249.JPEG,n03916031,711,503,0.2611796,0,imagenet_c,defocus_blur,1,none
efficientnet_b4,ILSVRC2012_val_00007074.JPEG,n03916031,711,838,0.41159827,0,imagenet_c,defocus_blur,1,none
efficientnet_b4,ILSVRC2012_val_00007814.JPEG,n03916031,711,631,0.47267064,0,imagenet_c,defocus_blur,1,none
efficientnet_b4,ILSVRC2012_val_00007864.JPEG,n03916031,711,626,0.24970263,0,imagenet_c,defocus_blur,1,none
efficientnet_b4,ILSVRC2012_val_00008242.JPEG,n03916031,711,631,0.40215102,0,imagenet_c,defocus_blur,1,none
efficientnet_b4,ILSVRC2012_val_00008485.JPEG,n03916031,711,631,0.08111594,0,imagenet_c,defocus_blur,1,none
efficientnet_b4,ILSVRC2012_val_00010916.JPEG,n03916031,711,838,0.37531748,0,imagenet_c,defocus_blur,1,none
efficientnet_b4,ILSVRC2012_val_00011335.JPEG,n03916031,711,838,0.31004137,0,imagenet_c,defocus_blur,1,none
efficientnet_b4,ILSVRC2012_val_00013585.JPEG,n03916031,711,846,0.12721223,0,imagenet_c,defocus_blur,1,none
efficientnet_b4,ILSVRC2012_val_00014175.JPEG,n03916031,711,503,0.40538535,0,imagenet_c,defocus_blur,1,none
efficientnet_b4,ILSVRC2012_val_00014886.JPEG,n03916031,711,711,0.28401268,1,imagenet_c,defocus_blur,1,none
efficientnet_b4,ILSVRC2012_val_00018707.JPEG,n03916031,711,711,0.51412296,1,imagenet_c,defocus_blur,1,none
efficientnet_b4,ILSVRC2012_val_00021129.JPEG,n03916031,711,585,0.2893831,0,imagenet_c,defocus_blur,1,none
efficientnet_b4,ILSVRC2012_val_00021710.JPEG,n03916031,711,711,0.15377736,1,imagenet_c,defocus_blur,1,none
efficientnet_b4,ILSVRC2012_val_00021789.JPEG,n03916031,711,409,0.54929113,0,imagenet_c,defocus_blur,1,none
efficientnet_b4,ILSVRC2012_val_00021942.JPEG,n03916031,711,907,0.05940139,0,imagenet_c,defocus_blur,1,none
efficientnet_b4,ILSVRC2012_val_00022326.JPEG,n03916031,711,584,0.13899682,0,imagenet_c,defocus_blur,1,none
efficientnet_b4,ILSVRC2012_val_00022400.JPEG,n03916031,711,711,0.34580046,1,imagenet_c,defocus_blur,1,none
efficientnet_b4,ILSVRC2012_val_00023872.JPEG,n03916031,711,711,0.37763798,1,imagenet_c,defocus_blur,1,none
efficientnet_b4,ILSVRC2012_val_00024293.JPEG,n03916031,711,711,0.4333244,1,imagenet_c,defocus_blur,1,none
efficientnet_b4,ILSVRC2012_val_00024408.JPEG,n03916031,711,463,0.30375466,0,imagenet_c,defocus_blur,1,none
efficientnet_b4,ILSVRC2012_val_00026033.JPEG,n03916031,711,711,0.42153046,1,imagenet_c,defocus_blur,1,none
efficientnet_b4,ILSVRC2012_val_00026846.JPEG,n03916031,711,711,0.55667895,1,imagenet_c,defocus_blur,1,none
efficientnet_b4,ILSVRC2012_val_00028136.JPEG,n03916031,711,711,0.14887679,1,imagenet_c,defocus_blur,1,none
efficientnet_b4,ILSVRC2012_val_00029383.JPEG,n03916031,711,626,0.42300743,0,imagenet_c,defocus_blur,1,none
efficientnet_b4,ILSVRC2012_val_00029995.JPEG,n03916031,711,838,0.24444947,0,imagenet_c,defocus_blur,1,none
efficientnet_b4,ILSVRC2012_val_00032845.JPEG,n03916031,711,631,0.27136537,0,imagenet_c,defocus_blur,1,none
efficientnet_b4,ILSVRC2012_val_00035878.JPEG,n03916031,711,761,0.19176903,0,imagenet_c,defocus_blur,1,none
efficientnet_b4,ILSVRC2012_val_00037241.JPEG,n03916031,711,631,0.3402547,0,imagenet_c,defocus_blur,1,none
efficientnet_b4,ILSVRC2012_val_00037575.JPEG,n03916031,711,711,0.5510206,1,imagenet_c,defocus_blur,1,none
efficientnet_b4,ILSVRC2012_val_00037937.JPEG,n03916031,711,409,0.15299922,0,imagenet_c,defocus_blur,1,none
efficientnet_b4,ILSVRC2012_val_00038980.JPEG,n03916031,711,711,0.44319037,1,imagenet_c,defocus_blur,1,none
efficientnet_b4,ILSVRC2012_val_00040879.JPEG,n03916031,711,711,0.47117043,1,imagenet_c,defocus_blur,1,none
efficientnet_b4,ILSVRC2012_val_00041515.JPEG,n03916031,711,711,0.35910395,1,imagenet_c,defocus_blur,1,none
efficientnet_b4,ILSVRC2012_val_00042837.JPEG,n03916031,711,631,0.32980248,0,imagenet_c,defocus_blur,1,none
efficientnet_b4,ILSVRC2012_val_00042976.JPEG,n03916031,711,711,0.16499847,1,imagenet_c,defocus_blur,1,none
efficientnet_b4,ILSVRC2012_val_00043190.JPEG,n03916031,711,485,0.22386606,0,imagenet_c,defocus_blur,1,none
efficientnet_b4,ILSVRC2012_val_00043352.JPEG,n03916031,711,631,0.5253494,0,imagenet_c,defocus_blur,1,none
efficientnet_b4,ILSVRC2012_val_00043438.JPEG,n03916031,711,631,0.21954796,0,imagenet_c,defocus_blur,1,none
efficientnet_b4,ILSVRC2012_val_00043495.JPEG,n03916031,711,711,0.37506658,1,imagenet_c,defocus_blur,1,none
efficientnet_b4,ILSVRC2012_val_00045360.JPEG,n03916031,711,631,0.3157839,0,imagenet_c,defocus_blur,1,none
efficientnet_b4,ILSVRC2012_val_00045777.JPEG,n03916031,711,680,0.5125723,0,imagenet_c,defocus_blur,1,none
efficientnet_b4,ILSVRC2012_val_00046442.JPEG,n03916031,711,631,0.35872385,0,imagenet_c,defocus_blur,1,none
efficientnet_b4,ILSVRC2012_val_00046577.JPEG,n03916031,711,711,0.6070379,1,imagenet_c,defocus_blur,1,none
efficientnet_b4,ILSVRC2012_val_00047385.JPEG,n03916031,711,711,0.14609914,1,imagenet_c,defocus_blur,1,none
efficientnet_b4,ILSVRC2012_val_00048412.JPEG,n03916031,711,711,0.22047205,1,imagenet_c,defocus_blur,1,none
efficientnet_b4,ILSVRC2012_val_00000465.JPEG,n03920288,712,712,0.24621399,1,imagenet_c,defocus_blur,1,none
efficientnet_b4,ILSVRC2012_val_00000656.JPEG,n03920288,712,712,0.50729746,1,imagenet_c,defocus_blur,1,none
efficientnet_b4,ILSVRC2012_val_00002389.JPEG,n03920288,712,712,0.48108786,1,imagenet_c,defocus_blur,1,none
efficientnet_b4,ILSVRC2012_val_00002704.JPEG,n03920288,712,712,0.33184427,1,imagenet_c,defocus_blur,1,none
efficientnet_b4,ILSVRC2012_val_00003047.JPEG,n03920288,712,551,0.058728736,0,imagenet_c,defocus_blur,1,none
efficientnet_b4,ILSVRC2012_val_00005792.JPEG,n03920288,712,712,0.74804854,1,imagenet_c,defocus_blur,1,none
efficientnet_b4,ILSVRC2012_val_00010300.JPEG,n03920288,712,712,0.66359144,1,imagenet_c,defocus_blur,1,none
efficientnet_b4,ILSVRC2012_val_00010434.JPEG,n03920288,712,712,0.3309535,1,imagenet_c,defocus_blur,1,none
efficientnet_b4,ILSVRC2012_val_00010679.JPEG,n03920288,712,712,0.789476,1,imagenet_c,defocus_blur,1,none
efficientnet_b4,ILSVRC2012_val_00010961.JPEG,n03920288,712,712,0.41880167,1,imagenet_c,defocus_blur,1,none
efficientnet_b4,ILSVRC2012_val_00011763.JPEG,n03920288,712,333,0.052654814,0,imagenet_c,defocus_blur,1,none
efficientnet_b4,ILSVRC2012_val_00012347.JPEG,n03920288,712,712,0.2909446,1,imagenet_c,defocus_blur,1,none
efficientnet_b4,ILSVRC2012_val_00012663.JPEG,n03920288,712,712,0.21574947,1,imagenet_c,defocus_blur,1,none
efficientnet_b4,ILSVRC2012_val_00014355.JPEG,n03920288,712,712,0.31014618,1,imagenet_c,defocus_blur,1,none
efficientnet_b4,ILSVRC2012_val_00014555.JPEG,n03920288,712,712,0.624933,1,imagenet_c,defocus_blur,1,none
efficientnet_b4,ILSVRC2012_val_00014588.JPEG,n03920288,712,712,0.25723726,1,imagenet_c,defocus_blur,1,none
efficientnet_b4,ILSVRC2012_val_00014663.JPEG,n03920288,712,712,0.77227265,1,imagenet_c,defocus_blur,1,none
efficientnet_b4,ILSVRC2012_val_00015532.JPEG,n03920288,712,712,0.5746938,1,imagenet_c,defocus_blur,1,none
efficientnet_b4,ILSVRC2012_val_00015865.JPEG,n03920288,712,712,0.56658596,1,imagenet_c,defocus_blur,1,none
efficientnet_b4,ILSVRC2012_val_00015939.JPEG,n03920288,712,712,0.6938785,1,imagenet_c,defocus_blur,1,none
efficientnet_b4,ILSVRC2012_val_00016754.JPEG,n03920288,712,712,0.36102265,1,imagenet_c,defocus_blur,1,none
efficientnet_b4,ILSVRC2012_val_00018533.JPEG,n03920288,712,617,0.135958,0,imagenet_c,defocus_blur,1,none
efficientnet_b4,ILSVRC2012_val_00019938.JPEG,n03920288,712,712,0.459791,1,imagenet_c,defocus_blur,1,none
efficientnet_b4,ILSVRC2012_val_00021453.JPEG,n03920288,712,729,0.4713703,0,imagenet_c,defocus_blur,1,none
efficientnet_b4,ILSVRC2012_val_00023165.JPEG,n03920288,712,969,0.20437413,0,imagenet_c,defocus_blur,1,none
efficientnet_b4,ILSVRC2012_val_00023452.JPEG,n03920288,712,107,0.3732836,0,imagenet_c,defocus_blur,1,none
efficientnet_b4,ILSVRC2012_val_00023466.JPEG,n03920288,712,883,0.1942916,0,imagenet_c,defocus_blur,1,none
efficientnet_b4,ILSVRC2012_val_00024971.JPEG,n03920288,712,712,0.9187067,1,imagenet_c,defocus_blur,1,none
efficientnet_b4,ILSVRC2012_val_00026710.JPEG,n03920288,712,712,0.69353855,1,imagenet_c,defocus_blur,1,none
efficientnet_b4,ILSVRC2012_val_00026927.JPEG,n03920288,712,712,0.08313604,1,imagenet_c,defocus_blur,1,none
efficientnet_b4,ILSVRC2012_val_00029067.JPEG,n03920288,712,712,0.23838034,1,imagenet_c,defocus_blur,1,none
efficientnet_b4,ILSVRC2012_val_00030325.JPEG,n03920288,712,712,0.41777322,1,imagenet_c,defocus_blur,1,none
efficientnet_b4,ILSVRC2012_val_00032717.JPEG,n03920288,712,739,0.32223246,0,imagenet_c,defocus_blur,1,none
efficientnet_b4,ILSVRC2012_val_00033879.JPEG,n03920288,712,712,0.49144533,1,imagenet_c,defocus_blur,1,none
efficientnet_b4,ILSVRC2012_val_00034145.JPEG,n03920288,712,712,0.36757427,1,imagenet_c,defocus_blur,1,none
efficientnet_b4,ILSVRC2012_val_00035034.JPEG,n03920288,712,563,0.048676815,0,imagenet_c,defocus_blur,1,none
efficientnet_b4,ILSVRC2012_val_00035043.JPEG,n03920288,712,647,0.31716082,0,imagenet_c,defocus_blur,1,none
efficientnet_b4,ILSVRC2012_val_00036028.JPEG,n03920288,712,712,0.2975535,1,imagenet_c,defocus_blur,1,none
efficientnet_b4,ILSVRC2012_val_00036089.JPEG,n03920288,712,712,0.57390183,1,imagenet_c,defocus_blur,1,none
efficientnet_b4,ILSVRC2012_val_00036928.JPEG,n03920288,712,712,0.5654746,1,imagenet_c,defocus_blur,1,none
efficientnet_b4,ILSVRC2012_val_00037018.JPEG,n03920288,712,712,0.6315035,1,imagenet_c,defocus_blur,1,none
efficientnet_b4,ILSVRC2012_val_00039324.JPEG,n03920288,712,712,0.39854163,1,imagenet_c,defocus_blur,1,none
efficientnet_b4,ILSVRC2012_val_00042149.JPEG,n03920288,712,712,0.5047936,1,imagenet_c,defocus_blur,1,none
efficientnet_b4,ILSVRC2012_val_00042530.JPEG,n03920288,712,427,0.07158576,0,imagenet_c,defocus_blur,1,none
efficientnet_b4,ILSVRC2012_val_00043980.JPEG,n03920288,712,712,0.20549558,1,imagenet_c,defocus_blur,1,none
efficientnet_b4,ILSVRC2012_val_00047393.JPEG,n03920288,712,712,0.18456219,1,imagenet_c,defocus_blur,1,none
efficientnet_b4,ILSVRC2012_val_00048558.JPEG,n03920288,712,712,0.51487744,1,imagenet_c,defocus_blur,1,none
efficientnet_b4,ILSVRC2012_val_00048857.JPEG,n03920288,712,712,0.6308327,1,imagenet_c,defocus_blur,1,none
efficientnet_b4,ILSVRC2012_val_00049112.JPEG,n03920288,712,966,0.098639704,0,imagenet_c,defocus_blur,1,none
efficientnet_b4,ILSVRC2012_val_00049600.JPEG,n03920288,712,712,0.7235277,1,imagenet_c,defocus_blur,1,none
efficientnet_b4,ILSVRC2012_val_00000489.JPEG,n03924679,713,713,0.73151463,1,imagenet_c,defocus_blur,1,none
efficientnet_b4,ILSVRC2012_val_00002287.JPEG,n03924679,713,713,0.6595828,1,imagenet_c,defocus_blur,1,none
efficientnet_b4,ILSVRC2012_val_00003065.JPEG,n03924679,713,713,0.5690128,1,imagenet_c,defocus_blur,1,none
efficientnet_b4,ILSVRC2012_val_00003366.JPEG,n03924679,713,713,0.6152245,1,imagenet_c,defocus_blur,1,none
efficientnet_b4,ILSVRC2012_val_00005015.JPEG,n03924679,713,713,0.63276964,1,imagenet_c,defocus_blur,1,none
efficientnet_b4,ILSVRC2012_val_00005589.JPEG,n03924679,713,713,0.7279365,1,imagenet_c,defocus_blur,1,none
efficientnet_b4,ILSVRC2012_val_00006117.JPEG,n03924679,713,713,0.5068322,1,imagenet_c,defocus_blur,1,none
efficientnet_b4,ILSVRC2012_val_00008983.JPEG,n03924679,713,713,0.64757586,1,imagenet_c,defocus_blur,1,none
efficientnet_b4,ILSVRC2012_val_00009835.JPEG,n03924679,713,713,0.5748393,1,imagenet_c,defocus_blur,1,none
efficientnet_b4,ILSVRC2012_val_00010646.JPEG,n03924679,713,713,0.559259,1,imagenet_c,defocus_blur,1,none
efficientnet_b4,ILSVRC2012_val_00013073.JPEG,n03924679,713,713,0.5822576,1,imagenet_c,defocus_blur,1,none
efficientnet_b4,ILSVRC2012_val_00013830.JPEG,n03924679,713,713,0.71533674,1,imagenet_c,defocus_blur,1,none
efficientnet_b4,ILSVRC2012_val_00014276.JPEG,n03924679,713,713,0.5995949,1,imagenet_c,defocus_blur,1,none
efficientnet_b4,ILSVRC2012_val_00015449.JPEG,n03924679,713,742,0.45806658,0,imagenet_c,defocus_blur,1,none
efficientnet_b4,ILSVRC2012_val_00016983.JPEG,n03924679,713,713,0.52610445,1,imagenet_c,defocus_blur,1,none
efficientnet_b4,ILSVRC2012_val_00017435.JPEG,n03924679,713,713,0.8049212,1,imagenet_c,defocus_blur,1,none
efficientnet_b4,ILSVRC2012_val_00017906.JPEG,n03924679,713,713,0.5445574,1,imagenet_c,defocus_blur,1,none
efficientnet_b4,ILSVRC2012_val_00022349.JPEG,n03924679,713,713,0.74356467,1,imagenet_c,defocus_blur,1,none
efficientnet_b4,ILSVRC2012_val_00022627.JPEG,n03924679,713,713,0.64889365,1,imagenet_c,defocus_blur,1,none
efficientnet_b4,ILSVRC2012_val_00022650.JPEG,n03924679,713,713,0.63098514,1,imagenet_c,defocus_blur,1,none
efficientnet_b4,ILSVRC2012_val_00024977.JPEG,n03924679,713,713,0.39770335,1,imagenet_c,defocus_blur,1,none
efficientnet_b4,ILSVRC2012_val_00026114.JPEG,n03924679,713,713,0.69726324,1,imagenet_c,defocus_blur,1,none
efficientnet_b4,ILSVRC2012_val_00026874.JPEG,n03924679,713,713,0.48803023,1,imagenet_c,defocus_blur,1,none
efficientnet_b4,ILSVRC2012_val_00027967.JPEG,n03924679,713,713,0.5227322,1,imagenet_c,defocus_blur,1,none
efficientnet_b4,ILSVRC2012_val_00030853.JPEG,n03924679,713,713,0.6475017,1,imagenet_c,defocus_blur,1,none
efficientnet_b4,ILSVRC2012_val_00031353.JPEG,n03924679,713,713,0.5217346,1,imagenet_c,defocus_blur,1,none
efficientnet_b4,ILSVRC2012_val_00031796.JPEG,n03924679,713,713,0.4455243,1,imagenet_c,defocus_blur,1,none
efficientnet_b4,ILSVRC2012_val_00032809.JPEG,n03924679,713,713,0.2544191,1,imagenet_c,defocus_blur,1,none
efficientnet_b4,ILSVRC2012_val_00033129.JPEG,n03924679,713,713,0.3582563,1,imagenet_c,defocus_blur,1,none
efficientnet_b4,ILSVRC2012_val_00036130.JPEG,n03924679,713,713,0.61125845,1,imagenet_c,defocus_blur,1,none
efficientnet_b4,ILSVRC2012_val_00036487.JPEG,n03924679,713,713,0.6869841,1,imagenet_c,defocus_blur,1,none
efficientnet_b4,ILSVRC2012_val_00037742.JPEG,n03924679,713,713,0.6027434,1,imagenet_c,defocus_blur,1,none
efficientnet_b4,ILSVRC2012_val_00038222.JPEG,n03924679,713,713,0.73109907,1,imagenet_c,defocus_blur,1,none
efficientnet_b4,ILSVRC2012_val_00038560.JPEG,n03924679,713,713,0.6326882,1,imagenet_c,defocus_blur,1,none
efficientnet_b4,ILSVRC2012_val_00038997.JPEG,n03924679,713,713,0.7112715,1,imagenet_c,defocus_blur,1,none
efficientnet_b4,ILSVRC2012_val_00039483.JPEG,n03924679,713,713,0.6413163,1,imagenet_c,defocus_blur,1,none
efficientnet_b4,ILSVRC2012_val_00040883.JPEG,n03924679,713,713,0.49118128,1,imagenet_c,defocus_blur,1,none
efficientnet_b4,ILSVRC2012_val_00041105.JPEG,n03924679,713,713,0.6812755,1,imagenet_c,defocus_blur,1,none
efficientnet_b4,ILSVRC2012_val_00043525.JPEG,n03924679,713,713,0.49262398,1,imagenet_c,defocus_blur,1,none
efficientnet_b4,ILSVRC2012_val_00043540.JPEG,n03924679,713,713,0.61452806,1,imagenet_c,defocus_blur,1,none
efficientnet_b4,ILSVRC2012_val_00044163.JPEG,n03924679,713,713,0.64962405,1,imagenet_c,defocus_blur,1,none
efficientnet_b4,ILSVRC2012_val_00044214.JPEG,n03924679,713,713,0.6442716,1,imagenet_c,defocus_blur,1,none
efficientnet_b4,ILSVRC2012_val_00044366.JPEG,n03924679,713,713,0.6913964,1,imagenet_c,defocus_blur,1,none
efficientnet_b4,ILSVRC2012_val_00044576.JPEG,n03924679,713,713,0.57626885,1,imagenet_c,defocus_blur,1,none
efficientnet_b4,ILSVRC2012_val_00047607.JPEG,n03924679,713,713,0.6548864,1,imagenet_c,defocus_blur,1,none
efficientnet_b4,ILSVRC2012_val_00047747.JPEG,n03924679,713,713,0.6474276,1,imagenet_c,defocus_blur,1,none
efficientnet_b4,ILSVRC2012_val_00047756.JPEG,n03924679,713,713,0.64623535,1,imagenet_c,defocus_blur,1,none
efficientnet_b4,ILSVRC2012_val_00047876.JPEG,n03924679,713,713,0.6215671,1,imagenet_c,defocus_blur,1,none
efficientnet_b4,ILSVRC2012_val_00048387.JPEG,n03924679,713,713,0.700669,1,imagenet_c,defocus_blur,1,none
efficientnet_b4,ILSVRC2012_val_00049449.JPEG,n03924679,713,713,0.6490796,1,imagenet_c,defocus_blur,1,none
efficientnet_b4,ILSVRC2012_val_00001365.JPEG,n03929660,714,714,0.5106534,1,imagenet_c,defocus_blur,1,none
efficientnet_b4,ILSVRC2012_val_00004035.JPEG,n03929660,714,402,0.48821673,0,imagenet_c,defocus_blur,1,none
efficientnet_b4,ILSVRC2012_val_00006263.JPEG,n03929660,714,714,0.68518853,1,imagenet_c,defocus_blur,1,none
efficientnet_b4,ILSVRC2012_val_00006496.JPEG,n03929660,714,714,0.4761519,1,imagenet_c,defocus_blur,1,none
efficientnet_b4,ILSVRC2012_val_00006794.JPEG,n03929660,714,714,0.71941143,1,imagenet_c,defocus_blur,1,none
efficientnet_b4,ILSVRC2012_val_00008406.JPEG,n03929660,714,402,0.2631412,0,imagenet_c,defocus_blur,1,none
efficientnet_b4,ILSVRC2012_val_00008948.JPEG,n03929660,714,714,0.5460857,1,imagenet_c,defocus_blur,1,none
efficientnet_b4,ILSVRC2012_val_00008974.JPEG,n03929660,714,714,0.6523533,1,imagenet_c,defocus_blur,1,none
efficientnet_b4,ILSVRC2012_val_00010529.JPEG,n03929660,714,714,0.60729784,1,imagenet_c,defocus_blur,1,none
efficientnet_b4,ILSVRC2012_val_00012300.JPEG,n03929660,714,714,0.58913475,1,imagenet_c,defocus_blur,1,none
efficientnet_b4,ILSVRC2012_val_00013780.JPEG,n03929660,714,402,0.5991376,0,imagenet_c,defocus_blur,1,none
efficientnet_b4,ILSVRC2012_val_00015320.JPEG,n03929660,714,714,0.5467304,1,imagenet_c,defocus_blur,1,none
efficientnet_b4,ILSVRC2012_val_00016224.JPEG,n03929660,714,714,0.4933817,1,imagenet_c,defocus_blur,1,none
efficientnet_b4,ILSVRC2012_val_00018730.JPEG,n03929660,714,696,0.04064484,0,imagenet_c,defocus_blur,1,none
efficientnet_b4,ILSVRC2012_val_00019292.JPEG,n03929660,714,714,0.7109087,1,imagenet_c,defocus_blur,1,none
efficientnet_b4,ILSVRC2012_val_00020351.JPEG,n03929660,714,714,0.65282416,1,imagenet_c,defocus_blur,1,none
efficientnet_b4,ILSVRC2012_val_00022149.JPEG,n03929660,714,635,0.16144127,0,imagenet_c,defocus_blur,1,none
efficientnet_b4,ILSVRC2012_val_00022410.JPEG,n03929660,714,714,0.483791,1,imagenet_c,defocus_blur,1,none
efficientnet_b4,ILSVRC2012_val_00022728.JPEG,n03929660,714,714,0.5756317,1,imagenet_c,defocus_blur,1,none
efficientnet_b4,ILSVRC2012_val_00023130.JPEG,n03929660,714,714,0.63687336,1,imagenet_c,defocus_blur,1,none
efficientnet_b4,ILSVRC2012_val_00023178.JPEG,n03929660,714,714,0.27644882,1,imagenet_c,defocus_blur,1,none
efficientnet_b4,ILSVRC2012_val_00023274.JPEG,n03929660,714,714,0.32812136,1,imagenet_c,defocus_blur,1,none
efficientnet_b4,ILSVRC2012_val_00024209.JPEG,n03929660,714,402,0.35393956,0,imagenet_c,defocus_blur,1,none
efficientnet_b4,ILSVRC2012_val_00024478.JPEG,n03929660,714,714,0.60272455,1,imagenet_c,defocus_blur,1,none
efficientnet_b4,ILSVRC2012_val_00024605.JPEG,n03929660,714,714,0.7068567,1,imagenet_c,defocus_blur,1,none
efficientnet_b4,ILSVRC2012_val_00027002.JPEG,n03929660,714,714,0.51710963,1,imagenet_c,defocus_blur,1,none
efficientnet_b4,ILSVRC2012_val_00029611.JPEG,n03929660,714,714,0.7531091,1,imagenet_c,defocus_blur,1,none
efficientnet_b4,ILSVRC2012_val_00029852.JPEG,n03929660,714,714,0.31769645,1,imagenet_c,defocus_blur,1,none
efficientnet_b4,ILSVRC2012_val_00029992.JPEG,n03929660,714,714,0.48141885,1,imagenet_c,defocus_blur,1,none
efficientnet_b4,ILSVRC2012_val_00030950.JPEG,n03929660,714,714,0.6308087,1,imagenet_c,defocus_blur,1,none
efficientnet_b4,ILSVRC2012_val_00031437.JPEG,n03929660,714,714,0.5281614,1,imagenet_c,defocus_blur,1,none
efficientnet_b4,ILSVRC2012_val_00034800.JPEG,n03929660,714,714,0.48607498,1,imagenet_c,defocus_blur,1,none
efficientnet_b4,ILSVRC2012_val_00035041.JPEG,n03929660,714,714,0.62563807,1,imagenet_c,defocus_blur,1,none
efficientnet_b4,ILSVRC2012_val_00035611.JPEG,n03929660,714,714,0.74578476,1,imagenet_c,defocus_blur,1,none
efficientnet_b4,ILSVRC2012_val_00036513.JPEG,n03929660,714,626,0.08480069,0,imagenet_c,defocus_blur,1,none
efficientnet_b4,ILSVRC2012_val_00036654.JPEG,n03929660,714,714,0.38160157,1,imagenet_c,defocus_blur,1,none
efficientnet_b4,ILSVRC2012_val_00037554.JPEG,n03929660,714,714,0.4570816,1,imagenet_c,defocus_blur,1,none
efficientnet_b4,ILSVRC2012_val_00039317.JPEG,n03929660,714,714,0.09290726,1,imagenet_c,defocus_blur,1,none
efficientnet_b4,ILSVRC2012_val_00041045.JPEG,n03929660,714,714,0.3182445,1,imagenet_c,defocus_blur,1,none
efficientnet_b4,ILSVRC2012_val_00042423.JPEG,n03929660,714,714,0.46680412,1,imagenet_c,defocus_blur,1,none
efficientnet_b4,ILSVRC2012_val_00042580.JPEG,n03929660,714,714,0.549605,1,imagenet_c,defocus_blur,1,none
efficientnet_b4,ILSVRC2012_val_00042856.JPEG,n03929660,714,714,0.57536465,1,imagenet_c,defocus_blur,1,none
efficientnet_b4,ILSVRC2012_val_00043230.JPEG,n03929660,714,714,0.1548033,1,imagenet_c,defocus_blur,1,none
efficientnet_b4,ILSVRC2012_val_00044022.JPEG,n03929660,714,714,0.62722987,1,imagenet_c,defocus_blur,1,none
efficientnet_b4,ILSVRC2012_val_00045390.JPEG,n03929660,714,714,0.580647,1,imagenet_c,defocus_blur,1,none
efficientnet_b4,ILSVRC2012_val_00045447.JPEG,n03929660,714,714,0.58451366,1,imagenet_c,defocus_blur,1,none
efficientnet_b4,ILSVRC2012_val_00045977.JPEG,n03929660,714,714,0.62562,1,imagenet_c,defocus_blur,1,none
efficientnet_b4,ILSVRC2012_val_00046419.JPEG,n03929660,714,855,0.059392054,0,imagenet_c,defocus_blur,1,none
efficientnet_b4,ILSVRC2012_val_00046594.JPEG,n03929660,714,714,0.5362259,1,imagenet_c,defocus_blur,1,none
efficientnet_b4,ILSVRC2012_val_00047770.JPEG,n03929660,714,714,0.30581382,1,imagenet_c,defocus_blur,1,none
efficientnet_b4,ILSVRC2012_val_00000834.JPEG,n03929855,715,715,0.7451386,1,imagenet_c,defocus_blur,1,none
efficientnet_b4,ILSVRC2012_val_00001180.JPEG,n03929855,715,715,0.41087636,1,imagenet_c,defocus_blur,1,none
efficientnet_b4,ILSVRC2012_val_00001261.JPEG,n03929855,715,715,0.1286527,1,imagenet_c,defocus_blur,1,none
efficientnet_b4,ILSVRC2012_val_00001723.JPEG,n03929855,715,439,0.26500788,0,imagenet_c,defocus_blur,1,none
efficientnet_b4,ILSVRC2012_val_00001913.JPEG,n03929855,715,715,0.2962308,1,imagenet_c,defocus_blur,1,none
efficientnet_b4,ILSVRC2012_val_00001994.JPEG,n03929855,715,715,0.26321876,1,imagenet_c,defocus_blur,1,none
efficientnet_b4,ILSVRC2012_val_00002912.JPEG,n03929855,715,715,0.63334775,1,imagenet_c,defocus_blur,1,none
efficientnet_b4,ILSVRC2012_val_00002926.JPEG,n03929855,715,405,0.10538407,0,imagenet_c,defocus_blur,1,none
efficientnet_b4,ILSVRC2012_val_00003281.JPEG,n03929855,715,444,0.19254431,0,imagenet_c,defocus_blur,1,none
efficientnet_b4,ILSVRC2012_val_00005403.JPEG,n03929855,715,715,0.5835092,1,imagenet_c,defocus_blur,1,none
efficientnet_b4,ILSVRC2012_val_00005530.JPEG,n03929855,715,715,0.51867473,1,imagenet_c,defocus_blur,1,none
efficientnet_b4,ILSVRC2012_val_00005773.JPEG,n03929855,715,715,0.21982025,1,imagenet_c,defocus_blur,1,none
efficientnet_b4,ILSVRC2012_val_00010567.JPEG,n03929855,715,652,0.024090016,0,imagenet_c,defocus_blur,1,none
efficientnet_b4,ILSVRC2012_val_00010891.JPEG,n03929855,715,715,0.3749297,1,imagenet_c,defocus_blur,1,none
efficientnet_b4,ILSVRC2012_val_00011192.JPEG,n03929855,715,715,0.6895027,1,imagenet_c,defocus_blur,1,none
efficientnet_b4,ILSVRC2012_val_00011801.JPEG,n03929855,715,715,0.755258,1,imagenet_c,defocus_blur,1,none
efficientnet_b4,ILSVRC2012_val_00011883.JPEG,n03929855,715,715,0.372236,1,imagenet_c,defocus_blur,1,none
efficientnet_b4,ILSVRC2012_val_00013102.JPEG,n03929855,715,715,0.3776459,1,imagenet_c,defocus_blur,1,none
efficientnet_b4,ILSVRC2012_val_00013575.JPEG,n03929855,715,715,0.7123842,1,imagenet_c,defocus_blur,1,none
efficientnet_b4,ILSVRC2012_val_00014938.JPEG,n03929855,715,958,0.014438829,0,imagenet_c,defocus_blur,1,none
efficientnet_b4,ILSVRC2012_val_00017885.JPEG,n03929855,715,439,0.22160368,0,imagenet_c,defocus_blur,1,none
efficientnet_b4,ILSVRC2012_val_00018340.JPEG,n03929855,715,601,0.0494198,0,imagenet_c,defocus_blur,1,none
efficientnet_b4,ILSVRC2012_val_00018444.JPEG,n03929855,715,715,0.8243884,1,imagenet_c,defocus_blur,1,none
efficientnet_b4,ILSVRC2012_val_00018726.JPEG,n03929855,715,715,0.468403,1,imagenet_c,defocus_blur,1,none
efficientnet_b4,ILSVRC2012_val_00018845.JPEG,n03929855,715,715,0.12775575,1,imagenet_c,defocus_blur,1,none
efficientnet_b4,ILSVRC2012_val_00022617.JPEG,n03929855,715,439,0.11794695,0,imagenet_c,defocus_blur,1,none
efficientnet_b4,ILSVRC2012_val_00025618.JPEG,n03929855,715,715,0.53417575,1,imagenet_c,defocus_blur,1,none
efficientnet_b4,ILSVRC2012_val_00027042.JPEG,n03929855,715,715,0.55434734,1,imagenet_c,defocus_blur,1,none
efficientnet_b4,ILSVRC2012_val_00028879.JPEG,n03929855,715,981,0.07853924,0,imagenet_c,defocus_blur,1,none
efficientnet_b4,ILSVRC2012_val_00030707.JPEG,n03929855,715,586,0.029182002,0,imagenet_c,defocus_blur,1,none
efficientnet_b4,ILSVRC2012_val_00032786.JPEG,n03929855,715,715,0.7884949,1,imagenet_c,defocus_blur,1,none
efficientnet_b4,ILSVRC2012_val_00033853.JPEG,n03929855,715,603,0.19906543,0,imagenet_c,defocus_blur,1,none
efficientnet_b4,ILSVRC2012_val_00034359.JPEG,n03929855,715,715,0.67265,1,imagenet_c,defocus_blur,1,none
efficientnet_b4,ILSVRC2012_val_00034396.JPEG,n03929855,715,715,0.65981853,1,imagenet_c,defocus_blur,1,none
efficientnet_b4,ILSVRC2012_val_00035355.JPEG,n03929855,715,715,0.57344735,1,imagenet_c,defocus_blur,1,none
efficientnet_b4,ILSVRC2012_val_00037737.JPEG,n03929855,715,715,0.60712785,1,imagenet_c,defocus_blur,1,none
efficientnet_b4,ILSVRC2012_val_00038444.JPEG,n03929855,715,715,0.6517113,1,imagenet_c,defocus_blur,1,none
efficientnet_b4,ILSVRC2012_val_00039066.JPEG,n03929855,715,715,0.5875659,1,imagenet_c,defocus_blur,1,none
efficientnet_b4,ILSVRC2012_val_00039387.JPEG,n03929855,715,715,0.49258858,1,imagenet_c,defocus_blur,1,none
efficientnet_b4,ILSVRC2012_val_00040073.JPEG,n03929855,715,715,0.613112,1,imagenet_c,defocus_blur,1,none
efficientnet_b4,ILSVRC2012_val_00040296.JPEG,n03929855,715,715,0.37081206,1,imagenet_c,defocus_blur,1,none
efficientnet_b4,ILSVRC2012_val_00042008.JPEG,n03929855,715,416,0.03646586,0,imagenet_c,defocus_blur,1,none
efficientnet_b4,ILSVRC2012_val_00042651.JPEG,n03929855,715,715,0.50908846,1,imagenet_c,defocus_blur,1,none
efficientnet_b4,ILSVRC2012_val_00042848.JPEG,n03929855,715,715,0.6249918,1,imagenet_c,defocus_blur,1,none
efficientnet_b4,ILSVRC2012_val_00043840.JPEG,n03929855,715,715,0.6544042,1,imagenet_c,defocus_blur,1,none
efficientnet_b4,ILSVRC2012_val_00044109.JPEG,n03929855,715,715,0.3887898,1,imagenet_c,defocus_blur,1,none
efficientnet_b4,ILSVRC2012_val_00045639.JPEG,n03929855,715,715,0.5667584,1,imagenet_c,defocus_blur,1,none
efficientnet_b4,ILSVRC2012_val_00048281.JPEG,n03929855,715,715,0.11714747,1,imagenet_c,defocus_blur,1,none
efficientnet_b4,ILSVRC2012_val_00049368.JPEG,n03929855,715,715,0.79357713,1,imagenet_c,defocus_blur,1,none
efficientnet_b4,ILSVRC2012_val_00049963.JPEG,n03929855,715,671,0.35139975,0,imagenet_c,defocus_blur,1,none
efficientnet_b4,ILSVRC2012_val_00000626.JPEG,n03930313,716,660,0.3148899,0,imagenet_c,defocus_blur,1,none
efficientnet_b4,ILSVRC2012_val_00002026.JPEG,n03930313,716,716,0.19773711,1,imagenet_c,defocus_blur,1,none
efficientnet_b4,ILSVRC2012_val_00002877.JPEG,n03930313,716,716,0.2727783,1,imagenet_c,defocus_blur,1,none
efficientnet_b4,ILSVRC2012_val_00003290.JPEG,n03930313,716,716,0.17498283,1,imagenet_c,defocus_blur,1,none
efficientnet_b4,ILSVRC2012_val_00003651.JPEG,n03930313,716,716,0.37202352,1,imagenet_c,defocus_blur,1,none
efficientnet_b4,ILSVRC2012_val_00004002.JPEG,n03930313,716,791,0.06724075,0,imagenet_c,defocus_blur,1,none
efficientnet_b4,ILSVRC2012_val_00004063.JPEG,n03930313,716,716,0.21823342,1,imagenet_c,defocus_blur,1,none
efficientnet_b4,ILSVRC2012_val_00004610.JPEG,n03930313,716,716,0.46095344,1,imagenet_c,defocus_blur,1,none
efficientnet_b4,ILSVRC2012_val_00004991.JPEG,n03930313,716,716,0.58319235,1,imagenet_c,defocus_blur,1,none
efficientnet_b4,ILSVRC2012_val_00005754.JPEG,n03930313,716,660,0.504125,0,imagenet_c,defocus_blur,1,none
efficientnet_b4,ILSVRC2012_val_00008896.JPEG,n03930313,716,716,0.32184827,1,imagenet_c,defocus_blur,1,none
efficientnet_b4,ILSVRC2012_val_00009043.JPEG,n03930313,716,716,0.5861194,1,imagenet_c,defocus_blur,1,none
efficientnet_b4,ILSVRC2012_val_00010851.JPEG,n03930313,716,716,0.31071472,1,imagenet_c,defocus_blur,1,none
efficientnet_b4,ILSVRC2012_val_00011672.JPEG,n03930313,716,552,0.28508252,0,imagenet_c,defocus_blur,1,none
efficientnet_b4,ILSVRC2012_val_00012022.JPEG,n03930313,716,716,0.75120234,1,imagenet_c,defocus_blur,1,none
efficientnet_b4,ILSVRC2012_val_00012729.JPEG,n03930313,716,716,0.4118355,1,imagenet_c,defocus_blur,1,none
efficientnet_b4,ILSVRC2012_val_00013346.JPEG,n03930313,716,204,0.018733777,0,imagenet_c,defocus_blur,1,none
efficientnet_b4,ILSVRC2012_val_00013952.JPEG,n03930313,716,716,0.70570946,1,imagenet_c,defocus_blur,1,none
efficientnet_b4,ILSVRC2012_val_00015192.JPEG,n03930313,716,716,0.3169415,1,imagenet_c,defocus_blur,1,none
efficientnet_b4,ILSVRC2012_val_00015816.JPEG,n03930313,716,912,0.4043619,0,imagenet_c,defocus_blur,1,none
efficientnet_b4,ILSVRC2012_val_00016097.JPEG,n03930313,716,716,0.4653779,1,imagenet_c,defocus_blur,1,none
efficientnet_b4,ILSVRC2012_val_00018343.JPEG,n03930313,716,716,0.5940012,1,imagenet_c,defocus_blur,1,none
efficientnet_b4,ILSVRC2012_val_00018925.JPEG,n03930313,716,912,0.02225123,0,imagenet_c,defocus_blur,1,none
efficientnet_b4,ILSVRC2012_val_00019213.JPEG,n03930313,716,716,0.3364089,1,imagenet_c,defocus_blur,1,none
efficientnet_b4,ILSVRC2012_val_00019384.JPEG,n03930313,716,716,0.49308214,1,imagenet_c,defocus_blur,1,none
efficientnet_b4,ILSVRC2012_val_00028528.JPEG,n03930313,716,716,0.4310673,1,imagenet_c,defocus_blur,1,none
efficientnet_b4,ILSVRC2012_val_00028774.JPEG,n03930313,716,912,0.13330643,0,imagenet_c,defocus_blur,1,none
efficientnet_b4,ILSVRC2012_val_00029376.JPEG,n03930313,716,716,0.4056484,1,imagenet_c,defocus_blur,1,none
efficientnet_b4,ILSVRC2012_val_00029428.JPEG,n03930313,716,716,0.30195755,1,imagenet_c,defocus_blur,1,none
efficientnet_b4,ILSVRC2012_val_00030935.JPEG,n03930313,716,716,0.2400414,1,imagenet_c,defocus_blur,1,none
efficientnet_b4,ILSVRC2012_val_00031316.JPEG,n03930313,716,716,0.15026625,1,imagenet_c,defocus_blur,1,none
efficientnet_b4,ILSVRC2012_val_00031960.JPEG,n03930313,716,716,0.4100774,1,imagenet_c,defocus_blur,1,none
efficientnet_b4,ILSVRC2012_val_00033400.JPEG,n03930313,716,912,0.23321499,0,imagenet_c,defocus_blur,1,none
efficientnet_b4,ILSVRC2012_val_00033428.JPEG,n03930313,716,716,0.09612067,1,imagenet_c,defocus_blur,1,none
efficientnet_b4,ILSVRC2012_val_00034416.JPEG,n03930313,716,716,0.5838701,1,imagenet_c,defocus_blur,1,none
efficientnet_b4,ILSVRC2012_val_00035769.JPEG,n03930313,716,716,0.09496698,1,imagenet_c,defocus_blur,1,none
efficientnet_b4,ILSVRC2012_val_00040384.JPEG,n03930313,716,716,0.24978341,1,imagenet_c,defocus_blur,1,none
efficientnet_b4,ILSVRC2012_val_00040562.JPEG,n03930313,716,716,0.13509029,1,imagenet_c,defocus_blur,1,none
efficientnet_b4,ILSVRC2012_val_00040905.JPEG,n03930313,716,813,0.13519737,0,imagenet_c,defocus_blur,1,none
efficientnet_b4,ILSVRC2012_val_00042364.JPEG,n03930313,716,497,0.097899966,0,imagenet_c,defocus_blur,1,none
efficientnet_b4,ILSVRC2012_val_00042948.JPEG,n03930313,716,912,0.31869218,0,imagenet_c,defocus_blur,1,none
efficientnet_b4,ILSVRC2012_val_00044015.JPEG,n03930313,716,716,0.44827324,1,imagenet_c,defocus_blur,1,none
efficientnet_b4,ILSVRC2012_val_00044064.JPEG,n03930313,716,101,0.09085592,0,imagenet_c,defocus_blur,1,none
efficientnet_b4,ILSVRC2012_val_00045178.JPEG,n03930313,716,912,0.26420057,0,imagenet_c,defocus_blur,1,none
efficientnet_b4,ILSVRC2012_val_00046309.JPEG,n03930313,716,716,0.43373138,1,imagenet_c,defocus_blur,1,none
efficientnet_b4,ILSVRC2012_val_00046381.JPEG,n03930313,716,716,0.40692085,1,imagenet_c,defocus_blur,1,none
efficientnet_b4,ILSVRC2012_val_00046382.JPEG,n03930313,716,912,0.38887167,0,imagenet_c,defocus_blur,1,none
efficientnet_b4,ILSVRC2012_val_00046441.JPEG,n03930313,716,716,0.33558658,1,imagenet_c,defocus_blur,1,none
efficientnet_b4,ILSVRC2012_val_00047145.JPEG,n03930313,716,716,0.6069393,1,imagenet_c,defocus_blur,1,none
efficientnet_b4,ILSVRC2012_val_00047259.JPEG,n03930313,716,716,0.30241585,1,imagenet_c,defocus_blur,1,none
efficientnet_b4,ILSVRC2012_val_00000049.JPEG,n03930630,717,717,0.13812077,1,imagenet_c,defocus_blur,1,none
efficientnet_b4,ILSVRC2012_val_00001156.JPEG,n03930630,717,717,0.13911341,1,imagenet_c,defocus_blur,1,none
efficientnet_b4,ILSVRC2012_val_00001307.JPEG,n03930630,717,717,0.60125834,1,imagenet_c,defocus_blur,1,none
efficientnet_b4,ILSVRC2012_val_00003080.JPEG,n03930630,717,705,0.13818906,0,imagenet_c,defocus_blur,1,none
efficientnet_b4,ILSVRC2012_val_00007733.JPEG,n03930630,717,660,0.0819361,0,imagenet_c,defocus_blur,1,none
efficientnet_b4,ILSVRC2012_val_00008606.JPEG,n03930630,717,717,0.3129774,1,imagenet_c,defocus_blur,1,none
efficientnet_b4,ILSVRC2012_val_00009098.JPEG,n03930630,717,717,0.50239974,1,imagenet_c,defocus_blur,1,none
efficientnet_b4,ILSVRC2012_val_00010012.JPEG,n03930630,717,717,0.6845789,1,imagenet_c,defocus_blur,1,none
efficientnet_b4,ILSVRC2012_val_00010907.JPEG,n03930630,717,717,0.24222964,1,imagenet_c,defocus_blur,1,none
efficientnet_b4,ILSVRC2012_val_00013435.JPEG,n03930630,717,717,0.4781952,1,imagenet_c,defocus_blur,1,none
efficientnet_b4,ILSVRC2012_val_00013704.JPEG,n03930630,717,717,0.32460332,1,imagenet_c,defocus_blur,1,none
efficientnet_b4,ILSVRC2012_val_00015879.JPEG,n03930630,717,627,0.12192818,0,imagenet_c,defocus_blur,1,none
efficientnet_b4,ILSVRC2012_val_00016098.JPEG,n03930630,717,717,0.18931234,1,imagenet_c,defocus_blur,1,none
efficientnet_b4,ILSVRC2012_val_00017152.JPEG,n03930630,717,717,0.27491313,1,imagenet_c,defocus_blur,1,none
efficientnet_b4,ILSVRC2012_val_00017360.JPEG,n03930630,717,627,0.25690028,0,imagenet_c,defocus_blur,1,none
efficientnet_b4,ILSVRC2012_val_00017538.JPEG,n03930630,717,717,0.39061794,1,imagenet_c,defocus_blur,1,none
efficientnet_b4,ILSVRC2012_val_00017708.JPEG,n03930630,717,704,0.038249794,0,imagenet_c,defocus_blur,1,none
efficientnet_b4,ILSVRC2012_val_00018700.JPEG,n03930630,717,555,0.23278978,0,imagenet_c,defocus_blur,1,none
efficientnet_b4,ILSVRC2012_val_00021802.JPEG,n03930630,717,717,0.35028672,1,imagenet_c,defocus_blur,1,none
efficientnet_b4,ILSVRC2012_val_00022918.JPEG,n03930630,717,717,0.18796101,1,imagenet_c,defocus_blur,1,none
efficientnet_b4,ILSVRC2012_val_00023096.JPEG,n03930630,717,717,0.33873412,1,imagenet_c,defocus_blur,1,none
efficientnet_b4,ILSVRC2012_val_00024317.JPEG,n03930630,717,867,0.22265472,0,imagenet_c,defocus_blur,1,none
efficientnet_b4,ILSVRC2012_val_00025131.JPEG,n03930630,717,717,0.24603707,1,imagenet_c,defocus_blur,1,none
efficientnet_b4,ILSVRC2012_val_00025354.JPEG,n03930630,717,717,0.1622607,1,imagenet_c,defocus_blur,1,none
efficientnet_b4,ILSVRC2012_val_00026079.JPEG,n03930630,717,661,0.5177341,0,imagenet_c,defocus_blur,1,none
efficientnet_b4,ILSVRC2012_val_00026503.JPEG,n03930630,717,661,0.24692537,0,imagenet_c,defocus_blur,1,none
efficientnet_b4,ILSVRC2012_val_00026743.JPEG,n03930630,717,717,0.4031003,1,imagenet_c,defocus_blur,1,none
efficientnet_b4,ILSVRC2012_val_00026922.JPEG,n03930630,717,717,0.2047094,1,imagenet_c,defocus_blur,1,none
efficientnet_b4,ILSVRC2012_val_00027679.JPEG,n03930630,717,468,0.23879798,0,imagenet_c,defocus_blur,1,none
efficientnet_b4,ILSVRC2012_val_00027997.JPEG,n03930630,717,864,0.11510754,0,imagenet_c,defocus_blur,1,none
efficientnet_b4,ILSVRC2012_val_00029046.JPEG,n03930630,717,555,0.52072906,0,imagenet_c,defocus_blur,1,none
efficientnet_b4,ILSVRC2012_val_00029772.JPEG,n03930630,717,408,0.1233764,0,imagenet_c,defocus_blur,1,none
efficientnet_b4,ILSVRC2012_val_00032894.JPEG,n03930630,717,717,0.14239936,1,imagenet_c,defocus_blur,1,none
efficientnet_b4,ILSVRC2012_val_00033589.JPEG,n03930630,717,717,0.46069145,1,imagenet_c,defocus_blur,1,none
efficientnet_b4,ILSVRC2012_val_00034975.JPEG,n03930630,717,803,0.30547157,0,imagenet_c,defocus_blur,1,none
efficientnet_b4,ILSVRC2012_val_00035897.JPEG,n03930630,717,717,0.52911454,1,imagenet_c,defocus_blur,1,none
efficientnet_b4,ILSVRC2012_val_00036504.JPEG,n03930630,717,717,0.3953394,1,imagenet_c,defocus_blur,1,none
efficientnet_b4,ILSVRC2012_val_00037136.JPEG,n03930630,717,717,0.4763294,1,imagenet_c,defocus_blur,1,none
efficientnet_b4,ILSVRC2012_val_00038049.JPEG,n03930630,717,717,0.5874828,1,imagenet_c,defocus_blur,1,none
efficientnet_b4,ILSVRC2012_val_00039120.JPEG,n03930630,717,408,0.20629258,0,imagenet_c,defocus_blur,1,none
efficientnet_b4,ILSVRC2012_val_00039508.JPEG,n03930630,717,717,0.37844107,1,imagenet_c,defocus_blur,1,none
efficientnet_b4,ILSVRC2012_val_00039963.JPEG,n03930630,717,475,0.36927444,0,imagenet_c,defocus_blur,1,none
efficientnet_b4,ILSVRC2012_val_00041314.JPEG,n03930630,717,717,0.22334342,1,imagenet_c,defocus_blur,1,none
efficientnet_b4,ILSVRC2012_val_00044388.JPEG,n03930630,717,660,0.27829906,0,imagenet_c,defocus_blur,1,none
efficientnet_b4,ILSVRC2012_val_00045071.JPEG,n03930630,717,675,0.49380666,0,imagenet_c,defocus_blur,1,none
efficientnet_b4,ILSVRC2012_val_00047595.JPEG,n03930630,717,717,0.6345975,1,imagenet_c,defocus_blur,1,none
efficientnet_b4,ILSVRC2012_val_00047676.JPEG,n03930630,717,717,0.6929168,1,imagenet_c,defocus_blur,1,none
efficientnet_b4,ILSVRC2012_val_00049525.JPEG,n03930630,717,817,0.186131,0,imagenet_c,defocus_blur,1,none
efficientnet_b4,ILSVRC2012_val_00049612.JPEG,n03930630,717,408,0.1968923,0,imagenet_c,defocus_blur,1,none
efficientnet_b4,ILSVRC2012_val_00049789.JPEG,n03930630,717,864,0.34033453,0,imagenet_c,defocus_blur,1,none
efficientnet_b4,ILSVRC2012_val_00000121.JPEG,n03933933,718,912,0.12432191,0,imagenet_c,defocus_blur,1,none
efficientnet_b4,ILSVRC2012_val_00000652.JPEG,n03933933,718,718,0.029472817,1,imagenet_c,defocus_blur,1,none
efficientnet_b4,ILSVRC2012_val_00000702.JPEG,n03933933,718,718,0.29378954,1,imagenet_c,defocus_blur,1,none
efficientnet_b4,ILSVRC2012_val_00001062.JPEG,n03933933,718,821,0.48787174,0,imagenet_c,defocus_blur,1,none
efficientnet_b4,ILSVRC2012_val_00004752.JPEG,n03933933,718,718,0.38080442,1,imagenet_c,defocus_blur,1,none
efficientnet_b4,ILSVRC2012_val_00004802.JPEG,n03933933,718,425,0.053182647,0,imagenet_c,defocus_blur,1,none
efficientnet_b4,ILSVRC2012_val_00006997.JPEG,n03933933,718,978,0.23733146,0,imagenet_c,defocus_blur,1,none
efficientnet_b4,ILSVRC2012_val_00007550.JPEG,n03933933,718,718,0.42005503,1,imagenet_c,defocus_blur,1,none
efficientnet_b4,ILSVRC2012_val_00010358.JPEG,n03933933,718,718,0.59441656,1,imagenet_c,defocus_blur,1,none
efficientnet_b4,ILSVRC2012_val_00014898.JPEG,n03933933,718,743,0.6831834,0,imagenet_c,defocus_blur,1,none
efficientnet_b4,ILSVRC2012_val_00018222.JPEG,n03933933,718,718,0.5116968,1,imagenet_c,defocus_blur,1,none
efficientnet_b4,ILSVRC2012_val_00018475.JPEG,n03933933,718,839,0.5455086,0,imagenet_c,defocus_blur,1,none
efficientnet_b4,ILSVRC2012_val_00018594.JPEG,n03933933,718,403,0.21073027,0,imagenet_c,defocus_blur,1,none
efficientnet_b4,ILSVRC2012_val_00018996.JPEG,n03933933,718,718,0.15340176,1,imagenet_c,defocus_blur,1,none
efficientnet_b4,ILSVRC2012_val_00020648.JPEG,n03933933,718,871,0.06417735,0,imagenet_c,defocus_blur,1,none
efficientnet_b4,ILSVRC2012_val_00022899.JPEG,n03933933,718,821,0.26343304,0,imagenet_c,defocus_blur,1,none
efficientnet_b4,ILSVRC2012_val_00023136.JPEG,n03933933,718,718,0.081700675,1,imagenet_c,defocus_blur,1,none
efficientnet_b4,ILSVRC2012_val_00024181.JPEG,n03933933,718,718,0.10901735,1,imagenet_c,defocus_blur,1,none
efficientnet_b4,ILSVRC2012_val_00026135.JPEG,n03933933,718,821,0.25025502,0,imagenet_c,defocus_blur,1,none
efficientnet_b4,ILSVRC2012_val_00026844.JPEG,n03933933,718,718,0.33888534,1,imagenet_c,defocus_blur,1,none
efficientnet_b4,ILSVRC2012_val_00029034.JPEG,n03933933,718,718,0.31467885,1,imagenet_c,defocus_blur,1,none
efficientnet_b4,ILSVRC2012_val_00029602.JPEG,n03933933,718,718,0.4995798,1,imagenet_c,defocus_blur,1,none
efficientnet_b4,ILSVRC2012_val_00030150.JPEG,n03933933,718,718,0.54927224,1,imagenet_c,defocus_blur,1,none
efficientnet_b4,ILSVRC2012_val_00030498.JPEG,n03933933,718,574,0.09596975,0,imagenet_c,defocus_blur,1,none
efficientnet_b4,ILSVRC2012_val_00031244.JPEG,n03933933,718,718,0.20788024,1,imagenet_c,defocus_blur,1,none
efficientnet_b4,ILSVRC2012_val_00032204.JPEG,n03933933,718,718,0.50140256,1,imagenet_c,defocus_blur,1,none
efficientnet_b4,ILSVRC2012_val_00033399.JPEG,n03933933,718,536,0.11315694,0,imagenet_c,defocus_blur,1,none
efficientnet_b4,ILSVRC2012_val_00033591.JPEG,n03933933,718,718,0.66926515,1,imagenet_c,defocus_blur,1,none
efficientnet_b4,ILSVRC2012_val_00034480.JPEG,n03933933,718,460,0.24610786,0,imagenet_c,defocus_blur,1,none
efficientnet_b4,ILSVRC2012_val_00037777.JPEG,n03933933,718,718,0.71718717,1,imagenet_c,defocus_blur,1,none
efficientnet_b4,ILSVRC2012_val_00038172.JPEG,n03933933,718,718,0.23016772,1,imagenet_c,defocus_blur,1,none
efficientnet_b4,ILSVRC2012_val_00039031.JPEG,n03933933,718,718,0.6140916,1,imagenet_c,defocus_blur,1,none
efficientnet_b4,ILSVRC2012_val_00040499.JPEG,n03933933,718,718,0.12776779,1,imagenet_c,defocus_blur,1,none
efficientnet_b4,ILSVRC2012_val_00040544.JPEG,n03933933,718,718,0.40126777,1,imagenet_c,defocus_blur,1,none
efficientnet_b4,ILSVRC2012_val_00040927.JPEG,n03933933,718,718,0.066291064,1,imagenet_c,defocus_blur,1,none
efficientnet_b4,ILSVRC2012_val_00040978.JPEG,n03933933,718,888,0.5173604,0,imagenet_c,defocus_blur,1,none
efficientnet_b4,ILSVRC2012_val_00041214.JPEG,n03933933,718,718,0.413297,1,imagenet_c,defocus_blur,1,none
efficientnet_b4,ILSVRC2012_val_00041992.JPEG,n03933933,718,839,0.5732852,0,imagenet_c,defocus_blur,1,none
efficientnet_b4,ILSVRC2012_val_00042285.JPEG,n03933933,718,718,0.41674474,1,imagenet_c,defocus_blur,1,none
efficientnet_b4,ILSVRC2012_val_00043682.JPEG,n03933933,718,718,0.28409258,1,imagenet_c,defocus_blur,1,none
efficientnet_b4,ILSVRC2012_val_00043832.JPEG,n03933933,718,718,0.40581593,1,imagenet_c,defocus_blur,1,none
efficientnet_b4,ILSVRC2012_val_00043955.JPEG,n03933933,718,888,0.18420126,0,imagenet_c,defocus_blur,1,none
efficientnet_b4,ILSVRC2012_val_00044018.JPEG,n03933933,718,718,0.64859664,1,imagenet_c,defocus_blur,1,none
efficientnet_b4,ILSVRC2012_val_00044458.JPEG,n03933933,718,718,0.29036933,1,imagenet_c,defocus_blur,1,none
efficientnet_b4,ILSVRC2012_val_00045013.JPEG,n03933933,718,758,0.05490107,0,imagenet_c,defocus_blur,1,none
efficientnet_b4,ILSVRC2012_val_00045336.JPEG,n03933933,718,540,0.1054338,0,imagenet_c,defocus_blur,1,none
efficientnet_b4,ILSVRC2012_val_00046001.JPEG,n03933933,718,718,0.50761914,1,imagenet_c,defocus_blur,1,none
efficientnet_b4,ILSVRC2012_val_00047708.JPEG,n03933933,718,718,0.46273893,1,imagenet_c,defocus_blur,1,none
efficientnet_b4,ILSVRC2012_val_00049055.JPEG,n03933933,718,978,0.10179974,0,imagenet_c,defocus_blur,1,none
efficientnet_b4,ILSVRC2012_val_00049505.JPEG,n03933933,718,718,0.14856154,1,imagenet_c,defocus_blur,1,none
efficientnet_b4,ILSVRC2012_val_00001023.JPEG,n03935335,719,719,0.63219583,1,imagenet_c,defocus_blur,1,none
efficientnet_b4,ILSVRC2012_val_00001865.JPEG,n03935335,719,719,0.47297275,1,imagenet_c,defocus_blur,1,none
efficientnet_b4,ILSVRC2012_val_00001886.JPEG,n03935335,719,719,0.67896837,1,imagenet_c,defocus_blur,1,none
efficientnet_b4,ILSVRC2012_val_00003078.JPEG,n03935335,719,528,0.08814889,0,imagenet_c,defocus_blur,1,none
efficientnet_b4,ILSVRC2012_val_00003325.JPEG,n03935335,719,719,0.72244865,1,imagenet_c,defocus_blur,1,none
efficientnet_b4,ILSVRC2012_val_00003689.JPEG,n03935335,719,719,0.52918667,1,imagenet_c,defocus_blur,1,none
efficientnet_b4,ILSVRC2012_val_00004663.JPEG,n03935335,719,719,0.42987096,1,imagenet_c,defocus_blur,1,none
efficientnet_b4,ILSVRC2012_val_00005285.JPEG,n03935335,719,719,0.39488253,1,imagenet_c,defocus_blur,1,none
efficientnet_b4,ILSVRC2012_val_00007867.JPEG,n03935335,719,719,0.5204393,1,imagenet_c,defocus_blur,1,none
efficientnet_b4,ILSVRC2012_val_00008153.JPEG,n03935335,719,719,0.61958313,1,imagenet_c,defocus_blur,1,none
efficientnet_b4,ILSVRC2012_val_00009999.JPEG,n03935335,719,719,0.36205134,1,imagenet_c,defocus_blur,1,none
efficientnet_b4,ILSVRC2012_val_00010732.JPEG,n03935335,719,719,0.6437349,1,imagenet_c,defocus_blur,1,none
efficientnet_b4,ILSVRC2012_val_00012052.JPEG,n03935335,719,719,0.31157735,1,imagenet_c,defocus_blur,1,none
efficientnet_b4,ILSVRC2012_val_00015347.JPEG,n03935335,719,719,0.36372277,1,imagenet_c,defocus_blur,1,none
efficientnet_b4,ILSVRC2012_val_00018609.JPEG,n03935335,719,719,0.6167983,1,imagenet_c,defocus_blur,1,none
efficientnet_b4,ILSVRC2012_val_00019431.JPEG,n03935335,719,719,0.5755801,1,imagenet_c,defocus_blur,1,none
efficientnet_b4,ILSVRC2012_val_00019641.JPEG,n03935335,719,719,0.66558,1,imagenet_c,defocus_blur,1,none
efficientnet_b4,ILSVRC2012_val_00021463.JPEG,n03935335,719,719,0.7532697,1,imagenet_c,defocus_blur,1,none
efficientnet_b4,ILSVRC2012_val_00022426.JPEG,n03935335,719,719,0.5555692,1,imagenet_c,defocus_blur,1,none
efficientnet_b4,ILSVRC2012_val_00022575.JPEG,n03935335,719,719,0.6284295,1,imagenet_c,defocus_blur,1,none
efficientnet_b4,ILSVRC2012_val_00022849.JPEG,n03935335,719,773,0.06395333,0,imagenet_c,defocus_blur,1,none
efficientnet_b4,ILSVRC2012_val_00024576.JPEG,n03935335,719,719,0.51403606,1,imagenet_c,defocus_blur,1,none
efficientnet_b4,ILSVRC2012_val_00025575.JPEG,n03935335,719,719,0.5198731,1,imagenet_c,defocus_blur,1,none
efficientnet_b4,ILSVRC2012_val_00025716.JPEG,n03935335,719,719,0.5333385,1,imagenet_c,defocus_blur,1,none
efficientnet_b4,ILSVRC2012_val_00027469.JPEG,n03935335,719,783,0.13842972,0,imagenet_c,defocus_blur,1,none
efficientnet_b4,ILSVRC2012_val_00028455.JPEG,n03935335,719,719,0.32593194,1,imagenet_c,defocus_blur,1,none
efficientnet_b4,ILSVRC2012_val_00029449.JPEG,n03935335,719,719,0.25196746,1,imagenet_c,defocus_blur,1,none
efficientnet_b4,ILSVRC2012_val_00029853.JPEG,n03935335,719,719,0.5589201,1,imagenet_c,defocus_blur,1,none
efficientnet_b4,ILSVRC2012_val_00030827.JPEG,n03935335,719,719,0.64146936,1,imagenet_c,defocus_blur,1,none
efficientnet_b4,ILSVRC2012_val_00031629.JPEG,n03935335,719,719,0.59459776,1,imagenet_c,defocus_blur,1,none
efficientnet_b4,ILSVRC2012_val_00032699.JPEG,n03935335,719,719,0.46991485,1,imagenet_c,defocus_blur,1,none
efficientnet_b4,ILSVRC2012_val_00033938.JPEG,n03935335,719,719,0.8208107,1,imagenet_c,defocus_blur,1,none
efficientnet_b4,ILSVRC2012_val_00035065.JPEG,n03935335,719,569,0.1733047,0,imagenet_c,defocus_blur,1,none
efficientnet_b4,ILSVRC2012_val_00035991.JPEG,n03935335,719,719,0.71861994,1,imagenet_c,defocus_blur,1,none
efficientnet_b4,ILSVRC2012_val_00037007.JPEG,n03935335,719,719,0.34595475,1,imagenet_c,defocus_blur,1,none
efficientnet_b4,ILSVRC2012_val_00037879.JPEG,n03935335,719,719,0.6708599,1,imagenet_c,defocus_blur,1,none
efficientnet_b4,ILSVRC2012_val_00038117.JPEG,n03935335,719,917,0.15940961,0,imagenet_c,defocus_blur,1,none
efficientnet_b4,ILSVRC2012_val_00038378.JPEG,n03935335,719,719,0.6137878,1,imagenet_c,defocus_blur,1,none
efficientnet_b4,ILSVRC2012_val_00038686.JPEG,n03935335,719,719,0.6697947,1,imagenet_c,defocus_blur,1,none
efficientnet_b4,ILSVRC2012_val_00039916.JPEG,n03935335,719,719,0.6371845,1,imagenet_c,defocus_blur,1,none
efficientnet_b4,ILSVRC2012_val_00040179.JPEG,n03935335,719,719,0.31517947,1,imagenet_c,defocus_blur,1,none
efficientnet_b4,ILSVRC2012_val_00041964.JPEG,n03935335,719,719,0.66848195,1,imagenet_c,defocus_blur,1,none
efficientnet_b4,ILSVRC2012_val_00043652.JPEG,n03935335,719,719,0.7220005,1,imagenet_c,defocus_blur,1,none
efficientnet_b4,ILSVRC2012_val_00044969.JPEG,n03935335,719,719,0.7904658,1,imagenet_c,defocus_blur,1,none
efficientnet_b4,ILSVRC2012_val_00046694.JPEG,n03935335,719,719,0.38629472,1,imagenet_c,defocus_blur,1,none
efficientnet_b4,ILSVRC2012_val_00047034.JPEG,n03935335,719,719,0.6493056,1,imagenet_c,defocus_blur,1,none
efficientnet_b4,ILSVRC2012_val_00048843.JPEG,n03935335,719,719,0.6349362,1,imagenet_c,defocus_blur,1,none
efficientnet_b4,ILSVRC2012_val_00049127.JPEG,n03935335,719,719,0.4458983,1,imagenet_c,defocus_blur,1,none
efficientnet_b4,ILSVRC2012_val_00049380.JPEG,n03935335,719,719,0.70528567,1,imagenet_c,defocus_blur,1,none
efficientnet_b4,ILSVRC2012_val_00049693.JPEG,n03935335,719,719,0.5390361,1,imagenet_c,defocus_blur,1,none
efficientnet_b4,ILSVRC2012_val_00000112.JPEG,n03937543,720,720,0.16430916,1,imagenet_c,defocus_blur,1,none
efficientnet_b4,ILSVRC2012_val_00000252.JPEG,n03937543,720,455,0.81027067,0,imagenet_c,defocus_blur,1,none
efficientnet_b4,ILSVRC2012_val_00001076.JPEG,n03937543,720,773,0.12606163,0,imagenet_c,defocus_blur,1,none
efficientnet_b4,ILSVRC2012_val_00001134.JPEG,n03937543,720,720,0.6955755,1,imagenet_c,defocus_blur,1,none
efficientnet_b4,ILSVRC2012_val_00003066.JPEG,n03937543,720,720,0.6119745,1,imagenet_c,defocus_blur,1,none
efficientnet_b4,ILSVRC2012_val_00005519.JPEG,n03937543,720,720,0.7811368,1,imagenet_c,defocus_blur,1,none
efficientnet_b4,ILSVRC2012_val_00005967.JPEG,n03937543,720,720,0.70270437,1,imagenet_c,defocus_blur,1,none
efficientnet_b4,ILSVRC2012_val_00008776.JPEG,n03937543,720,818,0.22163393,0,imagenet_c,defocus_blur,1,none
efficientnet_b4,ILSVRC2012_val_00008984.JPEG,n03937543,720,720,0.41884387,1,imagenet_c,defocus_blur,1,none
efficientnet_b4,ILSVRC2012_val_00009545.JPEG,n03937543,720,720,0.5556795,1,imagenet_c,defocus_blur,1,none
efficientnet_b4,ILSVRC2012_val_00012863.JPEG,n03937543,720,720,0.5864266,1,imagenet_c,defocus_blur,1,none
efficientnet_b4,ILSVRC2012_val_00014160.JPEG,n03937543,720,473,0.052078422,0,imagenet_c,defocus_blur,1,none
efficientnet_b4,ILSVRC2012_val_00014534.JPEG,n03937543,720,720,0.5013438,1,imagenet_c,defocus_blur,1,none
efficientnet_b4,ILSVRC2012_val_00015504.JPEG,n03937543,720,720,0.6211584,1,imagenet_c,defocus_blur,1,none
efficientnet_b4,ILSVRC2012_val_00015536.JPEG,n03937543,720,720,0.44925472,1,imagenet_c,defocus_blur,1,none
efficientnet_b4,ILSVRC2012_val_00016336.JPEG,n03937543,720,720,0.37952104,1,imagenet_c,defocus_blur,1,none
efficientnet_b4,ILSVRC2012_val_00016390.JPEG,n03937543,720,720,0.64367014,1,imagenet_c,defocus_blur,1,none
efficientnet_b4,ILSVRC2012_val_00016405.JPEG,n03937543,720,720,0.22242367,1,imagenet_c,defocus_blur,1,none
efficientnet_b4,ILSVRC2012_val_00016789.JPEG,n03937543,720,720,0.7072208,1,imagenet_c,defocus_blur,1,none
efficientnet_b4,ILSVRC2012_val_00017685.JPEG,n03937543,720,720,0.71606475,1,imagenet_c,defocus_blur,1,none
efficientnet_b4,ILSVRC2012_val_00017943.JPEG,n03937543,720,626,0.13178276,0,imagenet_c,defocus_blur,1,none
efficientnet_b4,ILSVRC2012_val_00021446.JPEG,n03937543,720,720,0.5335222,1,imagenet_c,defocus_blur,1,none
efficientnet_b4,ILSVRC2012_val_00022444.JPEG,n03937543,720,720,0.47115344,1,imagenet_c,defocus_blur,1,none
efficientnet_b4,ILSVRC2012_val_00023209.JPEG,n03937543,720,720,0.27604023,1,imagenet_c,defocus_blur,1,none
efficientnet_b4,ILSVRC2012_val_00023359.JPEG,n03937543,720,560,0.25715712,0,imagenet_c,defocus_blur,1,none
efficientnet_b4,ILSVRC2012_val_00023838.JPEG,n03937543,720,509,0.47450715,0,imagenet_c,defocus_blur,1,none
efficientnet_b4,ILSVRC2012_val_00024585.JPEG,n03937543,720,720,0.46679986,1,imagenet_c,defocus_blur,1,none
efficientnet_b4,ILSVRC2012_val_00025358.JPEG,n03937543,720,720,0.490922,1,imagenet_c,defocus_blur,1,none
efficientnet_b4,ILSVRC2012_val_00030379.JPEG,n03937543,720,720,0.35363698,1,imagenet_c,defocus_blur,1,none
efficientnet_b4,ILSVRC2012_val_00030685.JPEG,n03937543,720,720,0.5618247,1,imagenet_c,defocus_blur,1,none
efficientnet_b4,ILSVRC2012_val_00030909.JPEG,n03937543,720,720,0.7680459,1,imagenet_c,defocus_blur,1,none
efficientnet_b4,ILSVRC2012_val_00031614.JPEG,n03937543,720,720,0.586415,1,imagenet_c,defocus_blur,1,none
efficientnet_b4,ILSVRC2012_val_00034596.JPEG,n03937543,720,720,0.74977875,1,imagenet_c,defocus_blur,1,none
efficientnet_b4,ILSVRC2012_val_00036242.JPEG,n03937543,720,720,0.26602653,1,imagenet_c,defocus_blur,1,none
efficientnet_b4,ILSVRC2012_val_00036422.JPEG,n03937543,720,720,0.5696133,1,imagenet_c,defocus_blur,1,none
efficientnet_b4,ILSVRC2012_val_00036795.JPEG,n03937543,720,720,0.82797974,1,imagenet_c,defocus_blur,1,none
efficientnet_b4,ILSVRC2012_val_00037866.JPEG,n03937543,720,720,0.54046655,1,imagenet_c,defocus_blur,1,none
efficientnet_b4,ILSVRC2012_val_00039011.JPEG,n03937543,720,522,0.26316893,0,imagenet_c,defocus_blur,1,none
efficientnet_b4,ILSVRC2012_val_00039122.JPEG,n03937543,720,720,0.7347968,1,imagenet_c,defocus_blur,1,none
efficientnet_b4,ILSVRC2012_val_00040494.JPEG,n03937543,720,720,0.72850573,1,imagenet_c,defocus_blur,1,none
efficientnet_b4,ILSVRC2012_val_00040537.JPEG,n03937543,720,720,0.5074866,1,imagenet_c,defocus_blur,1,none
efficientnet_b4,ILSVRC2012_val_00041459.JPEG,n03937543,720,720,0.8892462,1,imagenet_c,defocus_blur,1,none
efficientnet_b4,ILSVRC2012_val_00042001.JPEG,n03937543,720,720,0.8006365,1,imagenet_c,defocus_blur,1,none
efficientnet_b4,ILSVRC2012_val_00043001.JPEG,n03937543,720,720,0.42526457,1,imagenet_c,defocus_blur,1,none
efficientnet_b4,ILSVRC2012_val_00043519.JPEG,n03937543,720,720,0.65337056,1,imagenet_c,defocus_blur,1,none
efficientnet_b4,ILSVRC2012_val_00045834.JPEG,n03937543,720,720,0.6361962,1,imagenet_c,defocus_blur,1,none
efficientnet_b4,ILSVRC2012_val_00047389.JPEG,n03937543,720,686,0.23130444,0,imagenet_c,defocus_blur,1,none
efficientnet_b4,ILSVRC2012_val_00048656.JPEG,n03937543,720,720,0.36777037,1,imagenet_c,defocus_blur,1,none
efficientnet_b4,ILSVRC2012_val_00048930.JPEG,n03937543,720,720,0.48652953,1,imagenet_c,defocus_blur,1,none
efficientnet_b4,ILSVRC2012_val_00049360.JPEG,n03937543,720,720,0.46378216,1,imagenet_c,defocus_blur,1,none
efficientnet_b4,ILSVRC2012_val_00000438.JPEG,n03938244,721,842,0.5405571,0,imagenet_c,defocus_blur,1,none
efficientnet_b4,ILSVRC2012_val_00001087.JPEG,n03938244,721,684,0.13061301,0,imagenet_c,defocus_blur,1,none
efficientnet_b4,ILSVRC2012_val_00001501.JPEG,n03938244,721,721,0.5939787,1,imagenet_c,defocus_blur,1,none
efficientnet_b4,ILSVRC2012_val_00002959.JPEG,n03938244,721,606,0.31483,0,imagenet_c,defocus_blur,1,none
efficientnet_b4,ILSVRC2012_val_00003761.JPEG,n03938244,721,454,0.08988147,0,imagenet_c,defocus_blur,1,none
efficientnet_b4,ILSVRC2012_val_00005257.JPEG,n03938244,721,615,0.1098481,0,imagenet_c,defocus_blur,1,none
efficientnet_b4,ILSVRC2012_val_00006432.JPEG,n03938244,721,721,0.38934603,1,imagenet_c,defocus_blur,1,none
efficientnet_b4,ILSVRC2012_val_00008191.JPEG,n03938244,721,831,0.42078194,0,imagenet_c,defocus_blur,1,none
efficientnet_b4,ILSVRC2012_val_00008869.JPEG,n03938244,721,721,0.44660288,1,imagenet_c,defocus_blur,1,none
efficientnet_b4,ILSVRC2012_val_00009340.JPEG,n03938244,721,966,0.11985761,0,imagenet_c,defocus_blur,1,none
efficientnet_b4,ILSVRC2012_val_00009640.JPEG,n03938244,721,721,0.28123918,1,imagenet_c,defocus_blur,1,none
efficientnet_b4,ILSVRC2012_val_00010921.JPEG,n03938244,721,520,0.121906124,0,imagenet_c,defocus_blur,1,none
efficientnet_b4,ILSVRC2012_val_00011154.JPEG,n03938244,721,721,0.75328016,1,imagenet_c,defocus_blur,1,none
efficientnet_b4,ILSVRC2012_val_00011223.JPEG,n03938244,721,721,0.68830115,1,imagenet_c,defocus_blur,1,none
efficientnet_b4,ILSVRC2012_val_00011231.JPEG,n03938244,721,461,0.3756561,0,imagenet_c,defocus_blur,1,none
efficientnet_b4,ILSVRC2012_val_00011469.JPEG,n03938244,721,956,0.109312296,0,imagenet_c,defocus_blur,1,none
efficientnet_b4,ILSVRC2012_val_00012501.JPEG,n03938244,721,721,0.1107845,1,imagenet_c,defocus_blur,1,none
efficientnet_b4,ILSVRC2012_val_00013296.JPEG,n03938244,721,721,0.15696503,1,imagenet_c,defocus_blur,1,none
efficientnet_b4,ILSVRC2012_val_00013547.JPEG,n03938244,721,721,0.5694507,1,imagenet_c,defocus_blur,1,none
efficientnet_b4,ILSVRC2012_val_00014470.JPEG,n03938244,721,418,0.1041503,0,imagenet_c,defocus_blur,1,none
efficientnet_b4,ILSVRC2012_val_00014936.JPEG,n03938244,721,721,0.54361343,1,imagenet_c,defocus_blur,1,none
efficientnet_b4,ILSVRC2012_val_00015615.JPEG,n03938244,721,721,0.22766003,1,imagenet_c,defocus_blur,1,none
efficientnet_b4,ILSVRC2012_val_00016566.JPEG,n03938244,721,148,0.0720328,0,imagenet_c,defocus_blur,1,none
efficientnet_b4,ILSVRC2012_val_00018275.JPEG,n03938244,721,721,0.3715696,1,imagenet_c,defocus_blur,1,none
efficientnet_b4,ILSVRC2012_val_00018279.JPEG,n03938244,721,961,0.07851447,0,imagenet_c,defocus_blur,1,none
efficientnet_b4,ILSVRC2012_val_00020983.JPEG,n03938244,721,529,0.14225535,0,imagenet_c,defocus_blur,1,none
efficientnet_b4,ILSVRC2012_val_00021635.JPEG,n03938244,721,721,0.7154992,1,imagenet_c,defocus_blur,1,none
efficientnet_b4,ILSVRC2012_val_00023366.JPEG,n03938244,721,721,0.21467298,1,imagenet_c,defocus_blur,1,none
efficientnet_b4,ILSVRC2012_val_00023685.JPEG,n03938244,721,496,0.11297917,0,imagenet_c,defocus_blur,1,none
efficientnet_b4,ILSVRC2012_val_00024714.JPEG,n03938244,721,911,0.4014089,0,imagenet_c,defocus_blur,1,none
efficientnet_b4,ILSVRC2012_val_00025885.JPEG,n03938244,721,721,0.085516304,1,imagenet_c,defocus_blur,1,none
efficientnet_b4,ILSVRC2012_val_00028244.JPEG,n03938244,721,692,0.47932833,0,imagenet_c,defocus_blur,1,none
efficientnet_b4,ILSVRC2012_val_00032331.JPEG,n03938244,721,709,0.1785298,0,imagenet_c,defocus_blur,1,none
efficientnet_b4,ILSVRC2012_val_00033701.JPEG,n03938244,721,721,0.6078763,1,imagenet_c,defocus_blur,1,none
efficientnet_b4,ILSVRC2012_val_00034481.JPEG,n03938244,721,446,0.26527444,0,imagenet_c,defocus_blur,1,none
efficientnet_b4,ILSVRC2012_val_00035001.JPEG,n03938244,721,725,0.15392786,0,imagenet_c,defocus_blur,1,none
efficientnet_b4,ILSVRC2012_val_00035752.JPEG,n03938244,721,721,0.4896107,1,imagenet_c,defocus_blur,1,none
efficientnet_b4,ILSVRC2012_val_00035812.JPEG,n03938244,721,721,0.40235853,1,imagenet_c,defocus_blur,1,none
efficientnet_b4,ILSVRC2012_val_00038536.JPEG,n03938244,721,721,0.37573862,1,imagenet_c,defocus_blur,1,none
efficientnet_b4,ILSVRC2012_val_00038952.JPEG,n03938244,721,459,0.46505108,0,imagenet_c,defocus_blur,1,none
efficientnet_b4,ILSVRC2012_val_00039599.JPEG,n03938244,721,504,0.41928512,0,imagenet_c,defocus_blur,1,none
efficientnet_b4,ILSVRC2012_val_00040729.JPEG,n03938244,721,721,0.7037397,1,imagenet_c,defocus_blur,1,none
efficientnet_b4,ILSVRC2012_val_00040748.JPEG,n03938244,721,748,0.07375542,0,imagenet_c,defocus_blur,1,none
efficientnet_b4,ILSVRC2012_val_00043255.JPEG,n03938244,721,905,0.101562485,0,imagenet_c,defocus_blur,1,none
efficientnet_b4,ILSVRC2012_val_00043608.JPEG,n03938244,721,451,0.1421037,0,imagenet_c,defocus_blur,1,none
efficientnet_b4,ILSVRC2012_val_00045046.JPEG,n03938244,721,721,0.36875492,1,imagenet_c,defocus_blur,1,none
efficientnet_b4,ILSVRC2012_val_00046170.JPEG,n03938244,721,721,0.61202025,1,imagenet_c,defocus_blur,1,none
efficientnet_b4,ILSVRC2012_val_00046619.JPEG,n03938244,721,684,0.604216,0,imagenet_c,defocus_blur,1,none
efficientnet_b4,ILSVRC2012_val_00048474.JPEG,n03938244,721,721,0.42974824,1,imagenet_c,defocus_blur,1,none
efficientnet_b4,ILSVRC2012_val_00048945.JPEG,n03938244,721,721,0.33611724,1,imagenet_c,defocus_blur,1,none
efficientnet_b4,ILSVRC2012_val_00000428.JPEG,n03942813,722,722,0.5113308,1,imagenet_c,defocus_blur,1,none
efficientnet_b4,ILSVRC2012_val_00002274.JPEG,n03942813,722,722,0.61680126,1,imagenet_c,defocus_blur,1,none
efficientnet_b4,ILSVRC2012_val_00004867.JPEG,n03942813,722,722,0.67558074,1,imagenet_c,defocus_blur,1,none
efficientnet_b4,ILSVRC2012_val_00005631.JPEG,n03942813,722,722,0.34877512,1,imagenet_c,defocus_blur,1,none
efficientnet_b4,ILSVRC2012_val_00006982.JPEG,n03942813,722,722,0.32678995,1,imagenet_c,defocus_blur,1,none
efficientnet_b4,ILSVRC2012_val_00007494.JPEG,n03942813,722,722,0.36843762,1,imagenet_c,defocus_blur,1,none
efficientnet_b4,ILSVRC2012_val_00009929.JPEG,n03942813,722,461,0.02863631,0,imagenet_c,defocus_blur,1,none
efficientnet_b4,ILSVRC2012_val_00010032.JPEG,n03942813,722,722,0.5922216,1,imagenet_c,defocus_blur,1,none
efficientnet_b4,ILSVRC2012_val_00014523.JPEG,n03942813,722,987,0.49107552,0,imagenet_c,defocus_blur,1,none
efficientnet_b4,ILSVRC2012_val_00015731.JPEG,n03942813,722,722,0.4937666,1,imagenet_c,defocus_blur,1,none
efficientnet_b4,ILSVRC2012_val_00016600.JPEG,n03942813,722,691,0.15375377,0,imagenet_c,defocus_blur,1,none
efficientnet_b4,ILSVRC2012_val_00016861.JPEG,n03942813,722,722,0.69144595,1,imagenet_c,defocus_blur,1,none
efficientnet_b4,ILSVRC2012_val_00018628.JPEG,n03942813,722,722,0.520996,1,imagenet_c,defocus_blur,1,none
efficientnet_b4,ILSVRC2012_val_00018725.JPEG,n03942813,722,722,0.38825285,1,imagenet_c,defocus_blur,1,none
efficientnet_b4,ILSVRC2012_val_00018814.JPEG,n03942813,722,602,0.07707913,0,imagenet_c,defocus_blur,1,none
efficientnet_b4,ILSVRC2012_val_00020162.JPEG,n03942813,722,722,0.51327205,1,imagenet_c,defocus_blur,1,none
efficientnet_b4,ILSVRC2012_val_00020369.JPEG,n03942813,722,722,0.75341934,1,imagenet_c,defocus_blur,1,none
efficientnet_b4,ILSVRC2012_val_00020971.JPEG,n03942813,722,722,0.57164985,1,imagenet_c,defocus_blur,1,none
efficientnet_b4,ILSVRC2012_val_00022143.JPEG,n03942813,722,722,0.7868104,1,imagenet_c,defocus_blur,1,none
efficientnet_b4,ILSVRC2012_val_00022625.JPEG,n03942813,722,722,0.57639337,1,imagenet_c,defocus_blur,1,none
efficientnet_b4,ILSVRC2012_val_00023921.JPEG,n03942813,722,722,0.3132959,1,imagenet_c,defocus_blur,1,none
efficientnet_b4,ILSVRC2012_val_00023978.JPEG,n03942813,722,722,0.46965417,1,imagenet_c,defocus_blur,1,none
efficientnet_b4,ILSVRC2012_val_00024161.JPEG,n03942813,722,722,0.58721566,1,imagenet_c,defocus_blur,1,none
efficientnet_b4,ILSVRC2012_val_00025976.JPEG,n03942813,722,722,0.27994755,1,imagenet_c,defocus_blur,1,none
efficientnet_b4,ILSVRC2012_val_00027032.JPEG,n03942813,722,722,0.4131445,1,imagenet_c,defocus_blur,1,none
efficientnet_b4,ILSVRC2012_val_00027210.JPEG,n03942813,722,722,0.49220747,1,imagenet_c,defocus_blur,1,none
efficientnet_b4,ILSVRC2012_val_00033175.JPEG,n03942813,722,722,0.66397095,1,imagenet_c,defocus_blur,1,none
efficientnet_b4,ILSVRC2012_val_00033381.JPEG,n03942813,722,722,0.34853953,1,imagenet_c,defocus_blur,1,none
efficientnet_b4,ILSVRC2012_val_00035578.JPEG,n03942813,722,818,0.19304141,0,imagenet_c,defocus_blur,1,none
efficientnet_b4,ILSVRC2012_val_00035706.JPEG,n03942813,722,722,0.5700651,1,imagenet_c,defocus_blur,1,none
efficientnet_b4,ILSVRC2012_val_00036460.JPEG,n03942813,722,722,0.50879747,1,imagenet_c,defocus_blur,1,none
efficientnet_b4,ILSVRC2012_val_00036621.JPEG,n03942813,722,722,0.35686105,1,imagenet_c,defocus_blur,1,none
efficientnet_b4,ILSVRC2012_val_00037206.JPEG,n03942813,722,722,0.4634266,1,imagenet_c,defocus_blur,1,none
efficientnet_b4,ILSVRC2012_val_00037514.JPEG,n03942813,722,674,0.06948391,0,imagenet_c,defocus_blur,1,none
efficientnet_b4,ILSVRC2012_val_00038827.JPEG,n03942813,722,722,0.77146417,1,imagenet_c,defocus_blur,1,none
efficientnet_b4,ILSVRC2012_val_00038835.JPEG,n03942813,722,722,0.66675943,1,imagenet_c,defocus_blur,1,none
efficientnet_b4,ILSVRC2012_val_00040106.JPEG,n03942813,722,722,0.77218354,1,imagenet_c,defocus_blur,1,none
efficientnet_b4,ILSVRC2012_val_00040714.JPEG,n03942813,722,722,0.5026267,1,imagenet_c,defocus_blur,1,none
efficientnet_b4,ILSVRC2012_val_00041336.JPEG,n03942813,722,870,0.23998378,0,imagenet_c,defocus_blur,1,none
efficientnet_b4,ILSVRC2012_val_00041504.JPEG,n03942813,722,722,0.5604081,1,imagenet_c,defocus_blur,1,none
efficientnet_b4,ILSVRC2012_val_00042676.JPEG,n03942813,722,722,0.6106491,1,imagenet_c,defocus_blur,1,none
efficientnet_b4,ILSVRC2012_val_00044157.JPEG,n03942813,722,722,0.5952762,1,imagenet_c,defocus_blur,1,none
efficientnet_b4,ILSVRC2012_val_00044526.JPEG,n03942813,722,722,0.6500336,1,imagenet_c,defocus_blur,1,none
efficientnet_b4,ILSVRC2012_val_00044907.JPEG,n03942813,722,722,0.20130122,1,imagenet_c,defocus_blur,1,none
efficientnet_b4,ILSVRC2012_val_00045282.JPEG,n03942813,722,599,0.42769945,0,imagenet_c,defocus_blur,1,none
efficientnet_b4,ILSVRC2012_val_00046563.JPEG,n03942813,722,722,0.49241298,1,imagenet_c,defocus_blur,1,none
efficientnet_b4,ILSVRC2012_val_00046747.JPEG,n03942813,722,722,0.40151846,1,imagenet_c,defocus_blur,1,none
efficientnet_b4,ILSVRC2012_val_00047088.JPEG,n03942813,722,860,0.32865328,0,imagenet_c,defocus_blur,1,none
efficientnet_b4,ILSVRC2012_val_00049428.JPEG,n03942813,722,722,0.68768466,1,imagenet_c,defocus_blur,1,none
efficientnet_b4,ILSVRC2012_val_00049680.JPEG,n03942813,722,881,0.5437924,0,imagenet_c,defocus_blur,1,none
efficientnet_b4,ILSVRC2012_val_00000991.JPEG,n03944341,723,723,0.6000327,1,imagenet_c,defocus_blur,1,none
efficientnet_b4,ILSVRC2012_val_00002734.JPEG,n03944341,723,723,0.6710803,1,imagenet_c,defocus_blur,1,none
efficientnet_b4,ILSVRC2012_val_00004364.JPEG,n03944341,723,723,0.48394647,1,imagenet_c,defocus_blur,1,none
efficientnet_b4,ILSVRC2012_val_00007314.JPEG,n03944341,723,865,0.64411235,0,imagenet_c,defocus_blur,1,none
efficientnet_b4,ILSVRC2012_val_00008832.JPEG,n03944341,723,723,0.66997695,1,imagenet_c,defocus_blur,1,none
efficientnet_b4,ILSVRC2012_val_00011797.JPEG,n03944341,723,723,0.6253951,1,imagenet_c,defocus_blur,1,none
efficientnet_b4,ILSVRC2012_val_00012260.JPEG,n03944341,723,723,0.59287024,1,imagenet_c,defocus_blur,1,none
efficientnet_b4,ILSVRC2012_val_00012344.JPEG,n03944341,723,723,0.54441357,1,imagenet_c,defocus_blur,1,none
efficientnet_b4,ILSVRC2012_val_00012575.JPEG,n03944341,723,701,0.09187922,0,imagenet_c,defocus_blur,1,none
efficientnet_b4,ILSVRC2012_val_00013444.JPEG,n03944341,723,723,0.23000489,1,imagenet_c,defocus_blur,1,none
efficientnet_b4,ILSVRC2012_val_00013576.JPEG,n03944341,723,723,0.5404223,1,imagenet_c,defocus_blur,1,none
efficientnet_b4,ILSVRC2012_val_00014194.JPEG,n03944341,723,723,0.40611333,1,imagenet_c,defocus_blur,1,none
efficientnet_b4,ILSVRC2012_val_00017777.JPEG,n03944341,723,723,0.33262616,1,imagenet_c,defocus_blur,1,none
efficientnet_b4,ILSVRC2012_val_00022741.JPEG,n03944341,723,989,0.025440583,0,imagenet_c,defocus_blur,1,none
efficientnet_b4,ILSVRC2012_val_00022949.JPEG,n03944341,723,723,0.4837645,1,imagenet_c,defocus_blur,1,none
efficientnet_b4,ILSVRC2012_val_00023001.JPEG,n03944341,723,723,0.7087343,1,imagenet_c,defocus_blur,1,none
efficientnet_b4,ILSVRC2012_val_00023236.JPEG,n03944341,723,830,0.076637186,0,imagenet_c,defocus_blur,1,none
efficientnet_b4,ILSVRC2012_val_00024974.JPEG,n03944341,723,476,0.12235266,0,imagenet_c,defocus_blur,1,none
efficientnet_b4,ILSVRC2012_val_00025817.JPEG,n03944341,723,723,0.70717317,1,imagenet_c,defocus_blur,1,none
efficientnet_b4,ILSVRC2012_val_00025830.JPEG,n03944341,723,723,0.7497866,1,imagenet_c,defocus_blur,1,none
efficientnet_b4,ILSVRC2012_val_00027417.JPEG,n03944341,723,723,0.72887075,1,imagenet_c,defocus_blur,1,none
efficientnet_b4,ILSVRC2012_val_00027562.JPEG,n03944341,723,723,0.73756015,1,imagenet_c,defocus_blur,1,none
efficientnet_b4,ILSVRC2012_val_00027597.JPEG,n03944341,723,723,0.7802534,1,imagenet_c,defocus_blur,1,none
efficientnet_b4,ILSVRC2012_val_00027748.JPEG,n03944341,723,723,0.6141223,1,imagenet_c,defocus_blur,1,none
efficientnet_b4,ILSVRC2012_val_00028125.JPEG,n03944341,723,723,0.58503145,1,imagenet_c,defocus_blur,1,none
efficientnet_b4,ILSVRC2012_val_00028761.JPEG,n03944341,723,880,0.14495006,0,imagenet_c,defocus_blur,1,none
efficientnet_b4,ILSVRC2012_val_00029275.JPEG,n03944341,723,723,0.6074954,1,imagenet_c,defocus_blur,1,none
efficientnet_b4,ILSVRC2012_val_00030282.JPEG,n03944341,723,865,0.18231355,0,imagenet_c,defocus_blur,1,none
efficientnet_b4,ILSVRC2012_val_00030830.JPEG,n03944341,723,452,0.08764737,0,imagenet_c,defocus_blur,1,none
efficientnet_b4,ILSVRC2012_val_00030952.JPEG,n03944341,723,723,0.13430293,1,imagenet_c,defocus_blur,1,none
efficientnet_b4,ILSVRC2012_val_00031011.JPEG,n03944341,723,723,0.20073763,1,imagenet_c,defocus_blur,1,none
efficientnet_b4,ILSVRC2012_val_00032297.JPEG,n03944341,723,723,0.555127,1,imagenet_c,defocus_blur,1,none
efficientnet_b4,ILSVRC2012_val_00032550.JPEG,n03944341,723,723,0.7107944,1,imagenet_c,defocus_blur,1,none
efficientnet_b4,ILSVRC2012_val_00033009.JPEG,n03944341,723,723,0.5779742,1,imagenet_c,defocus_blur,1,none
efficientnet_b4,ILSVRC2012_val_00037201.JPEG,n03944341,723,723,0.7020785,1,imagenet_c,defocus_blur,1,none
efficientnet_b4,ILSVRC2012_val_00038411.JPEG,n03944341,723,723,0.44908443,1,imagenet_c,defocus_blur,1,none
efficientnet_b4,ILSVRC2012_val_00038474.JPEG,n03944341,723,723,0.09264112,1,imagenet_c,defocus_blur,1,none
efficientnet_b4,ILSVRC2012_val_00038703.JPEG,n03944341,723,723,0.48112485,1,imagenet_c,defocus_blur,1,none
efficientnet_b4,ILSVRC2012_val_00039230.JPEG,n03944341,723,723,0.59649396,1,imagenet_c,defocus_blur,1,none
efficientnet_b4,ILSVRC2012_val_00041651.JPEG,n03944341,723,723,0.66227466,1,imagenet_c,defocus_blur,1,none
efficientnet_b4,ILSVRC2012_val_00042139.JPEG,n03944341,723,723,0.7588281,1,imagenet_c,defocus_blur,1,none
efficientnet_b4,ILSVRC2012_val_00042571.JPEG,n03944341,723,723,0.5900984,1,imagenet_c,defocus_blur,1,none
efficientnet_b4,ILSVRC2012_val_00044025.JPEG,n03944341,723,723,0.21906336,1,imagenet_c,defocus_blur,1,none
efficientnet_b4,ILSVRC2012_val_00044383.JPEG,n03944341,723,723,0.675649,1,imagenet_c,defocus_blur,1,none
efficientnet_b4,ILSVRC2012_val_00044651.JPEG,n03944341,723,723,0.5986849,1,imagenet_c,defocus_blur,1,none
efficientnet_b4,ILSVRC2012_val_00044670.JPEG,n03944341,723,723,0.66340137,1,imagenet_c,defocus_blur,1,none
efficientnet_b4,ILSVRC2012_val_00045191.JPEG,n03944341,723,723,0.6063704,1,imagenet_c,defocus_blur,1,none
efficientnet_b4,ILSVRC2012_val_00046986.JPEG,n03944341,723,723,0.50182164,1,imagenet_c,defocus_blur,1,none
efficientnet_b4,ILSVRC2012_val_00048609.JPEG,n03944341,723,723,0.6981117,1,imagenet_c,defocus_blur,1,none
efficientnet_b4,ILSVRC2012_val_00049645.JPEG,n03944341,723,904,0.25993523,0,imagenet_c,defocus_blur,1,none
efficientnet_b4,ILSVRC2012_val_00000966.JPEG,n03947888,724,780,0.59884,0,imagenet_c,defocus_blur,1,none
efficientnet_b4,ILSVRC2012_val_00001111.JPEG,n03947888,724,724,0.45492408,1,imagenet_c,defocus_blur,1,none
efficientnet_b4,ILSVRC2012_val_00001182.JPEG,n03947888,724,724,0.18849397,1,imagenet_c,defocus_blur,1,none
efficientnet_b4,ILSVRC2012_val_00001660.JPEG,n03947888,724,913,0.47778168,0,imagenet_c,defocus_blur,1,none
efficientnet_b4,ILSVRC2012_val_00002130.JPEG,n03947888,724,724,0.58022296,1,imagenet_c,defocus_blur,1,none
efficientnet_b4,ILSVRC2012_val_00003117.JPEG,n03947888,724,536,0.2353805,0,imagenet_c,defocus_blur,1,none
efficientnet_b4,ILSVRC2012_val_00003219.JPEG,n03947888,724,724,0.20451741,1,imagenet_c,defocus_blur,1,none
efficientnet_b4,ILSVRC2012_val_00003230.JPEG,n03947888,724,724,0.20133592,1,imagenet_c,defocus_blur,1,none
efficientnet_b4,ILSVRC2012_val_00006118.JPEG,n03947888,724,780,0.51145697,0,imagenet_c,defocus_blur,1,none
efficientnet_b4,ILSVRC2012_val_00006184.JPEG,n03947888,724,724,0.5811235,1,imagenet_c,defocus_blur,1,none
efficientnet_b4,ILSVRC2012_val_00006349.JPEG,n03947888,724,724,0.6148815,1,imagenet_c,defocus_blur,1,none
efficientnet_b4,ILSVRC2012_val_00006739.JPEG,n03947888,724,724,0.4295097,1,imagenet_c,defocus_blur,1,none
efficientnet_b4,ILSVRC2012_val_00007351.JPEG,n03947888,724,780,0.27456418,0,imagenet_c,defocus_blur,1,none
efficientnet_b4,ILSVRC2012_val_00007600.JPEG,n03947888,724,814,0.24500138,0,imagenet_c,defocus_blur,1,none
efficientnet_b4,ILSVRC2012_val_00008620.JPEG,n03947888,724,724,0.6426624,1,imagenet_c,defocus_blur,1,none
efficientnet_b4,ILSVRC2012_val_00008659.JPEG,n03947888,724,724,0.6504217,1,imagenet_c,defocus_blur,1,none
efficientnet_b4,ILSVRC2012_val_00009628.JPEG,n03947888,724,693,0.22218172,0,imagenet_c,defocus_blur,1,none
efficientnet_b4,ILSVRC2012_val_00009856.JPEG,n03947888,724,582,0.056642007,0,imagenet_c,defocus_blur,1,none
efficientnet_b4,ILSVRC2012_val_00011189.JPEG,n03947888,724,724,0.19018647,1,imagenet_c,defocus_blur,1,none
efficientnet_b4,ILSVRC2012_val_00012447.JPEG,n03947888,724,724,0.39791596,1,imagenet_c,defocus_blur,1,none
efficientnet_b4,ILSVRC2012_val_00012579.JPEG,n03947888,724,975,0.09147226,0,imagenet_c,defocus_blur,1,none
efficientnet_b4,ILSVRC2012_val_00012691.JPEG,n03947888,724,724,0.62437534,1,imagenet_c,defocus_blur,1,none
efficientnet_b4,ILSVRC2012_val_00013944.JPEG,n03947888,724,724,0.5486328,1,imagenet_c,defocus_blur,1,none
efficientnet_b4,ILSVRC2012_val_00014705.JPEG,n03947888,724,724,0.45176026,1,imagenet_c,defocus_blur,1,none
efficientnet_b4,ILSVRC2012_val_00014989.JPEG,n03947888,724,724,0.38288334,1,imagenet_c,defocus_blur,1,none
efficientnet_b4,ILSVRC2012_val_00017696.JPEG,n03947888,724,724,0.4352163,1,imagenet_c,defocus_blur,1,none
efficientnet_b4,ILSVRC2012_val_00022353.JPEG,n03947888,724,724,0.74293244,1,imagenet_c,defocus_blur,1,none
efficientnet_b4,ILSVRC2012_val_00023104.JPEG,n03947888,724,743,0.0770745,0,imagenet_c,defocus_blur,1,none
efficientnet_b4,ILSVRC2012_val_00023269.JPEG,n03947888,724,781,0.10710775,0,imagenet_c,defocus_blur,1,none
efficientnet_b4,ILSVRC2012_val_00028365.JPEG,n03947888,724,536,0.36927742,0,imagenet_c,defocus_blur,1,none
efficientnet_b4,ILSVRC2012_val_00028400.JPEG,n03947888,724,540,0.26819047,0,imagenet_c,defocus_blur,1,none
efficientnet_b4,ILSVRC2012_val_00028471.JPEG,n03947888,724,724,0.49675587,1,imagenet_c,defocus_blur,1,none
efficientnet_b4,ILSVRC2012_val_00029276.JPEG,n03947888,724,724,0.4077346,1,imagenet_c,defocus_blur,1,none
efficientnet_b4,ILSVRC2012_val_00030410.JPEG,n03947888,724,724,0.64385253,1,imagenet_c,defocus_blur,1,none
efficientnet_b4,ILSVRC2012_val_00031484.JPEG,n03947888,724,724,0.39525434,1,imagenet_c,defocus_blur,1,none
efficientnet_b4,ILSVRC2012_val_00031717.JPEG,n03947888,724,724,0.25468144,1,imagenet_c,defocus_blur,1,none
efficientnet_b4,ILSVRC2012_val_00032776.JPEG,n03947888,724,724,0.2855498,1,imagenet_c,defocus_blur,1,none
efficientnet_b4,ILSVRC2012_val_00032856.JPEG,n03947888,724,724,0.32476744,1,imagenet_c,defocus_blur,1,none
efficientnet_b4,ILSVRC2012_val_00034173.JPEG,n03947888,724,724,0.51369834,1,imagenet_c,defocus_blur,1,none
efficientnet_b4,ILSVRC2012_val_00036199.JPEG,n03947888,724,489,0.038346514,0,imagenet_c,defocus_blur,1,none
efficientnet_b4,ILSVRC2012_val_00036604.JPEG,n03947888,724,724,0.08154569,1,imagenet_c,defocus_blur,1,none
efficientnet_b4,ILSVRC2012_val_00036816.JPEG,n03947888,724,724,0.6460353,1,imagenet_c,defocus_blur,1,none
efficientnet_b4,ILSVRC2012_val_00037776.JPEG,n03947888,724,724,0.59925556,1,imagenet_c,defocus_blur,1,none
efficientnet_b4,ILSVRC2012_val_00040013.JPEG,n03947888,724,536,0.38648444,0,imagenet_c,defocus_blur,1,none
efficientnet_b4,ILSVRC2012_val_00043584.JPEG,n03947888,724,724,0.24503659,1,imagenet_c,defocus_blur,1,none
efficientnet_b4,ILSVRC2012_val_00044101.JPEG,n03947888,724,724,0.2081721,1,imagenet_c,defocus_blur,1,none
efficientnet_b4,ILSVRC2012_val_00044338.JPEG,n03947888,724,724,0.2803483,1,imagenet_c,defocus_blur,1,none
efficientnet_b4,ILSVRC2012_val_00044427.JPEG,n03947888,724,724,0.48125684,1,imagenet_c,defocus_blur,1,none
efficientnet_b4,ILSVRC2012_val_00044527.JPEG,n03947888,724,536,0.1356965,0,imagenet_c,defocus_blur,1,none
efficientnet_b4,ILSVRC2012_val_00045572.JPEG,n03947888,724,724,0.12620112,1,imagenet_c,defocus_blur,1,none
efficientnet_b4,ILSVRC2012_val_00000046.JPEG,n03950228,725,968,0.18037988,0,imagenet_c,defocus_blur,1,none
efficientnet_b4,ILSVRC2012_val_00004522.JPEG,n03950228,725,504,0.2927656,0,imagenet_c,defocus_blur,1,none
efficientnet_b4,ILSVRC2012_val_00005557.JPEG,n03950228,725,505,0.46839935,0,imagenet_c,defocus_blur,1,none
efficientnet_b4,ILSVRC2012_val_00005609.JPEG,n03950228,725,901,0.31032467,0,imagenet_c,defocus_blur,1,none
efficientnet_b4,ILSVRC2012_val_00005766.JPEG,n03950228,725,899,0.09035778,0,imagenet_c,defocus_blur,1,none
efficientnet_b4,ILSVRC2012_val_00007469.JPEG,n03950228,725,899,0.21222721,0,imagenet_c,defocus_blur,1,none
efficientnet_b4,ILSVRC2012_val_00008882.JPEG,n03950228,725,901,0.11573178,0,imagenet_c,defocus_blur,1,none
efficientnet_b4,ILSVRC2012_val_00009107.JPEG,n03950228,725,883,0.2245602,0,imagenet_c,defocus_blur,1,none
efficientnet_b4,ILSVRC2012_val_00009598.JPEG,n03950228,725,456,0.20757675,0,imagenet_c,defocus_blur,1,none
efficientnet_b4,ILSVRC2012_val_00009934.JPEG,n03950228,725,725,0.11110955,1,imagenet_c,defocus_blur,1,none
efficientnet_b4,ILSVRC2012_val_00010004.JPEG,n03950228,725,725,0.23270187,1,imagenet_c,defocus_blur,1,none
efficientnet_b4,ILSVRC2012_val_00010264.JPEG,n03950228,725,899,0.070623875,0,imagenet_c,defocus_blur,1,none
efficientnet_b4,ILSVRC2012_val_00012506.JPEG,n03950228,725,899,0.15415496,0,imagenet_c,defocus_blur,1,none
efficientnet_b4,ILSVRC2012_val_00013590.JPEG,n03950228,725,505,0.19002397,0,imagenet_c,defocus_blur,1,none
efficientnet_b4,ILSVRC2012_val_00014822.JPEG,n03950228,725,504,0.3120829,0,imagenet_c,defocus_blur,1,none
efficientnet_b4,ILSVRC2012_val_00016358.JPEG,n03950228,725,741,0.2733081,0,imagenet_c,defocus_blur,1,none
efficientnet_b4,ILSVRC2012_val_00016541.JPEG,n03950228,725,899,0.13174771,0,imagenet_c,defocus_blur,1,none
efficientnet_b4,ILSVRC2012_val_00016920.JPEG,n03950228,725,901,0.21705258,0,imagenet_c,defocus_blur,1,none
efficientnet_b4,ILSVRC2012_val_00018324.JPEG,n03950228,725,899,0.2617315,0,imagenet_c,defocus_blur,1,none
efficientnet_b4,ILSVRC2012_val_00018614.JPEG,n03950228,725,883,0.31468242,0,imagenet_c,defocus_blur,1,none
efficientnet_b4,ILSVRC2012_val_00018978.JPEG,n03950228,725,438,0.45904267,0,imagenet_c,defocus_blur,1,none
efficientnet_b4,ILSVRC2012_val_00019039.JPEG,n03950228,725,899,0.28029567,0,imagenet_c,defocus_blur,1,none
efficientnet_b4,ILSVRC2012_val_00022580.JPEG,n03950228,725,505,0.19129153,0,imagenet_c,defocus_blur,1,none
efficientnet_b4,ILSVRC2012_val_00022820.JPEG,n03950228,725,899,0.7174061,0,imagenet_c,defocus_blur,1,none
efficientnet_b4,ILSVRC2012_val_00023172.JPEG,n03950228,725,680,0.05827875,0,imagenet_c,defocus_blur,1,none
efficientnet_b4,ILSVRC2012_val_00025049.JPEG,n03950228,725,725,0.35893652,1,imagenet_c,defocus_blur,1,none
efficientnet_b4,ILSVRC2012_val_00025568.JPEG,n03950228,725,899,0.460981,0,imagenet_c,defocus_blur,1,none
efficientnet_b4,ILSVRC2012_val_00028744.JPEG,n03950228,725,899,0.31198987,0,imagenet_c,defocus_blur,1,none
efficientnet_b4,ILSVRC2012_val_00030268.JPEG,n03950228,725,725,0.2930008,1,imagenet_c,defocus_blur,1,none
efficientnet_b4,ILSVRC2012_val_00030628.JPEG,n03950228,725,968,0.093924634,0,imagenet_c,defocus_blur,1,none
efficientnet_b4,ILSVRC2012_val_00031108.JPEG,n03950228,725,597,0.24276397,0,imagenet_c,defocus_blur,1,none
efficientnet_b4,ILSVRC2012_val_00031801.JPEG,n03950228,725,762,0.665714,0,imagenet_c,defocus_blur,1,none
efficientnet_b4,ILSVRC2012_val_00032249.JPEG,n03950228,725,666,0.15936264,0,imagenet_c,defocus_blur,1,none
efficientnet_b4,ILSVRC2012_val_00032633.JPEG,n03950228,725,901,0.39300823,0,imagenet_c,defocus_blur,1,none
efficientnet_b4,ILSVRC2012_val_00032935.JPEG,n03950228,725,969,0.1708771,0,imagenet_c,defocus_blur,1,none
efficientnet_b4,ILSVRC2012_val_00033711.JPEG,n03950228,725,901,0.2822908,0,imagenet_c,defocus_blur,1,none
efficientnet_b4,ILSVRC2012_val_00033857.JPEG,n03950228,725,725,0.37557772,1,imagenet_c,defocus_blur,1,none
efficientnet_b4,ILSVRC2012_val_00034717.JPEG,n03950228,725,901,0.74846005,0,imagenet_c,defocus_blur,1,none
efficientnet_b4,ILSVRC2012_val_00034799.JPEG,n03950228,725,849,0.35498497,0,imagenet_c,defocus_blur,1,none
efficientnet_b4,ILSVRC2012_val_00038166.JPEG,n03950228,725,899,0.45142415,0,imagenet_c,defocus_blur,1,none
efficientnet_b4,ILSVRC2012_val_00038943.JPEG,n03950228,725,725,0.18776304,1,imagenet_c,defocus_blur,1,none
efficientnet_b4,ILSVRC2012_val_00039959.JPEG,n03950228,725,899,0.2245539,0,imagenet_c,defocus_blur,1,none
efficientnet_b4,ILSVRC2012_val_00041304.JPEG,n03950228,725,899,0.43458143,0,imagenet_c,defocus_blur,1,none
efficientnet_b4,ILSVRC2012_val_00045016.JPEG,n03950228,725,899,0.32246017,0,imagenet_c,defocus_blur,1,none
efficientnet_b4,ILSVRC2012_val_00045130.JPEG,n03950228,725,849,0.23841715,0,imagenet_c,defocus_blur,1,none
efficientnet_b4,ILSVRC2012_val_00045137.JPEG,n03950228,725,899,0.7558539,0,imagenet_c,defocus_blur,1,none
efficientnet_b4,ILSVRC2012_val_00045997.JPEG,n03950228,725,901,0.40060937,0,imagenet_c,defocus_blur,1,none
efficientnet_b4,ILSVRC2012_val_00047131.JPEG,n03950228,725,899,0.21039629,0,imagenet_c,defocus_blur,1,none
efficientnet_b4,ILSVRC2012_val_00047381.JPEG,n03950228,725,606,0.20162202,0,imagenet_c,defocus_blur,1,none
efficientnet_b4,ILSVRC2012_val_00049774.JPEG,n03950228,725,849,0.21433406,0,imagenet_c,defocus_blur,1,none
efficientnet_b4,ILSVRC2012_val_00000144.JPEG,n03954731,726,726,0.6664343,1,imagenet_c,defocus_blur,1,none
efficientnet_b4,ILSVRC2012_val_00000645.JPEG,n03954731,726,726,0.20749407,1,imagenet_c,defocus_blur,1,none
efficientnet_b4,ILSVRC2012_val_00001966.JPEG,n03954731,726,726,0.69509107,1,imagenet_c,defocus_blur,1,none
efficientnet_b4,ILSVRC2012_val_00002705.JPEG,n03954731,726,726,0.62979436,1,imagenet_c,defocus_blur,1,none
efficientnet_b4,ILSVRC2012_val_00003624.JPEG,n03954731,726,726,0.72818017,1,imagenet_c,defocus_blur,1,none
efficientnet_b4,ILSVRC2012_val_00004803.JPEG,n03954731,726,726,0.6639532,1,imagenet_c,defocus_blur,1,none
efficientnet_b4,ILSVRC2012_val_00004980.JPEG,n03954731,726,674,0.3590726,0,imagenet_c,defocus_blur,1,none
efficientnet_b4,ILSVRC2012_val_00005398.JPEG,n03954731,726,726,0.5888144,1,imagenet_c,defocus_blur,1,none
efficientnet_b4,ILSVRC2012_val_00005903.JPEG,n03954731,726,726,0.34258267,1,imagenet_c,defocus_blur,1,none
efficientnet_b4,ILSVRC2012_val_00006825.JPEG,n03954731,726,726,0.7383698,1,imagenet_c,defocus_blur,1,none
efficientnet_b4,ILSVRC2012_val_00006877.JPEG,n03954731,726,726,0.6896237,1,imagenet_c,defocus_blur,1,none
efficientnet_b4,ILSVRC2012_val_00007730.JPEG,n03954731,726,726,0.6390131,1,imagenet_c,defocus_blur,1,none
efficientnet_b4,ILSVRC2012_val_00008288.JPEG,n03954731,726,726,0.5417318,1,imagenet_c,defocus_blur,1,none
efficientnet_b4,ILSVRC2012_val_00010215.JPEG,n03954731,726,726,0.19105162,1,imagenet_c,defocus_blur,1,none
efficientnet_b4,ILSVRC2012_val_00011613.JPEG,n03954731,726,726,0.76227885,1,imagenet_c,defocus_blur,1,none
efficientnet_b4,ILSVRC2012_val_00012624.JPEG,n03954731,726,726,0.6855907,1,imagenet_c,defocus_blur,1,none
efficientnet_b4,ILSVRC2012_val_00013179.JPEG,n03954731,726,726,0.7119093,1,imagenet_c,defocus_blur,1,none
efficientnet_b4,ILSVRC2012_val_00013976.JPEG,n03954731,726,726,0.57741106,1,imagenet_c,defocus_blur,1,none
efficientnet_b4,ILSVRC2012_val_00015496.JPEG,n03954731,726,726,0.27520102,1,imagenet_c,defocus_blur,1,none
efficientnet_b4,ILSVRC2012_val_00016033.JPEG,n03954731,726,726,0.7344844,1,imagenet_c,defocus_blur,1,none
efficientnet_b4,ILSVRC2012_val_00017516.JPEG,n03954731,726,726,0.65497375,1,imagenet_c,defocus_blur,1,none
efficientnet_b4,ILSVRC2012_val_00017626.JPEG,n03954731,726,726,0.70380235,1,imagenet_c,defocus_blur,1,none
efficientnet_b4,ILSVRC2012_val_00019106.JPEG,n03954731,726,726,0.6220687,1,imagenet_c,defocus_blur,1,none
efficientnet_b4,ILSVRC2012_val_00021761.JPEG,n03954731,726,726,0.73815036,1,imagenet_c,defocus_blur,1,none
efficientnet_b4,ILSVRC2012_val_00022781.JPEG,n03954731,726,202,0.060565364,0,imagenet_c,defocus_blur,1,none
efficientnet_b4,ILSVRC2012_val_00023287.JPEG,n03954731,726,726,0.50955874,1,imagenet_c,defocus_blur,1,none
efficientnet_b4,ILSVRC2012_val_00023505.JPEG,n03954731,726,726,0.57011384,1,imagenet_c,defocus_blur,1,none
efficientnet_b4,ILSVRC2012_val_00025108.JPEG,n03954731,726,722,0.07141526,0,imagenet_c,defocus_blur,1,none
efficientnet_b4,ILSVRC2012_val_00025152.JPEG,n03954731,726,726,0.8918298,1,imagenet_c,defocus_blur,1,none
efficientnet_b4,ILSVRC2012_val_00025997.JPEG,n03954731,726,726,0.7431293,1,imagenet_c,defocus_blur,1,none
efficientnet_b4,ILSVRC2012_val_00026419.JPEG,n03954731,726,726,0.7023141,1,imagenet_c,defocus_blur,1,none
efficientnet_b4,ILSVRC2012_val_00026580.JPEG,n03954731,726,726,0.71752626,1,imagenet_c,defocus_blur,1,none
efficientnet_b4,ILSVRC2012_val_00029388.JPEG,n03954731,726,693,0.20650662,0,imagenet_c,defocus_blur,1,none
efficientnet_b4,ILSVRC2012_val_00031579.JPEG,n03954731,726,726,0.6633436,1,imagenet_c,defocus_blur,1,none
efficientnet_b4,ILSVRC2012_val_00034134.JPEG,n03954731,726,726,0.7710493,1,imagenet_c,defocus_blur,1,none
efficientnet_b4,ILSVRC2012_val_00037644.JPEG,n03954731,726,726,0.3929842,1,imagenet_c,defocus_blur,1,none
efficientnet_b4,ILSVRC2012_val_00037755.JPEG,n03954731,726,519,0.063852906,0,imagenet_c,defocus_blur,1,none
efficientnet_b4,ILSVRC2012_val_00037757.JPEG,n03954731,726,726,0.70040286,1,imagenet_c,defocus_blur,1,none
efficientnet_b4,ILSVRC2012_val_00037962.JPEG,n03954731,726,902,0.094615765,0,imagenet_c,defocus_blur,1,none
efficientnet_b4,ILSVRC2012_val_00038701.JPEG,n03954731,726,726,0.5481821,1,imagenet_c,defocus_blur,1,none
efficientnet_b4,ILSVRC2012_val_00038970.JPEG,n03954731,726,726,0.3789084,1,imagenet_c,defocus_blur,1,none
efficientnet_b4,ILSVRC2012_val_00039321.JPEG,n03954731,726,726,0.60186094,1,imagenet_c,defocus_blur,1,none
efficientnet_b4,ILSVRC2012_val_00039935.JPEG,n03954731,726,726,0.7321904,1,imagenet_c,defocus_blur,1,none
efficientnet_b4,ILSVRC2012_val_00041121.JPEG,n03954731,726,726,0.06929067,1,imagenet_c,defocus_blur,1,none
efficientnet_b4,ILSVRC2012_val_00042340.JPEG,n03954731,726,726,0.76457816,1,imagenet_c,defocus_blur,1,none
efficientnet_b4,ILSVRC2012_val_00044017.JPEG,n03954731,726,726,0.71404135,1,imagenet_c,defocus_blur,1,none
efficientnet_b4,ILSVRC2012_val_00046596.JPEG,n03954731,726,726,0.70461065,1,imagenet_c,defocus_blur,1,none
efficientnet_b4,ILSVRC2012_val_00047485.JPEG,n03954731,726,726,0.6335313,1,imagenet_c,defocus_blur,1,none
efficientnet_b4,ILSVRC2012_val_00049067.JPEG,n03954731,726,844,0.13014504,0,imagenet_c,defocus_blur,1,none
efficientnet_b4,ILSVRC2012_val_00049536.JPEG,n03954731,726,674,0.3356143,0,imagenet_c,defocus_blur,1,none
efficientnet_b4,ILSVRC2012_val_00000024.JPEG,n03956157,727,727,0.7530533,1,imagenet_c,defocus_blur,1,none
efficientnet_b4,ILSVRC2012_val_00000753.JPEG,n03956157,727,727,0.75125545,1,imagenet_c,defocus_blur,1,none
efficientnet_b4,ILSVRC2012_val_00000872.JPEG,n03956157,727,727,0.67408895,1,imagenet_c,defocus_blur,1,none
efficientnet_b4,ILSVRC2012_val_00001969.JPEG,n03956157,727,727,0.6591938,1,imagenet_c,defocus_blur,1,none
efficientnet_b4,ILSVRC2012_val_00002215.JPEG,n03956157,727,727,0.6582593,1,imagenet_c,defocus_blur,1,none
efficientnet_b4,ILSVRC2012_val_00002620.JPEG,n03956157,727,727,0.6383453,1,imagenet_c,defocus_blur,1,none
efficientnet_b4,ILSVRC2012_val_00004337.JPEG,n03956157,727,727,0.62979513,1,imagenet_c,defocus_blur,1,none
efficientnet_b4,ILSVRC2012_val_00007241.JPEG,n03956157,727,727,0.49251395,1,imagenet_c,defocus_blur,1,none
efficientnet_b4,ILSVRC2012_val_00007347.JPEG,n03956157,727,727,0.6265385,1,imagenet_c,defocus_blur,1,none
efficientnet_b4,ILSVRC2012_val_00008607.JPEG,n03956157,727,727,0.84743893,1,imagenet_c,defocus_blur,1,none
efficientnet_b4,ILSVRC2012_val_00008837.JPEG,n03956157,727,727,0.67221284,1,imagenet_c,defocus_blur,1,none
efficientnet_b4,ILSVRC2012_val_00011429.JPEG,n03956157,727,727,0.63411206,1,imagenet_c,defocus_blur,1,none
efficientnet_b4,ILSVRC2012_val_00013382.JPEG,n03956157,727,727,0.65041625,1,imagenet_c,defocus_blur,1,none
efficientnet_b4,ILSVRC2012_val_00015000.JPEG,n03956157,727,727,0.5187354,1,imagenet_c,defocus_blur,1,none
efficientnet_b4,ILSVRC2012_val_00019242.JPEG,n03956157,727,727,0.5149134,1,imagenet_c,defocus_blur,1,none
efficientnet_b4,ILSVRC2012_val_00019396.JPEG,n03956157,727,727,0.5406154,1,imagenet_c,defocus_blur,1,none
efficientnet_b4,ILSVRC2012_val_00019543.JPEG,n03956157,727,727,0.7037294,1,imagenet_c,defocus_blur,1,none
efficientnet_b4,ILSVRC2012_val_00020096.JPEG,n03956157,727,727,0.6378952,1,imagenet_c,defocus_blur,1,none
efficientnet_b4,ILSVRC2012_val_00022200.JPEG,n03956157,727,727,0.7775081,1,imagenet_c,defocus_blur,1,none
efficientnet_b4,ILSVRC2012_val_00022567.JPEG,n03956157,727,727,0.6887145,1,imagenet_c,defocus_blur,1,none
efficientnet_b4,ILSVRC2012_val_00024857.JPEG,n03956157,727,727,0.6444123,1,imagenet_c,defocus_blur,1,none
efficientnet_b4,ILSVRC2012_val_00025588.JPEG,n03956157,727,727,0.21663003,1,imagenet_c,defocus_blur,1,none
efficientnet_b4,ILSVRC2012_val_00025602.JPEG,n03956157,727,727,0.75980264,1,imagenet_c,defocus_blur,1,none
efficientnet_b4,ILSVRC2012_val_00025843.JPEG,n03956157,727,727,0.62797934,1,imagenet_c,defocus_blur,1,none
efficientnet_b4,ILSVRC2012_val_00026337.JPEG,n03956157,727,727,0.55921644,1,imagenet_c,defocus_blur,1,none
efficientnet_b4,ILSVRC2012_val_00027968.JPEG,n03956157,727,727,0.6552237,1,imagenet_c,defocus_blur,1,none
efficientnet_b4,ILSVRC2012_val_00028693.JPEG,n03956157,727,727,0.55558443,1,imagenet_c,defocus_blur,1,none
efficientnet_b4,ILSVRC2012_val_00029603.JPEG,n03956157,727,848,0.061428614,0,imagenet_c,defocus_blur,1,none
efficientnet_b4,ILSVRC2012_val_00031330.JPEG,n03956157,727,727,0.6651617,1,imagenet_c,defocus_blur,1,none
efficientnet_b4,ILSVRC2012_val_00032007.JPEG,n03956157,727,727,0.65257186,1,imagenet_c,defocus_blur,1,none
efficientnet_b4,ILSVRC2012_val_00033054.JPEG,n03956157,727,727,0.43816885,1,imagenet_c,defocus_blur,1,none
efficientnet_b4,ILSVRC2012_val_00034801.JPEG,n03956157,727,727,0.68749887,1,imagenet_c,defocus_blur,1,none
efficientnet_b4,ILSVRC2012_val_00035358.JPEG,n03956157,727,727,0.65899163,1,imagenet_c,defocus_blur,1,none
efficientnet_b4,ILSVRC2012_val_00037193.JPEG,n03956157,727,727,0.62066805,1,imagenet_c,defocus_blur,1,none
efficientnet_b4,ILSVRC2012_val_00037283.JPEG,n03956157,727,727,0.7273105,1,imagenet_c,defocus_blur,1,none
efficientnet_b4,ILSVRC2012_val_00038279.JPEG,n03956157,727,727,0.4987715,1,imagenet_c,defocus_blur,1,none
efficientnet_b4,ILSVRC2012_val_00038501.JPEG,n03956157,727,727,0.83217,1,imagenet_c,defocus_blur,1,none
efficientnet_b4,ILSVRC2012_val_00039438.JPEG,n03956157,727,727,0.62048674,1,imagenet_c,defocus_blur,1,none
efficientnet_b4,ILSVRC2012_val_00041394.JPEG,n03956157,727,727,0.6564954,1,imagenet_c,defocus_blur,1,none
efficientnet_b4,ILSVRC2012_val_00041536.JPEG,n03956157,727,727,0.46813935,1,imagenet_c,defocus_blur,1,none
efficientnet_b4,ILSVRC2012_val_00041681.JPEG,n03956157,727,727,0.43097538,1,imagenet_c,defocus_blur,1,none
efficientnet_b4,ILSVRC2012_val_00042681.JPEG,n03956157,727,668,0.2740808,0,imagenet_c,defocus_blur,1,none
efficientnet_b4,ILSVRC2012_val_00042903.JPEG,n03956157,727,727,0.77020675,1,imagenet_c,defocus_blur,1,none
efficientnet_b4,ILSVRC2012_val_00044764.JPEG,n03956157,727,727,0.7007931,1,imagenet_c,defocus_blur,1,none
efficientnet_b4,ILSVRC2012_val_00045205.JPEG,n03956157,727,469,0.18294677,0,imagenet_c,defocus_blur,1,none
efficientnet_b4,ILSVRC2012_val_00045597.JPEG,n03956157,727,574,0.029359607,0,imagenet_c,defocus_blur,1,none
efficientnet_b4,ILSVRC2012_val_00045685.JPEG,n03956157,727,727,0.50707287,1,imagenet_c,defocus_blur,1,none
efficientnet_b4,ILSVRC2012_val_00046163.JPEG,n03956157,727,727,0.627749,1,imagenet_c,defocus_blur,1,none
efficientnet_b4,ILSVRC2012_val_00048866.JPEG,n03956157,727,727,0.77643067,1,imagenet_c,defocus_blur,1,none
efficientnet_b4,ILSVRC2012_val_00049306.JPEG,n03956157,727,727,0.6910826,1,imagenet_c,defocus_blur,1,none
efficientnet_b4,ILSVRC2012_val_00000722.JPEG,n03958227,728,728,0.29940587,1,imagenet_c,defocus_blur,1,none
efficientnet_b4,ILSVRC2012_val_00002885.JPEG,n03958227,728,728,0.56851226,1,imagenet_c,defocus_blur,1,none
efficientnet_b4,ILSVRC2012_val_00004066.JPEG,n03958227,728,728,0.12442036,1,imagenet_c,defocus_blur,1,none
efficientnet_b4,ILSVRC2012_val_00004566.JPEG,n03958227,728,966,0.36489442,0,imagenet_c,defocus_blur,1,none
efficientnet_b4,ILSVRC2012_val_00005406.JPEG,n03958227,728,728,0.17367318,1,imagenet_c,defocus_blur,1,none
efficientnet_b4,ILSVRC2012_val_00007326.JPEG,n03958227,728,748,0.024144473,0,imagenet_c,defocus_blur,1,none
efficientnet_b4,ILSVRC2012_val_00007768.JPEG,n03958227,728,285,0.29488003,0,imagenet_c,defocus_blur,1,none
efficientnet_b4,ILSVRC2012_val_00008350.JPEG,n03958227,728,728,0.2338544,1,imagenet_c,defocus_blur,1,none
efficientnet_b4,ILSVRC2012_val_00008622.JPEG,n03958227,728,934,0.6116393,0,imagenet_c,defocus_blur,1,none
efficientnet_b4,ILSVRC2012_val_00009389.JPEG,n03958227,728,545,0.05868389,0,imagenet_c,defocus_blur,1,none
efficientnet_b4,ILSVRC2012_val_00010802.JPEG,n03958227,728,680,0.16112512,0,imagenet_c,defocus_blur,1,none
efficientnet_b4,ILSVRC2012_val_00013823.JPEG,n03958227,728,663,0.077490486,0,imagenet_c,defocus_blur,1,none
efficientnet_b4,ILSVRC2012_val_00015317.JPEG,n03958227,728,350,0.01664036,0,imagenet_c,defocus_blur,1,none
efficientnet_b4,ILSVRC2012_val_00015775.JPEG,n03958227,728,978,0.36958903,0,imagenet_c,defocus_blur,1,none
efficientnet_b4,ILSVRC2012_val_00016320.JPEG,n03958227,728,703,0.34405747,0,imagenet_c,defocus_blur,1,none
efficientnet_b4,ILSVRC2012_val_00016551.JPEG,n03958227,728,841,0.17926678,0,imagenet_c,defocus_blur,1,none
efficientnet_b4,ILSVRC2012_val_00016676.JPEG,n03958227,728,588,0.09532024,0,imagenet_c,defocus_blur,1,none
efficientnet_b4,ILSVRC2012_val_00016850.JPEG,n03958227,728,602,0.057284586,0,imagenet_c,defocus_blur,1,none
efficientnet_b4,ILSVRC2012_val_00020834.JPEG,n03958227,728,989,0.14161319,0,imagenet_c,defocus_blur,1,none
efficientnet_b4,ILSVRC2012_val_00020845.JPEG,n03958227,728,728,0.5819662,1,imagenet_c,defocus_blur,1,none
efficientnet_b4,ILSVRC2012_val_00022428.JPEG,n03958227,728,759,0.11534111,0,imagenet_c,defocus_blur,1,none
efficientnet_b4,ILSVRC2012_val_00023547.JPEG,n03958227,728,523,0.24543314,0,imagenet_c,defocus_blur,1,none
efficientnet_b4,ILSVRC2012_val_00023831.JPEG,n03958227,728,568,0.055180684,0,imagenet_c,defocus_blur,1,none
efficientnet_b4,ILSVRC2012_val_00024003.JPEG,n03958227,728,737,0.16712643,0,imagenet_c,defocus_blur,1,none
efficientnet_b4,ILSVRC2012_val_00025860.JPEG,n03958227,728,285,0.30244935,0,imagenet_c,defocus_blur,1,none
efficientnet_b4,ILSVRC2012_val_00026875.JPEG,n03958227,728,728,0.458611,1,imagenet_c,defocus_blur,1,none
efficientnet_b4,ILSVRC2012_val_00027015.JPEG,n03958227,728,612,0.044547364,0,imagenet_c,defocus_blur,1,none
efficientnet_b4,ILSVRC2012_val_00027382.JPEG,n03958227,728,728,0.61439127,1,imagenet_c,defocus_blur,1,none
efficientnet_b4,ILSVRC2012_val_00029044.JPEG,n03958227,728,692,0.1907988,0,imagenet_c,defocus_blur,1,none
efficientnet_b4,ILSVRC2012_val_00031165.JPEG,n03958227,728,692,0.07960286,0,imagenet_c,defocus_blur,1,none
efficientnet_b4,ILSVRC2012_val_00031510.JPEG,n03958227,728,728,0.64323914,1,imagenet_c,defocus_blur,1,none
efficientnet_b4,ILSVRC2012_val_00032802.JPEG,n03958227,728,111,0.32191414,0,imagenet_c,defocus_blur,1,none
efficientnet_b4,ILSVRC2012_val_00034661.JPEG,n03958227,728,728,0.54686797,1,imagenet_c,defocus_blur,1,none
efficientnet_b4,ILSVRC2012_val_00035198.JPEG,n03958227,728,728,0.7762394,1,imagenet_c,defocus_blur,1,none
efficientnet_b4,ILSVRC2012_val_00035782.JPEG,n03958227,728,582,0.78174,0,imagenet_c,defocus_blur,1,none
efficientnet_b4,ILSVRC2012_val_00036707.JPEG,n03958227,728,728,0.57578206,1,imagenet_c,defocus_blur,1,none
efficientnet_b4,ILSVRC2012_val_00037856.JPEG,n03958227,728,585,0.15385559,0,imagenet_c,defocus_blur,1,none
efficientnet_b4,ILSVRC2012_val_00038865.JPEG,n03958227,728,522,0.036167797,0,imagenet_c,defocus_blur,1,none
efficientnet_b4,ILSVRC2012_val_00040144.JPEG,n03958227,728,610,0.36323342,0,imagenet_c,defocus_blur,1,none
efficientnet_b4,ILSVRC2012_val_00040336.JPEG,n03958227,728,439,0.049329452,0,imagenet_c,defocus_blur,1,none
efficientnet_b4,ILSVRC2012_val_00040579.JPEG,n03958227,728,728,0.4758822,1,imagenet_c,defocus_blur,1,none
efficientnet_b4,ILSVRC2012_val_00041533.JPEG,n03958227,728,728,0.79026496,1,imagenet_c,defocus_blur,1,none
efficientnet_b4,ILSVRC2012_val_00042378.JPEG,n03958227,728,855,0.10365975,0,imagenet_c,defocus_blur,1,none
efficientnet_b4,ILSVRC2012_val_00042645.JPEG,n03958227,728,416,0.04171433,0,imagenet_c,defocus_blur,1,none
efficientnet_b4,ILSVRC2012_val_00042740.JPEG,n03958227,728,728,0.6175834,1,imagenet_c,defocus_blur,1,none
efficientnet_b4,ILSVRC2012_val_00042880.JPEG,n03958227,728,870,0.04800057,0,imagenet_c,defocus_blur,1,none
efficientnet_b4,ILSVRC2012_val_00045629.JPEG,n03958227,728,728,0.3023999,1,imagenet_c,defocus_blur,1,none
efficientnet_b4,ILSVRC2012_val_00046194.JPEG,n03958227,728,616,0.2713881,0,imagenet_c,defocus_blur,1,none
efficientnet_b4,ILSVRC2012_val_00047831.JPEG,n03958227,728,728,0.33273858,1,imagenet_c,defocus_blur,1,none
efficientnet_b4,ILSVRC2012_val_00048624.JPEG,n03958227,728,728,0.6686083,1,imagenet_c,defocus_blur,1,none
efficientnet_b4,ILSVRC2012_val_00001853.JPEG,n03961711,729,729,0.2936662,1,imagenet_c,defocus_blur,1,none
efficientnet_b4,ILSVRC2012_val_00002850.JPEG,n03961711,729,729,0.49667826,1,imagenet_c,defocus_blur,1,none
efficientnet_b4,ILSVRC2012_val_00005374.JPEG,n03961711,729,534,0.3813825,0,imagenet_c,defocus_blur,1,none
efficientnet_b4,ILSVRC2012_val_00005375.JPEG,n03961711,729,729,0.22484276,1,imagenet_c,defocus_blur,1,none
efficientnet_b4,ILSVRC2012_val_00006124.JPEG,n03961711,729,676,0.045020495,0,imagenet_c,defocus_blur,1,none
efficientnet_b4,ILSVRC2012_val_00006287.JPEG,n03961711,729,729,0.6665839,1,imagenet_c,defocus_blur,1,none
efficientnet_b4,ILSVRC2012_val_00006921.JPEG,n03961711,729,729,0.7074293,1,imagenet_c,defocus_blur,1,none
efficientnet_b4,ILSVRC2012_val_00008241.JPEG,n03961711,729,860,0.09300551,0,imagenet_c,defocus_blur,1,none
efficientnet_b4,ILSVRC2012_val_00008371.JPEG,n03961711,729,729,0.5835292,1,imagenet_c,defocus_blur,1,none
efficientnet_b4,ILSVRC2012_val_00008572.JPEG,n03961711,729,760,0.22939241,0,imagenet_c,defocus_blur,1,none
efficientnet_b4,ILSVRC2012_val_00009867.JPEG,n03961711,729,548,0.23989654,0,imagenet_c,defocus_blur,1,none
efficientnet_b4,ILSVRC2012_val_00010631.JPEG,n03961711,729,729,0.24442878,1,imagenet_c,defocus_blur,1,none
efficientnet_b4,ILSVRC2012_val_00010894.JPEG,n03961711,729,729,0.66798866,1,imagenet_c,defocus_blur,1,none
efficientnet_b4,ILSVRC2012_val_00011608.JPEG,n03961711,729,473,0.1632521,0,imagenet_c,defocus_blur,1,none
efficientnet_b4,ILSVRC2012_val_00012649.JPEG,n03961711,729,729,0.4654895,1,imagenet_c,defocus_blur,1,none
efficientnet_b4,ILSVRC2012_val_00014249.JPEG,n03961711,729,466,0.032918792,0,imagenet_c,defocus_blur,1,none
efficientnet_b4,ILSVRC2012_val_00014748.JPEG,n03961711,729,729,0.51910204,1,imagenet_c,defocus_blur,1,none
efficientnet_b4,ILSVRC2012_val_00015364.JPEG,n03961711,729,729,0.32393044,1,imagenet_c,defocus_blur,1,none
efficientnet_b4,ILSVRC2012_val_00016064.JPEG,n03961711,729,729,0.5416871,1,imagenet_c,defocus_blur,1,none
efficientnet_b4,ILSVRC2012_val_00016375.JPEG,n03961711,729,729,0.4572383,1,imagenet_c,defocus_blur,1,none
efficientnet_b4,ILSVRC2012_val_00017668.JPEG,n03961711,729,648,0.31547713,0,imagenet_c,defocus_blur,1,none
efficientnet_b4,ILSVRC2012_val_00019084.JPEG,n03961711,729,534,0.6998142,0,imagenet_c,defocus_blur,1,none
efficientnet_b4,ILSVRC2012_val_00020253.JPEG,n03961711,729,729,0.5509499,1,imagenet_c,defocus_blur,1,none
efficientnet_b4,ILSVRC2012_val_00020554.JPEG,n03961711,729,534,0.08428679,0,imagenet_c,defocus_blur,1,none
efficientnet_b4,ILSVRC2012_val_00022290.JPEG,n03961711,729,729,0.66480666,1,imagenet_c,defocus_blur,1,none
efficientnet_b4,ILSVRC2012_val_00022716.JPEG,n03961711,729,729,0.250556,1,imagenet_c,defocus_blur,1,none
efficientnet_b4,ILSVRC2012_val_00026724.JPEG,n03961711,729,760,0.118028864,0,imagenet_c,defocus_blur,1,none
efficientnet_b4,ILSVRC2012_val_00027388.JPEG,n03961711,729,692,0.2433621,0,imagenet_c,defocus_blur,1,none
efficientnet_b4,ILSVRC2012_val_00027431.JPEG,n03961711,729,729,0.26945233,1,imagenet_c,defocus_blur,1,none
efficientnet_b4,ILSVRC2012_val_00027552.JPEG,n03961711,729,729,0.37002632,1,imagenet_c,defocus_blur,1,none
efficientnet_b4,ILSVRC2012_val_00028126.JPEG,n03961711,729,659,0.36779654,0,imagenet_c,defocus_blur,1,none
efficientnet_b4,ILSVRC2012_val_00029613.JPEG,n03961711,729,729,0.46820197,1,imagenet_c,defocus_blur,1,none
efficientnet_b4,ILSVRC2012_val_00030763.JPEG,n03961711,729,729,0.66636646,1,imagenet_c,defocus_blur,1,none
efficientnet_b4,ILSVRC2012_val_00033665.JPEG,n03961711,729,729,0.6057588,1,imagenet_c,defocus_blur,1,none
efficientnet_b4,ILSVRC2012_val_00034169.JPEG,n03961711,729,729,0.2508321,1,imagenet_c,defocus_blur,1,none
efficientnet_b4,ILSVRC2012_val_00034549.JPEG,n03961711,729,729,0.51938707,1,imagenet_c,defocus_blur,1,none
efficientnet_b4,ILSVRC2012_val_00034683.JPEG,n03961711,729,881,0.09921928,0,imagenet_c,defocus_blur,1,none
efficientnet_b4,ILSVRC2012_val_00037251.JPEG,n03961711,729,729,0.6220216,1,imagenet_c,defocus_blur,1,none
efficientnet_b4,ILSVRC2012_val_00037441.JPEG,n03961711,729,729,0.19420701,1,imagenet_c,defocus_blur,1,none
efficientnet_b4,ILSVRC2012_val_00038366.JPEG,n03961711,729,729,0.23776716,1,imagenet_c,defocus_blur,1,none
efficientnet_b4,ILSVRC2012_val_00039193.JPEG,n03961711,729,548,0.29440513,0,imagenet_c,defocus_blur,1,none
efficientnet_b4,ILSVRC2012_val_00040142.JPEG,n03961711,729,720,0.096292295,0,imagenet_c,defocus_blur,1,none
efficientnet_b4,ILSVRC2012_val_00040900.JPEG,n03961711,729,648,0.16479991,0,imagenet_c,defocus_blur,1,none
efficientnet_b4,ILSVRC2012_val_00041237.JPEG,n03961711,729,651,0.2073666,0,imagenet_c,defocus_blur,1,none
efficientnet_b4,ILSVRC2012_val_00042329.JPEG,n03961711,729,729,0.5155172,1,imagenet_c,defocus_blur,1,none
efficientnet_b4,ILSVRC2012_val_00042539.JPEG,n03961711,729,729,0.3891881,1,imagenet_c,defocus_blur,1,none
efficientnet_b4,ILSVRC2012_val_00044063.JPEG,n03961711,729,729,0.50144416,1,imagenet_c,defocus_blur,1,none
efficientnet_b4,ILSVRC2012_val_00044071.JPEG,n03961711,729,412,0.3832738,0,imagenet_c,defocus_blur,1,none
efficientnet_b4,ILSVRC2012_val_00045246.JPEG,n03961711,729,495,0.27637878,0,imagenet_c,defocus_blur,1,none
efficientnet_b4,ILSVRC2012_val_00047310.JPEG,n03961711,729,729,0.4327148,1,imagenet_c,defocus_blur,1,none
efficientnet_b4,ILSVRC2012_val_00000292.JPEG,n03967562,730,856,0.33137196,0,imagenet_c,defocus_blur,1,none
efficientnet_b4,ILSVRC2012_val_00000840.JPEG,n03967562,730,129,0.024231277,0,imagenet_c,defocus_blur,1,none
efficientnet_b4,ILSVRC2012_val_00000968.JPEG,n03967562,730,730,0.62475854,1,imagenet_c,defocus_blur,1,none
efficientnet_b4,ILSVRC2012_val_00002134.JPEG,n03967562,730,730,0.5954411,1,imagenet_c,defocus_blur,1,none
efficientnet_b4,ILSVRC2012_val_00003086.JPEG,n03967562,730,730,0.45272022,1,imagenet_c,defocus_blur,1,none
efficientnet_b4,ILSVRC2012_val_00004305.JPEG,n03967562,730,730,0.054846477,1,imagenet_c,defocus_blur,1,none
efficientnet_b4,ILSVRC2012_val_00005373.JPEG,n03967562,730,912,0.6197591,0,imagenet_c,defocus_blur,1,none
efficientnet_b4,ILSVRC2012_val_00007078.JPEG,n03967562,730,730,0.46506485,1,imagenet_c,defocus_blur,1,none
efficientnet_b4,ILSVRC2012_val_00009442.JPEG,n03967562,730,730,0.07237428,1,imagenet_c,defocus_blur,1,none
efficientnet_b4,ILSVRC2012_val_00010642.JPEG,n03967562,730,730,0.08902596,1,imagenet_c,defocus_blur,1,none
efficientnet_b4,ILSVRC2012_val_00016041.JPEG,n03967562,730,346,0.16569197,0,imagenet_c,defocus_blur,1,none
efficientnet_b4,ILSVRC2012_val_00019458.JPEG,n03967562,730,313,0.0156757,0,imagenet_c,defocus_blur,1,none
efficientnet_b4,ILSVRC2012_val_00019662.JPEG,n03967562,730,730,0.21181826,1,imagenet_c,defocus_blur,1,none
efficientnet_b4,ILSVRC2012_val_00019675.JPEG,n03967562,730,730,0.37453055,1,imagenet_c,defocus_blur,1,none
efficientnet_b4,ILSVRC2012_val_00020960.JPEG,n03967562,730,730,0.37052363,1,imagenet_c,defocus_blur,1,none
efficientnet_b4,ILSVRC2012_val_00021178.JPEG,n03967562,730,792,0.05030283,0,imagenet_c,defocus_blur,1,none
efficientnet_b4,ILSVRC2012_val_00021264.JPEG,n03967562,730,730,0.4187096,1,imagenet_c,defocus_blur,1,none
efficientnet_b4,ILSVRC2012_val_00021898.JPEG,n03967562,730,730,0.08815351,1,imagenet_c,defocus_blur,1,none
efficientnet_b4,ILSVRC2012_val_00022524.JPEG,n03967562,730,730,0.09482834,1,imagenet_c,defocus_blur,1,none
efficientnet_b4,ILSVRC2012_val_00022829.JPEG,n03967562,730,730,0.16420324,1,imagenet_c,defocus_blur,1,none
efficientnet_b4,ILSVRC2012_val_00023368.JPEG,n03967562,730,730,0.55975926,1,imagenet_c,defocus_blur,1,none
efficientnet_b4,ILSVRC2012_val_00023747.JPEG,n03967562,730,730,0.39548528,1,imagenet_c,defocus_blur,1,none
efficientnet_b4,ILSVRC2012_val_00024276.JPEG,n03967562,730,730,0.045427896,1,imagenet_c,defocus_blur,1,none
efficientnet_b4,ILSVRC2012_val_00024414.JPEG,n03967562,730,730,0.2958825,1,imagenet_c,defocus_blur,1,none
efficientnet_b4,ILSVRC2012_val_00024846.JPEG,n03967562,730,730,0.30279484,1,imagenet_c,defocus_blur,1,none
efficientnet_b4,ILSVRC2012_val_00025740.JPEG,n03967562,730,730,0.43785948,1,imagenet_c,defocus_blur,1,none
efficientnet_b4,ILSVRC2012_val_00025752.JPEG,n03967562,730,856,0.06231214,0,imagenet_c,defocus_blur,1,none
efficientnet_b4,ILSVRC2012_val_00026890.JPEG,n03967562,730,730,0.25876,1,imagenet_c,defocus_blur,1,none
efficientnet_b4,ILSVRC2012_val_00027285.JPEG,n03967562,730,730,0.1630453,1,imagenet_c,defocus_blur,1,none
efficientnet_b4,ILSVRC2012_val_00027567.JPEG,n03967562,730,730,0.3109913,1,imagenet_c,defocus_blur,1,none
efficientnet_b4,ILSVRC2012_val_00027606.JPEG,n03967562,730,730,0.60969913,1,imagenet_c,defocus_blur,1,none
efficientnet_b4,ILSVRC2012_val_00027610.JPEG,n03967562,730,649,0.12981375,0,imagenet_c,defocus_blur,1,none
efficientnet_b4,ILSVRC2012_val_00028038.JPEG,n03967562,730,9,0.0741458,0,imagenet_c,defocus_blur,1,none
efficientnet_b4,ILSVRC2012_val_00028236.JPEG,n03967562,730,912,0.35298508,0,imagenet_c,defocus_blur,1,none
efficientnet_b4,ILSVRC2012_val_00028608.JPEG,n03967562,730,730,0.0731019,1,imagenet_c,defocus_blur,1,none
efficientnet_b4,ILSVRC2012_val_00029000.JPEG,n03967562,730,399,0.071877636,0,imagenet_c,defocus_blur,1,none
efficientnet_b4,ILSVRC2012_val_00029750.JPEG,n03967562,730,730,0.6941312,1,imagenet_c,defocus_blur,1,none
efficientnet_b4,ILSVRC2012_val_00030925.JPEG,n03967562,730,730,0.6463031,1,imagenet_c,defocus_blur,1,none
efficientnet_b4,ILSVRC2012_val_00031552.JPEG,n03967562,730,621,0.13130933,0,imagenet_c,defocus_blur,1,none
efficientnet_b4,ILSVRC2012_val_00032082.JPEG,n03967562,730,8,0.20049293,0,imagenet_c,defocus_blur,1,none
efficientnet_b4,ILSVRC2012_val_00032110.JPEG,n03967562,730,730,0.8044193,1,imagenet_c,defocus_blur,1,none
efficientnet_b4,ILSVRC2012_val_00038074.JPEG,n03967562,730,730,0.5289345,1,imagenet_c,defocus_blur,1,none
efficientnet_b4,ILSVRC2012_val_00038945.JPEG,n03967562,730,856,0.3189945,0,imagenet_c,defocus_blur,1,none
efficientnet_b4,ILSVRC2012_val_00040062.JPEG,n03967562,730,730,0.65165764,1,imagenet_c,defocus_blur,1,none
efficientnet_b4,ILSVRC2012_val_00040821.JPEG,n03967562,730,345,0.43626204,0,imagenet_c,defocus_blur,1,none
efficientnet_b4,ILSVRC2012_val_00041847.JPEG,n03967562,730,979,0.0413443,0,imagenet_c,defocus_blur,1,none
efficientnet_b4,ILSVRC2012_val_00041970.JPEG,n03967562,730,574,0.038510937,0,imagenet_c,defocus_blur,1,none
efficientnet_b4,ILSVRC2012_val_00047330.JPEG,n03967562,730,730,0.82962584,1,imagenet_c,defocus_blur,1,none
efficientnet_b4,ILSVRC2012_val_00047855.JPEG,n03967562,730,730,0.5808008,1,imagenet_c,defocus_blur,1,none
efficientnet_b4,ILSVRC2012_val_00048703.JPEG,n03967562,730,730,0.096343584,1,imagenet_c,defocus_blur,1,none
efficientnet_b4,ILSVRC2012_val_00002729.JPEG,n03970156,731,842,0.091522776,0,imagenet_c,defocus_blur,1,none
efficientnet_b4,ILSVRC2012_val_00004123.JPEG,n03970156,731,731,0.7915351,1,imagenet_c,defocus_blur,1,none
efficientnet_b4,ILSVRC2012_val_00005311.JPEG,n03970156,731,752,0.07016535,0,imagenet_c,defocus_blur,1,none
efficientnet_b4,ILSVRC2012_val_00006502.JPEG,n03970156,731,731,0.8948217,1,imagenet_c,defocus_blur,1,none
efficientnet_b4,ILSVRC2012_val_00006905.JPEG,n03970156,731,731,0.85552716,1,imagenet_c,defocus_blur,1,none
efficientnet_b4,ILSVRC2012_val_00008755.JPEG,n03970156,731,731,0.904113,1,imagenet_c,defocus_blur,1,none
efficientnet_b4,ILSVRC2012_val_00009433.JPEG,n03970156,731,731,0.82218075,1,imagenet_c,defocus_blur,1,none
efficientnet_b4,ILSVRC2012_val_00009623.JPEG,n03970156,731,731,0.1706666,1,imagenet_c,defocus_blur,1,none
efficientnet_b4,ILSVRC2012_val_00011268.JPEG,n03970156,731,584,0.6864839,0,imagenet_c,defocus_blur,1,none
efficientnet_b4,ILSVRC2012_val_00011529.JPEG,n03970156,731,463,0.5552387,0,imagenet_c,defocus_blur,1,none
efficientnet_b4,ILSVRC2012_val_00011609.JPEG,n03970156,731,416,0.0679959,0,imagenet_c,defocus_blur,1,none
efficientnet_b4,ILSVRC2012_val_00011969.JPEG,n03970156,731,731,0.38497597,1,imagenet_c,defocus_blur,1,none
efficientnet_b4,ILSVRC2012_val_00015016.JPEG,n03970156,731,731,0.86330265,1,imagenet_c,defocus_blur,1,none
efficientnet_b4,ILSVRC2012_val_00015058.JPEG,n03970156,731,731,0.41661358,1,imagenet_c,defocus_blur,1,none
efficientnet_b4,ILSVRC2012_val_00015315.JPEG,n03970156,731,731,0.78649396,1,imagenet_c,defocus_blur,1,none
efficientnet_b4,ILSVRC2012_val_00015919.JPEG,n03970156,731,960,0.13063912,0,imagenet_c,defocus_blur,1,none
efficientnet_b4,ILSVRC2012_val_00018401.JPEG,n03970156,731,731,0.109802075,1,imagenet_c,defocus_blur,1,none
efficientnet_b4,ILSVRC2012_val_00019150.JPEG,n03970156,731,882,0.3335533,0,imagenet_c,defocus_blur,1,none
efficientnet_b4,ILSVRC2012_val_00019576.JPEG,n03970156,731,731,0.97428846,1,imagenet_c,defocus_blur,1,none
efficientnet_b4,ILSVRC2012_val_00022380.JPEG,n03970156,731,731,0.9965553,1,imagenet_c,defocus_blur,1,none
efficientnet_b4,ILSVRC2012_val_00022579.JPEG,n03970156,731,829,0.06262326,0,imagenet_c,defocus_blur,1,none
efficientnet_b4,ILSVRC2012_val_00023997.JPEG,n03970156,731,582,0.06514339,0,imagenet_c,defocus_blur,1,none
efficientnet_b4,ILSVRC2012_val_00024002.JPEG,n03970156,731,865,0.06102041,0,imagenet_c,defocus_blur,1,none
efficientnet_b4,ILSVRC2012_val_00024484.JPEG,n03970156,731,543,0.095263496,0,imagenet_c,defocus_blur,1,none
efficientnet_b4,ILSVRC2012_val_00024638.JPEG,n03970156,731,880,0.13028355,0,imagenet_c,defocus_blur,1,none
efficientnet_b4,ILSVRC2012_val_00027340.JPEG,n03970156,731,731,0.5637632,1,imagenet_c,defocus_blur,1,none
efficientnet_b4,ILSVRC2012_val_00027554.JPEG,n03970156,731,644,0.13138783,0,imagenet_c,defocus_blur,1,none
efficientnet_b4,ILSVRC2012_val_00027934.JPEG,n03970156,731,731,0.55791914,1,imagenet_c,defocus_blur,1,none
efficientnet_b4,ILSVRC2012_val_00028218.JPEG,n03970156,731,880,0.29859078,0,imagenet_c,defocus_blur,1,none
efficientnet_b4,ILSVRC2012_val_00028223.JPEG,n03970156,731,505,0.17403835,0,imagenet_c,defocus_blur,1,none
efficientnet_b4,ILSVRC2012_val_00030886.JPEG,n03970156,731,577,0.102856494,0,imagenet_c,defocus_blur,1,none
efficientnet_b4,ILSVRC2012_val_00031624.JPEG,n03970156,731,731,0.979131,1,imagenet_c,defocus_blur,1,none
efficientnet_b4,ILSVRC2012_val_00031958.JPEG,n03970156,731,731,0.75271773,1,imagenet_c,defocus_blur,1,none
efficientnet_b4,ILSVRC2012_val_00032246.JPEG,n03970156,731,861,0.29509637,0,imagenet_c,defocus_blur,1,none
efficientnet_b4,ILSVRC2012_val_00032437.JPEG,n03970156,731,805,0.16454354,0,imagenet_c,defocus_blur,1,none
efficientnet_b4,ILSVRC2012_val_00033292.JPEG,n03970156,731,731,0.24638943,1,imagenet_c,defocus_blur,1,none
efficientnet_b4,ILSVRC2012_val_00033787.JPEG,n03970156,731,774,0.11674084,0,imagenet_c,defocus_blur,1,none
efficientnet_b4,ILSVRC2012_val_00035780.JPEG,n03970156,731,731,0.7793336,1,imagenet_c,defocus_blur,1,none
efficientnet_b4,ILSVRC2012_val_00036020.JPEG,n03970156,731,747,0.15306488,0,imagenet_c,defocus_blur,1,none
efficientnet_b4,ILSVRC2012_val_00038210.JPEG,n03970156,731,731,0.8218241,1,imagenet_c,defocus_blur,1,none
efficientnet_b4,ILSVRC2012_val_00040215.JPEG,n03970156,731,859,0.0310628,0,imagenet_c,defocus_blur,1,none
efficientnet_b4,ILSVRC2012_val_00041302.JPEG,n03970156,731,731,0.686722,1,imagenet_c,defocus_blur,1,none
efficientnet_b4,ILSVRC2012_val_00044213.JPEG,n03970156,731,613,0.046761572,0,imagenet_c,defocus_blur,1,none
efficientnet_b4,ILSVRC2012_val_00046038.JPEG,n03970156,731,731,0.25900978,1,imagenet_c,defocus_blur,1,none
efficientnet_b4,ILSVRC2012_val_00046400.JPEG,n03970156,731,612,0.060814958,0,imagenet_c,defocus_blur,1,none
efficientnet_b4,ILSVRC2012_val_00047475.JPEG,n03970156,731,731,0.3508805,1,imagenet_c,defocus_blur,1,none
efficientnet_b4,ILSVRC2012_val_00047886.JPEG,n03970156,731,741,0.16725565,0,imagenet_c,defocus_blur,1,none
efficientnet_b4,ILSVRC2012_val_00048130.JPEG,n03970156,731,731,0.17525335,1,imagenet_c,defocus_blur,1,none
efficientnet_b4,ILSVRC2012_val_00048793.JPEG,n03970156,731,731,0.42527962,1,imagenet_c,defocus_blur,1,none
efficientnet_b4,ILSVRC2012_val_00048797.JPEG,n03970156,731,731,0.36897027,1,imagenet_c,defocus_blur,1,none
efficientnet_b4,ILSVRC2012_val_00000765.JPEG,n03976467,732,732,0.6811056,1,imagenet_c,defocus_blur,1,none
efficientnet_b4,ILSVRC2012_val_00001298.JPEG,n03976467,732,732,0.3577828,1,imagenet_c,defocus_blur,1,none
efficientnet_b4,ILSVRC2012_val_00001973.JPEG,n03976467,732,732,0.51242346,1,imagenet_c,defocus_blur,1,none
efficientnet_b4,ILSVRC2012_val_00001978.JPEG,n03976467,732,732,0.48310554,1,imagenet_c,defocus_blur,1,none
efficientnet_b4,ILSVRC2012_val_00002951.JPEG,n03976467,732,589,0.16864799,0,imagenet_c,defocus_blur,1,none
efficientnet_b4,ILSVRC2012_val_00006478.JPEG,n03976467,732,732,0.55095834,1,imagenet_c,defocus_blur,1,none
efficientnet_b4,ILSVRC2012_val_00006506.JPEG,n03976467,732,732,0.49039268,1,imagenet_c,defocus_blur,1,none
efficientnet_b4,ILSVRC2012_val_00007099.JPEG,n03976467,732,732,0.5885202,1,imagenet_c,defocus_blur,1,none
efficientnet_b4,ILSVRC2012_val_00007918.JPEG,n03976467,732,732,0.4920044,1,imagenet_c,defocus_blur,1,none
efficientnet_b4,ILSVRC2012_val_00008476.JPEG,n03976467,732,485,0.11737153,0,imagenet_c,defocus_blur,1,none
efficientnet_b4,ILSVRC2012_val_00008666.JPEG,n03976467,732,590,0.16870074,0,imagenet_c,defocus_blur,1,none
efficientnet_b4,ILSVRC2012_val_00009106.JPEG,n03976467,732,732,0.48740014,1,imagenet_c,defocus_blur,1,none
efficientnet_b4,ILSVRC2012_val_00010922.JPEG,n03976467,732,759,0.6310061,0,imagenet_c,defocus_blur,1,none
efficientnet_b4,ILSVRC2012_val_00011561.JPEG,n03976467,732,732,0.58893,1,imagenet_c,defocus_blur,1,none
efficientnet_b4,ILSVRC2012_val_00011833.JPEG,n03976467,732,732,0.57620823,1,imagenet_c,defocus_blur,1,none
efficientnet_b4,ILSVRC2012_val_00011954.JPEG,n03976467,732,732,0.6312614,1,imagenet_c,defocus_blur,1,none
efficientnet_b4,ILSVRC2012_val_00012287.JPEG,n03976467,732,585,0.28463095,0,imagenet_c,defocus_blur,1,none
efficientnet_b4,ILSVRC2012_val_00014850.JPEG,n03976467,732,732,0.5087382,1,imagenet_c,defocus_blur,1,none
efficientnet_b4,ILSVRC2012_val_00015052.JPEG,n03976467,732,732,0.45814124,1,imagenet_c,defocus_blur,1,none
efficientnet_b4,ILSVRC2012_val_00015736.JPEG,n03976467,732,732,0.42095578,1,imagenet_c,defocus_blur,1,none
efficientnet_b4,ILSVRC2012_val_00016006.JPEG,n03976467,732,732,0.46659607,1,imagenet_c,defocus_blur,1,none
efficientnet_b4,ILSVRC2012_val_00017870.JPEG,n03976467,732,732,0.42402506,1,imagenet_c,defocus_blur,1,none
efficientnet_b4,ILSVRC2012_val_00017894.JPEG,n03976467,732,732,0.48874375,1,imagenet_c,defocus_blur,1,none
efficientnet_b4,ILSVRC2012_val_00018451.JPEG,n03976467,732,732,0.5152672,1,imagenet_c,defocus_blur,1,none
efficientnet_b4,ILSVRC2012_val_00020713.JPEG,n03976467,732,482,0.15812314,0,imagenet_c,defocus_blur,1,none
efficientnet_b4,ILSVRC2012_val_00020918.JPEG,n03976467,732,732,0.83725286,1,imagenet_c,defocus_blur,1,none
efficientnet_b4,ILSVRC2012_val_00021117.JPEG,n03976467,732,691,0.15157662,0,imagenet_c,defocus_blur,1,none
efficientnet_b4,ILSVRC2012_val_00021198.JPEG,n03976467,732,732,0.52396864,1,imagenet_c,defocus_blur,1,none
efficientnet_b4,ILSVRC2012_val_00023529.JPEG,n03976467,732,732,0.31064683,1,imagenet_c,defocus_blur,1,none
efficientnet_b4,ILSVRC2012_val_00028460.JPEG,n03976467,732,732,0.40629682,1,imagenet_c,defocus_blur,1,none
efficientnet_b4,ILSVRC2012_val_00028479.JPEG,n03976467,732,732,0.39776447,1,imagenet_c,defocus_blur,1,none
efficientnet_b4,ILSVRC2012_val_00029395.JPEG,n03976467,732,732,0.2323241,1,imagenet_c,defocus_blur,1,none
efficientnet_b4,ILSVRC2012_val_00031284.JPEG,n03976467,732,732,0.49602756,1,imagenet_c,defocus_blur,1,none
efficientnet_b4,ILSVRC2012_val_00031616.JPEG,n03976467,732,732,0.77747065,1,imagenet_c,defocus_blur,1,none
efficientnet_b4,ILSVRC2012_val_00032480.JPEG,n03976467,732,732,0.5620883,1,imagenet_c,defocus_blur,1,none
efficientnet_b4,ILSVRC2012_val_00032721.JPEG,n03976467,732,732,0.6610129,1,imagenet_c,defocus_blur,1,none
efficientnet_b4,ILSVRC2012_val_00033699.JPEG,n03976467,732,732,0.5419516,1,imagenet_c,defocus_blur,1,none
efficientnet_b4,ILSVRC2012_val_00035515.JPEG,n03976467,732,759,0.30462122,0,imagenet_c,defocus_blur,1,none
efficientnet_b4,ILSVRC2012_val_00035621.JPEG,n03976467,732,732,0.4100927,1,imagenet_c,defocus_blur,1,none
efficientnet_b4,ILSVRC2012_val_00037223.JPEG,n03976467,732,732,0.51857555,1,imagenet_c,defocus_blur,1,none
efficientnet_b4,ILSVRC2012_val_00037321.JPEG,n03976467,732,732,0.413766,1,imagenet_c,defocus_blur,1,none
efficientnet_b4,ILSVRC2012_val_00039500.JPEG,n03976467,732,732,0.39718837,1,imagenet_c,defocus_blur,1,none
efficientnet_b4,ILSVRC2012_val_00039731.JPEG,n03976467,732,732,0.263284,1,imagenet_c,defocus_blur,1,none
efficientnet_b4,ILSVRC2012_val_00041585.JPEG,n03976467,732,732,0.5722654,1,imagenet_c,defocus_blur,1,none
efficientnet_b4,ILSVRC2012_val_00042635.JPEG,n03976467,732,732,0.5184568,1,imagenet_c,defocus_blur,1,none
efficientnet_b4,ILSVRC2012_val_00044372.JPEG,n03976467,732,732,0.32919222,1,imagenet_c,defocus_blur,1,none
efficientnet_b4,ILSVRC2012_val_00045344.JPEG,n03976467,732,732,0.6505698,1,imagenet_c,defocus_blur,1,none
efficientnet_b4,ILSVRC2012_val_00046033.JPEG,n03976467,732,732,0.57055616,1,imagenet_c,defocus_blur,1,none
efficientnet_b4,ILSVRC2012_val_00047323.JPEG,n03976467,732,732,0.59667087,1,imagenet_c,defocus_blur,1,none
efficientnet_b4,ILSVRC2012_val_00049014.JPEG,n03976467,732,732,0.31228182,1,imagenet_c,defocus_blur,1,none
efficientnet_b4,ILSVRC2012_val_00000334.JPEG,n03976657,733,602,0.0675814,0,imagenet_c,defocus_blur,1,none
efficientnet_b4,ILSVRC2012_val_00000676.JPEG,n03976657,733,851,0.17715293,0,imagenet_c,defocus_blur,1,none
efficientnet_b4,ILSVRC2012_val_00002567.JPEG,n03976657,733,456,0.12614353,0,imagenet_c,defocus_blur,1,none
efficientnet_b4,ILSVRC2012_val_00002819.JPEG,n03976657,733,733,0.22763,1,imagenet_c,defocus_blur,1,none
efficientnet_b4,ILSVRC2012_val_00006103.JPEG,n03976657,733,835,0.21193299,0,imagenet_c,defocus_blur,1,none
efficientnet_b4,ILSVRC2012_val_00006976.JPEG,n03976657,733,733,0.020023154,1,imagenet_c,defocus_blur,1,none
efficientnet_b4,ILSVRC2012_val_00007408.JPEG,n03976657,733,475,0.050052173,0,imagenet_c,defocus_blur,1,none
efficientnet_b4,ILSVRC2012_val_00010561.JPEG,n03976657,733,758,0.5193281,0,imagenet_c,defocus_blur,1,none
efficientnet_b4,ILSVRC2012_val_00012001.JPEG,n03976657,733,733,0.09377943,1,imagenet_c,defocus_blur,1,none
efficientnet_b4,ILSVRC2012_val_00012459.JPEG,n03976657,733,890,0.24095726,0,imagenet_c,defocus_blur,1,none
efficientnet_b4,ILSVRC2012_val_00015179.JPEG,n03976657,733,704,0.14631145,0,imagenet_c,defocus_blur,1,none
efficientnet_b4,ILSVRC2012_val_00015391.JPEG,n03976657,733,867,0.18145822,0,imagenet_c,defocus_blur,1,none
efficientnet_b4,ILSVRC2012_val_00015796.JPEG,n03976657,733,920,0.061163753,0,imagenet_c,defocus_blur,1,none
efficientnet_b4,ILSVRC2012_val_00016349.JPEG,n03976657,733,733,0.28279555,1,imagenet_c,defocus_blur,1,none
efficientnet_b4,ILSVRC2012_val_00018564.JPEG,n03976657,733,557,0.288177,0,imagenet_c,defocus_blur,1,none
efficientnet_b4,ILSVRC2012_val_00019093.JPEG,n03976657,733,645,0.5512117,0,imagenet_c,defocus_blur,1,none
efficientnet_b4,ILSVRC2012_val_00019140.JPEG,n03976657,733,733,0.32173768,1,imagenet_c,defocus_blur,1,none
efficientnet_b4,ILSVRC2012_val_00019249.JPEG,n03976657,733,733,0.45884275,1,imagenet_c,defocus_blur,1,none
efficientnet_b4,ILSVRC2012_val_00019758.JPEG,n03976657,733,702,0.19079742,0,imagenet_c,defocus_blur,1,none
efficientnet_b4,ILSVRC2012_val_00020111.JPEG,n03976657,733,255,0.031146301,0,imagenet_c,defocus_blur,1,none
efficientnet_b4,ILSVRC2012_val_00021371.JPEG,n03976657,733,475,0.046121754,0,imagenet_c,defocus_blur,1,none
efficientnet_b4,ILSVRC2012_val_00022023.JPEG,n03976657,733,574,0.048729315,0,imagenet_c,defocus_blur,1,none
efficientnet_b4,ILSVRC2012_val_00022177.JPEG,n03976657,733,437,0.03650432,0,imagenet_c,defocus_blur,1,none
efficientnet_b4,ILSVRC2012_val_00022774.JPEG,n03976657,733,574,0.0407753,0,imagenet_c,defocus_blur,1,none
efficientnet_b4,ILSVRC2012_val_00025270.JPEG,n03976657,733,733,0.104899794,1,imagenet_c,defocus_blur,1,none
efficientnet_b4,ILSVRC2012_val_00025930.JPEG,n03976657,733,733,0.54097825,1,imagenet_c,defocus_blur,1,none
efficientnet_b4,ILSVRC2012_val_00026436.JPEG,n03976657,733,733,0.41255662,1,imagenet_c,defocus_blur,1,none
efficientnet_b4,ILSVRC2012_val_00026833.JPEG,n03976657,733,880,0.1422993,0,imagenet_c,defocus_blur,1,none
efficientnet_b4,ILSVRC2012_val_00026898.JPEG,n03976657,733,733,0.5511742,1,imagenet_c,defocus_blur,1,none
efficientnet_b4,ILSVRC2012_val_00028457.JPEG,n03976657,733,733,0.032053072,1,imagenet_c,defocus_blur,1,none
efficientnet_b4,ILSVRC2012_val_00029182.JPEG,n03976657,733,523,0.30696544,0,imagenet_c,defocus_blur,1,none
efficientnet_b4,ILSVRC2012_val_00030045.JPEG,n03976657,733,733,0.4496934,1,imagenet_c,defocus_blur,1,none
efficientnet_b4,ILSVRC2012_val_00030439.JPEG,n03976657,733,733,0.14459078,1,imagenet_c,defocus_blur,1,none
efficientnet_b4,ILSVRC2012_val_00031473.JPEG,n03976657,733,574,0.11236407,0,imagenet_c,defocus_blur,1,none
efficientnet_b4,ILSVRC2012_val_00033730.JPEG,n03976657,733,494,0.06613508,0,imagenet_c,defocus_blur,1,none
efficientnet_b4,ILSVRC2012_val_00035364.JPEG,n03976657,733,107,0.57408595,0,imagenet_c,defocus_blur,1,none
efficientnet_b4,ILSVRC2012_val_00036239.JPEG,n03976657,733,602,0.111209005,0,imagenet_c,defocus_blur,1,none
efficientnet_b4,ILSVRC2012_val_00038951.JPEG,n03976657,733,602,0.3873146,0,imagenet_c,defocus_blur,1,none
efficientnet_b4,ILSVRC2012_val_00039309.JPEG,n03976657,733,475,0.09568341,0,imagenet_c,defocus_blur,1,none
efficientnet_b4,ILSVRC2012_val_00039631.JPEG,n03976657,733,733,0.38974997,1,imagenet_c,defocus_blur,1,none
efficientnet_b4,ILSVRC2012_val_00043517.JPEG,n03976657,733,872,0.18089557,0,imagenet_c,defocus_blur,1,none
efficientnet_b4,ILSVRC2012_val_00043573.JPEG,n03976657,733,733,0.23206525,1,imagenet_c,defocus_blur,1,none
efficientnet_b4,ILSVRC2012_val_00044719.JPEG,n03976657,733,645,0.15635802,0,imagenet_c,defocus_blur,1,none
efficientnet_b4,ILSVRC2012_val_00044779.JPEG,n03976657,733,819,0.20207553,0,imagenet_c,defocus_blur,1,none
efficientnet_b4,ILSVRC2012_val_00045218.JPEG,n03976657,733,144,0.16076453,0,imagenet_c,defocus_blur,1,none
efficientnet_b4,ILSVRC2012_val_00045738.JPEG,n03976657,733,702,0.05518824,0,imagenet_c,defocus_blur,1,none
efficientnet_b4,ILSVRC2012_val_00046123.JPEG,n03976657,733,522,0.20102197,0,imagenet_c,defocus_blur,1,none
efficientnet_b4,ILSVRC2012_val_00048208.JPEG,n03976657,733,574,0.027197175,0,imagenet_c,defocus_blur,1,none
efficientnet_b4,ILSVRC2012_val_00048353.JPEG,n03976657,733,540,0.039509818,0,imagenet_c,defocus_blur,1,none
efficientnet_b4,ILSVRC2012_val_00049381.JPEG,n03976657,733,703,0.036038626,0,imagenet_c,defocus_blur,1,none
efficientnet_b4,ILSVRC2012_val_00000452.JPEG,n03977966,734,734,0.6705203,1,imagenet_c,defocus_blur,1,none
efficientnet_b4,ILSVRC2012_val_00001143.JPEG,n03977966,734,734,0.47609094,1,imagenet_c,defocus_blur,1,none
efficientnet_b4,ILSVRC2012_val_00003121.JPEG,n03977966,734,734,0.5456881,1,imagenet_c,defocus_blur,1,none
efficientnet_b4,ILSVRC2012_val_00003966.JPEG,n03977966,734,734,0.53191584,1,imagenet_c,defocus_blur,1,none
efficientnet_b4,ILSVRC2012_val_00004130.JPEG,n03977966,734,734,0.26355594,1,imagenet_c,defocus_blur,1,none
efficientnet_b4,ILSVRC2012_val_00004211.JPEG,n03977966,734,734,0.43068054,1,imagenet_c,defocus_blur,1,none
efficientnet_b4,ILSVRC2012_val_00004319.JPEG,n03977966,734,407,0.10689847,0,imagenet_c,defocus_blur,1,none
efficientnet_b4,ILSVRC2012_val_00004930.JPEG,n03977966,734,734,0.5630754,1,imagenet_c,defocus_blur,1,none
efficientnet_b4,ILSVRC2012_val_00005345.JPEG,n03977966,734,734,0.41036716,1,imagenet_c,defocus_blur,1,none
efficientnet_b4,ILSVRC2012_val_00006786.JPEG,n03977966,734,734,0.6052309,1,imagenet_c,defocus_blur,1,none
efficientnet_b4,ILSVRC2012_val_00007655.JPEG,n03977966,734,654,0.30891407,0,imagenet_c,defocus_blur,1,none
efficientnet_b4,ILSVRC2012_val_00007844.JPEG,n03977966,734,734,0.4729165,1,imagenet_c,defocus_blur,1,none
efficientnet_b4,ILSVRC2012_val_00008953.JPEG,n03977966,734,654,0.5749021,0,imagenet_c,defocus_blur,1,none
efficientnet_b4,ILSVRC2012_val_00009917.JPEG,n03977966,734,734,0.6875264,1,imagenet_c,defocus_blur,1,none
efficientnet_b4,ILSVRC2012_val_00010166.JPEG,n03977966,734,407,0.25812423,0,imagenet_c,defocus_blur,1,none
efficientnet_b4,ILSVRC2012_val_00010650.JPEG,n03977966,734,734,0.5586057,1,imagenet_c,defocus_blur,1,none
efficientnet_b4,ILSVRC2012_val_00011461.JPEG,n03977966,734,734,0.78448796,1,imagenet_c,defocus_blur,1,none
efficientnet_b4,ILSVRC2012_val_00012199.JPEG,n03977966,734,734,0.62232095,1,imagenet_c,defocus_blur,1,none
efficientnet_b4,ILSVRC2012_val_00014660.JPEG,n03977966,734,734,0.2320248,1,imagenet_c,defocus_blur,1,none
efficientnet_b4,ILSVRC2012_val_00015758.JPEG,n03977966,734,468,0.279379,0,imagenet_c,defocus_blur,1,none
efficientnet_b4,ILSVRC2012_val_00016091.JPEG,n03977966,734,734,0.65154094,1,imagenet_c,defocus_blur,1,none
efficientnet_b4,ILSVRC2012_val_00020382.JPEG,n03977966,734,734,0.5578881,1,imagenet_c,defocus_blur,1,none
efficientnet_b4,ILSVRC2012_val_00020853.JPEG,n03977966,734,734,0.39726138,1,imagenet_c,defocus_blur,1,none
efficientnet_b4,ILSVRC2012_val_00021717.JPEG,n03977966,734,468,0.13767645,0,imagenet_c,defocus_blur,1,none
efficientnet_b4,ILSVRC2012_val_00022743.JPEG,n03977966,734,734,0.24958715,1,imagenet_c,defocus_blur,1,none
efficientnet_b4,ILSVRC2012_val_00022807.JPEG,n03977966,734,675,0.7117239,0,imagenet_c,defocus_blur,1,none
efficientnet_b4,ILSVRC2012_val_00023057.JPEG,n03977966,734,919,0.07569257,0,imagenet_c,defocus_blur,1,none
efficientnet_b4,ILSVRC2012_val_00023323.JPEG,n03977966,734,734,0.38565838,1,imagenet_c,defocus_blur,1,none
efficientnet_b4,ILSVRC2012_val_00024761.JPEG,n03977966,734,734,0.43106067,1,imagenet_c,defocus_blur,1,none
efficientnet_b4,ILSVRC2012_val_00026126.JPEG,n03977966,734,734,0.7662979,1,imagenet_c,defocus_blur,1,none
efficientnet_b4,ILSVRC2012_val_00027383.JPEG,n03977966,734,734,0.15325733,1,imagenet_c,defocus_blur,1,none
efficientnet_b4,ILSVRC2012_val_00029106.JPEG,n03977966,734,734,0.4029589,1,imagenet_c,defocus_blur,1,none
efficientnet_b4,ILSVRC2012_val_00030038.JPEG,n03977966,734,734,0.30832627,1,imagenet_c,defocus_blur,1,none
efficientnet_b4,ILSVRC2012_val_00030765.JPEG,n03977966,734,407,0.249193,0,imagenet_c,defocus_blur,1,none
efficientnet_b4,ILSVRC2012_val_00033376.JPEG,n03977966,734,407,0.30381373,0,imagenet_c,defocus_blur,1,none
efficientnet_b4,ILSVRC2012_val_00033738.JPEG,n03977966,734,734,0.2851841,1,imagenet_c,defocus_blur,1,none
efficientnet_b4,ILSVRC2012_val_00033923.JPEG,n03977966,734,704,0.039949074,0,imagenet_c,defocus_blur,1,none
efficientnet_b4,ILSVRC2012_val_00034103.JPEG,n03977966,734,734,0.6805768,1,imagenet_c,defocus_blur,1,none
efficientnet_b4,ILSVRC2012_val_00034511.JPEG,n03977966,734,817,0.12890409,0,imagenet_c,defocus_blur,1,none
efficientnet_b4,ILSVRC2012_val_00035221.JPEG,n03977966,734,734,0.5809171,1,imagenet_c,defocus_blur,1,none
efficientnet_b4,ILSVRC2012_val_00036046.JPEG,n03977966,734,468,0.13368312,0,imagenet_c,defocus_blur,1,none
efficientnet_b4,ILSVRC2012_val_00036375.JPEG,n03977966,734,864,0.15362032,0,imagenet_c,defocus_blur,1,none
efficientnet_b4,ILSVRC2012_val_00036592.JPEG,n03977966,734,734,0.6089313,1,imagenet_c,defocus_blur,1,none
efficientnet_b4,ILSVRC2012_val_00040075.JPEG,n03977966,734,734,0.6251415,1,imagenet_c,defocus_blur,1,none
efficientnet_b4,ILSVRC2012_val_00040406.JPEG,n03977966,734,734,0.7035946,1,imagenet_c,defocus_blur,1,none
efficientnet_b4,ILSVRC2012_val_00042366.JPEG,n03977966,734,734,0.5609883,1,imagenet_c,defocus_blur,1,none
efficientnet_b4,ILSVRC2012_val_00042710.JPEG,n03977966,734,734,0.10003301,1,imagenet_c,defocus_blur,1,none
efficientnet_b4,ILSVRC2012_val_00043114.JPEG,n03977966,734,704,0.057956684,0,imagenet_c,defocus_blur,1,none
efficientnet_b4,ILSVRC2012_val_00044943.JPEG,n03977966,734,654,0.17251655,0,imagenet_c,defocus_blur,1,none
efficientnet_b4,ILSVRC2012_val_00046876.JPEG,n03977966,734,675,0.29330423,0,imagenet_c,defocus_blur,1,none
efficientnet_b4,ILSVRC2012_val_00004159.JPEG,n03980874,735,501,0.5579923,0,imagenet_c,defocus_blur,1,none
efficientnet_b4,ILSVRC2012_val_00005176.JPEG,n03980874,735,735,0.5985042,1,imagenet_c,defocus_blur,1,none
efficientnet_b4,ILSVRC2012_val_00005834.JPEG,n03980874,735,911,0.17706972,0,imagenet_c,defocus_blur,1,none
efficientnet_b4,ILSVRC2012_val_00006436.JPEG,n03980874,735,735,0.15299575,1,imagenet_c,defocus_blur,1,none
efficientnet_b4,ILSVRC2012_val_00006624.JPEG,n03980874,735,735,0.6071311,1,imagenet_c,defocus_blur,1,none
efficientnet_b4,ILSVRC2012_val_00007095.JPEG,n03980874,735,735,0.21901415,1,imagenet_c,defocus_blur,1,none
efficientnet_b4,ILSVRC2012_val_00008581.JPEG,n03980874,735,735,0.054683175,1,imagenet_c,defocus_blur,1,none
efficientnet_b4,ILSVRC2012_val_00009900.JPEG,n03980874,735,400,0.21489842,0,imagenet_c,defocus_blur,1,none
efficientnet_b4,ILSVRC2012_val_00010067.JPEG,n03980874,735,735,0.15604104,1,imagenet_c,defocus_blur,1,none
efficientnet_b4,ILSVRC2012_val_00011397.JPEG,n03980874,735,501,0.6114983,0,imagenet_c,defocus_blur,1,none
efficientnet_b4,ILSVRC2012_val_00011490.JPEG,n03980874,735,735,0.6848785,1,imagenet_c,defocus_blur,1,none
efficientnet_b4,ILSVRC2012_val_00011849.JPEG,n03980874,735,735,0.40843067,1,imagenet_c,defocus_blur,1,none
efficientnet_b4,ILSVRC2012_val_00012576.JPEG,n03980874,735,885,0.35933396,0,imagenet_c,defocus_blur,1,none
efficientnet_b4,ILSVRC2012_val_00013567.JPEG,n03980874,735,735,0.6514369,1,imagenet_c,defocus_blur,1,none
efficientnet_b4,ILSVRC2012_val_00015208.JPEG,n03980874,735,735,0.68101907,1,imagenet_c,defocus_blur,1,none
efficientnet_b4,ILSVRC2012_val_00015841.JPEG,n03980874,735,735,0.7241947,1,imagenet_c,defocus_blur,1,none
efficientnet_b4,ILSVRC2012_val_00015930.JPEG,n03980874,735,735,0.65047365,1,imagenet_c,defocus_blur,1,none
efficientnet_b4,ILSVRC2012_val_00017658.JPEG,n03980874,735,501,0.25684407,0,imagenet_c,defocus_blur,1,none
efficientnet_b4,ILSVRC2012_val_00022655.JPEG,n03980874,735,735,0.6054035,1,imagenet_c,defocus_blur,1,none
efficientnet_b4,ILSVRC2012_val_00022861.JPEG,n03980874,735,735,0.73841727,1,imagenet_c,defocus_blur,1,none
efficientnet_b4,ILSVRC2012_val_00023665.JPEG,n03980874,735,911,0.15519837,0,imagenet_c,defocus_blur,1,none
efficientnet_b4,ILSVRC2012_val_00027107.JPEG,n03980874,735,614,0.09471336,0,imagenet_c,defocus_blur,1,none
efficientnet_b4,ILSVRC2012_val_00027952.JPEG,n03980874,735,735,0.41747743,1,imagenet_c,defocus_blur,1,none
efficientnet_b4,ILSVRC2012_val_00028293.JPEG,n03980874,735,735,0.8674687,1,imagenet_c,defocus_blur,1,none
efficientnet_b4,ILSVRC2012_val_00028456.JPEG,n03980874,735,735,0.2995892,1,imagenet_c,defocus_blur,1,none
efficientnet_b4,ILSVRC2012_val_00029114.JPEG,n03980874,735,735,0.5730935,1,imagenet_c,defocus_blur,1,none
efficientnet_b4,ILSVRC2012_val_00029677.JPEG,n03980874,735,735,0.48238558,1,imagenet_c,defocus_blur,1,none
efficientnet_b4,ILSVRC2012_val_00030147.JPEG,n03980874,735,735,0.54171973,1,imagenet_c,defocus_blur,1,none
efficientnet_b4,ILSVRC2012_val_00030259.JPEG,n03980874,735,906,0.54113543,0,imagenet_c,defocus_blur,1,none
efficientnet_b4,ILSVRC2012_val_00030625.JPEG,n03980874,735,735,0.6923132,1,imagenet_c,defocus_blur,1,none
efficientnet_b4,ILSVRC2012_val_00032883.JPEG,n03980874,735,735,0.3423241,1,imagenet_c,defocus_blur,1,none
efficientnet_b4,ILSVRC2012_val_00032899.JPEG,n03980874,735,474,0.045391507,0,imagenet_c,defocus_blur,1,none
efficientnet_b4,ILSVRC2012_val_00035150.JPEG,n03980874,735,972,0.06692754,0,imagenet_c,defocus_blur,1,none
efficientnet_b4,ILSVRC2012_val_00036507.JPEG,n03980874,735,735,0.76003176,1,imagenet_c,defocus_blur,1,none
efficientnet_b4,ILSVRC2012_val_00039869.JPEG,n03980874,735,728,0.7365572,0,imagenet_c,defocus_blur,1,none
efficientnet_b4,ILSVRC2012_val_00041833.JPEG,n03980874,735,735,0.26670423,1,imagenet_c,defocus_blur,1,none
efficientnet_b4,ILSVRC2012_val_00042518.JPEG,n03980874,735,824,0.0937611,0,imagenet_c,defocus_blur,1,none
efficientnet_b4,ILSVRC2012_val_00043665.JPEG,n03980874,735,575,0.03767947,0,imagenet_c,defocus_blur,1,none
efficientnet_b4,ILSVRC2012_val_00043919.JPEG,n03980874,735,568,0.12933931,0,imagenet_c,defocus_blur,1,none
efficientnet_b4,ILSVRC2012_val_00044689.JPEG,n03980874,735,153,0.103944756,0,imagenet_c,defocus_blur,1,none
efficientnet_b4,ILSVRC2012_val_00044812.JPEG,n03980874,735,775,0.40852287,0,imagenet_c,defocus_blur,1,none
efficientnet_b4,ILSVRC2012_val_00045221.JPEG,n03980874,735,452,0.099698596,0,imagenet_c,defocus_blur,1,none
efficientnet_b4,ILSVRC2012_val_00045587.JPEG,n03980874,735,735,0.8236668,1,imagenet_c,defocus_blur,1,none
efficientnet_b4,ILSVRC2012_val_00045806.JPEG,n03980874,735,735,0.3033854,1,imagenet_c,defocus_blur,1,none
efficientnet_b4,ILSVRC2012_val_00046886.JPEG,n03980874,735,735,0.73155445,1,imagenet_c,defocus_blur,1,none
efficientnet_b4,ILSVRC2012_val_00047428.JPEG,n03980874,735,735,0.6794042,1,imagenet_c,defocus_blur,1,none
efficientnet_b4,ILSVRC2012_val_00048173.JPEG,n03980874,735,689,0.28048885,0,imagenet_c,defocus_blur,1,none
efficientnet_b4,ILSVRC2012_val_00048366.JPEG,n03980874,735,735,0.6260683,1,imagenet_c,defocus_blur,1,none
efficientnet_b4,ILSVRC2012_val_00048407.JPEG,n03980874,735,735,0.6103296,1,imagenet_c,defocus_blur,1,none
efficientnet_b4,ILSVRC2012_val_00048787.JPEG,n03980874,735,911,0.46439257,0,imagenet_c,defocus_blur,1,none
efficientnet_b4,ILSVRC2012_val_00002385.JPEG,n03982430,736,736,0.56646323,1,imagenet_c,defocus_blur,1,none
efficientnet_b4,ILSVRC2012_val_00004246.JPEG,n03982430,736,736,0.50257075,1,imagenet_c,defocus_blur,1,none
efficientnet_b4,ILSVRC2012_val_00005857.JPEG,n03982430,736,736,0.6233929,1,imagenet_c,defocus_blur,1,none
efficientnet_b4,ILSVRC2012_val_00006974.JPEG,n03982430,736,736,0.6826111,1,imagenet_c,defocus_blur,1,none
efficientnet_b4,ILSVRC2012_val_00007106.JPEG,n03982430,736,736,0.6162672,1,imagenet_c,defocus_blur,1,none
efficientnet_b4,ILSVRC2012_val_00007285.JPEG,n03982430,736,808,0.1321838,0,imagenet_c,defocus_blur,1,none
efficientnet_b4,ILSVRC2012_val_00009796.JPEG,n03982430,736,736,0.617547,1,imagenet_c,defocus_blur,1,none
efficientnet_b4,ILSVRC2012_val_00010341.JPEG,n03982430,736,736,0.65554476,1,imagenet_c,defocus_blur,1,none
efficientnet_b4,ILSVRC2012_val_00010890.JPEG,n03982430,736,823,0.022953685,0,imagenet_c,defocus_blur,1,none
efficientnet_b4,ILSVRC2012_val_00011197.JPEG,n03982430,736,736,0.6005184,1,imagenet_c,defocus_blur,1,none
efficientnet_b4,ILSVRC2012_val_00015435.JPEG,n03982430,736,736,0.686668,1,imagenet_c,defocus_blur,1,none
efficientnet_b4,ILSVRC2012_val_00015537.JPEG,n03982430,736,736,0.5386211,1,imagenet_c,defocus_blur,1,none
efficientnet_b4,ILSVRC2012_val_00017419.JPEG,n03982430,736,736,0.71107316,1,imagenet_c,defocus_blur,1,none
efficientnet_b4,ILSVRC2012_val_00019726.JPEG,n03982430,736,736,0.24163619,1,imagenet_c,defocus_blur,1,none
efficientnet_b4,ILSVRC2012_val_00022228.JPEG,n03982430,736,736,0.52938986,1,imagenet_c,defocus_blur,1,none
efficientnet_b4,ILSVRC2012_val_00022594.JPEG,n03982430,736,736,0.8442385,1,imagenet_c,defocus_blur,1,none
efficientnet_b4,ILSVRC2012_val_00023590.JPEG,n03982430,736,736,0.49200797,1,imagenet_c,defocus_blur,1,none
efficientnet_b4,ILSVRC2012_val_00023851.JPEG,n03982430,736,736,0.55968714,1,imagenet_c,defocus_blur,1,none
efficientnet_b4,ILSVRC2012_val_00023993.JPEG,n03982430,736,736,0.4619673,1,imagenet_c,defocus_blur,1,none
efficientnet_b4,ILSVRC2012_val_00025625.JPEG,n03982430,736,736,0.7481594,1,imagenet_c,defocus_blur,1,none
efficientnet_b4,ILSVRC2012_val_00025940.JPEG,n03982430,736,736,0.11735846,1,imagenet_c,defocus_blur,1,none
efficientnet_b4,ILSVRC2012_val_00025950.JPEG,n03982430,736,736,0.6827923,1,imagenet_c,defocus_blur,1,none
efficientnet_b4,ILSVRC2012_val_00026014.JPEG,n03982430,736,736,0.5838057,1,imagenet_c,defocus_blur,1,none
efficientnet_b4,ILSVRC2012_val_00027278.JPEG,n03982430,736,736,0.54056734,1,imagenet_c,defocus_blur,1,none
efficientnet_b4,ILSVRC2012_val_00028566.JPEG,n03982430,736,736,0.57538444,1,imagenet_c,defocus_blur,1,none
efficientnet_b4,ILSVRC2012_val_00029099.JPEG,n03982430,736,736,0.7618682,1,imagenet_c,defocus_blur,1,none
efficientnet_b4,ILSVRC2012_val_00029391.JPEG,n03982430,736,634,0.34450826,0,imagenet_c,defocus_blur,1,none
efficientnet_b4,ILSVRC2012_val_00029438.JPEG,n03982430,736,736,0.5279954,1,imagenet_c,defocus_blur,1,none
efficientnet_b4,ILSVRC2012_val_00029863.JPEG,n03982430,736,736,0.7160114,1,imagenet_c,defocus_blur,1,none
efficientnet_b4,ILSVRC2012_val_00029955.JPEG,n03982430,736,736,0.6939947,1,imagenet_c,defocus_blur,1,none
efficientnet_b4,ILSVRC2012_val_00030301.JPEG,n03982430,736,736,0.6585089,1,imagenet_c,defocus_blur,1,none
efficientnet_b4,ILSVRC2012_val_00030833.JPEG,n03982430,736,736,0.7026956,1,imagenet_c,defocus_blur,1,none
efficientnet_b4,ILSVRC2012_val_00032782.JPEG,n03982430,736,736,0.54869163,1,imagenet_c,defocus_blur,1,none
efficientnet_b4,ILSVRC2012_val_00033217.JPEG,n03982430,736,736,0.5383467,1,imagenet_c,defocus_blur,1,none
efficientnet_b4,ILSVRC2012_val_00033424.JPEG,n03982430,736,736,0.7703815,1,imagenet_c,defocus_blur,1,none
efficientnet_b4,ILSVRC2012_val_00033543.JPEG,n03982430,736,736,0.8683399,1,imagenet_c,defocus_blur,1,none
efficientnet_b4,ILSVRC2012_val_00033709.JPEG,n03982430,736,819,0.096355155,0,imagenet_c,defocus_blur,1,none
efficientnet_b4,ILSVRC2012_val_00034059.JPEG,n03982430,736,736,0.092923254,1,imagenet_c,defocus_blur,1,none
efficientnet_b4,ILSVRC2012_val_00037815.JPEG,n03982430,736,736,0.6208135,1,imagenet_c,defocus_blur,1,none
efficientnet_b4,ILSVRC2012_val_00039791.JPEG,n03982430,736,736,0.83888555,1,imagenet_c,defocus_blur,1,none
efficientnet_b4,ILSVRC2012_val_00041365.JPEG,n03982430,736,736,0.2796404,1,imagenet_c,defocus_blur,1,none
efficientnet_b4,ILSVRC2012_val_00042092.JPEG,n03982430,736,736,0.49342808,1,imagenet_c,defocus_blur,1,none
efficientnet_b4,ILSVRC2012_val_00042266.JPEG,n03982430,736,736,0.52402556,1,imagenet_c,defocus_blur,1,none
efficientnet_b4,ILSVRC2012_val_00043143.JPEG,n03982430,736,736,0.5772282,1,imagenet_c,defocus_blur,1,none
efficientnet_b4,ILSVRC2012_val_00044617.JPEG,n03982430,736,736,0.6720732,1,imagenet_c,defocus_blur,1,none
efficientnet_b4,ILSVRC2012_val_00046005.JPEG,n03982430,736,736,0.5714432,1,imagenet_c,defocus_blur,1,none
efficientnet_b4,ILSVRC2012_val_00046262.JPEG,n03982430,736,736,0.6457901,1,imagenet_c,defocus_blur,1,none
efficientnet_b4,ILSVRC2012_val_00046837.JPEG,n03982430,736,736,0.6045223,1,imagenet_c,defocus_blur,1,none
efficientnet_b4,ILSVRC2012_val_00047176.JPEG,n03982430,736,736,0.6408518,1,imagenet_c,defocus_blur,1,none
efficientnet_b4,ILSVRC2012_val_00049434.JPEG,n03982430,736,736,0.68198055,1,imagenet_c,defocus_blur,1,none
efficientnet_b4,ILSVRC2012_val_00001970.JPEG,n03983396,737,585,0.57312214,0,imagenet_c,defocus_blur,1,none
efficientnet_b4,ILSVRC2012_val_00003393.JPEG,n03983396,737,737,0.35914406,1,imagenet_c,defocus_blur,1,none
efficientnet_b4,ILSVRC2012_val_00004059.JPEG,n03983396,737,737,0.53862894,1,imagenet_c,defocus_blur,1,none
efficientnet_b4,ILSVRC2012_val_00005664.JPEG,n03983396,737,737,0.47206387,1,imagenet_c,defocus_blur,1,none
efficientnet_b4,ILSVRC2012_val_00006274.JPEG,n03983396,737,737,0.111153185,1,imagenet_c,defocus_blur,1,none
efficientnet_b4,ILSVRC2012_val_00007141.JPEG,n03983396,737,737,0.5830986,1,imagenet_c,defocus_blur,1,none
efficientnet_b4,ILSVRC2012_val_00008313.JPEG,n03983396,737,737,0.23036903,1,imagenet_c,defocus_blur,1,none
efficientnet_b4,ILSVRC2012_val_00008437.JPEG,n03983396,737,899,0.16437292,0,imagenet_c,defocus_blur,1,none
efficientnet_b4,ILSVRC2012_val_00008501.JPEG,n03983396,737,737,0.62976956,1,imagenet_c,defocus_blur,1,none
efficientnet_b4,ILSVRC2012_val_00008584.JPEG,n03983396,737,737,0.48860094,1,imagenet_c,defocus_blur,1,none
efficientnet_b4,ILSVRC2012_val_00009620.JPEG,n03983396,737,440,0.18315265,0,imagenet_c,defocus_blur,1,none
efficientnet_b4,ILSVRC2012_val_00011279.JPEG,n03983396,737,631,0.10063362,0,imagenet_c,defocus_blur,1,none
efficientnet_b4,ILSVRC2012_val_00011692.JPEG,n03983396,737,865,0.13345964,0,imagenet_c,defocus_blur,1,none
efficientnet_b4,ILSVRC2012_val_00012540.JPEG,n03983396,737,440,0.19805983,0,imagenet_c,defocus_blur,1,none
efficientnet_b4,ILSVRC2012_val_00012891.JPEG,n03983396,737,737,0.2464783,1,imagenet_c,defocus_blur,1,none
efficientnet_b4,ILSVRC2012_val_00012996.JPEG,n03983396,737,418,0.12674718,0,imagenet_c,defocus_blur,1,none
efficientnet_b4,ILSVRC2012_val_00014426.JPEG,n03983396,737,440,0.28987527,0,imagenet_c,defocus_blur,1,none
efficientnet_b4,ILSVRC2012_val_00016248.JPEG,n03983396,737,863,0.36776814,0,imagenet_c,defocus_blur,1,none
efficientnet_b4,ILSVRC2012_val_00016671.JPEG,n03983396,737,737,0.3571317,1,imagenet_c,defocus_blur,1,none
efficientnet_b4,ILSVRC2012_val_00017697.JPEG,n03983396,737,737,0.43068975,1,imagenet_c,defocus_blur,1,none
efficientnet_b4,ILSVRC2012_val_00017913.JPEG,n03983396,737,440,0.13589637,0,imagenet_c,defocus_blur,1,none
efficientnet_b4,ILSVRC2012_val_00018513.JPEG,n03983396,737,468,0.050242875,0,imagenet_c,defocus_blur,1,none
efficientnet_b4,ILSVRC2012_val_00018646.JPEG,n03983396,737,737,0.5439721,1,imagenet_c,defocus_blur,1,none
efficientnet_b4,ILSVRC2012_val_00018919.JPEG,n03983396,737,737,0.53860074,1,imagenet_c,defocus_blur,1,none
efficientnet_b4,ILSVRC2012_val_00019540.JPEG,n03983396,737,585,0.17441282,0,imagenet_c,defocus_blur,1,none
efficientnet_b4,ILSVRC2012_val_00022079.JPEG,n03983396,737,737,0.30914333,1,imagenet_c,defocus_blur,1,none
efficientnet_b4,ILSVRC2012_val_00023580.JPEG,n03983396,737,455,0.09863194,0,imagenet_c,defocus_blur,1,none
efficientnet_b4,ILSVRC2012_val_00024471.JPEG,n03983396,737,737,0.5821548,1,imagenet_c,defocus_blur,1,none
efficientnet_b4,ILSVRC2012_val_00024815.JPEG,n03983396,737,737,0.28099906,1,imagenet_c,defocus_blur,1,none
efficientnet_b4,ILSVRC2012_val_00024985.JPEG,n03983396,737,737,0.44804218,1,imagenet_c,defocus_blur,1,none
efficientnet_b4,ILSVRC2012_val_00025986.JPEG,n03983396,737,760,0.57551605,0,imagenet_c,defocus_blur,1,none
efficientnet_b4,ILSVRC2012_val_00027359.JPEG,n03983396,737,737,0.38228738,1,imagenet_c,defocus_blur,1,none
efficientnet_b4,ILSVRC2012_val_00028328.JPEG,n03983396,737,440,0.47668856,0,imagenet_c,defocus_blur,1,none
efficientnet_b4,ILSVRC2012_val_00028581.JPEG,n03983396,737,778,0.054877892,0,imagenet_c,defocus_blur,1,none
efficientnet_b4,ILSVRC2012_val_00029146.JPEG,n03983396,737,440,0.33029097,0,imagenet_c,defocus_blur,1,none
efficientnet_b4,ILSVRC2012_val_00030143.JPEG,n03983396,737,737,0.19310917,1,imagenet_c,defocus_blur,1,none
efficientnet_b4,ILSVRC2012_val_00030749.JPEG,n03983396,737,710,0.06318637,0,imagenet_c,defocus_blur,1,none
efficientnet_b4,ILSVRC2012_val_00032559.JPEG,n03983396,737,898,0.7608867,0,imagenet_c,defocus_blur,1,none
efficientnet_b4,ILSVRC2012_val_00032636.JPEG,n03983396,737,737,0.34500796,1,imagenet_c,defocus_blur,1,none
efficientnet_b4,ILSVRC2012_val_00033968.JPEG,n03983396,737,737,0.5064666,1,imagenet_c,defocus_blur,1,none
efficientnet_b4,ILSVRC2012_val_00035504.JPEG,n03983396,737,440,0.18308976,0,imagenet_c,defocus_blur,1,none
efficientnet_b4,ILSVRC2012_val_00036742.JPEG,n03983396,737,440,0.25446638,0,imagenet_c,defocus_blur,1,none
efficientnet_b4,ILSVRC2012_val_00037192.JPEG,n03983396,737,898,0.3424881,0,imagenet_c,defocus_blur,1,none
efficientnet_b4,ILSVRC2012_val_00038651.JPEG,n03983396,737,737,0.36921555,1,imagenet_c,defocus_blur,1,none
efficientnet_b4,ILSVRC2012_val_00039229.JPEG,n03983396,737,737,0.52096444,1,imagenet_c,defocus_blur,1,none
efficientnet_b4,ILSVRC2012_val_00039941.JPEG,n03983396,737,737,0.22845599,1,imagenet_c,defocus_blur,1,none
efficientnet_b4,ILSVRC2012_val_00042367.JPEG,n03983396,737,737,0.23784493,1,imagenet_c,defocus_blur,1,none
efficientnet_b4,ILSVRC2012_val_00044205.JPEG,n03983396,737,737,0.5451102,1,imagenet_c,defocus_blur,1,none
efficientnet_b4,ILSVRC2012_val_00044297.JPEG,n03983396,737,737,0.270378,1,imagenet_c,defocus_blur,1,none
efficientnet_b4,ILSVRC2012_val_00045396.JPEG,n03983396,737,582,0.45901394,0,imagenet_c,defocus_blur,1,none
efficientnet_b4,ILSVRC2012_val_00001919.JPEG,n03991062,738,738,0.2785043,1,imagenet_c,defocus_blur,1,none
efficientnet_b4,ILSVRC2012_val_00002437.JPEG,n03991062,738,738,0.61787724,1,imagenet_c,defocus_blur,1,none
efficientnet_b4,ILSVRC2012_val_00006804.JPEG,n03991062,738,738,0.34040612,1,imagenet_c,defocus_blur,1,none
efficientnet_b4,ILSVRC2012_val_00008259.JPEG,n03991062,738,738,0.077338256,1,imagenet_c,defocus_blur,1,none
efficientnet_b4,ILSVRC2012_val_00008277.JPEG,n03991062,738,738,0.17702012,1,imagenet_c,defocus_blur,1,none
efficientnet_b4,ILSVRC2012_val_00011668.JPEG,n03991062,738,738,0.20426041,1,imagenet_c,defocus_blur,1,none
efficientnet_b4,ILSVRC2012_val_00012306.JPEG,n03991062,738,738,0.36431736,1,imagenet_c,defocus_blur,1,none
efficientnet_b4,ILSVRC2012_val_00012647.JPEG,n03991062,738,738,0.056713246,1,imagenet_c,defocus_blur,1,none
efficientnet_b4,ILSVRC2012_val_00014135.JPEG,n03991062,738,738,0.3407538,1,imagenet_c,defocus_blur,1,none
efficientnet_b4,ILSVRC2012_val_00014693.JPEG,n03991062,738,653,0.46044004,0,imagenet_c,defocus_blur,1,none
efficientnet_b4,ILSVRC2012_val_00015248.JPEG,n03991062,738,738,0.37765917,1,imagenet_c,defocus_blur,1,none
efficientnet_b4,ILSVRC2012_val_00016454.JPEG,n03991062,738,738,0.044994563,1,imagenet_c,defocus_blur,1,none
efficientnet_b4,ILSVRC2012_val_00017802.JPEG,n03991062,738,944,0.33963954,0,imagenet_c,defocus_blur,1,none
efficientnet_b4,ILSVRC2012_val_00018488.JPEG,n03991062,738,738,0.5247383,1,imagenet_c,defocus_blur,1,none
efficientnet_b4,ILSVRC2012_val_00019718.JPEG,n03991062,738,738,0.5004356,1,imagenet_c,defocus_blur,1,none
efficientnet_b4,ILSVRC2012_val_00020210.JPEG,n03991062,738,738,0.24495402,1,imagenet_c,defocus_blur,1,none
efficientnet_b4,ILSVRC2012_val_00020288.JPEG,n03991062,738,738,0.08546545,1,imagenet_c,defocus_blur,1,none
efficientnet_b4,ILSVRC2012_val_00020387.JPEG,n03991062,738,738,0.1614667,1,imagenet_c,defocus_blur,1,none
efficientnet_b4,ILSVRC2012_val_00022423.JPEG,n03991062,738,738,0.7136963,1,imagenet_c,defocus_blur,1,none
efficientnet_b4,ILSVRC2012_val_00024143.JPEG,n03991062,738,738,0.38200364,1,imagenet_c,defocus_blur,1,none
efficientnet_b4,ILSVRC2012_val_00024174.JPEG,n03991062,738,738,0.7090019,1,imagenet_c,defocus_blur,1,none
efficientnet_b4,ILSVRC2012_val_00024712.JPEG,n03991062,738,738,0.28514257,1,imagenet_c,defocus_blur,1,none
efficientnet_b4,ILSVRC2012_val_00024716.JPEG,n03991062,738,738,0.6401848,1,imagenet_c,defocus_blur,1,none
efficientnet_b4,ILSVRC2012_val_00024882.JPEG,n03991062,738,738,0.5018559,1,imagenet_c,defocus_blur,1,none
efficientnet_b4,ILSVRC2012_val_00026175.JPEG,n03991062,738,738,0.40984863,1,imagenet_c,defocus_blur,1,none
efficientnet_b4,ILSVRC2012_val_00026563.JPEG,n03991062,738,843,0.074122004,0,imagenet_c,defocus_blur,1,none
efficientnet_b4,ILSVRC2012_val_00030019.JPEG,n03991062,738,738,0.40820858,1,imagenet_c,defocus_blur,1,none
efficientnet_b4,ILSVRC2012_val_00031625.JPEG,n03991062,738,738,0.30748072,1,imagenet_c,defocus_blur,1,none
efficientnet_b4,ILSVRC2012_val_00035116.JPEG,n03991062,738,738,0.29572225,1,imagenet_c,defocus_blur,1,none
efficientnet_b4,ILSVRC2012_val_00037312.JPEG,n03991062,738,738,0.31461784,1,imagenet_c,defocus_blur,1,none
efficientnet_b4,ILSVRC2012_val_00038699.JPEG,n03991062,738,738,0.6128989,1,imagenet_c,defocus_blur,1,none
efficientnet_b4,ILSVRC2012_val_00040270.JPEG,n03991062,738,706,0.040619757,0,imagenet_c,defocus_blur,1,none
efficientnet_b4,ILSVRC2012_val_00040601.JPEG,n03991062,738,738,0.36284876,1,imagenet_c,defocus_blur,1,none
efficientnet_b4,ILSVRC2012_val_00041435.JPEG,n03991062,738,738,0.3360623,1,imagenet_c,defocus_blur,1,none
efficientnet_b4,ILSVRC2012_val_00042372.JPEG,n03991062,738,738,0.123446,1,imagenet_c,defocus_blur,1,none
efficientnet_b4,ILSVRC2012_val_00042420.JPEG,n03991062,738,738,0.06613052,1,imagenet_c,defocus_blur,1,none
efficientnet_b4,ILSVRC2012_val_00042437.JPEG,n03991062,738,738,0.13380162,1,imagenet_c,defocus_blur,1,none
efficientnet_b4,ILSVRC2012_val_00043626.JPEG,n03991062,738,738,0.023449242,1,imagenet_c,defocus_blur,1,none
efficientnet_b4,ILSVRC2012_val_00044643.JPEG,n03991062,738,924,0.40302753,0,imagenet_c,defocus_blur,1,none
efficientnet_b4,ILSVRC2012_val_00045184.JPEG,n03991062,738,738,0.51158255,1,imagenet_c,defocus_blur,1,none
efficientnet_b4,ILSVRC2012_val_00045262.JPEG,n03991062,738,738,0.17928952,1,imagenet_c,defocus_blur,1,none
efficientnet_b4,ILSVRC2012_val_00045824.JPEG,n03991062,738,738,0.70094764,1,imagenet_c,defocus_blur,1,none
efficientnet_b4,ILSVRC2012_val_00046079.JPEG,n03991062,738,738,0.7250824,1,imagenet_c,defocus_blur,1,none
efficientnet_b4,ILSVRC2012_val_00046305.JPEG,n03991062,738,738,0.57420695,1,imagenet_c,defocus_blur,1,none
efficientnet_b4,ILSVRC2012_val_00046887.JPEG,n03991062,738,816,0.114656284,0,imagenet_c,defocus_blur,1,none
efficientnet_b4,ILSVRC2012_val_00047636.JPEG,n03991062,738,738,0.17396922,1,imagenet_c,defocus_blur,1,none
efficientnet_b4,ILSVRC2012_val_00047684.JPEG,n03991062,738,738,0.43463948,1,imagenet_c,defocus_blur,1,none
efficientnet_b4,ILSVRC2012_val_00048589.JPEG,n03991062,738,738,0.03149411,1,imagenet_c,defocus_blur,1,none
efficientnet_b4,ILSVRC2012_val_00048852.JPEG,n03991062,738,738,0.106987946,1,imagenet_c,defocus_blur,1,none
efficientnet_b4,ILSVRC2012_val_00049932.JPEG,n03991062,738,738,0.4768808,1,imagenet_c,defocus_blur,1,none
efficientnet_b4,ILSVRC2012_val_00000458.JPEG,n03992509,739,739,0.7317421,1,imagenet_c,defocus_blur,1,none
efficientnet_b4,ILSVRC2012_val_00003294.JPEG,n03992509,739,739,0.84613365,1,imagenet_c,defocus_blur,1,none
efficientnet_b4,ILSVRC2012_val_00003396.JPEG,n03992509,739,739,0.75792366,1,imagenet_c,defocus_blur,1,none
efficientnet_b4,ILSVRC2012_val_00003555.JPEG,n03992509,739,739,0.7644679,1,imagenet_c,defocus_blur,1,none
efficientnet_b4,ILSVRC2012_val_00003967.JPEG,n03992509,739,854,0.100437716,0,imagenet_c,defocus_blur,1,none
efficientnet_b4,ILSVRC2012_val_00005420.JPEG,n03992509,739,739,0.72066075,1,imagenet_c,defocus_blur,1,none
efficientnet_b4,ILSVRC2012_val_00005701.JPEG,n03992509,739,739,0.88024175,1,imagenet_c,defocus_blur,1,none
efficientnet_b4,ILSVRC2012_val_00005794.JPEG,n03992509,739,739,0.17679648,1,imagenet_c,defocus_blur,1,none
efficientnet_b4,ILSVRC2012_val_00006589.JPEG,n03992509,739,739,0.44231787,1,imagenet_c,defocus_blur,1,none
efficientnet_b4,ILSVRC2012_val_00006989.JPEG,n03992509,739,739,0.07931183,1,imagenet_c,defocus_blur,1,none
efficientnet_b4,ILSVRC2012_val_00007648.JPEG,n03992509,739,739,0.8305204,1,imagenet_c,defocus_blur,1,none
efficientnet_b4,ILSVRC2012_val_00008761.JPEG,n03992509,739,739,0.8313457,1,imagenet_c,defocus_blur,1,none
efficientnet_b4,ILSVRC2012_val_00009950.JPEG,n03992509,739,739,0.74047756,1,imagenet_c,defocus_blur,1,none
efficientnet_b4,ILSVRC2012_val_00013246.JPEG,n03992509,739,739,0.6873704,1,imagenet_c,defocus_blur,1,none
efficientnet_b4,ILSVRC2012_val_00014567.JPEG,n03992509,739,739,0.79329234,1,imagenet_c,defocus_blur,1,none
efficientnet_b4,ILSVRC2012_val_00014736.JPEG,n03992509,739,739,0.71599495,1,imagenet_c,defocus_blur,1,none
efficientnet_b4,ILSVRC2012_val_00015258.JPEG,n03992509,739,739,0.66928107,1,imagenet_c,defocus_blur,1,none
efficientnet_b4,ILSVRC2012_val_00016082.JPEG,n03992509,739,739,0.70063823,1,imagenet_c,defocus_blur,1,none
efficientnet_b4,ILSVRC2012_val_00020704.JPEG,n03992509,739,739,0.8450165,1,imagenet_c,defocus_blur,1,none
efficientnet_b4,ILSVRC2012_val_00022118.JPEG,n03992509,739,739,0.76743114,1,imagenet_c,defocus_blur,1,none
efficientnet_b4,ILSVRC2012_val_00024380.JPEG,n03992509,739,909,0.05244806,0,imagenet_c,defocus_blur,1,none
efficientnet_b4,ILSVRC2012_val_00025303.JPEG,n03992509,739,739,0.8696518,1,imagenet_c,defocus_blur,1,none
efficientnet_b4,ILSVRC2012_val_00025632.JPEG,n03992509,739,739,0.66493446,1,imagenet_c,defocus_blur,1,none
efficientnet_b4,ILSVRC2012_val_00026479.JPEG,n03992509,739,739,0.7773262,1,imagenet_c,defocus_blur,1,none
efficientnet_b4,ILSVRC2012_val_00026538.JPEG,n03992509,739,739,0.86050606,1,imagenet_c,defocus_blur,1,none
efficientnet_b4,ILSVRC2012_val_00026697.JPEG,n03992509,739,739,0.57953554,1,imagenet_c,defocus_blur,1,none
efficientnet_b4,ILSVRC2012_val_00029601.JPEG,n03992509,739,739,0.78491867,1,imagenet_c,defocus_blur,1,none
efficientnet_b4,ILSVRC2012_val_00031153.JPEG,n03992509,739,739,0.7519485,1,imagenet_c,defocus_blur,1,none
efficientnet_b4,ILSVRC2012_val_00032876.JPEG,n03992509,739,739,0.7588422,1,imagenet_c,defocus_blur,1,none
efficientnet_b4,ILSVRC2012_val_00033886.JPEG,n03992509,739,739,0.84941244,1,imagenet_c,defocus_blur,1,none
efficientnet_b4,ILSVRC2012_val_00034067.JPEG,n03992509,739,739,0.8129722,1,imagenet_c,defocus_blur,1,none
efficientnet_b4,ILSVRC2012_val_00036206.JPEG,n03992509,739,739,0.8068095,1,imagenet_c,defocus_blur,1,none
efficientnet_b4,ILSVRC2012_val_00037506.JPEG,n03992509,739,739,0.6639763,1,imagenet_c,defocus_blur,1,none
efficientnet_b4,ILSVRC2012_val_00038161.JPEG,n03992509,739,739,0.71370405,1,imagenet_c,defocus_blur,1,none
efficientnet_b4,ILSVRC2012_val_00038358.JPEG,n03992509,739,490,0.101556525,0,imagenet_c,defocus_blur,1,none
efficientnet_b4,ILSVRC2012_val_00039167.JPEG,n03992509,739,739,0.79034054,1,imagenet_c,defocus_blur,1,none
efficientnet_b4,ILSVRC2012_val_00039606.JPEG,n03992509,739,739,0.4613143,1,imagenet_c,defocus_blur,1,none
efficientnet_b4,ILSVRC2012_val_00040510.JPEG,n03992509,739,739,0.76430005,1,imagenet_c,defocus_blur,1,none
efficientnet_b4,ILSVRC2012_val_00041055.JPEG,n03992509,739,739,0.76105,1,imagenet_c,defocus_blur,1,none
efficientnet_b4,ILSVRC2012_val_00042386.JPEG,n03992509,739,739,0.6247839,1,imagenet_c,defocus_blur,1,none
efficientnet_b4,ILSVRC2012_val_00043069.JPEG,n03992509,739,739,0.6357669,1,imagenet_c,defocus_blur,1,none
efficientnet_b4,ILSVRC2012_val_00043757.JPEG,n03992509,739,653,0.060016282,0,imagenet_c,defocus_blur,1,none
efficientnet_b4,ILSVRC2012_val_00044041.JPEG,n03992509,739,739,0.7363715,1,imagenet_c,defocus_blur,1,none
efficientnet_b4,ILSVRC2012_val_00044105.JPEG,n03992509,739,739,0.70796025,1,imagenet_c,defocus_blur,1,none
efficientnet_b4,ILSVRC2012_val_00046414.JPEG,n03992509,739,739,0.7508175,1,imagenet_c,defocus_blur,1,none
efficientnet_b4,ILSVRC2012_val_00046579.JPEG,n03992509,739,739,0.5907418,1,imagenet_c,defocus_blur,1,none
efficientnet_b4,ILSVRC2012_val_00047054.JPEG,n03992509,739,739,0.8249517,1,imagenet_c,defocus_blur,1,none
efficientnet_b4,ILSVRC2012_val_00048809.JPEG,n03992509,739,739,0.7235767,1,imagenet_c,defocus_blur,1,none
efficientnet_b4,ILSVRC2012_val_00049464.JPEG,n03992509,739,739,0.5333149,1,imagenet_c,defocus_blur,1,none
efficientnet_b4,ILSVRC2012_val_00049913.JPEG,n03992509,739,739,0.735695,1,imagenet_c,defocus_blur,1,none
efficientnet_b4,ILSVRC2012_val_00000589.JPEG,n03995372,740,796,0.01898327,0,imagenet_c,defocus_blur,1,none
efficientnet_b4,ILSVRC2012_val_00001559.JPEG,n03995372,740,740,0.061147034,1,imagenet_c,defocus_blur,1,none
efficientnet_b4,ILSVRC2012_val_00001730.JPEG,n03995372,740,740,0.9364977,1,imagenet_c,defocus_blur,1,none
efficientnet_b4,ILSVRC2012_val_00002458.JPEG,n03995372,740,587,0.035336927,0,imagenet_c,defocus_blur,1,none
efficientnet_b4,ILSVRC2012_val_00004395.JPEG,n03995372,740,740,0.6263243,1,imagenet_c,defocus_blur,1,none
efficientnet_b4,ILSVRC2012_val_00004543.JPEG,n03995372,740,613,0.45307875,0,imagenet_c,defocus_blur,1,none
efficientnet_b4,ILSVRC2012_val_00005380.JPEG,n03995372,740,740,0.8953532,1,imagenet_c,defocus_blur,1,none
efficientnet_b4,ILSVRC2012_val_00005681.JPEG,n03995372,740,740,0.7172061,1,imagenet_c,defocus_blur,1,none
efficientnet_b4,ILSVRC2012_val_00007420.JPEG,n03995372,740,740,0.6174412,1,imagenet_c,defocus_blur,1,none
efficientnet_b4,ILSVRC2012_val_00009204.JPEG,n03995372,740,521,0.07728328,0,imagenet_c,defocus_blur,1,none
efficientnet_b4,ILSVRC2012_val_00009245.JPEG,n03995372,740,491,0.32076427,0,imagenet_c,defocus_blur,1,none
efficientnet_b4,ILSVRC2012_val_00010951.JPEG,n03995372,740,702,0.48684403,0,imagenet_c,defocus_blur,1,none
efficientnet_b4,ILSVRC2012_val_00012184.JPEG,n03995372,740,902,0.30710787,0,imagenet_c,defocus_blur,1,none
efficientnet_b4,ILSVRC2012_val_00012847.JPEG,n03995372,740,769,0.13691817,0,imagenet_c,defocus_blur,1,none
efficientnet_b4,ILSVRC2012_val_00013327.JPEG,n03995372,740,740,0.24733737,1,imagenet_c,defocus_blur,1,none
efficientnet_b4,ILSVRC2012_val_00013701.JPEG,n03995372,740,740,0.30578527,1,imagenet_c,defocus_blur,1,none
efficientnet_b4,ILSVRC2012_val_00013816.JPEG,n03995372,740,745,0.09648523,0,imagenet_c,defocus_blur,1,none
efficientnet_b4,ILSVRC2012_val_00014379.JPEG,n03995372,740,881,0.6080108,0,imagenet_c,defocus_blur,1,none
efficientnet_b4,ILSVRC2012_val_00015214.JPEG,n03995372,740,686,0.20870584,0,imagenet_c,defocus_blur,1,none
efficientnet_b4,ILSVRC2012_val_00017255.JPEG,n03995372,740,740,0.7215664,1,imagenet_c,defocus_blur,1,none
efficientnet_b4,ILSVRC2012_val_00018033.JPEG,n03995372,740,814,0.24143328,0,imagenet_c,defocus_blur,1,none
efficientnet_b4,ILSVRC2012_val_00019301.JPEG,n03995372,740,740,0.6716388,1,imagenet_c,defocus_blur,1,none
efficientnet_b4,ILSVRC2012_val_00021148.JPEG,n03995372,740,842,0.24310231,0,imagenet_c,defocus_blur,1,none
efficientnet_b4,ILSVRC2012_val_00021444.JPEG,n03995372,740,691,0.08729799,0,imagenet_c,defocus_blur,1,none
efficientnet_b4,ILSVRC2012_val_00021517.JPEG,n03995372,740,459,0.25872657,0,imagenet_c,defocus_blur,1,none
efficientnet_b4,ILSVRC2012_val_00021576.JPEG,n03995372,740,740,0.29525095,1,imagenet_c,defocus_blur,1,none
efficientnet_b4,ILSVRC2012_val_00021738.JPEG,n03995372,740,740,0.3006494,1,imagenet_c,defocus_blur,1,none
efficientnet_b4,ILSVRC2012_val_00022789.JPEG,n03995372,740,477,0.22050454,0,imagenet_c,defocus_blur,1,none
efficientnet_b4,ILSVRC2012_val_00025477.JPEG,n03995372,740,889,0.05421332,0,imagenet_c,defocus_blur,1,none
efficientnet_b4,ILSVRC2012_val_00026148.JPEG,n03995372,740,522,0.053687345,0,imagenet_c,defocus_blur,1,none
efficientnet_b4,ILSVRC2012_val_00026789.JPEG,n03995372,740,740,0.5243661,1,imagenet_c,defocus_blur,1,none
efficientnet_b4,ILSVRC2012_val_00027123.JPEG,n03995372,740,740,0.10627204,1,imagenet_c,defocus_blur,1,none
efficientnet_b4,ILSVRC2012_val_00028887.JPEG,n03995372,740,740,0.62248856,1,imagenet_c,defocus_blur,1,none
efficientnet_b4,ILSVRC2012_val_00030293.JPEG,n03995372,740,740,0.42187378,1,imagenet_c,defocus_blur,1,none
efficientnet_b4,ILSVRC2012_val_00030679.JPEG,n03995372,740,413,0.16425748,0,imagenet_c,defocus_blur,1,none
efficientnet_b4,ILSVRC2012_val_00030768.JPEG,n03995372,740,624,0.11709045,0,imagenet_c,defocus_blur,1,none
efficientnet_b4,ILSVRC2012_val_00037971.JPEG,n03995372,740,740,0.49629837,1,imagenet_c,defocus_blur,1,none
efficientnet_b4,ILSVRC2012_val_00038748.JPEG,n03995372,740,740,0.6355613,1,imagenet_c,defocus_blur,1,none
efficientnet_b4,ILSVRC2012_val_00039029.JPEG,n03995372,740,891,0.06549854,0,imagenet_c,defocus_blur,1,none
efficientnet_b4,ILSVRC2012_val_00040657.JPEG,n03995372,740,422,0.056222405,0,imagenet_c,defocus_blur,1,none
efficientnet_b4,ILSVRC2012_val_00041019.JPEG,n03995372,740,740,0.8769094,1,imagenet_c,defocus_blur,1,none
efficientnet_b4,ILSVRC2012_val_00042702.JPEG,n03995372,740,740,0.7526646,1,imagenet_c,defocus_blur,1,none
efficientnet_b4,ILSVRC2012_val_00043807.JPEG,n03995372,740,740,0.11401376,1,imagenet_c,defocus_blur,1,none
efficientnet_b4,ILSVRC2012_val_00044561.JPEG,n03995372,740,740,0.67440444,1,imagenet_c,defocus_blur,1,none
efficientnet_b4,ILSVRC2012_val_00045090.JPEG,n03995372,740,440,0.23137276,0,imagenet_c,defocus_blur,1,none
efficientnet_b4,ILSVRC2012_val_00045162.JPEG,n03995372,740,740,0.23505212,1,imagenet_c,defocus_blur,1,none
efficientnet_b4,ILSVRC2012_val_00047731.JPEG,n03995372,740,740,0.6981538,1,imagenet_c,defocus_blur,1,none
efficientnet_b4,ILSVRC2012_val_00048056.JPEG,n03995372,740,740,0.168808,1,imagenet_c,defocus_blur,1,none
efficientnet_b4,ILSVRC2012_val_00048981.JPEG,n03995372,740,891,0.5179051,0,imagenet_c,defocus_blur,1,none
efficientnet_b4,ILSVRC2012_val_00049197.JPEG,n03995372,740,740,0.20180379,1,imagenet_c,defocus_blur,1,none
efficientnet_b4,ILSVRC2012_val_00000230.JPEG,n03998194,741,741,0.39717275,1,imagenet_c,defocus_blur,1,none
efficientnet_b4,ILSVRC2012_val_00000368.JPEG,n03998194,741,741,0.44436815,1,imagenet_c,defocus_blur,1,none
efficientnet_b4,ILSVRC2012_val_00001567.JPEG,n03998194,741,741,0.59892684,1,imagenet_c,defocus_blur,1,none
efficientnet_b4,ILSVRC2012_val_00005875.JPEG,n03998194,741,741,0.3024866,1,imagenet_c,defocus_blur,1,none
efficientnet_b4,ILSVRC2012_val_00007273.JPEG,n03998194,741,894,0.18615544,0,imagenet_c,defocus_blur,1,none
efficientnet_b4,ILSVRC2012_val_00007641.JPEG,n03998194,741,741,0.54967386,1,imagenet_c,defocus_blur,1,none
efficientnet_b4,ILSVRC2012_val_00008650.JPEG,n03998194,741,885,0.21322146,0,imagenet_c,defocus_blur,1,none
efficientnet_b4,ILSVRC2012_val_00009724.JPEG,n03998194,741,741,0.6816121,1,imagenet_c,defocus_blur,1,none
efficientnet_b4,ILSVRC2012_val_00014123.JPEG,n03998194,741,917,0.30908978,0,imagenet_c,defocus_blur,1,none
efficientnet_b4,ILSVRC2012_val_00015237.JPEG,n03998194,741,741,0.5497747,1,imagenet_c,defocus_blur,1,none
efficientnet_b4,ILSVRC2012_val_00015241.JPEG,n03998194,741,741,0.19527166,1,imagenet_c,defocus_blur,1,none
efficientnet_b4,ILSVRC2012_val_00016346.JPEG,n03998194,741,672,0.0327871,0,imagenet_c,defocus_blur,1,none
efficientnet_b4,ILSVRC2012_val_00020470.JPEG,n03998194,741,281,0.19851561,0,imagenet_c,defocus_blur,1,none
efficientnet_b4,ILSVRC2012_val_00022178.JPEG,n03998194,741,741,0.61012405,1,imagenet_c,defocus_blur,1,none
efficientnet_b4,ILSVRC2012_val_00023103.JPEG,n03998194,741,741,0.55827135,1,imagenet_c,defocus_blur,1,none
efficientnet_b4,ILSVRC2012_val_00025032.JPEG,n03998194,741,741,0.25633475,1,imagenet_c,defocus_blur,1,none
efficientnet_b4,ILSVRC2012_val_00026195.JPEG,n03998194,741,741,0.23560038,1,imagenet_c,defocus_blur,1,none
efficientnet_b4,ILSVRC2012_val_00028039.JPEG,n03998194,741,977,0.07755371,0,imagenet_c,defocus_blur,1,none
efficientnet_b4,ILSVRC2012_val_00030140.JPEG,n03998194,741,741,0.634203,1,imagenet_c,defocus_blur,1,none
efficientnet_b4,ILSVRC2012_val_00030732.JPEG,n03998194,741,741,0.58367896,1,imagenet_c,defocus_blur,1,none
efficientnet_b4,ILSVRC2012_val_00031327.JPEG,n03998194,741,741,0.59497786,1,imagenet_c,defocus_blur,1,none
efficientnet_b4,ILSVRC2012_val_00031445.JPEG,n03998194,741,741,0.15092418,1,imagenet_c,defocus_blur,1,none
efficientnet_b4,ILSVRC2012_val_00033116.JPEG,n03998194,741,741,0.6260485,1,imagenet_c,defocus_blur,1,none
efficientnet_b4,ILSVRC2012_val_00033370.JPEG,n03998194,741,741,0.65274864,1,imagenet_c,defocus_blur,1,none
efficientnet_b4,ILSVRC2012_val_00035541.JPEG,n03998194,741,741,0.6004339,1,imagenet_c,defocus_blur,1,none
efficientnet_b4,ILSVRC2012_val_00035626.JPEG,n03998194,741,741,0.3413083,1,imagenet_c,defocus_blur,1,none
efficientnet_b4,ILSVRC2012_val_00035951.JPEG,n03998194,741,741,0.6654402,1,imagenet_c,defocus_blur,1,none
efficientnet_b4,ILSVRC2012_val_00036468.JPEG,n03998194,741,741,0.43967515,1,imagenet_c,defocus_blur,1,none
efficientnet_b4,ILSVRC2012_val_00037309.JPEG,n03998194,741,539,0.20979157,0,imagenet_c,defocus_blur,1,none
efficientnet_b4,ILSVRC2012_val_00037709.JPEG,n03998194,741,741,0.38152117,1,imagenet_c,defocus_blur,1,none
efficientnet_b4,ILSVRC2012_val_00038469.JPEG,n03998194,741,502,0.045194563,0,imagenet_c,defocus_blur,1,none
efficientnet_b4,ILSVRC2012_val_00038585.JPEG,n03998194,741,741,0.6146479,1,imagenet_c,defocus_blur,1,none
efficientnet_b4,ILSVRC2012_val_00039904.JPEG,n03998194,741,741,0.37283716,1,imagenet_c,defocus_blur,1,none
efficientnet_b4,ILSVRC2012_val_00040120.JPEG,n03998194,741,741,0.6303069,1,imagenet_c,defocus_blur,1,none
efficientnet_b4,ILSVRC2012_val_00041018.JPEG,n03998194,741,741,0.74970376,1,imagenet_c,defocus_blur,1,none
efficientnet_b4,ILSVRC2012_val_00041212.JPEG,n03998194,741,741,0.59281486,1,imagenet_c,defocus_blur,1,none
efficientnet_b4,ILSVRC2012_val_00042119.JPEG,n03998194,741,496,0.16161148,0,imagenet_c,defocus_blur,1,none
efficientnet_b4,ILSVRC2012_val_00043607.JPEG,n03998194,741,735,0.16071618,0,imagenet_c,defocus_blur,1,none
efficientnet_b4,ILSVRC2012_val_00044376.JPEG,n03998194,741,739,0.1642942,0,imagenet_c,defocus_blur,1,none
efficientnet_b4,ILSVRC2012_val_00044821.JPEG,n03998194,741,741,0.17950772,1,imagenet_c,defocus_blur,1,none
efficientnet_b4,ILSVRC2012_val_00045181.JPEG,n03998194,741,741,0.5102941,1,imagenet_c,defocus_blur,1,none
efficientnet_b4,ILSVRC2012_val_00045607.JPEG,n03998194,741,741,0.58648103,1,imagenet_c,defocus_blur,1,none
efficientnet_b4,ILSVRC2012_val_00046176.JPEG,n03998194,741,741,0.46215823,1,imagenet_c,defocus_blur,1,none
efficientnet_b4,ILSVRC2012_val_00047143.JPEG,n03998194,741,741,0.82637894,1,imagenet_c,defocus_blur,1,none
efficientnet_b4,ILSVRC2012_val_00047697.JPEG,n03998194,741,741,0.6341283,1,imagenet_c,defocus_blur,1,none
efficientnet_b4,ILSVRC2012_val_00048626.JPEG,n03998194,741,741,0.61077386,1,imagenet_c,defocus_blur,1,none
efficientnet_b4,ILSVRC2012_val_00048646.JPEG,n03998194,741,741,0.3611616,1,imagenet_c,defocus_blur,1,none
efficientnet_b4,ILSVRC2012_val_00049687.JPEG,n03998194,741,539,0.103635356,0,imagenet_c,defocus_blur,1,none
efficientnet_b4,ILSVRC2012_val_00049806.JPEG,n03998194,741,603,0.19296634,0,imagenet_c,defocus_blur,1,none
efficientnet_b4,ILSVRC2012_val_00049950.JPEG,n03998194,741,668,0.14538385,0,imagenet_c,defocus_blur,1,none
efficientnet_b4,ILSVRC2012_val_00002985.JPEG,n04004767,742,651,0.05975781,0,imagenet_c,defocus_blur,1,none
efficientnet_b4,ILSVRC2012_val_00003258.JPEG,n04004767,742,713,0.45086363,0,imagenet_c,defocus_blur,1,none
efficientnet_b4,ILSVRC2012_val_00005278.JPEG,n04004767,742,742,0.329867,1,imagenet_c,defocus_blur,1,none
efficientnet_b4,ILSVRC2012_val_00005561.JPEG,n04004767,742,851,0.114030845,0,imagenet_c,defocus_blur,1,none
efficientnet_b4,ILSVRC2012_val_00005920.JPEG,n04004767,742,633,0.23624425,0,imagenet_c,defocus_blur,1,none
efficientnet_b4,ILSVRC2012_val_00007051.JPEG,n04004767,742,742,0.6758303,1,imagenet_c,defocus_blur,1,none
efficientnet_b4,ILSVRC2012_val_00007270.JPEG,n04004767,742,662,0.19023702,0,imagenet_c,defocus_blur,1,none
efficientnet_b4,ILSVRC2012_val_00008345.JPEG,n04004767,742,742,0.6804583,1,imagenet_c,defocus_blur,1,none
efficientnet_b4,ILSVRC2012_val_00008544.JPEG,n04004767,742,713,0.677164,0,imagenet_c,defocus_blur,1,none
efficientnet_b4,ILSVRC2012_val_00009032.JPEG,n04004767,742,742,0.42198756,1,imagenet_c,defocus_blur,1,none
efficientnet_b4,ILSVRC2012_val_00009689.JPEG,n04004767,742,742,0.1599677,1,imagenet_c,defocus_blur,1,none
efficientnet_b4,ILSVRC2012_val_00011455.JPEG,n04004767,742,811,0.5517031,0,imagenet_c,defocus_blur,1,none
efficientnet_b4,ILSVRC2012_val_00014579.JPEG,n04004767,742,742,0.48054263,1,imagenet_c,defocus_blur,1,none
efficientnet_b4,ILSVRC2012_val_00014954.JPEG,n04004767,742,742,0.11435555,1,imagenet_c,defocus_blur,1,none
efficientnet_b4,ILSVRC2012_val_00016838.JPEG,n04004767,742,713,0.65127426,0,imagenet_c,defocus_blur,1,none
efficientnet_b4,ILSVRC2012_val_00017060.JPEG,n04004767,742,713,0.33166814,0,imagenet_c,defocus_blur,1,none
efficientnet_b4,ILSVRC2012_val_00017125.JPEG,n04004767,742,742,0.20716178,1,imagenet_c,defocus_blur,1,none
efficientnet_b4,ILSVRC2012_val_00017383.JPEG,n04004767,742,881,0.19454955,0,imagenet_c,defocus_blur,1,none
efficientnet_b4,ILSVRC2012_val_00018781.JPEG,n04004767,742,742,0.38299364,1,imagenet_c,defocus_blur,1,none
efficientnet_b4,ILSVRC2012_val_00020731.JPEG,n04004767,742,713,0.4847943,0,imagenet_c,defocus_blur,1,none
efficientnet_b4,ILSVRC2012_val_00021112.JPEG,n04004767,742,742,0.0696166,1,imagenet_c,defocus_blur,1,none
efficientnet_b4,ILSVRC2012_val_00021479.JPEG,n04004767,742,742,0.16089875,1,imagenet_c,defocus_blur,1,none
efficientnet_b4,ILSVRC2012_val_00021544.JPEG,n04004767,742,742,0.5107569,1,imagenet_c,defocus_blur,1,none
efficientnet_b4,ILSVRC2012_val_00022694.JPEG,n04004767,742,713,0.1112692,0,imagenet_c,defocus_blur,1,none
efficientnet_b4,ILSVRC2012_val_00023135.JPEG,n04004767,742,742,0.83739805,1,imagenet_c,defocus_blur,1,none
efficientnet_b4,ILSVRC2012_val_00024375.JPEG,n04004767,742,742,0.19676569,1,imagenet_c,defocus_blur,1,none
efficientnet_b4,ILSVRC2012_val_00024469.JPEG,n04004767,742,745,0.08538627,0,imagenet_c,defocus_blur,1,none
efficientnet_b4,ILSVRC2012_val_00030755.JPEG,n04004767,742,785,0.058335517,0,imagenet_c,defocus_blur,1,none
efficientnet_b4,ILSVRC2012_val_00031132.JPEG,n04004767,742,742,0.3819831,1,imagenet_c,defocus_blur,1,none
efficientnet_b4,ILSVRC2012_val_00032274.JPEG,n04004767,742,742,0.1358813,1,imagenet_c,defocus_blur,1,none
efficientnet_b4,ILSVRC2012_val_00032509.JPEG,n04004767,742,916,0.28561407,0,imagenet_c,defocus_blur,1,none
efficientnet_b4,ILSVRC2012_val_00032968.JPEG,n04004767,742,742,0.27376914,1,imagenet_c,defocus_blur,1,none
efficientnet_b4,ILSVRC2012_val_00033653.JPEG,n04004767,742,742,0.2492483,1,imagenet_c,defocus_blur,1,none
efficientnet_b4,ILSVRC2012_val_00034313.JPEG,n04004767,742,713,0.40473354,0,imagenet_c,defocus_blur,1,none
efficientnet_b4,ILSVRC2012_val_00036993.JPEG,n04004767,742,713,0.53509593,0,imagenet_c,defocus_blur,1,none
efficientnet_b4,ILSVRC2012_val_00037028.JPEG,n04004767,742,713,0.24007083,0,imagenet_c,defocus_blur,1,none
efficientnet_b4,ILSVRC2012_val_00037620.JPEG,n04004767,742,713,0.4873737,0,imagenet_c,defocus_blur,1,none
efficientnet_b4,ILSVRC2012_val_00038380.JPEG,n04004767,742,598,0.35266465,0,imagenet_c,defocus_blur,1,none
efficientnet_b4,ILSVRC2012_val_00040659.JPEG,n04004767,742,713,0.5611322,0,imagenet_c,defocus_blur,1,none
efficientnet_b4,ILSVRC2012_val_00041235.JPEG,n04004767,742,713,0.03671656,0,imagenet_c,defocus_blur,1,none
efficientnet_b4,ILSVRC2012_val_00041807.JPEG,n04004767,742,713,0.29204503,0,imagenet_c,defocus_blur,1,none
efficientnet_b4,ILSVRC2012_val_00042574.JPEG,n04004767,742,713,0.66960883,0,imagenet_c,defocus_blur,1,none
efficientnet_b4,ILSVRC2012_val_00043636.JPEG,n04004767,742,742,0.053682577,1,imagenet_c,defocus_blur,1,none
efficientnet_b4,ILSVRC2012_val_00043947.JPEG,n04004767,742,651,0.063180156,0,imagenet_c,defocus_blur,1,none
efficientnet_b4,ILSVRC2012_val_00045332.JPEG,n04004767,742,713,0.6690097,0,imagenet_c,defocus_blur,1,none
efficientnet_b4,ILSVRC2012_val_00046888.JPEG,n04004767,742,742,0.25721,1,imagenet_c,defocus_blur,1,none
efficientnet_b4,ILSVRC2012_val_00047083.JPEG,n04004767,742,713,0.55752635,0,imagenet_c,defocus_blur,1,none
efficientnet_b4,ILSVRC2012_val_00047286.JPEG,n04004767,742,742,0.32412282,1,imagenet_c,defocus_blur,1,none
efficientnet_b4,ILSVRC2012_val_00047815.JPEG,n04004767,742,742,0.2968798,1,imagenet_c,defocus_blur,1,none
efficientnet_b4,ILSVRC2012_val_00048309.JPEG,n04004767,742,742,0.18024379,1,imagenet_c,defocus_blur,1,none
efficientnet_b4,ILSVRC2012_val_00002554.JPEG,n04005630,743,743,0.23904188,1,imagenet_c,defocus_blur,1,none
efficientnet_b4,ILSVRC2012_val_00003477.JPEG,n04005630,743,743,0.45360273,1,imagenet_c,defocus_blur,1,none
efficientnet_b4,ILSVRC2012_val_00003802.JPEG,n04005630,743,789,0.6813137,0,imagenet_c,defocus_blur,1,none
efficientnet_b4,ILSVRC2012_val_00004526.JPEG,n04005630,743,743,0.6899274,1,imagenet_c,defocus_blur,1,none
efficientnet_b4,ILSVRC2012_val_00004865.JPEG,n04005630,743,743,0.08338615,1,imagenet_c,defocus_blur,1,none
efficientnet_b4,ILSVRC2012_val_00005488.JPEG,n04005630,743,743,0.3938214,1,imagenet_c,defocus_blur,1,none
efficientnet_b4,ILSVRC2012_val_00006546.JPEG,n04005630,743,743,0.73989,1,imagenet_c,defocus_blur,1,none
efficientnet_b4,ILSVRC2012_val_00007463.JPEG,n04005630,743,594,0.08833181,0,imagenet_c,defocus_blur,1,none
efficientnet_b4,ILSVRC2012_val_00008376.JPEG,n04005630,743,534,0.23571478,0,imagenet_c,defocus_blur,1,none
efficientnet_b4,ILSVRC2012_val_00010708.JPEG,n04005630,743,743,0.681669,1,imagenet_c,defocus_blur,1,none
efficientnet_b4,ILSVRC2012_val_00011132.JPEG,n04005630,743,624,0.11226162,0,imagenet_c,defocus_blur,1,none
efficientnet_b4,ILSVRC2012_val_00011411.JPEG,n04005630,743,743,0.40463954,1,imagenet_c,defocus_blur,1,none
efficientnet_b4,ILSVRC2012_val_00014718.JPEG,n04005630,743,483,0.19455695,0,imagenet_c,defocus_blur,1,none
efficientnet_b4,ILSVRC2012_val_00015614.JPEG,n04005630,743,904,0.12596361,0,imagenet_c,defocus_blur,1,none
efficientnet_b4,ILSVRC2012_val_00015684.JPEG,n04005630,743,743,0.6289614,1,imagenet_c,defocus_blur,1,none
efficientnet_b4,ILSVRC2012_val_00017246.JPEG,n04005630,743,743,0.17686124,1,imagenet_c,defocus_blur,1,none
efficientnet_b4,ILSVRC2012_val_00017788.JPEG,n04005630,743,743,0.5505367,1,imagenet_c,defocus_blur,1,none
efficientnet_b4,ILSVRC2012_val_00018223.JPEG,n04005630,743,743,0.70612645,1,imagenet_c,defocus_blur,1,none
efficientnet_b4,ILSVRC2012_val_00018325.JPEG,n04005630,743,743,0.50739545,1,imagenet_c,defocus_blur,1,none
efficientnet_b4,ILSVRC2012_val_00022471.JPEG,n04005630,743,789,0.37438273,0,imagenet_c,defocus_blur,1,none
efficientnet_b4,ILSVRC2012_val_00022553.JPEG,n04005630,743,743,0.058975983,1,imagenet_c,defocus_blur,1,none
efficientnet_b4,ILSVRC2012_val_00023641.JPEG,n04005630,743,743,0.63449323,1,imagenet_c,defocus_blur,1,none
efficientnet_b4,ILSVRC2012_val_00023901.JPEG,n04005630,743,743,0.79994583,1,imagenet_c,defocus_blur,1,none
efficientnet_b4,ILSVRC2012_val_00024119.JPEG,n04005630,743,743,0.71105754,1,imagenet_c,defocus_blur,1,none
efficientnet_b4,ILSVRC2012_val_00024281.JPEG,n04005630,743,743,0.6858665,1,imagenet_c,defocus_blur,1,none
efficientnet_b4,ILSVRC2012_val_00024319.JPEG,n04005630,743,743,0.74569947,1,imagenet_c,defocus_blur,1,none
efficientnet_b4,ILSVRC2012_val_00026703.JPEG,n04005630,743,442,0.099477574,0,imagenet_c,defocus_blur,1,none
efficientnet_b4,ILSVRC2012_val_00027501.JPEG,n04005630,743,873,0.16488229,0,imagenet_c,defocus_blur,1,none
efficientnet_b4,ILSVRC2012_val_00027550.JPEG,n04005630,743,743,0.70728564,1,imagenet_c,defocus_blur,1,none
efficientnet_b4,ILSVRC2012_val_00028539.JPEG,n04005630,743,743,0.6828535,1,imagenet_c,defocus_blur,1,none
efficientnet_b4,ILSVRC2012_val_00030195.JPEG,n04005630,743,743,0.6902872,1,imagenet_c,defocus_blur,1,none
efficientnet_b4,ILSVRC2012_val_00031106.JPEG,n04005630,743,663,0.28513888,0,imagenet_c,defocus_blur,1,none
efficientnet_b4,ILSVRC2012_val_00031786.JPEG,n04005630,743,405,0.21018313,0,imagenet_c,defocus_blur,1,none
efficientnet_b4,ILSVRC2012_val_00031944.JPEG,n04005630,743,743,0.6785301,1,imagenet_c,defocus_blur,1,none
efficientnet_b4,ILSVRC2012_val_00033648.JPEG,n04005630,743,743,0.30718184,1,imagenet_c,defocus_blur,1,none
efficientnet_b4,ILSVRC2012_val_00037699.JPEG,n04005630,743,743,0.2569294,1,imagenet_c,defocus_blur,1,none
efficientnet_b4,ILSVRC2012_val_00039632.JPEG,n04005630,743,781,0.20220912,0,imagenet_c,defocus_blur,1,none
efficientnet_b4,ILSVRC2012_val_00039875.JPEG,n04005630,743,743,0.09291522,1,imagenet_c,defocus_blur,1,none
efficientnet_b4,ILSVRC2012_val_00039892.JPEG,n04005630,743,743,0.79845786,1,imagenet_c,defocus_blur,1,none
efficientnet_b4,ILSVRC2012_val_00040082.JPEG,n04005630,743,424,0.08633742,0,imagenet_c,defocus_blur,1,none
efficientnet_b4,ILSVRC2012_val_00040234.JPEG,n04005630,743,704,0.057192307,0,imagenet_c,defocus_blur,1,none
efficientnet_b4,ILSVRC2012_val_00041223.JPEG,n04005630,743,743,0.5409365,1,imagenet_c,defocus_blur,1,none
efficientnet_b4,ILSVRC2012_val_00041376.JPEG,n04005630,743,743,0.7682223,1,imagenet_c,defocus_blur,1,none
efficientnet_b4,ILSVRC2012_val_00042069.JPEG,n04005630,743,743,0.30634633,1,imagenet_c,defocus_blur,1,none
efficientnet_b4,ILSVRC2012_val_00042094.JPEG,n04005630,743,743,0.798171,1,imagenet_c,defocus_blur,1,none
efficientnet_b4,ILSVRC2012_val_00043759.JPEG,n04005630,743,743,0.59274465,1,imagenet_c,defocus_blur,1,none
efficientnet_b4,ILSVRC2012_val_00045800.JPEG,n04005630,743,904,0.3628096,0,imagenet_c,defocus_blur,1,none
efficientnet_b4,ILSVRC2012_val_00045947.JPEG,n04005630,743,890,0.18140571,0,imagenet_c,defocus_blur,1,none
efficientnet_b4,ILSVRC2012_val_00047576.JPEG,n04005630,743,743,0.7555291,1,imagenet_c,defocus_blur,1,none
efficientnet_b4,ILSVRC2012_val_00049791.JPEG,n04005630,743,743,0.49140146,1,imagenet_c,defocus_blur,1,none
efficientnet_b4,ILSVRC2012_val_00000468.JPEG,n04008634,744,657,0.29418612,0,imagenet_c,defocus_blur,1,none
efficientnet_b4,ILSVRC2012_val_00000515.JPEG,n04008634,744,744,0.31818753,1,imagenet_c,defocus_blur,1,none
efficientnet_b4,ILSVRC2012_val_00000621.JPEG,n04008634,744,744,0.33490956,1,imagenet_c,defocus_blur,1,none
efficientnet_b4,ILSVRC2012_val_00002304.JPEG,n04008634,744,884,0.5906906,0,imagenet_c,defocus_blur,1,none
efficientnet_b4,ILSVRC2012_val_00002970.JPEG,n04008634,744,744,0.28028697,1,imagenet_c,defocus_blur,1,none
efficientnet_b4,ILSVRC2012_val_00003596.JPEG,n04008634,744,657,0.37282282,0,imagenet_c,defocus_blur,1,none
efficientnet_b4,ILSVRC2012_val_00007055.JPEG,n04008634,744,657,0.44344774,0,imagenet_c,defocus_blur,1,none
efficientnet_b4,ILSVRC2012_val_00008246.JPEG,n04008634,744,657,0.34782603,0,imagenet_c,defocus_blur,1,none
efficientnet_b4,ILSVRC2012_val_00009183.JPEG,n04008634,744,657,0.10445732,0,imagenet_c,defocus_blur,1,none
efficientnet_b4,ILSVRC2012_val_00009388.JPEG,n04008634,744,657,0.1893152,0,imagenet_c,defocus_blur,1,none
efficientnet_b4,ILSVRC2012_val_00009436.JPEG,n04008634,744,657,0.3577065,0,imagenet_c,defocus_blur,1,none
efficientnet_b4,ILSVRC2012_val_00009494.JPEG,n04008634,744,657,0.3066167,0,imagenet_c,defocus_blur,1,none
efficientnet_b4,ILSVRC2012_val_00009588.JPEG,n04008634,744,744,0.3529817,1,imagenet_c,defocus_blur,1,none
efficientnet_b4,ILSVRC2012_val_00010103.JPEG,n04008634,744,744,0.27507085,1,imagenet_c,defocus_blur,1,none
efficientnet_b4,ILSVRC2012_val_00010746.JPEG,n04008634,744,747,0.18992068,0,imagenet_c,defocus_blur,1,none
efficientnet_b4,ILSVRC2012_val_00014476.JPEG,n04008634,744,833,0.24209467,0,imagenet_c,defocus_blur,1,none
efficientnet_b4,ILSVRC2012_val_00014496.JPEG,n04008634,744,657,0.14153285,0,imagenet_c,defocus_blur,1,none
efficientnet_b4,ILSVRC2012_val_00014543.JPEG,n04008634,744,471,0.15265948,0,imagenet_c,defocus_blur,1,none
efficientnet_b4,ILSVRC2012_val_00014988.JPEG,n04008634,744,744,0.44904992,1,imagenet_c,defocus_blur,1,none
efficientnet_b4,ILSVRC2012_val_00016696.JPEG,n04008634,744,542,0.17729881,0,imagenet_c,defocus_blur,1,none
efficientnet_b4,ILSVRC2012_val_00016816.JPEG,n04008634,744,744,0.45754117,1,imagenet_c,defocus_blur,1,none
efficientnet_b4,ILSVRC2012_val_00018494.JPEG,n04008634,744,657,0.33269855,0,imagenet_c,defocus_blur,1,none
efficientnet_b4,ILSVRC2012_val_00018586.JPEG,n04008634,744,744,0.30256137,1,imagenet_c,defocus_blur,1,none
efficientnet_b4,ILSVRC2012_val_00018756.JPEG,n04008634,744,477,0.17235152,0,imagenet_c,defocus_blur,1,none
efficientnet_b4,ILSVRC2012_val_00018888.JPEG,n04008634,744,744,0.41570732,1,imagenet_c,defocus_blur,1,none
efficientnet_b4,ILSVRC2012_val_00020190.JPEG,n04008634,744,744,0.33233976,1,imagenet_c,defocus_blur,1,none
efficientnet_b4,ILSVRC2012_val_00023914.JPEG,n04008634,744,895,0.122361585,0,imagenet_c,defocus_blur,1,none
efficientnet_b4,ILSVRC2012_val_00026393.JPEG,n04008634,744,841,0.117838636,0,imagenet_c,defocus_blur,1,none
efficientnet_b4,ILSVRC2012_val_00026599.JPEG,n04008634,744,657,0.35242805,0,imagenet_c,defocus_blur,1,none
efficientnet_b4,ILSVRC2012_val_00027910.JPEG,n04008634,744,657,0.4641648,0,imagenet_c,defocus_blur,1,none
efficientnet_b4,ILSVRC2012_val_00028671.JPEG,n04008634,744,744,0.08981375,1,imagenet_c,defocus_blur,1,none
efficientnet_b4,ILSVRC2012_val_00030783.JPEG,n04008634,744,744,0.115170166,1,imagenet_c,defocus_blur,1,none
efficientnet_b4,ILSVRC2012_val_00032189.JPEG,n04008634,744,895,0.3181038,0,imagenet_c,defocus_blur,1,none
efficientnet_b4,ILSVRC2012_val_00032572.JPEG,n04008634,744,657,0.028001012,0,imagenet_c,defocus_blur,1,none
efficientnet_b4,ILSVRC2012_val_00033210.JPEG,n04008634,744,657,0.45222688,0,imagenet_c,defocus_blur,1,none
efficientnet_b4,ILSVRC2012_val_00034469.JPEG,n04008634,744,744,0.43227953,1,imagenet_c,defocus_blur,1,none
efficientnet_b4,ILSVRC2012_val_00036376.JPEG,n04008634,744,657,0.28912976,0,imagenet_c,defocus_blur,1,none
efficientnet_b4,ILSVRC2012_val_00037967.JPEG,n04008634,744,657,0.41086635,0,imagenet_c,defocus_blur,1,none
efficientnet_b4,ILSVRC2012_val_00038596.JPEG,n04008634,744,744,0.5132668,1,imagenet_c,defocus_blur,1,none
efficientnet_b4,ILSVRC2012_val_00039495.JPEG,n04008634,744,758,0.15290986,0,imagenet_c,defocus_blur,1,none
efficientnet_b4,ILSVRC2012_val_00039952.JPEG,n04008634,744,744,0.3588637,1,imagenet_c,defocus_blur,1,none
efficientnet_b4,ILSVRC2012_val_00040466.JPEG,n04008634,744,744,0.29072276,1,imagenet_c,defocus_blur,1,none
efficientnet_b4,ILSVRC2012_val_00041369.JPEG,n04008634,744,867,0.8051981,0,imagenet_c,defocus_blur,1,none
efficientnet_b4,ILSVRC2012_val_00041790.JPEG,n04008634,744,744,0.2518989,1,imagenet_c,defocus_blur,1,none
efficientnet_b4,ILSVRC2012_val_00042515.JPEG,n04008634,744,657,0.39823756,0,imagenet_c,defocus_blur,1,none
efficientnet_b4,ILSVRC2012_val_00043374.JPEG,n04008634,744,657,0.31588182,0,imagenet_c,defocus_blur,1,none
efficientnet_b4,ILSVRC2012_val_00043780.JPEG,n04008634,744,739,0.19120657,0,imagenet_c,defocus_blur,1,none
efficientnet_b4,ILSVRC2012_val_00044159.JPEG,n04008634,744,847,0.6543172,0,imagenet_c,defocus_blur,1,none
efficientnet_b4,ILSVRC2012_val_00047882.JPEG,n04008634,744,744,0.16136415,1,imagenet_c,defocus_blur,1,none
efficientnet_b4,ILSVRC2012_val_00049362.JPEG,n04008634,744,895,0.39556122,0,imagenet_c,defocus_blur,1,none
efficientnet_b4,ILSVRC2012_val_00001253.JPEG,n04009552,745,745,0.6324293,1,imagenet_c,defocus_blur,1,none
efficientnet_b4,ILSVRC2012_val_00001429.JPEG,n04009552,745,632,0.13097219,0,imagenet_c,defocus_blur,1,none
efficientnet_b4,ILSVRC2012_val_00001989.JPEG,n04009552,745,597,0.3291574,0,imagenet_c,defocus_blur,1,none
efficientnet_b4,ILSVRC2012_val_00002236.JPEG,n04009552,745,745,0.4382815,1,imagenet_c,defocus_blur,1,none
efficientnet_b4,ILSVRC2012_val_00002386.JPEG,n04009552,745,745,0.8802994,1,imagenet_c,defocus_blur,1,none
efficientnet_b4,ILSVRC2012_val_00002739.JPEG,n04009552,745,732,0.40802848,0,imagenet_c,defocus_blur,1,none
efficientnet_b4,ILSVRC2012_val_00003647.JPEG,n04009552,745,745,0.31540275,1,imagenet_c,defocus_blur,1,none
efficientnet_b4,ILSVRC2012_val_00003990.JPEG,n04009552,745,844,0.08932968,0,imagenet_c,defocus_blur,1,none
efficientnet_b4,ILSVRC2012_val_00005673.JPEG,n04009552,745,745,0.75991684,1,imagenet_c,defocus_blur,1,none
efficientnet_b4,ILSVRC2012_val_00006864.JPEG,n04009552,745,848,0.14894946,0,imagenet_c,defocus_blur,1,none
efficientnet_b4,ILSVRC2012_val_00007704.JPEG,n04009552,745,745,0.07892837,1,imagenet_c,defocus_blur,1,none
efficientnet_b4,ILSVRC2012_val_00007775.JPEG,n04009552,745,745,0.38506427,1,imagenet_c,defocus_blur,1,none
efficientnet_b4,ILSVRC2012_val_00010319.JPEG,n04009552,745,632,0.27857146,0,imagenet_c,defocus_blur,1,none
efficientnet_b4,ILSVRC2012_val_00011059.JPEG,n04009552,745,530,0.14147109,0,imagenet_c,defocus_blur,1,none
efficientnet_b4,ILSVRC2012_val_00017302.JPEG,n04009552,745,745,0.52033967,1,imagenet_c,defocus_blur,1,none
efficientnet_b4,ILSVRC2012_val_00018298.JPEG,n04009552,745,745,0.6242333,1,imagenet_c,defocus_blur,1,none
efficientnet_b4,ILSVRC2012_val_00020745.JPEG,n04009552,745,745,0.63023925,1,imagenet_c,defocus_blur,1,none
efficientnet_b4,ILSVRC2012_val_00023510.JPEG,n04009552,745,745,0.75914955,1,imagenet_c,defocus_blur,1,none
efficientnet_b4,ILSVRC2012_val_00023972.JPEG,n04009552,745,745,0.62228876,1,imagenet_c,defocus_blur,1,none
efficientnet_b4,ILSVRC2012_val_00024304.JPEG,n04009552,745,745,0.6295492,1,imagenet_c,defocus_blur,1,none
efficientnet_b4,ILSVRC2012_val_00026277.JPEG,n04009552,745,745,0.84522766,1,imagenet_c,defocus_blur,1,none
efficientnet_b4,ILSVRC2012_val_00026384.JPEG,n04009552,745,473,0.16398318,0,imagenet_c,defocus_blur,1,none
efficientnet_b4,ILSVRC2012_val_00026668.JPEG,n04009552,745,782,0.13174976,0,imagenet_c,defocus_blur,1,none
efficientnet_b4,ILSVRC2012_val_00027465.JPEG,n04009552,745,745,0.76820457,1,imagenet_c,defocus_blur,1,none
efficientnet_b4,ILSVRC2012_val_00029794.JPEG,n04009552,745,745,0.24652538,1,imagenet_c,defocus_blur,1,none
efficientnet_b4,ILSVRC2012_val_00030104.JPEG,n04009552,745,592,0.1272569,0,imagenet_c,defocus_blur,1,none
efficientnet_b4,ILSVRC2012_val_00031621.JPEG,n04009552,745,745,0.3643781,1,imagenet_c,defocus_blur,1,none
efficientnet_b4,ILSVRC2012_val_00032098.JPEG,n04009552,745,745,0.7384559,1,imagenet_c,defocus_blur,1,none
efficientnet_b4,ILSVRC2012_val_00032924.JPEG,n04009552,745,872,0.30460322,0,imagenet_c,defocus_blur,1,none
efficientnet_b4,ILSVRC2012_val_00033020.JPEG,n04009552,745,745,0.72210485,1,imagenet_c,defocus_blur,1,none
efficientnet_b4,ILSVRC2012_val_00036297.JPEG,n04009552,745,745,0.45307904,1,imagenet_c,defocus_blur,1,none
efficientnet_b4,ILSVRC2012_val_00038006.JPEG,n04009552,745,745,0.82515365,1,imagenet_c,defocus_blur,1,none
efficientnet_b4,ILSVRC2012_val_00038255.JPEG,n04009552,745,754,0.3641967,0,imagenet_c,defocus_blur,1,none
efficientnet_b4,ILSVRC2012_val_00038603.JPEG,n04009552,745,732,0.080167085,0,imagenet_c,defocus_blur,1,none
efficientnet_b4,ILSVRC2012_val_00038851.JPEG,n04009552,745,844,0.38082734,0,imagenet_c,defocus_blur,1,none
efficientnet_b4,ILSVRC2012_val_00039310.JPEG,n04009552,745,745,0.6765838,1,imagenet_c,defocus_blur,1,none
efficientnet_b4,ILSVRC2012_val_00041255.JPEG,n04009552,745,882,0.15068966,0,imagenet_c,defocus_blur,1,none
efficientnet_b4,ILSVRC2012_val_00041289.JPEG,n04009552,745,759,0.232123,0,imagenet_c,defocus_blur,1,none
efficientnet_b4,ILSVRC2012_val_00041303.JPEG,n04009552,745,745,0.7782633,1,imagenet_c,defocus_blur,1,none
efficientnet_b4,ILSVRC2012_val_00041414.JPEG,n04009552,745,745,0.28621334,1,imagenet_c,defocus_blur,1,none
efficientnet_b4,ILSVRC2012_val_00042464.JPEG,n04009552,745,745,0.80955374,1,imagenet_c,defocus_blur,1,none
efficientnet_b4,ILSVRC2012_val_00043590.JPEG,n04009552,745,745,0.7970104,1,imagenet_c,defocus_blur,1,none
efficientnet_b4,ILSVRC2012_val_00043812.JPEG,n04009552,745,745,0.5551806,1,imagenet_c,defocus_blur,1,none
efficientnet_b4,ILSVRC2012_val_00044512.JPEG,n04009552,745,745,0.9796622,1,imagenet_c,defocus_blur,1,none
efficientnet_b4,ILSVRC2012_val_00045112.JPEG,n04009552,745,745,0.55537266,1,imagenet_c,defocus_blur,1,none
efficientnet_b4,ILSVRC2012_val_00045331.JPEG,n04009552,745,485,0.13772482,0,imagenet_c,defocus_blur,1,none
efficientnet_b4,ILSVRC2012_val_00046217.JPEG,n04009552,745,754,0.15302025,0,imagenet_c,defocus_blur,1,none
efficientnet_b4,ILSVRC2012_val_00047128.JPEG,n04009552,745,818,0.83703655,0,imagenet_c,defocus_blur,1,none
efficientnet_b4,ILSVRC2012_val_00047644.JPEG,n04009552,745,872,0.13588141,0,imagenet_c,defocus_blur,1,none
efficientnet_b4,ILSVRC2012_val_00049074.JPEG,n04009552,745,745,0.83041704,1,imagenet_c,defocus_blur,1,none
efficientnet_b4,ILSVRC2012_val_00000454.JPEG,n04019541,746,746,0.66044384,1,imagenet_c,defocus_blur,1,none
efficientnet_b4,ILSVRC2012_val_00000682.JPEG,n04019541,746,746,0.5482153,1,imagenet_c,defocus_blur,1,none
efficientnet_b4,ILSVRC2012_val_00000861.JPEG,n04019541,746,746,0.48344517,1,imagenet_c,defocus_blur,1,none
efficientnet_b4,ILSVRC2012_val_00002750.JPEG,n04019541,746,746,0.5337505,1,imagenet_c,defocus_blur,1,none
efficientnet_b4,ILSVRC2012_val_00002816.JPEG,n04019541,746,746,0.74795026,1,imagenet_c,defocus_blur,1,none
efficientnet_b4,ILSVRC2012_val_00004469.JPEG,n04019541,746,746,0.5066306,1,imagenet_c,defocus_blur,1,none
efficientnet_b4,ILSVRC2012_val_00006926.JPEG,n04019541,746,746,0.5276038,1,imagenet_c,defocus_blur,1,none
efficientnet_b4,ILSVRC2012_val_00007030.JPEG,n04019541,746,746,0.71169037,1,imagenet_c,defocus_blur,1,none
efficientnet_b4,ILSVRC2012_val_00009756.JPEG,n04019541,746,746,0.623135,1,imagenet_c,defocus_blur,1,none
efficientnet_b4,ILSVRC2012_val_00010972.JPEG,n04019541,746,746,0.2785319,1,imagenet_c,defocus_blur,1,none
efficientnet_b4,ILSVRC2012_val_00011282.JPEG,n04019541,746,746,0.3753966,1,imagenet_c,defocus_blur,1,none
efficientnet_b4,ILSVRC2012_val_00012382.JPEG,n04019541,746,746,0.53174853,1,imagenet_c,defocus_blur,1,none
efficientnet_b4,ILSVRC2012_val_00013391.JPEG,n04019541,746,746,0.09841255,1,imagenet_c,defocus_blur,1,none
efficientnet_b4,ILSVRC2012_val_00014952.JPEG,n04019541,746,746,0.5807416,1,imagenet_c,defocus_blur,1,none
efficientnet_b4,ILSVRC2012_val_00016439.JPEG,n04019541,746,746,0.50478804,1,imagenet_c,defocus_blur,1,none
efficientnet_b4,ILSVRC2012_val_00017276.JPEG,n04019541,746,746,0.54572576,1,imagenet_c,defocus_blur,1,none
efficientnet_b4,ILSVRC2012_val_00019105.JPEG,n04019541,746,746,0.5454865,1,imagenet_c,defocus_blur,1,none
efficientnet_b4,ILSVRC2012_val_00020227.JPEG,n04019541,746,957,0.36191207,0,imagenet_c,defocus_blur,1,none
efficientnet_b4,ILSVRC2012_val_00021409.JPEG,n04019541,746,746,0.29244578,1,imagenet_c,defocus_blur,1,none
efficientnet_b4,ILSVRC2012_val_00021659.JPEG,n04019541,746,746,0.6878592,1,imagenet_c,defocus_blur,1,none
efficientnet_b4,ILSVRC2012_val_00023684.JPEG,n04019541,746,746,0.447736,1,imagenet_c,defocus_blur,1,none
efficientnet_b4,ILSVRC2012_val_00023956.JPEG,n04019541,746,746,0.36278903,1,imagenet_c,defocus_blur,1,none
efficientnet_b4,ILSVRC2012_val_00024203.JPEG,n04019541,746,746,0.71818405,1,imagenet_c,defocus_blur,1,none
efficientnet_b4,ILSVRC2012_val_00024388.JPEG,n04019541,746,746,0.63087374,1,imagenet_c,defocus_blur,1,none
efficientnet_b4,ILSVRC2012_val_00024506.JPEG,n04019541,746,746,0.104124255,1,imagenet_c,defocus_blur,1,none
efficientnet_b4,ILSVRC2012_val_00024819.JPEG,n04019541,746,746,0.7476086,1,imagenet_c,defocus_blur,1,none
efficientnet_b4,ILSVRC2012_val_00025351.JPEG,n04019541,746,746,0.6204078,1,imagenet_c,defocus_blur,1,none
efficientnet_b4,ILSVRC2012_val_00027155.JPEG,n04019541,746,746,0.611409,1,imagenet_c,defocus_blur,1,none
efficientnet_b4,ILSVRC2012_val_00027603.JPEG,n04019541,746,746,0.5801816,1,imagenet_c,defocus_blur,1,none
efficientnet_b4,ILSVRC2012_val_00028690.JPEG,n04019541,746,746,0.8128193,1,imagenet_c,defocus_blur,1,none
efficientnet_b4,ILSVRC2012_val_00029072.JPEG,n04019541,746,746,0.29821527,1,imagenet_c,defocus_blur,1,none
efficientnet_b4,ILSVRC2012_val_00031317.JPEG,n04019541,746,746,0.5886498,1,imagenet_c,defocus_blur,1,none
efficientnet_b4,ILSVRC2012_val_00034959.JPEG,n04019541,746,746,0.58283055,1,imagenet_c,defocus_blur,1,none
efficientnet_b4,ILSVRC2012_val_00035015.JPEG,n04019541,746,746,0.33894876,1,imagenet_c,defocus_blur,1,none
efficientnet_b4,ILSVRC2012_val_00035285.JPEG,n04019541,746,746,0.6747166,1,imagenet_c,defocus_blur,1,none
efficientnet_b4,ILSVRC2012_val_00038669.JPEG,n04019541,746,746,0.61542654,1,imagenet_c,defocus_blur,1,none
efficientnet_b4,ILSVRC2012_val_00040433.JPEG,n04019541,746,746,0.44463977,1,imagenet_c,defocus_blur,1,none
efficientnet_b4,ILSVRC2012_val_00040687.JPEG,n04019541,746,746,0.20607512,1,imagenet_c,defocus_blur,1,none
efficientnet_b4,ILSVRC2012_val_00040797.JPEG,n04019541,746,890,0.2151924,0,imagenet_c,defocus_blur,1,none
efficientnet_b4,ILSVRC2012_val_00040973.JPEG,n04019541,746,746,0.28622892,1,imagenet_c,defocus_blur,1,none
efficientnet_b4,ILSVRC2012_val_00041035.JPEG,n04019541,746,746,0.52150244,1,imagenet_c,defocus_blur,1,none
efficientnet_b4,ILSVRC2012_val_00041780.JPEG,n04019541,746,746,0.54132885,1,imagenet_c,defocus_blur,1,none
efficientnet_b4,ILSVRC2012_val_00043277.JPEG,n04019541,746,746,0.3662176,1,imagenet_c,defocus_blur,1,none
efficientnet_b4,ILSVRC2012_val_00044405.JPEG,n04019541,746,535,0.11006572,0,imagenet_c,defocus_blur,1,none
efficientnet_b4,ILSVRC2012_val_00044487.JPEG,n04019541,746,746,0.61030084,1,imagenet_c,defocus_blur,1,none
efficientnet_b4,ILSVRC2012_val_00048262.JPEG,n04019541,746,551,0.29467788,0,imagenet_c,defocus_blur,1,none
efficientnet_b4,ILSVRC2012_val_00048759.JPEG,n04019541,746,746,0.6752656,1,imagenet_c,defocus_blur,1,none
efficientnet_b4,ILSVRC2012_val_00049335.JPEG,n04019541,746,746,0.6594101,1,imagenet_c,defocus_blur,1,none
efficientnet_b4,ILSVRC2012_val_00049419.JPEG,n04019541,746,746,0.5497197,1,imagenet_c,defocus_blur,1,none
efficientnet_b4,ILSVRC2012_val_00049790.JPEG,n04019541,746,746,0.52557504,1,imagenet_c,defocus_blur,1,none
efficientnet_b4,ILSVRC2012_val_00002782.JPEG,n04023962,747,417,0.2666266,0,imagenet_c,defocus_blur,1,none
efficientnet_b4,ILSVRC2012_val_00003025.JPEG,n04023962,747,902,0.084859,0,imagenet_c,defocus_blur,1,none
efficientnet_b4,ILSVRC2012_val_00003452.JPEG,n04023962,747,890,0.111250974,0,imagenet_c,defocus_blur,1,none
efficientnet_b4,ILSVRC2012_val_00003920.JPEG,n04023962,747,747,0.31885663,1,imagenet_c,defocus_blur,1,none
efficientnet_b4,ILSVRC2012_val_00005405.JPEG,n04023962,747,747,0.8661684,1,imagenet_c,defocus_blur,1,none
efficientnet_b4,ILSVRC2012_val_00005486.JPEG,n04023962,747,317,0.12918241,0,imagenet_c,defocus_blur,1,none
efficientnet_b4,ILSVRC2012_val_00005537.JPEG,n04023962,747,747,0.83103406,1,imagenet_c,defocus_blur,1,none
efficientnet_b4,ILSVRC2012_val_00006405.JPEG,n04023962,747,747,0.68284756,1,imagenet_c,defocus_blur,1,none
efficientnet_b4,ILSVRC2012_val_00006485.JPEG,n04023962,747,641,0.42000926,0,imagenet_c,defocus_blur,1,none
efficientnet_b4,ILSVRC2012_val_00006510.JPEG,n04023962,747,747,0.9112856,1,imagenet_c,defocus_blur,1,none
efficientnet_b4,ILSVRC2012_val_00007418.JPEG,n04023962,747,747,0.7703028,1,imagenet_c,defocus_blur,1,none
efficientnet_b4,ILSVRC2012_val_00007919.JPEG,n04023962,747,747,0.4563501,1,imagenet_c,defocus_blur,1,none
efficientnet_b4,ILSVRC2012_val_00008276.JPEG,n04023962,747,747,0.824963,1,imagenet_c,defocus_blur,1,none
efficientnet_b4,ILSVRC2012_val_00008547.JPEG,n04023962,747,747,0.6894064,1,imagenet_c,defocus_blur,1,none
efficientnet_b4,ILSVRC2012_val_00009676.JPEG,n04023962,747,702,0.25107932,0,imagenet_c,defocus_blur,1,none
efficientnet_b4,ILSVRC2012_val_00010656.JPEG,n04023962,747,747,0.630631,1,imagenet_c,defocus_blur,1,none
efficientnet_b4,ILSVRC2012_val_00010716.JPEG,n04023962,747,747,0.421985,1,imagenet_c,defocus_blur,1,none
efficientnet_b4,ILSVRC2012_val_00010977.JPEG,n04023962,747,747,0.7219112,1,imagenet_c,defocus_blur,1,none
efficientnet_b4,ILSVRC2012_val_00011395.JPEG,n04023962,747,747,0.8326376,1,imagenet_c,defocus_blur,1,none
efficientnet_b4,ILSVRC2012_val_00012071.JPEG,n04023962,747,747,0.7018615,1,imagenet_c,defocus_blur,1,none
efficientnet_b4,ILSVRC2012_val_00012992.JPEG,n04023962,747,747,0.32649812,1,imagenet_c,defocus_blur,1,none
efficientnet_b4,ILSVRC2012_val_00013561.JPEG,n04023962,747,747,0.5438605,1,imagenet_c,defocus_blur,1,none
efficientnet_b4,ILSVRC2012_val_00015474.JPEG,n04023962,747,424,0.13132076,0,imagenet_c,defocus_blur,1,none
efficientnet_b4,ILSVRC2012_val_00017190.JPEG,n04023962,747,424,0.040459022,0,imagenet_c,defocus_blur,1,none
efficientnet_b4,ILSVRC2012_val_00017642.JPEG,n04023962,747,747,0.35704166,1,imagenet_c,defocus_blur,1,none
efficientnet_b4,ILSVRC2012_val_00019768.JPEG,n04023962,747,747,0.6891612,1,imagenet_c,defocus_blur,1,none
efficientnet_b4,ILSVRC2012_val_00023979.JPEG,n04023962,747,747,0.55933017,1,imagenet_c,defocus_blur,1,none
efficientnet_b4,ILSVRC2012_val_00027896.JPEG,n04023962,747,747,0.51367426,1,imagenet_c,defocus_blur,1,none
efficientnet_b4,ILSVRC2012_val_00028348.JPEG,n04023962,747,747,0.62561363,1,imagenet_c,defocus_blur,1,none
efficientnet_b4,ILSVRC2012_val_00028845.JPEG,n04023962,747,747,0.1193705,1,imagenet_c,defocus_blur,1,none
efficientnet_b4,ILSVRC2012_val_00029900.JPEG,n04023962,747,747,0.62425613,1,imagenet_c,defocus_blur,1,none
efficientnet_b4,ILSVRC2012_val_00030413.JPEG,n04023962,747,626,0.259329,0,imagenet_c,defocus_blur,1,none
efficientnet_b4,ILSVRC2012_val_00030819.JPEG,n04023962,747,747,0.08817145,1,imagenet_c,defocus_blur,1,none
efficientnet_b4,ILSVRC2012_val_00031476.JPEG,n04023962,747,430,0.12671301,0,imagenet_c,defocus_blur,1,none
efficientnet_b4,ILSVRC2012_val_00032395.JPEG,n04023962,747,747,0.70085627,1,imagenet_c,defocus_blur,1,none
efficientnet_b4,ILSVRC2012_val_00032748.JPEG,n04023962,747,747,0.2694879,1,imagenet_c,defocus_blur,1,none
efficientnet_b4,ILSVRC2012_val_00033882.JPEG,n04023962,747,747,0.5646371,1,imagenet_c,defocus_blur,1,none
efficientnet_b4,ILSVRC2012_val_00035103.JPEG,n04023962,747,891,0.1293355,0,imagenet_c,defocus_blur,1,none
efficientnet_b4,ILSVRC2012_val_00037189.JPEG,n04023962,747,747,0.60786766,1,imagenet_c,defocus_blur,1,none
efficientnet_b4,ILSVRC2012_val_00037966.JPEG,n04023962,747,747,0.30109882,1,imagenet_c,defocus_blur,1,none
efficientnet_b4,ILSVRC2012_val_00040578.JPEG,n04023962,747,747,0.71805507,1,imagenet_c,defocus_blur,1,none
efficientnet_b4,ILSVRC2012_val_00041453.JPEG,n04023962,747,747,0.6390215,1,imagenet_c,defocus_blur,1,none
efficientnet_b4,ILSVRC2012_val_00041943.JPEG,n04023962,747,747,0.65565157,1,imagenet_c,defocus_blur,1,none
efficientnet_b4,ILSVRC2012_val_00042866.JPEG,n04023962,747,412,0.46958983,0,imagenet_c,defocus_blur,1,none
efficientnet_b4,ILSVRC2012_val_00042986.JPEG,n04023962,747,747,0.6138977,1,imagenet_c,defocus_blur,1,none
efficientnet_b4,ILSVRC2012_val_00043545.JPEG,n04023962,747,747,0.22186422,1,imagenet_c,defocus_blur,1,none
efficientnet_b4,ILSVRC2012_val_00046859.JPEG,n04023962,747,789,0.16766492,0,imagenet_c,defocus_blur,1,none
efficientnet_b4,ILSVRC2012_val_00047872.JPEG,n04023962,747,747,0.6531532,1,imagenet_c,defocus_blur,1,none
efficientnet_b4,ILSVRC2012_val_00048984.JPEG,n04023962,747,747,0.7153456,1,imagenet_c,defocus_blur,1,none
efficientnet_b4,ILSVRC2012_val_00049616.JPEG,n04023962,747,684,0.107869856,0,imagenet_c,defocus_blur,1,none
efficientnet_b4,ILSVRC2012_val_00001343.JPEG,n04026417,748,748,0.22826259,1,imagenet_c,defocus_blur,1,none
efficientnet_b4,ILSVRC2012_val_00001565.JPEG,n04026417,748,427,0.03716953,0,imagenet_c,defocus_blur,1,none
efficientnet_b4,ILSVRC2012_val_00002268.JPEG,n04026417,748,443,0.04554755,0,imagenet_c,defocus_blur,1,none
efficientnet_b4,ILSVRC2012_val_00002590.JPEG,n04026417,748,584,0.19162521,0,imagenet_c,defocus_blur,1,none
efficientnet_b4,ILSVRC2012_val_00004109.JPEG,n04026417,748,748,0.21311255,1,imagenet_c,defocus_blur,1,none
efficientnet_b4,ILSVRC2012_val_00004191.JPEG,n04026417,748,748,0.7134199,1,imagenet_c,defocus_blur,1,none
efficientnet_b4,ILSVRC2012_val_00004461.JPEG,n04026417,748,893,0.25521606,0,imagenet_c,defocus_blur,1,none
efficientnet_b4,ILSVRC2012_val_00006166.JPEG,n04026417,748,891,0.44674936,0,imagenet_c,defocus_blur,1,none
efficientnet_b4,ILSVRC2012_val_00006212.JPEG,n04026417,748,584,0.27160847,0,imagenet_c,defocus_blur,1,none
efficientnet_b4,ILSVRC2012_val_00010949.JPEG,n04026417,748,692,0.40216205,0,imagenet_c,defocus_blur,1,none
efficientnet_b4,ILSVRC2012_val_00011671.JPEG,n04026417,748,790,0.16156296,0,imagenet_c,defocus_blur,1,none
efficientnet_b4,ILSVRC2012_val_00011830.JPEG,n04026417,748,676,0.15924817,0,imagenet_c,defocus_blur,1,none
efficientnet_b4,ILSVRC2012_val_00012285.JPEG,n04026417,748,893,0.41195494,0,imagenet_c,defocus_blur,1,none
efficientnet_b4,ILSVRC2012_val_00013221.JPEG,n04026417,748,748,0.8578291,1,imagenet_c,defocus_blur,1,none
efficientnet_b4,ILSVRC2012_val_00013342.JPEG,n04026417,748,529,0.096407086,0,imagenet_c,defocus_blur,1,none
efficientnet_b4,ILSVRC2012_val_00013451.JPEG,n04026417,748,830,0.09640792,0,imagenet_c,defocus_blur,1,none
efficientnet_b4,ILSVRC2012_val_00013522.JPEG,n04026417,748,710,0.5577001,0,imagenet_c,defocus_blur,1,none
efficientnet_b4,ILSVRC2012_val_00013578.JPEG,n04026417,748,491,0.039533608,0,imagenet_c,defocus_blur,1,none
efficientnet_b4,ILSVRC2012_val_00014524.JPEG,n04026417,748,748,0.27524558,1,imagenet_c,defocus_blur,1,none
efficientnet_b4,ILSVRC2012_val_00017058.JPEG,n04026417,748,708,0.14019562,0,imagenet_c,defocus_blur,1,none
efficientnet_b4,ILSVRC2012_val_00017752.JPEG,n04026417,748,785,0.08573076,0,imagenet_c,defocus_blur,1,none
efficientnet_b4,ILSVRC2012_val_00018490.JPEG,n04026417,748,748,0.27226985,1,imagenet_c,defocus_blur,1,none
efficientnet_b4,ILSVRC2012_val_00018572.JPEG,n04026417,748,591,0.08128948,0,imagenet_c,defocus_blur,1,none
efficientnet_b4,ILSVRC2012_val_00018579.JPEG,n04026417,748,748,0.31995246,1,imagenet_c,defocus_blur,1,none
efficientnet_b4,ILSVRC2012_val_00019537.JPEG,n04026417,748,748,0.038617294,1,imagenet_c,defocus_blur,1,none
efficientnet_b4,ILSVRC2012_val_00019863.JPEG,n04026417,748,674,0.13911635,0,imagenet_c,defocus_blur,1,none
efficientnet_b4,ILSVRC2012_val_00021143.JPEG,n04026417,748,748,0.103918776,1,imagenet_c,defocus_blur,1,none
efficientnet_b4,ILSVRC2012_val_00023254.JPEG,n04026417,748,793,0.1865735,0,imagenet_c,defocus_blur,1,none
efficientnet_b4,ILSVRC2012_val_00024778.JPEG,n04026417,748,464,0.3180415,0,imagenet_c,defocus_blur,1,none
efficientnet_b4,ILSVRC2012_val_00025944.JPEG,n04026417,748,481,0.09269604,0,imagenet_c,defocus_blur,1,none
efficientnet_b4,ILSVRC2012_val_00026615.JPEG,n04026417,748,748,0.32096305,1,imagenet_c,defocus_blur,1,none
efficientnet_b4,ILSVRC2012_val_00028361.JPEG,n04026417,748,893,0.18071118,0,imagenet_c,defocus_blur,1,none
efficientnet_b4,ILSVRC2012_val_00030223.JPEG,n04026417,748,893,0.20603739,0,imagenet_c,defocus_blur,1,none
efficientnet_b4,ILSVRC2012_val_00030487.JPEG,n04026417,748,790,0.26466706,0,imagenet_c,defocus_blur,1,none
efficientnet_b4,ILSVRC2012_val_00030668.JPEG,n04026417,748,636,0.20742185,0,imagenet_c,defocus_blur,1,none
efficientnet_b4,ILSVRC2012_val_00031129.JPEG,n04026417,748,692,0.26155806,0,imagenet_c,defocus_blur,1,none
efficientnet_b4,ILSVRC2012_val_00034222.JPEG,n04026417,748,748,0.12100323,1,imagenet_c,defocus_blur,1,none
efficientnet_b4,ILSVRC2012_val_00035568.JPEG,n04026417,748,481,0.1820617,0,imagenet_c,defocus_blur,1,none
efficientnet_b4,ILSVRC2012_val_00036411.JPEG,n04026417,748,748,0.25912532,1,imagenet_c,defocus_blur,1,none
efficientnet_b4,ILSVRC2012_val_00037263.JPEG,n04026417,748,481,0.044956602,0,imagenet_c,defocus_blur,1,none
efficientnet_b4,ILSVRC2012_val_00039205.JPEG,n04026417,748,748,0.31281152,1,imagenet_c,defocus_blur,1,none
efficientnet_b4,ILSVRC2012_val_00039356.JPEG,n04026417,748,748,0.4855132,1,imagenet_c,defocus_blur,1,none
efficientnet_b4,ILSVRC2012_val_00041904.JPEG,n04026417,748,893,0.19678044,0,imagenet_c,defocus_blur,1,none
efficientnet_b4,ILSVRC2012_val_00042230.JPEG,n04026417,748,584,0.5324974,0,imagenet_c,defocus_blur,1,none
efficientnet_b4,ILSVRC2012_val_00042671.JPEG,n04026417,748,796,0.31217906,0,imagenet_c,defocus_blur,1,none
efficientnet_b4,ILSVRC2012_val_00042987.JPEG,n04026417,748,636,0.089178294,0,imagenet_c,defocus_blur,1,none
efficientnet_b4,ILSVRC2012_val_00045888.JPEG,n04026417,748,902,0.42402813,0,imagenet_c,defocus_blur,1,none
efficientnet_b4,ILSVRC2012_val_00047620.JPEG,n04026417,748,893,0.2570921,0,imagenet_c,defocus_blur,1,none
efficientnet_b4,ILSVRC2012_val_00048124.JPEG,n04026417,748,748,0.2888881,1,imagenet_c,defocus_blur,1,none
efficientnet_b4,ILSVRC2012_val_00049451.JPEG,n04026417,748,464,0.22701423,0,imagenet_c,defocus_blur,1,none
efficientnet_b4,ILSVRC2012_val_00001345.JPEG,n04033901,749,749,0.22089891,1,imagenet_c,defocus_blur,1,none
efficientnet_b4,ILSVRC2012_val_00001457.JPEG,n04033901,749,749,0.047510948,1,imagenet_c,defocus_blur,1,none
efficientnet_b4,ILSVRC2012_val_00002001.JPEG,n04033901,749,749,0.59205824,1,imagenet_c,defocus_blur,1,none
efficientnet_b4,ILSVRC2012_val_00002345.JPEG,n04033901,749,749,0.3930474,1,imagenet_c,defocus_blur,1,none
efficientnet_b4,ILSVRC2012_val_00003041.JPEG,n04033901,749,749,0.13513063,1,imagenet_c,defocus_blur,1,none
efficientnet_b4,ILSVRC2012_val_00003376.JPEG,n04033901,749,749,0.8665613,1,imagenet_c,defocus_blur,1,none
efficientnet_b4,ILSVRC2012_val_00003528.JPEG,n04033901,749,749,0.6215788,1,imagenet_c,defocus_blur,1,none
efficientnet_b4,ILSVRC2012_val_00006721.JPEG,n04033901,749,749,0.85790986,1,imagenet_c,defocus_blur,1,none
efficientnet_b4,ILSVRC2012_val_00007590.JPEG,n04033901,749,860,0.23841983,0,imagenet_c,defocus_blur,1,none
efficientnet_b4,ILSVRC2012_val_00007806.JPEG,n04033901,749,361,0.083901376,0,imagenet_c,defocus_blur,1,none
efficientnet_b4,ILSVRC2012_val_00008557.JPEG,n04033901,749,749,0.25110772,1,imagenet_c,defocus_blur,1,none
efficientnet_b4,ILSVRC2012_val_00008657.JPEG,n04033901,749,918,0.3354987,0,imagenet_c,defocus_blur,1,none
efficientnet_b4,ILSVRC2012_val_00009513.JPEG,n04033901,749,526,0.040662304,0,imagenet_c,defocus_blur,1,none
efficientnet_b4,ILSVRC2012_val_00010234.JPEG,n04033901,749,749,0.074498475,1,imagenet_c,defocus_blur,1,none
efficientnet_b4,ILSVRC2012_val_00011060.JPEG,n04033901,749,749,0.5849588,1,imagenet_c,defocus_blur,1,none
efficientnet_b4,ILSVRC2012_val_00011707.JPEG,n04033901,749,469,0.09033125,0,imagenet_c,defocus_blur,1,none
efficientnet_b4,ILSVRC2012_val_00012128.JPEG,n04033901,749,749,0.46294776,1,imagenet_c,defocus_blur,1,none
efficientnet_b4,ILSVRC2012_val_00012337.JPEG,n04033901,749,749,0.80637836,1,imagenet_c,defocus_blur,1,none
efficientnet_b4,ILSVRC2012_val_00012813.JPEG,n04033901,749,576,0.11296002,0,imagenet_c,defocus_blur,1,none
efficientnet_b4,ILSVRC2012_val_00014193.JPEG,n04033901,749,749,0.7038666,1,imagenet_c,defocus_blur,1,none
efficientnet_b4,ILSVRC2012_val_00014789.JPEG,n04033901,749,749,0.46633017,1,imagenet_c,defocus_blur,1,none
efficientnet_b4,ILSVRC2012_val_00015617.JPEG,n04033901,749,596,0.18243869,0,imagenet_c,defocus_blur,1,none
efficientnet_b4,ILSVRC2012_val_00015664.JPEG,n04033901,749,593,0.17918086,0,imagenet_c,defocus_blur,1,none
efficientnet_b4,ILSVRC2012_val_00015890.JPEG,n04033901,749,749,0.5985287,1,imagenet_c,defocus_blur,1,none
efficientnet_b4,ILSVRC2012_val_00017614.JPEG,n04033901,749,749,0.41744485,1,imagenet_c,defocus_blur,1,none
efficientnet_b4,ILSVRC2012_val_00017737.JPEG,n04033901,749,749,0.96146554,1,imagenet_c,defocus_blur,1,none
efficientnet_b4,ILSVRC2012_val_00017841.JPEG,n04033901,749,749,0.8605229,1,imagenet_c,defocus_blur,1,none
efficientnet_b4,ILSVRC2012_val_00018322.JPEG,n04033901,749,749,0.43517956,1,imagenet_c,defocus_blur,1,none
efficientnet_b4,ILSVRC2012_val_00019393.JPEG,n04033901,749,111,0.070754275,0,imagenet_c,defocus_blur,1,none
efficientnet_b4,ILSVRC2012_val_00020073.JPEG,n04033901,749,749,0.75090647,1,imagenet_c,defocus_blur,1,none
efficientnet_b4,ILSVRC2012_val_00023962.JPEG,n04033901,749,749,0.87473154,1,imagenet_c,defocus_blur,1,none
efficientnet_b4,ILSVRC2012_val_00025003.JPEG,n04033901,749,749,0.6323879,1,imagenet_c,defocus_blur,1,none
efficientnet_b4,ILSVRC2012_val_00025246.JPEG,n04033901,749,918,0.25036114,0,imagenet_c,defocus_blur,1,none
efficientnet_b4,ILSVRC2012_val_00026984.JPEG,n04033901,749,749,0.5417056,1,imagenet_c,defocus_blur,1,none
efficientnet_b4,ILSVRC2012_val_00028495.JPEG,n04033901,749,749,0.8152857,1,imagenet_c,defocus_blur,1,none
efficientnet_b4,ILSVRC2012_val_00030576.JPEG,n04033901,749,749,0.8877594,1,imagenet_c,defocus_blur,1,none
efficientnet_b4,ILSVRC2012_val_00031768.JPEG,n04033901,749,749,0.69975764,1,imagenet_c,defocus_blur,1,none
efficientnet_b4,ILSVRC2012_val_00033477.JPEG,n04033901,749,749,0.64333105,1,imagenet_c,defocus_blur,1,none
efficientnet_b4,ILSVRC2012_val_00034017.JPEG,n04033901,749,552,0.45901507,0,imagenet_c,defocus_blur,1,none
efficientnet_b4,ILSVRC2012_val_00034976.JPEG,n04033901,749,726,0.030285602,0,imagenet_c,defocus_blur,1,none
efficientnet_b4,ILSVRC2012_val_00035051.JPEG,n04033901,749,683,0.1221973,0,imagenet_c,defocus_blur,1,none
efficientnet_b4,ILSVRC2012_val_00035789.JPEG,n04033901,749,749,0.7758074,1,imagenet_c,defocus_blur,1,none
efficientnet_b4,ILSVRC2012_val_00036076.JPEG,n04033901,749,749,0.6637022,1,imagenet_c,defocus_blur,1,none
efficientnet_b4,ILSVRC2012_val_00036794.JPEG,n04033901,749,749,0.6412424,1,imagenet_c,defocus_blur,1,none
efficientnet_b4,ILSVRC2012_val_00036981.JPEG,n04033901,749,749,0.7613752,1,imagenet_c,defocus_blur,1,none
efficientnet_b4,ILSVRC2012_val_00038041.JPEG,n04033901,749,623,0.11336334,0,imagenet_c,defocus_blur,1,none
efficientnet_b4,ILSVRC2012_val_00038824.JPEG,n04033901,749,749,0.89573735,1,imagenet_c,defocus_blur,1,none
efficientnet_b4,ILSVRC2012_val_00039401.JPEG,n04033901,749,749,0.94866145,1,imagenet_c,defocus_blur,1,none
efficientnet_b4,ILSVRC2012_val_00041863.JPEG,n04033901,749,749,0.6676833,1,imagenet_c,defocus_blur,1,none
efficientnet_b4,ILSVRC2012_val_00042931.JPEG,n04033901,749,749,0.6641011,1,imagenet_c,defocus_blur,1,none
efficientnet_b4,ILSVRC2012_val_00000260.JPEG,n04033995,750,207,0.3054734,0,imagenet_c,defocus_blur,1,none
efficientnet_b4,ILSVRC2012_val_00001197.JPEG,n04033995,750,750,0.23089512,1,imagenet_c,defocus_blur,1,none
efficientnet_b4,ILSVRC2012_val_00001511.JPEG,n04033995,750,750,0.2951056,1,imagenet_c,defocus_blur,1,none
efficientnet_b4,ILSVRC2012_val_00002013.JPEG,n04033995,750,529,0.08023592,0,imagenet_c,defocus_blur,1,none
efficientnet_b4,ILSVRC2012_val_00004482.JPEG,n04033995,750,831,0.21506444,0,imagenet_c,defocus_blur,1,none
efficientnet_b4,ILSVRC2012_val_00005221.JPEG,n04033995,750,750,0.24780636,1,imagenet_c,defocus_blur,1,none
efficientnet_b4,ILSVRC2012_val_00005752.JPEG,n04033995,750,831,0.18427202,0,imagenet_c,defocus_blur,1,none
efficientnet_b4,ILSVRC2012_val_00007047.JPEG,n04033995,750,750,0.13107994,1,imagenet_c,defocus_blur,1,none
efficientnet_b4,ILSVRC2012_val_00007136.JPEG,n04033995,750,750,0.19993342,1,imagenet_c,defocus_blur,1,none
efficientnet_b4,ILSVRC2012_val_00007342.JPEG,n04033995,750,831,0.3760644,0,imagenet_c,defocus_blur,1,none
efficientnet_b4,ILSVRC2012_val_00007459.JPEG,n04033995,750,721,0.15300709,0,imagenet_c,defocus_blur,1,none
efficientnet_b4,ILSVRC2012_val_00008026.JPEG,n04033995,750,431,0.13325936,0,imagenet_c,defocus_blur,1,none
efficientnet_b4,ILSVRC2012_val_00008340.JPEG,n04033995,750,750,0.05769827,1,imagenet_c,defocus_blur,1,none
efficientnet_b4,ILSVRC2012_val_00008409.JPEG,n04033995,750,831,0.21252818,0,imagenet_c,defocus_blur,1,none
efficientnet_b4,ILSVRC2012_val_00009944.JPEG,n04033995,750,831,0.16943246,0,imagenet_c,defocus_blur,1,none
efficientnet_b4,ILSVRC2012_val_00011029.JPEG,n04033995,750,520,0.34425867,0,imagenet_c,defocus_blur,1,none
efficientnet_b4,ILSVRC2012_val_00011051.JPEG,n04033995,750,915,0.3037153,0,imagenet_c,defocus_blur,1,none
efficientnet_b4,ILSVRC2012_val_00012625.JPEG,n04033995,750,651,0.08606979,0,imagenet_c,defocus_blur,1,none
efficientnet_b4,ILSVRC2012_val_00013165.JPEG,n04033995,750,831,0.21414855,0,imagenet_c,defocus_blur,1,none
efficientnet_b4,ILSVRC2012_val_00014527.JPEG,n04033995,750,750,0.105250075,1,imagenet_c,defocus_blur,1,none
efficientnet_b4,ILSVRC2012_val_00015071.JPEG,n04033995,750,750,0.62796634,1,imagenet_c,defocus_blur,1,none
efficientnet_b4,ILSVRC2012_val_00015353.JPEG,n04033995,750,750,0.6372366,1,imagenet_c,defocus_blur,1,none
efficientnet_b4,ILSVRC2012_val_00016045.JPEG,n04033995,750,564,0.07891364,0,imagenet_c,defocus_blur,1,none
efficientnet_b4,ILSVRC2012_val_00016128.JPEG,n04033995,750,831,0.5886879,0,imagenet_c,defocus_blur,1,none
efficientnet_b4,ILSVRC2012_val_00017857.JPEG,n04033995,750,76,0.043681942,0,imagenet_c,defocus_blur,1,none
efficientnet_b4,ILSVRC2012_val_00020509.JPEG,n04033995,750,750,0.048704468,1,imagenet_c,defocus_blur,1,none
efficientnet_b4,ILSVRC2012_val_00023638.JPEG,n04033995,750,750,0.2720903,1,imagenet_c,defocus_blur,1,none
efficientnet_b4,ILSVRC2012_val_00024387.JPEG,n04033995,750,851,0.040666845,0,imagenet_c,defocus_blur,1,none
efficientnet_b4,ILSVRC2012_val_00026389.JPEG,n04033995,750,750,0.13742442,1,imagenet_c,defocus_blur,1,none
efficientnet_b4,ILSVRC2012_val_00026972.JPEG,n04033995,750,750,0.25694275,1,imagenet_c,defocus_blur,1,none
efficientnet_b4,ILSVRC2012_val_00027774.JPEG,n04033995,750,750,0.6590619,1,imagenet_c,defocus_blur,1,none
efficientnet_b4,ILSVRC2012_val_00027873.JPEG,n04033995,750,750,0.116316706,1,imagenet_c,defocus_blur,1,none
efficientnet_b4,ILSVRC2012_val_00030906.JPEG,n04033995,750,831,0.1925088,0,imagenet_c,defocus_blur,1,none
efficientnet_b4,ILSVRC2012_val_00031404.JPEG,n04033995,750,879,0.027452597,0,imagenet_c,defocus_blur,1,none
efficientnet_b4,ILSVRC2012_val_00031844.JPEG,n04033995,750,750,0.12226743,1,imagenet_c,defocus_blur,1,none
efficientnet_b4,ILSVRC2012_val_00032974.JPEG,n04033995,750,187,0.11976199,0,imagenet_c,defocus_blur,1,none
efficientnet_b4,ILSVRC2012_val_00033874.JPEG,n04033995,750,750,0.4035945,1,imagenet_c,defocus_blur,1,none
efficientnet_b4,ILSVRC2012_val_00034188.JPEG,n04033995,750,831,0.24357794,0,imagenet_c,defocus_blur,1,none
efficientnet_b4,ILSVRC2012_val_00035641.JPEG,n04033995,750,797,0.41466156,0,imagenet_c,defocus_blur,1,none
efficientnet_b4,ILSVRC2012_val_00038032.JPEG,n04033995,750,750,0.3174139,1,imagenet_c,defocus_blur,1,none
efficientnet_b4,ILSVRC2012_val_00041150.JPEG,n04033995,750,911,0.17904958,0,imagenet_c,defocus_blur,1,none
efficientnet_b4,ILSVRC2012_val_00041271.JPEG,n04033995,750,750,0.53925467,1,imagenet_c,defocus_blur,1,none
efficientnet_b4,ILSVRC2012_val_00041917.JPEG,n04033995,750,831,0.3366307,0,imagenet_c,defocus_blur,1,none
efficientnet_b4,ILSVRC2012_val_00042257.JPEG,n04033995,750,750,0.2111163,1,imagenet_c,defocus_blur,1,none
efficientnet_b4,ILSVRC2012_val_00044687.JPEG,n04033995,750,750,0.7245577,1,imagenet_c,defocus_blur,1,none
efficientnet_b4,ILSVRC2012_val_00046461.JPEG,n04033995,750,453,0.15992679,0,imagenet_c,defocus_blur,1,none
efficientnet_b4,ILSVRC2012_val_00047408.JPEG,n04033995,750,564,0.5236959,0,imagenet_c,defocus_blur,1,none
efficientnet_b4,ILSVRC2012_val_00047483.JPEG,n04033995,750,750,0.101066746,1,imagenet_c,defocus_blur,1,none
efficientnet_b4,ILSVRC2012_val_00047653.JPEG,n04033995,750,750,0.1557131,1,imagenet_c,defocus_blur,1,none
efficientnet_b4,ILSVRC2012_val_00048320.JPEG,n04033995,750,750,0.1466146,1,imagenet_c,defocus_blur,1,none
efficientnet_b4,ILSVRC2012_val_00000135.JPEG,n04037443,751,751,0.11126148,1,imagenet_c,defocus_blur,1,none
efficientnet_b4,ILSVRC2012_val_00001995.JPEG,n04037443,751,751,0.0540838,1,imagenet_c,defocus_blur,1,none
efficientnet_b4,ILSVRC2012_val_00003779.JPEG,n04037443,751,751,0.1713224,1,imagenet_c,defocus_blur,1,none
efficientnet_b4,ILSVRC2012_val_00005076.JPEG,n04037443,751,751,0.2408906,1,imagenet_c,defocus_blur,1,none
efficientnet_b4,ILSVRC2012_val_00006738.JPEG,n04037443,751,751,0.26461416,1,imagenet_c,defocus_blur,1,none
efficientnet_b4,ILSVRC2012_val_00007498.JPEG,n04037443,751,751,0.41465393,1,imagenet_c,defocus_blur,1,none
efficientnet_b4,ILSVRC2012_val_00008457.JPEG,n04037443,751,751,0.2019554,1,imagenet_c,defocus_blur,1,none
efficientnet_b4,ILSVRC2012_val_00010565.JPEG,n04037443,751,751,0.09653712,1,imagenet_c,defocus_blur,1,none
efficientnet_b4,ILSVRC2012_val_00010824.JPEG,n04037443,751,751,0.19279508,1,imagenet_c,defocus_blur,1,none
efficientnet_b4,ILSVRC2012_val_00012769.JPEG,n04037443,751,781,0.10194955,0,imagenet_c,defocus_blur,1,none
efficientnet_b4,ILSVRC2012_val_00014191.JPEG,n04037443,751,751,0.43654668,1,imagenet_c,defocus_blur,1,none
efficientnet_b4,ILSVRC2012_val_00015688.JPEG,n04037443,751,864,0.22251667,0,imagenet_c,defocus_blur,1,none
efficientnet_b4,ILSVRC2012_val_00017209.JPEG,n04037443,751,751,0.13334067,1,imagenet_c,defocus_blur,1,none
efficientnet_b4,ILSVRC2012_val_00017979.JPEG,n04037443,751,864,0.075479366,0,imagenet_c,defocus_blur,1,none
efficientnet_b4,ILSVRC2012_val_00019285.JPEG,n04037443,751,751,0.035213795,1,imagenet_c,defocus_blur,1,none
efficientnet_b4,ILSVRC2012_val_00019802.JPEG,n04037443,751,354,0.066562556,0,imagenet_c,defocus_blur,1,none
efficientnet_b4,ILSVRC2012_val_00019812.JPEG,n04037443,751,468,0.47734076,0,imagenet_c,defocus_blur,1,none
efficientnet_b4,ILSVRC2012_val_00020181.JPEG,n04037443,751,751,0.406962,1,imagenet_c,defocus_blur,1,none
efficientnet_b4,ILSVRC2012_val_00022017.JPEG,n04037443,751,751,0.1917928,1,imagenet_c,defocus_blur,1,none
efficientnet_b4,ILSVRC2012_val_00022936.JPEG,n04037443,751,751,0.35646933,1,imagenet_c,defocus_blur,1,none
efficientnet_b4,ILSVRC2012_val_00023273.JPEG,n04037443,751,573,0.4747708,0,imagenet_c,defocus_blur,1,none
efficientnet_b4,ILSVRC2012_val_00023484.JPEG,n04037443,751,751,0.61701196,1,imagenet_c,defocus_blur,1,none
efficientnet_b4,ILSVRC2012_val_00024944.JPEG,n04037443,751,817,0.17802615,0,imagenet_c,defocus_blur,1,none
efficientnet_b4,ILSVRC2012_val_00025389.JPEG,n04037443,751,751,0.2705172,1,imagenet_c,defocus_blur,1,none
efficientnet_b4,ILSVRC2012_val_00025858.JPEG,n04037443,751,812,0.020986842,0,imagenet_c,defocus_blur,1,none
efficientnet_b4,ILSVRC2012_val_00026480.JPEG,n04037443,751,751,0.22989184,1,imagenet_c,defocus_blur,1,none
efficientnet_b4,ILSVRC2012_val_00026947.JPEG,n04037443,751,751,0.47255343,1,imagenet_c,defocus_blur,1,none
efficientnet_b4,ILSVRC2012_val_00027574.JPEG,n04037443,751,751,0.43121234,1,imagenet_c,defocus_blur,1,none
efficientnet_b4,ILSVRC2012_val_00027891.JPEG,n04037443,751,408,0.32612514,0,imagenet_c,defocus_blur,1,none
efficientnet_b4,ILSVRC2012_val_00028209.JPEG,n04037443,751,354,0.022175368,0,imagenet_c,defocus_blur,1,none
efficientnet_b4,ILSVRC2012_val_00028900.JPEG,n04037443,751,751,0.295673,1,imagenet_c,defocus_blur,1,none
efficientnet_b4,ILSVRC2012_val_00030124.JPEG,n04037443,751,817,0.17313917,0,imagenet_c,defocus_blur,1,none
efficientnet_b4,ILSVRC2012_val_00032618.JPEG,n04037443,751,573,0.596879,0,imagenet_c,defocus_blur,1,none
efficientnet_b4,ILSVRC2012_val_00034824.JPEG,n04037443,751,751,0.23009753,1,imagenet_c,defocus_blur,1,none
efficientnet_b4,ILSVRC2012_val_00035858.JPEG,n04037443,751,751,0.24720016,1,imagenet_c,defocus_blur,1,none
efficientnet_b4,ILSVRC2012_val_00037055.JPEG,n04037443,751,980,0.087018356,0,imagenet_c,defocus_blur,1,none
efficientnet_b4,ILSVRC2012_val_00038390.JPEG,n04037443,751,751,0.34125543,1,imagenet_c,defocus_blur,1,none
efficientnet_b4,ILSVRC2012_val_00038994.JPEG,n04037443,751,751,0.0663667,1,imagenet_c,defocus_blur,1,none
efficientnet_b4,ILSVRC2012_val_00041853.JPEG,n04037443,751,751,0.35306957,1,imagenet_c,defocus_blur,1,none
efficientnet_b4,ILSVRC2012_val_00042773.JPEG,n04037443,751,573,0.15331328,0,imagenet_c,defocus_blur,1,none
efficientnet_b4,ILSVRC2012_val_00043047.JPEG,n04037443,751,751,0.3689275,1,imagenet_c,defocus_blur,1,none
efficientnet_b4,ILSVRC2012_val_00043338.JPEG,n04037443,751,817,0.24464226,0,imagenet_c,defocus_blur,1,none
efficientnet_b4,ILSVRC2012_val_00043710.JPEG,n04037443,751,751,0.23434405,1,imagenet_c,defocus_blur,1,none
efficientnet_b4,ILSVRC2012_val_00043810.JPEG,n04037443,751,817,0.30966613,0,imagenet_c,defocus_blur,1,none
efficientnet_b4,ILSVRC2012_val_00044471.JPEG,n04037443,751,751,0.34527716,1,imagenet_c,defocus_blur,1,none
efficientnet_b4,ILSVRC2012_val_00045368.JPEG,n04037443,751,751,0.09563644,1,imagenet_c,defocus_blur,1,none
efficientnet_b4,ILSVRC2012_val_00046201.JPEG,n04037443,751,817,0.2956962,0,imagenet_c,defocus_blur,1,none
efficientnet_b4,ILSVRC2012_val_00048516.JPEG,n04037443,751,817,0.39091676,0,imagenet_c,defocus_blur,1,none
efficientnet_b4,ILSVRC2012_val_00049037.JPEG,n04037443,751,429,0.050253734,0,imagenet_c,defocus_blur,1,none
efficientnet_b4,ILSVRC2012_val_00049700.JPEG,n04037443,751,751,0.35488626,1,imagenet_c,defocus_blur,1,none
efficientnet_b4,ILSVRC2012_val_00001786.JPEG,n04039381,752,790,0.19551837,0,imagenet_c,defocus_blur,1,none
efficientnet_b4,ILSVRC2012_val_00002356.JPEG,n04039381,752,862,0.124813035,0,imagenet_c,defocus_blur,1,none
efficientnet_b4,ILSVRC2012_val_00002529.JPEG,n04039381,752,752,0.3335426,1,imagenet_c,defocus_blur,1,none
efficientnet_b4,ILSVRC2012_val_00003870.JPEG,n04039381,752,752,0.6353057,1,imagenet_c,defocus_blur,1,none
efficientnet_b4,ILSVRC2012_val_00005498.JPEG,n04039381,752,882,0.03138861,0,imagenet_c,defocus_blur,1,none
efficientnet_b4,ILSVRC2012_val_00005649.JPEG,n04039381,752,752,0.45889622,1,imagenet_c,defocus_blur,1,none
efficientnet_b4,ILSVRC2012_val_00006517.JPEG,n04039381,752,752,0.46388733,1,imagenet_c,defocus_blur,1,none
efficientnet_b4,ILSVRC2012_val_00006521.JPEG,n04039381,752,805,0.11616658,0,imagenet_c,defocus_blur,1,none
efficientnet_b4,ILSVRC2012_val_00007886.JPEG,n04039381,752,752,0.3344884,1,imagenet_c,defocus_blur,1,none
efficientnet_b4,ILSVRC2012_val_00008637.JPEG,n04039381,752,752,0.6210351,1,imagenet_c,defocus_blur,1,none
efficientnet_b4,ILSVRC2012_val_00009044.JPEG,n04039381,752,752,0.47753593,1,imagenet_c,defocus_blur,1,none
efficientnet_b4,ILSVRC2012_val_00009337.JPEG,n04039381,752,752,0.14657274,1,imagenet_c,defocus_blur,1,none
efficientnet_b4,ILSVRC2012_val_00011459.JPEG,n04039381,752,805,0.32112414,0,imagenet_c,defocus_blur,1,none
efficientnet_b4,ILSVRC2012_val_00011503.JPEG,n04039381,752,573,0.086453,0,imagenet_c,defocus_blur,1,none
efficientnet_b4,ILSVRC2012_val_00011663.JPEG,n04039381,752,752,0.43911532,1,imagenet_c,defocus_blur,1,none
efficientnet_b4,ILSVRC2012_val_00012059.JPEG,n04039381,752,752,0.58646446,1,imagenet_c,defocus_blur,1,none
efficientnet_b4,ILSVRC2012_val_00012341.JPEG,n04039381,752,890,0.13235702,0,imagenet_c,defocus_blur,1,none
efficientnet_b4,ILSVRC2012_val_00012642.JPEG,n04039381,752,752,0.370963,1,imagenet_c,defocus_blur,1,none
efficientnet_b4,ILSVRC2012_val_00012929.JPEG,n04039381,752,752,0.36530975,1,imagenet_c,defocus_blur,1,none
efficientnet_b4,ILSVRC2012_val_00013012.JPEG,n04039381,752,752,0.10858282,1,imagenet_c,defocus_blur,1,none
efficientnet_b4,ILSVRC2012_val_00013836.JPEG,n04039381,752,752,0.46013305,1,imagenet_c,defocus_blur,1,none
efficientnet_b4,ILSVRC2012_val_00014062.JPEG,n04039381,752,752,0.44759133,1,imagenet_c,defocus_blur,1,none
efficientnet_b4,ILSVRC2012_val_00014634.JPEG,n04039381,752,752,0.51810473,1,imagenet_c,defocus_blur,1,none
efficientnet_b4,ILSVRC2012_val_00019000.JPEG,n04039381,752,752,0.12446148,1,imagenet_c,defocus_blur,1,none
efficientnet_b4,ILSVRC2012_val_00019426.JPEG,n04039381,752,768,0.22411919,0,imagenet_c,defocus_blur,1,none
efficientnet_b4,ILSVRC2012_val_00022830.JPEG,n04039381,752,752,0.39329913,1,imagenet_c,defocus_blur,1,none
efficientnet_b4,ILSVRC2012_val_00026870.JPEG,n04039381,752,752,0.51940185,1,imagenet_c,defocus_blur,1,none
efficientnet_b4,ILSVRC2012_val_00026952.JPEG,n04039381,752,522,0.32646164,0,imagenet_c,defocus_blur,1,none
efficientnet_b4,ILSVRC2012_val_00028105.JPEG,n04039381,752,752,0.41884553,1,imagenet_c,defocus_blur,1,none
efficientnet_b4,ILSVRC2012_val_00029136.JPEG,n04039381,752,752,0.623191,1,imagenet_c,defocus_blur,1,none
efficientnet_b4,ILSVRC2012_val_00029274.JPEG,n04039381,752,752,0.5052936,1,imagenet_c,defocus_blur,1,none
efficientnet_b4,ILSVRC2012_val_00029429.JPEG,n04039381,752,752,0.6679951,1,imagenet_c,defocus_blur,1,none
efficientnet_b4,ILSVRC2012_val_00031107.JPEG,n04039381,752,862,0.07549848,0,imagenet_c,defocus_blur,1,none
efficientnet_b4,ILSVRC2012_val_00031371.JPEG,n04039381,752,522,0.12747148,0,imagenet_c,defocus_blur,1,none
efficientnet_b4,ILSVRC2012_val_00033869.JPEG,n04039381,752,166,0.066634506,0,imagenet_c,defocus_blur,1,none
efficientnet_b4,ILSVRC2012_val_00034435.JPEG,n04039381,752,752,0.57024497,1,imagenet_c,defocus_blur,1,none
efficientnet_b4,ILSVRC2012_val_00035649.JPEG,n04039381,752,752,0.61166644,1,imagenet_c,defocus_blur,1,none
efficientnet_b4,ILSVRC2012_val_00037029.JPEG,n04039381,752,752,0.5780451,1,imagenet_c,defocus_blur,1,none
efficientnet_b4,ILSVRC2012_val_00037315.JPEG,n04039381,752,890,0.095145084,0,imagenet_c,defocus_blur,1,none
efficientnet_b4,ILSVRC2012_val_00037671.JPEG,n04039381,752,752,0.5039555,1,imagenet_c,defocus_blur,1,none
efficientnet_b4,ILSVRC2012_val_00039154.JPEG,n04039381,752,752,0.43707144,1,imagenet_c,defocus_blur,1,none
efficientnet_b4,ILSVRC2012_val_00041095.JPEG,n04039381,752,752,0.35133478,1,imagenet_c,defocus_blur,1,none
efficientnet_b4,ILSVRC2012_val_00043586.JPEG,n04039381,752,852,0.34128374,0,imagenet_c,defocus_blur,1,none
efficientnet_b4,ILSVRC2012_val_00044264.JPEG,n04039381,752,981,0.23787433,0,imagenet_c,defocus_blur,1,none
efficientnet_b4,ILSVRC2012_val_00044266.JPEG,n04039381,752,752,0.5002731,1,imagenet_c,defocus_blur,1,none
efficientnet_b4,ILSVRC2012_val_00044918.JPEG,n04039381,752,752,0.491334,1,imagenet_c,defocus_blur,1,none
efficientnet_b4,ILSVRC2012_val_00046313.JPEG,n04039381,752,752,0.641953,1,imagenet_c,defocus_blur,1,none
efficientnet_b4,ILSVRC2012_val_00048110.JPEG,n04039381,752,752,0.5834955,1,imagenet_c,defocus_blur,1,none
efficientnet_b4,ILSVRC2012_val_00048544.JPEG,n04039381,752,852,0.1459625,0,imagenet_c,defocus_blur,1,none
efficientnet_b4,ILSVRC2012_val_00049023.JPEG,n04039381,752,752,0.06483442,1,imagenet_c,defocus_blur,1,none
efficientnet_b4,ILSVRC2012_val_00000770.JPEG,n04040759,753,753,0.5860974,1,imagenet_c,defocus_blur,1,none
efficientnet_b4,ILSVRC2012_val_00000920.JPEG,n04040759,753,753,0.51700777,1,imagenet_c,defocus_blur,1,none
efficientnet_b4,ILSVRC2012_val_00002151.JPEG,n04040759,753,581,0.5293408,0,imagenet_c,defocus_blur,1,none
efficientnet_b4,ILSVRC2012_val_00004480.JPEG,n04040759,753,753,0.46029958,1,imagenet_c,defocus_blur,1,none
efficientnet_b4,ILSVRC2012_val_00004913.JPEG,n04040759,753,753,0.7022369,1,imagenet_c,defocus_blur,1,none
efficientnet_b4,ILSVRC2012_val_00006420.JPEG,n04040759,753,753,0.25201836,1,imagenet_c,defocus_blur,1,none
efficientnet_b4,ILSVRC2012_val_00007508.JPEG,n04040759,753,848,0.080811456,0,imagenet_c,defocus_blur,1,none
efficientnet_b4,ILSVRC2012_val_00009434.JPEG,n04040759,753,753,0.78215396,1,imagenet_c,defocus_blur,1,none
efficientnet_b4,ILSVRC2012_val_00009437.JPEG,n04040759,753,753,0.50898427,1,imagenet_c,defocus_blur,1,none
efficientnet_b4,ILSVRC2012_val_00011284.JPEG,n04040759,753,412,0.020541962,0,imagenet_c,defocus_blur,1,none
efficientnet_b4,ILSVRC2012_val_00011655.JPEG,n04040759,753,878,0.05236984,0,imagenet_c,defocus_blur,1,none
efficientnet_b4,ILSVRC2012_val_00012378.JPEG,n04040759,753,753,0.1469406,1,imagenet_c,defocus_blur,1,none
efficientnet_b4,ILSVRC2012_val_00013683.JPEG,n04040759,753,753,0.51696754,1,imagenet_c,defocus_blur,1,none
efficientnet_b4,ILSVRC2012_val_00013737.JPEG,n04040759,753,250,0.15485793,0,imagenet_c,defocus_blur,1,none
efficientnet_b4,ILSVRC2012_val_00014285.JPEG,n04040759,753,753,0.6984729,1,imagenet_c,defocus_blur,1,none
efficientnet_b4,ILSVRC2012_val_00015305.JPEG,n04040759,753,753,0.44319242,1,imagenet_c,defocus_blur,1,none
efficientnet_b4,ILSVRC2012_val_00015712.JPEG,n04040759,753,732,0.31165415,0,imagenet_c,defocus_blur,1,none
efficientnet_b4,ILSVRC2012_val_00016024.JPEG,n04040759,753,609,0.0865969,0,imagenet_c,defocus_blur,1,none
efficientnet_b4,ILSVRC2012_val_00016784.JPEG,n04040759,753,753,0.5184261,1,imagenet_c,defocus_blur,1,none
efficientnet_b4,ILSVRC2012_val_00017547.JPEG,n04040759,753,416,0.030548267,0,imagenet_c,defocus_blur,1,none
efficientnet_b4,ILSVRC2012_val_00018235.JPEG,n04040759,753,782,0.1123973,0,imagenet_c,defocus_blur,1,none
efficientnet_b4,ILSVRC2012_val_00018379.JPEG,n04040759,753,753,0.41926903,1,imagenet_c,defocus_blur,1,none
efficientnet_b4,ILSVRC2012_val_00022101.JPEG,n04040759,753,592,0.22273944,0,imagenet_c,defocus_blur,1,none
efficientnet_b4,ILSVRC2012_val_00023521.JPEG,n04040759,753,753,0.63905776,1,imagenet_c,defocus_blur,1,none
efficientnet_b4,ILSVRC2012_val_00025084.JPEG,n04040759,753,782,0.029691776,0,imagenet_c,defocus_blur,1,none
efficientnet_b4,ILSVRC2012_val_00026609.JPEG,n04040759,753,753,0.5007858,1,imagenet_c,defocus_blur,1,none
efficientnet_b4,ILSVRC2012_val_00027713.JPEG,n04040759,753,753,0.5080284,1,imagenet_c,defocus_blur,1,none
efficientnet_b4,ILSVRC2012_val_00028613.JPEG,n04040759,753,753,0.25426695,1,imagenet_c,defocus_blur,1,none
efficientnet_b4,ILSVRC2012_val_00030119.JPEG,n04040759,753,579,0.04883282,0,imagenet_c,defocus_blur,1,none
efficientnet_b4,ILSVRC2012_val_00030121.JPEG,n04040759,753,753,0.21140657,1,imagenet_c,defocus_blur,1,none
efficientnet_b4,ILSVRC2012_val_00030262.JPEG,n04040759,753,753,0.62326115,1,imagenet_c,defocus_blur,1,none
efficientnet_b4,ILSVRC2012_val_00030739.JPEG,n04040759,753,753,0.42477325,1,imagenet_c,defocus_blur,1,none
efficientnet_b4,ILSVRC2012_val_00031556.JPEG,n04040759,753,753,0.526939,1,imagenet_c,defocus_blur,1,none
efficientnet_b4,ILSVRC2012_val_00031797.JPEG,n04040759,753,674,0.23643215,0,imagenet_c,defocus_blur,1,none
efficientnet_b4,ILSVRC2012_val_00033635.JPEG,n04040759,753,753,0.51886106,1,imagenet_c,defocus_blur,1,none
efficientnet_b4,ILSVRC2012_val_00034869.JPEG,n04040759,753,753,0.68994945,1,imagenet_c,defocus_blur,1,none
efficientnet_b4,ILSVRC2012_val_00036403.JPEG,n04040759,753,753,0.58334523,1,imagenet_c,defocus_blur,1,none
efficientnet_b4,ILSVRC2012_val_00039056.JPEG,n04040759,753,753,0.56818616,1,imagenet_c,defocus_blur,1,none
efficientnet_b4,ILSVRC2012_val_00039292.JPEG,n04040759,753,753,0.7213281,1,imagenet_c,defocus_blur,1,none
efficientnet_b4,ILSVRC2012_val_00040259.JPEG,n04040759,753,695,0.06370362,0,imagenet_c,defocus_blur,1,none
efficientnet_b4,ILSVRC2012_val_00041590.JPEG,n04040759,753,753,0.1343613,1,imagenet_c,defocus_blur,1,none
efficientnet_b4,ILSVRC2012_val_00041696.JPEG,n04040759,753,753,0.5975779,1,imagenet_c,defocus_blur,1,none
efficientnet_b4,ILSVRC2012_val_00042431.JPEG,n04040759,753,223,0.093187265,0,imagenet_c,defocus_blur,1,none
efficientnet_b4,ILSVRC2012_val_00044162.JPEG,n04040759,753,811,0.19476976,0,imagenet_c,defocus_blur,1,none
efficientnet_b4,ILSVRC2012_val_00044386.JPEG,n04040759,753,753,0.06880601,1,imagenet_c,defocus_blur,1,none
efficientnet_b4,ILSVRC2012_val_00046014.JPEG,n04040759,753,519,0.1829911,0,imagenet_c,defocus_blur,1,none
efficientnet_b4,ILSVRC2012_val_00046601.JPEG,n04040759,753,511,0.09942881,0,imagenet_c,defocus_blur,1,none
efficientnet_b4,ILSVRC2012_val_00046737.JPEG,n04040759,753,753,0.2584458,1,imagenet_c,defocus_blur,1,none
efficientnet_b4,ILSVRC2012_val_00047521.JPEG,n04040759,753,753,0.057937536,1,imagenet_c,defocus_blur,1,none
efficientnet_b4,ILSVRC2012_val_00049854.JPEG,n04040759,753,753,0.48217368,1,imagenet_c,defocus_blur,1,none
efficientnet_b4,ILSVRC2012_val_00001346.JPEG,n04041544,754,485,0.44989228,0,imagenet_c,defocus_blur,1,none
efficientnet_b4,ILSVRC2012_val_00001903.JPEG,n04041544,754,848,0.3303001,0,imagenet_c,defocus_blur,1,none
efficientnet_b4,ILSVRC2012_val_00002165.JPEG,n04041544,754,754,0.1007634,1,imagenet_c,defocus_blur,1,none
efficientnet_b4,ILSVRC2012_val_00002634.JPEG,n04041544,754,688,0.21222283,0,imagenet_c,defocus_blur,1,none
efficientnet_b4,ILSVRC2012_val_00002756.JPEG,n04041544,754,754,0.14226702,1,imagenet_c,defocus_blur,1,none
efficientnet_b4,ILSVRC2012_val_00002792.JPEG,n04041544,754,482,0.14337094,0,imagenet_c,defocus_blur,1,none
efficientnet_b4,ILSVRC2012_val_00003512.JPEG,n04041544,754,754,0.54251784,1,imagenet_c,defocus_blur,1,none
efficientnet_b4,ILSVRC2012_val_00007349.JPEG,n04041544,754,754,0.31090003,1,imagenet_c,defocus_blur,1,none
efficientnet_b4,ILSVRC2012_val_00007533.JPEG,n04041544,754,848,0.22807714,0,imagenet_c,defocus_blur,1,none
efficientnet_b4,ILSVRC2012_val_00008193.JPEG,n04041544,754,754,0.22291604,1,imagenet_c,defocus_blur,1,none
efficientnet_b4,ILSVRC2012_val_00008695.JPEG,n04041544,754,848,0.2690627,0,imagenet_c,defocus_blur,1,none
efficientnet_b4,ILSVRC2012_val_00010532.JPEG,n04041544,754,848,0.26035947,0,imagenet_c,defocus_blur,1,none
efficientnet_b4,ILSVRC2012_val_00011897.JPEG,n04041544,754,761,0.107132964,0,imagenet_c,defocus_blur,1,none
efficientnet_b4,ILSVRC2012_val_00012770.JPEG,n04041544,754,678,0.102143146,0,imagenet_c,defocus_blur,1,none
efficientnet_b4,ILSVRC2012_val_00013042.JPEG,n04041544,754,848,0.2836489,0,imagenet_c,defocus_blur,1,none
efficientnet_b4,ILSVRC2012_val_00013445.JPEG,n04041544,754,754,0.45522997,1,imagenet_c,defocus_blur,1,none
efficientnet_b4,ILSVRC2012_val_00015604.JPEG,n04041544,754,688,0.17300062,0,imagenet_c,defocus_blur,1,none
efficientnet_b4,ILSVRC2012_val_00017613.JPEG,n04041544,754,754,0.5887671,1,imagenet_c,defocus_blur,1,none
efficientnet_b4,ILSVRC2012_val_00022244.JPEG,n04041544,754,916,0.38088194,0,imagenet_c,defocus_blur,1,none
efficientnet_b4,ILSVRC2012_val_00023022.JPEG,n04041544,754,492,0.33785537,0,imagenet_c,defocus_blur,1,none
efficientnet_b4,ILSVRC2012_val_00023399.JPEG,n04041544,754,688,0.41168925,0,imagenet_c,defocus_blur,1,none
efficientnet_b4,ILSVRC2012_val_00023857.JPEG,n04041544,754,754,0.14069596,1,imagenet_c,defocus_blur,1,none
efficientnet_b4,ILSVRC2012_val_00024841.JPEG,n04041544,754,754,0.27293268,1,imagenet_c,defocus_blur,1,none
efficientnet_b4,ILSVRC2012_val_00025202.JPEG,n04041544,754,482,0.50640684,0,imagenet_c,defocus_blur,1,none
efficientnet_b4,ILSVRC2012_val_00026300.JPEG,n04041544,754,753,0.22577234,0,imagenet_c,defocus_blur,1,none
efficientnet_b4,ILSVRC2012_val_00026909.JPEG,n04041544,754,754,0.44998196,1,imagenet_c,defocus_blur,1,none
efficientnet_b4,ILSVRC2012_val_00027046.JPEG,n04041544,754,848,0.2171428,0,imagenet_c,defocus_blur,1,none
efficientnet_b4,ILSVRC2012_val_00027958.JPEG,n04041544,754,482,0.23801026,0,imagenet_c,defocus_blur,1,none
efficientnet_b4,ILSVRC2012_val_00028245.JPEG,n04041544,754,848,0.40529406,0,imagenet_c,defocus_blur,1,none
efficientnet_b4,ILSVRC2012_val_00029014.JPEG,n04041544,754,754,0.62109953,1,imagenet_c,defocus_blur,1,none
efficientnet_b4,ILSVRC2012_val_00032054.JPEG,n04041544,754,848,0.2934245,0,imagenet_c,defocus_blur,1,none
efficientnet_b4,ILSVRC2012_val_00033549.JPEG,n04041544,754,848,0.18250479,0,imagenet_c,defocus_blur,1,none
efficientnet_b4,ILSVRC2012_val_00033725.JPEG,n04041544,754,754,0.36475387,1,imagenet_c,defocus_blur,1,none
efficientnet_b4,ILSVRC2012_val_00034712.JPEG,n04041544,754,848,0.20807926,0,imagenet_c,defocus_blur,1,none
efficientnet_b4,ILSVRC2012_val_00034715.JPEG,n04041544,754,651,0.2793101,0,imagenet_c,defocus_blur,1,none
efficientnet_b4,ILSVRC2012_val_00035362.JPEG,n04041544,754,424,0.22098745,0,imagenet_c,defocus_blur,1,none
efficientnet_b4,ILSVRC2012_val_00035460.JPEG,n04041544,754,632,0.20751841,0,imagenet_c,defocus_blur,1,none
efficientnet_b4,ILSVRC2012_val_00035466.JPEG,n04041544,754,732,0.3410354,0,imagenet_c,defocus_blur,1,none
efficientnet_b4,ILSVRC2012_val_00036648.JPEG,n04041544,754,482,0.13723858,0,imagenet_c,defocus_blur,1,none
efficientnet_b4,ILSVRC2012_val_00037957.JPEG,n04041544,754,482,0.17088054,0,imagenet_c,defocus_blur,1,none
efficientnet_b4,ILSVRC2012_val_00038611.JPEG,n04041544,754,710,0.15093781,0,imagenet_c,defocus_blur,1,none
efficientnet_b4,ILSVRC2012_val_00038785.JPEG,n04041544,754,482,0.15894212,0,imagenet_c,defocus_blur,1,none
efficientnet_b4,ILSVRC2012_val_00039074.JPEG,n04041544,754,754,0.749991,1,imagenet_c,defocus_blur,1,none
efficientnet_b4,ILSVRC2012_val_00039139.JPEG,n04041544,754,482,0.17289537,0,imagenet_c,defocus_blur,1,none
efficientnet_b4,ILSVRC2012_val_00042524.JPEG,n04041544,754,688,0.24044366,0,imagenet_c,defocus_blur,1,none
efficientnet_b4,ILSVRC2012_val_00045875.JPEG,n04041544,754,848,0.10816862,0,imagenet_c,defocus_blur,1,none
efficientnet_b4,ILSVRC2012_val_00047018.JPEG,n04041544,754,848,0.2445009,0,imagenet_c,defocus_blur,1,none
efficientnet_b4,ILSVRC2012_val_00047196.JPEG,n04041544,754,489,0.34280628,0,imagenet_c,defocus_blur,1,none
efficientnet_b4,ILSVRC2012_val_00047817.JPEG,n04041544,754,754,0.10669656,1,imagenet_c,defocus_blur,1,none
efficientnet_b4,ILSVRC2012_val_00048278.JPEG,n04041544,754,482,0.32534626,0,imagenet_c,defocus_blur,1,none
efficientnet_b4,ILSVRC2012_val_00002046.JPEG,n04044716,755,755,0.49068636,1,imagenet_c,defocus_blur,1,none
efficientnet_b4,ILSVRC2012_val_00002494.JPEG,n04044716,755,755,0.75781846,1,imagenet_c,defocus_blur,1,none
efficientnet_b4,ILSVRC2012_val_00002966.JPEG,n04044716,755,755,0.60888255,1,imagenet_c,defocus_blur,1,none
efficientnet_b4,ILSVRC2012_val_00003448.JPEG,n04044716,755,755,0.6211171,1,imagenet_c,defocus_blur,1,none
efficientnet_b4,ILSVRC2012_val_00003857.JPEG,n04044716,755,755,0.25988412,1,imagenet_c,defocus_blur,1,none
efficientnet_b4,ILSVRC2012_val_00003989.JPEG,n04044716,755,755,0.5652032,1,imagenet_c,defocus_blur,1,none
efficientnet_b4,ILSVRC2012_val_00005654.JPEG,n04044716,755,755,0.5513041,1,imagenet_c,defocus_blur,1,none
efficientnet_b4,ILSVRC2012_val_00006683.JPEG,n04044716,755,755,0.5006618,1,imagenet_c,defocus_blur,1,none
efficientnet_b4,ILSVRC2012_val_00007154.JPEG,n04044716,755,755,0.45238522,1,imagenet_c,defocus_blur,1,none
efficientnet_b4,ILSVRC2012_val_00007361.JPEG,n04044716,755,755,0.62787795,1,imagenet_c,defocus_blur,1,none
efficientnet_b4,ILSVRC2012_val_00009089.JPEG,n04044716,755,755,0.5858387,1,imagenet_c,defocus_blur,1,none
efficientnet_b4,ILSVRC2012_val_00009514.JPEG,n04044716,755,755,0.6159072,1,imagenet_c,defocus_blur,1,none
efficientnet_b4,ILSVRC2012_val_00010083.JPEG,n04044716,755,755,0.47391403,1,imagenet_c,defocus_blur,1,none
efficientnet_b4,ILSVRC2012_val_00011440.JPEG,n04044716,755,755,0.41230714,1,imagenet_c,defocus_blur,1,none
efficientnet_b4,ILSVRC2012_val_00011819.JPEG,n04044716,755,755,0.49444187,1,imagenet_c,defocus_blur,1,none
efficientnet_b4,ILSVRC2012_val_00011968.JPEG,n04044716,755,755,0.21042606,1,imagenet_c,defocus_blur,1,none
efficientnet_b4,ILSVRC2012_val_00012476.JPEG,n04044716,755,755,0.5509347,1,imagenet_c,defocus_blur,1,none
efficientnet_b4,ILSVRC2012_val_00016140.JPEG,n04044716,755,755,0.6413469,1,imagenet_c,defocus_blur,1,none
efficientnet_b4,ILSVRC2012_val_00017446.JPEG,n04044716,755,755,0.54656565,1,imagenet_c,defocus_blur,1,none
efficientnet_b4,ILSVRC2012_val_00017471.JPEG,n04044716,755,755,0.4732406,1,imagenet_c,defocus_blur,1,none
efficientnet_b4,ILSVRC2012_val_00017714.JPEG,n04044716,755,755,0.74456596,1,imagenet_c,defocus_blur,1,none
efficientnet_b4,ILSVRC2012_val_00017872.JPEG,n04044716,755,755,0.45367193,1,imagenet_c,defocus_blur,1,none
efficientnet_b4,ILSVRC2012_val_00018277.JPEG,n04044716,755,755,0.29144907,1,imagenet_c,defocus_blur,1,none
efficientnet_b4,ILSVRC2012_val_00018679.JPEG,n04044716,755,755,0.54208076,1,imagenet_c,defocus_blur,1,none
efficientnet_b4,ILSVRC2012_val_00021724.JPEG,n04044716,755,755,0.59860855,1,imagenet_c,defocus_blur,1,none
efficientnet_b4,ILSVRC2012_val_00021879.JPEG,n04044716,755,807,0.23815677,0,imagenet_c,defocus_blur,1,none
efficientnet_b4,ILSVRC2012_val_00021966.JPEG,n04044716,755,755,0.4527316,1,imagenet_c,defocus_blur,1,none
efficientnet_b4,ILSVRC2012_val_00025689.JPEG,n04044716,755,755,0.62864494,1,imagenet_c,defocus_blur,1,none
efficientnet_b4,ILSVRC2012_val_00027317.JPEG,n04044716,755,755,0.5788724,1,imagenet_c,defocus_blur,1,none
efficientnet_b4,ILSVRC2012_val_00027977.JPEG,n04044716,755,755,0.5976979,1,imagenet_c,defocus_blur,1,none
efficientnet_b4,ILSVRC2012_val_00028023.JPEG,n04044716,755,755,0.59158015,1,imagenet_c,defocus_blur,1,none
efficientnet_b4,ILSVRC2012_val_00029805.JPEG,n04044716,755,755,0.54334056,1,imagenet_c,defocus_blur,1,none
efficientnet_b4,ILSVRC2012_val_00031150.JPEG,n04044716,755,755,0.71774465,1,imagenet_c,defocus_blur,1,none
efficientnet_b4,ILSVRC2012_val_00032990.JPEG,n04044716,755,755,0.7250028,1,imagenet_c,defocus_blur,1,none
efficientnet_b4,ILSVRC2012_val_00033065.JPEG,n04044716,755,755,0.5281309,1,imagenet_c,defocus_blur,1,none
efficientnet_b4,ILSVRC2012_val_00033986.JPEG,n04044716,755,755,0.63032186,1,imagenet_c,defocus_blur,1,none
efficientnet_b4,ILSVRC2012_val_00034132.JPEG,n04044716,755,755,0.6779803,1,imagenet_c,defocus_blur,1,none
efficientnet_b4,ILSVRC2012_val_00039296.JPEG,n04044716,755,755,0.68243706,1,imagenet_c,defocus_blur,1,none
efficientnet_b4,ILSVRC2012_val_00039752.JPEG,n04044716,755,755,0.67731,1,imagenet_c,defocus_blur,1,none
efficientnet_b4,ILSVRC2012_val_00040428.JPEG,n04044716,755,471,0.41096216,0,imagenet_c,defocus_blur,1,none
efficientnet_b4,ILSVRC2012_val_00040495.JPEG,n04044716,755,755,0.5374773,1,imagenet_c,defocus_blur,1,none
efficientnet_b4,ILSVRC2012_val_00042123.JPEG,n04044716,755,755,0.60859287,1,imagenet_c,defocus_blur,1,none
efficientnet_b4,ILSVRC2012_val_00042279.JPEG,n04044716,755,755,0.44600514,1,imagenet_c,defocus_blur,1,none
efficientnet_b4,ILSVRC2012_val_00043638.JPEG,n04044716,755,755,0.79078674,1,imagenet_c,defocus_blur,1,none
efficientnet_b4,ILSVRC2012_val_00043792.JPEG,n04044716,755,545,0.16139236,0,imagenet_c,defocus_blur,1,none
efficientnet_b4,ILSVRC2012_val_00044379.JPEG,n04044716,755,755,0.63428384,1,imagenet_c,defocus_blur,1,none
efficientnet_b4,ILSVRC2012_val_00045076.JPEG,n04044716,755,755,0.59143466,1,imagenet_c,defocus_blur,1,none
efficientnet_b4,ILSVRC2012_val_00046250.JPEG,n04044716,755,755,0.65676576,1,imagenet_c,defocus_blur,1,none
efficientnet_b4,ILSVRC2012_val_00046650.JPEG,n04044716,755,755,0.5591238,1,imagenet_c,defocus_blur,1,none
efficientnet_b4,ILSVRC2012_val_00049470.JPEG,n04044716,755,835,0.23076285,0,imagenet_c,defocus_blur,1,none
efficientnet_b4,ILSVRC2012_val_00000042.JPEG,n04049303,756,756,0.33934963,1,imagenet_c,defocus_blur,1,none
efficientnet_b4,ILSVRC2012_val_00001394.JPEG,n04049303,756,756,0.43871316,1,imagenet_c,defocus_blur,1,none
efficientnet_b4,ILSVRC2012_val_00003222.JPEG,n04049303,756,756,0.36404362,1,imagenet_c,defocus_blur,1,none
efficientnet_b4,ILSVRC2012_val_00003998.JPEG,n04049303,756,756,0.36989805,1,imagenet_c,defocus_blur,1,none
efficientnet_b4,ILSVRC2012_val_00004156.JPEG,n04049303,756,747,0.77396905,0,imagenet_c,defocus_blur,1,none
efficientnet_b4,ILSVRC2012_val_00004440.JPEG,n04049303,756,756,0.21913137,1,imagenet_c,defocus_blur,1,none
efficientnet_b4,ILSVRC2012_val_00004504.JPEG,n04049303,756,427,0.22678962,0,imagenet_c,defocus_blur,1,none
efficientnet_b4,ILSVRC2012_val_00010379.JPEG,n04049303,756,756,0.12925082,1,imagenet_c,defocus_blur,1,none
efficientnet_b4,ILSVRC2012_val_00010839.JPEG,n04049303,756,898,0.18097897,0,imagenet_c,defocus_blur,1,none
efficientnet_b4,ILSVRC2012_val_00012472.JPEG,n04049303,756,747,0.08180526,0,imagenet_c,defocus_blur,1,none
efficientnet_b4,ILSVRC2012_val_00013184.JPEG,n04049303,756,756,0.46890303,1,imagenet_c,defocus_blur,1,none
efficientnet_b4,ILSVRC2012_val_00015363.JPEG,n04049303,756,756,0.3624695,1,imagenet_c,defocus_blur,1,none
efficientnet_b4,ILSVRC2012_val_00015619.JPEG,n04049303,756,756,0.42185178,1,imagenet_c,defocus_blur,1,none
efficientnet_b4,ILSVRC2012_val_00015722.JPEG,n04049303,756,756,0.33501786,1,imagenet_c,defocus_blur,1,none
efficientnet_b4,ILSVRC2012_val_00016114.JPEG,n04049303,756,756,0.413553,1,imagenet_c,defocus_blur,1,none
efficientnet_b4,ILSVRC2012_val_00016933.JPEG,n04049303,756,756,0.45280504,1,imagenet_c,defocus_blur,1,none
efficientnet_b4,ILSVRC2012_val_00017009.JPEG,n04049303,756,756,0.37704426,1,imagenet_c,defocus_blur,1,none
efficientnet_b4,ILSVRC2012_val_00017774.JPEG,n04049303,756,427,0.29482803,0,imagenet_c,defocus_blur,1,none
efficientnet_b4,ILSVRC2012_val_00018090.JPEG,n04049303,756,904,0.07260775,0,imagenet_c,defocus_blur,1,none
efficientnet_b4,ILSVRC2012_val_00018720.JPEG,n04049303,756,756,0.25807935,1,imagenet_c,defocus_blur,1,none
efficientnet_b4,ILSVRC2012_val_00019554.JPEG,n04049303,756,463,0.5278247,0,imagenet_c,defocus_blur,1,none
efficientnet_b4,ILSVRC2012_val_00019907.JPEG,n04049303,756,756,0.719792,1,imagenet_c,defocus_blur,1,none
efficientnet_b4,ILSVRC2012_val_00020371.JPEG,n04049303,756,738,0.06258894,0,imagenet_c,defocus_blur,1,none
efficientnet_b4,ILSVRC2012_val_00020533.JPEG,n04049303,756,756,0.3205145,1,imagenet_c,defocus_blur,1,none
efficientnet_b4,ILSVRC2012_val_00021721.JPEG,n04049303,756,756,0.43526328,1,imagenet_c,defocus_blur,1,none
efficientnet_b4,ILSVRC2012_val_00022159.JPEG,n04049303,756,756,0.38512662,1,imagenet_c,defocus_blur,1,none
efficientnet_b4,ILSVRC2012_val_00023181.JPEG,n04049303,756,756,0.39680442,1,imagenet_c,defocus_blur,1,none
efficientnet_b4,ILSVRC2012_val_00025514.JPEG,n04049303,756,747,0.22664276,0,imagenet_c,defocus_blur,1,none
efficientnet_b4,ILSVRC2012_val_00030533.JPEG,n04049303,756,706,0.027645681,0,imagenet_c,defocus_blur,1,none
efficientnet_b4,ILSVRC2012_val_00032918.JPEG,n04049303,756,412,0.12928683,0,imagenet_c,defocus_blur,1,none
efficientnet_b4,ILSVRC2012_val_00033460.JPEG,n04049303,756,860,0.22855945,0,imagenet_c,defocus_blur,1,none
efficientnet_b4,ILSVRC2012_val_00034353.JPEG,n04049303,756,716,0.087347835,0,imagenet_c,defocus_blur,1,none
efficientnet_b4,ILSVRC2012_val_00034588.JPEG,n04049303,756,756,0.39261913,1,imagenet_c,defocus_blur,1,none
efficientnet_b4,ILSVRC2012_val_00036623.JPEG,n04049303,756,756,0.50595576,1,imagenet_c,defocus_blur,1,none
efficientnet_b4,ILSVRC2012_val_00036683.JPEG,n04049303,756,756,0.1202861,1,imagenet_c,defocus_blur,1,none
efficientnet_b4,ILSVRC2012_val_00037429.JPEG,n04049303,756,756,0.26834396,1,imagenet_c,defocus_blur,1,none
efficientnet_b4,ILSVRC2012_val_00038346.JPEG,n04049303,756,756,0.36282328,1,imagenet_c,defocus_blur,1,none
efficientnet_b4,ILSVRC2012_val_00038837.JPEG,n04049303,756,756,0.4740308,1,imagenet_c,defocus_blur,1,none
efficientnet_b4,ILSVRC2012_val_00039986.JPEG,n04049303,756,756,0.4516968,1,imagenet_c,defocus_blur,1,none
efficientnet_b4,ILSVRC2012_val_00040718.JPEG,n04049303,756,756,0.36442566,1,imagenet_c,defocus_blur,1,none
efficientnet_b4,ILSVRC2012_val_00040866.JPEG,n04049303,756,756,0.2979742,1,imagenet_c,defocus_blur,1,none
efficientnet_b4,ILSVRC2012_val_00042057.JPEG,n04049303,756,756,0.31229606,1,imagenet_c,defocus_blur,1,none
efficientnet_b4,ILSVRC2012_val_00042573.JPEG,n04049303,756,653,0.5666277,0,imagenet_c,defocus_blur,1,none
efficientnet_b4,ILSVRC2012_val_00042854.JPEG,n04049303,756,756,0.12145334,1,imagenet_c,defocus_blur,1,none
efficientnet_b4,ILSVRC2012_val_00044149.JPEG,n04049303,756,412,0.14785482,0,imagenet_c,defocus_blur,1,none
efficientnet_b4,ILSVRC2012_val_00045475.JPEG,n04049303,756,756,0.33475274,1,imagenet_c,defocus_blur,1,none
efficientnet_b4,ILSVRC2012_val_00045577.JPEG,n04049303,756,427,0.30413818,0,imagenet_c,defocus_blur,1,none
efficientnet_b4,ILSVRC2012_val_00045902.JPEG,n04049303,756,796,0.110306986,0,imagenet_c,defocus_blur,1,none
efficientnet_b4,ILSVRC2012_val_00046223.JPEG,n04049303,756,756,0.62641925,1,imagenet_c,defocus_blur,1,none
efficientnet_b4,ILSVRC2012_val_00046327.JPEG,n04049303,756,660,0.18065192,0,imagenet_c,defocus_blur,1,none
efficientnet_b4,ILSVRC2012_val_00000014.JPEG,n04065272,757,757,0.47197628,1,imagenet_c,defocus_blur,1,none
efficientnet_b4,ILSVRC2012_val_00000931.JPEG,n04065272,757,757,0.32677805,1,imagenet_c,defocus_blur,1,none
efficientnet_b4,ILSVRC2012_val_00001455.JPEG,n04065272,757,656,0.051606424,0,imagenet_c,defocus_blur,1,none
efficientnet_b4,ILSVRC2012_val_00002117.JPEG,n04065272,757,654,0.43107277,0,imagenet_c,defocus_blur,1,none
efficientnet_b4,ILSVRC2012_val_00002745.JPEG,n04065272,757,675,0.17081541,0,imagenet_c,defocus_blur,1,none
efficientnet_b4,ILSVRC2012_val_00004649.JPEG,n04065272,757,757,0.58009356,1,imagenet_c,defocus_blur,1,none
efficientnet_b4,ILSVRC2012_val_00005515.JPEG,n04065272,757,757,0.49018645,1,imagenet_c,defocus_blur,1,none
efficientnet_b4,ILSVRC2012_val_00009795.JPEG,n04065272,757,654,0.20311636,0,imagenet_c,defocus_blur,1,none
efficientnet_b4,ILSVRC2012_val_00010383.JPEG,n04065272,757,757,0.45769888,1,imagenet_c,defocus_blur,1,none
efficientnet_b4,ILSVRC2012_val_00011890.JPEG,n04065272,757,757,0.5484413,1,imagenet_c,defocus_blur,1,none
efficientnet_b4,ILSVRC2012_val_00012786.JPEG,n04065272,757,757,0.27184457,1,imagenet_c,defocus_blur,1,none
efficientnet_b4,ILSVRC2012_val_00013136.JPEG,n04065272,757,654,0.1671876,0,imagenet_c,defocus_blur,1,none
efficientnet_b4,ILSVRC2012_val_00013586.JPEG,n04065272,757,757,0.44372073,1,imagenet_c,defocus_blur,1,none
efficientnet_b4,ILSVRC2012_val_00013659.JPEG,n04065272,757,705,0.48424762,0,imagenet_c,defocus_blur,1,none
efficientnet_b4,ILSVRC2012_val_00013724.JPEG,n04065272,757,757,0.42822516,1,imagenet_c,defocus_blur,1,none
efficientnet_b4,ILSVRC2012_val_00014054.JPEG,n04065272,757,757,0.52319956,1,imagenet_c,defocus_blur,1,none
efficientnet_b4,ILSVRC2012_val_00014784.JPEG,n04065272,757,757,0.5504604,1,imagenet_c,defocus_blur,1,none
efficientnet_b4,ILSVRC2012_val_00016511.JPEG,n04065272,757,757,0.5951417,1,imagenet_c,defocus_blur,1,none
efficientnet_b4,ILSVRC2012_val_00016610.JPEG,n04065272,757,660,0.03298244,0,imagenet_c,defocus_blur,1,none
efficientnet_b4,ILSVRC2012_val_00017955.JPEG,n04065272,757,757,0.40092883,1,imagenet_c,defocus_blur,1,none
efficientnet_b4,ILSVRC2012_val_00019428.JPEG,n04065272,757,757,0.23144785,1,imagenet_c,defocus_blur,1,none
efficientnet_b4,ILSVRC2012_val_00020531.JPEG,n04065272,757,675,0.4136504,0,imagenet_c,defocus_blur,1,none
efficientnet_b4,ILSVRC2012_val_00020702.JPEG,n04065272,757,757,0.5511114,1,imagenet_c,defocus_blur,1,none
efficientnet_b4,ILSVRC2012_val_00021353.JPEG,n04065272,757,757,0.5684772,1,imagenet_c,defocus_blur,1,none
efficientnet_b4,ILSVRC2012_val_00021804.JPEG,n04065272,757,713,0.26023406,0,imagenet_c,defocus_blur,1,none
efficientnet_b4,ILSVRC2012_val_00022419.JPEG,n04065272,757,757,0.237869,1,imagenet_c,defocus_blur,1,none
efficientnet_b4,ILSVRC2012_val_00025172.JPEG,n04065272,757,757,0.4346402,1,imagenet_c,defocus_blur,1,none
efficientnet_b4,ILSVRC2012_val_00025460.JPEG,n04065272,757,757,0.22468199,1,imagenet_c,defocus_blur,1,none
efficientnet_b4,ILSVRC2012_val_00026802.JPEG,n04065272,757,757,0.5483702,1,imagenet_c,defocus_blur,1,none
efficientnet_b4,ILSVRC2012_val_00028062.JPEG,n04065272,757,757,0.5265765,1,imagenet_c,defocus_blur,1,none
efficientnet_b4,ILSVRC2012_val_00028188.JPEG,n04065272,757,757,0.43184686,1,imagenet_c,defocus_blur,1,none
efficientnet_b4,ILSVRC2012_val_00028467.JPEG,n04065272,757,757,0.43459612,1,imagenet_c,defocus_blur,1,none
efficientnet_b4,ILSVRC2012_val_00028509.JPEG,n04065272,757,867,0.2678014,0,imagenet_c,defocus_blur,1,none
efficientnet_b4,ILSVRC2012_val_00030525.JPEG,n04065272,757,757,0.54312897,1,imagenet_c,defocus_blur,1,none
efficientnet_b4,ILSVRC2012_val_00031346.JPEG,n04065272,757,757,0.15861844,1,imagenet_c,defocus_blur,1,none
efficientnet_b4,ILSVRC2012_val_00033309.JPEG,n04065272,757,757,0.46475077,1,imagenet_c,defocus_blur,1,none
efficientnet_b4,ILSVRC2012_val_00034165.JPEG,n04065272,757,757,0.3489578,1,imagenet_c,defocus_blur,1,none
efficientnet_b4,ILSVRC2012_val_00034627.JPEG,n04065272,757,475,0.28375736,0,imagenet_c,defocus_blur,1,none
efficientnet_b4,ILSVRC2012_val_00037432.JPEG,n04065272,757,757,0.52079463,1,imagenet_c,defocus_blur,1,none
efficientnet_b4,ILSVRC2012_val_00037537.JPEG,n04065272,757,757,0.6685996,1,imagenet_c,defocus_blur,1,none
efficientnet_b4,ILSVRC2012_val_00040423.JPEG,n04065272,757,757,0.50534385,1,imagenet_c,defocus_blur,1,none
efficientnet_b4,ILSVRC2012_val_00040441.JPEG,n04065272,757,757,0.5788693,1,imagenet_c,defocus_blur,1,none
efficientnet_b4,ILSVRC2012_val_00042167.JPEG,n04065272,757,654,0.31934455,0,imagenet_c,defocus_blur,1,none
efficientnet_b4,ILSVRC2012_val_00042754.JPEG,n04065272,757,757,0.6107762,1,imagenet_c,defocus_blur,1,none
efficientnet_b4,ILSVRC2012_val_00043339.JPEG,n04065272,757,757,0.37526232,1,imagenet_c,defocus_blur,1,none
efficientnet_b4,ILSVRC2012_val_00044785.JPEG,n04065272,757,757,0.2680055,1,imagenet_c,defocus_blur,1,none
efficientnet_b4,ILSVRC2012_val_00047332.JPEG,n04065272,757,660,0.17455754,0,imagenet_c,defocus_blur,1,none
efficientnet_b4,ILSVRC2012_val_00048765.JPEG,n04065272,757,757,0.5471816,1,imagenet_c,defocus_blur,1,none
efficientnet_b4,ILSVRC2012_val_00048923.JPEG,n04065272,757,757,0.29286754,1,imagenet_c,defocus_blur,1,none
efficientnet_b4,ILSVRC2012_val_00048998.JPEG,n04065272,757,675,0.45963037,0,imagenet_c,defocus_blur,1,none
efficientnet_b4,ILSVRC2012_val_00000473.JPEG,n04067472,758,758,0.56395286,1,imagenet_c,defocus_blur,1,none
efficientnet_b4,ILSVRC2012_val_00002112.JPEG,n04067472,758,758,0.060115393,1,imagenet_c,defocus_blur,1,none
efficientnet_b4,ILSVRC2012_val_00002556.JPEG,n04067472,758,592,0.067937456,0,imagenet_c,defocus_blur,1,none
efficientnet_b4,ILSVRC2012_val_00003992.JPEG,n04067472,758,512,0.13372667,0,imagenet_c,defocus_blur,1,none
efficientnet_b4,ILSVRC2012_val_00004416.JPEG,n04067472,758,395,0.32641703,0,imagenet_c,defocus_blur,1,none
efficientnet_b4,ILSVRC2012_val_00004853.JPEG,n04067472,758,758,0.4589367,1,imagenet_c,defocus_blur,1,none
efficientnet_b4,ILSVRC2012_val_00007618.JPEG,n04067472,758,758,0.63124496,1,imagenet_c,defocus_blur,1,none
efficientnet_b4,ILSVRC2012_val_00007645.JPEG,n04067472,758,758,0.116334036,1,imagenet_c,defocus_blur,1,none
efficientnet_b4,ILSVRC2012_val_00009568.JPEG,n04067472,758,758,0.5006614,1,imagenet_c,defocus_blur,1,none
efficientnet_b4,ILSVRC2012_val_00010131.JPEG,n04067472,758,671,0.13518296,0,imagenet_c,defocus_blur,1,none
efficientnet_b4,ILSVRC2012_val_00010440.JPEG,n04067472,758,795,0.33014688,0,imagenet_c,defocus_blur,1,none
efficientnet_b4,ILSVRC2012_val_00010458.JPEG,n04067472,758,758,0.27793744,1,imagenet_c,defocus_blur,1,none
efficientnet_b4,ILSVRC2012_val_00012789.JPEG,n04067472,758,424,0.3277772,0,imagenet_c,defocus_blur,1,none
efficientnet_b4,ILSVRC2012_val_00015989.JPEG,n04067472,758,395,0.13140647,0,imagenet_c,defocus_blur,1,none
efficientnet_b4,ILSVRC2012_val_00016525.JPEG,n04067472,758,119,0.19019638,0,imagenet_c,defocus_blur,1,none
efficientnet_b4,ILSVRC2012_val_00017567.JPEG,n04067472,758,758,0.17122088,1,imagenet_c,defocus_blur,1,none
efficientnet_b4,ILSVRC2012_val_00018520.JPEG,n04067472,758,758,0.35036328,1,imagenet_c,defocus_blur,1,none
efficientnet_b4,ILSVRC2012_val_00021834.JPEG,n04067472,758,758,0.128929,1,imagenet_c,defocus_blur,1,none
efficientnet_b4,ILSVRC2012_val_00023896.JPEG,n04067472,758,758,0.66341627,1,imagenet_c,defocus_blur,1,none
efficientnet_b4,ILSVRC2012_val_00023931.JPEG,n04067472,758,975,0.1477159,0,imagenet_c,defocus_blur,1,none
efficientnet_b4,ILSVRC2012_val_00023936.JPEG,n04067472,758,758,0.6286244,1,imagenet_c,defocus_blur,1,none
efficientnet_b4,ILSVRC2012_val_00026659.JPEG,n04067472,758,758,0.25319383,1,imagenet_c,defocus_blur,1,none
efficientnet_b4,ILSVRC2012_val_00028684.JPEG,n04067472,758,424,0.05449973,0,imagenet_c,defocus_blur,1,none
efficientnet_b4,ILSVRC2012_val_00029513.JPEG,n04067472,758,758,0.5255964,1,imagenet_c,defocus_blur,1,none
efficientnet_b4,ILSVRC2012_val_00031522.JPEG,n04067472,758,671,0.062044464,0,imagenet_c,defocus_blur,1,none
efficientnet_b4,ILSVRC2012_val_00032026.JPEG,n04067472,758,758,0.24629,1,imagenet_c,defocus_blur,1,none
efficientnet_b4,ILSVRC2012_val_00032929.JPEG,n04067472,758,758,0.6025015,1,imagenet_c,defocus_blur,1,none
efficientnet_b4,ILSVRC2012_val_00034096.JPEG,n04067472,758,758,0.30608836,1,imagenet_c,defocus_blur,1,none
efficientnet_b4,ILSVRC2012_val_00034487.JPEG,n04067472,758,758,0.58742464,1,imagenet_c,defocus_blur,1,none
efficientnet_b4,ILSVRC2012_val_00034956.JPEG,n04067472,758,596,0.109831795,0,imagenet_c,defocus_blur,1,none
efficientnet_b4,ILSVRC2012_val_00036326.JPEG,n04067472,758,758,0.31665123,1,imagenet_c,defocus_blur,1,none
efficientnet_b4,ILSVRC2012_val_00038147.JPEG,n04067472,758,758,0.5010101,1,imagenet_c,defocus_blur,1,none
efficientnet_b4,ILSVRC2012_val_00038171.JPEG,n04067472,758,642,0.07899425,0,imagenet_c,defocus_blur,1,none
efficientnet_b4,ILSVRC2012_val_00038252.JPEG,n04067472,758,758,0.70203793,1,imagenet_c,defocus_blur,1,none
efficientnet_b4,ILSVRC2012_val_00038499.JPEG,n04067472,758,758,0.5046464,1,imagenet_c,defocus_blur,1,none
efficientnet_b4,ILSVRC2012_val_00039860.JPEG,n04067472,758,758,0.2634554,1,imagenet_c,defocus_blur,1,none
efficientnet_b4,ILSVRC2012_val_00040260.JPEG,n04067472,758,758,0.26346827,1,imagenet_c,defocus_blur,1,none
efficientnet_b4,ILSVRC2012_val_00040398.JPEG,n04067472,758,758,0.84071237,1,imagenet_c,defocus_blur,1,none
efficientnet_b4,ILSVRC2012_val_00041667.JPEG,n04067472,758,758,0.35214204,1,imagenet_c,defocus_blur,1,none
efficientnet_b4,ILSVRC2012_val_00043400.JPEG,n04067472,758,395,0.26196164,0,imagenet_c,defocus_blur,1,none
efficientnet_b4,ILSVRC2012_val_00043691.JPEG,n04067472,758,758,0.6712207,1,imagenet_c,defocus_blur,1,none
efficientnet_b4,ILSVRC2012_val_00043864.JPEG,n04067472,758,758,0.24323972,1,imagenet_c,defocus_blur,1,none
efficientnet_b4,ILSVRC2012_val_00044147.JPEG,n04067472,758,351,0.15130126,0,imagenet_c,defocus_blur,1,none
efficientnet_b4,ILSVRC2012_val_00044263.JPEG,n04067472,758,758,0.27525008,1,imagenet_c,defocus_blur,1,none
efficientnet_b4,ILSVRC2012_val_00044757.JPEG,n04067472,758,758,0.2624078,1,imagenet_c,defocus_blur,1,none
efficientnet_b4,ILSVRC2012_val_00044794.JPEG,n04067472,758,758,0.38962924,1,imagenet_c,defocus_blur,1,none
efficientnet_b4,ILSVRC2012_val_00047066.JPEG,n04067472,758,758,0.27700618,1,imagenet_c,defocus_blur,1,none
efficientnet_b4,ILSVRC2012_val_00047181.JPEG,n04067472,758,758,0.40052912,1,imagenet_c,defocus_blur,1,none
efficientnet_b4,ILSVRC2012_val_00047971.JPEG,n04067472,758,758,0.49713427,1,imagenet_c,defocus_blur,1,none
efficientnet_b4,ILSVRC2012_val_00049267.JPEG,n04067472,758,758,0.4263017,1,imagenet_c,defocus_blur,1,none
efficientnet_b4,ILSVRC2012_val_00001085.JPEG,n04069434,759,859,0.1451439,0,imagenet_c,defocus_blur,1,none
efficientnet_b4,ILSVRC2012_val_00001854.JPEG,n04069434,759,759,0.26309273,1,imagenet_c,defocus_blur,1,none
efficientnet_b4,ILSVRC2012_val_00003744.JPEG,n04069434,759,585,0.05873989,0,imagenet_c,defocus_blur,1,none
efficientnet_b4,ILSVRC2012_val_00004062.JPEG,n04069434,759,759,0.31965417,1,imagenet_c,defocus_blur,1,none
efficientnet_b4,ILSVRC2012_val_00005256.JPEG,n04069434,759,759,0.26843485,1,imagenet_c,defocus_blur,1,none
efficientnet_b4,ILSVRC2012_val_00006160.JPEG,n04069434,759,732,0.3634926,0,imagenet_c,defocus_blur,1,none
efficientnet_b4,ILSVRC2012_val_00007364.JPEG,n04069434,759,732,0.22599924,0,imagenet_c,defocus_blur,1,none
efficientnet_b4,ILSVRC2012_val_00008413.JPEG,n04069434,759,759,0.41154572,1,imagenet_c,defocus_blur,1,none
efficientnet_b4,ILSVRC2012_val_00010481.JPEG,n04069434,759,759,0.4193894,1,imagenet_c,defocus_blur,1,none
efficientnet_b4,ILSVRC2012_val_00010715.JPEG,n04069434,759,759,0.5398122,1,imagenet_c,defocus_blur,1,none
efficientnet_b4,ILSVRC2012_val_00010892.JPEG,n04069434,759,759,0.47655028,1,imagenet_c,defocus_blur,1,none
efficientnet_b4,ILSVRC2012_val_00011300.JPEG,n04069434,759,732,0.088077955,0,imagenet_c,defocus_blur,1,none
efficientnet_b4,ILSVRC2012_val_00011327.JPEG,n04069434,759,759,0.45677957,1,imagenet_c,defocus_blur,1,none
efficientnet_b4,ILSVRC2012_val_00011905.JPEG,n04069434,759,613,0.2323985,0,imagenet_c,defocus_blur,1,none
efficientnet_b4,ILSVRC2012_val_00012086.JPEG,n04069434,759,401,0.10989833,0,imagenet_c,defocus_blur,1,none
efficientnet_b4,ILSVRC2012_val_00012650.JPEG,n04069434,759,759,0.3142448,1,imagenet_c,defocus_blur,1,none
efficientnet_b4,ILSVRC2012_val_00012816.JPEG,n04069434,759,622,0.22509915,0,imagenet_c,defocus_blur,1,none
efficientnet_b4,ILSVRC2012_val_00013081.JPEG,n04069434,759,759,0.46554697,1,imagenet_c,defocus_blur,1,none
efficientnet_b4,ILSVRC2012_val_00014347.JPEG,n04069434,759,759,0.12514305,1,imagenet_c,defocus_blur,1,none
efficientnet_b4,ILSVRC2012_val_00014371.JPEG,n04069434,759,759,0.27538374,1,imagenet_c,defocus_blur,1,none
efficientnet_b4,ILSVRC2012_val_00014692.JPEG,n04069434,759,759,0.32542413,1,imagenet_c,defocus_blur,1,none
efficientnet_b4,ILSVRC2012_val_00016109.JPEG,n04069434,759,759,0.50341755,1,imagenet_c,defocus_blur,1,none
efficientnet_b4,ILSVRC2012_val_00017749.JPEG,n04069434,759,759,0.42722,1,imagenet_c,defocus_blur,1,none
efficientnet_b4,ILSVRC2012_val_00019112.JPEG,n04069434,759,759,0.5491651,1,imagenet_c,defocus_blur,1,none
efficientnet_b4,ILSVRC2012_val_00019288.JPEG,n04069434,759,759,0.11989594,1,imagenet_c,defocus_blur,1,none
efficientnet_b4,ILSVRC2012_val_00020753.JPEG,n04069434,759,759,0.27560252,1,imagenet_c,defocus_blur,1,none
efficientnet_b4,ILSVRC2012_val_00022662.JPEG,n04069434,759,759,0.2364354,1,imagenet_c,defocus_blur,1,none
efficientnet_b4,ILSVRC2012_val_00024065.JPEG,n04069434,759,732,0.25542316,0,imagenet_c,defocus_blur,1,none
efficientnet_b4,ILSVRC2012_val_00025977.JPEG,n04069434,759,759,0.18591098,1,imagenet_c,defocus_blur,1,none
efficientnet_b4,ILSVRC2012_val_00026322.JPEG,n04069434,759,413,0.40173033,0,imagenet_c,defocus_blur,1,none
efficientnet_b4,ILSVRC2012_val_00030477.JPEG,n04069434,759,747,0.16052994,0,imagenet_c,defocus_blur,1,none
efficientnet_b4,ILSVRC2012_val_00031442.JPEG,n04069434,759,759,0.45180055,1,imagenet_c,defocus_blur,1,none
efficientnet_b4,ILSVRC2012_val_00032853.JPEG,n04069434,759,759,0.5775283,1,imagenet_c,defocus_blur,1,none
efficientnet_b4,ILSVRC2012_val_00034113.JPEG,n04069434,759,759,0.16661306,1,imagenet_c,defocus_blur,1,none
efficientnet_b4,ILSVRC2012_val_00035133.JPEG,n04069434,759,759,0.48766583,1,imagenet_c,defocus_blur,1,none
efficientnet_b4,ILSVRC2012_val_00035899.JPEG,n04069434,759,759,0.5561571,1,imagenet_c,defocus_blur,1,none
efficientnet_b4,ILSVRC2012_val_00037186.JPEG,n04069434,759,759,0.29804254,1,imagenet_c,defocus_blur,1,none
efficientnet_b4,ILSVRC2012_val_00037387.JPEG,n04069434,759,759,0.23776366,1,imagenet_c,defocus_blur,1,none
efficientnet_b4,ILSVRC2012_val_00037463.JPEG,n04069434,759,688,0.16889416,0,imagenet_c,defocus_blur,1,none
efficientnet_b4,ILSVRC2012_val_00038099.JPEG,n04069434,759,759,0.4448362,1,imagenet_c,defocus_blur,1,none
efficientnet_b4,ILSVRC2012_val_00041089.JPEG,n04069434,759,859,0.20013124,0,imagenet_c,defocus_blur,1,none
efficientnet_b4,ILSVRC2012_val_00041859.JPEG,n04069434,759,759,0.14127865,1,imagenet_c,defocus_blur,1,none
efficientnet_b4,ILSVRC2012_val_00043715.JPEG,n04069434,759,759,0.46347612,1,imagenet_c,defocus_blur,1,none
efficientnet_b4,ILSVRC2012_val_00043775.JPEG,n04069434,759,759,0.5541721,1,imagenet_c,defocus_blur,1,none
efficientnet_b4,ILSVRC2012_val_00044051.JPEG,n04069434,759,759,0.4241355,1,imagenet_c,defocus_blur,1,none
efficientnet_b4,ILSVRC2012_val_00044493.JPEG,n04069434,759,585,0.22436966,0,imagenet_c,defocus_blur,1,none
efficientnet_b4,ILSVRC2012_val_00045725.JPEG,n04069434,759,487,0.12122476,0,imagenet_c,defocus_blur,1,none
efficientnet_b4,ILSVRC2012_val_00048202.JPEG,n04069434,759,759,0.43232453,1,imagenet_c,defocus_blur,1,none
efficientnet_b4,ILSVRC2012_val_00048898.JPEG,n04069434,759,732,0.4492696,0,imagenet_c,defocus_blur,1,none
efficientnet_b4,ILSVRC2012_val_00049582.JPEG,n04069434,759,447,0.61553276,0,imagenet_c,defocus_blur,1,none
efficientnet_b4,ILSVRC2012_val_00000331.JPEG,n04070727,760,894,0.1387749,0,imagenet_c,defocus_blur,1,none
efficientnet_b4,ILSVRC2012_val_00002613.JPEG,n04070727,760,760,0.5920671,1,imagenet_c,defocus_blur,1,none
efficientnet_b4,ILSVRC2012_val_00004133.JPEG,n04070727,760,569,0.06344642,0,imagenet_c,defocus_blur,1,none
efficientnet_b4,ILSVRC2012_val_00004630.JPEG,n04070727,760,760,0.6407453,1,imagenet_c,defocus_blur,1,none
efficientnet_b4,ILSVRC2012_val_00004917.JPEG,n04070727,760,760,0.5911592,1,imagenet_c,defocus_blur,1,none
efficientnet_b4,ILSVRC2012_val_00004946.JPEG,n04070727,760,760,0.6150275,1,imagenet_c,defocus_blur,1,none
efficientnet_b4,ILSVRC2012_val_00005383.JPEG,n04070727,760,760,0.41105238,1,imagenet_c,defocus_blur,1,none
efficientnet_b4,ILSVRC2012_val_00005541.JPEG,n04070727,760,760,0.5089339,1,imagenet_c,defocus_blur,1,none
efficientnet_b4,ILSVRC2012_val_00005927.JPEG,n04070727,760,760,0.6289988,1,imagenet_c,defocus_blur,1,none
efficientnet_b4,ILSVRC2012_val_00006658.JPEG,n04070727,760,760,0.48027995,1,imagenet_c,defocus_blur,1,none
efficientnet_b4,ILSVRC2012_val_00008031.JPEG,n04070727,760,760,0.43907642,1,imagenet_c,defocus_blur,1,none
efficientnet_b4,ILSVRC2012_val_00009745.JPEG,n04070727,760,760,0.17620938,1,imagenet_c,defocus_blur,1,none
efficientnet_b4,ILSVRC2012_val_00009901.JPEG,n04070727,760,760,0.55677265,1,imagenet_c,defocus_blur,1,none
efficientnet_b4,ILSVRC2012_val_00010779.JPEG,n04070727,760,760,0.6789311,1,imagenet_c,defocus_blur,1,none
efficientnet_b4,ILSVRC2012_val_00011166.JPEG,n04070727,760,760,0.39755976,1,imagenet_c,defocus_blur,1,none
efficientnet_b4,ILSVRC2012_val_00013722.JPEG,n04070727,760,760,0.7630909,1,imagenet_c,defocus_blur,1,none
efficientnet_b4,ILSVRC2012_val_00014411.JPEG,n04070727,760,760,0.8081305,1,imagenet_c,defocus_blur,1,none
efficientnet_b4,ILSVRC2012_val_00014602.JPEG,n04070727,760,760,0.5483477,1,imagenet_c,defocus_blur,1,none
efficientnet_b4,ILSVRC2012_val_00017487.JPEG,n04070727,760,756,0.21635301,0,imagenet_c,defocus_blur,1,none
efficientnet_b4,ILSVRC2012_val_00018472.JPEG,n04070727,760,760,0.39987552,1,imagenet_c,defocus_blur,1,none
efficientnet_b4,ILSVRC2012_val_00020389.JPEG,n04070727,760,760,0.30623114,1,imagenet_c,defocus_blur,1,none
efficientnet_b4,ILSVRC2012_val_00022009.JPEG,n04070727,760,651,0.07937103,0,imagenet_c,defocus_blur,1,none
efficientnet_b4,ILSVRC2012_val_00023711.JPEG,n04070727,760,760,0.58470696,1,imagenet_c,defocus_blur,1,none
efficientnet_b4,ILSVRC2012_val_00028330.JPEG,n04070727,760,760,0.324983,1,imagenet_c,defocus_blur,1,none
efficientnet_b4,ILSVRC2012_val_00029317.JPEG,n04070727,760,760,0.42763186,1,imagenet_c,defocus_blur,1,none
efficientnet_b4,ILSVRC2012_val_00029720.JPEG,n04070727,760,747,0.47839987,0,imagenet_c,defocus_blur,1,none
efficientnet_b4,ILSVRC2012_val_00030034.JPEG,n04070727,760,760,0.07729707,1,imagenet_c,defocus_blur,1,none
efficientnet_b4,ILSVRC2012_val_00030280.JPEG,n04070727,760,760,0.544371,1,imagenet_c,defocus_blur,1,none
efficientnet_b4,ILSVRC2012_val_00030308.JPEG,n04070727,760,760,0.26149255,1,imagenet_c,defocus_blur,1,none
efficientnet_b4,ILSVRC2012_val_00030616.JPEG,n04070727,760,760,0.24802792,1,imagenet_c,defocus_blur,1,none
efficientnet_b4,ILSVRC2012_val_00031724.JPEG,n04070727,760,760,0.28367454,1,imagenet_c,defocus_blur,1,none
efficientnet_b4,ILSVRC2012_val_00033032.JPEG,n04070727,760,548,0.19322045,0,imagenet_c,defocus_blur,1,none
efficientnet_b4,ILSVRC2012_val_00033670.JPEG,n04070727,760,669,0.099464886,0,imagenet_c,defocus_blur,1,none
efficientnet_b4,ILSVRC2012_val_00036831.JPEG,n04070727,760,530,0.023287902,0,imagenet_c,defocus_blur,1,none
efficientnet_b4,ILSVRC2012_val_00038840.JPEG,n04070727,760,760,0.39751258,1,imagenet_c,defocus_blur,1,none
efficientnet_b4,ILSVRC2012_val_00039526.JPEG,n04070727,760,760,0.6333073,1,imagenet_c,defocus_blur,1,none
efficientnet_b4,ILSVRC2012_val_00039593.JPEG,n04070727,760,766,0.43122032,0,imagenet_c,defocus_blur,1,none
efficientnet_b4,ILSVRC2012_val_00039770.JPEG,n04070727,760,760,0.3707412,1,imagenet_c,defocus_blur,1,none
efficientnet_b4,ILSVRC2012_val_00042498.JPEG,n04070727,760,760,0.5384713,1,imagenet_c,defocus_blur,1,none
efficientnet_b4,ILSVRC2012_val_00043002.JPEG,n04070727,760,760,0.4044487,1,imagenet_c,defocus_blur,1,none
efficientnet_b4,ILSVRC2012_val_00043847.JPEG,n04070727,760,651,0.45265815,0,imagenet_c,defocus_blur,1,none
efficientnet_b4,ILSVRC2012_val_00044981.JPEG,n04070727,760,760,0.45476875,1,imagenet_c,defocus_blur,1,none
efficientnet_b4,ILSVRC2012_val_00046057.JPEG,n04070727,760,553,0.32035467,0,imagenet_c,defocus_blur,1,none
efficientnet_b4,ILSVRC2012_val_00046187.JPEG,n04070727,760,664,0.087143,0,imagenet_c,defocus_blur,1,none
efficientnet_b4,ILSVRC2012_val_00046360.JPEG,n04070727,760,760,0.22038324,1,imagenet_c,defocus_blur,1,none
efficientnet_b4,ILSVRC2012_val_00046744.JPEG,n04070727,760,760,0.06383336,1,imagenet_c,defocus_blur,1,none
efficientnet_b4,ILSVRC2012_val_00047217.JPEG,n04070727,760,760,0.63515145,1,imagenet_c,defocus_blur,1,none
efficientnet_b4,ILSVRC2012_val_00047398.JPEG,n04070727,760,760,0.4312388,1,imagenet_c,defocus_blur,1,none
efficientnet_b4,ILSVRC2012_val_00049385.JPEG,n04070727,760,760,0.56350535,1,imagenet_c,defocus_blur,1,none
efficientnet_b4,ILSVRC2012_val_00049708.JPEG,n04070727,760,747,0.06739674,0,imagenet_c,defocus_blur,1,none
efficientnet_b4,ILSVRC2012_val_00000275.JPEG,n04074963,761,918,0.1572222,0,imagenet_c,defocus_blur,1,none
efficientnet_b4,ILSVRC2012_val_00001838.JPEG,n04074963,761,761,0.34825233,1,imagenet_c,defocus_blur,1,none
efficientnet_b4,ILSVRC2012_val_00002371.JPEG,n04074963,761,761,0.70332056,1,imagenet_c,defocus_blur,1,none
efficientnet_b4,ILSVRC2012_val_00002910.JPEG,n04074963,761,499,0.22215709,0,imagenet_c,defocus_blur,1,none
efficientnet_b4,ILSVRC2012_val_00003211.JPEG,n04074963,761,761,0.26436013,1,imagenet_c,defocus_blur,1,none
efficientnet_b4,ILSVRC2012_val_00006113.JPEG,n04074963,761,761,0.1084228,1,imagenet_c,defocus_blur,1,none
efficientnet_b4,ILSVRC2012_val_00008267.JPEG,n04074963,761,761,0.43123546,1,imagenet_c,defocus_blur,1,none
efficientnet_b4,ILSVRC2012_val_00010727.JPEG,n04074963,761,761,0.7164655,1,imagenet_c,defocus_blur,1,none
efficientnet_b4,ILSVRC2012_val_00013950.JPEG,n04074963,761,761,0.14932546,1,imagenet_c,defocus_blur,1,none
efficientnet_b4,ILSVRC2012_val_00016214.JPEG,n04074963,761,761,0.43849364,1,imagenet_c,defocus_blur,1,none
efficientnet_b4,ILSVRC2012_val_00017148.JPEG,n04074963,761,761,0.5000526,1,imagenet_c,defocus_blur,1,none
efficientnet_b4,ILSVRC2012_val_00017725.JPEG,n04074963,761,761,0.55494636,1,imagenet_c,defocus_blur,1,none
efficientnet_b4,ILSVRC2012_val_00022087.JPEG,n04074963,761,761,0.4347909,1,imagenet_c,defocus_blur,1,none
efficientnet_b4,ILSVRC2012_val_00022614.JPEG,n04074963,761,527,0.14512193,0,imagenet_c,defocus_blur,1,none
efficientnet_b4,ILSVRC2012_val_00022985.JPEG,n04074963,761,761,0.38095805,1,imagenet_c,defocus_blur,1,none
efficientnet_b4,ILSVRC2012_val_00023963.JPEG,n04074963,761,761,0.5641739,1,imagenet_c,defocus_blur,1,none
efficientnet_b4,ILSVRC2012_val_00024947.JPEG,n04074963,761,761,0.4148131,1,imagenet_c,defocus_blur,1,none
efficientnet_b4,ILSVRC2012_val_00025687.JPEG,n04074963,761,761,0.70053434,1,imagenet_c,defocus_blur,1,none
efficientnet_b4,ILSVRC2012_val_00026572.JPEG,n04074963,761,761,0.49269283,1,imagenet_c,defocus_blur,1,none
efficientnet_b4,ILSVRC2012_val_00027243.JPEG,n04074963,761,529,0.14216594,0,imagenet_c,defocus_blur,1,none
efficientnet_b4,ILSVRC2012_val_00027409.JPEG,n04074963,761,761,0.6729247,1,imagenet_c,defocus_blur,1,none
efficientnet_b4,ILSVRC2012_val_00027761.JPEG,n04074963,761,590,0.17101482,0,imagenet_c,defocus_blur,1,none
efficientnet_b4,ILSVRC2012_val_00028403.JPEG,n04074963,761,761,0.36236408,1,imagenet_c,defocus_blur,1,none
efficientnet_b4,ILSVRC2012_val_00028651.JPEG,n04074963,761,761,0.47382653,1,imagenet_c,defocus_blur,1,none
efficientnet_b4,ILSVRC2012_val_00028701.JPEG,n04074963,761,633,0.15754502,0,imagenet_c,defocus_blur,1,none
efficientnet_b4,ILSVRC2012_val_00029953.JPEG,n04074963,761,761,0.5632866,1,imagenet_c,defocus_blur,1,none
efficientnet_b4,ILSVRC2012_val_00030617.JPEG,n04074963,761,761,0.49889475,1,imagenet_c,defocus_blur,1,none
efficientnet_b4,ILSVRC2012_val_00031318.JPEG,n04074963,761,891,0.07606755,0,imagenet_c,defocus_blur,1,none
efficientnet_b4,ILSVRC2012_val_00031846.JPEG,n04074963,761,642,0.021788448,0,imagenet_c,defocus_blur,1,none
efficientnet_b4,ILSVRC2012_val_00031904.JPEG,n04074963,761,761,0.38579452,1,imagenet_c,defocus_blur,1,none
efficientnet_b4,ILSVRC2012_val_00034408.JPEG,n04074963,761,742,0.0934819,0,imagenet_c,defocus_blur,1,none
efficientnet_b4,ILSVRC2012_val_00034680.JPEG,n04074963,761,662,0.054726195,0,imagenet_c,defocus_blur,1,none
efficientnet_b4,ILSVRC2012_val_00035110.JPEG,n04074963,761,585,0.093914546,0,imagenet_c,defocus_blur,1,none
efficientnet_b4,ILSVRC2012_val_00037963.JPEG,n04074963,761,761,0.36117336,1,imagenet_c,defocus_blur,1,none
efficientnet_b4,ILSVRC2012_val_00038370.JPEG,n04074963,761,761,0.2790637,1,imagenet_c,defocus_blur,1,none
efficientnet_b4,ILSVRC2012_val_00038571.JPEG,n04074963,761,761,0.46718866,1,imagenet_c,defocus_blur,1,none
efficientnet_b4,ILSVRC2012_val_00040175.JPEG,n04074963,761,761,0.5018519,1,imagenet_c,defocus_blur,1,none
efficientnet_b4,ILSVRC2012_val_00040666.JPEG,n04074963,761,761,0.24905193,1,imagenet_c,defocus_blur,1,none
efficientnet_b4,ILSVRC2012_val_00040768.JPEG,n04074963,761,761,0.44936493,1,imagenet_c,defocus_blur,1,none
efficientnet_b4,ILSVRC2012_val_00042305.JPEG,n04074963,761,902,0.15548807,0,imagenet_c,defocus_blur,1,none
efficientnet_b4,ILSVRC2012_val_00045802.JPEG,n04074963,761,761,0.39613855,1,imagenet_c,defocus_blur,1,none
efficientnet_b4,ILSVRC2012_val_00045938.JPEG,n04074963,761,761,0.33835658,1,imagenet_c,defocus_blur,1,none
efficientnet_b4,ILSVRC2012_val_00046283.JPEG,n04074963,761,223,0.3255438,0,imagenet_c,defocus_blur,1,none
efficientnet_b4,ILSVRC2012_val_00046642.JPEG,n04074963,761,761,0.46691313,1,imagenet_c,defocus_blur,1,none
efficientnet_b4,ILSVRC2012_val_00047274.JPEG,n04074963,761,761,0.4609865,1,imagenet_c,defocus_blur,1,none
efficientnet_b4,ILSVRC2012_val_00047386.JPEG,n04074963,761,761,0.40315,1,imagenet_c,defocus_blur,1,none
efficientnet_b4,ILSVRC2012_val_00047840.JPEG,n04074963,761,662,0.16697608,0,imagenet_c,defocus_blur,1,none
efficientnet_b4,ILSVRC2012_val_00047897.JPEG,n04074963,761,761,0.44386226,1,imagenet_c,defocus_blur,1,none
efficientnet_b4,ILSVRC2012_val_00048845.JPEG,n04074963,761,761,0.5066031,1,imagenet_c,defocus_blur,1,none
efficientnet_b4,ILSVRC2012_val_00049013.JPEG,n04074963,761,761,0.6657382,1,imagenet_c,defocus_blur,1,none
efficientnet_b4,ILSVRC2012_val_00000591.JPEG,n04081281,762,860,0.077411346,0,imagenet_c,defocus_blur,1,none
efficientnet_b4,ILSVRC2012_val_00003513.JPEG,n04081281,762,923,0.30546126,0,imagenet_c,defocus_blur,1,none
efficientnet_b4,ILSVRC2012_val_00003807.JPEG,n04081281,762,762,0.54445136,1,imagenet_c,defocus_blur,1,none
efficientnet_b4,ILSVRC2012_val_00004487.JPEG,n04081281,762,923,0.490331,0,imagenet_c,defocus_blur,1,none
efficientnet_b4,ILSVRC2012_val_00005240.JPEG,n04081281,762,415,0.2661922,0,imagenet_c,defocus_blur,1,none
efficientnet_b4,ILSVRC2012_val_00006031.JPEG,n04081281,762,580,0.3882601,0,imagenet_c,defocus_blur,1,none
efficientnet_b4,ILSVRC2012_val_00007483.JPEG,n04081281,762,884,0.095407836,0,imagenet_c,defocus_blur,1,none
efficientnet_b4,ILSVRC2012_val_00007785.JPEG,n04081281,762,923,0.2717849,0,imagenet_c,defocus_blur,1,none
efficientnet_b4,ILSVRC2012_val_00010600.JPEG,n04081281,762,762,0.13347615,1,imagenet_c,defocus_blur,1,none
efficientnet_b4,ILSVRC2012_val_00011157.JPEG,n04081281,762,959,0.13935588,0,imagenet_c,defocus_blur,1,none
efficientnet_b4,ILSVRC2012_val_00011936.JPEG,n04081281,762,762,0.47261095,1,imagenet_c,defocus_blur,1,none
efficientnet_b4,ILSVRC2012_val_00012638.JPEG,n04081281,762,860,0.24539523,0,imagenet_c,defocus_blur,1,none
efficientnet_b4,ILSVRC2012_val_00015051.JPEG,n04081281,762,925,0.50700635,0,imagenet_c,defocus_blur,1,none
efficientnet_b4,ILSVRC2012_val_00015102.JPEG,n04081281,762,762,0.630484,1,imagenet_c,defocus_blur,1,none
efficientnet_b4,ILSVRC2012_val_00015832.JPEG,n04081281,762,860,0.6800062,0,imagenet_c,defocus_blur,1,none
efficientnet_b4,ILSVRC2012_val_00017583.JPEG,n04081281,762,923,0.519994,0,imagenet_c,defocus_blur,1,none
efficientnet_b4,ILSVRC2012_val_00018289.JPEG,n04081281,762,964,0.13561927,0,imagenet_c,defocus_blur,1,none
efficientnet_b4,ILSVRC2012_val_00018336.JPEG,n04081281,762,598,0.14902955,0,imagenet_c,defocus_blur,1,none
efficientnet_b4,ILSVRC2012_val_00018924.JPEG,n04081281,762,762,0.0747022,1,imagenet_c,defocus_blur,1,none
efficientnet_b4,ILSVRC2012_val_00019466.JPEG,n04081281,762,624,0.057096116,0,imagenet_c,defocus_blur,1,none
efficientnet_b4,ILSVRC2012_val_00020263.JPEG,n04081281,762,762,0.34827885,1,imagenet_c,defocus_blur,1,none
efficientnet_b4,ILSVRC2012_val_00021422.JPEG,n04081281,762,762,0.7439406,1,imagenet_c,defocus_blur,1,none
efficientnet_b4,ILSVRC2012_val_00022403.JPEG,n04081281,762,762,0.44449645,1,imagenet_c,defocus_blur,1,none
efficientnet_b4,ILSVRC2012_val_00022454.JPEG,n04081281,762,788,0.061645586,0,imagenet_c,defocus_blur,1,none
efficientnet_b4,ILSVRC2012_val_00024449.JPEG,n04081281,762,860,0.2404123,0,imagenet_c,defocus_blur,1,none
efficientnet_b4,ILSVRC2012_val_00026121.JPEG,n04081281,762,762,0.48806623,1,imagenet_c,defocus_blur,1,none
efficientnet_b4,ILSVRC2012_val_00027720.JPEG,n04081281,762,532,0.17327607,0,imagenet_c,defocus_blur,1,none
efficientnet_b4,ILSVRC2012_val_00027988.JPEG,n04081281,762,926,0.19114667,0,imagenet_c,defocus_blur,1,none
efficientnet_b4,ILSVRC2012_val_00028385.JPEG,n04081281,762,962,0.17437215,0,imagenet_c,defocus_blur,1,none
efficientnet_b4,ILSVRC2012_val_00028580.JPEG,n04081281,762,762,0.092337646,1,imagenet_c,defocus_blur,1,none
efficientnet_b4,ILSVRC2012_val_00029996.JPEG,n04081281,762,762,0.07439469,1,imagenet_c,defocus_blur,1,none
efficientnet_b4,ILSVRC2012_val_00030489.JPEG,n04081281,762,762,0.5926786,1,imagenet_c,defocus_blur,1,none
efficientnet_b4,ILSVRC2012_val_00034128.JPEG,n04081281,762,762,0.20828164,1,imagenet_c,defocus_blur,1,none
efficientnet_b4,ILSVRC2012_val_00036785.JPEG,n04081281,762,762,0.7405441,1,imagenet_c,defocus_blur,1,none
efficientnet_b4,ILSVRC2012_val_00036857.JPEG,n04081281,762,762,0.47545713,1,imagenet_c,defocus_blur,1,none
efficientnet_b4,ILSVRC2012_val_00038151.JPEG,n04081281,762,762,0.24026695,1,imagenet_c,defocus_blur,1,none
efficientnet_b4,ILSVRC2012_val_00039132.JPEG,n04081281,762,743,0.09702884,0,imagenet_c,defocus_blur,1,none
efficientnet_b4,ILSVRC2012_val_00039444.JPEG,n04081281,762,516,0.16992937,0,imagenet_c,defocus_blur,1,none
efficientnet_b4,ILSVRC2012_val_00043267.JPEG,n04081281,762,415,0.42342874,0,imagenet_c,defocus_blur,1,none
efficientnet_b4,ILSVRC2012_val_00043286.JPEG,n04081281,762,762,0.5438501,1,imagenet_c,defocus_blur,1,none
efficientnet_b4,ILSVRC2012_val_00043772.JPEG,n04081281,762,930,0.103850625,0,imagenet_c,defocus_blur,1,none
efficientnet_b4,ILSVRC2012_val_00044508.JPEG,n04081281,762,926,0.5019102,0,imagenet_c,defocus_blur,1,none
efficientnet_b4,ILSVRC2012_val_00044550.JPEG,n04081281,762,762,0.29093996,1,imagenet_c,defocus_blur,1,none
efficientnet_b4,ILSVRC2012_val_00045074.JPEG,n04081281,762,762,0.48845676,1,imagenet_c,defocus_blur,1,none
efficientnet_b4,ILSVRC2012_val_00045105.JPEG,n04081281,762,498,0.107869044,0,imagenet_c,defocus_blur,1,none
efficientnet_b4,ILSVRC2012_val_00046156.JPEG,n04081281,762,762,0.1396575,1,imagenet_c,defocus_blur,1,none
efficientnet_b4,ILSVRC2012_val_00047007.JPEG,n04081281,762,762,0.13137464,1,imagenet_c,defocus_blur,1,none
efficientnet_b4,ILSVRC2012_val_00048227.JPEG,n04081281,762,829,0.07525733,0,imagenet_c,defocus_blur,1,none
efficientnet_b4,ILSVRC2012_val_00049099.JPEG,n04081281,762,926,0.09834089,0,imagenet_c,defocus_blur,1,none
efficientnet_b4,ILSVRC2012_val_00049707.JPEG,n04081281,762,962,0.6492805,0,imagenet_c,defocus_blur,1,none
efficientnet_b4,ILSVRC2012_val_00000158.JPEG,n04086273,763,763,0.63227624,1,imagenet_c,defocus_blur,1,none
efficientnet_b4,ILSVRC2012_val_00000667.JPEG,n04086273,763,763,0.22889602,1,imagenet_c,defocus_blur,1,none
efficientnet_b4,ILSVRC2012_val_00001789.JPEG,n04086273,763,763,0.6115252,1,imagenet_c,defocus_blur,1,none
efficientnet_b4,ILSVRC2012_val_00002299.JPEG,n04086273,763,763,0.6703189,1,imagenet_c,defocus_blur,1,none
efficientnet_b4,ILSVRC2012_val_00002438.JPEG,n04086273,763,763,0.7848929,1,imagenet_c,defocus_blur,1,none
efficientnet_b4,ILSVRC2012_val_00002604.JPEG,n04086273,763,763,0.62335056,1,imagenet_c,defocus_blur,1,none
efficientnet_b4,ILSVRC2012_val_00002840.JPEG,n04086273,763,763,0.44325027,1,imagenet_c,defocus_blur,1,none
efficientnet_b4,ILSVRC2012_val_00003123.JPEG,n04086273,763,763,0.5967769,1,imagenet_c,defocus_blur,1,none
efficientnet_b4,ILSVRC2012_val_00003457.JPEG,n04086273,763,763,0.68846166,1,imagenet_c,defocus_blur,1,none
efficientnet_b4,ILSVRC2012_val_00004107.JPEG,n04086273,763,763,0.70068103,1,imagenet_c,defocus_blur,1,none
efficientnet_b4,ILSVRC2012_val_00006820.JPEG,n04086273,763,528,0.24575509,0,imagenet_c,defocus_blur,1,none
efficientnet_b4,ILSVRC2012_val_00007170.JPEG,n04086273,763,763,0.6403538,1,imagenet_c,defocus_blur,1,none
efficientnet_b4,ILSVRC2012_val_00007967.JPEG,n04086273,763,413,0.415968,0,imagenet_c,defocus_blur,1,none
efficientnet_b4,ILSVRC2012_val_00009333.JPEG,n04086273,763,763,0.5400336,1,imagenet_c,defocus_blur,1,none
efficientnet_b4,ILSVRC2012_val_00009592.JPEG,n04086273,763,763,0.6406361,1,imagenet_c,defocus_blur,1,none
efficientnet_b4,ILSVRC2012_val_00009614.JPEG,n04086273,763,763,0.58393383,1,imagenet_c,defocus_blur,1,none
efficientnet_b4,ILSVRC2012_val_00011273.JPEG,n04086273,763,763,0.59302974,1,imagenet_c,defocus_blur,1,none
efficientnet_b4,ILSVRC2012_val_00011824.JPEG,n04086273,763,763,0.6105097,1,imagenet_c,defocus_blur,1,none
efficientnet_b4,ILSVRC2012_val_00012180.JPEG,n04086273,763,763,0.59373075,1,imagenet_c,defocus_blur,1,none
efficientnet_b4,ILSVRC2012_val_00012865.JPEG,n04086273,763,763,0.70054895,1,imagenet_c,defocus_blur,1,none
efficientnet_b4,ILSVRC2012_val_00015260.JPEG,n04086273,763,763,0.60003966,1,imagenet_c,defocus_blur,1,none
efficientnet_b4,ILSVRC2012_val_00015728.JPEG,n04086273,763,763,0.6345075,1,imagenet_c,defocus_blur,1,none
efficientnet_b4,ILSVRC2012_val_00015847.JPEG,n04086273,763,763,0.62280834,1,imagenet_c,defocus_blur,1,none
efficientnet_b4,ILSVRC2012_val_00016796.JPEG,n04086273,763,763,0.4742664,1,imagenet_c,defocus_blur,1,none
efficientnet_b4,ILSVRC2012_val_00017797.JPEG,n04086273,763,763,0.62711036,1,imagenet_c,defocus_blur,1,none
efficientnet_b4,ILSVRC2012_val_00017897.JPEG,n04086273,763,763,0.7376397,1,imagenet_c,defocus_blur,1,none
efficientnet_b4,ILSVRC2012_val_00018181.JPEG,n04086273,763,763,0.6339177,1,imagenet_c,defocus_blur,1,none
efficientnet_b4,ILSVRC2012_val_00018910.JPEG,n04086273,763,763,0.68113035,1,imagenet_c,defocus_blur,1,none
efficientnet_b4,ILSVRC2012_val_00021784.JPEG,n04086273,763,763,0.57962286,1,imagenet_c,defocus_blur,1,none
efficientnet_b4,ILSVRC2012_val_00023382.JPEG,n04086273,763,763,0.72703534,1,imagenet_c,defocus_blur,1,none
efficientnet_b4,ILSVRC2012_val_00026654.JPEG,n04086273,763,763,0.6036528,1,imagenet_c,defocus_blur,1,none
efficientnet_b4,ILSVRC2012_val_00027697.JPEG,n04086273,763,763,0.5690899,1,imagenet_c,defocus_blur,1,none
efficientnet_b4,ILSVRC2012_val_00030134.JPEG,n04086273,763,763,0.5313154,1,imagenet_c,defocus_blur,1,none
efficientnet_b4,ILSVRC2012_val_00030717.JPEG,n04086273,763,763,0.7664549,1,imagenet_c,defocus_blur,1,none
efficientnet_b4,ILSVRC2012_val_00032309.JPEG,n04086273,763,763,0.7374343,1,imagenet_c,defocus_blur,1,none
efficientnet_b4,ILSVRC2012_val_00032525.JPEG,n04086273,763,473,0.36223644,0,imagenet_c,defocus_blur,1,none
efficientnet_b4,ILSVRC2012_val_00032740.JPEG,n04086273,763,763,0.63989985,1,imagenet_c,defocus_blur,1,none
efficientnet_b4,ILSVRC2012_val_00033024.JPEG,n04086273,763,763,0.66619986,1,imagenet_c,defocus_blur,1,none
efficientnet_b4,ILSVRC2012_val_00034825.JPEG,n04086273,763,763,0.72195643,1,imagenet_c,defocus_blur,1,none
efficientnet_b4,ILSVRC2012_val_00036437.JPEG,n04086273,763,763,0.7007651,1,imagenet_c,defocus_blur,1,none
efficientnet_b4,ILSVRC2012_val_00036488.JPEG,n04086273,763,597,0.36043864,0,imagenet_c,defocus_blur,1,none
efficientnet_b4,ILSVRC2012_val_00037225.JPEG,n04086273,763,763,0.33554125,1,imagenet_c,defocus_blur,1,none
efficientnet_b4,ILSVRC2012_val_00037854.JPEG,n04086273,763,763,0.608532,1,imagenet_c,defocus_blur,1,none
efficientnet_b4,ILSVRC2012_val_00038575.JPEG,n04086273,763,763,0.63824356,1,imagenet_c,defocus_blur,1,none
efficientnet_b4,ILSVRC2012_val_00040355.JPEG,n04086273,763,763,0.56638485,1,imagenet_c,defocus_blur,1,none
efficientnet_b4,ILSVRC2012_val_00042729.JPEG,n04086273,763,763,0.6597504,1,imagenet_c,defocus_blur,1,none
efficientnet_b4,ILSVRC2012_val_00043725.JPEG,n04086273,763,413,0.25971723,0,imagenet_c,defocus_blur,1,none
efficientnet_b4,ILSVRC2012_val_00045053.JPEG,n04086273,763,413,0.37183732,0,imagenet_c,defocus_blur,1,none
efficientnet_b4,ILSVRC2012_val_00047633.JPEG,n04086273,763,597,0.49456573,0,imagenet_c,defocus_blur,1,none
efficientnet_b4,ILSVRC2012_val_00047706.JPEG,n04086273,763,763,0.83749026,1,imagenet_c,defocus_blur,1,none
efficientnet_b4,ILSVRC2012_val_00000244.JPEG,n04090263,764,862,0.23467907,0,imagenet_c,defocus_blur,1,none
efficientnet_b4,ILSVRC2012_val_00000469.JPEG,n04090263,764,645,0.31394836,0,imagenet_c,defocus_blur,1,none
efficientnet_b4,ILSVRC2012_val_00000707.JPEG,n04090263,764,860,0.15598199,0,imagenet_c,defocus_blur,1,none
efficientnet_b4,ILSVRC2012_val_00000894.JPEG,n04090263,764,413,0.61172754,0,imagenet_c,defocus_blur,1,none
efficientnet_b4,ILSVRC2012_val_00001157.JPEG,n04090263,764,764,0.6609303,1,imagenet_c,defocus_blur,1,none
efficientnet_b4,ILSVRC2012_val_00001291.JPEG,n04090263,764,764,0.61180353,1,imagenet_c,defocus_blur,1,none
efficientnet_b4,ILSVRC2012_val_00001558.JPEG,n04090263,764,764,0.22937673,1,imagenet_c,defocus_blur,1,none
efficientnet_b4,ILSVRC2012_val_00003780.JPEG,n04090263,764,764,0.45995188,1,imagenet_c,defocus_blur,1,none
efficientnet_b4,ILSVRC2012_val_00005247.JPEG,n04090263,764,715,0.60974187,0,imagenet_c,defocus_blur,1,none
efficientnet_b4,ILSVRC2012_val_00006086.JPEG,n04090263,764,603,0.2978578,0,imagenet_c,defocus_blur,1,none
efficientnet_b4,ILSVRC2012_val_00006389.JPEG,n04090263,764,764,0.6280319,1,imagenet_c,defocus_blur,1,none
efficientnet_b4,ILSVRC2012_val_00006962.JPEG,n04090263,764,764,0.43790865,1,imagenet_c,defocus_blur,1,none
efficientnet_b4,ILSVRC2012_val_00007990.JPEG,n04090263,764,652,0.15905881,0,imagenet_c,defocus_blur,1,none
efficientnet_b4,ILSVRC2012_val_00008203.JPEG,n04090263,764,447,0.22190216,0,imagenet_c,defocus_blur,1,none
efficientnet_b4,ILSVRC2012_val_00009493.JPEG,n04090263,764,413,0.4517464,0,imagenet_c,defocus_blur,1,none
efficientnet_b4,ILSVRC2012_val_00011924.JPEG,n04090263,764,413,0.6042571,0,imagenet_c,defocus_blur,1,none
efficientnet_b4,ILSVRC2012_val_00013055.JPEG,n04090263,764,764,0.531279,1,imagenet_c,defocus_blur,1,none
efficientnet_b4,ILSVRC2012_val_00013163.JPEG,n04090263,764,413,0.5662578,0,imagenet_c,defocus_blur,1,none
efficientnet_b4,ILSVRC2012_val_00013267.JPEG,n04090263,764,612,0.24474102,0,imagenet_c,defocus_blur,1,none
efficientnet_b4,ILSVRC2012_val_00013481.JPEG,n04090263,764,763,0.70657283,0,imagenet_c,defocus_blur,1,none
efficientnet_b4,ILSVRC2012_val_00013742.JPEG,n04090263,764,764,0.32272258,1,imagenet_c,defocus_blur,1,none
efficientnet_b4,ILSVRC2012_val_00015585.JPEG,n04090263,764,652,0.30928123,0,imagenet_c,defocus_blur,1,none
efficientnet_b4,ILSVRC2012_val_00016808.JPEG,n04090263,764,413,0.4851171,0,imagenet_c,defocus_blur,1,none
efficientnet_b4,ILSVRC2012_val_00017387.JPEG,n04090263,764,413,0.38977775,0,imagenet_c,defocus_blur,1,none
efficientnet_b4,ILSVRC2012_val_00017615.JPEG,n04090263,764,764,0.5431191,1,imagenet_c,defocus_blur,1,none
efficientnet_b4,ILSVRC2012_val_00018218.JPEG,n04090263,764,413,0.18598951,0,imagenet_c,defocus_blur,1,none
efficientnet_b4,ILSVRC2012_val_00018441.JPEG,n04090263,764,764,0.5051327,1,imagenet_c,defocus_blur,1,none
efficientnet_b4,ILSVRC2012_val_00021492.JPEG,n04090263,764,522,0.14578833,0,imagenet_c,defocus_blur,1,none
efficientnet_b4,ILSVRC2012_val_00025798.JPEG,n04090263,764,764,0.564479,1,imagenet_c,defocus_blur,1,none
efficientnet_b4,ILSVRC2012_val_00026495.JPEG,n04090263,764,642,0.072839186,0,imagenet_c,defocus_blur,1,none
efficientnet_b4,ILSVRC2012_val_00028273.JPEG,n04090263,764,413,0.49775267,0,imagenet_c,defocus_blur,1,none
efficientnet_b4,ILSVRC2012_val_00028504.JPEG,n04090263,764,764,0.4437743,1,imagenet_c,defocus_blur,1,none
efficientnet_b4,ILSVRC2012_val_00029019.JPEG,n04090263,764,413,0.52057815,0,imagenet_c,defocus_blur,1,none
efficientnet_b4,ILSVRC2012_val_00030031.JPEG,n04090263,764,171,0.19257587,0,imagenet_c,defocus_blur,1,none
efficientnet_b4,ILSVRC2012_val_00033991.JPEG,n04090263,764,764,0.3756086,1,imagenet_c,defocus_blur,1,none
efficientnet_b4,ILSVRC2012_val_00034127.JPEG,n04090263,764,862,0.03310475,0,imagenet_c,defocus_blur,1,none
efficientnet_b4,ILSVRC2012_val_00036115.JPEG,n04090263,764,764,0.5073494,1,imagenet_c,defocus_blur,1,none
efficientnet_b4,ILSVRC2012_val_00036194.JPEG,n04090263,764,872,0.33334044,0,imagenet_c,defocus_blur,1,none
efficientnet_b4,ILSVRC2012_val_00038216.JPEG,n04090263,764,889,0.10251333,0,imagenet_c,defocus_blur,1,none
efficientnet_b4,ILSVRC2012_val_00039005.JPEG,n04090263,764,764,0.48484468,1,imagenet_c,defocus_blur,1,none
efficientnet_b4,ILSVRC2012_val_00039316.JPEG,n04090263,764,764,0.3995069,1,imagenet_c,defocus_blur,1,none
efficientnet_b4,ILSVRC2012_val_00040213.JPEG,n04090263,764,860,0.1826061,0,imagenet_c,defocus_blur,1,none
efficientnet_b4,ILSVRC2012_val_00040629.JPEG,n04090263,764,652,0.29332373,0,imagenet_c,defocus_blur,1,none
efficientnet_b4,ILSVRC2012_val_00041671.JPEG,n04090263,764,915,0.25418043,0,imagenet_c,defocus_blur,1,none
efficientnet_b4,ILSVRC2012_val_00041796.JPEG,n04090263,764,764,0.43207762,1,imagenet_c,defocus_blur,1,none
efficientnet_b4,ILSVRC2012_val_00042016.JPEG,n04090263,764,764,0.2936165,1,imagenet_c,defocus_blur,1,none
efficientnet_b4,ILSVRC2012_val_00043093.JPEG,n04090263,764,537,0.0889251,0,imagenet_c,defocus_blur,1,none
efficientnet_b4,ILSVRC2012_val_00045410.JPEG,n04090263,764,764,0.34023035,1,imagenet_c,defocus_blur,1,none
efficientnet_b4,ILSVRC2012_val_00046090.JPEG,n04090263,764,645,0.04606176,0,imagenet_c,defocus_blur,1,none
efficientnet_b4,ILSVRC2012_val_00047495.JPEG,n04090263,764,763,0.2504218,0,imagenet_c,defocus_blur,1,none
efficientnet_b4,ILSVRC2012_val_00000421.JPEG,n04099969,765,765,0.38075665,1,imagenet_c,defocus_blur,1,none
efficientnet_b4,ILSVRC2012_val_00001340.JPEG,n04099969,765,776,0.021300495,0,imagenet_c,defocus_blur,1,none
efficientnet_b4,ILSVRC2012_val_00001953.JPEG,n04099969,765,765,0.6915265,1,imagenet_c,defocus_blur,1,none
efficientnet_b4,ILSVRC2012_val_00006061.JPEG,n04099969,765,765,0.093638204,1,imagenet_c,defocus_blur,1,none
efficientnet_b4,ILSVRC2012_val_00007686.JPEG,n04099969,765,765,0.26888156,1,imagenet_c,defocus_blur,1,none
efficientnet_b4,ILSVRC2012_val_00008768.JPEG,n04099969,765,703,0.29377705,0,imagenet_c,defocus_blur,1,none
efficientnet_b4,ILSVRC2012_val_00009521.JPEG,n04099969,765,423,0.21655916,0,imagenet_c,defocus_blur,1,none
efficientnet_b4,ILSVRC2012_val_00009659.JPEG,n04099969,765,539,0.042140793,0,imagenet_c,defocus_blur,1,none
efficientnet_b4,ILSVRC2012_val_00013185.JPEG,n04099969,765,454,0.2336067,0,imagenet_c,defocus_blur,1,none
efficientnet_b4,ILSVRC2012_val_00013777.JPEG,n04099969,765,877,0.1641899,0,imagenet_c,defocus_blur,1,none
efficientnet_b4,ILSVRC2012_val_00014269.JPEG,n04099969,765,765,0.75250214,1,imagenet_c,defocus_blur,1,none
efficientnet_b4,ILSVRC2012_val_00015390.JPEG,n04099969,765,789,0.26050705,0,imagenet_c,defocus_blur,1,none
efficientnet_b4,ILSVRC2012_val_00016203.JPEG,n04099969,765,522,0.05768151,0,imagenet_c,defocus_blur,1,none
efficientnet_b4,ILSVRC2012_val_00017053.JPEG,n04099969,765,765,0.7554263,1,imagenet_c,defocus_blur,1,none
efficientnet_b4,ILSVRC2012_val_00017214.JPEG,n04099969,765,765,0.7615154,1,imagenet_c,defocus_blur,1,none
efficientnet_b4,ILSVRC2012_val_00017447.JPEG,n04099969,765,765,0.10971032,1,imagenet_c,defocus_blur,1,none
efficientnet_b4,ILSVRC2012_val_00017631.JPEG,n04099969,765,703,0.1419838,0,imagenet_c,defocus_blur,1,none
efficientnet_b4,ILSVRC2012_val_00018123.JPEG,n04099969,765,765,0.6022754,1,imagenet_c,defocus_blur,1,none
efficientnet_b4,ILSVRC2012_val_00018206.JPEG,n04099969,765,765,0.57663363,1,imagenet_c,defocus_blur,1,none
efficientnet_b4,ILSVRC2012_val_00019156.JPEG,n04099969,765,765,0.4135817,1,imagenet_c,defocus_blur,1,none
efficientnet_b4,ILSVRC2012_val_00019846.JPEG,n04099969,765,765,0.37855068,1,imagenet_c,defocus_blur,1,none
efficientnet_b4,ILSVRC2012_val_00019867.JPEG,n04099969,765,111,0.24702097,0,imagenet_c,defocus_blur,1,none
efficientnet_b4,ILSVRC2012_val_00020924.JPEG,n04099969,765,765,0.18565665,1,imagenet_c,defocus_blur,1,none
efficientnet_b4,ILSVRC2012_val_00022208.JPEG,n04099969,765,690,0.06301839,0,imagenet_c,defocus_blur,1,none
efficientnet_b4,ILSVRC2012_val_00022589.JPEG,n04099969,765,765,0.28858948,1,imagenet_c,defocus_blur,1,none
efficientnet_b4,ILSVRC2012_val_00024320.JPEG,n04099969,765,765,0.7729449,1,imagenet_c,defocus_blur,1,none
efficientnet_b4,ILSVRC2012_val_00024620.JPEG,n04099969,765,765,0.5400971,1,imagenet_c,defocus_blur,1,none
efficientnet_b4,ILSVRC2012_val_00025634.JPEG,n04099969,765,612,0.3594089,0,imagenet_c,defocus_blur,1,none
efficientnet_b4,ILSVRC2012_val_00026013.JPEG,n04099969,765,765,0.22774875,1,imagenet_c,defocus_blur,1,none
efficientnet_b4,ILSVRC2012_val_00026468.JPEG,n04099969,765,765,0.38405544,1,imagenet_c,defocus_blur,1,none
efficientnet_b4,ILSVRC2012_val_00028947.JPEG,n04099969,765,765,0.64745456,1,imagenet_c,defocus_blur,1,none
efficientnet_b4,ILSVRC2012_val_00029809.JPEG,n04099969,765,765,0.6005374,1,imagenet_c,defocus_blur,1,none
efficientnet_b4,ILSVRC2012_val_00033406.JPEG,n04099969,765,765,0.58845484,1,imagenet_c,defocus_blur,1,none
efficientnet_b4,ILSVRC2012_val_00037370.JPEG,n04099969,765,765,0.4438779,1,imagenet_c,defocus_blur,1,none
efficientnet_b4,ILSVRC2012_val_00037756.JPEG,n04099969,765,765,0.7627621,1,imagenet_c,defocus_blur,1,none
efficientnet_b4,ILSVRC2012_val_00037994.JPEG,n04099969,765,559,0.077697955,0,imagenet_c,defocus_blur,1,none
efficientnet_b4,ILSVRC2012_val_00038617.JPEG,n04099969,765,857,0.2818219,0,imagenet_c,defocus_blur,1,none
efficientnet_b4,ILSVRC2012_val_00038750.JPEG,n04099969,765,660,0.46290296,0,imagenet_c,defocus_blur,1,none
efficientnet_b4,ILSVRC2012_val_00039040.JPEG,n04099969,765,765,0.43133438,1,imagenet_c,defocus_blur,1,none
efficientnet_b4,ILSVRC2012_val_00039260.JPEG,n04099969,765,660,0.15223944,0,imagenet_c,defocus_blur,1,none
efficientnet_b4,ILSVRC2012_val_00040076.JPEG,n04099969,765,765,0.035332814,1,imagenet_c,defocus_blur,1,none
efficientnet_b4,ILSVRC2012_val_00041134.JPEG,n04099969,765,765,0.08462767,1,imagenet_c,defocus_blur,1,none
efficientnet_b4,ILSVRC2012_val_00041732.JPEG,n04099969,765,559,0.32165906,0,imagenet_c,defocus_blur,1,none
efficientnet_b4,ILSVRC2012_val_00041916.JPEG,n04099969,765,765,0.4481672,1,imagenet_c,defocus_blur,1,none
efficientnet_b4,ILSVRC2012_val_00043678.JPEG,n04099969,765,765,0.6723232,1,imagenet_c,defocus_blur,1,none
efficientnet_b4,ILSVRC2012_val_00044763.JPEG,n04099969,765,574,0.0687241,0,imagenet_c,defocus_blur,1,none
efficientnet_b4,ILSVRC2012_val_00045048.JPEG,n04099969,765,556,0.38594952,0,imagenet_c,defocus_blur,1,none
efficientnet_b4,ILSVRC2012_val_00047789.JPEG,n04099969,765,765,0.602082,1,imagenet_c,defocus_blur,1,none
efficientnet_b4,ILSVRC2012_val_00048336.JPEG,n04099969,765,765,0.117707916,1,imagenet_c,defocus_blur,1,none
efficientnet_b4,ILSVRC2012_val_00048622.JPEG,n04099969,765,556,0.20640837,0,imagenet_c,defocus_blur,1,none
efficientnet_b4,ILSVRC2012_val_00001625.JPEG,n04111531,766,766,0.58488625,1,imagenet_c,defocus_blur,1,none
efficientnet_b4,ILSVRC2012_val_00002517.JPEG,n04111531,766,766,0.7082947,1,imagenet_c,defocus_blur,1,none
efficientnet_b4,ILSVRC2012_val_00002864.JPEG,n04111531,766,766,0.5290508,1,imagenet_c,defocus_blur,1,none
efficientnet_b4,ILSVRC2012_val_00003075.JPEG,n04111531,766,467,0.28252134,0,imagenet_c,defocus_blur,1,none
efficientnet_b4,ILSVRC2012_val_00004125.JPEG,n04111531,766,766,0.52883345,1,imagenet_c,defocus_blur,1,none
efficientnet_b4,ILSVRC2012_val_00004891.JPEG,n04111531,766,766,0.7140163,1,imagenet_c,defocus_blur,1,none
efficientnet_b4,ILSVRC2012_val_00005817.JPEG,n04111531,766,766,0.6185806,1,imagenet_c,defocus_blur,1,none
efficientnet_b4,ILSVRC2012_val_00007052.JPEG,n04111531,766,766,0.6517509,1,imagenet_c,defocus_blur,1,none
efficientnet_b4,ILSVRC2012_val_00007132.JPEG,n04111531,766,766,0.4933153,1,imagenet_c,defocus_blur,1,none
efficientnet_b4,ILSVRC2012_val_00010367.JPEG,n04111531,766,766,0.7023732,1,imagenet_c,defocus_blur,1,none
efficientnet_b4,ILSVRC2012_val_00010717.JPEG,n04111531,766,766,0.48261476,1,imagenet_c,defocus_blur,1,none
efficientnet_b4,ILSVRC2012_val_00010756.JPEG,n04111531,766,766,0.46622753,1,imagenet_c,defocus_blur,1,none
efficientnet_b4,ILSVRC2012_val_00011779.JPEG,n04111531,766,766,0.5696774,1,imagenet_c,defocus_blur,1,none
efficientnet_b4,ILSVRC2012_val_00012082.JPEG,n04111531,766,859,0.09002892,0,imagenet_c,defocus_blur,1,none
efficientnet_b4,ILSVRC2012_val_00013982.JPEG,n04111531,766,766,0.30293435,1,imagenet_c,defocus_blur,1,none
efficientnet_b4,ILSVRC2012_val_00014839.JPEG,n04111531,766,766,0.56897134,1,imagenet_c,defocus_blur,1,none
efficientnet_b4,ILSVRC2012_val_00015514.JPEG,n04111531,766,766,0.5000627,1,imagenet_c,defocus_blur,1,none
efficientnet_b4,ILSVRC2012_val_00017795.JPEG,n04111531,766,766,0.45064405,1,imagenet_c,defocus_blur,1,none
efficientnet_b4,ILSVRC2012_val_00017971.JPEG,n04111531,766,766,0.40289003,1,imagenet_c,defocus_blur,1,none
efficientnet_b4,ILSVRC2012_val_00019568.JPEG,n04111531,766,766,0.19031395,1,imagenet_c,defocus_blur,1,none
efficientnet_b4,ILSVRC2012_val_00019775.JPEG,n04111531,766,634,0.054151446,0,imagenet_c,defocus_blur,1,none
efficientnet_b4,ILSVRC2012_val_00020361.JPEG,n04111531,766,766,0.7536934,1,imagenet_c,defocus_blur,1,none
efficientnet_b4,ILSVRC2012_val_00020809.JPEG,n04111531,766,341,0.31315318,0,imagenet_c,defocus_blur,1,none
efficientnet_b4,ILSVRC2012_val_00021187.JPEG,n04111531,766,766,0.20128877,1,imagenet_c,defocus_blur,1,none
efficientnet_b4,ILSVRC2012_val_00022348.JPEG,n04111531,766,766,0.5209579,1,imagenet_c,defocus_blur,1,none
efficientnet_b4,ILSVRC2012_val_00022397.JPEG,n04111531,766,766,0.33381128,1,imagenet_c,defocus_blur,1,none
efficientnet_b4,ILSVRC2012_val_00024603.JPEG,n04111531,766,766,0.56214464,1,imagenet_c,defocus_blur,1,none
efficientnet_b4,ILSVRC2012_val_00025917.JPEG,n04111531,766,766,0.7087589,1,imagenet_c,defocus_blur,1,none
efficientnet_b4,ILSVRC2012_val_00028472.JPEG,n04111531,766,766,0.47890887,1,imagenet_c,defocus_blur,1,none
efficientnet_b4,ILSVRC2012_val_00028507.JPEG,n04111531,766,766,0.5503673,1,imagenet_c,defocus_blur,1,none
efficientnet_b4,ILSVRC2012_val_00029125.JPEG,n04111531,766,766,0.5782941,1,imagenet_c,defocus_blur,1,none
efficientnet_b4,ILSVRC2012_val_00029341.JPEG,n04111531,766,745,0.17303404,0,imagenet_c,defocus_blur,1,none
efficientnet_b4,ILSVRC2012_val_00031595.JPEG,n04111531,766,766,0.29302698,1,imagenet_c,defocus_blur,1,none
efficientnet_b4,ILSVRC2012_val_00033304.JPEG,n04111531,766,766,0.33934557,1,imagenet_c,defocus_blur,1,none
efficientnet_b4,ILSVRC2012_val_00034788.JPEG,n04111531,766,766,0.6582281,1,imagenet_c,defocus_blur,1,none
efficientnet_b4,ILSVRC2012_val_00035817.JPEG,n04111531,766,766,0.7770094,1,imagenet_c,defocus_blur,1,none
efficientnet_b4,ILSVRC2012_val_00037357.JPEG,n04111531,766,766,0.6238623,1,imagenet_c,defocus_blur,1,none
efficientnet_b4,ILSVRC2012_val_00038011.JPEG,n04111531,766,766,0.13498133,1,imagenet_c,defocus_blur,1,none
efficientnet_b4,ILSVRC2012_val_00038382.JPEG,n04111531,766,766,0.54262096,1,imagenet_c,defocus_blur,1,none
efficientnet_b4,ILSVRC2012_val_00038775.JPEG,n04111531,766,766,0.5268258,1,imagenet_c,defocus_blur,1,none
efficientnet_b4,ILSVRC2012_val_00039789.JPEG,n04111531,766,766,0.47536153,1,imagenet_c,defocus_blur,1,none
efficientnet_b4,ILSVRC2012_val_00039873.JPEG,n04111531,766,766,0.44956058,1,imagenet_c,defocus_blur,1,none
efficientnet_b4,ILSVRC2012_val_00041628.JPEG,n04111531,766,766,0.6373851,1,imagenet_c,defocus_blur,1,none
efficientnet_b4,ILSVRC2012_val_00041974.JPEG,n04111531,766,766,0.5346364,1,imagenet_c,defocus_blur,1,none
efficientnet_b4,ILSVRC2012_val_00045813.JPEG,n04111531,766,827,0.1471358,0,imagenet_c,defocus_blur,1,none
efficientnet_b4,ILSVRC2012_val_00046020.JPEG,n04111531,766,612,0.13919078,0,imagenet_c,defocus_blur,1,none
efficientnet_b4,ILSVRC2012_val_00047123.JPEG,n04111531,766,766,0.69051737,1,imagenet_c,defocus_blur,1,none
efficientnet_b4,ILSVRC2012_val_00048271.JPEG,n04111531,766,766,0.5979119,1,imagenet_c,defocus_blur,1,none
efficientnet_b4,ILSVRC2012_val_00048848.JPEG,n04111531,766,766,0.62968576,1,imagenet_c,defocus_blur,1,none
efficientnet_b4,ILSVRC2012_val_00049391.JPEG,n04111531,766,766,0.51947576,1,imagenet_c,defocus_blur,1,none
efficientnet_b4,ILSVRC2012_val_00000453.JPEG,n04116512,767,767,0.7613683,1,imagenet_c,defocus_blur,1,none
efficientnet_b4,ILSVRC2012_val_00001154.JPEG,n04116512,767,680,0.2659099,0,imagenet_c,defocus_blur,1,none
efficientnet_b4,ILSVRC2012_val_00001422.JPEG,n04116512,767,585,0.12787822,0,imagenet_c,defocus_blur,1,none
efficientnet_b4,ILSVRC2012_val_00001905.JPEG,n04116512,767,767,0.22900975,1,imagenet_c,defocus_blur,1,none
efficientnet_b4,ILSVRC2012_val_00001911.JPEG,n04116512,767,767,0.4615777,1,imagenet_c,defocus_blur,1,none
efficientnet_b4,ILSVRC2012_val_00002375.JPEG,n04116512,767,542,0.1487034,0,imagenet_c,defocus_blur,1,none
efficientnet_b4,ILSVRC2012_val_00003867.JPEG,n04116512,767,767,0.411345,1,imagenet_c,defocus_blur,1,none
efficientnet_b4,ILSVRC2012_val_00004247.JPEG,n04116512,767,767,0.23694617,1,imagenet_c,defocus_blur,1,none
efficientnet_b4,ILSVRC2012_val_00006643.JPEG,n04116512,767,699,0.17545684,0,imagenet_c,defocus_blur,1,none
efficientnet_b4,ILSVRC2012_val_00006736.JPEG,n04116512,767,767,0.739702,1,imagenet_c,defocus_blur,1,none
efficientnet_b4,ILSVRC2012_val_00007146.JPEG,n04116512,767,772,0.16417441,0,imagenet_c,defocus_blur,1,none
efficientnet_b4,ILSVRC2012_val_00007476.JPEG,n04116512,767,767,0.32686365,1,imagenet_c,defocus_blur,1,none
efficientnet_b4,ILSVRC2012_val_00007734.JPEG,n04116512,767,767,0.28875464,1,imagenet_c,defocus_blur,1,none
efficientnet_b4,ILSVRC2012_val_00007939.JPEG,n04116512,767,870,0.047288902,0,imagenet_c,defocus_blur,1,none
efficientnet_b4,ILSVRC2012_val_00012660.JPEG,n04116512,767,692,0.37544385,0,imagenet_c,defocus_blur,1,none
efficientnet_b4,ILSVRC2012_val_00014765.JPEG,n04116512,767,767,0.47460642,1,imagenet_c,defocus_blur,1,none
efficientnet_b4,ILSVRC2012_val_00015288.JPEG,n04116512,767,767,0.4207817,1,imagenet_c,defocus_blur,1,none
efficientnet_b4,ILSVRC2012_val_00015501.JPEG,n04116512,767,767,0.23996162,1,imagenet_c,defocus_blur,1,none
efficientnet_b4,ILSVRC2012_val_00015797.JPEG,n04116512,767,767,0.6430413,1,imagenet_c,defocus_blur,1,none
efficientnet_b4,ILSVRC2012_val_00018576.JPEG,n04116512,767,784,0.04803691,0,imagenet_c,defocus_blur,1,none
efficientnet_b4,ILSVRC2012_val_00019486.JPEG,n04116512,767,767,0.824715,1,imagenet_c,defocus_blur,1,none
efficientnet_b4,ILSVRC2012_val_00021604.JPEG,n04116512,767,767,0.18677866,1,imagenet_c,defocus_blur,1,none
efficientnet_b4,ILSVRC2012_val_00021719.JPEG,n04116512,767,767,0.45662063,1,imagenet_c,defocus_blur,1,none
efficientnet_b4,ILSVRC2012_val_00022697.JPEG,n04116512,767,542,0.18846637,0,imagenet_c,defocus_blur,1,none
efficientnet_b4,ILSVRC2012_val_00023224.JPEG,n04116512,767,767,0.5185926,1,imagenet_c,defocus_blur,1,none
efficientnet_b4,ILSVRC2012_val_00023298.JPEG,n04116512,767,767,0.56185675,1,imagenet_c,defocus_blur,1,none
efficientnet_b4,ILSVRC2012_val_00024434.JPEG,n04116512,767,767,0.19369899,1,imagenet_c,defocus_blur,1,none
efficientnet_b4,ILSVRC2012_val_00025306.JPEG,n04116512,767,767,0.6386474,1,imagenet_c,defocus_blur,1,none
efficientnet_b4,ILSVRC2012_val_00027205.JPEG,n04116512,767,664,0.064576045,0,imagenet_c,defocus_blur,1,none
efficientnet_b4,ILSVRC2012_val_00029176.JPEG,n04116512,767,767,0.535522,1,imagenet_c,defocus_blur,1,none
efficientnet_b4,ILSVRC2012_val_00029357.JPEG,n04116512,767,753,0.18107444,0,imagenet_c,defocus_blur,1,none
efficientnet_b4,ILSVRC2012_val_00029621.JPEG,n04116512,767,784,0.30154094,0,imagenet_c,defocus_blur,1,none
efficientnet_b4,ILSVRC2012_val_00030821.JPEG,n04116512,767,865,0.20382752,0,imagenet_c,defocus_blur,1,none
efficientnet_b4,ILSVRC2012_val_00032442.JPEG,n04116512,767,767,0.31010044,1,imagenet_c,defocus_blur,1,none
efficientnet_b4,ILSVRC2012_val_00032611.JPEG,n04116512,767,446,0.18807296,0,imagenet_c,defocus_blur,1,none
efficientnet_b4,ILSVRC2012_val_00034963.JPEG,n04116512,767,696,0.2009723,0,imagenet_c,defocus_blur,1,none
efficientnet_b4,ILSVRC2012_val_00035010.JPEG,n04116512,767,767,0.59778327,1,imagenet_c,defocus_blur,1,none
efficientnet_b4,ILSVRC2012_val_00035956.JPEG,n04116512,767,767,0.79581547,1,imagenet_c,defocus_blur,1,none
efficientnet_b4,ILSVRC2012_val_00037299.JPEG,n04116512,767,585,0.05944884,0,imagenet_c,defocus_blur,1,none
efficientnet_b4,ILSVRC2012_val_00037342.JPEG,n04116512,767,710,0.18187898,0,imagenet_c,defocus_blur,1,none
efficientnet_b4,ILSVRC2012_val_00037439.JPEG,n04116512,767,680,0.17061627,0,imagenet_c,defocus_blur,1,none
efficientnet_b4,ILSVRC2012_val_00039841.JPEG,n04116512,767,767,0.30810705,1,imagenet_c,defocus_blur,1,none
efficientnet_b4,ILSVRC2012_val_00039924.JPEG,n04116512,767,767,0.77303976,1,imagenet_c,defocus_blur,1,none
efficientnet_b4,ILSVRC2012_val_00042132.JPEG,n04116512,767,767,0.18152052,1,imagenet_c,defocus_blur,1,none
efficientnet_b4,ILSVRC2012_val_00042224.JPEG,n04116512,767,692,0.11285476,0,imagenet_c,defocus_blur,1,none
efficientnet_b4,ILSVRC2012_val_00045075.JPEG,n04116512,767,898,0.14931397,0,imagenet_c,defocus_blur,1,none
efficientnet_b4,ILSVRC2012_val_00047135.JPEG,n04116512,767,767,0.3090556,1,imagenet_c,defocus_blur,1,none
efficientnet_b4,ILSVRC2012_val_00047818.JPEG,n04116512,767,795,0.3646362,0,imagenet_c,defocus_blur,1,none
efficientnet_b4,ILSVRC2012_val_00049029.JPEG,n04116512,767,767,0.6866044,1,imagenet_c,defocus_blur,1,none
efficientnet_b4,ILSVRC2012_val_00049481.JPEG,n04116512,767,644,0.4881933,0,imagenet_c,defocus_blur,1,none
efficientnet_b4,ILSVRC2012_val_00001497.JPEG,n04118538,768,768,0.4477738,1,imagenet_c,defocus_blur,1,none
efficientnet_b4,ILSVRC2012_val_00002018.JPEG,n04118538,768,768,0.4418815,1,imagenet_c,defocus_blur,1,none
efficientnet_b4,ILSVRC2012_val_00002555.JPEG,n04118538,768,768,0.4808313,1,imagenet_c,defocus_blur,1,none
efficientnet_b4,ILSVRC2012_val_00004829.JPEG,n04118538,768,768,0.38725564,1,imagenet_c,defocus_blur,1,none
efficientnet_b4,ILSVRC2012_val_00006885.JPEG,n04118538,768,768,0.5397448,1,imagenet_c,defocus_blur,1,none
efficientnet_b4,ILSVRC2012_val_00007612.JPEG,n04118538,768,722,0.23755078,0,imagenet_c,defocus_blur,1,none
efficientnet_b4,ILSVRC2012_val_00008802.JPEG,n04118538,768,768,0.16913068,1,imagenet_c,defocus_blur,1,none
efficientnet_b4,ILSVRC2012_val_00009409.JPEG,n04118538,768,768,0.6414865,1,imagenet_c,defocus_blur,1,none
efficientnet_b4,ILSVRC2012_val_00010987.JPEG,n04118538,768,768,0.66571265,1,imagenet_c,defocus_blur,1,none
efficientnet_b4,ILSVRC2012_val_00011091.JPEG,n04118538,768,768,0.48120964,1,imagenet_c,defocus_blur,1,none
efficientnet_b4,ILSVRC2012_val_00017229.JPEG,n04118538,768,768,0.5855996,1,imagenet_c,defocus_blur,1,none
efficientnet_b4,ILSVRC2012_val_00017936.JPEG,n04118538,768,880,0.40984517,0,imagenet_c,defocus_blur,1,none
efficientnet_b4,ILSVRC2012_val_00018753.JPEG,n04118538,768,768,0.5326309,1,imagenet_c,defocus_blur,1,none
efficientnet_b4,ILSVRC2012_val_00019086.JPEG,n04118538,768,768,0.7584852,1,imagenet_c,defocus_blur,1,none
efficientnet_b4,ILSVRC2012_val_00019387.JPEG,n04118538,768,768,0.62135893,1,imagenet_c,defocus_blur,1,none
efficientnet_b4,ILSVRC2012_val_00019445.JPEG,n04118538,768,768,0.49153954,1,imagenet_c,defocus_blur,1,none
efficientnet_b4,ILSVRC2012_val_00020485.JPEG,n04118538,768,455,0.6612313,0,imagenet_c,defocus_blur,1,none
efficientnet_b4,ILSVRC2012_val_00021287.JPEG,n04118538,768,768,0.3605887,1,imagenet_c,defocus_blur,1,none
efficientnet_b4,ILSVRC2012_val_00024490.JPEG,n04118538,768,450,0.058243312,0,imagenet_c,defocus_blur,1,none
efficientnet_b4,ILSVRC2012_val_00024619.JPEG,n04118538,768,768,0.6053126,1,imagenet_c,defocus_blur,1,none
efficientnet_b4,ILSVRC2012_val_00026348.JPEG,n04118538,768,768,0.53916067,1,imagenet_c,defocus_blur,1,none
efficientnet_b4,ILSVRC2012_val_00026574.JPEG,n04118538,768,768,0.44317248,1,imagenet_c,defocus_blur,1,none
efficientnet_b4,ILSVRC2012_val_00027139.JPEG,n04118538,768,768,0.57866085,1,imagenet_c,defocus_blur,1,none
efficientnet_b4,ILSVRC2012_val_00027516.JPEG,n04118538,768,805,0.33948484,0,imagenet_c,defocus_blur,1,none
efficientnet_b4,ILSVRC2012_val_00027616.JPEG,n04118538,768,768,0.62153566,1,imagenet_c,defocus_blur,1,none
efficientnet_b4,ILSVRC2012_val_00029296.JPEG,n04118538,768,768,0.45237628,1,imagenet_c,defocus_blur,1,none
efficientnet_b4,ILSVRC2012_val_00030547.JPEG,n04118538,768,768,0.3188308,1,imagenet_c,defocus_blur,1,none
efficientnet_b4,ILSVRC2012_val_00032103.JPEG,n04118538,768,768,0.39702868,1,imagenet_c,defocus_blur,1,none
efficientnet_b4,ILSVRC2012_val_00033102.JPEG,n04118538,768,768,0.43466195,1,imagenet_c,defocus_blur,1,none
efficientnet_b4,ILSVRC2012_val_00034427.JPEG,n04118538,768,768,0.3339597,1,imagenet_c,defocus_blur,1,none
efficientnet_b4,ILSVRC2012_val_00036288.JPEG,n04118538,768,768,0.72215015,1,imagenet_c,defocus_blur,1,none
efficientnet_b4,ILSVRC2012_val_00036684.JPEG,n04118538,768,768,0.5149616,1,imagenet_c,defocus_blur,1,none
efficientnet_b4,ILSVRC2012_val_00037138.JPEG,n04118538,768,880,0.098421395,0,imagenet_c,defocus_blur,1,none
efficientnet_b4,ILSVRC2012_val_00037924.JPEG,n04118538,768,768,0.6554797,1,imagenet_c,defocus_blur,1,none
efficientnet_b4,ILSVRC2012_val_00037938.JPEG,n04118538,768,768,0.63529575,1,imagenet_c,defocus_blur,1,none
efficientnet_b4,ILSVRC2012_val_00038271.JPEG,n04118538,768,768,0.37264305,1,imagenet_c,defocus_blur,1,none
efficientnet_b4,ILSVRC2012_val_00038323.JPEG,n04118538,768,805,0.29833338,0,imagenet_c,defocus_blur,1,none
efficientnet_b4,ILSVRC2012_val_00039844.JPEG,n04118538,768,768,0.6434005,1,imagenet_c,defocus_blur,1,none
efficientnet_b4,ILSVRC2012_val_00040235.JPEG,n04118538,768,768,0.38433537,1,imagenet_c,defocus_blur,1,none
efficientnet_b4,ILSVRC2012_val_00040568.JPEG,n04118538,768,768,0.2329951,1,imagenet_c,defocus_blur,1,none
efficientnet_b4,ILSVRC2012_val_00041014.JPEG,n04118538,768,768,0.6892198,1,imagenet_c,defocus_blur,1,none
efficientnet_b4,ILSVRC2012_val_00042493.JPEG,n04118538,768,862,0.2037848,0,imagenet_c,defocus_blur,1,none
efficientnet_b4,ILSVRC2012_val_00045773.JPEG,n04118538,768,768,0.4533871,1,imagenet_c,defocus_blur,1,none
efficientnet_b4,ILSVRC2012_val_00046009.JPEG,n04118538,768,768,0.6555362,1,imagenet_c,defocus_blur,1,none
efficientnet_b4,ILSVRC2012_val_00046140.JPEG,n04118538,768,768,0.66862506,1,imagenet_c,defocus_blur,1,none
efficientnet_b4,ILSVRC2012_val_00046334.JPEG,n04118538,768,768,0.41980344,1,imagenet_c,defocus_blur,1,none
efficientnet_b4,ILSVRC2012_val_00048352.JPEG,n04118538,768,768,0.52008647,1,imagenet_c,defocus_blur,1,none
efficientnet_b4,ILSVRC2012_val_00048504.JPEG,n04118538,768,768,0.43076292,1,imagenet_c,defocus_blur,1,none
efficientnet_b4,ILSVRC2012_val_00048999.JPEG,n04118538,768,768,0.57653195,1,imagenet_c,defocus_blur,1,none
efficientnet_b4,ILSVRC2012_val_00049365.JPEG,n04118538,768,768,0.6089294,1,imagenet_c,defocus_blur,1,none
efficientnet_b4,ILSVRC2012_val_00001210.JPEG,n04118776,769,769,0.583587,1,imagenet_c,defocus_blur,1,none
efficientnet_b4,ILSVRC2012_val_00001847.JPEG,n04118776,769,798,0.6822022,0,imagenet_c,defocus_blur,1,none
efficientnet_b4,ILSVRC2012_val_00002360.JPEG,n04118776,769,769,0.3386302,1,imagenet_c,defocus_blur,1,none
efficientnet_b4,ILSVRC2012_val_00002870.JPEG,n04118776,769,918,0.24947758,0,imagenet_c,defocus_blur,1,none
efficientnet_b4,ILSVRC2012_val_00003900.JPEG,n04118776,769,769,0.34798795,1,imagenet_c,defocus_blur,1,none
efficientnet_b4,ILSVRC2012_val_00004023.JPEG,n04118776,769,769,0.3670635,1,imagenet_c,defocus_blur,1,none
efficientnet_b4,ILSVRC2012_val_00004174.JPEG,n04118776,769,769,0.6880536,1,imagenet_c,defocus_blur,1,none
efficientnet_b4,ILSVRC2012_val_00008120.JPEG,n04118776,769,769,0.22588168,1,imagenet_c,defocus_blur,1,none
efficientnet_b4,ILSVRC2012_val_00008452.JPEG,n04118776,769,769,0.6997469,1,imagenet_c,defocus_blur,1,none
efficientnet_b4,ILSVRC2012_val_00008711.JPEG,n04118776,769,769,0.59326166,1,imagenet_c,defocus_blur,1,none
efficientnet_b4,ILSVRC2012_val_00008999.JPEG,n04118776,769,769,0.626136,1,imagenet_c,defocus_blur,1,none
efficientnet_b4,ILSVRC2012_val_00009693.JPEG,n04118776,769,741,0.21630846,0,imagenet_c,defocus_blur,1,none
efficientnet_b4,ILSVRC2012_val_00010180.JPEG,n04118776,769,418,0.10917681,0,imagenet_c,defocus_blur,1,none
efficientnet_b4,ILSVRC2012_val_00010568.JPEG,n04118776,769,769,0.84467566,1,imagenet_c,defocus_blur,1,none
efficientnet_b4,ILSVRC2012_val_00010864.JPEG,n04118776,769,893,0.09565269,0,imagenet_c,defocus_blur,1,none
efficientnet_b4,ILSVRC2012_val_00011948.JPEG,n04118776,769,769,0.3938925,1,imagenet_c,defocus_blur,1,none
efficientnet_b4,ILSVRC2012_val_00012748.JPEG,n04118776,769,769,0.81752855,1,imagenet_c,defocus_blur,1,none
efficientnet_b4,ILSVRC2012_val_00013176.JPEG,n04118776,769,769,0.19499412,1,imagenet_c,defocus_blur,1,none
efficientnet_b4,ILSVRC2012_val_00014473.JPEG,n04118776,769,769,0.3269008,1,imagenet_c,defocus_blur,1,none
efficientnet_b4,ILSVRC2012_val_00016267.JPEG,n04118776,769,769,0.6622551,1,imagenet_c,defocus_blur,1,none
efficientnet_b4,ILSVRC2012_val_00016799.JPEG,n04118776,769,769,0.4375767,1,imagenet_c,defocus_blur,1,none
efficientnet_b4,ILSVRC2012_val_00017168.JPEG,n04118776,769,769,0.6388815,1,imagenet_c,defocus_blur,1,none
efficientnet_b4,ILSVRC2012_val_00017428.JPEG,n04118776,769,769,0.5067169,1,imagenet_c,defocus_blur,1,none
efficientnet_b4,ILSVRC2012_val_00017923.JPEG,n04118776,769,769,0.515255,1,imagenet_c,defocus_blur,1,none
efficientnet_b4,ILSVRC2012_val_00018373.JPEG,n04118776,769,769,0.8198409,1,imagenet_c,defocus_blur,1,none
efficientnet_b4,ILSVRC2012_val_00020324.JPEG,n04118776,769,767,0.12694351,0,imagenet_c,defocus_blur,1,none
efficientnet_b4,ILSVRC2012_val_00022379.JPEG,n04118776,769,769,0.5206852,1,imagenet_c,defocus_blur,1,none
efficientnet_b4,ILSVRC2012_val_00022488.JPEG,n04118776,769,647,0.19515829,0,imagenet_c,defocus_blur,1,none
efficientnet_b4,ILSVRC2012_val_00022556.JPEG,n04118776,769,769,0.47181404,1,imagenet_c,defocus_blur,1,none
efficientnet_b4,ILSVRC2012_val_00022869.JPEG,n04118776,769,769,0.28456628,1,imagenet_c,defocus_blur,1,none
efficientnet_b4,ILSVRC2012_val_00023733.JPEG,n04118776,769,769,0.396696,1,imagenet_c,defocus_blur,1,none
efficientnet_b4,ILSVRC2012_val_00025865.JPEG,n04118776,769,769,0.74644774,1,imagenet_c,defocus_blur,1,none
efficientnet_b4,ILSVRC2012_val_00027203.JPEG,n04118776,769,631,0.12190584,0,imagenet_c,defocus_blur,1,none
efficientnet_b4,ILSVRC2012_val_00027604.JPEG,n04118776,769,769,0.03439091,1,imagenet_c,defocus_blur,1,none
efficientnet_b4,ILSVRC2012_val_00027784.JPEG,n04118776,769,769,0.28726417,1,imagenet_c,defocus_blur,1,none
efficientnet_b4,ILSVRC2012_val_00029716.JPEG,n04118776,769,769,0.21470177,1,imagenet_c,defocus_blur,1,none
efficientnet_b4,ILSVRC2012_val_00035509.JPEG,n04118776,769,769,0.4751107,1,imagenet_c,defocus_blur,1,none
efficientnet_b4,ILSVRC2012_val_00035583.JPEG,n04118776,769,769,0.7686938,1,imagenet_c,defocus_blur,1,none
efficientnet_b4,ILSVRC2012_val_00036839.JPEG,n04118776,769,893,0.19194072,0,imagenet_c,defocus_blur,1,none
efficientnet_b4,ILSVRC2012_val_00038643.JPEG,n04118776,769,767,0.16316225,0,imagenet_c,defocus_blur,1,none
efficientnet_b4,ILSVRC2012_val_00039429.JPEG,n04118776,769,674,0.03516256,0,imagenet_c,defocus_blur,1,none
efficientnet_b4,ILSVRC2012_val_00040964.JPEG,n04118776,769,769,0.7746774,1,imagenet_c,defocus_blur,1,none
efficientnet_b4,ILSVRC2012_val_00043998.JPEG,n04118776,769,124,0.102483325,0,imagenet_c,defocus_blur,1,none
efficientnet_b4,ILSVRC2012_val_00045651.JPEG,n04118776,769,582,0.13684183,0,imagenet_c,defocus_blur,1,none
efficientnet_b4,ILSVRC2012_val_00046198.JPEG,n04118776,769,454,0.02797548,0,imagenet_c,defocus_blur,1,none
efficientnet_b4,ILSVRC2012_val_00046510.JPEG,n04118776,769,769,0.792863,1,imagenet_c,defocus_blur,1,none
efficientnet_b4,ILSVRC2012_val_00046636.JPEG,n04118776,769,677,0.04332731,0,imagenet_c,defocus_blur,1,none
efficientnet_b4,ILSVRC2012_val_00047349.JPEG,n04118776,769,769,0.2915422,1,imagenet_c,defocus_blur,1,none
efficientnet_b4,ILSVRC2012_val_00048870.JPEG,n04118776,769,769,0.5670638,1,imagenet_c,defocus_blur,1,none
efficientnet_b4,ILSVRC2012_val_00049087.JPEG,n04118776,769,769,0.75408006,1,imagenet_c,defocus_blur,1,none
efficientnet_b4,ILSVRC2012_val_00001465.JPEG,n04120489,770,543,0.05473081,0,imagenet_c,defocus_blur,1,none
efficientnet_b4,ILSVRC2012_val_00003277.JPEG,n04120489,770,770,0.18908368,1,imagenet_c,defocus_blur,1,none
efficientnet_b4,ILSVRC2012_val_00003882.JPEG,n04120489,770,770,0.4915145,1,imagenet_c,defocus_blur,1,none
efficientnet_b4,ILSVRC2012_val_00004532.JPEG,n04120489,770,770,0.80332077,1,imagenet_c,defocus_blur,1,none
efficientnet_b4,ILSVRC2012_val_00005869.JPEG,n04120489,770,770,0.5042397,1,imagenet_c,defocus_blur,1,none
efficientnet_b4,ILSVRC2012_val_00006444.JPEG,n04120489,770,770,0.45494422,1,imagenet_c,defocus_blur,1,none
efficientnet_b4,ILSVRC2012_val_00009257.JPEG,n04120489,770,770,0.22571479,1,imagenet_c,defocus_blur,1,none
efficientnet_b4,ILSVRC2012_val_00009957.JPEG,n04120489,770,770,0.36174875,1,imagenet_c,defocus_blur,1,none
efficientnet_b4,ILSVRC2012_val_00011513.JPEG,n04120489,770,770,0.13623987,1,imagenet_c,defocus_blur,1,none
efficientnet_b4,ILSVRC2012_val_00012272.JPEG,n04120489,770,770,0.13504317,1,imagenet_c,defocus_blur,1,none
efficientnet_b4,ILSVRC2012_val_00015612.JPEG,n04120489,770,770,0.60629326,1,imagenet_c,defocus_blur,1,none
efficientnet_b4,ILSVRC2012_val_00016428.JPEG,n04120489,770,770,0.5992937,1,imagenet_c,defocus_blur,1,none
efficientnet_b4,ILSVRC2012_val_00017120.JPEG,n04120489,770,522,0.16612893,0,imagenet_c,defocus_blur,1,none
efficientnet_b4,ILSVRC2012_val_00017319.JPEG,n04120489,770,774,0.7071973,0,imagenet_c,defocus_blur,1,none
efficientnet_b4,ILSVRC2012_val_00019670.JPEG,n04120489,770,111,0.7302098,0,imagenet_c,defocus_blur,1,none
efficientnet_b4,ILSVRC2012_val_00021871.JPEG,n04120489,770,770,0.23530349,1,imagenet_c,defocus_blur,1,none
efficientnet_b4,ILSVRC2012_val_00023621.JPEG,n04120489,770,770,0.53905493,1,imagenet_c,defocus_blur,1,none
efficientnet_b4,ILSVRC2012_val_00023830.JPEG,n04120489,770,433,0.21099629,0,imagenet_c,defocus_blur,1,none
efficientnet_b4,ILSVRC2012_val_00024377.JPEG,n04120489,770,770,0.12293446,1,imagenet_c,defocus_blur,1,none
efficientnet_b4,ILSVRC2012_val_00025978.JPEG,n04120489,770,860,0.4854458,0,imagenet_c,defocus_blur,1,none
efficientnet_b4,ILSVRC2012_val_00026200.JPEG,n04120489,770,916,0.18922733,0,imagenet_c,defocus_blur,1,none
efficientnet_b4,ILSVRC2012_val_00026868.JPEG,n04120489,770,522,0.09231713,0,imagenet_c,defocus_blur,1,none
efficientnet_b4,ILSVRC2012_val_00027118.JPEG,n04120489,770,695,0.16065131,0,imagenet_c,defocus_blur,1,none
efficientnet_b4,ILSVRC2012_val_00027542.JPEG,n04120489,770,770,0.53335625,1,imagenet_c,defocus_blur,1,none
efficientnet_b4,ILSVRC2012_val_00028442.JPEG,n04120489,770,684,0.26207903,0,imagenet_c,defocus_blur,1,none
efficientnet_b4,ILSVRC2012_val_00029043.JPEG,n04120489,770,770,0.35110995,1,imagenet_c,defocus_blur,1,none
efficientnet_b4,ILSVRC2012_val_00029748.JPEG,n04120489,770,770,0.6049173,1,imagenet_c,defocus_blur,1,none
efficientnet_b4,ILSVRC2012_val_00030072.JPEG,n04120489,770,770,0.544076,1,imagenet_c,defocus_blur,1,none
efficientnet_b4,ILSVRC2012_val_00030607.JPEG,n04120489,770,770,0.36298856,1,imagenet_c,defocus_blur,1,none
efficientnet_b4,ILSVRC2012_val_00031288.JPEG,n04120489,770,770,0.5570662,1,imagenet_c,defocus_blur,1,none
efficientnet_b4,ILSVRC2012_val_00032185.JPEG,n04120489,770,788,0.17898086,0,imagenet_c,defocus_blur,1,none
efficientnet_b4,ILSVRC2012_val_00032402.JPEG,n04120489,770,770,0.61379474,1,imagenet_c,defocus_blur,1,none
efficientnet_b4,ILSVRC2012_val_00035596.JPEG,n04120489,770,770,0.46684852,1,imagenet_c,defocus_blur,1,none
efficientnet_b4,ILSVRC2012_val_00036855.JPEG,n04120489,770,770,0.52464473,1,imagenet_c,defocus_blur,1,none
efficientnet_b4,ILSVRC2012_val_00037735.JPEG,n04120489,770,419,0.08205982,0,imagenet_c,defocus_blur,1,none
efficientnet_b4,ILSVRC2012_val_00038810.JPEG,n04120489,770,770,0.096673,1,imagenet_c,defocus_blur,1,none
efficientnet_b4,ILSVRC2012_val_00038887.JPEG,n04120489,770,770,0.51414245,1,imagenet_c,defocus_blur,1,none
efficientnet_b4,ILSVRC2012_val_00038922.JPEG,n04120489,770,770,0.31096965,1,imagenet_c,defocus_blur,1,none
efficientnet_b4,ILSVRC2012_val_00039072.JPEG,n04120489,770,770,0.28443083,1,imagenet_c,defocus_blur,1,none
efficientnet_b4,ILSVRC2012_val_00039619.JPEG,n04120489,770,770,0.36282977,1,imagenet_c,defocus_blur,1,none
efficientnet_b4,ILSVRC2012_val_00039728.JPEG,n04120489,770,770,0.24781658,1,imagenet_c,defocus_blur,1,none
efficientnet_b4,ILSVRC2012_val_00039805.JPEG,n04120489,770,770,0.695296,1,imagenet_c,defocus_blur,1,none
efficientnet_b4,ILSVRC2012_val_00043700.JPEG,n04120489,770,630,0.196301,0,imagenet_c,defocus_blur,1,none
efficientnet_b4,ILSVRC2012_val_00043830.JPEG,n04120489,770,770,0.5536396,1,imagenet_c,defocus_blur,1,none
efficientnet_b4,ILSVRC2012_val_00044519.JPEG,n04120489,770,770,0.60317415,1,imagenet_c,defocus_blur,1,none
efficientnet_b4,ILSVRC2012_val_00044545.JPEG,n04120489,770,770,0.17570741,1,imagenet_c,defocus_blur,1,none
efficientnet_b4,ILSVRC2012_val_00046627.JPEG,n04120489,770,770,0.57220256,1,imagenet_c,defocus_blur,1,none
efficientnet_b4,ILSVRC2012_val_00047867.JPEG,n04120489,770,770,0.19042161,1,imagenet_c,defocus_blur,1,none
efficientnet_b4,ILSVRC2012_val_00048425.JPEG,n04120489,770,770,0.47197065,1,imagenet_c,defocus_blur,1,none
efficientnet_b4,ILSVRC2012_val_00048619.JPEG,n04120489,770,770,0.6508911,1,imagenet_c,defocus_blur,1,none
efficientnet_b4,ILSVRC2012_val_00000143.JPEG,n04125021,771,771,0.7803627,1,imagenet_c,defocus_blur,1,none
efficientnet_b4,ILSVRC2012_val_00000194.JPEG,n04125021,771,771,0.70737195,1,imagenet_c,defocus_blur,1,none
efficientnet_b4,ILSVRC2012_val_00001169.JPEG,n04125021,771,771,0.25489843,1,imagenet_c,defocus_blur,1,none
efficientnet_b4,ILSVRC2012_val_00001804.JPEG,n04125021,771,507,0.6322302,0,imagenet_c,defocus_blur,1,none
efficientnet_b4,ILSVRC2012_val_00003885.JPEG,n04125021,771,771,0.6419108,1,imagenet_c,defocus_blur,1,none
efficientnet_b4,ILSVRC2012_val_00005985.JPEG,n04125021,771,477,0.4158773,0,imagenet_c,defocus_blur,1,none
efficientnet_b4,ILSVRC2012_val_00006008.JPEG,n04125021,771,771,0.27117485,1,imagenet_c,defocus_blur,1,none
efficientnet_b4,ILSVRC2012_val_00006042.JPEG,n04125021,771,771,0.32958603,1,imagenet_c,defocus_blur,1,none
efficientnet_b4,ILSVRC2012_val_00007732.JPEG,n04125021,771,778,0.38158107,0,imagenet_c,defocus_blur,1,none
efficientnet_b4,ILSVRC2012_val_00009443.JPEG,n04125021,771,771,0.6239309,1,imagenet_c,defocus_blur,1,none
efficientnet_b4,ILSVRC2012_val_00010948.JPEG,n04125021,771,771,0.09147149,1,imagenet_c,defocus_blur,1,none
efficientnet_b4,ILSVRC2012_val_00011269.JPEG,n04125021,771,844,0.4295814,0,imagenet_c,defocus_blur,1,none
efficientnet_b4,ILSVRC2012_val_00011800.JPEG,n04125021,771,771,0.70925355,1,imagenet_c,defocus_blur,1,none
efficientnet_b4,ILSVRC2012_val_00013070.JPEG,n04125021,771,482,0.16690628,0,imagenet_c,defocus_blur,1,none
efficientnet_b4,ILSVRC2012_val_00013801.JPEG,n04125021,771,771,0.6200015,1,imagenet_c,defocus_blur,1,none
efficientnet_b4,ILSVRC2012_val_00015232.JPEG,n04125021,771,771,0.68416697,1,imagenet_c,defocus_blur,1,none
efficientnet_b4,ILSVRC2012_val_00018545.JPEG,n04125021,771,771,0.56723374,1,imagenet_c,defocus_blur,1,none
efficientnet_b4,ILSVRC2012_val_00019656.JPEG,n04125021,771,778,0.3483404,0,imagenet_c,defocus_blur,1,none
efficientnet_b4,ILSVRC2012_val_00020701.JPEG,n04125021,771,771,0.5426557,1,imagenet_c,defocus_blur,1,none
efficientnet_b4,ILSVRC2012_val_00021813.JPEG,n04125021,771,771,0.8062318,1,imagenet_c,defocus_blur,1,none
efficientnet_b4,ILSVRC2012_val_00022074.JPEG,n04125021,771,771,0.90503037,1,imagenet_c,defocus_blur,1,none
efficientnet_b4,ILSVRC2012_val_00024067.JPEG,n04125021,771,771,0.8053669,1,imagenet_c,defocus_blur,1,none
efficientnet_b4,ILSVRC2012_val_00024752.JPEG,n04125021,771,485,0.1255639,0,imagenet_c,defocus_blur,1,none
efficientnet_b4,ILSVRC2012_val_00029765.JPEG,n04125021,771,771,0.54047376,1,imagenet_c,defocus_blur,1,none
efficientnet_b4,ILSVRC2012_val_00029966.JPEG,n04125021,771,771,0.52108854,1,imagenet_c,defocus_blur,1,none
efficientnet_b4,ILSVRC2012_val_00032650.JPEG,n04125021,771,771,0.072301514,1,imagenet_c,defocus_blur,1,none
efficientnet_b4,ILSVRC2012_val_00033545.JPEG,n04125021,771,771,0.64918625,1,imagenet_c,defocus_blur,1,none
efficientnet_b4,ILSVRC2012_val_00034422.JPEG,n04125021,771,771,0.6191101,1,imagenet_c,defocus_blur,1,none
efficientnet_b4,ILSVRC2012_val_00035802.JPEG,n04125021,771,771,0.6591353,1,imagenet_c,defocus_blur,1,none
efficientnet_b4,ILSVRC2012_val_00036347.JPEG,n04125021,771,771,0.4869635,1,imagenet_c,defocus_blur,1,none
efficientnet_b4,ILSVRC2012_val_00036698.JPEG,n04125021,771,771,0.80502445,1,imagenet_c,defocus_blur,1,none
efficientnet_b4,ILSVRC2012_val_00037158.JPEG,n04125021,771,771,0.76353645,1,imagenet_c,defocus_blur,1,none
efficientnet_b4,ILSVRC2012_val_00037377.JPEG,n04125021,771,662,0.53127813,0,imagenet_c,defocus_blur,1,none
efficientnet_b4,ILSVRC2012_val_00037585.JPEG,n04125021,771,771,0.54740775,1,imagenet_c,defocus_blur,1,none
efficientnet_b4,ILSVRC2012_val_00037819.JPEG,n04125021,771,771,0.8319933,1,imagenet_c,defocus_blur,1,none
efficientnet_b4,ILSVRC2012_val_00037895.JPEG,n04125021,771,771,0.9073789,1,imagenet_c,defocus_blur,1,none
efficientnet_b4,ILSVRC2012_val_00040028.JPEG,n04125021,771,771,0.5917771,1,imagenet_c,defocus_blur,1,none
efficientnet_b4,ILSVRC2012_val_00041163.JPEG,n04125021,771,771,0.646539,1,imagenet_c,defocus_blur,1,none
efficientnet_b4,ILSVRC2012_val_00041624.JPEG,n04125021,771,745,0.14618021,0,imagenet_c,defocus_blur,1,none
efficientnet_b4,ILSVRC2012_val_00041875.JPEG,n04125021,771,771,0.59719396,1,imagenet_c,defocus_blur,1,none
efficientnet_b4,ILSVRC2012_val_00042742.JPEG,n04125021,771,481,0.3654528,0,imagenet_c,defocus_blur,1,none
efficientnet_b4,ILSVRC2012_val_00042845.JPEG,n04125021,771,894,0.21566965,0,imagenet_c,defocus_blur,1,none
efficientnet_b4,ILSVRC2012_val_00044122.JPEG,n04125021,771,771,0.71064854,1,imagenet_c,defocus_blur,1,none
efficientnet_b4,ILSVRC2012_val_00044161.JPEG,n04125021,771,771,0.6798635,1,imagenet_c,defocus_blur,1,none
efficientnet_b4,ILSVRC2012_val_00044870.JPEG,n04125021,771,771,0.77414477,1,imagenet_c,defocus_blur,1,none
efficientnet_b4,ILSVRC2012_val_00045693.JPEG,n04125021,771,771,0.61225003,1,imagenet_c,defocus_blur,1,none
efficientnet_b4,ILSVRC2012_val_00046523.JPEG,n04125021,771,771,0.8603395,1,imagenet_c,defocus_blur,1,none
efficientnet_b4,ILSVRC2012_val_00047300.JPEG,n04125021,771,771,0.1363942,1,imagenet_c,defocus_blur,1,none
efficientnet_b4,ILSVRC2012_val_00047426.JPEG,n04125021,771,771,0.65271103,1,imagenet_c,defocus_blur,1,none
efficientnet_b4,ILSVRC2012_val_00049387.JPEG,n04125021,771,771,0.67278916,1,imagenet_c,defocus_blur,1,none
efficientnet_b4,ILSVRC2012_val_00002068.JPEG,n04127249,772,772,0.69280815,1,imagenet_c,defocus_blur,1,none
efficientnet_b4,ILSVRC2012_val_00002975.JPEG,n04127249,772,772,0.671208,1,imagenet_c,defocus_blur,1,none
efficientnet_b4,ILSVRC2012_val_00004233.JPEG,n04127249,772,844,0.07631951,0,imagenet_c,defocus_blur,1,none
efficientnet_b4,ILSVRC2012_val_00006812.JPEG,n04127249,772,772,0.81050944,1,imagenet_c,defocus_blur,1,none
efficientnet_b4,ILSVRC2012_val_00008699.JPEG,n04127249,772,772,0.3018943,1,imagenet_c,defocus_blur,1,none
efficientnet_b4,ILSVRC2012_val_00010285.JPEG,n04127249,772,772,0.69305366,1,imagenet_c,defocus_blur,1,none
efficientnet_b4,ILSVRC2012_val_00012191.JPEG,n04127249,772,772,0.61725,1,imagenet_c,defocus_blur,1,none
efficientnet_b4,ILSVRC2012_val_00012896.JPEG,n04127249,772,692,0.026984733,0,imagenet_c,defocus_blur,1,none
efficientnet_b4,ILSVRC2012_val_00016361.JPEG,n04127249,772,865,0.09845644,0,imagenet_c,defocus_blur,1,none
efficientnet_b4,ILSVRC2012_val_00016436.JPEG,n04127249,772,522,0.01766834,0,imagenet_c,defocus_blur,1,none
efficientnet_b4,ILSVRC2012_val_00017649.JPEG,n04127249,772,772,0.8398054,1,imagenet_c,defocus_blur,1,none
efficientnet_b4,ILSVRC2012_val_00019637.JPEG,n04127249,772,772,0.7601274,1,imagenet_c,defocus_blur,1,none
efficientnet_b4,ILSVRC2012_val_00020871.JPEG,n04127249,772,772,0.24772474,1,imagenet_c,defocus_blur,1,none
efficientnet_b4,ILSVRC2012_val_00020995.JPEG,n04127249,772,772,0.17153832,1,imagenet_c,defocus_blur,1,none
efficientnet_b4,ILSVRC2012_val_00021087.JPEG,n04127249,772,772,0.79455394,1,imagenet_c,defocus_blur,1,none
efficientnet_b4,ILSVRC2012_val_00022457.JPEG,n04127249,772,772,0.70915145,1,imagenet_c,defocus_blur,1,none
efficientnet_b4,ILSVRC2012_val_00022604.JPEG,n04127249,772,772,0.27086878,1,imagenet_c,defocus_blur,1,none
efficientnet_b4,ILSVRC2012_val_00023036.JPEG,n04127249,772,451,0.2146095,0,imagenet_c,defocus_blur,1,none
efficientnet_b4,ILSVRC2012_val_00023847.JPEG,n04127249,772,772,0.5652988,1,imagenet_c,defocus_blur,1,none
efficientnet_b4,ILSVRC2012_val_00023860.JPEG,n04127249,772,711,0.35396308,0,imagenet_c,defocus_blur,1,none
efficientnet_b4,ILSVRC2012_val_00024308.JPEG,n04127249,772,865,0.05872572,0,imagenet_c,defocus_blur,1,none
efficientnet_b4,ILSVRC2012_val_00024718.JPEG,n04127249,772,772,0.6309413,1,imagenet_c,defocus_blur,1,none
efficientnet_b4,ILSVRC2012_val_00025670.JPEG,n04127249,772,712,0.17969225,0,imagenet_c,defocus_blur,1,none
efficientnet_b4,ILSVRC2012_val_00026605.JPEG,n04127249,772,772,0.46239474,1,imagenet_c,defocus_blur,1,none
efficientnet_b4,ILSVRC2012_val_00026816.JPEG,n04127249,772,772,0.5997488,1,imagenet_c,defocus_blur,1,none
efficientnet_b4,ILSVRC2012_val_00027502.JPEG,n04127249,772,772,0.3801845,1,imagenet_c,defocus_blur,1,none
efficientnet_b4,ILSVRC2012_val_00029474.JPEG,n04127249,772,506,0.5356396,0,imagenet_c,defocus_blur,1,none
efficientnet_b4,ILSVRC2012_val_00029521.JPEG,n04127249,772,772,0.3969916,1,imagenet_c,defocus_blur,1,none
efficientnet_b4,ILSVRC2012_val_00029802.JPEG,n04127249,772,772,0.45129725,1,imagenet_c,defocus_blur,1,none
efficientnet_b4,ILSVRC2012_val_00030687.JPEG,n04127249,772,772,0.42575085,1,imagenet_c,defocus_blur,1,none
efficientnet_b4,ILSVRC2012_val_00030979.JPEG,n04127249,772,714,0.22812754,0,imagenet_c,defocus_blur,1,none
efficientnet_b4,ILSVRC2012_val_00033544.JPEG,n04127249,772,772,0.7380888,1,imagenet_c,defocus_blur,1,none
efficientnet_b4,ILSVRC2012_val_00034276.JPEG,n04127249,772,772,0.57359797,1,imagenet_c,defocus_blur,1,none
efficientnet_b4,ILSVRC2012_val_00036087.JPEG,n04127249,772,942,0.09458897,0,imagenet_c,defocus_blur,1,none
efficientnet_b4,ILSVRC2012_val_00040482.JPEG,n04127249,772,841,0.06304232,0,imagenet_c,defocus_blur,1,none
efficientnet_b4,ILSVRC2012_val_00040506.JPEG,n04127249,772,772,0.6786264,1,imagenet_c,defocus_blur,1,none
efficientnet_b4,ILSVRC2012_val_00040574.JPEG,n04127249,772,443,0.13744277,0,imagenet_c,defocus_blur,1,none
efficientnet_b4,ILSVRC2012_val_00041072.JPEG,n04127249,772,772,0.8390921,1,imagenet_c,defocus_blur,1,none
efficientnet_b4,ILSVRC2012_val_00041228.JPEG,n04127249,772,488,0.17299125,0,imagenet_c,defocus_blur,1,none
efficientnet_b4,ILSVRC2012_val_00041648.JPEG,n04127249,772,461,0.1520968,0,imagenet_c,defocus_blur,1,none
efficientnet_b4,ILSVRC2012_val_00041888.JPEG,n04127249,772,772,0.19205184,1,imagenet_c,defocus_blur,1,none
efficientnet_b4,ILSVRC2012_val_00045496.JPEG,n04127249,772,636,0.34858114,0,imagenet_c,defocus_blur,1,none
efficientnet_b4,ILSVRC2012_val_00045591.JPEG,n04127249,772,772,0.6903612,1,imagenet_c,defocus_blur,1,none
efficientnet_b4,ILSVRC2012_val_00045740.JPEG,n04127249,772,772,0.285203,1,imagenet_c,defocus_blur,1,none
efficientnet_b4,ILSVRC2012_val_00045931.JPEG,n04127249,772,772,0.5093545,1,imagenet_c,defocus_blur,1,none
efficientnet_b4,ILSVRC2012_val_00046608.JPEG,n04127249,772,772,0.4230262,1,imagenet_c,defocus_blur,1,none
efficientnet_b4,ILSVRC2012_val_00047297.JPEG,n04127249,772,772,0.8237945,1,imagenet_c,defocus_blur,1,none
efficientnet_b4,ILSVRC2012_val_00047947.JPEG,n04127249,772,949,0.44241878,0,imagenet_c,defocus_blur,1,none
efficientnet_b4,ILSVRC2012_val_00047995.JPEG,n04127249,772,772,0.65919876,1,imagenet_c,defocus_blur,1,none
efficientnet_b4,ILSVRC2012_val_00048965.JPEG,n04127249,772,772,0.29390782,1,imagenet_c,defocus_blur,1,none
efficientnet_b4,ILSVRC2012_val_00000792.JPEG,n04131690,773,773,0.42391843,1,imagenet_c,defocus_blur,1,none
efficientnet_b4,ILSVRC2012_val_00001319.JPEG,n04131690,773,505,0.5021009,0,imagenet_c,defocus_blur,1,none
efficientnet_b4,ILSVRC2012_val_00002342.JPEG,n04131690,773,773,0.83193064,1,imagenet_c,defocus_blur,1,none
efficientnet_b4,ILSVRC2012_val_00002728.JPEG,n04131690,773,855,0.29644868,0,imagenet_c,defocus_blur,1,none
efficientnet_b4,ILSVRC2012_val_00007513.JPEG,n04131690,773,773,0.7743593,1,imagenet_c,defocus_blur,1,none
efficientnet_b4,ILSVRC2012_val_00009150.JPEG,n04131690,773,629,0.10572262,0,imagenet_c,defocus_blur,1,none
efficientnet_b4,ILSVRC2012_val_00009845.JPEG,n04131690,773,773,0.55520535,1,imagenet_c,defocus_blur,1,none
efficientnet_b4,ILSVRC2012_val_00010390.JPEG,n04131690,773,773,0.7183491,1,imagenet_c,defocus_blur,1,none
efficientnet_b4,ILSVRC2012_val_00011286.JPEG,n04131690,773,773,0.7303733,1,imagenet_c,defocus_blur,1,none
efficientnet_b4,ILSVRC2012_val_00011553.JPEG,n04131690,773,684,0.092784904,0,imagenet_c,defocus_blur,1,none
efficientnet_b4,ILSVRC2012_val_00012057.JPEG,n04131690,773,773,0.56563807,1,imagenet_c,defocus_blur,1,none
efficientnet_b4,ILSVRC2012_val_00014294.JPEG,n04131690,773,773,0.17163429,1,imagenet_c,defocus_blur,1,none
efficientnet_b4,ILSVRC2012_val_00014536.JPEG,n04131690,773,855,0.25020707,0,imagenet_c,defocus_blur,1,none
efficientnet_b4,ILSVRC2012_val_00016485.JPEG,n04131690,773,773,0.41159502,1,imagenet_c,defocus_blur,1,none
efficientnet_b4,ILSVRC2012_val_00018127.JPEG,n04131690,773,773,0.5947304,1,imagenet_c,defocus_blur,1,none
efficientnet_b4,ILSVRC2012_val_00019434.JPEG,n04131690,773,710,0.195177,0,imagenet_c,defocus_blur,1,none
efficientnet_b4,ILSVRC2012_val_00020318.JPEG,n04131690,773,773,0.6324261,1,imagenet_c,defocus_blur,1,none
efficientnet_b4,ILSVRC2012_val_00022574.JPEG,n04131690,773,773,0.35731304,1,imagenet_c,defocus_blur,1,none
efficientnet_b4,ILSVRC2012_val_00023911.JPEG,n04131690,773,773,0.54135257,1,imagenet_c,defocus_blur,1,none
efficientnet_b4,ILSVRC2012_val_00025444.JPEG,n04131690,773,737,0.31486425,0,imagenet_c,defocus_blur,1,none
efficientnet_b4,ILSVRC2012_val_00025490.JPEG,n04131690,773,503,0.22550909,0,imagenet_c,defocus_blur,1,none
efficientnet_b4,ILSVRC2012_val_00027087.JPEG,n04131690,773,503,0.4061027,0,imagenet_c,defocus_blur,1,none
efficientnet_b4,ILSVRC2012_val_00027252.JPEG,n04131690,773,773,0.6934577,1,imagenet_c,defocus_blur,1,none
efficientnet_b4,ILSVRC2012_val_00030769.JPEG,n04131690,773,773,0.365626,1,imagenet_c,defocus_blur,1,none
efficientnet_b4,ILSVRC2012_val_00031663.JPEG,n04131690,773,504,0.48752916,0,imagenet_c,defocus_blur,1,none
efficientnet_b4,ILSVRC2012_val_00032187.JPEG,n04131690,773,773,0.30426046,1,imagenet_c,defocus_blur,1,none
efficientnet_b4,ILSVRC2012_val_00032630.JPEG,n04131690,773,710,0.20498781,0,imagenet_c,defocus_blur,1,none
efficientnet_b4,ILSVRC2012_val_00033390.JPEG,n04131690,773,773,0.43208924,1,imagenet_c,defocus_blur,1,none
efficientnet_b4,ILSVRC2012_val_00034258.JPEG,n04131690,773,773,0.25613007,1,imagenet_c,defocus_blur,1,none
efficientnet_b4,ILSVRC2012_val_00035155.JPEG,n04131690,773,720,0.2731349,0,imagenet_c,defocus_blur,1,none
efficientnet_b4,ILSVRC2012_val_00036358.JPEG,n04131690,773,773,0.49795586,1,imagenet_c,defocus_blur,1,none
efficientnet_b4,ILSVRC2012_val_00038083.JPEG,n04131690,773,653,0.30064332,0,imagenet_c,defocus_blur,1,none
efficientnet_b4,ILSVRC2012_val_00038351.JPEG,n04131690,773,773,0.5178701,1,imagenet_c,defocus_blur,1,none
efficientnet_b4,ILSVRC2012_val_00040437.JPEG,n04131690,773,504,0.17784953,0,imagenet_c,defocus_blur,1,none
efficientnet_b4,ILSVRC2012_val_00040669.JPEG,n04131690,773,604,0.1969412,0,imagenet_c,defocus_blur,1,none
efficientnet_b4,ILSVRC2012_val_00041149.JPEG,n04131690,773,773,0.38569626,1,imagenet_c,defocus_blur,1,none
efficientnet_b4,ILSVRC2012_val_00041553.JPEG,n04131690,773,773,0.37251943,1,imagenet_c,defocus_blur,1,none
efficientnet_b4,ILSVRC2012_val_00041903.JPEG,n04131690,773,441,0.30205277,0,imagenet_c,defocus_blur,1,none
efficientnet_b4,ILSVRC2012_val_00042136.JPEG,n04131690,773,773,0.70860773,1,imagenet_c,defocus_blur,1,none
efficientnet_b4,ILSVRC2012_val_00042373.JPEG,n04131690,773,773,0.3404903,1,imagenet_c,defocus_blur,1,none
efficientnet_b4,ILSVRC2012_val_00042770.JPEG,n04131690,773,773,0.3106102,1,imagenet_c,defocus_blur,1,none
efficientnet_b4,ILSVRC2012_val_00042814.JPEG,n04131690,773,773,0.6354269,1,imagenet_c,defocus_blur,1,none
efficientnet_b4,ILSVRC2012_val_00043092.JPEG,n04131690,773,773,0.34962922,1,imagenet_c,defocus_blur,1,none
efficientnet_b4,ILSVRC2012_val_00043661.JPEG,n04131690,773,773,0.33773124,1,imagenet_c,defocus_blur,1,none
efficientnet_b4,ILSVRC2012_val_00043782.JPEG,n04131690,773,503,0.12651204,0,imagenet_c,defocus_blur,1,none
efficientnet_b4,ILSVRC2012_val_00043799.JPEG,n04131690,773,855,0.11697395,0,imagenet_c,defocus_blur,1,none
efficientnet_b4,ILSVRC2012_val_00043936.JPEG,n04131690,773,773,0.4831391,1,imagenet_c,defocus_blur,1,none
efficientnet_b4,ILSVRC2012_val_00045582.JPEG,n04131690,773,773,0.119016424,1,imagenet_c,defocus_blur,1,none
efficientnet_b4,ILSVRC2012_val_00047264.JPEG,n04131690,773,504,0.26025152,0,imagenet_c,defocus_blur,1,none
efficientnet_b4,ILSVRC2012_val_00048078.JPEG,n04131690,773,898,0.37982237,0,imagenet_c,defocus_blur,1,none
efficientnet_b4,ILSVRC2012_val_00002426.JPEG,n04133789,774,774,0.27987218,1,imagenet_c,defocus_blur,1,none
efficientnet_b4,ILSVRC2012_val_00003342.JPEG,n04133789,774,770,0.14925137,0,imagenet_c,defocus_blur,1,none
efficientnet_b4,ILSVRC2012_val_00003763.JPEG,n04133789,774,774,0.7202216,1,imagenet_c,defocus_blur,1,none
efficientnet_b4,ILSVRC2012_val_00005199.JPEG,n04133789,774,774,0.19735835,1,imagenet_c,defocus_blur,1,none
efficientnet_b4,ILSVRC2012_val_00006296.JPEG,n04133789,774,774,0.13255267,1,imagenet_c,defocus_blur,1,none
efficientnet_b4,ILSVRC2012_val_00006316.JPEG,n04133789,774,978,0.16914864,0,imagenet_c,defocus_blur,1,none
efficientnet_b4,ILSVRC2012_val_00007160.JPEG,n04133789,774,774,0.734805,1,imagenet_c,defocus_blur,1,none
efficientnet_b4,ILSVRC2012_val_00013852.JPEG,n04133789,774,655,0.26648137,0,imagenet_c,defocus_blur,1,none
efficientnet_b4,ILSVRC2012_val_00014084.JPEG,n04133789,774,714,0.18485841,0,imagenet_c,defocus_blur,1,none
efficientnet_b4,ILSVRC2012_val_00015083.JPEG,n04133789,774,774,0.40227112,1,imagenet_c,defocus_blur,1,none
efficientnet_b4,ILSVRC2012_val_00015569.JPEG,n04133789,774,930,0.5179138,0,imagenet_c,defocus_blur,1,none
efficientnet_b4,ILSVRC2012_val_00015602.JPEG,n04133789,774,774,0.19644341,1,imagenet_c,defocus_blur,1,none
efficientnet_b4,ILSVRC2012_val_00019572.JPEG,n04133789,774,460,0.02025407,0,imagenet_c,defocus_blur,1,none
efficientnet_b4,ILSVRC2012_val_00020491.JPEG,n04133789,774,423,0.17372665,0,imagenet_c,defocus_blur,1,none
efficientnet_b4,ILSVRC2012_val_00021228.JPEG,n04133789,774,774,0.46691516,1,imagenet_c,defocus_blur,1,none
efficientnet_b4,ILSVRC2012_val_00021939.JPEG,n04133789,774,674,0.2845251,0,imagenet_c,defocus_blur,1,none
efficientnet_b4,ILSVRC2012_val_00022801.JPEG,n04133789,774,655,0.3014351,0,imagenet_c,defocus_blur,1,none
efficientnet_b4,ILSVRC2012_val_00023006.JPEG,n04133789,774,774,0.58767986,1,imagenet_c,defocus_blur,1,none
efficientnet_b4,ILSVRC2012_val_00023232.JPEG,n04133789,774,502,0.28370136,0,imagenet_c,defocus_blur,1,none
efficientnet_b4,ILSVRC2012_val_00024738.JPEG,n04133789,774,774,0.5132351,1,imagenet_c,defocus_blur,1,none
efficientnet_b4,ILSVRC2012_val_00027771.JPEG,n04133789,774,774,0.7077369,1,imagenet_c,defocus_blur,1,none
efficientnet_b4,ILSVRC2012_val_00027994.JPEG,n04133789,774,774,0.120684974,1,imagenet_c,defocus_blur,1,none
efficientnet_b4,ILSVRC2012_val_00028976.JPEG,n04133789,774,502,0.19733922,0,imagenet_c,defocus_blur,1,none
efficientnet_b4,ILSVRC2012_val_00028994.JPEG,n04133789,774,774,0.16362889,1,imagenet_c,defocus_blur,1,none
efficientnet_b4,ILSVRC2012_val_00029095.JPEG,n04133789,774,422,0.1309201,0,imagenet_c,defocus_blur,1,none
efficientnet_b4,ILSVRC2012_val_00029180.JPEG,n04133789,774,529,0.1417489,0,imagenet_c,defocus_blur,1,none
efficientnet_b4,ILSVRC2012_val_00029389.JPEG,n04133789,774,630,0.14802486,0,imagenet_c,defocus_blur,1,none
efficientnet_b4,ILSVRC2012_val_00029942.JPEG,n04133789,774,774,0.19638816,1,imagenet_c,defocus_blur,1,none
efficientnet_b4,ILSVRC2012_val_00030250.JPEG,n04133789,774,882,0.040493753,0,imagenet_c,defocus_blur,1,none
efficientnet_b4,ILSVRC2012_val_00032051.JPEG,n04133789,774,774,0.3105551,1,imagenet_c,defocus_blur,1,none
efficientnet_b4,ILSVRC2012_val_00032242.JPEG,n04133789,774,774,0.82010233,1,imagenet_c,defocus_blur,1,none
efficientnet_b4,ILSVRC2012_val_00032308.JPEG,n04133789,774,774,0.18036437,1,imagenet_c,defocus_blur,1,none
efficientnet_b4,ILSVRC2012_val_00033141.JPEG,n04133789,774,502,0.2901716,0,imagenet_c,defocus_blur,1,none
efficientnet_b4,ILSVRC2012_val_00034138.JPEG,n04133789,774,774,0.6439853,1,imagenet_c,defocus_blur,1,none
efficientnet_b4,ILSVRC2012_val_00034558.JPEG,n04133789,774,774,0.5573165,1,imagenet_c,defocus_blur,1,none
efficientnet_b4,ILSVRC2012_val_00035105.JPEG,n04133789,774,774,0.13867113,1,imagenet_c,defocus_blur,1,none
efficientnet_b4,ILSVRC2012_val_00035755.JPEG,n04133789,774,774,0.6300336,1,imagenet_c,defocus_blur,1,none
efficientnet_b4,ILSVRC2012_val_00036524.JPEG,n04133789,774,813,0.2472836,0,imagenet_c,defocus_blur,1,none
efficientnet_b4,ILSVRC2012_val_00037409.JPEG,n04133789,774,774,0.41434392,1,imagenet_c,defocus_blur,1,none
efficientnet_b4,ILSVRC2012_val_00037599.JPEG,n04133789,774,774,0.28682476,1,imagenet_c,defocus_blur,1,none
efficientnet_b4,ILSVRC2012_val_00038588.JPEG,n04133789,774,770,0.31130496,0,imagenet_c,defocus_blur,1,none
efficientnet_b4,ILSVRC2012_val_00041654.JPEG,n04133789,774,770,0.13969377,0,imagenet_c,defocus_blur,1,none
efficientnet_b4,ILSVRC2012_val_00045999.JPEG,n04133789,774,774,0.7023049,1,imagenet_c,defocus_blur,1,none
efficientnet_b4,ILSVRC2012_val_00046895.JPEG,n04133789,774,774,0.15090832,1,imagenet_c,defocus_blur,1,none
efficientnet_b4,ILSVRC2012_val_00047781.JPEG,n04133789,774,774,0.43864182,1,imagenet_c,defocus_blur,1,none
efficientnet_b4,ILSVRC2012_val_00048850.JPEG,n04133789,774,770,0.1051434,0,imagenet_c,defocus_blur,1,none
efficientnet_b4,ILSVRC2012_val_00048889.JPEG,n04133789,774,502,0.17967701,0,imagenet_c,defocus_blur,1,none
efficientnet_b4,ILSVRC2012_val_00048970.JPEG,n04133789,774,774,0.15572518,1,imagenet_c,defocus_blur,1,none
efficientnet_b4,ILSVRC2012_val_00049158.JPEG,n04133789,774,774,0.12281557,1,imagenet_c,defocus_blur,1,none
efficientnet_b4,ILSVRC2012_val_00049173.JPEG,n04133789,774,774,0.078976534,1,imagenet_c,defocus_blur,1,none
efficientnet_b4,ILSVRC2012_val_00000442.JPEG,n04136333,775,840,0.03761864,0,imagenet_c,defocus_blur,1,none
efficientnet_b4,ILSVRC2012_val_00000615.JPEG,n04136333,775,775,0.5038385,1,imagenet_c,defocus_blur,1,none
efficientnet_b4,ILSVRC2012_val_00001348.JPEG,n04136333,775,445,0.042778455,0,imagenet_c,defocus_blur,1,none
efficientnet_b4,ILSVRC2012_val_00002581.JPEG,n04136333,775,775,0.04072339,1,imagenet_c,defocus_blur,1,none
efficientnet_b4,ILSVRC2012_val_00002902.JPEG,n04136333,775,702,0.1761339,0,imagenet_c,defocus_blur,1,none
efficientnet_b4,ILSVRC2012_val_00003658.JPEG,n04136333,775,775,0.78497154,1,imagenet_c,defocus_blur,1,none
efficientnet_b4,ILSVRC2012_val_00003695.JPEG,n04136333,775,416,0.16082232,0,imagenet_c,defocus_blur,1,none
efficientnet_b4,ILSVRC2012_val_00006032.JPEG,n04136333,775,522,0.23082142,0,imagenet_c,defocus_blur,1,none
efficientnet_b4,ILSVRC2012_val_00009875.JPEG,n04136333,775,467,0.3771476,0,imagenet_c,defocus_blur,1,none
efficientnet_b4,ILSVRC2012_val_00010167.JPEG,n04136333,775,775,0.43650618,1,imagenet_c,defocus_blur,1,none
efficientnet_b4,ILSVRC2012_val_00010187.JPEG,n04136333,775,775,0.11092291,1,imagenet_c,defocus_blur,1,none
efficientnet_b4,ILSVRC2012_val_00010408.JPEG,n04136333,775,775,0.21376611,1,imagenet_c,defocus_blur,1,none
efficientnet_b4,ILSVRC2012_val_00012959.JPEG,n04136333,775,775,0.47085318,1,imagenet_c,defocus_blur,1,none
efficientnet_b4,ILSVRC2012_val_00013068.JPEG,n04136333,775,879,0.07563139,0,imagenet_c,defocus_blur,1,none
efficientnet_b4,ILSVRC2012_val_00013834.JPEG,n04136333,775,775,0.16170944,1,imagenet_c,defocus_blur,1,none
efficientnet_b4,ILSVRC2012_val_00016005.JPEG,n04136333,775,775,0.6482271,1,imagenet_c,defocus_blur,1,none
efficientnet_b4,ILSVRC2012_val_00017485.JPEG,n04136333,775,805,0.21558316,0,imagenet_c,defocus_blur,1,none
efficientnet_b4,ILSVRC2012_val_00018763.JPEG,n04136333,775,842,0.25368968,0,imagenet_c,defocus_blur,1,none
efficientnet_b4,ILSVRC2012_val_00019371.JPEG,n04136333,775,831,0.119309716,0,imagenet_c,defocus_blur,1,none
efficientnet_b4,ILSVRC2012_val_00019762.JPEG,n04136333,775,775,0.2081179,1,imagenet_c,defocus_blur,1,none
efficientnet_b4,ILSVRC2012_val_00020603.JPEG,n04136333,775,775,0.9001348,1,imagenet_c,defocus_blur,1,none
efficientnet_b4,ILSVRC2012_val_00022316.JPEG,n04136333,775,836,0.054931894,0,imagenet_c,defocus_blur,1,none
efficientnet_b4,ILSVRC2012_val_00022506.JPEG,n04136333,775,978,0.20546634,0,imagenet_c,defocus_blur,1,none
efficientnet_b4,ILSVRC2012_val_00023631.JPEG,n04136333,775,775,0.31636304,1,imagenet_c,defocus_blur,1,none
efficientnet_b4,ILSVRC2012_val_00024048.JPEG,n04136333,775,775,0.57129693,1,imagenet_c,defocus_blur,1,none
efficientnet_b4,ILSVRC2012_val_00024195.JPEG,n04136333,775,879,0.3407177,0,imagenet_c,defocus_blur,1,none
efficientnet_b4,ILSVRC2012_val_00024713.JPEG,n04136333,775,689,0.22003669,0,imagenet_c,defocus_blur,1,none
efficientnet_b4,ILSVRC2012_val_00024839.JPEG,n04136333,775,445,0.13675323,0,imagenet_c,defocus_blur,1,none
efficientnet_b4,ILSVRC2012_val_00027758.JPEG,n04136333,775,775,0.3580396,1,imagenet_c,defocus_blur,1,none
efficientnet_b4,ILSVRC2012_val_00028430.JPEG,n04136333,775,971,0.02609009,0,imagenet_c,defocus_blur,1,none
efficientnet_b4,ILSVRC2012_val_00028859.JPEG,n04136333,775,775,0.7526642,1,imagenet_c,defocus_blur,1,none
efficientnet_b4,ILSVRC2012_val_00029197.JPEG,n04136333,775,614,0.101513974,0,imagenet_c,defocus_blur,1,none
efficientnet_b4,ILSVRC2012_val_00029271.JPEG,n04136333,775,775,0.25526503,1,imagenet_c,defocus_blur,1,none
efficientnet_b4,ILSVRC2012_val_00030078.JPEG,n04136333,775,775,0.17588168,1,imagenet_c,defocus_blur,1,none
efficientnet_b4,ILSVRC2012_val_00030084.JPEG,n04136333,775,775,0.12332323,1,imagenet_c,defocus_blur,1,none
efficientnet_b4,ILSVRC2012_val_00031664.JPEG,n04136333,775,775,0.048983287,1,imagenet_c,defocus_blur,1,none
efficientnet_b4,ILSVRC2012_val_00032121.JPEG,n04136333,775,775,0.22313124,1,imagenet_c,defocus_blur,1,none
efficientnet_b4,ILSVRC2012_val_00033983.JPEG,n04136333,775,733,0.053549867,0,imagenet_c,defocus_blur,1,none
efficientnet_b4,ILSVRC2012_val_00038278.JPEG,n04136333,775,775,0.042807322,1,imagenet_c,defocus_blur,1,none
efficientnet_b4,ILSVRC2012_val_00039558.JPEG,n04136333,775,862,0.2387613,0,imagenet_c,defocus_blur,1,none
efficientnet_b4,ILSVRC2012_val_00039828.JPEG,n04136333,775,775,0.5939568,1,imagenet_c,defocus_blur,1,none
efficientnet_b4,ILSVRC2012_val_00040032.JPEG,n04136333,775,978,0.29084703,0,imagenet_c,defocus_blur,1,none
efficientnet_b4,ILSVRC2012_val_00040074.JPEG,n04136333,775,775,0.676873,1,imagenet_c,defocus_blur,1,none
efficientnet_b4,ILSVRC2012_val_00041397.JPEG,n04136333,775,862,0.10206144,0,imagenet_c,defocus_blur,1,none
efficientnet_b4,ILSVRC2012_val_00042756.JPEG,n04136333,775,775,0.7612876,1,imagenet_c,defocus_blur,1,none
efficientnet_b4,ILSVRC2012_val_00044155.JPEG,n04136333,775,824,0.039020497,0,imagenet_c,defocus_blur,1,none
efficientnet_b4,ILSVRC2012_val_00044915.JPEG,n04136333,775,775,0.8407246,1,imagenet_c,defocus_blur,1,none
efficientnet_b4,ILSVRC2012_val_00046146.JPEG,n04136333,775,842,0.19998947,0,imagenet_c,defocus_blur,1,none
efficientnet_b4,ILSVRC2012_val_00047782.JPEG,n04136333,775,936,0.10536542,0,imagenet_c,defocus_blur,1,none
efficientnet_b4,ILSVRC2012_val_00049844.JPEG,n04136333,775,842,0.19014163,0,imagenet_c,defocus_blur,1,none
efficientnet_b4,ILSVRC2012_val_00000614.JPEG,n04141076,776,875,0.16887201,0,imagenet_c,defocus_blur,1,none
efficientnet_b4,ILSVRC2012_val_00000673.JPEG,n04141076,776,776,0.3484914,1,imagenet_c,defocus_blur,1,none
efficientnet_b4,ILSVRC2012_val_00003260.JPEG,n04141076,776,776,0.32684067,1,imagenet_c,defocus_blur,1,none
efficientnet_b4,ILSVRC2012_val_00004761.JPEG,n04141076,776,776,0.37228543,1,imagenet_c,defocus_blur,1,none
efficientnet_b4,ILSVRC2012_val_00006297.JPEG,n04141076,776,171,0.39670527,0,imagenet_c,defocus_blur,1,none
efficientnet_b4,ILSVRC2012_val_00006682.JPEG,n04141076,776,776,0.56469584,1,imagenet_c,defocus_blur,1,none
efficientnet_b4,ILSVRC2012_val_00008159.JPEG,n04141076,776,776,0.4786626,1,imagenet_c,defocus_blur,1,none
efficientnet_b4,ILSVRC2012_val_00009058.JPEG,n04141076,776,776,0.56024593,1,imagenet_c,defocus_blur,1,none
efficientnet_b4,ILSVRC2012_val_00009736.JPEG,n04141076,776,776,0.33923197,1,imagenet_c,defocus_blur,1,none
efficientnet_b4,ILSVRC2012_val_00011366.JPEG,n04141076,776,683,0.080294296,0,imagenet_c,defocus_blur,1,none
efficientnet_b4,ILSVRC2012_val_00011804.JPEG,n04141076,776,776,0.42485848,1,imagenet_c,defocus_blur,1,none
efficientnet_b4,ILSVRC2012_val_00012795.JPEG,n04141076,776,776,0.25687164,1,imagenet_c,defocus_blur,1,none
efficientnet_b4,ILSVRC2012_val_00014003.JPEG,n04141076,776,776,0.6178352,1,imagenet_c,defocus_blur,1,none
efficientnet_b4,ILSVRC2012_val_00014641.JPEG,n04141076,776,776,0.6756014,1,imagenet_c,defocus_blur,1,none
efficientnet_b4,ILSVRC2012_val_00015586.JPEG,n04141076,776,776,0.24833614,1,imagenet_c,defocus_blur,1,none
efficientnet_b4,ILSVRC2012_val_00017679.JPEG,n04141076,776,776,0.48150358,1,imagenet_c,defocus_blur,1,none
efficientnet_b4,ILSVRC2012_val_00020715.JPEG,n04141076,776,776,0.515117,1,imagenet_c,defocus_blur,1,none
efficientnet_b4,ILSVRC2012_val_00021311.JPEG,n04141076,776,566,0.13850898,0,imagenet_c,defocus_blur,1,none
efficientnet_b4,ILSVRC2012_val_00022964.JPEG,n04141076,776,776,0.51051533,1,imagenet_c,defocus_blur,1,none
efficientnet_b4,ILSVRC2012_val_00024941.JPEG,n04141076,776,776,0.5290784,1,imagenet_c,defocus_blur,1,none
efficientnet_b4,ILSVRC2012_val_00024972.JPEG,n04141076,776,776,0.61144745,1,imagenet_c,defocus_blur,1,none
efficientnet_b4,ILSVRC2012_val_00025042.JPEG,n04141076,776,819,0.17094897,0,imagenet_c,defocus_blur,1,none
efficientnet_b4,ILSVRC2012_val_00026817.JPEG,n04141076,776,582,0.1326473,0,imagenet_c,defocus_blur,1,none
efficientnet_b4,ILSVRC2012_val_00028114.JPEG,n04141076,776,513,0.228744,0,imagenet_c,defocus_blur,1,none
efficientnet_b4,ILSVRC2012_val_00028182.JPEG,n04141076,776,743,0.0954586,0,imagenet_c,defocus_blur,1,none
efficientnet_b4,ILSVRC2012_val_00028809.JPEG,n04141076,776,776,0.52556,1,imagenet_c,defocus_blur,1,none
efficientnet_b4,ILSVRC2012_val_00028942.JPEG,n04141076,776,513,0.08957643,0,imagenet_c,defocus_blur,1,none
efficientnet_b4,ILSVRC2012_val_00028954.JPEG,n04141076,776,566,0.27529797,0,imagenet_c,defocus_blur,1,none
efficientnet_b4,ILSVRC2012_val_00029866.JPEG,n04141076,776,776,0.19298126,1,imagenet_c,defocus_blur,1,none
efficientnet_b4,ILSVRC2012_val_00030435.JPEG,n04141076,776,776,0.11078336,1,imagenet_c,defocus_blur,1,none
efficientnet_b4,ILSVRC2012_val_00032761.JPEG,n04141076,776,399,0.12183882,0,imagenet_c,defocus_blur,1,none
efficientnet_b4,ILSVRC2012_val_00034657.JPEG,n04141076,776,776,0.5345722,1,imagenet_c,defocus_blur,1,none
efficientnet_b4,ILSVRC2012_val_00036726.JPEG,n04141076,776,683,0.14009257,0,imagenet_c,defocus_blur,1,none
efficientnet_b4,ILSVRC2012_val_00036869.JPEG,n04141076,776,776,0.40166593,1,imagenet_c,defocus_blur,1,none
efficientnet_b4,ILSVRC2012_val_00036904.JPEG,n04141076,776,776,0.53640825,1,imagenet_c,defocus_blur,1,none
efficientnet_b4,ILSVRC2012_val_00036922.JPEG,n04141076,776,776,0.3519387,1,imagenet_c,defocus_blur,1,none
efficientnet_b4,ILSVRC2012_val_00039518.JPEG,n04141076,776,634,0.14714299,0,imagenet_c,defocus_blur,1,none
efficientnet_b4,ILSVRC2012_val_00039538.JPEG,n04141076,776,776,0.3971804,1,imagenet_c,defocus_blur,1,none
efficientnet_b4,ILSVRC2012_val_00040575.JPEG,n04141076,776,432,0.21557613,0,imagenet_c,defocus_blur,1,none
efficientnet_b4,ILSVRC2012_val_00042195.JPEG,n04141076,776,513,0.43571272,0,imagenet_c,defocus_blur,1,none
efficientnet_b4,ILSVRC2012_val_00043019.JPEG,n04141076,776,916,0.2205954,0,imagenet_c,defocus_blur,1,none
efficientnet_b4,ILSVRC2012_val_00043084.JPEG,n04141076,776,789,0.2475271,0,imagenet_c,defocus_blur,1,none
efficientnet_b4,ILSVRC2012_val_00043168.JPEG,n04141076,776,776,0.4389341,1,imagenet_c,defocus_blur,1,none
efficientnet_b4,ILSVRC2012_val_00045041.JPEG,n04141076,776,776,0.72304827,1,imagenet_c,defocus_blur,1,none
efficientnet_b4,ILSVRC2012_val_00045255.JPEG,n04141076,776,776,0.28039396,1,imagenet_c,defocus_blur,1,none
efficientnet_b4,ILSVRC2012_val_00046335.JPEG,n04141076,776,776,0.47015527,1,imagenet_c,defocus_blur,1,none
efficientnet_b4,ILSVRC2012_val_00046634.JPEG,n04141076,776,584,0.08267804,0,imagenet_c,defocus_blur,1,none
efficientnet_b4,ILSVRC2012_val_00046661.JPEG,n04141076,776,602,0.16082503,0,imagenet_c,defocus_blur,1,none
efficientnet_b4,ILSVRC2012_val_00047864.JPEG,n04141076,776,776,0.49047226,1,imagenet_c,defocus_blur,1,none
efficientnet_b4,ILSVRC2012_val_00049676.JPEG,n04141076,776,413,0.09667176,0,imagenet_c,defocus_blur,1,none
efficientnet_b4,ILSVRC2012_val_00000039.JPEG,n04141327,777,777,0.1011019,1,imagenet_c,defocus_blur,1,none
efficientnet_b4,ILSVRC2012_val_00000325.JPEG,n04141327,777,777,0.28673935,1,imagenet_c,defocus_blur,1,none
efficientnet_b4,ILSVRC2012_val_00000622.JPEG,n04141327,777,777,0.38977882,1,imagenet_c,defocus_blur,1,none
efficientnet_b4,ILSVRC2012_val_00002306.JPEG,n04141327,777,777,0.8177645,1,imagenet_c,defocus_blur,1,none
efficientnet_b4,ILSVRC2012_val_00003236.JPEG,n04141327,777,777,0.36014214,1,imagenet_c,defocus_blur,1,none
efficientnet_b4,ILSVRC2012_val_00004352.JPEG,n04141327,777,777,0.67555964,1,imagenet_c,defocus_blur,1,none
efficientnet_b4,ILSVRC2012_val_00005665.JPEG,n04141327,777,777,0.3700972,1,imagenet_c,defocus_blur,1,none
efficientnet_b4,ILSVRC2012_val_00005709.JPEG,n04141327,777,777,0.14148258,1,imagenet_c,defocus_blur,1,none
efficientnet_b4,ILSVRC2012_val_00005711.JPEG,n04141327,777,623,0.17721815,0,imagenet_c,defocus_blur,1,none
efficientnet_b4,ILSVRC2012_val_00011950.JPEG,n04141327,777,777,0.3690439,1,imagenet_c,defocus_blur,1,none
efficientnet_b4,ILSVRC2012_val_00012008.JPEG,n04141327,777,777,0.69567513,1,imagenet_c,defocus_blur,1,none
efficientnet_b4,ILSVRC2012_val_00013147.JPEG,n04141327,777,777,0.6497994,1,imagenet_c,defocus_blur,1,none
efficientnet_b4,ILSVRC2012_val_00013868.JPEG,n04141327,777,597,0.43114406,0,imagenet_c,defocus_blur,1,none
efficientnet_b4,ILSVRC2012_val_00013935.JPEG,n04141327,777,777,0.53524554,1,imagenet_c,defocus_blur,1,none
efficientnet_b4,ILSVRC2012_val_00014290.JPEG,n04141327,777,777,0.45214435,1,imagenet_c,defocus_blur,1,none
efficientnet_b4,ILSVRC2012_val_00015202.JPEG,n04141327,777,777,0.48663867,1,imagenet_c,defocus_blur,1,none
efficientnet_b4,ILSVRC2012_val_00016260.JPEG,n04141327,777,777,0.4403454,1,imagenet_c,defocus_blur,1,none
efficientnet_b4,ILSVRC2012_val_00016635.JPEG,n04141327,777,777,0.31153956,1,imagenet_c,defocus_blur,1,none
efficientnet_b4,ILSVRC2012_val_00018070.JPEG,n04141327,777,777,0.09824166,1,imagenet_c,defocus_blur,1,none
efficientnet_b4,ILSVRC2012_val_00019941.JPEG,n04141327,777,777,0.56186724,1,imagenet_c,defocus_blur,1,none
efficientnet_b4,ILSVRC2012_val_00020548.JPEG,n04141327,777,798,0.1693775,0,imagenet_c,defocus_blur,1,none
efficientnet_b4,ILSVRC2012_val_00020600.JPEG,n04141327,777,777,0.491368,1,imagenet_c,defocus_blur,1,none
efficientnet_b4,ILSVRC2012_val_00021220.JPEG,n04141327,777,777,0.3302347,1,imagenet_c,defocus_blur,1,none
efficientnet_b4,ILSVRC2012_val_00021381.JPEG,n04141327,777,777,0.14127408,1,imagenet_c,defocus_blur,1,none
efficientnet_b4,ILSVRC2012_val_00023479.JPEG,n04141327,777,777,0.4020032,1,imagenet_c,defocus_blur,1,none
efficientnet_b4,ILSVRC2012_val_00023482.JPEG,n04141327,777,777,0.672127,1,imagenet_c,defocus_blur,1,none
efficientnet_b4,ILSVRC2012_val_00026734.JPEG,n04141327,777,623,0.14432171,0,imagenet_c,defocus_blur,1,none
efficientnet_b4,ILSVRC2012_val_00027138.JPEG,n04141327,777,777,0.2576114,1,imagenet_c,defocus_blur,1,none
efficientnet_b4,ILSVRC2012_val_00027852.JPEG,n04141327,777,843,0.29275906,0,imagenet_c,defocus_blur,1,none
efficientnet_b4,ILSVRC2012_val_00029485.JPEG,n04141327,777,777,0.3748344,1,imagenet_c,defocus_blur,1,none
efficientnet_b4,ILSVRC2012_val_00029517.JPEG,n04141327,777,777,0.4895456,1,imagenet_c,defocus_blur,1,none
efficientnet_b4,ILSVRC2012_val_00030277.JPEG,n04141327,777,587,0.113923244,0,imagenet_c,defocus_blur,1,none
efficientnet_b4,ILSVRC2012_val_00032048.JPEG,n04141327,777,499,0.42250484,0,imagenet_c,defocus_blur,1,none
efficientnet_b4,ILSVRC2012_val_00032403.JPEG,n04141327,777,777,0.18703946,1,imagenet_c,defocus_blur,1,none
efficientnet_b4,ILSVRC2012_val_00032431.JPEG,n04141327,777,777,0.6604186,1,imagenet_c,defocus_blur,1,none
efficientnet_b4,ILSVRC2012_val_00035181.JPEG,n04141327,777,777,0.29719055,1,imagenet_c,defocus_blur,1,none
efficientnet_b4,ILSVRC2012_val_00036286.JPEG,n04141327,777,777,0.5268924,1,imagenet_c,defocus_blur,1,none
efficientnet_b4,ILSVRC2012_val_00036848.JPEG,n04141327,777,777,0.20686807,1,imagenet_c,defocus_blur,1,none
efficientnet_b4,ILSVRC2012_val_00037001.JPEG,n04141327,777,777,0.54545844,1,imagenet_c,defocus_blur,1,none
efficientnet_b4,ILSVRC2012_val_00037613.JPEG,n04141327,777,524,0.06541182,0,imagenet_c,defocus_blur,1,none
efficientnet_b4,ILSVRC2012_val_00038141.JPEG,n04141327,777,777,0.3716008,1,imagenet_c,defocus_blur,1,none
efficientnet_b4,ILSVRC2012_val_00038425.JPEG,n04141327,777,813,0.11560981,0,imagenet_c,defocus_blur,1,none
efficientnet_b4,ILSVRC2012_val_00040488.JPEG,n04141327,777,777,0.5115823,1,imagenet_c,defocus_blur,1,none
efficientnet_b4,ILSVRC2012_val_00040667.JPEG,n04141327,777,777,0.5837807,1,imagenet_c,defocus_blur,1,none
efficientnet_b4,ILSVRC2012_val_00042812.JPEG,n04141327,777,623,0.38807455,0,imagenet_c,defocus_blur,1,none
efficientnet_b4,ILSVRC2012_val_00043071.JPEG,n04141327,777,891,0.11746274,0,imagenet_c,defocus_blur,1,none
efficientnet_b4,ILSVRC2012_val_00045024.JPEG,n04141327,777,693,0.1952611,0,imagenet_c,defocus_blur,1,none
efficientnet_b4,ILSVRC2012_val_00045196.JPEG,n04141327,777,777,0.40275583,1,imagenet_c,defocus_blur,1,none
efficientnet_b4,ILSVRC2012_val_00045772.JPEG,n04141327,777,777,0.4436741,1,imagenet_c,defocus_blur,1,none
efficientnet_b4,ILSVRC2012_val_00049068.JPEG,n04141327,777,777,0.52761376,1,imagenet_c,defocus_blur,1,none
efficientnet_b4,ILSVRC2012_val_00001091.JPEG,n04141975,778,480,0.17197019,0,imagenet_c,defocus_blur,1,none
efficientnet_b4,ILSVRC2012_val_00001423.JPEG,n04141975,778,778,0.48381153,1,imagenet_c,defocus_blur,1,none
efficientnet_b4,ILSVRC2012_val_00001815.JPEG,n04141975,778,778,0.32408094,1,imagenet_c,defocus_blur,1,none
efficientnet_b4,ILSVRC2012_val_00002918.JPEG,n04141975,778,705,0.14662556,0,imagenet_c,defocus_blur,1,none
efficientnet_b4,ILSVRC2012_val_00003571.JPEG,n04141975,778,662,0.1266988,0,imagenet_c,defocus_blur,1,none
efficientnet_b4,ILSVRC2012_val_00006418.JPEG,n04141975,778,826,0.3906014,0,imagenet_c,defocus_blur,1,none
efficientnet_b4,ILSVRC2012_val_00006686.JPEG,n04141975,778,778,0.61925286,1,imagenet_c,defocus_blur,1,none
efficientnet_b4,ILSVRC2012_val_00007472.JPEG,n04141975,778,883,0.26330432,0,imagenet_c,defocus_blur,1,none
efficientnet_b4,ILSVRC2012_val_00007650.JPEG,n04141975,778,778,0.3980751,1,imagenet_c,defocus_blur,1,none
efficientnet_b4,ILSVRC2012_val_00008150.JPEG,n04141975,778,778,0.7251251,1,imagenet_c,defocus_blur,1,none
efficientnet_b4,ILSVRC2012_val_00008190.JPEG,n04141975,778,778,0.85550743,1,imagenet_c,defocus_blur,1,none
efficientnet_b4,ILSVRC2012_val_00009182.JPEG,n04141975,778,778,0.8044595,1,imagenet_c,defocus_blur,1,none
efficientnet_b4,ILSVRC2012_val_00010284.JPEG,n04141975,778,826,0.70234716,0,imagenet_c,defocus_blur,1,none
efficientnet_b4,ILSVRC2012_val_00011033.JPEG,n04141975,778,674,0.14519905,0,imagenet_c,defocus_blur,1,none
efficientnet_b4,ILSVRC2012_val_00012529.JPEG,n04141975,778,571,0.4691737,0,imagenet_c,defocus_blur,1,none
efficientnet_b4,ILSVRC2012_val_00013746.JPEG,n04141975,778,739,0.1259612,0,imagenet_c,defocus_blur,1,none
efficientnet_b4,ILSVRC2012_val_00013890.JPEG,n04141975,778,778,0.8503687,1,imagenet_c,defocus_blur,1,none
efficientnet_b4,ILSVRC2012_val_00013893.JPEG,n04141975,778,778,0.05301384,1,imagenet_c,defocus_blur,1,none
efficientnet_b4,ILSVRC2012_val_00014401.JPEG,n04141975,778,778,0.85462165,1,imagenet_c,defocus_blur,1,none
efficientnet_b4,ILSVRC2012_val_00015442.JPEG,n04141975,778,604,0.22350682,0,imagenet_c,defocus_blur,1,none
efficientnet_b4,ILSVRC2012_val_00015494.JPEG,n04141975,778,778,0.41472304,1,imagenet_c,defocus_blur,1,none
efficientnet_b4,ILSVRC2012_val_00015707.JPEG,n04141975,778,844,0.060337335,0,imagenet_c,defocus_blur,1,none
efficientnet_b4,ILSVRC2012_val_00016073.JPEG,n04141975,778,778,0.1482856,1,imagenet_c,defocus_blur,1,none
efficientnet_b4,ILSVRC2012_val_00016341.JPEG,n04141975,778,778,0.3010212,1,imagenet_c,defocus_blur,1,none
efficientnet_b4,ILSVRC2012_val_00017206.JPEG,n04141975,778,778,0.19674475,1,imagenet_c,defocus_blur,1,none
efficientnet_b4,ILSVRC2012_val_00018820.JPEG,n04141975,778,822,0.53593314,0,imagenet_c,defocus_blur,1,none
efficientnet_b4,ILSVRC2012_val_00020839.JPEG,n04141975,778,722,0.055150058,0,imagenet_c,defocus_blur,1,none
efficientnet_b4,ILSVRC2012_val_00021481.JPEG,n04141975,778,778,0.276942,1,imagenet_c,defocus_blur,1,none
efficientnet_b4,ILSVRC2012_val_00021610.JPEG,n04141975,778,778,0.15108627,1,imagenet_c,defocus_blur,1,none
efficientnet_b4,ILSVRC2012_val_00021665.JPEG,n04141975,778,778,0.41502154,1,imagenet_c,defocus_blur,1,none
efficientnet_b4,ILSVRC2012_val_00027733.JPEG,n04141975,778,778,0.82470936,1,imagenet_c,defocus_blur,1,none
efficientnet_b4,ILSVRC2012_val_00028818.JPEG,n04141975,778,886,0.15883921,0,imagenet_c,defocus_blur,1,none
efficientnet_b4,ILSVRC2012_val_00032357.JPEG,n04141975,778,467,0.4489831,0,imagenet_c,defocus_blur,1,none
efficientnet_b4,ILSVRC2012_val_00032635.JPEG,n04141975,778,778,0.75822383,1,imagenet_c,defocus_blur,1,none
efficientnet_b4,ILSVRC2012_val_00033114.JPEG,n04141975,778,778,0.8793053,1,imagenet_c,defocus_blur,1,none
efficientnet_b4,ILSVRC2012_val_00034393.JPEG,n04141975,778,778,0.14445595,1,imagenet_c,defocus_blur,1,none
efficientnet_b4,ILSVRC2012_val_00035230.JPEG,n04141975,778,778,0.69777465,1,imagenet_c,defocus_blur,1,none
efficientnet_b4,ILSVRC2012_val_00036057.JPEG,n04141975,778,476,0.57802016,0,imagenet_c,defocus_blur,1,none
efficientnet_b4,ILSVRC2012_val_00037979.JPEG,n04141975,778,409,0.24937955,0,imagenet_c,defocus_blur,1,none
efficientnet_b4,ILSVRC2012_val_00038468.JPEG,n04141975,778,778,0.71665096,1,imagenet_c,defocus_blur,1,none
efficientnet_b4,ILSVRC2012_val_00039529.JPEG,n04141975,778,778,0.72803926,1,imagenet_c,defocus_blur,1,none
efficientnet_b4,ILSVRC2012_val_00039660.JPEG,n04141975,778,778,0.46120152,1,imagenet_c,defocus_blur,1,none
efficientnet_b4,ILSVRC2012_val_00040149.JPEG,n04141975,778,778,0.2690696,1,imagenet_c,defocus_blur,1,none
efficientnet_b4,ILSVRC2012_val_00042247.JPEG,n04141975,778,739,0.08608963,0,imagenet_c,defocus_blur,1,none
efficientnet_b4,ILSVRC2012_val_00043471.JPEG,n04141975,778,778,0.8793923,1,imagenet_c,defocus_blur,1,none
efficientnet_b4,ILSVRC2012_val_00044631.JPEG,n04141975,778,778,0.8538604,1,imagenet_c,defocus_blur,1,none
efficientnet_b4,ILSVRC2012_val_00044791.JPEG,n04141975,778,583,0.08159569,0,imagenet_c,defocus_blur,1,none
efficientnet_b4,ILSVRC2012_val_00045769.JPEG,n04141975,778,778,0.24141416,1,imagenet_c,defocus_blur,1,none
efficientnet_b4,ILSVRC2012_val_00047207.JPEG,n04141975,778,772,0.7112756,0,imagenet_c,defocus_blur,1,none
efficientnet_b4,ILSVRC2012_val_00048812.JPEG,n04141975,778,778,0.10132661,1,imagenet_c,defocus_blur,1,none
efficientnet_b4,ILSVRC2012_val_00001736.JPEG,n04146614,779,779,0.3900114,1,imagenet_c,defocus_blur,1,none
efficientnet_b4,ILSVRC2012_val_00001771.JPEG,n04146614,779,779,0.5252689,1,imagenet_c,defocus_blur,1,none
efficientnet_b4,ILSVRC2012_val_00001801.JPEG,n04146614,779,779,0.6786933,1,imagenet_c,defocus_blur,1,none
efficientnet_b4,ILSVRC2012_val_00002346.JPEG,n04146614,779,779,0.7893064,1,imagenet_c,defocus_blur,1,none
efficientnet_b4,ILSVRC2012_val_00003709.JPEG,n04146614,779,779,0.58953524,1,imagenet_c,defocus_blur,1,none
efficientnet_b4,ILSVRC2012_val_00004786.JPEG,n04146614,779,779,0.6181976,1,imagenet_c,defocus_blur,1,none
efficientnet_b4,ILSVRC2012_val_00005051.JPEG,n04146614,779,779,0.6987089,1,imagenet_c,defocus_blur,1,none
efficientnet_b4,ILSVRC2012_val_00005166.JPEG,n04146614,779,803,0.27270755,0,imagenet_c,defocus_blur,1,none
efficientnet_b4,ILSVRC2012_val_00007635.JPEG,n04146614,779,779,0.6220735,1,imagenet_c,defocus_blur,1,none
efficientnet_b4,ILSVRC2012_val_00009450.JPEG,n04146614,779,779,0.3716771,1,imagenet_c,defocus_blur,1,none
efficientnet_b4,ILSVRC2012_val_00010117.JPEG,n04146614,779,779,0.66031194,1,imagenet_c,defocus_blur,1,none
efficientnet_b4,ILSVRC2012_val_00010401.JPEG,n04146614,779,779,0.54856956,1,imagenet_c,defocus_blur,1,none
efficientnet_b4,ILSVRC2012_val_00011337.JPEG,n04146614,779,779,0.5354577,1,imagenet_c,defocus_blur,1,none
efficientnet_b4,ILSVRC2012_val_00011870.JPEG,n04146614,779,779,0.5752457,1,imagenet_c,defocus_blur,1,none
efficientnet_b4,ILSVRC2012_val_00013009.JPEG,n04146614,779,779,0.42753467,1,imagenet_c,defocus_blur,1,none
efficientnet_b4,ILSVRC2012_val_00013295.JPEG,n04146614,779,705,0.26956952,0,imagenet_c,defocus_blur,1,none
efficientnet_b4,ILSVRC2012_val_00014611.JPEG,n04146614,779,779,0.6275223,1,imagenet_c,defocus_blur,1,none
efficientnet_b4,ILSVRC2012_val_00015048.JPEG,n04146614,779,779,0.49314654,1,imagenet_c,defocus_blur,1,none
efficientnet_b4,ILSVRC2012_val_00015541.JPEG,n04146614,779,779,0.57332814,1,imagenet_c,defocus_blur,1,none
efficientnet_b4,ILSVRC2012_val_00016549.JPEG,n04146614,779,779,0.56550866,1,imagenet_c,defocus_blur,1,none
efficientnet_b4,ILSVRC2012_val_00016837.JPEG,n04146614,779,779,0.5559485,1,imagenet_c,defocus_blur,1,none
efficientnet_b4,ILSVRC2012_val_00018378.JPEG,n04146614,779,779,0.5665567,1,imagenet_c,defocus_blur,1,none
efficientnet_b4,ILSVRC2012_val_00018568.JPEG,n04146614,779,779,0.3674093,1,imagenet_c,defocus_blur,1,none
efficientnet_b4,ILSVRC2012_val_00019046.JPEG,n04146614,779,779,0.56784314,1,imagenet_c,defocus_blur,1,none
efficientnet_b4,ILSVRC2012_val_00020112.JPEG,n04146614,779,779,0.55629593,1,imagenet_c,defocus_blur,1,none
efficientnet_b4,ILSVRC2012_val_00022679.JPEG,n04146614,779,705,0.23430625,0,imagenet_c,defocus_blur,1,none
efficientnet_b4,ILSVRC2012_val_00023836.JPEG,n04146614,779,779,0.42804337,1,imagenet_c,defocus_blur,1,none
efficientnet_b4,ILSVRC2012_val_00024242.JPEG,n04146614,779,779,0.59270954,1,imagenet_c,defocus_blur,1,none
efficientnet_b4,ILSVRC2012_val_00025461.JPEG,n04146614,779,779,0.3770751,1,imagenet_c,defocus_blur,1,none
efficientnet_b4,ILSVRC2012_val_00028026.JPEG,n04146614,779,779,0.5100965,1,imagenet_c,defocus_blur,1,none
efficientnet_b4,ILSVRC2012_val_00028711.JPEG,n04146614,779,779,0.5314079,1,imagenet_c,defocus_blur,1,none
efficientnet_b4,ILSVRC2012_val_00029385.JPEG,n04146614,779,779,0.57073003,1,imagenet_c,defocus_blur,1,none
efficientnet_b4,ILSVRC2012_val_00029535.JPEG,n04146614,779,779,0.5232793,1,imagenet_c,defocus_blur,1,none
efficientnet_b4,ILSVRC2012_val_00030750.JPEG,n04146614,779,779,0.44924,1,imagenet_c,defocus_blur,1,none
efficientnet_b4,ILSVRC2012_val_00031163.JPEG,n04146614,779,779,0.505016,1,imagenet_c,defocus_blur,1,none
efficientnet_b4,ILSVRC2012_val_00031870.JPEG,n04146614,779,779,0.584742,1,imagenet_c,defocus_blur,1,none
efficientnet_b4,ILSVRC2012_val_00033865.JPEG,n04146614,779,779,0.5975748,1,imagenet_c,defocus_blur,1,none
efficientnet_b4,ILSVRC2012_val_00034573.JPEG,n04146614,779,779,0.5504293,1,imagenet_c,defocus_blur,1,none
efficientnet_b4,ILSVRC2012_val_00034858.JPEG,n04146614,779,779,0.57543075,1,imagenet_c,defocus_blur,1,none
efficientnet_b4,ILSVRC2012_val_00035824.JPEG,n04146614,779,779,0.48148993,1,imagenet_c,defocus_blur,1,none
efficientnet_b4,ILSVRC2012_val_00035866.JPEG,n04146614,779,408,0.292171,0,imagenet_c,defocus_blur,1,none
efficientnet_b4,ILSVRC2012_val_00035985.JPEG,n04146614,779,779,0.4846566,1,imagenet_c,defocus_blur,1,none
efficientnet_b4,ILSVRC2012_val_00036576.JPEG,n04146614,779,779,0.4680868,1,imagenet_c,defocus_blur,1,none
efficientnet_b4,ILSVRC2012_val_00037681.JPEG,n04146614,779,779,0.56073356,1,imagenet_c,defocus_blur,1,none
efficientnet_b4,ILSVRC2012_val_00038209.JPEG,n04146614,779,779,0.56711036,1,imagenet_c,defocus_blur,1,none
efficientnet_b4,ILSVRC2012_val_00038506.JPEG,n04146614,779,779,0.5553018,1,imagenet_c,defocus_blur,1,none
efficientnet_b4,ILSVRC2012_val_00045030.JPEG,n04146614,779,779,0.51186705,1,imagenet_c,defocus_blur,1,none
efficientnet_b4,ILSVRC2012_val_00045384.JPEG,n04146614,779,705,0.34233144,0,imagenet_c,defocus_blur,1,none
efficientnet_b4,ILSVRC2012_val_00045798.JPEG,n04146614,779,779,0.4220703,1,imagenet_c,defocus_blur,1,none
efficientnet_b4,ILSVRC2012_val_00047962.JPEG,n04146614,779,779,0.45841447,1,imagenet_c,defocus_blur,1,none
efficientnet_b4,ILSVRC2012_val_00000094.JPEG,n04147183,780,914,0.14422306,0,imagenet_c,defocus_blur,1,none
efficientnet_b4,ILSVRC2012_val_00001551.JPEG,n04147183,780,780,0.56266093,1,imagenet_c,defocus_blur,1,none
efficientnet_b4,ILSVRC2012_val_00003088.JPEG,n04147183,780,484,0.24186334,0,imagenet_c,defocus_blur,1,none
efficientnet_b4,ILSVRC2012_val_00003815.JPEG,n04147183,780,914,0.29225382,0,imagenet_c,defocus_blur,1,none
efficientnet_b4,ILSVRC2012_val_00004682.JPEG,n04147183,780,780,0.57497585,1,imagenet_c,defocus_blur,1,none
efficientnet_b4,ILSVRC2012_val_00005106.JPEG,n04147183,780,780,0.34112307,1,imagenet_c,defocus_blur,1,none
efficientnet_b4,ILSVRC2012_val_00007607.JPEG,n04147183,780,780,0.58024395,1,imagenet_c,defocus_blur,1,none
efficientnet_b4,ILSVRC2012_val_00007978.JPEG,n04147183,780,780,0.60806286,1,imagenet_c,defocus_blur,1,none
efficientnet_b4,ILSVRC2012_val_00009142.JPEG,n04147183,780,780,0.6419746,1,imagenet_c,defocus_blur,1,none
efficientnet_b4,ILSVRC2012_val_00010749.JPEG,n04147183,780,628,0.26364136,0,imagenet_c,defocus_blur,1,none
efficientnet_b4,ILSVRC2012_val_00011098.JPEG,n04147183,780,780,0.48043084,1,imagenet_c,defocus_blur,1,none
efficientnet_b4,ILSVRC2012_val_00011254.JPEG,n04147183,780,780,0.77172166,1,imagenet_c,defocus_blur,1,none
efficientnet_b4,ILSVRC2012_val_00011910.JPEG,n04147183,780,780,0.5711269,1,imagenet_c,defocus_blur,1,none
efficientnet_b4,ILSVRC2012_val_00012054.JPEG,n04147183,780,780,0.40363145,1,imagenet_c,defocus_blur,1,none
efficientnet_b4,ILSVRC2012_val_00012095.JPEG,n04147183,780,780,0.38277897,1,imagenet_c,defocus_blur,1,none
efficientnet_b4,ILSVRC2012_val_00012295.JPEG,n04147183,780,724,0.18105315,0,imagenet_c,defocus_blur,1,none
efficientnet_b4,ILSVRC2012_val_00012794.JPEG,n04147183,780,780,0.5080544,1,imagenet_c,defocus_blur,1,none
efficientnet_b4,ILSVRC2012_val_00014535.JPEG,n04147183,780,780,0.44615746,1,imagenet_c,defocus_blur,1,none
efficientnet_b4,ILSVRC2012_val_00015627.JPEG,n04147183,780,780,0.63664937,1,imagenet_c,defocus_blur,1,none
efficientnet_b4,ILSVRC2012_val_00015783.JPEG,n04147183,780,914,0.5784012,0,imagenet_c,defocus_blur,1,none
efficientnet_b4,ILSVRC2012_val_00016151.JPEG,n04147183,780,780,0.53701854,1,imagenet_c,defocus_blur,1,none
efficientnet_b4,ILSVRC2012_val_00017721.JPEG,n04147183,780,780,0.5574722,1,imagenet_c,defocus_blur,1,none
efficientnet_b4,ILSVRC2012_val_00017945.JPEG,n04147183,780,780,0.481232,1,imagenet_c,defocus_blur,1,none
efficientnet_b4,ILSVRC2012_val_00019624.JPEG,n04147183,780,780,0.41105667,1,imagenet_c,defocus_blur,1,none
efficientnet_b4,ILSVRC2012_val_00021861.JPEG,n04147183,780,780,0.58492607,1,imagenet_c,defocus_blur,1,none
efficientnet_b4,ILSVRC2012_val_00023233.JPEG,n04147183,780,914,0.39693388,0,imagenet_c,defocus_blur,1,none
efficientnet_b4,ILSVRC2012_val_00025661.JPEG,n04147183,780,464,0.089565225,0,imagenet_c,defocus_blur,1,none
efficientnet_b4,ILSVRC2012_val_00026899.JPEG,n04147183,780,724,0.3349887,0,imagenet_c,defocus_blur,1,none
efficientnet_b4,ILSVRC2012_val_00027291.JPEG,n04147183,780,780,0.4358462,1,imagenet_c,defocus_blur,1,none
efficientnet_b4,ILSVRC2012_val_00030809.JPEG,n04147183,780,780,0.61431086,1,imagenet_c,defocus_blur,1,none
efficientnet_b4,ILSVRC2012_val_00031936.JPEG,n04147183,780,780,0.74614376,1,imagenet_c,defocus_blur,1,none
efficientnet_b4,ILSVRC2012_val_00032553.JPEG,n04147183,780,536,0.32368073,0,imagenet_c,defocus_blur,1,none
efficientnet_b4,ILSVRC2012_val_00032731.JPEG,n04147183,780,780,0.6948176,1,imagenet_c,defocus_blur,1,none
efficientnet_b4,ILSVRC2012_val_00036163.JPEG,n04147183,780,780,0.6170216,1,imagenet_c,defocus_blur,1,none
efficientnet_b4,ILSVRC2012_val_00037184.JPEG,n04147183,780,780,0.2933172,1,imagenet_c,defocus_blur,1,none
efficientnet_b4,ILSVRC2012_val_00037955.JPEG,n04147183,780,780,0.33346328,1,imagenet_c,defocus_blur,1,none
efficientnet_b4,ILSVRC2012_val_00038471.JPEG,n04147183,780,975,0.045831494,0,imagenet_c,defocus_blur,1,none
efficientnet_b4,ILSVRC2012_val_00038543.JPEG,n04147183,780,780,0.59250385,1,imagenet_c,defocus_blur,1,none
efficientnet_b4,ILSVRC2012_val_00040977.JPEG,n04147183,780,914,0.35115856,0,imagenet_c,defocus_blur,1,none
efficientnet_b4,ILSVRC2012_val_00041013.JPEG,n04147183,780,780,0.52069914,1,imagenet_c,defocus_blur,1,none
efficientnet_b4,ILSVRC2012_val_00041082.JPEG,n04147183,780,780,0.34807095,1,imagenet_c,defocus_blur,1,none
efficientnet_b4,ILSVRC2012_val_00042895.JPEG,n04147183,780,780,0.4539862,1,imagenet_c,defocus_blur,1,none
efficientnet_b4,ILSVRC2012_val_00045694.JPEG,n04147183,780,780,0.5306517,1,imagenet_c,defocus_blur,1,none
efficientnet_b4,ILSVRC2012_val_00046278.JPEG,n04147183,780,780,0.5894918,1,imagenet_c,defocus_blur,1,none
efficientnet_b4,ILSVRC2012_val_00047403.JPEG,n04147183,780,780,0.63545644,1,imagenet_c,defocus_blur,1,none
efficientnet_b4,ILSVRC2012_val_00047791.JPEG,n04147183,780,780,0.7088659,1,imagenet_c,defocus_blur,1,none
efficientnet_b4,ILSVRC2012_val_00047934.JPEG,n04147183,780,780,0.612804,1,imagenet_c,defocus_blur,1,none
efficientnet_b4,ILSVRC2012_val_00048691.JPEG,n04147183,780,780,0.538784,1,imagenet_c,defocus_blur,1,none
efficientnet_b4,ILSVRC2012_val_00048988.JPEG,n04147183,780,780,0.6376915,1,imagenet_c,defocus_blur,1,none
efficientnet_b4,ILSVRC2012_val_00049923.JPEG,n04147183,780,780,0.6854112,1,imagenet_c,defocus_blur,1,none
efficientnet_b4,ILSVRC2012_val_00000167.JPEG,n04149813,781,781,0.3309523,1,imagenet_c,defocus_blur,1,none
efficientnet_b4,ILSVRC2012_val_00000563.JPEG,n04149813,781,781,0.6483739,1,imagenet_c,defocus_blur,1,none
efficientnet_b4,ILSVRC2012_val_00001205.JPEG,n04149813,781,781,0.28749475,1,imagenet_c,defocus_blur,1,none
efficientnet_b4,ILSVRC2012_val_00001828.JPEG,n04149813,781,781,0.5318771,1,imagenet_c,defocus_blur,1,none
efficientnet_b4,ILSVRC2012_val_00002156.JPEG,n04149813,781,781,0.6207398,1,imagenet_c,defocus_blur,1,none
efficientnet_b4,ILSVRC2012_val_00003106.JPEG,n04149813,781,781,0.48368394,1,imagenet_c,defocus_blur,1,none
efficientnet_b4,ILSVRC2012_val_00006066.JPEG,n04149813,781,781,0.3098111,1,imagenet_c,defocus_blur,1,none
efficientnet_b4,ILSVRC2012_val_00006068.JPEG,n04149813,781,781,0.5646019,1,imagenet_c,defocus_blur,1,none
efficientnet_b4,ILSVRC2012_val_00006110.JPEG,n04149813,781,781,0.5821975,1,imagenet_c,defocus_blur,1,none
efficientnet_b4,ILSVRC2012_val_00008285.JPEG,n04149813,781,781,0.6910199,1,imagenet_c,defocus_blur,1,none
efficientnet_b4,ILSVRC2012_val_00008865.JPEG,n04149813,781,781,0.6265705,1,imagenet_c,defocus_blur,1,none
efficientnet_b4,ILSVRC2012_val_00010224.JPEG,n04149813,781,781,0.63933575,1,imagenet_c,defocus_blur,1,none
efficientnet_b4,ILSVRC2012_val_00011266.JPEG,n04149813,781,781,0.5863068,1,imagenet_c,defocus_blur,1,none
efficientnet_b4,ILSVRC2012_val_00011762.JPEG,n04149813,781,781,0.6730698,1,imagenet_c,defocus_blur,1,none
efficientnet_b4,ILSVRC2012_val_00013942.JPEG,n04149813,781,981,0.3096472,0,imagenet_c,defocus_blur,1,none
efficientnet_b4,ILSVRC2012_val_00013984.JPEG,n04149813,781,557,0.30364153,0,imagenet_c,defocus_blur,1,none
efficientnet_b4,ILSVRC2012_val_00017160.JPEG,n04149813,781,781,0.5596151,1,imagenet_c,defocus_blur,1,none
efficientnet_b4,ILSVRC2012_val_00017213.JPEG,n04149813,781,781,0.6070594,1,imagenet_c,defocus_blur,1,none
efficientnet_b4,ILSVRC2012_val_00018396.JPEG,n04149813,781,743,0.08160298,0,imagenet_c,defocus_blur,1,none
efficientnet_b4,ILSVRC2012_val_00021901.JPEG,n04149813,781,781,0.087392405,1,imagenet_c,defocus_blur,1,none
efficientnet_b4,ILSVRC2012_val_00022104.JPEG,n04149813,781,781,0.47931495,1,imagenet_c,defocus_blur,1,none
efficientnet_b4,ILSVRC2012_val_00022294.JPEG,n04149813,781,781,0.4422476,1,imagenet_c,defocus_blur,1,none
efficientnet_b4,ILSVRC2012_val_00023216.JPEG,n04149813,781,781,0.21247332,1,imagenet_c,defocus_blur,1,none
efficientnet_b4,ILSVRC2012_val_00023616.JPEG,n04149813,781,781,0.72467315,1,imagenet_c,defocus_blur,1,none
efficientnet_b4,ILSVRC2012_val_00025406.JPEG,n04149813,781,981,0.37098703,0,imagenet_c,defocus_blur,1,none
efficientnet_b4,ILSVRC2012_val_00025578.JPEG,n04149813,781,781,0.78932154,1,imagenet_c,defocus_blur,1,none
efficientnet_b4,ILSVRC2012_val_00026083.JPEG,n04149813,781,781,0.22687076,1,imagenet_c,defocus_blur,1,none
efficientnet_b4,ILSVRC2012_val_00026520.JPEG,n04149813,781,713,0.17243332,0,imagenet_c,defocus_blur,1,none
efficientnet_b4,ILSVRC2012_val_00028121.JPEG,n04149813,781,660,0.12890996,0,imagenet_c,defocus_blur,1,none
efficientnet_b4,ILSVRC2012_val_00030627.JPEG,n04149813,781,682,0.37674382,0,imagenet_c,defocus_blur,1,none
efficientnet_b4,ILSVRC2012_val_00032339.JPEG,n04149813,781,781,0.11160137,1,imagenet_c,defocus_blur,1,none
efficientnet_b4,ILSVRC2012_val_00034592.JPEG,n04149813,781,781,0.63235223,1,imagenet_c,defocus_blur,1,none
efficientnet_b4,ILSVRC2012_val_00034679.JPEG,n04149813,781,781,0.6423036,1,imagenet_c,defocus_blur,1,none
efficientnet_b4,ILSVRC2012_val_00035126.JPEG,n04149813,781,800,0.24992433,0,imagenet_c,defocus_blur,1,none
efficientnet_b4,ILSVRC2012_val_00035385.JPEG,n04149813,781,781,0.54280466,1,imagenet_c,defocus_blur,1,none
efficientnet_b4,ILSVRC2012_val_00035677.JPEG,n04149813,781,781,0.30547455,1,imagenet_c,defocus_blur,1,none
efficientnet_b4,ILSVRC2012_val_00036427.JPEG,n04149813,781,781,0.53827226,1,imagenet_c,defocus_blur,1,none
efficientnet_b4,ILSVRC2012_val_00036681.JPEG,n04149813,781,781,0.5460387,1,imagenet_c,defocus_blur,1,none
efficientnet_b4,ILSVRC2012_val_00036723.JPEG,n04149813,781,781,0.1460858,1,imagenet_c,defocus_blur,1,none
efficientnet_b4,ILSVRC2012_val_00038302.JPEG,n04149813,781,781,0.5273749,1,imagenet_c,defocus_blur,1,none
efficientnet_b4,ILSVRC2012_val_00041389.JPEG,n04149813,781,781,0.2557967,1,imagenet_c,defocus_blur,1,none
efficientnet_b4,ILSVRC2012_val_00042239.JPEG,n04149813,781,781,0.49532968,1,imagenet_c,defocus_blur,1,none
efficientnet_b4,ILSVRC2012_val_00043738.JPEG,n04149813,781,781,0.46787462,1,imagenet_c,defocus_blur,1,none
efficientnet_b4,ILSVRC2012_val_00044442.JPEG,n04149813,781,781,0.35717222,1,imagenet_c,defocus_blur,1,none
efficientnet_b4,ILSVRC2012_val_00046809.JPEG,n04149813,781,781,0.6097627,1,imagenet_c,defocus_blur,1,none
efficientnet_b4,ILSVRC2012_val_00047519.JPEG,n04149813,781,781,0.25573602,1,imagenet_c,defocus_blur,1,none
efficientnet_b4,ILSVRC2012_val_00048127.JPEG,n04149813,781,781,0.4503879,1,imagenet_c,defocus_blur,1,none
efficientnet_b4,ILSVRC2012_val_00048154.JPEG,n04149813,781,781,0.2894602,1,imagenet_c,defocus_blur,1,none
efficientnet_b4,ILSVRC2012_val_00048768.JPEG,n04149813,781,781,0.53100926,1,imagenet_c,defocus_blur,1,none
efficientnet_b4,ILSVRC2012_val_00049647.JPEG,n04149813,781,781,0.39815772,1,imagenet_c,defocus_blur,1,none
efficientnet_b4,ILSVRC2012_val_00001269.JPEG,n04152593,782,851,0.25383377,0,imagenet_c,defocus_blur,1,none
efficientnet_b4,ILSVRC2012_val_00001526.JPEG,n04152593,782,526,0.11866923,0,imagenet_c,defocus_blur,1,none
efficientnet_b4,ILSVRC2012_val_00001571.JPEG,n04152593,782,526,0.15336724,0,imagenet_c,defocus_blur,1,none
efficientnet_b4,ILSVRC2012_val_00002598.JPEG,n04152593,782,664,0.30743977,0,imagenet_c,defocus_blur,1,none
efficientnet_b4,ILSVRC2012_val_00002676.JPEG,n04152593,782,851,0.34272385,0,imagenet_c,defocus_blur,1,none
efficientnet_b4,ILSVRC2012_val_00002810.JPEG,n04152593,782,782,0.14286265,1,imagenet_c,defocus_blur,1,none
efficientnet_b4,ILSVRC2012_val_00003507.JPEG,n04152593,782,527,0.085452944,0,imagenet_c,defocus_blur,1,none
efficientnet_b4,ILSVRC2012_val_00006175.JPEG,n04152593,782,651,0.26337418,0,imagenet_c,defocus_blur,1,none
efficientnet_b4,ILSVRC2012_val_00006186.JPEG,n04152593,782,818,0.047511123,0,imagenet_c,defocus_blur,1,none
efficientnet_b4,ILSVRC2012_val_00006324.JPEG,n04152593,782,782,0.49749327,1,imagenet_c,defocus_blur,1,none
efficientnet_b4,ILSVRC2012_val_00008286.JPEG,n04152593,782,527,0.22888047,0,imagenet_c,defocus_blur,1,none
efficientnet_b4,ILSVRC2012_val_00010831.JPEG,n04152593,782,782,0.50762457,1,imagenet_c,defocus_blur,1,none
efficientnet_b4,ILSVRC2012_val_00011928.JPEG,n04152593,782,782,0.23998803,1,imagenet_c,defocus_blur,1,none
efficientnet_b4,ILSVRC2012_val_00013135.JPEG,n04152593,782,664,0.2398477,0,imagenet_c,defocus_blur,1,none
efficientnet_b4,ILSVRC2012_val_00013766.JPEG,n04152593,782,860,0.43804887,0,imagenet_c,defocus_blur,1,none
efficientnet_b4,ILSVRC2012_val_00014614.JPEG,n04152593,782,526,0.091081254,0,imagenet_c,defocus_blur,1,none
efficientnet_b4,ILSVRC2012_val_00015386.JPEG,n04152593,782,527,0.30044284,0,imagenet_c,defocus_blur,1,none
efficientnet_b4,ILSVRC2012_val_00016014.JPEG,n04152593,782,487,0.21585058,0,imagenet_c,defocus_blur,1,none
efficientnet_b4,ILSVRC2012_val_00017005.JPEG,n04152593,782,851,0.0964565,0,imagenet_c,defocus_blur,1,none
efficientnet_b4,ILSVRC2012_val_00019442.JPEG,n04152593,782,713,0.13488762,0,imagenet_c,defocus_blur,1,none
efficientnet_b4,ILSVRC2012_val_00020595.JPEG,n04152593,782,613,0.19059747,0,imagenet_c,defocus_blur,1,none
efficientnet_b4,ILSVRC2012_val_00023853.JPEG,n04152593,782,526,0.13013138,0,imagenet_c,defocus_blur,1,none
efficientnet_b4,ILSVRC2012_val_00024674.JPEG,n04152593,782,548,0.32616466,0,imagenet_c,defocus_blur,1,none
efficientnet_b4,ILSVRC2012_val_00024781.JPEG,n04152593,782,782,0.30568448,1,imagenet_c,defocus_blur,1,none
efficientnet_b4,ILSVRC2012_val_00027099.JPEG,n04152593,782,446,0.06853619,0,imagenet_c,defocus_blur,1,none
efficientnet_b4,ILSVRC2012_val_00028962.JPEG,n04152593,782,782,0.22041151,1,imagenet_c,defocus_blur,1,none
efficientnet_b4,ILSVRC2012_val_00031567.JPEG,n04152593,782,782,0.21360408,1,imagenet_c,defocus_blur,1,none
efficientnet_b4,ILSVRC2012_val_00031893.JPEG,n04152593,782,526,0.11220353,0,imagenet_c,defocus_blur,1,none
efficientnet_b4,ILSVRC2012_val_00032388.JPEG,n04152593,782,620,0.1317238,0,imagenet_c,defocus_blur,1,none
efficientnet_b4,ILSVRC2012_val_00032994.JPEG,n04152593,782,664,0.6836802,0,imagenet_c,defocus_blur,1,none
efficientnet_b4,ILSVRC2012_val_00034252.JPEG,n04152593,782,508,0.09790025,0,imagenet_c,defocus_blur,1,none
efficientnet_b4,ILSVRC2012_val_00034850.JPEG,n04152593,782,782,0.23676822,1,imagenet_c,defocus_blur,1,none
efficientnet_b4,ILSVRC2012_val_00035949.JPEG,n04152593,782,782,0.52573305,1,imagenet_c,defocus_blur,1,none
efficientnet_b4,ILSVRC2012_val_00036252.JPEG,n04152593,782,598,0.44827512,0,imagenet_c,defocus_blur,1,none
efficientnet_b4,ILSVRC2012_val_00037523.JPEG,n04152593,782,851,0.30405313,0,imagenet_c,defocus_blur,1,none
efficientnet_b4,ILSVRC2012_val_00039362.JPEG,n04152593,782,782,0.17194912,1,imagenet_c,defocus_blur,1,none
efficientnet_b4,ILSVRC2012_val_00039436.JPEG,n04152593,782,851,0.73927444,0,imagenet_c,defocus_blur,1,none
efficientnet_b4,ILSVRC2012_val_00041664.JPEG,n04152593,782,527,0.3445005,0,imagenet_c,defocus_blur,1,none
efficientnet_b4,ILSVRC2012_val_00042871.JPEG,n04152593,782,527,0.12469567,0,imagenet_c,defocus_blur,1,none
efficientnet_b4,ILSVRC2012_val_00042892.JPEG,n04152593,782,590,0.17842296,0,imagenet_c,defocus_blur,1,none
efficientnet_b4,ILSVRC2012_val_00042975.JPEG,n04152593,782,664,0.3180936,0,imagenet_c,defocus_blur,1,none
efficientnet_b4,ILSVRC2012_val_00043058.JPEG,n04152593,782,527,0.08452478,0,imagenet_c,defocus_blur,1,none
efficientnet_b4,ILSVRC2012_val_00043526.JPEG,n04152593,782,851,0.32517374,0,imagenet_c,defocus_blur,1,none
efficientnet_b4,ILSVRC2012_val_00044524.JPEG,n04152593,782,782,0.45468616,1,imagenet_c,defocus_blur,1,none
efficientnet_b4,ILSVRC2012_val_00046058.JPEG,n04152593,782,527,0.54560816,0,imagenet_c,defocus_blur,1,none
efficientnet_b4,ILSVRC2012_val_00046292.JPEG,n04152593,782,527,0.09090997,0,imagenet_c,defocus_blur,1,none
efficientnet_b4,ILSVRC2012_val_00046431.JPEG,n04152593,782,851,0.32598883,0,imagenet_c,defocus_blur,1,none
efficientnet_b4,ILSVRC2012_val_00049392.JPEG,n04152593,782,782,0.13295618,1,imagenet_c,defocus_blur,1,none
efficientnet_b4,ILSVRC2012_val_00049412.JPEG,n04152593,782,851,0.80967104,0,imagenet_c,defocus_blur,1,none
efficientnet_b4,ILSVRC2012_val_00049455.JPEG,n04152593,782,782,0.23852786,1,imagenet_c,defocus_blur,1,none
efficientnet_b4,ILSVRC2012_val_00001639.JPEG,n04153751,783,783,0.59718806,1,imagenet_c,defocus_blur,1,none
efficientnet_b4,ILSVRC2012_val_00001878.JPEG,n04153751,783,783,0.64478534,1,imagenet_c,defocus_blur,1,none
efficientnet_b4,ILSVRC2012_val_00002088.JPEG,n04153751,783,584,0.31445143,0,imagenet_c,defocus_blur,1,none
efficientnet_b4,ILSVRC2012_val_00003057.JPEG,n04153751,783,783,0.6864347,1,imagenet_c,defocus_blur,1,none
efficientnet_b4,ILSVRC2012_val_00003395.JPEG,n04153751,783,783,0.49384156,1,imagenet_c,defocus_blur,1,none
efficientnet_b4,ILSVRC2012_val_00003770.JPEG,n04153751,783,783,0.4622922,1,imagenet_c,defocus_blur,1,none
efficientnet_b4,ILSVRC2012_val_00004966.JPEG,n04153751,783,783,0.6552352,1,imagenet_c,defocus_blur,1,none
efficientnet_b4,ILSVRC2012_val_00005819.JPEG,n04153751,783,677,0.3630844,0,imagenet_c,defocus_blur,1,none
efficientnet_b4,ILSVRC2012_val_00008426.JPEG,n04153751,783,783,0.53570366,1,imagenet_c,defocus_blur,1,none
efficientnet_b4,ILSVRC2012_val_00008467.JPEG,n04153751,783,783,0.584409,1,imagenet_c,defocus_blur,1,none
efficientnet_b4,ILSVRC2012_val_00008508.JPEG,n04153751,783,783,0.15300758,1,imagenet_c,defocus_blur,1,none
efficientnet_b4,ILSVRC2012_val_00008610.JPEG,n04153751,783,783,0.32729813,1,imagenet_c,defocus_blur,1,none
efficientnet_b4,ILSVRC2012_val_00011550.JPEG,n04153751,783,784,0.30416906,0,imagenet_c,defocus_blur,1,none
efficientnet_b4,ILSVRC2012_val_00012421.JPEG,n04153751,783,783,0.29669586,1,imagenet_c,defocus_blur,1,none
efficientnet_b4,ILSVRC2012_val_00013233.JPEG,n04153751,783,783,0.54591876,1,imagenet_c,defocus_blur,1,none
efficientnet_b4,ILSVRC2012_val_00013898.JPEG,n04153751,783,783,0.22716379,1,imagenet_c,defocus_blur,1,none
efficientnet_b4,ILSVRC2012_val_00014344.JPEG,n04153751,783,783,0.45805988,1,imagenet_c,defocus_blur,1,none
efficientnet_b4,ILSVRC2012_val_00015225.JPEG,n04153751,783,783,0.48858222,1,imagenet_c,defocus_blur,1,none
efficientnet_b4,ILSVRC2012_val_00017334.JPEG,n04153751,783,677,0.3468694,0,imagenet_c,defocus_blur,1,none
efficientnet_b4,ILSVRC2012_val_00019504.JPEG,n04153751,783,783,0.20495728,1,imagenet_c,defocus_blur,1,none
efficientnet_b4,ILSVRC2012_val_00020203.JPEG,n04153751,783,783,0.47922185,1,imagenet_c,defocus_blur,1,none
efficientnet_b4,ILSVRC2012_val_00022048.JPEG,n04153751,783,783,0.53421307,1,imagenet_c,defocus_blur,1,none
efficientnet_b4,ILSVRC2012_val_00024332.JPEG,n04153751,783,783,0.71437675,1,imagenet_c,defocus_blur,1,none
efficientnet_b4,ILSVRC2012_val_00024853.JPEG,n04153751,783,783,0.49962026,1,imagenet_c,defocus_blur,1,none
efficientnet_b4,ILSVRC2012_val_00026238.JPEG,n04153751,783,783,0.62672496,1,imagenet_c,defocus_blur,1,none
efficientnet_b4,ILSVRC2012_val_00028320.JPEG,n04153751,783,783,0.61265993,1,imagenet_c,defocus_blur,1,none
efficientnet_b4,ILSVRC2012_val_00029158.JPEG,n04153751,783,783,0.29805282,1,imagenet_c,defocus_blur,1,none
efficientnet_b4,ILSVRC2012_val_00029838.JPEG,n04153751,783,783,0.6401842,1,imagenet_c,defocus_blur,1,none
efficientnet_b4,ILSVRC2012_val_00030611.JPEG,n04153751,783,783,0.7826742,1,imagenet_c,defocus_blur,1,none
efficientnet_b4,ILSVRC2012_val_00031354.JPEG,n04153751,783,783,0.27134958,1,imagenet_c,defocus_blur,1,none
efficientnet_b4,ILSVRC2012_val_00031988.JPEG,n04153751,783,902,0.38483647,0,imagenet_c,defocus_blur,1,none
efficientnet_b4,ILSVRC2012_val_00032448.JPEG,n04153751,783,783,0.70285046,1,imagenet_c,defocus_blur,1,none
efficientnet_b4,ILSVRC2012_val_00034834.JPEG,n04153751,783,677,0.383508,0,imagenet_c,defocus_blur,1,none
efficientnet_b4,ILSVRC2012_val_00035024.JPEG,n04153751,783,783,0.48975742,1,imagenet_c,defocus_blur,1,none
efficientnet_b4,ILSVRC2012_val_00036201.JPEG,n04153751,783,783,0.4494887,1,imagenet_c,defocus_blur,1,none
efficientnet_b4,ILSVRC2012_val_00037346.JPEG,n04153751,783,783,0.6283858,1,imagenet_c,defocus_blur,1,none
efficientnet_b4,ILSVRC2012_val_00037654.JPEG,n04153751,783,683,0.20532748,0,imagenet_c,defocus_blur,1,none
efficientnet_b4,ILSVRC2012_val_00038634.JPEG,n04153751,783,772,0.16196753,0,imagenet_c,defocus_blur,1,none
efficientnet_b4,ILSVRC2012_val_00039166.JPEG,n04153751,783,783,0.42365,1,imagenet_c,defocus_blur,1,none
efficientnet_b4,ILSVRC2012_val_00039490.JPEG,n04153751,783,783,0.68791026,1,imagenet_c,defocus_blur,1,none
efficientnet_b4,ILSVRC2012_val_00040250.JPEG,n04153751,783,783,0.42624208,1,imagenet_c,defocus_blur,1,none
efficientnet_b4,ILSVRC2012_val_00041327.JPEG,n04153751,783,783,0.4350222,1,imagenet_c,defocus_blur,1,none
efficientnet_b4,ILSVRC2012_val_00042403.JPEG,n04153751,783,783,0.84311813,1,imagenet_c,defocus_blur,1,none
efficientnet_b4,ILSVRC2012_val_00044210.JPEG,n04153751,783,783,0.55812943,1,imagenet_c,defocus_blur,1,none
efficientnet_b4,ILSVRC2012_val_00045509.JPEG,n04153751,783,783,0.53707564,1,imagenet_c,defocus_blur,1,none
efficientnet_b4,ILSVRC2012_val_00046660.JPEG,n04153751,783,783,0.6646147,1,imagenet_c,defocus_blur,1,none
efficientnet_b4,ILSVRC2012_val_00047141.JPEG,n04153751,783,783,0.751251,1,imagenet_c,defocus_blur,1,none
efficientnet_b4,ILSVRC2012_val_00048881.JPEG,n04153751,783,783,0.5917412,1,imagenet_c,defocus_blur,1,none
efficientnet_b4,ILSVRC2012_val_00048938.JPEG,n04153751,783,677,0.35611144,0,imagenet_c,defocus_blur,1,none
efficientnet_b4,ILSVRC2012_val_00049587.JPEG,n04153751,783,677,0.2585093,0,imagenet_c,defocus_blur,1,none
efficientnet_b4,ILSVRC2012_val_00000310.JPEG,n04154565,784,891,0.10160181,0,imagenet_c,defocus_blur,1,none
efficientnet_b4,ILSVRC2012_val_00001331.JPEG,n04154565,784,845,0.122891225,0,imagenet_c,defocus_blur,1,none
efficientnet_b4,ILSVRC2012_val_00002631.JPEG,n04154565,784,626,0.08941413,0,imagenet_c,defocus_blur,1,none
efficientnet_b4,ILSVRC2012_val_00002722.JPEG,n04154565,784,456,0.06645905,0,imagenet_c,defocus_blur,1,none
efficientnet_b4,ILSVRC2012_val_00003547.JPEG,n04154565,784,731,0.08922112,0,imagenet_c,defocus_blur,1,none
efficientnet_b4,ILSVRC2012_val_00004264.JPEG,n04154565,784,520,0.24701338,0,imagenet_c,defocus_blur,1,none
efficientnet_b4,ILSVRC2012_val_00006611.JPEG,n04154565,784,784,0.081499584,1,imagenet_c,defocus_blur,1,none
efficientnet_b4,ILSVRC2012_val_00008060.JPEG,n04154565,784,784,0.23399721,1,imagenet_c,defocus_blur,1,none
efficientnet_b4,ILSVRC2012_val_00009272.JPEG,n04154565,784,784,0.34334102,1,imagenet_c,defocus_blur,1,none
efficientnet_b4,ILSVRC2012_val_00009970.JPEG,n04154565,784,784,0.3899179,1,imagenet_c,defocus_blur,1,none
efficientnet_b4,ILSVRC2012_val_00010044.JPEG,n04154565,784,929,0.15856093,0,imagenet_c,defocus_blur,1,none
efficientnet_b4,ILSVRC2012_val_00011280.JPEG,n04154565,784,696,0.10267132,0,imagenet_c,defocus_blur,1,none
efficientnet_b4,ILSVRC2012_val_00012174.JPEG,n04154565,784,784,0.51707816,1,imagenet_c,defocus_blur,1,none
efficientnet_b4,ILSVRC2012_val_00012778.JPEG,n04154565,784,647,0.15272164,0,imagenet_c,defocus_blur,1,none
efficientnet_b4,ILSVRC2012_val_00013416.JPEG,n04154565,784,760,0.32987303,0,imagenet_c,defocus_blur,1,none
efficientnet_b4,ILSVRC2012_val_00013516.JPEG,n04154565,784,784,0.15497977,1,imagenet_c,defocus_blur,1,none
efficientnet_b4,ILSVRC2012_val_00014706.JPEG,n04154565,784,785,0.034774132,0,imagenet_c,defocus_blur,1,none
efficientnet_b4,ILSVRC2012_val_00014812.JPEG,n04154565,784,758,0.13634115,0,imagenet_c,defocus_blur,1,none
efficientnet_b4,ILSVRC2012_val_00014997.JPEG,n04154565,784,784,0.3273983,1,imagenet_c,defocus_blur,1,none
efficientnet_b4,ILSVRC2012_val_00015633.JPEG,n04154565,784,784,0.19664636,1,imagenet_c,defocus_blur,1,none
efficientnet_b4,ILSVRC2012_val_00016205.JPEG,n04154565,784,784,0.663398,1,imagenet_c,defocus_blur,1,none
efficientnet_b4,ILSVRC2012_val_00019043.JPEG,n04154565,784,677,0.53093946,0,imagenet_c,defocus_blur,1,none
efficientnet_b4,ILSVRC2012_val_00019817.JPEG,n04154565,784,516,0.06694122,0,imagenet_c,defocus_blur,1,none
efficientnet_b4,ILSVRC2012_val_00020251.JPEG,n04154565,784,473,0.17719424,0,imagenet_c,defocus_blur,1,none
efficientnet_b4,ILSVRC2012_val_00020366.JPEG,n04154565,784,923,0.19739753,0,imagenet_c,defocus_blur,1,none
efficientnet_b4,ILSVRC2012_val_00021410.JPEG,n04154565,784,582,0.16271359,0,imagenet_c,defocus_blur,1,none
efficientnet_b4,ILSVRC2012_val_00022481.JPEG,n04154565,784,534,0.1313995,0,imagenet_c,defocus_blur,1,none
efficientnet_b4,ILSVRC2012_val_00025110.JPEG,n04154565,784,784,0.6058873,1,imagenet_c,defocus_blur,1,none
efficientnet_b4,ILSVRC2012_val_00026682.JPEG,n04154565,784,929,0.2059545,0,imagenet_c,defocus_blur,1,none
efficientnet_b4,ILSVRC2012_val_00027907.JPEG,n04154565,784,477,0.09863934,0,imagenet_c,defocus_blur,1,none
efficientnet_b4,ILSVRC2012_val_00029202.JPEG,n04154565,784,740,0.5669139,0,imagenet_c,defocus_blur,1,none
efficientnet_b4,ILSVRC2012_val_00029403.JPEG,n04154565,784,784,0.45975295,1,imagenet_c,defocus_blur,1,none
efficientnet_b4,ILSVRC2012_val_00031862.JPEG,n04154565,784,424,0.10413898,0,imagenet_c,defocus_blur,1,none
efficientnet_b4,ILSVRC2012_val_00033137.JPEG,n04154565,784,784,0.17638692,1,imagenet_c,defocus_blur,1,none
efficientnet_b4,ILSVRC2012_val_00034399.JPEG,n04154565,784,686,0.1819133,0,imagenet_c,defocus_blur,1,none
efficientnet_b4,ILSVRC2012_val_00035558.JPEG,n04154565,784,675,0.054932296,0,imagenet_c,defocus_blur,1,none
efficientnet_b4,ILSVRC2012_val_00035867.JPEG,n04154565,784,813,0.13040611,0,imagenet_c,defocus_blur,1,none
efficientnet_b4,ILSVRC2012_val_00038927.JPEG,n04154565,784,894,0.09922106,0,imagenet_c,defocus_blur,1,none
efficientnet_b4,ILSVRC2012_val_00039125.JPEG,n04154565,784,784,0.46765774,1,imagenet_c,defocus_blur,1,none
efficientnet_b4,ILSVRC2012_val_00041012.JPEG,n04154565,784,845,0.37928778,0,imagenet_c,defocus_blur,1,none
efficientnet_b4,ILSVRC2012_val_00041073.JPEG,n04154565,784,596,0.0952994,0,imagenet_c,defocus_blur,1,none
efficientnet_b4,ILSVRC2012_val_00043625.JPEG,n04154565,784,623,0.09174477,0,imagenet_c,defocus_blur,1,none
efficientnet_b4,ILSVRC2012_val_00043928.JPEG,n04154565,784,784,0.3149494,1,imagenet_c,defocus_blur,1,none
efficientnet_b4,ILSVRC2012_val_00045274.JPEG,n04154565,784,784,0.37472263,1,imagenet_c,defocus_blur,1,none
efficientnet_b4,ILSVRC2012_val_00045986.JPEG,n04154565,784,477,0.04576627,0,imagenet_c,defocus_blur,1,none
efficientnet_b4,ILSVRC2012_val_00047420.JPEG,n04154565,784,784,0.045077827,1,imagenet_c,defocus_blur,1,none
efficientnet_b4,ILSVRC2012_val_00048020.JPEG,n04154565,784,784,0.32761872,1,imagenet_c,defocus_blur,1,none
efficientnet_b4,ILSVRC2012_val_00048695.JPEG,n04154565,784,243,0.054001275,0,imagenet_c,defocus_blur,1,none
efficientnet_b4,ILSVRC2012_val_00049423.JPEG,n04154565,784,784,0.116698556,1,imagenet_c,defocus_blur,1,none
efficientnet_b4,ILSVRC2012_val_00049890.JPEG,n04154565,784,784,0.28247678,1,imagenet_c,defocus_blur,1,none
efficientnet_b4,ILSVRC2012_val_00001792.JPEG,n04162706,785,785,0.4492912,1,imagenet_c,defocus_blur,1,none
efficientnet_b4,ILSVRC2012_val_00001799.JPEG,n04162706,785,785,0.5384618,1,imagenet_c,defocus_blur,1,none
efficientnet_b4,ILSVRC2012_val_00002091.JPEG,n04162706,785,785,0.817877,1,imagenet_c,defocus_blur,1,none
efficientnet_b4,ILSVRC2012_val_00002463.JPEG,n04162706,785,785,0.6786162,1,imagenet_c,defocus_blur,1,none
efficientnet_b4,ILSVRC2012_val_00002670.JPEG,n04162706,785,464,0.020748774,0,imagenet_c,defocus_blur,1,none
efficientnet_b4,ILSVRC2012_val_00003901.JPEG,n04162706,785,785,0.549465,1,imagenet_c,defocus_blur,1,none
efficientnet_b4,ILSVRC2012_val_00004653.JPEG,n04162706,785,785,0.3636537,1,imagenet_c,defocus_blur,1,none
efficientnet_b4,ILSVRC2012_val_00004862.JPEG,n04162706,785,759,0.23838028,0,imagenet_c,defocus_blur,1,none
efficientnet_b4,ILSVRC2012_val_00005165.JPEG,n04162706,785,785,0.57854146,1,imagenet_c,defocus_blur,1,none
efficientnet_b4,ILSVRC2012_val_00005254.JPEG,n04162706,785,785,0.3547986,1,imagenet_c,defocus_blur,1,none
efficientnet_b4,ILSVRC2012_val_00006153.JPEG,n04162706,785,534,0.06056221,0,imagenet_c,defocus_blur,1,none
efficientnet_b4,ILSVRC2012_val_00007005.JPEG,n04162706,785,785,0.6935654,1,imagenet_c,defocus_blur,1,none
efficientnet_b4,ILSVRC2012_val_00007495.JPEG,n04162706,785,785,0.7528723,1,imagenet_c,defocus_blur,1,none
efficientnet_b4,ILSVRC2012_val_00007846.JPEG,n04162706,785,785,0.4944103,1,imagenet_c,defocus_blur,1,none
efficientnet_b4,ILSVRC2012_val_00008838.JPEG,n04162706,785,785,0.21747959,1,imagenet_c,defocus_blur,1,none
efficientnet_b4,ILSVRC2012_val_00008883.JPEG,n04162706,785,627,0.28923014,0,imagenet_c,defocus_blur,1,none
efficientnet_b4,ILSVRC2012_val_00009252.JPEG,n04162706,785,785,0.6856069,1,imagenet_c,defocus_blur,1,none
efficientnet_b4,ILSVRC2012_val_00009975.JPEG,n04162706,785,785,0.46128836,1,imagenet_c,defocus_blur,1,none
efficientnet_b4,ILSVRC2012_val_00010752.JPEG,n04162706,785,785,0.66713846,1,imagenet_c,defocus_blur,1,none
efficientnet_b4,ILSVRC2012_val_00011299.JPEG,n04162706,785,785,0.68339837,1,imagenet_c,defocus_blur,1,none
efficientnet_b4,ILSVRC2012_val_00013837.JPEG,n04162706,785,785,0.7767717,1,imagenet_c,defocus_blur,1,none
efficientnet_b4,ILSVRC2012_val_00014127.JPEG,n04162706,785,785,0.6518269,1,imagenet_c,defocus_blur,1,none
efficientnet_b4,ILSVRC2012_val_00017477.JPEG,n04162706,785,785,0.28941938,1,imagenet_c,defocus_blur,1,none
efficientnet_b4,ILSVRC2012_val_00020348.JPEG,n04162706,785,785,0.27003732,1,imagenet_c,defocus_blur,1,none
efficientnet_b4,ILSVRC2012_val_00020770.JPEG,n04162706,785,600,0.10029166,0,imagenet_c,defocus_blur,1,none
efficientnet_b4,ILSVRC2012_val_00021842.JPEG,n04162706,785,785,0.22339323,1,imagenet_c,defocus_blur,1,none
efficientnet_b4,ILSVRC2012_val_00022607.JPEG,n04162706,785,785,0.57388455,1,imagenet_c,defocus_blur,1,none
efficientnet_b4,ILSVRC2012_val_00023017.JPEG,n04162706,785,785,0.6295723,1,imagenet_c,defocus_blur,1,none
efficientnet_b4,ILSVRC2012_val_00024473.JPEG,n04162706,785,776,0.10412343,0,imagenet_c,defocus_blur,1,none
efficientnet_b4,ILSVRC2012_val_00025294.JPEG,n04162706,785,785,0.6709315,1,imagenet_c,defocus_blur,1,none
efficientnet_b4,ILSVRC2012_val_00025882.JPEG,n04162706,785,785,0.35252634,1,imagenet_c,defocus_blur,1,none
efficientnet_b4,ILSVRC2012_val_00025902.JPEG,n04162706,785,785,0.66400033,1,imagenet_c,defocus_blur,1,none
efficientnet_b4,ILSVRC2012_val_00027843.JPEG,n04162706,785,785,0.72546756,1,imagenet_c,defocus_blur,1,none
efficientnet_b4,ILSVRC2012_val_00028611.JPEG,n04162706,785,916,0.14223325,0,imagenet_c,defocus_blur,1,none
efficientnet_b4,ILSVRC2012_val_00029582.JPEG,n04162706,785,830,0.2885175,0,imagenet_c,defocus_blur,1,none
efficientnet_b4,ILSVRC2012_val_00029687.JPEG,n04162706,785,785,0.18461737,1,imagenet_c,defocus_blur,1,none
efficientnet_b4,ILSVRC2012_val_00031753.JPEG,n04162706,785,785,0.43579453,1,imagenet_c,defocus_blur,1,none
efficientnet_b4,ILSVRC2012_val_00032515.JPEG,n04162706,785,625,0.51580364,0,imagenet_c,defocus_blur,1,none
efficientnet_b4,ILSVRC2012_val_00033115.JPEG,n04162706,785,785,0.677643,1,imagenet_c,defocus_blur,1,none
efficientnet_b4,ILSVRC2012_val_00033567.JPEG,n04162706,785,785,0.032183833,1,imagenet_c,defocus_blur,1,none
efficientnet_b4,ILSVRC2012_val_00034609.JPEG,n04162706,785,654,0.2628828,0,imagenet_c,defocus_blur,1,none
efficientnet_b4,ILSVRC2012_val_00034961.JPEG,n04162706,785,785,0.7387015,1,imagenet_c,defocus_blur,1,none
efficientnet_b4,ILSVRC2012_val_00036349.JPEG,n04162706,785,785,0.6198888,1,imagenet_c,defocus_blur,1,none
efficientnet_b4,ILSVRC2012_val_00036469.JPEG,n04162706,785,785,0.5669937,1,imagenet_c,defocus_blur,1,none
efficientnet_b4,ILSVRC2012_val_00038402.JPEG,n04162706,785,785,0.44670233,1,imagenet_c,defocus_blur,1,none
efficientnet_b4,ILSVRC2012_val_00039567.JPEG,n04162706,785,464,0.24821857,0,imagenet_c,defocus_blur,1,none
efficientnet_b4,ILSVRC2012_val_00042784.JPEG,n04162706,785,785,0.7149047,1,imagenet_c,defocus_blur,1,none
efficientnet_b4,ILSVRC2012_val_00045394.JPEG,n04162706,785,775,0.1146024,0,imagenet_c,defocus_blur,1,none
efficientnet_b4,ILSVRC2012_val_00047402.JPEG,n04162706,785,785,0.29152328,1,imagenet_c,defocus_blur,1,none
efficientnet_b4,ILSVRC2012_val_00047565.JPEG,n04162706,785,785,0.8349052,1,imagenet_c,defocus_blur,1,none
efficientnet_b4,ILSVRC2012_val_00000377.JPEG,n04179913,786,870,0.08999599,0,imagenet_c,defocus_blur,1,none
efficientnet_b4,ILSVRC2012_val_00001127.JPEG,n04179913,786,758,0.5762832,0,imagenet_c,defocus_blur,1,none
efficientnet_b4,ILSVRC2012_val_00001239.JPEG,n04179913,786,786,0.5639128,1,imagenet_c,defocus_blur,1,none
efficientnet_b4,ILSVRC2012_val_00001603.JPEG,n04179913,786,786,0.54020506,1,imagenet_c,defocus_blur,1,none
efficientnet_b4,ILSVRC2012_val_00001715.JPEG,n04179913,786,526,0.032627665,0,imagenet_c,defocus_blur,1,none
efficientnet_b4,ILSVRC2012_val_00001803.JPEG,n04179913,786,897,0.15072276,0,imagenet_c,defocus_blur,1,none
efficientnet_b4,ILSVRC2012_val_00002518.JPEG,n04179913,786,399,0.067591734,0,imagenet_c,defocus_blur,1,none
efficientnet_b4,ILSVRC2012_val_00003285.JPEG,n04179913,786,786,0.37773082,1,imagenet_c,defocus_blur,1,none
efficientnet_b4,ILSVRC2012_val_00003488.JPEG,n04179913,786,786,0.6572706,1,imagenet_c,defocus_blur,1,none
efficientnet_b4,ILSVRC2012_val_00004128.JPEG,n04179913,786,786,0.3603505,1,imagenet_c,defocus_blur,1,none
efficientnet_b4,ILSVRC2012_val_00004230.JPEG,n04179913,786,797,0.09735078,0,imagenet_c,defocus_blur,1,none
efficientnet_b4,ILSVRC2012_val_00005041.JPEG,n04179913,786,786,0.6342807,1,imagenet_c,defocus_blur,1,none
efficientnet_b4,ILSVRC2012_val_00005114.JPEG,n04179913,786,786,0.1086785,1,imagenet_c,defocus_blur,1,none
efficientnet_b4,ILSVRC2012_val_00006735.JPEG,n04179913,786,786,0.65556526,1,imagenet_c,defocus_blur,1,none
efficientnet_b4,ILSVRC2012_val_00007685.JPEG,n04179913,786,786,0.44261768,1,imagenet_c,defocus_blur,1,none
efficientnet_b4,ILSVRC2012_val_00007868.JPEG,n04179913,786,786,0.4651274,1,imagenet_c,defocus_blur,1,none
efficientnet_b4,ILSVRC2012_val_00009102.JPEG,n04179913,786,786,0.46899322,1,imagenet_c,defocus_blur,1,none
efficientnet_b4,ILSVRC2012_val_00010108.JPEG,n04179913,786,505,0.41671723,0,imagenet_c,defocus_blur,1,none
efficientnet_b4,ILSVRC2012_val_00010330.JPEG,n04179913,786,786,0.37442026,1,imagenet_c,defocus_blur,1,none
efficientnet_b4,ILSVRC2012_val_00010396.JPEG,n04179913,786,786,0.21516646,1,imagenet_c,defocus_blur,1,none
efficientnet_b4,ILSVRC2012_val_00012366.JPEG,n04179913,786,732,0.078050174,0,imagenet_c,defocus_blur,1,none
efficientnet_b4,ILSVRC2012_val_00015951.JPEG,n04179913,786,754,0.13561334,0,imagenet_c,defocus_blur,1,none
efficientnet_b4,ILSVRC2012_val_00016978.JPEG,n04179913,786,786,0.6305168,1,imagenet_c,defocus_blur,1,none
efficientnet_b4,ILSVRC2012_val_00018082.JPEG,n04179913,786,786,0.15512116,1,imagenet_c,defocus_blur,1,none
efficientnet_b4,ILSVRC2012_val_00018514.JPEG,n04179913,786,526,0.12374888,0,imagenet_c,defocus_blur,1,none
efficientnet_b4,ILSVRC2012_val_00019920.JPEG,n04179913,786,786,0.5275561,1,imagenet_c,defocus_blur,1,none
efficientnet_b4,ILSVRC2012_val_00021298.JPEG,n04179913,786,786,0.5875071,1,imagenet_c,defocus_blur,1,none
efficientnet_b4,ILSVRC2012_val_00023109.JPEG,n04179913,786,786,0.38748783,1,imagenet_c,defocus_blur,1,none
efficientnet_b4,ILSVRC2012_val_00023167.JPEG,n04179913,786,882,0.0696357,0,imagenet_c,defocus_blur,1,none
efficientnet_b4,ILSVRC2012_val_00024898.JPEG,n04179913,786,786,0.522333,1,imagenet_c,defocus_blur,1,none
efficientnet_b4,ILSVRC2012_val_00025399.JPEG,n04179913,786,786,0.66157407,1,imagenet_c,defocus_blur,1,none
efficientnet_b4,ILSVRC2012_val_00025462.JPEG,n04179913,786,786,0.37585586,1,imagenet_c,defocus_blur,1,none
efficientnet_b4,ILSVRC2012_val_00026025.JPEG,n04179913,786,786,0.5052125,1,imagenet_c,defocus_blur,1,none
efficientnet_b4,ILSVRC2012_val_00029533.JPEG,n04179913,786,860,0.5051783,0,imagenet_c,defocus_blur,1,none
efficientnet_b4,ILSVRC2012_val_00031341.JPEG,n04179913,786,786,0.61481255,1,imagenet_c,defocus_blur,1,none
efficientnet_b4,ILSVRC2012_val_00032677.JPEG,n04179913,786,422,0.18324496,0,imagenet_c,defocus_blur,1,none
efficientnet_b4,ILSVRC2012_val_00034658.JPEG,n04179913,786,865,0.08943917,0,imagenet_c,defocus_blur,1,none
efficientnet_b4,ILSVRC2012_val_00035560.JPEG,n04179913,786,786,0.7333275,1,imagenet_c,defocus_blur,1,none
efficientnet_b4,ILSVRC2012_val_00035661.JPEG,n04179913,786,786,0.049188804,1,imagenet_c,defocus_blur,1,none
efficientnet_b4,ILSVRC2012_val_00036413.JPEG,n04179913,786,786,0.71404475,1,imagenet_c,defocus_blur,1,none
efficientnet_b4,ILSVRC2012_val_00037030.JPEG,n04179913,786,613,0.048348654,0,imagenet_c,defocus_blur,1,none
efficientnet_b4,ILSVRC2012_val_00037519.JPEG,n04179913,786,786,0.4948686,1,imagenet_c,defocus_blur,1,none
efficientnet_b4,ILSVRC2012_val_00039853.JPEG,n04179913,786,786,0.44020092,1,imagenet_c,defocus_blur,1,none
efficientnet_b4,ILSVRC2012_val_00042253.JPEG,n04179913,786,786,0.5335068,1,imagenet_c,defocus_blur,1,none
efficientnet_b4,ILSVRC2012_val_00042404.JPEG,n04179913,786,786,0.48733482,1,imagenet_c,defocus_blur,1,none
efficientnet_b4,ILSVRC2012_val_00042808.JPEG,n04179913,786,786,0.64908093,1,imagenet_c,defocus_blur,1,none
efficientnet_b4,ILSVRC2012_val_00048529.JPEG,n04179913,786,786,0.46781558,1,imagenet_c,defocus_blur,1,none
efficientnet_b4,ILSVRC2012_val_00049153.JPEG,n04179913,786,786,0.20408338,1,imagenet_c,defocus_blur,1,none
efficientnet_b4,ILSVRC2012_val_00049473.JPEG,n04179913,786,786,0.59680605,1,imagenet_c,defocus_blur,1,none
efficientnet_b4,ILSVRC2012_val_00049810.JPEG,n04179913,786,786,0.36794817,1,imagenet_c,defocus_blur,1,none
efficientnet_b4,ILSVRC2012_val_00000232.JPEG,n04192698,787,538,0.11484876,0,imagenet_c,defocus_blur,1,none
efficientnet_b4,ILSVRC2012_val_00001173.JPEG,n04192698,787,787,0.10978945,1,imagenet_c,defocus_blur,1,none
efficientnet_b4,ILSVRC2012_val_00004694.JPEG,n04192698,787,787,0.3728455,1,imagenet_c,defocus_blur,1,none
efficientnet_b4,ILSVRC2012_val_00005038.JPEG,n04192698,787,787,0.51301825,1,imagenet_c,defocus_blur,1,none
efficientnet_b4,ILSVRC2012_val_00005679.JPEG,n04192698,787,787,0.13996945,1,imagenet_c,defocus_blur,1,none
efficientnet_b4,ILSVRC2012_val_00006435.JPEG,n04192698,787,787,0.39730996,1,imagenet_c,defocus_blur,1,none
efficientnet_b4,ILSVRC2012_val_00007248.JPEG,n04192698,787,787,0.29590723,1,imagenet_c,defocus_blur,1,none
efficientnet_b4,ILSVRC2012_val_00008649.JPEG,n04192698,787,892,0.08912571,0,imagenet_c,defocus_blur,1,none
efficientnet_b4,ILSVRC2012_val_00010773.JPEG,n04192698,787,787,0.74994415,1,imagenet_c,defocus_blur,1,none
efficientnet_b4,ILSVRC2012_val_00012874.JPEG,n04192698,787,796,0.06894431,0,imagenet_c,defocus_blur,1,none
efficientnet_b4,ILSVRC2012_val_00015006.JPEG,n04192698,787,787,0.55678684,1,imagenet_c,defocus_blur,1,none
efficientnet_b4,ILSVRC2012_val_00016291.JPEG,n04192698,787,787,0.16517968,1,imagenet_c,defocus_blur,1,none
efficientnet_b4,ILSVRC2012_val_00016932.JPEG,n04192698,787,623,0.64342785,0,imagenet_c,defocus_blur,1,none
efficientnet_b4,ILSVRC2012_val_00017106.JPEG,n04192698,787,787,0.21141592,1,imagenet_c,defocus_blur,1,none
efficientnet_b4,ILSVRC2012_val_00018574.JPEG,n04192698,787,835,0.42849198,0,imagenet_c,defocus_blur,1,none
efficientnet_b4,ILSVRC2012_val_00018838.JPEG,n04192698,787,787,0.59404343,1,imagenet_c,defocus_blur,1,none
efficientnet_b4,ILSVRC2012_val_00018970.JPEG,n04192698,787,420,0.10951997,0,imagenet_c,defocus_blur,1,none
efficientnet_b4,ILSVRC2012_val_00019697.JPEG,n04192698,787,426,0.15068966,0,imagenet_c,defocus_blur,1,none
efficientnet_b4,ILSVRC2012_val_00022277.JPEG,n04192698,787,787,0.07321575,1,imagenet_c,defocus_blur,1,none
efficientnet_b4,ILSVRC2012_val_00023156.JPEG,n04192698,787,787,0.11442862,1,imagenet_c,defocus_blur,1,none
efficientnet_b4,ILSVRC2012_val_00023309.JPEG,n04192698,787,787,0.6891791,1,imagenet_c,defocus_blur,1,none
efficientnet_b4,ILSVRC2012_val_00024024.JPEG,n04192698,787,461,0.2465615,0,imagenet_c,defocus_blur,1,none
efficientnet_b4,ILSVRC2012_val_00024342.JPEG,n04192698,787,464,0.50920916,0,imagenet_c,defocus_blur,1,none
efficientnet_b4,ILSVRC2012_val_00024634.JPEG,n04192698,787,787,0.73792297,1,imagenet_c,defocus_blur,1,none
efficientnet_b4,ILSVRC2012_val_00024994.JPEG,n04192698,787,845,0.10972856,0,imagenet_c,defocus_blur,1,none
efficientnet_b4,ILSVRC2012_val_00025071.JPEG,n04192698,787,611,0.09324964,0,imagenet_c,defocus_blur,1,none
efficientnet_b4,ILSVRC2012_val_00025337.JPEG,n04192698,787,887,0.28279522,0,imagenet_c,defocus_blur,1,none
efficientnet_b4,ILSVRC2012_val_00026098.JPEG,n04192698,787,856,0.096650414,0,imagenet_c,defocus_blur,1,none
efficientnet_b4,ILSVRC2012_val_00026513.JPEG,n04192698,787,451,0.3166058,0,imagenet_c,defocus_blur,1,none
efficientnet_b4,ILSVRC2012_val_00027200.JPEG,n04192698,787,787,0.12828597,1,imagenet_c,defocus_blur,1,none
efficientnet_b4,ILSVRC2012_val_00030177.JPEG,n04192698,787,787,0.058504675,1,imagenet_c,defocus_blur,1,none
efficientnet_b4,ILSVRC2012_val_00031758.JPEG,n04192698,787,633,0.062190082,0,imagenet_c,defocus_blur,1,none
efficientnet_b4,ILSVRC2012_val_00032125.JPEG,n04192698,787,787,0.61083883,1,imagenet_c,defocus_blur,1,none
efficientnet_b4,ILSVRC2012_val_00032683.JPEG,n04192698,787,464,0.0598109,0,imagenet_c,defocus_blur,1,none
efficientnet_b4,ILSVRC2012_val_00035470.JPEG,n04192698,787,787,0.49011785,1,imagenet_c,defocus_blur,1,none
efficientnet_b4,ILSVRC2012_val_00036370.JPEG,n04192698,787,787,0.30640113,1,imagenet_c,defocus_blur,1,none
efficientnet_b4,ILSVRC2012_val_00036493.JPEG,n04192698,787,787,0.36141574,1,imagenet_c,defocus_blur,1,none
efficientnet_b4,ILSVRC2012_val_00037414.JPEG,n04192698,787,787,0.45874333,1,imagenet_c,defocus_blur,1,none
efficientnet_b4,ILSVRC2012_val_00037734.JPEG,n04192698,787,518,0.12861209,0,imagenet_c,defocus_blur,1,none
efficientnet_b4,ILSVRC2012_val_00038568.JPEG,n04192698,787,787,0.31353593,1,imagenet_c,defocus_blur,1,none
efficientnet_b4,ILSVRC2012_val_00038809.JPEG,n04192698,787,430,0.09539997,0,imagenet_c,defocus_blur,1,none
efficientnet_b4,ILSVRC2012_val_00041324.JPEG,n04192698,787,778,0.26278725,0,imagenet_c,defocus_blur,1,none
efficientnet_b4,ILSVRC2012_val_00041860.JPEG,n04192698,787,451,0.6200258,0,imagenet_c,defocus_blur,1,none
efficientnet_b4,ILSVRC2012_val_00044477.JPEG,n04192698,787,787,0.23146017,1,imagenet_c,defocus_blur,1,none
efficientnet_b4,ILSVRC2012_val_00044974.JPEG,n04192698,787,541,0.11325077,0,imagenet_c,defocus_blur,1,none
efficientnet_b4,ILSVRC2012_val_00046772.JPEG,n04192698,787,787,0.17082788,1,imagenet_c,defocus_blur,1,none
efficientnet_b4,ILSVRC2012_val_00047516.JPEG,n04192698,787,708,0.06738266,0,imagenet_c,defocus_blur,1,none
efficientnet_b4,ILSVRC2012_val_00047613.JPEG,n04192698,787,787,0.0951649,1,imagenet_c,defocus_blur,1,none
efficientnet_b4,ILSVRC2012_val_00048729.JPEG,n04192698,787,577,0.53761744,0,imagenet_c,defocus_blur,1,none
efficientnet_b4,ILSVRC2012_val_00049941.JPEG,n04192698,787,635,0.37076667,0,imagenet_c,defocus_blur,1,none
efficientnet_b4,ILSVRC2012_val_00000083.JPEG,n04200800,788,743,0.07062378,0,imagenet_c,defocus_blur,1,none
efficientnet_b4,ILSVRC2012_val_00000455.JPEG,n04200800,788,788,0.43733335,1,imagenet_c,defocus_blur,1,none
efficientnet_b4,ILSVRC2012_val_00001899.JPEG,n04200800,788,424,0.3546669,0,imagenet_c,defocus_blur,1,none
efficientnet_b4,ILSVRC2012_val_00003291.JPEG,n04200800,788,788,0.5504729,1,imagenet_c,defocus_blur,1,none
efficientnet_b4,ILSVRC2012_val_00003880.JPEG,n04200800,788,788,0.38345492,1,imagenet_c,defocus_blur,1,none
efficientnet_b4,ILSVRC2012_val_00004232.JPEG,n04200800,788,788,0.5343664,1,imagenet_c,defocus_blur,1,none
efficientnet_b4,ILSVRC2012_val_00004257.JPEG,n04200800,788,788,0.3728817,1,imagenet_c,defocus_blur,1,none
efficientnet_b4,ILSVRC2012_val_00005271.JPEG,n04200800,788,582,0.252281,0,imagenet_c,defocus_blur,1,none
efficientnet_b4,ILSVRC2012_val_00005401.JPEG,n04200800,788,788,0.22856498,1,imagenet_c,defocus_blur,1,none
efficientnet_b4,ILSVRC2012_val_00006064.JPEG,n04200800,788,788,0.1111661,1,imagenet_c,defocus_blur,1,none
efficientnet_b4,ILSVRC2012_val_00006159.JPEG,n04200800,788,468,0.04473032,0,imagenet_c,defocus_blur,1,none
efficientnet_b4,ILSVRC2012_val_00009691.JPEG,n04200800,788,509,0.2310502,0,imagenet_c,defocus_blur,1,none
efficientnet_b4,ILSVRC2012_val_00010257.JPEG,n04200800,788,788,0.28254098,1,imagenet_c,defocus_blur,1,none
efficientnet_b4,ILSVRC2012_val_00013132.JPEG,n04200800,788,788,0.6040662,1,imagenet_c,defocus_blur,1,none
efficientnet_b4,ILSVRC2012_val_00013928.JPEG,n04200800,788,788,0.2689229,1,imagenet_c,defocus_blur,1,none
efficientnet_b4,ILSVRC2012_val_00014459.JPEG,n04200800,788,788,0.38272217,1,imagenet_c,defocus_blur,1,none
efficientnet_b4,ILSVRC2012_val_00016285.JPEG,n04200800,788,860,0.07197543,0,imagenet_c,defocus_blur,1,none
efficientnet_b4,ILSVRC2012_val_00017800.JPEG,n04200800,788,788,0.64665127,1,imagenet_c,defocus_blur,1,none
efficientnet_b4,ILSVRC2012_val_00017898.JPEG,n04200800,788,476,0.14552966,0,imagenet_c,defocus_blur,1,none
efficientnet_b4,ILSVRC2012_val_00018851.JPEG,n04200800,788,860,0.38870588,0,imagenet_c,defocus_blur,1,none
efficientnet_b4,ILSVRC2012_val_00019628.JPEG,n04200800,788,788,0.19828664,1,imagenet_c,defocus_blur,1,none
efficientnet_b4,ILSVRC2012_val_00019741.JPEG,n04200800,788,865,0.07200327,0,imagenet_c,defocus_blur,1,none
efficientnet_b4,ILSVRC2012_val_00020229.JPEG,n04200800,788,865,0.10324268,0,imagenet_c,defocus_blur,1,none
efficientnet_b4,ILSVRC2012_val_00020365.JPEG,n04200800,788,788,0.11931272,1,imagenet_c,defocus_blur,1,none
efficientnet_b4,ILSVRC2012_val_00020913.JPEG,n04200800,788,788,0.08970309,1,imagenet_c,defocus_blur,1,none
efficientnet_b4,ILSVRC2012_val_00021527.JPEG,n04200800,788,788,0.49427903,1,imagenet_c,defocus_blur,1,none
efficientnet_b4,ILSVRC2012_val_00022173.JPEG,n04200800,788,788,0.53651327,1,imagenet_c,defocus_blur,1,none
efficientnet_b4,ILSVRC2012_val_00022813.JPEG,n04200800,788,788,0.32770085,1,imagenet_c,defocus_blur,1,none
efficientnet_b4,ILSVRC2012_val_00023354.JPEG,n04200800,788,788,0.46311206,1,imagenet_c,defocus_blur,1,none
efficientnet_b4,ILSVRC2012_val_00023481.JPEG,n04200800,788,788,0.6684831,1,imagenet_c,defocus_blur,1,none
efficientnet_b4,ILSVRC2012_val_00024337.JPEG,n04200800,788,788,0.38006362,1,imagenet_c,defocus_blur,1,none
efficientnet_b4,ILSVRC2012_val_00024574.JPEG,n04200800,788,788,0.58748,1,imagenet_c,defocus_blur,1,none
efficientnet_b4,ILSVRC2012_val_00026045.JPEG,n04200800,788,788,0.16628157,1,imagenet_c,defocus_blur,1,none
efficientnet_b4,ILSVRC2012_val_00028940.JPEG,n04200800,788,624,0.046603736,0,imagenet_c,defocus_blur,1,none
efficientnet_b4,ILSVRC2012_val_00031651.JPEG,n04200800,788,788,0.595689,1,imagenet_c,defocus_blur,1,none
efficientnet_b4,ILSVRC2012_val_00035624.JPEG,n04200800,788,788,0.61264557,1,imagenet_c,defocus_blur,1,none
efficientnet_b4,ILSVRC2012_val_00036014.JPEG,n04200800,788,509,0.16640614,0,imagenet_c,defocus_blur,1,none
efficientnet_b4,ILSVRC2012_val_00038439.JPEG,n04200800,788,398,0.09974748,0,imagenet_c,defocus_blur,1,none
efficientnet_b4,ILSVRC2012_val_00041646.JPEG,n04200800,788,422,0.33309022,0,imagenet_c,defocus_blur,1,none
efficientnet_b4,ILSVRC2012_val_00041825.JPEG,n04200800,788,788,0.410656,1,imagenet_c,defocus_blur,1,none
efficientnet_b4,ILSVRC2012_val_00043066.JPEG,n04200800,788,788,0.35916522,1,imagenet_c,defocus_blur,1,none
efficientnet_b4,ILSVRC2012_val_00044973.JPEG,n04200800,788,788,0.13758053,1,imagenet_c,defocus_blur,1,none
efficientnet_b4,ILSVRC2012_val_00047526.JPEG,n04200800,788,860,0.35206047,0,imagenet_c,defocus_blur,1,none
efficientnet_b4,ILSVRC2012_val_00047826.JPEG,n04200800,788,860,0.19172229,0,imagenet_c,defocus_blur,1,none
efficientnet_b4,ILSVRC2012_val_00048293.JPEG,n04200800,788,788,0.64811593,1,imagenet_c,defocus_blur,1,none
efficientnet_b4,ILSVRC2012_val_00048329.JPEG,n04200800,788,788,0.6002464,1,imagenet_c,defocus_blur,1,none
efficientnet_b4,ILSVRC2012_val_00048900.JPEG,n04200800,788,860,0.07852518,0,imagenet_c,defocus_blur,1,none
efficientnet_b4,ILSVRC2012_val_00049275.JPEG,n04200800,788,630,0.14001219,0,imagenet_c,defocus_blur,1,none
efficientnet_b4,ILSVRC2012_val_00049450.JPEG,n04200800,788,788,0.15512642,1,imagenet_c,defocus_blur,1,none
efficientnet_b4,ILSVRC2012_val_00049459.JPEG,n04200800,788,788,0.7061103,1,imagenet_c,defocus_blur,1,none
efficientnet_b4,ILSVRC2012_val_00000159.JPEG,n04201297,789,423,0.09109085,0,imagenet_c,defocus_blur,1,none
efficientnet_b4,ILSVRC2012_val_00001632.JPEG,n04201297,789,789,0.66364664,1,imagenet_c,defocus_blur,1,none
efficientnet_b4,ILSVRC2012_val_00003497.JPEG,n04201297,789,789,0.41175282,1,imagenet_c,defocus_blur,1,none
efficientnet_b4,ILSVRC2012_val_00005348.JPEG,n04201297,789,789,0.85695523,1,imagenet_c,defocus_blur,1,none
efficientnet_b4,ILSVRC2012_val_00005963.JPEG,n04201297,789,789,0.7492164,1,imagenet_c,defocus_blur,1,none
efficientnet_b4,ILSVRC2012_val_00006752.JPEG,n04201297,789,789,0.66530347,1,imagenet_c,defocus_blur,1,none
efficientnet_b4,ILSVRC2012_val_00006913.JPEG,n04201297,789,789,0.6084834,1,imagenet_c,defocus_blur,1,none
efficientnet_b4,ILSVRC2012_val_00011627.JPEG,n04201297,789,789,0.58685184,1,imagenet_c,defocus_blur,1,none
efficientnet_b4,ILSVRC2012_val_00011930.JPEG,n04201297,789,789,0.6713061,1,imagenet_c,defocus_blur,1,none
efficientnet_b4,ILSVRC2012_val_00013109.JPEG,n04201297,789,789,0.65282243,1,imagenet_c,defocus_blur,1,none
efficientnet_b4,ILSVRC2012_val_00015702.JPEG,n04201297,789,789,0.60446537,1,imagenet_c,defocus_blur,1,none
efficientnet_b4,ILSVRC2012_val_00015864.JPEG,n04201297,789,789,0.6755926,1,imagenet_c,defocus_blur,1,none
efficientnet_b4,ILSVRC2012_val_00017588.JPEG,n04201297,789,789,0.58763975,1,imagenet_c,defocus_blur,1,none
efficientnet_b4,ILSVRC2012_val_00020022.JPEG,n04201297,789,789,0.55350083,1,imagenet_c,defocus_blur,1,none
efficientnet_b4,ILSVRC2012_val_00022582.JPEG,n04201297,789,789,0.39377007,1,imagenet_c,defocus_blur,1,none
efficientnet_b4,ILSVRC2012_val_00023093.JPEG,n04201297,789,789,0.6341233,1,imagenet_c,defocus_blur,1,none
efficientnet_b4,ILSVRC2012_val_00025300.JPEG,n04201297,789,789,0.41351506,1,imagenet_c,defocus_blur,1,none
efficientnet_b4,ILSVRC2012_val_00025794.JPEG,n04201297,789,789,0.6182168,1,imagenet_c,defocus_blur,1,none
efficientnet_b4,ILSVRC2012_val_00028505.JPEG,n04201297,789,789,0.618249,1,imagenet_c,defocus_blur,1,none
efficientnet_b4,ILSVRC2012_val_00028735.JPEG,n04201297,789,789,0.6598231,1,imagenet_c,defocus_blur,1,none
efficientnet_b4,ILSVRC2012_val_00029607.JPEG,n04201297,789,789,0.17457484,1,imagenet_c,defocus_blur,1,none
efficientnet_b4,ILSVRC2012_val_00030538.JPEG,n04201297,789,789,0.55942357,1,imagenet_c,defocus_blur,1,none
efficientnet_b4,ILSVRC2012_val_00030601.JPEG,n04201297,789,706,0.21116412,0,imagenet_c,defocus_blur,1,none
efficientnet_b4,ILSVRC2012_val_00030692.JPEG,n04201297,789,421,0.20419873,0,imagenet_c,defocus_blur,1,none
efficientnet_b4,ILSVRC2012_val_00032743.JPEG,n04201297,789,789,0.5472007,1,imagenet_c,defocus_blur,1,none
efficientnet_b4,ILSVRC2012_val_00032787.JPEG,n04201297,789,789,0.35483152,1,imagenet_c,defocus_blur,1,none
efficientnet_b4,ILSVRC2012_val_00033852.JPEG,n04201297,789,789,0.6852032,1,imagenet_c,defocus_blur,1,none
efficientnet_b4,ILSVRC2012_val_00033996.JPEG,n04201297,789,904,0.06414691,0,imagenet_c,defocus_blur,1,none
efficientnet_b4,ILSVRC2012_val_00035412.JPEG,n04201297,789,789,0.35902017,1,imagenet_c,defocus_blur,1,none
efficientnet_b4,ILSVRC2012_val_00037124.JPEG,n04201297,789,789,0.70832205,1,imagenet_c,defocus_blur,1,none
efficientnet_b4,ILSVRC2012_val_00037501.JPEG,n04201297,789,789,0.61208296,1,imagenet_c,defocus_blur,1,none
efficientnet_b4,ILSVRC2012_val_00037763.JPEG,n04201297,789,799,0.12811884,0,imagenet_c,defocus_blur,1,none
efficientnet_b4,ILSVRC2012_val_00038030.JPEG,n04201297,789,789,0.5903873,1,imagenet_c,defocus_blur,1,none
efficientnet_b4,ILSVRC2012_val_00038109.JPEG,n04201297,789,789,0.5789643,1,imagenet_c,defocus_blur,1,none
efficientnet_b4,ILSVRC2012_val_00039751.JPEG,n04201297,789,556,0.29423785,0,imagenet_c,defocus_blur,1,none
efficientnet_b4,ILSVRC2012_val_00039973.JPEG,n04201297,789,789,0.80759895,1,imagenet_c,defocus_blur,1,none
efficientnet_b4,ILSVRC2012_val_00041367.JPEG,n04201297,789,789,0.4653937,1,imagenet_c,defocus_blur,1,none
efficientnet_b4,ILSVRC2012_val_00041890.JPEG,n04201297,789,789,0.7967758,1,imagenet_c,defocus_blur,1,none
efficientnet_b4,ILSVRC2012_val_00043124.JPEG,n04201297,789,789,0.72249454,1,imagenet_c,defocus_blur,1,none
efficientnet_b4,ILSVRC2012_val_00043448.JPEG,n04201297,789,789,0.6342709,1,imagenet_c,defocus_blur,1,none
efficientnet_b4,ILSVRC2012_val_00043708.JPEG,n04201297,789,789,0.09673187,1,imagenet_c,defocus_blur,1,none
efficientnet_b4,ILSVRC2012_val_00045241.JPEG,n04201297,789,789,0.46180534,1,imagenet_c,defocus_blur,1,none
efficientnet_b4,ILSVRC2012_val_00045636.JPEG,n04201297,789,789,0.63612884,1,imagenet_c,defocus_blur,1,none
efficientnet_b4,ILSVRC2012_val_00046546.JPEG,n04201297,789,789,0.70833653,1,imagenet_c,defocus_blur,1,none
efficientnet_b4,ILSVRC2012_val_00046580.JPEG,n04201297,789,789,0.52263224,1,imagenet_c,defocus_blur,1,none
efficientnet_b4,ILSVRC2012_val_00046663.JPEG,n04201297,789,789,0.6587815,1,imagenet_c,defocus_blur,1,none
efficientnet_b4,ILSVRC2012_val_00046889.JPEG,n04201297,789,789,0.5457819,1,imagenet_c,defocus_blur,1,none
efficientnet_b4,ILSVRC2012_val_00048019.JPEG,n04201297,789,789,0.57596326,1,imagenet_c,defocus_blur,1,none
efficientnet_b4,ILSVRC2012_val_00049289.JPEG,n04201297,789,789,0.66577816,1,imagenet_c,defocus_blur,1,none
efficientnet_b4,ILSVRC2012_val_00049812.JPEG,n04201297,789,789,0.7053543,1,imagenet_c,defocus_blur,1,none
efficientnet_b4,ILSVRC2012_val_00000629.JPEG,n04204238,790,791,0.34038308,0,imagenet_c,defocus_blur,1,none
efficientnet_b4,ILSVRC2012_val_00001633.JPEG,n04204238,790,790,0.6561244,1,imagenet_c,defocus_blur,1,none
efficientnet_b4,ILSVRC2012_val_00001783.JPEG,n04204238,790,790,0.54986537,1,imagenet_c,defocus_blur,1,none
efficientnet_b4,ILSVRC2012_val_00002519.JPEG,n04204238,790,827,0.030568263,0,imagenet_c,defocus_blur,1,none
efficientnet_b4,ILSVRC2012_val_00002770.JPEG,n04204238,790,790,0.5268715,1,imagenet_c,defocus_blur,1,none
efficientnet_b4,ILSVRC2012_val_00006622.JPEG,n04204238,790,790,0.43967572,1,imagenet_c,defocus_blur,1,none
efficientnet_b4,ILSVRC2012_val_00006961.JPEG,n04204238,790,790,0.48180678,1,imagenet_c,defocus_blur,1,none
efficientnet_b4,ILSVRC2012_val_00007861.JPEG,n04204238,790,582,0.36379603,0,imagenet_c,defocus_blur,1,none
efficientnet_b4,ILSVRC2012_val_00009096.JPEG,n04204238,790,790,0.64495146,1,imagenet_c,defocus_blur,1,none
efficientnet_b4,ILSVRC2012_val_00009203.JPEG,n04204238,790,463,0.08167599,0,imagenet_c,defocus_blur,1,none
efficientnet_b4,ILSVRC2012_val_00009223.JPEG,n04204238,790,790,0.11885957,1,imagenet_c,defocus_blur,1,none
efficientnet_b4,ILSVRC2012_val_00009235.JPEG,n04204238,790,790,0.5549202,1,imagenet_c,defocus_blur,1,none
efficientnet_b4,ILSVRC2012_val_00010750.JPEG,n04204238,790,704,0.10022942,0,imagenet_c,defocus_blur,1,none
efficientnet_b4,ILSVRC2012_val_00011252.JPEG,n04204238,790,588,0.16840349,0,imagenet_c,defocus_blur,1,none
efficientnet_b4,ILSVRC2012_val_00012046.JPEG,n04204238,790,509,0.26530233,0,imagenet_c,defocus_blur,1,none
efficientnet_b4,ILSVRC2012_val_00012266.JPEG,n04204238,790,790,0.3193807,1,imagenet_c,defocus_blur,1,none
efficientnet_b4,ILSVRC2012_val_00013624.JPEG,n04204238,790,790,0.66483474,1,imagenet_c,defocus_blur,1,none
efficientnet_b4,ILSVRC2012_val_00015598.JPEG,n04204238,790,588,0.4552351,0,imagenet_c,defocus_blur,1,none
efficientnet_b4,ILSVRC2012_val_00015859.JPEG,n04204238,790,790,0.22047518,1,imagenet_c,defocus_blur,1,none
efficientnet_b4,ILSVRC2012_val_00021565.JPEG,n04204238,790,790,0.245029,1,imagenet_c,defocus_blur,1,none
efficientnet_b4,ILSVRC2012_val_00022322.JPEG,n04204238,790,341,0.03616764,0,imagenet_c,defocus_blur,1,none
efficientnet_b4,ILSVRC2012_val_00023494.JPEG,n04204238,790,790,0.5014638,1,imagenet_c,defocus_blur,1,none
efficientnet_b4,ILSVRC2012_val_00026254.JPEG,n04204238,790,790,0.5171315,1,imagenet_c,defocus_blur,1,none
efficientnet_b4,ILSVRC2012_val_00027185.JPEG,n04204238,790,790,0.54138464,1,imagenet_c,defocus_blur,1,none
efficientnet_b4,ILSVRC2012_val_00027294.JPEG,n04204238,790,674,0.1974171,0,imagenet_c,defocus_blur,1,none
efficientnet_b4,ILSVRC2012_val_00027759.JPEG,n04204238,790,790,0.4008652,1,imagenet_c,defocus_blur,1,none
efficientnet_b4,ILSVRC2012_val_00028558.JPEG,n04204238,790,790,0.5983488,1,imagenet_c,defocus_blur,1,none
efficientnet_b4,ILSVRC2012_val_00028789.JPEG,n04204238,790,728,0.22664984,0,imagenet_c,defocus_blur,1,none
efficientnet_b4,ILSVRC2012_val_00029914.JPEG,n04204238,790,790,0.6505847,1,imagenet_c,defocus_blur,1,none
efficientnet_b4,ILSVRC2012_val_00030835.JPEG,n04204238,790,790,0.77622026,1,imagenet_c,defocus_blur,1,none
efficientnet_b4,ILSVRC2012_val_00032074.JPEG,n04204238,790,790,0.22751139,1,imagenet_c,defocus_blur,1,none
efficientnet_b4,ILSVRC2012_val_00034126.JPEG,n04204238,790,790,0.46149766,1,imagenet_c,defocus_blur,1,none
efficientnet_b4,ILSVRC2012_val_00034721.JPEG,n04204238,790,582,0.23804574,0,imagenet_c,defocus_blur,1,none
efficientnet_b4,ILSVRC2012_val_00035373.JPEG,n04204238,790,790,0.31297398,1,imagenet_c,defocus_blur,1,none
efficientnet_b4,ILSVRC2012_val_00035634.JPEG,n04204238,790,790,0.2902613,1,imagenet_c,defocus_blur,1,none
efficientnet_b4,ILSVRC2012_val_00037278.JPEG,n04204238,790,790,0.53576493,1,imagenet_c,defocus_blur,1,none
efficientnet_b4,ILSVRC2012_val_00037482.JPEG,n04204238,790,582,0.29300457,0,imagenet_c,defocus_blur,1,none
efficientnet_b4,ILSVRC2012_val_00039688.JPEG,n04204238,790,951,0.57552606,0,imagenet_c,defocus_blur,1,none
efficientnet_b4,ILSVRC2012_val_00041080.JPEG,n04204238,790,790,0.5812808,1,imagenet_c,defocus_blur,1,none
efficientnet_b4,ILSVRC2012_val_00043309.JPEG,n04204238,790,790,0.088144995,1,imagenet_c,defocus_blur,1,none
efficientnet_b4,ILSVRC2012_val_00043501.JPEG,n04204238,790,790,0.77933574,1,imagenet_c,defocus_blur,1,none
efficientnet_b4,ILSVRC2012_val_00043748.JPEG,n04204238,790,588,0.30339986,0,imagenet_c,defocus_blur,1,none
efficientnet_b4,ILSVRC2012_val_00044069.JPEG,n04204238,790,790,0.20487751,1,imagenet_c,defocus_blur,1,none
efficientnet_b4,ILSVRC2012_val_00044710.JPEG,n04204238,790,588,0.3082198,0,imagenet_c,defocus_blur,1,none
efficientnet_b4,ILSVRC2012_val_00045367.JPEG,n04204238,790,790,0.64914614,1,imagenet_c,defocus_blur,1,none
efficientnet_b4,ILSVRC2012_val_00047942.JPEG,n04204238,790,790,0.46517518,1,imagenet_c,defocus_blur,1,none
efficientnet_b4,ILSVRC2012_val_00048359.JPEG,n04204238,790,674,0.141202,0,imagenet_c,defocus_blur,1,none
efficientnet_b4,ILSVRC2012_val_00048590.JPEG,n04204238,790,790,0.21014714,1,imagenet_c,defocus_blur,1,none
efficientnet_b4,ILSVRC2012_val_00048927.JPEG,n04204238,790,790,0.69794565,1,imagenet_c,defocus_blur,1,none
efficientnet_b4,ILSVRC2012_val_00049804.JPEG,n04204238,790,790,0.5468203,1,imagenet_c,defocus_blur,1,none
efficientnet_b4,ILSVRC2012_val_00001316.JPEG,n04204347,791,791,0.25550386,1,imagenet_c,defocus_blur,1,none
efficientnet_b4,ILSVRC2012_val_00003562.JPEG,n04204347,791,791,0.6317783,1,imagenet_c,defocus_blur,1,none
efficientnet_b4,ILSVRC2012_val_00004046.JPEG,n04204347,791,781,0.039901145,0,imagenet_c,defocus_blur,1,none
efficientnet_b4,ILSVRC2012_val_00006082.JPEG,n04204347,791,791,0.32110596,1,imagenet_c,defocus_blur,1,none
efficientnet_b4,ILSVRC2012_val_00006839.JPEG,n04204347,791,830,0.15757807,0,imagenet_c,defocus_blur,1,none
efficientnet_b4,ILSVRC2012_val_00007221.JPEG,n04204347,791,791,0.42579088,1,imagenet_c,defocus_blur,1,none
efficientnet_b4,ILSVRC2012_val_00008219.JPEG,n04204347,791,582,0.17164358,0,imagenet_c,defocus_blur,1,none
efficientnet_b4,ILSVRC2012_val_00010079.JPEG,n04204347,791,791,0.45440835,1,imagenet_c,defocus_blur,1,none
efficientnet_b4,ILSVRC2012_val_00010406.JPEG,n04204347,791,660,0.15754883,0,imagenet_c,defocus_blur,1,none
efficientnet_b4,ILSVRC2012_val_00011855.JPEG,n04204347,791,556,0.5448227,0,imagenet_c,defocus_blur,1,none
efficientnet_b4,ILSVRC2012_val_00013003.JPEG,n04204347,791,582,0.5274438,0,imagenet_c,defocus_blur,1,none
efficientnet_b4,ILSVRC2012_val_00013905.JPEG,n04204347,791,791,0.45441747,1,imagenet_c,defocus_blur,1,none
efficientnet_b4,ILSVRC2012_val_00014048.JPEG,n04204347,791,880,0.2473919,0,imagenet_c,defocus_blur,1,none
efficientnet_b4,ILSVRC2012_val_00015201.JPEG,n04204347,791,791,0.05648802,1,imagenet_c,defocus_blur,1,none
efficientnet_b4,ILSVRC2012_val_00015814.JPEG,n04204347,791,791,0.15485747,1,imagenet_c,defocus_blur,1,none
efficientnet_b4,ILSVRC2012_val_00016509.JPEG,n04204347,791,791,0.37818962,1,imagenet_c,defocus_blur,1,none
efficientnet_b4,ILSVRC2012_val_00018921.JPEG,n04204347,791,791,0.31965646,1,imagenet_c,defocus_blur,1,none
efficientnet_b4,ILSVRC2012_val_00019374.JPEG,n04204347,791,582,0.18106928,0,imagenet_c,defocus_blur,1,none
efficientnet_b4,ILSVRC2012_val_00019748.JPEG,n04204347,791,791,0.7742169,1,imagenet_c,defocus_blur,1,none
efficientnet_b4,ILSVRC2012_val_00020358.JPEG,n04204347,791,582,0.19479308,0,imagenet_c,defocus_blur,1,none
efficientnet_b4,ILSVRC2012_val_00020500.JPEG,n04204347,791,791,0.26496828,1,imagenet_c,defocus_blur,1,none
efficientnet_b4,ILSVRC2012_val_00020682.JPEG,n04204347,791,582,0.3380282,0,imagenet_c,defocus_blur,1,none
efficientnet_b4,ILSVRC2012_val_00020831.JPEG,n04204347,791,791,0.47581452,1,imagenet_c,defocus_blur,1,none
efficientnet_b4,ILSVRC2012_val_00021131.JPEG,n04204347,791,791,0.35871992,1,imagenet_c,defocus_blur,1,none
efficientnet_b4,ILSVRC2012_val_00021628.JPEG,n04204347,791,791,0.26522407,1,imagenet_c,defocus_blur,1,none
efficientnet_b4,ILSVRC2012_val_00023293.JPEG,n04204347,791,475,0.11656577,0,imagenet_c,defocus_blur,1,none
efficientnet_b4,ILSVRC2012_val_00024559.JPEG,n04204347,791,791,0.5628715,1,imagenet_c,defocus_blur,1,none
efficientnet_b4,ILSVRC2012_val_00025801.JPEG,n04204347,791,791,0.54194266,1,imagenet_c,defocus_blur,1,none
efficientnet_b4,ILSVRC2012_val_00026722.JPEG,n04204347,791,791,0.53067684,1,imagenet_c,defocus_blur,1,none
efficientnet_b4,ILSVRC2012_val_00028043.JPEG,n04204347,791,627,0.21650517,0,imagenet_c,defocus_blur,1,none
efficientnet_b4,ILSVRC2012_val_00028559.JPEG,n04204347,791,791,0.41631812,1,imagenet_c,defocus_blur,1,none
efficientnet_b4,ILSVRC2012_val_00031962.JPEG,n04204347,791,791,0.24612762,1,imagenet_c,defocus_blur,1,none
efficientnet_b4,ILSVRC2012_val_00032081.JPEG,n04204347,791,791,0.19007191,1,imagenet_c,defocus_blur,1,none
efficientnet_b4,ILSVRC2012_val_00032770.JPEG,n04204347,791,791,0.4744369,1,imagenet_c,defocus_blur,1,none
efficientnet_b4,ILSVRC2012_val_00032795.JPEG,n04204347,791,791,0.30837762,1,imagenet_c,defocus_blur,1,none
efficientnet_b4,ILSVRC2012_val_00034719.JPEG,n04204347,791,791,0.37136728,1,imagenet_c,defocus_blur,1,none
efficientnet_b4,ILSVRC2012_val_00035369.JPEG,n04204347,791,791,0.22411749,1,imagenet_c,defocus_blur,1,none
efficientnet_b4,ILSVRC2012_val_00036559.JPEG,n04204347,791,791,0.42497832,1,imagenet_c,defocus_blur,1,none
efficientnet_b4,ILSVRC2012_val_00036653.JPEG,n04204347,791,741,0.17110747,0,imagenet_c,defocus_blur,1,none
efficientnet_b4,ILSVRC2012_val_00036714.JPEG,n04204347,791,790,0.31477657,0,imagenet_c,defocus_blur,1,none
efficientnet_b4,ILSVRC2012_val_00039345.JPEG,n04204347,791,791,0.33142745,1,imagenet_c,defocus_blur,1,none
efficientnet_b4,ILSVRC2012_val_00039352.JPEG,n04204347,791,791,0.77139086,1,imagenet_c,defocus_blur,1,none
efficientnet_b4,ILSVRC2012_val_00039778.JPEG,n04204347,791,489,0.4660562,0,imagenet_c,defocus_blur,1,none
efficientnet_b4,ILSVRC2012_val_00040297.JPEG,n04204347,791,791,0.6775772,1,imagenet_c,defocus_blur,1,none
efficientnet_b4,ILSVRC2012_val_00041108.JPEG,n04204347,791,582,0.18420877,0,imagenet_c,defocus_blur,1,none
efficientnet_b4,ILSVRC2012_val_00043227.JPEG,n04204347,791,728,0.32161653,0,imagenet_c,defocus_blur,1,none
efficientnet_b4,ILSVRC2012_val_00045143.JPEG,n04204347,791,791,0.3146873,1,imagenet_c,defocus_blur,1,none
efficientnet_b4,ILSVRC2012_val_00046559.JPEG,n04204347,791,791,0.4899185,1,imagenet_c,defocus_blur,1,none
efficientnet_b4,ILSVRC2012_val_00048905.JPEG,n04204347,791,791,0.3220638,1,imagenet_c,defocus_blur,1,none
efficientnet_b4,ILSVRC2012_val_00049135.JPEG,n04204347,791,791,0.44698307,1,imagenet_c,defocus_blur,1,none
efficientnet_b4,ILSVRC2012_val_00002065.JPEG,n04208210,792,792,0.8608783,1,imagenet_c,defocus_blur,1,none
efficientnet_b4,ILSVRC2012_val_00002164.JPEG,n04208210,792,840,0.065947,0,imagenet_c,defocus_blur,1,none
efficientnet_b4,ILSVRC2012_val_00002999.JPEG,n04208210,792,672,0.5820972,0,imagenet_c,defocus_blur,1,none
efficientnet_b4,ILSVRC2012_val_00003427.JPEG,n04208210,792,792,0.1763066,1,imagenet_c,defocus_blur,1,none
efficientnet_b4,ILSVRC2012_val_00004896.JPEG,n04208210,792,792,0.8472251,1,imagenet_c,defocus_blur,1,none
efficientnet_b4,ILSVRC2012_val_00005384.JPEG,n04208210,792,792,0.8261608,1,imagenet_c,defocus_blur,1,none
efficientnet_b4,ILSVRC2012_val_00009928.JPEG,n04208210,792,522,0.15596619,0,imagenet_c,defocus_blur,1,none
efficientnet_b4,ILSVRC2012_val_00010415.JPEG,n04208210,792,792,0.31101564,1,imagenet_c,defocus_blur,1,none
efficientnet_b4,ILSVRC2012_val_00010787.JPEG,n04208210,792,559,0.09907998,0,imagenet_c,defocus_blur,1,none
efficientnet_b4,ILSVRC2012_val_00010795.JPEG,n04208210,792,795,0.19418524,0,imagenet_c,defocus_blur,1,none
efficientnet_b4,ILSVRC2012_val_00012030.JPEG,n04208210,792,792,0.9439069,1,imagenet_c,defocus_blur,1,none
efficientnet_b4,ILSVRC2012_val_00012626.JPEG,n04208210,792,499,0.17554134,0,imagenet_c,defocus_blur,1,none
efficientnet_b4,ILSVRC2012_val_00013290.JPEG,n04208210,792,792,0.66417855,1,imagenet_c,defocus_blur,1,none
efficientnet_b4,ILSVRC2012_val_00013536.JPEG,n04208210,792,634,0.07254254,0,imagenet_c,defocus_blur,1,none
efficientnet_b4,ILSVRC2012_val_00014894.JPEG,n04208210,792,790,0.22637251,0,imagenet_c,defocus_blur,1,none
efficientnet_b4,ILSVRC2012_val_00015780.JPEG,n04208210,792,353,0.051700145,0,imagenet_c,defocus_blur,1,none
efficientnet_b4,ILSVRC2012_val_00017743.JPEG,n04208210,792,792,0.841803,1,imagenet_c,defocus_blur,1,none
efficientnet_b4,ILSVRC2012_val_00019065.JPEG,n04208210,792,792,0.7701115,1,imagenet_c,defocus_blur,1,none
efficientnet_b4,ILSVRC2012_val_00019122.JPEG,n04208210,792,743,0.035369582,0,imagenet_c,defocus_blur,1,none
efficientnet_b4,ILSVRC2012_val_00020101.JPEG,n04208210,792,792,0.79847944,1,imagenet_c,defocus_blur,1,none
efficientnet_b4,ILSVRC2012_val_00020523.JPEG,n04208210,792,792,0.843058,1,imagenet_c,defocus_blur,1,none
efficientnet_b4,ILSVRC2012_val_00021349.JPEG,n04208210,792,654,0.24236333,0,imagenet_c,defocus_blur,1,none
efficientnet_b4,ILSVRC2012_val_00023586.JPEG,n04208210,792,730,0.17638712,0,imagenet_c,defocus_blur,1,none
efficientnet_b4,ILSVRC2012_val_00025749.JPEG,n04208210,792,795,0.19061692,0,imagenet_c,defocus_blur,1,none
efficientnet_b4,ILSVRC2012_val_00026621.JPEG,n04208210,792,677,0.23118329,0,imagenet_c,defocus_blur,1,none
efficientnet_b4,ILSVRC2012_val_00027057.JPEG,n04208210,792,792,0.25780004,1,imagenet_c,defocus_blur,1,none
efficientnet_b4,ILSVRC2012_val_00030129.JPEG,n04208210,792,634,0.061494347,0,imagenet_c,defocus_blur,1,none
efficientnet_b4,ILSVRC2012_val_00031032.JPEG,n04208210,792,792,0.6824119,1,imagenet_c,defocus_blur,1,none
efficientnet_b4,ILSVRC2012_val_00031937.JPEG,n04208210,792,477,0.80250794,0,imagenet_c,defocus_blur,1,none
efficientnet_b4,ILSVRC2012_val_00032430.JPEG,n04208210,792,840,0.09781292,0,imagenet_c,defocus_blur,1,none
efficientnet_b4,ILSVRC2012_val_00032928.JPEG,n04208210,792,792,0.41675913,1,imagenet_c,defocus_blur,1,none
efficientnet_b4,ILSVRC2012_val_00035200.JPEG,n04208210,792,792,0.22659075,1,imagenet_c,defocus_blur,1,none
efficientnet_b4,ILSVRC2012_val_00035208.JPEG,n04208210,792,792,0.3203188,1,imagenet_c,defocus_blur,1,none
efficientnet_b4,ILSVRC2012_val_00036636.JPEG,n04208210,792,715,0.13175876,0,imagenet_c,defocus_blur,1,none
efficientnet_b4,ILSVRC2012_val_00039535.JPEG,n04208210,792,587,0.17009854,0,imagenet_c,defocus_blur,1,none
efficientnet_b4,ILSVRC2012_val_00039977.JPEG,n04208210,792,519,0.03129028,0,imagenet_c,defocus_blur,1,none
efficientnet_b4,ILSVRC2012_val_00040253.JPEG,n04208210,792,731,0.60144657,0,imagenet_c,defocus_blur,1,none
efficientnet_b4,ILSVRC2012_val_00040862.JPEG,n04208210,792,537,0.23158546,0,imagenet_c,defocus_blur,1,none
efficientnet_b4,ILSVRC2012_val_00041274.JPEG,n04208210,792,792,0.4415596,1,imagenet_c,defocus_blur,1,none
efficientnet_b4,ILSVRC2012_val_00042371.JPEG,n04208210,792,830,0.120194905,0,imagenet_c,defocus_blur,1,none
efficientnet_b4,ILSVRC2012_val_00042715.JPEG,n04208210,792,792,0.9007873,1,imagenet_c,defocus_blur,1,none
efficientnet_b4,ILSVRC2012_val_00043683.JPEG,n04208210,792,792,0.29991865,1,imagenet_c,defocus_blur,1,none
efficientnet_b4,ILSVRC2012_val_00043922.JPEG,n04208210,792,803,0.20128958,0,imagenet_c,defocus_blur,1,none
efficientnet_b4,ILSVRC2012_val_00045236.JPEG,n04208210,792,840,0.09070741,0,imagenet_c,defocus_blur,1,none
efficientnet_b4,ILSVRC2012_val_00047002.JPEG,n04208210,792,522,0.3571989,0,imagenet_c,defocus_blur,1,none
efficientnet_b4,ILSVRC2012_val_00047070.JPEG,n04208210,792,792,0.74161255,1,imagenet_c,defocus_blur,1,none
efficientnet_b4,ILSVRC2012_val_00048344.JPEG,n04208210,792,792,0.6634753,1,imagenet_c,defocus_blur,1,none
efficientnet_b4,ILSVRC2012_val_00048941.JPEG,n04208210,792,792,0.17895645,1,imagenet_c,defocus_blur,1,none
efficientnet_b4,ILSVRC2012_val_00049240.JPEG,n04208210,792,600,0.22907014,0,imagenet_c,defocus_blur,1,none
efficientnet_b4,ILSVRC2012_val_00049452.JPEG,n04208210,792,792,0.6683799,1,imagenet_c,defocus_blur,1,none
efficientnet_b4,ILSVRC2012_val_00002394.JPEG,n04209133,793,793,0.6108394,1,imagenet_c,defocus_blur,1,none
efficientnet_b4,ILSVRC2012_val_00002465.JPEG,n04209133,793,793,0.61631924,1,imagenet_c,defocus_blur,1,none
efficientnet_b4,ILSVRC2012_val_00002667.JPEG,n04209133,793,793,0.8481391,1,imagenet_c,defocus_blur,1,none
efficientnet_b4,ILSVRC2012_val_00003184.JPEG,n04209133,793,793,0.62371194,1,imagenet_c,defocus_blur,1,none
efficientnet_b4,ILSVRC2012_val_00004457.JPEG,n04209133,793,876,0.16365248,0,imagenet_c,defocus_blur,1,none
efficientnet_b4,ILSVRC2012_val_00005233.JPEG,n04209133,793,793,0.645509,1,imagenet_c,defocus_blur,1,none
efficientnet_b4,ILSVRC2012_val_00005661.JPEG,n04209133,793,793,0.61245304,1,imagenet_c,defocus_blur,1,none
efficientnet_b4,ILSVRC2012_val_00006090.JPEG,n04209133,793,793,0.59814703,1,imagenet_c,defocus_blur,1,none
efficientnet_b4,ILSVRC2012_val_00006587.JPEG,n04209133,793,486,0.049029257,0,imagenet_c,defocus_blur,1,none
efficientnet_b4,ILSVRC2012_val_00006601.JPEG,n04209133,793,793,0.7444079,1,imagenet_c,defocus_blur,1,none
efficientnet_b4,ILSVRC2012_val_00010607.JPEG,n04209133,793,433,0.4677556,0,imagenet_c,defocus_blur,1,none
efficientnet_b4,ILSVRC2012_val_00011124.JPEG,n04209133,793,793,0.6889231,1,imagenet_c,defocus_blur,1,none
efficientnet_b4,ILSVRC2012_val_00013723.JPEG,n04209133,793,756,0.1222377,0,imagenet_c,defocus_blur,1,none
efficientnet_b4,ILSVRC2012_val_00014507.JPEG,n04209133,793,793,0.49021888,1,imagenet_c,defocus_blur,1,none
efficientnet_b4,ILSVRC2012_val_00016376.JPEG,n04209133,793,793,0.79845834,1,imagenet_c,defocus_blur,1,none
efficientnet_b4,ILSVRC2012_val_00017954.JPEG,n04209133,793,793,0.17560923,1,imagenet_c,defocus_blur,1,none
efficientnet_b4,ILSVRC2012_val_00018216.JPEG,n04209133,793,793,0.59732854,1,imagenet_c,defocus_blur,1,none
efficientnet_b4,ILSVRC2012_val_00018624.JPEG,n04209133,793,793,0.8672669,1,imagenet_c,defocus_blur,1,none
efficientnet_b4,ILSVRC2012_val_00018778.JPEG,n04209133,793,642,0.58242667,0,imagenet_c,defocus_blur,1,none
efficientnet_b4,ILSVRC2012_val_00019411.JPEG,n04209133,793,793,0.121008776,1,imagenet_c,defocus_blur,1,none
efficientnet_b4,ILSVRC2012_val_00019866.JPEG,n04209133,793,793,0.5864683,1,imagenet_c,defocus_blur,1,none
efficientnet_b4,ILSVRC2012_val_00021560.JPEG,n04209133,793,452,0.7165305,0,imagenet_c,defocus_blur,1,none
efficientnet_b4,ILSVRC2012_val_00022674.JPEG,n04209133,793,916,0.19779347,0,imagenet_c,defocus_blur,1,none
efficientnet_b4,ILSVRC2012_val_00022707.JPEG,n04209133,793,793,0.7852817,1,imagenet_c,defocus_blur,1,none
efficientnet_b4,ILSVRC2012_val_00024479.JPEG,n04209133,793,793,0.67075604,1,imagenet_c,defocus_blur,1,none
efficientnet_b4,ILSVRC2012_val_00024805.JPEG,n04209133,793,793,0.6574097,1,imagenet_c,defocus_blur,1,none
efficientnet_b4,ILSVRC2012_val_00024890.JPEG,n04209133,793,793,0.8760985,1,imagenet_c,defocus_blur,1,none
efficientnet_b4,ILSVRC2012_val_00027144.JPEG,n04209133,793,793,0.1464728,1,imagenet_c,defocus_blur,1,none
efficientnet_b4,ILSVRC2012_val_00028804.JPEG,n04209133,793,793,0.72818863,1,imagenet_c,defocus_blur,1,none
efficientnet_b4,ILSVRC2012_val_00029797.JPEG,n04209133,793,793,0.4563,1,imagenet_c,defocus_blur,1,none
efficientnet_b4,ILSVRC2012_val_00029858.JPEG,n04209133,793,747,0.051584754,0,imagenet_c,defocus_blur,1,none
efficientnet_b4,ILSVRC2012_val_00030130.JPEG,n04209133,793,793,0.3018765,1,imagenet_c,defocus_blur,1,none
efficientnet_b4,ILSVRC2012_val_00030670.JPEG,n04209133,793,400,0.08182737,0,imagenet_c,defocus_blur,1,none
efficientnet_b4,ILSVRC2012_val_00031460.JPEG,n04209133,793,793,0.80666316,1,imagenet_c,defocus_blur,1,none
efficientnet_b4,ILSVRC2012_val_00035327.JPEG,n04209133,793,793,0.19851688,1,imagenet_c,defocus_blur,1,none
efficientnet_b4,ILSVRC2012_val_00035730.JPEG,n04209133,793,560,0.17061782,0,imagenet_c,defocus_blur,1,none
efficientnet_b4,ILSVRC2012_val_00036943.JPEG,n04209133,793,251,0.31927148,0,imagenet_c,defocus_blur,1,none
efficientnet_b4,ILSVRC2012_val_00037601.JPEG,n04209133,793,793,0.6656407,1,imagenet_c,defocus_blur,1,none
efficientnet_b4,ILSVRC2012_val_00039110.JPEG,n04209133,793,793,0.04410289,1,imagenet_c,defocus_blur,1,none
efficientnet_b4,ILSVRC2012_val_00040414.JPEG,n04209133,793,617,0.24607511,0,imagenet_c,defocus_blur,1,none
efficientnet_b4,ILSVRC2012_val_00041604.JPEG,n04209133,793,793,0.79230344,1,imagenet_c,defocus_blur,1,none
efficientnet_b4,ILSVRC2012_val_00041783.JPEG,n04209133,793,793,0.39773777,1,imagenet_c,defocus_blur,1,none
efficientnet_b4,ILSVRC2012_val_00042200.JPEG,n04209133,793,793,0.73871154,1,imagenet_c,defocus_blur,1,none
efficientnet_b4,ILSVRC2012_val_00042790.JPEG,n04209133,793,793,0.64010483,1,imagenet_c,defocus_blur,1,none
efficientnet_b4,ILSVRC2012_val_00044478.JPEG,n04209133,793,634,0.06367021,0,imagenet_c,defocus_blur,1,none
efficientnet_b4,ILSVRC2012_val_00045897.JPEG,n04209133,793,793,0.31673533,1,imagenet_c,defocus_blur,1,none
efficientnet_b4,ILSVRC2012_val_00046449.JPEG,n04209133,793,793,0.53944457,1,imagenet_c,defocus_blur,1,none
efficientnet_b4,ILSVRC2012_val_00046639.JPEG,n04209133,793,822,0.047988985,0,imagenet_c,defocus_blur,1,none
efficientnet_b4,ILSVRC2012_val_00047240.JPEG,n04209133,793,793,0.6834949,1,imagenet_c,defocus_blur,1,none
efficientnet_b4,ILSVRC2012_val_00048831.JPEG,n04209133,793,869,0.048361406,0,imagenet_c,defocus_blur,1,none
efficientnet_b4,ILSVRC2012_val_00000527.JPEG,n04209239,794,794,0.6112793,1,imagenet_c,defocus_blur,1,none
efficientnet_b4,ILSVRC2012_val_00003017.JPEG,n04209239,794,794,0.011251126,1,imagenet_c,defocus_blur,1,none
efficientnet_b4,ILSVRC2012_val_00003105.JPEG,n04209239,794,794,0.516714,1,imagenet_c,defocus_blur,1,none
efficientnet_b4,ILSVRC2012_val_00003842.JPEG,n04209239,794,794,0.2683587,1,imagenet_c,defocus_blur,1,none
efficientnet_b4,ILSVRC2012_val_00006852.JPEG,n04209239,794,794,0.42913064,1,imagenet_c,defocus_blur,1,none
efficientnet_b4,ILSVRC2012_val_00007505.JPEG,n04209239,794,564,0.40408716,0,imagenet_c,defocus_blur,1,none
efficientnet_b4,ILSVRC2012_val_00010492.JPEG,n04209239,794,794,0.07990241,1,imagenet_c,defocus_blur,1,none
efficientnet_b4,ILSVRC2012_val_00011516.JPEG,n04209239,794,794,0.533853,1,imagenet_c,defocus_blur,1,none
efficientnet_b4,ILSVRC2012_val_00013514.JPEG,n04209239,794,794,0.69559634,1,imagenet_c,defocus_blur,1,none
efficientnet_b4,ILSVRC2012_val_00013627.JPEG,n04209239,794,399,0.084076725,0,imagenet_c,defocus_blur,1,none
efficientnet_b4,ILSVRC2012_val_00013908.JPEG,n04209239,794,794,0.5670984,1,imagenet_c,defocus_blur,1,none
efficientnet_b4,ILSVRC2012_val_00013948.JPEG,n04209239,794,794,0.3957873,1,imagenet_c,defocus_blur,1,none
efficientnet_b4,ILSVRC2012_val_00014474.JPEG,n04209239,794,794,0.3207793,1,imagenet_c,defocus_blur,1,none
efficientnet_b4,ILSVRC2012_val_00015342.JPEG,n04209239,794,794,0.64652824,1,imagenet_c,defocus_blur,1,none
efficientnet_b4,ILSVRC2012_val_00015822.JPEG,n04209239,794,519,0.053054675,0,imagenet_c,defocus_blur,1,none
efficientnet_b4,ILSVRC2012_val_00016761.JPEG,n04209239,794,759,0.055899333,0,imagenet_c,defocus_blur,1,none
efficientnet_b4,ILSVRC2012_val_00016871.JPEG,n04209239,794,501,0.15889864,0,imagenet_c,defocus_blur,1,none
efficientnet_b4,ILSVRC2012_val_00020429.JPEG,n04209239,794,794,0.6321949,1,imagenet_c,defocus_blur,1,none
efficientnet_b4,ILSVRC2012_val_00021217.JPEG,n04209239,794,894,0.15487881,0,imagenet_c,defocus_blur,1,none
efficientnet_b4,ILSVRC2012_val_00022250.JPEG,n04209239,794,794,0.20387045,1,imagenet_c,defocus_blur,1,none
efficientnet_b4,ILSVRC2012_val_00024446.JPEG,n04209239,794,794,0.14309639,1,imagenet_c,defocus_blur,1,none
efficientnet_b4,ILSVRC2012_val_00025112.JPEG,n04209239,794,424,0.05556891,0,imagenet_c,defocus_blur,1,none
efficientnet_b4,ILSVRC2012_val_00026264.JPEG,n04209239,794,648,0.17519076,0,imagenet_c,defocus_blur,1,none
efficientnet_b4,ILSVRC2012_val_00026601.JPEG,n04209239,794,708,0.077879734,0,imagenet_c,defocus_blur,1,none
efficientnet_b4,ILSVRC2012_val_00026834.JPEG,n04209239,794,885,0.21322766,0,imagenet_c,defocus_blur,1,none
efficientnet_b4,ILSVRC2012_val_00026850.JPEG,n04209239,794,794,0.11385667,1,imagenet_c,defocus_blur,1,none
efficientnet_b4,ILSVRC2012_val_00028999.JPEG,n04209239,794,794,0.34266114,1,imagenet_c,defocus_blur,1,none
efficientnet_b4,ILSVRC2012_val_00029931.JPEG,n04209239,794,77,0.17591399,0,imagenet_c,defocus_blur,1,none
efficientnet_b4,ILSVRC2012_val_00030436.JPEG,n04209239,794,855,0.11898224,0,imagenet_c,defocus_blur,1,none
efficientnet_b4,ILSVRC2012_val_00031008.JPEG,n04209239,794,794,0.19965655,1,imagenet_c,defocus_blur,1,none
efficientnet_b4,ILSVRC2012_val_00031266.JPEG,n04209239,794,794,0.3930203,1,imagenet_c,defocus_blur,1,none
efficientnet_b4,ILSVRC2012_val_00031860.JPEG,n04209239,794,794,0.8015896,1,imagenet_c,defocus_blur,1,none
efficientnet_b4,ILSVRC2012_val_00032213.JPEG,n04209239,794,427,0.100922756,0,imagenet_c,defocus_blur,1,none
efficientnet_b4,ILSVRC2012_val_00032539.JPEG,n04209239,794,883,0.08600603,0,imagenet_c,defocus_blur,1,none
efficientnet_b4,ILSVRC2012_val_00032893.JPEG,n04209239,794,689,0.2774699,0,imagenet_c,defocus_blur,1,none
efficientnet_b4,ILSVRC2012_val_00033918.JPEG,n04209239,794,794,0.1469232,1,imagenet_c,defocus_blur,1,none
efficientnet_b4,ILSVRC2012_val_00034414.JPEG,n04209239,794,794,0.53897214,1,imagenet_c,defocus_blur,1,none
efficientnet_b4,ILSVRC2012_val_00034535.JPEG,n04209239,794,794,0.42316875,1,imagenet_c,defocus_blur,1,none
efficientnet_b4,ILSVRC2012_val_00035393.JPEG,n04209239,794,669,0.2453645,0,imagenet_c,defocus_blur,1,none
efficientnet_b4,ILSVRC2012_val_00038386.JPEG,n04209239,794,794,0.48779213,1,imagenet_c,defocus_blur,1,none
efficientnet_b4,ILSVRC2012_val_00038593.JPEG,n04209239,794,789,0.3547759,0,imagenet_c,defocus_blur,1,none
efficientnet_b4,ILSVRC2012_val_00039813.JPEG,n04209239,794,728,0.3226596,0,imagenet_c,defocus_blur,1,none
efficientnet_b4,ILSVRC2012_val_00040307.JPEG,n04209239,794,728,0.12765682,0,imagenet_c,defocus_blur,1,none
efficientnet_b4,ILSVRC2012_val_00040507.JPEG,n04209239,794,794,0.52411544,1,imagenet_c,defocus_blur,1,none
efficientnet_b4,ILSVRC2012_val_00041879.JPEG,n04209239,794,601,0.102287054,0,imagenet_c,defocus_blur,1,none
efficientnet_b4,ILSVRC2012_val_00044909.JPEG,n04209239,794,794,0.5735636,1,imagenet_c,defocus_blur,1,none
efficientnet_b4,ILSVRC2012_val_00046099.JPEG,n04209239,794,697,0.57687736,0,imagenet_c,defocus_blur,1,none
efficientnet_b4,ILSVRC2012_val_00048176.JPEG,n04209239,794,861,0.18316992,0,imagenet_c,defocus_blur,1,none
efficientnet_b4,ILSVRC2012_val_00048319.JPEG,n04209239,794,794,0.34655336,1,imagenet_c,defocus_blur,1,none
efficientnet_b4,ILSVRC2012_val_00049798.JPEG,n04209239,794,775,0.08597367,0,imagenet_c,defocus_blur,1,none
efficientnet_b4,ILSVRC2012_val_00000568.JPEG,n04228054,795,795,0.27689865,1,imagenet_c,defocus_blur,1,none
efficientnet_b4,ILSVRC2012_val_00001004.JPEG,n04228054,795,795,0.35174763,1,imagenet_c,defocus_blur,1,none
efficientnet_b4,ILSVRC2012_val_00001447.JPEG,n04228054,795,795,0.55996215,1,imagenet_c,defocus_blur,1,none
efficientnet_b4,ILSVRC2012_val_00003918.JPEG,n04228054,795,795,0.46807384,1,imagenet_c,defocus_blur,1,none
efficientnet_b4,ILSVRC2012_val_00004798.JPEG,n04228054,795,454,0.19271033,0,imagenet_c,defocus_blur,1,none
efficientnet_b4,ILSVRC2012_val_00005392.JPEG,n04228054,795,795,0.71302974,1,imagenet_c,defocus_blur,1,none
efficientnet_b4,ILSVRC2012_val_00006208.JPEG,n04228054,795,795,0.21117131,1,imagenet_c,defocus_blur,1,none
efficientnet_b4,ILSVRC2012_val_00006215.JPEG,n04228054,795,795,0.56132454,1,imagenet_c,defocus_blur,1,none
efficientnet_b4,ILSVRC2012_val_00007148.JPEG,n04228054,795,795,0.43949714,1,imagenet_c,defocus_blur,1,none
efficientnet_b4,ILSVRC2012_val_00007821.JPEG,n04228054,795,795,0.5777939,1,imagenet_c,defocus_blur,1,none
efficientnet_b4,ILSVRC2012_val_00008835.JPEG,n04228054,795,970,0.30056453,0,imagenet_c,defocus_blur,1,none
efficientnet_b4,ILSVRC2012_val_00009557.JPEG,n04228054,795,795,0.708454,1,imagenet_c,defocus_blur,1,none
efficientnet_b4,ILSVRC2012_val_00009936.JPEG,n04228054,795,795,0.28900823,1,imagenet_c,defocus_blur,1,none
efficientnet_b4,ILSVRC2012_val_00011377.JPEG,n04228054,795,416,0.096027024,0,imagenet_c,defocus_blur,1,none
efficientnet_b4,ILSVRC2012_val_00012449.JPEG,n04228054,795,970,0.4191468,0,imagenet_c,defocus_blur,1,none
efficientnet_b4,ILSVRC2012_val_00014499.JPEG,n04228054,795,795,0.28029144,1,imagenet_c,defocus_blur,1,none
efficientnet_b4,ILSVRC2012_val_00015100.JPEG,n04228054,795,795,0.33533818,1,imagenet_c,defocus_blur,1,none
efficientnet_b4,ILSVRC2012_val_00015149.JPEG,n04228054,795,795,0.24293382,1,imagenet_c,defocus_blur,1,none
efficientnet_b4,ILSVRC2012_val_00018348.JPEG,n04228054,795,795,0.12886095,1,imagenet_c,defocus_blur,1,none
efficientnet_b4,ILSVRC2012_val_00018567.JPEG,n04228054,795,795,0.26586366,1,imagenet_c,defocus_blur,1,none
efficientnet_b4,ILSVRC2012_val_00022651.JPEG,n04228054,795,795,0.41528064,1,imagenet_c,defocus_blur,1,none
efficientnet_b4,ILSVRC2012_val_00023770.JPEG,n04228054,795,795,0.4740228,1,imagenet_c,defocus_blur,1,none
efficientnet_b4,ILSVRC2012_val_00024142.JPEG,n04228054,795,795,0.5792744,1,imagenet_c,defocus_blur,1,none
efficientnet_b4,ILSVRC2012_val_00024679.JPEG,n04228054,795,795,0.30744538,1,imagenet_c,defocus_blur,1,none
efficientnet_b4,ILSVRC2012_val_00024735.JPEG,n04228054,795,795,0.17647694,1,imagenet_c,defocus_blur,1,none
efficientnet_b4,ILSVRC2012_val_00024834.JPEG,n04228054,795,795,0.637874,1,imagenet_c,defocus_blur,1,none
efficientnet_b4,ILSVRC2012_val_00027289.JPEG,n04228054,795,795,0.70134544,1,imagenet_c,defocus_blur,1,none
efficientnet_b4,ILSVRC2012_val_00027692.JPEG,n04228054,795,795,0.30333352,1,imagenet_c,defocus_blur,1,none
efficientnet_b4,ILSVRC2012_val_00028327.JPEG,n04228054,795,795,0.19954269,1,imagenet_c,defocus_blur,1,none
efficientnet_b4,ILSVRC2012_val_00028517.JPEG,n04228054,795,792,0.083384044,0,imagenet_c,defocus_blur,1,none
efficientnet_b4,ILSVRC2012_val_00028649.JPEG,n04228054,795,913,0.080079116,0,imagenet_c,defocus_blur,1,none
efficientnet_b4,ILSVRC2012_val_00029431.JPEG,n04228054,795,792,0.07218517,0,imagenet_c,defocus_blur,1,none
efficientnet_b4,ILSVRC2012_val_00029671.JPEG,n04228054,795,795,0.34705243,1,imagenet_c,defocus_blur,1,none
efficientnet_b4,ILSVRC2012_val_00029954.JPEG,n04228054,795,970,0.23148255,0,imagenet_c,defocus_blur,1,none
efficientnet_b4,ILSVRC2012_val_00030160.JPEG,n04228054,795,795,0.26352108,1,imagenet_c,defocus_blur,1,none
efficientnet_b4,ILSVRC2012_val_00030621.JPEG,n04228054,795,795,0.54738134,1,imagenet_c,defocus_blur,1,none
efficientnet_b4,ILSVRC2012_val_00031034.JPEG,n04228054,795,795,0.04383316,1,imagenet_c,defocus_blur,1,none
efficientnet_b4,ILSVRC2012_val_00033777.JPEG,n04228054,795,795,0.4132618,1,imagenet_c,defocus_blur,1,none
efficientnet_b4,ILSVRC2012_val_00036197.JPEG,n04228054,795,795,0.42108282,1,imagenet_c,defocus_blur,1,none
efficientnet_b4,ILSVRC2012_val_00038121.JPEG,n04228054,795,795,0.46005964,1,imagenet_c,defocus_blur,1,none
efficientnet_b4,ILSVRC2012_val_00040101.JPEG,n04228054,795,537,0.31451416,0,imagenet_c,defocus_blur,1,none
efficientnet_b4,ILSVRC2012_val_00040782.JPEG,n04228054,795,671,0.043481298,0,imagenet_c,defocus_blur,1,none
efficientnet_b4,ILSVRC2012_val_00043689.JPEG,n04228054,795,795,0.35279065,1,imagenet_c,defocus_blur,1,none
efficientnet_b4,ILSVRC2012_val_00045350.JPEG,n04228054,795,795,0.25121593,1,imagenet_c,defocus_blur,1,none
efficientnet_b4,ILSVRC2012_val_00045586.JPEG,n04228054,795,795,0.56382525,1,imagenet_c,defocus_blur,1,none
efficientnet_b4,ILSVRC2012_val_00045867.JPEG,n04228054,795,795,0.62776643,1,imagenet_c,defocus_blur,1,none
efficientnet_b4,ILSVRC2012_val_00045954.JPEG,n04228054,795,537,0.07674808,0,imagenet_c,defocus_blur,1,none
efficientnet_b4,ILSVRC2012_val_00046368.JPEG,n04228054,795,795,0.5011358,1,imagenet_c,defocus_blur,1,none
efficientnet_b4,ILSVRC2012_val_00047702.JPEG,n04228054,795,970,0.3496164,0,imagenet_c,defocus_blur,1,none
efficientnet_b4,ILSVRC2012_val_00047703.JPEG,n04228054,795,795,0.27582666,1,imagenet_c,defocus_blur,1,none
efficientnet_b4,ILSVRC2012_val_00000550.JPEG,n04229816,796,796,0.7339995,1,imagenet_c,defocus_blur,1,none
efficientnet_b4,ILSVRC2012_val_00002173.JPEG,n04229816,796,796,0.72505033,1,imagenet_c,defocus_blur,1,none
efficientnet_b4,ILSVRC2012_val_00003737.JPEG,n04229816,796,658,0.22401334,0,imagenet_c,defocus_blur,1,none
efficientnet_b4,ILSVRC2012_val_00005359.JPEG,n04229816,796,796,0.71363974,1,imagenet_c,defocus_blur,1,none
efficientnet_b4,ILSVRC2012_val_00005577.JPEG,n04229816,796,796,0.36543173,1,imagenet_c,defocus_blur,1,none
efficientnet_b4,ILSVRC2012_val_00006906.JPEG,n04229816,796,796,0.61077005,1,imagenet_c,defocus_blur,1,none
efficientnet_b4,ILSVRC2012_val_00008102.JPEG,n04229816,796,796,0.7695526,1,imagenet_c,defocus_blur,1,none
efficientnet_b4,ILSVRC2012_val_00008480.JPEG,n04229816,796,796,0.543911,1,imagenet_c,defocus_blur,1,none
efficientnet_b4,ILSVRC2012_val_00009290.JPEG,n04229816,796,433,0.35570818,0,imagenet_c,defocus_blur,1,none
efficientnet_b4,ILSVRC2012_val_00009410.JPEG,n04229816,796,796,0.27476585,1,imagenet_c,defocus_blur,1,none
efficientnet_b4,ILSVRC2012_val_00009838.JPEG,n04229816,796,796,0.654131,1,imagenet_c,defocus_blur,1,none
efficientnet_b4,ILSVRC2012_val_00011305.JPEG,n04229816,796,796,0.25687677,1,imagenet_c,defocus_blur,1,none
efficientnet_b4,ILSVRC2012_val_00012029.JPEG,n04229816,796,796,0.8938543,1,imagenet_c,defocus_blur,1,none
efficientnet_b4,ILSVRC2012_val_00012197.JPEG,n04229816,796,796,0.7531637,1,imagenet_c,defocus_blur,1,none
efficientnet_b4,ILSVRC2012_val_00012658.JPEG,n04229816,796,796,0.5223872,1,imagenet_c,defocus_blur,1,none
efficientnet_b4,ILSVRC2012_val_00012859.JPEG,n04229816,796,399,0.18651865,0,imagenet_c,defocus_blur,1,none
efficientnet_b4,ILSVRC2012_val_00013426.JPEG,n04229816,796,806,0.035536777,0,imagenet_c,defocus_blur,1,none
efficientnet_b4,ILSVRC2012_val_00014358.JPEG,n04229816,796,795,0.43558404,0,imagenet_c,defocus_blur,1,none
efficientnet_b4,ILSVRC2012_val_00014983.JPEG,n04229816,796,796,0.6751053,1,imagenet_c,defocus_blur,1,none
efficientnet_b4,ILSVRC2012_val_00015621.JPEG,n04229816,796,796,0.5612218,1,imagenet_c,defocus_blur,1,none
efficientnet_b4,ILSVRC2012_val_00018711.JPEG,n04229816,796,796,0.06346196,1,imagenet_c,defocus_blur,1,none
efficientnet_b4,ILSVRC2012_val_00020818.JPEG,n04229816,796,796,0.10714353,1,imagenet_c,defocus_blur,1,none
efficientnet_b4,ILSVRC2012_val_00021970.JPEG,n04229816,796,796,0.907103,1,imagenet_c,defocus_blur,1,none
efficientnet_b4,ILSVRC2012_val_00022708.JPEG,n04229816,796,796,0.77475536,1,imagenet_c,defocus_blur,1,none
efficientnet_b4,ILSVRC2012_val_00023612.JPEG,n04229816,796,796,0.8228694,1,imagenet_c,defocus_blur,1,none
efficientnet_b4,ILSVRC2012_val_00024516.JPEG,n04229816,796,796,0.83419365,1,imagenet_c,defocus_blur,1,none
efficientnet_b4,ILSVRC2012_val_00026205.JPEG,n04229816,796,796,0.65368533,1,imagenet_c,defocus_blur,1,none
efficientnet_b4,ILSVRC2012_val_00028923.JPEG,n04229816,796,796,0.69842625,1,imagenet_c,defocus_blur,1,none
efficientnet_b4,ILSVRC2012_val_00029195.JPEG,n04229816,796,796,0.64371175,1,imagenet_c,defocus_blur,1,none
efficientnet_b4,ILSVRC2012_val_00030764.JPEG,n04229816,796,796,0.8426579,1,imagenet_c,defocus_blur,1,none
efficientnet_b4,ILSVRC2012_val_00031102.JPEG,n04229816,796,796,0.23035172,1,imagenet_c,defocus_blur,1,none
efficientnet_b4,ILSVRC2012_val_00031985.JPEG,n04229816,796,796,0.7866854,1,imagenet_c,defocus_blur,1,none
efficientnet_b4,ILSVRC2012_val_00032140.JPEG,n04229816,796,796,0.7717827,1,imagenet_c,defocus_blur,1,none
efficientnet_b4,ILSVRC2012_val_00033073.JPEG,n04229816,796,531,0.29971683,0,imagenet_c,defocus_blur,1,none
efficientnet_b4,ILSVRC2012_val_00033171.JPEG,n04229816,796,796,0.6768436,1,imagenet_c,defocus_blur,1,none
efficientnet_b4,ILSVRC2012_val_00035121.JPEG,n04229816,796,796,0.64591753,1,imagenet_c,defocus_blur,1,none
efficientnet_b4,ILSVRC2012_val_00035299.JPEG,n04229816,796,796,0.4598115,1,imagenet_c,defocus_blur,1,none
efficientnet_b4,ILSVRC2012_val_00036846.JPEG,n04229816,796,796,0.6565454,1,imagenet_c,defocus_blur,1,none
efficientnet_b4,ILSVRC2012_val_00036935.JPEG,n04229816,796,796,0.68003213,1,imagenet_c,defocus_blur,1,none
efficientnet_b4,ILSVRC2012_val_00038544.JPEG,n04229816,796,796,0.6145256,1,imagenet_c,defocus_blur,1,none
efficientnet_b4,ILSVRC2012_val_00039762.JPEG,n04229816,796,796,0.6077893,1,imagenet_c,defocus_blur,1,none
efficientnet_b4,ILSVRC2012_val_00039994.JPEG,n04229816,796,796,0.7712873,1,imagenet_c,defocus_blur,1,none
efficientnet_b4,ILSVRC2012_val_00043212.JPEG,n04229816,796,796,0.63104403,1,imagenet_c,defocus_blur,1,none
efficientnet_b4,ILSVRC2012_val_00043826.JPEG,n04229816,796,796,0.6091747,1,imagenet_c,defocus_blur,1,none
efficientnet_b4,ILSVRC2012_val_00045595.JPEG,n04229816,796,796,0.61104095,1,imagenet_c,defocus_blur,1,none
efficientnet_b4,ILSVRC2012_val_00047357.JPEG,n04229816,796,796,0.7270255,1,imagenet_c,defocus_blur,1,none
efficientnet_b4,ILSVRC2012_val_00047467.JPEG,n04229816,796,739,0.09455227,0,imagenet_c,defocus_blur,1,none
efficientnet_b4,ILSVRC2012_val_00048931.JPEG,n04229816,796,795,0.29120907,0,imagenet_c,defocus_blur,1,none
efficientnet_b4,ILSVRC2012_val_00049073.JPEG,n04229816,796,537,0.42449105,0,imagenet_c,defocus_blur,1,none
efficientnet_b4,ILSVRC2012_val_00049768.JPEG,n04229816,796,796,0.71645206,1,imagenet_c,defocus_blur,1,none
efficientnet_b4,ILSVRC2012_val_00001395.JPEG,n04235860,797,797,0.32931945,1,imagenet_c,defocus_blur,1,none
efficientnet_b4,ILSVRC2012_val_00003819.JPEG,n04235860,797,672,0.6182603,0,imagenet_c,defocus_blur,1,none
efficientnet_b4,ILSVRC2012_val_00004033.JPEG,n04235860,797,797,0.6702074,1,imagenet_c,defocus_blur,1,none
efficientnet_b4,ILSVRC2012_val_00004467.JPEG,n04235860,797,797,0.5844374,1,imagenet_c,defocus_blur,1,none
efficientnet_b4,ILSVRC2012_val_00005502.JPEG,n04235860,797,797,0.7889895,1,imagenet_c,defocus_blur,1,none
efficientnet_b4,ILSVRC2012_val_00006430.JPEG,n04235860,797,797,0.10954898,1,imagenet_c,defocus_blur,1,none
efficientnet_b4,ILSVRC2012_val_00006729.JPEG,n04235860,797,529,0.2910772,0,imagenet_c,defocus_blur,1,none
efficientnet_b4,ILSVRC2012_val_00007955.JPEG,n04235860,797,697,0.2932734,0,imagenet_c,defocus_blur,1,none
efficientnet_b4,ILSVRC2012_val_00008064.JPEG,n04235860,797,496,0.3672005,0,imagenet_c,defocus_blur,1,none
efficientnet_b4,ILSVRC2012_val_00009372.JPEG,n04235860,797,797,0.67449164,1,imagenet_c,defocus_blur,1,none
efficientnet_b4,ILSVRC2012_val_00012254.JPEG,n04235860,797,709,0.08111069,0,imagenet_c,defocus_blur,1,none
efficientnet_b4,ILSVRC2012_val_00012824.JPEG,n04235860,797,797,0.7363186,1,imagenet_c,defocus_blur,1,none
efficientnet_b4,ILSVRC2012_val_00014451.JPEG,n04235860,797,797,0.680158,1,imagenet_c,defocus_blur,1,none
efficientnet_b4,ILSVRC2012_val_00014519.JPEG,n04235860,797,220,0.092935406,0,imagenet_c,defocus_blur,1,none
efficientnet_b4,ILSVRC2012_val_00016659.JPEG,n04235860,797,797,0.115322776,1,imagenet_c,defocus_blur,1,none
efficientnet_b4,ILSVRC2012_val_00017154.JPEG,n04235860,797,612,0.12902187,0,imagenet_c,defocus_blur,1,none
efficientnet_b4,ILSVRC2012_val_00017165.JPEG,n04235860,797,797,0.051781747,1,imagenet_c,defocus_blur,1,none
efficientnet_b4,ILSVRC2012_val_00018487.JPEG,n04235860,797,797,0.6602978,1,imagenet_c,defocus_blur,1,none
efficientnet_b4,ILSVRC2012_val_00018905.JPEG,n04235860,797,797,0.47696605,1,imagenet_c,defocus_blur,1,none
efficientnet_b4,ILSVRC2012_val_00019223.JPEG,n04235860,797,672,0.5685169,0,imagenet_c,defocus_blur,1,none
efficientnet_b4,ILSVRC2012_val_00019379.JPEG,n04235860,797,806,0.115947545,0,imagenet_c,defocus_blur,1,none
efficientnet_b4,ILSVRC2012_val_00019404.JPEG,n04235860,797,797,0.28682545,1,imagenet_c,defocus_blur,1,none
efficientnet_b4,ILSVRC2012_val_00019879.JPEG,n04235860,797,797,0.33263934,1,imagenet_c,defocus_blur,1,none
efficientnet_b4,ILSVRC2012_val_00020019.JPEG,n04235860,797,434,0.10827274,0,imagenet_c,defocus_blur,1,none
efficientnet_b4,ILSVRC2012_val_00020576.JPEG,n04235860,797,797,0.40922585,1,imagenet_c,defocus_blur,1,none
efficientnet_b4,ILSVRC2012_val_00021495.JPEG,n04235860,797,797,0.2945777,1,imagenet_c,defocus_blur,1,none
efficientnet_b4,ILSVRC2012_val_00023045.JPEG,n04235860,797,770,0.35800678,0,imagenet_c,defocus_blur,1,none
efficientnet_b4,ILSVRC2012_val_00025118.JPEG,n04235860,797,434,0.18041033,0,imagenet_c,defocus_blur,1,none
efficientnet_b4,ILSVRC2012_val_00025499.JPEG,n04235860,797,723,0.2849218,0,imagenet_c,defocus_blur,1,none
efficientnet_b4,ILSVRC2012_val_00026304.JPEG,n04235860,797,284,0.26697692,0,imagenet_c,defocus_blur,1,none
efficientnet_b4,ILSVRC2012_val_00027331.JPEG,n04235860,797,797,0.8126764,1,imagenet_c,defocus_blur,1,none
efficientnet_b4,ILSVRC2012_val_00027664.JPEG,n04235860,797,797,0.36915243,1,imagenet_c,defocus_blur,1,none
efficientnet_b4,ILSVRC2012_val_00028067.JPEG,n04235860,797,747,0.20164725,0,imagenet_c,defocus_blur,1,none
efficientnet_b4,ILSVRC2012_val_00028927.JPEG,n04235860,797,602,0.08205919,0,imagenet_c,defocus_blur,1,none
efficientnet_b4,ILSVRC2012_val_00029314.JPEG,n04235860,797,797,0.21380518,1,imagenet_c,defocus_blur,1,none
efficientnet_b4,ILSVRC2012_val_00030152.JPEG,n04235860,797,797,0.63544464,1,imagenet_c,defocus_blur,1,none
efficientnet_b4,ILSVRC2012_val_00031462.JPEG,n04235860,797,841,0.1845161,0,imagenet_c,defocus_blur,1,none
efficientnet_b4,ILSVRC2012_val_00036984.JPEG,n04235860,797,601,0.14749064,0,imagenet_c,defocus_blur,1,none
efficientnet_b4,ILSVRC2012_val_00038805.JPEG,n04235860,797,122,0.12363147,0,imagenet_c,defocus_blur,1,none
efficientnet_b4,ILSVRC2012_val_00039312.JPEG,n04235860,797,797,0.27529746,1,imagenet_c,defocus_blur,1,none
efficientnet_b4,ILSVRC2012_val_00040462.JPEG,n04235860,797,797,0.47684485,1,imagenet_c,defocus_blur,1,none
efficientnet_b4,ILSVRC2012_val_00042952.JPEG,n04235860,797,146,0.019958457,0,imagenet_c,defocus_blur,1,none
efficientnet_b4,ILSVRC2012_val_00043849.JPEG,n04235860,797,797,0.6658667,1,imagenet_c,defocus_blur,1,none
efficientnet_b4,ILSVRC2012_val_00045067.JPEG,n04235860,797,797,0.4419696,1,imagenet_c,defocus_blur,1,none
efficientnet_b4,ILSVRC2012_val_00047505.JPEG,n04235860,797,797,0.30158103,1,imagenet_c,defocus_blur,1,none
efficientnet_b4,ILSVRC2012_val_00048416.JPEG,n04235860,797,797,0.5664121,1,imagenet_c,defocus_blur,1,none
efficientnet_b4,ILSVRC2012_val_00049108.JPEG,n04235860,797,797,0.15697384,1,imagenet_c,defocus_blur,1,none
efficientnet_b4,ILSVRC2012_val_00049290.JPEG,n04235860,797,797,0.46125963,1,imagenet_c,defocus_blur,1,none
efficientnet_b4,ILSVRC2012_val_00049509.JPEG,n04235860,797,660,0.12420707,0,imagenet_c,defocus_blur,1,none
efficientnet_b4,ILSVRC2012_val_00049876.JPEG,n04235860,797,797,0.70100445,1,imagenet_c,defocus_blur,1,none
efficientnet_b4,ILSVRC2012_val_00000266.JPEG,n04238763,798,798,0.26135966,1,imagenet_c,defocus_blur,1,none
efficientnet_b4,ILSVRC2012_val_00001599.JPEG,n04238763,798,872,0.12654437,0,imagenet_c,defocus_blur,1,none
efficientnet_b4,ILSVRC2012_val_00001635.JPEG,n04238763,798,798,0.6159054,1,imagenet_c,defocus_blur,1,none
efficientnet_b4,ILSVRC2012_val_00004446.JPEG,n04238763,798,798,0.383553,1,imagenet_c,defocus_blur,1,none
efficientnet_b4,ILSVRC2012_val_00006464.JPEG,n04238763,798,798,0.5660313,1,imagenet_c,defocus_blur,1,none
efficientnet_b4,ILSVRC2012_val_00007048.JPEG,n04238763,798,631,0.11047501,0,imagenet_c,defocus_blur,1,none
efficientnet_b4,ILSVRC2012_val_00007304.JPEG,n04238763,798,798,0.7530199,1,imagenet_c,defocus_blur,1,none
efficientnet_b4,ILSVRC2012_val_00008565.JPEG,n04238763,798,769,0.1451409,0,imagenet_c,defocus_blur,1,none
efficientnet_b4,ILSVRC2012_val_00009318.JPEG,n04238763,798,798,0.70752275,1,imagenet_c,defocus_blur,1,none
efficientnet_b4,ILSVRC2012_val_00010211.JPEG,n04238763,798,798,0.66601956,1,imagenet_c,defocus_blur,1,none
efficientnet_b4,ILSVRC2012_val_00012051.JPEG,n04238763,798,798,0.83063155,1,imagenet_c,defocus_blur,1,none
efficientnet_b4,ILSVRC2012_val_00012150.JPEG,n04238763,798,692,0.06254659,0,imagenet_c,defocus_blur,1,none
efficientnet_b4,ILSVRC2012_val_00013019.JPEG,n04238763,798,769,0.5941966,0,imagenet_c,defocus_blur,1,none
efficientnet_b4,ILSVRC2012_val_00013058.JPEG,n04238763,798,798,0.2585546,1,imagenet_c,defocus_blur,1,none
efficientnet_b4,ILSVRC2012_val_00013545.JPEG,n04238763,798,798,0.18014124,1,imagenet_c,defocus_blur,1,none
efficientnet_b4,ILSVRC2012_val_00014178.JPEG,n04238763,798,526,0.21935344,0,imagenet_c,defocus_blur,1,none
efficientnet_b4,ILSVRC2012_val_00014482.JPEG,n04238763,798,798,0.204747,1,imagenet_c,defocus_blur,1,none
efficientnet_b4,ILSVRC2012_val_00014778.JPEG,n04238763,798,798,0.30756295,1,imagenet_c,defocus_blur,1,none
efficientnet_b4,ILSVRC2012_val_00014937.JPEG,n04238763,798,798,0.614241,1,imagenet_c,defocus_blur,1,none
efficientnet_b4,ILSVRC2012_val_00015563.JPEG,n04238763,798,769,0.21474515,0,imagenet_c,defocus_blur,1,none
efficientnet_b4,ILSVRC2012_val_00015662.JPEG,n04238763,798,798,0.26492402,1,imagenet_c,defocus_blur,1,none
efficientnet_b4,ILSVRC2012_val_00021060.JPEG,n04238763,798,798,0.5813443,1,imagenet_c,defocus_blur,1,none
efficientnet_b4,ILSVRC2012_val_00021964.JPEG,n04238763,798,798,0.42272478,1,imagenet_c,defocus_blur,1,none
efficientnet_b4,ILSVRC2012_val_00022477.JPEG,n04238763,798,798,0.6475328,1,imagenet_c,defocus_blur,1,none
efficientnet_b4,ILSVRC2012_val_00024297.JPEG,n04238763,798,798,0.29795226,1,imagenet_c,defocus_blur,1,none
efficientnet_b4,ILSVRC2012_val_00024829.JPEG,n04238763,798,798,0.50748783,1,imagenet_c,defocus_blur,1,none
efficientnet_b4,ILSVRC2012_val_00026669.JPEG,n04238763,798,660,0.18977487,0,imagenet_c,defocus_blur,1,none
efficientnet_b4,ILSVRC2012_val_00027531.JPEG,n04238763,798,616,0.030596204,0,imagenet_c,defocus_blur,1,none
efficientnet_b4,ILSVRC2012_val_00028688.JPEG,n04238763,798,798,0.6369688,1,imagenet_c,defocus_blur,1,none
efficientnet_b4,ILSVRC2012_val_00029103.JPEG,n04238763,798,577,0.24865611,0,imagenet_c,defocus_blur,1,none
efficientnet_b4,ILSVRC2012_val_00030219.JPEG,n04238763,798,798,0.6577977,1,imagenet_c,defocus_blur,1,none
efficientnet_b4,ILSVRC2012_val_00030423.JPEG,n04238763,798,769,0.3511943,0,imagenet_c,defocus_blur,1,none
efficientnet_b4,ILSVRC2012_val_00030636.JPEG,n04238763,798,798,0.6022702,1,imagenet_c,defocus_blur,1,none
efficientnet_b4,ILSVRC2012_val_00033121.JPEG,n04238763,798,798,0.68154854,1,imagenet_c,defocus_blur,1,none
efficientnet_b4,ILSVRC2012_val_00033290.JPEG,n04238763,798,798,0.6057568,1,imagenet_c,defocus_blur,1,none
efficientnet_b4,ILSVRC2012_val_00035383.JPEG,n04238763,798,798,0.6910097,1,imagenet_c,defocus_blur,1,none
efficientnet_b4,ILSVRC2012_val_00037530.JPEG,n04238763,798,623,0.40780684,0,imagenet_c,defocus_blur,1,none
efficientnet_b4,ILSVRC2012_val_00040633.JPEG,n04238763,798,798,0.5603711,1,imagenet_c,defocus_blur,1,none
efficientnet_b4,ILSVRC2012_val_00040867.JPEG,n04238763,798,798,0.412552,1,imagenet_c,defocus_blur,1,none
efficientnet_b4,ILSVRC2012_val_00043213.JPEG,n04238763,798,798,0.68527657,1,imagenet_c,defocus_blur,1,none
efficientnet_b4,ILSVRC2012_val_00043274.JPEG,n04238763,798,798,0.6616347,1,imagenet_c,defocus_blur,1,none
efficientnet_b4,ILSVRC2012_val_00043419.JPEG,n04238763,798,798,0.65885067,1,imagenet_c,defocus_blur,1,none
efficientnet_b4,ILSVRC2012_val_00043886.JPEG,n04238763,798,760,0.043668747,0,imagenet_c,defocus_blur,1,none
efficientnet_b4,ILSVRC2012_val_00043948.JPEG,n04238763,798,798,0.23559517,1,imagenet_c,defocus_blur,1,none
efficientnet_b4,ILSVRC2012_val_00043997.JPEG,n04238763,798,798,0.68341553,1,imagenet_c,defocus_blur,1,none
efficientnet_b4,ILSVRC2012_val_00045657.JPEG,n04238763,798,798,0.5414283,1,imagenet_c,defocus_blur,1,none
efficientnet_b4,ILSVRC2012_val_00046094.JPEG,n04238763,798,798,0.52422494,1,imagenet_c,defocus_blur,1,none
efficientnet_b4,ILSVRC2012_val_00047037.JPEG,n04238763,798,798,0.725565,1,imagenet_c,defocus_blur,1,none
efficientnet_b4,ILSVRC2012_val_00048325.JPEG,n04238763,798,798,0.7280449,1,imagenet_c,defocus_blur,1,none
efficientnet_b4,ILSVRC2012_val_00049850.JPEG,n04238763,798,446,0.057559177,0,imagenet_c,defocus_blur,1,none
efficientnet_b4,ILSVRC2012_val_00002286.JPEG,n04239074,799,799,0.11344991,1,imagenet_c,defocus_blur,1,none
efficientnet_b4,ILSVRC2012_val_00002333.JPEG,n04239074,799,799,0.2850303,1,imagenet_c,defocus_blur,1,none
efficientnet_b4,ILSVRC2012_val_00002366.JPEG,n04239074,799,799,0.10781983,1,imagenet_c,defocus_blur,1,none
efficientnet_b4,ILSVRC2012_val_00002553.JPEG,n04239074,799,831,0.032582056,0,imagenet_c,defocus_blur,1,none
efficientnet_b4,ILSVRC2012_val_00003278.JPEG,n04239074,799,894,0.27679902,0,imagenet_c,defocus_blur,1,none
efficientnet_b4,ILSVRC2012_val_00003917.JPEG,n04239074,799,799,0.60554177,1,imagenet_c,defocus_blur,1,none
efficientnet_b4,ILSVRC2012_val_00005292.JPEG,n04239074,799,705,0.23069568,0,imagenet_c,defocus_blur,1,none
efficientnet_b4,ILSVRC2012_val_00006127.JPEG,n04239074,799,523,0.020701159,0,imagenet_c,defocus_blur,1,none
efficientnet_b4,ILSVRC2012_val_00006471.JPEG,n04239074,799,807,0.30798352,0,imagenet_c,defocus_blur,1,none
efficientnet_b4,ILSVRC2012_val_00006784.JPEG,n04239074,799,564,0.35522717,0,imagenet_c,defocus_blur,1,none
efficientnet_b4,ILSVRC2012_val_00008251.JPEG,n04239074,799,799,0.10605673,1,imagenet_c,defocus_blur,1,none
efficientnet_b4,ILSVRC2012_val_00008844.JPEG,n04239074,799,747,0.6011496,0,imagenet_c,defocus_blur,1,none
efficientnet_b4,ILSVRC2012_val_00009490.JPEG,n04239074,799,789,0.19573303,0,imagenet_c,defocus_blur,1,none
efficientnet_b4,ILSVRC2012_val_00010499.JPEG,n04239074,799,799,0.09919222,1,imagenet_c,defocus_blur,1,none
efficientnet_b4,ILSVRC2012_val_00011546.JPEG,n04239074,799,799,0.3031516,1,imagenet_c,defocus_blur,1,none
efficientnet_b4,ILSVRC2012_val_00014551.JPEG,n04239074,799,656,0.33629644,0,imagenet_c,defocus_blur,1,none
efficientnet_b4,ILSVRC2012_val_00014865.JPEG,n04239074,799,789,0.15726073,0,imagenet_c,defocus_blur,1,none
efficientnet_b4,ILSVRC2012_val_00015676.JPEG,n04239074,799,765,0.15083514,0,imagenet_c,defocus_blur,1,none
efficientnet_b4,ILSVRC2012_val_00016116.JPEG,n04239074,799,789,0.22262943,0,imagenet_c,defocus_blur,1,none
efficientnet_b4,ILSVRC2012_val_00017133.JPEG,n04239074,799,904,0.07028041,0,imagenet_c,defocus_blur,1,none
efficientnet_b4,ILSVRC2012_val_00017394.JPEG,n04239074,799,852,0.027225647,0,imagenet_c,defocus_blur,1,none
efficientnet_b4,ILSVRC2012_val_00018266.JPEG,n04239074,799,660,0.07101247,0,imagenet_c,defocus_blur,1,none
efficientnet_b4,ILSVRC2012_val_00019786.JPEG,n04239074,799,510,0.17263718,0,imagenet_c,defocus_blur,1,none
efficientnet_b4,ILSVRC2012_val_00020658.JPEG,n04239074,799,480,0.035908576,0,imagenet_c,defocus_blur,1,none
efficientnet_b4,ILSVRC2012_val_00021286.JPEG,n04239074,799,743,0.08826423,0,imagenet_c,defocus_blur,1,none
efficientnet_b4,ILSVRC2012_val_00021568.JPEG,n04239074,799,495,0.1301915,0,imagenet_c,defocus_blur,1,none
efficientnet_b4,ILSVRC2012_val_00025100.JPEG,n04239074,799,539,0.018188924,0,imagenet_c,defocus_blur,1,none
efficientnet_b4,ILSVRC2012_val_00025258.JPEG,n04239074,799,799,0.25390327,1,imagenet_c,defocus_blur,1,none
efficientnet_b4,ILSVRC2012_val_00026414.JPEG,n04239074,799,799,0.15922599,1,imagenet_c,defocus_blur,1,none
efficientnet_b4,ILSVRC2012_val_00026618.JPEG,n04239074,799,894,0.31320745,0,imagenet_c,defocus_blur,1,none
efficientnet_b4,ILSVRC2012_val_00027039.JPEG,n04239074,799,449,0.17180976,0,imagenet_c,defocus_blur,1,none
efficientnet_b4,ILSVRC2012_val_00029411.JPEG,n04239074,799,799,0.21547416,1,imagenet_c,defocus_blur,1,none
efficientnet_b4,ILSVRC2012_val_00033585.JPEG,n04239074,799,575,0.08676049,0,imagenet_c,defocus_blur,1,none
efficientnet_b4,ILSVRC2012_val_00034112.JPEG,n04239074,799,789,0.49248332,0,imagenet_c,defocus_blur,1,none
efficientnet_b4,ILSVRC2012_val_00034378.JPEG,n04239074,799,874,0.402414,0,imagenet_c,defocus_blur,1,none
efficientnet_b4,ILSVRC2012_val_00036402.JPEG,n04239074,799,799,0.36934218,1,imagenet_c,defocus_blur,1,none
efficientnet_b4,ILSVRC2012_val_00036883.JPEG,n04239074,799,799,0.24906003,1,imagenet_c,defocus_blur,1,none
efficientnet_b4,ILSVRC2012_val_00041148.JPEG,n04239074,799,905,0.13760422,0,imagenet_c,defocus_blur,1,none
efficientnet_b4,ILSVRC2012_val_00041231.JPEG,n04239074,799,799,0.11969955,1,imagenet_c,defocus_blur,1,none
efficientnet_b4,ILSVRC2012_val_00041234.JPEG,n04239074,799,877,0.03794983,0,imagenet_c,defocus_blur,1,none
efficientnet_b4,ILSVRC2012_val_00041869.JPEG,n04239074,799,453,0.33985272,0,imagenet_c,defocus_blur,1,none
efficientnet_b4,ILSVRC2012_val_00043144.JPEG,n04239074,799,799,0.16113809,1,imagenet_c,defocus_blur,1,none
efficientnet_b4,ILSVRC2012_val_00044499.JPEG,n04239074,799,589,0.020512337,0,imagenet_c,defocus_blur,1,none
efficientnet_b4,ILSVRC2012_val_00044705.JPEG,n04239074,799,789,0.43325952,0,imagenet_c,defocus_blur,1,none
efficientnet_b4,ILSVRC2012_val_00045707.JPEG,n04239074,799,598,0.124494046,0,imagenet_c,defocus_blur,1,none
efficientnet_b4,ILSVRC2012_val_00045789.JPEG,n04239074,799,675,0.12729141,0,imagenet_c,defocus_blur,1,none
efficientnet_b4,ILSVRC2012_val_00047799.JPEG,n04239074,799,799,0.0733892,1,imagenet_c,defocus_blur,1,none
efficientnet_b4,ILSVRC2012_val_00048865.JPEG,n04239074,799,702,0.09275877,0,imagenet_c,defocus_blur,1,none
efficientnet_b4,ILSVRC2012_val_00049051.JPEG,n04239074,799,654,0.56564516,0,imagenet_c,defocus_blur,1,none
efficientnet_b4,ILSVRC2012_val_00049429.JPEG,n04239074,799,743,0.23335452,0,imagenet_c,defocus_blur,1,none
efficientnet_b4,ILSVRC2012_val_00000857.JPEG,n04243546,800,800,0.3442196,1,imagenet_c,defocus_blur,1,none
efficientnet_b4,ILSVRC2012_val_00004488.JPEG,n04243546,800,800,0.5845939,1,imagenet_c,defocus_blur,1,none
efficientnet_b4,ILSVRC2012_val_00005514.JPEG,n04243546,800,800,0.49414608,1,imagenet_c,defocus_blur,1,none
efficientnet_b4,ILSVRC2012_val_00006025.JPEG,n04243546,800,800,0.41575336,1,imagenet_c,defocus_blur,1,none
efficientnet_b4,ILSVRC2012_val_00006247.JPEG,n04243546,800,800,0.4779727,1,imagenet_c,defocus_blur,1,none
efficientnet_b4,ILSVRC2012_val_00007067.JPEG,n04243546,800,800,0.43254375,1,imagenet_c,defocus_blur,1,none
efficientnet_b4,ILSVRC2012_val_00011654.JPEG,n04243546,800,582,0.16503815,0,imagenet_c,defocus_blur,1,none
efficientnet_b4,ILSVRC2012_val_00011959.JPEG,n04243546,800,800,0.52571917,1,imagenet_c,defocus_blur,1,none
efficientnet_b4,ILSVRC2012_val_00012485.JPEG,n04243546,800,800,0.39032373,1,imagenet_c,defocus_blur,1,none
efficientnet_b4,ILSVRC2012_val_00013051.JPEG,n04243546,800,800,0.5389178,1,imagenet_c,defocus_blur,1,none
efficientnet_b4,ILSVRC2012_val_00013074.JPEG,n04243546,800,800,0.48730484,1,imagenet_c,defocus_blur,1,none
efficientnet_b4,ILSVRC2012_val_00013741.JPEG,n04243546,800,800,0.25135496,1,imagenet_c,defocus_blur,1,none
efficientnet_b4,ILSVRC2012_val_00013787.JPEG,n04243546,800,800,0.44049573,1,imagenet_c,defocus_blur,1,none
efficientnet_b4,ILSVRC2012_val_00014313.JPEG,n04243546,800,800,0.5413953,1,imagenet_c,defocus_blur,1,none
efficientnet_b4,ILSVRC2012_val_00016377.JPEG,n04243546,800,800,0.540946,1,imagenet_c,defocus_blur,1,none
efficientnet_b4,ILSVRC2012_val_00017131.JPEG,n04243546,800,800,0.56514114,1,imagenet_c,defocus_blur,1,none
efficientnet_b4,ILSVRC2012_val_00017216.JPEG,n04243546,800,800,0.52570057,1,imagenet_c,defocus_blur,1,none
efficientnet_b4,ILSVRC2012_val_00018690.JPEG,n04243546,800,401,0.16388398,0,imagenet_c,defocus_blur,1,none
efficientnet_b4,ILSVRC2012_val_00019474.JPEG,n04243546,800,800,0.58470595,1,imagenet_c,defocus_blur,1,none
efficientnet_b4,ILSVRC2012_val_00021952.JPEG,n04243546,800,800,0.493769,1,imagenet_c,defocus_blur,1,none
efficientnet_b4,ILSVRC2012_val_00022180.JPEG,n04243546,800,800,0.53403246,1,imagenet_c,defocus_blur,1,none
efficientnet_b4,ILSVRC2012_val_00022468.JPEG,n04243546,800,800,0.4350806,1,imagenet_c,defocus_blur,1,none
efficientnet_b4,ILSVRC2012_val_00022738.JPEG,n04243546,800,800,0.52202314,1,imagenet_c,defocus_blur,1,none
efficientnet_b4,ILSVRC2012_val_00024157.JPEG,n04243546,800,800,0.44091403,1,imagenet_c,defocus_blur,1,none
efficientnet_b4,ILSVRC2012_val_00024983.JPEG,n04243546,800,800,0.4898646,1,imagenet_c,defocus_blur,1,none
efficientnet_b4,ILSVRC2012_val_00027538.JPEG,n04243546,800,454,0.08205738,0,imagenet_c,defocus_blur,1,none
efficientnet_b4,ILSVRC2012_val_00027578.JPEG,n04243546,800,480,0.14153877,0,imagenet_c,defocus_blur,1,none
efficientnet_b4,ILSVRC2012_val_00029120.JPEG,n04243546,800,800,0.5084487,1,imagenet_c,defocus_blur,1,none
efficientnet_b4,ILSVRC2012_val_00029925.JPEG,n04243546,800,800,0.4012252,1,imagenet_c,defocus_blur,1,none
efficientnet_b4,ILSVRC2012_val_00030944.JPEG,n04243546,800,800,0.61300874,1,imagenet_c,defocus_blur,1,none
efficientnet_b4,ILSVRC2012_val_00031668.JPEG,n04243546,800,800,0.4249983,1,imagenet_c,defocus_blur,1,none
efficientnet_b4,ILSVRC2012_val_00032348.JPEG,n04243546,800,800,0.5134005,1,imagenet_c,defocus_blur,1,none
efficientnet_b4,ILSVRC2012_val_00032495.JPEG,n04243546,800,800,0.46980315,1,imagenet_c,defocus_blur,1,none
efficientnet_b4,ILSVRC2012_val_00033812.JPEG,n04243546,800,800,0.5386805,1,imagenet_c,defocus_blur,1,none
efficientnet_b4,ILSVRC2012_val_00034149.JPEG,n04243546,800,800,0.5394044,1,imagenet_c,defocus_blur,1,none
efficientnet_b4,ILSVRC2012_val_00034692.JPEG,n04243546,800,800,0.53837466,1,imagenet_c,defocus_blur,1,none
efficientnet_b4,ILSVRC2012_val_00036022.JPEG,n04243546,800,800,0.27492422,1,imagenet_c,defocus_blur,1,none
efficientnet_b4,ILSVRC2012_val_00036619.JPEG,n04243546,800,865,0.19193661,0,imagenet_c,defocus_blur,1,none
efficientnet_b4,ILSVRC2012_val_00037072.JPEG,n04243546,800,800,0.4786869,1,imagenet_c,defocus_blur,1,none
efficientnet_b4,ILSVRC2012_val_00037814.JPEG,n04243546,800,800,0.47727987,1,imagenet_c,defocus_blur,1,none
efficientnet_b4,ILSVRC2012_val_00041123.JPEG,n04243546,800,800,0.44338715,1,imagenet_c,defocus_blur,1,none
efficientnet_b4,ILSVRC2012_val_00042864.JPEG,n04243546,800,800,0.65768296,1,imagenet_c,defocus_blur,1,none
efficientnet_b4,ILSVRC2012_val_00044150.JPEG,n04243546,800,800,0.51013714,1,imagenet_c,defocus_blur,1,none
efficientnet_b4,ILSVRC2012_val_00046062.JPEG,n04243546,800,800,0.39940086,1,imagenet_c,defocus_blur,1,none
efficientnet_b4,ILSVRC2012_val_00046686.JPEG,n04243546,800,800,0.48571032,1,imagenet_c,defocus_blur,1,none
efficientnet_b4,ILSVRC2012_val_00046861.JPEG,n04243546,800,800,0.124062166,1,imagenet_c,defocus_blur,1,none
efficientnet_b4,ILSVRC2012_val_00047686.JPEG,n04243546,800,800,0.5033495,1,imagenet_c,defocus_blur,1,none
efficientnet_b4,ILSVRC2012_val_00047725.JPEG,n04243546,800,800,0.54646724,1,imagenet_c,defocus_blur,1,none
efficientnet_b4,ILSVRC2012_val_00048185.JPEG,n04243546,800,800,0.543163,1,imagenet_c,defocus_blur,1,none
efficientnet_b4,ILSVRC2012_val_00048665.JPEG,n04243546,800,800,0.6500842,1,imagenet_c,defocus_blur,1,none
efficientnet_b4,ILSVRC2012_val_00000508.JPEG,n04251144,801,801,0.36262253,1,imagenet_c,defocus_blur,1,none
efficientnet_b4,ILSVRC2012_val_00002340.JPEG,n04251144,801,801,0.43534833,1,imagenet_c,defocus_blur,1,none
efficientnet_b4,ILSVRC2012_val_00002946.JPEG,n04251144,801,801,0.13768107,1,imagenet_c,defocus_blur,1,none
efficientnet_b4,ILSVRC2012_val_00003639.JPEG,n04251144,801,801,0.60760146,1,imagenet_c,defocus_blur,1,none
efficientnet_b4,ILSVRC2012_val_00003710.JPEG,n04251144,801,801,0.5945842,1,imagenet_c,defocus_blur,1,none
efficientnet_b4,ILSVRC2012_val_00005230.JPEG,n04251144,801,801,0.47623596,1,imagenet_c,defocus_blur,1,none
efficientnet_b4,ILSVRC2012_val_00005522.JPEG,n04251144,801,801,0.5521624,1,imagenet_c,defocus_blur,1,none
efficientnet_b4,ILSVRC2012_val_00005678.JPEG,n04251144,801,422,0.20504364,0,imagenet_c,defocus_blur,1,none
efficientnet_b4,ILSVRC2012_val_00005841.JPEG,n04251144,801,801,0.55325186,1,imagenet_c,defocus_blur,1,none
efficientnet_b4,ILSVRC2012_val_00008450.JPEG,n04251144,801,801,0.48285383,1,imagenet_c,defocus_blur,1,none
efficientnet_b4,ILSVRC2012_val_00009753.JPEG,n04251144,801,33,0.07635822,0,imagenet_c,defocus_blur,1,none
efficientnet_b4,ILSVRC2012_val_00010596.JPEG,n04251144,801,801,0.57298446,1,imagenet_c,defocus_blur,1,none
efficientnet_b4,ILSVRC2012_val_00010696.JPEG,n04251144,801,801,0.20856303,1,imagenet_c,defocus_blur,1,none
efficientnet_b4,ILSVRC2012_val_00010908.JPEG,n04251144,801,801,0.55260974,1,imagenet_c,defocus_blur,1,none
efficientnet_b4,ILSVRC2012_val_00012547.JPEG,n04251144,801,801,0.17814165,1,imagenet_c,defocus_blur,1,none
efficientnet_b4,ILSVRC2012_val_00013718.JPEG,n04251144,801,801,0.36910394,1,imagenet_c,defocus_blur,1,none
efficientnet_b4,ILSVRC2012_val_00015061.JPEG,n04251144,801,801,0.4694506,1,imagenet_c,defocus_blur,1,none
efficientnet_b4,ILSVRC2012_val_00017244.JPEG,n04251144,801,801,0.58713984,1,imagenet_c,defocus_blur,1,none
efficientnet_b4,ILSVRC2012_val_00018844.JPEG,n04251144,801,801,0.47832367,1,imagenet_c,defocus_blur,1,none
efficientnet_b4,ILSVRC2012_val_00018922.JPEG,n04251144,801,801,0.6738565,1,imagenet_c,defocus_blur,1,none
efficientnet_b4,ILSVRC2012_val_00019263.JPEG,n04251144,801,801,0.45748356,1,imagenet_c,defocus_blur,1,none
efficientnet_b4,ILSVRC2012_val_00020072.JPEG,n04251144,801,691,0.4603597,0,imagenet_c,defocus_blur,1,none
efficientnet_b4,ILSVRC2012_val_00022146.JPEG,n04251144,801,801,0.4638715,1,imagenet_c,defocus_blur,1,none
efficientnet_b4,ILSVRC2012_val_00023075.JPEG,n04251144,801,801,0.57998306,1,imagenet_c,defocus_blur,1,none
efficientnet_b4,ILSVRC2012_val_00023981.JPEG,n04251144,801,801,0.5866516,1,imagenet_c,defocus_blur,1,none
efficientnet_b4,ILSVRC2012_val_00024039.JPEG,n04251144,801,801,0.5682335,1,imagenet_c,defocus_blur,1,none
efficientnet_b4,ILSVRC2012_val_00024152.JPEG,n04251144,801,801,0.50217164,1,imagenet_c,defocus_blur,1,none
efficientnet_b4,ILSVRC2012_val_00025074.JPEG,n04251144,801,842,0.19997561,0,imagenet_c,defocus_blur,1,none
efficientnet_b4,ILSVRC2012_val_00027861.JPEG,n04251144,801,851,0.15220213,0,imagenet_c,defocus_blur,1,none
efficientnet_b4,ILSVRC2012_val_00028847.JPEG,n04251144,801,801,0.65565526,1,imagenet_c,defocus_blur,1,none
efficientnet_b4,ILSVRC2012_val_00029280.JPEG,n04251144,801,801,0.6578634,1,imagenet_c,defocus_blur,1,none
efficientnet_b4,ILSVRC2012_val_00029468.JPEG,n04251144,801,801,0.49931762,1,imagenet_c,defocus_blur,1,none
efficientnet_b4,ILSVRC2012_val_00030850.JPEG,n04251144,801,801,0.28659227,1,imagenet_c,defocus_blur,1,none
efficientnet_b4,ILSVRC2012_val_00033212.JPEG,n04251144,801,801,0.19105254,1,imagenet_c,defocus_blur,1,none
efficientnet_b4,ILSVRC2012_val_00033736.JPEG,n04251144,801,801,0.34312436,1,imagenet_c,defocus_blur,1,none
efficientnet_b4,ILSVRC2012_val_00034083.JPEG,n04251144,801,801,0.60182834,1,imagenet_c,defocus_blur,1,none
efficientnet_b4,ILSVRC2012_val_00035850.JPEG,n04251144,801,801,0.22739485,1,imagenet_c,defocus_blur,1,none
efficientnet_b4,ILSVRC2012_val_00036011.JPEG,n04251144,801,801,0.57686985,1,imagenet_c,defocus_blur,1,none
efficientnet_b4,ILSVRC2012_val_00036339.JPEG,n04251144,801,801,0.55326945,1,imagenet_c,defocus_blur,1,none
efficientnet_b4,ILSVRC2012_val_00036895.JPEG,n04251144,801,801,0.40839246,1,imagenet_c,defocus_blur,1,none
efficientnet_b4,ILSVRC2012_val_00039532.JPEG,n04251144,801,801,0.5096224,1,imagenet_c,defocus_blur,1,none
efficientnet_b4,ILSVRC2012_val_00040487.JPEG,n04251144,801,801,0.47992757,1,imagenet_c,defocus_blur,1,none
efficientnet_b4,ILSVRC2012_val_00042178.JPEG,n04251144,801,801,0.6441043,1,imagenet_c,defocus_blur,1,none
efficientnet_b4,ILSVRC2012_val_00043271.JPEG,n04251144,801,801,0.5046694,1,imagenet_c,defocus_blur,1,none
efficientnet_b4,ILSVRC2012_val_00043728.JPEG,n04251144,801,801,0.35575593,1,imagenet_c,defocus_blur,1,none
efficientnet_b4,ILSVRC2012_val_00044079.JPEG,n04251144,801,801,0.44672266,1,imagenet_c,defocus_blur,1,none
efficientnet_b4,ILSVRC2012_val_00044813.JPEG,n04251144,801,801,0.50827277,1,imagenet_c,defocus_blur,1,none
efficientnet_b4,ILSVRC2012_val_00045219.JPEG,n04251144,801,34,0.21386068,0,imagenet_c,defocus_blur,1,none
efficientnet_b4,ILSVRC2012_val_00046167.JPEG,n04251144,801,801,0.2833129,1,imagenet_c,defocus_blur,1,none
efficientnet_b4,ILSVRC2012_val_00048668.JPEG,n04251144,801,801,0.21166857,1,imagenet_c,defocus_blur,1,none
efficientnet_b4,ILSVRC2012_val_00000131.JPEG,n04252077,802,802,0.474427,1,imagenet_c,defocus_blur,1,none
efficientnet_b4,ILSVRC2012_val_00003520.JPEG,n04252077,802,802,0.499891,1,imagenet_c,defocus_blur,1,none
efficientnet_b4,ILSVRC2012_val_00004475.JPEG,n04252077,802,802,0.60262394,1,imagenet_c,defocus_blur,1,none
efficientnet_b4,ILSVRC2012_val_00004489.JPEG,n04252077,802,802,0.5634578,1,imagenet_c,defocus_blur,1,none
efficientnet_b4,ILSVRC2012_val_00005353.JPEG,n04252077,802,802,0.3538583,1,imagenet_c,defocus_blur,1,none
efficientnet_b4,ILSVRC2012_val_00006217.JPEG,n04252077,802,802,0.17666717,1,imagenet_c,defocus_blur,1,none
efficientnet_b4,ILSVRC2012_val_00007830.JPEG,n04252077,802,802,0.4798556,1,imagenet_c,defocus_blur,1,none
efficientnet_b4,ILSVRC2012_val_00008872.JPEG,n04252077,802,802,0.5499153,1,imagenet_c,defocus_blur,1,none
efficientnet_b4,ILSVRC2012_val_00009236.JPEG,n04252077,802,802,0.65549976,1,imagenet_c,defocus_blur,1,none
efficientnet_b4,ILSVRC2012_val_00009906.JPEG,n04252077,802,802,0.5573956,1,imagenet_c,defocus_blur,1,none
efficientnet_b4,ILSVRC2012_val_00010177.JPEG,n04252077,802,802,0.69070774,1,imagenet_c,defocus_blur,1,none
efficientnet_b4,ILSVRC2012_val_00011313.JPEG,n04252077,802,802,0.62449104,1,imagenet_c,defocus_blur,1,none
efficientnet_b4,ILSVRC2012_val_00011371.JPEG,n04252077,802,802,0.44065243,1,imagenet_c,defocus_blur,1,none
efficientnet_b4,ILSVRC2012_val_00011832.JPEG,n04252077,802,802,0.5012053,1,imagenet_c,defocus_blur,1,none
efficientnet_b4,ILSVRC2012_val_00012811.JPEG,n04252077,802,802,0.49199435,1,imagenet_c,defocus_blur,1,none
efficientnet_b4,ILSVRC2012_val_00012989.JPEG,n04252077,802,802,0.53067034,1,imagenet_c,defocus_blur,1,none
efficientnet_b4,ILSVRC2012_val_00015994.JPEG,n04252077,802,701,0.1911805,0,imagenet_c,defocus_blur,1,none
efficientnet_b4,ILSVRC2012_val_00018612.JPEG,n04252077,802,802,0.7507886,1,imagenet_c,defocus_blur,1,none
efficientnet_b4,ILSVRC2012_val_00018998.JPEG,n04252077,802,802,0.28976482,1,imagenet_c,defocus_blur,1,none
efficientnet_b4,ILSVRC2012_val_00020597.JPEG,n04252077,802,802,0.6270724,1,imagenet_c,defocus_blur,1,none
efficientnet_b4,ILSVRC2012_val_00022958.JPEG,n04252077,802,802,0.56270874,1,imagenet_c,defocus_blur,1,none
efficientnet_b4,ILSVRC2012_val_00023010.JPEG,n04252077,802,802,0.64828277,1,imagenet_c,defocus_blur,1,none
efficientnet_b4,ILSVRC2012_val_00026759.JPEG,n04252077,802,802,0.56160307,1,imagenet_c,defocus_blur,1,none
efficientnet_b4,ILSVRC2012_val_00027261.JPEG,n04252077,802,802,0.55304426,1,imagenet_c,defocus_blur,1,none
efficientnet_b4,ILSVRC2012_val_00028111.JPEG,n04252077,802,537,0.47551125,0,imagenet_c,defocus_blur,1,none
efficientnet_b4,ILSVRC2012_val_00029247.JPEG,n04252077,802,802,0.6071379,1,imagenet_c,defocus_blur,1,none
efficientnet_b4,ILSVRC2012_val_00029893.JPEG,n04252077,802,537,0.47597584,0,imagenet_c,defocus_blur,1,none
efficientnet_b4,ILSVRC2012_val_00030647.JPEG,n04252077,802,802,0.6516491,1,imagenet_c,defocus_blur,1,none
efficientnet_b4,ILSVRC2012_val_00030751.JPEG,n04252077,802,802,0.5144187,1,imagenet_c,defocus_blur,1,none
efficientnet_b4,ILSVRC2012_val_00031176.JPEG,n04252077,802,802,0.6015156,1,imagenet_c,defocus_blur,1,none
efficientnet_b4,ILSVRC2012_val_00032625.JPEG,n04252077,802,802,0.494728,1,imagenet_c,defocus_blur,1,none
efficientnet_b4,ILSVRC2012_val_00032733.JPEG,n04252077,802,978,0.18846285,0,imagenet_c,defocus_blur,1,none
efficientnet_b4,ILSVRC2012_val_00033043.JPEG,n04252077,802,802,0.6590785,1,imagenet_c,defocus_blur,1,none
efficientnet_b4,ILSVRC2012_val_00034603.JPEG,n04252077,802,537,0.28386694,0,imagenet_c,defocus_blur,1,none
efficientnet_b4,ILSVRC2012_val_00035236.JPEG,n04252077,802,802,0.5430204,1,imagenet_c,defocus_blur,1,none
efficientnet_b4,ILSVRC2012_val_00035620.JPEG,n04252077,802,802,0.38932496,1,imagenet_c,defocus_blur,1,none
efficientnet_b4,ILSVRC2012_val_00037661.JPEG,n04252077,802,802,0.5835051,1,imagenet_c,defocus_blur,1,none
efficientnet_b4,ILSVRC2012_val_00041125.JPEG,n04252077,802,701,0.33592907,0,imagenet_c,defocus_blur,1,none
efficientnet_b4,ILSVRC2012_val_00041951.JPEG,n04252077,802,537,0.4715556,0,imagenet_c,defocus_blur,1,none
efficientnet_b4,ILSVRC2012_val_00042114.JPEG,n04252077,802,802,0.046218764,1,imagenet_c,defocus_blur,1,none
efficientnet_b4,ILSVRC2012_val_00043595.JPEG,n04252077,802,802,0.6034139,1,imagenet_c,defocus_blur,1,none
efficientnet_b4,ILSVRC2012_val_00044613.JPEG,n04252077,802,812,0.105463564,0,imagenet_c,defocus_blur,1,none
efficientnet_b4,ILSVRC2012_val_00044879.JPEG,n04252077,802,802,0.49981385,1,imagenet_c,defocus_blur,1,none
efficientnet_b4,ILSVRC2012_val_00046727.JPEG,n04252077,802,671,0.34484014,0,imagenet_c,defocus_blur,1,none
efficientnet_b4,ILSVRC2012_val_00046936.JPEG,n04252077,802,802,0.60978866,1,imagenet_c,defocus_blur,1,none
efficientnet_b4,ILSVRC2012_val_00047033.JPEG,n04252077,802,802,0.5739499,1,imagenet_c,defocus_blur,1,none
efficientnet_b4,ILSVRC2012_val_00047197.JPEG,n04252077,802,802,0.5801236,1,imagenet_c,defocus_blur,1,none
efficientnet_b4,ILSVRC2012_val_00048428.JPEG,n04252077,802,802,0.5160418,1,imagenet_c,defocus_blur,1,none
efficientnet_b4,ILSVRC2012_val_00048551.JPEG,n04252077,802,802,0.6246002,1,imagenet_c,defocus_blur,1,none
efficientnet_b4,ILSVRC2012_val_00048564.JPEG,n04252077,802,802,0.46428517,1,imagenet_c,defocus_blur,1,none
efficientnet_b4,ILSVRC2012_val_00000767.JPEG,n04252225,803,864,0.21146876,0,imagenet_c,defocus_blur,1,none
efficientnet_b4,ILSVRC2012_val_00001020.JPEG,n04252225,803,803,0.5046447,1,imagenet_c,defocus_blur,1,none
efficientnet_b4,ILSVRC2012_val_00001533.JPEG,n04252225,803,803,0.07700924,1,imagenet_c,defocus_blur,1,none
efficientnet_b4,ILSVRC2012_val_00002276.JPEG,n04252225,803,803,0.8135358,1,imagenet_c,defocus_blur,1,none
efficientnet_b4,ILSVRC2012_val_00002510.JPEG,n04252225,803,803,0.41352692,1,imagenet_c,defocus_blur,1,none
efficientnet_b4,ILSVRC2012_val_00002785.JPEG,n04252225,803,803,0.5149618,1,imagenet_c,defocus_blur,1,none
efficientnet_b4,ILSVRC2012_val_00003635.JPEG,n04252225,803,803,0.038134694,1,imagenet_c,defocus_blur,1,none
efficientnet_b4,ILSVRC2012_val_00004408.JPEG,n04252225,803,803,0.6422941,1,imagenet_c,defocus_blur,1,none
efficientnet_b4,ILSVRC2012_val_00007068.JPEG,n04252225,803,803,0.54959196,1,imagenet_c,defocus_blur,1,none
efficientnet_b4,ILSVRC2012_val_00007264.JPEG,n04252225,803,672,0.053337865,0,imagenet_c,defocus_blur,1,none
efficientnet_b4,ILSVRC2012_val_00007611.JPEG,n04252225,803,803,0.5791282,1,imagenet_c,defocus_blur,1,none
efficientnet_b4,ILSVRC2012_val_00009780.JPEG,n04252225,803,803,0.35389465,1,imagenet_c,defocus_blur,1,none
efficientnet_b4,ILSVRC2012_val_00010009.JPEG,n04252225,803,803,0.6627286,1,imagenet_c,defocus_blur,1,none
efficientnet_b4,ILSVRC2012_val_00010448.JPEG,n04252225,803,803,0.6812893,1,imagenet_c,defocus_blur,1,none
efficientnet_b4,ILSVRC2012_val_00010794.JPEG,n04252225,803,803,0.64760435,1,imagenet_c,defocus_blur,1,none
efficientnet_b4,ILSVRC2012_val_00013986.JPEG,n04252225,803,803,0.46033275,1,imagenet_c,defocus_blur,1,none
efficientnet_b4,ILSVRC2012_val_00014199.JPEG,n04252225,803,803,0.5384048,1,imagenet_c,defocus_blur,1,none
efficientnet_b4,ILSVRC2012_val_00014617.JPEG,n04252225,803,803,0.6464643,1,imagenet_c,defocus_blur,1,none
efficientnet_b4,ILSVRC2012_val_00015106.JPEG,n04252225,803,803,0.72139996,1,imagenet_c,defocus_blur,1,none
efficientnet_b4,ILSVRC2012_val_00015273.JPEG,n04252225,803,803,0.6188549,1,imagenet_c,defocus_blur,1,none
efficientnet_b4,ILSVRC2012_val_00017609.JPEG,n04252225,803,803,0.8017493,1,imagenet_c,defocus_blur,1,none
efficientnet_b4,ILSVRC2012_val_00019444.JPEG,n04252225,803,803,0.56057507,1,imagenet_c,defocus_blur,1,none
efficientnet_b4,ILSVRC2012_val_00021002.JPEG,n04252225,803,803,0.28771242,1,imagenet_c,defocus_blur,1,none
efficientnet_b4,ILSVRC2012_val_00022940.JPEG,n04252225,803,803,0.5716736,1,imagenet_c,defocus_blur,1,none
efficientnet_b4,ILSVRC2012_val_00023495.JPEG,n04252225,803,803,0.6183831,1,imagenet_c,defocus_blur,1,none
efficientnet_b4,ILSVRC2012_val_00024229.JPEG,n04252225,803,803,0.6444451,1,imagenet_c,defocus_blur,1,none
efficientnet_b4,ILSVRC2012_val_00024347.JPEG,n04252225,803,803,0.4363181,1,imagenet_c,defocus_blur,1,none
efficientnet_b4,ILSVRC2012_val_00025403.JPEG,n04252225,803,803,0.6477703,1,imagenet_c,defocus_blur,1,none
efficientnet_b4,ILSVRC2012_val_00025642.JPEG,n04252225,803,803,0.6628155,1,imagenet_c,defocus_blur,1,none
efficientnet_b4,ILSVRC2012_val_00025743.JPEG,n04252225,803,803,0.69382256,1,imagenet_c,defocus_blur,1,none
efficientnet_b4,ILSVRC2012_val_00025745.JPEG,n04252225,803,803,0.3796504,1,imagenet_c,defocus_blur,1,none
efficientnet_b4,ILSVRC2012_val_00025966.JPEG,n04252225,803,803,0.6546534,1,imagenet_c,defocus_blur,1,none
efficientnet_b4,ILSVRC2012_val_00027547.JPEG,n04252225,803,803,0.6800665,1,imagenet_c,defocus_blur,1,none
efficientnet_b4,ILSVRC2012_val_00027764.JPEG,n04252225,803,792,0.27671382,0,imagenet_c,defocus_blur,1,none
efficientnet_b4,ILSVRC2012_val_00028534.JPEG,n04252225,803,803,0.62823194,1,imagenet_c,defocus_blur,1,none
efficientnet_b4,ILSVRC2012_val_00031233.JPEG,n04252225,803,803,0.4981493,1,imagenet_c,defocus_blur,1,none
efficientnet_b4,ILSVRC2012_val_00031447.JPEG,n04252225,803,468,0.16168942,0,imagenet_c,defocus_blur,1,none
efficientnet_b4,ILSVRC2012_val_00034323.JPEG,n04252225,803,866,0.20785786,0,imagenet_c,defocus_blur,1,none
efficientnet_b4,ILSVRC2012_val_00039331.JPEG,n04252225,803,803,0.5055323,1,imagenet_c,defocus_blur,1,none
efficientnet_b4,ILSVRC2012_val_00040932.JPEG,n04252225,803,803,0.462135,1,imagenet_c,defocus_blur,1,none
efficientnet_b4,ILSVRC2012_val_00043336.JPEG,n04252225,803,803,0.17215823,1,imagenet_c,defocus_blur,1,none
efficientnet_b4,ILSVRC2012_val_00043520.JPEG,n04252225,803,803,0.65194595,1,imagenet_c,defocus_blur,1,none
efficientnet_b4,ILSVRC2012_val_00043941.JPEG,n04252225,803,803,0.6157146,1,imagenet_c,defocus_blur,1,none
efficientnet_b4,ILSVRC2012_val_00044201.JPEG,n04252225,803,803,0.46052912,1,imagenet_c,defocus_blur,1,none
efficientnet_b4,ILSVRC2012_val_00044833.JPEG,n04252225,803,803,0.74196905,1,imagenet_c,defocus_blur,1,none
efficientnet_b4,ILSVRC2012_val_00045243.JPEG,n04252225,803,803,0.70838016,1,imagenet_c,defocus_blur,1,none
efficientnet_b4,ILSVRC2012_val_00045557.JPEG,n04252225,803,803,0.61415255,1,imagenet_c,defocus_blur,1,none
efficientnet_b4,ILSVRC2012_val_00048441.JPEG,n04252225,803,803,0.18781286,1,imagenet_c,defocus_blur,1,none
efficientnet_b4,ILSVRC2012_val_00049171.JPEG,n04252225,803,803,0.5481164,1,imagenet_c,defocus_blur,1,none
efficientnet_b4,ILSVRC2012_val_00049258.JPEG,n04252225,803,803,0.23424202,1,imagenet_c,defocus_blur,1,none
efficientnet_b4,ILSVRC2012_val_00003585.JPEG,n04254120,804,804,0.7948208,1,imagenet_c,defocus_blur,1,none
efficientnet_b4,ILSVRC2012_val_00005424.JPEG,n04254120,804,680,0.17723139,0,imagenet_c,defocus_blur,1,none
efficientnet_b4,ILSVRC2012_val_00005772.JPEG,n04254120,804,438,0.1646824,0,imagenet_c,defocus_blur,1,none
efficientnet_b4,ILSVRC2012_val_00007552.JPEG,n04254120,804,804,0.7089734,1,imagenet_c,defocus_blur,1,none
efficientnet_b4,ILSVRC2012_val_00008529.JPEG,n04254120,804,804,0.81357,1,imagenet_c,defocus_blur,1,none
efficientnet_b4,ILSVRC2012_val_00008831.JPEG,n04254120,804,804,0.14300431,1,imagenet_c,defocus_blur,1,none
efficientnet_b4,ILSVRC2012_val_00009704.JPEG,n04254120,804,804,0.8120191,1,imagenet_c,defocus_blur,1,none
efficientnet_b4,ILSVRC2012_val_00009872.JPEG,n04254120,804,804,0.51774114,1,imagenet_c,defocus_blur,1,none
efficientnet_b4,ILSVRC2012_val_00010748.JPEG,n04254120,804,898,0.18230242,0,imagenet_c,defocus_blur,1,none
efficientnet_b4,ILSVRC2012_val_00014848.JPEG,n04254120,804,929,0.201822,0,imagenet_c,defocus_blur,1,none
efficientnet_b4,ILSVRC2012_val_00015724.JPEG,n04254120,804,896,0.309845,0,imagenet_c,defocus_blur,1,none
efficientnet_b4,ILSVRC2012_val_00016209.JPEG,n04254120,804,794,0.38169023,0,imagenet_c,defocus_blur,1,none
efficientnet_b4,ILSVRC2012_val_00017584.JPEG,n04254120,804,902,0.073072314,0,imagenet_c,defocus_blur,1,none
efficientnet_b4,ILSVRC2012_val_00021837.JPEG,n04254120,804,804,0.24494603,1,imagenet_c,defocus_blur,1,none
efficientnet_b4,ILSVRC2012_val_00022275.JPEG,n04254120,804,804,0.6222665,1,imagenet_c,defocus_blur,1,none
efficientnet_b4,ILSVRC2012_val_00022461.JPEG,n04254120,804,804,0.80619097,1,imagenet_c,defocus_blur,1,none
efficientnet_b4,ILSVRC2012_val_00024041.JPEG,n04254120,804,804,0.3186786,1,imagenet_c,defocus_blur,1,none
efficientnet_b4,ILSVRC2012_val_00025227.JPEG,n04254120,804,804,0.32395238,1,imagenet_c,defocus_blur,1,none
efficientnet_b4,ILSVRC2012_val_00025804.JPEG,n04254120,804,804,0.34727672,1,imagenet_c,defocus_blur,1,none
efficientnet_b4,ILSVRC2012_val_00025877.JPEG,n04254120,804,804,0.57141703,1,imagenet_c,defocus_blur,1,none
efficientnet_b4,ILSVRC2012_val_00026315.JPEG,n04254120,804,804,0.6666229,1,imagenet_c,defocus_blur,1,none
efficientnet_b4,ILSVRC2012_val_00026459.JPEG,n04254120,804,804,0.43429735,1,imagenet_c,defocus_blur,1,none
efficientnet_b4,ILSVRC2012_val_00026535.JPEG,n04254120,804,711,0.15556185,0,imagenet_c,defocus_blur,1,none
efficientnet_b4,ILSVRC2012_val_00028406.JPEG,n04254120,804,804,0.5311828,1,imagenet_c,defocus_blur,1,none
efficientnet_b4,ILSVRC2012_val_00028431.JPEG,n04254120,804,896,0.6161889,0,imagenet_c,defocus_blur,1,none
efficientnet_b4,ILSVRC2012_val_00028718.JPEG,n04254120,804,804,0.36517558,1,imagenet_c,defocus_blur,1,none
efficientnet_b4,ILSVRC2012_val_00029642.JPEG,n04254120,804,804,0.94434774,1,imagenet_c,defocus_blur,1,none
efficientnet_b4,ILSVRC2012_val_00030184.JPEG,n04254120,804,648,0.13903996,0,imagenet_c,defocus_blur,1,none
efficientnet_b4,ILSVRC2012_val_00030691.JPEG,n04254120,804,648,0.111373864,0,imagenet_c,defocus_blur,1,none
efficientnet_b4,ILSVRC2012_val_00031761.JPEG,n04254120,804,804,0.44478124,1,imagenet_c,defocus_blur,1,none
efficientnet_b4,ILSVRC2012_val_00032214.JPEG,n04254120,804,804,0.81983626,1,imagenet_c,defocus_blur,1,none
efficientnet_b4,ILSVRC2012_val_00034006.JPEG,n04254120,804,896,0.343491,0,imagenet_c,defocus_blur,1,none
efficientnet_b4,ILSVRC2012_val_00035860.JPEG,n04254120,804,648,0.6552956,0,imagenet_c,defocus_blur,1,none
efficientnet_b4,ILSVRC2012_val_00038517.JPEG,n04254120,804,804,0.72279173,1,imagenet_c,defocus_blur,1,none
efficientnet_b4,ILSVRC2012_val_00039468.JPEG,n04254120,804,804,0.41747805,1,imagenet_c,defocus_blur,1,none
efficientnet_b4,ILSVRC2012_val_00040006.JPEG,n04254120,804,804,0.35734463,1,imagenet_c,defocus_blur,1,none
efficientnet_b4,ILSVRC2012_val_00040456.JPEG,n04254120,804,438,0.14867568,0,imagenet_c,defocus_blur,1,none
efficientnet_b4,ILSVRC2012_val_00040688.JPEG,n04254120,804,861,0.08509247,0,imagenet_c,defocus_blur,1,none
efficientnet_b4,ILSVRC2012_val_00041196.JPEG,n04254120,804,804,0.49721348,1,imagenet_c,defocus_blur,1,none
efficientnet_b4,ILSVRC2012_val_00042528.JPEG,n04254120,804,804,0.49350432,1,imagenet_c,defocus_blur,1,none
efficientnet_b4,ILSVRC2012_val_00042575.JPEG,n04254120,804,804,0.17029904,1,imagenet_c,defocus_blur,1,none
efficientnet_b4,ILSVRC2012_val_00044604.JPEG,n04254120,804,711,0.12705399,0,imagenet_c,defocus_blur,1,none
efficientnet_b4,ILSVRC2012_val_00045519.JPEG,n04254120,804,804,0.19982411,1,imagenet_c,defocus_blur,1,none
efficientnet_b4,ILSVRC2012_val_00045622.JPEG,n04254120,804,804,0.23348129,1,imagenet_c,defocus_blur,1,none
efficientnet_b4,ILSVRC2012_val_00045966.JPEG,n04254120,804,773,0.40484092,0,imagenet_c,defocus_blur,1,none
efficientnet_b4,ILSVRC2012_val_00046421.JPEG,n04254120,804,620,0.023784539,0,imagenet_c,defocus_blur,1,none
efficientnet_b4,ILSVRC2012_val_00047496.JPEG,n04254120,804,571,0.06933171,0,imagenet_c,defocus_blur,1,none
efficientnet_b4,ILSVRC2012_val_00048758.JPEG,n04254120,804,804,0.4260471,1,imagenet_c,defocus_blur,1,none
efficientnet_b4,ILSVRC2012_val_00049701.JPEG,n04254120,804,804,0.7109193,1,imagenet_c,defocus_blur,1,none
efficientnet_b4,ILSVRC2012_val_00049836.JPEG,n04254120,804,896,0.15752952,0,imagenet_c,defocus_blur,1,none
efficientnet_b4,ILSVRC2012_val_00002349.JPEG,n04254680,805,805,0.5466754,1,imagenet_c,defocus_blur,1,none
efficientnet_b4,ILSVRC2012_val_00005713.JPEG,n04254680,805,805,0.55811536,1,imagenet_c,defocus_blur,1,none
efficientnet_b4,ILSVRC2012_val_00007819.JPEG,n04254680,805,805,0.66552395,1,imagenet_c,defocus_blur,1,none
efficientnet_b4,ILSVRC2012_val_00008133.JPEG,n04254680,805,805,0.6688467,1,imagenet_c,defocus_blur,1,none
efficientnet_b4,ILSVRC2012_val_00009301.JPEG,n04254680,805,805,0.7864158,1,imagenet_c,defocus_blur,1,none
efficientnet_b4,ILSVRC2012_val_00009803.JPEG,n04254680,805,805,0.68581825,1,imagenet_c,defocus_blur,1,none
efficientnet_b4,ILSVRC2012_val_00010033.JPEG,n04254680,805,805,0.5755954,1,imagenet_c,defocus_blur,1,none
efficientnet_b4,ILSVRC2012_val_00011606.JPEG,n04254680,805,805,0.7281603,1,imagenet_c,defocus_blur,1,none
efficientnet_b4,ILSVRC2012_val_00013365.JPEG,n04254680,805,805,0.57061166,1,imagenet_c,defocus_blur,1,none
efficientnet_b4,ILSVRC2012_val_00014100.JPEG,n04254680,805,805,0.7737951,1,imagenet_c,defocus_blur,1,none
efficientnet_b4,ILSVRC2012_val_00014154.JPEG,n04254680,805,805,0.23931909,1,imagenet_c,defocus_blur,1,none
efficientnet_b4,ILSVRC2012_val_00014872.JPEG,n04254680,805,805,0.8550918,1,imagenet_c,defocus_blur,1,none
efficientnet_b4,ILSVRC2012_val_00016558.JPEG,n04254680,805,805,0.68322444,1,imagenet_c,defocus_blur,1,none
efficientnet_b4,ILSVRC2012_val_00016819.JPEG,n04254680,805,805,0.58890384,1,imagenet_c,defocus_blur,1,none
efficientnet_b4,ILSVRC2012_val_00017284.JPEG,n04254680,805,429,0.10542761,0,imagenet_c,defocus_blur,1,none
efficientnet_b4,ILSVRC2012_val_00017671.JPEG,n04254680,805,805,0.5329887,1,imagenet_c,defocus_blur,1,none
efficientnet_b4,ILSVRC2012_val_00017782.JPEG,n04254680,805,805,0.5060719,1,imagenet_c,defocus_blur,1,none
efficientnet_b4,ILSVRC2012_val_00019408.JPEG,n04254680,805,805,0.18120408,1,imagenet_c,defocus_blur,1,none
efficientnet_b4,ILSVRC2012_val_00020296.JPEG,n04254680,805,805,0.53165567,1,imagenet_c,defocus_blur,1,none
efficientnet_b4,ILSVRC2012_val_00022345.JPEG,n04254680,805,805,0.6767053,1,imagenet_c,defocus_blur,1,none
efficientnet_b4,ILSVRC2012_val_00024060.JPEG,n04254680,805,805,0.5733954,1,imagenet_c,defocus_blur,1,none
efficientnet_b4,ILSVRC2012_val_00024334.JPEG,n04254680,805,805,0.5669925,1,imagenet_c,defocus_blur,1,none
efficientnet_b4,ILSVRC2012_val_00024905.JPEG,n04254680,805,805,0.35670525,1,imagenet_c,defocus_blur,1,none
efficientnet_b4,ILSVRC2012_val_00026358.JPEG,n04254680,805,805,0.5729635,1,imagenet_c,defocus_blur,1,none
efficientnet_b4,ILSVRC2012_val_00027702.JPEG,n04254680,805,805,0.7411889,1,imagenet_c,defocus_blur,1,none
efficientnet_b4,ILSVRC2012_val_00028138.JPEG,n04254680,805,805,0.69779634,1,imagenet_c,defocus_blur,1,none
efficientnet_b4,ILSVRC2012_val_00029787.JPEG,n04254680,805,805,0.7149979,1,imagenet_c,defocus_blur,1,none
efficientnet_b4,ILSVRC2012_val_00030118.JPEG,n04254680,805,805,0.41319707,1,imagenet_c,defocus_blur,1,none
efficientnet_b4,ILSVRC2012_val_00032238.JPEG,n04254680,805,805,0.5856079,1,imagenet_c,defocus_blur,1,none
efficientnet_b4,ILSVRC2012_val_00032634.JPEG,n04254680,805,805,0.66637063,1,imagenet_c,defocus_blur,1,none
efficientnet_b4,ILSVRC2012_val_00033202.JPEG,n04254680,805,739,0.22711277,0,imagenet_c,defocus_blur,1,none
efficientnet_b4,ILSVRC2012_val_00033276.JPEG,n04254680,805,805,0.79936033,1,imagenet_c,defocus_blur,1,none
efficientnet_b4,ILSVRC2012_val_00033315.JPEG,n04254680,805,805,0.7999755,1,imagenet_c,defocus_blur,1,none
efficientnet_b4,ILSVRC2012_val_00035006.JPEG,n04254680,805,805,0.62490237,1,imagenet_c,defocus_blur,1,none
efficientnet_b4,ILSVRC2012_val_00035786.JPEG,n04254680,805,768,0.31560463,0,imagenet_c,defocus_blur,1,none
efficientnet_b4,ILSVRC2012_val_00036050.JPEG,n04254680,805,805,0.7298895,1,imagenet_c,defocus_blur,1,none
efficientnet_b4,ILSVRC2012_val_00036164.JPEG,n04254680,805,805,0.79817176,1,imagenet_c,defocus_blur,1,none
efficientnet_b4,ILSVRC2012_val_00037179.JPEG,n04254680,805,805,0.7168275,1,imagenet_c,defocus_blur,1,none
efficientnet_b4,ILSVRC2012_val_00038483.JPEG,n04254680,805,805,0.25760627,1,imagenet_c,defocus_blur,1,none
efficientnet_b4,ILSVRC2012_val_00040329.JPEG,n04254680,805,805,0.7686241,1,imagenet_c,defocus_blur,1,none
efficientnet_b4,ILSVRC2012_val_00040853.JPEG,n04254680,805,805,0.57240415,1,imagenet_c,defocus_blur,1,none
efficientnet_b4,ILSVRC2012_val_00041778.JPEG,n04254680,805,805,0.5841299,1,imagenet_c,defocus_blur,1,none
efficientnet_b4,ILSVRC2012_val_00042311.JPEG,n04254680,805,805,0.8292491,1,imagenet_c,defocus_blur,1,none
efficientnet_b4,ILSVRC2012_val_00042778.JPEG,n04254680,805,805,0.67459023,1,imagenet_c,defocus_blur,1,none
efficientnet_b4,ILSVRC2012_val_00043985.JPEG,n04254680,805,805,0.80471176,1,imagenet_c,defocus_blur,1,none
efficientnet_b4,ILSVRC2012_val_00044160.JPEG,n04254680,805,805,0.72714216,1,imagenet_c,defocus_blur,1,none
efficientnet_b4,ILSVRC2012_val_00046135.JPEG,n04254680,805,805,0.55764854,1,imagenet_c,defocus_blur,1,none
efficientnet_b4,ILSVRC2012_val_00047298.JPEG,n04254680,805,805,0.6753303,1,imagenet_c,defocus_blur,1,none
efficientnet_b4,ILSVRC2012_val_00047887.JPEG,n04254680,805,805,0.66742146,1,imagenet_c,defocus_blur,1,none
efficientnet_b4,ILSVRC2012_val_00048715.JPEG,n04254680,805,805,0.5564512,1,imagenet_c,defocus_blur,1,none
efficientnet_b4,ILSVRC2012_val_00000936.JPEG,n04254777,806,806,0.65109575,1,imagenet_c,defocus_blur,1,none
efficientnet_b4,ILSVRC2012_val_00002806.JPEG,n04254777,806,615,0.12105299,0,imagenet_c,defocus_blur,1,none
efficientnet_b4,ILSVRC2012_val_00007953.JPEG,n04254777,806,806,0.62023336,1,imagenet_c,defocus_blur,1,none
efficientnet_b4,ILSVRC2012_val_00010318.JPEG,n04254777,806,806,0.7012818,1,imagenet_c,defocus_blur,1,none
efficientnet_b4,ILSVRC2012_val_00011662.JPEG,n04254777,806,806,0.4469486,1,imagenet_c,defocus_blur,1,none
efficientnet_b4,ILSVRC2012_val_00012532.JPEG,n04254777,806,806,0.42124864,1,imagenet_c,defocus_blur,1,none
efficientnet_b4,ILSVRC2012_val_00012684.JPEG,n04254777,806,806,0.3394215,1,imagenet_c,defocus_blur,1,none
efficientnet_b4,ILSVRC2012_val_00013213.JPEG,n04254777,806,842,0.12860404,0,imagenet_c,defocus_blur,1,none
efficientnet_b4,ILSVRC2012_val_00013273.JPEG,n04254777,806,921,0.47932023,0,imagenet_c,defocus_blur,1,none
efficientnet_b4,ILSVRC2012_val_00013608.JPEG,n04254777,806,459,0.037074856,0,imagenet_c,defocus_blur,1,none
efficientnet_b4,ILSVRC2012_val_00014637.JPEG,n04254777,806,806,0.13701941,1,imagenet_c,defocus_blur,1,none
efficientnet_b4,ILSVRC2012_val_00015026.JPEG,n04254777,806,697,0.07566865,0,imagenet_c,defocus_blur,1,none
efficientnet_b4,ILSVRC2012_val_00015360.JPEG,n04254777,806,806,0.24431676,1,imagenet_c,defocus_blur,1,none
efficientnet_b4,ILSVRC2012_val_00015827.JPEG,n04254777,806,615,0.16257346,0,imagenet_c,defocus_blur,1,none
efficientnet_b4,ILSVRC2012_val_00016817.JPEG,n04254777,806,655,0.14058562,0,imagenet_c,defocus_blur,1,none
efficientnet_b4,ILSVRC2012_val_00018691.JPEG,n04254777,806,806,0.57501197,1,imagenet_c,defocus_blur,1,none
efficientnet_b4,ILSVRC2012_val_00019230.JPEG,n04254777,806,496,0.51342565,0,imagenet_c,defocus_blur,1,none
efficientnet_b4,ILSVRC2012_val_00019553.JPEG,n04254777,806,806,0.6782041,1,imagenet_c,defocus_blur,1,none
efficientnet_b4,ILSVRC2012_val_00019815.JPEG,n04254777,806,615,0.074116305,0,imagenet_c,defocus_blur,1,none
efficientnet_b4,ILSVRC2012_val_00019904.JPEG,n04254777,806,496,0.6076803,0,imagenet_c,defocus_blur,1,none
efficientnet_b4,ILSVRC2012_val_00020996.JPEG,n04254777,806,806,0.6414128,1,imagenet_c,defocus_blur,1,none
efficientnet_b4,ILSVRC2012_val_00021633.JPEG,n04254777,806,630,0.24609204,0,imagenet_c,defocus_blur,1,none
efficientnet_b4,ILSVRC2012_val_00021862.JPEG,n04254777,806,806,0.34043914,1,imagenet_c,defocus_blur,1,none
efficientnet_b4,ILSVRC2012_val_00021978.JPEG,n04254777,806,496,0.36913243,0,imagenet_c,defocus_blur,1,none
efficientnet_b4,ILSVRC2012_val_00021993.JPEG,n04254777,806,806,0.51686996,1,imagenet_c,defocus_blur,1,none
efficientnet_b4,ILSVRC2012_val_00023140.JPEG,n04254777,806,770,0.78956074,0,imagenet_c,defocus_blur,1,none
efficientnet_b4,ILSVRC2012_val_00023534.JPEG,n04254777,806,806,0.44174293,1,imagenet_c,defocus_blur,1,none
efficientnet_b4,ILSVRC2012_val_00024724.JPEG,n04254777,806,806,0.7617297,1,imagenet_c,defocus_blur,1,none
efficientnet_b4,ILSVRC2012_val_00025297.JPEG,n04254777,806,975,0.06527615,0,imagenet_c,defocus_blur,1,none
efficientnet_b4,ILSVRC2012_val_00025635.JPEG,n04254777,806,806,0.22382163,1,imagenet_c,defocus_blur,1,none
efficientnet_b4,ILSVRC2012_val_00026534.JPEG,n04254777,806,181,0.056225833,0,imagenet_c,defocus_blur,1,none
efficientnet_b4,ILSVRC2012_val_00027732.JPEG,n04254777,806,689,0.1449321,0,imagenet_c,defocus_blur,1,none
efficientnet_b4,ILSVRC2012_val_00028672.JPEG,n04254777,806,806,0.35173675,1,imagenet_c,defocus_blur,1,none
efficientnet_b4,ILSVRC2012_val_00028826.JPEG,n04254777,806,459,0.20764945,0,imagenet_c,defocus_blur,1,none
efficientnet_b4,ILSVRC2012_val_00030110.JPEG,n04254777,806,616,0.44440222,0,imagenet_c,defocus_blur,1,none
efficientnet_b4,ILSVRC2012_val_00030373.JPEG,n04254777,806,655,0.22957982,0,imagenet_c,defocus_blur,1,none
efficientnet_b4,ILSVRC2012_val_00031652.JPEG,n04254777,806,806,0.70674723,1,imagenet_c,defocus_blur,1,none
efficientnet_b4,ILSVRC2012_val_00032386.JPEG,n04254777,806,264,0.016424641,0,imagenet_c,defocus_blur,1,none
efficientnet_b4,ILSVRC2012_val_00035090.JPEG,n04254777,806,655,0.09646524,0,imagenet_c,defocus_blur,1,none
efficientnet_b4,ILSVRC2012_val_00038657.JPEG,n04254777,806,630,0.43795913,0,imagenet_c,defocus_blur,1,none
efficientnet_b4,ILSVRC2012_val_00039001.JPEG,n04254777,806,529,0.09805434,0,imagenet_c,defocus_blur,1,none
efficientnet_b4,ILSVRC2012_val_00039044.JPEG,n04254777,806,424,0.14022739,0,imagenet_c,defocus_blur,1,none
efficientnet_b4,ILSVRC2012_val_00039845.JPEG,n04254777,806,496,0.15998818,0,imagenet_c,defocus_blur,1,none
efficientnet_b4,ILSVRC2012_val_00044656.JPEG,n04254777,806,806,0.71651137,1,imagenet_c,defocus_blur,1,none
efficientnet_b4,ILSVRC2012_val_00044796.JPEG,n04254777,806,806,0.6082956,1,imagenet_c,defocus_blur,1,none
efficientnet_b4,ILSVRC2012_val_00045111.JPEG,n04254777,806,413,0.11171812,0,imagenet_c,defocus_blur,1,none
efficientnet_b4,ILSVRC2012_val_00048604.JPEG,n04254777,806,806,0.6132408,1,imagenet_c,defocus_blur,1,none
efficientnet_b4,ILSVRC2012_val_00048733.JPEG,n04254777,806,806,0.13187467,1,imagenet_c,defocus_blur,1,none
efficientnet_b4,ILSVRC2012_val_00049561.JPEG,n04254777,806,806,0.24855784,1,imagenet_c,defocus_blur,1,none
efficientnet_b4,ILSVRC2012_val_00049588.JPEG,n04254777,806,806,0.6639157,1,imagenet_c,defocus_blur,1,none
efficientnet_b4,ILSVRC2012_val_00000897.JPEG,n04258138,807,549,0.06041965,0,imagenet_c,defocus_blur,1,none
efficientnet_b4,ILSVRC2012_val_00002445.JPEG,n04258138,807,807,0.72233325,1,imagenet_c,defocus_blur,1,none
efficientnet_b4,ILSVRC2012_val_00002606.JPEG,n04258138,807,807,0.57773745,1,imagenet_c,defocus_blur,1,none
efficientnet_b4,ILSVRC2012_val_00003508.JPEG,n04258138,807,807,0.5504876,1,imagenet_c,defocus_blur,1,none
efficientnet_b4,ILSVRC2012_val_00003739.JPEG,n04258138,807,807,0.524098,1,imagenet_c,defocus_blur,1,none
efficientnet_b4,ILSVRC2012_val_00004067.JPEG,n04258138,807,660,0.06643596,0,imagenet_c,defocus_blur,1,none
efficientnet_b4,ILSVRC2012_val_00004498.JPEG,n04258138,807,807,0.27412868,1,imagenet_c,defocus_blur,1,none
efficientnet_b4,ILSVRC2012_val_00005181.JPEG,n04258138,807,807,0.3781676,1,imagenet_c,defocus_blur,1,none
efficientnet_b4,ILSVRC2012_val_00006631.JPEG,n04258138,807,807,0.7300098,1,imagenet_c,defocus_blur,1,none
efficientnet_b4,ILSVRC2012_val_00007822.JPEG,n04258138,807,807,0.2571342,1,imagenet_c,defocus_blur,1,none
efficientnet_b4,ILSVRC2012_val_00008261.JPEG,n04258138,807,718,0.10957063,0,imagenet_c,defocus_blur,1,none
efficientnet_b4,ILSVRC2012_val_00009709.JPEG,n04258138,807,846,0.08157366,0,imagenet_c,defocus_blur,1,none
efficientnet_b4,ILSVRC2012_val_00009920.JPEG,n04258138,807,807,0.2155852,1,imagenet_c,defocus_blur,1,none
efficientnet_b4,ILSVRC2012_val_00010525.JPEG,n04258138,807,807,0.3348768,1,imagenet_c,defocus_blur,1,none
efficientnet_b4,ILSVRC2012_val_00011271.JPEG,n04258138,807,755,0.37786776,0,imagenet_c,defocus_blur,1,none
efficientnet_b4,ILSVRC2012_val_00012750.JPEG,n04258138,807,807,0.5890896,1,imagenet_c,defocus_blur,1,none
efficientnet_b4,ILSVRC2012_val_00014018.JPEG,n04258138,807,807,0.35324684,1,imagenet_c,defocus_blur,1,none
efficientnet_b4,ILSVRC2012_val_00014066.JPEG,n04258138,807,807,0.47472966,1,imagenet_c,defocus_blur,1,none
efficientnet_b4,ILSVRC2012_val_00014079.JPEG,n04258138,807,545,0.27839187,0,imagenet_c,defocus_blur,1,none
efficientnet_b4,ILSVRC2012_val_00015162.JPEG,n04258138,807,807,0.5744121,1,imagenet_c,defocus_blur,1,none
efficientnet_b4,ILSVRC2012_val_00015473.JPEG,n04258138,807,807,0.75046194,1,imagenet_c,defocus_blur,1,none
efficientnet_b4,ILSVRC2012_val_00015995.JPEG,n04258138,807,712,0.23946851,0,imagenet_c,defocus_blur,1,none
efficientnet_b4,ILSVRC2012_val_00016247.JPEG,n04258138,807,807,0.56942344,1,imagenet_c,defocus_blur,1,none
efficientnet_b4,ILSVRC2012_val_00017908.JPEG,n04258138,807,807,0.3252131,1,imagenet_c,defocus_blur,1,none
efficientnet_b4,ILSVRC2012_val_00018110.JPEG,n04258138,807,807,0.18896611,1,imagenet_c,defocus_blur,1,none
efficientnet_b4,ILSVRC2012_val_00018694.JPEG,n04258138,807,807,0.6563972,1,imagenet_c,defocus_blur,1,none
efficientnet_b4,ILSVRC2012_val_00021294.JPEG,n04258138,807,807,0.55272806,1,imagenet_c,defocus_blur,1,none
efficientnet_b4,ILSVRC2012_val_00025199.JPEG,n04258138,807,755,0.29342785,0,imagenet_c,defocus_blur,1,none
efficientnet_b4,ILSVRC2012_val_00026235.JPEG,n04258138,807,807,0.05067354,1,imagenet_c,defocus_blur,1,none
efficientnet_b4,ILSVRC2012_val_00026551.JPEG,n04258138,807,807,0.50116533,1,imagenet_c,defocus_blur,1,none
efficientnet_b4,ILSVRC2012_val_00026702.JPEG,n04258138,807,807,0.67780745,1,imagenet_c,defocus_blur,1,none
efficientnet_b4,ILSVRC2012_val_00026800.JPEG,n04258138,807,807,0.57855153,1,imagenet_c,defocus_blur,1,none
efficientnet_b4,ILSVRC2012_val_00027596.JPEG,n04258138,807,807,0.66286343,1,imagenet_c,defocus_blur,1,none
efficientnet_b4,ILSVRC2012_val_00028128.JPEG,n04258138,807,858,0.5387175,0,imagenet_c,defocus_blur,1,none
efficientnet_b4,ILSVRC2012_val_00028650.JPEG,n04258138,807,807,0.34358752,1,imagenet_c,defocus_blur,1,none
efficientnet_b4,ILSVRC2012_val_00028935.JPEG,n04258138,807,912,0.07561638,0,imagenet_c,defocus_blur,1,none
efficientnet_b4,ILSVRC2012_val_00032454.JPEG,n04258138,807,807,0.37377328,1,imagenet_c,defocus_blur,1,none
efficientnet_b4,ILSVRC2012_val_00036418.JPEG,n04258138,807,807,0.21844591,1,imagenet_c,defocus_blur,1,none
efficientnet_b4,ILSVRC2012_val_00037563.JPEG,n04258138,807,522,0.17794856,0,imagenet_c,defocus_blur,1,none
efficientnet_b4,ILSVRC2012_val_00038084.JPEG,n04258138,807,807,0.5165982,1,imagenet_c,defocus_blur,1,none
efficientnet_b4,ILSVRC2012_val_00038224.JPEG,n04258138,807,616,0.17391899,0,imagenet_c,defocus_blur,1,none
efficientnet_b4,ILSVRC2012_val_00038627.JPEG,n04258138,807,807,0.19983974,1,imagenet_c,defocus_blur,1,none
efficientnet_b4,ILSVRC2012_val_00038855.JPEG,n04258138,807,807,0.3275122,1,imagenet_c,defocus_blur,1,none
efficientnet_b4,ILSVRC2012_val_00039884.JPEG,n04258138,807,978,0.06336738,0,imagenet_c,defocus_blur,1,none
efficientnet_b4,ILSVRC2012_val_00043320.JPEG,n04258138,807,839,0.27027863,0,imagenet_c,defocus_blur,1,none
efficientnet_b4,ILSVRC2012_val_00043736.JPEG,n04258138,807,807,0.030824319,1,imagenet_c,defocus_blur,1,none
efficientnet_b4,ILSVRC2012_val_00045764.JPEG,n04258138,807,807,0.34737617,1,imagenet_c,defocus_blur,1,none
efficientnet_b4,ILSVRC2012_val_00046721.JPEG,n04258138,807,807,0.6236189,1,imagenet_c,defocus_blur,1,none
efficientnet_b4,ILSVRC2012_val_00046838.JPEG,n04258138,807,807,0.53127956,1,imagenet_c,defocus_blur,1,none
efficientnet_b4,ILSVRC2012_val_00047195.JPEG,n04258138,807,807,0.23913871,1,imagenet_c,defocus_blur,1,none
efficientnet_b4,ILSVRC2012_val_00002335.JPEG,n04259630,808,808,0.6645279,1,imagenet_c,defocus_blur,1,none
efficientnet_b4,ILSVRC2012_val_00002642.JPEG,n04259630,808,439,0.2809916,0,imagenet_c,defocus_blur,1,none
efficientnet_b4,ILSVRC2012_val_00006089.JPEG,n04259630,808,643,0.09591226,0,imagenet_c,defocus_blur,1,none
efficientnet_b4,ILSVRC2012_val_00006980.JPEG,n04259630,808,787,0.09651654,0,imagenet_c,defocus_blur,1,none
efficientnet_b4,ILSVRC2012_val_00008170.JPEG,n04259630,808,642,0.1692985,0,imagenet_c,defocus_blur,1,none
efficientnet_b4,ILSVRC2012_val_00010377.JPEG,n04259630,808,515,0.19412923,0,imagenet_c,defocus_blur,1,none
efficientnet_b4,ILSVRC2012_val_00010453.JPEG,n04259630,808,808,0.6274656,1,imagenet_c,defocus_blur,1,none
efficientnet_b4,ILSVRC2012_val_00011542.JPEG,n04259630,808,653,0.44888008,0,imagenet_c,defocus_blur,1,none
efficientnet_b4,ILSVRC2012_val_00013087.JPEG,n04259630,808,808,0.66722995,1,imagenet_c,defocus_blur,1,none
efficientnet_b4,ILSVRC2012_val_00013276.JPEG,n04259630,808,515,0.23718889,0,imagenet_c,defocus_blur,1,none
efficientnet_b4,ILSVRC2012_val_00013340.JPEG,n04259630,808,415,0.20626846,0,imagenet_c,defocus_blur,1,none
efficientnet_b4,ILSVRC2012_val_00013978.JPEG,n04259630,808,808,0.42543742,1,imagenet_c,defocus_blur,1,none
efficientnet_b4,ILSVRC2012_val_00014144.JPEG,n04259630,808,513,0.17124863,0,imagenet_c,defocus_blur,1,none
efficientnet_b4,ILSVRC2012_val_00014823.JPEG,n04259630,808,808,0.47593838,1,imagenet_c,defocus_blur,1,none
efficientnet_b4,ILSVRC2012_val_00017078.JPEG,n04259630,808,808,0.1890884,1,imagenet_c,defocus_blur,1,none
efficientnet_b4,ILSVRC2012_val_00017596.JPEG,n04259630,808,808,0.61325026,1,imagenet_c,defocus_blur,1,none
efficientnet_b4,ILSVRC2012_val_00017706.JPEG,n04259630,808,808,0.23570296,1,imagenet_c,defocus_blur,1,none
efficientnet_b4,ILSVRC2012_val_00018053.JPEG,n04259630,808,808,0.42432895,1,imagenet_c,defocus_blur,1,none
efficientnet_b4,ILSVRC2012_val_00019015.JPEG,n04259630,808,808,0.38614783,1,imagenet_c,defocus_blur,1,none
efficientnet_b4,ILSVRC2012_val_00019159.JPEG,n04259630,808,808,0.65706784,1,imagenet_c,defocus_blur,1,none
efficientnet_b4,ILSVRC2012_val_00019264.JPEG,n04259630,808,87,0.19206785,0,imagenet_c,defocus_blur,1,none
efficientnet_b4,ILSVRC2012_val_00020420.JPEG,n04259630,808,808,0.56558925,1,imagenet_c,defocus_blur,1,none
efficientnet_b4,ILSVRC2012_val_00021791.JPEG,n04259630,808,236,0.20118287,0,imagenet_c,defocus_blur,1,none
efficientnet_b4,ILSVRC2012_val_00022117.JPEG,n04259630,808,509,0.14100206,0,imagenet_c,defocus_blur,1,none
efficientnet_b4,ILSVRC2012_val_00022268.JPEG,n04259630,808,808,0.66924185,1,imagenet_c,defocus_blur,1,none
efficientnet_b4,ILSVRC2012_val_00022855.JPEG,n04259630,808,808,0.5595763,1,imagenet_c,defocus_blur,1,none
efficientnet_b4,ILSVRC2012_val_00024333.JPEG,n04259630,808,808,0.45613757,1,imagenet_c,defocus_blur,1,none
efficientnet_b4,ILSVRC2012_val_00025763.JPEG,n04259630,808,522,0.0757841,0,imagenet_c,defocus_blur,1,none
efficientnet_b4,ILSVRC2012_val_00026779.JPEG,n04259630,808,808,0.13372572,1,imagenet_c,defocus_blur,1,none
efficientnet_b4,ILSVRC2012_val_00027111.JPEG,n04259630,808,787,0.07203145,0,imagenet_c,defocus_blur,1,none
efficientnet_b4,ILSVRC2012_val_00027685.JPEG,n04259630,808,808,0.6702117,1,imagenet_c,defocus_blur,1,none
efficientnet_b4,ILSVRC2012_val_00032255.JPEG,n04259630,808,808,0.2911031,1,imagenet_c,defocus_blur,1,none
efficientnet_b4,ILSVRC2012_val_00032722.JPEG,n04259630,808,808,0.40678477,1,imagenet_c,defocus_blur,1,none
efficientnet_b4,ILSVRC2012_val_00035937.JPEG,n04259630,808,808,0.5025226,1,imagenet_c,defocus_blur,1,none
efficientnet_b4,ILSVRC2012_val_00036481.JPEG,n04259630,808,612,0.06794817,0,imagenet_c,defocus_blur,1,none
efficientnet_b4,ILSVRC2012_val_00037401.JPEG,n04259630,808,808,0.11548171,1,imagenet_c,defocus_blur,1,none
efficientnet_b4,ILSVRC2012_val_00038743.JPEG,n04259630,808,808,0.6678617,1,imagenet_c,defocus_blur,1,none
efficientnet_b4,ILSVRC2012_val_00039664.JPEG,n04259630,808,552,0.70969,0,imagenet_c,defocus_blur,1,none
efficientnet_b4,ILSVRC2012_val_00040383.JPEG,n04259630,808,296,0.09296389,0,imagenet_c,defocus_blur,1,none
efficientnet_b4,ILSVRC2012_val_00040957.JPEG,n04259630,808,808,0.50876874,1,imagenet_c,defocus_blur,1,none
efficientnet_b4,ILSVRC2012_val_00043185.JPEG,n04259630,808,879,0.062404525,0,imagenet_c,defocus_blur,1,none
efficientnet_b4,ILSVRC2012_val_00044166.JPEG,n04259630,808,808,0.718606,1,imagenet_c,defocus_blur,1,none
efficientnet_b4,ILSVRC2012_val_00044472.JPEG,n04259630,808,515,0.4668104,0,imagenet_c,defocus_blur,1,none
efficientnet_b4,ILSVRC2012_val_00044965.JPEG,n04259630,808,808,0.10670023,1,imagenet_c,defocus_blur,1,none
efficientnet_b4,ILSVRC2012_val_00045264.JPEG,n04259630,808,808,0.8075854,1,imagenet_c,defocus_blur,1,none
efficientnet_b4,ILSVRC2012_val_00045907.JPEG,n04259630,808,731,0.26681414,0,imagenet_c,defocus_blur,1,none
efficientnet_b4,ILSVRC2012_val_00047616.JPEG,n04259630,808,808,0.3277527,1,imagenet_c,defocus_blur,1,none
efficientnet_b4,ILSVRC2012_val_00048568.JPEG,n04259630,808,808,0.14548823,1,imagenet_c,defocus_blur,1,none
efficientnet_b4,ILSVRC2012_val_00049518.JPEG,n04259630,808,808,0.076092795,1,imagenet_c,defocus_blur,1,none
efficientnet_b4,ILSVRC2012_val_00049528.JPEG,n04259630,808,808,0.6282901,1,imagenet_c,defocus_blur,1,none
efficientnet_b4,ILSVRC2012_val_00000004.JPEG,n04263257,809,809,0.14834084,1,imagenet_c,defocus_blur,1,none
efficientnet_b4,ILSVRC2012_val_00001296.JPEG,n04263257,809,925,0.27777734,0,imagenet_c,defocus_blur,1,none
efficientnet_b4,ILSVRC2012_val_00001361.JPEG,n04263257,809,925,0.24021089,0,imagenet_c,defocus_blur,1,none
efficientnet_b4,ILSVRC2012_val_00001790.JPEG,n04263257,809,809,0.30858195,1,imagenet_c,defocus_blur,1,none
efficientnet_b4,ILSVRC2012_val_00002204.JPEG,n04263257,809,968,0.117828846,0,imagenet_c,defocus_blur,1,none
efficientnet_b4,ILSVRC2012_val_00002540.JPEG,n04263257,809,925,0.31118864,0,imagenet_c,defocus_blur,1,none
efficientnet_b4,ILSVRC2012_val_00008511.JPEG,n04263257,809,925,0.7492197,0,imagenet_c,defocus_blur,1,none
efficientnet_b4,ILSVRC2012_val_00008514.JPEG,n04263257,809,959,0.18516567,0,imagenet_c,defocus_blur,1,none
efficientnet_b4,ILSVRC2012_val_00009658.JPEG,n04263257,809,809,0.3453056,1,imagenet_c,defocus_blur,1,none
efficientnet_b4,ILSVRC2012_val_00009869.JPEG,n04263257,809,926,0.2795294,0,imagenet_c,defocus_blur,1,none
efficientnet_b4,ILSVRC2012_val_00011619.JPEG,n04263257,809,969,0.3863518,0,imagenet_c,defocus_blur,1,none
efficientnet_b4,ILSVRC2012_val_00013717.JPEG,n04263257,809,964,0.27057266,0,imagenet_c,defocus_blur,1,none
efficientnet_b4,ILSVRC2012_val_00014670.JPEG,n04263257,809,809,0.44851843,1,imagenet_c,defocus_blur,1,none
efficientnet_b4,ILSVRC2012_val_00016290.JPEG,n04263257,809,925,0.6041064,0,imagenet_c,defocus_blur,1,none
efficientnet_b4,ILSVRC2012_val_00016692.JPEG,n04263257,809,809,0.22787882,1,imagenet_c,defocus_blur,1,none
efficientnet_b4,ILSVRC2012_val_00018765.JPEG,n04263257,809,925,0.2748054,0,imagenet_c,defocus_blur,1,none
efficientnet_b4,ILSVRC2012_val_00021570.JPEG,n04263257,809,809,0.2692151,1,imagenet_c,defocus_blur,1,none
efficientnet_b4,ILSVRC2012_val_00022648.JPEG,n04263257,809,651,0.07173361,0,imagenet_c,defocus_blur,1,none
efficientnet_b4,ILSVRC2012_val_00023082.JPEG,n04263257,809,551,0.30924234,0,imagenet_c,defocus_blur,1,none
efficientnet_b4,ILSVRC2012_val_00023205.JPEG,n04263257,809,809,0.35910305,1,imagenet_c,defocus_blur,1,none
efficientnet_b4,ILSVRC2012_val_00023937.JPEG,n04263257,809,809,0.38888267,1,imagenet_c,defocus_blur,1,none
efficientnet_b4,ILSVRC2012_val_00024365.JPEG,n04263257,809,925,0.19252299,0,imagenet_c,defocus_blur,1,none
efficientnet_b4,ILSVRC2012_val_00024614.JPEG,n04263257,809,551,0.20875871,0,imagenet_c,defocus_blur,1,none
efficientnet_b4,ILSVRC2012_val_00024667.JPEG,n04263257,809,925,0.55838585,0,imagenet_c,defocus_blur,1,none
efficientnet_b4,ILSVRC2012_val_00024876.JPEG,n04263257,809,925,0.6904324,0,imagenet_c,defocus_blur,1,none
efficientnet_b4,ILSVRC2012_val_00025811.JPEG,n04263257,809,959,0.43264145,0,imagenet_c,defocus_blur,1,none
efficientnet_b4,ILSVRC2012_val_00026433.JPEG,n04263257,809,809,0.3377035,1,imagenet_c,defocus_blur,1,none
efficientnet_b4,ILSVRC2012_val_00027326.JPEG,n04263257,809,925,0.27122667,0,imagenet_c,defocus_blur,1,none
efficientnet_b4,ILSVRC2012_val_00029821.JPEG,n04263257,809,926,0.42292336,0,imagenet_c,defocus_blur,1,none
efficientnet_b4,ILSVRC2012_val_00030632.JPEG,n04263257,809,925,0.2754425,0,imagenet_c,defocus_blur,1,none
efficientnet_b4,ILSVRC2012_val_00030957.JPEG,n04263257,809,926,0.51508546,0,imagenet_c,defocus_blur,1,none
efficientnet_b4,ILSVRC2012_val_00032427.JPEG,n04263257,809,967,0.33515736,0,imagenet_c,defocus_blur,1,none
efficientnet_b4,ILSVRC2012_val_00033622.JPEG,n04263257,809,925,0.37488744,0,imagenet_c,defocus_blur,1,none
efficientnet_b4,ILSVRC2012_val_00034989.JPEG,n04263257,809,969,0.28054956,0,imagenet_c,defocus_blur,1,none
efficientnet_b4,ILSVRC2012_val_00037162.JPEG,n04263257,809,926,0.1203208,0,imagenet_c,defocus_blur,1,none
efficientnet_b4,ILSVRC2012_val_00037205.JPEG,n04263257,809,924,0.0966966,0,imagenet_c,defocus_blur,1,none
efficientnet_b4,ILSVRC2012_val_00038264.JPEG,n04263257,809,924,0.30039626,0,imagenet_c,defocus_blur,1,none
efficientnet_b4,ILSVRC2012_val_00038858.JPEG,n04263257,809,942,0.15768802,0,imagenet_c,defocus_blur,1,none
efficientnet_b4,ILSVRC2012_val_00040184.JPEG,n04263257,809,927,0.28381598,0,imagenet_c,defocus_blur,1,none
efficientnet_b4,ILSVRC2012_val_00040481.JPEG,n04263257,809,924,0.14065672,0,imagenet_c,defocus_blur,1,none
efficientnet_b4,ILSVRC2012_val_00040646.JPEG,n04263257,809,968,0.13530023,0,imagenet_c,defocus_blur,1,none
efficientnet_b4,ILSVRC2012_val_00041729.JPEG,n04263257,809,729,0.08381839,0,imagenet_c,defocus_blur,1,none
efficientnet_b4,ILSVRC2012_val_00041822.JPEG,n04263257,809,809,0.39117494,1,imagenet_c,defocus_blur,1,none
efficientnet_b4,ILSVRC2012_val_00042560.JPEG,n04263257,809,925,0.15143526,0,imagenet_c,defocus_blur,1,none
efficientnet_b4,ILSVRC2012_val_00042927.JPEG,n04263257,809,909,0.10119862,0,imagenet_c,defocus_blur,1,none
efficientnet_b4,ILSVRC2012_val_00043587.JPEG,n04263257,809,969,0.15047395,0,imagenet_c,defocus_blur,1,none
efficientnet_b4,ILSVRC2012_val_00044538.JPEG,n04263257,809,659,0.42496032,0,imagenet_c,defocus_blur,1,none
efficientnet_b4,ILSVRC2012_val_00044731.JPEG,n04263257,809,926,0.5816551,0,imagenet_c,defocus_blur,1,none
efficientnet_b4,ILSVRC2012_val_00045097.JPEG,n04263257,809,969,0.21374182,0,imagenet_c,defocus_blur,1,none
efficientnet_b4,ILSVRC2012_val_00045099.JPEG,n04263257,809,926,0.40180174,0,imagenet_c,defocus_blur,1,none
efficientnet_b4,ILSVRC2012_val_00001672.JPEG,n04264628,810,810,0.3861816,1,imagenet_c,defocus_blur,1,none
efficientnet_b4,ILSVRC2012_val_00001922.JPEG,n04264628,810,810,0.32251382,1,imagenet_c,defocus_blur,1,none
efficientnet_b4,ILSVRC2012_val_00002133.JPEG,n04264628,810,810,0.602211,1,imagenet_c,defocus_blur,1,none
efficientnet_b4,ILSVRC2012_val_00002607.JPEG,n04264628,810,526,0.12641783,0,imagenet_c,defocus_blur,1,none
efficientnet_b4,ILSVRC2012_val_00005029.JPEG,n04264628,810,810,0.35224438,1,imagenet_c,defocus_blur,1,none
efficientnet_b4,ILSVRC2012_val_00006598.JPEG,n04264628,810,527,0.76997244,0,imagenet_c,defocus_blur,1,none
efficientnet_b4,ILSVRC2012_val_00006994.JPEG,n04264628,810,810,0.514379,1,imagenet_c,defocus_blur,1,none
efficientnet_b4,ILSVRC2012_val_00007316.JPEG,n04264628,810,810,0.33279595,1,imagenet_c,defocus_blur,1,none
efficientnet_b4,ILSVRC2012_val_00008260.JPEG,n04264628,810,810,0.26280704,1,imagenet_c,defocus_blur,1,none
efficientnet_b4,ILSVRC2012_val_00010159.JPEG,n04264628,810,508,0.14988594,0,imagenet_c,defocus_blur,1,none
efficientnet_b4,ILSVRC2012_val_00012461.JPEG,n04264628,810,810,0.46935442,1,imagenet_c,defocus_blur,1,none
efficientnet_b4,ILSVRC2012_val_00013786.JPEG,n04264628,810,810,0.35459924,1,imagenet_c,defocus_blur,1,none
efficientnet_b4,ILSVRC2012_val_00014122.JPEG,n04264628,810,810,0.1048709,1,imagenet_c,defocus_blur,1,none
efficientnet_b4,ILSVRC2012_val_00014491.JPEG,n04264628,810,508,0.2404146,0,imagenet_c,defocus_blur,1,none
efficientnet_b4,ILSVRC2012_val_00016803.JPEG,n04264628,810,508,0.19704542,0,imagenet_c,defocus_blur,1,none
efficientnet_b4,ILSVRC2012_val_00018157.JPEG,n04264628,810,508,0.27174804,0,imagenet_c,defocus_blur,1,none
efficientnet_b4,ILSVRC2012_val_00019166.JPEG,n04264628,810,810,0.49712902,1,imagenet_c,defocus_blur,1,none
efficientnet_b4,ILSVRC2012_val_00019350.JPEG,n04264628,810,681,0.20070022,0,imagenet_c,defocus_blur,1,none
efficientnet_b4,ILSVRC2012_val_00020036.JPEG,n04264628,810,508,0.27830487,0,imagenet_c,defocus_blur,1,none
efficientnet_b4,ILSVRC2012_val_00022053.JPEG,n04264628,810,681,0.28545803,0,imagenet_c,defocus_blur,1,none
efficientnet_b4,ILSVRC2012_val_00023229.JPEG,n04264628,810,810,0.36203006,1,imagenet_c,defocus_blur,1,none
efficientnet_b4,ILSVRC2012_val_00023822.JPEG,n04264628,810,810,0.45999172,1,imagenet_c,defocus_blur,1,none
efficientnet_b4,ILSVRC2012_val_00024441.JPEG,n04264628,810,810,0.5085948,1,imagenet_c,defocus_blur,1,none
efficientnet_b4,ILSVRC2012_val_00024474.JPEG,n04264628,810,681,0.19886467,0,imagenet_c,defocus_blur,1,none
efficientnet_b4,ILSVRC2012_val_00024899.JPEG,n04264628,810,673,0.22202432,0,imagenet_c,defocus_blur,1,none
efficientnet_b4,ILSVRC2012_val_00025138.JPEG,n04264628,810,590,0.48548356,0,imagenet_c,defocus_blur,1,none
efficientnet_b4,ILSVRC2012_val_00026369.JPEG,n04264628,810,810,0.5054533,1,imagenet_c,defocus_blur,1,none
efficientnet_b4,ILSVRC2012_val_00027171.JPEG,n04264628,810,673,0.071797065,0,imagenet_c,defocus_blur,1,none
efficientnet_b4,ILSVRC2012_val_00027566.JPEG,n04264628,810,810,0.46348298,1,imagenet_c,defocus_blur,1,none
efficientnet_b4,ILSVRC2012_val_00028002.JPEG,n04264628,810,810,0.3075862,1,imagenet_c,defocus_blur,1,none
efficientnet_b4,ILSVRC2012_val_00029531.JPEG,n04264628,810,527,0.26202738,0,imagenet_c,defocus_blur,1,none
efficientnet_b4,ILSVRC2012_val_00029588.JPEG,n04264628,810,810,0.35062096,1,imagenet_c,defocus_blur,1,none
efficientnet_b4,ILSVRC2012_val_00030393.JPEG,n04264628,810,508,0.4626608,0,imagenet_c,defocus_blur,1,none
efficientnet_b4,ILSVRC2012_val_00030759.JPEG,n04264628,810,810,0.4363766,1,imagenet_c,defocus_blur,1,none
efficientnet_b4,ILSVRC2012_val_00031182.JPEG,n04264628,810,810,0.36548945,1,imagenet_c,defocus_blur,1,none
efficientnet_b4,ILSVRC2012_val_00031902.JPEG,n04264628,810,810,0.33943245,1,imagenet_c,defocus_blur,1,none
efficientnet_b4,ILSVRC2012_val_00032326.JPEG,n04264628,810,810,0.5151725,1,imagenet_c,defocus_blur,1,none
efficientnet_b4,ILSVRC2012_val_00032561.JPEG,n04264628,810,810,0.4472978,1,imagenet_c,defocus_blur,1,none
efficientnet_b4,ILSVRC2012_val_00034714.JPEG,n04264628,810,810,0.33104378,1,imagenet_c,defocus_blur,1,none
efficientnet_b4,ILSVRC2012_val_00037839.JPEG,n04264628,810,810,0.47900832,1,imagenet_c,defocus_blur,1,none
efficientnet_b4,ILSVRC2012_val_00039155.JPEG,n04264628,810,810,0.40998185,1,imagenet_c,defocus_blur,1,none
efficientnet_b4,ILSVRC2012_val_00039462.JPEG,n04264628,810,810,0.41686544,1,imagenet_c,defocus_blur,1,none
efficientnet_b4,ILSVRC2012_val_00039816.JPEG,n04264628,810,810,0.55890596,1,imagenet_c,defocus_blur,1,none
efficientnet_b4,ILSVRC2012_val_00043429.JPEG,n04264628,810,508,0.20476384,0,imagenet_c,defocus_blur,1,none
efficientnet_b4,ILSVRC2012_val_00043547.JPEG,n04264628,810,810,0.60287756,1,imagenet_c,defocus_blur,1,none
efficientnet_b4,ILSVRC2012_val_00043621.JPEG,n04264628,810,810,0.1884455,1,imagenet_c,defocus_blur,1,none
efficientnet_b4,ILSVRC2012_val_00044098.JPEG,n04264628,810,613,0.09062042,0,imagenet_c,defocus_blur,1,none
efficientnet_b4,ILSVRC2012_val_00045073.JPEG,n04264628,810,681,0.3201513,0,imagenet_c,defocus_blur,1,none
efficientnet_b4,ILSVRC2012_val_00047506.JPEG,n04264628,810,620,0.19650343,0,imagenet_c,defocus_blur,1,none
efficientnet_b4,ILSVRC2012_val_00049243.JPEG,n04264628,810,810,0.30481434,1,imagenet_c,defocus_blur,1,none
efficientnet_b4,ILSVRC2012_val_00004382.JPEG,n04265275,811,811,0.84527236,1,imagenet_c,defocus_blur,1,none
efficientnet_b4,ILSVRC2012_val_00004635.JPEG,n04265275,811,518,0.43281558,0,imagenet_c,defocus_blur,1,none
efficientnet_b4,ILSVRC2012_val_00007228.JPEG,n04265275,811,600,0.16203916,0,imagenet_c,defocus_blur,1,none
efficientnet_b4,ILSVRC2012_val_00008244.JPEG,n04265275,811,720,0.18599984,0,imagenet_c,defocus_blur,1,none
efficientnet_b4,ILSVRC2012_val_00008398.JPEG,n04265275,811,618,0.036706373,0,imagenet_c,defocus_blur,1,none
efficientnet_b4,ILSVRC2012_val_00009031.JPEG,n04265275,811,811,0.87454164,1,imagenet_c,defocus_blur,1,none
efficientnet_b4,ILSVRC2012_val_00009962.JPEG,n04265275,811,811,0.75599486,1,imagenet_c,defocus_blur,1,none
efficientnet_b4,ILSVRC2012_val_00011628.JPEG,n04265275,811,811,0.7775451,1,imagenet_c,defocus_blur,1,none
efficientnet_b4,ILSVRC2012_val_00013439.JPEG,n04265275,811,811,0.12979563,1,imagenet_c,defocus_blur,1,none
efficientnet_b4,ILSVRC2012_val_00014737.JPEG,n04265275,811,811,0.66156954,1,imagenet_c,defocus_blur,1,none
efficientnet_b4,ILSVRC2012_val_00015735.JPEG,n04265275,811,827,0.59277505,0,imagenet_c,defocus_blur,1,none
efficientnet_b4,ILSVRC2012_val_00015782.JPEG,n04265275,811,811,0.571881,1,imagenet_c,defocus_blur,1,none
efficientnet_b4,ILSVRC2012_val_00019452.JPEG,n04265275,811,811,0.5314997,1,imagenet_c,defocus_blur,1,none
efficientnet_b4,ILSVRC2012_val_00022558.JPEG,n04265275,811,753,0.28565654,0,imagenet_c,defocus_blur,1,none
efficientnet_b4,ILSVRC2012_val_00024097.JPEG,n04265275,811,530,0.21156764,0,imagenet_c,defocus_blur,1,none
efficientnet_b4,ILSVRC2012_val_00024838.JPEG,n04265275,811,811,0.42358947,1,imagenet_c,defocus_blur,1,none
efficientnet_b4,ILSVRC2012_val_00027568.JPEG,n04265275,811,811,0.47200325,1,imagenet_c,defocus_blur,1,none
efficientnet_b4,ILSVRC2012_val_00028294.JPEG,n04265275,811,811,0.40660974,1,imagenet_c,defocus_blur,1,none
efficientnet_b4,ILSVRC2012_val_00028508.JPEG,n04265275,811,613,0.0947129,0,imagenet_c,defocus_blur,1,none
efficientnet_b4,ILSVRC2012_val_00028998.JPEG,n04265275,811,811,0.4721092,1,imagenet_c,defocus_blur,1,none
efficientnet_b4,ILSVRC2012_val_00031079.JPEG,n04265275,811,762,0.027140178,0,imagenet_c,defocus_blur,1,none
efficientnet_b4,ILSVRC2012_val_00031966.JPEG,n04265275,811,811,0.635765,1,imagenet_c,defocus_blur,1,none
efficientnet_b4,ILSVRC2012_val_00031997.JPEG,n04265275,811,811,0.43115532,1,imagenet_c,defocus_blur,1,none
efficientnet_b4,ILSVRC2012_val_00033872.JPEG,n04265275,811,760,0.16388418,0,imagenet_c,defocus_blur,1,none
efficientnet_b4,ILSVRC2012_val_00034329.JPEG,n04265275,811,518,0.1017833,0,imagenet_c,defocus_blur,1,none
efficientnet_b4,ILSVRC2012_val_00034838.JPEG,n04265275,811,811,0.9066293,1,imagenet_c,defocus_blur,1,none
efficientnet_b4,ILSVRC2012_val_00035322.JPEG,n04265275,811,697,0.19820061,0,imagenet_c,defocus_blur,1,none
efficientnet_b4,ILSVRC2012_val_00036917.JPEG,n04265275,811,811,0.6468422,1,imagenet_c,defocus_blur,1,none
efficientnet_b4,ILSVRC2012_val_00036978.JPEG,n04265275,811,811,0.6654342,1,imagenet_c,defocus_blur,1,none
efficientnet_b4,ILSVRC2012_val_00037218.JPEG,n04265275,811,811,0.8108246,1,imagenet_c,defocus_blur,1,none
efficientnet_b4,ILSVRC2012_val_00037493.JPEG,n04265275,811,771,0.1962082,0,imagenet_c,defocus_blur,1,none
efficientnet_b4,ILSVRC2012_val_00037694.JPEG,n04265275,811,811,0.47660503,1,imagenet_c,defocus_blur,1,none
efficientnet_b4,ILSVRC2012_val_00039410.JPEG,n04265275,811,811,0.15355909,1,imagenet_c,defocus_blur,1,none
efficientnet_b4,ILSVRC2012_val_00040031.JPEG,n04265275,811,811,0.86009103,1,imagenet_c,defocus_blur,1,none
efficientnet_b4,ILSVRC2012_val_00041195.JPEG,n04265275,811,811,0.5442715,1,imagenet_c,defocus_blur,1,none
efficientnet_b4,ILSVRC2012_val_00041691.JPEG,n04265275,811,811,0.42022315,1,imagenet_c,defocus_blur,1,none
efficientnet_b4,ILSVRC2012_val_00042607.JPEG,n04265275,811,811,0.9594193,1,imagenet_c,defocus_blur,1,none
efficientnet_b4,ILSVRC2012_val_00042763.JPEG,n04265275,811,811,0.5793927,1,imagenet_c,defocus_blur,1,none
efficientnet_b4,ILSVRC2012_val_00044635.JPEG,n04265275,811,811,0.87509215,1,imagenet_c,defocus_blur,1,none
efficientnet_b4,ILSVRC2012_val_00044745.JPEG,n04265275,811,281,0.13955332,0,imagenet_c,defocus_blur,1,none
efficientnet_b4,ILSVRC2012_val_00045168.JPEG,n04265275,811,495,0.05498762,0,imagenet_c,defocus_blur,1,none
efficientnet_b4,ILSVRC2012_val_00045434.JPEG,n04265275,811,811,0.26304665,1,imagenet_c,defocus_blur,1,none
efficientnet_b4,ILSVRC2012_val_00045817.JPEG,n04265275,811,632,0.24807903,0,imagenet_c,defocus_blur,1,none
efficientnet_b4,ILSVRC2012_val_00046781.JPEG,n04265275,811,811,0.18907653,1,imagenet_c,defocus_blur,1,none
efficientnet_b4,ILSVRC2012_val_00047522.JPEG,n04265275,811,811,0.22668536,1,imagenet_c,defocus_blur,1,none
efficientnet_b4,ILSVRC2012_val_00047742.JPEG,n04265275,811,811,0.74590087,1,imagenet_c,defocus_blur,1,none
efficientnet_b4,ILSVRC2012_val_00048533.JPEG,n04265275,811,811,0.5389017,1,imagenet_c,defocus_blur,1,none
efficientnet_b4,ILSVRC2012_val_00048836.JPEG,n04265275,811,753,0.24049652,0,imagenet_c,defocus_blur,1,none
efficientnet_b4,ILSVRC2012_val_00049104.JPEG,n04265275,811,811,0.84264535,1,imagenet_c,defocus_blur,1,none
efficientnet_b4,ILSVRC2012_val_00049659.JPEG,n04265275,811,811,0.37898806,1,imagenet_c,defocus_blur,1,none
efficientnet_b4,ILSVRC2012_val_00000559.JPEG,n04266014,812,812,0.4618055,1,imagenet_c,defocus_blur,1,none
efficientnet_b4,ILSVRC2012_val_00001795.JPEG,n04266014,812,812,0.54498225,1,imagenet_c,defocus_blur,1,none
efficientnet_b4,ILSVRC2012_val_00003073.JPEG,n04266014,812,812,0.4321301,1,imagenet_c,defocus_blur,1,none
efficientnet_b4,ILSVRC2012_val_00004703.JPEG,n04266014,812,812,0.47787532,1,imagenet_c,defocus_blur,1,none
efficientnet_b4,ILSVRC2012_val_00005204.JPEG,n04266014,812,812,0.5030895,1,imagenet_c,defocus_blur,1,none
efficientnet_b4,ILSVRC2012_val_00005402.JPEG,n04266014,812,812,0.33896315,1,imagenet_c,defocus_blur,1,none
efficientnet_b4,ILSVRC2012_val_00005531.JPEG,n04266014,812,812,0.25829366,1,imagenet_c,defocus_blur,1,none
efficientnet_b4,ILSVRC2012_val_00005787.JPEG,n04266014,812,812,0.31480238,1,imagenet_c,defocus_blur,1,none
efficientnet_b4,ILSVRC2012_val_00005822.JPEG,n04266014,812,812,0.25359452,1,imagenet_c,defocus_blur,1,none
efficientnet_b4,ILSVRC2012_val_00009277.JPEG,n04266014,812,812,0.57862747,1,imagenet_c,defocus_blur,1,none
efficientnet_b4,ILSVRC2012_val_00011708.JPEG,n04266014,812,812,0.42953837,1,imagenet_c,defocus_blur,1,none
efficientnet_b4,ILSVRC2012_val_00012098.JPEG,n04266014,812,812,0.5105641,1,imagenet_c,defocus_blur,1,none
efficientnet_b4,ILSVRC2012_val_00013688.JPEG,n04266014,812,812,0.89700425,1,imagenet_c,defocus_blur,1,none
efficientnet_b4,ILSVRC2012_val_00014262.JPEG,n04266014,812,812,0.5146499,1,imagenet_c,defocus_blur,1,none
efficientnet_b4,ILSVRC2012_val_00014979.JPEG,n04266014,812,812,0.5373522,1,imagenet_c,defocus_blur,1,none
efficientnet_b4,ILSVRC2012_val_00017632.JPEG,n04266014,812,812,0.56580365,1,imagenet_c,defocus_blur,1,none
efficientnet_b4,ILSVRC2012_val_00020130.JPEG,n04266014,812,405,0.23507637,0,imagenet_c,defocus_blur,1,none
efficientnet_b4,ILSVRC2012_val_00020519.JPEG,n04266014,812,812,0.4542399,1,imagenet_c,defocus_blur,1,none
efficientnet_b4,ILSVRC2012_val_00021037.JPEG,n04266014,812,812,0.6967753,1,imagenet_c,defocus_blur,1,none
efficientnet_b4,ILSVRC2012_val_00021759.JPEG,n04266014,812,812,0.45822743,1,imagenet_c,defocus_blur,1,none
efficientnet_b4,ILSVRC2012_val_00023257.JPEG,n04266014,812,812,0.5078892,1,imagenet_c,defocus_blur,1,none
efficientnet_b4,ILSVRC2012_val_00025238.JPEG,n04266014,812,812,0.37514573,1,imagenet_c,defocus_blur,1,none
efficientnet_b4,ILSVRC2012_val_00025483.JPEG,n04266014,812,812,0.44705918,1,imagenet_c,defocus_blur,1,none
efficientnet_b4,ILSVRC2012_val_00026336.JPEG,n04266014,812,812,0.48004228,1,imagenet_c,defocus_blur,1,none
efficientnet_b4,ILSVRC2012_val_00026581.JPEG,n04266014,812,812,0.44477794,1,imagenet_c,defocus_blur,1,none
efficientnet_b4,ILSVRC2012_val_00027853.JPEG,n04266014,812,812,0.1544636,1,imagenet_c,defocus_blur,1,none
efficientnet_b4,ILSVRC2012_val_00028211.JPEG,n04266014,812,812,0.7316819,1,imagenet_c,defocus_blur,1,none
efficientnet_b4,ILSVRC2012_val_00028835.JPEG,n04266014,812,812,0.2988073,1,imagenet_c,defocus_blur,1,none
efficientnet_b4,ILSVRC2012_val_00029823.JPEG,n04266014,812,812,0.37730247,1,imagenet_c,defocus_blur,1,none
efficientnet_b4,ILSVRC2012_val_00032671.JPEG,n04266014,812,812,0.66596574,1,imagenet_c,defocus_blur,1,none
efficientnet_b4,ILSVRC2012_val_00033013.JPEG,n04266014,812,812,0.47332305,1,imagenet_c,defocus_blur,1,none
efficientnet_b4,ILSVRC2012_val_00034335.JPEG,n04266014,812,744,0.25808048,0,imagenet_c,defocus_blur,1,none
efficientnet_b4,ILSVRC2012_val_00034371.JPEG,n04266014,812,812,0.52719766,1,imagenet_c,defocus_blur,1,none
efficientnet_b4,ILSVRC2012_val_00036730.JPEG,n04266014,812,812,0.42021537,1,imagenet_c,defocus_blur,1,none
efficientnet_b4,ILSVRC2012_val_00037621.JPEG,n04266014,812,812,0.26921126,1,imagenet_c,defocus_blur,1,none
efficientnet_b4,ILSVRC2012_val_00038612.JPEG,n04266014,812,812,0.64736193,1,imagenet_c,defocus_blur,1,none
efficientnet_b4,ILSVRC2012_val_00039273.JPEG,n04266014,812,812,0.3782044,1,imagenet_c,defocus_blur,1,none
efficientnet_b4,ILSVRC2012_val_00039643.JPEG,n04266014,812,975,0.073579155,0,imagenet_c,defocus_blur,1,none
efficientnet_b4,ILSVRC2012_val_00040020.JPEG,n04266014,812,812,0.35726225,1,imagenet_c,defocus_blur,1,none
efficientnet_b4,ILSVRC2012_val_00042501.JPEG,n04266014,812,812,0.48738208,1,imagenet_c,defocus_blur,1,none
efficientnet_b4,ILSVRC2012_val_00044382.JPEG,n04266014,812,812,0.47951424,1,imagenet_c,defocus_blur,1,none
efficientnet_b4,ILSVRC2012_val_00045801.JPEG,n04266014,812,812,0.4157372,1,imagenet_c,defocus_blur,1,none
efficientnet_b4,ILSVRC2012_val_00046484.JPEG,n04266014,812,812,0.511401,1,imagenet_c,defocus_blur,1,none
efficientnet_b4,ILSVRC2012_val_00046929.JPEG,n04266014,812,812,0.6314467,1,imagenet_c,defocus_blur,1,none
efficientnet_b4,ILSVRC2012_val_00048161.JPEG,n04266014,812,744,0.22167885,0,imagenet_c,defocus_blur,1,none
efficientnet_b4,ILSVRC2012_val_00048263.JPEG,n04266014,812,812,0.8105778,1,imagenet_c,defocus_blur,1,none
efficientnet_b4,ILSVRC2012_val_00049610.JPEG,n04266014,812,812,0.4123363,1,imagenet_c,defocus_blur,1,none
efficientnet_b4,ILSVRC2012_val_00049718.JPEG,n04266014,812,812,0.6664093,1,imagenet_c,defocus_blur,1,none
efficientnet_b4,ILSVRC2012_val_00049754.JPEG,n04266014,812,812,0.5828606,1,imagenet_c,defocus_blur,1,none
efficientnet_b4,ILSVRC2012_val_00049969.JPEG,n04266014,812,812,0.30435646,1,imagenet_c,defocus_blur,1,none
efficientnet_b4,ILSVRC2012_val_00001587.JPEG,n04270147,813,813,0.25073037,1,imagenet_c,defocus_blur,1,none
efficientnet_b4,ILSVRC2012_val_00002285.JPEG,n04270147,813,534,0.08985463,0,imagenet_c,defocus_blur,1,none
efficientnet_b4,ILSVRC2012_val_00003369.JPEG,n04270147,813,813,0.2733442,1,imagenet_c,defocus_blur,1,none
efficientnet_b4,ILSVRC2012_val_00004044.JPEG,n04270147,813,813,0.11560791,1,imagenet_c,defocus_blur,1,none
efficientnet_b4,ILSVRC2012_val_00005377.JPEG,n04270147,813,813,0.04919395,1,imagenet_c,defocus_blur,1,none
efficientnet_b4,ILSVRC2012_val_00006592.JPEG,n04270147,813,813,0.11437233,1,imagenet_c,defocus_blur,1,none
efficientnet_b4,ILSVRC2012_val_00008252.JPEG,n04270147,813,680,0.14658003,0,imagenet_c,defocus_blur,1,none
efficientnet_b4,ILSVRC2012_val_00008254.JPEG,n04270147,813,813,0.5469115,1,imagenet_c,defocus_blur,1,none
efficientnet_b4,ILSVRC2012_val_00012069.JPEG,n04270147,813,909,0.08887953,0,imagenet_c,defocus_blur,1,none
efficientnet_b4,ILSVRC2012_val_00012969.JPEG,n04270147,813,961,0.08414227,0,imagenet_c,defocus_blur,1,none
efficientnet_b4,ILSVRC2012_val_00013086.JPEG,n04270147,813,813,0.7211807,1,imagenet_c,defocus_blur,1,none
efficientnet_b4,ILSVRC2012_val_00013089.JPEG,n04270147,813,813,0.82218975,1,imagenet_c,defocus_blur,1,none
efficientnet_b4,ILSVRC2012_val_00013556.JPEG,n04270147,813,902,0.17788605,0,imagenet_c,defocus_blur,1,none
efficientnet_b4,ILSVRC2012_val_00015262.JPEG,n04270147,813,567,0.09810444,0,imagenet_c,defocus_blur,1,none
efficientnet_b4,ILSVRC2012_val_00015649.JPEG,n04270147,813,415,0.16093843,0,imagenet_c,defocus_blur,1,none
efficientnet_b4,ILSVRC2012_val_00016047.JPEG,n04270147,813,813,0.9138833,1,imagenet_c,defocus_blur,1,none
efficientnet_b4,ILSVRC2012_val_00016601.JPEG,n04270147,813,731,0.51141727,0,imagenet_c,defocus_blur,1,none
efficientnet_b4,ILSVRC2012_val_00016879.JPEG,n04270147,813,731,0.110699736,0,imagenet_c,defocus_blur,1,none
efficientnet_b4,ILSVRC2012_val_00018321.JPEG,n04270147,813,940,0.047979865,0,imagenet_c,defocus_blur,1,none
efficientnet_b4,ILSVRC2012_val_00021865.JPEG,n04270147,813,813,0.2422109,1,imagenet_c,defocus_blur,1,none
efficientnet_b4,ILSVRC2012_val_00024034.JPEG,n04270147,813,813,0.30222598,1,imagenet_c,defocus_blur,1,none
efficientnet_b4,ILSVRC2012_val_00025022.JPEG,n04270147,813,534,0.08379891,0,imagenet_c,defocus_blur,1,none
efficientnet_b4,ILSVRC2012_val_00025816.JPEG,n04270147,813,813,0.087111175,1,imagenet_c,defocus_blur,1,none
efficientnet_b4,ILSVRC2012_val_00027279.JPEG,n04270147,813,813,0.63364726,1,imagenet_c,defocus_blur,1,none
efficientnet_b4,ILSVRC2012_val_00027349.JPEG,n04270147,813,618,0.06682206,0,imagenet_c,defocus_blur,1,none
efficientnet_b4,ILSVRC2012_val_00027594.JPEG,n04270147,813,813,0.20722617,1,imagenet_c,defocus_blur,1,none
efficientnet_b4,ILSVRC2012_val_00028272.JPEG,n04270147,813,461,0.102761984,0,imagenet_c,defocus_blur,1,none
efficientnet_b4,ILSVRC2012_val_00028618.JPEG,n04270147,813,618,0.3133664,0,imagenet_c,defocus_blur,1,none
efficientnet_b4,ILSVRC2012_val_00031162.JPEG,n04270147,813,399,0.44544142,0,imagenet_c,defocus_blur,1,none
efficientnet_b4,ILSVRC2012_val_00031848.JPEG,n04270147,813,813,0.86393267,1,imagenet_c,defocus_blur,1,none
efficientnet_b4,ILSVRC2012_val_00032673.JPEG,n04270147,813,473,0.19447275,0,imagenet_c,defocus_blur,1,none
efficientnet_b4,ILSVRC2012_val_00034977.JPEG,n04270147,813,710,0.16998084,0,imagenet_c,defocus_blur,1,none
efficientnet_b4,ILSVRC2012_val_00037074.JPEG,n04270147,813,813,0.079020895,1,imagenet_c,defocus_blur,1,none
efficientnet_b4,ILSVRC2012_val_00038806.JPEG,n04270147,813,925,0.2983563,0,imagenet_c,defocus_blur,1,none
efficientnet_b4,ILSVRC2012_val_00038978.JPEG,n04270147,813,910,0.42130786,0,imagenet_c,defocus_blur,1,none
efficientnet_b4,ILSVRC2012_val_00038983.JPEG,n04270147,813,909,0.29738852,0,imagenet_c,defocus_blur,1,none
efficientnet_b4,ILSVRC2012_val_00039016.JPEG,n04270147,813,813,0.36359033,1,imagenet_c,defocus_blur,1,none
efficientnet_b4,ILSVRC2012_val_00039375.JPEG,n04270147,813,618,0.3082281,0,imagenet_c,defocus_blur,1,none
efficientnet_b4,ILSVRC2012_val_00039725.JPEG,n04270147,813,813,0.13217749,1,imagenet_c,defocus_blur,1,none
efficientnet_b4,ILSVRC2012_val_00039871.JPEG,n04270147,813,956,0.30062205,0,imagenet_c,defocus_blur,1,none
efficientnet_b4,ILSVRC2012_val_00040022.JPEG,n04270147,813,567,0.29239494,0,imagenet_c,defocus_blur,1,none
efficientnet_b4,ILSVRC2012_val_00040093.JPEG,n04270147,813,642,0.12359245,0,imagenet_c,defocus_blur,1,none
efficientnet_b4,ILSVRC2012_val_00041113.JPEG,n04270147,813,790,0.11074444,0,imagenet_c,defocus_blur,1,none
efficientnet_b4,ILSVRC2012_val_00044421.JPEG,n04270147,813,813,0.7847726,1,imagenet_c,defocus_blur,1,none
efficientnet_b4,ILSVRC2012_val_00045450.JPEG,n04270147,813,813,0.8967916,1,imagenet_c,defocus_blur,1,none
efficientnet_b4,ILSVRC2012_val_00045750.JPEG,n04270147,813,960,0.46157637,0,imagenet_c,defocus_blur,1,none
efficientnet_b4,ILSVRC2012_val_00047511.JPEG,n04270147,813,618,0.18241872,0,imagenet_c,defocus_blur,1,none
efficientnet_b4,ILSVRC2012_val_00047766.JPEG,n04270147,813,813,0.15804665,1,imagenet_c,defocus_blur,1,none
efficientnet_b4,ILSVRC2012_val_00048209.JPEG,n04270147,813,726,0.04507945,0,imagenet_c,defocus_blur,1,none
efficientnet_b4,ILSVRC2012_val_00049955.JPEG,n04270147,813,600,0.22093262,0,imagenet_c,defocus_blur,1,none
efficientnet_b4,ILSVRC2012_val_00000901.JPEG,n04273569,814,814,0.68615204,1,imagenet_c,defocus_blur,1,none
efficientnet_b4,ILSVRC2012_val_00001204.JPEG,n04273569,814,814,0.54309154,1,imagenet_c,defocus_blur,1,none
efficientnet_b4,ILSVRC2012_val_00002696.JPEG,n04273569,814,814,0.549949,1,imagenet_c,defocus_blur,1,none
efficientnet_b4,ILSVRC2012_val_00004636.JPEG,n04273569,814,814,0.4689756,1,imagenet_c,defocus_blur,1,none
efficientnet_b4,ILSVRC2012_val_00005371.JPEG,n04273569,814,814,0.44475067,1,imagenet_c,defocus_blur,1,none
efficientnet_b4,ILSVRC2012_val_00007275.JPEG,n04273569,814,814,0.58384985,1,imagenet_c,defocus_blur,1,none
efficientnet_b4,ILSVRC2012_val_00007310.JPEG,n04273569,814,814,0.7309178,1,imagenet_c,defocus_blur,1,none
efficientnet_b4,ILSVRC2012_val_00007911.JPEG,n04273569,814,814,0.5261201,1,imagenet_c,defocus_blur,1,none
efficientnet_b4,ILSVRC2012_val_00008080.JPEG,n04273569,814,814,0.44846913,1,imagenet_c,defocus_blur,1,none
efficientnet_b4,ILSVRC2012_val_00008630.JPEG,n04273569,814,814,0.49893677,1,imagenet_c,defocus_blur,1,none
efficientnet_b4,ILSVRC2012_val_00009927.JPEG,n04273569,814,814,0.39360973,1,imagenet_c,defocus_blur,1,none
efficientnet_b4,ILSVRC2012_val_00010190.JPEG,n04273569,814,814,0.507714,1,imagenet_c,defocus_blur,1,none
efficientnet_b4,ILSVRC2012_val_00011107.JPEG,n04273569,814,814,0.6686048,1,imagenet_c,defocus_blur,1,none
efficientnet_b4,ILSVRC2012_val_00012550.JPEG,n04273569,814,814,0.64991987,1,imagenet_c,defocus_blur,1,none
efficientnet_b4,ILSVRC2012_val_00014242.JPEG,n04273569,814,814,0.65544736,1,imagenet_c,defocus_blur,1,none
efficientnet_b4,ILSVRC2012_val_00014274.JPEG,n04273569,814,814,0.69841933,1,imagenet_c,defocus_blur,1,none
efficientnet_b4,ILSVRC2012_val_00014454.JPEG,n04273569,814,814,0.39680955,1,imagenet_c,defocus_blur,1,none
efficientnet_b4,ILSVRC2012_val_00018893.JPEG,n04273569,814,814,0.35801464,1,imagenet_c,defocus_blur,1,none
efficientnet_b4,ILSVRC2012_val_00019970.JPEG,n04273569,814,814,0.6264188,1,imagenet_c,defocus_blur,1,none
efficientnet_b4,ILSVRC2012_val_00020353.JPEG,n04273569,814,814,0.5955908,1,imagenet_c,defocus_blur,1,none
efficientnet_b4,ILSVRC2012_val_00020732.JPEG,n04273569,814,814,0.50148576,1,imagenet_c,defocus_blur,1,none
efficientnet_b4,ILSVRC2012_val_00020894.JPEG,n04273569,814,814,0.61465764,1,imagenet_c,defocus_blur,1,none
efficientnet_b4,ILSVRC2012_val_00021647.JPEG,n04273569,814,814,0.5974704,1,imagenet_c,defocus_blur,1,none
efficientnet_b4,ILSVRC2012_val_00022635.JPEG,n04273569,814,814,0.25992513,1,imagenet_c,defocus_blur,1,none
efficientnet_b4,ILSVRC2012_val_00022760.JPEG,n04273569,814,814,0.6179867,1,imagenet_c,defocus_blur,1,none
efficientnet_b4,ILSVRC2012_val_00023545.JPEG,n04273569,814,814,0.53430474,1,imagenet_c,defocus_blur,1,none
efficientnet_b4,ILSVRC2012_val_00024141.JPEG,n04273569,814,814,0.5554656,1,imagenet_c,defocus_blur,1,none
efficientnet_b4,ILSVRC2012_val_00026741.JPEG,n04273569,814,814,0.6009529,1,imagenet_c,defocus_blur,1,none
efficientnet_b4,ILSVRC2012_val_00026763.JPEG,n04273569,814,814,0.6751703,1,imagenet_c,defocus_blur,1,none
efficientnet_b4,ILSVRC2012_val_00028541.JPEG,n04273569,814,814,0.61153036,1,imagenet_c,defocus_blur,1,none
efficientnet_b4,ILSVRC2012_val_00031072.JPEG,n04273569,814,814,0.62863594,1,imagenet_c,defocus_blur,1,none
efficientnet_b4,ILSVRC2012_val_00031397.JPEG,n04273569,814,814,0.38598534,1,imagenet_c,defocus_blur,1,none
efficientnet_b4,ILSVRC2012_val_00031708.JPEG,n04273569,814,403,0.1955026,0,imagenet_c,defocus_blur,1,none
efficientnet_b4,ILSVRC2012_val_00032833.JPEG,n04273569,814,814,0.08174837,1,imagenet_c,defocus_blur,1,none
efficientnet_b4,ILSVRC2012_val_00032860.JPEG,n04273569,814,814,0.24205786,1,imagenet_c,defocus_blur,1,none
efficientnet_b4,ILSVRC2012_val_00034468.JPEG,n04273569,814,111,0.28128013,0,imagenet_c,defocus_blur,1,none
efficientnet_b4,ILSVRC2012_val_00036660.JPEG,n04273569,814,814,0.45446345,1,imagenet_c,defocus_blur,1,none
efficientnet_b4,ILSVRC2012_val_00038450.JPEG,n04273569,814,914,0.15022089,0,imagenet_c,defocus_blur,1,none
efficientnet_b4,ILSVRC2012_val_00039041.JPEG,n04273569,814,814,0.3593983,1,imagenet_c,defocus_blur,1,none
efficientnet_b4,ILSVRC2012_val_00039954.JPEG,n04273569,814,814,0.4217316,1,imagenet_c,defocus_blur,1,none
efficientnet_b4,ILSVRC2012_val_00040212.JPEG,n04273569,814,814,0.42741355,1,imagenet_c,defocus_blur,1,none
efficientnet_b4,ILSVRC2012_val_00040734.JPEG,n04273569,814,625,0.51394904,0,imagenet_c,defocus_blur,1,none
efficientnet_b4,ILSVRC2012_val_00041179.JPEG,n04273569,814,814,0.11988044,1,imagenet_c,defocus_blur,1,none
efficientnet_b4,ILSVRC2012_val_00041800.JPEG,n04273569,814,814,0.5199037,1,imagenet_c,defocus_blur,1,none
efficientnet_b4,ILSVRC2012_val_00042203.JPEG,n04273569,814,814,0.3215015,1,imagenet_c,defocus_blur,1,none
efficientnet_b4,ILSVRC2012_val_00042675.JPEG,n04273569,814,814,0.5413506,1,imagenet_c,defocus_blur,1,none
efficientnet_b4,ILSVRC2012_val_00043492.JPEG,n04273569,814,814,0.3701993,1,imagenet_c,defocus_blur,1,none
efficientnet_b4,ILSVRC2012_val_00043946.JPEG,n04273569,814,814,0.51236415,1,imagenet_c,defocus_blur,1,none
efficientnet_b4,ILSVRC2012_val_00045916.JPEG,n04273569,814,814,0.536294,1,imagenet_c,defocus_blur,1,none
efficientnet_b4,ILSVRC2012_val_00047638.JPEG,n04273569,814,814,0.24110433,1,imagenet_c,defocus_blur,1,none
efficientnet_b4,ILSVRC2012_val_00002128.JPEG,n04275548,815,815,0.31271487,1,imagenet_c,defocus_blur,1,none
efficientnet_b4,ILSVRC2012_val_00005028.JPEG,n04275548,815,815,0.4696669,1,imagenet_c,defocus_blur,1,none
efficientnet_b4,ILSVRC2012_val_00007259.JPEG,n04275548,815,29,0.039331835,0,imagenet_c,defocus_blur,1,none
efficientnet_b4,ILSVRC2012_val_00008519.JPEG,n04275548,815,384,0.028559543,0,imagenet_c,defocus_blur,1,none
efficientnet_b4,ILSVRC2012_val_00008546.JPEG,n04275548,815,73,0.5971567,0,imagenet_c,defocus_blur,1,none
efficientnet_b4,ILSVRC2012_val_00009373.JPEG,n04275548,815,815,0.39963812,1,imagenet_c,defocus_blur,1,none
efficientnet_b4,ILSVRC2012_val_00009763.JPEG,n04275548,815,111,0.13090046,0,imagenet_c,defocus_blur,1,none
efficientnet_b4,ILSVRC2012_val_00009823.JPEG,n04275548,815,8,0.024248699,0,imagenet_c,defocus_blur,1,none
efficientnet_b4,ILSVRC2012_val_00010811.JPEG,n04275548,815,77,0.24388514,0,imagenet_c,defocus_blur,1,none
efficientnet_b4,ILSVRC2012_val_00011508.JPEG,n04275548,815,73,0.555159,0,imagenet_c,defocus_blur,1,none
efficientnet_b4,ILSVRC2012_val_00012305.JPEG,n04275548,815,815,0.5250097,1,imagenet_c,defocus_blur,1,none
efficientnet_b4,ILSVRC2012_val_00012897.JPEG,n04275548,815,73,0.55559766,0,imagenet_c,defocus_blur,1,none
efficientnet_b4,ILSVRC2012_val_00014968.JPEG,n04275548,815,844,0.02797001,0,imagenet_c,defocus_blur,1,none
efficientnet_b4,ILSVRC2012_val_00018633.JPEG,n04275548,815,815,0.3042095,1,imagenet_c,defocus_blur,1,none
efficientnet_b4,ILSVRC2012_val_00018751.JPEG,n04275548,815,720,0.26426613,0,imagenet_c,defocus_blur,1,none
efficientnet_b4,ILSVRC2012_val_00019295.JPEG,n04275548,815,577,0.18325834,0,imagenet_c,defocus_blur,1,none
efficientnet_b4,ILSVRC2012_val_00019618.JPEG,n04275548,815,815,0.22467835,1,imagenet_c,defocus_blur,1,none
efficientnet_b4,ILSVRC2012_val_00019649.JPEG,n04275548,815,815,0.47926074,1,imagenet_c,defocus_blur,1,none
efficientnet_b4,ILSVRC2012_val_00020733.JPEG,n04275548,815,83,0.048738092,0,imagenet_c,defocus_blur,1,none
efficientnet_b4,ILSVRC2012_val_00020974.JPEG,n04275548,815,84,0.078771345,0,imagenet_c,defocus_blur,1,none
efficientnet_b4,ILSVRC2012_val_00021471.JPEG,n04275548,815,815,0.23666435,1,imagenet_c,defocus_blur,1,none
efficientnet_b4,ILSVRC2012_val_00023532.JPEG,n04275548,815,73,0.10964504,0,imagenet_c,defocus_blur,1,none
efficientnet_b4,ILSVRC2012_val_00023544.JPEG,n04275548,815,73,0.4330088,0,imagenet_c,defocus_blur,1,none
efficientnet_b4,ILSVRC2012_val_00026078.JPEG,n04275548,815,815,0.39647886,1,imagenet_c,defocus_blur,1,none
efficientnet_b4,ILSVRC2012_val_00028350.JPEG,n04275548,815,73,0.64270204,0,imagenet_c,defocus_blur,1,none
efficientnet_b4,ILSVRC2012_val_00028709.JPEG,n04275548,815,815,0.40237027,1,imagenet_c,defocus_blur,1,none
efficientnet_b4,ILSVRC2012_val_00029580.JPEG,n04275548,815,73,0.4561001,0,imagenet_c,defocus_blur,1,none
efficientnet_b4,ILSVRC2012_val_00031773.JPEG,n04275548,815,815,0.5559525,1,imagenet_c,defocus_blur,1,none
efficientnet_b4,ILSVRC2012_val_00033227.JPEG,n04275548,815,825,0.025777958,0,imagenet_c,defocus_blur,1,none
efficientnet_b4,ILSVRC2012_val_00035058.JPEG,n04275548,815,58,0.050606348,0,imagenet_c,defocus_blur,1,none
efficientnet_b4,ILSVRC2012_val_00035311.JPEG,n04275548,815,384,0.037627712,0,imagenet_c,defocus_blur,1,none
efficientnet_b4,ILSVRC2012_val_00036086.JPEG,n04275548,815,73,0.3366994,0,imagenet_c,defocus_blur,1,none
efficientnet_b4,ILSVRC2012_val_00036672.JPEG,n04275548,815,114,0.16322242,0,imagenet_c,defocus_blur,1,none
efficientnet_b4,ILSVRC2012_val_00038200.JPEG,n04275548,815,815,0.6497563,1,imagenet_c,defocus_blur,1,none
efficientnet_b4,ILSVRC2012_val_00038930.JPEG,n04275548,815,815,0.15259723,1,imagenet_c,defocus_blur,1,none
efficientnet_b4,ILSVRC2012_val_00039054.JPEG,n04275548,815,815,0.3751497,1,imagenet_c,defocus_blur,1,none
efficientnet_b4,ILSVRC2012_val_00039431.JPEG,n04275548,815,376,0.04188681,0,imagenet_c,defocus_blur,1,none
efficientnet_b4,ILSVRC2012_val_00040081.JPEG,n04275548,815,815,0.07185596,1,imagenet_c,defocus_blur,1,none
efficientnet_b4,ILSVRC2012_val_00040594.JPEG,n04275548,815,73,0.114047356,0,imagenet_c,defocus_blur,1,none
efficientnet_b4,ILSVRC2012_val_00041309.JPEG,n04275548,815,73,0.6350952,0,imagenet_c,defocus_blur,1,none
efficientnet_b4,ILSVRC2012_val_00042422.JPEG,n04275548,815,815,0.5083795,1,imagenet_c,defocus_blur,1,none
efficientnet_b4,ILSVRC2012_val_00043164.JPEG,n04275548,815,475,0.5579,0,imagenet_c,defocus_blur,1,none
efficientnet_b4,ILSVRC2012_val_00045297.JPEG,n04275548,815,815,0.25787422,1,imagenet_c,defocus_blur,1,none
efficientnet_b4,ILSVRC2012_val_00045648.JPEG,n04275548,815,73,0.40229094,0,imagenet_c,defocus_blur,1,none
efficientnet_b4,ILSVRC2012_val_00045949.JPEG,n04275548,815,9,0.025275806,0,imagenet_c,defocus_blur,1,none
efficientnet_b4,ILSVRC2012_val_00046667.JPEG,n04275548,815,815,0.5490577,1,imagenet_c,defocus_blur,1,none
efficientnet_b4,ILSVRC2012_val_00046830.JPEG,n04275548,815,72,0.3394866,0,imagenet_c,defocus_blur,1,none
efficientnet_b4,ILSVRC2012_val_00048313.JPEG,n04275548,815,815,0.10697624,1,imagenet_c,defocus_blur,1,none
efficientnet_b4,ILSVRC2012_val_00048690.JPEG,n04275548,815,815,0.3413259,1,imagenet_c,defocus_blur,1,none
efficientnet_b4,ILSVRC2012_val_00049091.JPEG,n04275548,815,904,0.032858714,0,imagenet_c,defocus_blur,1,none
efficientnet_b4,ILSVRC2012_val_00000349.JPEG,n04277352,816,816,0.38504416,1,imagenet_c,defocus_blur,1,none
efficientnet_b4,ILSVRC2012_val_00001240.JPEG,n04277352,816,816,0.5113645,1,imagenet_c,defocus_blur,1,none
efficientnet_b4,ILSVRC2012_val_00001657.JPEG,n04277352,816,816,0.44723895,1,imagenet_c,defocus_blur,1,none
efficientnet_b4,ILSVRC2012_val_00001759.JPEG,n04277352,816,816,0.43387684,1,imagenet_c,defocus_blur,1,none
efficientnet_b4,ILSVRC2012_val_00002793.JPEG,n04277352,816,816,0.24498421,1,imagenet_c,defocus_blur,1,none
efficientnet_b4,ILSVRC2012_val_00003126.JPEG,n04277352,816,644,0.24970073,0,imagenet_c,defocus_blur,1,none
efficientnet_b4,ILSVRC2012_val_00003535.JPEG,n04277352,816,641,0.17618382,0,imagenet_c,defocus_blur,1,none
efficientnet_b4,ILSVRC2012_val_00004080.JPEG,n04277352,816,623,0.11386065,0,imagenet_c,defocus_blur,1,none
efficientnet_b4,ILSVRC2012_val_00006016.JPEG,n04277352,816,816,0.5537589,1,imagenet_c,defocus_blur,1,none
efficientnet_b4,ILSVRC2012_val_00006163.JPEG,n04277352,816,784,0.6333541,0,imagenet_c,defocus_blur,1,none
efficientnet_b4,ILSVRC2012_val_00006548.JPEG,n04277352,816,816,0.46942738,1,imagenet_c,defocus_blur,1,none
efficientnet_b4,ILSVRC2012_val_00006684.JPEG,n04277352,816,816,0.5575007,1,imagenet_c,defocus_blur,1,none
efficientnet_b4,ILSVRC2012_val_00007435.JPEG,n04277352,816,816,0.6550037,1,imagenet_c,defocus_blur,1,none
efficientnet_b4,ILSVRC2012_val_00008507.JPEG,n04277352,816,816,0.49530908,1,imagenet_c,defocus_blur,1,none
efficientnet_b4,ILSVRC2012_val_00009726.JPEG,n04277352,816,816,0.45647,1,imagenet_c,defocus_blur,1,none
efficientnet_b4,ILSVRC2012_val_00011226.JPEG,n04277352,816,816,0.36644548,1,imagenet_c,defocus_blur,1,none
efficientnet_b4,ILSVRC2012_val_00014085.JPEG,n04277352,816,816,0.48358658,1,imagenet_c,defocus_blur,1,none
efficientnet_b4,ILSVRC2012_val_00017098.JPEG,n04277352,816,816,0.37243354,1,imagenet_c,defocus_blur,1,none
efficientnet_b4,ILSVRC2012_val_00017426.JPEG,n04277352,816,816,0.25806594,1,imagenet_c,defocus_blur,1,none
efficientnet_b4,ILSVRC2012_val_00017960.JPEG,n04277352,816,542,0.075851135,0,imagenet_c,defocus_blur,1,none
efficientnet_b4,ILSVRC2012_val_00018256.JPEG,n04277352,816,816,0.4625357,1,imagenet_c,defocus_blur,1,none
efficientnet_b4,ILSVRC2012_val_00018794.JPEG,n04277352,816,816,0.33940366,1,imagenet_c,defocus_blur,1,none
efficientnet_b4,ILSVRC2012_val_00020067.JPEG,n04277352,816,816,0.33254072,1,imagenet_c,defocus_blur,1,none
efficientnet_b4,ILSVRC2012_val_00020336.JPEG,n04277352,816,816,0.50130165,1,imagenet_c,defocus_blur,1,none
efficientnet_b4,ILSVRC2012_val_00020712.JPEG,n04277352,816,910,0.08088579,0,imagenet_c,defocus_blur,1,none
efficientnet_b4,ILSVRC2012_val_00021185.JPEG,n04277352,816,816,0.31005052,1,imagenet_c,defocus_blur,1,none
efficientnet_b4,ILSVRC2012_val_00021243.JPEG,n04277352,816,816,0.24375087,1,imagenet_c,defocus_blur,1,none
efficientnet_b4,ILSVRC2012_val_00021261.JPEG,n04277352,816,870,0.12567131,0,imagenet_c,defocus_blur,1,none
efficientnet_b4,ILSVRC2012_val_00021578.JPEG,n04277352,816,666,0.2014794,0,imagenet_c,defocus_blur,1,none
efficientnet_b4,ILSVRC2012_val_00022299.JPEG,n04277352,816,816,0.32605866,1,imagenet_c,defocus_blur,1,none
efficientnet_b4,ILSVRC2012_val_00024725.JPEG,n04277352,816,816,0.43668577,1,imagenet_c,defocus_blur,1,none
efficientnet_b4,ILSVRC2012_val_00027085.JPEG,n04277352,816,816,0.069825165,1,imagenet_c,defocus_blur,1,none
efficientnet_b4,ILSVRC2012_val_00028589.JPEG,n04277352,816,552,0.18793029,0,imagenet_c,defocus_blur,1,none
efficientnet_b4,ILSVRC2012_val_00030372.JPEG,n04277352,816,816,0.6474919,1,imagenet_c,defocus_blur,1,none
efficientnet_b4,ILSVRC2012_val_00031810.JPEG,n04277352,816,840,0.19122475,0,imagenet_c,defocus_blur,1,none
efficientnet_b4,ILSVRC2012_val_00032999.JPEG,n04277352,816,542,0.29438683,0,imagenet_c,defocus_blur,1,none
efficientnet_b4,ILSVRC2012_val_00034106.JPEG,n04277352,816,816,0.44314823,1,imagenet_c,defocus_blur,1,none
efficientnet_b4,ILSVRC2012_val_00034139.JPEG,n04277352,816,816,0.44737488,1,imagenet_c,defocus_blur,1,none
efficientnet_b4,ILSVRC2012_val_00034385.JPEG,n04277352,816,816,0.67592686,1,imagenet_c,defocus_blur,1,none
efficientnet_b4,ILSVRC2012_val_00035970.JPEG,n04277352,816,623,0.40757066,0,imagenet_c,defocus_blur,1,none
efficientnet_b4,ILSVRC2012_val_00036078.JPEG,n04277352,816,816,0.48886007,1,imagenet_c,defocus_blur,1,none
efficientnet_b4,ILSVRC2012_val_00037226.JPEG,n04277352,816,816,0.511168,1,imagenet_c,defocus_blur,1,none
efficientnet_b4,ILSVRC2012_val_00037405.JPEG,n04277352,816,816,0.13309099,1,imagenet_c,defocus_blur,1,none
efficientnet_b4,ILSVRC2012_val_00038422.JPEG,n04277352,816,816,0.33161137,1,imagenet_c,defocus_blur,1,none
efficientnet_b4,ILSVRC2012_val_00039856.JPEG,n04277352,816,577,0.16859257,0,imagenet_c,defocus_blur,1,none
efficientnet_b4,ILSVRC2012_val_00039896.JPEG,n04277352,816,816,0.3548228,1,imagenet_c,defocus_blur,1,none
efficientnet_b4,ILSVRC2012_val_00041765.JPEG,n04277352,816,816,0.5200264,1,imagenet_c,defocus_blur,1,none
efficientnet_b4,ILSVRC2012_val_00044800.JPEG,n04277352,816,816,0.82504463,1,imagenet_c,defocus_blur,1,none
efficientnet_b4,ILSVRC2012_val_00049386.JPEG,n04277352,816,816,0.41509786,1,imagenet_c,defocus_blur,1,none
efficientnet_b4,ILSVRC2012_val_00049496.JPEG,n04277352,816,816,0.37164026,1,imagenet_c,defocus_blur,1,none
efficientnet_b4,ILSVRC2012_val_00001247.JPEG,n04285008,817,817,0.37100482,1,imagenet_c,defocus_blur,1,none
efficientnet_b4,ILSVRC2012_val_00003049.JPEG,n04285008,817,751,0.46806592,0,imagenet_c,defocus_blur,1,none
efficientnet_b4,ILSVRC2012_val_00003478.JPEG,n04285008,817,817,0.4355428,1,imagenet_c,defocus_blur,1,none
efficientnet_b4,ILSVRC2012_val_00003896.JPEG,n04285008,817,817,0.18870121,1,imagenet_c,defocus_blur,1,none
efficientnet_b4,ILSVRC2012_val_00004076.JPEG,n04285008,817,574,0.05803507,0,imagenet_c,defocus_blur,1,none
efficientnet_b4,ILSVRC2012_val_00004868.JPEG,n04285008,817,817,0.34345523,1,imagenet_c,defocus_blur,1,none
efficientnet_b4,ILSVRC2012_val_00004970.JPEG,n04285008,817,817,0.34043586,1,imagenet_c,defocus_blur,1,none
efficientnet_b4,ILSVRC2012_val_00004979.JPEG,n04285008,817,817,0.59709525,1,imagenet_c,defocus_blur,1,none
efficientnet_b4,ILSVRC2012_val_00005456.JPEG,n04285008,817,817,0.43147227,1,imagenet_c,defocus_blur,1,none
efficientnet_b4,ILSVRC2012_val_00006285.JPEG,n04285008,817,817,0.447541,1,imagenet_c,defocus_blur,1,none
efficientnet_b4,ILSVRC2012_val_00007125.JPEG,n04285008,817,817,0.2694299,1,imagenet_c,defocus_blur,1,none
efficientnet_b4,ILSVRC2012_val_00007592.JPEG,n04285008,817,817,0.41952464,1,imagenet_c,defocus_blur,1,none
efficientnet_b4,ILSVRC2012_val_00008392.JPEG,n04285008,817,817,0.5546912,1,imagenet_c,defocus_blur,1,none
efficientnet_b4,ILSVRC2012_val_00009607.JPEG,n04285008,817,573,0.20484675,0,imagenet_c,defocus_blur,1,none
efficientnet_b4,ILSVRC2012_val_00010206.JPEG,n04285008,817,817,0.29475376,1,imagenet_c,defocus_blur,1,none
efficientnet_b4,ILSVRC2012_val_00010455.JPEG,n04285008,817,479,0.15526363,0,imagenet_c,defocus_blur,1,none
efficientnet_b4,ILSVRC2012_val_00010983.JPEG,n04285008,817,817,0.20244004,1,imagenet_c,defocus_blur,1,none
efficientnet_b4,ILSVRC2012_val_00012327.JPEG,n04285008,817,817,0.14902383,1,imagenet_c,defocus_blur,1,none
efficientnet_b4,ILSVRC2012_val_00013258.JPEG,n04285008,817,817,0.32610813,1,imagenet_c,defocus_blur,1,none
efficientnet_b4,ILSVRC2012_val_00013805.JPEG,n04285008,817,573,0.09417499,0,imagenet_c,defocus_blur,1,none
efficientnet_b4,ILSVRC2012_val_00016638.JPEG,n04285008,817,817,0.48585117,1,imagenet_c,defocus_blur,1,none
efficientnet_b4,ILSVRC2012_val_00018117.JPEG,n04285008,817,751,0.17222199,0,imagenet_c,defocus_blur,1,none
efficientnet_b4,ILSVRC2012_val_00022246.JPEG,n04285008,817,817,0.4005565,1,imagenet_c,defocus_blur,1,none
efficientnet_b4,ILSVRC2012_val_00022270.JPEG,n04285008,817,817,0.27365026,1,imagenet_c,defocus_blur,1,none
efficientnet_b4,ILSVRC2012_val_00022739.JPEG,n04285008,817,660,0.0785349,0,imagenet_c,defocus_blur,1,none
efficientnet_b4,ILSVRC2012_val_00025004.JPEG,n04285008,817,573,0.5767008,0,imagenet_c,defocus_blur,1,none
efficientnet_b4,ILSVRC2012_val_00025260.JPEG,n04285008,817,817,0.24458967,1,imagenet_c,defocus_blur,1,none
efficientnet_b4,ILSVRC2012_val_00025465.JPEG,n04285008,817,817,0.08592558,1,imagenet_c,defocus_blur,1,none
efficientnet_b4,ILSVRC2012_val_00025587.JPEG,n04285008,817,817,0.49703932,1,imagenet_c,defocus_blur,1,none
efficientnet_b4,ILSVRC2012_val_00027397.JPEG,n04285008,817,817,0.34582743,1,imagenet_c,defocus_blur,1,none
efficientnet_b4,ILSVRC2012_val_00028336.JPEG,n04285008,817,817,0.26860672,1,imagenet_c,defocus_blur,1,none
efficientnet_b4,ILSVRC2012_val_00029021.JPEG,n04285008,817,751,0.17288624,0,imagenet_c,defocus_blur,1,none
efficientnet_b4,ILSVRC2012_val_00030351.JPEG,n04285008,817,817,0.5104674,1,imagenet_c,defocus_blur,1,none
efficientnet_b4,ILSVRC2012_val_00032944.JPEG,n04285008,817,817,0.51039296,1,imagenet_c,defocus_blur,1,none
efficientnet_b4,ILSVRC2012_val_00033293.JPEG,n04285008,817,817,0.031323068,1,imagenet_c,defocus_blur,1,none
efficientnet_b4,ILSVRC2012_val_00035309.JPEG,n04285008,817,779,0.039934196,0,imagenet_c,defocus_blur,1,none
efficientnet_b4,ILSVRC2012_val_00035603.JPEG,n04285008,817,817,0.4637409,1,imagenet_c,defocus_blur,1,none
efficientnet_b4,ILSVRC2012_val_00036695.JPEG,n04285008,817,817,0.28205645,1,imagenet_c,defocus_blur,1,none
efficientnet_b4,ILSVRC2012_val_00037952.JPEG,n04285008,817,817,0.1786886,1,imagenet_c,defocus_blur,1,none
efficientnet_b4,ILSVRC2012_val_00038060.JPEG,n04285008,817,817,0.27184144,1,imagenet_c,defocus_blur,1,none
efficientnet_b4,ILSVRC2012_val_00038344.JPEG,n04285008,817,817,0.11547486,1,imagenet_c,defocus_blur,1,none
efficientnet_b4,ILSVRC2012_val_00038894.JPEG,n04285008,817,751,0.16719222,0,imagenet_c,defocus_blur,1,none
efficientnet_b4,ILSVRC2012_val_00040009.JPEG,n04285008,817,817,0.2901602,1,imagenet_c,defocus_blur,1,none
efficientnet_b4,ILSVRC2012_val_00041064.JPEG,n04285008,817,817,0.40590075,1,imagenet_c,defocus_blur,1,none
efficientnet_b4,ILSVRC2012_val_00041626.JPEG,n04285008,817,817,0.2510338,1,imagenet_c,defocus_blur,1,none
efficientnet_b4,ILSVRC2012_val_00043297.JPEG,n04285008,817,817,0.33136803,1,imagenet_c,defocus_blur,1,none
efficientnet_b4,ILSVRC2012_val_00045210.JPEG,n04285008,817,817,0.38164487,1,imagenet_c,defocus_blur,1,none
efficientnet_b4,ILSVRC2012_val_00047893.JPEG,n04285008,817,751,0.30219558,0,imagenet_c,defocus_blur,1,none
efficientnet_b4,ILSVRC2012_val_00049427.JPEG,n04285008,817,817,0.72265995,1,imagenet_c,defocus_blur,1,none
efficientnet_b4,ILSVRC2012_val_00049675.JPEG,n04285008,817,817,0.66324264,1,imagenet_c,defocus_blur,1,none
efficientnet_b4,ILSVRC2012_val_00000345.JPEG,n04286575,818,758,0.08379743,0,imagenet_c,defocus_blur,1,none
efficientnet_b4,ILSVRC2012_val_00000843.JPEG,n04286575,818,740,0.039220642,0,imagenet_c,defocus_blur,1,none
efficientnet_b4,ILSVRC2012_val_00000959.JPEG,n04286575,818,619,0.25650352,0,imagenet_c,defocus_blur,1,none
efficientnet_b4,ILSVRC2012_val_00001679.JPEG,n04286575,818,579,0.06587866,0,imagenet_c,defocus_blur,1,none
efficientnet_b4,ILSVRC2012_val_00002856.JPEG,n04286575,818,807,0.4170657,0,imagenet_c,defocus_blur,1,none
efficientnet_b4,ILSVRC2012_val_00003509.JPEG,n04286575,818,818,0.30973798,1,imagenet_c,defocus_blur,1,none
efficientnet_b4,ILSVRC2012_val_00006882.JPEG,n04286575,818,818,0.25667873,1,imagenet_c,defocus_blur,1,none
efficientnet_b4,ILSVRC2012_val_00007039.JPEG,n04286575,818,111,0.30286837,0,imagenet_c,defocus_blur,1,none
efficientnet_b4,ILSVRC2012_val_00008187.JPEG,n04286575,818,818,0.35680124,1,imagenet_c,defocus_blur,1,none
efficientnet_b4,ILSVRC2012_val_00008515.JPEG,n04286575,818,846,0.2485748,0,imagenet_c,defocus_blur,1,none
efficientnet_b4,ILSVRC2012_val_00008643.JPEG,n04286575,818,632,0.100157395,0,imagenet_c,defocus_blur,1,none
efficientnet_b4,ILSVRC2012_val_00009421.JPEG,n04286575,818,818,0.059504084,1,imagenet_c,defocus_blur,1,none
efficientnet_b4,ILSVRC2012_val_00011571.JPEG,n04286575,818,641,0.22774751,0,imagenet_c,defocus_blur,1,none
efficientnet_b4,ILSVRC2012_val_00014051.JPEG,n04286575,818,651,0.04969559,0,imagenet_c,defocus_blur,1,none
efficientnet_b4,ILSVRC2012_val_00015036.JPEG,n04286575,818,818,0.33535618,1,imagenet_c,defocus_blur,1,none
efficientnet_b4,ILSVRC2012_val_00015779.JPEG,n04286575,818,844,0.49244705,0,imagenet_c,defocus_blur,1,none
efficientnet_b4,ILSVRC2012_val_00017062.JPEG,n04286575,818,818,0.13173994,1,imagenet_c,defocus_blur,1,none
efficientnet_b4,ILSVRC2012_val_00018294.JPEG,n04286575,818,818,0.63568455,1,imagenet_c,defocus_blur,1,none
efficientnet_b4,ILSVRC2012_val_00020426.JPEG,n04286575,818,818,0.40325305,1,imagenet_c,defocus_blur,1,none
efficientnet_b4,ILSVRC2012_val_00023584.JPEG,n04286575,818,762,0.07653986,0,imagenet_c,defocus_blur,1,none
efficientnet_b4,ILSVRC2012_val_00024790.JPEG,n04286575,818,818,0.15396175,1,imagenet_c,defocus_blur,1,none
efficientnet_b4,ILSVRC2012_val_00025176.JPEG,n04286575,818,846,0.113646574,0,imagenet_c,defocus_blur,1,none
efficientnet_b4,ILSVRC2012_val_00026849.JPEG,n04286575,818,818,0.2715858,1,imagenet_c,defocus_blur,1,none
efficientnet_b4,ILSVRC2012_val_00026988.JPEG,n04286575,818,819,0.13506658,0,imagenet_c,defocus_blur,1,none
efficientnet_b4,ILSVRC2012_val_00027796.JPEG,n04286575,818,891,0.107718736,0,imagenet_c,defocus_blur,1,none
efficientnet_b4,ILSVRC2012_val_00028258.JPEG,n04286575,818,619,0.2548193,0,imagenet_c,defocus_blur,1,none
efficientnet_b4,ILSVRC2012_val_00032647.JPEG,n04286575,818,937,0.26301545,0,imagenet_c,defocus_blur,1,none
efficientnet_b4,ILSVRC2012_val_00033190.JPEG,n04286575,818,818,0.38648468,1,imagenet_c,defocus_blur,1,none
efficientnet_b4,ILSVRC2012_val_00033679.JPEG,n04286575,818,846,0.36798248,0,imagenet_c,defocus_blur,1,none
efficientnet_b4,ILSVRC2012_val_00034493.JPEG,n04286575,818,601,0.074983336,0,imagenet_c,defocus_blur,1,none
efficientnet_b4,ILSVRC2012_val_00034914.JPEG,n04286575,818,686,0.3592586,0,imagenet_c,defocus_blur,1,none
efficientnet_b4,ILSVRC2012_val_00035484.JPEG,n04286575,818,818,0.39812142,1,imagenet_c,defocus_blur,1,none
efficientnet_b4,ILSVRC2012_val_00036296.JPEG,n04286575,818,582,0.13030525,0,imagenet_c,defocus_blur,1,none
efficientnet_b4,ILSVRC2012_val_00037651.JPEG,n04286575,818,619,0.33233574,0,imagenet_c,defocus_blur,1,none
efficientnet_b4,ILSVRC2012_val_00039549.JPEG,n04286575,818,402,0.24117756,0,imagenet_c,defocus_blur,1,none
efficientnet_b4,ILSVRC2012_val_00039842.JPEG,n04286575,818,818,0.4092886,1,imagenet_c,defocus_blur,1,none
efficientnet_b4,ILSVRC2012_val_00040305.JPEG,n04286575,818,567,0.16107179,0,imagenet_c,defocus_blur,1,none
efficientnet_b4,ILSVRC2012_val_00041396.JPEG,n04286575,818,818,0.15271898,1,imagenet_c,defocus_blur,1,none
efficientnet_b4,ILSVRC2012_val_00042388.JPEG,n04286575,818,818,0.14629716,1,imagenet_c,defocus_blur,1,none
efficientnet_b4,ILSVRC2012_val_00042961.JPEG,n04286575,818,862,0.083654985,0,imagenet_c,defocus_blur,1,none
efficientnet_b4,ILSVRC2012_val_00043490.JPEG,n04286575,818,111,0.18199793,0,imagenet_c,defocus_blur,1,none
efficientnet_b4,ILSVRC2012_val_00044096.JPEG,n04286575,818,831,0.40628484,0,imagenet_c,defocus_blur,1,none
efficientnet_b4,ILSVRC2012_val_00044324.JPEG,n04286575,818,818,0.12372057,1,imagenet_c,defocus_blur,1,none
efficientnet_b4,ILSVRC2012_val_00044452.JPEG,n04286575,818,426,0.07624621,0,imagenet_c,defocus_blur,1,none
efficientnet_b4,ILSVRC2012_val_00044673.JPEG,n04286575,818,819,0.09860262,0,imagenet_c,defocus_blur,1,none
efficientnet_b4,ILSVRC2012_val_00045535.JPEG,n04286575,818,475,0.07153364,0,imagenet_c,defocus_blur,1,none
efficientnet_b4,ILSVRC2012_val_00046750.JPEG,n04286575,818,785,0.18281978,0,imagenet_c,defocus_blur,1,none
efficientnet_b4,ILSVRC2012_val_00047625.JPEG,n04286575,818,818,0.43481827,1,imagenet_c,defocus_blur,1,none
efficientnet_b4,ILSVRC2012_val_00049656.JPEG,n04286575,818,818,0.33123216,1,imagenet_c,defocus_blur,1,none
efficientnet_b4,ILSVRC2012_val_00049733.JPEG,n04286575,818,468,0.48918015,0,imagenet_c,defocus_blur,1,none
efficientnet_b4,ILSVRC2012_val_00001388.JPEG,n04296562,819,856,0.036238812,0,imagenet_c,defocus_blur,1,none
efficientnet_b4,ILSVRC2012_val_00002591.JPEG,n04296562,819,880,0.17848182,0,imagenet_c,defocus_blur,1,none
efficientnet_b4,ILSVRC2012_val_00003652.JPEG,n04296562,819,642,0.09569169,0,imagenet_c,defocus_blur,1,none
efficientnet_b4,ILSVRC2012_val_00003686.JPEG,n04296562,819,416,0.21193208,0,imagenet_c,defocus_blur,1,none
efficientnet_b4,ILSVRC2012_val_00005320.JPEG,n04296562,819,819,0.22254354,1,imagenet_c,defocus_blur,1,none
efficientnet_b4,ILSVRC2012_val_00005748.JPEG,n04296562,819,819,0.5690753,1,imagenet_c,defocus_blur,1,none
efficientnet_b4,ILSVRC2012_val_00006177.JPEG,n04296562,819,819,0.22091228,1,imagenet_c,defocus_blur,1,none
efficientnet_b4,ILSVRC2012_val_00006930.JPEG,n04296562,819,854,0.35228372,0,imagenet_c,defocus_blur,1,none
efficientnet_b4,ILSVRC2012_val_00007723.JPEG,n04296562,819,819,0.11068889,1,imagenet_c,defocus_blur,1,none
efficientnet_b4,ILSVRC2012_val_00013458.JPEG,n04296562,819,854,0.12794544,0,imagenet_c,defocus_blur,1,none
efficientnet_b4,ILSVRC2012_val_00013796.JPEG,n04296562,819,819,0.2907559,1,imagenet_c,defocus_blur,1,none
efficientnet_b4,ILSVRC2012_val_00016122.JPEG,n04296562,819,819,0.07696227,1,imagenet_c,defocus_blur,1,none
efficientnet_b4,ILSVRC2012_val_00017482.JPEG,n04296562,819,819,0.1665317,1,imagenet_c,defocus_blur,1,none
efficientnet_b4,ILSVRC2012_val_00019297.JPEG,n04296562,819,416,0.19500215,0,imagenet_c,defocus_blur,1,none
efficientnet_b4,ILSVRC2012_val_00019936.JPEG,n04296562,819,913,0.07384521,0,imagenet_c,defocus_blur,1,none
efficientnet_b4,ILSVRC2012_val_00020163.JPEG,n04296562,819,830,0.18082586,0,imagenet_c,defocus_blur,1,none
efficientnet_b4,ILSVRC2012_val_00021174.JPEG,n04296562,819,854,0.5721554,0,imagenet_c,defocus_blur,1,none
efficientnet_b4,ILSVRC2012_val_00022366.JPEG,n04296562,819,819,0.25955573,1,imagenet_c,defocus_blur,1,none
efficientnet_b4,ILSVRC2012_val_00024091.JPEG,n04296562,819,416,0.23290302,0,imagenet_c,defocus_blur,1,none
efficientnet_b4,ILSVRC2012_val_00024578.JPEG,n04296562,819,819,0.19661847,1,imagenet_c,defocus_blur,1,none
efficientnet_b4,ILSVRC2012_val_00025090.JPEG,n04296562,819,819,0.19359018,1,imagenet_c,defocus_blur,1,none
efficientnet_b4,ILSVRC2012_val_00025553.JPEG,n04296562,819,854,0.11946704,0,imagenet_c,defocus_blur,1,none
efficientnet_b4,ILSVRC2012_val_00025731.JPEG,n04296562,819,819,0.36391982,1,imagenet_c,defocus_blur,1,none
efficientnet_b4,ILSVRC2012_val_00025776.JPEG,n04296562,819,604,0.31592315,0,imagenet_c,defocus_blur,1,none
efficientnet_b4,ILSVRC2012_val_00026407.JPEG,n04296562,819,819,0.40823245,1,imagenet_c,defocus_blur,1,none
efficientnet_b4,ILSVRC2012_val_00026971.JPEG,n04296562,819,819,0.05388719,1,imagenet_c,defocus_blur,1,none
efficientnet_b4,ILSVRC2012_val_00029040.JPEG,n04296562,819,818,0.064457506,0,imagenet_c,defocus_blur,1,none
efficientnet_b4,ILSVRC2012_val_00029548.JPEG,n04296562,819,819,0.28605393,1,imagenet_c,defocus_blur,1,none
efficientnet_b4,ILSVRC2012_val_00030103.JPEG,n04296562,819,851,0.03503347,0,imagenet_c,defocus_blur,1,none
efficientnet_b4,ILSVRC2012_val_00030689.JPEG,n04296562,819,819,0.14850399,1,imagenet_c,defocus_blur,1,none
efficientnet_b4,ILSVRC2012_val_00031263.JPEG,n04296562,819,819,0.13737333,1,imagenet_c,defocus_blur,1,none
efficientnet_b4,ILSVRC2012_val_00031454.JPEG,n04296562,819,819,0.25010875,1,imagenet_c,defocus_blur,1,none
efficientnet_b4,ILSVRC2012_val_00032945.JPEG,n04296562,819,819,0.24181342,1,imagenet_c,defocus_blur,1,none
efficientnet_b4,ILSVRC2012_val_00036939.JPEG,n04296562,819,627,0.037955176,0,imagenet_c,defocus_blur,1,none
efficientnet_b4,ILSVRC2012_val_00037236.JPEG,n04296562,819,819,0.3039443,1,imagenet_c,defocus_blur,1,none
efficientnet_b4,ILSVRC2012_val_00038146.JPEG,n04296562,819,543,0.12828384,0,imagenet_c,defocus_blur,1,none
efficientnet_b4,ILSVRC2012_val_00039881.JPEG,n04296562,819,546,0.30828685,0,imagenet_c,defocus_blur,1,none
efficientnet_b4,ILSVRC2012_val_00039889.JPEG,n04296562,819,854,0.24678238,0,imagenet_c,defocus_blur,1,none
efficientnet_b4,ILSVRC2012_val_00040063.JPEG,n04296562,819,836,0.026085345,0,imagenet_c,defocus_blur,1,none
efficientnet_b4,ILSVRC2012_val_00040086.JPEG,n04296562,819,416,0.22132955,0,imagenet_c,defocus_blur,1,none
efficientnet_b4,ILSVRC2012_val_00040912.JPEG,n04296562,819,819,0.2579252,1,imagenet_c,defocus_blur,1,none
efficientnet_b4,ILSVRC2012_val_00041663.JPEG,n04296562,819,819,0.09364031,1,imagenet_c,defocus_blur,1,none
efficientnet_b4,ILSVRC2012_val_00042609.JPEG,n04296562,819,832,0.13666882,0,imagenet_c,defocus_blur,1,none
efficientnet_b4,ILSVRC2012_val_00042618.JPEG,n04296562,819,819,0.27897954,1,imagenet_c,defocus_blur,1,none
efficientnet_b4,ILSVRC2012_val_00043679.JPEG,n04296562,819,632,0.2839756,0,imagenet_c,defocus_blur,1,none
efficientnet_b4,ILSVRC2012_val_00044762.JPEG,n04296562,819,405,0.02302038,0,imagenet_c,defocus_blur,1,none
efficientnet_b4,ILSVRC2012_val_00045883.JPEG,n04296562,819,819,0.23609707,1,imagenet_c,defocus_blur,1,none
efficientnet_b4,ILSVRC2012_val_00048276.JPEG,n04296562,819,819,0.54370654,1,imagenet_c,defocus_blur,1,none
efficientnet_b4,ILSVRC2012_val_00048518.JPEG,n04296562,819,819,0.17597891,1,imagenet_c,defocus_blur,1,none
efficientnet_b4,ILSVRC2012_val_00049294.JPEG,n04296562,819,854,0.76515585,0,imagenet_c,defocus_blur,1,none
efficientnet_b4,ILSVRC2012_val_00000544.JPEG,n04310018,820,820,0.112551555,1,imagenet_c,defocus_blur,1,none
efficientnet_b4,ILSVRC2012_val_00001301.JPEG,n04310018,820,856,0.020828974,0,imagenet_c,defocus_blur,1,none
efficientnet_b4,ILSVRC2012_val_00002603.JPEG,n04310018,820,9,0.03634803,0,imagenet_c,defocus_blur,1,none
efficientnet_b4,ILSVRC2012_val_00002710.JPEG,n04310018,820,820,0.5357941,1,imagenet_c,defocus_blur,1,none
efficientnet_b4,ILSVRC2012_val_00003156.JPEG,n04310018,820,820,0.4392171,1,imagenet_c,defocus_blur,1,none
efficientnet_b4,ILSVRC2012_val_00003573.JPEG,n04310018,820,820,0.17947815,1,imagenet_c,defocus_blur,1,none
efficientnet_b4,ILSVRC2012_val_00003599.JPEG,n04310018,820,820,0.4734422,1,imagenet_c,defocus_blur,1,none
efficientnet_b4,ILSVRC2012_val_00006106.JPEG,n04310018,820,820,0.39247048,1,imagenet_c,defocus_blur,1,none
efficientnet_b4,ILSVRC2012_val_00007826.JPEG,n04310018,820,820,0.5730102,1,imagenet_c,defocus_blur,1,none
efficientnet_b4,ILSVRC2012_val_00008744.JPEG,n04310018,820,733,0.05202108,0,imagenet_c,defocus_blur,1,none
efficientnet_b4,ILSVRC2012_val_00010581.JPEG,n04310018,820,820,0.18595022,1,imagenet_c,defocus_blur,1,none
efficientnet_b4,ILSVRC2012_val_00015943.JPEG,n04310018,820,820,0.61224174,1,imagenet_c,defocus_blur,1,none
efficientnet_b4,ILSVRC2012_val_00018384.JPEG,n04310018,820,705,0.25500575,0,imagenet_c,defocus_blur,1,none
efficientnet_b4,ILSVRC2012_val_00018868.JPEG,n04310018,820,820,0.15813807,1,imagenet_c,defocus_blur,1,none
efficientnet_b4,ILSVRC2012_val_00020437.JPEG,n04310018,820,820,0.2090821,1,imagenet_c,defocus_blur,1,none
efficientnet_b4,ILSVRC2012_val_00021247.JPEG,n04310018,820,820,0.1698879,1,imagenet_c,defocus_blur,1,none
efficientnet_b4,ILSVRC2012_val_00021734.JPEG,n04310018,820,974,0.17036906,0,imagenet_c,defocus_blur,1,none
efficientnet_b4,ILSVRC2012_val_00022127.JPEG,n04310018,820,466,0.11490048,0,imagenet_c,defocus_blur,1,none
efficientnet_b4,ILSVRC2012_val_00023508.JPEG,n04310018,820,820,0.40260208,1,imagenet_c,defocus_blur,1,none
efficientnet_b4,ILSVRC2012_val_00024134.JPEG,n04310018,820,820,0.22255488,1,imagenet_c,defocus_blur,1,none
efficientnet_b4,ILSVRC2012_val_00024627.JPEG,n04310018,820,820,0.08020375,1,imagenet_c,defocus_blur,1,none
efficientnet_b4,ILSVRC2012_val_00024811.JPEG,n04310018,820,471,0.33812967,0,imagenet_c,defocus_blur,1,none
efficientnet_b4,ILSVRC2012_val_00025265.JPEG,n04310018,820,820,0.3812953,1,imagenet_c,defocus_blur,1,none
efficientnet_b4,ILSVRC2012_val_00026285.JPEG,n04310018,820,820,0.20173183,1,imagenet_c,defocus_blur,1,none
efficientnet_b4,ILSVRC2012_val_00026477.JPEG,n04310018,820,820,0.6081197,1,imagenet_c,defocus_blur,1,none
efficientnet_b4,ILSVRC2012_val_00026883.JPEG,n04310018,820,820,0.46346372,1,imagenet_c,defocus_blur,1,none
efficientnet_b4,ILSVRC2012_val_00028485.JPEG,n04310018,820,856,0.11897936,0,imagenet_c,defocus_blur,1,none
efficientnet_b4,ILSVRC2012_val_00031692.JPEG,n04310018,820,820,0.6114472,1,imagenet_c,defocus_blur,1,none
efficientnet_b4,ILSVRC2012_val_00032215.JPEG,n04310018,820,820,0.52302945,1,imagenet_c,defocus_blur,1,none
efficientnet_b4,ILSVRC2012_val_00033041.JPEG,n04310018,820,820,0.43945822,1,imagenet_c,defocus_blur,1,none
efficientnet_b4,ILSVRC2012_val_00033557.JPEG,n04310018,820,820,0.31792217,1,imagenet_c,defocus_blur,1,none
efficientnet_b4,ILSVRC2012_val_00034023.JPEG,n04310018,820,820,0.087067336,1,imagenet_c,defocus_blur,1,none
efficientnet_b4,ILSVRC2012_val_00035889.JPEG,n04310018,820,820,0.43579194,1,imagenet_c,defocus_blur,1,none
efficientnet_b4,ILSVRC2012_val_00037088.JPEG,n04310018,820,820,0.4735551,1,imagenet_c,defocus_blur,1,none
efficientnet_b4,ILSVRC2012_val_00037349.JPEG,n04310018,820,820,0.41378704,1,imagenet_c,defocus_blur,1,none
efficientnet_b4,ILSVRC2012_val_00038189.JPEG,n04310018,820,820,0.19521196,1,imagenet_c,defocus_blur,1,none
efficientnet_b4,ILSVRC2012_val_00038429.JPEG,n04310018,820,820,0.10726812,1,imagenet_c,defocus_blur,1,none
efficientnet_b4,ILSVRC2012_val_00038508.JPEG,n04310018,820,820,0.61357176,1,imagenet_c,defocus_blur,1,none
efficientnet_b4,ILSVRC2012_val_00038885.JPEG,n04310018,820,820,0.40190843,1,imagenet_c,defocus_blur,1,none
efficientnet_b4,ILSVRC2012_val_00040994.JPEG,n04310018,820,820,0.28611,1,imagenet_c,defocus_blur,1,none
efficientnet_b4,ILSVRC2012_val_00043296.JPEG,n04310018,820,820,0.2538856,1,imagenet_c,defocus_blur,1,none
efficientnet_b4,ILSVRC2012_val_00044347.JPEG,n04310018,820,820,0.41947109,1,imagenet_c,defocus_blur,1,none
efficientnet_b4,ILSVRC2012_val_00044835.JPEG,n04310018,820,634,0.20604077,0,imagenet_c,defocus_blur,1,none
efficientnet_b4,ILSVRC2012_val_00045265.JPEG,n04310018,820,820,0.56331986,1,imagenet_c,defocus_blur,1,none
efficientnet_b4,ILSVRC2012_val_00045560.JPEG,n04310018,820,820,0.62844133,1,imagenet_c,defocus_blur,1,none
efficientnet_b4,ILSVRC2012_val_00046166.JPEG,n04310018,820,820,0.59612775,1,imagenet_c,defocus_blur,1,none
efficientnet_b4,ILSVRC2012_val_00047906.JPEG,n04310018,820,820,0.49081072,1,imagenet_c,defocus_blur,1,none
efficientnet_b4,ILSVRC2012_val_00048479.JPEG,n04310018,820,820,0.49121037,1,imagenet_c,defocus_blur,1,none
efficientnet_b4,ILSVRC2012_val_00048487.JPEG,n04310018,820,429,0.030435182,0,imagenet_c,defocus_blur,1,none
efficientnet_b4,ILSVRC2012_val_00048686.JPEG,n04310018,820,820,0.5033557,1,imagenet_c,defocus_blur,1,none
efficientnet_b4,ILSVRC2012_val_00000271.JPEG,n04311004,821,821,0.42826483,1,imagenet_c,defocus_blur,1,none
efficientnet_b4,ILSVRC2012_val_00001541.JPEG,n04311004,821,821,0.56594235,1,imagenet_c,defocus_blur,1,none
efficientnet_b4,ILSVRC2012_val_00002257.JPEG,n04311004,821,718,0.080270685,0,imagenet_c,defocus_blur,1,none
efficientnet_b4,ILSVRC2012_val_00003103.JPEG,n04311004,821,821,0.31926784,1,imagenet_c,defocus_blur,1,none
efficientnet_b4,ILSVRC2012_val_00003334.JPEG,n04311004,821,821,0.31178474,1,imagenet_c,defocus_blur,1,none
efficientnet_b4,ILSVRC2012_val_00003589.JPEG,n04311004,821,821,0.436122,1,imagenet_c,defocus_blur,1,none
efficientnet_b4,ILSVRC2012_val_00004981.JPEG,n04311004,821,900,0.04318475,0,imagenet_c,defocus_blur,1,none
efficientnet_b4,ILSVRC2012_val_00005280.JPEG,n04311004,821,821,0.3938025,1,imagenet_c,defocus_blur,1,none
efficientnet_b4,ILSVRC2012_val_00005791.JPEG,n04311004,821,421,0.09918038,0,imagenet_c,defocus_blur,1,none
efficientnet_b4,ILSVRC2012_val_00005992.JPEG,n04311004,821,821,0.2610395,1,imagenet_c,defocus_blur,1,none
efficientnet_b4,ILSVRC2012_val_00008493.JPEG,n04311004,821,821,0.5036185,1,imagenet_c,defocus_blur,1,none
efficientnet_b4,ILSVRC2012_val_00008764.JPEG,n04311004,821,821,0.519051,1,imagenet_c,defocus_blur,1,none
efficientnet_b4,ILSVRC2012_val_00009286.JPEG,n04311004,821,821,0.45788196,1,imagenet_c,defocus_blur,1,none
efficientnet_b4,ILSVRC2012_val_00010299.JPEG,n04311004,821,821,0.49778664,1,imagenet_c,defocus_blur,1,none
efficientnet_b4,ILSVRC2012_val_00010574.JPEG,n04311004,821,821,0.49351338,1,imagenet_c,defocus_blur,1,none
efficientnet_b4,ILSVRC2012_val_00011263.JPEG,n04311004,821,821,0.62953186,1,imagenet_c,defocus_blur,1,none
efficientnet_b4,ILSVRC2012_val_00011635.JPEG,n04311004,821,821,0.5140792,1,imagenet_c,defocus_blur,1,none
efficientnet_b4,ILSVRC2012_val_00012028.JPEG,n04311004,821,888,0.3300143,0,imagenet_c,defocus_blur,1,none
efficientnet_b4,ILSVRC2012_val_00012942.JPEG,n04311004,821,821,0.58567107,1,imagenet_c,defocus_blur,1,none
efficientnet_b4,ILSVRC2012_val_00016878.JPEG,n04311004,821,718,0.19382697,0,imagenet_c,defocus_blur,1,none
efficientnet_b4,ILSVRC2012_val_00017167.JPEG,n04311004,821,821,0.46695372,1,imagenet_c,defocus_blur,1,none
efficientnet_b4,ILSVRC2012_val_00017498.JPEG,n04311004,821,718,0.23144229,0,imagenet_c,defocus_blur,1,none
efficientnet_b4,ILSVRC2012_val_00018492.JPEG,n04311004,821,821,0.28617004,1,imagenet_c,defocus_blur,1,none
efficientnet_b4,ILSVRC2012_val_00019351.JPEG,n04311004,821,821,0.48673436,1,imagenet_c,defocus_blur,1,none
efficientnet_b4,ILSVRC2012_val_00022352.JPEG,n04311004,821,821,0.5355141,1,imagenet_c,defocus_blur,1,none
efficientnet_b4,ILSVRC2012_val_00023145.JPEG,n04311004,821,718,0.3720014,0,imagenet_c,defocus_blur,1,none
efficientnet_b4,ILSVRC2012_val_00025457.JPEG,n04311004,821,821,0.4070721,1,imagenet_c,defocus_blur,1,none
efficientnet_b4,ILSVRC2012_val_00026411.JPEG,n04311004,821,814,0.25181857,0,imagenet_c,defocus_blur,1,none
efficientnet_b4,ILSVRC2012_val_00026633.JPEG,n04311004,821,821,0.54305995,1,imagenet_c,defocus_blur,1,none
efficientnet_b4,ILSVRC2012_val_00027180.JPEG,n04311004,821,821,0.5842639,1,imagenet_c,defocus_blur,1,none
efficientnet_b4,ILSVRC2012_val_00027197.JPEG,n04311004,821,821,0.4244239,1,imagenet_c,defocus_blur,1,none
efficientnet_b4,ILSVRC2012_val_00027288.JPEG,n04311004,821,821,0.42024803,1,imagenet_c,defocus_blur,1,none
efficientnet_b4,ILSVRC2012_val_00028093.JPEG,n04311004,821,821,0.5528482,1,imagenet_c,defocus_blur,1,none
efficientnet_b4,ILSVRC2012_val_00028326.JPEG,n04311004,821,821,0.47498456,1,imagenet_c,defocus_blur,1,none
efficientnet_b4,ILSVRC2012_val_00029494.JPEG,n04311004,821,821,0.44579664,1,imagenet_c,defocus_blur,1,none
efficientnet_b4,ILSVRC2012_val_00030347.JPEG,n04311004,821,821,0.5158689,1,imagenet_c,defocus_blur,1,none
efficientnet_b4,ILSVRC2012_val_00031874.JPEG,n04311004,821,821,0.5462758,1,imagenet_c,defocus_blur,1,none
efficientnet_b4,ILSVRC2012_val_00032739.JPEG,n04311004,821,821,0.36512306,1,imagenet_c,defocus_blur,1,none
efficientnet_b4,ILSVRC2012_val_00033462.JPEG,n04311004,821,821,0.5153234,1,imagenet_c,defocus_blur,1,none
efficientnet_b4,ILSVRC2012_val_00033624.JPEG,n04311004,821,821,0.10559478,1,imagenet_c,defocus_blur,1,none
efficientnet_b4,ILSVRC2012_val_00033764.JPEG,n04311004,821,718,0.068198174,0,imagenet_c,defocus_blur,1,none
efficientnet_b4,ILSVRC2012_val_00038332.JPEG,n04311004,821,821,0.4081142,1,imagenet_c,defocus_blur,1,none
efficientnet_b4,ILSVRC2012_val_00039065.JPEG,n04311004,821,821,0.6588568,1,imagenet_c,defocus_blur,1,none
efficientnet_b4,ILSVRC2012_val_00041187.JPEG,n04311004,821,821,0.49607092,1,imagenet_c,defocus_blur,1,none
efficientnet_b4,ILSVRC2012_val_00042398.JPEG,n04311004,821,821,0.46368644,1,imagenet_c,defocus_blur,1,none
efficientnet_b4,ILSVRC2012_val_00042606.JPEG,n04311004,821,821,0.4886441,1,imagenet_c,defocus_blur,1,none
efficientnet_b4,ILSVRC2012_val_00044125.JPEG,n04311004,821,821,0.47515672,1,imagenet_c,defocus_blur,1,none
efficientnet_b4,ILSVRC2012_val_00046215.JPEG,n04311004,821,821,0.35463688,1,imagenet_c,defocus_blur,1,none
efficientnet_b4,ILSVRC2012_val_00047557.JPEG,n04311004,821,821,0.41032,1,imagenet_c,defocus_blur,1,none
efficientnet_b4,ILSVRC2012_val_00047678.JPEG,n04311004,821,821,0.4925932,1,imagenet_c,defocus_blur,1,none
efficientnet_b4,ILSVRC2012_val_00000842.JPEG,n04311174,822,822,0.62930465,1,imagenet_c,defocus_blur,1,none
efficientnet_b4,ILSVRC2012_val_00005668.JPEG,n04311174,822,822,0.6795421,1,imagenet_c,defocus_blur,1,none
efficientnet_b4,ILSVRC2012_val_00005953.JPEG,n04311174,822,822,0.71920556,1,imagenet_c,defocus_blur,1,none
efficientnet_b4,ILSVRC2012_val_00006311.JPEG,n04311174,822,855,0.40857393,0,imagenet_c,defocus_blur,1,none
efficientnet_b4,ILSVRC2012_val_00006968.JPEG,n04311174,822,822,0.66886467,1,imagenet_c,defocus_blur,1,none
efficientnet_b4,ILSVRC2012_val_00007098.JPEG,n04311174,822,822,0.5748604,1,imagenet_c,defocus_blur,1,none
efficientnet_b4,ILSVRC2012_val_00009099.JPEG,n04311174,822,560,0.081584334,0,imagenet_c,defocus_blur,1,none
efficientnet_b4,ILSVRC2012_val_00010129.JPEG,n04311174,822,429,0.029463999,0,imagenet_c,defocus_blur,1,none
efficientnet_b4,ILSVRC2012_val_00010170.JPEG,n04311174,822,822,0.57423997,1,imagenet_c,defocus_blur,1,none
efficientnet_b4,ILSVRC2012_val_00011156.JPEG,n04311174,822,819,0.034521565,0,imagenet_c,defocus_blur,1,none
efficientnet_b4,ILSVRC2012_val_00011538.JPEG,n04311174,822,822,0.70289445,1,imagenet_c,defocus_blur,1,none
efficientnet_b4,ILSVRC2012_val_00013300.JPEG,n04311174,822,822,0.48661697,1,imagenet_c,defocus_blur,1,none
efficientnet_b4,ILSVRC2012_val_00015014.JPEG,n04311174,822,822,0.6426514,1,imagenet_c,defocus_blur,1,none
efficientnet_b4,ILSVRC2012_val_00015062.JPEG,n04311174,822,822,0.6022373,1,imagenet_c,defocus_blur,1,none
efficientnet_b4,ILSVRC2012_val_00016606.JPEG,n04311174,822,822,0.64134014,1,imagenet_c,defocus_blur,1,none
efficientnet_b4,ILSVRC2012_val_00016752.JPEG,n04311174,822,822,0.28467518,1,imagenet_c,defocus_blur,1,none
efficientnet_b4,ILSVRC2012_val_00017411.JPEG,n04311174,822,822,0.64413774,1,imagenet_c,defocus_blur,1,none
efficientnet_b4,ILSVRC2012_val_00017859.JPEG,n04311174,822,822,0.66378397,1,imagenet_c,defocus_blur,1,none
efficientnet_b4,ILSVRC2012_val_00017904.JPEG,n04311174,822,842,0.08687842,0,imagenet_c,defocus_blur,1,none
efficientnet_b4,ILSVRC2012_val_00018220.JPEG,n04311174,822,822,0.72757107,1,imagenet_c,defocus_blur,1,none
efficientnet_b4,ILSVRC2012_val_00019940.JPEG,n04311174,822,822,0.61557823,1,imagenet_c,defocus_blur,1,none
efficientnet_b4,ILSVRC2012_val_00020039.JPEG,n04311174,822,822,0.68854797,1,imagenet_c,defocus_blur,1,none
efficientnet_b4,ILSVRC2012_val_00022328.JPEG,n04311174,822,822,0.30534875,1,imagenet_c,defocus_blur,1,none
efficientnet_b4,ILSVRC2012_val_00022391.JPEG,n04311174,822,822,0.64558095,1,imagenet_c,defocus_blur,1,none
efficientnet_b4,ILSVRC2012_val_00022834.JPEG,n04311174,822,822,0.5914531,1,imagenet_c,defocus_blur,1,none
efficientnet_b4,ILSVRC2012_val_00024491.JPEG,n04311174,822,822,0.66993016,1,imagenet_c,defocus_blur,1,none
efficientnet_b4,ILSVRC2012_val_00025077.JPEG,n04311174,822,822,0.562761,1,imagenet_c,defocus_blur,1,none
efficientnet_b4,ILSVRC2012_val_00027640.JPEG,n04311174,822,822,0.4258939,1,imagenet_c,defocus_blur,1,none
efficientnet_b4,ILSVRC2012_val_00028491.JPEG,n04311174,822,822,0.6907769,1,imagenet_c,defocus_blur,1,none
efficientnet_b4,ILSVRC2012_val_00028569.JPEG,n04311174,822,822,0.62118536,1,imagenet_c,defocus_blur,1,none
efficientnet_b4,ILSVRC2012_val_00030265.JPEG,n04311174,822,822,0.25885713,1,imagenet_c,defocus_blur,1,none
efficientnet_b4,ILSVRC2012_val_00031667.JPEG,n04311174,822,476,0.08448043,0,imagenet_c,defocus_blur,1,none
efficientnet_b4,ILSVRC2012_val_00033204.JPEG,n04311174,822,822,0.7095601,1,imagenet_c,defocus_blur,1,none
efficientnet_b4,ILSVRC2012_val_00035915.JPEG,n04311174,822,822,0.65467787,1,imagenet_c,defocus_blur,1,none
efficientnet_b4,ILSVRC2012_val_00036303.JPEG,n04311174,822,822,0.5545952,1,imagenet_c,defocus_blur,1,none
efficientnet_b4,ILSVRC2012_val_00037015.JPEG,n04311174,822,822,0.70435876,1,imagenet_c,defocus_blur,1,none
efficientnet_b4,ILSVRC2012_val_00038101.JPEG,n04311174,822,822,0.6049479,1,imagenet_c,defocus_blur,1,none
efficientnet_b4,ILSVRC2012_val_00038391.JPEG,n04311174,822,822,0.5751804,1,imagenet_c,defocus_blur,1,none
efficientnet_b4,ILSVRC2012_val_00042012.JPEG,n04311174,822,822,0.5556067,1,imagenet_c,defocus_blur,1,none
efficientnet_b4,ILSVRC2012_val_00042072.JPEG,n04311174,822,819,0.045063566,0,imagenet_c,defocus_blur,1,none
efficientnet_b4,ILSVRC2012_val_00042359.JPEG,n04311174,822,822,0.7419493,1,imagenet_c,defocus_blur,1,none
efficientnet_b4,ILSVRC2012_val_00043952.JPEG,n04311174,822,822,0.7353603,1,imagenet_c,defocus_blur,1,none
efficientnet_b4,ILSVRC2012_val_00045460.JPEG,n04311174,822,842,0.091495745,0,imagenet_c,defocus_blur,1,none
efficientnet_b4,ILSVRC2012_val_00045635.JPEG,n04311174,822,822,0.5255317,1,imagenet_c,defocus_blur,1,none
efficientnet_b4,ILSVRC2012_val_00045698.JPEG,n04311174,822,822,0.55902356,1,imagenet_c,defocus_blur,1,none
efficientnet_b4,ILSVRC2012_val_00047486.JPEG,n04311174,822,822,0.7081651,1,imagenet_c,defocus_blur,1,none
efficientnet_b4,ILSVRC2012_val_00047959.JPEG,n04311174,822,822,0.6464467,1,imagenet_c,defocus_blur,1,none
efficientnet_b4,ILSVRC2012_val_00048232.JPEG,n04311174,822,822,0.47583833,1,imagenet_c,defocus_blur,1,none
efficientnet_b4,ILSVRC2012_val_00048484.JPEG,n04311174,822,822,0.5296451,1,imagenet_c,defocus_blur,1,none
efficientnet_b4,ILSVRC2012_val_00049340.JPEG,n04311174,822,822,0.22306725,1,imagenet_c,defocus_blur,1,none
efficientnet_b4,ILSVRC2012_val_00001183.JPEG,n04317175,823,823,0.28542605,1,imagenet_c,defocus_blur,1,none
efficientnet_b4,ILSVRC2012_val_00002662.JPEG,n04317175,823,823,0.21690816,1,imagenet_c,defocus_blur,1,none
efficientnet_b4,ILSVRC2012_val_00003333.JPEG,n04317175,823,617,0.5570191,0,imagenet_c,defocus_blur,1,none
efficientnet_b4,ILSVRC2012_val_00003344.JPEG,n04317175,823,823,0.74258983,1,imagenet_c,defocus_blur,1,none
efficientnet_b4,ILSVRC2012_val_00003668.JPEG,n04317175,823,926,0.10616878,0,imagenet_c,defocus_blur,1,none
efficientnet_b4,ILSVRC2012_val_00005452.JPEG,n04317175,823,823,0.7266474,1,imagenet_c,defocus_blur,1,none
efficientnet_b4,ILSVRC2012_val_00007135.JPEG,n04317175,823,153,0.18315019,0,imagenet_c,defocus_blur,1,none
efficientnet_b4,ILSVRC2012_val_00008854.JPEG,n04317175,823,823,0.6633073,1,imagenet_c,defocus_blur,1,none
efficientnet_b4,ILSVRC2012_val_00009153.JPEG,n04317175,823,823,0.5260023,1,imagenet_c,defocus_blur,1,none
efficientnet_b4,ILSVRC2012_val_00010695.JPEG,n04317175,823,610,0.25831044,0,imagenet_c,defocus_blur,1,none
efficientnet_b4,ILSVRC2012_val_00010901.JPEG,n04317175,823,823,0.5681572,1,imagenet_c,defocus_blur,1,none
efficientnet_b4,ILSVRC2012_val_00012110.JPEG,n04317175,823,823,0.42565048,1,imagenet_c,defocus_blur,1,none
efficientnet_b4,ILSVRC2012_val_00013813.JPEG,n04317175,823,823,0.87260115,1,imagenet_c,defocus_blur,1,none
efficientnet_b4,ILSVRC2012_val_00014314.JPEG,n04317175,823,617,0.3355989,0,imagenet_c,defocus_blur,1,none
efficientnet_b4,ILSVRC2012_val_00015316.JPEG,n04317175,823,823,0.54894304,1,imagenet_c,defocus_blur,1,none
efficientnet_b4,ILSVRC2012_val_00016119.JPEG,n04317175,823,823,0.67022943,1,imagenet_c,defocus_blur,1,none
efficientnet_b4,ILSVRC2012_val_00016903.JPEG,n04317175,823,823,0.7536344,1,imagenet_c,defocus_blur,1,none
efficientnet_b4,ILSVRC2012_val_00017086.JPEG,n04317175,823,713,0.070418864,0,imagenet_c,defocus_blur,1,none
efficientnet_b4,ILSVRC2012_val_00018591.JPEG,n04317175,823,823,0.08489376,1,imagenet_c,defocus_blur,1,none
efficientnet_b4,ILSVRC2012_val_00021595.JPEG,n04317175,823,823,0.7443657,1,imagenet_c,defocus_blur,1,none
efficientnet_b4,ILSVRC2012_val_00023592.JPEG,n04317175,823,529,0.07131004,0,imagenet_c,defocus_blur,1,none
efficientnet_b4,ILSVRC2012_val_00024810.JPEG,n04317175,823,823,0.928992,1,imagenet_c,defocus_blur,1,none
efficientnet_b4,ILSVRC2012_val_00027147.JPEG,n04317175,823,823,0.8323028,1,imagenet_c,defocus_blur,1,none
efficientnet_b4,ILSVRC2012_val_00028075.JPEG,n04317175,823,823,0.8527614,1,imagenet_c,defocus_blur,1,none
efficientnet_b4,ILSVRC2012_val_00029053.JPEG,n04317175,823,739,0.045310203,0,imagenet_c,defocus_blur,1,none
efficientnet_b4,ILSVRC2012_val_00029515.JPEG,n04317175,823,823,0.34455284,1,imagenet_c,defocus_blur,1,none
efficientnet_b4,ILSVRC2012_val_00030162.JPEG,n04317175,823,823,0.7137749,1,imagenet_c,defocus_blur,1,none
efficientnet_b4,ILSVRC2012_val_00030733.JPEG,n04317175,823,851,0.06753079,0,imagenet_c,defocus_blur,1,none
efficientnet_b4,ILSVRC2012_val_00031926.JPEG,n04317175,823,823,0.1356225,1,imagenet_c,defocus_blur,1,none
efficientnet_b4,ILSVRC2012_val_00031969.JPEG,n04317175,823,823,0.52355343,1,imagenet_c,defocus_blur,1,none
efficientnet_b4,ILSVRC2012_val_00032222.JPEG,n04317175,823,823,0.47072443,1,imagenet_c,defocus_blur,1,none
efficientnet_b4,ILSVRC2012_val_00032282.JPEG,n04317175,823,674,0.085352,0,imagenet_c,defocus_blur,1,none
efficientnet_b4,ILSVRC2012_val_00032866.JPEG,n04317175,823,854,0.42038012,0,imagenet_c,defocus_blur,1,none
efficientnet_b4,ILSVRC2012_val_00032977.JPEG,n04317175,823,823,0.7111093,1,imagenet_c,defocus_blur,1,none
efficientnet_b4,ILSVRC2012_val_00035064.JPEG,n04317175,823,617,0.06971357,0,imagenet_c,defocus_blur,1,none
efficientnet_b4,ILSVRC2012_val_00035258.JPEG,n04317175,823,747,0.08083536,0,imagenet_c,defocus_blur,1,none
efficientnet_b4,ILSVRC2012_val_00035835.JPEG,n04317175,823,823,0.92017865,1,imagenet_c,defocus_blur,1,none
efficientnet_b4,ILSVRC2012_val_00039411.JPEG,n04317175,823,617,0.42944542,0,imagenet_c,defocus_blur,1,none
efficientnet_b4,ILSVRC2012_val_00039435.JPEG,n04317175,823,830,0.15269351,0,imagenet_c,defocus_blur,1,none
efficientnet_b4,ILSVRC2012_val_00040387.JPEG,n04317175,823,823,0.7527045,1,imagenet_c,defocus_blur,1,none
efficientnet_b4,ILSVRC2012_val_00041030.JPEG,n04317175,823,617,0.12550102,0,imagenet_c,defocus_blur,1,none
efficientnet_b4,ILSVRC2012_val_00041111.JPEG,n04317175,823,823,0.8711642,1,imagenet_c,defocus_blur,1,none
efficientnet_b4,ILSVRC2012_val_00044951.JPEG,n04317175,823,823,0.42563742,1,imagenet_c,defocus_blur,1,none
efficientnet_b4,ILSVRC2012_val_00045154.JPEG,n04317175,823,823,0.5240951,1,imagenet_c,defocus_blur,1,none
efficientnet_b4,ILSVRC2012_val_00045381.JPEG,n04317175,823,823,0.7428154,1,imagenet_c,defocus_blur,1,none
efficientnet_b4,ILSVRC2012_val_00046901.JPEG,n04317175,823,739,0.12430361,0,imagenet_c,defocus_blur,1,none
efficientnet_b4,ILSVRC2012_val_00048094.JPEG,n04317175,823,823,0.8404444,1,imagenet_c,defocus_blur,1,none
efficientnet_b4,ILSVRC2012_val_00048424.JPEG,n04317175,823,823,0.11311845,1,imagenet_c,defocus_blur,1,none
efficientnet_b4,ILSVRC2012_val_00048835.JPEG,n04317175,823,823,0.35639665,1,imagenet_c,defocus_blur,1,none
efficientnet_b4,ILSVRC2012_val_00049946.JPEG,n04317175,823,823,0.7796063,1,imagenet_c,defocus_blur,1,none
efficientnet_b4,ILSVRC2012_val_00001059.JPEG,n04325704,824,824,0.5847018,1,imagenet_c,defocus_blur,1,none
efficientnet_b4,ILSVRC2012_val_00003010.JPEG,n04325704,824,816,0.30028632,0,imagenet_c,defocus_blur,1,none
efficientnet_b4,ILSVRC2012_val_00003414.JPEG,n04325704,824,743,0.10222608,0,imagenet_c,defocus_blur,1,none
efficientnet_b4,ILSVRC2012_val_00004654.JPEG,n04325704,824,857,0.094382256,0,imagenet_c,defocus_blur,1,none
efficientnet_b4,ILSVRC2012_val_00004680.JPEG,n04325704,824,824,0.09389749,1,imagenet_c,defocus_blur,1,none
efficientnet_b4,ILSVRC2012_val_00007117.JPEG,n04325704,824,658,0.080984816,0,imagenet_c,defocus_blur,1,none
efficientnet_b4,ILSVRC2012_val_00007162.JPEG,n04325704,824,689,0.24530447,0,imagenet_c,defocus_blur,1,none
efficientnet_b4,ILSVRC2012_val_00009732.JPEG,n04325704,824,760,0.082645774,0,imagenet_c,defocus_blur,1,none
efficientnet_b4,ILSVRC2012_val_00010960.JPEG,n04325704,824,824,0.27030328,1,imagenet_c,defocus_blur,1,none
efficientnet_b4,ILSVRC2012_val_00012317.JPEG,n04325704,824,824,0.65924865,1,imagenet_c,defocus_blur,1,none
efficientnet_b4,ILSVRC2012_val_00015383.JPEG,n04325704,824,796,0.35172546,0,imagenet_c,defocus_blur,1,none
efficientnet_b4,ILSVRC2012_val_00016515.JPEG,n04325704,824,824,0.18060921,1,imagenet_c,defocus_blur,1,none
efficientnet_b4,ILSVRC2012_val_00017390.JPEG,n04325704,824,591,0.11159699,0,imagenet_c,defocus_blur,1,none
efficientnet_b4,ILSVRC2012_val_00018497.JPEG,n04325704,824,655,0.0689347,0,imagenet_c,defocus_blur,1,none
efficientnet_b4,ILSVRC2012_val_00018510.JPEG,n04325704,824,824,0.32061103,1,imagenet_c,defocus_blur,1,none
efficientnet_b4,ILSVRC2012_val_00020738.JPEG,n04325704,824,936,0.09049299,0,imagenet_c,defocus_blur,1,none
efficientnet_b4,ILSVRC2012_val_00020882.JPEG,n04325704,824,399,0.26768503,0,imagenet_c,defocus_blur,1,none
efficientnet_b4,ILSVRC2012_val_00021577.JPEG,n04325704,824,735,0.6079526,0,imagenet_c,defocus_blur,1,none
efficientnet_b4,ILSVRC2012_val_00021921.JPEG,n04325704,824,824,0.5146248,1,imagenet_c,defocus_blur,1,none
efficientnet_b4,ILSVRC2012_val_00022281.JPEG,n04325704,824,824,0.12072362,1,imagenet_c,defocus_blur,1,none
efficientnet_b4,ILSVRC2012_val_00023465.JPEG,n04325704,824,474,0.06434119,0,imagenet_c,defocus_blur,1,none
efficientnet_b4,ILSVRC2012_val_00025418.JPEG,n04325704,824,434,0.28535098,0,imagenet_c,defocus_blur,1,none
efficientnet_b4,ILSVRC2012_val_00026365.JPEG,n04325704,824,735,0.4101231,0,imagenet_c,defocus_blur,1,none
efficientnet_b4,ILSVRC2012_val_00027092.JPEG,n04325704,824,474,0.06266632,0,imagenet_c,defocus_blur,1,none
efficientnet_b4,ILSVRC2012_val_00027132.JPEG,n04325704,824,568,0.068128146,0,imagenet_c,defocus_blur,1,none
efficientnet_b4,ILSVRC2012_val_00027609.JPEG,n04325704,824,824,0.17288351,1,imagenet_c,defocus_blur,1,none
efficientnet_b4,ILSVRC2012_val_00032034.JPEG,n04325704,824,474,0.11972097,0,imagenet_c,defocus_blur,1,none
efficientnet_b4,ILSVRC2012_val_00032664.JPEG,n04325704,824,658,0.24187128,0,imagenet_c,defocus_blur,1,none
efficientnet_b4,ILSVRC2012_val_00034344.JPEG,n04325704,824,796,0.3168556,0,imagenet_c,defocus_blur,1,none
efficientnet_b4,ILSVRC2012_val_00035037.JPEG,n04325704,824,533,0.44698563,0,imagenet_c,defocus_blur,1,none
efficientnet_b4,ILSVRC2012_val_00035873.JPEG,n04325704,824,501,0.35129678,0,imagenet_c,defocus_blur,1,none
efficientnet_b4,ILSVRC2012_val_00036167.JPEG,n04325704,824,552,0.55866444,0,imagenet_c,defocus_blur,1,none
efficientnet_b4,ILSVRC2012_val_00037110.JPEG,n04325704,824,735,0.5575807,0,imagenet_c,defocus_blur,1,none
efficientnet_b4,ILSVRC2012_val_00038229.JPEG,n04325704,824,474,0.22533002,0,imagenet_c,defocus_blur,1,none
efficientnet_b4,ILSVRC2012_val_00039815.JPEG,n04325704,824,824,0.38579828,1,imagenet_c,defocus_blur,1,none
efficientnet_b4,ILSVRC2012_val_00040011.JPEG,n04325704,824,735,0.10821568,0,imagenet_c,defocus_blur,1,none
efficientnet_b4,ILSVRC2012_val_00041039.JPEG,n04325704,824,885,0.19797851,0,imagenet_c,defocus_blur,1,none
efficientnet_b4,ILSVRC2012_val_00041789.JPEG,n04325704,824,735,0.1617811,0,imagenet_c,defocus_blur,1,none
efficientnet_b4,ILSVRC2012_val_00042271.JPEG,n04325704,824,658,0.20433329,0,imagenet_c,defocus_blur,1,none
efficientnet_b4,ILSVRC2012_val_00042616.JPEG,n04325704,824,824,0.5599444,1,imagenet_c,defocus_blur,1,none
efficientnet_b4,ILSVRC2012_val_00042632.JPEG,n04325704,824,655,0.31318426,0,imagenet_c,defocus_blur,1,none
efficientnet_b4,ILSVRC2012_val_00042656.JPEG,n04325704,824,824,0.15156873,1,imagenet_c,defocus_blur,1,none
efficientnet_b4,ILSVRC2012_val_00044116.JPEG,n04325704,824,911,0.10299097,0,imagenet_c,defocus_blur,1,none
efficientnet_b4,ILSVRC2012_val_00044506.JPEG,n04325704,824,816,0.1142167,0,imagenet_c,defocus_blur,1,none
efficientnet_b4,ILSVRC2012_val_00045762.JPEG,n04325704,824,735,0.2550519,0,imagenet_c,defocus_blur,1,none
efficientnet_b4,ILSVRC2012_val_00046172.JPEG,n04325704,824,824,0.39407277,1,imagenet_c,defocus_blur,1,none
efficientnet_b4,ILSVRC2012_val_00047302.JPEG,n04325704,824,419,0.093398504,0,imagenet_c,defocus_blur,1,none
efficientnet_b4,ILSVRC2012_val_00047513.JPEG,n04325704,824,824,0.2588168,1,imagenet_c,defocus_blur,1,none
efficientnet_b4,ILSVRC2012_val_00047964.JPEG,n04325704,824,401,0.16000977,0,imagenet_c,defocus_blur,1,none
efficientnet_b4,ILSVRC2012_val_00047994.JPEG,n04325704,824,490,0.08961403,0,imagenet_c,defocus_blur,1,none
efficientnet_b4,ILSVRC2012_val_00000171.JPEG,n04326547,825,825,0.2974777,1,imagenet_c,defocus_blur,1,none
efficientnet_b4,ILSVRC2012_val_00001505.JPEG,n04326547,825,825,0.3902309,1,imagenet_c,defocus_blur,1,none
efficientnet_b4,ILSVRC2012_val_00002532.JPEG,n04326547,825,825,0.5382381,1,imagenet_c,defocus_blur,1,none
efficientnet_b4,ILSVRC2012_val_00003336.JPEG,n04326547,825,825,0.17604415,1,imagenet_c,defocus_blur,1,none
efficientnet_b4,ILSVRC2012_val_00005047.JPEG,n04326547,825,825,0.15146166,1,imagenet_c,defocus_blur,1,none
efficientnet_b4,ILSVRC2012_val_00005354.JPEG,n04326547,825,972,0.076076485,0,imagenet_c,defocus_blur,1,none
efficientnet_b4,ILSVRC2012_val_00005899.JPEG,n04326547,825,825,0.29756624,1,imagenet_c,defocus_blur,1,none
efficientnet_b4,ILSVRC2012_val_00006381.JPEG,n04326547,825,825,0.35832846,1,imagenet_c,defocus_blur,1,none
efficientnet_b4,ILSVRC2012_val_00006408.JPEG,n04326547,825,825,0.50261676,1,imagenet_c,defocus_blur,1,none
efficientnet_b4,ILSVRC2012_val_00006563.JPEG,n04326547,825,825,0.38258517,1,imagenet_c,defocus_blur,1,none
efficientnet_b4,ILSVRC2012_val_00008677.JPEG,n04326547,825,825,0.109409496,1,imagenet_c,defocus_blur,1,none
efficientnet_b4,ILSVRC2012_val_00008758.JPEG,n04326547,825,743,0.14931947,0,imagenet_c,defocus_blur,1,none
efficientnet_b4,ILSVRC2012_val_00010698.JPEG,n04326547,825,825,0.57263666,1,imagenet_c,defocus_blur,1,none
efficientnet_b4,ILSVRC2012_val_00010838.JPEG,n04326547,825,912,0.100437745,0,imagenet_c,defocus_blur,1,none
efficientnet_b4,ILSVRC2012_val_00011117.JPEG,n04326547,825,825,0.5343453,1,imagenet_c,defocus_blur,1,none
efficientnet_b4,ILSVRC2012_val_00011162.JPEG,n04326547,825,825,0.714451,1,imagenet_c,defocus_blur,1,none
efficientnet_b4,ILSVRC2012_val_00011562.JPEG,n04326547,825,825,0.08798511,1,imagenet_c,defocus_blur,1,none
efficientnet_b4,ILSVRC2012_val_00011723.JPEG,n04326547,825,634,0.04484608,0,imagenet_c,defocus_blur,1,none
efficientnet_b4,ILSVRC2012_val_00013359.JPEG,n04326547,825,825,0.13586159,1,imagenet_c,defocus_blur,1,none
efficientnet_b4,ILSVRC2012_val_00013931.JPEG,n04326547,825,825,0.08145419,1,imagenet_c,defocus_blur,1,none
efficientnet_b4,ILSVRC2012_val_00014044.JPEG,n04326547,825,825,0.49329004,1,imagenet_c,defocus_blur,1,none
efficientnet_b4,ILSVRC2012_val_00015034.JPEG,n04326547,825,989,0.09796739,0,imagenet_c,defocus_blur,1,none
efficientnet_b4,ILSVRC2012_val_00015763.JPEG,n04326547,825,825,0.6014976,1,imagenet_c,defocus_blur,1,none
efficientnet_b4,ILSVRC2012_val_00017530.JPEG,n04326547,825,81,0.07630644,0,imagenet_c,defocus_blur,1,none
efficientnet_b4,ILSVRC2012_val_00017665.JPEG,n04326547,825,825,0.48441473,1,imagenet_c,defocus_blur,1,none
efficientnet_b4,ILSVRC2012_val_00018620.JPEG,n04326547,825,637,0.03413524,0,imagenet_c,defocus_blur,1,none
efficientnet_b4,ILSVRC2012_val_00020071.JPEG,n04326547,825,825,0.17406037,1,imagenet_c,defocus_blur,1,none
efficientnet_b4,ILSVRC2012_val_00020542.JPEG,n04326547,825,825,0.4702979,1,imagenet_c,defocus_blur,1,none
efficientnet_b4,ILSVRC2012_val_00026644.JPEG,n04326547,825,825,0.056442183,1,imagenet_c,defocus_blur,1,none
efficientnet_b4,ILSVRC2012_val_00028031.JPEG,n04326547,825,574,0.04537267,0,imagenet_c,defocus_blur,1,none
efficientnet_b4,ILSVRC2012_val_00028856.JPEG,n04326547,825,611,0.0470381,0,imagenet_c,defocus_blur,1,none
efficientnet_b4,ILSVRC2012_val_00029132.JPEG,n04326547,825,9,0.026670936,0,imagenet_c,defocus_blur,1,none
efficientnet_b4,ILSVRC2012_val_00030823.JPEG,n04326547,825,483,0.13265847,0,imagenet_c,defocus_blur,1,none
efficientnet_b4,ILSVRC2012_val_00031811.JPEG,n04326547,825,825,0.33518913,1,imagenet_c,defocus_blur,1,none
efficientnet_b4,ILSVRC2012_val_00032836.JPEG,n04326547,825,825,0.07065667,1,imagenet_c,defocus_blur,1,none
efficientnet_b4,ILSVRC2012_val_00033255.JPEG,n04326547,825,825,0.05199433,1,imagenet_c,defocus_blur,1,none
efficientnet_b4,ILSVRC2012_val_00033487.JPEG,n04326547,825,825,0.09861529,1,imagenet_c,defocus_blur,1,none
efficientnet_b4,ILSVRC2012_val_00034351.JPEG,n04326547,825,825,0.54929936,1,imagenet_c,defocus_blur,1,none
efficientnet_b4,ILSVRC2012_val_00035421.JPEG,n04326547,825,825,0.42821822,1,imagenet_c,defocus_blur,1,none
efficientnet_b4,ILSVRC2012_val_00035831.JPEG,n04326547,825,9,0.022045955,0,imagenet_c,defocus_blur,1,none
efficientnet_b4,ILSVRC2012_val_00036031.JPEG,n04326547,825,825,0.33744448,1,imagenet_c,defocus_blur,1,none
efficientnet_b4,ILSVRC2012_val_00036929.JPEG,n04326547,825,825,0.6854677,1,imagenet_c,defocus_blur,1,none
efficientnet_b4,ILSVRC2012_val_00038127.JPEG,n04326547,825,825,0.18872532,1,imagenet_c,defocus_blur,1,none
efficientnet_b4,ILSVRC2012_val_00038385.JPEG,n04326547,825,825,0.5128812,1,imagenet_c,defocus_blur,1,none
efficientnet_b4,ILSVRC2012_val_00038502.JPEG,n04326547,825,858,0.13991636,0,imagenet_c,defocus_blur,1,none
efficientnet_b4,ILSVRC2012_val_00039424.JPEG,n04326547,825,727,0.07289608,0,imagenet_c,defocus_blur,1,none
efficientnet_b4,ILSVRC2012_val_00040176.JPEG,n04326547,825,825,0.36087623,1,imagenet_c,defocus_blur,1,none
efficientnet_b4,ILSVRC2012_val_00043588.JPEG,n04326547,825,825,0.6845702,1,imagenet_c,defocus_blur,1,none
efficientnet_b4,ILSVRC2012_val_00043749.JPEG,n04326547,825,825,0.076314434,1,imagenet_c,defocus_blur,1,none
efficientnet_b4,ILSVRC2012_val_00047787.JPEG,n04326547,825,825,0.5128832,1,imagenet_c,defocus_blur,1,none
efficientnet_b4,ILSVRC2012_val_00000290.JPEG,n04328186,826,531,0.40861502,0,imagenet_c,defocus_blur,1,none
efficientnet_b4,ILSVRC2012_val_00001412.JPEG,n04328186,826,563,0.31258976,0,imagenet_c,defocus_blur,1,none
efficientnet_b4,ILSVRC2012_val_00002197.JPEG,n04328186,826,826,0.38499695,1,imagenet_c,defocus_blur,1,none
efficientnet_b4,ILSVRC2012_val_00003983.JPEG,n04328186,826,826,0.83023065,1,imagenet_c,defocus_blur,1,none
efficientnet_b4,ILSVRC2012_val_00004385.JPEG,n04328186,826,826,0.6092654,1,imagenet_c,defocus_blur,1,none
efficientnet_b4,ILSVRC2012_val_00005075.JPEG,n04328186,826,826,0.6552892,1,imagenet_c,defocus_blur,1,none
efficientnet_b4,ILSVRC2012_val_00005281.JPEG,n04328186,826,826,0.8385729,1,imagenet_c,defocus_blur,1,none
efficientnet_b4,ILSVRC2012_val_00006190.JPEG,n04328186,826,635,0.30200246,0,imagenet_c,defocus_blur,1,none
efficientnet_b4,ILSVRC2012_val_00007145.JPEG,n04328186,826,647,0.4753177,0,imagenet_c,defocus_blur,1,none
efficientnet_b4,ILSVRC2012_val_00008052.JPEG,n04328186,826,826,0.38218513,1,imagenet_c,defocus_blur,1,none
efficientnet_b4,ILSVRC2012_val_00010042.JPEG,n04328186,826,720,0.1230099,0,imagenet_c,defocus_blur,1,none
efficientnet_b4,ILSVRC2012_val_00010517.JPEG,n04328186,826,826,0.30196172,1,imagenet_c,defocus_blur,1,none
efficientnet_b4,ILSVRC2012_val_00011103.JPEG,n04328186,826,826,0.28539133,1,imagenet_c,defocus_blur,1,none
efficientnet_b4,ILSVRC2012_val_00011717.JPEG,n04328186,826,826,0.619056,1,imagenet_c,defocus_blur,1,none
efficientnet_b4,ILSVRC2012_val_00012946.JPEG,n04328186,826,826,0.69989884,1,imagenet_c,defocus_blur,1,none
efficientnet_b4,ILSVRC2012_val_00013770.JPEG,n04328186,826,826,0.5558043,1,imagenet_c,defocus_blur,1,none
efficientnet_b4,ILSVRC2012_val_00014153.JPEG,n04328186,826,635,0.17452258,0,imagenet_c,defocus_blur,1,none
efficientnet_b4,ILSVRC2012_val_00014795.JPEG,n04328186,826,826,0.79782015,1,imagenet_c,defocus_blur,1,none
efficientnet_b4,ILSVRC2012_val_00017686.JPEG,n04328186,826,531,0.427018,0,imagenet_c,defocus_blur,1,none
efficientnet_b4,ILSVRC2012_val_00020153.JPEG,n04328186,826,531,0.45852867,0,imagenet_c,defocus_blur,1,none
efficientnet_b4,ILSVRC2012_val_00023288.JPEG,n04328186,826,605,0.4742314,0,imagenet_c,defocus_blur,1,none
efficientnet_b4,ILSVRC2012_val_00023330.JPEG,n04328186,826,826,0.6547117,1,imagenet_c,defocus_blur,1,none
efficientnet_b4,ILSVRC2012_val_00024579.JPEG,n04328186,826,826,0.497497,1,imagenet_c,defocus_blur,1,none
efficientnet_b4,ILSVRC2012_val_00025621.JPEG,n04328186,826,826,0.5559366,1,imagenet_c,defocus_blur,1,none
efficientnet_b4,ILSVRC2012_val_00025757.JPEG,n04328186,826,826,0.6516297,1,imagenet_c,defocus_blur,1,none
efficientnet_b4,ILSVRC2012_val_00028484.JPEG,n04328186,826,826,0.69023013,1,imagenet_c,defocus_blur,1,none
efficientnet_b4,ILSVRC2012_val_00029240.JPEG,n04328186,826,826,0.6162433,1,imagenet_c,defocus_blur,1,none
efficientnet_b4,ILSVRC2012_val_00029493.JPEG,n04328186,826,826,0.7512166,1,imagenet_c,defocus_blur,1,none
efficientnet_b4,ILSVRC2012_val_00031291.JPEG,n04328186,826,794,0.12344064,0,imagenet_c,defocus_blur,1,none
efficientnet_b4,ILSVRC2012_val_00031892.JPEG,n04328186,826,826,0.5626398,1,imagenet_c,defocus_blur,1,none
efficientnet_b4,ILSVRC2012_val_00032097.JPEG,n04328186,826,826,0.86199486,1,imagenet_c,defocus_blur,1,none
efficientnet_b4,ILSVRC2012_val_00034636.JPEG,n04328186,826,826,0.38427272,1,imagenet_c,defocus_blur,1,none
efficientnet_b4,ILSVRC2012_val_00035635.JPEG,n04328186,826,826,0.65308666,1,imagenet_c,defocus_blur,1,none
efficientnet_b4,ILSVRC2012_val_00035731.JPEG,n04328186,826,826,0.531704,1,imagenet_c,defocus_blur,1,none
efficientnet_b4,ILSVRC2012_val_00037238.JPEG,n04328186,826,531,0.66729116,0,imagenet_c,defocus_blur,1,none
efficientnet_b4,ILSVRC2012_val_00037805.JPEG,n04328186,826,826,0.66167706,1,imagenet_c,defocus_blur,1,none
efficientnet_b4,ILSVRC2012_val_00038729.JPEG,n04328186,826,531,0.3500686,0,imagenet_c,defocus_blur,1,none
efficientnet_b4,ILSVRC2012_val_00039517.JPEG,n04328186,826,826,0.15323138,1,imagenet_c,defocus_blur,1,none
efficientnet_b4,ILSVRC2012_val_00041340.JPEG,n04328186,826,723,0.13413133,0,imagenet_c,defocus_blur,1,none
efficientnet_b4,ILSVRC2012_val_00041973.JPEG,n04328186,826,826,0.5302279,1,imagenet_c,defocus_blur,1,none
efficientnet_b4,ILSVRC2012_val_00043606.JPEG,n04328186,826,826,0.6028772,1,imagenet_c,defocus_blur,1,none
efficientnet_b4,ILSVRC2012_val_00044825.JPEG,n04328186,826,531,0.49540526,0,imagenet_c,defocus_blur,1,none
efficientnet_b4,ILSVRC2012_val_00045012.JPEG,n04328186,826,409,0.2552085,0,imagenet_c,defocus_blur,1,none
efficientnet_b4,ILSVRC2012_val_00045015.JPEG,n04328186,826,826,0.7724608,1,imagenet_c,defocus_blur,1,none
efficientnet_b4,ILSVRC2012_val_00045064.JPEG,n04328186,826,826,0.73611206,1,imagenet_c,defocus_blur,1,none
efficientnet_b4,ILSVRC2012_val_00045345.JPEG,n04328186,826,826,0.7584149,1,imagenet_c,defocus_blur,1,none
efficientnet_b4,ILSVRC2012_val_00047805.JPEG,n04328186,826,826,0.6290334,1,imagenet_c,defocus_blur,1,none
efficientnet_b4,ILSVRC2012_val_00048093.JPEG,n04328186,826,826,0.36144724,1,imagenet_c,defocus_blur,1,none
efficientnet_b4,ILSVRC2012_val_00049839.JPEG,n04328186,826,826,0.5573944,1,imagenet_c,defocus_blur,1,none
efficientnet_b4,ILSVRC2012_val_00049993.JPEG,n04328186,826,531,0.2693423,0,imagenet_c,defocus_blur,1,none
efficientnet_b4,ILSVRC2012_val_00000205.JPEG,n04330267,827,848,0.37699854,0,imagenet_c,defocus_blur,1,none
efficientnet_b4,ILSVRC2012_val_00001174.JPEG,n04330267,827,827,0.3668,1,imagenet_c,defocus_blur,1,none
efficientnet_b4,ILSVRC2012_val_00001312.JPEG,n04330267,827,715,0.124096796,0,imagenet_c,defocus_blur,1,none
efficientnet_b4,ILSVRC2012_val_00001353.JPEG,n04330267,827,827,0.27288607,1,imagenet_c,defocus_blur,1,none
efficientnet_b4,ILSVRC2012_val_00008423.JPEG,n04330267,827,827,0.2543738,1,imagenet_c,defocus_blur,1,none
efficientnet_b4,ILSVRC2012_val_00009101.JPEG,n04330267,827,827,0.10610961,1,imagenet_c,defocus_blur,1,none
efficientnet_b4,ILSVRC2012_val_00009284.JPEG,n04330267,827,827,0.23952462,1,imagenet_c,defocus_blur,1,none
efficientnet_b4,ILSVRC2012_val_00010115.JPEG,n04330267,827,423,0.10842114,0,imagenet_c,defocus_blur,1,none
efficientnet_b4,ILSVRC2012_val_00010670.JPEG,n04330267,827,651,0.2534164,0,imagenet_c,defocus_blur,1,none
efficientnet_b4,ILSVRC2012_val_00011852.JPEG,n04330267,827,827,0.20956938,1,imagenet_c,defocus_blur,1,none
efficientnet_b4,ILSVRC2012_val_00014070.JPEG,n04330267,827,827,0.5381797,1,imagenet_c,defocus_blur,1,none
efficientnet_b4,ILSVRC2012_val_00014185.JPEG,n04330267,827,26,0.2301502,0,imagenet_c,defocus_blur,1,none
efficientnet_b4,ILSVRC2012_val_00014803.JPEG,n04330267,827,827,0.23044041,1,imagenet_c,defocus_blur,1,none
efficientnet_b4,ILSVRC2012_val_00014916.JPEG,n04330267,827,891,0.19985446,0,imagenet_c,defocus_blur,1,none
efficientnet_b4,ILSVRC2012_val_00016412.JPEG,n04330267,827,897,0.024900716,0,imagenet_c,defocus_blur,1,none
efficientnet_b4,ILSVRC2012_val_00016797.JPEG,n04330267,827,653,0.2179588,0,imagenet_c,defocus_blur,1,none
efficientnet_b4,ILSVRC2012_val_00017468.JPEG,n04330267,827,827,0.33845696,1,imagenet_c,defocus_blur,1,none
efficientnet_b4,ILSVRC2012_val_00019610.JPEG,n04330267,827,827,0.14774795,1,imagenet_c,defocus_blur,1,none
efficientnet_b4,ILSVRC2012_val_00023064.JPEG,n04330267,827,827,0.4971081,1,imagenet_c,defocus_blur,1,none
efficientnet_b4,ILSVRC2012_val_00025452.JPEG,n04330267,827,827,0.5751206,1,imagenet_c,defocus_blur,1,none
efficientnet_b4,ILSVRC2012_val_00026210.JPEG,n04330267,827,550,0.08212716,0,imagenet_c,defocus_blur,1,none
efficientnet_b4,ILSVRC2012_val_00027059.JPEG,n04330267,827,423,0.05937586,0,imagenet_c,defocus_blur,1,none
efficientnet_b4,ILSVRC2012_val_00027327.JPEG,n04330267,827,544,0.096980855,0,imagenet_c,defocus_blur,1,none
efficientnet_b4,ILSVRC2012_val_00028834.JPEG,n04330267,827,651,0.6555852,0,imagenet_c,defocus_blur,1,none
efficientnet_b4,ILSVRC2012_val_00028865.JPEG,n04330267,827,469,0.36780307,0,imagenet_c,defocus_blur,1,none
efficientnet_b4,ILSVRC2012_val_00029749.JPEG,n04330267,827,827,0.42975897,1,imagenet_c,defocus_blur,1,none
efficientnet_b4,ILSVRC2012_val_00030182.JPEG,n04330267,827,827,0.77322906,1,imagenet_c,defocus_blur,1,none
efficientnet_b4,ILSVRC2012_val_00030581.JPEG,n04330267,827,827,0.23155321,1,imagenet_c,defocus_blur,1,none
efficientnet_b4,ILSVRC2012_val_00030801.JPEG,n04330267,827,827,0.5668072,1,imagenet_c,defocus_blur,1,none
efficientnet_b4,ILSVRC2012_val_00033191.JPEG,n04330267,827,651,0.4851996,0,imagenet_c,defocus_blur,1,none
efficientnet_b4,ILSVRC2012_val_00033864.JPEG,n04330267,827,731,0.1801634,0,imagenet_c,defocus_blur,1,none
efficientnet_b4,ILSVRC2012_val_00036250.JPEG,n04330267,827,827,0.23066737,1,imagenet_c,defocus_blur,1,none
efficientnet_b4,ILSVRC2012_val_00039646.JPEG,n04330267,827,827,0.3417903,1,imagenet_c,defocus_blur,1,none
efficientnet_b4,ILSVRC2012_val_00041907.JPEG,n04330267,827,827,0.6654019,1,imagenet_c,defocus_blur,1,none
efficientnet_b4,ILSVRC2012_val_00042091.JPEG,n04330267,827,827,0.43467966,1,imagenet_c,defocus_blur,1,none
efficientnet_b4,ILSVRC2012_val_00042736.JPEG,n04330267,827,926,0.4421623,0,imagenet_c,defocus_blur,1,none
efficientnet_b4,ILSVRC2012_val_00043536.JPEG,n04330267,827,505,0.41672096,0,imagenet_c,defocus_blur,1,none
efficientnet_b4,ILSVRC2012_val_00044740.JPEG,n04330267,827,899,0.20350836,0,imagenet_c,defocus_blur,1,none
efficientnet_b4,ILSVRC2012_val_00044780.JPEG,n04330267,827,827,0.20793086,1,imagenet_c,defocus_blur,1,none
efficientnet_b4,ILSVRC2012_val_00045020.JPEG,n04330267,827,827,0.5654948,1,imagenet_c,defocus_blur,1,none
efficientnet_b4,ILSVRC2012_val_00045078.JPEG,n04330267,827,651,0.065442905,0,imagenet_c,defocus_blur,1,none
efficientnet_b4,ILSVRC2012_val_00045303.JPEG,n04330267,827,827,0.2352947,1,imagenet_c,defocus_blur,1,none
efficientnet_b4,ILSVRC2012_val_00046177.JPEG,n04330267,827,966,0.104187235,0,imagenet_c,defocus_blur,1,none
efficientnet_b4,ILSVRC2012_val_00046493.JPEG,n04330267,827,827,0.45955148,1,imagenet_c,defocus_blur,1,none
efficientnet_b4,ILSVRC2012_val_00046914.JPEG,n04330267,827,827,0.204369,1,imagenet_c,defocus_blur,1,none
efficientnet_b4,ILSVRC2012_val_00047861.JPEG,n04330267,827,827,0.7880068,1,imagenet_c,defocus_blur,1,none
efficientnet_b4,ILSVRC2012_val_00048543.JPEG,n04330267,827,827,0.5268406,1,imagenet_c,defocus_blur,1,none
efficientnet_b4,ILSVRC2012_val_00049006.JPEG,n04330267,827,827,0.45929098,1,imagenet_c,defocus_blur,1,none
efficientnet_b4,ILSVRC2012_val_00049251.JPEG,n04330267,827,862,0.081354536,0,imagenet_c,defocus_blur,1,none
efficientnet_b4,ILSVRC2012_val_00049277.JPEG,n04330267,827,553,0.1739505,0,imagenet_c,defocus_blur,1,none
efficientnet_b4,ILSVRC2012_val_00001470.JPEG,n04332243,828,828,0.6526642,1,imagenet_c,defocus_blur,1,none
efficientnet_b4,ILSVRC2012_val_00001681.JPEG,n04332243,828,969,0.38057384,0,imagenet_c,defocus_blur,1,none
efficientnet_b4,ILSVRC2012_val_00001863.JPEG,n04332243,828,828,0.44594347,1,imagenet_c,defocus_blur,1,none
efficientnet_b4,ILSVRC2012_val_00002067.JPEG,n04332243,828,455,0.21052517,0,imagenet_c,defocus_blur,1,none
efficientnet_b4,ILSVRC2012_val_00002841.JPEG,n04332243,828,828,0.4383007,1,imagenet_c,defocus_blur,1,none
efficientnet_b4,ILSVRC2012_val_00002981.JPEG,n04332243,828,968,0.08306755,0,imagenet_c,defocus_blur,1,none
efficientnet_b4,ILSVRC2012_val_00004551.JPEG,n04332243,828,828,0.64423835,1,imagenet_c,defocus_blur,1,none
efficientnet_b4,ILSVRC2012_val_00005036.JPEG,n04332243,828,828,0.3124988,1,imagenet_c,defocus_blur,1,none
efficientnet_b4,ILSVRC2012_val_00005436.JPEG,n04332243,828,828,0.89753836,1,imagenet_c,defocus_blur,1,none
efficientnet_b4,ILSVRC2012_val_00006074.JPEG,n04332243,828,828,0.41354287,1,imagenet_c,defocus_blur,1,none
efficientnet_b4,ILSVRC2012_val_00007118.JPEG,n04332243,828,924,0.114258066,0,imagenet_c,defocus_blur,1,none
efficientnet_b4,ILSVRC2012_val_00008446.JPEG,n04332243,828,828,0.64491564,1,imagenet_c,defocus_blur,1,none
efficientnet_b4,ILSVRC2012_val_00008608.JPEG,n04332243,828,503,0.5791634,0,imagenet_c,defocus_blur,1,none
efficientnet_b4,ILSVRC2012_val_00008949.JPEG,n04332243,828,828,0.11117417,1,imagenet_c,defocus_blur,1,none
efficientnet_b4,ILSVRC2012_val_00009242.JPEG,n04332243,828,828,0.7752173,1,imagenet_c,defocus_blur,1,none
efficientnet_b4,ILSVRC2012_val_00009360.JPEG,n04332243,828,599,0.26764828,0,imagenet_c,defocus_blur,1,none
efficientnet_b4,ILSVRC2012_val_00009475.JPEG,n04332243,828,758,0.13100277,0,imagenet_c,defocus_blur,1,none
efficientnet_b4,ILSVRC2012_val_00009477.JPEG,n04332243,828,712,0.4885248,0,imagenet_c,defocus_blur,1,none
efficientnet_b4,ILSVRC2012_val_00009768.JPEG,n04332243,828,828,0.1617658,1,imagenet_c,defocus_blur,1,none
efficientnet_b4,ILSVRC2012_val_00010232.JPEG,n04332243,828,828,0.36133787,1,imagenet_c,defocus_blur,1,none
efficientnet_b4,ILSVRC2012_val_00010295.JPEG,n04332243,828,828,0.6059797,1,imagenet_c,defocus_blur,1,none
efficientnet_b4,ILSVRC2012_val_00010557.JPEG,n04332243,828,828,0.1419606,1,imagenet_c,defocus_blur,1,none
efficientnet_b4,ILSVRC2012_val_00011709.JPEG,n04332243,828,828,0.383023,1,imagenet_c,defocus_blur,1,none
efficientnet_b4,ILSVRC2012_val_00012249.JPEG,n04332243,828,666,0.33646202,0,imagenet_c,defocus_blur,1,none
efficientnet_b4,ILSVRC2012_val_00014495.JPEG,n04332243,828,855,0.393976,0,imagenet_c,defocus_blur,1,none
efficientnet_b4,ILSVRC2012_val_00016707.JPEG,n04332243,828,828,0.16417935,1,imagenet_c,defocus_blur,1,none
efficientnet_b4,ILSVRC2012_val_00017351.JPEG,n04332243,828,680,0.0922956,0,imagenet_c,defocus_blur,1,none
efficientnet_b4,ILSVRC2012_val_00017629.JPEG,n04332243,828,828,0.25224265,1,imagenet_c,defocus_blur,1,none
efficientnet_b4,ILSVRC2012_val_00018089.JPEG,n04332243,828,633,0.7103446,0,imagenet_c,defocus_blur,1,none
efficientnet_b4,ILSVRC2012_val_00020168.JPEG,n04332243,828,451,0.2949528,0,imagenet_c,defocus_blur,1,none
efficientnet_b4,ILSVRC2012_val_00021161.JPEG,n04332243,828,828,0.26428756,1,imagenet_c,defocus_blur,1,none
efficientnet_b4,ILSVRC2012_val_00022166.JPEG,n04332243,828,577,0.057899605,0,imagenet_c,defocus_blur,1,none
efficientnet_b4,ILSVRC2012_val_00022612.JPEG,n04332243,828,828,0.6354474,1,imagenet_c,defocus_blur,1,none
efficientnet_b4,ILSVRC2012_val_00026345.JPEG,n04332243,828,923,0.26336813,0,imagenet_c,defocus_blur,1,none
efficientnet_b4,ILSVRC2012_val_00029625.JPEG,n04332243,828,738,0.3102791,0,imagenet_c,defocus_blur,1,none
efficientnet_b4,ILSVRC2012_val_00030726.JPEG,n04332243,828,992,0.13215639,0,imagenet_c,defocus_blur,1,none
efficientnet_b4,ILSVRC2012_val_00032341.JPEG,n04332243,828,828,0.42343688,1,imagenet_c,defocus_blur,1,none
efficientnet_b4,ILSVRC2012_val_00033583.JPEG,n04332243,828,813,0.11883447,0,imagenet_c,defocus_blur,1,none
efficientnet_b4,ILSVRC2012_val_00034559.JPEG,n04332243,828,778,0.11568257,0,imagenet_c,defocus_blur,1,none
efficientnet_b4,ILSVRC2012_val_00035739.JPEG,n04332243,828,828,0.65291715,1,imagenet_c,defocus_blur,1,none
efficientnet_b4,ILSVRC2012_val_00037422.JPEG,n04332243,828,904,0.50829804,0,imagenet_c,defocus_blur,1,none
efficientnet_b4,ILSVRC2012_val_00037515.JPEG,n04332243,828,818,0.27223355,0,imagenet_c,defocus_blur,1,none
efficientnet_b4,ILSVRC2012_val_00038496.JPEG,n04332243,828,828,0.25290313,1,imagenet_c,defocus_blur,1,none
efficientnet_b4,ILSVRC2012_val_00040530.JPEG,n04332243,828,720,0.1032561,0,imagenet_c,defocus_blur,1,none
efficientnet_b4,ILSVRC2012_val_00040837.JPEG,n04332243,828,828,0.1713529,1,imagenet_c,defocus_blur,1,none
efficientnet_b4,ILSVRC2012_val_00042439.JPEG,n04332243,828,849,0.28040385,0,imagenet_c,defocus_blur,1,none
efficientnet_b4,ILSVRC2012_val_00043814.JPEG,n04332243,828,823,0.18724273,0,imagenet_c,defocus_blur,1,none
efficientnet_b4,ILSVRC2012_val_00044443.JPEG,n04332243,828,469,0.64360166,0,imagenet_c,defocus_blur,1,none
efficientnet_b4,ILSVRC2012_val_00045449.JPEG,n04332243,828,650,0.72104555,0,imagenet_c,defocus_blur,1,none
efficientnet_b4,ILSVRC2012_val_00048376.JPEG,n04332243,828,35,0.13615268,0,imagenet_c,defocus_blur,1,none
efficientnet_b4,ILSVRC2012_val_00000714.JPEG,n04335435,829,829,0.40241948,1,imagenet_c,defocus_blur,1,none
efficientnet_b4,ILSVRC2012_val_00001293.JPEG,n04335435,829,829,0.49917477,1,imagenet_c,defocus_blur,1,none
efficientnet_b4,ILSVRC2012_val_00003582.JPEG,n04335435,829,829,0.2953182,1,imagenet_c,defocus_blur,1,none
efficientnet_b4,ILSVRC2012_val_00004778.JPEG,n04335435,829,829,0.68983847,1,imagenet_c,defocus_blur,1,none
efficientnet_b4,ILSVRC2012_val_00004855.JPEG,n04335435,829,829,0.6133525,1,imagenet_c,defocus_blur,1,none
efficientnet_b4,ILSVRC2012_val_00005737.JPEG,n04335435,829,829,0.50269735,1,imagenet_c,defocus_blur,1,none
efficientnet_b4,ILSVRC2012_val_00008454.JPEG,n04335435,829,829,0.43285897,1,imagenet_c,defocus_blur,1,none
efficientnet_b4,ILSVRC2012_val_00009893.JPEG,n04335435,829,829,0.27198762,1,imagenet_c,defocus_blur,1,none
efficientnet_b4,ILSVRC2012_val_00012076.JPEG,n04335435,829,829,0.6400166,1,imagenet_c,defocus_blur,1,none
efficientnet_b4,ILSVRC2012_val_00012913.JPEG,n04335435,829,829,0.5866735,1,imagenet_c,defocus_blur,1,none
efficientnet_b4,ILSVRC2012_val_00013441.JPEG,n04335435,829,829,0.53642654,1,imagenet_c,defocus_blur,1,none
efficientnet_b4,ILSVRC2012_val_00014433.JPEG,n04335435,829,829,0.73781425,1,imagenet_c,defocus_blur,1,none
efficientnet_b4,ILSVRC2012_val_00015862.JPEG,n04335435,829,829,0.45479646,1,imagenet_c,defocus_blur,1,none
efficientnet_b4,ILSVRC2012_val_00016288.JPEG,n04335435,829,970,0.14733718,0,imagenet_c,defocus_blur,1,none
efficientnet_b4,ILSVRC2012_val_00016477.JPEG,n04335435,829,829,0.55112785,1,imagenet_c,defocus_blur,1,none
efficientnet_b4,ILSVRC2012_val_00017135.JPEG,n04335435,829,829,0.47873697,1,imagenet_c,defocus_blur,1,none
efficientnet_b4,ILSVRC2012_val_00019234.JPEG,n04335435,829,829,0.40904915,1,imagenet_c,defocus_blur,1,none
efficientnet_b4,ILSVRC2012_val_00019349.JPEG,n04335435,829,829,0.34984967,1,imagenet_c,defocus_blur,1,none
efficientnet_b4,ILSVRC2012_val_00020617.JPEG,n04335435,829,829,0.3117117,1,imagenet_c,defocus_blur,1,none
efficientnet_b4,ILSVRC2012_val_00021553.JPEG,n04335435,829,829,0.349692,1,imagenet_c,defocus_blur,1,none
efficientnet_b4,ILSVRC2012_val_00022600.JPEG,n04335435,829,829,0.7388157,1,imagenet_c,defocus_blur,1,none
efficientnet_b4,ILSVRC2012_val_00024071.JPEG,n04335435,829,829,0.22246869,1,imagenet_c,defocus_blur,1,none
efficientnet_b4,ILSVRC2012_val_00024430.JPEG,n04335435,829,829,0.5621461,1,imagenet_c,defocus_blur,1,none
efficientnet_b4,ILSVRC2012_val_00024820.JPEG,n04335435,829,829,0.16173963,1,imagenet_c,defocus_blur,1,none
efficientnet_b4,ILSVRC2012_val_00027691.JPEG,n04335435,829,829,0.5688453,1,imagenet_c,defocus_blur,1,none
efficientnet_b4,ILSVRC2012_val_00028630.JPEG,n04335435,829,829,0.58033097,1,imagenet_c,defocus_blur,1,none
efficientnet_b4,ILSVRC2012_val_00029187.JPEG,n04335435,829,920,0.15776646,0,imagenet_c,defocus_blur,1,none
efficientnet_b4,ILSVRC2012_val_00030861.JPEG,n04335435,829,829,0.44751072,1,imagenet_c,defocus_blur,1,none
efficientnet_b4,ILSVRC2012_val_00031204.JPEG,n04335435,829,829,0.47740558,1,imagenet_c,defocus_blur,1,none
efficientnet_b4,ILSVRC2012_val_00031357.JPEG,n04335435,829,705,0.38989216,0,imagenet_c,defocus_blur,1,none
efficientnet_b4,ILSVRC2012_val_00031714.JPEG,n04335435,829,778,0.10781003,0,imagenet_c,defocus_blur,1,none
efficientnet_b4,ILSVRC2012_val_00032692.JPEG,n04335435,829,829,0.6739298,1,imagenet_c,defocus_blur,1,none
efficientnet_b4,ILSVRC2012_val_00033110.JPEG,n04335435,829,829,0.4639409,1,imagenet_c,defocus_blur,1,none
efficientnet_b4,ILSVRC2012_val_00033772.JPEG,n04335435,829,829,0.5017118,1,imagenet_c,defocus_blur,1,none
efficientnet_b4,ILSVRC2012_val_00036449.JPEG,n04335435,829,829,0.69847107,1,imagenet_c,defocus_blur,1,none
efficientnet_b4,ILSVRC2012_val_00036805.JPEG,n04335435,829,733,0.046539336,0,imagenet_c,defocus_blur,1,none
efficientnet_b4,ILSVRC2012_val_00038259.JPEG,n04335435,829,829,0.117454715,1,imagenet_c,defocus_blur,1,none
efficientnet_b4,ILSVRC2012_val_00040648.JPEG,n04335435,829,829,0.5196314,1,imagenet_c,defocus_blur,1,none
efficientnet_b4,ILSVRC2012_val_00042166.JPEG,n04335435,829,829,0.6433236,1,imagenet_c,defocus_blur,1,none
efficientnet_b4,ILSVRC2012_val_00043000.JPEG,n04335435,829,829,0.6720987,1,imagenet_c,defocus_blur,1,none
efficientnet_b4,ILSVRC2012_val_00044131.JPEG,n04335435,829,829,0.5025937,1,imagenet_c,defocus_blur,1,none
efficientnet_b4,ILSVRC2012_val_00045531.JPEG,n04335435,829,829,0.22409315,1,imagenet_c,defocus_blur,1,none
efficientnet_b4,ILSVRC2012_val_00045852.JPEG,n04335435,829,829,0.36806312,1,imagenet_c,defocus_blur,1,none
efficientnet_b4,ILSVRC2012_val_00046104.JPEG,n04335435,829,829,0.63280237,1,imagenet_c,defocus_blur,1,none
efficientnet_b4,ILSVRC2012_val_00046946.JPEG,n04335435,829,547,0.18112572,0,imagenet_c,defocus_blur,1,none
efficientnet_b4,ILSVRC2012_val_00048230.JPEG,n04335435,829,829,0.18385571,1,imagenet_c,defocus_blur,1,none
efficientnet_b4,ILSVRC2012_val_00048404.JPEG,n04335435,829,829,0.5035101,1,imagenet_c,defocus_blur,1,none
efficientnet_b4,ILSVRC2012_val_00048572.JPEG,n04335435,829,829,0.32122636,1,imagenet_c,defocus_blur,1,none
efficientnet_b4,ILSVRC2012_val_00049437.JPEG,n04335435,829,829,0.2884109,1,imagenet_c,defocus_blur,1,none
efficientnet_b4,ILSVRC2012_val_00049663.JPEG,n04335435,829,829,0.41975945,1,imagenet_c,defocus_blur,1,none
efficientnet_b4,ILSVRC2012_val_00000535.JPEG,n04336792,830,830,0.75635284,1,imagenet_c,defocus_blur,1,none
efficientnet_b4,ILSVRC2012_val_00001196.JPEG,n04336792,830,413,0.42932436,0,imagenet_c,defocus_blur,1,none
efficientnet_b4,ILSVRC2012_val_00001211.JPEG,n04336792,830,675,0.33412048,0,imagenet_c,defocus_blur,1,none
efficientnet_b4,ILSVRC2012_val_00001235.JPEG,n04336792,830,830,0.36234355,1,imagenet_c,defocus_blur,1,none
efficientnet_b4,ILSVRC2012_val_00002731.JPEG,n04336792,830,830,0.6380502,1,imagenet_c,defocus_blur,1,none
efficientnet_b4,ILSVRC2012_val_00002814.JPEG,n04336792,830,830,0.82261217,1,imagenet_c,defocus_blur,1,none
efficientnet_b4,ILSVRC2012_val_00003510.JPEG,n04336792,830,830,0.16296399,1,imagenet_c,defocus_blur,1,none
efficientnet_b4,ILSVRC2012_val_00004166.JPEG,n04336792,830,922,0.10079486,0,imagenet_c,defocus_blur,1,none
efficientnet_b4,ILSVRC2012_val_00005839.JPEG,n04336792,830,830,0.25275508,1,imagenet_c,defocus_blur,1,none
efficientnet_b4,ILSVRC2012_val_00006309.JPEG,n04336792,830,830,0.4979387,1,imagenet_c,defocus_blur,1,none
efficientnet_b4,ILSVRC2012_val_00006542.JPEG,n04336792,830,830,0.27097768,1,imagenet_c,defocus_blur,1,none
efficientnet_b4,ILSVRC2012_val_00006772.JPEG,n04336792,830,830,0.3274752,1,imagenet_c,defocus_blur,1,none
efficientnet_b4,ILSVRC2012_val_00006911.JPEG,n04336792,830,788,0.08532584,0,imagenet_c,defocus_blur,1,none
efficientnet_b4,ILSVRC2012_val_00007504.JPEG,n04336792,830,830,0.12808406,1,imagenet_c,defocus_blur,1,none
efficientnet_b4,ILSVRC2012_val_00008400.JPEG,n04336792,830,830,0.6873515,1,imagenet_c,defocus_blur,1,none
efficientnet_b4,ILSVRC2012_val_00009356.JPEG,n04336792,830,830,0.55041474,1,imagenet_c,defocus_blur,1,none
efficientnet_b4,ILSVRC2012_val_00012987.JPEG,n04336792,830,701,0.06233668,0,imagenet_c,defocus_blur,1,none
efficientnet_b4,ILSVRC2012_val_00013568.JPEG,n04336792,830,830,0.8855046,1,imagenet_c,defocus_blur,1,none
efficientnet_b4,ILSVRC2012_val_00013910.JPEG,n04336792,830,830,0.78926885,1,imagenet_c,defocus_blur,1,none
efficientnet_b4,ILSVRC2012_val_00015424.JPEG,n04336792,830,787,0.07648046,0,imagenet_c,defocus_blur,1,none
efficientnet_b4,ILSVRC2012_val_00016751.JPEG,n04336792,830,792,0.13748237,0,imagenet_c,defocus_blur,1,none
efficientnet_b4,ILSVRC2012_val_00017793.JPEG,n04336792,830,830,0.47330585,1,imagenet_c,defocus_blur,1,none
efficientnet_b4,ILSVRC2012_val_00019974.JPEG,n04336792,830,880,0.42605293,0,imagenet_c,defocus_blur,1,none
efficientnet_b4,ILSVRC2012_val_00020184.JPEG,n04336792,830,830,0.062605925,1,imagenet_c,defocus_blur,1,none
efficientnet_b4,ILSVRC2012_val_00022108.JPEG,n04336792,830,537,0.5340037,0,imagenet_c,defocus_blur,1,none
efficientnet_b4,ILSVRC2012_val_00022231.JPEG,n04336792,830,612,0.096580826,0,imagenet_c,defocus_blur,1,none
efficientnet_b4,ILSVRC2012_val_00023176.JPEG,n04336792,830,830,0.5440594,1,imagenet_c,defocus_blur,1,none
efficientnet_b4,ILSVRC2012_val_00023741.JPEG,n04336792,830,830,0.3711546,1,imagenet_c,defocus_blur,1,none
efficientnet_b4,ILSVRC2012_val_00026841.JPEG,n04336792,830,830,0.8117159,1,imagenet_c,defocus_blur,1,none
efficientnet_b4,ILSVRC2012_val_00027835.JPEG,n04336792,830,413,0.36313227,0,imagenet_c,defocus_blur,1,none
efficientnet_b4,ILSVRC2012_val_00027884.JPEG,n04336792,830,410,0.121753134,0,imagenet_c,defocus_blur,1,none
efficientnet_b4,ILSVRC2012_val_00028123.JPEG,n04336792,830,660,0.07242888,0,imagenet_c,defocus_blur,1,none
efficientnet_b4,ILSVRC2012_val_00030144.JPEG,n04336792,830,830,0.16757952,1,imagenet_c,defocus_blur,1,none
efficientnet_b4,ILSVRC2012_val_00031393.JPEG,n04336792,830,830,0.33327174,1,imagenet_c,defocus_blur,1,none
efficientnet_b4,ILSVRC2012_val_00031783.JPEG,n04336792,830,830,0.7066129,1,imagenet_c,defocus_blur,1,none
efficientnet_b4,ILSVRC2012_val_00036134.JPEG,n04336792,830,830,0.7707496,1,imagenet_c,defocus_blur,1,none
efficientnet_b4,ILSVRC2012_val_00037267.JPEG,n04336792,830,522,0.489413,0,imagenet_c,defocus_blur,1,none
efficientnet_b4,ILSVRC2012_val_00037415.JPEG,n04336792,830,768,0.06127613,0,imagenet_c,defocus_blur,1,none
efficientnet_b4,ILSVRC2012_val_00038799.JPEG,n04336792,830,830,0.7517431,1,imagenet_c,defocus_blur,1,none
efficientnet_b4,ILSVRC2012_val_00039210.JPEG,n04336792,830,830,0.7457531,1,imagenet_c,defocus_blur,1,none
efficientnet_b4,ILSVRC2012_val_00039228.JPEG,n04336792,830,830,0.060622264,1,imagenet_c,defocus_blur,1,none
efficientnet_b4,ILSVRC2012_val_00042085.JPEG,n04336792,830,830,0.2921489,1,imagenet_c,defocus_blur,1,none
efficientnet_b4,ILSVRC2012_val_00042261.JPEG,n04336792,830,830,0.57039094,1,imagenet_c,defocus_blur,1,none
efficientnet_b4,ILSVRC2012_val_00042958.JPEG,n04336792,830,830,0.7433092,1,imagenet_c,defocus_blur,1,none
efficientnet_b4,ILSVRC2012_val_00044134.JPEG,n04336792,830,731,0.08015135,0,imagenet_c,defocus_blur,1,none
efficientnet_b4,ILSVRC2012_val_00045163.JPEG,n04336792,830,830,0.21736763,1,imagenet_c,defocus_blur,1,none
efficientnet_b4,ILSVRC2012_val_00046780.JPEG,n04336792,830,805,0.14508472,0,imagenet_c,defocus_blur,1,none
efficientnet_b4,ILSVRC2012_val_00047188.JPEG,n04336792,830,830,0.58566076,1,imagenet_c,defocus_blur,1,none
efficientnet_b4,ILSVRC2012_val_00048036.JPEG,n04336792,830,491,0.044508092,0,imagenet_c,defocus_blur,1,none
efficientnet_b4,ILSVRC2012_val_00049033.JPEG,n04336792,830,916,0.13961324,0,imagenet_c,defocus_blur,1,none
efficientnet_b4,ILSVRC2012_val_00001811.JPEG,n04344873,831,702,0.107000194,0,imagenet_c,defocus_blur,1,none
efficientnet_b4,ILSVRC2012_val_00002281.JPEG,n04344873,831,720,0.20011824,0,imagenet_c,defocus_blur,1,none
efficientnet_b4,ILSVRC2012_val_00007894.JPEG,n04344873,831,831,0.7163854,1,imagenet_c,defocus_blur,1,none
efficientnet_b4,ILSVRC2012_val_00008863.JPEG,n04344873,831,762,0.15755719,0,imagenet_c,defocus_blur,1,none
efficientnet_b4,ILSVRC2012_val_00009599.JPEG,n04344873,831,831,0.44511637,1,imagenet_c,defocus_blur,1,none
efficientnet_b4,ILSVRC2012_val_00010236.JPEG,n04344873,831,831,0.72375995,1,imagenet_c,defocus_blur,1,none
efficientnet_b4,ILSVRC2012_val_00010519.JPEG,n04344873,831,831,0.045978017,1,imagenet_c,defocus_blur,1,none
efficientnet_b4,ILSVRC2012_val_00011048.JPEG,n04344873,831,831,0.27943218,1,imagenet_c,defocus_blur,1,none
efficientnet_b4,ILSVRC2012_val_00011083.JPEG,n04344873,831,203,0.23351888,0,imagenet_c,defocus_blur,1,none
efficientnet_b4,ILSVRC2012_val_00011522.JPEG,n04344873,831,831,0.35874128,1,imagenet_c,defocus_blur,1,none
efficientnet_b4,ILSVRC2012_val_00011997.JPEG,n04344873,831,831,0.5053227,1,imagenet_c,defocus_blur,1,none
efficientnet_b4,ILSVRC2012_val_00012218.JPEG,n04344873,831,831,0.27970403,1,imagenet_c,defocus_blur,1,none
efficientnet_b4,ILSVRC2012_val_00013385.JPEG,n04344873,831,831,0.47138882,1,imagenet_c,defocus_blur,1,none
efficientnet_b4,ILSVRC2012_val_00014105.JPEG,n04344873,831,831,0.5515684,1,imagenet_c,defocus_blur,1,none
efficientnet_b4,ILSVRC2012_val_00014847.JPEG,n04344873,831,831,0.6283083,1,imagenet_c,defocus_blur,1,none
efficientnet_b4,ILSVRC2012_val_00014915.JPEG,n04344873,831,831,0.41920838,1,imagenet_c,defocus_blur,1,none
efficientnet_b4,ILSVRC2012_val_00015043.JPEG,n04344873,831,831,0.72762656,1,imagenet_c,defocus_blur,1,none
efficientnet_b4,ILSVRC2012_val_00016616.JPEG,n04344873,831,831,0.31018257,1,imagenet_c,defocus_blur,1,none
efficientnet_b4,ILSVRC2012_val_00018949.JPEG,n04344873,831,831,0.49009842,1,imagenet_c,defocus_blur,1,none
efficientnet_b4,ILSVRC2012_val_00019069.JPEG,n04344873,831,831,0.5084221,1,imagenet_c,defocus_blur,1,none
efficientnet_b4,ILSVRC2012_val_00019206.JPEG,n04344873,831,642,0.09267719,0,imagenet_c,defocus_blur,1,none
efficientnet_b4,ILSVRC2012_val_00019302.JPEG,n04344873,831,831,0.2327451,1,imagenet_c,defocus_blur,1,none
efficientnet_b4,ILSVRC2012_val_00020134.JPEG,n04344873,831,831,0.43020606,1,imagenet_c,defocus_blur,1,none
efficientnet_b4,ILSVRC2012_val_00020419.JPEG,n04344873,831,831,0.67896545,1,imagenet_c,defocus_blur,1,none
efficientnet_b4,ILSVRC2012_val_00021180.JPEG,n04344873,831,762,0.34621888,0,imagenet_c,defocus_blur,1,none
efficientnet_b4,ILSVRC2012_val_00024076.JPEG,n04344873,831,831,0.42279977,1,imagenet_c,defocus_blur,1,none
efficientnet_b4,ILSVRC2012_val_00025377.JPEG,n04344873,831,598,0.30413055,0,imagenet_c,defocus_blur,1,none
efficientnet_b4,ILSVRC2012_val_00026810.JPEG,n04344873,831,831,0.17155886,1,imagenet_c,defocus_blur,1,none
efficientnet_b4,ILSVRC2012_val_00026892.JPEG,n04344873,831,831,0.13237223,1,imagenet_c,defocus_blur,1,none
efficientnet_b4,ILSVRC2012_val_00027749.JPEG,n04344873,831,831,0.563172,1,imagenet_c,defocus_blur,1,none
efficientnet_b4,ILSVRC2012_val_00030425.JPEG,n04344873,831,831,0.50304294,1,imagenet_c,defocus_blur,1,none
efficientnet_b4,ILSVRC2012_val_00030983.JPEG,n04344873,831,598,0.020851571,0,imagenet_c,defocus_blur,1,none
efficientnet_b4,ILSVRC2012_val_00037076.JPEG,n04344873,831,831,0.39303407,1,imagenet_c,defocus_blur,1,none
efficientnet_b4,ILSVRC2012_val_00038240.JPEG,n04344873,831,831,0.51948345,1,imagenet_c,defocus_blur,1,none
efficientnet_b4,ILSVRC2012_val_00038296.JPEG,n04344873,831,831,0.14719701,1,imagenet_c,defocus_blur,1,none
efficientnet_b4,ILSVRC2012_val_00039551.JPEG,n04344873,831,831,0.5491985,1,imagenet_c,defocus_blur,1,none
efficientnet_b4,ILSVRC2012_val_00041124.JPEG,n04344873,831,831,0.77559173,1,imagenet_c,defocus_blur,1,none
efficientnet_b4,ILSVRC2012_val_00041398.JPEG,n04344873,831,831,0.46360424,1,imagenet_c,defocus_blur,1,none
efficientnet_b4,ILSVRC2012_val_00041793.JPEG,n04344873,831,831,0.094248176,1,imagenet_c,defocus_blur,1,none
efficientnet_b4,ILSVRC2012_val_00041978.JPEG,n04344873,831,831,0.63297486,1,imagenet_c,defocus_blur,1,none
efficientnet_b4,ILSVRC2012_val_00042078.JPEG,n04344873,831,831,0.5079327,1,imagenet_c,defocus_blur,1,none
efficientnet_b4,ILSVRC2012_val_00042725.JPEG,n04344873,831,831,0.7052783,1,imagenet_c,defocus_blur,1,none
efficientnet_b4,ILSVRC2012_val_00043530.JPEG,n04344873,831,831,0.59587973,1,imagenet_c,defocus_blur,1,none
efficientnet_b4,ILSVRC2012_val_00045759.JPEG,n04344873,831,831,0.14772965,1,imagenet_c,defocus_blur,1,none
efficientnet_b4,ILSVRC2012_val_00047160.JPEG,n04344873,831,831,0.3900127,1,imagenet_c,defocus_blur,1,none
efficientnet_b4,ILSVRC2012_val_00047700.JPEG,n04344873,831,736,0.16214725,0,imagenet_c,defocus_blur,1,none
efficientnet_b4,ILSVRC2012_val_00047922.JPEG,n04344873,831,905,0.1941137,0,imagenet_c,defocus_blur,1,none
efficientnet_b4,ILSVRC2012_val_00048206.JPEG,n04344873,831,831,0.44835788,1,imagenet_c,defocus_blur,1,none
efficientnet_b4,ILSVRC2012_val_00048386.JPEG,n04344873,831,750,0.13890071,0,imagenet_c,defocus_blur,1,none
efficientnet_b4,ILSVRC2012_val_00049662.JPEG,n04344873,831,831,0.10107914,1,imagenet_c,defocus_blur,1,none
efficientnet_b4,ILSVRC2012_val_00000522.JPEG,n04346328,832,832,0.3805833,1,imagenet_c,defocus_blur,1,none
efficientnet_b4,ILSVRC2012_val_00002085.JPEG,n04346328,832,832,0.6478437,1,imagenet_c,defocus_blur,1,none
efficientnet_b4,ILSVRC2012_val_00002424.JPEG,n04346328,832,832,0.5888624,1,imagenet_c,defocus_blur,1,none
efficientnet_b4,ILSVRC2012_val_00003305.JPEG,n04346328,832,832,0.42021713,1,imagenet_c,defocus_blur,1,none
efficientnet_b4,ILSVRC2012_val_00004184.JPEG,n04346328,832,42,0.038782857,0,imagenet_c,defocus_blur,1,none
efficientnet_b4,ILSVRC2012_val_00009876.JPEG,n04346328,832,832,0.5890728,1,imagenet_c,defocus_blur,1,none
efficientnet_b4,ILSVRC2012_val_00010542.JPEG,n04346328,832,832,0.18635136,1,imagenet_c,defocus_blur,1,none
efficientnet_b4,ILSVRC2012_val_00011106.JPEG,n04346328,832,832,0.34672043,1,imagenet_c,defocus_blur,1,none
efficientnet_b4,ILSVRC2012_val_00011607.JPEG,n04346328,832,832,0.4660924,1,imagenet_c,defocus_blur,1,none
efficientnet_b4,ILSVRC2012_val_00011836.JPEG,n04346328,832,832,0.5757144,1,imagenet_c,defocus_blur,1,none
efficientnet_b4,ILSVRC2012_val_00012967.JPEG,n04346328,832,832,0.64791286,1,imagenet_c,defocus_blur,1,none
efficientnet_b4,ILSVRC2012_val_00013024.JPEG,n04346328,832,832,0.26383892,1,imagenet_c,defocus_blur,1,none
efficientnet_b4,ILSVRC2012_val_00013345.JPEG,n04346328,832,832,0.5864133,1,imagenet_c,defocus_blur,1,none
efficientnet_b4,ILSVRC2012_val_00013916.JPEG,n04346328,832,832,0.5130121,1,imagenet_c,defocus_blur,1,none
efficientnet_b4,ILSVRC2012_val_00014319.JPEG,n04346328,832,832,0.5712689,1,imagenet_c,defocus_blur,1,none
efficientnet_b4,ILSVRC2012_val_00014341.JPEG,n04346328,832,832,0.52073026,1,imagenet_c,defocus_blur,1,none
efficientnet_b4,ILSVRC2012_val_00015527.JPEG,n04346328,832,832,0.5176876,1,imagenet_c,defocus_blur,1,none
efficientnet_b4,ILSVRC2012_val_00015561.JPEG,n04346328,832,741,0.13688861,0,imagenet_c,defocus_blur,1,none
efficientnet_b4,ILSVRC2012_val_00016110.JPEG,n04346328,832,832,0.086908065,1,imagenet_c,defocus_blur,1,none
efficientnet_b4,ILSVRC2012_val_00016767.JPEG,n04346328,832,832,0.59579754,1,imagenet_c,defocus_blur,1,none
efficientnet_b4,ILSVRC2012_val_00017540.JPEG,n04346328,832,832,0.50296825,1,imagenet_c,defocus_blur,1,none
efficientnet_b4,ILSVRC2012_val_00017856.JPEG,n04346328,832,442,0.13512067,0,imagenet_c,defocus_blur,1,none
efficientnet_b4,ILSVRC2012_val_00019273.JPEG,n04346328,832,442,0.061747354,0,imagenet_c,defocus_blur,1,none
efficientnet_b4,ILSVRC2012_val_00019582.JPEG,n04346328,832,832,0.67320603,1,imagenet_c,defocus_blur,1,none
efficientnet_b4,ILSVRC2012_val_00021027.JPEG,n04346328,832,832,0.6135335,1,imagenet_c,defocus_blur,1,none
efficientnet_b4,ILSVRC2012_val_00021623.JPEG,n04346328,832,832,0.5876935,1,imagenet_c,defocus_blur,1,none
efficientnet_b4,ILSVRC2012_val_00021931.JPEG,n04346328,832,832,0.40614814,1,imagenet_c,defocus_blur,1,none
efficientnet_b4,ILSVRC2012_val_00022217.JPEG,n04346328,832,832,0.7862735,1,imagenet_c,defocus_blur,1,none
efficientnet_b4,ILSVRC2012_val_00022823.JPEG,n04346328,832,832,0.65285057,1,imagenet_c,defocus_blur,1,none
efficientnet_b4,ILSVRC2012_val_00022968.JPEG,n04346328,832,832,0.5708219,1,imagenet_c,defocus_blur,1,none
efficientnet_b4,ILSVRC2012_val_00024070.JPEG,n04346328,832,972,0.078124315,0,imagenet_c,defocus_blur,1,none
efficientnet_b4,ILSVRC2012_val_00024094.JPEG,n04346328,832,832,0.76262313,1,imagenet_c,defocus_blur,1,none
efficientnet_b4,ILSVRC2012_val_00024779.JPEG,n04346328,832,832,0.45418572,1,imagenet_c,defocus_blur,1,none
efficientnet_b4,ILSVRC2012_val_00024856.JPEG,n04346328,832,832,0.49535623,1,imagenet_c,defocus_blur,1,none
efficientnet_b4,ILSVRC2012_val_00031615.JPEG,n04346328,832,832,0.5433301,1,imagenet_c,defocus_blur,1,none
efficientnet_b4,ILSVRC2012_val_00032142.JPEG,n04346328,832,832,0.5581865,1,imagenet_c,defocus_blur,1,none
efficientnet_b4,ILSVRC2012_val_00032842.JPEG,n04346328,832,832,0.579876,1,imagenet_c,defocus_blur,1,none
efficientnet_b4,ILSVRC2012_val_00033647.JPEG,n04346328,832,832,0.43405285,1,imagenet_c,defocus_blur,1,none
efficientnet_b4,ILSVRC2012_val_00033793.JPEG,n04346328,832,703,0.024120122,0,imagenet_c,defocus_blur,1,none
efficientnet_b4,ILSVRC2012_val_00034249.JPEG,n04346328,832,832,0.6457583,1,imagenet_c,defocus_blur,1,none
efficientnet_b4,ILSVRC2012_val_00038158.JPEG,n04346328,832,832,0.43725187,1,imagenet_c,defocus_blur,1,none
efficientnet_b4,ILSVRC2012_val_00041257.JPEG,n04346328,832,832,0.57510567,1,imagenet_c,defocus_blur,1,none
efficientnet_b4,ILSVRC2012_val_00041599.JPEG,n04346328,832,574,0.038279824,0,imagenet_c,defocus_blur,1,none
efficientnet_b4,ILSVRC2012_val_00042051.JPEG,n04346328,832,832,0.7182992,1,imagenet_c,defocus_blur,1,none
efficientnet_b4,ILSVRC2012_val_00042326.JPEG,n04346328,832,832,0.68045175,1,imagenet_c,defocus_blur,1,none
efficientnet_b4,ILSVRC2012_val_00045423.JPEG,n04346328,832,832,0.68224156,1,imagenet_c,defocus_blur,1,none
efficientnet_b4,ILSVRC2012_val_00045605.JPEG,n04346328,832,832,0.6042888,1,imagenet_c,defocus_blur,1,none
efficientnet_b4,ILSVRC2012_val_00045613.JPEG,n04346328,832,832,0.43555328,1,imagenet_c,defocus_blur,1,none
efficientnet_b4,ILSVRC2012_val_00046735.JPEG,n04346328,832,832,0.6695765,1,imagenet_c,defocus_blur,1,none
efficientnet_b4,ILSVRC2012_val_00047201.JPEG,n04346328,832,832,0.055174407,1,imagenet_c,defocus_blur,1,none
efficientnet_b4,ILSVRC2012_val_00000595.JPEG,n04347754,833,833,0.48596472,1,imagenet_c,defocus_blur,1,none
efficientnet_b4,ILSVRC2012_val_00000623.JPEG,n04347754,833,833,0.17574687,1,imagenet_c,defocus_blur,1,none
efficientnet_b4,ILSVRC2012_val_00004204.JPEG,n04347754,833,833,0.60662234,1,imagenet_c,defocus_blur,1,none
efficientnet_b4,ILSVRC2012_val_00004594.JPEG,n04347754,833,833,0.6300751,1,imagenet_c,defocus_blur,1,none
efficientnet_b4,ILSVRC2012_val_00004609.JPEG,n04347754,833,833,0.6252038,1,imagenet_c,defocus_blur,1,none
efficientnet_b4,ILSVRC2012_val_00006653.JPEG,n04347754,833,833,0.124881096,1,imagenet_c,defocus_blur,1,none
efficientnet_b4,ILSVRC2012_val_00006902.JPEG,n04347754,833,975,0.050217252,0,imagenet_c,defocus_blur,1,none
efficientnet_b4,ILSVRC2012_val_00010351.JPEG,n04347754,833,628,0.40290853,0,imagenet_c,defocus_blur,1,none
efficientnet_b4,ILSVRC2012_val_00011046.JPEG,n04347754,833,833,0.7211401,1,imagenet_c,defocus_blur,1,none
efficientnet_b4,ILSVRC2012_val_00011641.JPEG,n04347754,833,833,0.5704317,1,imagenet_c,defocus_blur,1,none
efficientnet_b4,ILSVRC2012_val_00011735.JPEG,n04347754,833,833,0.15968966,1,imagenet_c,defocus_blur,1,none
efficientnet_b4,ILSVRC2012_val_00012654.JPEG,n04347754,833,833,0.5156387,1,imagenet_c,defocus_blur,1,none
efficientnet_b4,ILSVRC2012_val_00013200.JPEG,n04347754,833,449,0.22496764,0,imagenet_c,defocus_blur,1,none
efficientnet_b4,ILSVRC2012_val_00013459.JPEG,n04347754,833,147,0.46099815,0,imagenet_c,defocus_blur,1,none
efficientnet_b4,ILSVRC2012_val_00013469.JPEG,n04347754,833,403,0.13457319,0,imagenet_c,defocus_blur,1,none
efficientnet_b4,ILSVRC2012_val_00014049.JPEG,n04347754,833,833,0.18653935,1,imagenet_c,defocus_blur,1,none
efficientnet_b4,ILSVRC2012_val_00014568.JPEG,n04347754,833,833,0.27104396,1,imagenet_c,defocus_blur,1,none
efficientnet_b4,ILSVRC2012_val_00017481.JPEG,n04347754,833,833,0.5840263,1,imagenet_c,defocus_blur,1,none
efficientnet_b4,ILSVRC2012_val_00020107.JPEG,n04347754,833,433,0.030546887,0,imagenet_c,defocus_blur,1,none
efficientnet_b4,ILSVRC2012_val_00020293.JPEG,n04347754,833,833,0.2645201,1,imagenet_c,defocus_blur,1,none
efficientnet_b4,ILSVRC2012_val_00024698.JPEG,n04347754,833,718,0.13101225,0,imagenet_c,defocus_blur,1,none
efficientnet_b4,ILSVRC2012_val_00024807.JPEG,n04347754,833,833,0.1803063,1,imagenet_c,defocus_blur,1,none
efficientnet_b4,ILSVRC2012_val_00025445.JPEG,n04347754,833,833,0.38134474,1,imagenet_c,defocus_blur,1,none
efficientnet_b4,ILSVRC2012_val_00025812.JPEG,n04347754,833,913,0.29691496,0,imagenet_c,defocus_blur,1,none
efficientnet_b4,ILSVRC2012_val_00026652.JPEG,n04347754,833,833,0.17215511,1,imagenet_c,defocus_blur,1,none
efficientnet_b4,ILSVRC2012_val_00029532.JPEG,n04347754,833,833,0.24176636,1,imagenet_c,defocus_blur,1,none
efficientnet_b4,ILSVRC2012_val_00029680.JPEG,n04347754,833,472,0.18413784,0,imagenet_c,defocus_blur,1,none
efficientnet_b4,ILSVRC2012_val_00029689.JPEG,n04347754,833,833,0.6728574,1,imagenet_c,defocus_blur,1,none
efficientnet_b4,ILSVRC2012_val_00030480.JPEG,n04347754,833,833,0.34160015,1,imagenet_c,defocus_blur,1,none
efficientnet_b4,ILSVRC2012_val_00030681.JPEG,n04347754,833,833,0.29456764,1,imagenet_c,defocus_blur,1,none
efficientnet_b4,ILSVRC2012_val_00031365.JPEG,n04347754,833,833,0.60231996,1,imagenet_c,defocus_blur,1,none
efficientnet_b4,ILSVRC2012_val_00031407.JPEG,n04347754,833,833,0.38269404,1,imagenet_c,defocus_blur,1,none
efficientnet_b4,ILSVRC2012_val_00033516.JPEG,n04347754,833,833,0.5745693,1,imagenet_c,defocus_blur,1,none
efficientnet_b4,ILSVRC2012_val_00033794.JPEG,n04347754,833,833,0.553321,1,imagenet_c,defocus_blur,1,none
efficientnet_b4,ILSVRC2012_val_00033895.JPEG,n04347754,833,833,0.5910011,1,imagenet_c,defocus_blur,1,none
efficientnet_b4,ILSVRC2012_val_00034762.JPEG,n04347754,833,833,0.20338453,1,imagenet_c,defocus_blur,1,none
efficientnet_b4,ILSVRC2012_val_00036124.JPEG,n04347754,833,833,0.31501973,1,imagenet_c,defocus_blur,1,none
efficientnet_b4,ILSVRC2012_val_00038321.JPEG,n04347754,833,833,0.54449534,1,imagenet_c,defocus_blur,1,none
efficientnet_b4,ILSVRC2012_val_00041636.JPEG,n04347754,833,403,0.1207062,0,imagenet_c,defocus_blur,1,none
efficientnet_b4,ILSVRC2012_val_00042324.JPEG,n04347754,833,833,0.2614872,1,imagenet_c,defocus_blur,1,none
efficientnet_b4,ILSVRC2012_val_00042801.JPEG,n04347754,833,600,0.03628715,0,imagenet_c,defocus_blur,1,none
efficientnet_b4,ILSVRC2012_val_00043762.JPEG,n04347754,833,403,0.2408156,0,imagenet_c,defocus_blur,1,none
efficientnet_b4,ILSVRC2012_val_00044250.JPEG,n04347754,833,833,0.38104367,1,imagenet_c,defocus_blur,1,none
efficientnet_b4,ILSVRC2012_val_00046371.JPEG,n04347754,833,833,0.4966701,1,imagenet_c,defocus_blur,1,none
efficientnet_b4,ILSVRC2012_val_00046685.JPEG,n04347754,833,833,0.36277395,1,imagenet_c,defocus_blur,1,none
efficientnet_b4,ILSVRC2012_val_00047134.JPEG,n04347754,833,833,0.56526256,1,imagenet_c,defocus_blur,1,none
efficientnet_b4,ILSVRC2012_val_00047712.JPEG,n04347754,833,833,0.047026325,1,imagenet_c,defocus_blur,1,none
efficientnet_b4,ILSVRC2012_val_00049011.JPEG,n04347754,833,913,0.35365728,0,imagenet_c,defocus_blur,1,none
efficientnet_b4,ILSVRC2012_val_00049184.JPEG,n04347754,833,833,0.26541576,1,imagenet_c,defocus_blur,1,none
efficientnet_b4,ILSVRC2012_val_00049376.JPEG,n04347754,833,833,0.5255482,1,imagenet_c,defocus_blur,1,none
efficientnet_b4,ILSVRC2012_val_00000380.JPEG,n04350905,834,834,0.24217503,1,imagenet_c,defocus_blur,1,none
efficientnet_b4,ILSVRC2012_val_00000583.JPEG,n04350905,834,834,0.32934728,1,imagenet_c,defocus_blur,1,none
efficientnet_b4,ILSVRC2012_val_00001133.JPEG,n04350905,834,665,0.13381362,0,imagenet_c,defocus_blur,1,none
efficientnet_b4,ILSVRC2012_val_00002541.JPEG,n04350905,834,834,0.54282105,1,imagenet_c,defocus_blur,1,none
efficientnet_b4,ILSVRC2012_val_00003100.JPEG,n04350905,834,834,0.5333342,1,imagenet_c,defocus_blur,1,none
efficientnet_b4,ILSVRC2012_val_00003533.JPEG,n04350905,834,834,0.39026394,1,imagenet_c,defocus_blur,1,none
efficientnet_b4,ILSVRC2012_val_00006635.JPEG,n04350905,834,522,0.124117374,0,imagenet_c,defocus_blur,1,none
efficientnet_b4,ILSVRC2012_val_00007191.JPEG,n04350905,834,834,0.12655985,1,imagenet_c,defocus_blur,1,none
efficientnet_b4,ILSVRC2012_val_00007902.JPEG,n04350905,834,637,0.26965082,0,imagenet_c,defocus_blur,1,none
efficientnet_b4,ILSVRC2012_val_00008591.JPEG,n04350905,834,834,0.30113107,1,imagenet_c,defocus_blur,1,none
efficientnet_b4,ILSVRC2012_val_00009555.JPEG,n04350905,834,416,0.24722773,0,imagenet_c,defocus_blur,1,none
efficientnet_b4,ILSVRC2012_val_00011479.JPEG,n04350905,834,880,0.082943715,0,imagenet_c,defocus_blur,1,none
efficientnet_b4,ILSVRC2012_val_00013401.JPEG,n04350905,834,834,0.21092142,1,imagenet_c,defocus_blur,1,none
efficientnet_b4,ILSVRC2012_val_00018801.JPEG,n04350905,834,834,0.28262877,1,imagenet_c,defocus_blur,1,none
efficientnet_b4,ILSVRC2012_val_00019882.JPEG,n04350905,834,834,0.62470394,1,imagenet_c,defocus_blur,1,none
efficientnet_b4,ILSVRC2012_val_00020131.JPEG,n04350905,834,630,0.2180099,0,imagenet_c,defocus_blur,1,none
efficientnet_b4,ILSVRC2012_val_00022131.JPEG,n04350905,834,743,0.1323909,0,imagenet_c,defocus_blur,1,none
efficientnet_b4,ILSVRC2012_val_00022620.JPEG,n04350905,834,834,0.4168649,1,imagenet_c,defocus_blur,1,none
efficientnet_b4,ILSVRC2012_val_00022962.JPEG,n04350905,834,834,0.12652108,1,imagenet_c,defocus_blur,1,none
efficientnet_b4,ILSVRC2012_val_00023302.JPEG,n04350905,834,834,0.26480985,1,imagenet_c,defocus_blur,1,none
efficientnet_b4,ILSVRC2012_val_00023402.JPEG,n04350905,834,834,0.44029695,1,imagenet_c,defocus_blur,1,none
efficientnet_b4,ILSVRC2012_val_00023728.JPEG,n04350905,834,400,0.22835301,0,imagenet_c,defocus_blur,1,none
efficientnet_b4,ILSVRC2012_val_00024042.JPEG,n04350905,834,975,0.13860698,0,imagenet_c,defocus_blur,1,none
efficientnet_b4,ILSVRC2012_val_00025482.JPEG,n04350905,834,981,0.079213075,0,imagenet_c,defocus_blur,1,none
efficientnet_b4,ILSVRC2012_val_00026024.JPEG,n04350905,834,617,0.1147346,0,imagenet_c,defocus_blur,1,none
efficientnet_b4,ILSVRC2012_val_00027101.JPEG,n04350905,834,743,0.06474193,0,imagenet_c,defocus_blur,1,none
efficientnet_b4,ILSVRC2012_val_00029159.JPEG,n04350905,834,556,0.06695241,0,imagenet_c,defocus_blur,1,none
efficientnet_b4,ILSVRC2012_val_00030307.JPEG,n04350905,834,869,0.32948992,0,imagenet_c,defocus_blur,1,none
efficientnet_b4,ILSVRC2012_val_00030610.JPEG,n04350905,834,183,0.14089808,0,imagenet_c,defocus_blur,1,none
efficientnet_b4,ILSVRC2012_val_00031134.JPEG,n04350905,834,834,0.18991335,1,imagenet_c,defocus_blur,1,none
efficientnet_b4,ILSVRC2012_val_00031712.JPEG,n04350905,834,400,0.11367033,0,imagenet_c,defocus_blur,1,none
efficientnet_b4,ILSVRC2012_val_00032076.JPEG,n04350905,834,689,0.19693024,0,imagenet_c,defocus_blur,1,none
efficientnet_b4,ILSVRC2012_val_00032507.JPEG,n04350905,834,834,0.39275125,1,imagenet_c,defocus_blur,1,none
efficientnet_b4,ILSVRC2012_val_00033166.JPEG,n04350905,834,655,0.25753215,0,imagenet_c,defocus_blur,1,none
efficientnet_b4,ILSVRC2012_val_00034991.JPEG,n04350905,834,444,0.25549716,0,imagenet_c,defocus_blur,1,none
efficientnet_b4,ILSVRC2012_val_00035307.JPEG,n04350905,834,834,0.30957013,1,imagenet_c,defocus_blur,1,none
efficientnet_b4,ILSVRC2012_val_00036353.JPEG,n04350905,834,834,0.43330455,1,imagenet_c,defocus_blur,1,none
efficientnet_b4,ILSVRC2012_val_00037945.JPEG,n04350905,834,702,0.09052662,0,imagenet_c,defocus_blur,1,none
efficientnet_b4,ILSVRC2012_val_00038098.JPEG,n04350905,834,630,0.21412237,0,imagenet_c,defocus_blur,1,none
efficientnet_b4,ILSVRC2012_val_00039028.JPEG,n04350905,834,399,0.26933518,0,imagenet_c,defocus_blur,1,none
efficientnet_b4,ILSVRC2012_val_00040799.JPEG,n04350905,834,834,0.5674153,1,imagenet_c,defocus_blur,1,none
efficientnet_b4,ILSVRC2012_val_00044242.JPEG,n04350905,834,834,0.1360178,1,imagenet_c,defocus_blur,1,none
efficientnet_b4,ILSVRC2012_val_00044549.JPEG,n04350905,834,501,0.02853173,0,imagenet_c,defocus_blur,1,none
efficientnet_b4,ILSVRC2012_val_00045630.JPEG,n04350905,834,834,0.56500244,1,imagenet_c,defocus_blur,1,none
efficientnet_b4,ILSVRC2012_val_00046726.JPEG,n04350905,834,834,0.3238608,1,imagenet_c,defocus_blur,1,none
efficientnet_b4,ILSVRC2012_val_00048684.JPEG,n04350905,834,834,0.12017097,1,imagenet_c,defocus_blur,1,none
efficientnet_b4,ILSVRC2012_val_00049025.JPEG,n04350905,834,834,0.27482057,1,imagenet_c,defocus_blur,1,none
efficientnet_b4,ILSVRC2012_val_00049264.JPEG,n04350905,834,834,0.7614866,1,imagenet_c,defocus_blur,1,none
efficientnet_b4,ILSVRC2012_val_00049312.JPEG,n04350905,834,834,0.68956983,1,imagenet_c,defocus_blur,1,none
efficientnet_b4,ILSVRC2012_val_00049771.JPEG,n04350905,834,834,0.6275898,1,imagenet_c,defocus_blur,1,none
efficientnet_b4,ILSVRC2012_val_00002015.JPEG,n04355338,835,394,0.0874099,0,imagenet_c,defocus_blur,1,none
efficientnet_b4,ILSVRC2012_val_00002136.JPEG,n04355338,835,835,0.5324263,1,imagenet_c,defocus_blur,1,none
efficientnet_b4,ILSVRC2012_val_00002354.JPEG,n04355338,835,409,0.13287655,0,imagenet_c,defocus_blur,1,none
efficientnet_b4,ILSVRC2012_val_00004847.JPEG,n04355338,835,835,0.043019164,1,imagenet_c,defocus_blur,1,none
efficientnet_b4,ILSVRC2012_val_00005399.JPEG,n04355338,835,835,0.060064163,1,imagenet_c,defocus_blur,1,none
efficientnet_b4,ILSVRC2012_val_00006777.JPEG,n04355338,835,835,0.36390585,1,imagenet_c,defocus_blur,1,none
efficientnet_b4,ILSVRC2012_val_00008323.JPEG,n04355338,835,442,0.34484407,0,imagenet_c,defocus_blur,1,none
efficientnet_b4,ILSVRC2012_val_00009365.JPEG,n04355338,835,835,0.71819174,1,imagenet_c,defocus_blur,1,none
efficientnet_b4,ILSVRC2012_val_00012033.JPEG,n04355338,835,442,0.07804374,0,imagenet_c,defocus_blur,1,none
efficientnet_b4,ILSVRC2012_val_00013886.JPEG,n04355338,835,835,0.59975386,1,imagenet_c,defocus_blur,1,none
efficientnet_b4,ILSVRC2012_val_00014263.JPEG,n04355338,835,835,0.11257825,1,imagenet_c,defocus_blur,1,none
efficientnet_b4,ILSVRC2012_val_00019386.JPEG,n04355338,835,442,0.41912934,0,imagenet_c,defocus_blur,1,none
efficientnet_b4,ILSVRC2012_val_00020395.JPEG,n04355338,835,835,0.6203531,1,imagenet_c,defocus_blur,1,none
efficientnet_b4,ILSVRC2012_val_00020611.JPEG,n04355338,835,835,0.27139997,1,imagenet_c,defocus_blur,1,none
efficientnet_b4,ILSVRC2012_val_00020711.JPEG,n04355338,835,409,0.42094994,0,imagenet_c,defocus_blur,1,none
efficientnet_b4,ILSVRC2012_val_00020722.JPEG,n04355338,835,835,0.39761013,1,imagenet_c,defocus_blur,1,none
efficientnet_b4,ILSVRC2012_val_00020787.JPEG,n04355338,835,835,0.43018907,1,imagenet_c,defocus_blur,1,none
efficientnet_b4,ILSVRC2012_val_00021790.JPEG,n04355338,835,835,0.72750646,1,imagenet_c,defocus_blur,1,none
efficientnet_b4,ILSVRC2012_val_00022399.JPEG,n04355338,835,835,0.5806093,1,imagenet_c,defocus_blur,1,none
efficientnet_b4,ILSVRC2012_val_00024393.JPEG,n04355338,835,442,0.07097808,0,imagenet_c,defocus_blur,1,none
efficientnet_b4,ILSVRC2012_val_00024617.JPEG,n04355338,835,835,0.15261221,1,imagenet_c,defocus_blur,1,none
efficientnet_b4,ILSVRC2012_val_00025215.JPEG,n04355338,835,805,0.01279774,0,imagenet_c,defocus_blur,1,none
efficientnet_b4,ILSVRC2012_val_00025298.JPEG,n04355338,835,739,0.061091788,0,imagenet_c,defocus_blur,1,none
efficientnet_b4,ILSVRC2012_val_00026523.JPEG,n04355338,835,835,0.43303725,1,imagenet_c,defocus_blur,1,none
efficientnet_b4,ILSVRC2012_val_00026905.JPEG,n04355338,835,835,0.63668483,1,imagenet_c,defocus_blur,1,none
efficientnet_b4,ILSVRC2012_val_00029017.JPEG,n04355338,835,730,0.23318899,0,imagenet_c,defocus_blur,1,none
efficientnet_b4,ILSVRC2012_val_00029523.JPEG,n04355338,835,835,0.44261077,1,imagenet_c,defocus_blur,1,none
efficientnet_b4,ILSVRC2012_val_00030203.JPEG,n04355338,835,919,0.026656289,0,imagenet_c,defocus_blur,1,none
efficientnet_b4,ILSVRC2012_val_00030338.JPEG,n04355338,835,409,0.29470658,0,imagenet_c,defocus_blur,1,none
efficientnet_b4,ILSVRC2012_val_00030816.JPEG,n04355338,835,835,0.2682062,1,imagenet_c,defocus_blur,1,none
efficientnet_b4,ILSVRC2012_val_00031232.JPEG,n04355338,835,835,0.40825444,1,imagenet_c,defocus_blur,1,none
efficientnet_b4,ILSVRC2012_val_00031308.JPEG,n04355338,835,835,0.30302134,1,imagenet_c,defocus_blur,1,none
efficientnet_b4,ILSVRC2012_val_00032903.JPEG,n04355338,835,663,0.4301108,0,imagenet_c,defocus_blur,1,none
efficientnet_b4,ILSVRC2012_val_00034832.JPEG,n04355338,835,743,0.03977832,0,imagenet_c,defocus_blur,1,none
efficientnet_b4,ILSVRC2012_val_00035650.JPEG,n04355338,835,835,0.48108268,1,imagenet_c,defocus_blur,1,none
efficientnet_b4,ILSVRC2012_val_00036305.JPEG,n04355338,835,51,0.055752426,0,imagenet_c,defocus_blur,1,none
efficientnet_b4,ILSVRC2012_val_00037673.JPEG,n04355338,835,835,0.69823396,1,imagenet_c,defocus_blur,1,none
efficientnet_b4,ILSVRC2012_val_00037849.JPEG,n04355338,835,835,0.38829258,1,imagenet_c,defocus_blur,1,none
efficientnet_b4,ILSVRC2012_val_00037875.JPEG,n04355338,835,919,0.050061904,0,imagenet_c,defocus_blur,1,none
efficientnet_b4,ILSVRC2012_val_00038284.JPEG,n04355338,835,835,0.67325085,1,imagenet_c,defocus_blur,1,none
efficientnet_b4,ILSVRC2012_val_00039180.JPEG,n04355338,835,835,0.43464524,1,imagenet_c,defocus_blur,1,none
efficientnet_b4,ILSVRC2012_val_00039285.JPEG,n04355338,835,677,0.053330984,0,imagenet_c,defocus_blur,1,none
efficientnet_b4,ILSVRC2012_val_00041972.JPEG,n04355338,835,539,0.1361819,0,imagenet_c,defocus_blur,1,none
efficientnet_b4,ILSVRC2012_val_00042255.JPEG,n04355338,835,635,0.26473996,0,imagenet_c,defocus_blur,1,none
efficientnet_b4,ILSVRC2012_val_00042906.JPEG,n04355338,835,712,0.3697551,0,imagenet_c,defocus_blur,1,none
efficientnet_b4,ILSVRC2012_val_00043637.JPEG,n04355338,835,835,0.47736722,1,imagenet_c,defocus_blur,1,none
efficientnet_b4,ILSVRC2012_val_00045680.JPEG,n04355338,835,835,0.54956704,1,imagenet_c,defocus_blur,1,none
efficientnet_b4,ILSVRC2012_val_00045804.JPEG,n04355338,835,835,0.5801041,1,imagenet_c,defocus_blur,1,none
efficientnet_b4,ILSVRC2012_val_00046496.JPEG,n04355338,835,835,0.45313567,1,imagenet_c,defocus_blur,1,none
efficientnet_b4,ILSVRC2012_val_00048060.JPEG,n04355338,835,538,0.16744564,0,imagenet_c,defocus_blur,1,none
efficientnet_b4,ILSVRC2012_val_00000413.JPEG,n04355933,836,701,0.04928329,0,imagenet_c,defocus_blur,1,none
efficientnet_b4,ILSVRC2012_val_00000704.JPEG,n04355933,836,571,0.058214165,0,imagenet_c,defocus_blur,1,none
efficientnet_b4,ILSVRC2012_val_00001719.JPEG,n04355933,836,837,0.15833129,0,imagenet_c,defocus_blur,1,none
efficientnet_b4,ILSVRC2012_val_00002682.JPEG,n04355933,836,836,0.08701497,1,imagenet_c,defocus_blur,1,none
efficientnet_b4,ILSVRC2012_val_00004932.JPEG,n04355933,836,870,0.08740595,0,imagenet_c,defocus_blur,1,none
efficientnet_b4,ILSVRC2012_val_00005414.JPEG,n04355933,836,836,0.21499866,1,imagenet_c,defocus_blur,1,none
efficientnet_b4,ILSVRC2012_val_00006223.JPEG,n04355933,836,399,0.15890725,0,imagenet_c,defocus_blur,1,none
efficientnet_b4,ILSVRC2012_val_00007179.JPEG,n04355933,836,196,0.31247833,0,imagenet_c,defocus_blur,1,none
efficientnet_b4,ILSVRC2012_val_00007625.JPEG,n04355933,836,836,0.06638359,1,imagenet_c,defocus_blur,1,none
efficientnet_b4,ILSVRC2012_val_00008988.JPEG,n04355933,836,837,0.10898924,0,imagenet_c,defocus_blur,1,none
efficientnet_b4,ILSVRC2012_val_00011200.JPEG,n04355933,836,836,0.27383196,1,imagenet_c,defocus_blur,1,none
efficientnet_b4,ILSVRC2012_val_00012281.JPEG,n04355933,836,617,0.27356052,0,imagenet_c,defocus_blur,1,none
efficientnet_b4,ILSVRC2012_val_00013274.JPEG,n04355933,836,635,0.21626376,0,imagenet_c,defocus_blur,1,none
efficientnet_b4,ILSVRC2012_val_00013376.JPEG,n04355933,836,219,0.41785392,0,imagenet_c,defocus_blur,1,none
efficientnet_b4,ILSVRC2012_val_00013510.JPEG,n04355933,836,836,0.52948356,1,imagenet_c,defocus_blur,1,none
efficientnet_b4,ILSVRC2012_val_00013601.JPEG,n04355933,836,836,0.64063793,1,imagenet_c,defocus_blur,1,none
efficientnet_b4,ILSVRC2012_val_00014720.JPEG,n04355933,836,836,0.22776562,1,imagenet_c,defocus_blur,1,none
efficientnet_b4,ILSVRC2012_val_00015733.JPEG,n04355933,836,747,0.12050729,0,imagenet_c,defocus_blur,1,none
efficientnet_b4,ILSVRC2012_val_00015836.JPEG,n04355933,836,584,0.5050037,0,imagenet_c,defocus_blur,1,none
efficientnet_b4,ILSVRC2012_val_00020228.JPEG,n04355933,836,851,0.23912676,0,imagenet_c,defocus_blur,1,none
efficientnet_b4,ILSVRC2012_val_00021396.JPEG,n04355933,836,395,0.07996669,0,imagenet_c,defocus_blur,1,none
efficientnet_b4,ILSVRC2012_val_00021536.JPEG,n04355933,836,776,0.087082155,0,imagenet_c,defocus_blur,1,none
efficientnet_b4,ILSVRC2012_val_00024618.JPEG,n04355933,836,836,0.14724755,1,imagenet_c,defocus_blur,1,none
efficientnet_b4,ILSVRC2012_val_00025934.JPEG,n04355933,836,837,0.100139104,0,imagenet_c,defocus_blur,1,none
efficientnet_b4,ILSVRC2012_val_00026693.JPEG,n04355933,836,518,0.1167865,0,imagenet_c,defocus_blur,1,none
efficientnet_b4,ILSVRC2012_val_00027694.JPEG,n04355933,836,196,0.13881584,0,imagenet_c,defocus_blur,1,none
efficientnet_b4,ILSVRC2012_val_00027775.JPEG,n04355933,836,617,0.53784734,0,imagenet_c,defocus_blur,1,none
efficientnet_b4,ILSVRC2012_val_00028448.JPEG,n04355933,836,422,0.09977577,0,imagenet_c,defocus_blur,1,none
efficientnet_b4,ILSVRC2012_val_00029889.JPEG,n04355933,836,444,0.050560232,0,imagenet_c,defocus_blur,1,none
efficientnet_b4,ILSVRC2012_val_00030556.JPEG,n04355933,836,836,0.089189306,1,imagenet_c,defocus_blur,1,none
efficientnet_b4,ILSVRC2012_val_00030807.JPEG,n04355933,836,487,0.036015257,0,imagenet_c,defocus_blur,1,none
efficientnet_b4,ILSVRC2012_val_00030842.JPEG,n04355933,836,518,0.25135276,0,imagenet_c,defocus_blur,1,none
efficientnet_b4,ILSVRC2012_val_00031126.JPEG,n04355933,836,836,0.14583674,1,imagenet_c,defocus_blur,1,none
efficientnet_b4,ILSVRC2012_val_00031505.JPEG,n04355933,836,869,0.16104239,0,imagenet_c,defocus_blur,1,none
efficientnet_b4,ILSVRC2012_val_00032393.JPEG,n04355933,836,147,0.47935638,0,imagenet_c,defocus_blur,1,none
efficientnet_b4,ILSVRC2012_val_00036674.JPEG,n04355933,836,522,0.1637093,0,imagenet_c,defocus_blur,1,none
efficientnet_b4,ILSVRC2012_val_00038185.JPEG,n04355933,836,836,0.1110598,1,imagenet_c,defocus_blur,1,none
efficientnet_b4,ILSVRC2012_val_00038797.JPEG,n04355933,836,643,0.07470997,0,imagenet_c,defocus_blur,1,none
efficientnet_b4,ILSVRC2012_val_00039088.JPEG,n04355933,836,836,0.6463575,1,imagenet_c,defocus_blur,1,none
efficientnet_b4,ILSVRC2012_val_00039909.JPEG,n04355933,836,667,0.058042932,0,imagenet_c,defocus_blur,1,none
efficientnet_b4,ILSVRC2012_val_00040219.JPEG,n04355933,836,655,0.12219703,0,imagenet_c,defocus_blur,1,none
efficientnet_b4,ILSVRC2012_val_00040473.JPEG,n04355933,836,836,0.43653333,1,imagenet_c,defocus_blur,1,none
efficientnet_b4,ILSVRC2012_val_00041874.JPEG,n04355933,836,836,0.52874374,1,imagenet_c,defocus_blur,1,none
efficientnet_b4,ILSVRC2012_val_00043078.JPEG,n04355933,836,836,0.14363462,1,imagenet_c,defocus_blur,1,none
efficientnet_b4,ILSVRC2012_val_00043739.JPEG,n04355933,836,836,0.5859222,1,imagenet_c,defocus_blur,1,none
efficientnet_b4,ILSVRC2012_val_00043833.JPEG,n04355933,836,457,0.5278733,0,imagenet_c,defocus_blur,1,none
efficientnet_b4,ILSVRC2012_val_00044566.JPEG,n04355933,836,902,0.13265017,0,imagenet_c,defocus_blur,1,none
efficientnet_b4,ILSVRC2012_val_00045136.JPEG,n04355933,836,836,0.046209227,1,imagenet_c,defocus_blur,1,none
efficientnet_b4,ILSVRC2012_val_00047493.JPEG,n04355933,836,837,0.26438737,0,imagenet_c,defocus_blur,1,none
efficientnet_b4,ILSVRC2012_val_00047580.JPEG,n04355933,836,842,0.16956575,0,imagenet_c,defocus_blur,1,none
efficientnet_b4,ILSVRC2012_val_00000815.JPEG,n04356056,837,836,0.23933567,0,imagenet_c,defocus_blur,1,none
efficientnet_b4,ILSVRC2012_val_00003608.JPEG,n04356056,837,602,0.06147818,0,imagenet_c,defocus_blur,1,none
efficientnet_b4,ILSVRC2012_val_00004692.JPEG,n04356056,837,837,0.43823144,1,imagenet_c,defocus_blur,1,none
efficientnet_b4,ILSVRC2012_val_00005437.JPEG,n04356056,837,836,0.095011964,0,imagenet_c,defocus_blur,1,none
efficientnet_b4,ILSVRC2012_val_00008306.JPEG,n04356056,837,836,0.09940528,0,imagenet_c,defocus_blur,1,none
efficientnet_b4,ILSVRC2012_val_00009595.JPEG,n04356056,837,978,0.16623029,0,imagenet_c,defocus_blur,1,none
efficientnet_b4,ILSVRC2012_val_00012545.JPEG,n04356056,837,515,0.088205405,0,imagenet_c,defocus_blur,1,none
efficientnet_b4,ILSVRC2012_val_00012988.JPEG,n04356056,837,837,0.114071496,1,imagenet_c,defocus_blur,1,none
efficientnet_b4,ILSVRC2012_val_00013325.JPEG,n04356056,837,63,0.060498193,0,imagenet_c,defocus_blur,1,none
efficientnet_b4,ILSVRC2012_val_00015697.JPEG,n04356056,837,702,0.17497888,0,imagenet_c,defocus_blur,1,none
efficientnet_b4,ILSVRC2012_val_00016044.JPEG,n04356056,837,981,0.06738519,0,imagenet_c,defocus_blur,1,none
efficientnet_b4,ILSVRC2012_val_00016088.JPEG,n04356056,837,837,0.257029,1,imagenet_c,defocus_blur,1,none
efficientnet_b4,ILSVRC2012_val_00018374.JPEG,n04356056,837,836,0.21934758,0,imagenet_c,defocus_blur,1,none
efficientnet_b4,ILSVRC2012_val_00019127.JPEG,n04356056,837,837,0.21969749,1,imagenet_c,defocus_blur,1,none
efficientnet_b4,ILSVRC2012_val_00019584.JPEG,n04356056,837,898,0.18439624,0,imagenet_c,defocus_blur,1,none
efficientnet_b4,ILSVRC2012_val_00020477.JPEG,n04356056,837,836,0.053112473,0,imagenet_c,defocus_blur,1,none
efficientnet_b4,ILSVRC2012_val_00021539.JPEG,n04356056,837,785,0.21787687,0,imagenet_c,defocus_blur,1,none
efficientnet_b4,ILSVRC2012_val_00022285.JPEG,n04356056,837,523,0.13867344,0,imagenet_c,defocus_blur,1,none
efficientnet_b4,ILSVRC2012_val_00023501.JPEG,n04356056,837,836,0.3557731,0,imagenet_c,defocus_blur,1,none
efficientnet_b4,ILSVRC2012_val_00023605.JPEG,n04356056,837,870,0.46431318,0,imagenet_c,defocus_blur,1,none
efficientnet_b4,ILSVRC2012_val_00023754.JPEG,n04356056,837,0,0.102733806,0,imagenet_c,defocus_blur,1,none
efficientnet_b4,ILSVRC2012_val_00023952.JPEG,n04356056,837,650,0.10341586,0,imagenet_c,defocus_blur,1,none
efficientnet_b4,ILSVRC2012_val_00024708.JPEG,n04356056,837,854,0.07360417,0,imagenet_c,defocus_blur,1,none
efficientnet_b4,ILSVRC2012_val_00024922.JPEG,n04356056,837,366,0.05820715,0,imagenet_c,defocus_blur,1,none
efficientnet_b4,ILSVRC2012_val_00025907.JPEG,n04356056,837,837,0.1588986,1,imagenet_c,defocus_blur,1,none
efficientnet_b4,ILSVRC2012_val_00028106.JPEG,n04356056,837,612,0.055638213,0,imagenet_c,defocus_blur,1,none
efficientnet_b4,ILSVRC2012_val_00028254.JPEG,n04356056,837,775,0.080316275,0,imagenet_c,defocus_blur,1,none
efficientnet_b4,ILSVRC2012_val_00029273.JPEG,n04356056,837,837,0.22714743,1,imagenet_c,defocus_blur,1,none
efficientnet_b4,ILSVRC2012_val_00030251.JPEG,n04356056,837,837,0.114587836,1,imagenet_c,defocus_blur,1,none
efficientnet_b4,ILSVRC2012_val_00030640.JPEG,n04356056,837,612,0.030467315,0,imagenet_c,defocus_blur,1,none
efficientnet_b4,ILSVRC2012_val_00031656.JPEG,n04356056,837,836,0.28927463,0,imagenet_c,defocus_blur,1,none
efficientnet_b4,ILSVRC2012_val_00032243.JPEG,n04356056,837,679,0.35202622,0,imagenet_c,defocus_blur,1,none
efficientnet_b4,ILSVRC2012_val_00032562.JPEG,n04356056,837,645,0.08359074,0,imagenet_c,defocus_blur,1,none
efficientnet_b4,ILSVRC2012_val_00034012.JPEG,n04356056,837,523,0.29301184,0,imagenet_c,defocus_blur,1,none
efficientnet_b4,ILSVRC2012_val_00034446.JPEG,n04356056,837,836,0.29718867,0,imagenet_c,defocus_blur,1,none
efficientnet_b4,ILSVRC2012_val_00034982.JPEG,n04356056,837,701,0.034753013,0,imagenet_c,defocus_blur,1,none
efficientnet_b4,ILSVRC2012_val_00035670.JPEG,n04356056,837,195,0.16883242,0,imagenet_c,defocus_blur,1,none
efficientnet_b4,ILSVRC2012_val_00036536.JPEG,n04356056,837,843,0.0732977,0,imagenet_c,defocus_blur,1,none
efficientnet_b4,ILSVRC2012_val_00037040.JPEG,n04356056,837,836,0.12499738,0,imagenet_c,defocus_blur,1,none
efficientnet_b4,ILSVRC2012_val_00037215.JPEG,n04356056,837,837,0.308726,1,imagenet_c,defocus_blur,1,none
efficientnet_b4,ILSVRC2012_val_00038061.JPEG,n04356056,837,655,0.13023096,0,imagenet_c,defocus_blur,1,none
efficientnet_b4,ILSVRC2012_val_00039734.JPEG,n04356056,837,785,0.18195966,0,imagenet_c,defocus_blur,1,none
efficientnet_b4,ILSVRC2012_val_00042753.JPEG,n04356056,837,837,0.13822661,1,imagenet_c,defocus_blur,1,none
efficientnet_b4,ILSVRC2012_val_00042996.JPEG,n04356056,837,838,0.18609387,0,imagenet_c,defocus_blur,1,none
efficientnet_b4,ILSVRC2012_val_00044858.JPEG,n04356056,837,795,0.21838766,0,imagenet_c,defocus_blur,1,none
efficientnet_b4,ILSVRC2012_val_00046814.JPEG,n04356056,837,702,0.05450438,0,imagenet_c,defocus_blur,1,none
efficientnet_b4,ILSVRC2012_val_00046998.JPEG,n04356056,837,617,0.3045674,0,imagenet_c,defocus_blur,1,none
efficientnet_b4,ILSVRC2012_val_00047783.JPEG,n04356056,837,970,0.14215474,0,imagenet_c,defocus_blur,1,none
efficientnet_b4,ILSVRC2012_val_00048182.JPEG,n04356056,837,608,0.096128814,0,imagenet_c,defocus_blur,1,none
efficientnet_b4,ILSVRC2012_val_00048481.JPEG,n04356056,837,836,0.11739517,0,imagenet_c,defocus_blur,1,none
efficientnet_b4,ILSVRC2012_val_00001102.JPEG,n04357314,838,631,0.3384066,0,imagenet_c,defocus_blur,1,none
efficientnet_b4,ILSVRC2012_val_00001610.JPEG,n04357314,838,929,0.23664342,0,imagenet_c,defocus_blur,1,none
efficientnet_b4,ILSVRC2012_val_00002185.JPEG,n04357314,838,838,0.38008946,1,imagenet_c,defocus_blur,1,none
efficientnet_b4,ILSVRC2012_val_00003237.JPEG,n04357314,838,838,0.8366257,1,imagenet_c,defocus_blur,1,none
efficientnet_b4,ILSVRC2012_val_00003757.JPEG,n04357314,838,424,0.10141623,0,imagenet_c,defocus_blur,1,none
efficientnet_b4,ILSVRC2012_val_00006886.JPEG,n04357314,838,811,0.14968556,0,imagenet_c,defocus_blur,1,none
efficientnet_b4,ILSVRC2012_val_00007627.JPEG,n04357314,838,966,0.10751163,0,imagenet_c,defocus_blur,1,none
efficientnet_b4,ILSVRC2012_val_00007823.JPEG,n04357314,838,838,0.31701678,1,imagenet_c,defocus_blur,1,none
efficientnet_b4,ILSVRC2012_val_00008617.JPEG,n04357314,838,838,0.9098257,1,imagenet_c,defocus_blur,1,none
efficientnet_b4,ILSVRC2012_val_00009430.JPEG,n04357314,838,720,0.08551014,0,imagenet_c,defocus_blur,1,none
efficientnet_b4,ILSVRC2012_val_00010333.JPEG,n04357314,838,838,0.7766423,1,imagenet_c,defocus_blur,1,none
efficientnet_b4,ILSVRC2012_val_00010392.JPEG,n04357314,838,838,0.8217471,1,imagenet_c,defocus_blur,1,none
efficientnet_b4,ILSVRC2012_val_00010438.JPEG,n04357314,838,929,0.43200165,0,imagenet_c,defocus_blur,1,none
efficientnet_b4,ILSVRC2012_val_00011004.JPEG,n04357314,838,838,0.5546734,1,imagenet_c,defocus_blur,1,none
efficientnet_b4,ILSVRC2012_val_00011485.JPEG,n04357314,838,838,0.07869656,1,imagenet_c,defocus_blur,1,none
efficientnet_b4,ILSVRC2012_val_00011920.JPEG,n04357314,838,641,0.2376904,0,imagenet_c,defocus_blur,1,none
efficientnet_b4,ILSVRC2012_val_00013977.JPEG,n04357314,838,838,0.7765669,1,imagenet_c,defocus_blur,1,none
efficientnet_b4,ILSVRC2012_val_00014837.JPEG,n04357314,838,838,0.07955734,1,imagenet_c,defocus_blur,1,none
efficientnet_b4,ILSVRC2012_val_00015247.JPEG,n04357314,838,631,0.5039875,0,imagenet_c,defocus_blur,1,none
efficientnet_b4,ILSVRC2012_val_00016521.JPEG,n04357314,838,720,0.33076897,0,imagenet_c,defocus_blur,1,none
efficientnet_b4,ILSVRC2012_val_00016583.JPEG,n04357314,838,928,0.1497529,0,imagenet_c,defocus_blur,1,none
efficientnet_b4,ILSVRC2012_val_00017550.JPEG,n04357314,838,838,0.7826142,1,imagenet_c,defocus_blur,1,none
efficientnet_b4,ILSVRC2012_val_00020060.JPEG,n04357314,838,838,0.66856617,1,imagenet_c,defocus_blur,1,none
efficientnet_b4,ILSVRC2012_val_00020425.JPEG,n04357314,838,838,0.1781362,1,imagenet_c,defocus_blur,1,none
efficientnet_b4,ILSVRC2012_val_00021692.JPEG,n04357314,838,838,0.93759584,1,imagenet_c,defocus_blur,1,none
efficientnet_b4,ILSVRC2012_val_00022026.JPEG,n04357314,838,838,0.29259893,1,imagenet_c,defocus_blur,1,none
efficientnet_b4,ILSVRC2012_val_00022465.JPEG,n04357314,838,419,0.16747211,0,imagenet_c,defocus_blur,1,none
efficientnet_b4,ILSVRC2012_val_00022793.JPEG,n04357314,838,478,0.21357428,0,imagenet_c,defocus_blur,1,none
efficientnet_b4,ILSVRC2012_val_00023177.JPEG,n04357314,838,838,0.3784452,1,imagenet_c,defocus_blur,1,none
efficientnet_b4,ILSVRC2012_val_00023241.JPEG,n04357314,838,445,0.19570993,0,imagenet_c,defocus_blur,1,none
efficientnet_b4,ILSVRC2012_val_00023485.JPEG,n04357314,838,692,0.058142047,0,imagenet_c,defocus_blur,1,none
efficientnet_b4,ILSVRC2012_val_00023722.JPEG,n04357314,838,929,0.51948255,0,imagenet_c,defocus_blur,1,none
efficientnet_b4,ILSVRC2012_val_00025046.JPEG,n04357314,838,838,0.99170953,1,imagenet_c,defocus_blur,1,none
efficientnet_b4,ILSVRC2012_val_00026569.JPEG,n04357314,838,585,0.3017814,0,imagenet_c,defocus_blur,1,none
efficientnet_b4,ILSVRC2012_val_00027170.JPEG,n04357314,838,648,0.122169964,0,imagenet_c,defocus_blur,1,none
efficientnet_b4,ILSVRC2012_val_00029065.JPEG,n04357314,838,648,0.5575268,0,imagenet_c,defocus_blur,1,none
efficientnet_b4,ILSVRC2012_val_00029557.JPEG,n04357314,838,731,0.056445926,0,imagenet_c,defocus_blur,1,none
efficientnet_b4,ILSVRC2012_val_00031584.JPEG,n04357314,838,838,0.3142932,1,imagenet_c,defocus_blur,1,none
efficientnet_b4,ILSVRC2012_val_00031807.JPEG,n04357314,838,720,0.2923607,0,imagenet_c,defocus_blur,1,none
efficientnet_b4,ILSVRC2012_val_00031832.JPEG,n04357314,838,838,0.11221375,1,imagenet_c,defocus_blur,1,none
efficientnet_b4,ILSVRC2012_val_00037021.JPEG,n04357314,838,838,0.79426855,1,imagenet_c,defocus_blur,1,none
efficientnet_b4,ILSVRC2012_val_00038081.JPEG,n04357314,838,720,0.2617195,0,imagenet_c,defocus_blur,1,none
efficientnet_b4,ILSVRC2012_val_00039236.JPEG,n04357314,838,838,0.52352494,1,imagenet_c,defocus_blur,1,none
efficientnet_b4,ILSVRC2012_val_00039738.JPEG,n04357314,838,631,0.293531,0,imagenet_c,defocus_blur,1,none
efficientnet_b4,ILSVRC2012_val_00041571.JPEG,n04357314,838,711,0.28431213,0,imagenet_c,defocus_blur,1,none
efficientnet_b4,ILSVRC2012_val_00043950.JPEG,n04357314,838,582,0.4971105,0,imagenet_c,defocus_blur,1,none
efficientnet_b4,ILSVRC2012_val_00047957.JPEG,n04357314,838,842,0.367599,0,imagenet_c,defocus_blur,1,none
efficientnet_b4,ILSVRC2012_val_00048550.JPEG,n04357314,838,838,0.28320011,1,imagenet_c,defocus_blur,1,none
efficientnet_b4,ILSVRC2012_val_00049539.JPEG,n04357314,838,838,0.7110509,1,imagenet_c,defocus_blur,1,none
efficientnet_b4,ILSVRC2012_val_00049787.JPEG,n04357314,838,838,0.6559994,1,imagenet_c,defocus_blur,1,none
efficientnet_b4,ILSVRC2012_val_00000778.JPEG,n04366367,839,839,0.35102767,1,imagenet_c,defocus_blur,1,none
efficientnet_b4,ILSVRC2012_val_00001569.JPEG,n04366367,839,718,0.22929277,0,imagenet_c,defocus_blur,1,none
efficientnet_b4,ILSVRC2012_val_00002301.JPEG,n04366367,839,743,0.18729264,0,imagenet_c,defocus_blur,1,none
efficientnet_b4,ILSVRC2012_val_00003250.JPEG,n04366367,839,839,0.31619853,1,imagenet_c,defocus_blur,1,none
efficientnet_b4,ILSVRC2012_val_00003564.JPEG,n04366367,839,718,0.27953815,0,imagenet_c,defocus_blur,1,none
efficientnet_b4,ILSVRC2012_val_00004429.JPEG,n04366367,839,839,0.3803611,1,imagenet_c,defocus_blur,1,none
efficientnet_b4,ILSVRC2012_val_00004644.JPEG,n04366367,839,979,0.020039702,0,imagenet_c,defocus_blur,1,none
efficientnet_b4,ILSVRC2012_val_00005497.JPEG,n04366367,839,839,0.15580057,1,imagenet_c,defocus_blur,1,none
efficientnet_b4,ILSVRC2012_val_00006180.JPEG,n04366367,839,839,0.38881594,1,imagenet_c,defocus_blur,1,none
efficientnet_b4,ILSVRC2012_val_00006269.JPEG,n04366367,839,839,0.5088784,1,imagenet_c,defocus_blur,1,none
efficientnet_b4,ILSVRC2012_val_00006298.JPEG,n04366367,839,718,0.05458733,0,imagenet_c,defocus_blur,1,none
efficientnet_b4,ILSVRC2012_val_00006769.JPEG,n04366367,839,839,0.53644353,1,imagenet_c,defocus_blur,1,none
efficientnet_b4,ILSVRC2012_val_00008238.JPEG,n04366367,839,839,0.15630947,1,imagenet_c,defocus_blur,1,none
efficientnet_b4,ILSVRC2012_val_00008904.JPEG,n04366367,839,839,0.46937186,1,imagenet_c,defocus_blur,1,none
efficientnet_b4,ILSVRC2012_val_00009814.JPEG,n04366367,839,839,0.720439,1,imagenet_c,defocus_blur,1,none
efficientnet_b4,ILSVRC2012_val_00011509.JPEG,n04366367,839,718,0.08814785,0,imagenet_c,defocus_blur,1,none
efficientnet_b4,ILSVRC2012_val_00011834.JPEG,n04366367,839,839,0.35477057,1,imagenet_c,defocus_blur,1,none
efficientnet_b4,ILSVRC2012_val_00011875.JPEG,n04366367,839,718,0.25165167,0,imagenet_c,defocus_blur,1,none
efficientnet_b4,ILSVRC2012_val_00012712.JPEG,n04366367,839,839,0.25282395,1,imagenet_c,defocus_blur,1,none
efficientnet_b4,ILSVRC2012_val_00013569.JPEG,n04366367,839,718,0.5958031,0,imagenet_c,defocus_blur,1,none
efficientnet_b4,ILSVRC2012_val_00014891.JPEG,n04366367,839,839,0.23538987,1,imagenet_c,defocus_blur,1,none
efficientnet_b4,ILSVRC2012_val_00015073.JPEG,n04366367,839,839,0.3910028,1,imagenet_c,defocus_blur,1,none
efficientnet_b4,ILSVRC2012_val_00016992.JPEG,n04366367,839,836,0.46225673,0,imagenet_c,defocus_blur,1,none
efficientnet_b4,ILSVRC2012_val_00017220.JPEG,n04366367,839,718,0.4368151,0,imagenet_c,defocus_blur,1,none
efficientnet_b4,ILSVRC2012_val_00023571.JPEG,n04366367,839,839,0.30238414,1,imagenet_c,defocus_blur,1,none
efficientnet_b4,ILSVRC2012_val_00024391.JPEG,n04366367,839,975,0.100762255,0,imagenet_c,defocus_blur,1,none
efficientnet_b4,ILSVRC2012_val_00024513.JPEG,n04366367,839,718,0.17727695,0,imagenet_c,defocus_blur,1,none
efficientnet_b4,ILSVRC2012_val_00024864.JPEG,n04366367,839,839,0.24536155,1,imagenet_c,defocus_blur,1,none
efficientnet_b4,ILSVRC2012_val_00027117.JPEG,n04366367,839,900,0.20342435,0,imagenet_c,defocus_blur,1,none
efficientnet_b4,ILSVRC2012_val_00027827.JPEG,n04366367,839,718,0.37230995,0,imagenet_c,defocus_blur,1,none
efficientnet_b4,ILSVRC2012_val_00029031.JPEG,n04366367,839,634,0.34658298,0,imagenet_c,defocus_blur,1,none
efficientnet_b4,ILSVRC2012_val_00030006.JPEG,n04366367,839,839,0.5100268,1,imagenet_c,defocus_blur,1,none
efficientnet_b4,ILSVRC2012_val_00032316.JPEG,n04366367,839,839,0.29607338,1,imagenet_c,defocus_blur,1,none
efficientnet_b4,ILSVRC2012_val_00033825.JPEG,n04366367,839,718,0.3611792,0,imagenet_c,defocus_blur,1,none
efficientnet_b4,ILSVRC2012_val_00035017.JPEG,n04366367,839,839,0.25881857,1,imagenet_c,defocus_blur,1,none
efficientnet_b4,ILSVRC2012_val_00035143.JPEG,n04366367,839,718,0.42347595,0,imagenet_c,defocus_blur,1,none
efficientnet_b4,ILSVRC2012_val_00036570.JPEG,n04366367,839,839,0.5304629,1,imagenet_c,defocus_blur,1,none
efficientnet_b4,ILSVRC2012_val_00037386.JPEG,n04366367,839,839,0.1850834,1,imagenet_c,defocus_blur,1,none
efficientnet_b4,ILSVRC2012_val_00039075.JPEG,n04366367,839,978,0.046647,0,imagenet_c,defocus_blur,1,none
efficientnet_b4,ILSVRC2012_val_00039413.JPEG,n04366367,839,839,0.5037772,1,imagenet_c,defocus_blur,1,none
efficientnet_b4,ILSVRC2012_val_00040521.JPEG,n04366367,839,839,0.57986736,1,imagenet_c,defocus_blur,1,none
efficientnet_b4,ILSVRC2012_val_00040969.JPEG,n04366367,839,839,0.41613314,1,imagenet_c,defocus_blur,1,none
efficientnet_b4,ILSVRC2012_val_00041283.JPEG,n04366367,839,839,0.42103776,1,imagenet_c,defocus_blur,1,none
efficientnet_b4,ILSVRC2012_val_00043724.JPEG,n04366367,839,111,0.052489623,0,imagenet_c,defocus_blur,1,none
efficientnet_b4,ILSVRC2012_val_00044144.JPEG,n04366367,839,718,0.15723127,0,imagenet_c,defocus_blur,1,none
efficientnet_b4,ILSVRC2012_val_00047096.JPEG,n04366367,839,718,0.4452818,0,imagenet_c,defocus_blur,1,none
efficientnet_b4,ILSVRC2012_val_00047364.JPEG,n04366367,839,900,0.018000768,0,imagenet_c,defocus_blur,1,none
efficientnet_b4,ILSVRC2012_val_00047604.JPEG,n04366367,839,839,0.1161136,1,imagenet_c,defocus_blur,1,none
efficientnet_b4,ILSVRC2012_val_00048447.JPEG,n04366367,839,839,0.14248104,1,imagenet_c,defocus_blur,1,none
efficientnet_b4,ILSVRC2012_val_00048692.JPEG,n04366367,839,836,0.0335853,0,imagenet_c,defocus_blur,1,none
efficientnet_b4,ILSVRC2012_val_00000701.JPEG,n04367480,840,840,0.5469909,1,imagenet_c,defocus_blur,1,none
efficientnet_b4,ILSVRC2012_val_00001527.JPEG,n04367480,840,462,0.11313989,0,imagenet_c,defocus_blur,1,none
efficientnet_b4,ILSVRC2012_val_00001682.JPEG,n04367480,840,840,0.62069774,1,imagenet_c,defocus_blur,1,none
efficientnet_b4,ILSVRC2012_val_00001690.JPEG,n04367480,840,840,0.6502718,1,imagenet_c,defocus_blur,1,none
efficientnet_b4,ILSVRC2012_val_00001845.JPEG,n04367480,840,840,0.89027196,1,imagenet_c,defocus_blur,1,none
efficientnet_b4,ILSVRC2012_val_00002251.JPEG,n04367480,840,824,0.07517037,0,imagenet_c,defocus_blur,1,none
efficientnet_b4,ILSVRC2012_val_00005129.JPEG,n04367480,840,840,0.7613241,1,imagenet_c,defocus_blur,1,none
efficientnet_b4,ILSVRC2012_val_00006211.JPEG,n04367480,840,840,0.5074201,1,imagenet_c,defocus_blur,1,none
efficientnet_b4,ILSVRC2012_val_00006639.JPEG,n04367480,840,840,0.93080366,1,imagenet_c,defocus_blur,1,none
efficientnet_b4,ILSVRC2012_val_00008621.JPEG,n04367480,840,840,0.31742266,1,imagenet_c,defocus_blur,1,none
efficientnet_b4,ILSVRC2012_val_00008925.JPEG,n04367480,840,416,0.27703023,0,imagenet_c,defocus_blur,1,none
efficientnet_b4,ILSVRC2012_val_00009013.JPEG,n04367480,840,840,0.84874016,1,imagenet_c,defocus_blur,1,none
efficientnet_b4,ILSVRC2012_val_00010134.JPEG,n04367480,840,961,0.08587447,0,imagenet_c,defocus_blur,1,none
efficientnet_b4,ILSVRC2012_val_00010893.JPEG,n04367480,840,539,0.12942307,0,imagenet_c,defocus_blur,1,none
efficientnet_b4,ILSVRC2012_val_00011030.JPEG,n04367480,840,840,0.75888705,1,imagenet_c,defocus_blur,1,none
efficientnet_b4,ILSVRC2012_val_00015088.JPEG,n04367480,840,840,0.728488,1,imagenet_c,defocus_blur,1,none
efficientnet_b4,ILSVRC2012_val_00015629.JPEG,n04367480,840,840,0.5466518,1,imagenet_c,defocus_blur,1,none
efficientnet_b4,ILSVRC2012_val_00016625.JPEG,n04367480,840,845,0.09254991,0,imagenet_c,defocus_blur,1,none
efficientnet_b4,ILSVRC2012_val_00017582.JPEG,n04367480,840,840,0.519487,1,imagenet_c,defocus_blur,1,none
efficientnet_b4,ILSVRC2012_val_00018831.JPEG,n04367480,840,840,0.80924493,1,imagenet_c,defocus_blur,1,none
efficientnet_b4,ILSVRC2012_val_00020670.JPEG,n04367480,840,462,0.32251146,0,imagenet_c,defocus_blur,1,none
efficientnet_b4,ILSVRC2012_val_00020798.JPEG,n04367480,840,228,0.115459345,0,imagenet_c,defocus_blur,1,none
efficientnet_b4,ILSVRC2012_val_00023300.JPEG,n04367480,840,840,0.7155156,1,imagenet_c,defocus_blur,1,none
efficientnet_b4,ILSVRC2012_val_00025494.JPEG,n04367480,840,840,0.492892,1,imagenet_c,defocus_blur,1,none
efficientnet_b4,ILSVRC2012_val_00026131.JPEG,n04367480,840,840,0.7446772,1,imagenet_c,defocus_blur,1,none
efficientnet_b4,ILSVRC2012_val_00028163.JPEG,n04367480,840,583,0.15320924,0,imagenet_c,defocus_blur,1,none
efficientnet_b4,ILSVRC2012_val_00029322.JPEG,n04367480,840,840,0.6413055,1,imagenet_c,defocus_blur,1,none
efficientnet_b4,ILSVRC2012_val_00029338.JPEG,n04367480,840,840,0.22261205,1,imagenet_c,defocus_blur,1,none
efficientnet_b4,ILSVRC2012_val_00030897.JPEG,n04367480,840,840,0.577242,1,imagenet_c,defocus_blur,1,none
efficientnet_b4,ILSVRC2012_val_00032459.JPEG,n04367480,840,840,0.20077051,1,imagenet_c,defocus_blur,1,none
efficientnet_b4,ILSVRC2012_val_00035342.JPEG,n04367480,840,840,0.5662786,1,imagenet_c,defocus_blur,1,none
efficientnet_b4,ILSVRC2012_val_00036545.JPEG,n04367480,840,840,0.6325575,1,imagenet_c,defocus_blur,1,none
efficientnet_b4,ILSVRC2012_val_00037843.JPEG,n04367480,840,840,0.5926685,1,imagenet_c,defocus_blur,1,none
efficientnet_b4,ILSVRC2012_val_00038191.JPEG,n04367480,840,840,0.046879344,1,imagenet_c,defocus_blur,1,none
efficientnet_b4,ILSVRC2012_val_00038364.JPEG,n04367480,840,911,0.4078745,0,imagenet_c,defocus_blur,1,none
efficientnet_b4,ILSVRC2012_val_00038389.JPEG,n04367480,840,840,0.74032396,1,imagenet_c,defocus_blur,1,none
efficientnet_b4,ILSVRC2012_val_00038531.JPEG,n04367480,840,840,0.24754731,1,imagenet_c,defocus_blur,1,none
efficientnet_b4,ILSVRC2012_val_00038607.JPEG,n04367480,840,814,0.31365225,0,imagenet_c,defocus_blur,1,none
efficientnet_b4,ILSVRC2012_val_00038844.JPEG,n04367480,840,840,0.2759407,1,imagenet_c,defocus_blur,1,none
efficientnet_b4,ILSVRC2012_val_00039160.JPEG,n04367480,840,462,0.23620263,0,imagenet_c,defocus_blur,1,none
efficientnet_b4,ILSVRC2012_val_00039395.JPEG,n04367480,840,840,0.78109306,1,imagenet_c,defocus_blur,1,none
efficientnet_b4,ILSVRC2012_val_00039837.JPEG,n04367480,840,462,0.4217557,0,imagenet_c,defocus_blur,1,none
efficientnet_b4,ILSVRC2012_val_00040620.JPEG,n04367480,840,840,0.13891427,1,imagenet_c,defocus_blur,1,none
efficientnet_b4,ILSVRC2012_val_00042852.JPEG,n04367480,840,840,0.5323921,1,imagenet_c,defocus_blur,1,none
efficientnet_b4,ILSVRC2012_val_00048452.JPEG,n04367480,840,840,0.8092361,1,imagenet_c,defocus_blur,1,none
efficientnet_b4,ILSVRC2012_val_00049045.JPEG,n04367480,840,840,0.6517232,1,imagenet_c,defocus_blur,1,none
efficientnet_b4,ILSVRC2012_val_00049383.JPEG,n04367480,840,840,0.28307042,1,imagenet_c,defocus_blur,1,none
efficientnet_b4,ILSVRC2012_val_00049559.JPEG,n04367480,840,840,0.41922712,1,imagenet_c,defocus_blur,1,none
efficientnet_b4,ILSVRC2012_val_00049717.JPEG,n04367480,840,840,0.48672792,1,imagenet_c,defocus_blur,1,none
efficientnet_b4,ILSVRC2012_val_00049863.JPEG,n04367480,840,840,0.28173327,1,imagenet_c,defocus_blur,1,none
efficientnet_b4,ILSVRC2012_val_00000070.JPEG,n04370456,841,841,0.18947588,1,imagenet_c,defocus_blur,1,none
efficientnet_b4,ILSVRC2012_val_00002291.JPEG,n04370456,841,841,0.09588336,1,imagenet_c,defocus_blur,1,none
efficientnet_b4,ILSVRC2012_val_00002849.JPEG,n04370456,841,841,0.63181436,1,imagenet_c,defocus_blur,1,none
efficientnet_b4,ILSVRC2012_val_00002955.JPEG,n04370456,841,841,0.6194465,1,imagenet_c,defocus_blur,1,none
efficientnet_b4,ILSVRC2012_val_00003039.JPEG,n04370456,841,841,0.14375643,1,imagenet_c,defocus_blur,1,none
efficientnet_b4,ILSVRC2012_val_00004955.JPEG,n04370456,841,529,0.23872724,0,imagenet_c,defocus_blur,1,none
efficientnet_b4,ILSVRC2012_val_00005163.JPEG,n04370456,841,670,0.10103781,0,imagenet_c,defocus_blur,1,none
efficientnet_b4,ILSVRC2012_val_00006187.JPEG,n04370456,841,841,0.5154965,1,imagenet_c,defocus_blur,1,none
efficientnet_b4,ILSVRC2012_val_00006323.JPEG,n04370456,841,841,0.36756352,1,imagenet_c,defocus_blur,1,none
efficientnet_b4,ILSVRC2012_val_00006374.JPEG,n04370456,841,697,0.17816034,0,imagenet_c,defocus_blur,1,none
efficientnet_b4,ILSVRC2012_val_00007413.JPEG,n04370456,841,534,0.07740202,0,imagenet_c,defocus_blur,1,none
efficientnet_b4,ILSVRC2012_val_00008911.JPEG,n04370456,841,413,0.15799043,0,imagenet_c,defocus_blur,1,none
efficientnet_b4,ILSVRC2012_val_00010879.JPEG,n04370456,841,841,0.83614016,1,imagenet_c,defocus_blur,1,none
efficientnet_b4,ILSVRC2012_val_00010897.JPEG,n04370456,841,841,0.4001318,1,imagenet_c,defocus_blur,1,none
efficientnet_b4,ILSVRC2012_val_00011149.JPEG,n04370456,841,735,0.15287893,0,imagenet_c,defocus_blur,1,none
efficientnet_b4,ILSVRC2012_val_00011799.JPEG,n04370456,841,841,0.768622,1,imagenet_c,defocus_blur,1,none
efficientnet_b4,ILSVRC2012_val_00011887.JPEG,n04370456,841,841,0.2548691,1,imagenet_c,defocus_blur,1,none
efficientnet_b4,ILSVRC2012_val_00012434.JPEG,n04370456,841,841,0.83196926,1,imagenet_c,defocus_blur,1,none
efficientnet_b4,ILSVRC2012_val_00016068.JPEG,n04370456,841,841,0.23132206,1,imagenet_c,defocus_blur,1,none
efficientnet_b4,ILSVRC2012_val_00018171.JPEG,n04370456,841,834,0.16993192,0,imagenet_c,defocus_blur,1,none
efficientnet_b4,ILSVRC2012_val_00018940.JPEG,n04370456,841,862,0.11017521,0,imagenet_c,defocus_blur,1,none
efficientnet_b4,ILSVRC2012_val_00019805.JPEG,n04370456,841,461,0.237513,0,imagenet_c,defocus_blur,1,none
efficientnet_b4,ILSVRC2012_val_00020241.JPEG,n04370456,841,722,0.23677804,0,imagenet_c,defocus_blur,1,none
efficientnet_b4,ILSVRC2012_val_00022909.JPEG,n04370456,841,841,0.2635077,1,imagenet_c,defocus_blur,1,none
efficientnet_b4,ILSVRC2012_val_00025062.JPEG,n04370456,841,823,0.059794243,0,imagenet_c,defocus_blur,1,none
efficientnet_b4,ILSVRC2012_val_00025992.JPEG,n04370456,841,501,0.5508973,0,imagenet_c,defocus_blur,1,none
efficientnet_b4,ILSVRC2012_val_00026402.JPEG,n04370456,841,796,0.12583332,0,imagenet_c,defocus_blur,1,none
efficientnet_b4,ILSVRC2012_val_00027003.JPEG,n04370456,841,523,0.45108697,0,imagenet_c,defocus_blur,1,none
efficientnet_b4,ILSVRC2012_val_00027573.JPEG,n04370456,841,911,0.15940687,0,imagenet_c,defocus_blur,1,none
efficientnet_b4,ILSVRC2012_val_00028860.JPEG,n04370456,841,568,0.051676743,0,imagenet_c,defocus_blur,1,none
efficientnet_b4,ILSVRC2012_val_00031379.JPEG,n04370456,841,841,0.12227917,1,imagenet_c,defocus_blur,1,none
efficientnet_b4,ILSVRC2012_val_00032651.JPEG,n04370456,841,610,0.29930604,0,imagenet_c,defocus_blur,1,none
efficientnet_b4,ILSVRC2012_val_00033847.JPEG,n04370456,841,969,0.13908067,0,imagenet_c,defocus_blur,1,none
efficientnet_b4,ILSVRC2012_val_00035013.JPEG,n04370456,841,841,0.32161626,1,imagenet_c,defocus_blur,1,none
efficientnet_b4,ILSVRC2012_val_00037376.JPEG,n04370456,841,529,0.07413646,0,imagenet_c,defocus_blur,1,none
efficientnet_b4,ILSVRC2012_val_00038408.JPEG,n04370456,841,865,0.5817471,0,imagenet_c,defocus_blur,1,none
efficientnet_b4,ILSVRC2012_val_00039686.JPEG,n04370456,841,841,0.43576142,1,imagenet_c,defocus_blur,1,none
efficientnet_b4,ILSVRC2012_val_00040817.JPEG,n04370456,841,796,0.5028083,0,imagenet_c,defocus_blur,1,none
efficientnet_b4,ILSVRC2012_val_00041639.JPEG,n04370456,841,841,0.7348501,1,imagenet_c,defocus_blur,1,none
efficientnet_b4,ILSVRC2012_val_00042525.JPEG,n04370456,841,474,0.5694791,0,imagenet_c,defocus_blur,1,none
efficientnet_b4,ILSVRC2012_val_00043017.JPEG,n04370456,841,834,0.034005057,0,imagenet_c,defocus_blur,1,none
efficientnet_b4,ILSVRC2012_val_00043882.JPEG,n04370456,841,841,0.789378,1,imagenet_c,defocus_blur,1,none
efficientnet_b4,ILSVRC2012_val_00044267.JPEG,n04370456,841,841,0.29604888,1,imagenet_c,defocus_blur,1,none
efficientnet_b4,ILSVRC2012_val_00044286.JPEG,n04370456,841,841,0.06115226,1,imagenet_c,defocus_blur,1,none
efficientnet_b4,ILSVRC2012_val_00044654.JPEG,n04370456,841,841,0.87824667,1,imagenet_c,defocus_blur,1,none
efficientnet_b4,ILSVRC2012_val_00044770.JPEG,n04370456,841,841,0.30386773,1,imagenet_c,defocus_blur,1,none
efficientnet_b4,ILSVRC2012_val_00046082.JPEG,n04370456,841,841,0.92239004,1,imagenet_c,defocus_blur,1,none
efficientnet_b4,ILSVRC2012_val_00046396.JPEG,n04370456,841,841,0.9114178,1,imagenet_c,defocus_blur,1,none
efficientnet_b4,ILSVRC2012_val_00047168.JPEG,n04370456,841,841,0.7779754,1,imagenet_c,defocus_blur,1,none
efficientnet_b4,ILSVRC2012_val_00049185.JPEG,n04370456,841,841,0.74601823,1,imagenet_c,defocus_blur,1,none
efficientnet_b4,ILSVRC2012_val_00000065.JPEG,n04371430,842,522,0.2434726,0,imagenet_c,defocus_blur,1,none
efficientnet_b4,ILSVRC2012_val_00001006.JPEG,n04371430,842,842,0.20822318,1,imagenet_c,defocus_blur,1,none
efficientnet_b4,ILSVRC2012_val_00001166.JPEG,n04371430,842,612,0.029177861,0,imagenet_c,defocus_blur,1,none
efficientnet_b4,ILSVRC2012_val_00001918.JPEG,n04371430,842,801,0.3172183,0,imagenet_c,defocus_blur,1,none
efficientnet_b4,ILSVRC2012_val_00002800.JPEG,n04371430,842,842,0.24749428,1,imagenet_c,defocus_blur,1,none
efficientnet_b4,ILSVRC2012_val_00003565.JPEG,n04371430,842,694,0.4732372,0,imagenet_c,defocus_blur,1,none
efficientnet_b4,ILSVRC2012_val_00005966.JPEG,n04371430,842,842,0.4307686,1,imagenet_c,defocus_blur,1,none
efficientnet_b4,ILSVRC2012_val_00008808.JPEG,n04371430,842,842,0.4330601,1,imagenet_c,defocus_blur,1,none
efficientnet_b4,ILSVRC2012_val_00011187.JPEG,n04371430,842,842,0.04784985,1,imagenet_c,defocus_blur,1,none
efficientnet_b4,ILSVRC2012_val_00015591.JPEG,n04371430,842,876,0.19300061,0,imagenet_c,defocus_blur,1,none
efficientnet_b4,ILSVRC2012_val_00015877.JPEG,n04371430,842,977,0.11824786,0,imagenet_c,defocus_blur,1,none
efficientnet_b4,ILSVRC2012_val_00016072.JPEG,n04371430,842,842,0.28306127,1,imagenet_c,defocus_blur,1,none
efficientnet_b4,ILSVRC2012_val_00019658.JPEG,n04371430,842,842,0.68664277,1,imagenet_c,defocus_blur,1,none
efficientnet_b4,ILSVRC2012_val_00019676.JPEG,n04371430,842,842,0.5708121,1,imagenet_c,defocus_blur,1,none
efficientnet_b4,ILSVRC2012_val_00020245.JPEG,n04371430,842,47,0.23443845,0,imagenet_c,defocus_blur,1,none
efficientnet_b4,ILSVRC2012_val_00021706.JPEG,n04371430,842,842,0.5900418,1,imagenet_c,defocus_blur,1,none
efficientnet_b4,ILSVRC2012_val_00022478.JPEG,n04371430,842,842,0.04783737,1,imagenet_c,defocus_blur,1,none
efficientnet_b4,ILSVRC2012_val_00023100.JPEG,n04371430,842,842,0.19155669,1,imagenet_c,defocus_blur,1,none
efficientnet_b4,ILSVRC2012_val_00023575.JPEG,n04371430,842,842,0.76413506,1,imagenet_c,defocus_blur,1,none
efficientnet_b4,ILSVRC2012_val_00023648.JPEG,n04371430,842,842,0.052584745,1,imagenet_c,defocus_blur,1,none
efficientnet_b4,ILSVRC2012_val_00024237.JPEG,n04371430,842,842,0.6642298,1,imagenet_c,defocus_blur,1,none
efficientnet_b4,ILSVRC2012_val_00025439.JPEG,n04371430,842,842,0.35860926,1,imagenet_c,defocus_blur,1,none
efficientnet_b4,ILSVRC2012_val_00025828.JPEG,n04371430,842,842,0.44829816,1,imagenet_c,defocus_blur,1,none
efficientnet_b4,ILSVRC2012_val_00026046.JPEG,n04371430,842,842,0.30929962,1,imagenet_c,defocus_blur,1,none
efficientnet_b4,ILSVRC2012_val_00026485.JPEG,n04371430,842,433,0.36736485,0,imagenet_c,defocus_blur,1,none
efficientnet_b4,ILSVRC2012_val_00027225.JPEG,n04371430,842,842,0.21917202,1,imagenet_c,defocus_blur,1,none
efficientnet_b4,ILSVRC2012_val_00028685.JPEG,n04371430,842,842,0.3653045,1,imagenet_c,defocus_blur,1,none
efficientnet_b4,ILSVRC2012_val_00028842.JPEG,n04371430,842,842,0.14445293,1,imagenet_c,defocus_blur,1,none
efficientnet_b4,ILSVRC2012_val_00029540.JPEG,n04371430,842,842,0.20438461,1,imagenet_c,defocus_blur,1,none
efficientnet_b4,ILSVRC2012_val_00030235.JPEG,n04371430,842,842,0.76204664,1,imagenet_c,defocus_blur,1,none
efficientnet_b4,ILSVRC2012_val_00032558.JPEG,n04371430,842,525,0.39916393,0,imagenet_c,defocus_blur,1,none
efficientnet_b4,ILSVRC2012_val_00034077.JPEG,n04371430,842,842,0.40431353,1,imagenet_c,defocus_blur,1,none
efficientnet_b4,ILSVRC2012_val_00035508.JPEG,n04371430,842,660,0.4861943,0,imagenet_c,defocus_blur,1,none
efficientnet_b4,ILSVRC2012_val_00036018.JPEG,n04371430,842,842,0.38723135,1,imagenet_c,defocus_blur,1,none
efficientnet_b4,ILSVRC2012_val_00037419.JPEG,n04371430,842,842,0.46308228,1,imagenet_c,defocus_blur,1,none
efficientnet_b4,ILSVRC2012_val_00039689.JPEG,n04371430,842,842,0.4484284,1,imagenet_c,defocus_blur,1,none
efficientnet_b4,ILSVRC2012_val_00040171.JPEG,n04371430,842,842,0.18096335,1,imagenet_c,defocus_blur,1,none
efficientnet_b4,ILSVRC2012_val_00040172.JPEG,n04371430,842,842,0.14795756,1,imagenet_c,defocus_blur,1,none
efficientnet_b4,ILSVRC2012_val_00040402.JPEG,n04371430,842,842,0.6158729,1,imagenet_c,defocus_blur,1,none
efficientnet_b4,ILSVRC2012_val_00041099.JPEG,n04371430,842,842,0.44285658,1,imagenet_c,defocus_blur,1,none
efficientnet_b4,ILSVRC2012_val_00041278.JPEG,n04371430,842,838,0.113050826,0,imagenet_c,defocus_blur,1,none
efficientnet_b4,ILSVRC2012_val_00041734.JPEG,n04371430,842,842,0.25937232,1,imagenet_c,defocus_blur,1,none
efficientnet_b4,ILSVRC2012_val_00041968.JPEG,n04371430,842,890,0.22990207,0,imagenet_c,defocus_blur,1,none
efficientnet_b4,ILSVRC2012_val_00041981.JPEG,n04371430,842,444,0.15451077,0,imagenet_c,defocus_blur,1,none
efficientnet_b4,ILSVRC2012_val_00042300.JPEG,n04371430,842,842,0.14988711,1,imagenet_c,defocus_blur,1,none
efficientnet_b4,ILSVRC2012_val_00043532.JPEG,n04371430,842,842,0.10857898,1,imagenet_c,defocus_blur,1,none
efficientnet_b4,ILSVRC2012_val_00043761.JPEG,n04371430,842,842,0.1783573,1,imagenet_c,defocus_blur,1,none
efficientnet_b4,ILSVRC2012_val_00045823.JPEG,n04371430,842,842,0.6059257,1,imagenet_c,defocus_blur,1,none
efficientnet_b4,ILSVRC2012_val_00045851.JPEG,n04371430,842,842,0.57776886,1,imagenet_c,defocus_blur,1,none
efficientnet_b4,ILSVRC2012_val_00048868.JPEG,n04371430,842,842,0.3751474,1,imagenet_c,defocus_blur,1,none
efficientnet_b4,ILSVRC2012_val_00001086.JPEG,n04371774,843,805,0.1818225,0,imagenet_c,defocus_blur,1,none
efficientnet_b4,ILSVRC2012_val_00001516.JPEG,n04371774,843,843,0.44903666,1,imagenet_c,defocus_blur,1,none
efficientnet_b4,ILSVRC2012_val_00002399.JPEG,n04371774,843,660,0.13685308,0,imagenet_c,defocus_blur,1,none
efficientnet_b4,ILSVRC2012_val_00002796.JPEG,n04371774,843,843,0.067195505,1,imagenet_c,defocus_blur,1,none
efficientnet_b4,ILSVRC2012_val_00003633.JPEG,n04371774,843,843,0.6575359,1,imagenet_c,defocus_blur,1,none
efficientnet_b4,ILSVRC2012_val_00005014.JPEG,n04371774,843,843,0.37391528,1,imagenet_c,defocus_blur,1,none
efficientnet_b4,ILSVRC2012_val_00005319.JPEG,n04371774,843,843,0.7352491,1,imagenet_c,defocus_blur,1,none
efficientnet_b4,ILSVRC2012_val_00005871.JPEG,n04371774,843,843,0.29819107,1,imagenet_c,defocus_blur,1,none
efficientnet_b4,ILSVRC2012_val_00007021.JPEG,n04371774,843,843,0.10152313,1,imagenet_c,defocus_blur,1,none
efficientnet_b4,ILSVRC2012_val_00007229.JPEG,n04371774,843,870,0.27846864,0,imagenet_c,defocus_blur,1,none
efficientnet_b4,ILSVRC2012_val_00007466.JPEG,n04371774,843,843,0.30230668,1,imagenet_c,defocus_blur,1,none
efficientnet_b4,ILSVRC2012_val_00008853.JPEG,n04371774,843,843,0.282294,1,imagenet_c,defocus_blur,1,none
efficientnet_b4,ILSVRC2012_val_00009706.JPEG,n04371774,843,843,0.6746569,1,imagenet_c,defocus_blur,1,none
efficientnet_b4,ILSVRC2012_val_00010760.JPEG,n04371774,843,843,0.6561473,1,imagenet_c,defocus_blur,1,none
efficientnet_b4,ILSVRC2012_val_00011159.JPEG,n04371774,843,843,0.027175227,1,imagenet_c,defocus_blur,1,none
efficientnet_b4,ILSVRC2012_val_00012091.JPEG,n04371774,843,843,0.6283378,1,imagenet_c,defocus_blur,1,none
efficientnet_b4,ILSVRC2012_val_00012257.JPEG,n04371774,843,978,0.06262231,0,imagenet_c,defocus_blur,1,none
efficientnet_b4,ILSVRC2012_val_00014241.JPEG,n04371774,843,695,0.21413322,0,imagenet_c,defocus_blur,1,none
efficientnet_b4,ILSVRC2012_val_00014726.JPEG,n04371774,843,843,0.74395645,1,imagenet_c,defocus_blur,1,none
efficientnet_b4,ILSVRC2012_val_00015418.JPEG,n04371774,843,843,0.08277941,1,imagenet_c,defocus_blur,1,none
efficientnet_b4,ILSVRC2012_val_00015540.JPEG,n04371774,843,843,0.44168347,1,imagenet_c,defocus_blur,1,none
efficientnet_b4,ILSVRC2012_val_00015554.JPEG,n04371774,843,843,0.46303394,1,imagenet_c,defocus_blur,1,none
efficientnet_b4,ILSVRC2012_val_00020264.JPEG,n04371774,843,843,0.59560925,1,imagenet_c,defocus_blur,1,none
efficientnet_b4,ILSVRC2012_val_00022033.JPEG,n04371774,843,843,0.65945077,1,imagenet_c,defocus_blur,1,none
efficientnet_b4,ILSVRC2012_val_00023421.JPEG,n04371774,843,522,0.16700995,0,imagenet_c,defocus_blur,1,none
efficientnet_b4,ILSVRC2012_val_00023959.JPEG,n04371774,843,602,0.14220832,0,imagenet_c,defocus_blur,1,none
efficientnet_b4,ILSVRC2012_val_00024615.JPEG,n04371774,843,843,0.48299474,1,imagenet_c,defocus_blur,1,none
efficientnet_b4,ILSVRC2012_val_00025323.JPEG,n04371774,843,843,0.6374939,1,imagenet_c,defocus_blur,1,none
efficientnet_b4,ILSVRC2012_val_00027173.JPEG,n04371774,843,843,0.6320116,1,imagenet_c,defocus_blur,1,none
efficientnet_b4,ILSVRC2012_val_00028268.JPEG,n04371774,843,843,0.5779503,1,imagenet_c,defocus_blur,1,none
efficientnet_b4,ILSVRC2012_val_00028878.JPEG,n04371774,843,843,0.089231625,1,imagenet_c,defocus_blur,1,none
efficientnet_b4,ILSVRC2012_val_00029139.JPEG,n04371774,843,438,0.077245854,0,imagenet_c,defocus_blur,1,none
efficientnet_b4,ILSVRC2012_val_00030870.JPEG,n04371774,843,843,0.4803289,1,imagenet_c,defocus_blur,1,none
efficientnet_b4,ILSVRC2012_val_00030942.JPEG,n04371774,843,703,0.021321848,0,imagenet_c,defocus_blur,1,none
efficientnet_b4,ILSVRC2012_val_00030995.JPEG,n04371774,843,843,0.47095743,1,imagenet_c,defocus_blur,1,none
efficientnet_b4,ILSVRC2012_val_00032666.JPEG,n04371774,843,843,0.31496283,1,imagenet_c,defocus_blur,1,none
efficientnet_b4,ILSVRC2012_val_00034314.JPEG,n04371774,843,843,0.15172443,1,imagenet_c,defocus_blur,1,none
efficientnet_b4,ILSVRC2012_val_00035329.JPEG,n04371774,843,843,0.26056737,1,imagenet_c,defocus_blur,1,none
efficientnet_b4,ILSVRC2012_val_00036995.JPEG,n04371774,843,9,0.02113023,0,imagenet_c,defocus_blur,1,none
efficientnet_b4,ILSVRC2012_val_00037344.JPEG,n04371774,843,843,0.43041673,1,imagenet_c,defocus_blur,1,none
efficientnet_b4,ILSVRC2012_val_00037818.JPEG,n04371774,843,665,0.060983818,0,imagenet_c,defocus_blur,1,none
efficientnet_b4,ILSVRC2012_val_00040874.JPEG,n04371774,843,843,0.44516084,1,imagenet_c,defocus_blur,1,none
efficientnet_b4,ILSVRC2012_val_00041637.JPEG,n04371774,843,843,0.7043301,1,imagenet_c,defocus_blur,1,none
efficientnet_b4,ILSVRC2012_val_00041711.JPEG,n04371774,843,843,0.6999753,1,imagenet_c,defocus_blur,1,none
efficientnet_b4,ILSVRC2012_val_00044683.JPEG,n04371774,843,843,0.36579055,1,imagenet_c,defocus_blur,1,none
efficientnet_b4,ILSVRC2012_val_00044844.JPEG,n04371774,843,843,0.5040463,1,imagenet_c,defocus_blur,1,none
efficientnet_b4,ILSVRC2012_val_00047466.JPEG,n04371774,843,872,0.14947292,0,imagenet_c,defocus_blur,1,none
efficientnet_b4,ILSVRC2012_val_00048653.JPEG,n04371774,843,843,0.43718693,1,imagenet_c,defocus_blur,1,none
efficientnet_b4,ILSVRC2012_val_00049445.JPEG,n04371774,843,843,0.30570763,1,imagenet_c,defocus_blur,1,none
efficientnet_b4,ILSVRC2012_val_00049797.JPEG,n04371774,843,843,0.4569737,1,imagenet_c,defocus_blur,1,none
efficientnet_b4,ILSVRC2012_val_00000053.JPEG,n04372370,844,844,0.7276896,1,imagenet_c,defocus_blur,1,none
efficientnet_b4,ILSVRC2012_val_00001306.JPEG,n04372370,844,844,0.32359806,1,imagenet_c,defocus_blur,1,none
efficientnet_b4,ILSVRC2012_val_00002797.JPEG,n04372370,844,528,0.51551443,0,imagenet_c,defocus_blur,1,none
efficientnet_b4,ILSVRC2012_val_00003079.JPEG,n04372370,844,844,0.8031751,1,imagenet_c,defocus_blur,1,none
efficientnet_b4,ILSVRC2012_val_00003304.JPEG,n04372370,844,844,0.91401404,1,imagenet_c,defocus_blur,1,none
efficientnet_b4,ILSVRC2012_val_00004380.JPEG,n04372370,844,844,0.6708816,1,imagenet_c,defocus_blur,1,none
efficientnet_b4,ILSVRC2012_val_00005605.JPEG,n04372370,844,844,0.17802514,1,imagenet_c,defocus_blur,1,none
efficientnet_b4,ILSVRC2012_val_00006950.JPEG,n04372370,844,844,0.69533265,1,imagenet_c,defocus_blur,1,none
efficientnet_b4,ILSVRC2012_val_00008372.JPEG,n04372370,844,848,0.31528768,0,imagenet_c,defocus_blur,1,none
efficientnet_b4,ILSVRC2012_val_00010882.JPEG,n04372370,844,844,0.303604,1,imagenet_c,defocus_blur,1,none
efficientnet_b4,ILSVRC2012_val_00012352.JPEG,n04372370,844,844,0.36449823,1,imagenet_c,defocus_blur,1,none
efficientnet_b4,ILSVRC2012_val_00015086.JPEG,n04372370,844,844,0.4005308,1,imagenet_c,defocus_blur,1,none
efficientnet_b4,ILSVRC2012_val_00015844.JPEG,n04372370,844,844,0.14696941,1,imagenet_c,defocus_blur,1,none
efficientnet_b4,ILSVRC2012_val_00016199.JPEG,n04372370,844,844,0.20674905,1,imagenet_c,defocus_blur,1,none
efficientnet_b4,ILSVRC2012_val_00016211.JPEG,n04372370,844,507,0.4487332,0,imagenet_c,defocus_blur,1,none
efficientnet_b4,ILSVRC2012_val_00017546.JPEG,n04372370,844,844,0.68151796,1,imagenet_c,defocus_blur,1,none
efficientnet_b4,ILSVRC2012_val_00018122.JPEG,n04372370,844,168,0.04898973,0,imagenet_c,defocus_blur,1,none
efficientnet_b4,ILSVRC2012_val_00018254.JPEG,n04372370,844,563,0.1536586,0,imagenet_c,defocus_blur,1,none
efficientnet_b4,ILSVRC2012_val_00018319.JPEG,n04372370,844,844,0.47039327,1,imagenet_c,defocus_blur,1,none
efficientnet_b4,ILSVRC2012_val_00023150.JPEG,n04372370,844,844,0.35254672,1,imagenet_c,defocus_blur,1,none
efficientnet_b4,ILSVRC2012_val_00024696.JPEG,n04372370,844,844,0.74205965,1,imagenet_c,defocus_blur,1,none
efficientnet_b4,ILSVRC2012_val_00025073.JPEG,n04372370,844,844,0.65045494,1,imagenet_c,defocus_blur,1,none
efficientnet_b4,ILSVRC2012_val_00025135.JPEG,n04372370,844,507,0.20317681,0,imagenet_c,defocus_blur,1,none
efficientnet_b4,ILSVRC2012_val_00026447.JPEG,n04372370,844,648,0.061867554,0,imagenet_c,defocus_blur,1,none
efficientnet_b4,ILSVRC2012_val_00027023.JPEG,n04372370,844,571,0.865729,0,imagenet_c,defocus_blur,1,none
efficientnet_b4,ILSVRC2012_val_00027671.JPEG,n04372370,844,844,0.5804291,1,imagenet_c,defocus_blur,1,none
efficientnet_b4,ILSVRC2012_val_00028201.JPEG,n04372370,844,884,0.10903788,0,imagenet_c,defocus_blur,1,none
efficientnet_b4,ILSVRC2012_val_00029257.JPEG,n04372370,844,759,0.12905885,0,imagenet_c,defocus_blur,1,none
efficientnet_b4,ILSVRC2012_val_00030216.JPEG,n04372370,844,753,0.11585066,0,imagenet_c,defocus_blur,1,none
efficientnet_b4,ILSVRC2012_val_00030529.JPEG,n04372370,844,174,0.026791438,0,imagenet_c,defocus_blur,1,none
efficientnet_b4,ILSVRC2012_val_00031078.JPEG,n04372370,844,844,0.18571393,1,imagenet_c,defocus_blur,1,none
efficientnet_b4,ILSVRC2012_val_00031697.JPEG,n04372370,844,485,0.14579591,0,imagenet_c,defocus_blur,1,none
efficientnet_b4,ILSVRC2012_val_00031983.JPEG,n04372370,844,844,0.72839236,1,imagenet_c,defocus_blur,1,none
efficientnet_b4,ILSVRC2012_val_00034711.JPEG,n04372370,844,688,0.28518996,0,imagenet_c,defocus_blur,1,none
efficientnet_b4,ILSVRC2012_val_00035646.JPEG,n04372370,844,846,0.1929599,0,imagenet_c,defocus_blur,1,none
efficientnet_b4,ILSVRC2012_val_00035679.JPEG,n04372370,844,492,0.0804851,0,imagenet_c,defocus_blur,1,none
efficientnet_b4,ILSVRC2012_val_00036222.JPEG,n04372370,844,786,0.10051657,0,imagenet_c,defocus_blur,1,none
efficientnet_b4,ILSVRC2012_val_00036255.JPEG,n04372370,844,713,0.31005016,0,imagenet_c,defocus_blur,1,none
efficientnet_b4,ILSVRC2012_val_00036463.JPEG,n04372370,844,705,0.36168638,0,imagenet_c,defocus_blur,1,none
efficientnet_b4,ILSVRC2012_val_00037750.JPEG,n04372370,844,688,0.29305202,0,imagenet_c,defocus_blur,1,none
efficientnet_b4,ILSVRC2012_val_00038842.JPEG,n04372370,844,844,0.72353655,1,imagenet_c,defocus_blur,1,none
efficientnet_b4,ILSVRC2012_val_00041016.JPEG,n04372370,844,114,0.11190798,0,imagenet_c,defocus_blur,1,none
efficientnet_b4,ILSVRC2012_val_00044588.JPEG,n04372370,844,688,0.30736095,0,imagenet_c,defocus_blur,1,none
efficientnet_b4,ILSVRC2012_val_00045658.JPEG,n04372370,844,507,0.47424084,0,imagenet_c,defocus_blur,1,none
efficientnet_b4,ILSVRC2012_val_00045927.JPEG,n04372370,844,823,0.10791065,0,imagenet_c,defocus_blur,1,none
efficientnet_b4,ILSVRC2012_val_00046354.JPEG,n04372370,844,844,0.67592376,1,imagenet_c,defocus_blur,1,none
efficientnet_b4,ILSVRC2012_val_00046939.JPEG,n04372370,844,844,0.81979585,1,imagenet_c,defocus_blur,1,none
efficientnet_b4,ILSVRC2012_val_00047334.JPEG,n04372370,844,507,0.24518158,0,imagenet_c,defocus_blur,1,none
efficientnet_b4,ILSVRC2012_val_00047391.JPEG,n04372370,844,771,0.15635689,0,imagenet_c,defocus_blur,1,none
efficientnet_b4,ILSVRC2012_val_00048738.JPEG,n04372370,844,844,0.7847331,1,imagenet_c,defocus_blur,1,none
efficientnet_b4,ILSVRC2012_val_00002160.JPEG,n04376876,845,845,0.3358451,1,imagenet_c,defocus_blur,1,none
efficientnet_b4,ILSVRC2012_val_00004096.JPEG,n04376876,845,823,0.06278137,0,imagenet_c,defocus_blur,1,none
efficientnet_b4,ILSVRC2012_val_00004348.JPEG,n04376876,845,845,0.5677366,1,imagenet_c,defocus_blur,1,none
efficientnet_b4,ILSVRC2012_val_00005334.JPEG,n04376876,845,845,0.6954156,1,imagenet_c,defocus_blur,1,none
efficientnet_b4,ILSVRC2012_val_00006272.JPEG,n04376876,845,845,0.55961007,1,imagenet_c,defocus_blur,1,none
efficientnet_b4,ILSVRC2012_val_00006504.JPEG,n04376876,845,855,0.093233936,0,imagenet_c,defocus_blur,1,none
efficientnet_b4,ILSVRC2012_val_00006523.JPEG,n04376876,845,845,0.1406253,1,imagenet_c,defocus_blur,1,none
efficientnet_b4,ILSVRC2012_val_00008800.JPEG,n04376876,845,747,0.08641141,0,imagenet_c,defocus_blur,1,none
efficientnet_b4,ILSVRC2012_val_00008850.JPEG,n04376876,845,845,0.37944335,1,imagenet_c,defocus_blur,1,none
efficientnet_b4,ILSVRC2012_val_00010387.JPEG,n04376876,845,845,0.22821425,1,imagenet_c,defocus_blur,1,none
efficientnet_b4,ILSVRC2012_val_00010898.JPEG,n04376876,845,845,0.29236725,1,imagenet_c,defocus_blur,1,none
efficientnet_b4,ILSVRC2012_val_00011992.JPEG,n04376876,845,845,0.52212447,1,imagenet_c,defocus_blur,1,none
efficientnet_b4,ILSVRC2012_val_00012108.JPEG,n04376876,845,415,0.55967736,0,imagenet_c,defocus_blur,1,none
efficientnet_b4,ILSVRC2012_val_00013408.JPEG,n04376876,845,696,0.1456571,0,imagenet_c,defocus_blur,1,none
efficientnet_b4,ILSVRC2012_val_00017425.JPEG,n04376876,845,845,0.83867705,1,imagenet_c,defocus_blur,1,none
efficientnet_b4,ILSVRC2012_val_00019899.JPEG,n04376876,845,432,0.21986201,0,imagenet_c,defocus_blur,1,none
efficientnet_b4,ILSVRC2012_val_00019973.JPEG,n04376876,845,845,0.7204983,1,imagenet_c,defocus_blur,1,none
efficientnet_b4,ILSVRC2012_val_00020150.JPEG,n04376876,845,424,0.05320037,0,imagenet_c,defocus_blur,1,none
efficientnet_b4,ILSVRC2012_val_00021049.JPEG,n04376876,845,845,0.26024735,1,imagenet_c,defocus_blur,1,none
efficientnet_b4,ILSVRC2012_val_00021399.JPEG,n04376876,845,845,0.26329592,1,imagenet_c,defocus_blur,1,none
efficientnet_b4,ILSVRC2012_val_00022190.JPEG,n04376876,845,674,0.08434443,0,imagenet_c,defocus_blur,1,none
efficientnet_b4,ILSVRC2012_val_00023498.JPEG,n04376876,845,845,0.5259695,1,imagenet_c,defocus_blur,1,none
efficientnet_b4,ILSVRC2012_val_00023982.JPEG,n04376876,845,845,0.66928554,1,imagenet_c,defocus_blur,1,none
efficientnet_b4,ILSVRC2012_val_00024901.JPEG,n04376876,845,683,0.09799109,0,imagenet_c,defocus_blur,1,none
efficientnet_b4,ILSVRC2012_val_00026871.JPEG,n04376876,845,711,0.123248205,0,imagenet_c,defocus_blur,1,none
efficientnet_b4,ILSVRC2012_val_00027716.JPEG,n04376876,845,845,0.27317423,1,imagenet_c,defocus_blur,1,none
efficientnet_b4,ILSVRC2012_val_00027991.JPEG,n04376876,845,674,0.4828545,0,imagenet_c,defocus_blur,1,none
efficientnet_b4,ILSVRC2012_val_00028012.JPEG,n04376876,845,929,0.22648545,0,imagenet_c,defocus_blur,1,none
efficientnet_b4,ILSVRC2012_val_00028088.JPEG,n04376876,845,845,0.33681458,1,imagenet_c,defocus_blur,1,none
efficientnet_b4,ILSVRC2012_val_00028109.JPEG,n04376876,845,845,0.5753286,1,imagenet_c,defocus_blur,1,none
efficientnet_b4,ILSVRC2012_val_00028349.JPEG,n04376876,845,845,0.67757505,1,imagenet_c,defocus_blur,1,none
efficientnet_b4,ILSVRC2012_val_00028876.JPEG,n04376876,845,845,0.12876874,1,imagenet_c,defocus_blur,1,none
efficientnet_b4,ILSVRC2012_val_00032983.JPEG,n04376876,845,674,0.38498694,0,imagenet_c,defocus_blur,1,none
efficientnet_b4,ILSVRC2012_val_00033444.JPEG,n04376876,845,845,0.16551284,1,imagenet_c,defocus_blur,1,none
efficientnet_b4,ILSVRC2012_val_00034016.JPEG,n04376876,845,784,0.27426443,0,imagenet_c,defocus_blur,1,none
efficientnet_b4,ILSVRC2012_val_00034026.JPEG,n04376876,845,845,0.86229277,1,imagenet_c,defocus_blur,1,none
efficientnet_b4,ILSVRC2012_val_00034357.JPEG,n04376876,845,845,0.2607393,1,imagenet_c,defocus_blur,1,none
efficientnet_b4,ILSVRC2012_val_00036106.JPEG,n04376876,845,845,0.71240205,1,imagenet_c,defocus_blur,1,none
efficientnet_b4,ILSVRC2012_val_00036137.JPEG,n04376876,845,845,0.779916,1,imagenet_c,defocus_blur,1,none
efficientnet_b4,ILSVRC2012_val_00037242.JPEG,n04376876,845,845,0.33971372,1,imagenet_c,defocus_blur,1,none
efficientnet_b4,ILSVRC2012_val_00037562.JPEG,n04376876,845,845,0.6763701,1,imagenet_c,defocus_blur,1,none
efficientnet_b4,ILSVRC2012_val_00039903.JPEG,n04376876,845,845,0.40843782,1,imagenet_c,defocus_blur,1,none
efficientnet_b4,ILSVRC2012_val_00041555.JPEG,n04376876,845,845,0.6559663,1,imagenet_c,defocus_blur,1,none
efficientnet_b4,ILSVRC2012_val_00042241.JPEG,n04376876,845,720,0.34929287,0,imagenet_c,defocus_blur,1,none
efficientnet_b4,ILSVRC2012_val_00044057.JPEG,n04376876,845,845,0.3667632,1,imagenet_c,defocus_blur,1,none
efficientnet_b4,ILSVRC2012_val_00044138.JPEG,n04376876,845,845,0.51710594,1,imagenet_c,defocus_blur,1,none
efficientnet_b4,ILSVRC2012_val_00044486.JPEG,n04376876,845,747,0.045183085,0,imagenet_c,defocus_blur,1,none
efficientnet_b4,ILSVRC2012_val_00046671.JPEG,n04376876,845,845,0.5974433,1,imagenet_c,defocus_blur,1,none
efficientnet_b4,ILSVRC2012_val_00047960.JPEG,n04376876,845,845,0.6102292,1,imagenet_c,defocus_blur,1,none
efficientnet_b4,ILSVRC2012_val_00049820.JPEG,n04376876,845,753,0.50588393,0,imagenet_c,defocus_blur,1,none
efficientnet_b4,ILSVRC2012_val_00000026.JPEG,n04380533,846,846,0.31618938,1,imagenet_c,defocus_blur,1,none
efficientnet_b4,ILSVRC2012_val_00001055.JPEG,n04380533,846,846,0.76013947,1,imagenet_c,defocus_blur,1,none
efficientnet_b4,ILSVRC2012_val_00002264.JPEG,n04380533,846,846,0.20920394,1,imagenet_c,defocus_blur,1,none
efficientnet_b4,ILSVRC2012_val_00003252.JPEG,n04380533,846,846,0.6769516,1,imagenet_c,defocus_blur,1,none
efficientnet_b4,ILSVRC2012_val_00003891.JPEG,n04380533,846,846,0.67392117,1,imagenet_c,defocus_blur,1,none
efficientnet_b4,ILSVRC2012_val_00006229.JPEG,n04380533,846,846,0.43794766,1,imagenet_c,defocus_blur,1,none
efficientnet_b4,ILSVRC2012_val_00007104.JPEG,n04380533,846,846,0.23122959,1,imagenet_c,defocus_blur,1,none
efficientnet_b4,ILSVRC2012_val_00007756.JPEG,n04380533,846,846,0.70054156,1,imagenet_c,defocus_blur,1,none
efficientnet_b4,ILSVRC2012_val_00008897.JPEG,n04380533,846,846,0.6935853,1,imagenet_c,defocus_blur,1,none
efficientnet_b4,ILSVRC2012_val_00011225.JPEG,n04380533,846,789,0.3327004,0,imagenet_c,defocus_blur,1,none
efficientnet_b4,ILSVRC2012_val_00012725.JPEG,n04380533,846,572,0.30485266,0,imagenet_c,defocus_blur,1,none
efficientnet_b4,ILSVRC2012_val_00013216.JPEG,n04380533,846,818,0.18785307,0,imagenet_c,defocus_blur,1,none
efficientnet_b4,ILSVRC2012_val_00013311.JPEG,n04380533,846,846,0.48162815,1,imagenet_c,defocus_blur,1,none
efficientnet_b4,ILSVRC2012_val_00015335.JPEG,n04380533,846,883,0.27338845,0,imagenet_c,defocus_blur,1,none
efficientnet_b4,ILSVRC2012_val_00016178.JPEG,n04380533,846,846,0.14648056,1,imagenet_c,defocus_blur,1,none
efficientnet_b4,ILSVRC2012_val_00016180.JPEG,n04380533,846,846,0.3367547,1,imagenet_c,defocus_blur,1,none
efficientnet_b4,ILSVRC2012_val_00017818.JPEG,n04380533,846,846,0.7566495,1,imagenet_c,defocus_blur,1,none
efficientnet_b4,ILSVRC2012_val_00017933.JPEG,n04380533,846,846,0.45614964,1,imagenet_c,defocus_blur,1,none
efficientnet_b4,ILSVRC2012_val_00019316.JPEG,n04380533,846,846,0.6189982,1,imagenet_c,defocus_blur,1,none
efficientnet_b4,ILSVRC2012_val_00020607.JPEG,n04380533,846,494,0.031935114,0,imagenet_c,defocus_blur,1,none
efficientnet_b4,ILSVRC2012_val_00022046.JPEG,n04380533,846,619,0.2370715,0,imagenet_c,defocus_blur,1,none
efficientnet_b4,ILSVRC2012_val_00022357.JPEG,n04380533,846,846,0.4291148,1,imagenet_c,defocus_blur,1,none
efficientnet_b4,ILSVRC2012_val_00022900.JPEG,n04380533,846,846,0.23088694,1,imagenet_c,defocus_blur,1,none
efficientnet_b4,ILSVRC2012_val_00024312.JPEG,n04380533,846,846,0.7184126,1,imagenet_c,defocus_blur,1,none
efficientnet_b4,ILSVRC2012_val_00025719.JPEG,n04380533,846,846,0.4569364,1,imagenet_c,defocus_blur,1,none
efficientnet_b4,ILSVRC2012_val_00025856.JPEG,n04380533,846,846,0.21808037,1,imagenet_c,defocus_blur,1,none
efficientnet_b4,ILSVRC2012_val_00026919.JPEG,n04380533,846,846,0.5779246,1,imagenet_c,defocus_blur,1,none
efficientnet_b4,ILSVRC2012_val_00026938.JPEG,n04380533,846,846,0.5254004,1,imagenet_c,defocus_blur,1,none
efficientnet_b4,ILSVRC2012_val_00026968.JPEG,n04380533,846,846,0.17618486,1,imagenet_c,defocus_blur,1,none
efficientnet_b4,ILSVRC2012_val_00027098.JPEG,n04380533,846,846,0.6124557,1,imagenet_c,defocus_blur,1,none
efficientnet_b4,ILSVRC2012_val_00027143.JPEG,n04380533,846,846,0.16627763,1,imagenet_c,defocus_blur,1,none
efficientnet_b4,ILSVRC2012_val_00030542.JPEG,n04380533,846,726,0.050375283,0,imagenet_c,defocus_blur,1,none
efficientnet_b4,ILSVRC2012_val_00030598.JPEG,n04380533,846,846,0.5002734,1,imagenet_c,defocus_blur,1,none
efficientnet_b4,ILSVRC2012_val_00031065.JPEG,n04380533,846,846,0.17494671,1,imagenet_c,defocus_blur,1,none
efficientnet_b4,ILSVRC2012_val_00031497.JPEG,n04380533,846,846,0.7462389,1,imagenet_c,defocus_blur,1,none
efficientnet_b4,ILSVRC2012_val_00032077.JPEG,n04380533,846,846,0.46037525,1,imagenet_c,defocus_blur,1,none
efficientnet_b4,ILSVRC2012_val_00032093.JPEG,n04380533,846,811,0.02421617,0,imagenet_c,defocus_blur,1,none
efficientnet_b4,ILSVRC2012_val_00033933.JPEG,n04380533,846,846,0.28398195,1,imagenet_c,defocus_blur,1,none
efficientnet_b4,ILSVRC2012_val_00034241.JPEG,n04380533,846,846,0.56306136,1,imagenet_c,defocus_blur,1,none
efficientnet_b4,ILSVRC2012_val_00034284.JPEG,n04380533,846,846,0.46149883,1,imagenet_c,defocus_blur,1,none
efficientnet_b4,ILSVRC2012_val_00035869.JPEG,n04380533,846,789,0.13900022,0,imagenet_c,defocus_blur,1,none
efficientnet_b4,ILSVRC2012_val_00037697.JPEG,n04380533,846,846,0.20784521,1,imagenet_c,defocus_blur,1,none
efficientnet_b4,ILSVRC2012_val_00038461.JPEG,n04380533,846,613,0.10087878,0,imagenet_c,defocus_blur,1,none
efficientnet_b4,ILSVRC2012_val_00038656.JPEG,n04380533,846,846,0.67797285,1,imagenet_c,defocus_blur,1,none
efficientnet_b4,ILSVRC2012_val_00039650.JPEG,n04380533,846,846,0.5004198,1,imagenet_c,defocus_blur,1,none
efficientnet_b4,ILSVRC2012_val_00040162.JPEG,n04380533,846,846,0.54391277,1,imagenet_c,defocus_blur,1,none
efficientnet_b4,ILSVRC2012_val_00041357.JPEG,n04380533,846,513,0.08340893,0,imagenet_c,defocus_blur,1,none
efficientnet_b4,ILSVRC2012_val_00041421.JPEG,n04380533,846,846,0.37652612,1,imagenet_c,defocus_blur,1,none
efficientnet_b4,ILSVRC2012_val_00045288.JPEG,n04380533,846,846,0.6965815,1,imagenet_c,defocus_blur,1,none
efficientnet_b4,ILSVRC2012_val_00046160.JPEG,n04380533,846,846,0.3878856,1,imagenet_c,defocus_blur,1,none
efficientnet_b4,ILSVRC2012_val_00002120.JPEG,n04389033,847,471,0.32191062,0,imagenet_c,defocus_blur,1,none
efficientnet_b4,ILSVRC2012_val_00002122.JPEG,n04389033,847,847,0.59612745,1,imagenet_c,defocus_blur,1,none
efficientnet_b4,ILSVRC2012_val_00002162.JPEG,n04389033,847,847,0.42634243,1,imagenet_c,defocus_blur,1,none
efficientnet_b4,ILSVRC2012_val_00002520.JPEG,n04389033,847,847,0.3128131,1,imagenet_c,defocus_blur,1,none
efficientnet_b4,ILSVRC2012_val_00002637.JPEG,n04389033,847,847,0.41548014,1,imagenet_c,defocus_blur,1,none
efficientnet_b4,ILSVRC2012_val_00003212.JPEG,n04389033,847,847,0.1887425,1,imagenet_c,defocus_blur,1,none
efficientnet_b4,ILSVRC2012_val_00004353.JPEG,n04389033,847,586,0.3792118,0,imagenet_c,defocus_blur,1,none
efficientnet_b4,ILSVRC2012_val_00004367.JPEG,n04389033,847,847,0.52567756,1,imagenet_c,defocus_blur,1,none
efficientnet_b4,ILSVRC2012_val_00005592.JPEG,n04389033,847,847,0.3866714,1,imagenet_c,defocus_blur,1,none
efficientnet_b4,ILSVRC2012_val_00006398.JPEG,n04389033,847,847,0.7032026,1,imagenet_c,defocus_blur,1,none
efficientnet_b4,ILSVRC2012_val_00006846.JPEG,n04389033,847,576,0.12502865,0,imagenet_c,defocus_blur,1,none
efficientnet_b4,ILSVRC2012_val_00008055.JPEG,n04389033,847,847,0.21938324,1,imagenet_c,defocus_blur,1,none
efficientnet_b4,ILSVRC2012_val_00008783.JPEG,n04389033,847,847,0.5058888,1,imagenet_c,defocus_blur,1,none
efficientnet_b4,ILSVRC2012_val_00015255.JPEG,n04389033,847,847,0.54843825,1,imagenet_c,defocus_blur,1,none
efficientnet_b4,ILSVRC2012_val_00015638.JPEG,n04389033,847,847,0.24890582,1,imagenet_c,defocus_blur,1,none
efficientnet_b4,ILSVRC2012_val_00017065.JPEG,n04389033,847,586,0.25763384,0,imagenet_c,defocus_blur,1,none
efficientnet_b4,ILSVRC2012_val_00017094.JPEG,n04389033,847,847,0.6421866,1,imagenet_c,defocus_blur,1,none
efficientnet_b4,ILSVRC2012_val_00020377.JPEG,n04389033,847,62,0.031461693,0,imagenet_c,defocus_blur,1,none
efficientnet_b4,ILSVRC2012_val_00021989.JPEG,n04389033,847,847,0.44127417,1,imagenet_c,defocus_blur,1,none
efficientnet_b4,ILSVRC2012_val_00024213.JPEG,n04389033,847,595,0.09549731,0,imagenet_c,defocus_blur,1,none
efficientnet_b4,ILSVRC2012_val_00024233.JPEG,n04389033,847,586,0.36839783,0,imagenet_c,defocus_blur,1,none
efficientnet_b4,ILSVRC2012_val_00026377.JPEG,n04389033,847,586,0.23809592,0,imagenet_c,defocus_blur,1,none
efficientnet_b4,ILSVRC2012_val_00026635.JPEG,n04389033,847,847,0.39512005,1,imagenet_c,defocus_blur,1,none
efficientnet_b4,ILSVRC2012_val_00027044.JPEG,n04389033,847,408,0.32995328,0,imagenet_c,defocus_blur,1,none
efficientnet_b4,ILSVRC2012_val_00028659.JPEG,n04389033,847,847,0.46461987,1,imagenet_c,defocus_blur,1,none
efficientnet_b4,ILSVRC2012_val_00030230.JPEG,n04389033,847,847,0.3706654,1,imagenet_c,defocus_blur,1,none
efficientnet_b4,ILSVRC2012_val_00030415.JPEG,n04389033,847,408,0.5041235,0,imagenet_c,defocus_blur,1,none
efficientnet_b4,ILSVRC2012_val_00030454.JPEG,n04389033,847,847,0.514787,1,imagenet_c,defocus_blur,1,none
efficientnet_b4,ILSVRC2012_val_00030941.JPEG,n04389033,847,847,0.5947115,1,imagenet_c,defocus_blur,1,none
efficientnet_b4,ILSVRC2012_val_00032496.JPEG,n04389033,847,847,0.16301256,1,imagenet_c,defocus_blur,1,none
efficientnet_b4,ILSVRC2012_val_00032996.JPEG,n04389033,847,416,0.11183627,0,imagenet_c,defocus_blur,1,none
efficientnet_b4,ILSVRC2012_val_00033676.JPEG,n04389033,847,847,0.6537737,1,imagenet_c,defocus_blur,1,none
efficientnet_b4,ILSVRC2012_val_00034135.JPEG,n04389033,847,847,0.42171907,1,imagenet_c,defocus_blur,1,none
efficientnet_b4,ILSVRC2012_val_00036249.JPEG,n04389033,847,847,0.32957402,1,imagenet_c,defocus_blur,1,none
efficientnet_b4,ILSVRC2012_val_00036905.JPEG,n04389033,847,847,0.42627597,1,imagenet_c,defocus_blur,1,none
efficientnet_b4,ILSVRC2012_val_00037887.JPEG,n04389033,847,847,0.52400213,1,imagenet_c,defocus_blur,1,none
efficientnet_b4,ILSVRC2012_val_00038383.JPEG,n04389033,847,847,0.10765446,1,imagenet_c,defocus_blur,1,none
efficientnet_b4,ILSVRC2012_val_00039017.JPEG,n04389033,847,627,0.25573868,0,imagenet_c,defocus_blur,1,none
efficientnet_b4,ILSVRC2012_val_00040332.JPEG,n04389033,847,847,0.58324724,1,imagenet_c,defocus_blur,1,none
efficientnet_b4,ILSVRC2012_val_00041546.JPEG,n04389033,847,847,0.5587411,1,imagenet_c,defocus_blur,1,none
efficientnet_b4,ILSVRC2012_val_00042341.JPEG,n04389033,847,408,0.084651455,0,imagenet_c,defocus_blur,1,none
efficientnet_b4,ILSVRC2012_val_00042641.JPEG,n04389033,847,586,0.46518713,0,imagenet_c,defocus_blur,1,none
efficientnet_b4,ILSVRC2012_val_00043756.JPEG,n04389033,847,847,0.48820218,1,imagenet_c,defocus_blur,1,none
efficientnet_b4,ILSVRC2012_val_00044690.JPEG,n04389033,847,847,0.6482038,1,imagenet_c,defocus_blur,1,none
efficientnet_b4,ILSVRC2012_val_00046630.JPEG,n04389033,847,569,0.15485078,0,imagenet_c,defocus_blur,1,none
efficientnet_b4,ILSVRC2012_val_00046843.JPEG,n04389033,847,847,0.18718936,1,imagenet_c,defocus_blur,1,none
efficientnet_b4,ILSVRC2012_val_00047296.JPEG,n04389033,847,847,0.42783183,1,imagenet_c,defocus_blur,1,none
efficientnet_b4,ILSVRC2012_val_00048782.JPEG,n04389033,847,847,0.59094304,1,imagenet_c,defocus_blur,1,none
efficientnet_b4,ILSVRC2012_val_00048799.JPEG,n04389033,847,408,0.46665943,0,imagenet_c,defocus_blur,1,none
efficientnet_b4,ILSVRC2012_val_00049454.JPEG,n04389033,847,847,0.4986938,1,imagenet_c,defocus_blur,1,none
efficientnet_b4,ILSVRC2012_val_00000627.JPEG,n04392985,848,482,0.0796293,0,imagenet_c,defocus_blur,1,none
efficientnet_b4,ILSVRC2012_val_00001249.JPEG,n04392985,848,482,0.067593426,0,imagenet_c,defocus_blur,1,none
efficientnet_b4,ILSVRC2012_val_00001666.JPEG,n04392985,848,482,0.24121632,0,imagenet_c,defocus_blur,1,none
efficientnet_b4,ILSVRC2012_val_00001738.JPEG,n04392985,848,759,0.12686238,0,imagenet_c,defocus_blur,1,none
efficientnet_b4,ILSVRC2012_val_00001806.JPEG,n04392985,848,674,0.22409387,0,imagenet_c,defocus_blur,1,none
efficientnet_b4,ILSVRC2012_val_00002564.JPEG,n04392985,848,482,0.4118232,0,imagenet_c,defocus_blur,1,none
efficientnet_b4,ILSVRC2012_val_00003442.JPEG,n04392985,848,848,0.33449885,1,imagenet_c,defocus_blur,1,none
efficientnet_b4,ILSVRC2012_val_00003756.JPEG,n04392985,848,848,0.32167643,1,imagenet_c,defocus_blur,1,none
efficientnet_b4,ILSVRC2012_val_00003844.JPEG,n04392985,848,482,0.11981911,0,imagenet_c,defocus_blur,1,none
efficientnet_b4,ILSVRC2012_val_00005349.JPEG,n04392985,848,482,0.2261604,0,imagenet_c,defocus_blur,1,none
efficientnet_b4,ILSVRC2012_val_00005368.JPEG,n04392985,848,848,0.3361937,1,imagenet_c,defocus_blur,1,none
efficientnet_b4,ILSVRC2012_val_00005881.JPEG,n04392985,848,742,0.092913866,0,imagenet_c,defocus_blur,1,none
efficientnet_b4,ILSVRC2012_val_00006037.JPEG,n04392985,848,482,0.47965744,0,imagenet_c,defocus_blur,1,none
efficientnet_b4,ILSVRC2012_val_00007718.JPEG,n04392985,848,848,0.32456052,1,imagenet_c,defocus_blur,1,none
efficientnet_b4,ILSVRC2012_val_00007969.JPEG,n04392985,848,848,0.25701833,1,imagenet_c,defocus_blur,1,none
efficientnet_b4,ILSVRC2012_val_00008785.JPEG,n04392985,848,848,0.24461609,1,imagenet_c,defocus_blur,1,none
efficientnet_b4,ILSVRC2012_val_00008846.JPEG,n04392985,848,593,0.29749987,0,imagenet_c,defocus_blur,1,none
efficientnet_b4,ILSVRC2012_val_00009201.JPEG,n04392985,848,482,0.15633062,0,imagenet_c,defocus_blur,1,none
efficientnet_b4,ILSVRC2012_val_00012872.JPEG,n04392985,848,848,0.2224011,1,imagenet_c,defocus_blur,1,none
efficientnet_b4,ILSVRC2012_val_00014078.JPEG,n04392985,848,482,0.09804157,0,imagenet_c,defocus_blur,1,none
efficientnet_b4,ILSVRC2012_val_00014414.JPEG,n04392985,848,482,0.2287973,0,imagenet_c,defocus_blur,1,none
efficientnet_b4,ILSVRC2012_val_00015503.JPEG,n04392985,848,848,0.4605132,1,imagenet_c,defocus_blur,1,none
efficientnet_b4,ILSVRC2012_val_00017709.JPEG,n04392985,848,688,0.17238031,0,imagenet_c,defocus_blur,1,none
efficientnet_b4,ILSVRC2012_val_00021674.JPEG,n04392985,848,848,0.2472442,1,imagenet_c,defocus_blur,1,none
efficientnet_b4,ILSVRC2012_val_00022460.JPEG,n04392985,848,598,0.08236952,0,imagenet_c,defocus_blur,1,none
efficientnet_b4,ILSVRC2012_val_00023462.JPEG,n04392985,848,848,0.32022706,1,imagenet_c,defocus_blur,1,none
efficientnet_b4,ILSVRC2012_val_00023625.JPEG,n04392985,848,482,0.38883683,0,imagenet_c,defocus_blur,1,none
efficientnet_b4,ILSVRC2012_val_00026630.JPEG,n04392985,848,848,0.10424618,1,imagenet_c,defocus_blur,1,none
efficientnet_b4,ILSVRC2012_val_00027019.JPEG,n04392985,848,848,0.24930884,1,imagenet_c,defocus_blur,1,none
efficientnet_b4,ILSVRC2012_val_00027793.JPEG,n04392985,848,848,0.48424292,1,imagenet_c,defocus_blur,1,none
efficientnet_b4,ILSVRC2012_val_00028048.JPEG,n04392985,848,482,0.2644163,0,imagenet_c,defocus_blur,1,none
efficientnet_b4,ILSVRC2012_val_00029362.JPEG,n04392985,848,608,0.034771103,0,imagenet_c,defocus_blur,1,none
efficientnet_b4,ILSVRC2012_val_00029455.JPEG,n04392985,848,848,0.20172806,1,imagenet_c,defocus_blur,1,none
efficientnet_b4,ILSVRC2012_val_00030409.JPEG,n04392985,848,848,0.22899115,1,imagenet_c,defocus_blur,1,none
efficientnet_b4,ILSVRC2012_val_00031475.JPEG,n04392985,848,527,0.026850339,0,imagenet_c,defocus_blur,1,none
efficientnet_b4,ILSVRC2012_val_00031995.JPEG,n04392985,848,848,0.366352,1,imagenet_c,defocus_blur,1,none
efficientnet_b4,ILSVRC2012_val_00034873.JPEG,n04392985,848,632,0.18656725,0,imagenet_c,defocus_blur,1,none
efficientnet_b4,ILSVRC2012_val_00035035.JPEG,n04392985,848,592,0.19950394,0,imagenet_c,defocus_blur,1,none
efficientnet_b4,ILSVRC2012_val_00036640.JPEG,n04392985,848,848,0.16231138,1,imagenet_c,defocus_blur,1,none
efficientnet_b4,ILSVRC2012_val_00036646.JPEG,n04392985,848,848,0.34188995,1,imagenet_c,defocus_blur,1,none
efficientnet_b4,ILSVRC2012_val_00036753.JPEG,n04392985,848,848,0.50348246,1,imagenet_c,defocus_blur,1,none
efficientnet_b4,ILSVRC2012_val_00037423.JPEG,n04392985,848,848,0.30433834,1,imagenet_c,defocus_blur,1,none
efficientnet_b4,ILSVRC2012_val_00039836.JPEG,n04392985,848,745,0.21599531,0,imagenet_c,defocus_blur,1,none
efficientnet_b4,ILSVRC2012_val_00040920.JPEG,n04392985,848,848,0.35024682,1,imagenet_c,defocus_blur,1,none
efficientnet_b4,ILSVRC2012_val_00041808.JPEG,n04392985,848,848,0.34805644,1,imagenet_c,defocus_blur,1,none
efficientnet_b4,ILSVRC2012_val_00042077.JPEG,n04392985,848,848,0.61496603,1,imagenet_c,defocus_blur,1,none
efficientnet_b4,ILSVRC2012_val_00044323.JPEG,n04392985,848,518,0.16004916,0,imagenet_c,defocus_blur,1,none
efficientnet_b4,ILSVRC2012_val_00044739.JPEG,n04392985,848,848,0.32120457,1,imagenet_c,defocus_blur,1,none
efficientnet_b4,ILSVRC2012_val_00045645.JPEG,n04392985,848,527,0.07664125,0,imagenet_c,defocus_blur,1,none
efficientnet_b4,ILSVRC2012_val_00046777.JPEG,n04392985,848,848,0.13223901,1,imagenet_c,defocus_blur,1,none
efficientnet_b4,ILSVRC2012_val_00000464.JPEG,n04398044,849,849,0.40869552,1,imagenet_c,defocus_blur,1,none
efficientnet_b4,ILSVRC2012_val_00000826.JPEG,n04398044,849,849,0.29587814,1,imagenet_c,defocus_blur,1,none
efficientnet_b4,ILSVRC2012_val_00005162.JPEG,n04398044,849,849,0.35234472,1,imagenet_c,defocus_blur,1,none
efficientnet_b4,ILSVRC2012_val_00006001.JPEG,n04398044,849,849,0.44286785,1,imagenet_c,defocus_blur,1,none
efficientnet_b4,ILSVRC2012_val_00006085.JPEG,n04398044,849,849,0.44025815,1,imagenet_c,defocus_blur,1,none
efficientnet_b4,ILSVRC2012_val_00009149.JPEG,n04398044,849,849,0.43885437,1,imagenet_c,defocus_blur,1,none
efficientnet_b4,ILSVRC2012_val_00011203.JPEG,n04398044,849,505,0.24527623,0,imagenet_c,defocus_blur,1,none
efficientnet_b4,ILSVRC2012_val_00011297.JPEG,n04398044,849,849,0.36900172,1,imagenet_c,defocus_blur,1,none
efficientnet_b4,ILSVRC2012_val_00013473.JPEG,n04398044,849,505,0.39767766,0,imagenet_c,defocus_blur,1,none
efficientnet_b4,ILSVRC2012_val_00013711.JPEG,n04398044,849,849,0.31426033,1,imagenet_c,defocus_blur,1,none
efficientnet_b4,ILSVRC2012_val_00014757.JPEG,n04398044,849,849,0.61285985,1,imagenet_c,defocus_blur,1,none
efficientnet_b4,ILSVRC2012_val_00014880.JPEG,n04398044,849,505,0.33386993,0,imagenet_c,defocus_blur,1,none
efficientnet_b4,ILSVRC2012_val_00015109.JPEG,n04398044,849,849,0.6801568,1,imagenet_c,defocus_blur,1,none
efficientnet_b4,ILSVRC2012_val_00015857.JPEG,n04398044,849,849,0.51158077,1,imagenet_c,defocus_blur,1,none
efficientnet_b4,ILSVRC2012_val_00016042.JPEG,n04398044,849,849,0.27162573,1,imagenet_c,defocus_blur,1,none
efficientnet_b4,ILSVRC2012_val_00017502.JPEG,n04398044,849,680,0.23201394,0,imagenet_c,defocus_blur,1,none
efficientnet_b4,ILSVRC2012_val_00018434.JPEG,n04398044,849,849,0.51285183,1,imagenet_c,defocus_blur,1,none
efficientnet_b4,ILSVRC2012_val_00018783.JPEG,n04398044,849,849,0.17418556,1,imagenet_c,defocus_blur,1,none
efficientnet_b4,ILSVRC2012_val_00019622.JPEG,n04398044,849,849,0.39198118,1,imagenet_c,defocus_blur,1,none
efficientnet_b4,ILSVRC2012_val_00019733.JPEG,n04398044,849,849,0.35498494,1,imagenet_c,defocus_blur,1,none
efficientnet_b4,ILSVRC2012_val_00020903.JPEG,n04398044,849,849,0.77590036,1,imagenet_c,defocus_blur,1,none
efficientnet_b4,ILSVRC2012_val_00021824.JPEG,n04398044,849,505,0.30588874,0,imagenet_c,defocus_blur,1,none
efficientnet_b4,ILSVRC2012_val_00022012.JPEG,n04398044,849,899,0.27914128,0,imagenet_c,defocus_blur,1,none
efficientnet_b4,ILSVRC2012_val_00022342.JPEG,n04398044,849,849,0.11245258,1,imagenet_c,defocus_blur,1,none
efficientnet_b4,ILSVRC2012_val_00022840.JPEG,n04398044,849,849,0.5140385,1,imagenet_c,defocus_blur,1,none
efficientnet_b4,ILSVRC2012_val_00025266.JPEG,n04398044,849,849,0.2696606,1,imagenet_c,defocus_blur,1,none
efficientnet_b4,ILSVRC2012_val_00029747.JPEG,n04398044,849,849,0.5319587,1,imagenet_c,defocus_blur,1,none
efficientnet_b4,ILSVRC2012_val_00030441.JPEG,n04398044,849,849,0.285975,1,imagenet_c,defocus_blur,1,none
efficientnet_b4,ILSVRC2012_val_00032195.JPEG,n04398044,849,901,0.63404197,0,imagenet_c,defocus_blur,1,none
efficientnet_b4,ILSVRC2012_val_00033016.JPEG,n04398044,849,505,0.5461293,0,imagenet_c,defocus_blur,1,none
efficientnet_b4,ILSVRC2012_val_00033663.JPEG,n04398044,849,505,0.2715056,0,imagenet_c,defocus_blur,1,none
efficientnet_b4,ILSVRC2012_val_00034538.JPEG,n04398044,849,849,0.16783164,1,imagenet_c,defocus_blur,1,none
efficientnet_b4,ILSVRC2012_val_00034859.JPEG,n04398044,849,849,0.6872828,1,imagenet_c,defocus_blur,1,none
efficientnet_b4,ILSVRC2012_val_00035011.JPEG,n04398044,849,505,0.220712,0,imagenet_c,defocus_blur,1,none
efficientnet_b4,ILSVRC2012_val_00037105.JPEG,n04398044,849,505,0.23368324,0,imagenet_c,defocus_blur,1,none
efficientnet_b4,ILSVRC2012_val_00039681.JPEG,n04398044,849,505,0.50520754,0,imagenet_c,defocus_blur,1,none
efficientnet_b4,ILSVRC2012_val_00041709.JPEG,n04398044,849,849,0.47058147,1,imagenet_c,defocus_blur,1,none
efficientnet_b4,ILSVRC2012_val_00041938.JPEG,n04398044,849,849,0.30698365,1,imagenet_c,defocus_blur,1,none
efficientnet_b4,ILSVRC2012_val_00042272.JPEG,n04398044,849,849,0.20975682,1,imagenet_c,defocus_blur,1,none
efficientnet_b4,ILSVRC2012_val_00042447.JPEG,n04398044,849,849,0.51252306,1,imagenet_c,defocus_blur,1,none
efficientnet_b4,ILSVRC2012_val_00043087.JPEG,n04398044,849,849,0.44965252,1,imagenet_c,defocus_blur,1,none
efficientnet_b4,ILSVRC2012_val_00043719.JPEG,n04398044,849,849,0.22254935,1,imagenet_c,defocus_blur,1,none
efficientnet_b4,ILSVRC2012_val_00043720.JPEG,n04398044,849,849,0.5327329,1,imagenet_c,defocus_blur,1,none
efficientnet_b4,ILSVRC2012_val_00044188.JPEG,n04398044,849,505,0.34064427,0,imagenet_c,defocus_blur,1,none
efficientnet_b4,ILSVRC2012_val_00046127.JPEG,n04398044,849,849,0.3701885,1,imagenet_c,defocus_blur,1,none
efficientnet_b4,ILSVRC2012_val_00046447.JPEG,n04398044,849,849,0.3548194,1,imagenet_c,defocus_blur,1,none
efficientnet_b4,ILSVRC2012_val_00046719.JPEG,n04398044,849,849,0.7339224,1,imagenet_c,defocus_blur,1,none
efficientnet_b4,ILSVRC2012_val_00048377.JPEG,n04398044,849,849,0.7085113,1,imagenet_c,defocus_blur,1,none
efficientnet_b4,ILSVRC2012_val_00049424.JPEG,n04398044,849,849,0.60032254,1,imagenet_c,defocus_blur,1,none
efficientnet_b4,ILSVRC2012_val_00049748.JPEG,n04398044,849,849,0.4210571,1,imagenet_c,defocus_blur,1,none
efficientnet_b4,ILSVRC2012_val_00000602.JPEG,n04399382,850,178,0.13569024,0,imagenet_c,defocus_blur,1,none
efficientnet_b4,ILSVRC2012_val_00001186.JPEG,n04399382,850,865,0.29109237,0,imagenet_c,defocus_blur,1,none
efficientnet_b4,ILSVRC2012_val_00002673.JPEG,n04399382,850,266,0.1382139,0,imagenet_c,defocus_blur,1,none
efficientnet_b4,ILSVRC2012_val_00004523.JPEG,n04399382,850,850,0.44182268,1,imagenet_c,defocus_blur,1,none
efficientnet_b4,ILSVRC2012_val_00004581.JPEG,n04399382,850,865,0.49620703,0,imagenet_c,defocus_blur,1,none
efficientnet_b4,ILSVRC2012_val_00004769.JPEG,n04399382,850,865,0.08544344,0,imagenet_c,defocus_blur,1,none
efficientnet_b4,ILSVRC2012_val_00005571.JPEG,n04399382,850,850,0.20020081,1,imagenet_c,defocus_blur,1,none
efficientnet_b4,ILSVRC2012_val_00005632.JPEG,n04399382,850,850,0.46362272,1,imagenet_c,defocus_blur,1,none
efficientnet_b4,ILSVRC2012_val_00006509.JPEG,n04399382,850,265,0.37587222,0,imagenet_c,defocus_blur,1,none
efficientnet_b4,ILSVRC2012_val_00006985.JPEG,n04399382,850,850,0.6501693,1,imagenet_c,defocus_blur,1,none
efficientnet_b4,ILSVRC2012_val_00006996.JPEG,n04399382,850,191,0.17427976,0,imagenet_c,defocus_blur,1,none
efficientnet_b4,ILSVRC2012_val_00007045.JPEG,n04399382,850,850,0.53253293,1,imagenet_c,defocus_blur,1,none
efficientnet_b4,ILSVRC2012_val_00007298.JPEG,n04399382,850,850,0.49201316,1,imagenet_c,defocus_blur,1,none
efficientnet_b4,ILSVRC2012_val_00007401.JPEG,n04399382,850,928,0.5858414,0,imagenet_c,defocus_blur,1,none
efficientnet_b4,ILSVRC2012_val_00007439.JPEG,n04399382,850,850,0.20279959,1,imagenet_c,defocus_blur,1,none
efficientnet_b4,ILSVRC2012_val_00009174.JPEG,n04399382,850,850,0.11910431,1,imagenet_c,defocus_blur,1,none
efficientnet_b4,ILSVRC2012_val_00011005.JPEG,n04399382,850,850,0.50947577,1,imagenet_c,defocus_blur,1,none
efficientnet_b4,ILSVRC2012_val_00012784.JPEG,n04399382,850,850,0.33097538,1,imagenet_c,defocus_blur,1,none
efficientnet_b4,ILSVRC2012_val_00015090.JPEG,n04399382,850,850,0.22075772,1,imagenet_c,defocus_blur,1,none
efficientnet_b4,ILSVRC2012_val_00017395.JPEG,n04399382,850,753,0.20905773,0,imagenet_c,defocus_blur,1,none
efficientnet_b4,ILSVRC2012_val_00017956.JPEG,n04399382,850,865,0.35027373,0,imagenet_c,defocus_blur,1,none
efficientnet_b4,ILSVRC2012_val_00018054.JPEG,n04399382,850,187,0.081420146,0,imagenet_c,defocus_blur,1,none
efficientnet_b4,ILSVRC2012_val_00018386.JPEG,n04399382,850,219,0.12393178,0,imagenet_c,defocus_blur,1,none
efficientnet_b4,ILSVRC2012_val_00019508.JPEG,n04399382,850,850,0.16886397,1,imagenet_c,defocus_blur,1,none
efficientnet_b4,ILSVRC2012_val_00020037.JPEG,n04399382,850,850,0.37536126,1,imagenet_c,defocus_blur,1,none
efficientnet_b4,ILSVRC2012_val_00022288.JPEG,n04399382,850,850,0.23705864,1,imagenet_c,defocus_blur,1,none
efficientnet_b4,ILSVRC2012_val_00025345.JPEG,n04399382,850,588,0.084896706,0,imagenet_c,defocus_blur,1,none
efficientnet_b4,ILSVRC2012_val_00025599.JPEG,n04399382,850,865,0.259148,0,imagenet_c,defocus_blur,1,none
efficientnet_b4,ILSVRC2012_val_00025815.JPEG,n04399382,850,850,0.28351998,1,imagenet_c,defocus_blur,1,none
efficientnet_b4,ILSVRC2012_val_00026067.JPEG,n04399382,850,850,0.311122,1,imagenet_c,defocus_blur,1,none
efficientnet_b4,ILSVRC2012_val_00027976.JPEG,n04399382,850,850,0.30471638,1,imagenet_c,defocus_blur,1,none
efficientnet_b4,ILSVRC2012_val_00030762.JPEG,n04399382,850,732,0.42919263,0,imagenet_c,defocus_blur,1,none
efficientnet_b4,ILSVRC2012_val_00033540.JPEG,n04399382,850,850,0.3595201,1,imagenet_c,defocus_blur,1,none
efficientnet_b4,ILSVRC2012_val_00033881.JPEG,n04399382,850,850,0.2079227,1,imagenet_c,defocus_blur,1,none
efficientnet_b4,ILSVRC2012_val_00034091.JPEG,n04399382,850,865,0.06481707,0,imagenet_c,defocus_blur,1,none
efficientnet_b4,ILSVRC2012_val_00034372.JPEG,n04399382,850,850,0.33317214,1,imagenet_c,defocus_blur,1,none
efficientnet_b4,ILSVRC2012_val_00036182.JPEG,n04399382,850,187,0.15941365,0,imagenet_c,defocus_blur,1,none
efficientnet_b4,ILSVRC2012_val_00036575.JPEG,n04399382,850,451,0.14185473,0,imagenet_c,defocus_blur,1,none
efficientnet_b4,ILSVRC2012_val_00039275.JPEG,n04399382,850,850,0.13247256,1,imagenet_c,defocus_blur,1,none
efficientnet_b4,ILSVRC2012_val_00041194.JPEG,n04399382,850,850,0.6275633,1,imagenet_c,defocus_blur,1,none
efficientnet_b4,ILSVRC2012_val_00042735.JPEG,n04399382,850,850,0.19083445,1,imagenet_c,defocus_blur,1,none
efficientnet_b4,ILSVRC2012_val_00043106.JPEG,n04399382,850,850,0.35975212,1,imagenet_c,defocus_blur,1,none
efficientnet_b4,ILSVRC2012_val_00043552.JPEG,n04399382,850,850,0.37578866,1,imagenet_c,defocus_blur,1,none
efficientnet_b4,ILSVRC2012_val_00044173.JPEG,n04399382,850,296,0.054116342,0,imagenet_c,defocus_blur,1,none
efficientnet_b4,ILSVRC2012_val_00044367.JPEG,n04399382,850,207,0.24602056,0,imagenet_c,defocus_blur,1,none
efficientnet_b4,ILSVRC2012_val_00045081.JPEG,n04399382,850,260,0.2057271,0,imagenet_c,defocus_blur,1,none
efficientnet_b4,ILSVRC2012_val_00046628.JPEG,n04399382,850,865,0.35127738,0,imagenet_c,defocus_blur,1,none
efficientnet_b4,ILSVRC2012_val_00047220.JPEG,n04399382,850,674,0.72183067,0,imagenet_c,defocus_blur,1,none
efficientnet_b4,ILSVRC2012_val_00047954.JPEG,n04399382,850,865,0.42804927,0,imagenet_c,defocus_blur,1,none
efficientnet_b4,ILSVRC2012_val_00048510.JPEG,n04399382,850,850,0.38970584,1,imagenet_c,defocus_blur,1,none
efficientnet_b4,ILSVRC2012_val_00001532.JPEG,n04404412,851,916,0.34339517,0,imagenet_c,defocus_blur,1,none
efficientnet_b4,ILSVRC2012_val_00002821.JPEG,n04404412,851,851,0.3374789,1,imagenet_c,defocus_blur,1,none
efficientnet_b4,ILSVRC2012_val_00003921.JPEG,n04404412,851,851,0.16821407,1,imagenet_c,defocus_blur,1,none
efficientnet_b4,ILSVRC2012_val_00005851.JPEG,n04404412,851,548,0.52651227,0,imagenet_c,defocus_blur,1,none
efficientnet_b4,ILSVRC2012_val_00009652.JPEG,n04404412,851,851,0.51268786,1,imagenet_c,defocus_blur,1,none
efficientnet_b4,ILSVRC2012_val_00010092.JPEG,n04404412,851,612,0.13430814,0,imagenet_c,defocus_blur,1,none
efficientnet_b4,ILSVRC2012_val_00010350.JPEG,n04404412,851,851,0.09749325,1,imagenet_c,defocus_blur,1,none
efficientnet_b4,ILSVRC2012_val_00013324.JPEG,n04404412,851,851,0.7502885,1,imagenet_c,defocus_blur,1,none
efficientnet_b4,ILSVRC2012_val_00015287.JPEG,n04404412,851,851,0.51339537,1,imagenet_c,defocus_blur,1,none
efficientnet_b4,ILSVRC2012_val_00016605.JPEG,n04404412,851,851,0.6846749,1,imagenet_c,defocus_blur,1,none
efficientnet_b4,ILSVRC2012_val_00016701.JPEG,n04404412,851,453,0.10465476,0,imagenet_c,defocus_blur,1,none
efficientnet_b4,ILSVRC2012_val_00019108.JPEG,n04404412,851,642,0.06502684,0,imagenet_c,defocus_blur,1,none
efficientnet_b4,ILSVRC2012_val_00019755.JPEG,n04404412,851,851,0.43393973,1,imagenet_c,defocus_blur,1,none
efficientnet_b4,ILSVRC2012_val_00020424.JPEG,n04404412,851,851,0.85438097,1,imagenet_c,defocus_blur,1,none
efficientnet_b4,ILSVRC2012_val_00020529.JPEG,n04404412,851,851,0.10921313,1,imagenet_c,defocus_blur,1,none
efficientnet_b4,ILSVRC2012_val_00021184.JPEG,n04404412,851,851,0.3170337,1,imagenet_c,defocus_blur,1,none
efficientnet_b4,ILSVRC2012_val_00021932.JPEG,n04404412,851,800,0.15418634,0,imagenet_c,defocus_blur,1,none
efficientnet_b4,ILSVRC2012_val_00022274.JPEG,n04404412,851,851,0.39708582,1,imagenet_c,defocus_blur,1,none
efficientnet_b4,ILSVRC2012_val_00022995.JPEG,n04404412,851,548,0.19650812,0,imagenet_c,defocus_blur,1,none
efficientnet_b4,ILSVRC2012_val_00023618.JPEG,n04404412,851,851,0.3168121,1,imagenet_c,defocus_blur,1,none
efficientnet_b4,ILSVRC2012_val_00023763.JPEG,n04404412,851,851,0.40439278,1,imagenet_c,defocus_blur,1,none
efficientnet_b4,ILSVRC2012_val_00024928.JPEG,n04404412,851,851,0.49355757,1,imagenet_c,defocus_blur,1,none
efficientnet_b4,ILSVRC2012_val_00027312.JPEG,n04404412,851,851,0.29988053,1,imagenet_c,defocus_blur,1,none
efficientnet_b4,ILSVRC2012_val_00027889.JPEG,n04404412,851,851,0.14802624,1,imagenet_c,defocus_blur,1,none
efficientnet_b4,ILSVRC2012_val_00027893.JPEG,n04404412,851,851,0.47987267,1,imagenet_c,defocus_blur,1,none
efficientnet_b4,ILSVRC2012_val_00028085.JPEG,n04404412,851,548,0.39490098,0,imagenet_c,defocus_blur,1,none
efficientnet_b4,ILSVRC2012_val_00031193.JPEG,n04404412,851,574,0.0726431,0,imagenet_c,defocus_blur,1,none
efficientnet_b4,ILSVRC2012_val_00033529.JPEG,n04404412,851,851,0.30063498,1,imagenet_c,defocus_blur,1,none
efficientnet_b4,ILSVRC2012_val_00034008.JPEG,n04404412,851,480,0.27723432,0,imagenet_c,defocus_blur,1,none
efficientnet_b4,ILSVRC2012_val_00035390.JPEG,n04404412,851,851,0.33577204,1,imagenet_c,defocus_blur,1,none
efficientnet_b4,ILSVRC2012_val_00035919.JPEG,n04404412,851,851,0.3799671,1,imagenet_c,defocus_blur,1,none
efficientnet_b4,ILSVRC2012_val_00036205.JPEG,n04404412,851,851,0.058237243,1,imagenet_c,defocus_blur,1,none
efficientnet_b4,ILSVRC2012_val_00036477.JPEG,n04404412,851,851,0.5810294,1,imagenet_c,defocus_blur,1,none
efficientnet_b4,ILSVRC2012_val_00037104.JPEG,n04404412,851,461,0.37450892,0,imagenet_c,defocus_blur,1,none
efficientnet_b4,ILSVRC2012_val_00037285.JPEG,n04404412,851,851,0.68369216,1,imagenet_c,defocus_blur,1,none
efficientnet_b4,ILSVRC2012_val_00037399.JPEG,n04404412,851,851,0.26120472,1,imagenet_c,defocus_blur,1,none
efficientnet_b4,ILSVRC2012_val_00038592.JPEG,n04404412,851,851,0.30239636,1,imagenet_c,defocus_blur,1,none
efficientnet_b4,ILSVRC2012_val_00039099.JPEG,n04404412,851,851,0.58936316,1,imagenet_c,defocus_blur,1,none
efficientnet_b4,ILSVRC2012_val_00039246.JPEG,n04404412,851,851,0.23262918,1,imagenet_c,defocus_blur,1,none
efficientnet_b4,ILSVRC2012_val_00039499.JPEG,n04404412,851,851,0.50284636,1,imagenet_c,defocus_blur,1,none
efficientnet_b4,ILSVRC2012_val_00042660.JPEG,n04404412,851,851,0.30084524,1,imagenet_c,defocus_blur,1,none
efficientnet_b4,ILSVRC2012_val_00042827.JPEG,n04404412,851,851,0.6460293,1,imagenet_c,defocus_blur,1,none
efficientnet_b4,ILSVRC2012_val_00042957.JPEG,n04404412,851,598,0.49833485,0,imagenet_c,defocus_blur,1,none
efficientnet_b4,ILSVRC2012_val_00043496.JPEG,n04404412,851,851,0.346664,1,imagenet_c,defocus_blur,1,none
efficientnet_b4,ILSVRC2012_val_00044381.JPEG,n04404412,851,851,0.45023862,1,imagenet_c,defocus_blur,1,none
efficientnet_b4,ILSVRC2012_val_00047926.JPEG,n04404412,851,851,0.20963809,1,imagenet_c,defocus_blur,1,none
efficientnet_b4,ILSVRC2012_val_00048143.JPEG,n04404412,851,851,0.42150885,1,imagenet_c,defocus_blur,1,none
efficientnet_b4,ILSVRC2012_val_00048910.JPEG,n04404412,851,851,0.38128105,1,imagenet_c,defocus_blur,1,none
efficientnet_b4,ILSVRC2012_val_00049406.JPEG,n04404412,851,916,0.16298714,0,imagenet_c,defocus_blur,1,none
efficientnet_b4,ILSVRC2012_val_00049571.JPEG,n04404412,851,548,0.20575143,0,imagenet_c,defocus_blur,1,none
efficientnet_b4,ILSVRC2012_val_00000123.JPEG,n04409515,852,852,0.5644087,1,imagenet_c,defocus_blur,1,none
efficientnet_b4,ILSVRC2012_val_00000397.JPEG,n04409515,852,852,0.45987195,1,imagenet_c,defocus_blur,1,none
efficientnet_b4,ILSVRC2012_val_00000653.JPEG,n04409515,852,852,0.28057718,1,imagenet_c,defocus_blur,1,none
efficientnet_b4,ILSVRC2012_val_00003251.JPEG,n04409515,852,752,0.5318583,0,imagenet_c,defocus_blur,1,none
efficientnet_b4,ILSVRC2012_val_00004929.JPEG,n04409515,852,852,0.52048165,1,imagenet_c,defocus_blur,1,none
efficientnet_b4,ILSVRC2012_val_00007000.JPEG,n04409515,852,852,0.7134225,1,imagenet_c,defocus_blur,1,none
efficientnet_b4,ILSVRC2012_val_00008890.JPEG,n04409515,852,852,0.5388927,1,imagenet_c,defocus_blur,1,none
efficientnet_b4,ILSVRC2012_val_00009085.JPEG,n04409515,852,852,0.5840616,1,imagenet_c,defocus_blur,1,none
efficientnet_b4,ILSVRC2012_val_00009605.JPEG,n04409515,852,852,0.42593417,1,imagenet_c,defocus_blur,1,none
efficientnet_b4,ILSVRC2012_val_00010370.JPEG,n04409515,852,232,0.22385156,0,imagenet_c,defocus_blur,1,none
efficientnet_b4,ILSVRC2012_val_00010812.JPEG,n04409515,852,852,0.6482975,1,imagenet_c,defocus_blur,1,none
efficientnet_b4,ILSVRC2012_val_00010954.JPEG,n04409515,852,852,0.2818522,1,imagenet_c,defocus_blur,1,none
efficientnet_b4,ILSVRC2012_val_00011318.JPEG,n04409515,852,852,0.54938143,1,imagenet_c,defocus_blur,1,none
efficientnet_b4,ILSVRC2012_val_00012659.JPEG,n04409515,852,852,0.6766781,1,imagenet_c,defocus_blur,1,none
efficientnet_b4,ILSVRC2012_val_00014503.JPEG,n04409515,852,852,0.5071083,1,imagenet_c,defocus_blur,1,none
efficientnet_b4,ILSVRC2012_val_00015047.JPEG,n04409515,852,852,0.58734524,1,imagenet_c,defocus_blur,1,none
efficientnet_b4,ILSVRC2012_val_00015054.JPEG,n04409515,852,232,0.2350245,0,imagenet_c,defocus_blur,1,none
efficientnet_b4,ILSVRC2012_val_00017369.JPEG,n04409515,852,852,0.38700148,1,imagenet_c,defocus_blur,1,none
efficientnet_b4,ILSVRC2012_val_00017452.JPEG,n04409515,852,852,0.53329706,1,imagenet_c,defocus_blur,1,none
efficientnet_b4,ILSVRC2012_val_00018697.JPEG,n04409515,852,641,0.2541007,0,imagenet_c,defocus_blur,1,none
efficientnet_b4,ILSVRC2012_val_00019125.JPEG,n04409515,852,418,0.072856516,0,imagenet_c,defocus_blur,1,none
efficientnet_b4,ILSVRC2012_val_00020001.JPEG,n04409515,852,852,0.4520076,1,imagenet_c,defocus_blur,1,none
efficientnet_b4,ILSVRC2012_val_00020170.JPEG,n04409515,852,852,0.600087,1,imagenet_c,defocus_blur,1,none
efficientnet_b4,ILSVRC2012_val_00020402.JPEG,n04409515,852,852,0.53083503,1,imagenet_c,defocus_blur,1,none
efficientnet_b4,ILSVRC2012_val_00020528.JPEG,n04409515,852,852,0.6562505,1,imagenet_c,defocus_blur,1,none
efficientnet_b4,ILSVRC2012_val_00023732.JPEG,n04409515,852,852,0.45543954,1,imagenet_c,defocus_blur,1,none
efficientnet_b4,ILSVRC2012_val_00024455.JPEG,n04409515,852,752,0.21351826,0,imagenet_c,defocus_blur,1,none
efficientnet_b4,ILSVRC2012_val_00025081.JPEG,n04409515,852,852,0.43736267,1,imagenet_c,defocus_blur,1,none
efficientnet_b4,ILSVRC2012_val_00025113.JPEG,n04409515,852,852,0.54086536,1,imagenet_c,defocus_blur,1,none
efficientnet_b4,ILSVRC2012_val_00027078.JPEG,n04409515,852,852,0.55656344,1,imagenet_c,defocus_blur,1,none
efficientnet_b4,ILSVRC2012_val_00027391.JPEG,n04409515,852,852,0.6355443,1,imagenet_c,defocus_blur,1,none
efficientnet_b4,ILSVRC2012_val_00029009.JPEG,n04409515,852,5,0.044477075,0,imagenet_c,defocus_blur,1,none
efficientnet_b4,ILSVRC2012_val_00029328.JPEG,n04409515,852,852,0.4525293,1,imagenet_c,defocus_blur,1,none
efficientnet_b4,ILSVRC2012_val_00030361.JPEG,n04409515,852,852,0.384579,1,imagenet_c,defocus_blur,1,none
efficientnet_b4,ILSVRC2012_val_00033467.JPEG,n04409515,852,852,0.5077461,1,imagenet_c,defocus_blur,1,none
efficientnet_b4,ILSVRC2012_val_00033602.JPEG,n04409515,852,852,0.49613383,1,imagenet_c,defocus_blur,1,none
efficientnet_b4,ILSVRC2012_val_00033609.JPEG,n04409515,852,522,0.32660058,0,imagenet_c,defocus_blur,1,none
efficientnet_b4,ILSVRC2012_val_00034028.JPEG,n04409515,852,852,0.5558747,1,imagenet_c,defocus_blur,1,none
efficientnet_b4,ILSVRC2012_val_00034217.JPEG,n04409515,852,852,0.4627766,1,imagenet_c,defocus_blur,1,none
efficientnet_b4,ILSVRC2012_val_00035188.JPEG,n04409515,852,852,0.58766913,1,imagenet_c,defocus_blur,1,none
efficientnet_b4,ILSVRC2012_val_00036818.JPEG,n04409515,852,852,0.6055777,1,imagenet_c,defocus_blur,1,none
efficientnet_b4,ILSVRC2012_val_00039184.JPEG,n04409515,852,852,0.60764265,1,imagenet_c,defocus_blur,1,none
efficientnet_b4,ILSVRC2012_val_00042309.JPEG,n04409515,852,852,0.49988797,1,imagenet_c,defocus_blur,1,none
efficientnet_b4,ILSVRC2012_val_00042701.JPEG,n04409515,852,852,0.42075902,1,imagenet_c,defocus_blur,1,none
efficientnet_b4,ILSVRC2012_val_00044037.JPEG,n04409515,852,852,0.5173178,1,imagenet_c,defocus_blur,1,none
efficientnet_b4,ILSVRC2012_val_00046228.JPEG,n04409515,852,852,0.73328555,1,imagenet_c,defocus_blur,1,none
efficientnet_b4,ILSVRC2012_val_00046348.JPEG,n04409515,852,852,0.2174273,1,imagenet_c,defocus_blur,1,none
efficientnet_b4,ILSVRC2012_val_00047662.JPEG,n04409515,852,852,0.5931419,1,imagenet_c,defocus_blur,1,none
efficientnet_b4,ILSVRC2012_val_00049400.JPEG,n04409515,852,852,0.5047513,1,imagenet_c,defocus_blur,1,none
efficientnet_b4,ILSVRC2012_val_00049681.JPEG,n04409515,852,852,0.68773717,1,imagenet_c,defocus_blur,1,none
efficientnet_b4,ILSVRC2012_val_00003312.JPEG,n04417672,853,853,0.50285584,1,imagenet_c,defocus_blur,1,none
efficientnet_b4,ILSVRC2012_val_00004491.JPEG,n04417672,853,853,0.14613013,1,imagenet_c,defocus_blur,1,none
efficientnet_b4,ILSVRC2012_val_00004658.JPEG,n04417672,853,853,0.5185583,1,imagenet_c,defocus_blur,1,none
efficientnet_b4,ILSVRC2012_val_00005112.JPEG,n04417672,853,853,0.7866997,1,imagenet_c,defocus_blur,1,none
efficientnet_b4,ILSVRC2012_val_00005633.JPEG,n04417672,853,884,0.36324793,0,imagenet_c,defocus_blur,1,none
efficientnet_b4,ILSVRC2012_val_00007791.JPEG,n04417672,853,34,0.022630213,0,imagenet_c,defocus_blur,1,none
efficientnet_b4,ILSVRC2012_val_00011261.JPEG,n04417672,853,853,0.1094271,1,imagenet_c,defocus_blur,1,none
efficientnet_b4,ILSVRC2012_val_00012631.JPEG,n04417672,853,853,0.5387087,1,imagenet_c,defocus_blur,1,none
efficientnet_b4,ILSVRC2012_val_00012696.JPEG,n04417672,853,846,0.08656926,0,imagenet_c,defocus_blur,1,none
efficientnet_b4,ILSVRC2012_val_00013350.JPEG,n04417672,853,660,0.0396905,0,imagenet_c,defocus_blur,1,none
efficientnet_b4,ILSVRC2012_val_00017064.JPEG,n04417672,853,853,0.19427358,1,imagenet_c,defocus_blur,1,none
efficientnet_b4,ILSVRC2012_val_00018611.JPEG,n04417672,853,853,0.12119762,1,imagenet_c,defocus_blur,1,none
efficientnet_b4,ILSVRC2012_val_00018764.JPEG,n04417672,853,853,0.26100105,1,imagenet_c,defocus_blur,1,none
efficientnet_b4,ILSVRC2012_val_00020017.JPEG,n04417672,853,853,0.26982477,1,imagenet_c,defocus_blur,1,none
efficientnet_b4,ILSVRC2012_val_00020265.JPEG,n04417672,853,853,0.33051366,1,imagenet_c,defocus_blur,1,none
efficientnet_b4,ILSVRC2012_val_00023197.JPEG,n04417672,853,853,0.06926198,1,imagenet_c,defocus_blur,1,none
efficientnet_b4,ILSVRC2012_val_00023548.JPEG,n04417672,853,978,0.2934947,0,imagenet_c,defocus_blur,1,none
efficientnet_b4,ILSVRC2012_val_00025107.JPEG,n04417672,853,825,0.14904593,0,imagenet_c,defocus_blur,1,none
efficientnet_b4,ILSVRC2012_val_00025280.JPEG,n04417672,853,853,0.41158563,1,imagenet_c,defocus_blur,1,none
efficientnet_b4,ILSVRC2012_val_00025905.JPEG,n04417672,853,437,0.04121486,0,imagenet_c,defocus_blur,1,none
efficientnet_b4,ILSVRC2012_val_00025908.JPEG,n04417672,853,856,0.103324756,0,imagenet_c,defocus_blur,1,none
efficientnet_b4,ILSVRC2012_val_00026663.JPEG,n04417672,853,996,0.06644226,0,imagenet_c,defocus_blur,1,none
efficientnet_b4,ILSVRC2012_val_00027137.JPEG,n04417672,853,984,0.5877995,0,imagenet_c,defocus_blur,1,none
efficientnet_b4,ILSVRC2012_val_00028112.JPEG,n04417672,853,853,0.53060853,1,imagenet_c,defocus_blur,1,none
efficientnet_b4,ILSVRC2012_val_00028124.JPEG,n04417672,853,853,0.30600777,1,imagenet_c,defocus_blur,1,none
efficientnet_b4,ILSVRC2012_val_00028486.JPEG,n04417672,853,853,0.32595214,1,imagenet_c,defocus_blur,1,none
efficientnet_b4,ILSVRC2012_val_00029350.JPEG,n04417672,853,853,0.31703624,1,imagenet_c,defocus_blur,1,none
efficientnet_b4,ILSVRC2012_val_00030490.JPEG,n04417672,853,853,0.16155066,1,imagenet_c,defocus_blur,1,none
efficientnet_b4,ILSVRC2012_val_00031542.JPEG,n04417672,853,410,0.025881067,0,imagenet_c,defocus_blur,1,none
efficientnet_b4,ILSVRC2012_val_00033019.JPEG,n04417672,853,853,0.12447897,1,imagenet_c,defocus_blur,1,none
efficientnet_b4,ILSVRC2012_val_00033040.JPEG,n04417672,853,853,0.122220315,1,imagenet_c,defocus_blur,1,none
efficientnet_b4,ILSVRC2012_val_00034142.JPEG,n04417672,853,853,0.30678144,1,imagenet_c,defocus_blur,1,none
efficientnet_b4,ILSVRC2012_val_00034635.JPEG,n04417672,853,853,0.6106532,1,imagenet_c,defocus_blur,1,none
efficientnet_b4,ILSVRC2012_val_00035683.JPEG,n04417672,853,853,0.5070727,1,imagenet_c,defocus_blur,1,none
efficientnet_b4,ILSVRC2012_val_00036624.JPEG,n04417672,853,448,0.30442923,0,imagenet_c,defocus_blur,1,none
efficientnet_b4,ILSVRC2012_val_00036902.JPEG,n04417672,853,853,0.2657862,1,imagenet_c,defocus_blur,1,none
efficientnet_b4,ILSVRC2012_val_00037701.JPEG,n04417672,853,703,0.027894568,0,imagenet_c,defocus_blur,1,none
efficientnet_b4,ILSVRC2012_val_00038097.JPEG,n04417672,853,853,0.12125284,1,imagenet_c,defocus_blur,1,none
efficientnet_b4,ILSVRC2012_val_00038401.JPEG,n04417672,853,853,0.49568364,1,imagenet_c,defocus_blur,1,none
efficientnet_b4,ILSVRC2012_val_00039570.JPEG,n04417672,853,853,0.5466436,1,imagenet_c,defocus_blur,1,none
efficientnet_b4,ILSVRC2012_val_00042006.JPEG,n04417672,853,853,0.15179324,1,imagenet_c,defocus_blur,1,none
efficientnet_b4,ILSVRC2012_val_00042793.JPEG,n04417672,853,853,0.2800353,1,imagenet_c,defocus_blur,1,none
efficientnet_b4,ILSVRC2012_val_00043337.JPEG,n04417672,853,853,0.100317776,1,imagenet_c,defocus_blur,1,none
efficientnet_b4,ILSVRC2012_val_00044899.JPEG,n04417672,853,574,0.119118206,0,imagenet_c,defocus_blur,1,none
efficientnet_b4,ILSVRC2012_val_00045330.JPEG,n04417672,853,634,0.16402173,0,imagenet_c,defocus_blur,1,none
efficientnet_b4,ILSVRC2012_val_00046482.JPEG,n04417672,853,853,0.17828657,1,imagenet_c,defocus_blur,1,none
efficientnet_b4,ILSVRC2012_val_00046865.JPEG,n04417672,853,853,0.22162488,1,imagenet_c,defocus_blur,1,none
efficientnet_b4,ILSVRC2012_val_00046924.JPEG,n04417672,853,853,0.181375,1,imagenet_c,defocus_blur,1,none
efficientnet_b4,ILSVRC2012_val_00047693.JPEG,n04417672,853,853,0.12848645,1,imagenet_c,defocus_blur,1,none
efficientnet_b4,ILSVRC2012_val_00048192.JPEG,n04417672,853,853,0.11699123,1,imagenet_c,defocus_blur,1,none
efficientnet_b4,ILSVRC2012_val_00002206.JPEG,n04418357,854,854,0.30239117,1,imagenet_c,defocus_blur,1,none
efficientnet_b4,ILSVRC2012_val_00004032.JPEG,n04418357,854,854,0.5103395,1,imagenet_c,defocus_blur,1,none
efficientnet_b4,ILSVRC2012_val_00006452.JPEG,n04418357,854,854,0.6715649,1,imagenet_c,defocus_blur,1,none
efficientnet_b4,ILSVRC2012_val_00006662.JPEG,n04418357,854,854,0.6530885,1,imagenet_c,defocus_blur,1,none
efficientnet_b4,ILSVRC2012_val_00007815.JPEG,n04418357,854,854,0.7144595,1,imagenet_c,defocus_blur,1,none
efficientnet_b4,ILSVRC2012_val_00007909.JPEG,n04418357,854,854,0.18197522,1,imagenet_c,defocus_blur,1,none
efficientnet_b4,ILSVRC2012_val_00009384.JPEG,n04418357,854,854,0.5931312,1,imagenet_c,defocus_blur,1,none
efficientnet_b4,ILSVRC2012_val_00011246.JPEG,n04418357,854,854,0.44218805,1,imagenet_c,defocus_blur,1,none
efficientnet_b4,ILSVRC2012_val_00011972.JPEG,n04418357,854,854,0.6590283,1,imagenet_c,defocus_blur,1,none
efficientnet_b4,ILSVRC2012_val_00013044.JPEG,n04418357,854,854,0.5669565,1,imagenet_c,defocus_blur,1,none
efficientnet_b4,ILSVRC2012_val_00013433.JPEG,n04418357,854,456,0.2862812,0,imagenet_c,defocus_blur,1,none
efficientnet_b4,ILSVRC2012_val_00014690.JPEG,n04418357,854,854,0.6572532,1,imagenet_c,defocus_blur,1,none
efficientnet_b4,ILSVRC2012_val_00016570.JPEG,n04418357,854,854,0.6000474,1,imagenet_c,defocus_blur,1,none
efficientnet_b4,ILSVRC2012_val_00017202.JPEG,n04418357,854,854,0.6430193,1,imagenet_c,defocus_blur,1,none
efficientnet_b4,ILSVRC2012_val_00017503.JPEG,n04418357,854,854,0.6231639,1,imagenet_c,defocus_blur,1,none
efficientnet_b4,ILSVRC2012_val_00019376.JPEG,n04418357,854,854,0.37951544,1,imagenet_c,defocus_blur,1,none
efficientnet_b4,ILSVRC2012_val_00020310.JPEG,n04418357,854,854,0.23838736,1,imagenet_c,defocus_blur,1,none
efficientnet_b4,ILSVRC2012_val_00020669.JPEG,n04418357,854,854,0.53218895,1,imagenet_c,defocus_blur,1,none
efficientnet_b4,ILSVRC2012_val_00021010.JPEG,n04418357,854,854,0.70281154,1,imagenet_c,defocus_blur,1,none
efficientnet_b4,ILSVRC2012_val_00021503.JPEG,n04418357,854,854,0.7540455,1,imagenet_c,defocus_blur,1,none
efficientnet_b4,ILSVRC2012_val_00021937.JPEG,n04418357,854,854,0.43016186,1,imagenet_c,defocus_blur,1,none
efficientnet_b4,ILSVRC2012_val_00022941.JPEG,n04418357,854,854,0.7358685,1,imagenet_c,defocus_blur,1,none
efficientnet_b4,ILSVRC2012_val_00024485.JPEG,n04418357,854,854,0.60409474,1,imagenet_c,defocus_blur,1,none
efficientnet_b4,ILSVRC2012_val_00028155.JPEG,n04418357,854,854,0.59618366,1,imagenet_c,defocus_blur,1,none
efficientnet_b4,ILSVRC2012_val_00029189.JPEG,n04418357,854,854,0.80464613,1,imagenet_c,defocus_blur,1,none
efficientnet_b4,ILSVRC2012_val_00029467.JPEG,n04418357,854,854,0.68048084,1,imagenet_c,defocus_blur,1,none
efficientnet_b4,ILSVRC2012_val_00029845.JPEG,n04418357,854,854,0.39812824,1,imagenet_c,defocus_blur,1,none
efficientnet_b4,ILSVRC2012_val_00030589.JPEG,n04418357,854,854,0.0638145,1,imagenet_c,defocus_blur,1,none
efficientnet_b4,ILSVRC2012_val_00032170.JPEG,n04418357,854,854,0.6519373,1,imagenet_c,defocus_blur,1,none
efficientnet_b4,ILSVRC2012_val_00032829.JPEG,n04418357,854,854,0.7685014,1,imagenet_c,defocus_blur,1,none
efficientnet_b4,ILSVRC2012_val_00033774.JPEG,n04418357,854,854,0.6647516,1,imagenet_c,defocus_blur,1,none
efficientnet_b4,ILSVRC2012_val_00034027.JPEG,n04418357,854,678,0.42778608,0,imagenet_c,defocus_blur,1,none
efficientnet_b4,ILSVRC2012_val_00034376.JPEG,n04418357,854,854,0.5858854,1,imagenet_c,defocus_blur,1,none
efficientnet_b4,ILSVRC2012_val_00036021.JPEG,n04418357,854,854,0.58614767,1,imagenet_c,defocus_blur,1,none
efficientnet_b4,ILSVRC2012_val_00036049.JPEG,n04418357,854,854,0.5449834,1,imagenet_c,defocus_blur,1,none
efficientnet_b4,ILSVRC2012_val_00036685.JPEG,n04418357,854,854,0.59351766,1,imagenet_c,defocus_blur,1,none
efficientnet_b4,ILSVRC2012_val_00037057.JPEG,n04418357,854,854,0.58743846,1,imagenet_c,defocus_blur,1,none
efficientnet_b4,ILSVRC2012_val_00038177.JPEG,n04418357,854,854,0.72164875,1,imagenet_c,defocus_blur,1,none
efficientnet_b4,ILSVRC2012_val_00040380.JPEG,n04418357,854,854,0.70505136,1,imagenet_c,defocus_blur,1,none
efficientnet_b4,ILSVRC2012_val_00041170.JPEG,n04418357,854,854,0.47694138,1,imagenet_c,defocus_blur,1,none
efficientnet_b4,ILSVRC2012_val_00041249.JPEG,n04418357,854,634,0.08836783,0,imagenet_c,defocus_blur,1,none
efficientnet_b4,ILSVRC2012_val_00041386.JPEG,n04418357,854,854,0.55929106,1,imagenet_c,defocus_blur,1,none
efficientnet_b4,ILSVRC2012_val_00046075.JPEG,n04418357,854,854,0.62867814,1,imagenet_c,defocus_blur,1,none
efficientnet_b4,ILSVRC2012_val_00047409.JPEG,n04418357,854,854,0.65211654,1,imagenet_c,defocus_blur,1,none
efficientnet_b4,ILSVRC2012_val_00047528.JPEG,n04418357,854,854,0.5607777,1,imagenet_c,defocus_blur,1,none
efficientnet_b4,ILSVRC2012_val_00048520.JPEG,n04418357,854,660,0.052388653,0,imagenet_c,defocus_blur,1,none
efficientnet_b4,ILSVRC2012_val_00048705.JPEG,n04418357,854,171,0.014986071,0,imagenet_c,defocus_blur,1,none
efficientnet_b4,ILSVRC2012_val_00049075.JPEG,n04418357,854,770,0.037928756,0,imagenet_c,defocus_blur,1,none
efficientnet_b4,ILSVRC2012_val_00049138.JPEG,n04418357,854,849,0.044102635,0,imagenet_c,defocus_blur,1,none
efficientnet_b4,ILSVRC2012_val_00049398.JPEG,n04418357,854,854,0.57304436,1,imagenet_c,defocus_blur,1,none
efficientnet_b4,ILSVRC2012_val_00001263.JPEG,n04423845,855,531,0.1308618,0,imagenet_c,defocus_blur,1,none
efficientnet_b4,ILSVRC2012_val_00002820.JPEG,n04423845,855,593,0.06615601,0,imagenet_c,defocus_blur,1,none
efficientnet_b4,ILSVRC2012_val_00003052.JPEG,n04423845,855,855,0.6117461,1,imagenet_c,defocus_blur,1,none
efficientnet_b4,ILSVRC2012_val_00004237.JPEG,n04423845,855,855,0.39696875,1,imagenet_c,defocus_blur,1,none
efficientnet_b4,ILSVRC2012_val_00005959.JPEG,n04423845,855,419,0.11100378,0,imagenet_c,defocus_blur,1,none
efficientnet_b4,ILSVRC2012_val_00006762.JPEG,n04423845,855,818,0.08876108,0,imagenet_c,defocus_blur,1,none
efficientnet_b4,ILSVRC2012_val_00006890.JPEG,n04423845,855,988,0.29048163,0,imagenet_c,defocus_blur,1,none
efficientnet_b4,ILSVRC2012_val_00009038.JPEG,n04423845,855,855,0.51847583,1,imagenet_c,defocus_blur,1,none
efficientnet_b4,ILSVRC2012_val_00010007.JPEG,n04423845,855,855,0.5367102,1,imagenet_c,defocus_blur,1,none
efficientnet_b4,ILSVRC2012_val_00010349.JPEG,n04423845,855,855,0.27762395,1,imagenet_c,defocus_blur,1,none
efficientnet_b4,ILSVRC2012_val_00011182.JPEG,n04423845,855,855,0.31962153,1,imagenet_c,defocus_blur,1,none
efficientnet_b4,ILSVRC2012_val_00011341.JPEG,n04423845,855,855,0.5383206,1,imagenet_c,defocus_blur,1,none
efficientnet_b4,ILSVRC2012_val_00013128.JPEG,n04423845,855,719,0.24381524,0,imagenet_c,defocus_blur,1,none
efficientnet_b4,ILSVRC2012_val_00013980.JPEG,n04423845,855,855,0.7768697,1,imagenet_c,defocus_blur,1,none
efficientnet_b4,ILSVRC2012_val_00014027.JPEG,n04423845,855,855,0.49327847,1,imagenet_c,defocus_blur,1,none
efficientnet_b4,ILSVRC2012_val_00019583.JPEG,n04423845,855,636,0.05434252,0,imagenet_c,defocus_blur,1,none
efficientnet_b4,ILSVRC2012_val_00019979.JPEG,n04423845,855,850,0.3014337,0,imagenet_c,defocus_blur,1,none
efficientnet_b4,ILSVRC2012_val_00020705.JPEG,n04423845,855,738,0.052089214,0,imagenet_c,defocus_blur,1,none
efficientnet_b4,ILSVRC2012_val_00020988.JPEG,n04423845,855,967,0.15951943,0,imagenet_c,defocus_blur,1,none
efficientnet_b4,ILSVRC2012_val_00022060.JPEG,n04423845,855,631,0.13078596,0,imagenet_c,defocus_blur,1,none
efficientnet_b4,ILSVRC2012_val_00023083.JPEG,n04423845,855,855,0.50248224,1,imagenet_c,defocus_blur,1,none
efficientnet_b4,ILSVRC2012_val_00023374.JPEG,n04423845,855,855,0.24787118,1,imagenet_c,defocus_blur,1,none
efficientnet_b4,ILSVRC2012_val_00023632.JPEG,n04423845,855,691,0.24453902,0,imagenet_c,defocus_blur,1,none
efficientnet_b4,ILSVRC2012_val_00024959.JPEG,n04423845,855,585,0.068245195,0,imagenet_c,defocus_blur,1,none
efficientnet_b4,ILSVRC2012_val_00025320.JPEG,n04423845,855,855,0.5780764,1,imagenet_c,defocus_blur,1,none
efficientnet_b4,ILSVRC2012_val_00026002.JPEG,n04423845,855,855,0.3850915,1,imagenet_c,defocus_blur,1,none
efficientnet_b4,ILSVRC2012_val_00026989.JPEG,n04423845,855,773,0.3297312,0,imagenet_c,defocus_blur,1,none
efficientnet_b4,ILSVRC2012_val_00027251.JPEG,n04423845,855,773,0.20771198,0,imagenet_c,defocus_blur,1,none
efficientnet_b4,ILSVRC2012_val_00027942.JPEG,n04423845,855,905,0.2001269,0,imagenet_c,defocus_blur,1,none
efficientnet_b4,ILSVRC2012_val_00030185.JPEG,n04423845,855,855,0.74569714,1,imagenet_c,defocus_blur,1,none
efficientnet_b4,ILSVRC2012_val_00030456.JPEG,n04423845,855,855,0.5884443,1,imagenet_c,defocus_blur,1,none
efficientnet_b4,ILSVRC2012_val_00032028.JPEG,n04423845,855,855,0.5184108,1,imagenet_c,defocus_blur,1,none
efficientnet_b4,ILSVRC2012_val_00035338.JPEG,n04423845,855,855,0.6750122,1,imagenet_c,defocus_blur,1,none
efficientnet_b4,ILSVRC2012_val_00036153.JPEG,n04423845,855,600,0.1059768,0,imagenet_c,defocus_blur,1,none
efficientnet_b4,ILSVRC2012_val_00036482.JPEG,n04423845,855,855,0.7696643,1,imagenet_c,defocus_blur,1,none
efficientnet_b4,ILSVRC2012_val_00036633.JPEG,n04423845,855,855,0.57926625,1,imagenet_c,defocus_blur,1,none
efficientnet_b4,ILSVRC2012_val_00038609.JPEG,n04423845,855,835,0.33946085,0,imagenet_c,defocus_blur,1,none
efficientnet_b4,ILSVRC2012_val_00039405.JPEG,n04423845,855,797,0.37583593,0,imagenet_c,defocus_blur,1,none
efficientnet_b4,ILSVRC2012_val_00039527.JPEG,n04423845,855,855,0.41337007,1,imagenet_c,defocus_blur,1,none
efficientnet_b4,ILSVRC2012_val_00041828.JPEG,n04423845,855,773,0.09458117,0,imagenet_c,defocus_blur,1,none
efficientnet_b4,ILSVRC2012_val_00042122.JPEG,n04423845,855,855,0.655661,1,imagenet_c,defocus_blur,1,none
efficientnet_b4,ILSVRC2012_val_00043115.JPEG,n04423845,855,855,0.54765105,1,imagenet_c,defocus_blur,1,none
efficientnet_b4,ILSVRC2012_val_00044151.JPEG,n04423845,855,855,0.5497864,1,imagenet_c,defocus_blur,1,none
efficientnet_b4,ILSVRC2012_val_00044572.JPEG,n04423845,855,855,0.892419,1,imagenet_c,defocus_blur,1,none
efficientnet_b4,ILSVRC2012_val_00046161.JPEG,n04423845,855,855,0.72217935,1,imagenet_c,defocus_blur,1,none
efficientnet_b4,ILSVRC2012_val_00046188.JPEG,n04423845,855,855,0.15705283,1,imagenet_c,defocus_blur,1,none
efficientnet_b4,ILSVRC2012_val_00046808.JPEG,n04423845,855,855,0.31126022,1,imagenet_c,defocus_blur,1,none
efficientnet_b4,ILSVRC2012_val_00046874.JPEG,n04423845,855,855,0.57841384,1,imagenet_c,defocus_blur,1,none
efficientnet_b4,ILSVRC2012_val_00047072.JPEG,n04423845,855,855,0.18784846,1,imagenet_c,defocus_blur,1,none
efficientnet_b4,ILSVRC2012_val_00047322.JPEG,n04423845,855,533,0.3577228,0,imagenet_c,defocus_blur,1,none
efficientnet_b4,ILSVRC2012_val_00000416.JPEG,n04428191,856,856,0.46829858,1,imagenet_c,defocus_blur,1,none
efficientnet_b4,ILSVRC2012_val_00001617.JPEG,n04428191,856,856,0.59409666,1,imagenet_c,defocus_blur,1,none
efficientnet_b4,ILSVRC2012_val_00002879.JPEG,n04428191,856,730,0.25454363,0,imagenet_c,defocus_blur,1,none
efficientnet_b4,ILSVRC2012_val_00003316.JPEG,n04428191,856,856,0.59887993,1,imagenet_c,defocus_blur,1,none
efficientnet_b4,ILSVRC2012_val_00003542.JPEG,n04428191,856,672,0.2387254,0,imagenet_c,defocus_blur,1,none
efficientnet_b4,ILSVRC2012_val_00003800.JPEG,n04428191,856,856,0.6989344,1,imagenet_c,defocus_blur,1,none
efficientnet_b4,ILSVRC2012_val_00004155.JPEG,n04428191,856,856,0.68687373,1,imagenet_c,defocus_blur,1,none
efficientnet_b4,ILSVRC2012_val_00004293.JPEG,n04428191,856,595,0.33166006,0,imagenet_c,defocus_blur,1,none
efficientnet_b4,ILSVRC2012_val_00006136.JPEG,n04428191,856,913,0.21663725,0,imagenet_c,defocus_blur,1,none
efficientnet_b4,ILSVRC2012_val_00006380.JPEG,n04428191,856,595,0.29878327,0,imagenet_c,defocus_blur,1,none
efficientnet_b4,ILSVRC2012_val_00007461.JPEG,n04428191,856,856,0.696709,1,imagenet_c,defocus_blur,1,none
efficientnet_b4,ILSVRC2012_val_00008174.JPEG,n04428191,856,856,0.47941154,1,imagenet_c,defocus_blur,1,none
efficientnet_b4,ILSVRC2012_val_00008920.JPEG,n04428191,856,856,0.4687486,1,imagenet_c,defocus_blur,1,none
efficientnet_b4,ILSVRC2012_val_00009176.JPEG,n04428191,856,866,0.32317585,0,imagenet_c,defocus_blur,1,none
efficientnet_b4,ILSVRC2012_val_00012970.JPEG,n04428191,856,856,0.032301366,1,imagenet_c,defocus_blur,1,none
efficientnet_b4,ILSVRC2012_val_00013841.JPEG,n04428191,856,595,0.25289917,0,imagenet_c,defocus_blur,1,none
efficientnet_b4,ILSVRC2012_val_00013989.JPEG,n04428191,856,740,0.2438571,0,imagenet_c,defocus_blur,1,none
efficientnet_b4,ILSVRC2012_val_00014087.JPEG,n04428191,856,866,0.32253358,0,imagenet_c,defocus_blur,1,none
efficientnet_b4,ILSVRC2012_val_00014222.JPEG,n04428191,856,856,0.49567533,1,imagenet_c,defocus_blur,1,none
efficientnet_b4,ILSVRC2012_val_00015883.JPEG,n04428191,856,856,0.56620353,1,imagenet_c,defocus_blur,1,none
efficientnet_b4,ILSVRC2012_val_00018120.JPEG,n04428191,856,856,0.43979383,1,imagenet_c,defocus_blur,1,none
efficientnet_b4,ILSVRC2012_val_00022336.JPEG,n04428191,856,856,0.3313342,1,imagenet_c,defocus_blur,1,none
efficientnet_b4,ILSVRC2012_val_00022430.JPEG,n04428191,856,856,0.1501169,1,imagenet_c,defocus_blur,1,none
efficientnet_b4,ILSVRC2012_val_00022577.JPEG,n04428191,856,856,0.31524417,1,imagenet_c,defocus_blur,1,none
efficientnet_b4,ILSVRC2012_val_00024205.JPEG,n04428191,856,856,0.67167467,1,imagenet_c,defocus_blur,1,none
efficientnet_b4,ILSVRC2012_val_00025375.JPEG,n04428191,856,856,0.3786462,1,imagenet_c,defocus_blur,1,none
efficientnet_b4,ILSVRC2012_val_00025547.JPEG,n04428191,856,653,0.16523539,0,imagenet_c,defocus_blur,1,none
efficientnet_b4,ILSVRC2012_val_00025874.JPEG,n04428191,856,856,0.61352414,1,imagenet_c,defocus_blur,1,none
efficientnet_b4,ILSVRC2012_val_00025954.JPEG,n04428191,856,856,0.4040091,1,imagenet_c,defocus_blur,1,none
efficientnet_b4,ILSVRC2012_val_00026435.JPEG,n04428191,856,856,0.24416526,1,imagenet_c,defocus_blur,1,none
efficientnet_b4,ILSVRC2012_val_00026979.JPEG,n04428191,856,856,0.8000246,1,imagenet_c,defocus_blur,1,none
efficientnet_b4,ILSVRC2012_val_00027778.JPEG,n04428191,856,856,0.33681375,1,imagenet_c,defocus_blur,1,none
efficientnet_b4,ILSVRC2012_val_00028285.JPEG,n04428191,856,856,0.26865152,1,imagenet_c,defocus_blur,1,none
efficientnet_b4,ILSVRC2012_val_00028609.JPEG,n04428191,856,595,0.22150669,0,imagenet_c,defocus_blur,1,none
efficientnet_b4,ILSVRC2012_val_00029312.JPEG,n04428191,856,856,0.77377176,1,imagenet_c,defocus_blur,1,none
efficientnet_b4,ILSVRC2012_val_00031309.JPEG,n04428191,856,856,0.4896384,1,imagenet_c,defocus_blur,1,none
efficientnet_b4,ILSVRC2012_val_00031546.JPEG,n04428191,856,595,0.39182562,0,imagenet_c,defocus_blur,1,none
efficientnet_b4,ILSVRC2012_val_00034195.JPEG,n04428191,856,856,0.3976552,1,imagenet_c,defocus_blur,1,none
efficientnet_b4,ILSVRC2012_val_00035701.JPEG,n04428191,856,856,0.68041664,1,imagenet_c,defocus_blur,1,none
efficientnet_b4,ILSVRC2012_val_00036517.JPEG,n04428191,856,856,0.44757584,1,imagenet_c,defocus_blur,1,none
efficientnet_b4,ILSVRC2012_val_00036974.JPEG,n04428191,856,565,0.34668994,0,imagenet_c,defocus_blur,1,none
efficientnet_b4,ILSVRC2012_val_00037749.JPEG,n04428191,856,856,0.38702703,1,imagenet_c,defocus_blur,1,none
efficientnet_b4,ILSVRC2012_val_00038305.JPEG,n04428191,856,856,0.53850806,1,imagenet_c,defocus_blur,1,none
efficientnet_b4,ILSVRC2012_val_00038893.JPEG,n04428191,856,856,0.45058462,1,imagenet_c,defocus_blur,1,none
efficientnet_b4,ILSVRC2012_val_00043044.JPEG,n04428191,856,856,0.7956292,1,imagenet_c,defocus_blur,1,none
efficientnet_b4,ILSVRC2012_val_00043693.JPEG,n04428191,856,856,0.43284497,1,imagenet_c,defocus_blur,1,none
efficientnet_b4,ILSVRC2012_val_00044758.JPEG,n04428191,856,106,0.0806416,0,imagenet_c,defocus_blur,1,none
efficientnet_b4,ILSVRC2012_val_00046448.JPEG,n04428191,856,730,0.24006175,0,imagenet_c,defocus_blur,1,none
efficientnet_b4,ILSVRC2012_val_00046734.JPEG,n04428191,856,595,0.3103236,0,imagenet_c,defocus_blur,1,none
efficientnet_b4,ILSVRC2012_val_00047627.JPEG,n04428191,856,621,0.55470926,0,imagenet_c,defocus_blur,1,none
efficientnet_b4,ILSVRC2012_val_00001160.JPEG,n04429376,857,698,0.4419969,0,imagenet_c,defocus_blur,1,none
efficientnet_b4,ILSVRC2012_val_00003519.JPEG,n04429376,857,857,0.26567957,1,imagenet_c,defocus_blur,1,none
efficientnet_b4,ILSVRC2012_val_00004328.JPEG,n04429376,857,857,0.2274122,1,imagenet_c,defocus_blur,1,none
efficientnet_b4,ILSVRC2012_val_00004705.JPEG,n04429376,857,857,0.72296995,1,imagenet_c,defocus_blur,1,none
efficientnet_b4,ILSVRC2012_val_00005160.JPEG,n04429376,857,516,0.28311238,0,imagenet_c,defocus_blur,1,none
efficientnet_b4,ILSVRC2012_val_00007046.JPEG,n04429376,857,857,0.5703186,1,imagenet_c,defocus_blur,1,none
efficientnet_b4,ILSVRC2012_val_00007693.JPEG,n04429376,857,857,0.6933207,1,imagenet_c,defocus_blur,1,none
efficientnet_b4,ILSVRC2012_val_00010315.JPEG,n04429376,857,857,0.62345636,1,imagenet_c,defocus_blur,1,none
efficientnet_b4,ILSVRC2012_val_00011028.JPEG,n04429376,857,857,0.26475298,1,imagenet_c,defocus_blur,1,none
efficientnet_b4,ILSVRC2012_val_00012040.JPEG,n04429376,857,857,0.29399937,1,imagenet_c,defocus_blur,1,none
efficientnet_b4,ILSVRC2012_val_00012217.JPEG,n04429376,857,857,0.66588396,1,imagenet_c,defocus_blur,1,none
efficientnet_b4,ILSVRC2012_val_00013539.JPEG,n04429376,857,423,0.35235494,0,imagenet_c,defocus_blur,1,none
efficientnet_b4,ILSVRC2012_val_00013871.JPEG,n04429376,857,857,0.5231815,1,imagenet_c,defocus_blur,1,none
efficientnet_b4,ILSVRC2012_val_00016534.JPEG,n04429376,857,747,0.021402352,0,imagenet_c,defocus_blur,1,none
efficientnet_b4,ILSVRC2012_val_00017455.JPEG,n04429376,857,583,0.04550488,0,imagenet_c,defocus_blur,1,none
efficientnet_b4,ILSVRC2012_val_00017571.JPEG,n04429376,857,857,0.46193814,1,imagenet_c,defocus_blur,1,none
efficientnet_b4,ILSVRC2012_val_00019420.JPEG,n04429376,857,857,0.5572092,1,imagenet_c,defocus_blur,1,none
efficientnet_b4,ILSVRC2012_val_00019790.JPEG,n04429376,857,857,0.5787222,1,imagenet_c,defocus_blur,1,none
efficientnet_b4,ILSVRC2012_val_00019913.JPEG,n04429376,857,857,0.17546885,1,imagenet_c,defocus_blur,1,none
efficientnet_b4,ILSVRC2012_val_00022051.JPEG,n04429376,857,857,0.3370486,1,imagenet_c,defocus_blur,1,none
efficientnet_b4,ILSVRC2012_val_00022850.JPEG,n04429376,857,857,0.5342278,1,imagenet_c,defocus_blur,1,none
efficientnet_b4,ILSVRC2012_val_00023378.JPEG,n04429376,857,857,0.3379827,1,imagenet_c,defocus_blur,1,none
efficientnet_b4,ILSVRC2012_val_00025374.JPEG,n04429376,857,765,0.5492133,0,imagenet_c,defocus_blur,1,none
efficientnet_b4,ILSVRC2012_val_00025672.JPEG,n04429376,857,857,0.6534675,1,imagenet_c,defocus_blur,1,none
efficientnet_b4,ILSVRC2012_val_00027119.JPEG,n04429376,857,831,0.20629615,0,imagenet_c,defocus_blur,1,none
efficientnet_b4,ILSVRC2012_val_00028100.JPEG,n04429376,857,857,0.48798537,1,imagenet_c,defocus_blur,1,none
efficientnet_b4,ILSVRC2012_val_00028295.JPEG,n04429376,857,406,0.295788,0,imagenet_c,defocus_blur,1,none
efficientnet_b4,ILSVRC2012_val_00029561.JPEG,n04429376,857,406,0.30212227,0,imagenet_c,defocus_blur,1,none
efficientnet_b4,ILSVRC2012_val_00031673.JPEG,n04429376,857,857,0.6620067,1,imagenet_c,defocus_blur,1,none
efficientnet_b4,ILSVRC2012_val_00031730.JPEG,n04429376,857,857,0.2280502,1,imagenet_c,defocus_blur,1,none
efficientnet_b4,ILSVRC2012_val_00033160.JPEG,n04429376,857,857,0.45284805,1,imagenet_c,defocus_blur,1,none
efficientnet_b4,ILSVRC2012_val_00034381.JPEG,n04429376,857,857,0.27111444,1,imagenet_c,defocus_blur,1,none
efficientnet_b4,ILSVRC2012_val_00035142.JPEG,n04429376,857,857,0.48688465,1,imagenet_c,defocus_blur,1,none
efficientnet_b4,ILSVRC2012_val_00037306.JPEG,n04429376,857,857,0.21840091,1,imagenet_c,defocus_blur,1,none
efficientnet_b4,ILSVRC2012_val_00038073.JPEG,n04429376,857,857,0.26562938,1,imagenet_c,defocus_blur,1,none
efficientnet_b4,ILSVRC2012_val_00038377.JPEG,n04429376,857,455,0.10574491,0,imagenet_c,defocus_blur,1,none
efficientnet_b4,ILSVRC2012_val_00039872.JPEG,n04429376,857,912,0.06301565,0,imagenet_c,defocus_blur,1,none
efficientnet_b4,ILSVRC2012_val_00041720.JPEG,n04429376,857,741,0.123536944,0,imagenet_c,defocus_blur,1,none
efficientnet_b4,ILSVRC2012_val_00041883.JPEG,n04429376,857,857,0.48026115,1,imagenet_c,defocus_blur,1,none
efficientnet_b4,ILSVRC2012_val_00042382.JPEG,n04429376,857,857,0.35537884,1,imagenet_c,defocus_blur,1,none
efficientnet_b4,ILSVRC2012_val_00042822.JPEG,n04429376,857,857,0.55132794,1,imagenet_c,defocus_blur,1,none
efficientnet_b4,ILSVRC2012_val_00043870.JPEG,n04429376,857,857,0.13211547,1,imagenet_c,defocus_blur,1,none
efficientnet_b4,ILSVRC2012_val_00044295.JPEG,n04429376,857,857,0.3538305,1,imagenet_c,defocus_blur,1,none
efficientnet_b4,ILSVRC2012_val_00044863.JPEG,n04429376,857,857,0.73823905,1,imagenet_c,defocus_blur,1,none
efficientnet_b4,ILSVRC2012_val_00045464.JPEG,n04429376,857,857,0.106812306,1,imagenet_c,defocus_blur,1,none
efficientnet_b4,ILSVRC2012_val_00045844.JPEG,n04429376,857,854,0.19172011,0,imagenet_c,defocus_blur,1,none
efficientnet_b4,ILSVRC2012_val_00046304.JPEG,n04429376,857,469,0.12680592,0,imagenet_c,defocus_blur,1,none
efficientnet_b4,ILSVRC2012_val_00047410.JPEG,n04429376,857,492,0.24002036,0,imagenet_c,defocus_blur,1,none
efficientnet_b4,ILSVRC2012_val_00048901.JPEG,n04429376,857,857,0.7292561,1,imagenet_c,defocus_blur,1,none
efficientnet_b4,ILSVRC2012_val_00049487.JPEG,n04429376,857,663,0.17302266,0,imagenet_c,defocus_blur,1,none
efficientnet_b4,ILSVRC2012_val_00000030.JPEG,n04435653,858,538,0.12471327,0,imagenet_c,defocus_blur,1,none
efficientnet_b4,ILSVRC2012_val_00000567.JPEG,n04435653,858,858,0.6767117,1,imagenet_c,defocus_blur,1,none
efficientnet_b4,ILSVRC2012_val_00000914.JPEG,n04435653,858,971,0.023096595,0,imagenet_c,defocus_blur,1,none
efficientnet_b4,ILSVRC2012_val_00001474.JPEG,n04435653,858,858,0.079416916,1,imagenet_c,defocus_blur,1,none
efficientnet_b4,ILSVRC2012_val_00003912.JPEG,n04435653,858,858,0.6284035,1,imagenet_c,defocus_blur,1,none
efficientnet_b4,ILSVRC2012_val_00004121.JPEG,n04435653,858,858,0.65029037,1,imagenet_c,defocus_blur,1,none
efficientnet_b4,ILSVRC2012_val_00004696.JPEG,n04435653,858,858,0.51783586,1,imagenet_c,defocus_blur,1,none
efficientnet_b4,ILSVRC2012_val_00005098.JPEG,n04435653,858,825,0.23239927,0,imagenet_c,defocus_blur,1,none
efficientnet_b4,ILSVRC2012_val_00006917.JPEG,n04435653,858,858,0.57368267,1,imagenet_c,defocus_blur,1,none
efficientnet_b4,ILSVRC2012_val_00007019.JPEG,n04435653,858,835,0.01033028,0,imagenet_c,defocus_blur,1,none
efficientnet_b4,ILSVRC2012_val_00007689.JPEG,n04435653,858,858,0.061090954,1,imagenet_c,defocus_blur,1,none
efficientnet_b4,ILSVRC2012_val_00008122.JPEG,n04435653,858,825,0.07760237,0,imagenet_c,defocus_blur,1,none
efficientnet_b4,ILSVRC2012_val_00008308.JPEG,n04435653,858,356,0.09950913,0,imagenet_c,defocus_blur,1,none
efficientnet_b4,ILSVRC2012_val_00008528.JPEG,n04435653,858,663,0.09943307,0,imagenet_c,defocus_blur,1,none
efficientnet_b4,ILSVRC2012_val_00012616.JPEG,n04435653,858,663,0.45238936,0,imagenet_c,defocus_blur,1,none
efficientnet_b4,ILSVRC2012_val_00014453.JPEG,n04435653,858,858,0.67287844,1,imagenet_c,defocus_blur,1,none
efficientnet_b4,ILSVRC2012_val_00014610.JPEG,n04435653,858,858,0.76535976,1,imagenet_c,defocus_blur,1,none
efficientnet_b4,ILSVRC2012_val_00016948.JPEG,n04435653,858,858,0.29930335,1,imagenet_c,defocus_blur,1,none
efficientnet_b4,ILSVRC2012_val_00018247.JPEG,n04435653,858,858,0.77925056,1,imagenet_c,defocus_blur,1,none
efficientnet_b4,ILSVRC2012_val_00019471.JPEG,n04435653,858,807,0.033607196,0,imagenet_c,defocus_blur,1,none
efficientnet_b4,ILSVRC2012_val_00019621.JPEG,n04435653,858,858,0.25113177,1,imagenet_c,defocus_blur,1,none
efficientnet_b4,ILSVRC2012_val_00019707.JPEG,n04435653,858,660,0.02102304,0,imagenet_c,defocus_blur,1,none
efficientnet_b4,ILSVRC2012_val_00019905.JPEG,n04435653,858,481,0.058743548,0,imagenet_c,defocus_blur,1,none
efficientnet_b4,ILSVRC2012_val_00020316.JPEG,n04435653,858,858,0.059622005,1,imagenet_c,defocus_blur,1,none
efficientnet_b4,ILSVRC2012_val_00020450.JPEG,n04435653,858,442,0.14413661,0,imagenet_c,defocus_blur,1,none
efficientnet_b4,ILSVRC2012_val_00021105.JPEG,n04435653,858,663,0.3032898,0,imagenet_c,defocus_blur,1,none
efficientnet_b4,ILSVRC2012_val_00022517.JPEG,n04435653,858,498,0.081397906,0,imagenet_c,defocus_blur,1,none
efficientnet_b4,ILSVRC2012_val_00022683.JPEG,n04435653,858,858,0.5876611,1,imagenet_c,defocus_blur,1,none
efficientnet_b4,ILSVRC2012_val_00022779.JPEG,n04435653,858,519,0.21708569,0,imagenet_c,defocus_blur,1,none
efficientnet_b4,ILSVRC2012_val_00024338.JPEG,n04435653,858,81,0.03663086,0,imagenet_c,defocus_blur,1,none
efficientnet_b4,ILSVRC2012_val_00026116.JPEG,n04435653,858,858,0.7511815,1,imagenet_c,defocus_blur,1,none
efficientnet_b4,ILSVRC2012_val_00026714.JPEG,n04435653,858,858,0.3649998,1,imagenet_c,defocus_blur,1,none
efficientnet_b4,ILSVRC2012_val_00027447.JPEG,n04435653,858,699,0.042573497,0,imagenet_c,defocus_blur,1,none
efficientnet_b4,ILSVRC2012_val_00027687.JPEG,n04435653,858,789,0.38185078,0,imagenet_c,defocus_blur,1,none
efficientnet_b4,ILSVRC2012_val_00027772.JPEG,n04435653,858,847,0.07307882,0,imagenet_c,defocus_blur,1,none
efficientnet_b4,ILSVRC2012_val_00028676.JPEG,n04435653,858,858,0.5630178,1,imagenet_c,defocus_blur,1,none
efficientnet_b4,ILSVRC2012_val_00029530.JPEG,n04435653,858,858,0.6727198,1,imagenet_c,defocus_blur,1,none
efficientnet_b4,ILSVRC2012_val_00029959.JPEG,n04435653,858,858,0.31769824,1,imagenet_c,defocus_blur,1,none
efficientnet_b4,ILSVRC2012_val_00031918.JPEG,n04435653,858,904,0.1613862,0,imagenet_c,defocus_blur,1,none
efficientnet_b4,ILSVRC2012_val_00032134.JPEG,n04435653,858,858,0.55223894,1,imagenet_c,defocus_blur,1,none
efficientnet_b4,ILSVRC2012_val_00032741.JPEG,n04435653,858,698,0.124188095,0,imagenet_c,defocus_blur,1,none
efficientnet_b4,ILSVRC2012_val_00034111.JPEG,n04435653,858,346,0.037262745,0,imagenet_c,defocus_blur,1,none
efficientnet_b4,ILSVRC2012_val_00035492.JPEG,n04435653,858,858,0.5484558,1,imagenet_c,defocus_blur,1,none
efficientnet_b4,ILSVRC2012_val_00035761.JPEG,n04435653,858,807,0.342095,0,imagenet_c,defocus_blur,1,none
efficientnet_b4,ILSVRC2012_val_00039351.JPEG,n04435653,858,858,0.42597222,1,imagenet_c,defocus_blur,1,none
efficientnet_b4,ILSVRC2012_val_00040341.JPEG,n04435653,858,858,0.4090877,1,imagenet_c,defocus_blur,1,none
efficientnet_b4,ILSVRC2012_val_00043174.JPEG,n04435653,858,449,0.120659955,0,imagenet_c,defocus_blur,1,none
efficientnet_b4,ILSVRC2012_val_00044409.JPEG,n04435653,858,743,0.060729258,0,imagenet_c,defocus_blur,1,none
efficientnet_b4,ILSVRC2012_val_00044956.JPEG,n04435653,858,858,0.2673869,1,imagenet_c,defocus_blur,1,none
efficientnet_b4,ILSVRC2012_val_00049870.JPEG,n04435653,858,858,0.71769196,1,imagenet_c,defocus_blur,1,none
efficientnet_b4,ILSVRC2012_val_00000737.JPEG,n04442312,859,859,0.23147215,1,imagenet_c,defocus_blur,1,none
efficientnet_b4,ILSVRC2012_val_00001572.JPEG,n04442312,859,859,0.62725693,1,imagenet_c,defocus_blur,1,none
efficientnet_b4,ILSVRC2012_val_00002081.JPEG,n04442312,859,859,0.3165488,1,imagenet_c,defocus_blur,1,none
efficientnet_b4,ILSVRC2012_val_00004154.JPEG,n04442312,859,766,0.29474914,0,imagenet_c,defocus_blur,1,none
efficientnet_b4,ILSVRC2012_val_00004478.JPEG,n04442312,859,904,0.11868039,0,imagenet_c,defocus_blur,1,none
efficientnet_b4,ILSVRC2012_val_00004737.JPEG,n04442312,859,859,0.70628685,1,imagenet_c,defocus_blur,1,none
efficientnet_b4,ILSVRC2012_val_00004906.JPEG,n04442312,859,859,0.58255875,1,imagenet_c,defocus_blur,1,none
efficientnet_b4,ILSVRC2012_val_00005123.JPEG,n04442312,859,553,0.076780856,0,imagenet_c,defocus_blur,1,none
efficientnet_b4,ILSVRC2012_val_00006132.JPEG,n04442312,859,859,0.43214875,1,imagenet_c,defocus_blur,1,none
efficientnet_b4,ILSVRC2012_val_00007103.JPEG,n04442312,859,859,0.58644134,1,imagenet_c,defocus_blur,1,none
efficientnet_b4,ILSVRC2012_val_00008998.JPEG,n04442312,859,859,0.43391505,1,imagenet_c,defocus_blur,1,none
efficientnet_b4,ILSVRC2012_val_00009071.JPEG,n04442312,859,859,0.2825871,1,imagenet_c,defocus_blur,1,none
efficientnet_b4,ILSVRC2012_val_00009258.JPEG,n04442312,859,859,0.4435007,1,imagenet_c,defocus_blur,1,none
efficientnet_b4,ILSVRC2012_val_00009662.JPEG,n04442312,859,526,0.11619187,0,imagenet_c,defocus_blur,1,none
efficientnet_b4,ILSVRC2012_val_00010199.JPEG,n04442312,859,859,0.4818062,1,imagenet_c,defocus_blur,1,none
efficientnet_b4,ILSVRC2012_val_00011659.JPEG,n04442312,859,859,0.19897044,1,imagenet_c,defocus_blur,1,none
efficientnet_b4,ILSVRC2012_val_00013210.JPEG,n04442312,859,859,0.5664302,1,imagenet_c,defocus_blur,1,none
efficientnet_b4,ILSVRC2012_val_00013560.JPEG,n04442312,859,859,0.34890795,1,imagenet_c,defocus_blur,1,none
efficientnet_b4,ILSVRC2012_val_00015352.JPEG,n04442312,859,859,0.57754046,1,imagenet_c,defocus_blur,1,none
efficientnet_b4,ILSVRC2012_val_00015904.JPEG,n04442312,859,859,0.5109431,1,imagenet_c,defocus_blur,1,none
efficientnet_b4,ILSVRC2012_val_00019534.JPEG,n04442312,859,859,0.39439923,1,imagenet_c,defocus_blur,1,none
efficientnet_b4,ILSVRC2012_val_00019723.JPEG,n04442312,859,927,0.06659352,0,imagenet_c,defocus_blur,1,none
efficientnet_b4,ILSVRC2012_val_00021748.JPEG,n04442312,859,859,0.64009017,1,imagenet_c,defocus_blur,1,none
efficientnet_b4,ILSVRC2012_val_00023688.JPEG,n04442312,859,859,0.4392948,1,imagenet_c,defocus_blur,1,none
efficientnet_b4,ILSVRC2012_val_00024817.JPEG,n04442312,859,859,0.34833634,1,imagenet_c,defocus_blur,1,none
efficientnet_b4,ILSVRC2012_val_00025862.JPEG,n04442312,859,686,0.09311938,0,imagenet_c,defocus_blur,1,none
efficientnet_b4,ILSVRC2012_val_00026183.JPEG,n04442312,859,931,0.47323105,0,imagenet_c,defocus_blur,1,none
efficientnet_b4,ILSVRC2012_val_00026916.JPEG,n04442312,859,859,0.9005393,1,imagenet_c,defocus_blur,1,none
efficientnet_b4,ILSVRC2012_val_00027253.JPEG,n04442312,859,859,0.060725655,1,imagenet_c,defocus_blur,1,none
efficientnet_b4,ILSVRC2012_val_00028698.JPEG,n04442312,859,859,0.7587543,1,imagenet_c,defocus_blur,1,none
efficientnet_b4,ILSVRC2012_val_00029570.JPEG,n04442312,859,859,0.5087867,1,imagenet_c,defocus_blur,1,none
efficientnet_b4,ILSVRC2012_val_00029661.JPEG,n04442312,859,859,0.5732959,1,imagenet_c,defocus_blur,1,none
efficientnet_b4,ILSVRC2012_val_00031310.JPEG,n04442312,859,681,0.07853375,0,imagenet_c,defocus_blur,1,none
efficientnet_b4,ILSVRC2012_val_00031375.JPEG,n04442312,859,859,0.23908901,1,imagenet_c,defocus_blur,1,none
efficientnet_b4,ILSVRC2012_val_00031742.JPEG,n04442312,859,859,0.503309,1,imagenet_c,defocus_blur,1,none
efficientnet_b4,ILSVRC2012_val_00032949.JPEG,n04442312,859,859,0.54120487,1,imagenet_c,defocus_blur,1,none
efficientnet_b4,ILSVRC2012_val_00034394.JPEG,n04442312,859,754,0.07167131,0,imagenet_c,defocus_blur,1,none
efficientnet_b4,ILSVRC2012_val_00036872.JPEG,n04442312,859,711,0.08569101,0,imagenet_c,defocus_blur,1,none
efficientnet_b4,ILSVRC2012_val_00037548.JPEG,n04442312,859,859,0.23702393,1,imagenet_c,defocus_blur,1,none
efficientnet_b4,ILSVRC2012_val_00038755.JPEG,n04442312,859,710,0.32144392,0,imagenet_c,defocus_blur,1,none
efficientnet_b4,ILSVRC2012_val_00039637.JPEG,n04442312,859,844,0.66691464,0,imagenet_c,defocus_blur,1,none
efficientnet_b4,ILSVRC2012_val_00040041.JPEG,n04442312,859,859,0.8255657,1,imagenet_c,defocus_blur,1,none
efficientnet_b4,ILSVRC2012_val_00040118.JPEG,n04442312,859,623,0.11442419,0,imagenet_c,defocus_blur,1,none
efficientnet_b4,ILSVRC2012_val_00042548.JPEG,n04442312,859,859,0.08268785,1,imagenet_c,defocus_blur,1,none
efficientnet_b4,ILSVRC2012_val_00042626.JPEG,n04442312,859,859,0.58769566,1,imagenet_c,defocus_blur,1,none
efficientnet_b4,ILSVRC2012_val_00046863.JPEG,n04442312,859,859,0.19941625,1,imagenet_c,defocus_blur,1,none
efficientnet_b4,ILSVRC2012_val_00047554.JPEG,n04442312,859,859,0.53406554,1,imagenet_c,defocus_blur,1,none
efficientnet_b4,ILSVRC2012_val_00048721.JPEG,n04442312,859,859,0.3244565,1,imagenet_c,defocus_blur,1,none
efficientnet_b4,ILSVRC2012_val_00048958.JPEG,n04442312,859,859,0.65957165,1,imagenet_c,defocus_blur,1,none
efficientnet_b4,ILSVRC2012_val_00049467.JPEG,n04442312,859,662,0.057827648,0,imagenet_c,defocus_blur,1,none
efficientnet_b4,ILSVRC2012_val_00000561.JPEG,n04443257,860,409,0.067519486,0,imagenet_c,defocus_blur,1,none
efficientnet_b4,ILSVRC2012_val_00001510.JPEG,n04443257,860,860,0.69082904,1,imagenet_c,defocus_blur,1,none
efficientnet_b4,ILSVRC2012_val_00001733.JPEG,n04443257,860,860,0.14406192,1,imagenet_c,defocus_blur,1,none
efficientnet_b4,ILSVRC2012_val_00001820.JPEG,n04443257,860,860,0.66594064,1,imagenet_c,defocus_blur,1,none
efficientnet_b4,ILSVRC2012_val_00003965.JPEG,n04443257,860,860,0.050610438,1,imagenet_c,defocus_blur,1,none
efficientnet_b4,ILSVRC2012_val_00004326.JPEG,n04443257,860,860,0.5926957,1,imagenet_c,defocus_blur,1,none
efficientnet_b4,ILSVRC2012_val_00004633.JPEG,n04443257,860,466,0.14968002,0,imagenet_c,defocus_blur,1,none
efficientnet_b4,ILSVRC2012_val_00008594.JPEG,n04443257,860,860,0.2045818,1,imagenet_c,defocus_blur,1,none
efficientnet_b4,ILSVRC2012_val_00009808.JPEG,n04443257,860,860,0.04951184,1,imagenet_c,defocus_blur,1,none
efficientnet_b4,ILSVRC2012_val_00010034.JPEG,n04443257,860,860,0.73467183,1,imagenet_c,defocus_blur,1,none
efficientnet_b4,ILSVRC2012_val_00010184.JPEG,n04443257,860,860,0.7485808,1,imagenet_c,defocus_blur,1,none
efficientnet_b4,ILSVRC2012_val_00011540.JPEG,n04443257,860,860,0.6539149,1,imagenet_c,defocus_blur,1,none
efficientnet_b4,ILSVRC2012_val_00012284.JPEG,n04443257,860,860,0.6276329,1,imagenet_c,defocus_blur,1,none
efficientnet_b4,ILSVRC2012_val_00014272.JPEG,n04443257,860,636,0.18752001,0,imagenet_c,defocus_blur,1,none
efficientnet_b4,ILSVRC2012_val_00015268.JPEG,n04443257,860,419,0.26066503,0,imagenet_c,defocus_blur,1,none
efficientnet_b4,ILSVRC2012_val_00015366.JPEG,n04443257,860,648,0.22375275,0,imagenet_c,defocus_blur,1,none
efficientnet_b4,ILSVRC2012_val_00017585.JPEG,n04443257,860,860,0.15609318,1,imagenet_c,defocus_blur,1,none
efficientnet_b4,ILSVRC2012_val_00018548.JPEG,n04443257,860,860,0.098448075,1,imagenet_c,defocus_blur,1,none
efficientnet_b4,ILSVRC2012_val_00018875.JPEG,n04443257,860,860,0.6413674,1,imagenet_c,defocus_blur,1,none
efficientnet_b4,ILSVRC2012_val_00020110.JPEG,n04443257,860,409,0.2792315,0,imagenet_c,defocus_blur,1,none
efficientnet_b4,ILSVRC2012_val_00021395.JPEG,n04443257,860,860,0.29541487,1,imagenet_c,defocus_blur,1,none
efficientnet_b4,ILSVRC2012_val_00021419.JPEG,n04443257,860,704,0.110106625,0,imagenet_c,defocus_blur,1,none
efficientnet_b4,ILSVRC2012_val_00022107.JPEG,n04443257,860,498,0.16500473,0,imagenet_c,defocus_blur,1,none
efficientnet_b4,ILSVRC2012_val_00022890.JPEG,n04443257,860,860,0.06860465,1,imagenet_c,defocus_blur,1,none
efficientnet_b4,ILSVRC2012_val_00023578.JPEG,n04443257,860,860,0.12677518,1,imagenet_c,defocus_blur,1,none
efficientnet_b4,ILSVRC2012_val_00024177.JPEG,n04443257,860,860,0.53421956,1,imagenet_c,defocus_blur,1,none
efficientnet_b4,ILSVRC2012_val_00026257.JPEG,n04443257,860,919,0.12998612,0,imagenet_c,defocus_blur,1,none
efficientnet_b4,ILSVRC2012_val_00026837.JPEG,n04443257,860,800,0.07573889,0,imagenet_c,defocus_blur,1,none
efficientnet_b4,ILSVRC2012_val_00027630.JPEG,n04443257,860,860,0.23821631,1,imagenet_c,defocus_blur,1,none
efficientnet_b4,ILSVRC2012_val_00029586.JPEG,n04443257,860,860,0.18861696,1,imagenet_c,defocus_blur,1,none
efficientnet_b4,ILSVRC2012_val_00029878.JPEG,n04443257,860,860,0.54824793,1,imagenet_c,defocus_blur,1,none
efficientnet_b4,ILSVRC2012_val_00029997.JPEG,n04443257,860,714,0.048525166,0,imagenet_c,defocus_blur,1,none
efficientnet_b4,ILSVRC2012_val_00030711.JPEG,n04443257,860,919,0.65934384,0,imagenet_c,defocus_blur,1,none
efficientnet_b4,ILSVRC2012_val_00032397.JPEG,n04443257,860,860,0.24806437,1,imagenet_c,defocus_blur,1,none
efficientnet_b4,ILSVRC2012_val_00035144.JPEG,n04443257,860,800,0.059741247,0,imagenet_c,defocus_blur,1,none
efficientnet_b4,ILSVRC2012_val_00035695.JPEG,n04443257,860,877,0.08828389,0,imagenet_c,defocus_blur,1,none
efficientnet_b4,ILSVRC2012_val_00035960.JPEG,n04443257,860,860,0.6047129,1,imagenet_c,defocus_blur,1,none
efficientnet_b4,ILSVRC2012_val_00036516.JPEG,n04443257,860,860,0.35940975,1,imagenet_c,defocus_blur,1,none
efficientnet_b4,ILSVRC2012_val_00040807.JPEG,n04443257,860,860,0.10607355,1,imagenet_c,defocus_blur,1,none
efficientnet_b4,ILSVRC2012_val_00041106.JPEG,n04443257,860,860,0.31971562,1,imagenet_c,defocus_blur,1,none
efficientnet_b4,ILSVRC2012_val_00041466.JPEG,n04443257,860,860,0.27856162,1,imagenet_c,defocus_blur,1,none
efficientnet_b4,ILSVRC2012_val_00041486.JPEG,n04443257,860,860,0.6816258,1,imagenet_c,defocus_blur,1,none
efficientnet_b4,ILSVRC2012_val_00043259.JPEG,n04443257,860,919,0.09240543,0,imagenet_c,defocus_blur,1,none
efficientnet_b4,ILSVRC2012_val_00043330.JPEG,n04443257,860,860,0.6760646,1,imagenet_c,defocus_blur,1,none
efficientnet_b4,ILSVRC2012_val_00043358.JPEG,n04443257,860,781,0.2178639,0,imagenet_c,defocus_blur,1,none
efficientnet_b4,ILSVRC2012_val_00044655.JPEG,n04443257,860,860,0.6341118,1,imagenet_c,defocus_blur,1,none
efficientnet_b4,ILSVRC2012_val_00045194.JPEG,n04443257,860,848,0.10219362,0,imagenet_c,defocus_blur,1,none
efficientnet_b4,ILSVRC2012_val_00045486.JPEG,n04443257,860,860,0.7012863,1,imagenet_c,defocus_blur,1,none
efficientnet_b4,ILSVRC2012_val_00046294.JPEG,n04443257,860,860,0.7874045,1,imagenet_c,defocus_blur,1,none
efficientnet_b4,ILSVRC2012_val_00048767.JPEG,n04443257,860,860,0.7638994,1,imagenet_c,defocus_blur,1,none
efficientnet_b4,ILSVRC2012_val_00000449.JPEG,n04447861,861,861,0.50743145,1,imagenet_c,defocus_blur,1,none
efficientnet_b4,ILSVRC2012_val_00001621.JPEG,n04447861,861,867,0.29988715,0,imagenet_c,defocus_blur,1,none
efficientnet_b4,ILSVRC2012_val_00001718.JPEG,n04447861,861,861,0.050434202,1,imagenet_c,defocus_blur,1,none
efficientnet_b4,ILSVRC2012_val_00002574.JPEG,n04447861,861,861,0.07597615,1,imagenet_c,defocus_blur,1,none
efficientnet_b4,ILSVRC2012_val_00003310.JPEG,n04447861,861,861,0.17433758,1,imagenet_c,defocus_blur,1,none
efficientnet_b4,ILSVRC2012_val_00003317.JPEG,n04447861,861,861,0.6596246,1,imagenet_c,defocus_blur,1,none
efficientnet_b4,ILSVRC2012_val_00003415.JPEG,n04447861,861,861,0.34054208,1,imagenet_c,defocus_blur,1,none
efficientnet_b4,ILSVRC2012_val_00004263.JPEG,n04447861,861,861,0.75322443,1,imagenet_c,defocus_blur,1,none
efficientnet_b4,ILSVRC2012_val_00004573.JPEG,n04447861,861,469,0.36455783,0,imagenet_c,defocus_blur,1,none
efficientnet_b4,ILSVRC2012_val_00006058.JPEG,n04447861,861,861,0.8130268,1,imagenet_c,defocus_blur,1,none
efficientnet_b4,ILSVRC2012_val_00010605.JPEG,n04447861,861,861,0.54806423,1,imagenet_c,defocus_blur,1,none
efficientnet_b4,ILSVRC2012_val_00013106.JPEG,n04447861,861,861,0.23916945,1,imagenet_c,defocus_blur,1,none
efficientnet_b4,ILSVRC2012_val_00015017.JPEG,n04447861,861,861,0.20459662,1,imagenet_c,defocus_blur,1,none
efficientnet_b4,ILSVRC2012_val_00015910.JPEG,n04447861,861,861,0.4231942,1,imagenet_c,defocus_blur,1,none
efficientnet_b4,ILSVRC2012_val_00017500.JPEG,n04447861,861,653,0.43380755,0,imagenet_c,defocus_blur,1,none
efficientnet_b4,ILSVRC2012_val_00018632.JPEG,n04447861,861,743,0.41664678,0,imagenet_c,defocus_blur,1,none
efficientnet_b4,ILSVRC2012_val_00018712.JPEG,n04447861,861,861,0.51593363,1,imagenet_c,defocus_blur,1,none
efficientnet_b4,ILSVRC2012_val_00020291.JPEG,n04447861,861,519,0.09371125,0,imagenet_c,defocus_blur,1,none
efficientnet_b4,ILSVRC2012_val_00021246.JPEG,n04447861,861,731,0.5270907,0,imagenet_c,defocus_blur,1,none
efficientnet_b4,ILSVRC2012_val_00024534.JPEG,n04447861,861,896,0.22919513,0,imagenet_c,defocus_blur,1,none
efficientnet_b4,ILSVRC2012_val_00025192.JPEG,n04447861,861,861,0.7166881,1,imagenet_c,defocus_blur,1,none
efficientnet_b4,ILSVRC2012_val_00026111.JPEG,n04447861,861,861,0.23110269,1,imagenet_c,defocus_blur,1,none
efficientnet_b4,ILSVRC2012_val_00027054.JPEG,n04447861,861,861,0.20130423,1,imagenet_c,defocus_blur,1,none
efficientnet_b4,ILSVRC2012_val_00027324.JPEG,n04447861,861,861,0.08811043,1,imagenet_c,defocus_blur,1,none
efficientnet_b4,ILSVRC2012_val_00027841.JPEG,n04447861,861,861,0.5390627,1,imagenet_c,defocus_blur,1,none
efficientnet_b4,ILSVRC2012_val_00028306.JPEG,n04447861,861,892,0.10988831,0,imagenet_c,defocus_blur,1,none
efficientnet_b4,ILSVRC2012_val_00028452.JPEG,n04447861,861,969,0.13430119,0,imagenet_c,defocus_blur,1,none
efficientnet_b4,ILSVRC2012_val_00028531.JPEG,n04447861,861,861,0.111642696,1,imagenet_c,defocus_blur,1,none
efficientnet_b4,ILSVRC2012_val_00029071.JPEG,n04447861,861,818,0.11453909,0,imagenet_c,defocus_blur,1,none
efficientnet_b4,ILSVRC2012_val_00031061.JPEG,n04447861,861,861,0.36127824,1,imagenet_c,defocus_blur,1,none
efficientnet_b4,ILSVRC2012_val_00033168.JPEG,n04447861,861,861,0.33654177,1,imagenet_c,defocus_blur,1,none
efficientnet_b4,ILSVRC2012_val_00034633.JPEG,n04447861,861,861,0.7074042,1,imagenet_c,defocus_blur,1,none
efficientnet_b4,ILSVRC2012_val_00035000.JPEG,n04447861,861,738,0.05227094,0,imagenet_c,defocus_blur,1,none
efficientnet_b4,ILSVRC2012_val_00035684.JPEG,n04447861,861,861,0.34814125,1,imagenet_c,defocus_blur,1,none
efficientnet_b4,ILSVRC2012_val_00036279.JPEG,n04447861,861,684,0.39031082,0,imagenet_c,defocus_blur,1,none
efficientnet_b4,ILSVRC2012_val_00036382.JPEG,n04447861,861,449,0.12524347,0,imagenet_c,defocus_blur,1,none
efficientnet_b4,ILSVRC2012_val_00037132.JPEG,n04447861,861,684,0.67873514,0,imagenet_c,defocus_blur,1,none
efficientnet_b4,ILSVRC2012_val_00037291.JPEG,n04447861,861,861,0.20994648,1,imagenet_c,defocus_blur,1,none
efficientnet_b4,ILSVRC2012_val_00038235.JPEG,n04447861,861,861,0.3792183,1,imagenet_c,defocus_blur,1,none
efficientnet_b4,ILSVRC2012_val_00038860.JPEG,n04447861,861,861,0.30797696,1,imagenet_c,defocus_blur,1,none
efficientnet_b4,ILSVRC2012_val_00038921.JPEG,n04447861,861,848,0.22810338,0,imagenet_c,defocus_blur,1,none
efficientnet_b4,ILSVRC2012_val_00039313.JPEG,n04447861,861,861,0.67555,1,imagenet_c,defocus_blur,1,none
efficientnet_b4,ILSVRC2012_val_00039407.JPEG,n04447861,861,861,0.33694217,1,imagenet_c,defocus_blur,1,none
efficientnet_b4,ILSVRC2012_val_00040960.JPEG,n04447861,861,861,0.17327355,1,imagenet_c,defocus_blur,1,none
efficientnet_b4,ILSVRC2012_val_00041760.JPEG,n04447861,861,519,0.057901654,0,imagenet_c,defocus_blur,1,none
efficientnet_b4,ILSVRC2012_val_00042685.JPEG,n04447861,861,861,0.27237126,1,imagenet_c,defocus_blur,1,none
efficientnet_b4,ILSVRC2012_val_00042935.JPEG,n04447861,861,861,0.7231165,1,imagenet_c,defocus_blur,1,none
efficientnet_b4,ILSVRC2012_val_00044517.JPEG,n04447861,861,861,0.7379005,1,imagenet_c,defocus_blur,1,none
efficientnet_b4,ILSVRC2012_val_00045528.JPEG,n04447861,861,684,0.20274174,0,imagenet_c,defocus_blur,1,none
efficientnet_b4,ILSVRC2012_val_00046754.JPEG,n04447861,861,811,0.06608334,0,imagenet_c,defocus_blur,1,none
efficientnet_b4,ILSVRC2012_val_00001008.JPEG,n04456115,862,476,0.26220044,0,imagenet_c,defocus_blur,1,none
efficientnet_b4,ILSVRC2012_val_00001592.JPEG,n04456115,862,862,0.5660919,1,imagenet_c,defocus_blur,1,none
efficientnet_b4,ILSVRC2012_val_00001700.JPEG,n04456115,862,862,0.23342992,1,imagenet_c,defocus_blur,1,none
efficientnet_b4,ILSVRC2012_val_00002331.JPEG,n04456115,862,862,0.8058236,1,imagenet_c,defocus_blur,1,none
efficientnet_b4,ILSVRC2012_val_00003323.JPEG,n04456115,862,862,0.6676458,1,imagenet_c,defocus_blur,1,none
efficientnet_b4,ILSVRC2012_val_00003347.JPEG,n04456115,862,862,0.6425751,1,imagenet_c,defocus_blur,1,none
efficientnet_b4,ILSVRC2012_val_00003713.JPEG,n04456115,862,862,0.37924597,1,imagenet_c,defocus_blur,1,none
efficientnet_b4,ILSVRC2012_val_00004239.JPEG,n04456115,862,862,0.31403565,1,imagenet_c,defocus_blur,1,none
efficientnet_b4,ILSVRC2012_val_00005528.JPEG,n04456115,862,862,0.8478543,1,imagenet_c,defocus_blur,1,none
efficientnet_b4,ILSVRC2012_val_00005671.JPEG,n04456115,862,696,0.11963956,0,imagenet_c,defocus_blur,1,none
efficientnet_b4,ILSVRC2012_val_00008611.JPEG,n04456115,862,862,0.12979968,1,imagenet_c,defocus_blur,1,none
efficientnet_b4,ILSVRC2012_val_00008917.JPEG,n04456115,862,862,0.70390505,1,imagenet_c,defocus_blur,1,none
efficientnet_b4,ILSVRC2012_val_00010114.JPEG,n04456115,862,862,0.70155805,1,imagenet_c,defocus_blur,1,none
efficientnet_b4,ILSVRC2012_val_00011703.JPEG,n04456115,862,862,0.8798916,1,imagenet_c,defocus_blur,1,none
efficientnet_b4,ILSVRC2012_val_00012075.JPEG,n04456115,862,862,0.5093154,1,imagenet_c,defocus_blur,1,none
efficientnet_b4,ILSVRC2012_val_00012862.JPEG,n04456115,862,862,0.22930901,1,imagenet_c,defocus_blur,1,none
efficientnet_b4,ILSVRC2012_val_00013914.JPEG,n04456115,862,862,0.5554015,1,imagenet_c,defocus_blur,1,none
efficientnet_b4,ILSVRC2012_val_00014480.JPEG,n04456115,862,862,0.17287584,1,imagenet_c,defocus_blur,1,none
efficientnet_b4,ILSVRC2012_val_00014965.JPEG,n04456115,862,862,0.73584914,1,imagenet_c,defocus_blur,1,none
efficientnet_b4,ILSVRC2012_val_00015178.JPEG,n04456115,862,862,0.5470662,1,imagenet_c,defocus_blur,1,none
efficientnet_b4,ILSVRC2012_val_00016035.JPEG,n04456115,862,862,0.67661524,1,imagenet_c,defocus_blur,1,none
efficientnet_b4,ILSVRC2012_val_00018088.JPEG,n04456115,862,862,0.69341534,1,imagenet_c,defocus_blur,1,none
efficientnet_b4,ILSVRC2012_val_00018946.JPEG,n04456115,862,644,0.33915943,0,imagenet_c,defocus_blur,1,none
efficientnet_b4,ILSVRC2012_val_00020562.JPEG,n04456115,862,862,0.3402901,1,imagenet_c,defocus_blur,1,none
efficientnet_b4,ILSVRC2012_val_00021468.JPEG,n04456115,862,862,0.27559155,1,imagenet_c,defocus_blur,1,none
efficientnet_b4,ILSVRC2012_val_00022750.JPEG,n04456115,862,862,0.7297243,1,imagenet_c,defocus_blur,1,none
efficientnet_b4,ILSVRC2012_val_00023644.JPEG,n04456115,862,819,0.18272875,0,imagenet_c,defocus_blur,1,none
efficientnet_b4,ILSVRC2012_val_00025509.JPEG,n04456115,862,862,0.6953521,1,imagenet_c,defocus_blur,1,none
efficientnet_b4,ILSVRC2012_val_00025918.JPEG,n04456115,862,862,0.8433702,1,imagenet_c,defocus_blur,1,none
efficientnet_b4,ILSVRC2012_val_00026429.JPEG,n04456115,862,862,0.7419065,1,imagenet_c,defocus_blur,1,none
efficientnet_b4,ILSVRC2012_val_00028329.JPEG,n04456115,862,862,0.7360718,1,imagenet_c,defocus_blur,1,none
efficientnet_b4,ILSVRC2012_val_00029965.JPEG,n04456115,862,644,0.38815254,0,imagenet_c,defocus_blur,1,none
efficientnet_b4,ILSVRC2012_val_00030384.JPEG,n04456115,862,862,0.6733388,1,imagenet_c,defocus_blur,1,none
efficientnet_b4,ILSVRC2012_val_00030780.JPEG,n04456115,862,862,0.71468747,1,imagenet_c,defocus_blur,1,none
efficientnet_b4,ILSVRC2012_val_00031777.JPEG,n04456115,862,862,0.53858477,1,imagenet_c,defocus_blur,1,none
efficientnet_b4,ILSVRC2012_val_00035180.JPEG,n04456115,862,862,0.60131925,1,imagenet_c,defocus_blur,1,none
efficientnet_b4,ILSVRC2012_val_00035674.JPEG,n04456115,862,862,0.048619613,1,imagenet_c,defocus_blur,1,none
efficientnet_b4,ILSVRC2012_val_00036099.JPEG,n04456115,862,862,0.311927,1,imagenet_c,defocus_blur,1,none
efficientnet_b4,ILSVRC2012_val_00036237.JPEG,n04456115,862,862,0.33443478,1,imagenet_c,defocus_blur,1,none
efficientnet_b4,ILSVRC2012_val_00036391.JPEG,n04456115,862,862,0.66168195,1,imagenet_c,defocus_blur,1,none
efficientnet_b4,ILSVRC2012_val_00038362.JPEG,n04456115,862,862,0.76355314,1,imagenet_c,defocus_blur,1,none
efficientnet_b4,ILSVRC2012_val_00038629.JPEG,n04456115,862,805,0.20018315,0,imagenet_c,defocus_blur,1,none
efficientnet_b4,ILSVRC2012_val_00039596.JPEG,n04456115,862,862,0.20643285,1,imagenet_c,defocus_blur,1,none
efficientnet_b4,ILSVRC2012_val_00042368.JPEG,n04456115,862,862,0.8366303,1,imagenet_c,defocus_blur,1,none
efficientnet_b4,ILSVRC2012_val_00042554.JPEG,n04456115,862,862,0.78393316,1,imagenet_c,defocus_blur,1,none
efficientnet_b4,ILSVRC2012_val_00045788.JPEG,n04456115,862,862,0.32418272,1,imagenet_c,defocus_blur,1,none
efficientnet_b4,ILSVRC2012_val_00046509.JPEG,n04456115,862,555,0.074851185,0,imagenet_c,defocus_blur,1,none
efficientnet_b4,ILSVRC2012_val_00048645.JPEG,n04456115,862,470,0.17254291,0,imagenet_c,defocus_blur,1,none
efficientnet_b4,ILSVRC2012_val_00049142.JPEG,n04456115,862,733,0.13426688,0,imagenet_c,defocus_blur,1,none
efficientnet_b4,ILSVRC2012_val_00049922.JPEG,n04456115,862,862,0.55896264,1,imagenet_c,defocus_blur,1,none
efficientnet_b4,ILSVRC2012_val_00000525.JPEG,n04458633,863,863,0.3349135,1,imagenet_c,defocus_blur,1,none
efficientnet_b4,ILSVRC2012_val_00000809.JPEG,n04458633,863,863,0.6280966,1,imagenet_c,defocus_blur,1,none
efficientnet_b4,ILSVRC2012_val_00001021.JPEG,n04458633,863,863,0.3207062,1,imagenet_c,defocus_blur,1,none
efficientnet_b4,ILSVRC2012_val_00001530.JPEG,n04458633,863,863,0.5021335,1,imagenet_c,defocus_blur,1,none
efficientnet_b4,ILSVRC2012_val_00002695.JPEG,n04458633,863,863,0.6293721,1,imagenet_c,defocus_blur,1,none
efficientnet_b4,ILSVRC2012_val_00003979.JPEG,n04458633,863,863,0.52740276,1,imagenet_c,defocus_blur,1,none
efficientnet_b4,ILSVRC2012_val_00004942.JPEG,n04458633,863,863,0.5929293,1,imagenet_c,defocus_blur,1,none
efficientnet_b4,ILSVRC2012_val_00005720.JPEG,n04458633,863,863,0.4724305,1,imagenet_c,defocus_blur,1,none
efficientnet_b4,ILSVRC2012_val_00006560.JPEG,n04458633,863,862,0.030962836,0,imagenet_c,defocus_blur,1,none
efficientnet_b4,ILSVRC2012_val_00007491.JPEG,n04458633,863,863,0.5174992,1,imagenet_c,defocus_blur,1,none
efficientnet_b4,ILSVRC2012_val_00008759.JPEG,n04458633,863,863,0.48161852,1,imagenet_c,defocus_blur,1,none
efficientnet_b4,ILSVRC2012_val_00010203.JPEG,n04458633,863,863,0.3063193,1,imagenet_c,defocus_blur,1,none
efficientnet_b4,ILSVRC2012_val_00011847.JPEG,n04458633,863,733,0.2662685,0,imagenet_c,defocus_blur,1,none
efficientnet_b4,ILSVRC2012_val_00016327.JPEG,n04458633,863,863,0.2066378,1,imagenet_c,defocus_blur,1,none
efficientnet_b4,ILSVRC2012_val_00016593.JPEG,n04458633,863,863,0.5996024,1,imagenet_c,defocus_blur,1,none
efficientnet_b4,ILSVRC2012_val_00017521.JPEG,n04458633,863,863,0.14281367,1,imagenet_c,defocus_blur,1,none
efficientnet_b4,ILSVRC2012_val_00019673.JPEG,n04458633,863,863,0.51160616,1,imagenet_c,defocus_blur,1,none
efficientnet_b4,ILSVRC2012_val_00020247.JPEG,n04458633,863,863,0.20977297,1,imagenet_c,defocus_blur,1,none
efficientnet_b4,ILSVRC2012_val_00020813.JPEG,n04458633,863,863,0.46193212,1,imagenet_c,defocus_blur,1,none
efficientnet_b4,ILSVRC2012_val_00021103.JPEG,n04458633,863,863,0.43953648,1,imagenet_c,defocus_blur,1,none
efficientnet_b4,ILSVRC2012_val_00021435.JPEG,n04458633,863,71,0.15862072,0,imagenet_c,defocus_blur,1,none
efficientnet_b4,ILSVRC2012_val_00021486.JPEG,n04458633,863,863,0.59085906,1,imagenet_c,defocus_blur,1,none
efficientnet_b4,ILSVRC2012_val_00021803.JPEG,n04458633,863,863,0.52414036,1,imagenet_c,defocus_blur,1,none
efficientnet_b4,ILSVRC2012_val_00024799.JPEG,n04458633,863,863,0.6800204,1,imagenet_c,defocus_blur,1,none
efficientnet_b4,ILSVRC2012_val_00024934.JPEG,n04458633,863,863,0.48457867,1,imagenet_c,defocus_blur,1,none
efficientnet_b4,ILSVRC2012_val_00025558.JPEG,n04458633,863,863,0.3277866,1,imagenet_c,defocus_blur,1,none
efficientnet_b4,ILSVRC2012_val_00025848.JPEG,n04458633,863,863,0.62184143,1,imagenet_c,defocus_blur,1,none
efficientnet_b4,ILSVRC2012_val_00028047.JPEG,n04458633,863,912,0.4502461,0,imagenet_c,defocus_blur,1,none
efficientnet_b4,ILSVRC2012_val_00029664.JPEG,n04458633,863,744,0.16410919,0,imagenet_c,defocus_blur,1,none
efficientnet_b4,ILSVRC2012_val_00030714.JPEG,n04458633,863,863,0.5557523,1,imagenet_c,defocus_blur,1,none
efficientnet_b4,ILSVRC2012_val_00033637.JPEG,n04458633,863,863,0.55048186,1,imagenet_c,defocus_blur,1,none
efficientnet_b4,ILSVRC2012_val_00035432.JPEG,n04458633,863,863,0.5205512,1,imagenet_c,defocus_blur,1,none
efficientnet_b4,ILSVRC2012_val_00036017.JPEG,n04458633,863,863,0.56488395,1,imagenet_c,defocus_blur,1,none
efficientnet_b4,ILSVRC2012_val_00036331.JPEG,n04458633,863,733,0.37463287,0,imagenet_c,defocus_blur,1,none
efficientnet_b4,ILSVRC2012_val_00036920.JPEG,n04458633,863,863,0.32011905,1,imagenet_c,defocus_blur,1,none
efficientnet_b4,ILSVRC2012_val_00038772.JPEG,n04458633,863,863,0.34618205,1,imagenet_c,defocus_blur,1,none
efficientnet_b4,ILSVRC2012_val_00039140.JPEG,n04458633,863,863,0.5472489,1,imagenet_c,defocus_blur,1,none
efficientnet_b4,ILSVRC2012_val_00039521.JPEG,n04458633,863,574,0.031268105,0,imagenet_c,defocus_blur,1,none
efficientnet_b4,ILSVRC2012_val_00039537.JPEG,n04458633,863,863,0.41865668,1,imagenet_c,defocus_blur,1,none
efficientnet_b4,ILSVRC2012_val_00040159.JPEG,n04458633,863,863,0.58787644,1,imagenet_c,defocus_blur,1,none
efficientnet_b4,ILSVRC2012_val_00040550.JPEG,n04458633,863,863,0.084148936,1,imagenet_c,defocus_blur,1,none
efficientnet_b4,ILSVRC2012_val_00040845.JPEG,n04458633,863,863,0.5421927,1,imagenet_c,defocus_blur,1,none
efficientnet_b4,ILSVRC2012_val_00041937.JPEG,n04458633,863,863,0.67151624,1,imagenet_c,defocus_blur,1,none
efficientnet_b4,ILSVRC2012_val_00044465.JPEG,n04458633,863,733,0.089742444,0,imagenet_c,defocus_blur,1,none
efficientnet_b4,ILSVRC2012_val_00046643.JPEG,n04458633,863,863,0.60696226,1,imagenet_c,defocus_blur,1,none
efficientnet_b4,ILSVRC2012_val_00047510.JPEG,n04458633,863,863,0.4402727,1,imagenet_c,defocus_blur,1,none
efficientnet_b4,ILSVRC2012_val_00048228.JPEG,n04458633,863,863,0.5076401,1,imagenet_c,defocus_blur,1,none
efficientnet_b4,ILSVRC2012_val_00048297.JPEG,n04458633,863,863,0.4685724,1,imagenet_c,defocus_blur,1,none
efficientnet_b4,ILSVRC2012_val_00048508.JPEG,n04458633,863,733,0.3498217,0,imagenet_c,defocus_blur,1,none
efficientnet_b4,ILSVRC2012_val_00049132.JPEG,n04458633,863,863,0.5511936,1,imagenet_c,defocus_blur,1,none
efficientnet_b4,ILSVRC2012_val_00000671.JPEG,n04461696,864,407,0.29621214,0,imagenet_c,defocus_blur,1,none
efficientnet_b4,ILSVRC2012_val_00002888.JPEG,n04461696,864,864,0.49087235,1,imagenet_c,defocus_blur,1,none
efficientnet_b4,ILSVRC2012_val_00004512.JPEG,n04461696,864,569,0.07589042,0,imagenet_c,defocus_blur,1,none
efficientnet_b4,ILSVRC2012_val_00007500.JPEG,n04461696,864,864,0.79363215,1,imagenet_c,defocus_blur,1,none
efficientnet_b4,ILSVRC2012_val_00007770.JPEG,n04461696,864,864,0.327934,1,imagenet_c,defocus_blur,1,none
efficientnet_b4,ILSVRC2012_val_00008483.JPEG,n04461696,864,867,0.3840872,0,imagenet_c,defocus_blur,1,none
efficientnet_b4,ILSVRC2012_val_00012703.JPEG,n04461696,864,864,0.3568017,1,imagenet_c,defocus_blur,1,none
efficientnet_b4,ILSVRC2012_val_00013149.JPEG,n04461696,864,660,0.07153221,0,imagenet_c,defocus_blur,1,none
efficientnet_b4,ILSVRC2012_val_00014036.JPEG,n04461696,864,864,0.460463,1,imagenet_c,defocus_blur,1,none
efficientnet_b4,ILSVRC2012_val_00016077.JPEG,n04461696,864,704,0.02223696,0,imagenet_c,defocus_blur,1,none
efficientnet_b4,ILSVRC2012_val_00016332.JPEG,n04461696,864,864,0.5317365,1,imagenet_c,defocus_blur,1,none
efficientnet_b4,ILSVRC2012_val_00016835.JPEG,n04461696,864,654,0.43744564,0,imagenet_c,defocus_blur,1,none
efficientnet_b4,ILSVRC2012_val_00020258.JPEG,n04461696,864,864,0.85746294,1,imagenet_c,defocus_blur,1,none
efficientnet_b4,ILSVRC2012_val_00021814.JPEG,n04461696,864,864,0.29635277,1,imagenet_c,defocus_blur,1,none
efficientnet_b4,ILSVRC2012_val_00021882.JPEG,n04461696,864,864,0.24403888,1,imagenet_c,defocus_blur,1,none
efficientnet_b4,ILSVRC2012_val_00022276.JPEG,n04461696,864,864,0.31964865,1,imagenet_c,defocus_blur,1,none
efficientnet_b4,ILSVRC2012_val_00022323.JPEG,n04461696,864,864,0.13374166,1,imagenet_c,defocus_blur,1,none
efficientnet_b4,ILSVRC2012_val_00022838.JPEG,n04461696,864,779,0.113928325,0,imagenet_c,defocus_blur,1,none
efficientnet_b4,ILSVRC2012_val_00023473.JPEG,n04461696,864,864,0.26253933,1,imagenet_c,defocus_blur,1,none
efficientnet_b4,ILSVRC2012_val_00025748.JPEG,n04461696,864,705,0.25753447,0,imagenet_c,defocus_blur,1,none
efficientnet_b4,ILSVRC2012_val_00026004.JPEG,n04461696,864,757,0.2207608,0,imagenet_c,defocus_blur,1,none
efficientnet_b4,ILSVRC2012_val_00026517.JPEG,n04461696,864,864,0.49407232,1,imagenet_c,defocus_blur,1,none
efficientnet_b4,ILSVRC2012_val_00027416.JPEG,n04461696,864,475,0.09413739,0,imagenet_c,defocus_blur,1,none
efficientnet_b4,ILSVRC2012_val_00027593.JPEG,n04461696,864,408,0.25370947,0,imagenet_c,defocus_blur,1,none
efficientnet_b4,ILSVRC2012_val_00027753.JPEG,n04461696,864,975,0.048708413,0,imagenet_c,defocus_blur,1,none
efficientnet_b4,ILSVRC2012_val_00028004.JPEG,n04461696,864,864,0.63566446,1,imagenet_c,defocus_blur,1,none
efficientnet_b4,ILSVRC2012_val_00028140.JPEG,n04461696,864,864,0.2211148,1,imagenet_c,defocus_blur,1,none
efficientnet_b4,ILSVRC2012_val_00028462.JPEG,n04461696,864,864,0.47960153,1,imagenet_c,defocus_blur,1,none
efficientnet_b4,ILSVRC2012_val_00029413.JPEG,n04461696,864,675,0.12151919,0,imagenet_c,defocus_blur,1,none
efficientnet_b4,ILSVRC2012_val_00031256.JPEG,n04461696,864,468,0.22090967,0,imagenet_c,defocus_blur,1,none
efficientnet_b4,ILSVRC2012_val_00031782.JPEG,n04461696,864,864,0.35734645,1,imagenet_c,defocus_blur,1,none
efficientnet_b4,ILSVRC2012_val_00033496.JPEG,n04461696,864,864,0.26636863,1,imagenet_c,defocus_blur,1,none
efficientnet_b4,ILSVRC2012_val_00039294.JPEG,n04461696,864,864,0.8235664,1,imagenet_c,defocus_blur,1,none
efficientnet_b4,ILSVRC2012_val_00039347.JPEG,n04461696,864,864,0.21112584,1,imagenet_c,defocus_blur,1,none
efficientnet_b4,ILSVRC2012_val_00039723.JPEG,n04461696,864,864,0.5584592,1,imagenet_c,defocus_blur,1,none
efficientnet_b4,ILSVRC2012_val_00040180.JPEG,n04461696,864,864,0.45140535,1,imagenet_c,defocus_blur,1,none
efficientnet_b4,ILSVRC2012_val_00040345.JPEG,n04461696,864,864,0.9350678,1,imagenet_c,defocus_blur,1,none
efficientnet_b4,ILSVRC2012_val_00041027.JPEG,n04461696,864,864,0.43854967,1,imagenet_c,defocus_blur,1,none
efficientnet_b4,ILSVRC2012_val_00041448.JPEG,n04461696,864,569,0.1246592,0,imagenet_c,defocus_blur,1,none
efficientnet_b4,ILSVRC2012_val_00042732.JPEG,n04461696,864,864,0.6133808,1,imagenet_c,defocus_blur,1,none
efficientnet_b4,ILSVRC2012_val_00045225.JPEG,n04461696,864,468,0.25918463,0,imagenet_c,defocus_blur,1,none
efficientnet_b4,ILSVRC2012_val_00046121.JPEG,n04461696,864,864,0.51759434,1,imagenet_c,defocus_blur,1,none
efficientnet_b4,ILSVRC2012_val_00046241.JPEG,n04461696,864,864,0.5050985,1,imagenet_c,defocus_blur,1,none
efficientnet_b4,ILSVRC2012_val_00046404.JPEG,n04461696,864,864,0.5009567,1,imagenet_c,defocus_blur,1,none
efficientnet_b4,ILSVRC2012_val_00046525.JPEG,n04461696,864,864,0.07231793,1,imagenet_c,defocus_blur,1,none
efficientnet_b4,ILSVRC2012_val_00046880.JPEG,n04461696,864,864,0.3463858,1,imagenet_c,defocus_blur,1,none
efficientnet_b4,ILSVRC2012_val_00046973.JPEG,n04461696,864,627,0.29295373,0,imagenet_c,defocus_blur,1,none
efficientnet_b4,ILSVRC2012_val_00047720.JPEG,n04461696,864,569,0.45986736,0,imagenet_c,defocus_blur,1,none
efficientnet_b4,ILSVRC2012_val_00048241.JPEG,n04461696,864,864,0.7624409,1,imagenet_c,defocus_blur,1,none
efficientnet_b4,ILSVRC2012_val_00049076.JPEG,n04461696,864,864,0.32278377,1,imagenet_c,defocus_blur,1,none
efficientnet_b4,ILSVRC2012_val_00000261.JPEG,n04462240,865,865,0.205374,1,imagenet_c,defocus_blur,1,none
efficientnet_b4,ILSVRC2012_val_00000579.JPEG,n04462240,865,255,0.03030475,0,imagenet_c,defocus_blur,1,none
efficientnet_b4,ILSVRC2012_val_00002610.JPEG,n04462240,865,917,0.04940595,0,imagenet_c,defocus_blur,1,none
efficientnet_b4,ILSVRC2012_val_00002632.JPEG,n04462240,865,496,0.037684076,0,imagenet_c,defocus_blur,1,none
efficientnet_b4,ILSVRC2012_val_00003394.JPEG,n04462240,865,865,0.5826521,1,imagenet_c,defocus_blur,1,none
efficientnet_b4,ILSVRC2012_val_00005472.JPEG,n04462240,865,865,0.766314,1,imagenet_c,defocus_blur,1,none
efficientnet_b4,ILSVRC2012_val_00006027.JPEG,n04462240,865,860,0.19130309,0,imagenet_c,defocus_blur,1,none
efficientnet_b4,ILSVRC2012_val_00006750.JPEG,n04462240,865,865,0.7087561,1,imagenet_c,defocus_blur,1,none
efficientnet_b4,ILSVRC2012_val_00006955.JPEG,n04462240,865,865,0.56768525,1,imagenet_c,defocus_blur,1,none
efficientnet_b4,ILSVRC2012_val_00006988.JPEG,n04462240,865,865,0.1969207,1,imagenet_c,defocus_blur,1,none
efficientnet_b4,ILSVRC2012_val_00007378.JPEG,n04462240,865,865,0.3351495,1,imagenet_c,defocus_blur,1,none
efficientnet_b4,ILSVRC2012_val_00008384.JPEG,n04462240,865,865,0.4160975,1,imagenet_c,defocus_blur,1,none
efficientnet_b4,ILSVRC2012_val_00008535.JPEG,n04462240,865,509,0.23557842,0,imagenet_c,defocus_blur,1,none
efficientnet_b4,ILSVRC2012_val_00009024.JPEG,n04462240,865,865,0.5181925,1,imagenet_c,defocus_blur,1,none
efficientnet_b4,ILSVRC2012_val_00011308.JPEG,n04462240,865,865,0.15590644,1,imagenet_c,defocus_blur,1,none
efficientnet_b4,ILSVRC2012_val_00012345.JPEG,n04462240,865,860,0.37114215,0,imagenet_c,defocus_blur,1,none
efficientnet_b4,ILSVRC2012_val_00014073.JPEG,n04462240,865,602,0.040836558,0,imagenet_c,defocus_blur,1,none
efficientnet_b4,ILSVRC2012_val_00014334.JPEG,n04462240,865,865,0.5003758,1,imagenet_c,defocus_blur,1,none
efficientnet_b4,ILSVRC2012_val_00014406.JPEG,n04462240,865,865,0.5516365,1,imagenet_c,defocus_blur,1,none
efficientnet_b4,ILSVRC2012_val_00016686.JPEG,n04462240,865,773,0.09292423,0,imagenet_c,defocus_blur,1,none
efficientnet_b4,ILSVRC2012_val_00017180.JPEG,n04462240,865,760,0.33928213,0,imagenet_c,defocus_blur,1,none
efficientnet_b4,ILSVRC2012_val_00017863.JPEG,n04462240,865,739,0.079403885,0,imagenet_c,defocus_blur,1,none
efficientnet_b4,ILSVRC2012_val_00018427.JPEG,n04462240,865,865,0.538116,1,imagenet_c,defocus_blur,1,none
efficientnet_b4,ILSVRC2012_val_00019896.JPEG,n04462240,865,865,0.39317483,1,imagenet_c,defocus_blur,1,none
efficientnet_b4,ILSVRC2012_val_00020760.JPEG,n04462240,865,865,0.1729276,1,imagenet_c,defocus_blur,1,none
efficientnet_b4,ILSVRC2012_val_00021008.JPEG,n04462240,865,971,0.05548384,0,imagenet_c,defocus_blur,1,none
efficientnet_b4,ILSVRC2012_val_00021403.JPEG,n04462240,865,860,0.1710269,0,imagenet_c,defocus_blur,1,none
efficientnet_b4,ILSVRC2012_val_00024775.JPEG,n04462240,865,865,0.6203591,1,imagenet_c,defocus_blur,1,none
efficientnet_b4,ILSVRC2012_val_00026073.JPEG,n04462240,865,865,0.45868102,1,imagenet_c,defocus_blur,1,none
efficientnet_b4,ILSVRC2012_val_00026920.JPEG,n04462240,865,865,0.21970639,1,imagenet_c,defocus_blur,1,none
efficientnet_b4,ILSVRC2012_val_00026961.JPEG,n04462240,865,865,0.6646014,1,imagenet_c,defocus_blur,1,none
efficientnet_b4,ILSVRC2012_val_00027030.JPEG,n04462240,865,582,0.13856581,0,imagenet_c,defocus_blur,1,none
efficientnet_b4,ILSVRC2012_val_00028483.JPEG,n04462240,865,670,0.08937164,0,imagenet_c,defocus_blur,1,none
efficientnet_b4,ILSVRC2012_val_00029129.JPEG,n04462240,865,582,0.26505867,0,imagenet_c,defocus_blur,1,none
efficientnet_b4,ILSVRC2012_val_00029745.JPEG,n04462240,865,865,0.30423403,1,imagenet_c,defocus_blur,1,none
efficientnet_b4,ILSVRC2012_val_00030975.JPEG,n04462240,865,865,0.51681,1,imagenet_c,defocus_blur,1,none
efficientnet_b4,ILSVRC2012_val_00031580.JPEG,n04462240,865,865,0.26340944,1,imagenet_c,defocus_blur,1,none
efficientnet_b4,ILSVRC2012_val_00031948.JPEG,n04462240,865,865,0.5394593,1,imagenet_c,defocus_blur,1,none
efficientnet_b4,ILSVRC2012_val_00035396.JPEG,n04462240,865,865,0.4600527,1,imagenet_c,defocus_blur,1,none
efficientnet_b4,ILSVRC2012_val_00040498.JPEG,n04462240,865,865,0.5679597,1,imagenet_c,defocus_blur,1,none
efficientnet_b4,ILSVRC2012_val_00040741.JPEG,n04462240,865,788,0.041483555,0,imagenet_c,defocus_blur,1,none
efficientnet_b4,ILSVRC2012_val_00041317.JPEG,n04462240,865,865,0.68726444,1,imagenet_c,defocus_blur,1,none
efficientnet_b4,ILSVRC2012_val_00042489.JPEG,n04462240,865,865,0.28715593,1,imagenet_c,defocus_blur,1,none
efficientnet_b4,ILSVRC2012_val_00042902.JPEG,n04462240,865,865,0.43814012,1,imagenet_c,defocus_blur,1,none
efficientnet_b4,ILSVRC2012_val_00043666.JPEG,n04462240,865,865,0.23572405,1,imagenet_c,defocus_blur,1,none
efficientnet_b4,ILSVRC2012_val_00045237.JPEG,n04462240,865,865,0.6962104,1,imagenet_c,defocus_blur,1,none
efficientnet_b4,ILSVRC2012_val_00045259.JPEG,n04462240,865,865,0.37222597,1,imagenet_c,defocus_blur,1,none
efficientnet_b4,ILSVRC2012_val_00045868.JPEG,n04462240,865,865,0.18737985,1,imagenet_c,defocus_blur,1,none
efficientnet_b4,ILSVRC2012_val_00046337.JPEG,n04462240,865,624,0.16278432,0,imagenet_c,defocus_blur,1,none
efficientnet_b4,ILSVRC2012_val_00046418.JPEG,n04462240,865,865,0.42184868,1,imagenet_c,defocus_blur,1,none
efficientnet_b4,ILSVRC2012_val_00000294.JPEG,n04465501,866,730,0.22126146,0,imagenet_c,defocus_blur,1,none
efficientnet_b4,ILSVRC2012_val_00000611.JPEG,n04465501,866,866,0.32729068,1,imagenet_c,defocus_blur,1,none
efficientnet_b4,ILSVRC2012_val_00003326.JPEG,n04465501,866,575,0.15012985,0,imagenet_c,defocus_blur,1,none
efficientnet_b4,ILSVRC2012_val_00004194.JPEG,n04465501,866,866,0.3871807,1,imagenet_c,defocus_blur,1,none
efficientnet_b4,ILSVRC2012_val_00004854.JPEG,n04465501,866,856,0.5554839,0,imagenet_c,defocus_blur,1,none
efficientnet_b4,ILSVRC2012_val_00007432.JPEG,n04465501,866,866,0.28117943,1,imagenet_c,defocus_blur,1,none
efficientnet_b4,ILSVRC2012_val_00008766.JPEG,n04465501,866,856,0.36310047,0,imagenet_c,defocus_blur,1,none
efficientnet_b4,ILSVRC2012_val_00009903.JPEG,n04465501,866,856,0.38467783,0,imagenet_c,defocus_blur,1,none
efficientnet_b4,ILSVRC2012_val_00009997.JPEG,n04465501,866,866,0.60532194,1,imagenet_c,defocus_blur,1,none
efficientnet_b4,ILSVRC2012_val_00011206.JPEG,n04465501,866,866,0.43500018,1,imagenet_c,defocus_blur,1,none
efficientnet_b4,ILSVRC2012_val_00012822.JPEG,n04465501,866,866,0.30901328,1,imagenet_c,defocus_blur,1,none
efficientnet_b4,ILSVRC2012_val_00013518.JPEG,n04465501,866,856,0.47061142,0,imagenet_c,defocus_blur,1,none
efficientnet_b4,ILSVRC2012_val_00014136.JPEG,n04465501,866,866,0.5893696,1,imagenet_c,defocus_blur,1,none
efficientnet_b4,ILSVRC2012_val_00015413.JPEG,n04465501,866,856,0.6171312,0,imagenet_c,defocus_blur,1,none
efficientnet_b4,ILSVRC2012_val_00017040.JPEG,n04465501,866,866,0.5794803,1,imagenet_c,defocus_blur,1,none
efficientnet_b4,ILSVRC2012_val_00019051.JPEG,n04465501,866,866,0.32107908,1,imagenet_c,defocus_blur,1,none
efficientnet_b4,ILSVRC2012_val_00020921.JPEG,n04465501,866,866,0.21393295,1,imagenet_c,defocus_blur,1,none
efficientnet_b4,ILSVRC2012_val_00020987.JPEG,n04465501,866,866,0.24489191,1,imagenet_c,defocus_blur,1,none
efficientnet_b4,ILSVRC2012_val_00021373.JPEG,n04465501,866,866,0.5612162,1,imagenet_c,defocus_blur,1,none
efficientnet_b4,ILSVRC2012_val_00024074.JPEG,n04465501,866,866,0.37044087,1,imagenet_c,defocus_blur,1,none
efficientnet_b4,ILSVRC2012_val_00024101.JPEG,n04465501,866,866,0.5483873,1,imagenet_c,defocus_blur,1,none
efficientnet_b4,ILSVRC2012_val_00025153.JPEG,n04465501,866,958,0.052960668,0,imagenet_c,defocus_blur,1,none
efficientnet_b4,ILSVRC2012_val_00025222.JPEG,n04465501,866,856,0.30931675,0,imagenet_c,defocus_blur,1,none
efficientnet_b4,ILSVRC2012_val_00025656.JPEG,n04465501,866,866,0.5602944,1,imagenet_c,defocus_blur,1,none
efficientnet_b4,ILSVRC2012_val_00025769.JPEG,n04465501,866,856,0.27295256,0,imagenet_c,defocus_blur,1,none
efficientnet_b4,ILSVRC2012_val_00026128.JPEG,n04465501,866,856,0.59700143,0,imagenet_c,defocus_blur,1,none
efficientnet_b4,ILSVRC2012_val_00027450.JPEG,n04465501,866,866,0.41456982,1,imagenet_c,defocus_blur,1,none
efficientnet_b4,ILSVRC2012_val_00027493.JPEG,n04465501,866,866,0.25819695,1,imagenet_c,defocus_blur,1,none
efficientnet_b4,ILSVRC2012_val_00027978.JPEG,n04465501,866,856,0.26875094,0,imagenet_c,defocus_blur,1,none
efficientnet_b4,ILSVRC2012_val_00028200.JPEG,n04465501,866,866,0.36325496,1,imagenet_c,defocus_blur,1,none
efficientnet_b4,ILSVRC2012_val_00028428.JPEG,n04465501,866,856,0.45775777,0,imagenet_c,defocus_blur,1,none
efficientnet_b4,ILSVRC2012_val_00030166.JPEG,n04465501,866,866,0.28374806,1,imagenet_c,defocus_blur,1,none
efficientnet_b4,ILSVRC2012_val_00030443.JPEG,n04465501,866,866,0.6312357,1,imagenet_c,defocus_blur,1,none
efficientnet_b4,ILSVRC2012_val_00030516.JPEG,n04465501,866,866,0.22976278,1,imagenet_c,defocus_blur,1,none
efficientnet_b4,ILSVRC2012_val_00030960.JPEG,n04465501,866,856,0.4272751,0,imagenet_c,defocus_blur,1,none
efficientnet_b4,ILSVRC2012_val_00034533.JPEG,n04465501,866,866,0.38717028,1,imagenet_c,defocus_blur,1,none
efficientnet_b4,ILSVRC2012_val_00035339.JPEG,n04465501,866,866,0.5106676,1,imagenet_c,defocus_blur,1,none
efficientnet_b4,ILSVRC2012_val_00035447.JPEG,n04465501,866,856,0.52809453,0,imagenet_c,defocus_blur,1,none
efficientnet_b4,ILSVRC2012_val_00035513.JPEG,n04465501,866,856,0.66150445,0,imagenet_c,defocus_blur,1,none
efficientnet_b4,ILSVRC2012_val_00035906.JPEG,n04465501,866,866,0.1609998,1,imagenet_c,defocus_blur,1,none
efficientnet_b4,ILSVRC2012_val_00038088.JPEG,n04465501,866,621,0.4836186,0,imagenet_c,defocus_blur,1,none
efficientnet_b4,ILSVRC2012_val_00038484.JPEG,n04465501,866,847,0.043005828,0,imagenet_c,defocus_blur,1,none
efficientnet_b4,ILSVRC2012_val_00039830.JPEG,n04465501,866,866,0.49112272,1,imagenet_c,defocus_blur,1,none
efficientnet_b4,ILSVRC2012_val_00039910.JPEG,n04465501,866,866,0.5045215,1,imagenet_c,defocus_blur,1,none
efficientnet_b4,ILSVRC2012_val_00041033.JPEG,n04465501,866,866,0.42367297,1,imagenet_c,defocus_blur,1,none
efficientnet_b4,ILSVRC2012_val_00041382.JPEG,n04465501,866,866,0.3613674,1,imagenet_c,defocus_blur,1,none
efficientnet_b4,ILSVRC2012_val_00042682.JPEG,n04465501,866,958,0.06060798,0,imagenet_c,defocus_blur,1,none
efficientnet_b4,ILSVRC2012_val_00043459.JPEG,n04465501,866,856,0.2989455,0,imagenet_c,defocus_blur,1,none
efficientnet_b4,ILSVRC2012_val_00048220.JPEG,n04465501,866,856,0.36190918,0,imagenet_c,defocus_blur,1,none
efficientnet_b4,ILSVRC2012_val_00049925.JPEG,n04465501,866,856,0.5247685,0,imagenet_c,defocus_blur,1,none
efficientnet_b4,ILSVRC2012_val_00000187.JPEG,n04467665,867,867,0.66739225,1,imagenet_c,defocus_blur,1,none
efficientnet_b4,ILSVRC2012_val_00000784.JPEG,n04467665,867,867,0.55516297,1,imagenet_c,defocus_blur,1,none
efficientnet_b4,ILSVRC2012_val_00001797.JPEG,n04467665,867,867,0.5184534,1,imagenet_c,defocus_blur,1,none
efficientnet_b4,ILSVRC2012_val_00002213.JPEG,n04467665,867,867,0.6170948,1,imagenet_c,defocus_blur,1,none
efficientnet_b4,ILSVRC2012_val_00003996.JPEG,n04467665,867,867,0.21340697,1,imagenet_c,defocus_blur,1,none
efficientnet_b4,ILSVRC2012_val_00005130.JPEG,n04467665,867,867,0.45071366,1,imagenet_c,defocus_blur,1,none
efficientnet_b4,ILSVRC2012_val_00008391.JPEG,n04467665,867,867,0.2203877,1,imagenet_c,defocus_blur,1,none
efficientnet_b4,ILSVRC2012_val_00010556.JPEG,n04467665,867,867,0.2604418,1,imagenet_c,defocus_blur,1,none
efficientnet_b4,ILSVRC2012_val_00010668.JPEG,n04467665,867,867,0.7004453,1,imagenet_c,defocus_blur,1,none
efficientnet_b4,ILSVRC2012_val_00011667.JPEG,n04467665,867,413,0.20205975,0,imagenet_c,defocus_blur,1,none
efficientnet_b4,ILSVRC2012_val_00013205.JPEG,n04467665,867,867,0.6159839,1,imagenet_c,defocus_blur,1,none
efficientnet_b4,ILSVRC2012_val_00013319.JPEG,n04467665,867,867,0.76754904,1,imagenet_c,defocus_blur,1,none
efficientnet_b4,ILSVRC2012_val_00014564.JPEG,n04467665,867,867,0.22958952,1,imagenet_c,defocus_blur,1,none
efficientnet_b4,ILSVRC2012_val_00014857.JPEG,n04467665,867,757,0.33042333,0,imagenet_c,defocus_blur,1,none
efficientnet_b4,ILSVRC2012_val_00015118.JPEG,n04467665,867,867,0.35237974,1,imagenet_c,defocus_blur,1,none
efficientnet_b4,ILSVRC2012_val_00015480.JPEG,n04467665,867,958,0.031038282,0,imagenet_c,defocus_blur,1,none
efficientnet_b4,ILSVRC2012_val_00015969.JPEG,n04467665,867,803,0.3752949,0,imagenet_c,defocus_blur,1,none
efficientnet_b4,ILSVRC2012_val_00016410.JPEG,n04467665,867,867,0.6632355,1,imagenet_c,defocus_blur,1,none
efficientnet_b4,ILSVRC2012_val_00018084.JPEG,n04467665,867,867,0.6868009,1,imagenet_c,defocus_blur,1,none
efficientnet_b4,ILSVRC2012_val_00018342.JPEG,n04467665,867,867,0.15716064,1,imagenet_c,defocus_blur,1,none
efficientnet_b4,ILSVRC2012_val_00018598.JPEG,n04467665,867,867,0.66641015,1,imagenet_c,defocus_blur,1,none
efficientnet_b4,ILSVRC2012_val_00018687.JPEG,n04467665,867,867,0.6066655,1,imagenet_c,defocus_blur,1,none
efficientnet_b4,ILSVRC2012_val_00019053.JPEG,n04467665,867,751,0.08038815,0,imagenet_c,defocus_blur,1,none
efficientnet_b4,ILSVRC2012_val_00021567.JPEG,n04467665,867,660,0.14121993,0,imagenet_c,defocus_blur,1,none
efficientnet_b4,ILSVRC2012_val_00025592.JPEG,n04467665,867,867,0.22858518,1,imagenet_c,defocus_blur,1,none
efficientnet_b4,ILSVRC2012_val_00025762.JPEG,n04467665,867,867,0.08260595,1,imagenet_c,defocus_blur,1,none
efficientnet_b4,ILSVRC2012_val_00028463.JPEG,n04467665,867,660,0.5232311,0,imagenet_c,defocus_blur,1,none
efficientnet_b4,ILSVRC2012_val_00029849.JPEG,n04467665,867,867,0.3837968,1,imagenet_c,defocus_blur,1,none
efficientnet_b4,ILSVRC2012_val_00029961.JPEG,n04467665,867,919,0.06617456,0,imagenet_c,defocus_blur,1,none
efficientnet_b4,ILSVRC2012_val_00030427.JPEG,n04467665,867,920,0.06323601,0,imagenet_c,defocus_blur,1,none
efficientnet_b4,ILSVRC2012_val_00030438.JPEG,n04467665,867,867,0.55508244,1,imagenet_c,defocus_blur,1,none
efficientnet_b4,ILSVRC2012_val_00030748.JPEG,n04467665,867,867,0.15991627,1,imagenet_c,defocus_blur,1,none
efficientnet_b4,ILSVRC2012_val_00032726.JPEG,n04467665,867,569,0.14640978,0,imagenet_c,defocus_blur,1,none
efficientnet_b4,ILSVRC2012_val_00032742.JPEG,n04467665,867,867,0.7526924,1,imagenet_c,defocus_blur,1,none
efficientnet_b4,ILSVRC2012_val_00033387.JPEG,n04467665,867,867,0.7344443,1,imagenet_c,defocus_blur,1,none
efficientnet_b4,ILSVRC2012_val_00033485.JPEG,n04467665,867,867,0.3300063,1,imagenet_c,defocus_blur,1,none
efficientnet_b4,ILSVRC2012_val_00033792.JPEG,n04467665,867,867,0.20720938,1,imagenet_c,defocus_blur,1,none
efficientnet_b4,ILSVRC2012_val_00034167.JPEG,n04467665,867,867,0.6322676,1,imagenet_c,defocus_blur,1,none
efficientnet_b4,ILSVRC2012_val_00035841.JPEG,n04467665,867,867,0.1939235,1,imagenet_c,defocus_blur,1,none
efficientnet_b4,ILSVRC2012_val_00038360.JPEG,n04467665,867,867,0.2534446,1,imagenet_c,defocus_blur,1,none
efficientnet_b4,ILSVRC2012_val_00038561.JPEG,n04467665,867,675,0.16283986,0,imagenet_c,defocus_blur,1,none
efficientnet_b4,ILSVRC2012_val_00041497.JPEG,n04467665,867,867,0.42742544,1,imagenet_c,defocus_blur,1,none
efficientnet_b4,ILSVRC2012_val_00041588.JPEG,n04467665,867,867,0.52758545,1,imagenet_c,defocus_blur,1,none
efficientnet_b4,ILSVRC2012_val_00044872.JPEG,n04467665,867,574,0.08452886,0,imagenet_c,defocus_blur,1,none
efficientnet_b4,ILSVRC2012_val_00045032.JPEG,n04467665,867,867,0.22833063,1,imagenet_c,defocus_blur,1,none
efficientnet_b4,ILSVRC2012_val_00045430.JPEG,n04467665,867,574,0.04515052,0,imagenet_c,defocus_blur,1,none
efficientnet_b4,ILSVRC2012_val_00045610.JPEG,n04467665,867,867,0.6484035,1,imagenet_c,defocus_blur,1,none
efficientnet_b4,ILSVRC2012_val_00045797.JPEG,n04467665,867,405,0.17728147,0,imagenet_c,defocus_blur,1,none
efficientnet_b4,ILSVRC2012_val_00046771.JPEG,n04467665,867,867,0.5921233,1,imagenet_c,defocus_blur,1,none
efficientnet_b4,ILSVRC2012_val_00049660.JPEG,n04467665,867,867,0.33966887,1,imagenet_c,defocus_blur,1,none
efficientnet_b4,ILSVRC2012_val_00000513.JPEG,n04476259,868,592,0.22495778,0,imagenet_c,defocus_blur,1,none
efficientnet_b4,ILSVRC2012_val_00000526.JPEG,n04476259,868,868,0.5034958,1,imagenet_c,defocus_blur,1,none
efficientnet_b4,ILSVRC2012_val_00000899.JPEG,n04476259,868,693,0.05103313,0,imagenet_c,defocus_blur,1,none
efficientnet_b4,ILSVRC2012_val_00002080.JPEG,n04476259,868,921,0.12766604,0,imagenet_c,defocus_blur,1,none
efficientnet_b4,ILSVRC2012_val_00002432.JPEG,n04476259,868,868,0.7825913,1,imagenet_c,defocus_blur,1,none
efficientnet_b4,ILSVRC2012_val_00002884.JPEG,n04476259,868,729,0.20824042,0,imagenet_c,defocus_blur,1,none
efficientnet_b4,ILSVRC2012_val_00003027.JPEG,n04476259,868,618,0.09326622,0,imagenet_c,defocus_blur,1,none
efficientnet_b4,ILSVRC2012_val_00003129.JPEG,n04476259,868,544,0.038883522,0,imagenet_c,defocus_blur,1,none
efficientnet_b4,ILSVRC2012_val_00003185.JPEG,n04476259,868,868,0.74146897,1,imagenet_c,defocus_blur,1,none
efficientnet_b4,ILSVRC2012_val_00004806.JPEG,n04476259,868,519,0.2039922,0,imagenet_c,defocus_blur,1,none
efficientnet_b4,ILSVRC2012_val_00005555.JPEG,n04476259,868,591,0.15616222,0,imagenet_c,defocus_blur,1,none
efficientnet_b4,ILSVRC2012_val_00006692.JPEG,n04476259,868,939,0.5194394,0,imagenet_c,defocus_blur,1,none
efficientnet_b4,ILSVRC2012_val_00007594.JPEG,n04476259,868,923,0.273558,0,imagenet_c,defocus_blur,1,none
efficientnet_b4,ILSVRC2012_val_00008708.JPEG,n04476259,868,709,0.3675676,0,imagenet_c,defocus_blur,1,none
efficientnet_b4,ILSVRC2012_val_00011105.JPEG,n04476259,868,868,0.14987127,1,imagenet_c,defocus_blur,1,none
efficientnet_b4,ILSVRC2012_val_00013317.JPEG,n04476259,868,868,0.31105945,1,imagenet_c,defocus_blur,1,none
efficientnet_b4,ILSVRC2012_val_00016798.JPEG,n04476259,868,868,0.26411235,1,imagenet_c,defocus_blur,1,none
efficientnet_b4,ILSVRC2012_val_00018364.JPEG,n04476259,868,868,0.21165296,1,imagenet_c,defocus_blur,1,none
efficientnet_b4,ILSVRC2012_val_00020099.JPEG,n04476259,868,635,0.17952572,0,imagenet_c,defocus_blur,1,none
efficientnet_b4,ILSVRC2012_val_00020114.JPEG,n04476259,868,891,0.2596844,0,imagenet_c,defocus_blur,1,none
efficientnet_b4,ILSVRC2012_val_00022286.JPEG,n04476259,868,923,0.32332236,0,imagenet_c,defocus_blur,1,none
efficientnet_b4,ILSVRC2012_val_00023818.JPEG,n04476259,868,666,0.09894388,0,imagenet_c,defocus_blur,1,none
efficientnet_b4,ILSVRC2012_val_00026249.JPEG,n04476259,868,635,0.18686377,0,imagenet_c,defocus_blur,1,none
efficientnet_b4,ILSVRC2012_val_00026857.JPEG,n04476259,868,868,0.051371876,1,imagenet_c,defocus_blur,1,none
efficientnet_b4,ILSVRC2012_val_00027040.JPEG,n04476259,868,868,0.23979524,1,imagenet_c,defocus_blur,1,none
efficientnet_b4,ILSVRC2012_val_00028790.JPEG,n04476259,868,868,0.5522597,1,imagenet_c,defocus_blur,1,none
efficientnet_b4,ILSVRC2012_val_00029260.JPEG,n04476259,868,455,0.44865397,0,imagenet_c,defocus_blur,1,none
efficientnet_b4,ILSVRC2012_val_00029985.JPEG,n04476259,868,868,0.058327325,1,imagenet_c,defocus_blur,1,none
efficientnet_b4,ILSVRC2012_val_00030784.JPEG,n04476259,868,927,0.4645739,0,imagenet_c,defocus_blur,1,none
efficientnet_b4,ILSVRC2012_val_00032312.JPEG,n04476259,868,868,0.27711907,1,imagenet_c,defocus_blur,1,none
efficientnet_b4,ILSVRC2012_val_00034309.JPEG,n04476259,868,868,0.20092244,1,imagenet_c,defocus_blur,1,none
efficientnet_b4,ILSVRC2012_val_00034739.JPEG,n04476259,868,868,0.095185064,1,imagenet_c,defocus_blur,1,none
efficientnet_b4,ILSVRC2012_val_00036870.JPEG,n04476259,868,868,0.1534157,1,imagenet_c,defocus_blur,1,none
efficientnet_b4,ILSVRC2012_val_00037098.JPEG,n04476259,868,868,0.15592043,1,imagenet_c,defocus_blur,1,none
efficientnet_b4,ILSVRC2012_val_00037691.JPEG,n04476259,868,868,0.17056514,1,imagenet_c,defocus_blur,1,none
efficientnet_b4,ILSVRC2012_val_00039255.JPEG,n04476259,868,868,0.111398034,1,imagenet_c,defocus_blur,1,none
efficientnet_b4,ILSVRC2012_val_00039614.JPEG,n04476259,868,709,0.061747927,0,imagenet_c,defocus_blur,1,none
efficientnet_b4,ILSVRC2012_val_00040292.JPEG,n04476259,868,868,0.110647425,1,imagenet_c,defocus_blur,1,none
efficientnet_b4,ILSVRC2012_val_00040391.JPEG,n04476259,868,746,0.45364964,0,imagenet_c,defocus_blur,1,none
efficientnet_b4,ILSVRC2012_val_00040453.JPEG,n04476259,868,455,0.109073,0,imagenet_c,defocus_blur,1,none
efficientnet_b4,ILSVRC2012_val_00041437.JPEG,n04476259,868,787,0.2444799,0,imagenet_c,defocus_blur,1,none
efficientnet_b4,ILSVRC2012_val_00041714.JPEG,n04476259,868,926,0.11206106,0,imagenet_c,defocus_blur,1,none
efficientnet_b4,ILSVRC2012_val_00042785.JPEG,n04476259,868,968,0.30781904,0,imagenet_c,defocus_blur,1,none
efficientnet_b4,ILSVRC2012_val_00045380.JPEG,n04476259,868,768,0.12032824,0,imagenet_c,defocus_blur,1,none
efficientnet_b4,ILSVRC2012_val_00045731.JPEG,n04476259,868,868,0.37858596,1,imagenet_c,defocus_blur,1,none
efficientnet_b4,ILSVRC2012_val_00048398.JPEG,n04476259,868,455,0.2141762,0,imagenet_c,defocus_blur,1,none
efficientnet_b4,ILSVRC2012_val_00049109.JPEG,n04476259,868,692,0.09599764,0,imagenet_c,defocus_blur,1,none
efficientnet_b4,ILSVRC2012_val_00049269.JPEG,n04476259,868,868,0.25018266,1,imagenet_c,defocus_blur,1,none
efficientnet_b4,ILSVRC2012_val_00049336.JPEG,n04476259,868,38,0.05129134,0,imagenet_c,defocus_blur,1,none
efficientnet_b4,ILSVRC2012_val_00049432.JPEG,n04476259,868,455,0.15014532,0,imagenet_c,defocus_blur,1,none
efficientnet_b4,ILSVRC2012_val_00000291.JPEG,n04479046,869,869,0.12263879,1,imagenet_c,defocus_blur,1,none
efficientnet_b4,ILSVRC2012_val_00004331.JPEG,n04479046,869,869,0.7322805,1,imagenet_c,defocus_blur,1,none
efficientnet_b4,ILSVRC2012_val_00004459.JPEG,n04479046,869,718,0.06309223,0,imagenet_c,defocus_blur,1,none
efficientnet_b4,ILSVRC2012_val_00004811.JPEG,n04479046,869,805,0.07352387,0,imagenet_c,defocus_blur,1,none
efficientnet_b4,ILSVRC2012_val_00006076.JPEG,n04479046,869,869,0.6701419,1,imagenet_c,defocus_blur,1,none
efficientnet_b4,ILSVRC2012_val_00006196.JPEG,n04479046,869,869,0.453673,1,imagenet_c,defocus_blur,1,none
efficientnet_b4,ILSVRC2012_val_00007996.JPEG,n04479046,869,869,0.1461164,1,imagenet_c,defocus_blur,1,none
efficientnet_b4,ILSVRC2012_val_00009797.JPEG,n04479046,869,444,0.30713075,0,imagenet_c,defocus_blur,1,none
efficientnet_b4,ILSVRC2012_val_00010483.JPEG,n04479046,869,701,0.34440777,0,imagenet_c,defocus_blur,1,none
efficientnet_b4,ILSVRC2012_val_00011814.JPEG,n04479046,869,915,0.22144398,0,imagenet_c,defocus_blur,1,none
efficientnet_b4,ILSVRC2012_val_00012561.JPEG,n04479046,869,869,0.21871307,1,imagenet_c,defocus_blur,1,none
efficientnet_b4,ILSVRC2012_val_00014563.JPEG,n04479046,869,869,0.6599375,1,imagenet_c,defocus_blur,1,none
efficientnet_b4,ILSVRC2012_val_00014627.JPEG,n04479046,869,869,0.7582918,1,imagenet_c,defocus_blur,1,none
efficientnet_b4,ILSVRC2012_val_00017335.JPEG,n04479046,869,869,0.59665155,1,imagenet_c,defocus_blur,1,none
efficientnet_b4,ILSVRC2012_val_00018282.JPEG,n04479046,869,869,0.7889682,1,imagenet_c,defocus_blur,1,none
efficientnet_b4,ILSVRC2012_val_00018547.JPEG,n04479046,869,400,0.40494952,0,imagenet_c,defocus_blur,1,none
efficientnet_b4,ILSVRC2012_val_00019853.JPEG,n04479046,869,869,0.7584078,1,imagenet_c,defocus_blur,1,none
efficientnet_b4,ILSVRC2012_val_00019995.JPEG,n04479046,869,869,0.24344058,1,imagenet_c,defocus_blur,1,none
efficientnet_b4,ILSVRC2012_val_00020277.JPEG,n04479046,869,834,0.122359954,0,imagenet_c,defocus_blur,1,none
efficientnet_b4,ILSVRC2012_val_00020672.JPEG,n04479046,869,834,0.03234933,0,imagenet_c,defocus_blur,1,none
efficientnet_b4,ILSVRC2012_val_00021687.JPEG,n04479046,869,399,0.041259144,0,imagenet_c,defocus_blur,1,none
efficientnet_b4,ILSVRC2012_val_00023579.JPEG,n04479046,869,869,0.12501684,1,imagenet_c,defocus_blur,1,none
efficientnet_b4,ILSVRC2012_val_00024006.JPEG,n04479046,869,869,0.6737164,1,imagenet_c,defocus_blur,1,none
efficientnet_b4,ILSVRC2012_val_00026268.JPEG,n04479046,869,869,0.71507,1,imagenet_c,defocus_blur,1,none
efficientnet_b4,ILSVRC2012_val_00026699.JPEG,n04479046,869,978,0.09568911,0,imagenet_c,defocus_blur,1,none
efficientnet_b4,ILSVRC2012_val_00026708.JPEG,n04479046,869,869,0.6626784,1,imagenet_c,defocus_blur,1,none
efficientnet_b4,ILSVRC2012_val_00026753.JPEG,n04479046,869,808,0.066739544,0,imagenet_c,defocus_blur,1,none
efficientnet_b4,ILSVRC2012_val_00026891.JPEG,n04479046,869,869,0.34852535,1,imagenet_c,defocus_blur,1,none
efficientnet_b4,ILSVRC2012_val_00026998.JPEG,n04479046,869,869,0.7649336,1,imagenet_c,defocus_blur,1,none
efficientnet_b4,ILSVRC2012_val_00027430.JPEG,n04479046,869,830,0.08235751,0,imagenet_c,defocus_blur,1,none
efficientnet_b4,ILSVRC2012_val_00029051.JPEG,n04479046,869,869,0.67314047,1,imagenet_c,defocus_blur,1,none
efficientnet_b4,ILSVRC2012_val_00030063.JPEG,n04479046,869,869,0.48352563,1,imagenet_c,defocus_blur,1,none
efficientnet_b4,ILSVRC2012_val_00030947.JPEG,n04479046,869,568,0.08850164,0,imagenet_c,defocus_blur,1,none
efficientnet_b4,ILSVRC2012_val_00031804.JPEG,n04479046,869,869,0.33277124,1,imagenet_c,defocus_blur,1,none
efficientnet_b4,ILSVRC2012_val_00033237.JPEG,n04479046,869,869,0.32661238,1,imagenet_c,defocus_blur,1,none
efficientnet_b4,ILSVRC2012_val_00033748.JPEG,n04479046,869,879,0.7488425,0,imagenet_c,defocus_blur,1,none
efficientnet_b4,ILSVRC2012_val_00034180.JPEG,n04479046,869,869,0.80731606,1,imagenet_c,defocus_blur,1,none
efficientnet_b4,ILSVRC2012_val_00035271.JPEG,n04479046,869,834,0.06423886,0,imagenet_c,defocus_blur,1,none
efficientnet_b4,ILSVRC2012_val_00035477.JPEG,n04479046,869,869,0.5872631,1,imagenet_c,defocus_blur,1,none
efficientnet_b4,ILSVRC2012_val_00037129.JPEG,n04479046,869,465,0.11860861,0,imagenet_c,defocus_blur,1,none
efficientnet_b4,ILSVRC2012_val_00037612.JPEG,n04479046,869,836,0.09531284,0,imagenet_c,defocus_blur,1,none
efficientnet_b4,ILSVRC2012_val_00038352.JPEG,n04479046,869,869,0.60162807,1,imagenet_c,defocus_blur,1,none
efficientnet_b4,ILSVRC2012_val_00038353.JPEG,n04479046,869,869,0.62327904,1,imagenet_c,defocus_blur,1,none
efficientnet_b4,ILSVRC2012_val_00038958.JPEG,n04479046,869,869,0.6436266,1,imagenet_c,defocus_blur,1,none
efficientnet_b4,ILSVRC2012_val_00040300.JPEG,n04479046,869,834,0.26002952,0,imagenet_c,defocus_blur,1,none
efficientnet_b4,ILSVRC2012_val_00041995.JPEG,n04479046,869,399,0.071637586,0,imagenet_c,defocus_blur,1,none
efficientnet_b4,ILSVRC2012_val_00043734.JPEG,n04479046,869,608,0.17150813,0,imagenet_c,defocus_blur,1,none
efficientnet_b4,ILSVRC2012_val_00043741.JPEG,n04479046,869,869,0.38334373,1,imagenet_c,defocus_blur,1,none
efficientnet_b4,ILSVRC2012_val_00047064.JPEG,n04479046,869,399,0.5129525,0,imagenet_c,defocus_blur,1,none
efficientnet_b4,ILSVRC2012_val_00049537.JPEG,n04479046,869,702,0.34171185,0,imagenet_c,defocus_blur,1,none
efficientnet_b4,ILSVRC2012_val_00000069.JPEG,n04482393,870,870,0.7278157,1,imagenet_c,defocus_blur,1,none
efficientnet_b4,ILSVRC2012_val_00001342.JPEG,n04482393,870,870,0.5805522,1,imagenet_c,defocus_blur,1,none
efficientnet_b4,ILSVRC2012_val_00002897.JPEG,n04482393,870,665,0.16782859,0,imagenet_c,defocus_blur,1,none
efficientnet_b4,ILSVRC2012_val_00002942.JPEG,n04482393,870,870,0.7213239,1,imagenet_c,defocus_blur,1,none
efficientnet_b4,ILSVRC2012_val_00005167.JPEG,n04482393,870,870,0.5243754,1,imagenet_c,defocus_blur,1,none
efficientnet_b4,ILSVRC2012_val_00005329.JPEG,n04482393,870,870,0.40128556,1,imagenet_c,defocus_blur,1,none
efficientnet_b4,ILSVRC2012_val_00007936.JPEG,n04482393,870,870,0.318348,1,imagenet_c,defocus_blur,1,none
efficientnet_b4,ILSVRC2012_val_00008141.JPEG,n04482393,870,870,0.56052756,1,imagenet_c,defocus_blur,1,none
efficientnet_b4,ILSVRC2012_val_00008268.JPEG,n04482393,870,801,0.3050302,0,imagenet_c,defocus_blur,1,none
efficientnet_b4,ILSVRC2012_val_00008387.JPEG,n04482393,870,870,0.5850495,1,imagenet_c,defocus_blur,1,none
efficientnet_b4,ILSVRC2012_val_00008823.JPEG,n04482393,870,870,0.12888293,1,imagenet_c,defocus_blur,1,none
efficientnet_b4,ILSVRC2012_val_00009027.JPEG,n04482393,870,870,0.8929386,1,imagenet_c,defocus_blur,1,none
efficientnet_b4,ILSVRC2012_val_00010362.JPEG,n04482393,870,870,0.5931987,1,imagenet_c,defocus_blur,1,none
efficientnet_b4,ILSVRC2012_val_00012442.JPEG,n04482393,870,870,0.31702015,1,imagenet_c,defocus_blur,1,none
efficientnet_b4,ILSVRC2012_val_00012701.JPEG,n04482393,870,870,0.07621073,1,imagenet_c,defocus_blur,1,none
efficientnet_b4,ILSVRC2012_val_00013099.JPEG,n04482393,870,870,0.44570923,1,imagenet_c,defocus_blur,1,none
efficientnet_b4,ILSVRC2012_val_00013119.JPEG,n04482393,870,870,0.5773565,1,imagenet_c,defocus_blur,1,none
efficientnet_b4,ILSVRC2012_val_00014052.JPEG,n04482393,870,870,0.8268053,1,imagenet_c,defocus_blur,1,none
efficientnet_b4,ILSVRC2012_val_00016774.JPEG,n04482393,870,870,0.21286856,1,imagenet_c,defocus_blur,1,none
efficientnet_b4,ILSVRC2012_val_00016915.JPEG,n04482393,870,870,0.41632843,1,imagenet_c,defocus_blur,1,none
efficientnet_b4,ILSVRC2012_val_00020297.JPEG,n04482393,870,870,0.52422714,1,imagenet_c,defocus_blur,1,none
efficientnet_b4,ILSVRC2012_val_00023808.JPEG,n04482393,870,870,0.2361659,1,imagenet_c,defocus_blur,1,none
efficientnet_b4,ILSVRC2012_val_00024878.JPEG,n04482393,870,870,0.70135623,1,imagenet_c,defocus_blur,1,none
efficientnet_b4,ILSVRC2012_val_00025736.JPEG,n04482393,870,870,0.5630436,1,imagenet_c,defocus_blur,1,none
efficientnet_b4,ILSVRC2012_val_00025759.JPEG,n04482393,870,870,0.12552875,1,imagenet_c,defocus_blur,1,none
efficientnet_b4,ILSVRC2012_val_00025771.JPEG,n04482393,870,870,0.5528037,1,imagenet_c,defocus_blur,1,none
efficientnet_b4,ILSVRC2012_val_00029138.JPEG,n04482393,870,870,0.5785839,1,imagenet_c,defocus_blur,1,none
efficientnet_b4,ILSVRC2012_val_00029194.JPEG,n04482393,870,870,0.67793316,1,imagenet_c,defocus_blur,1,none
efficientnet_b4,ILSVRC2012_val_00029793.JPEG,n04482393,870,870,0.15262143,1,imagenet_c,defocus_blur,1,none
efficientnet_b4,ILSVRC2012_val_00029905.JPEG,n04482393,870,870,0.58411497,1,imagenet_c,defocus_blur,1,none
efficientnet_b4,ILSVRC2012_val_00030514.JPEG,n04482393,870,444,0.18353365,0,imagenet_c,defocus_blur,1,none
efficientnet_b4,ILSVRC2012_val_00030879.JPEG,n04482393,870,671,0.20266867,0,imagenet_c,defocus_blur,1,none
efficientnet_b4,ILSVRC2012_val_00034783.JPEG,n04482393,870,870,0.76419765,1,imagenet_c,defocus_blur,1,none
efficientnet_b4,ILSVRC2012_val_00036090.JPEG,n04482393,870,870,0.7777072,1,imagenet_c,defocus_blur,1,none
efficientnet_b4,ILSVRC2012_val_00036906.JPEG,n04482393,870,870,0.6716402,1,imagenet_c,defocus_blur,1,none
efficientnet_b4,ILSVRC2012_val_00037043.JPEG,n04482393,870,870,0.511562,1,imagenet_c,defocus_blur,1,none
efficientnet_b4,ILSVRC2012_val_00037716.JPEG,n04482393,870,870,0.49975055,1,imagenet_c,defocus_blur,1,none
efficientnet_b4,ILSVRC2012_val_00038027.JPEG,n04482393,870,870,0.7032382,1,imagenet_c,defocus_blur,1,none
efficientnet_b4,ILSVRC2012_val_00038399.JPEG,n04482393,870,870,0.63715506,1,imagenet_c,defocus_blur,1,none
efficientnet_b4,ILSVRC2012_val_00039950.JPEG,n04482393,870,870,0.6651094,1,imagenet_c,defocus_blur,1,none
efficientnet_b4,ILSVRC2012_val_00040065.JPEG,n04482393,870,870,0.15276457,1,imagenet_c,defocus_blur,1,none
efficientnet_b4,ILSVRC2012_val_00041594.JPEG,n04482393,870,870,0.274476,1,imagenet_c,defocus_blur,1,none
efficientnet_b4,ILSVRC2012_val_00041940.JPEG,n04482393,870,634,0.17140359,0,imagenet_c,defocus_blur,1,none
efficientnet_b4,ILSVRC2012_val_00041965.JPEG,n04482393,870,870,0.6615944,1,imagenet_c,defocus_blur,1,none
efficientnet_b4,ILSVRC2012_val_00042298.JPEG,n04482393,870,870,0.11564514,1,imagenet_c,defocus_blur,1,none
efficientnet_b4,ILSVRC2012_val_00043028.JPEG,n04482393,870,870,0.8282664,1,imagenet_c,defocus_blur,1,none
efficientnet_b4,ILSVRC2012_val_00043685.JPEG,n04482393,870,444,0.12179837,0,imagenet_c,defocus_blur,1,none
efficientnet_b4,ILSVRC2012_val_00044823.JPEG,n04482393,870,612,0.7961939,0,imagenet_c,defocus_blur,1,none
efficientnet_b4,ILSVRC2012_val_00049567.JPEG,n04482393,870,870,0.40058503,1,imagenet_c,defocus_blur,1,none
efficientnet_b4,ILSVRC2012_val_00049583.JPEG,n04482393,870,870,0.12673856,1,imagenet_c,defocus_blur,1,none
efficientnet_b4,ILSVRC2012_val_00001519.JPEG,n04483307,871,871,0.3085088,1,imagenet_c,defocus_blur,1,none
efficientnet_b4,ILSVRC2012_val_00002094.JPEG,n04483307,871,871,0.4996636,1,imagenet_c,defocus_blur,1,none
efficientnet_b4,ILSVRC2012_val_00005196.JPEG,n04483307,871,871,0.28975007,1,imagenet_c,defocus_blur,1,none
efficientnet_b4,ILSVRC2012_val_00005581.JPEG,n04483307,871,871,0.7327013,1,imagenet_c,defocus_blur,1,none
efficientnet_b4,ILSVRC2012_val_00005883.JPEG,n04483307,871,871,0.42122737,1,imagenet_c,defocus_blur,1,none
efficientnet_b4,ILSVRC2012_val_00006371.JPEG,n04483307,871,871,0.21978247,1,imagenet_c,defocus_blur,1,none
efficientnet_b4,ILSVRC2012_val_00007832.JPEG,n04483307,871,871,0.29132164,1,imagenet_c,defocus_blur,1,none
efficientnet_b4,ILSVRC2012_val_00008577.JPEG,n04483307,871,871,0.53727937,1,imagenet_c,defocus_blur,1,none
efficientnet_b4,ILSVRC2012_val_00009241.JPEG,n04483307,871,871,0.2353656,1,imagenet_c,defocus_blur,1,none
efficientnet_b4,ILSVRC2012_val_00012323.JPEG,n04483307,871,871,0.40629387,1,imagenet_c,defocus_blur,1,none
efficientnet_b4,ILSVRC2012_val_00013014.JPEG,n04483307,871,871,0.5504613,1,imagenet_c,defocus_blur,1,none
efficientnet_b4,ILSVRC2012_val_00013203.JPEG,n04483307,871,871,0.57740223,1,imagenet_c,defocus_blur,1,none
efficientnet_b4,ILSVRC2012_val_00013389.JPEG,n04483307,871,871,0.5207241,1,imagenet_c,defocus_blur,1,none
efficientnet_b4,ILSVRC2012_val_00013464.JPEG,n04483307,871,871,0.29933333,1,imagenet_c,defocus_blur,1,none
efficientnet_b4,ILSVRC2012_val_00014691.JPEG,n04483307,871,484,0.22445267,0,imagenet_c,defocus_blur,1,none
efficientnet_b4,ILSVRC2012_val_00016022.JPEG,n04483307,871,871,0.29694617,1,imagenet_c,defocus_blur,1,none
efficientnet_b4,ILSVRC2012_val_00017663.JPEG,n04483307,871,484,0.27075467,0,imagenet_c,defocus_blur,1,none
efficientnet_b4,ILSVRC2012_val_00017755.JPEG,n04483307,871,871,0.06316791,1,imagenet_c,defocus_blur,1,none
efficientnet_b4,ILSVRC2012_val_00017840.JPEG,n04483307,871,871,0.1235752,1,imagenet_c,defocus_blur,1,none
efficientnet_b4,ILSVRC2012_val_00019354.JPEG,n04483307,871,871,0.585746,1,imagenet_c,defocus_blur,1,none
efficientnet_b4,ILSVRC2012_val_00019577.JPEG,n04483307,871,871,0.3575761,1,imagenet_c,defocus_blur,1,none
efficientnet_b4,ILSVRC2012_val_00020248.JPEG,n04483307,871,871,0.3560966,1,imagenet_c,defocus_blur,1,none
efficientnet_b4,ILSVRC2012_val_00021050.JPEG,n04483307,871,871,0.4980761,1,imagenet_c,defocus_blur,1,none
efficientnet_b4,ILSVRC2012_val_00022507.JPEG,n04483307,871,871,0.43980673,1,imagenet_c,defocus_blur,1,none
efficientnet_b4,ILSVRC2012_val_00025024.JPEG,n04483307,871,871,0.5345578,1,imagenet_c,defocus_blur,1,none
efficientnet_b4,ILSVRC2012_val_00027411.JPEG,n04483307,871,871,0.74027675,1,imagenet_c,defocus_blur,1,none
efficientnet_b4,ILSVRC2012_val_00027782.JPEG,n04483307,871,484,0.33035305,0,imagenet_c,defocus_blur,1,none
efficientnet_b4,ILSVRC2012_val_00028013.JPEG,n04483307,871,871,0.37446082,1,imagenet_c,defocus_blur,1,none
efficientnet_b4,ILSVRC2012_val_00028262.JPEG,n04483307,871,871,0.39800978,1,imagenet_c,defocus_blur,1,none
efficientnet_b4,ILSVRC2012_val_00028995.JPEG,n04483307,871,871,0.7077821,1,imagenet_c,defocus_blur,1,none
efficientnet_b4,ILSVRC2012_val_00029529.JPEG,n04483307,871,871,0.5942537,1,imagenet_c,defocus_blur,1,none
efficientnet_b4,ILSVRC2012_val_00032321.JPEG,n04483307,871,871,0.47606987,1,imagenet_c,defocus_blur,1,none
efficientnet_b4,ILSVRC2012_val_00033339.JPEG,n04483307,871,871,0.8354977,1,imagenet_c,defocus_blur,1,none
efficientnet_b4,ILSVRC2012_val_00034885.JPEG,n04483307,871,814,0.09042874,0,imagenet_c,defocus_blur,1,none
efficientnet_b4,ILSVRC2012_val_00035056.JPEG,n04483307,871,871,0.15328938,1,imagenet_c,defocus_blur,1,none
efficientnet_b4,ILSVRC2012_val_00035852.JPEG,n04483307,871,871,0.7050094,1,imagenet_c,defocus_blur,1,none
efficientnet_b4,ILSVRC2012_val_00035945.JPEG,n04483307,871,871,0.11905918,1,imagenet_c,defocus_blur,1,none
efficientnet_b4,ILSVRC2012_val_00037667.JPEG,n04483307,871,871,0.3034447,1,imagenet_c,defocus_blur,1,none
efficientnet_b4,ILSVRC2012_val_00038451.JPEG,n04483307,871,871,0.50563455,1,imagenet_c,defocus_blur,1,none
efficientnet_b4,ILSVRC2012_val_00038739.JPEG,n04483307,871,871,0.23897526,1,imagenet_c,defocus_blur,1,none
efficientnet_b4,ILSVRC2012_val_00038907.JPEG,n04483307,871,484,0.48800337,0,imagenet_c,defocus_blur,1,none
efficientnet_b4,ILSVRC2012_val_00040034.JPEG,n04483307,871,871,0.4365301,1,imagenet_c,defocus_blur,1,none
efficientnet_b4,ILSVRC2012_val_00040333.JPEG,n04483307,871,871,0.7194309,1,imagenet_c,defocus_blur,1,none
efficientnet_b4,ILSVRC2012_val_00040719.JPEG,n04483307,871,871,0.63138115,1,imagenet_c,defocus_blur,1,none
efficientnet_b4,ILSVRC2012_val_00043834.JPEG,n04483307,871,871,0.58911806,1,imagenet_c,defocus_blur,1,none
efficientnet_b4,ILSVRC2012_val_00044985.JPEG,n04483307,871,871,0.76213765,1,imagenet_c,defocus_blur,1,none
efficientnet_b4,ILSVRC2012_val_00045574.JPEG,n04483307,871,405,0.4596992,0,imagenet_c,defocus_blur,1,none
efficientnet_b4,ILSVRC2012_val_00048457.JPEG,n04483307,871,871,0.237863,1,imagenet_c,defocus_blur,1,none
efficientnet_b4,ILSVRC2012_val_00049433.JPEG,n04483307,871,871,0.23750645,1,imagenet_c,defocus_blur,1,none
efficientnet_b4,ILSVRC2012_val_00049859.JPEG,n04483307,871,871,0.72594714,1,imagenet_c,defocus_blur,1,none
efficientnet_b4,ILSVRC2012_val_00000059.JPEG,n04485082,872,872,0.69555146,1,imagenet_c,defocus_blur,1,none
efficientnet_b4,ILSVRC2012_val_00000103.JPEG,n04485082,872,872,0.646045,1,imagenet_c,defocus_blur,1,none
efficientnet_b4,ILSVRC2012_val_00000955.JPEG,n04485082,872,872,0.22295266,1,imagenet_c,defocus_blur,1,none
efficientnet_b4,ILSVRC2012_val_00001409.JPEG,n04485082,872,843,0.2159014,0,imagenet_c,defocus_blur,1,none
efficientnet_b4,ILSVRC2012_val_00001547.JPEG,n04485082,872,872,0.22891344,1,imagenet_c,defocus_blur,1,none
efficientnet_b4,ILSVRC2012_val_00002455.JPEG,n04485082,872,872,0.5536056,1,imagenet_c,defocus_blur,1,none
efficientnet_b4,ILSVRC2012_val_00003849.JPEG,n04485082,872,523,0.607158,0,imagenet_c,defocus_blur,1,none
efficientnet_b4,ILSVRC2012_val_00005584.JPEG,n04485082,872,872,0.3512729,1,imagenet_c,defocus_blur,1,none
efficientnet_b4,ILSVRC2012_val_00008143.JPEG,n04485082,872,872,0.24373041,1,imagenet_c,defocus_blur,1,none
efficientnet_b4,ILSVRC2012_val_00008473.JPEG,n04485082,872,872,0.50918436,1,imagenet_c,defocus_blur,1,none
efficientnet_b4,ILSVRC2012_val_00009017.JPEG,n04485082,872,872,0.37597808,1,imagenet_c,defocus_blur,1,none
efficientnet_b4,ILSVRC2012_val_00009669.JPEG,n04485082,872,899,0.08658057,0,imagenet_c,defocus_blur,1,none
efficientnet_b4,ILSVRC2012_val_00011069.JPEG,n04485082,872,522,0.20275463,0,imagenet_c,defocus_blur,1,none
efficientnet_b4,ILSVRC2012_val_00011731.JPEG,n04485082,872,872,0.46549395,1,imagenet_c,defocus_blur,1,none
efficientnet_b4,ILSVRC2012_val_00012918.JPEG,n04485082,872,872,0.191624,1,imagenet_c,defocus_blur,1,none
efficientnet_b4,ILSVRC2012_val_00012993.JPEG,n04485082,872,872,0.5826507,1,imagenet_c,defocus_blur,1,none
efficientnet_b4,ILSVRC2012_val_00015283.JPEG,n04485082,872,872,0.5026647,1,imagenet_c,defocus_blur,1,none
efficientnet_b4,ILSVRC2012_val_00017603.JPEG,n04485082,872,677,0.08769779,0,imagenet_c,defocus_blur,1,none
efficientnet_b4,ILSVRC2012_val_00018704.JPEG,n04485082,872,872,0.2883715,1,imagenet_c,defocus_blur,1,none
efficientnet_b4,ILSVRC2012_val_00022298.JPEG,n04485082,872,872,0.24579339,1,imagenet_c,defocus_blur,1,none
efficientnet_b4,ILSVRC2012_val_00022346.JPEG,n04485082,872,872,0.5866227,1,imagenet_c,defocus_blur,1,none
efficientnet_b4,ILSVRC2012_val_00024709.JPEG,n04485082,872,872,0.7028092,1,imagenet_c,defocus_blur,1,none
efficientnet_b4,ILSVRC2012_val_00024877.JPEG,n04485082,872,477,0.7001198,0,imagenet_c,defocus_blur,1,none
efficientnet_b4,ILSVRC2012_val_00025643.JPEG,n04485082,872,872,0.26790836,1,imagenet_c,defocus_blur,1,none
efficientnet_b4,ILSVRC2012_val_00027718.JPEG,n04485082,872,650,0.39589295,0,imagenet_c,defocus_blur,1,none
efficientnet_b4,ILSVRC2012_val_00028886.JPEG,n04485082,872,872,0.3907841,1,imagenet_c,defocus_blur,1,none
efficientnet_b4,ILSVRC2012_val_00030643.JPEG,n04485082,872,541,0.086145364,0,imagenet_c,defocus_blur,1,none
efficientnet_b4,ILSVRC2012_val_00033169.JPEG,n04485082,872,872,0.5144557,1,imagenet_c,defocus_blur,1,none
efficientnet_b4,ILSVRC2012_val_00033425.JPEG,n04485082,872,872,0.16360447,1,imagenet_c,defocus_blur,1,none
efficientnet_b4,ILSVRC2012_val_00033750.JPEG,n04485082,872,759,0.529221,0,imagenet_c,defocus_blur,1,none
efficientnet_b4,ILSVRC2012_val_00035926.JPEG,n04485082,872,872,0.39641106,1,imagenet_c,defocus_blur,1,none
efficientnet_b4,ILSVRC2012_val_00036032.JPEG,n04485082,872,442,0.26261833,0,imagenet_c,defocus_blur,1,none
efficientnet_b4,ILSVRC2012_val_00036322.JPEG,n04485082,872,872,0.6527457,1,imagenet_c,defocus_blur,1,none
efficientnet_b4,ILSVRC2012_val_00037374.JPEG,n04485082,872,872,0.5194413,1,imagenet_c,defocus_blur,1,none
efficientnet_b4,ILSVRC2012_val_00038787.JPEG,n04485082,872,872,0.23082891,1,imagenet_c,defocus_blur,1,none
efficientnet_b4,ILSVRC2012_val_00039663.JPEG,n04485082,872,523,0.19050398,0,imagenet_c,defocus_blur,1,none
efficientnet_b4,ILSVRC2012_val_00039923.JPEG,n04485082,872,477,0.28978217,0,imagenet_c,defocus_blur,1,none
efficientnet_b4,ILSVRC2012_val_00041731.JPEG,n04485082,872,872,0.45405638,1,imagenet_c,defocus_blur,1,none
efficientnet_b4,ILSVRC2012_val_00042037.JPEG,n04485082,872,872,0.6241027,1,imagenet_c,defocus_blur,1,none
efficientnet_b4,ILSVRC2012_val_00042052.JPEG,n04485082,872,872,0.65733814,1,imagenet_c,defocus_blur,1,none
efficientnet_b4,ILSVRC2012_val_00042551.JPEG,n04485082,872,872,0.24135523,1,imagenet_c,defocus_blur,1,none
efficientnet_b4,ILSVRC2012_val_00043853.JPEG,n04485082,872,872,0.42972255,1,imagenet_c,defocus_blur,1,none
efficientnet_b4,ILSVRC2012_val_00044164.JPEG,n04485082,872,872,0.41380304,1,imagenet_c,defocus_blur,1,none
efficientnet_b4,ILSVRC2012_val_00044667.JPEG,n04485082,872,872,0.43169045,1,imagenet_c,defocus_blur,1,none
efficientnet_b4,ILSVRC2012_val_00048712.JPEG,n04485082,872,872,0.45665002,1,imagenet_c,defocus_blur,1,none
efficientnet_b4,ILSVRC2012_val_00049028.JPEG,n04485082,872,872,0.4247664,1,imagenet_c,defocus_blur,1,none
efficientnet_b4,ILSVRC2012_val_00049256.JPEG,n04485082,872,872,0.42297897,1,imagenet_c,defocus_blur,1,none
efficientnet_b4,ILSVRC2012_val_00049564.JPEG,n04485082,872,872,0.31334803,1,imagenet_c,defocus_blur,1,none
efficientnet_b4,ILSVRC2012_val_00049728.JPEG,n04485082,872,872,0.74373406,1,imagenet_c,defocus_blur,1,none
efficientnet_b4,ILSVRC2012_val_00049983.JPEG,n04485082,872,872,0.2815092,1,imagenet_c,defocus_blur,1,none
efficientnet_b4,ILSVRC2012_val_00001325.JPEG,n04486054,873,873,0.52606493,1,imagenet_c,defocus_blur,1,none
efficientnet_b4,ILSVRC2012_val_00002790.JPEG,n04486054,873,663,0.28991327,0,imagenet_c,defocus_blur,1,none
efficientnet_b4,ILSVRC2012_val_00003226.JPEG,n04486054,873,873,0.3464287,1,imagenet_c,defocus_blur,1,none
efficientnet_b4,ILSVRC2012_val_00004200.JPEG,n04486054,873,873,0.52948487,1,imagenet_c,defocus_blur,1,none
efficientnet_b4,ILSVRC2012_val_00005235.JPEG,n04486054,873,873,0.42598546,1,imagenet_c,defocus_blur,1,none
efficientnet_b4,ILSVRC2012_val_00005385.JPEG,n04486054,873,873,0.55094373,1,imagenet_c,defocus_blur,1,none
efficientnet_b4,ILSVRC2012_val_00005976.JPEG,n04486054,873,873,0.63242835,1,imagenet_c,defocus_blur,1,none
efficientnet_b4,ILSVRC2012_val_00006912.JPEG,n04486054,873,873,0.46871555,1,imagenet_c,defocus_blur,1,none
efficientnet_b4,ILSVRC2012_val_00007766.JPEG,n04486054,873,873,0.3626365,1,imagenet_c,defocus_blur,1,none
efficientnet_b4,ILSVRC2012_val_00010210.JPEG,n04486054,873,873,0.30192807,1,imagenet_c,defocus_blur,1,none
efficientnet_b4,ILSVRC2012_val_00010914.JPEG,n04486054,873,873,0.40001237,1,imagenet_c,defocus_blur,1,none
efficientnet_b4,ILSVRC2012_val_00012142.JPEG,n04486054,873,873,0.3381317,1,imagenet_c,defocus_blur,1,none
efficientnet_b4,ILSVRC2012_val_00012412.JPEG,n04486054,873,873,0.62758493,1,imagenet_c,defocus_blur,1,none
efficientnet_b4,ILSVRC2012_val_00012653.JPEG,n04486054,873,873,0.5822693,1,imagenet_c,defocus_blur,1,none
efficientnet_b4,ILSVRC2012_val_00013196.JPEG,n04486054,873,873,0.71843374,1,imagenet_c,defocus_blur,1,none
efficientnet_b4,ILSVRC2012_val_00014238.JPEG,n04486054,873,663,0.56314296,0,imagenet_c,defocus_blur,1,none
efficientnet_b4,ILSVRC2012_val_00015485.JPEG,n04486054,873,873,0.5190797,1,imagenet_c,defocus_blur,1,none
efficientnet_b4,ILSVRC2012_val_00018987.JPEG,n04486054,873,873,0.5088419,1,imagenet_c,defocus_blur,1,none
efficientnet_b4,ILSVRC2012_val_00019704.JPEG,n04486054,873,873,0.61510295,1,imagenet_c,defocus_blur,1,none
efficientnet_b4,ILSVRC2012_val_00021089.JPEG,n04486054,873,873,0.18823972,1,imagenet_c,defocus_blur,1,none
efficientnet_b4,ILSVRC2012_val_00022120.JPEG,n04486054,873,422,0.037433766,0,imagenet_c,defocus_blur,1,none
efficientnet_b4,ILSVRC2012_val_00024306.JPEG,n04486054,873,873,0.5418104,1,imagenet_c,defocus_blur,1,none
efficientnet_b4,ILSVRC2012_val_00024450.JPEG,n04486054,873,873,0.59705615,1,imagenet_c,defocus_blur,1,none
efficientnet_b4,ILSVRC2012_val_00025155.JPEG,n04486054,873,873,0.50917065,1,imagenet_c,defocus_blur,1,none
efficientnet_b4,ILSVRC2012_val_00025313.JPEG,n04486054,873,148,0.078040846,0,imagenet_c,defocus_blur,1,none
efficientnet_b4,ILSVRC2012_val_00026430.JPEG,n04486054,873,873,0.69691414,1,imagenet_c,defocus_blur,1,none
efficientnet_b4,ILSVRC2012_val_00026676.JPEG,n04486054,873,873,0.550687,1,imagenet_c,defocus_blur,1,none
efficientnet_b4,ILSVRC2012_val_00027183.JPEG,n04486054,873,698,0.19632721,0,imagenet_c,defocus_blur,1,none
efficientnet_b4,ILSVRC2012_val_00027420.JPEG,n04486054,873,884,0.15775211,0,imagenet_c,defocus_blur,1,none
efficientnet_b4,ILSVRC2012_val_00028357.JPEG,n04486054,873,873,0.3934913,1,imagenet_c,defocus_blur,1,none
efficientnet_b4,ILSVRC2012_val_00028421.JPEG,n04486054,873,873,0.47231397,1,imagenet_c,defocus_blur,1,none
efficientnet_b4,ILSVRC2012_val_00029473.JPEG,n04486054,873,873,0.48172766,1,imagenet_c,defocus_blur,1,none
efficientnet_b4,ILSVRC2012_val_00030164.JPEG,n04486054,873,873,0.17190088,1,imagenet_c,defocus_blur,1,none
efficientnet_b4,ILSVRC2012_val_00030486.JPEG,n04486054,873,873,0.6285937,1,imagenet_c,defocus_blur,1,none
efficientnet_b4,ILSVRC2012_val_00030634.JPEG,n04486054,873,873,0.6243068,1,imagenet_c,defocus_blur,1,none
efficientnet_b4,ILSVRC2012_val_00031751.JPEG,n04486054,873,873,0.5528832,1,imagenet_c,defocus_blur,1,none
efficientnet_b4,ILSVRC2012_val_00031791.JPEG,n04486054,873,873,0.54286987,1,imagenet_c,defocus_blur,1,none
efficientnet_b4,ILSVRC2012_val_00035081.JPEG,n04486054,873,873,0.46365017,1,imagenet_c,defocus_blur,1,none
efficientnet_b4,ILSVRC2012_val_00038003.JPEG,n04486054,873,873,0.3187834,1,imagenet_c,defocus_blur,1,none
efficientnet_b4,ILSVRC2012_val_00040446.JPEG,n04486054,873,873,0.51060903,1,imagenet_c,defocus_blur,1,none
efficientnet_b4,ILSVRC2012_val_00043357.JPEG,n04486054,873,873,0.42607522,1,imagenet_c,defocus_blur,1,none
efficientnet_b4,ILSVRC2012_val_00043868.JPEG,n04486054,873,873,0.49589235,1,imagenet_c,defocus_blur,1,none
efficientnet_b4,ILSVRC2012_val_00044806.JPEG,n04486054,873,873,0.5420398,1,imagenet_c,defocus_blur,1,none
efficientnet_b4,ILSVRC2012_val_00045748.JPEG,n04486054,873,873,0.36300442,1,imagenet_c,defocus_blur,1,none
efficientnet_b4,ILSVRC2012_val_00046244.JPEG,n04486054,873,873,0.121803544,1,imagenet_c,defocus_blur,1,none
efficientnet_b4,ILSVRC2012_val_00046605.JPEG,n04486054,873,698,0.072818555,0,imagenet_c,defocus_blur,1,none
efficientnet_b4,ILSVRC2012_val_00047183.JPEG,n04486054,873,663,0.5699091,0,imagenet_c,defocus_blur,1,none
efficientnet_b4,ILSVRC2012_val_00047821.JPEG,n04486054,873,873,0.5147618,1,imagenet_c,defocus_blur,1,none
efficientnet_b4,ILSVRC2012_val_00049668.JPEG,n04486054,873,873,0.37230393,1,imagenet_c,defocus_blur,1,none
efficientnet_b4,ILSVRC2012_val_00049807.JPEG,n04486054,873,873,0.2929301,1,imagenet_c,defocus_blur,1,none
efficientnet_b4,ILSVRC2012_val_00000573.JPEG,n04487081,874,874,0.3700316,1,imagenet_c,defocus_blur,1,none
efficientnet_b4,ILSVRC2012_val_00000795.JPEG,n04487081,874,874,0.3004079,1,imagenet_c,defocus_blur,1,none
efficientnet_b4,ILSVRC2012_val_00000833.JPEG,n04487081,874,874,0.25189734,1,imagenet_c,defocus_blur,1,none
efficientnet_b4,ILSVRC2012_val_00001673.JPEG,n04487081,874,874,0.3143908,1,imagenet_c,defocus_blur,1,none
efficientnet_b4,ILSVRC2012_val_00002146.JPEG,n04487081,874,874,0.36752257,1,imagenet_c,defocus_blur,1,none
efficientnet_b4,ILSVRC2012_val_00004090.JPEG,n04487081,874,874,0.40439415,1,imagenet_c,defocus_blur,1,none
efficientnet_b4,ILSVRC2012_val_00004490.JPEG,n04487081,874,874,0.40428758,1,imagenet_c,defocus_blur,1,none
efficientnet_b4,ILSVRC2012_val_00005140.JPEG,n04487081,874,874,0.6201226,1,imagenet_c,defocus_blur,1,none
efficientnet_b4,ILSVRC2012_val_00006998.JPEG,n04487081,874,874,0.31441617,1,imagenet_c,defocus_blur,1,none
efficientnet_b4,ILSVRC2012_val_00007142.JPEG,n04487081,874,874,0.4365122,1,imagenet_c,defocus_blur,1,none
efficientnet_b4,ILSVRC2012_val_00007540.JPEG,n04487081,874,874,0.41407183,1,imagenet_c,defocus_blur,1,none
efficientnet_b4,ILSVRC2012_val_00008004.JPEG,n04487081,874,874,0.2758186,1,imagenet_c,defocus_blur,1,none
efficientnet_b4,ILSVRC2012_val_00008255.JPEG,n04487081,874,874,0.48881376,1,imagenet_c,defocus_blur,1,none
efficientnet_b4,ILSVRC2012_val_00010609.JPEG,n04487081,874,874,0.46550176,1,imagenet_c,defocus_blur,1,none
efficientnet_b4,ILSVRC2012_val_00010937.JPEG,n04487081,874,874,0.34810442,1,imagenet_c,defocus_blur,1,none
efficientnet_b4,ILSVRC2012_val_00011148.JPEG,n04487081,874,874,0.49168682,1,imagenet_c,defocus_blur,1,none
efficientnet_b4,ILSVRC2012_val_00011451.JPEG,n04487081,874,874,0.41259733,1,imagenet_c,defocus_blur,1,none
efficientnet_b4,ILSVRC2012_val_00011625.JPEG,n04487081,874,874,0.45521855,1,imagenet_c,defocus_blur,1,none
efficientnet_b4,ILSVRC2012_val_00011711.JPEG,n04487081,874,705,0.6932306,0,imagenet_c,defocus_blur,1,none
efficientnet_b4,ILSVRC2012_val_00014513.JPEG,n04487081,874,874,0.4287981,1,imagenet_c,defocus_blur,1,none
efficientnet_b4,ILSVRC2012_val_00015700.JPEG,n04487081,874,874,0.2640186,1,imagenet_c,defocus_blur,1,none
efficientnet_b4,ILSVRC2012_val_00021054.JPEG,n04487081,874,705,0.38503516,0,imagenet_c,defocus_blur,1,none
efficientnet_b4,ILSVRC2012_val_00021141.JPEG,n04487081,874,779,0.25695258,0,imagenet_c,defocus_blur,1,none
efficientnet_b4,ILSVRC2012_val_00022513.JPEG,n04487081,874,874,0.44212475,1,imagenet_c,defocus_blur,1,none
efficientnet_b4,ILSVRC2012_val_00023784.JPEG,n04487081,874,874,0.47176403,1,imagenet_c,defocus_blur,1,none
efficientnet_b4,ILSVRC2012_val_00024596.JPEG,n04487081,874,874,0.42987314,1,imagenet_c,defocus_blur,1,none
efficientnet_b4,ILSVRC2012_val_00026497.JPEG,n04487081,874,874,0.46623752,1,imagenet_c,defocus_blur,1,none
efficientnet_b4,ILSVRC2012_val_00026651.JPEG,n04487081,874,874,0.41289648,1,imagenet_c,defocus_blur,1,none
efficientnet_b4,ILSVRC2012_val_00027480.JPEG,n04487081,874,874,0.33791772,1,imagenet_c,defocus_blur,1,none
efficientnet_b4,ILSVRC2012_val_00029213.JPEG,n04487081,874,874,0.36744642,1,imagenet_c,defocus_blur,1,none
efficientnet_b4,ILSVRC2012_val_00030760.JPEG,n04487081,874,874,0.07991835,1,imagenet_c,defocus_blur,1,none
efficientnet_b4,ILSVRC2012_val_00031329.JPEG,n04487081,874,874,0.26332062,1,imagenet_c,defocus_blur,1,none
efficientnet_b4,ILSVRC2012_val_00032183.JPEG,n04487081,874,874,0.52497405,1,imagenet_c,defocus_blur,1,none
efficientnet_b4,ILSVRC2012_val_00033342.JPEG,n04487081,874,874,0.3823046,1,imagenet_c,defocus_blur,1,none
efficientnet_b4,ILSVRC2012_val_00034640.JPEG,n04487081,874,874,0.45563918,1,imagenet_c,defocus_blur,1,none
efficientnet_b4,ILSVRC2012_val_00034724.JPEG,n04487081,874,874,0.45822802,1,imagenet_c,defocus_blur,1,none
efficientnet_b4,ILSVRC2012_val_00037100.JPEG,n04487081,874,874,0.3697949,1,imagenet_c,defocus_blur,1,none
efficientnet_b4,ILSVRC2012_val_00038949.JPEG,n04487081,874,874,0.5396616,1,imagenet_c,defocus_blur,1,none
efficientnet_b4,ILSVRC2012_val_00039548.JPEG,n04487081,874,874,0.30936575,1,imagenet_c,defocus_blur,1,none
efficientnet_b4,ILSVRC2012_val_00040746.JPEG,n04487081,874,705,0.39174208,0,imagenet_c,defocus_blur,1,none
efficientnet_b4,ILSVRC2012_val_00040823.JPEG,n04487081,874,874,0.31690872,1,imagenet_c,defocus_blur,1,none
efficientnet_b4,ILSVRC2012_val_00041413.JPEG,n04487081,874,874,0.26033098,1,imagenet_c,defocus_blur,1,none
efficientnet_b4,ILSVRC2012_val_00042214.JPEG,n04487081,874,874,0.5272116,1,imagenet_c,defocus_blur,1,none
efficientnet_b4,ILSVRC2012_val_00042445.JPEG,n04487081,874,874,0.43336737,1,imagenet_c,defocus_blur,1,none
efficientnet_b4,ILSVRC2012_val_00042680.JPEG,n04487081,874,874,0.5481128,1,imagenet_c,defocus_blur,1,none
efficientnet_b4,ILSVRC2012_val_00043561.JPEG,n04487081,874,874,0.4572193,1,imagenet_c,defocus_blur,1,none
efficientnet_b4,ILSVRC2012_val_00043686.JPEG,n04487081,874,874,0.5651422,1,imagenet_c,defocus_blur,1,none
efficientnet_b4,ILSVRC2012_val_00044849.JPEG,n04487081,874,874,0.45298398,1,imagenet_c,defocus_blur,1,none
efficientnet_b4,ILSVRC2012_val_00047730.JPEG,n04487081,874,874,0.34603694,1,imagenet_c,defocus_blur,1,none
efficientnet_b4,ILSVRC2012_val_00049241.JPEG,n04487081,874,874,0.45131403,1,imagenet_c,defocus_blur,1,none
efficientnet_b4,ILSVRC2012_val_00000146.JPEG,n04487394,875,513,0.23865971,0,imagenet_c,defocus_blur,1,none
efficientnet_b4,ILSVRC2012_val_00000479.JPEG,n04487394,875,731,0.06211376,0,imagenet_c,defocus_blur,1,none
efficientnet_b4,ILSVRC2012_val_00000555.JPEG,n04487394,875,875,0.3608698,1,imagenet_c,defocus_blur,1,none
efficientnet_b4,ILSVRC2012_val_00001321.JPEG,n04487394,875,875,0.57789075,1,imagenet_c,defocus_blur,1,none
efficientnet_b4,ILSVRC2012_val_00005309.JPEG,n04487394,875,875,0.5270362,1,imagenet_c,defocus_blur,1,none
efficientnet_b4,ILSVRC2012_val_00005962.JPEG,n04487394,875,862,0.02797985,0,imagenet_c,defocus_blur,1,none
efficientnet_b4,ILSVRC2012_val_00006413.JPEG,n04487394,875,875,0.49896628,1,imagenet_c,defocus_blur,1,none
efficientnet_b4,ILSVRC2012_val_00007362.JPEG,n04487394,875,875,0.7966441,1,imagenet_c,defocus_blur,1,none
efficientnet_b4,ILSVRC2012_val_00007492.JPEG,n04487394,875,875,0.6146808,1,imagenet_c,defocus_blur,1,none
efficientnet_b4,ILSVRC2012_val_00007914.JPEG,n04487394,875,875,0.6277166,1,imagenet_c,defocus_blur,1,none
efficientnet_b4,ILSVRC2012_val_00010269.JPEG,n04487394,875,875,0.7674583,1,imagenet_c,defocus_blur,1,none
efficientnet_b4,ILSVRC2012_val_00012290.JPEG,n04487394,875,432,0.14075181,0,imagenet_c,defocus_blur,1,none
efficientnet_b4,ILSVRC2012_val_00012692.JPEG,n04487394,875,875,0.3911581,1,imagenet_c,defocus_blur,1,none
efficientnet_b4,ILSVRC2012_val_00012766.JPEG,n04487394,875,875,0.18507507,1,imagenet_c,defocus_blur,1,none
efficientnet_b4,ILSVRC2012_val_00013134.JPEG,n04487394,875,513,0.21168831,0,imagenet_c,defocus_blur,1,none
efficientnet_b4,ILSVRC2012_val_00013844.JPEG,n04487394,875,875,0.5336046,1,imagenet_c,defocus_blur,1,none
efficientnet_b4,ILSVRC2012_val_00016009.JPEG,n04487394,875,546,0.10443718,0,imagenet_c,defocus_blur,1,none
efficientnet_b4,ILSVRC2012_val_00016735.JPEG,n04487394,875,875,0.52783835,1,imagenet_c,defocus_blur,1,none
efficientnet_b4,ILSVRC2012_val_00017424.JPEG,n04487394,875,875,0.3726067,1,imagenet_c,defocus_blur,1,none
efficientnet_b4,ILSVRC2012_val_00018346.JPEG,n04487394,875,822,0.49879947,0,imagenet_c,defocus_blur,1,none
efficientnet_b4,ILSVRC2012_val_00018527.JPEG,n04487394,875,819,0.38514814,0,imagenet_c,defocus_blur,1,none
efficientnet_b4,ILSVRC2012_val_00020259.JPEG,n04487394,875,513,0.36450946,0,imagenet_c,defocus_blur,1,none
efficientnet_b4,ILSVRC2012_val_00020911.JPEG,n04487394,875,865,0.06518083,0,imagenet_c,defocus_blur,1,none
efficientnet_b4,ILSVRC2012_val_00022331.JPEG,n04487394,875,875,0.08145883,1,imagenet_c,defocus_blur,1,none
efficientnet_b4,ILSVRC2012_val_00025175.JPEG,n04487394,875,875,0.31928846,1,imagenet_c,defocus_blur,1,none
efficientnet_b4,ILSVRC2012_val_00025357.JPEG,n04487394,875,875,0.4791633,1,imagenet_c,defocus_blur,1,none
efficientnet_b4,ILSVRC2012_val_00026281.JPEG,n04487394,875,875,0.64962524,1,imagenet_c,defocus_blur,1,none
efficientnet_b4,ILSVRC2012_val_00027297.JPEG,n04487394,875,819,0.12701333,0,imagenet_c,defocus_blur,1,none
efficientnet_b4,ILSVRC2012_val_00027975.JPEG,n04487394,875,513,0.23272024,0,imagenet_c,defocus_blur,1,none
efficientnet_b4,ILSVRC2012_val_00028418.JPEG,n04487394,875,875,0.75060993,1,imagenet_c,defocus_blur,1,none
efficientnet_b4,ILSVRC2012_val_00028953.JPEG,n04487394,875,875,0.50119436,1,imagenet_c,defocus_blur,1,none
efficientnet_b4,ILSVRC2012_val_00029268.JPEG,n04487394,875,439,0.24463642,0,imagenet_c,defocus_blur,1,none
efficientnet_b4,ILSVRC2012_val_00029358.JPEG,n04487394,875,875,0.6818327,1,imagenet_c,defocus_blur,1,none
efficientnet_b4,ILSVRC2012_val_00029366.JPEG,n04487394,875,439,0.098421365,0,imagenet_c,defocus_blur,1,none
efficientnet_b4,ILSVRC2012_val_00029574.JPEG,n04487394,875,875,0.37445065,1,imagenet_c,defocus_blur,1,none
efficientnet_b4,ILSVRC2012_val_00029969.JPEG,n04487394,875,875,0.8482587,1,imagenet_c,defocus_blur,1,none
efficientnet_b4,ILSVRC2012_val_00030894.JPEG,n04487394,875,875,0.793048,1,imagenet_c,defocus_blur,1,none
efficientnet_b4,ILSVRC2012_val_00033048.JPEG,n04487394,875,875,0.6662423,1,imagenet_c,defocus_blur,1,none
efficientnet_b4,ILSVRC2012_val_00033068.JPEG,n04487394,875,875,0.39132732,1,imagenet_c,defocus_blur,1,none
efficientnet_b4,ILSVRC2012_val_00033205.JPEG,n04487394,875,875,0.1606474,1,imagenet_c,defocus_blur,1,none
efficientnet_b4,ILSVRC2012_val_00034253.JPEG,n04487394,875,513,0.43138015,0,imagenet_c,defocus_blur,1,none
efficientnet_b4,ILSVRC2012_val_00036346.JPEG,n04487394,875,875,0.69847804,1,imagenet_c,defocus_blur,1,none
efficientnet_b4,ILSVRC2012_val_00037551.JPEG,n04487394,875,875,0.60499805,1,imagenet_c,defocus_blur,1,none
efficientnet_b4,ILSVRC2012_val_00038802.JPEG,n04487394,875,875,0.5875918,1,imagenet_c,defocus_blur,1,none
efficientnet_b4,ILSVRC2012_val_00041246.JPEG,n04487394,875,776,0.06909547,0,imagenet_c,defocus_blur,1,none
efficientnet_b4,ILSVRC2012_val_00044033.JPEG,n04487394,875,513,0.22601452,0,imagenet_c,defocus_blur,1,none
efficientnet_b4,ILSVRC2012_val_00044627.JPEG,n04487394,875,805,0.10935192,0,imagenet_c,defocus_blur,1,none
efficientnet_b4,ILSVRC2012_val_00045716.JPEG,n04487394,875,513,0.09414177,0,imagenet_c,defocus_blur,1,none
efficientnet_b4,ILSVRC2012_val_00048169.JPEG,n04487394,875,875,0.5181828,1,imagenet_c,defocus_blur,1,none
efficientnet_b4,ILSVRC2012_val_00049208.JPEG,n04487394,875,870,0.06056439,0,imagenet_c,defocus_blur,1,none
efficientnet_b4,ILSVRC2012_val_00000874.JPEG,n04493381,876,648,0.13267983,0,imagenet_c,defocus_blur,1,none
efficientnet_b4,ILSVRC2012_val_00003580.JPEG,n04493381,876,706,0.23708436,0,imagenet_c,defocus_blur,1,none
efficientnet_b4,ILSVRC2012_val_00006781.JPEG,n04493381,876,435,0.08999743,0,imagenet_c,defocus_blur,1,none
efficientnet_b4,ILSVRC2012_val_00008574.JPEG,n04493381,876,435,0.34017396,0,imagenet_c,defocus_blur,1,none
efficientnet_b4,ILSVRC2012_val_00008932.JPEG,n04493381,876,435,0.20303442,0,imagenet_c,defocus_blur,1,none
efficientnet_b4,ILSVRC2012_val_00009561.JPEG,n04493381,876,876,0.25286543,1,imagenet_c,defocus_blur,1,none
efficientnet_b4,ILSVRC2012_val_00009864.JPEG,n04493381,876,902,0.2850009,0,imagenet_c,defocus_blur,1,none
efficientnet_b4,ILSVRC2012_val_00010293.JPEG,n04493381,876,435,0.25801715,0,imagenet_c,defocus_blur,1,none
efficientnet_b4,ILSVRC2012_val_00012077.JPEG,n04493381,876,544,0.1565074,0,imagenet_c,defocus_blur,1,none
efficientnet_b4,ILSVRC2012_val_00013218.JPEG,n04493381,876,842,0.21276106,0,imagenet_c,defocus_blur,1,none
efficientnet_b4,ILSVRC2012_val_00014421.JPEG,n04493381,876,435,0.21914186,0,imagenet_c,defocus_blur,1,none
efficientnet_b4,ILSVRC2012_val_00015101.JPEG,n04493381,876,428,0.091123275,0,imagenet_c,defocus_blur,1,none
efficientnet_b4,ILSVRC2012_val_00015609.JPEG,n04493381,876,876,0.072076805,1,imagenet_c,defocus_blur,1,none
efficientnet_b4,ILSVRC2012_val_00015843.JPEG,n04493381,876,876,0.36161333,1,imagenet_c,defocus_blur,1,none
efficientnet_b4,ILSVRC2012_val_00017340.JPEG,n04493381,876,444,0.05079188,0,imagenet_c,defocus_blur,1,none
efficientnet_b4,ILSVRC2012_val_00018399.JPEG,n04493381,876,876,0.47940722,1,imagenet_c,defocus_blur,1,none
efficientnet_b4,ILSVRC2012_val_00018795.JPEG,n04493381,876,435,0.25096366,0,imagenet_c,defocus_blur,1,none
efficientnet_b4,ILSVRC2012_val_00020768.JPEG,n04493381,876,435,0.2649801,0,imagenet_c,defocus_blur,1,none
efficientnet_b4,ILSVRC2012_val_00021949.JPEG,n04493381,876,876,0.20736325,1,imagenet_c,defocus_blur,1,none
efficientnet_b4,ILSVRC2012_val_00025239.JPEG,n04493381,876,689,0.12104609,0,imagenet_c,defocus_blur,1,none
efficientnet_b4,ILSVRC2012_val_00025823.JPEG,n04493381,876,756,0.12363985,0,imagenet_c,defocus_blur,1,none
efficientnet_b4,ILSVRC2012_val_00026655.JPEG,n04493381,876,514,0.14177276,0,imagenet_c,defocus_blur,1,none
efficientnet_b4,ILSVRC2012_val_00027916.JPEG,n04493381,876,435,0.3200684,0,imagenet_c,defocus_blur,1,none
efficientnet_b4,ILSVRC2012_val_00028127.JPEG,n04493381,876,689,0.45542282,0,imagenet_c,defocus_blur,1,none
efficientnet_b4,ILSVRC2012_val_00031080.JPEG,n04493381,876,876,0.10837091,1,imagenet_c,defocus_blur,1,none
efficientnet_b4,ILSVRC2012_val_00031207.JPEG,n04493381,876,876,0.2504927,1,imagenet_c,defocus_blur,1,none
efficientnet_b4,ILSVRC2012_val_00032144.JPEG,n04493381,876,435,0.08377449,0,imagenet_c,defocus_blur,1,none
efficientnet_b4,ILSVRC2012_val_00032523.JPEG,n04493381,876,435,0.4245878,0,imagenet_c,defocus_blur,1,none
efficientnet_b4,ILSVRC2012_val_00033123.JPEG,n04493381,876,876,0.31805083,1,imagenet_c,defocus_blur,1,none
efficientnet_b4,ILSVRC2012_val_00033197.JPEG,n04493381,876,529,0.22587064,0,imagenet_c,defocus_blur,1,none
efficientnet_b4,ILSVRC2012_val_00034164.JPEG,n04493381,876,435,0.21155646,0,imagenet_c,defocus_blur,1,none
efficientnet_b4,ILSVRC2012_val_00034621.JPEG,n04493381,876,435,0.3067355,0,imagenet_c,defocus_blur,1,none
efficientnet_b4,ILSVRC2012_val_00034803.JPEG,n04493381,876,435,0.4140008,0,imagenet_c,defocus_blur,1,none
efficientnet_b4,ILSVRC2012_val_00035548.JPEG,n04493381,876,876,0.46918723,1,imagenet_c,defocus_blur,1,none
efficientnet_b4,ILSVRC2012_val_00036788.JPEG,n04493381,876,445,0.40301743,0,imagenet_c,defocus_blur,1,none
efficientnet_b4,ILSVRC2012_val_00037255.JPEG,n04493381,876,435,0.20101003,0,imagenet_c,defocus_blur,1,none
efficientnet_b4,ILSVRC2012_val_00037884.JPEG,n04493381,876,598,0.049375765,0,imagenet_c,defocus_blur,1,none
efficientnet_b4,ILSVRC2012_val_00038066.JPEG,n04493381,876,435,0.17851351,0,imagenet_c,defocus_blur,1,none
efficientnet_b4,ILSVRC2012_val_00038337.JPEG,n04493381,876,718,0.030136386,0,imagenet_c,defocus_blur,1,none
efficientnet_b4,ILSVRC2012_val_00039442.JPEG,n04493381,876,534,0.29760614,0,imagenet_c,defocus_blur,1,none
efficientnet_b4,ILSVRC2012_val_00042435.JPEG,n04493381,876,435,0.26427215,0,imagenet_c,defocus_blur,1,none
efficientnet_b4,ILSVRC2012_val_00042481.JPEG,n04493381,876,876,0.35282528,1,imagenet_c,defocus_blur,1,none
efficientnet_b4,ILSVRC2012_val_00043658.JPEG,n04493381,876,876,0.08010156,1,imagenet_c,defocus_blur,1,none
efficientnet_b4,ILSVRC2012_val_00044859.JPEG,n04493381,876,435,0.2177904,0,imagenet_c,defocus_blur,1,none
efficientnet_b4,ILSVRC2012_val_00046954.JPEG,n04493381,876,435,0.22160308,0,imagenet_c,defocus_blur,1,none
efficientnet_b4,ILSVRC2012_val_00047610.JPEG,n04493381,876,876,0.3078459,1,imagenet_c,defocus_blur,1,none
efficientnet_b4,ILSVRC2012_val_00048028.JPEG,n04493381,876,896,0.1626322,0,imagenet_c,defocus_blur,1,none
efficientnet_b4,ILSVRC2012_val_00048973.JPEG,n04493381,876,842,0.05608543,0,imagenet_c,defocus_blur,1,none
efficientnet_b4,ILSVRC2012_val_00049114.JPEG,n04493381,876,876,0.1418728,1,imagenet_c,defocus_blur,1,none
efficientnet_b4,ILSVRC2012_val_00049853.JPEG,n04493381,876,529,0.07323464,0,imagenet_c,defocus_blur,1,none
efficientnet_b4,ILSVRC2012_val_00001750.JPEG,n04501370,877,561,0.15469846,0,imagenet_c,defocus_blur,1,none
efficientnet_b4,ILSVRC2012_val_00001788.JPEG,n04501370,877,743,0.1451432,0,imagenet_c,defocus_blur,1,none
efficientnet_b4,ILSVRC2012_val_00001895.JPEG,n04501370,877,877,0.4543509,1,imagenet_c,defocus_blur,1,none
efficientnet_b4,ILSVRC2012_val_00002102.JPEG,n04501370,877,877,0.5675239,1,imagenet_c,defocus_blur,1,none
efficientnet_b4,ILSVRC2012_val_00002459.JPEG,n04501370,877,877,0.49839008,1,imagenet_c,defocus_blur,1,none
efficientnet_b4,ILSVRC2012_val_00002807.JPEG,n04501370,877,574,0.06945792,0,imagenet_c,defocus_blur,1,none
efficientnet_b4,ILSVRC2012_val_00002962.JPEG,n04501370,877,877,0.2763523,1,imagenet_c,defocus_blur,1,none
efficientnet_b4,ILSVRC2012_val_00003197.JPEG,n04501370,877,877,0.36591065,1,imagenet_c,defocus_blur,1,none
efficientnet_b4,ILSVRC2012_val_00004651.JPEG,n04501370,877,877,0.48877206,1,imagenet_c,defocus_blur,1,none
efficientnet_b4,ILSVRC2012_val_00007173.JPEG,n04501370,877,791,0.13004683,0,imagenet_c,defocus_blur,1,none
efficientnet_b4,ILSVRC2012_val_00008149.JPEG,n04501370,877,877,0.5120906,1,imagenet_c,defocus_blur,1,none
efficientnet_b4,ILSVRC2012_val_00009103.JPEG,n04501370,877,877,0.290994,1,imagenet_c,defocus_blur,1,none
efficientnet_b4,ILSVRC2012_val_00010488.JPEG,n04501370,877,799,0.14290655,0,imagenet_c,defocus_blur,1,none
efficientnet_b4,ILSVRC2012_val_00010840.JPEG,n04501370,877,877,0.39704028,1,imagenet_c,defocus_blur,1,none
efficientnet_b4,ILSVRC2012_val_00010986.JPEG,n04501370,877,877,0.2727872,1,imagenet_c,defocus_blur,1,none
efficientnet_b4,ILSVRC2012_val_00012296.JPEG,n04501370,877,660,0.08937136,0,imagenet_c,defocus_blur,1,none
efficientnet_b4,ILSVRC2012_val_00013646.JPEG,n04501370,877,877,0.3938064,1,imagenet_c,defocus_blur,1,none
efficientnet_b4,ILSVRC2012_val_00014025.JPEG,n04501370,877,743,0.27539068,0,imagenet_c,defocus_blur,1,none
efficientnet_b4,ILSVRC2012_val_00014492.JPEG,n04501370,877,565,0.08394055,0,imagenet_c,defocus_blur,1,none
efficientnet_b4,ILSVRC2012_val_00016591.JPEG,n04501370,877,877,0.5508165,1,imagenet_c,defocus_blur,1,none
efficientnet_b4,ILSVRC2012_val_00016643.JPEG,n04501370,877,877,0.32762805,1,imagenet_c,defocus_blur,1,none
efficientnet_b4,ILSVRC2012_val_00019008.JPEG,n04501370,877,877,0.26009384,1,imagenet_c,defocus_blur,1,none
efficientnet_b4,ILSVRC2012_val_00019009.JPEG,n04501370,877,877,0.44712257,1,imagenet_c,defocus_blur,1,none
efficientnet_b4,ILSVRC2012_val_00020213.JPEG,n04501370,877,848,0.11458353,0,imagenet_c,defocus_blur,1,none
efficientnet_b4,ILSVRC2012_val_00022562.JPEG,n04501370,877,912,0.06641574,0,imagenet_c,defocus_blur,1,none
efficientnet_b4,ILSVRC2012_val_00022690.JPEG,n04501370,877,877,0.06236849,1,imagenet_c,defocus_blur,1,none
efficientnet_b4,ILSVRC2012_val_00024392.JPEG,n04501370,877,877,0.10140704,1,imagenet_c,defocus_blur,1,none
efficientnet_b4,ILSVRC2012_val_00024489.JPEG,n04501370,877,877,0.17261198,1,imagenet_c,defocus_blur,1,none
efficientnet_b4,ILSVRC2012_val_00027386.JPEG,n04501370,877,877,0.4521722,1,imagenet_c,defocus_blur,1,none
efficientnet_b4,ILSVRC2012_val_00028120.JPEG,n04501370,877,877,0.49728245,1,imagenet_c,defocus_blur,1,none
efficientnet_b4,ILSVRC2012_val_00028465.JPEG,n04501370,877,877,0.15235464,1,imagenet_c,defocus_blur,1,none
efficientnet_b4,ILSVRC2012_val_00029667.JPEG,n04501370,877,877,0.43641242,1,imagenet_c,defocus_blur,1,none
efficientnet_b4,ILSVRC2012_val_00032392.JPEG,n04501370,877,743,0.7713559,0,imagenet_c,defocus_blur,1,none
efficientnet_b4,ILSVRC2012_val_00032438.JPEG,n04501370,877,877,0.33585337,1,imagenet_c,defocus_blur,1,none
efficientnet_b4,ILSVRC2012_val_00033458.JPEG,n04501370,877,877,0.36325637,1,imagenet_c,defocus_blur,1,none
efficientnet_b4,ILSVRC2012_val_00033937.JPEG,n04501370,877,877,0.52268416,1,imagenet_c,defocus_blur,1,none
efficientnet_b4,ILSVRC2012_val_00034831.JPEG,n04501370,877,466,0.08315263,0,imagenet_c,defocus_blur,1,none
efficientnet_b4,ILSVRC2012_val_00035595.JPEG,n04501370,877,879,0.15120478,0,imagenet_c,defocus_blur,1,none
efficientnet_b4,ILSVRC2012_val_00037051.JPEG,n04501370,877,519,0.068448484,0,imagenet_c,defocus_blur,1,none
efficientnet_b4,ILSVRC2012_val_00039758.JPEG,n04501370,877,877,0.511634,1,imagenet_c,defocus_blur,1,none
efficientnet_b4,ILSVRC2012_val_00039912.JPEG,n04501370,877,427,0.22895262,0,imagenet_c,defocus_blur,1,none
efficientnet_b4,ILSVRC2012_val_00040016.JPEG,n04501370,877,877,0.4202765,1,imagenet_c,defocus_blur,1,none
efficientnet_b4,ILSVRC2012_val_00041689.JPEG,n04501370,877,718,0.048500337,0,imagenet_c,defocus_blur,1,none
efficientnet_b4,ILSVRC2012_val_00041779.JPEG,n04501370,877,877,0.38121495,1,imagenet_c,defocus_blur,1,none
efficientnet_b4,ILSVRC2012_val_00043709.JPEG,n04501370,877,877,0.29756638,1,imagenet_c,defocus_blur,1,none
efficientnet_b4,ILSVRC2012_val_00043908.JPEG,n04501370,877,877,0.4506494,1,imagenet_c,defocus_blur,1,none
efficientnet_b4,ILSVRC2012_val_00044087.JPEG,n04501370,877,877,0.4284903,1,imagenet_c,defocus_blur,1,none
efficientnet_b4,ILSVRC2012_val_00044552.JPEG,n04501370,877,877,0.28800026,1,imagenet_c,defocus_blur,1,none
efficientnet_b4,ILSVRC2012_val_00044881.JPEG,n04501370,877,877,0.2562304,1,imagenet_c,defocus_blur,1,none
efficientnet_b4,ILSVRC2012_val_00047012.JPEG,n04501370,877,877,0.4839438,1,imagenet_c,defocus_blur,1,none
efficientnet_b4,ILSVRC2012_val_00000104.JPEG,n04505470,878,810,0.48810935,0,imagenet_c,defocus_blur,1,none
efficientnet_b4,ILSVRC2012_val_00000666.JPEG,n04505470,878,620,0.07681927,0,imagenet_c,defocus_blur,1,none
efficientnet_b4,ILSVRC2012_val_00000971.JPEG,n04505470,878,810,0.40957755,0,imagenet_c,defocus_blur,1,none
efficientnet_b4,ILSVRC2012_val_00001100.JPEG,n04505470,878,810,0.2961391,0,imagenet_c,defocus_blur,1,none
efficientnet_b4,ILSVRC2012_val_00001330.JPEG,n04505470,878,810,0.5864939,0,imagenet_c,defocus_blur,1,none
efficientnet_b4,ILSVRC2012_val_00003296.JPEG,n04505470,878,878,0.47539172,1,imagenet_c,defocus_blur,1,none
efficientnet_b4,ILSVRC2012_val_00005863.JPEG,n04505470,878,810,0.48791417,0,imagenet_c,defocus_blur,1,none
efficientnet_b4,ILSVRC2012_val_00007790.JPEG,n04505470,878,878,0.51938003,1,imagenet_c,defocus_blur,1,none
efficientnet_b4,ILSVRC2012_val_00007856.JPEG,n04505470,878,878,0.40595916,1,imagenet_c,defocus_blur,1,none
efficientnet_b4,ILSVRC2012_val_00008319.JPEG,n04505470,878,878,0.3568433,1,imagenet_c,defocus_blur,1,none
efficientnet_b4,ILSVRC2012_val_00008530.JPEG,n04505470,878,878,0.44081658,1,imagenet_c,defocus_blur,1,none
efficientnet_b4,ILSVRC2012_val_00008632.JPEG,n04505470,878,810,0.36342284,0,imagenet_c,defocus_blur,1,none
efficientnet_b4,ILSVRC2012_val_00009383.JPEG,n04505470,878,810,0.31753317,0,imagenet_c,defocus_blur,1,none
efficientnet_b4,ILSVRC2012_val_00011774.JPEG,n04505470,878,810,0.44962883,0,imagenet_c,defocus_blur,1,none
efficientnet_b4,ILSVRC2012_val_00012212.JPEG,n04505470,878,878,0.6344068,1,imagenet_c,defocus_blur,1,none
efficientnet_b4,ILSVRC2012_val_00012234.JPEG,n04505470,878,878,0.14394945,1,imagenet_c,defocus_blur,1,none
efficientnet_b4,ILSVRC2012_val_00013266.JPEG,n04505470,878,878,0.5312846,1,imagenet_c,defocus_blur,1,none
efficientnet_b4,ILSVRC2012_val_00013404.JPEG,n04505470,878,878,0.611932,1,imagenet_c,defocus_blur,1,none
efficientnet_b4,ILSVRC2012_val_00015326.JPEG,n04505470,878,878,0.3080284,1,imagenet_c,defocus_blur,1,none
efficientnet_b4,ILSVRC2012_val_00015929.JPEG,n04505470,878,878,0.2675489,1,imagenet_c,defocus_blur,1,none
efficientnet_b4,ILSVRC2012_val_00016584.JPEG,n04505470,878,878,0.39466086,1,imagenet_c,defocus_blur,1,none
efficientnet_b4,ILSVRC2012_val_00018176.JPEG,n04505470,878,810,0.57013464,0,imagenet_c,defocus_blur,1,none
efficientnet_b4,ILSVRC2012_val_00019503.JPEG,n04505470,878,810,0.42748705,0,imagenet_c,defocus_blur,1,none
efficientnet_b4,ILSVRC2012_val_00020967.JPEG,n04505470,878,878,0.37653014,1,imagenet_c,defocus_blur,1,none
efficientnet_b4,ILSVRC2012_val_00021698.JPEG,n04505470,878,810,0.29126063,0,imagenet_c,defocus_blur,1,none
efficientnet_b4,ILSVRC2012_val_00022077.JPEG,n04505470,878,878,0.34441474,1,imagenet_c,defocus_blur,1,none
efficientnet_b4,ILSVRC2012_val_00025109.JPEG,n04505470,878,810,0.41298792,0,imagenet_c,defocus_blur,1,none
efficientnet_b4,ILSVRC2012_val_00026053.JPEG,n04505470,878,810,0.39813378,0,imagenet_c,defocus_blur,1,none
efficientnet_b4,ILSVRC2012_val_00027544.JPEG,n04505470,878,508,0.39746544,0,imagenet_c,defocus_blur,1,none
efficientnet_b4,ILSVRC2012_val_00028169.JPEG,n04505470,878,810,0.41846642,0,imagenet_c,defocus_blur,1,none
efficientnet_b4,ILSVRC2012_val_00028754.JPEG,n04505470,878,810,0.20357807,0,imagenet_c,defocus_blur,1,none
efficientnet_b4,ILSVRC2012_val_00029282.JPEG,n04505470,878,878,0.25709298,1,imagenet_c,defocus_blur,1,none
efficientnet_b4,ILSVRC2012_val_00036727.JPEG,n04505470,878,810,0.42653763,0,imagenet_c,defocus_blur,1,none
efficientnet_b4,ILSVRC2012_val_00036957.JPEG,n04505470,878,878,0.43339232,1,imagenet_c,defocus_blur,1,none
efficientnet_b4,ILSVRC2012_val_00037048.JPEG,n04505470,878,878,0.28293437,1,imagenet_c,defocus_blur,1,none
efficientnet_b4,ILSVRC2012_val_00037986.JPEG,n04505470,878,878,0.3517207,1,imagenet_c,defocus_blur,1,none
efficientnet_b4,ILSVRC2012_val_00039947.JPEG,n04505470,878,810,0.5628033,0,imagenet_c,defocus_blur,1,none
efficientnet_b4,ILSVRC2012_val_00041420.JPEG,n04505470,878,878,0.20003349,1,imagenet_c,defocus_blur,1,none
efficientnet_b4,ILSVRC2012_val_00042910.JPEG,n04505470,878,878,0.39183533,1,imagenet_c,defocus_blur,1,none
efficientnet_b4,ILSVRC2012_val_00044306.JPEG,n04505470,878,878,0.38084212,1,imagenet_c,defocus_blur,1,none
efficientnet_b4,ILSVRC2012_val_00044703.JPEG,n04505470,878,810,0.41271472,0,imagenet_c,defocus_blur,1,none
efficientnet_b4,ILSVRC2012_val_00044775.JPEG,n04505470,878,810,0.28772268,0,imagenet_c,defocus_blur,1,none
efficientnet_b4,ILSVRC2012_val_00044924.JPEG,n04505470,878,810,0.40865263,0,imagenet_c,defocus_blur,1,none
efficientnet_b4,ILSVRC2012_val_00045117.JPEG,n04505470,878,878,0.52482903,1,imagenet_c,defocus_blur,1,none
efficientnet_b4,ILSVRC2012_val_00046342.JPEG,n04505470,878,810,0.55066586,0,imagenet_c,defocus_blur,1,none
efficientnet_b4,ILSVRC2012_val_00046984.JPEG,n04505470,878,508,0.64039075,0,imagenet_c,defocus_blur,1,none
efficientnet_b4,ILSVRC2012_val_00047371.JPEG,n04505470,878,810,0.3627003,0,imagenet_c,defocus_blur,1,none
efficientnet_b4,ILSVRC2012_val_00048598.JPEG,n04505470,878,810,0.39743346,0,imagenet_c,defocus_blur,1,none
efficientnet_b4,ILSVRC2012_val_00049808.JPEG,n04505470,878,810,0.48414403,0,imagenet_c,defocus_blur,1,none
efficientnet_b4,ILSVRC2012_val_00049917.JPEG,n04505470,878,810,0.3100144,0,imagenet_c,defocus_blur,1,none
efficientnet_b4,ILSVRC2012_val_00000381.JPEG,n04507155,879,879,0.20366463,1,imagenet_c,defocus_blur,1,none
efficientnet_b4,ILSVRC2012_val_00002233.JPEG,n04507155,879,34,0.08214481,0,imagenet_c,defocus_blur,1,none
efficientnet_b4,ILSVRC2012_val_00002976.JPEG,n04507155,879,879,0.04907904,1,imagenet_c,defocus_blur,1,none
efficientnet_b4,ILSVRC2012_val_00004816.JPEG,n04507155,879,879,0.4725462,1,imagenet_c,defocus_blur,1,none
efficientnet_b4,ILSVRC2012_val_00005226.JPEG,n04507155,879,683,0.03723277,0,imagenet_c,defocus_blur,1,none
efficientnet_b4,ILSVRC2012_val_00006260.JPEG,n04507155,879,723,0.5716826,0,imagenet_c,defocus_blur,1,none
efficientnet_b4,ILSVRC2012_val_00008575.JPEG,n04507155,879,454,0.13400625,0,imagenet_c,defocus_blur,1,none
efficientnet_b4,ILSVRC2012_val_00008909.JPEG,n04507155,879,522,0.0724875,0,imagenet_c,defocus_blur,1,none
efficientnet_b4,ILSVRC2012_val_00009473.JPEG,n04507155,879,412,0.45802316,0,imagenet_c,defocus_blur,1,none
efficientnet_b4,ILSVRC2012_val_00013644.JPEG,n04507155,879,560,0.054361008,0,imagenet_c,defocus_blur,1,none
efficientnet_b4,ILSVRC2012_val_00014596.JPEG,n04507155,879,416,0.35511917,0,imagenet_c,defocus_blur,1,none
efficientnet_b4,ILSVRC2012_val_00014615.JPEG,n04507155,879,660,0.33919388,0,imagenet_c,defocus_blur,1,none
efficientnet_b4,ILSVRC2012_val_00014772.JPEG,n04507155,879,879,0.70094264,1,imagenet_c,defocus_blur,1,none
efficientnet_b4,ILSVRC2012_val_00015275.JPEG,n04507155,879,728,0.13228635,0,imagenet_c,defocus_blur,1,none
efficientnet_b4,ILSVRC2012_val_00015771.JPEG,n04507155,879,879,0.08819266,1,imagenet_c,defocus_blur,1,none
efficientnet_b4,ILSVRC2012_val_00016972.JPEG,n04507155,879,879,0.5079419,1,imagenet_c,defocus_blur,1,none
efficientnet_b4,ILSVRC2012_val_00017127.JPEG,n04507155,879,879,0.8033636,1,imagenet_c,defocus_blur,1,none
efficientnet_b4,ILSVRC2012_val_00017824.JPEG,n04507155,879,879,0.1844477,1,imagenet_c,defocus_blur,1,none
efficientnet_b4,ILSVRC2012_val_00019266.JPEG,n04507155,879,879,0.22608766,1,imagenet_c,defocus_blur,1,none
efficientnet_b4,ILSVRC2012_val_00019809.JPEG,n04507155,879,879,0.56740075,1,imagenet_c,defocus_blur,1,none
efficientnet_b4,ILSVRC2012_val_00020282.JPEG,n04507155,879,728,0.07776567,0,imagenet_c,defocus_blur,1,none
efficientnet_b4,ILSVRC2012_val_00021900.JPEG,n04507155,879,879,0.66529334,1,imagenet_c,defocus_blur,1,none
efficientnet_b4,ILSVRC2012_val_00022730.JPEG,n04507155,879,879,0.630759,1,imagenet_c,defocus_blur,1,none
efficientnet_b4,ILSVRC2012_val_00022988.JPEG,n04507155,879,904,0.30736598,0,imagenet_c,defocus_blur,1,none
efficientnet_b4,ILSVRC2012_val_00024621.JPEG,n04507155,879,879,0.1383938,1,imagenet_c,defocus_blur,1,none
efficientnet_b4,ILSVRC2012_val_00025041.JPEG,n04507155,879,417,0.23097606,0,imagenet_c,defocus_blur,1,none
efficientnet_b4,ILSVRC2012_val_00026690.JPEG,n04507155,879,915,0.06417947,0,imagenet_c,defocus_blur,1,none
efficientnet_b4,ILSVRC2012_val_00028133.JPEG,n04507155,879,879,0.60862243,1,imagenet_c,defocus_blur,1,none
efficientnet_b4,ILSVRC2012_val_00029229.JPEG,n04507155,879,879,0.62415195,1,imagenet_c,defocus_blur,1,none
efficientnet_b4,ILSVRC2012_val_00029272.JPEG,n04507155,879,843,0.16632982,0,imagenet_c,defocus_blur,1,none
efficientnet_b4,ILSVRC2012_val_00030149.JPEG,n04507155,879,879,0.6860812,1,imagenet_c,defocus_blur,1,none
efficientnet_b4,ILSVRC2012_val_00030930.JPEG,n04507155,879,902,0.066887945,0,imagenet_c,defocus_blur,1,none
efficientnet_b4,ILSVRC2012_val_00031400.JPEG,n04507155,879,807,0.4433434,0,imagenet_c,defocus_blur,1,none
efficientnet_b4,ILSVRC2012_val_00032001.JPEG,n04507155,879,879,0.33228987,1,imagenet_c,defocus_blur,1,none
efficientnet_b4,ILSVRC2012_val_00032101.JPEG,n04507155,879,879,0.2767617,1,imagenet_c,defocus_blur,1,none
efficientnet_b4,ILSVRC2012_val_00032662.JPEG,n04507155,879,879,0.5590083,1,imagenet_c,defocus_blur,1,none
efficientnet_b4,ILSVRC2012_val_00036058.JPEG,n04507155,879,879,0.2346521,1,imagenet_c,defocus_blur,1,none
efficientnet_b4,ILSVRC2012_val_00037237.JPEG,n04507155,879,879,0.5333628,1,imagenet_c,defocus_blur,1,none
efficientnet_b4,ILSVRC2012_val_00038295.JPEG,n04507155,879,862,0.07116209,0,imagenet_c,defocus_blur,1,none
efficientnet_b4,ILSVRC2012_val_00038778.JPEG,n04507155,879,879,0.4420219,1,imagenet_c,defocus_blur,1,none
efficientnet_b4,ILSVRC2012_val_00039938.JPEG,n04507155,879,879,0.4496731,1,imagenet_c,defocus_blur,1,none
efficientnet_b4,ILSVRC2012_val_00040191.JPEG,n04507155,879,879,0.11825907,1,imagenet_c,defocus_blur,1,none
efficientnet_b4,ILSVRC2012_val_00040204.JPEG,n04507155,879,879,0.6319398,1,imagenet_c,defocus_blur,1,none
efficientnet_b4,ILSVRC2012_val_00040984.JPEG,n04507155,879,879,0.5563675,1,imagenet_c,defocus_blur,1,none
efficientnet_b4,ILSVRC2012_val_00041545.JPEG,n04507155,879,879,0.45524785,1,imagenet_c,defocus_blur,1,none
efficientnet_b4,ILSVRC2012_val_00042720.JPEG,n04507155,879,879,0.6113244,1,imagenet_c,defocus_blur,1,none
efficientnet_b4,ILSVRC2012_val_00046429.JPEG,n04507155,879,915,0.21703216,0,imagenet_c,defocus_blur,1,none
efficientnet_b4,ILSVRC2012_val_00048492.JPEG,n04507155,879,518,0.566377,0,imagenet_c,defocus_blur,1,none
efficientnet_b4,ILSVRC2012_val_00048993.JPEG,n04507155,879,879,0.16124903,1,imagenet_c,defocus_blur,1,none
efficientnet_b4,ILSVRC2012_val_00049952.JPEG,n04507155,879,879,0.2888359,1,imagenet_c,defocus_blur,1,none
efficientnet_b4,ILSVRC2012_val_00002599.JPEG,n04509417,880,880,0.44496438,1,imagenet_c,defocus_blur,1,none
efficientnet_b4,ILSVRC2012_val_00003245.JPEG,n04509417,880,880,0.7783113,1,imagenet_c,defocus_blur,1,none
efficientnet_b4,ILSVRC2012_val_00004318.JPEG,n04509417,880,880,0.6824239,1,imagenet_c,defocus_blur,1,none
efficientnet_b4,ILSVRC2012_val_00005007.JPEG,n04509417,880,880,0.64975184,1,imagenet_c,defocus_blur,1,none
efficientnet_b4,ILSVRC2012_val_00005518.JPEG,n04509417,880,880,0.17419885,1,imagenet_c,defocus_blur,1,none
efficientnet_b4,ILSVRC2012_val_00005520.JPEG,n04509417,880,880,0.6380218,1,imagenet_c,defocus_blur,1,none
efficientnet_b4,ILSVRC2012_val_00006122.JPEG,n04509417,880,880,0.7526122,1,imagenet_c,defocus_blur,1,none
efficientnet_b4,ILSVRC2012_val_00006850.JPEG,n04509417,880,880,0.13380314,1,imagenet_c,defocus_blur,1,none
efficientnet_b4,ILSVRC2012_val_00008497.JPEG,n04509417,880,880,0.5079119,1,imagenet_c,defocus_blur,1,none
efficientnet_b4,ILSVRC2012_val_00011412.JPEG,n04509417,880,880,0.3179453,1,imagenet_c,defocus_blur,1,none
efficientnet_b4,ILSVRC2012_val_00011781.JPEG,n04509417,880,880,0.5115074,1,imagenet_c,defocus_blur,1,none
efficientnet_b4,ILSVRC2012_val_00013855.JPEG,n04509417,880,880,0.65663534,1,imagenet_c,defocus_blur,1,none
efficientnet_b4,ILSVRC2012_val_00015590.JPEG,n04509417,880,880,0.26273268,1,imagenet_c,defocus_blur,1,none
efficientnet_b4,ILSVRC2012_val_00015873.JPEG,n04509417,880,880,0.67322975,1,imagenet_c,defocus_blur,1,none
efficientnet_b4,ILSVRC2012_val_00016269.JPEG,n04509417,880,880,0.57414603,1,imagenet_c,defocus_blur,1,none
efficientnet_b4,ILSVRC2012_val_00017279.JPEG,n04509417,880,880,0.15695146,1,imagenet_c,defocus_blur,1,none
efficientnet_b4,ILSVRC2012_val_00017763.JPEG,n04509417,880,880,0.4860347,1,imagenet_c,defocus_blur,1,none
efficientnet_b4,ILSVRC2012_val_00018937.JPEG,n04509417,880,702,0.16895545,0,imagenet_c,defocus_blur,1,none
efficientnet_b4,ILSVRC2012_val_00019585.JPEG,n04509417,880,880,0.26213902,1,imagenet_c,defocus_blur,1,none
efficientnet_b4,ILSVRC2012_val_00019694.JPEG,n04509417,880,574,0.12101264,0,imagenet_c,defocus_blur,1,none
efficientnet_b4,ILSVRC2012_val_00020497.JPEG,n04509417,880,880,0.7447648,1,imagenet_c,defocus_blur,1,none
efficientnet_b4,ILSVRC2012_val_00023683.JPEG,n04509417,880,880,0.10106358,1,imagenet_c,defocus_blur,1,none
efficientnet_b4,ILSVRC2012_val_00024419.JPEG,n04509417,880,880,0.6610459,1,imagenet_c,defocus_blur,1,none
efficientnet_b4,ILSVRC2012_val_00024793.JPEG,n04509417,880,880,0.35494184,1,imagenet_c,defocus_blur,1,none
efficientnet_b4,ILSVRC2012_val_00025697.JPEG,n04509417,880,880,0.24250887,1,imagenet_c,defocus_blur,1,none
efficientnet_b4,ILSVRC2012_val_00026754.JPEG,n04509417,880,880,0.57309043,1,imagenet_c,defocus_blur,1,none
efficientnet_b4,ILSVRC2012_val_00027426.JPEG,n04509417,880,880,0.5276468,1,imagenet_c,defocus_blur,1,none
efficientnet_b4,ILSVRC2012_val_00027649.JPEG,n04509417,880,880,0.10099119,1,imagenet_c,defocus_blur,1,none
efficientnet_b4,ILSVRC2012_val_00028714.JPEG,n04509417,880,880,0.5098717,1,imagenet_c,defocus_blur,1,none
efficientnet_b4,ILSVRC2012_val_00030126.JPEG,n04509417,880,880,0.7100575,1,imagenet_c,defocus_blur,1,none
efficientnet_b4,ILSVRC2012_val_00031602.JPEG,n04509417,880,671,0.14373504,0,imagenet_c,defocus_blur,1,none
efficientnet_b4,ILSVRC2012_val_00031733.JPEG,n04509417,880,255,0.1370503,0,imagenet_c,defocus_blur,1,none
efficientnet_b4,ILSVRC2012_val_00032079.JPEG,n04509417,880,880,0.31997624,1,imagenet_c,defocus_blur,1,none
efficientnet_b4,ILSVRC2012_val_00032583.JPEG,n04509417,880,665,0.087347604,0,imagenet_c,defocus_blur,1,none
efficientnet_b4,ILSVRC2012_val_00033321.JPEG,n04509417,880,880,0.12806277,1,imagenet_c,defocus_blur,1,none
efficientnet_b4,ILSVRC2012_val_00034102.JPEG,n04509417,880,880,0.71533334,1,imagenet_c,defocus_blur,1,none
efficientnet_b4,ILSVRC2012_val_00035733.JPEG,n04509417,880,743,0.06757064,0,imagenet_c,defocus_blur,1,none
efficientnet_b4,ILSVRC2012_val_00036059.JPEG,n04509417,880,880,0.46437728,1,imagenet_c,defocus_blur,1,none
efficientnet_b4,ILSVRC2012_val_00036647.JPEG,n04509417,880,880,0.59837466,1,imagenet_c,defocus_blur,1,none
efficientnet_b4,ILSVRC2012_val_00036912.JPEG,n04509417,880,430,0.2026159,0,imagenet_c,defocus_blur,1,none
efficientnet_b4,ILSVRC2012_val_00038319.JPEG,n04509417,880,880,0.5976717,1,imagenet_c,defocus_blur,1,none
efficientnet_b4,ILSVRC2012_val_00042074.JPEG,n04509417,880,880,0.111580215,1,imagenet_c,defocus_blur,1,none
efficientnet_b4,ILSVRC2012_val_00042150.JPEG,n04509417,880,880,0.5405381,1,imagenet_c,defocus_blur,1,none
efficientnet_b4,ILSVRC2012_val_00044445.JPEG,n04509417,880,880,0.6523901,1,imagenet_c,defocus_blur,1,none
efficientnet_b4,ILSVRC2012_val_00045083.JPEG,n04509417,880,880,0.6804458,1,imagenet_c,defocus_blur,1,none
efficientnet_b4,ILSVRC2012_val_00045158.JPEG,n04509417,880,880,0.41289848,1,imagenet_c,defocus_blur,1,none
efficientnet_b4,ILSVRC2012_val_00045666.JPEG,n04509417,880,752,0.12912485,0,imagenet_c,defocus_blur,1,none
efficientnet_b4,ILSVRC2012_val_00046341.JPEG,n04509417,880,880,0.59578454,1,imagenet_c,defocus_blur,1,none
efficientnet_b4,ILSVRC2012_val_00048460.JPEG,n04509417,880,870,0.15754609,0,imagenet_c,defocus_blur,1,none
efficientnet_b4,ILSVRC2012_val_00049695.JPEG,n04509417,880,880,0.15410356,1,imagenet_c,defocus_blur,1,none
efficientnet_b4,ILSVRC2012_val_00000284.JPEG,n04515003,881,881,0.7189953,1,imagenet_c,defocus_blur,1,none
efficientnet_b4,ILSVRC2012_val_00002400.JPEG,n04515003,881,881,0.6462903,1,imagenet_c,defocus_blur,1,none
efficientnet_b4,ILSVRC2012_val_00003401.JPEG,n04515003,881,747,0.033721924,0,imagenet_c,defocus_blur,1,none
efficientnet_b4,ILSVRC2012_val_00003521.JPEG,n04515003,881,881,0.5592624,1,imagenet_c,defocus_blur,1,none
efficientnet_b4,ILSVRC2012_val_00006527.JPEG,n04515003,881,881,0.43199208,1,imagenet_c,defocus_blur,1,none
efficientnet_b4,ILSVRC2012_val_00006958.JPEG,n04515003,881,881,0.7689347,1,imagenet_c,defocus_blur,1,none
efficientnet_b4,ILSVRC2012_val_00007908.JPEG,n04515003,881,881,0.07989664,1,imagenet_c,defocus_blur,1,none
efficientnet_b4,ILSVRC2012_val_00012349.JPEG,n04515003,881,881,0.70803535,1,imagenet_c,defocus_blur,1,none
efficientnet_b4,ILSVRC2012_val_00013032.JPEG,n04515003,881,612,0.04925394,0,imagenet_c,defocus_blur,1,none
efficientnet_b4,ILSVRC2012_val_00013446.JPEG,n04515003,881,905,0.13032664,0,imagenet_c,defocus_blur,1,none
efficientnet_b4,ILSVRC2012_val_00014033.JPEG,n04515003,881,881,0.5773461,1,imagenet_c,defocus_blur,1,none
efficientnet_b4,ILSVRC2012_val_00014786.JPEG,n04515003,881,881,0.6045067,1,imagenet_c,defocus_blur,1,none
efficientnet_b4,ILSVRC2012_val_00016309.JPEG,n04515003,881,881,0.75744283,1,imagenet_c,defocus_blur,1,none
efficientnet_b4,ILSVRC2012_val_00018323.JPEG,n04515003,881,881,0.69529074,1,imagenet_c,defocus_blur,1,none
efficientnet_b4,ILSVRC2012_val_00020827.JPEG,n04515003,881,881,0.3325816,1,imagenet_c,defocus_blur,1,none
efficientnet_b4,ILSVRC2012_val_00021799.JPEG,n04515003,881,881,0.65474004,1,imagenet_c,defocus_blur,1,none
efficientnet_b4,ILSVRC2012_val_00022154.JPEG,n04515003,881,881,0.69066703,1,imagenet_c,defocus_blur,1,none
efficientnet_b4,ILSVRC2012_val_00022833.JPEG,n04515003,881,687,0.43383503,0,imagenet_c,defocus_blur,1,none
efficientnet_b4,ILSVRC2012_val_00023169.JPEG,n04515003,881,881,0.57492757,1,imagenet_c,defocus_blur,1,none
efficientnet_b4,ILSVRC2012_val_00023889.JPEG,n04515003,881,881,0.5781389,1,imagenet_c,defocus_blur,1,none
efficientnet_b4,ILSVRC2012_val_00024228.JPEG,n04515003,881,881,0.5593492,1,imagenet_c,defocus_blur,1,none
efficientnet_b4,ILSVRC2012_val_00024663.JPEG,n04515003,881,881,0.74032575,1,imagenet_c,defocus_blur,1,none
efficientnet_b4,ILSVRC2012_val_00025060.JPEG,n04515003,881,881,0.49849245,1,imagenet_c,defocus_blur,1,none
efficientnet_b4,ILSVRC2012_val_00025666.JPEG,n04515003,881,881,0.83938813,1,imagenet_c,defocus_blur,1,none
efficientnet_b4,ILSVRC2012_val_00028612.JPEG,n04515003,881,881,0.7839189,1,imagenet_c,defocus_blur,1,none
efficientnet_b4,ILSVRC2012_val_00030586.JPEG,n04515003,881,881,0.7409033,1,imagenet_c,defocus_blur,1,none
efficientnet_b4,ILSVRC2012_val_00031543.JPEG,n04515003,881,881,0.6906152,1,imagenet_c,defocus_blur,1,none
efficientnet_b4,ILSVRC2012_val_00031736.JPEG,n04515003,881,881,0.7520881,1,imagenet_c,defocus_blur,1,none
efficientnet_b4,ILSVRC2012_val_00032863.JPEG,n04515003,881,736,0.08200356,0,imagenet_c,defocus_blur,1,none
efficientnet_b4,ILSVRC2012_val_00033560.JPEG,n04515003,881,881,0.6370991,1,imagenet_c,defocus_blur,1,none
efficientnet_b4,ILSVRC2012_val_00036378.JPEG,n04515003,881,881,0.6182825,1,imagenet_c,defocus_blur,1,none
efficientnet_b4,ILSVRC2012_val_00036630.JPEG,n04515003,881,881,0.7498977,1,imagenet_c,defocus_blur,1,none
efficientnet_b4,ILSVRC2012_val_00038019.JPEG,n04515003,881,881,0.7124853,1,imagenet_c,defocus_blur,1,none
efficientnet_b4,ILSVRC2012_val_00038822.JPEG,n04515003,881,881,0.6468175,1,imagenet_c,defocus_blur,1,none
efficientnet_b4,ILSVRC2012_val_00039111.JPEG,n04515003,881,881,0.7141296,1,imagenet_c,defocus_blur,1,none
efficientnet_b4,ILSVRC2012_val_00040133.JPEG,n04515003,881,881,0.5467492,1,imagenet_c,defocus_blur,1,none
efficientnet_b4,ILSVRC2012_val_00040580.JPEG,n04515003,881,881,0.32264933,1,imagenet_c,defocus_blur,1,none
efficientnet_b4,ILSVRC2012_val_00041692.JPEG,n04515003,881,579,0.34614122,0,imagenet_c,defocus_blur,1,none
efficientnet_b4,ILSVRC2012_val_00041923.JPEG,n04515003,881,881,0.7298267,1,imagenet_c,defocus_blur,1,none
efficientnet_b4,ILSVRC2012_val_00042204.JPEG,n04515003,881,881,0.6652294,1,imagenet_c,defocus_blur,1,none
efficientnet_b4,ILSVRC2012_val_00042717.JPEG,n04515003,881,525,0.088259414,0,imagenet_c,defocus_blur,1,none
efficientnet_b4,ILSVRC2012_val_00043325.JPEG,n04515003,881,881,0.43886814,1,imagenet_c,defocus_blur,1,none
efficientnet_b4,ILSVRC2012_val_00044455.JPEG,n04515003,881,881,0.5239549,1,imagenet_c,defocus_blur,1,none
efficientnet_b4,ILSVRC2012_val_00044744.JPEG,n04515003,881,881,0.8145642,1,imagenet_c,defocus_blur,1,none
efficientnet_b4,ILSVRC2012_val_00045782.JPEG,n04515003,881,881,0.7030792,1,imagenet_c,defocus_blur,1,none
efficientnet_b4,ILSVRC2012_val_00046302.JPEG,n04515003,881,881,0.7630234,1,imagenet_c,defocus_blur,1,none
efficientnet_b4,ILSVRC2012_val_00046319.JPEG,n04515003,881,881,0.6803342,1,imagenet_c,defocus_blur,1,none
efficientnet_b4,ILSVRC2012_val_00047223.JPEG,n04515003,881,881,0.7265805,1,imagenet_c,defocus_blur,1,none
efficientnet_b4,ILSVRC2012_val_00047447.JPEG,n04515003,881,881,0.5861196,1,imagenet_c,defocus_blur,1,none
efficientnet_b4,ILSVRC2012_val_00049944.JPEG,n04515003,881,881,0.6875215,1,imagenet_c,defocus_blur,1,none
efficientnet_b4,ILSVRC2012_val_00000712.JPEG,n04517823,882,882,0.1329024,1,imagenet_c,defocus_blur,1,none
efficientnet_b4,ILSVRC2012_val_00001402.JPEG,n04517823,882,882,0.57483864,1,imagenet_c,defocus_blur,1,none
efficientnet_b4,ILSVRC2012_val_00004240.JPEG,n04517823,882,882,0.49249372,1,imagenet_c,defocus_blur,1,none
efficientnet_b4,ILSVRC2012_val_00004252.JPEG,n04517823,882,829,0.041762777,0,imagenet_c,defocus_blur,1,none
efficientnet_b4,ILSVRC2012_val_00004438.JPEG,n04517823,882,882,0.5869685,1,imagenet_c,defocus_blur,1,none
efficientnet_b4,ILSVRC2012_val_00007207.JPEG,n04517823,882,882,0.19746591,1,imagenet_c,defocus_blur,1,none
efficientnet_b4,ILSVRC2012_val_00012535.JPEG,n04517823,882,416,0.06869037,0,imagenet_c,defocus_blur,1,none
efficientnet_b4,ILSVRC2012_val_00012596.JPEG,n04517823,882,882,0.36248535,1,imagenet_c,defocus_blur,1,none
efficientnet_b4,ILSVRC2012_val_00013000.JPEG,n04517823,882,882,0.18076722,1,imagenet_c,defocus_blur,1,none
efficientnet_b4,ILSVRC2012_val_00017030.JPEG,n04517823,882,882,0.70921576,1,imagenet_c,defocus_blur,1,none
efficientnet_b4,ILSVRC2012_val_00017314.JPEG,n04517823,882,882,0.38888034,1,imagenet_c,defocus_blur,1,none
efficientnet_b4,ILSVRC2012_val_00018100.JPEG,n04517823,882,561,0.12011931,0,imagenet_c,defocus_blur,1,none
efficientnet_b4,ILSVRC2012_val_00019601.JPEG,n04517823,882,882,0.9267476,1,imagenet_c,defocus_blur,1,none
efficientnet_b4,ILSVRC2012_val_00020165.JPEG,n04517823,882,882,0.77790767,1,imagenet_c,defocus_blur,1,none
efficientnet_b4,ILSVRC2012_val_00020843.JPEG,n04517823,882,882,0.8001918,1,imagenet_c,defocus_blur,1,none
efficientnet_b4,ILSVRC2012_val_00020879.JPEG,n04517823,882,882,0.28713697,1,imagenet_c,defocus_blur,1,none
efficientnet_b4,ILSVRC2012_val_00021506.JPEG,n04517823,882,882,0.4866169,1,imagenet_c,defocus_blur,1,none
efficientnet_b4,ILSVRC2012_val_00021621.JPEG,n04517823,882,688,0.08727535,0,imagenet_c,defocus_blur,1,none
efficientnet_b4,ILSVRC2012_val_00022790.JPEG,n04517823,882,882,0.45428163,1,imagenet_c,defocus_blur,1,none
efficientnet_b4,ILSVRC2012_val_00025595.JPEG,n04517823,882,574,0.055611875,0,imagenet_c,defocus_blur,1,none
efficientnet_b4,ILSVRC2012_val_00025993.JPEG,n04517823,882,851,0.063228086,0,imagenet_c,defocus_blur,1,none
efficientnet_b4,ILSVRC2012_val_00027055.JPEG,n04517823,882,882,0.074445695,1,imagenet_c,defocus_blur,1,none
efficientnet_b4,ILSVRC2012_val_00028443.JPEG,n04517823,882,882,0.40687856,1,imagenet_c,defocus_blur,1,none
efficientnet_b4,ILSVRC2012_val_00029626.JPEG,n04517823,882,882,0.3493544,1,imagenet_c,defocus_blur,1,none
efficientnet_b4,ILSVRC2012_val_00030178.JPEG,n04517823,882,882,0.82322013,1,imagenet_c,defocus_blur,1,none
efficientnet_b4,ILSVRC2012_val_00031756.JPEG,n04517823,882,882,0.5168624,1,imagenet_c,defocus_blur,1,none
efficientnet_b4,ILSVRC2012_val_00033301.JPEG,n04517823,882,882,0.46758774,1,imagenet_c,defocus_blur,1,none
efficientnet_b4,ILSVRC2012_val_00033389.JPEG,n04517823,882,882,0.5983392,1,imagenet_c,defocus_blur,1,none
efficientnet_b4,ILSVRC2012_val_00034966.JPEG,n04517823,882,758,0.3646231,0,imagenet_c,defocus_blur,1,none
efficientnet_b4,ILSVRC2012_val_00036144.JPEG,n04517823,882,882,0.8516996,1,imagenet_c,defocus_blur,1,none
efficientnet_b4,ILSVRC2012_val_00036519.JPEG,n04517823,882,421,0.29375574,0,imagenet_c,defocus_blur,1,none
efficientnet_b4,ILSVRC2012_val_00037540.JPEG,n04517823,882,612,0.024091516,0,imagenet_c,defocus_blur,1,none
efficientnet_b4,ILSVRC2012_val_00037908.JPEG,n04517823,882,882,0.12967438,1,imagenet_c,defocus_blur,1,none
efficientnet_b4,ILSVRC2012_val_00038460.JPEG,n04517823,882,882,0.9193778,1,imagenet_c,defocus_blur,1,none
efficientnet_b4,ILSVRC2012_val_00039209.JPEG,n04517823,882,675,0.253725,0,imagenet_c,defocus_blur,1,none
efficientnet_b4,ILSVRC2012_val_00039615.JPEG,n04517823,882,882,0.7476013,1,imagenet_c,defocus_blur,1,none
efficientnet_b4,ILSVRC2012_val_00039626.JPEG,n04517823,882,882,0.5320862,1,imagenet_c,defocus_blur,1,none
efficientnet_b4,ILSVRC2012_val_00039980.JPEG,n04517823,882,747,0.36792785,0,imagenet_c,defocus_blur,1,none
efficientnet_b4,ILSVRC2012_val_00040378.JPEG,n04517823,882,882,0.6372594,1,imagenet_c,defocus_blur,1,none
efficientnet_b4,ILSVRC2012_val_00042287.JPEG,n04517823,882,882,0.56699294,1,imagenet_c,defocus_blur,1,none
efficientnet_b4,ILSVRC2012_val_00042558.JPEG,n04517823,882,811,0.4548307,0,imagenet_c,defocus_blur,1,none
efficientnet_b4,ILSVRC2012_val_00042728.JPEG,n04517823,882,651,0.031726692,0,imagenet_c,defocus_blur,1,none
efficientnet_b4,ILSVRC2012_val_00042795.JPEG,n04517823,882,882,0.66885954,1,imagenet_c,defocus_blur,1,none
efficientnet_b4,ILSVRC2012_val_00045558.JPEG,n04517823,882,882,0.3832844,1,imagenet_c,defocus_blur,1,none
efficientnet_b4,ILSVRC2012_val_00046435.JPEG,n04517823,882,882,0.100014895,1,imagenet_c,defocus_blur,1,none
efficientnet_b4,ILSVRC2012_val_00047419.JPEG,n04517823,882,882,0.6565012,1,imagenet_c,defocus_blur,1,none
efficientnet_b4,ILSVRC2012_val_00047462.JPEG,n04517823,882,882,0.65301263,1,imagenet_c,defocus_blur,1,none
efficientnet_b4,ILSVRC2012_val_00048446.JPEG,n04517823,882,882,0.5997492,1,imagenet_c,defocus_blur,1,none
efficientnet_b4,ILSVRC2012_val_00048458.JPEG,n04517823,882,882,0.7802848,1,imagenet_c,defocus_blur,1,none
efficientnet_b4,ILSVRC2012_val_00048956.JPEG,n04517823,882,882,0.7344447,1,imagenet_c,defocus_blur,1,none
efficientnet_b4,ILSVRC2012_val_00000895.JPEG,n04522168,883,883,0.26223707,1,imagenet_c,defocus_blur,1,none
efficientnet_b4,ILSVRC2012_val_00000973.JPEG,n04522168,883,883,0.37375396,1,imagenet_c,defocus_blur,1,none
efficientnet_b4,ILSVRC2012_val_00002092.JPEG,n04522168,883,679,0.15347524,0,imagenet_c,defocus_blur,1,none
efficientnet_b4,ILSVRC2012_val_00002873.JPEG,n04522168,883,883,0.13660115,1,imagenet_c,defocus_blur,1,none
efficientnet_b4,ILSVRC2012_val_00003657.JPEG,n04522168,883,883,0.35241005,1,imagenet_c,defocus_blur,1,none
efficientnet_b4,ILSVRC2012_val_00005485.JPEG,n04522168,883,708,0.09419871,0,imagenet_c,defocus_blur,1,none
efficientnet_b4,ILSVRC2012_val_00006280.JPEG,n04522168,883,738,0.054608554,0,imagenet_c,defocus_blur,1,none
efficientnet_b4,ILSVRC2012_val_00006712.JPEG,n04522168,883,666,0.201792,0,imagenet_c,defocus_blur,1,none
efficientnet_b4,ILSVRC2012_val_00007642.JPEG,n04522168,883,846,0.33007112,0,imagenet_c,defocus_blur,1,none
efficientnet_b4,ILSVRC2012_val_00007772.JPEG,n04522168,883,584,0.24048948,0,imagenet_c,defocus_blur,1,none
efficientnet_b4,ILSVRC2012_val_00010407.JPEG,n04522168,883,532,0.070490845,0,imagenet_c,defocus_blur,1,none
efficientnet_b4,ILSVRC2012_val_00011020.JPEG,n04522168,883,469,0.3699595,0,imagenet_c,defocus_blur,1,none
efficientnet_b4,ILSVRC2012_val_00011121.JPEG,n04522168,883,883,0.41784292,1,imagenet_c,defocus_blur,1,none
efficientnet_b4,ILSVRC2012_val_00011908.JPEG,n04522168,883,883,0.60254925,1,imagenet_c,defocus_blur,1,none
efficientnet_b4,ILSVRC2012_val_00012036.JPEG,n04522168,883,849,0.17191376,0,imagenet_c,defocus_blur,1,none
efficientnet_b4,ILSVRC2012_val_00012147.JPEG,n04522168,883,738,0.14289217,0,imagenet_c,defocus_blur,1,none
efficientnet_b4,ILSVRC2012_val_00013199.JPEG,n04522168,883,846,0.24882796,0,imagenet_c,defocus_blur,1,none
efficientnet_b4,ILSVRC2012_val_00017607.JPEG,n04522168,883,883,0.27797785,1,imagenet_c,defocus_blur,1,none
efficientnet_b4,ILSVRC2012_val_00018049.JPEG,n04522168,883,711,0.08922661,0,imagenet_c,defocus_blur,1,none
efficientnet_b4,ILSVRC2012_val_00018077.JPEG,n04522168,883,883,0.48968,1,imagenet_c,defocus_blur,1,none
efficientnet_b4,ILSVRC2012_val_00018777.JPEG,n04522168,883,762,0.15056568,0,imagenet_c,defocus_blur,1,none
efficientnet_b4,ILSVRC2012_val_00018977.JPEG,n04522168,883,323,0.23337491,0,imagenet_c,defocus_blur,1,none
efficientnet_b4,ILSVRC2012_val_00028768.JPEG,n04522168,883,739,0.7365857,0,imagenet_c,defocus_blur,1,none
efficientnet_b4,ILSVRC2012_val_00030856.JPEG,n04522168,883,762,0.14463785,0,imagenet_c,defocus_blur,1,none
efficientnet_b4,ILSVRC2012_val_00031441.JPEG,n04522168,883,883,0.3311035,1,imagenet_c,defocus_blur,1,none
efficientnet_b4,ILSVRC2012_val_00031592.JPEG,n04522168,883,883,0.7546192,1,imagenet_c,defocus_blur,1,none
efficientnet_b4,ILSVRC2012_val_00031654.JPEG,n04522168,883,862,0.39470685,0,imagenet_c,defocus_blur,1,none
efficientnet_b4,ILSVRC2012_val_00031872.JPEG,n04522168,883,883,0.3406262,1,imagenet_c,defocus_blur,1,none
efficientnet_b4,ILSVRC2012_val_00032364.JPEG,n04522168,883,883,0.35312244,1,imagenet_c,defocus_blur,1,none
efficientnet_b4,ILSVRC2012_val_00034163.JPEG,n04522168,883,883,0.23783182,1,imagenet_c,defocus_blur,1,none
efficientnet_b4,ILSVRC2012_val_00034387.JPEG,n04522168,883,738,0.1379233,0,imagenet_c,defocus_blur,1,none
efficientnet_b4,ILSVRC2012_val_00035219.JPEG,n04522168,883,406,0.03287976,0,imagenet_c,defocus_blur,1,none
efficientnet_b4,ILSVRC2012_val_00035813.JPEG,n04522168,883,883,0.084879816,1,imagenet_c,defocus_blur,1,none
efficientnet_b4,ILSVRC2012_val_00037121.JPEG,n04522168,883,773,0.26260507,0,imagenet_c,defocus_blur,1,none
efficientnet_b4,ILSVRC2012_val_00037335.JPEG,n04522168,883,883,0.5613371,1,imagenet_c,defocus_blur,1,none
efficientnet_b4,ILSVRC2012_val_00039280.JPEG,n04522168,883,804,0.062749185,0,imagenet_c,defocus_blur,1,none
efficientnet_b4,ILSVRC2012_val_00039729.JPEG,n04522168,883,969,0.10612088,0,imagenet_c,defocus_blur,1,none
efficientnet_b4,ILSVRC2012_val_00040024.JPEG,n04522168,883,957,0.10821078,0,imagenet_c,defocus_blur,1,none
efficientnet_b4,ILSVRC2012_val_00041967.JPEG,n04522168,883,738,0.086089335,0,imagenet_c,defocus_blur,1,none
efficientnet_b4,ILSVRC2012_val_00042916.JPEG,n04522168,883,463,0.1714375,0,imagenet_c,defocus_blur,1,none
efficientnet_b4,ILSVRC2012_val_00042947.JPEG,n04522168,883,899,0.09848388,0,imagenet_c,defocus_blur,1,none
efficientnet_b4,ILSVRC2012_val_00045714.JPEG,n04522168,883,883,0.45327848,1,imagenet_c,defocus_blur,1,none
efficientnet_b4,ILSVRC2012_val_00046271.JPEG,n04522168,883,493,0.022562768,0,imagenet_c,defocus_blur,1,none
efficientnet_b4,ILSVRC2012_val_00046900.JPEG,n04522168,883,883,0.18768016,1,imagenet_c,defocus_blur,1,none
efficientnet_b4,ILSVRC2012_val_00047178.JPEG,n04522168,883,708,0.061182454,0,imagenet_c,defocus_blur,1,none
efficientnet_b4,ILSVRC2012_val_00047639.JPEG,n04522168,883,883,0.31521899,1,imagenet_c,defocus_blur,1,none
efficientnet_b4,ILSVRC2012_val_00047813.JPEG,n04522168,883,818,0.08765593,0,imagenet_c,defocus_blur,1,none
efficientnet_b4,ILSVRC2012_val_00048073.JPEG,n04522168,883,883,0.40905863,1,imagenet_c,defocus_blur,1,none
efficientnet_b4,ILSVRC2012_val_00048744.JPEG,n04522168,883,572,0.37312406,0,imagenet_c,defocus_blur,1,none
efficientnet_b4,ILSVRC2012_val_00049753.JPEG,n04522168,883,883,0.3415778,1,imagenet_c,defocus_blur,1,none
efficientnet_b4,ILSVRC2012_val_00001002.JPEG,n04523525,884,884,0.6150927,1,imagenet_c,defocus_blur,1,none
efficientnet_b4,ILSVRC2012_val_00001477.JPEG,n04523525,884,884,0.44153395,1,imagenet_c,defocus_blur,1,none
efficientnet_b4,ILSVRC2012_val_00001798.JPEG,n04523525,884,698,0.1548519,0,imagenet_c,defocus_blur,1,none
efficientnet_b4,ILSVRC2012_val_00001817.JPEG,n04523525,884,884,0.43012348,1,imagenet_c,defocus_blur,1,none
efficientnet_b4,ILSVRC2012_val_00003132.JPEG,n04523525,884,884,0.3604467,1,imagenet_c,defocus_blur,1,none
efficientnet_b4,ILSVRC2012_val_00004513.JPEG,n04523525,884,884,0.35818335,1,imagenet_c,defocus_blur,1,none
efficientnet_b4,ILSVRC2012_val_00007144.JPEG,n04523525,884,884,0.22542803,1,imagenet_c,defocus_blur,1,none
efficientnet_b4,ILSVRC2012_val_00009829.JPEG,n04523525,884,884,0.49927333,1,imagenet_c,defocus_blur,1,none
efficientnet_b4,ILSVRC2012_val_00009995.JPEG,n04523525,884,884,0.10649295,1,imagenet_c,defocus_blur,1,none
efficientnet_b4,ILSVRC2012_val_00010559.JPEG,n04523525,884,884,0.39018813,1,imagenet_c,defocus_blur,1,none
efficientnet_b4,ILSVRC2012_val_00010588.JPEG,n04523525,884,884,0.48163745,1,imagenet_c,defocus_blur,1,none
efficientnet_b4,ILSVRC2012_val_00011407.JPEG,n04523525,884,884,0.4573603,1,imagenet_c,defocus_blur,1,none
efficientnet_b4,ILSVRC2012_val_00011949.JPEG,n04523525,884,884,0.5471706,1,imagenet_c,defocus_blur,1,none
efficientnet_b4,ILSVRC2012_val_00012912.JPEG,n04523525,884,884,0.4901529,1,imagenet_c,defocus_blur,1,none
efficientnet_b4,ILSVRC2012_val_00013142.JPEG,n04523525,884,884,0.8098553,1,imagenet_c,defocus_blur,1,none
efficientnet_b4,ILSVRC2012_val_00013949.JPEG,n04523525,884,884,0.22349107,1,imagenet_c,defocus_blur,1,none
efficientnet_b4,ILSVRC2012_val_00014873.JPEG,n04523525,884,884,0.57241976,1,imagenet_c,defocus_blur,1,none
efficientnet_b4,ILSVRC2012_val_00014893.JPEG,n04523525,884,884,0.5111858,1,imagenet_c,defocus_blur,1,none
efficientnet_b4,ILSVRC2012_val_00016011.JPEG,n04523525,884,406,0.09806827,0,imagenet_c,defocus_blur,1,none
efficientnet_b4,ILSVRC2012_val_00016265.JPEG,n04523525,884,884,0.37543476,1,imagenet_c,defocus_blur,1,none
efficientnet_b4,ILSVRC2012_val_00016963.JPEG,n04523525,884,884,0.6070911,1,imagenet_c,defocus_blur,1,none
efficientnet_b4,ILSVRC2012_val_00017038.JPEG,n04523525,884,660,0.2713199,0,imagenet_c,defocus_blur,1,none
efficientnet_b4,ILSVRC2012_val_00018433.JPEG,n04523525,884,594,0.092421785,0,imagenet_c,defocus_blur,1,none
efficientnet_b4,ILSVRC2012_val_00018504.JPEG,n04523525,884,663,0.3056792,0,imagenet_c,defocus_blur,1,none
efficientnet_b4,ILSVRC2012_val_00019004.JPEG,n04523525,884,884,0.34511563,1,imagenet_c,defocus_blur,1,none
efficientnet_b4,ILSVRC2012_val_00019502.JPEG,n04523525,884,660,0.15476257,0,imagenet_c,defocus_blur,1,none
efficientnet_b4,ILSVRC2012_val_00019945.JPEG,n04523525,884,884,0.63996696,1,imagenet_c,defocus_blur,1,none
efficientnet_b4,ILSVRC2012_val_00020794.JPEG,n04523525,884,442,0.14219768,0,imagenet_c,defocus_blur,1,none
efficientnet_b4,ILSVRC2012_val_00021182.JPEG,n04523525,884,884,0.17219888,1,imagenet_c,defocus_blur,1,none
efficientnet_b4,ILSVRC2012_val_00022733.JPEG,n04523525,884,350,0.06632328,0,imagenet_c,defocus_blur,1,none
efficientnet_b4,ILSVRC2012_val_00024062.JPEG,n04523525,884,884,0.38687986,1,imagenet_c,defocus_blur,1,none
efficientnet_b4,ILSVRC2012_val_00024824.JPEG,n04523525,884,884,0.39954606,1,imagenet_c,defocus_blur,1,none
efficientnet_b4,ILSVRC2012_val_00025290.JPEG,n04523525,884,406,0.23954901,0,imagenet_c,defocus_blur,1,none
efficientnet_b4,ILSVRC2012_val_00025422.JPEG,n04523525,884,884,0.5657032,1,imagenet_c,defocus_blur,1,none
efficientnet_b4,ILSVRC2012_val_00028129.JPEG,n04523525,884,884,0.6365998,1,imagenet_c,defocus_blur,1,none
efficientnet_b4,ILSVRC2012_val_00029349.JPEG,n04523525,884,857,0.3143196,0,imagenet_c,defocus_blur,1,none
efficientnet_b4,ILSVRC2012_val_00029686.JPEG,n04523525,884,884,0.22999331,1,imagenet_c,defocus_blur,1,none
efficientnet_b4,ILSVRC2012_val_00032984.JPEG,n04523525,884,663,0.15478526,0,imagenet_c,defocus_blur,1,none
efficientnet_b4,ILSVRC2012_val_00033011.JPEG,n04523525,884,884,0.32002273,1,imagenet_c,defocus_blur,1,none
efficientnet_b4,ILSVRC2012_val_00033029.JPEG,n04523525,884,884,0.54333013,1,imagenet_c,defocus_blur,1,none
efficientnet_b4,ILSVRC2012_val_00033859.JPEG,n04523525,884,884,0.34012944,1,imagenet_c,defocus_blur,1,none
efficientnet_b4,ILSVRC2012_val_00034392.JPEG,n04523525,884,884,0.53420657,1,imagenet_c,defocus_blur,1,none
efficientnet_b4,ILSVRC2012_val_00041517.JPEG,n04523525,884,663,0.35628867,0,imagenet_c,defocus_blur,1,none
efficientnet_b4,ILSVRC2012_val_00043704.JPEG,n04523525,884,663,0.70542526,0,imagenet_c,defocus_blur,1,none
efficientnet_b4,ILSVRC2012_val_00043862.JPEG,n04523525,884,884,0.53628474,1,imagenet_c,defocus_blur,1,none
efficientnet_b4,ILSVRC2012_val_00044280.JPEG,n04523525,884,884,0.50994146,1,imagenet_c,defocus_blur,1,none
efficientnet_b4,ILSVRC2012_val_00047177.JPEG,n04523525,884,884,0.6216907,1,imagenet_c,defocus_blur,1,none
efficientnet_b4,ILSVRC2012_val_00048580.JPEG,n04523525,884,406,0.57319415,0,imagenet_c,defocus_blur,1,none
efficientnet_b4,ILSVRC2012_val_00049447.JPEG,n04523525,884,884,0.15026656,1,imagenet_c,defocus_blur,1,none
efficientnet_b4,ILSVRC2012_val_00049794.JPEG,n04523525,884,663,0.21430393,0,imagenet_c,defocus_blur,1,none
efficientnet_b4,ILSVRC2012_val_00000433.JPEG,n04525038,885,748,0.2054613,0,imagenet_c,defocus_blur,1,none
efficientnet_b4,ILSVRC2012_val_00001794.JPEG,n04525038,885,591,0.13260403,0,imagenet_c,defocus_blur,1,none
efficientnet_b4,ILSVRC2012_val_00001999.JPEG,n04525038,885,906,0.34319648,0,imagenet_c,defocus_blur,1,none
efficientnet_b4,ILSVRC2012_val_00002188.JPEG,n04525038,885,885,0.12246336,1,imagenet_c,defocus_blur,1,none
efficientnet_b4,ILSVRC2012_val_00003391.JPEG,n04525038,885,400,0.13400912,0,imagenet_c,defocus_blur,1,none
efficientnet_b4,ILSVRC2012_val_00003663.JPEG,n04525038,885,857,0.28308165,0,imagenet_c,defocus_blur,1,none
efficientnet_b4,ILSVRC2012_val_00004131.JPEG,n04525038,885,765,0.404011,0,imagenet_c,defocus_blur,1,none
efficientnet_b4,ILSVRC2012_val_00004739.JPEG,n04525038,885,885,0.8598095,1,imagenet_c,defocus_blur,1,none
efficientnet_b4,ILSVRC2012_val_00004881.JPEG,n04525038,885,721,0.0750376,0,imagenet_c,defocus_blur,1,none
efficientnet_b4,ILSVRC2012_val_00005602.JPEG,n04525038,885,806,0.14129624,0,imagenet_c,defocus_blur,1,none
efficientnet_b4,ILSVRC2012_val_00005680.JPEG,n04525038,885,584,0.16472511,0,imagenet_c,defocus_blur,1,none
efficientnet_b4,ILSVRC2012_val_00006115.JPEG,n04525038,885,880,0.15083148,0,imagenet_c,defocus_blur,1,none
efficientnet_b4,ILSVRC2012_val_00006776.JPEG,n04525038,885,658,0.116716124,0,imagenet_c,defocus_blur,1,none
efficientnet_b4,ILSVRC2012_val_00008068.JPEG,n04525038,885,885,0.16953617,1,imagenet_c,defocus_blur,1,none
efficientnet_b4,ILSVRC2012_val_00008589.JPEG,n04525038,885,591,0.2098922,0,imagenet_c,defocus_blur,1,none
efficientnet_b4,ILSVRC2012_val_00009737.JPEG,n04525038,885,831,0.083717115,0,imagenet_c,defocus_blur,1,none
efficientnet_b4,ILSVRC2012_val_00010262.JPEG,n04525038,885,529,0.09443134,0,imagenet_c,defocus_blur,1,none
efficientnet_b4,ILSVRC2012_val_00010858.JPEG,n04525038,885,885,0.49401665,1,imagenet_c,defocus_blur,1,none
efficientnet_b4,ILSVRC2012_val_00010935.JPEG,n04525038,885,584,0.16816221,0,imagenet_c,defocus_blur,1,none
efficientnet_b4,ILSVRC2012_val_00012324.JPEG,n04525038,885,584,0.055893052,0,imagenet_c,defocus_blur,1,none
efficientnet_b4,ILSVRC2012_val_00013636.JPEG,n04525038,885,464,0.24196135,0,imagenet_c,defocus_blur,1,none
efficientnet_b4,ILSVRC2012_val_00014445.JPEG,n04525038,885,813,0.07023986,0,imagenet_c,defocus_blur,1,none
efficientnet_b4,ILSVRC2012_val_00014919.JPEG,n04525038,885,522,0.08336782,0,imagenet_c,defocus_blur,1,none
efficientnet_b4,ILSVRC2012_val_00019244.JPEG,n04525038,885,474,0.16736974,0,imagenet_c,defocus_blur,1,none
efficientnet_b4,ILSVRC2012_val_00023329.JPEG,n04525038,885,887,0.0683491,0,imagenet_c,defocus_blur,1,none
efficientnet_b4,ILSVRC2012_val_00025160.JPEG,n04525038,885,885,0.81713164,1,imagenet_c,defocus_blur,1,none
efficientnet_b4,ILSVRC2012_val_00025204.JPEG,n04525038,885,785,0.22068053,0,imagenet_c,defocus_blur,1,none
efficientnet_b4,ILSVRC2012_val_00025342.JPEG,n04525038,885,568,0.61712027,0,imagenet_c,defocus_blur,1,none
efficientnet_b4,ILSVRC2012_val_00025705.JPEG,n04525038,885,885,0.15703504,1,imagenet_c,defocus_blur,1,none
efficientnet_b4,ILSVRC2012_val_00028083.JPEG,n04525038,885,673,0.15056653,0,imagenet_c,defocus_blur,1,none
efficientnet_b4,ILSVRC2012_val_00028309.JPEG,n04525038,885,911,0.067583285,0,imagenet_c,defocus_blur,1,none
efficientnet_b4,ILSVRC2012_val_00028390.JPEG,n04525038,885,911,0.15029857,0,imagenet_c,defocus_blur,1,none
efficientnet_b4,ILSVRC2012_val_00028997.JPEG,n04525038,885,753,0.22878532,0,imagenet_c,defocus_blur,1,none
efficientnet_b4,ILSVRC2012_val_00029578.JPEG,n04525038,885,806,0.06123146,0,imagenet_c,defocus_blur,1,none
efficientnet_b4,ILSVRC2012_val_00029779.JPEG,n04525038,885,533,0.06684534,0,imagenet_c,defocus_blur,1,none
efficientnet_b4,ILSVRC2012_val_00031490.JPEG,n04525038,885,680,0.10009458,0,imagenet_c,defocus_blur,1,none
efficientnet_b4,ILSVRC2012_val_00034058.JPEG,n04525038,885,601,0.18578295,0,imagenet_c,defocus_blur,1,none
efficientnet_b4,ILSVRC2012_val_00035435.JPEG,n04525038,885,885,0.1570309,1,imagenet_c,defocus_blur,1,none
efficientnet_b4,ILSVRC2012_val_00036415.JPEG,n04525038,885,787,0.07373363,0,imagenet_c,defocus_blur,1,none
efficientnet_b4,ILSVRC2012_val_00039502.JPEG,n04525038,885,450,0.06552108,0,imagenet_c,defocus_blur,1,none
efficientnet_b4,ILSVRC2012_val_00039921.JPEG,n04525038,885,893,0.39699298,0,imagenet_c,defocus_blur,1,none
efficientnet_b4,ILSVRC2012_val_00041534.JPEG,n04525038,885,741,0.19403675,0,imagenet_c,defocus_blur,1,none
efficientnet_b4,ILSVRC2012_val_00043142.JPEG,n04525038,885,854,0.6550386,0,imagenet_c,defocus_blur,1,none
efficientnet_b4,ILSVRC2012_val_00044175.JPEG,n04525038,885,885,0.15115368,1,imagenet_c,defocus_blur,1,none
efficientnet_b4,ILSVRC2012_val_00044332.JPEG,n04525038,885,689,0.28304935,0,imagenet_c,defocus_blur,1,none
efficientnet_b4,ILSVRC2012_val_00044419.JPEG,n04525038,885,885,0.20086135,1,imagenet_c,defocus_blur,1,none
efficientnet_b4,ILSVRC2012_val_00046268.JPEG,n04525038,885,885,0.2610006,1,imagenet_c,defocus_blur,1,none
efficientnet_b4,ILSVRC2012_val_00046504.JPEG,n04525038,885,721,0.1441728,0,imagenet_c,defocus_blur,1,none
efficientnet_b4,ILSVRC2012_val_00047348.JPEG,n04525038,885,470,0.031625487,0,imagenet_c,defocus_blur,1,none
efficientnet_b4,ILSVRC2012_val_00047874.JPEG,n04525038,885,610,0.2561955,0,imagenet_c,defocus_blur,1,none
efficientnet_b4,ILSVRC2012_val_00001881.JPEG,n04525305,886,886,0.38669425,1,imagenet_c,defocus_blur,1,none
efficientnet_b4,ILSVRC2012_val_00002407.JPEG,n04525305,886,886,0.584579,1,imagenet_c,defocus_blur,1,none
efficientnet_b4,ILSVRC2012_val_00004510.JPEG,n04525305,886,886,0.5624623,1,imagenet_c,defocus_blur,1,none
efficientnet_b4,ILSVRC2012_val_00005721.JPEG,n04525305,886,860,0.1680266,0,imagenet_c,defocus_blur,1,none
efficientnet_b4,ILSVRC2012_val_00005732.JPEG,n04525305,886,886,0.61427534,1,imagenet_c,defocus_blur,1,none
efficientnet_b4,ILSVRC2012_val_00006255.JPEG,n04525305,886,886,0.5934777,1,imagenet_c,defocus_blur,1,none
efficientnet_b4,ILSVRC2012_val_00007841.JPEG,n04525305,886,886,0.6275913,1,imagenet_c,defocus_blur,1,none
efficientnet_b4,ILSVRC2012_val_00009844.JPEG,n04525305,886,886,0.33925495,1,imagenet_c,defocus_blur,1,none
efficientnet_b4,ILSVRC2012_val_00010451.JPEG,n04525305,886,886,0.3362443,1,imagenet_c,defocus_blur,1,none
efficientnet_b4,ILSVRC2012_val_00012357.JPEG,n04525305,886,582,0.3656297,0,imagenet_c,defocus_blur,1,none
efficientnet_b4,ILSVRC2012_val_00012903.JPEG,n04525305,886,886,0.34528926,1,imagenet_c,defocus_blur,1,none
efficientnet_b4,ILSVRC2012_val_00012909.JPEG,n04525305,886,886,0.4460494,1,imagenet_c,defocus_blur,1,none
efficientnet_b4,ILSVRC2012_val_00014061.JPEG,n04525305,886,886,0.5645083,1,imagenet_c,defocus_blur,1,none
efficientnet_b4,ILSVRC2012_val_00014899.JPEG,n04525305,886,886,0.4358266,1,imagenet_c,defocus_blur,1,none
efficientnet_b4,ILSVRC2012_val_00015240.JPEG,n04525305,886,480,0.27770257,0,imagenet_c,defocus_blur,1,none
efficientnet_b4,ILSVRC2012_val_00017691.JPEG,n04525305,886,886,0.28222865,1,imagenet_c,defocus_blur,1,none
efficientnet_b4,ILSVRC2012_val_00018285.JPEG,n04525305,886,454,0.2709549,0,imagenet_c,defocus_blur,1,none
efficientnet_b4,ILSVRC2012_val_00019168.JPEG,n04525305,886,886,0.48036483,1,imagenet_c,defocus_blur,1,none
efficientnet_b4,ILSVRC2012_val_00019911.JPEG,n04525305,886,886,0.3066171,1,imagenet_c,defocus_blur,1,none
efficientnet_b4,ILSVRC2012_val_00020237.JPEG,n04525305,886,886,0.45106998,1,imagenet_c,defocus_blur,1,none
efficientnet_b4,ILSVRC2012_val_00021451.JPEG,n04525305,886,886,0.41339955,1,imagenet_c,defocus_blur,1,none
efficientnet_b4,ILSVRC2012_val_00023279.JPEG,n04525305,886,886,0.32932383,1,imagenet_c,defocus_blur,1,none
efficientnet_b4,ILSVRC2012_val_00023422.JPEG,n04525305,886,886,0.43601742,1,imagenet_c,defocus_blur,1,none
efficientnet_b4,ILSVRC2012_val_00024120.JPEG,n04525305,886,886,0.65117407,1,imagenet_c,defocus_blur,1,none
efficientnet_b4,ILSVRC2012_val_00025822.JPEG,n04525305,886,886,0.5574522,1,imagenet_c,defocus_blur,1,none
efficientnet_b4,ILSVRC2012_val_00026897.JPEG,n04525305,886,886,0.47704074,1,imagenet_c,defocus_blur,1,none
efficientnet_b4,ILSVRC2012_val_00028080.JPEG,n04525305,886,886,0.3600377,1,imagenet_c,defocus_blur,1,none
efficientnet_b4,ILSVRC2012_val_00030473.JPEG,n04525305,886,886,0.35103127,1,imagenet_c,defocus_blur,1,none
efficientnet_b4,ILSVRC2012_val_00031468.JPEG,n04525305,886,886,0.34719443,1,imagenet_c,defocus_blur,1,none
efficientnet_b4,ILSVRC2012_val_00033755.JPEG,n04525305,886,886,0.43301576,1,imagenet_c,defocus_blur,1,none
efficientnet_b4,ILSVRC2012_val_00033818.JPEG,n04525305,886,707,0.08489861,0,imagenet_c,defocus_blur,1,none
efficientnet_b4,ILSVRC2012_val_00033889.JPEG,n04525305,886,886,0.25465506,1,imagenet_c,defocus_blur,1,none
efficientnet_b4,ILSVRC2012_val_00034568.JPEG,n04525305,886,886,0.39953858,1,imagenet_c,defocus_blur,1,none
efficientnet_b4,ILSVRC2012_val_00034798.JPEG,n04525305,886,886,0.43179742,1,imagenet_c,defocus_blur,1,none
efficientnet_b4,ILSVRC2012_val_00035798.JPEG,n04525305,886,886,0.5026912,1,imagenet_c,defocus_blur,1,none
efficientnet_b4,ILSVRC2012_val_00036336.JPEG,n04525305,886,886,0.4262728,1,imagenet_c,defocus_blur,1,none
efficientnet_b4,ILSVRC2012_val_00036952.JPEG,n04525305,886,886,0.49738482,1,imagenet_c,defocus_blur,1,none
efficientnet_b4,ILSVRC2012_val_00039221.JPEG,n04525305,886,886,0.51673055,1,imagenet_c,defocus_blur,1,none
efficientnet_b4,ILSVRC2012_val_00041885.JPEG,n04525305,886,737,0.059529275,0,imagenet_c,defocus_blur,1,none
efficientnet_b4,ILSVRC2012_val_00042018.JPEG,n04525305,886,886,0.5114408,1,imagenet_c,defocus_blur,1,none
efficientnet_b4,ILSVRC2012_val_00043189.JPEG,n04525305,886,886,0.4042084,1,imagenet_c,defocus_blur,1,none
efficientnet_b4,ILSVRC2012_val_00044917.JPEG,n04525305,886,886,0.5254993,1,imagenet_c,defocus_blur,1,none
efficientnet_b4,ILSVRC2012_val_00045040.JPEG,n04525305,886,886,0.5050721,1,imagenet_c,defocus_blur,1,none
efficientnet_b4,ILSVRC2012_val_00046288.JPEG,n04525305,886,886,0.4112683,1,imagenet_c,defocus_blur,1,none
efficientnet_b4,ILSVRC2012_val_00046773.JPEG,n04525305,886,423,0.053627867,0,imagenet_c,defocus_blur,1,none
efficientnet_b4,ILSVRC2012_val_00046926.JPEG,n04525305,886,886,0.5225702,1,imagenet_c,defocus_blur,1,none
efficientnet_b4,ILSVRC2012_val_00048411.JPEG,n04525305,886,886,0.08245285,1,imagenet_c,defocus_blur,1,none
efficientnet_b4,ILSVRC2012_val_00048453.JPEG,n04525305,886,886,0.4701976,1,imagenet_c,defocus_blur,1,none
efficientnet_b4,ILSVRC2012_val_00049713.JPEG,n04525305,886,886,0.5365848,1,imagenet_c,defocus_blur,1,none
efficientnet_b4,ILSVRC2012_val_00049957.JPEG,n04525305,886,886,0.39484322,1,imagenet_c,defocus_blur,1,none
efficientnet_b4,ILSVRC2012_val_00000036.JPEG,n04532106,887,887,0.4744033,1,imagenet_c,defocus_blur,1,none
efficientnet_b4,ILSVRC2012_val_00000068.JPEG,n04532106,887,887,0.4950329,1,imagenet_c,defocus_blur,1,none
efficientnet_b4,ILSVRC2012_val_00000338.JPEG,n04532106,887,887,0.4547309,1,imagenet_c,defocus_blur,1,none
efficientnet_b4,ILSVRC2012_val_00003578.JPEG,n04532106,887,887,0.4202275,1,imagenet_c,defocus_blur,1,none
efficientnet_b4,ILSVRC2012_val_00004268.JPEG,n04532106,887,887,0.37330732,1,imagenet_c,defocus_blur,1,none
efficientnet_b4,ILSVRC2012_val_00005091.JPEG,n04532106,887,887,0.3219761,1,imagenet_c,defocus_blur,1,none
efficientnet_b4,ILSVRC2012_val_00006477.JPEG,n04532106,887,887,0.50389284,1,imagenet_c,defocus_blur,1,none
efficientnet_b4,ILSVRC2012_val_00006733.JPEG,n04532106,887,887,0.31396678,1,imagenet_c,defocus_blur,1,none
efficientnet_b4,ILSVRC2012_val_00008370.JPEG,n04532106,887,624,0.69820225,0,imagenet_c,defocus_blur,1,none
efficientnet_b4,ILSVRC2012_val_00008470.JPEG,n04532106,887,689,0.17620498,0,imagenet_c,defocus_blur,1,none
efficientnet_b4,ILSVRC2012_val_00009759.JPEG,n04532106,887,399,0.33706218,0,imagenet_c,defocus_blur,1,none
efficientnet_b4,ILSVRC2012_val_00011984.JPEG,n04532106,887,887,0.24126755,1,imagenet_c,defocus_blur,1,none
efficientnet_b4,ILSVRC2012_val_00013235.JPEG,n04532106,887,855,0.06483572,0,imagenet_c,defocus_blur,1,none
efficientnet_b4,ILSVRC2012_val_00013500.JPEG,n04532106,887,887,0.3875749,1,imagenet_c,defocus_blur,1,none
efficientnet_b4,ILSVRC2012_val_00014166.JPEG,n04532106,887,399,0.36382166,0,imagenet_c,defocus_blur,1,none
efficientnet_b4,ILSVRC2012_val_00018024.JPEG,n04532106,887,580,0.04704917,0,imagenet_c,defocus_blur,1,none
efficientnet_b4,ILSVRC2012_val_00019133.JPEG,n04532106,887,689,0.35661295,0,imagenet_c,defocus_blur,1,none
efficientnet_b4,ILSVRC2012_val_00019983.JPEG,n04532106,887,406,0.20612147,0,imagenet_c,defocus_blur,1,none
efficientnet_b4,ILSVRC2012_val_00020412.JPEG,n04532106,887,887,0.5555556,1,imagenet_c,defocus_blur,1,none
efficientnet_b4,ILSVRC2012_val_00020537.JPEG,n04532106,887,689,0.121898144,0,imagenet_c,defocus_blur,1,none
efficientnet_b4,ILSVRC2012_val_00020638.JPEG,n04532106,887,406,0.2481424,0,imagenet_c,defocus_blur,1,none
efficientnet_b4,ILSVRC2012_val_00021107.JPEG,n04532106,887,822,0.13341108,0,imagenet_c,defocus_blur,1,none
efficientnet_b4,ILSVRC2012_val_00022293.JPEG,n04532106,887,887,0.77028656,1,imagenet_c,defocus_blur,1,none
efficientnet_b4,ILSVRC2012_val_00022570.JPEG,n04532106,887,887,0.29321617,1,imagenet_c,defocus_blur,1,none
efficientnet_b4,ILSVRC2012_val_00024073.JPEG,n04532106,887,476,0.1306591,0,imagenet_c,defocus_blur,1,none
efficientnet_b4,ILSVRC2012_val_00028793.JPEG,n04532106,887,887,0.74650294,1,imagenet_c,defocus_blur,1,none
efficientnet_b4,ILSVRC2012_val_00031518.JPEG,n04532106,887,855,0.068951994,0,imagenet_c,defocus_blur,1,none
efficientnet_b4,ILSVRC2012_val_00032645.JPEG,n04532106,887,406,0.059778426,0,imagenet_c,defocus_blur,1,none
efficientnet_b4,ILSVRC2012_val_00032765.JPEG,n04532106,887,775,0.056916416,0,imagenet_c,defocus_blur,1,none
efficientnet_b4,ILSVRC2012_val_00032895.JPEG,n04532106,887,494,0.20357902,0,imagenet_c,defocus_blur,1,none
efficientnet_b4,ILSVRC2012_val_00032900.JPEG,n04532106,887,887,0.3047944,1,imagenet_c,defocus_blur,1,none
efficientnet_b4,ILSVRC2012_val_00033506.JPEG,n04532106,887,887,0.39340016,1,imagenet_c,defocus_blur,1,none
efficientnet_b4,ILSVRC2012_val_00033805.JPEG,n04532106,887,741,0.34767243,0,imagenet_c,defocus_blur,1,none
efficientnet_b4,ILSVRC2012_val_00034337.JPEG,n04532106,887,887,0.33041397,1,imagenet_c,defocus_blur,1,none
efficientnet_b4,ILSVRC2012_val_00036410.JPEG,n04532106,887,887,0.15051077,1,imagenet_c,defocus_blur,1,none
efficientnet_b4,ILSVRC2012_val_00037683.JPEG,n04532106,887,887,0.6654808,1,imagenet_c,defocus_blur,1,none
efficientnet_b4,ILSVRC2012_val_00038650.JPEG,n04532106,887,887,0.4754466,1,imagenet_c,defocus_blur,1,none
efficientnet_b4,ILSVRC2012_val_00039756.JPEG,n04532106,887,887,0.5203465,1,imagenet_c,defocus_blur,1,none
efficientnet_b4,ILSVRC2012_val_00043040.JPEG,n04532106,887,887,0.51354104,1,imagenet_c,defocus_blur,1,none
efficientnet_b4,ILSVRC2012_val_00043135.JPEG,n04532106,887,893,0.28061566,0,imagenet_c,defocus_blur,1,none
efficientnet_b4,ILSVRC2012_val_00043620.JPEG,n04532106,887,887,0.08563488,1,imagenet_c,defocus_blur,1,none
efficientnet_b4,ILSVRC2012_val_00045385.JPEG,n04532106,887,887,0.19379364,1,imagenet_c,defocus_blur,1,none
efficientnet_b4,ILSVRC2012_val_00047444.JPEG,n04532106,887,689,0.39578068,0,imagenet_c,defocus_blur,1,none
efficientnet_b4,ILSVRC2012_val_00047663.JPEG,n04532106,887,887,0.26515833,1,imagenet_c,defocus_blur,1,none
efficientnet_b4,ILSVRC2012_val_00048164.JPEG,n04532106,887,721,0.16727152,0,imagenet_c,defocus_blur,1,none
efficientnet_b4,ILSVRC2012_val_00048503.JPEG,n04532106,887,887,0.65939146,1,imagenet_c,defocus_blur,1,none
efficientnet_b4,ILSVRC2012_val_00048541.JPEG,n04532106,887,51,0.19327293,0,imagenet_c,defocus_blur,1,none
efficientnet_b4,ILSVRC2012_val_00048657.JPEG,n04532106,887,689,0.11090476,0,imagenet_c,defocus_blur,1,none
efficientnet_b4,ILSVRC2012_val_00048731.JPEG,n04532106,887,887,0.102795824,1,imagenet_c,defocus_blur,1,none
efficientnet_b4,ILSVRC2012_val_00049927.JPEG,n04532106,887,887,0.21272504,1,imagenet_c,defocus_blur,1,none
efficientnet_b4,ILSVRC2012_val_00000296.JPEG,n04532670,888,821,0.38890567,0,imagenet_c,defocus_blur,1,none
efficientnet_b4,ILSVRC2012_val_00000475.JPEG,n04532670,888,888,0.6827065,1,imagenet_c,defocus_blur,1,none
efficientnet_b4,ILSVRC2012_val_00000951.JPEG,n04532670,888,888,0.7083092,1,imagenet_c,defocus_blur,1,none
efficientnet_b4,ILSVRC2012_val_00001554.JPEG,n04532670,888,888,0.5688912,1,imagenet_c,defocus_blur,1,none
efficientnet_b4,ILSVRC2012_val_00003544.JPEG,n04532670,888,888,0.5894984,1,imagenet_c,defocus_blur,1,none
efficientnet_b4,ILSVRC2012_val_00008168.JPEG,n04532670,888,888,0.4518061,1,imagenet_c,defocus_blur,1,none
efficientnet_b4,ILSVRC2012_val_00009733.JPEG,n04532670,888,888,0.6971798,1,imagenet_c,defocus_blur,1,none
efficientnet_b4,ILSVRC2012_val_00009742.JPEG,n04532670,888,888,0.72229594,1,imagenet_c,defocus_blur,1,none
efficientnet_b4,ILSVRC2012_val_00010807.JPEG,n04532670,888,888,0.6908354,1,imagenet_c,defocus_blur,1,none
efficientnet_b4,ILSVRC2012_val_00011560.JPEG,n04532670,888,448,0.10025138,0,imagenet_c,defocus_blur,1,none
efficientnet_b4,ILSVRC2012_val_00011871.JPEG,n04532670,888,888,0.6233696,1,imagenet_c,defocus_blur,1,none
efficientnet_b4,ILSVRC2012_val_00011929.JPEG,n04532670,888,888,0.5677174,1,imagenet_c,defocus_blur,1,none
efficientnet_b4,ILSVRC2012_val_00011940.JPEG,n04532670,888,975,0.039168674,0,imagenet_c,defocus_blur,1,none
efficientnet_b4,ILSVRC2012_val_00012169.JPEG,n04532670,888,888,0.6971667,1,imagenet_c,defocus_blur,1,none
efficientnet_b4,ILSVRC2012_val_00012276.JPEG,n04532670,888,888,0.41927484,1,imagenet_c,defocus_blur,1,none
efficientnet_b4,ILSVRC2012_val_00012772.JPEG,n04532670,888,888,0.79508734,1,imagenet_c,defocus_blur,1,none
efficientnet_b4,ILSVRC2012_val_00015980.JPEG,n04532670,888,888,0.6803121,1,imagenet_c,defocus_blur,1,none
efficientnet_b4,ILSVRC2012_val_00016054.JPEG,n04532670,888,821,0.11731988,0,imagenet_c,defocus_blur,1,none
efficientnet_b4,ILSVRC2012_val_00016295.JPEG,n04532670,888,888,0.20859179,1,imagenet_c,defocus_blur,1,none
efficientnet_b4,ILSVRC2012_val_00017492.JPEG,n04532670,888,888,0.28076226,1,imagenet_c,defocus_blur,1,none
efficientnet_b4,ILSVRC2012_val_00019521.JPEG,n04532670,888,888,0.61530375,1,imagenet_c,defocus_blur,1,none
efficientnet_b4,ILSVRC2012_val_00021877.JPEG,n04532670,888,888,0.69228274,1,imagenet_c,defocus_blur,1,none
efficientnet_b4,ILSVRC2012_val_00022338.JPEG,n04532670,888,979,0.06452044,0,imagenet_c,defocus_blur,1,none
efficientnet_b4,ILSVRC2012_val_00023367.JPEG,n04532670,888,888,0.7348424,1,imagenet_c,defocus_blur,1,none
efficientnet_b4,ILSVRC2012_val_00024004.JPEG,n04532670,888,888,0.63749856,1,imagenet_c,defocus_blur,1,none
efficientnet_b4,ILSVRC2012_val_00025866.JPEG,n04532670,888,888,0.17087977,1,imagenet_c,defocus_blur,1,none
efficientnet_b4,ILSVRC2012_val_00026015.JPEG,n04532670,888,821,0.46177956,0,imagenet_c,defocus_blur,1,none
efficientnet_b4,ILSVRC2012_val_00028767.JPEG,n04532670,888,660,0.023747142,0,imagenet_c,defocus_blur,1,none
efficientnet_b4,ILSVRC2012_val_00030288.JPEG,n04532670,888,888,0.710319,1,imagenet_c,defocus_blur,1,none
efficientnet_b4,ILSVRC2012_val_00035079.JPEG,n04532670,888,888,0.7116255,1,imagenet_c,defocus_blur,1,none
efficientnet_b4,ILSVRC2012_val_00037270.JPEG,n04532670,888,888,0.52360034,1,imagenet_c,defocus_blur,1,none
efficientnet_b4,ILSVRC2012_val_00039577.JPEG,n04532670,888,888,0.5898482,1,imagenet_c,defocus_blur,1,none
efficientnet_b4,ILSVRC2012_val_00039639.JPEG,n04532670,888,888,0.4876084,1,imagenet_c,defocus_blur,1,none
efficientnet_b4,ILSVRC2012_val_00039956.JPEG,n04532670,888,888,0.69863445,1,imagenet_c,defocus_blur,1,none
efficientnet_b4,ILSVRC2012_val_00040309.JPEG,n04532670,888,475,0.23120257,0,imagenet_c,defocus_blur,1,none
efficientnet_b4,ILSVRC2012_val_00040350.JPEG,n04532670,888,888,0.6119039,1,imagenet_c,defocus_blur,1,none
efficientnet_b4,ILSVRC2012_val_00041160.JPEG,n04532670,888,888,0.68471694,1,imagenet_c,defocus_blur,1,none
efficientnet_b4,ILSVRC2012_val_00041695.JPEG,n04532670,888,888,0.6697019,1,imagenet_c,defocus_blur,1,none
efficientnet_b4,ILSVRC2012_val_00042360.JPEG,n04532670,888,888,0.713335,1,imagenet_c,defocus_blur,1,none
efficientnet_b4,ILSVRC2012_val_00042666.JPEG,n04532670,888,888,0.6697969,1,imagenet_c,defocus_blur,1,none
efficientnet_b4,ILSVRC2012_val_00044530.JPEG,n04532670,888,126,0.039132815,0,imagenet_c,defocus_blur,1,none
efficientnet_b4,ILSVRC2012_val_00044597.JPEG,n04532670,888,727,0.21934699,0,imagenet_c,defocus_blur,1,none
efficientnet_b4,ILSVRC2012_val_00044720.JPEG,n04532670,888,663,0.08343912,0,imagenet_c,defocus_blur,1,none
efficientnet_b4,ILSVRC2012_val_00044782.JPEG,n04532670,888,718,0.39738604,0,imagenet_c,defocus_blur,1,none
efficientnet_b4,ILSVRC2012_val_00045309.JPEG,n04532670,888,888,0.6102511,1,imagenet_c,defocus_blur,1,none
efficientnet_b4,ILSVRC2012_val_00045576.JPEG,n04532670,888,888,0.6148797,1,imagenet_c,defocus_blur,1,none
efficientnet_b4,ILSVRC2012_val_00046644.JPEG,n04532670,888,888,0.72757286,1,imagenet_c,defocus_blur,1,none
efficientnet_b4,ILSVRC2012_val_00047205.JPEG,n04532670,888,888,0.43160868,1,imagenet_c,defocus_blur,1,none
efficientnet_b4,ILSVRC2012_val_00047611.JPEG,n04532670,888,888,0.6780706,1,imagenet_c,defocus_blur,1,none
efficientnet_b4,ILSVRC2012_val_00049363.JPEG,n04532670,888,888,0.7334464,1,imagenet_c,defocus_blur,1,none
efficientnet_b4,ILSVRC2012_val_00000212.JPEG,n04536866,889,889,0.22481157,1,imagenet_c,defocus_blur,1,none
efficientnet_b4,ILSVRC2012_val_00001118.JPEG,n04536866,889,491,0.08786983,0,imagenet_c,defocus_blur,1,none
efficientnet_b4,ILSVRC2012_val_00001628.JPEG,n04536866,889,889,0.5188415,1,imagenet_c,defocus_blur,1,none
efficientnet_b4,ILSVRC2012_val_00002201.JPEG,n04536866,889,413,0.21271871,0,imagenet_c,defocus_blur,1,none
efficientnet_b4,ILSVRC2012_val_00002421.JPEG,n04536866,889,889,0.49007753,1,imagenet_c,defocus_blur,1,none
efficientnet_b4,ILSVRC2012_val_00004695.JPEG,n04536866,889,880,0.23959206,0,imagenet_c,defocus_blur,1,none
efficientnet_b4,ILSVRC2012_val_00005487.JPEG,n04536866,889,889,0.446271,1,imagenet_c,defocus_blur,1,none
efficientnet_b4,ILSVRC2012_val_00007249.JPEG,n04536866,889,889,0.27354598,1,imagenet_c,defocus_blur,1,none
efficientnet_b4,ILSVRC2012_val_00007538.JPEG,n04536866,889,582,0.07016826,0,imagenet_c,defocus_blur,1,none
efficientnet_b4,ILSVRC2012_val_00008158.JPEG,n04536866,889,889,0.38539827,1,imagenet_c,defocus_blur,1,none
efficientnet_b4,ILSVRC2012_val_00008690.JPEG,n04536866,889,889,0.6226276,1,imagenet_c,defocus_blur,1,none
efficientnet_b4,ILSVRC2012_val_00011089.JPEG,n04536866,889,889,0.72681135,1,imagenet_c,defocus_blur,1,none
efficientnet_b4,ILSVRC2012_val_00011745.JPEG,n04536866,889,889,0.50992876,1,imagenet_c,defocus_blur,1,none
efficientnet_b4,ILSVRC2012_val_00012680.JPEG,n04536866,889,486,0.42993113,0,imagenet_c,defocus_blur,1,none
efficientnet_b4,ILSVRC2012_val_00012803.JPEG,n04536866,889,889,0.6314553,1,imagenet_c,defocus_blur,1,none
efficientnet_b4,ILSVRC2012_val_00014859.JPEG,n04536866,889,889,0.3766641,1,imagenet_c,defocus_blur,1,none
efficientnet_b4,ILSVRC2012_val_00015869.JPEG,n04536866,889,889,0.50595903,1,imagenet_c,defocus_blur,1,none
efficientnet_b4,ILSVRC2012_val_00016034.JPEG,n04536866,889,660,0.11498906,0,imagenet_c,defocus_blur,1,none
efficientnet_b4,ILSVRC2012_val_00016531.JPEG,n04536866,889,684,0.039626513,0,imagenet_c,defocus_blur,1,none
efficientnet_b4,ILSVRC2012_val_00019563.JPEG,n04536866,889,486,0.40033978,0,imagenet_c,defocus_blur,1,none
efficientnet_b4,ILSVRC2012_val_00021288.JPEG,n04536866,889,889,0.5096917,1,imagenet_c,defocus_blur,1,none
efficientnet_b4,ILSVRC2012_val_00021943.JPEG,n04536866,889,889,0.4467178,1,imagenet_c,defocus_blur,1,none
efficientnet_b4,ILSVRC2012_val_00021977.JPEG,n04536866,889,889,0.45347,1,imagenet_c,defocus_blur,1,none
efficientnet_b4,ILSVRC2012_val_00024173.JPEG,n04536866,889,889,0.42012292,1,imagenet_c,defocus_blur,1,none
efficientnet_b4,ILSVRC2012_val_00024503.JPEG,n04536866,889,889,0.59118193,1,imagenet_c,defocus_blur,1,none
efficientnet_b4,ILSVRC2012_val_00024510.JPEG,n04536866,889,889,0.25767064,1,imagenet_c,defocus_blur,1,none
efficientnet_b4,ILSVRC2012_val_00025119.JPEG,n04536866,889,843,0.036088932,0,imagenet_c,defocus_blur,1,none
efficientnet_b4,ILSVRC2012_val_00025372.JPEG,n04536866,889,670,0.13603592,0,imagenet_c,defocus_blur,1,none
efficientnet_b4,ILSVRC2012_val_00025413.JPEG,n04536866,889,889,0.32846487,1,imagenet_c,defocus_blur,1,none
efficientnet_b4,ILSVRC2012_val_00026957.JPEG,n04536866,889,881,0.48237777,0,imagenet_c,defocus_blur,1,none
efficientnet_b4,ILSVRC2012_val_00027540.JPEG,n04536866,889,889,0.26996738,1,imagenet_c,defocus_blur,1,none
efficientnet_b4,ILSVRC2012_val_00027587.JPEG,n04536866,889,862,0.07688371,0,imagenet_c,defocus_blur,1,none
efficientnet_b4,ILSVRC2012_val_00027728.JPEG,n04536866,889,727,0.03286664,0,imagenet_c,defocus_blur,1,none
efficientnet_b4,ILSVRC2012_val_00029662.JPEG,n04536866,889,822,0.27326754,0,imagenet_c,defocus_blur,1,none
efficientnet_b4,ILSVRC2012_val_00031548.JPEG,n04536866,889,889,0.062356,1,imagenet_c,defocus_blur,1,none
efficientnet_b4,ILSVRC2012_val_00032060.JPEG,n04536866,889,889,0.4281866,1,imagenet_c,defocus_blur,1,none
efficientnet_b4,ILSVRC2012_val_00034280.JPEG,n04536866,889,889,0.53621906,1,imagenet_c,defocus_blur,1,none
efficientnet_b4,ILSVRC2012_val_00036501.JPEG,n04536866,889,154,0.018897396,0,imagenet_c,defocus_blur,1,none
efficientnet_b4,ILSVRC2012_val_00036991.JPEG,n04536866,889,758,0.3958043,0,imagenet_c,defocus_blur,1,none
efficientnet_b4,ILSVRC2012_val_00039680.JPEG,n04536866,889,889,0.32479283,1,imagenet_c,defocus_blur,1,none
efficientnet_b4,ILSVRC2012_val_00040936.JPEG,n04536866,889,486,0.121222645,0,imagenet_c,defocus_blur,1,none
efficientnet_b4,ILSVRC2012_val_00041774.JPEG,n04536866,889,580,0.04029138,0,imagenet_c,defocus_blur,1,none
efficientnet_b4,ILSVRC2012_val_00044174.JPEG,n04536866,889,889,0.59497845,1,imagenet_c,defocus_blur,1,none
efficientnet_b4,ILSVRC2012_val_00045057.JPEG,n04536866,889,889,0.66000926,1,imagenet_c,defocus_blur,1,none
efficientnet_b4,ILSVRC2012_val_00046800.JPEG,n04536866,889,889,0.56332105,1,imagenet_c,defocus_blur,1,none
efficientnet_b4,ILSVRC2012_val_00046990.JPEG,n04536866,889,889,0.62391365,1,imagenet_c,defocus_blur,1,none
efficientnet_b4,ILSVRC2012_val_00047161.JPEG,n04536866,889,889,0.74751467,1,imagenet_c,defocus_blur,1,none
efficientnet_b4,ILSVRC2012_val_00047659.JPEG,n04536866,889,881,0.7367976,0,imagenet_c,defocus_blur,1,none
efficientnet_b4,ILSVRC2012_val_00047738.JPEG,n04536866,889,889,0.56284195,1,imagenet_c,defocus_blur,1,none
efficientnet_b4,ILSVRC2012_val_00048341.JPEG,n04536866,889,889,0.49358678,1,imagenet_c,defocus_blur,1,none
efficientnet_b4,ILSVRC2012_val_00001680.JPEG,n04540053,890,645,0.62999725,0,imagenet_c,defocus_blur,1,none
efficientnet_b4,ILSVRC2012_val_00003076.JPEG,n04540053,890,890,0.82617,1,imagenet_c,defocus_blur,1,none
efficientnet_b4,ILSVRC2012_val_00003411.JPEG,n04540053,890,890,0.5709614,1,imagenet_c,defocus_blur,1,none
efficientnet_b4,ILSVRC2012_val_00003897.JPEG,n04540053,890,890,0.5841277,1,imagenet_c,defocus_blur,1,none
efficientnet_b4,ILSVRC2012_val_00004370.JPEG,n04540053,890,890,0.24818526,1,imagenet_c,defocus_blur,1,none
efficientnet_b4,ILSVRC2012_val_00007653.JPEG,n04540053,890,890,0.5383154,1,imagenet_c,defocus_blur,1,none
efficientnet_b4,ILSVRC2012_val_00007665.JPEG,n04540053,890,890,0.5494975,1,imagenet_c,defocus_blur,1,none
efficientnet_b4,ILSVRC2012_val_00008354.JPEG,n04540053,890,890,0.65843093,1,imagenet_c,defocus_blur,1,none
efficientnet_b4,ILSVRC2012_val_00009276.JPEG,n04540053,890,890,0.17168903,1,imagenet_c,defocus_blur,1,none
efficientnet_b4,ILSVRC2012_val_00009527.JPEG,n04540053,890,890,0.68256533,1,imagenet_c,defocus_blur,1,none
efficientnet_b4,ILSVRC2012_val_00010538.JPEG,n04540053,890,890,0.563009,1,imagenet_c,defocus_blur,1,none
efficientnet_b4,ILSVRC2012_val_00010766.JPEG,n04540053,890,445,0.5365671,0,imagenet_c,defocus_blur,1,none
efficientnet_b4,ILSVRC2012_val_00012002.JPEG,n04540053,890,890,0.37152585,1,imagenet_c,defocus_blur,1,none
efficientnet_b4,ILSVRC2012_val_00013555.JPEG,n04540053,890,890,0.41441283,1,imagenet_c,defocus_blur,1,none
efficientnet_b4,ILSVRC2012_val_00014565.JPEG,n04540053,890,602,0.26662418,0,imagenet_c,defocus_blur,1,none
efficientnet_b4,ILSVRC2012_val_00017159.JPEG,n04540053,890,890,0.6255082,1,imagenet_c,defocus_blur,1,none
efficientnet_b4,ILSVRC2012_val_00019330.JPEG,n04540053,890,890,0.47305754,1,imagenet_c,defocus_blur,1,none
efficientnet_b4,ILSVRC2012_val_00020591.JPEG,n04540053,890,890,0.60489243,1,imagenet_c,defocus_blur,1,none
efficientnet_b4,ILSVRC2012_val_00021825.JPEG,n04540053,890,890,0.52626926,1,imagenet_c,defocus_blur,1,none
efficientnet_b4,ILSVRC2012_val_00022188.JPEG,n04540053,890,890,0.4409834,1,imagenet_c,defocus_blur,1,none
efficientnet_b4,ILSVRC2012_val_00022449.JPEG,n04540053,890,890,0.5124378,1,imagenet_c,defocus_blur,1,none
efficientnet_b4,ILSVRC2012_val_00023756.JPEG,n04540053,890,890,0.3285235,1,imagenet_c,defocus_blur,1,none
efficientnet_b4,ILSVRC2012_val_00025623.JPEG,n04540053,890,890,0.6624819,1,imagenet_c,defocus_blur,1,none
efficientnet_b4,ILSVRC2012_val_00025715.JPEG,n04540053,890,890,0.2341978,1,imagenet_c,defocus_blur,1,none
efficientnet_b4,ILSVRC2012_val_00026071.JPEG,n04540053,890,890,0.7464813,1,imagenet_c,defocus_blur,1,none
efficientnet_b4,ILSVRC2012_val_00026777.JPEG,n04540053,890,890,0.4687261,1,imagenet_c,defocus_blur,1,none
efficientnet_b4,ILSVRC2012_val_00028392.JPEG,n04540053,890,890,0.3370142,1,imagenet_c,defocus_blur,1,none
efficientnet_b4,ILSVRC2012_val_00033066.JPEG,n04540053,890,890,0.58660173,1,imagenet_c,defocus_blur,1,none
efficientnet_b4,ILSVRC2012_val_00033288.JPEG,n04540053,890,890,0.52624434,1,imagenet_c,defocus_blur,1,none
efficientnet_b4,ILSVRC2012_val_00033329.JPEG,n04540053,890,890,0.26837143,1,imagenet_c,defocus_blur,1,none
efficientnet_b4,ILSVRC2012_val_00033523.JPEG,n04540053,890,890,0.4315548,1,imagenet_c,defocus_blur,1,none
efficientnet_b4,ILSVRC2012_val_00035059.JPEG,n04540053,890,890,0.56579113,1,imagenet_c,defocus_blur,1,none
efficientnet_b4,ILSVRC2012_val_00037922.JPEG,n04540053,890,890,0.7177737,1,imagenet_c,defocus_blur,1,none
efficientnet_b4,ILSVRC2012_val_00038225.JPEG,n04540053,890,890,0.37007028,1,imagenet_c,defocus_blur,1,none
efficientnet_b4,ILSVRC2012_val_00038678.JPEG,n04540053,890,890,0.5744772,1,imagenet_c,defocus_blur,1,none
efficientnet_b4,ILSVRC2012_val_00039112.JPEG,n04540053,890,890,0.29577067,1,imagenet_c,defocus_blur,1,none
efficientnet_b4,ILSVRC2012_val_00040539.JPEG,n04540053,890,890,0.63591903,1,imagenet_c,defocus_blur,1,none
efficientnet_b4,ILSVRC2012_val_00042050.JPEG,n04540053,890,890,0.6888877,1,imagenet_c,defocus_blur,1,none
efficientnet_b4,ILSVRC2012_val_00042726.JPEG,n04540053,890,890,0.90683025,1,imagenet_c,defocus_blur,1,none
efficientnet_b4,ILSVRC2012_val_00043999.JPEG,n04540053,890,890,0.6099299,1,imagenet_c,defocus_blur,1,none
efficientnet_b4,ILSVRC2012_val_00044431.JPEG,n04540053,890,890,0.25598732,1,imagenet_c,defocus_blur,1,none
efficientnet_b4,ILSVRC2012_val_00045377.JPEG,n04540053,890,890,0.67815053,1,imagenet_c,defocus_blur,1,none
efficientnet_b4,ILSVRC2012_val_00045391.JPEG,n04540053,890,890,0.42375705,1,imagenet_c,defocus_blur,1,none
efficientnet_b4,ILSVRC2012_val_00047680.JPEG,n04540053,890,890,0.7468781,1,imagenet_c,defocus_blur,1,none
efficientnet_b4,ILSVRC2012_val_00047763.JPEG,n04540053,890,890,0.505834,1,imagenet_c,defocus_blur,1,none
efficientnet_b4,ILSVRC2012_val_00048042.JPEG,n04540053,890,890,0.7212774,1,imagenet_c,defocus_blur,1,none
efficientnet_b4,ILSVRC2012_val_00048430.JPEG,n04540053,890,890,0.709171,1,imagenet_c,defocus_blur,1,none
efficientnet_b4,ILSVRC2012_val_00048811.JPEG,n04540053,890,890,0.51772773,1,imagenet_c,defocus_blur,1,none
efficientnet_b4,ILSVRC2012_val_00049252.JPEG,n04540053,890,890,0.6416137,1,imagenet_c,defocus_blur,1,none
efficientnet_b4,ILSVRC2012_val_00049533.JPEG,n04540053,890,890,0.4971602,1,imagenet_c,defocus_blur,1,none
efficientnet_b4,ILSVRC2012_val_00000797.JPEG,n04542943,891,891,0.4577068,1,imagenet_c,defocus_blur,1,none
efficientnet_b4,ILSVRC2012_val_00003642.JPEG,n04542943,891,891,0.34155542,1,imagenet_c,defocus_blur,1,none
efficientnet_b4,ILSVRC2012_val_00003817.JPEG,n04542943,891,424,0.069365196,0,imagenet_c,defocus_blur,1,none
efficientnet_b4,ILSVRC2012_val_00004323.JPEG,n04542943,891,891,0.1792198,1,imagenet_c,defocus_blur,1,none
efficientnet_b4,ILSVRC2012_val_00007336.JPEG,n04542943,891,891,0.40529478,1,imagenet_c,defocus_blur,1,none
efficientnet_b4,ILSVRC2012_val_00009343.JPEG,n04542943,891,891,0.52355635,1,imagenet_c,defocus_blur,1,none
efficientnet_b4,ILSVRC2012_val_00010093.JPEG,n04542943,891,671,0.03886478,0,imagenet_c,defocus_blur,1,none
efficientnet_b4,ILSVRC2012_val_00011944.JPEG,n04542943,891,891,0.542975,1,imagenet_c,defocus_blur,1,none
efficientnet_b4,ILSVRC2012_val_00015462.JPEG,n04542943,891,891,0.5559414,1,imagenet_c,defocus_blur,1,none
efficientnet_b4,ILSVRC2012_val_00015573.JPEG,n04542943,891,598,0.07682838,0,imagenet_c,defocus_blur,1,none
efficientnet_b4,ILSVRC2012_val_00015750.JPEG,n04542943,891,512,0.12604086,0,imagenet_c,defocus_blur,1,none
efficientnet_b4,ILSVRC2012_val_00016069.JPEG,n04542943,891,882,0.32710317,0,imagenet_c,defocus_blur,1,none
efficientnet_b4,ILSVRC2012_val_00017769.JPEG,n04542943,891,677,0.13470489,0,imagenet_c,defocus_blur,1,none
efficientnet_b4,ILSVRC2012_val_00019935.JPEG,n04542943,891,891,0.5331877,1,imagenet_c,defocus_blur,1,none
efficientnet_b4,ILSVRC2012_val_00021158.JPEG,n04542943,891,891,0.30159372,1,imagenet_c,defocus_blur,1,none
efficientnet_b4,ILSVRC2012_val_00021295.JPEG,n04542943,891,739,0.13676256,0,imagenet_c,defocus_blur,1,none
efficientnet_b4,ILSVRC2012_val_00021533.JPEG,n04542943,891,891,0.055233527,1,imagenet_c,defocus_blur,1,none
efficientnet_b4,ILSVRC2012_val_00026559.JPEG,n04542943,891,891,0.48681825,1,imagenet_c,defocus_blur,1,none
efficientnet_b4,ILSVRC2012_val_00027407.JPEG,n04542943,891,635,0.1706478,0,imagenet_c,defocus_blur,1,none
efficientnet_b4,ILSVRC2012_val_00027972.JPEG,n04542943,891,891,0.49181286,1,imagenet_c,defocus_blur,1,none
efficientnet_b4,ILSVRC2012_val_00028926.JPEG,n04542943,891,891,0.5173862,1,imagenet_c,defocus_blur,1,none
efficientnet_b4,ILSVRC2012_val_00029064.JPEG,n04542943,891,891,0.35920438,1,imagenet_c,defocus_blur,1,none
efficientnet_b4,ILSVRC2012_val_00030244.JPEG,n04542943,891,891,0.5096721,1,imagenet_c,defocus_blur,1,none
efficientnet_b4,ILSVRC2012_val_00030900.JPEG,n04542943,891,570,0.1476352,0,imagenet_c,defocus_blur,1,none
efficientnet_b4,ILSVRC2012_val_00033831.JPEG,n04542943,891,550,0.07733859,0,imagenet_c,defocus_blur,1,none
efficientnet_b4,ILSVRC2012_val_00034550.JPEG,n04542943,891,891,0.48552704,1,imagenet_c,defocus_blur,1,none
efficientnet_b4,ILSVRC2012_val_00035062.JPEG,n04542943,891,813,0.46761936,0,imagenet_c,defocus_blur,1,none
efficientnet_b4,ILSVRC2012_val_00035586.JPEG,n04542943,891,632,0.09643457,0,imagenet_c,defocus_blur,1,none
efficientnet_b4,ILSVRC2012_val_00035714.JPEG,n04542943,891,891,0.43248773,1,imagenet_c,defocus_blur,1,none
efficientnet_b4,ILSVRC2012_val_00035737.JPEG,n04542943,891,891,0.5252404,1,imagenet_c,defocus_blur,1,none
efficientnet_b4,ILSVRC2012_val_00035765.JPEG,n04542943,891,882,0.039343532,0,imagenet_c,defocus_blur,1,none
efficientnet_b4,ILSVRC2012_val_00038777.JPEG,n04542943,891,891,0.2608313,1,imagenet_c,defocus_blur,1,none
efficientnet_b4,ILSVRC2012_val_00038979.JPEG,n04542943,891,891,0.42387787,1,imagenet_c,defocus_blur,1,none
efficientnet_b4,ILSVRC2012_val_00039485.JPEG,n04542943,891,592,0.25079253,0,imagenet_c,defocus_blur,1,none
efficientnet_b4,ILSVRC2012_val_00040294.JPEG,n04542943,891,891,0.41262498,1,imagenet_c,defocus_blur,1,none
efficientnet_b4,ILSVRC2012_val_00040911.JPEG,n04542943,891,891,0.42683667,1,imagenet_c,defocus_blur,1,none
efficientnet_b4,ILSVRC2012_val_00042647.JPEG,n04542943,891,710,0.34686136,0,imagenet_c,defocus_blur,1,none
efficientnet_b4,ILSVRC2012_val_00042908.JPEG,n04542943,891,891,0.49156633,1,imagenet_c,defocus_blur,1,none
efficientnet_b4,ILSVRC2012_val_00044601.JPEG,n04542943,891,891,0.2009037,1,imagenet_c,defocus_blur,1,none
efficientnet_b4,ILSVRC2012_val_00045700.JPEG,n04542943,891,891,0.29445466,1,imagenet_c,defocus_blur,1,none
efficientnet_b4,ILSVRC2012_val_00046556.JPEG,n04542943,891,891,0.43266422,1,imagenet_c,defocus_blur,1,none
efficientnet_b4,ILSVRC2012_val_00046566.JPEG,n04542943,891,891,0.5224798,1,imagenet_c,defocus_blur,1,none
efficientnet_b4,ILSVRC2012_val_00047664.JPEG,n04542943,891,891,0.24031687,1,imagenet_c,defocus_blur,1,none
efficientnet_b4,ILSVRC2012_val_00047909.JPEG,n04542943,891,891,0.71247876,1,imagenet_c,defocus_blur,1,none
efficientnet_b4,ILSVRC2012_val_00048545.JPEG,n04542943,891,891,0.47590148,1,imagenet_c,defocus_blur,1,none
efficientnet_b4,ILSVRC2012_val_00049214.JPEG,n04542943,891,891,0.6887928,1,imagenet_c,defocus_blur,1,none
efficientnet_b4,ILSVRC2012_val_00049359.JPEG,n04542943,891,891,0.73887587,1,imagenet_c,defocus_blur,1,none
efficientnet_b4,ILSVRC2012_val_00049401.JPEG,n04542943,891,891,0.30083683,1,imagenet_c,defocus_blur,1,none
efficientnet_b4,ILSVRC2012_val_00049512.JPEG,n04542943,891,634,0.18312144,0,imagenet_c,defocus_blur,1,none
efficientnet_b4,ILSVRC2012_val_00049594.JPEG,n04542943,891,891,0.45134583,1,imagenet_c,defocus_blur,1,none
efficientnet_b4,ILSVRC2012_val_00004307.JPEG,n04548280,892,442,0.4439874,0,imagenet_c,defocus_blur,1,none
efficientnet_b4,ILSVRC2012_val_00004662.JPEG,n04548280,892,729,0.30071267,0,imagenet_c,defocus_blur,1,none
efficientnet_b4,ILSVRC2012_val_00007256.JPEG,n04548280,892,409,0.3751023,0,imagenet_c,defocus_blur,1,none
efficientnet_b4,ILSVRC2012_val_00008278.JPEG,n04548280,892,862,0.16775455,0,imagenet_c,defocus_blur,1,none
efficientnet_b4,ILSVRC2012_val_00008740.JPEG,n04548280,892,892,0.1339841,1,imagenet_c,defocus_blur,1,none
efficientnet_b4,ILSVRC2012_val_00009413.JPEG,n04548280,892,892,0.27613828,1,imagenet_c,defocus_blur,1,none
efficientnet_b4,ILSVRC2012_val_00010270.JPEG,n04548280,892,442,0.17851597,0,imagenet_c,defocus_blur,1,none
efficientnet_b4,ILSVRC2012_val_00011957.JPEG,n04548280,892,892,0.33005962,1,imagenet_c,defocus_blur,1,none
efficientnet_b4,ILSVRC2012_val_00013320.JPEG,n04548280,892,892,0.5676248,1,imagenet_c,defocus_blur,1,none
efficientnet_b4,ILSVRC2012_val_00014035.JPEG,n04548280,892,892,0.62450624,1,imagenet_c,defocus_blur,1,none
efficientnet_b4,ILSVRC2012_val_00014169.JPEG,n04548280,892,892,0.45309797,1,imagenet_c,defocus_blur,1,none
efficientnet_b4,ILSVRC2012_val_00014635.JPEG,n04548280,892,750,0.093390375,0,imagenet_c,defocus_blur,1,none
efficientnet_b4,ILSVRC2012_val_00015199.JPEG,n04548280,892,494,0.34306985,0,imagenet_c,defocus_blur,1,none
efficientnet_b4,ILSVRC2012_val_00016885.JPEG,n04548280,892,635,0.38658965,0,imagenet_c,defocus_blur,1,none
efficientnet_b4,ILSVRC2012_val_00017368.JPEG,n04548280,892,892,0.53525805,1,imagenet_c,defocus_blur,1,none
efficientnet_b4,ILSVRC2012_val_00017450.JPEG,n04548280,892,892,0.22696288,1,imagenet_c,defocus_blur,1,none
efficientnet_b4,ILSVRC2012_val_00018143.JPEG,n04548280,892,892,0.5222092,1,imagenet_c,defocus_blur,1,none
efficientnet_b4,ILSVRC2012_val_00018443.JPEG,n04548280,892,892,0.1441574,1,imagenet_c,defocus_blur,1,none
efficientnet_b4,ILSVRC2012_val_00018797.JPEG,n04548280,892,892,0.5519717,1,imagenet_c,defocus_blur,1,none
efficientnet_b4,ILSVRC2012_val_00018936.JPEG,n04548280,892,892,0.7479096,1,imagenet_c,defocus_blur,1,none
efficientnet_b4,ILSVRC2012_val_00018976.JPEG,n04548280,892,409,0.6287549,0,imagenet_c,defocus_blur,1,none
efficientnet_b4,ILSVRC2012_val_00021551.JPEG,n04548280,892,892,0.14432,1,imagenet_c,defocus_blur,1,none
efficientnet_b4,ILSVRC2012_val_00023862.JPEG,n04548280,892,426,0.11754311,0,imagenet_c,defocus_blur,1,none
efficientnet_b4,ILSVRC2012_val_00024764.JPEG,n04548280,892,892,0.45140144,1,imagenet_c,defocus_blur,1,none
efficientnet_b4,ILSVRC2012_val_00025980.JPEG,n04548280,892,484,0.12635446,0,imagenet_c,defocus_blur,1,none
efficientnet_b4,ILSVRC2012_val_00027315.JPEG,n04548280,892,892,0.5430634,1,imagenet_c,defocus_blur,1,none
efficientnet_b4,ILSVRC2012_val_00030330.JPEG,n04548280,892,892,0.16095757,1,imagenet_c,defocus_blur,1,none
efficientnet_b4,ILSVRC2012_val_00030987.JPEG,n04548280,892,409,0.38495892,0,imagenet_c,defocus_blur,1,none
efficientnet_b4,ILSVRC2012_val_00031861.JPEG,n04548280,892,892,0.45018366,1,imagenet_c,defocus_blur,1,none
efficientnet_b4,ILSVRC2012_val_00032136.JPEG,n04548280,892,892,0.16938345,1,imagenet_c,defocus_blur,1,none
efficientnet_b4,ILSVRC2012_val_00033007.JPEG,n04548280,892,409,0.2930003,0,imagenet_c,defocus_blur,1,none
efficientnet_b4,ILSVRC2012_val_00033732.JPEG,n04548280,892,892,0.71884257,1,imagenet_c,defocus_blur,1,none
efficientnet_b4,ILSVRC2012_val_00034303.JPEG,n04548280,892,635,0.29938895,0,imagenet_c,defocus_blur,1,none
efficientnet_b4,ILSVRC2012_val_00034965.JPEG,n04548280,892,892,0.19314978,1,imagenet_c,defocus_blur,1,none
efficientnet_b4,ILSVRC2012_val_00035077.JPEG,n04548280,892,892,0.14293827,1,imagenet_c,defocus_blur,1,none
efficientnet_b4,ILSVRC2012_val_00035461.JPEG,n04548280,892,409,0.39304337,0,imagenet_c,defocus_blur,1,none
efficientnet_b4,ILSVRC2012_val_00035525.JPEG,n04548280,892,409,0.65564895,0,imagenet_c,defocus_blur,1,none
efficientnet_b4,ILSVRC2012_val_00036318.JPEG,n04548280,892,892,0.34399748,1,imagenet_c,defocus_blur,1,none
efficientnet_b4,ILSVRC2012_val_00037662.JPEG,n04548280,892,892,0.37522802,1,imagenet_c,defocus_blur,1,none
efficientnet_b4,ILSVRC2012_val_00040337.JPEG,n04548280,892,892,0.06265911,1,imagenet_c,defocus_blur,1,none
efficientnet_b4,ILSVRC2012_val_00041037.JPEG,n04548280,892,892,0.2156457,1,imagenet_c,defocus_blur,1,none
efficientnet_b4,ILSVRC2012_val_00041461.JPEG,n04548280,892,409,0.37324172,0,imagenet_c,defocus_blur,1,none
efficientnet_b4,ILSVRC2012_val_00041547.JPEG,n04548280,892,111,0.21760969,0,imagenet_c,defocus_blur,1,none
efficientnet_b4,ILSVRC2012_val_00041715.JPEG,n04548280,892,892,0.3719787,1,imagenet_c,defocus_blur,1,none
efficientnet_b4,ILSVRC2012_val_00044685.JPEG,n04548280,892,892,0.61897,1,imagenet_c,defocus_blur,1,none
efficientnet_b4,ILSVRC2012_val_00046023.JPEG,n04548280,892,455,0.40784958,0,imagenet_c,defocus_blur,1,none
efficientnet_b4,ILSVRC2012_val_00046034.JPEG,n04548280,892,892,0.43032137,1,imagenet_c,defocus_blur,1,none
efficientnet_b4,ILSVRC2012_val_00048471.JPEG,n04548280,892,506,0.052658062,0,imagenet_c,defocus_blur,1,none
efficientnet_b4,ILSVRC2012_val_00049546.JPEG,n04548280,892,442,0.4746585,0,imagenet_c,defocus_blur,1,none
efficientnet_b4,ILSVRC2012_val_00049764.JPEG,n04548280,892,409,0.24826023,0,imagenet_c,defocus_blur,1,none
efficientnet_b4,ILSVRC2012_val_00000866.JPEG,n04548362,893,893,0.54632866,1,imagenet_c,defocus_blur,1,none
efficientnet_b4,ILSVRC2012_val_00003108.JPEG,n04548362,893,893,0.045971844,1,imagenet_c,defocus_blur,1,none
efficientnet_b4,ILSVRC2012_val_00005044.JPEG,n04548362,893,692,0.12774818,0,imagenet_c,defocus_blur,1,none
efficientnet_b4,ILSVRC2012_val_00005231.JPEG,n04548362,893,893,0.22291578,1,imagenet_c,defocus_blur,1,none
efficientnet_b4,ILSVRC2012_val_00006088.JPEG,n04548362,893,893,0.05479257,1,imagenet_c,defocus_blur,1,none
efficientnet_b4,ILSVRC2012_val_00006169.JPEG,n04548362,893,921,0.12108311,0,imagenet_c,defocus_blur,1,none
efficientnet_b4,ILSVRC2012_val_00006492.JPEG,n04548362,893,893,0.34761837,1,imagenet_c,defocus_blur,1,none
efficientnet_b4,ILSVRC2012_val_00007169.JPEG,n04548362,893,893,0.2316544,1,imagenet_c,defocus_blur,1,none
efficientnet_b4,ILSVRC2012_val_00008403.JPEG,n04548362,893,893,0.56031966,1,imagenet_c,defocus_blur,1,none
efficientnet_b4,ILSVRC2012_val_00008472.JPEG,n04548362,893,709,0.14279051,0,imagenet_c,defocus_blur,1,none
efficientnet_b4,ILSVRC2012_val_00009738.JPEG,n04548362,893,419,0.27249822,0,imagenet_c,defocus_blur,1,none
efficientnet_b4,ILSVRC2012_val_00010981.JPEG,n04548362,893,893,0.5730498,1,imagenet_c,defocus_blur,1,none
efficientnet_b4,ILSVRC2012_val_00011817.JPEG,n04548362,893,636,0.26710844,0,imagenet_c,defocus_blur,1,none
efficientnet_b4,ILSVRC2012_val_00011938.JPEG,n04548362,893,692,0.28837264,0,imagenet_c,defocus_blur,1,none
efficientnet_b4,ILSVRC2012_val_00012462.JPEG,n04548362,893,636,0.24713378,0,imagenet_c,defocus_blur,1,none
efficientnet_b4,ILSVRC2012_val_00013857.JPEG,n04548362,893,636,0.17858942,0,imagenet_c,defocus_blur,1,none
efficientnet_b4,ILSVRC2012_val_00014862.JPEG,n04548362,893,893,0.5263803,1,imagenet_c,defocus_blur,1,none
efficientnet_b4,ILSVRC2012_val_00016256.JPEG,n04548362,893,893,0.38735744,1,imagenet_c,defocus_blur,1,none
efficientnet_b4,ILSVRC2012_val_00018637.JPEG,n04548362,893,636,0.52470464,0,imagenet_c,defocus_blur,1,none
efficientnet_b4,ILSVRC2012_val_00019233.JPEG,n04548362,893,893,0.11420314,1,imagenet_c,defocus_blur,1,none
efficientnet_b4,ILSVRC2012_val_00020496.JPEG,n04548362,893,464,0.1524701,0,imagenet_c,defocus_blur,1,none
efficientnet_b4,ILSVRC2012_val_00020641.JPEG,n04548362,893,559,0.115495406,0,imagenet_c,defocus_blur,1,none
efficientnet_b4,ILSVRC2012_val_00021289.JPEG,n04548362,893,464,0.3294734,0,imagenet_c,defocus_blur,1,none
efficientnet_b4,ILSVRC2012_val_00021957.JPEG,n04548362,893,711,0.12837772,0,imagenet_c,defocus_blur,1,none
efficientnet_b4,ILSVRC2012_val_00021967.JPEG,n04548362,893,590,0.48129344,0,imagenet_c,defocus_blur,1,none
efficientnet_b4,ILSVRC2012_val_00022595.JPEG,n04548362,893,893,0.78374887,1,imagenet_c,defocus_blur,1,none
efficientnet_b4,ILSVRC2012_val_00025157.JPEG,n04548362,893,893,0.42104545,1,imagenet_c,defocus_blur,1,none
efficientnet_b4,ILSVRC2012_val_00025829.JPEG,n04548362,893,893,0.72096777,1,imagenet_c,defocus_blur,1,none
efficientnet_b4,ILSVRC2012_val_00028532.JPEG,n04548362,893,692,0.26312628,0,imagenet_c,defocus_blur,1,none
efficientnet_b4,ILSVRC2012_val_00029170.JPEG,n04548362,893,684,0.22347857,0,imagenet_c,defocus_blur,1,none
efficientnet_b4,ILSVRC2012_val_00031483.JPEG,n04548362,893,893,0.66241986,1,imagenet_c,defocus_blur,1,none
efficientnet_b4,ILSVRC2012_val_00034577.JPEG,n04548362,893,549,0.1764291,0,imagenet_c,defocus_blur,1,none
efficientnet_b4,ILSVRC2012_val_00034730.JPEG,n04548362,893,777,0.14770237,0,imagenet_c,defocus_blur,1,none
efficientnet_b4,ILSVRC2012_val_00034876.JPEG,n04548362,893,893,0.6256493,1,imagenet_c,defocus_blur,1,none
efficientnet_b4,ILSVRC2012_val_00036228.JPEG,n04548362,893,709,0.4647686,0,imagenet_c,defocus_blur,1,none
efficientnet_b4,ILSVRC2012_val_00036253.JPEG,n04548362,893,893,0.14408752,1,imagenet_c,defocus_blur,1,none
efficientnet_b4,ILSVRC2012_val_00037384.JPEG,n04548362,893,893,0.403179,1,imagenet_c,defocus_blur,1,none
efficientnet_b4,ILSVRC2012_val_00038145.JPEG,n04548362,893,893,0.32689232,1,imagenet_c,defocus_blur,1,none
efficientnet_b4,ILSVRC2012_val_00040243.JPEG,n04548362,893,446,0.10414587,0,imagenet_c,defocus_blur,1,none
efficientnet_b4,ILSVRC2012_val_00042766.JPEG,n04548362,893,893,0.38340455,1,imagenet_c,defocus_blur,1,none
efficientnet_b4,ILSVRC2012_val_00043035.JPEG,n04548362,893,709,0.18916452,0,imagenet_c,defocus_blur,1,none
efficientnet_b4,ILSVRC2012_val_00045317.JPEG,n04548362,893,674,0.06970472,0,imagenet_c,defocus_blur,1,none
efficientnet_b4,ILSVRC2012_val_00046164.JPEG,n04548362,893,893,0.15051411,1,imagenet_c,defocus_blur,1,none
efficientnet_b4,ILSVRC2012_val_00046245.JPEG,n04548362,893,593,0.29606327,0,imagenet_c,defocus_blur,1,none
efficientnet_b4,ILSVRC2012_val_00046586.JPEG,n04548362,893,893,0.11277954,1,imagenet_c,defocus_blur,1,none
efficientnet_b4,ILSVRC2012_val_00046827.JPEG,n04548362,893,893,0.37076393,1,imagenet_c,defocus_blur,1,none
efficientnet_b4,ILSVRC2012_val_00047367.JPEG,n04548362,893,893,0.4276165,1,imagenet_c,defocus_blur,1,none
efficientnet_b4,ILSVRC2012_val_00048305.JPEG,n04548362,893,893,0.3460464,1,imagenet_c,defocus_blur,1,none
efficientnet_b4,ILSVRC2012_val_00049453.JPEG,n04548362,893,893,0.6094168,1,imagenet_c,defocus_blur,1,none
efficientnet_b4,ILSVRC2012_val_00049758.JPEG,n04548362,893,748,0.33873916,0,imagenet_c,defocus_blur,1,none
efficientnet_b4,ILSVRC2012_val_00000482.JPEG,n04550184,894,894,0.5592907,1,imagenet_c,defocus_blur,1,none
efficientnet_b4,ILSVRC2012_val_00001612.JPEG,n04550184,894,648,0.18814111,0,imagenet_c,defocus_blur,1,none
efficientnet_b4,ILSVRC2012_val_00001807.JPEG,n04550184,894,894,0.4529619,1,imagenet_c,defocus_blur,1,none
efficientnet_b4,ILSVRC2012_val_00001832.JPEG,n04550184,894,894,0.21052581,1,imagenet_c,defocus_blur,1,none
efficientnet_b4,ILSVRC2012_val_00002016.JPEG,n04550184,894,818,0.092185296,0,imagenet_c,defocus_blur,1,none
efficientnet_b4,ILSVRC2012_val_00003130.JPEG,n04550184,894,894,0.20244,1,imagenet_c,defocus_blur,1,none
efficientnet_b4,ILSVRC2012_val_00004052.JPEG,n04550184,894,624,0.17859562,0,imagenet_c,defocus_blur,1,none
efficientnet_b4,ILSVRC2012_val_00005087.JPEG,n04550184,894,894,0.57908434,1,imagenet_c,defocus_blur,1,none
efficientnet_b4,ILSVRC2012_val_00006194.JPEG,n04550184,894,624,0.07659501,0,imagenet_c,defocus_blur,1,none
efficientnet_b4,ILSVRC2012_val_00007593.JPEG,n04550184,894,894,0.07390341,1,imagenet_c,defocus_blur,1,none
efficientnet_b4,ILSVRC2012_val_00008431.JPEG,n04550184,894,904,0.088618785,0,imagenet_c,defocus_blur,1,none
efficientnet_b4,ILSVRC2012_val_00008851.JPEG,n04550184,894,894,0.36806133,1,imagenet_c,defocus_blur,1,none
efficientnet_b4,ILSVRC2012_val_00010913.JPEG,n04550184,894,894,0.1209817,1,imagenet_c,defocus_blur,1,none
efficientnet_b4,ILSVRC2012_val_00011288.JPEG,n04550184,894,894,0.5254633,1,imagenet_c,defocus_blur,1,none
efficientnet_b4,ILSVRC2012_val_00014621.JPEG,n04550184,894,493,0.24566981,0,imagenet_c,defocus_blur,1,none
efficientnet_b4,ILSVRC2012_val_00017579.JPEG,n04550184,894,894,0.4834922,1,imagenet_c,defocus_blur,1,none
efficientnet_b4,ILSVRC2012_val_00018341.JPEG,n04550184,894,894,0.21201742,1,imagenet_c,defocus_blur,1,none
efficientnet_b4,ILSVRC2012_val_00018418.JPEG,n04550184,894,401,0.13873369,0,imagenet_c,defocus_blur,1,none
efficientnet_b4,ILSVRC2012_val_00018546.JPEG,n04550184,894,789,0.6098799,0,imagenet_c,defocus_blur,1,none
efficientnet_b4,ILSVRC2012_val_00018773.JPEG,n04550184,894,894,0.36547655,1,imagenet_c,defocus_blur,1,none
efficientnet_b4,ILSVRC2012_val_00021368.JPEG,n04550184,894,789,0.3383289,0,imagenet_c,defocus_blur,1,none
efficientnet_b4,ILSVRC2012_val_00024344.JPEG,n04550184,894,894,0.4606873,1,imagenet_c,defocus_blur,1,none
efficientnet_b4,ILSVRC2012_val_00024717.JPEG,n04550184,894,894,0.28620687,1,imagenet_c,defocus_blur,1,none
efficientnet_b4,ILSVRC2012_val_00026252.JPEG,n04550184,894,894,0.125669,1,imagenet_c,defocus_blur,1,none
efficientnet_b4,ILSVRC2012_val_00026764.JPEG,n04550184,894,894,0.40701678,1,imagenet_c,defocus_blur,1,none
efficientnet_b4,ILSVRC2012_val_00027141.JPEG,n04550184,894,894,0.5555882,1,imagenet_c,defocus_blur,1,none
efficientnet_b4,ILSVRC2012_val_00027817.JPEG,n04550184,894,548,0.3910137,0,imagenet_c,defocus_blur,1,none
efficientnet_b4,ILSVRC2012_val_00029049.JPEG,n04550184,894,894,0.36689737,1,imagenet_c,defocus_blur,1,none
efficientnet_b4,ILSVRC2012_val_00030785.JPEG,n04550184,894,553,0.21905322,0,imagenet_c,defocus_blur,1,none
efficientnet_b4,ILSVRC2012_val_00030919.JPEG,n04550184,894,894,0.48380193,1,imagenet_c,defocus_blur,1,none
efficientnet_b4,ILSVRC2012_val_00032069.JPEG,n04550184,894,894,0.6628439,1,imagenet_c,defocus_blur,1,none
efficientnet_b4,ILSVRC2012_val_00032555.JPEG,n04550184,894,651,0.033346877,0,imagenet_c,defocus_blur,1,none
efficientnet_b4,ILSVRC2012_val_00033165.JPEG,n04550184,894,789,0.31492934,0,imagenet_c,defocus_blur,1,none
efficientnet_b4,ILSVRC2012_val_00034158.JPEG,n04550184,894,894,0.38199767,1,imagenet_c,defocus_blur,1,none
efficientnet_b4,ILSVRC2012_val_00034519.JPEG,n04550184,894,446,0.10684057,0,imagenet_c,defocus_blur,1,none
efficientnet_b4,ILSVRC2012_val_00037851.JPEG,n04550184,894,894,0.40628272,1,imagenet_c,defocus_blur,1,none
efficientnet_b4,ILSVRC2012_val_00039497.JPEG,n04550184,894,894,0.52525043,1,imagenet_c,defocus_blur,1,none
efficientnet_b4,ILSVRC2012_val_00040716.JPEG,n04550184,894,894,0.28694117,1,imagenet_c,defocus_blur,1,none
efficientnet_b4,ILSVRC2012_val_00041236.JPEG,n04550184,894,760,0.51029617,0,imagenet_c,defocus_blur,1,none
efficientnet_b4,ILSVRC2012_val_00041408.JPEG,n04550184,894,493,0.5428159,0,imagenet_c,defocus_blur,1,none
efficientnet_b4,ILSVRC2012_val_00042146.JPEG,n04550184,894,894,0.33358887,1,imagenet_c,defocus_blur,1,none
efficientnet_b4,ILSVRC2012_val_00042474.JPEG,n04550184,894,894,0.2499795,1,imagenet_c,defocus_blur,1,none
efficientnet_b4,ILSVRC2012_val_00042535.JPEG,n04550184,894,799,0.20711468,0,imagenet_c,defocus_blur,1,none
efficientnet_b4,ILSVRC2012_val_00043210.JPEG,n04550184,894,470,0.16861506,0,imagenet_c,defocus_blur,1,none
efficientnet_b4,ILSVRC2012_val_00044023.JPEG,n04550184,894,523,0.045976747,0,imagenet_c,defocus_blur,1,none
efficientnet_b4,ILSVRC2012_val_00046428.JPEG,n04550184,894,493,0.10519099,0,imagenet_c,defocus_blur,1,none
efficientnet_b4,ILSVRC2012_val_00046925.JPEG,n04550184,894,789,0.6355494,0,imagenet_c,defocus_blur,1,none
efficientnet_b4,ILSVRC2012_val_00046982.JPEG,n04550184,894,789,0.5905255,0,imagenet_c,defocus_blur,1,none
efficientnet_b4,ILSVRC2012_val_00048746.JPEG,n04550184,894,894,0.54237294,1,imagenet_c,defocus_blur,1,none
efficientnet_b4,ILSVRC2012_val_00049632.JPEG,n04550184,894,894,0.52111083,1,imagenet_c,defocus_blur,1,none
efficientnet_b4,ILSVRC2012_val_00000369.JPEG,n04552348,895,744,0.15834194,0,imagenet_c,defocus_blur,1,none
efficientnet_b4,ILSVRC2012_val_00003293.JPEG,n04552348,895,404,0.25518373,0,imagenet_c,defocus_blur,1,none
efficientnet_b4,ILSVRC2012_val_00004879.JPEG,n04552348,895,895,0.5393803,1,imagenet_c,defocus_blur,1,none
efficientnet_b4,ILSVRC2012_val_00004998.JPEG,n04552348,895,895,0.3240542,1,imagenet_c,defocus_blur,1,none
efficientnet_b4,ILSVRC2012_val_00005116.JPEG,n04552348,895,812,0.20784669,0,imagenet_c,defocus_blur,1,none
efficientnet_b4,ILSVRC2012_val_00007004.JPEG,n04552348,895,895,0.6067591,1,imagenet_c,defocus_blur,1,none
efficientnet_b4,ILSVRC2012_val_00007311.JPEG,n04552348,895,895,0.62618905,1,imagenet_c,defocus_blur,1,none
efficientnet_b4,ILSVRC2012_val_00010014.JPEG,n04552348,895,895,0.6344327,1,imagenet_c,defocus_blur,1,none
efficientnet_b4,ILSVRC2012_val_00011942.JPEG,n04552348,895,895,0.69698226,1,imagenet_c,defocus_blur,1,none
efficientnet_b4,ILSVRC2012_val_00012932.JPEG,n04552348,895,895,0.17846559,1,imagenet_c,defocus_blur,1,none
efficientnet_b4,ILSVRC2012_val_00015070.JPEG,n04552348,895,895,0.6493922,1,imagenet_c,defocus_blur,1,none
efficientnet_b4,ILSVRC2012_val_00015306.JPEG,n04552348,895,895,0.8304385,1,imagenet_c,defocus_blur,1,none
efficientnet_b4,ILSVRC2012_val_00016506.JPEG,n04552348,895,895,0.64564806,1,imagenet_c,defocus_blur,1,none
efficientnet_b4,ILSVRC2012_val_00018147.JPEG,n04552348,895,755,0.09382663,0,imagenet_c,defocus_blur,1,none
efficientnet_b4,ILSVRC2012_val_00018190.JPEG,n04552348,895,895,0.31258857,1,imagenet_c,defocus_blur,1,none
efficientnet_b4,ILSVRC2012_val_00018638.JPEG,n04552348,895,912,0.21969293,0,imagenet_c,defocus_blur,1,none
efficientnet_b4,ILSVRC2012_val_00019254.JPEG,n04552348,895,403,0.12904544,0,imagenet_c,defocus_blur,1,none
efficientnet_b4,ILSVRC2012_val_00020759.JPEG,n04552348,895,895,0.69880956,1,imagenet_c,defocus_blur,1,none
efficientnet_b4,ILSVRC2012_val_00021062.JPEG,n04552348,895,895,0.23411284,1,imagenet_c,defocus_blur,1,none
efficientnet_b4,ILSVRC2012_val_00021358.JPEG,n04552348,895,895,0.60520446,1,imagenet_c,defocus_blur,1,none
efficientnet_b4,ILSVRC2012_val_00022103.JPEG,n04552348,895,895,0.52803147,1,imagenet_c,defocus_blur,1,none
efficientnet_b4,ILSVRC2012_val_00023087.JPEG,n04552348,895,895,0.5060348,1,imagenet_c,defocus_blur,1,none
efficientnet_b4,ILSVRC2012_val_00023334.JPEG,n04552348,895,895,0.5447418,1,imagenet_c,defocus_blur,1,none
efficientnet_b4,ILSVRC2012_val_00023593.JPEG,n04552348,895,895,0.40957457,1,imagenet_c,defocus_blur,1,none
efficientnet_b4,ILSVRC2012_val_00023701.JPEG,n04552348,895,895,0.38572428,1,imagenet_c,defocus_blur,1,none
efficientnet_b4,ILSVRC2012_val_00024613.JPEG,n04552348,895,600,0.10436466,0,imagenet_c,defocus_blur,1,none
efficientnet_b4,ILSVRC2012_val_00024705.JPEG,n04552348,895,744,0.32642987,0,imagenet_c,defocus_blur,1,none
efficientnet_b4,ILSVRC2012_val_00026553.JPEG,n04552348,895,895,0.40445808,1,imagenet_c,defocus_blur,1,none
efficientnet_b4,ILSVRC2012_val_00027681.JPEG,n04552348,895,404,0.38995132,0,imagenet_c,defocus_blur,1,none
efficientnet_b4,ILSVRC2012_val_00028193.JPEG,n04552348,895,895,0.21618448,1,imagenet_c,defocus_blur,1,none
efficientnet_b4,ILSVRC2012_val_00028234.JPEG,n04552348,895,404,0.4546115,0,imagenet_c,defocus_blur,1,none
efficientnet_b4,ILSVRC2012_val_00030069.JPEG,n04552348,895,895,0.5662132,1,imagenet_c,defocus_blur,1,none
efficientnet_b4,ILSVRC2012_val_00030208.JPEG,n04552348,895,895,0.37255713,1,imagenet_c,defocus_blur,1,none
efficientnet_b4,ILSVRC2012_val_00031559.JPEG,n04552348,895,404,0.65098995,0,imagenet_c,defocus_blur,1,none
efficientnet_b4,ILSVRC2012_val_00032516.JPEG,n04552348,895,895,0.3252566,1,imagenet_c,defocus_blur,1,none
efficientnet_b4,ILSVRC2012_val_00033671.JPEG,n04552348,895,518,0.07992995,0,imagenet_c,defocus_blur,1,none
efficientnet_b4,ILSVRC2012_val_00034713.JPEG,n04552348,895,895,0.3567792,1,imagenet_c,defocus_blur,1,none
efficientnet_b4,ILSVRC2012_val_00035119.JPEG,n04552348,895,517,0.24442784,0,imagenet_c,defocus_blur,1,none
efficientnet_b4,ILSVRC2012_val_00037204.JPEG,n04552348,895,895,0.609633,1,imagenet_c,defocus_blur,1,none
efficientnet_b4,ILSVRC2012_val_00037822.JPEG,n04552348,895,895,0.58159566,1,imagenet_c,defocus_blur,1,none
efficientnet_b4,ILSVRC2012_val_00038939.JPEG,n04552348,895,895,0.27260888,1,imagenet_c,defocus_blur,1,none
efficientnet_b4,ILSVRC2012_val_00039785.JPEG,n04552348,895,895,0.4735884,1,imagenet_c,defocus_blur,1,none
efficientnet_b4,ILSVRC2012_val_00044335.JPEG,n04552348,895,895,0.40398297,1,imagenet_c,defocus_blur,1,none
efficientnet_b4,ILSVRC2012_val_00046026.JPEG,n04552348,895,895,0.52516127,1,imagenet_c,defocus_blur,1,none
efficientnet_b4,ILSVRC2012_val_00046500.JPEG,n04552348,895,895,0.38028735,1,imagenet_c,defocus_blur,1,none
efficientnet_b4,ILSVRC2012_val_00047529.JPEG,n04552348,895,895,0.29659864,1,imagenet_c,defocus_blur,1,none
efficientnet_b4,ILSVRC2012_val_00047539.JPEG,n04552348,895,895,0.5768344,1,imagenet_c,defocus_blur,1,none
efficientnet_b4,ILSVRC2012_val_00047723.JPEG,n04552348,895,895,0.58169144,1,imagenet_c,defocus_blur,1,none
efficientnet_b4,ILSVRC2012_val_00047865.JPEG,n04552348,895,895,0.345462,1,imagenet_c,defocus_blur,1,none
efficientnet_b4,ILSVRC2012_val_00047921.JPEG,n04552348,895,895,0.5565865,1,imagenet_c,defocus_blur,1,none
efficientnet_b4,ILSVRC2012_val_00000538.JPEG,n04553703,896,896,0.39961243,1,imagenet_c,defocus_blur,1,none
efficientnet_b4,ILSVRC2012_val_00001364.JPEG,n04553703,896,896,0.2733753,1,imagenet_c,defocus_blur,1,none
efficientnet_b4,ILSVRC2012_val_00001741.JPEG,n04553703,896,896,0.25019723,1,imagenet_c,defocus_blur,1,none
efficientnet_b4,ILSVRC2012_val_00002108.JPEG,n04553703,896,896,0.46708342,1,imagenet_c,defocus_blur,1,none
efficientnet_b4,ILSVRC2012_val_00003795.JPEG,n04553703,896,446,0.4915267,0,imagenet_c,defocus_blur,1,none
efficientnet_b4,ILSVRC2012_val_00003927.JPEG,n04553703,896,925,0.07459389,0,imagenet_c,defocus_blur,1,none
efficientnet_b4,ILSVRC2012_val_00004010.JPEG,n04553703,896,896,0.2770798,1,imagenet_c,defocus_blur,1,none
efficientnet_b4,ILSVRC2012_val_00006856.JPEG,n04553703,896,896,0.48657846,1,imagenet_c,defocus_blur,1,none
efficientnet_b4,ILSVRC2012_val_00007994.JPEG,n04553703,896,861,0.114693046,0,imagenet_c,defocus_blur,1,none
efficientnet_b4,ILSVRC2012_val_00008573.JPEG,n04553703,896,896,0.26286325,1,imagenet_c,defocus_blur,1,none
efficientnet_b4,ILSVRC2012_val_00010181.JPEG,n04553703,896,896,0.34136403,1,imagenet_c,defocus_blur,1,none
efficientnet_b4,ILSVRC2012_val_00010444.JPEG,n04553703,896,896,0.4093709,1,imagenet_c,defocus_blur,1,none
efficientnet_b4,ILSVRC2012_val_00010599.JPEG,n04553703,896,896,0.26526695,1,imagenet_c,defocus_blur,1,none
efficientnet_b4,ILSVRC2012_val_00011577.JPEG,n04553703,896,789,0.032685798,0,imagenet_c,defocus_blur,1,none
efficientnet_b4,ILSVRC2012_val_00011665.JPEG,n04553703,896,787,0.21699117,0,imagenet_c,defocus_blur,1,none
efficientnet_b4,ILSVRC2012_val_00013523.JPEG,n04553703,896,896,0.3305809,1,imagenet_c,defocus_blur,1,none
efficientnet_b4,ILSVRC2012_val_00013534.JPEG,n04553703,896,648,0.24957491,0,imagenet_c,defocus_blur,1,none
efficientnet_b4,ILSVRC2012_val_00013941.JPEG,n04553703,896,648,0.20826054,0,imagenet_c,defocus_blur,1,none
efficientnet_b4,ILSVRC2012_val_00015991.JPEG,n04553703,896,896,0.5960348,1,imagenet_c,defocus_blur,1,none
efficientnet_b4,ILSVRC2012_val_00016013.JPEG,n04553703,896,896,0.17694996,1,imagenet_c,defocus_blur,1,none
efficientnet_b4,ILSVRC2012_val_00018177.JPEG,n04553703,896,896,0.6244462,1,imagenet_c,defocus_blur,1,none
efficientnet_b4,ILSVRC2012_val_00022742.JPEG,n04553703,896,896,0.7706395,1,imagenet_c,defocus_blur,1,none
efficientnet_b4,ILSVRC2012_val_00022800.JPEG,n04553703,896,896,0.49888468,1,imagenet_c,defocus_blur,1,none
efficientnet_b4,ILSVRC2012_val_00024626.JPEG,n04553703,896,896,0.5959782,1,imagenet_c,defocus_blur,1,none
efficientnet_b4,ILSVRC2012_val_00025052.JPEG,n04553703,896,896,0.57364273,1,imagenet_c,defocus_blur,1,none
efficientnet_b4,ILSVRC2012_val_00025144.JPEG,n04553703,896,896,0.45905644,1,imagenet_c,defocus_blur,1,none
efficientnet_b4,ILSVRC2012_val_00025271.JPEG,n04553703,896,861,0.2909402,0,imagenet_c,defocus_blur,1,none
efficientnet_b4,ILSVRC2012_val_00025571.JPEG,n04553703,896,794,0.16597506,0,imagenet_c,defocus_blur,1,none
efficientnet_b4,ILSVRC2012_val_00026531.JPEG,n04553703,896,896,0.13787512,1,imagenet_c,defocus_blur,1,none
efficientnet_b4,ILSVRC2012_val_00026584.JPEG,n04553703,896,896,0.45698458,1,imagenet_c,defocus_blur,1,none
efficientnet_b4,ILSVRC2012_val_00027660.JPEG,n04553703,896,896,0.70657694,1,imagenet_c,defocus_blur,1,none
efficientnet_b4,ILSVRC2012_val_00029573.JPEG,n04553703,896,896,0.6265937,1,imagenet_c,defocus_blur,1,none
efficientnet_b4,ILSVRC2012_val_00030775.JPEG,n04553703,896,896,0.27430966,1,imagenet_c,defocus_blur,1,none
efficientnet_b4,ILSVRC2012_val_00031074.JPEG,n04553703,896,896,0.37778205,1,imagenet_c,defocus_blur,1,none
efficientnet_b4,ILSVRC2012_val_00031261.JPEG,n04553703,896,896,0.1966898,1,imagenet_c,defocus_blur,1,none
efficientnet_b4,ILSVRC2012_val_00032224.JPEG,n04553703,896,896,0.39864543,1,imagenet_c,defocus_blur,1,none
efficientnet_b4,ILSVRC2012_val_00034191.JPEG,n04553703,896,896,0.7805095,1,imagenet_c,defocus_blur,1,none
efficientnet_b4,ILSVRC2012_val_00036277.JPEG,n04553703,896,896,0.78041553,1,imagenet_c,defocus_blur,1,none
efficientnet_b4,ILSVRC2012_val_00037093.JPEG,n04553703,896,896,0.2858344,1,imagenet_c,defocus_blur,1,none
efficientnet_b4,ILSVRC2012_val_00038528.JPEG,n04553703,896,896,0.0691879,1,imagenet_c,defocus_blur,1,none
efficientnet_b4,ILSVRC2012_val_00039981.JPEG,n04553703,896,531,0.10263683,0,imagenet_c,defocus_blur,1,none
efficientnet_b4,ILSVRC2012_val_00041632.JPEG,n04553703,896,435,0.25359744,0,imagenet_c,defocus_blur,1,none
efficientnet_b4,ILSVRC2012_val_00041785.JPEG,n04553703,896,896,0.16657807,1,imagenet_c,defocus_blur,1,none
efficientnet_b4,ILSVRC2012_val_00043107.JPEG,n04553703,896,896,0.5237828,1,imagenet_c,defocus_blur,1,none
efficientnet_b4,ILSVRC2012_val_00045791.JPEG,n04553703,896,633,0.3649144,0,imagenet_c,defocus_blur,1,none
efficientnet_b4,ILSVRC2012_val_00048031.JPEG,n04553703,896,896,0.741522,1,imagenet_c,defocus_blur,1,none
efficientnet_b4,ILSVRC2012_val_00048579.JPEG,n04553703,896,463,0.12099534,0,imagenet_c,defocus_blur,1,none
efficientnet_b4,ILSVRC2012_val_00048643.JPEG,n04553703,896,896,0.5382889,1,imagenet_c,defocus_blur,1,none
efficientnet_b4,ILSVRC2012_val_00048784.JPEG,n04553703,896,896,0.33726025,1,imagenet_c,defocus_blur,1,none
efficientnet_b4,ILSVRC2012_val_00048867.JPEG,n04553703,896,896,0.47494662,1,imagenet_c,defocus_blur,1,none
efficientnet_b4,ILSVRC2012_val_00000280.JPEG,n04554684,897,897,0.5289237,1,imagenet_c,defocus_blur,1,none
efficientnet_b4,ILSVRC2012_val_00001704.JPEG,n04554684,897,662,0.1278531,0,imagenet_c,defocus_blur,1,none
efficientnet_b4,ILSVRC2012_val_00002039.JPEG,n04554684,897,897,0.6982549,1,imagenet_c,defocus_blur,1,none
efficientnet_b4,ILSVRC2012_val_00002422.JPEG,n04554684,897,848,0.19167742,0,imagenet_c,defocus_blur,1,none
efficientnet_b4,ILSVRC2012_val_00003561.JPEG,n04554684,897,897,0.4407262,1,imagenet_c,defocus_blur,1,none
efficientnet_b4,ILSVRC2012_val_00004800.JPEG,n04554684,897,897,0.18644935,1,imagenet_c,defocus_blur,1,none
efficientnet_b4,ILSVRC2012_val_00005491.JPEG,n04554684,897,851,0.017033894,0,imagenet_c,defocus_blur,1,none
efficientnet_b4,ILSVRC2012_val_00006551.JPEG,n04554684,897,897,0.52064615,1,imagenet_c,defocus_blur,1,none
efficientnet_b4,ILSVRC2012_val_00006768.JPEG,n04554684,897,713,0.3232701,0,imagenet_c,defocus_blur,1,none
efficientnet_b4,ILSVRC2012_val_00009655.JPEG,n04554684,897,897,0.48163977,1,imagenet_c,defocus_blur,1,none
efficientnet_b4,ILSVRC2012_val_00010706.JPEG,n04554684,897,648,0.10681226,0,imagenet_c,defocus_blur,1,none
efficientnet_b4,ILSVRC2012_val_00013010.JPEG,n04554684,897,485,0.22305469,0,imagenet_c,defocus_blur,1,none
efficientnet_b4,ILSVRC2012_val_00014173.JPEG,n04554684,897,648,0.21358971,0,imagenet_c,defocus_blur,1,none
efficientnet_b4,ILSVRC2012_val_00014530.JPEG,n04554684,897,897,0.43715066,1,imagenet_c,defocus_blur,1,none
efficientnet_b4,ILSVRC2012_val_00014846.JPEG,n04554684,897,897,0.8294076,1,imagenet_c,defocus_blur,1,none
efficientnet_b4,ILSVRC2012_val_00016647.JPEG,n04554684,897,897,0.5882141,1,imagenet_c,defocus_blur,1,none
efficientnet_b4,ILSVRC2012_val_00017496.JPEG,n04554684,897,897,0.5447428,1,imagenet_c,defocus_blur,1,none
efficientnet_b4,ILSVRC2012_val_00018909.JPEG,n04554684,897,897,0.4264378,1,imagenet_c,defocus_blur,1,none
efficientnet_b4,ILSVRC2012_val_00019346.JPEG,n04554684,897,897,0.37533715,1,imagenet_c,defocus_blur,1,none
efficientnet_b4,ILSVRC2012_val_00019367.JPEG,n04554684,897,897,0.5891981,1,imagenet_c,defocus_blur,1,none
efficientnet_b4,ILSVRC2012_val_00021128.JPEG,n04554684,897,651,0.45817706,0,imagenet_c,defocus_blur,1,none
efficientnet_b4,ILSVRC2012_val_00021167.JPEG,n04554684,897,897,0.41860488,1,imagenet_c,defocus_blur,1,none
efficientnet_b4,ILSVRC2012_val_00022249.JPEG,n04554684,897,713,0.6087455,0,imagenet_c,defocus_blur,1,none
efficientnet_b4,ILSVRC2012_val_00023591.JPEG,n04554684,897,897,0.6138621,1,imagenet_c,defocus_blur,1,none
efficientnet_b4,ILSVRC2012_val_00025197.JPEG,n04554684,897,897,0.6073517,1,imagenet_c,defocus_blur,1,none
efficientnet_b4,ILSVRC2012_val_00026036.JPEG,n04554684,897,897,0.1532779,1,imagenet_c,defocus_blur,1,none
efficientnet_b4,ILSVRC2012_val_00026818.JPEG,n04554684,897,897,0.48582762,1,imagenet_c,defocus_blur,1,none
efficientnet_b4,ILSVRC2012_val_00027235.JPEG,n04554684,897,897,0.4910741,1,imagenet_c,defocus_blur,1,none
efficientnet_b4,ILSVRC2012_val_00027354.JPEG,n04554684,897,897,0.47976673,1,imagenet_c,defocus_blur,1,none
efficientnet_b4,ILSVRC2012_val_00028059.JPEG,n04554684,897,897,0.6134269,1,imagenet_c,defocus_blur,1,none
efficientnet_b4,ILSVRC2012_val_00029348.JPEG,n04554684,897,897,0.27172676,1,imagenet_c,defocus_blur,1,none
efficientnet_b4,ILSVRC2012_val_00029766.JPEG,n04554684,897,897,0.61662436,1,imagenet_c,defocus_blur,1,none
efficientnet_b4,ILSVRC2012_val_00031732.JPEG,n04554684,897,691,0.09680189,0,imagenet_c,defocus_blur,1,none
efficientnet_b4,ILSVRC2012_val_00031894.JPEG,n04554684,897,897,0.36861032,1,imagenet_c,defocus_blur,1,none
efficientnet_b4,ILSVRC2012_val_00032300.JPEG,n04554684,897,897,0.712692,1,imagenet_c,defocus_blur,1,none
efficientnet_b4,ILSVRC2012_val_00032346.JPEG,n04554684,897,897,0.3083773,1,imagenet_c,defocus_blur,1,none
efficientnet_b4,ILSVRC2012_val_00034886.JPEG,n04554684,897,897,0.54489714,1,imagenet_c,defocus_blur,1,none
efficientnet_b4,ILSVRC2012_val_00035827.JPEG,n04554684,897,827,0.30625466,0,imagenet_c,defocus_blur,1,none
efficientnet_b4,ILSVRC2012_val_00037728.JPEG,n04554684,897,897,0.62986356,1,imagenet_c,defocus_blur,1,none
efficientnet_b4,ILSVRC2012_val_00038937.JPEG,n04554684,897,897,0.4961322,1,imagenet_c,defocus_blur,1,none
efficientnet_b4,ILSVRC2012_val_00038965.JPEG,n04554684,897,897,0.5781332,1,imagenet_c,defocus_blur,1,none
efficientnet_b4,ILSVRC2012_val_00039511.JPEG,n04554684,897,897,0.46404302,1,imagenet_c,defocus_blur,1,none
efficientnet_b4,ILSVRC2012_val_00041318.JPEG,n04554684,897,897,0.46835327,1,imagenet_c,defocus_blur,1,none
efficientnet_b4,ILSVRC2012_val_00041902.JPEG,n04554684,897,754,0.19073209,0,imagenet_c,defocus_blur,1,none
efficientnet_b4,ILSVRC2012_val_00042620.JPEG,n04554684,897,897,0.54080194,1,imagenet_c,defocus_blur,1,none
efficientnet_b4,ILSVRC2012_val_00045406.JPEG,n04554684,897,897,0.839289,1,imagenet_c,defocus_blur,1,none
efficientnet_b4,ILSVRC2012_val_00048289.JPEG,n04554684,897,897,0.41070384,1,imagenet_c,defocus_blur,1,none
efficientnet_b4,ILSVRC2012_val_00048391.JPEG,n04554684,897,894,0.16773199,0,imagenet_c,defocus_blur,1,none
efficientnet_b4,ILSVRC2012_val_00049226.JPEG,n04554684,897,897,0.5614765,1,imagenet_c,defocus_blur,1,none
efficientnet_b4,ILSVRC2012_val_00049921.JPEG,n04554684,897,897,0.5909109,1,imagenet_c,defocus_blur,1,none
efficientnet_b4,ILSVRC2012_val_00000745.JPEG,n04557648,898,692,0.16975968,0,imagenet_c,defocus_blur,1,none
efficientnet_b4,ILSVRC2012_val_00001668.JPEG,n04557648,898,801,0.059399053,0,imagenet_c,defocus_blur,1,none
efficientnet_b4,ILSVRC2012_val_00003318.JPEG,n04557648,898,880,0.26066265,0,imagenet_c,defocus_blur,1,none
efficientnet_b4,ILSVRC2012_val_00003340.JPEG,n04557648,898,898,0.12626551,1,imagenet_c,defocus_blur,1,none
efficientnet_b4,ILSVRC2012_val_00003429.JPEG,n04557648,898,898,0.94398856,1,imagenet_c,defocus_blur,1,none
efficientnet_b4,ILSVRC2012_val_00006949.JPEG,n04557648,898,819,0.145117,0,imagenet_c,defocus_blur,1,none
efficientnet_b4,ILSVRC2012_val_00007017.JPEG,n04557648,898,898,0.47016022,1,imagenet_c,defocus_blur,1,none
efficientnet_b4,ILSVRC2012_val_00008077.JPEG,n04557648,898,671,0.4175807,0,imagenet_c,defocus_blur,1,none
efficientnet_b4,ILSVRC2012_val_00009155.JPEG,n04557648,898,890,0.05434825,0,imagenet_c,defocus_blur,1,none
efficientnet_b4,ILSVRC2012_val_00009504.JPEG,n04557648,898,700,0.15029079,0,imagenet_c,defocus_blur,1,none
efficientnet_b4,ILSVRC2012_val_00010135.JPEG,n04557648,898,898,0.6400756,1,imagenet_c,defocus_blur,1,none
efficientnet_b4,ILSVRC2012_val_00010459.JPEG,n04557648,898,720,0.39065397,0,imagenet_c,defocus_blur,1,none
efficientnet_b4,ILSVRC2012_val_00012525.JPEG,n04557648,898,119,0.058219444,0,imagenet_c,defocus_blur,1,none
efficientnet_b4,ILSVRC2012_val_00012968.JPEG,n04557648,898,720,0.31442282,0,imagenet_c,defocus_blur,1,none
efficientnet_b4,ILSVRC2012_val_00014215.JPEG,n04557648,898,898,0.7382271,1,imagenet_c,defocus_blur,1,none
efficientnet_b4,ILSVRC2012_val_00015556.JPEG,n04557648,898,898,0.27441996,1,imagenet_c,defocus_blur,1,none
efficientnet_b4,ILSVRC2012_val_00017570.JPEG,n04557648,898,898,0.3417453,1,imagenet_c,defocus_blur,1,none
efficientnet_b4,ILSVRC2012_val_00019201.JPEG,n04557648,898,510,0.13055027,0,imagenet_c,defocus_blur,1,none
efficientnet_b4,ILSVRC2012_val_00019944.JPEG,n04557648,898,898,0.7473744,1,imagenet_c,defocus_blur,1,none
efficientnet_b4,ILSVRC2012_val_00020948.JPEG,n04557648,898,898,0.6071824,1,imagenet_c,defocus_blur,1,none
efficientnet_b4,ILSVRC2012_val_00020977.JPEG,n04557648,898,737,0.42892122,0,imagenet_c,defocus_blur,1,none
efficientnet_b4,ILSVRC2012_val_00021707.JPEG,n04557648,898,862,0.34664518,0,imagenet_c,defocus_blur,1,none
efficientnet_b4,ILSVRC2012_val_00023127.JPEG,n04557648,898,898,0.7907856,1,imagenet_c,defocus_blur,1,none
efficientnet_b4,ILSVRC2012_val_00023429.JPEG,n04557648,898,898,0.4204503,1,imagenet_c,defocus_blur,1,none
efficientnet_b4,ILSVRC2012_val_00023524.JPEG,n04557648,898,980,0.07215393,0,imagenet_c,defocus_blur,1,none
efficientnet_b4,ILSVRC2012_val_00025139.JPEG,n04557648,898,898,0.6103156,1,imagenet_c,defocus_blur,1,none
efficientnet_b4,ILSVRC2012_val_00025148.JPEG,n04557648,898,898,0.3579969,1,imagenet_c,defocus_blur,1,none
efficientnet_b4,ILSVRC2012_val_00026262.JPEG,n04557648,898,720,0.6000593,0,imagenet_c,defocus_blur,1,none
efficientnet_b4,ILSVRC2012_val_00027424.JPEG,n04557648,898,898,0.26841724,1,imagenet_c,defocus_blur,1,none
efficientnet_b4,ILSVRC2012_val_00027613.JPEG,n04557648,898,862,0.2643912,0,imagenet_c,defocus_blur,1,none
efficientnet_b4,ILSVRC2012_val_00029713.JPEG,n04557648,898,898,0.5265724,1,imagenet_c,defocus_blur,1,none
efficientnet_b4,ILSVRC2012_val_00030227.JPEG,n04557648,898,898,0.53599614,1,imagenet_c,defocus_blur,1,none
efficientnet_b4,ILSVRC2012_val_00033447.JPEG,n04557648,898,898,0.50822973,1,imagenet_c,defocus_blur,1,none
efficientnet_b4,ILSVRC2012_val_00034412.JPEG,n04557648,898,470,0.091980636,0,imagenet_c,defocus_blur,1,none
efficientnet_b4,ILSVRC2012_val_00035840.JPEG,n04557648,898,737,0.15442386,0,imagenet_c,defocus_blur,1,none
efficientnet_b4,ILSVRC2012_val_00036165.JPEG,n04557648,898,758,0.027715765,0,imagenet_c,defocus_blur,1,none
efficientnet_b4,ILSVRC2012_val_00037544.JPEG,n04557648,898,773,0.15387616,0,imagenet_c,defocus_blur,1,none
efficientnet_b4,ILSVRC2012_val_00038312.JPEG,n04557648,898,898,0.5695234,1,imagenet_c,defocus_blur,1,none
efficientnet_b4,ILSVRC2012_val_00040070.JPEG,n04557648,898,514,0.041936606,0,imagenet_c,defocus_blur,1,none
efficientnet_b4,ILSVRC2012_val_00040265.JPEG,n04557648,898,979,0.033114973,0,imagenet_c,defocus_blur,1,none
efficientnet_b4,ILSVRC2012_val_00040514.JPEG,n04557648,898,898,0.22211716,1,imagenet_c,defocus_blur,1,none
efficientnet_b4,ILSVRC2012_val_00040553.JPEG,n04557648,898,898,0.3042063,1,imagenet_c,defocus_blur,1,none
efficientnet_b4,ILSVRC2012_val_00041370.JPEG,n04557648,898,438,0.048557315,0,imagenet_c,defocus_blur,1,none
efficientnet_b4,ILSVRC2012_val_00043875.JPEG,n04557648,898,898,0.35281017,1,imagenet_c,defocus_blur,1,none
efficientnet_b4,ILSVRC2012_val_00045644.JPEG,n04557648,898,503,0.16204752,0,imagenet_c,defocus_blur,1,none
efficientnet_b4,ILSVRC2012_val_00046459.JPEG,n04557648,898,898,0.18394676,1,imagenet_c,defocus_blur,1,none
efficientnet_b4,ILSVRC2012_val_00046515.JPEG,n04557648,898,680,0.34941986,0,imagenet_c,defocus_blur,1,none
efficientnet_b4,ILSVRC2012_val_00048464.JPEG,n04557648,898,739,0.13489099,0,imagenet_c,defocus_blur,1,none
efficientnet_b4,ILSVRC2012_val_00049261.JPEG,n04557648,898,898,0.36843762,1,imagenet_c,defocus_blur,1,none
efficientnet_b4,ILSVRC2012_val_00049929.JPEG,n04557648,898,898,0.8797976,1,imagenet_c,defocus_blur,1,none
efficientnet_b4,ILSVRC2012_val_00000286.JPEG,n04560804,899,503,0.0714406,0,imagenet_c,defocus_blur,1,none
efficientnet_b4,ILSVRC2012_val_00000598.JPEG,n04560804,899,898,0.6746969,0,imagenet_c,defocus_blur,1,none
efficientnet_b4,ILSVRC2012_val_00000858.JPEG,n04560804,899,504,0.05443505,0,imagenet_c,defocus_blur,1,none
efficientnet_b4,ILSVRC2012_val_00002597.JPEG,n04560804,899,901,0.17093904,0,imagenet_c,defocus_blur,1,none
efficientnet_b4,ILSVRC2012_val_00003263.JPEG,n04560804,899,738,0.15093967,0,imagenet_c,defocus_blur,1,none
efficientnet_b4,ILSVRC2012_val_00004773.JPEG,n04560804,899,849,0.2649988,0,imagenet_c,defocus_blur,1,none
efficientnet_b4,ILSVRC2012_val_00005081.JPEG,n04560804,899,899,0.1692365,1,imagenet_c,defocus_blur,1,none
efficientnet_b4,ILSVRC2012_val_00005333.JPEG,n04560804,899,412,0.13862893,0,imagenet_c,defocus_blur,1,none
efficientnet_b4,ILSVRC2012_val_00005459.JPEG,n04560804,899,899,0.52464944,1,imagenet_c,defocus_blur,1,none
efficientnet_b4,ILSVRC2012_val_00005897.JPEG,n04560804,899,505,0.1972107,0,imagenet_c,defocus_blur,1,none
efficientnet_b4,ILSVRC2012_val_00006573.JPEG,n04560804,899,756,0.18057203,0,imagenet_c,defocus_blur,1,none
efficientnet_b4,ILSVRC2012_val_00010305.JPEG,n04560804,899,680,0.22849886,0,imagenet_c,defocus_blur,1,none
efficientnet_b4,ILSVRC2012_val_00011758.JPEG,n04560804,899,653,0.14010309,0,imagenet_c,defocus_blur,1,none
efficientnet_b4,ILSVRC2012_val_00012572.JPEG,n04560804,899,969,0.20170183,0,imagenet_c,defocus_blur,1,none
efficientnet_b4,ILSVRC2012_val_00013257.JPEG,n04560804,899,901,0.5391449,0,imagenet_c,defocus_blur,1,none
efficientnet_b4,ILSVRC2012_val_00013262.JPEG,n04560804,899,441,0.40467814,0,imagenet_c,defocus_blur,1,none
efficientnet_b4,ILSVRC2012_val_00013347.JPEG,n04560804,899,441,0.24478896,0,imagenet_c,defocus_blur,1,none
efficientnet_b4,ILSVRC2012_val_00013667.JPEG,n04560804,899,504,0.62001497,0,imagenet_c,defocus_blur,1,none
efficientnet_b4,ILSVRC2012_val_00013956.JPEG,n04560804,899,719,0.11672524,0,imagenet_c,defocus_blur,1,none
efficientnet_b4,ILSVRC2012_val_00014146.JPEG,n04560804,899,503,0.22729225,0,imagenet_c,defocus_blur,1,none
efficientnet_b4,ILSVRC2012_val_00014626.JPEG,n04560804,899,647,0.1223186,0,imagenet_c,defocus_blur,1,none
efficientnet_b4,ILSVRC2012_val_00018657.JPEG,n04560804,899,503,0.19900544,0,imagenet_c,defocus_blur,1,none
efficientnet_b4,ILSVRC2012_val_00019924.JPEG,n04560804,899,899,0.09519753,1,imagenet_c,defocus_blur,1,none
efficientnet_b4,ILSVRC2012_val_00020102.JPEG,n04560804,899,725,0.23065935,0,imagenet_c,defocus_blur,1,none
efficientnet_b4,ILSVRC2012_val_00020192.JPEG,n04560804,899,898,0.497759,0,imagenet_c,defocus_blur,1,none
efficientnet_b4,ILSVRC2012_val_00020857.JPEG,n04560804,899,692,0.056913123,0,imagenet_c,defocus_blur,1,none
efficientnet_b4,ILSVRC2012_val_00022034.JPEG,n04560804,899,901,0.30963895,0,imagenet_c,defocus_blur,1,none
efficientnet_b4,ILSVRC2012_val_00022214.JPEG,n04560804,899,898,0.68661606,0,imagenet_c,defocus_blur,1,none
efficientnet_b4,ILSVRC2012_val_00024412.JPEG,n04560804,899,899,0.4333214,1,imagenet_c,defocus_blur,1,none
efficientnet_b4,ILSVRC2012_val_00027970.JPEG,n04560804,899,899,0.17975798,1,imagenet_c,defocus_blur,1,none
efficientnet_b4,ILSVRC2012_val_00029711.JPEG,n04560804,899,901,0.28292838,0,imagenet_c,defocus_blur,1,none
efficientnet_b4,ILSVRC2012_val_00029830.JPEG,n04560804,899,532,0.3336141,0,imagenet_c,defocus_blur,1,none
efficientnet_b4,ILSVRC2012_val_00031504.JPEG,n04560804,899,585,0.0389702,0,imagenet_c,defocus_blur,1,none
efficientnet_b4,ILSVRC2012_val_00031871.JPEG,n04560804,899,504,0.12113922,0,imagenet_c,defocus_blur,1,none
efficientnet_b4,ILSVRC2012_val_00031909.JPEG,n04560804,899,503,0.17622039,0,imagenet_c,defocus_blur,1,none
efficientnet_b4,ILSVRC2012_val_00032981.JPEG,n04560804,899,505,0.3681848,0,imagenet_c,defocus_blur,1,none
efficientnet_b4,ILSVRC2012_val_00033522.JPEG,n04560804,899,899,0.2965172,1,imagenet_c,defocus_blur,1,none
efficientnet_b4,ILSVRC2012_val_00034498.JPEG,n04560804,899,811,0.41098773,0,imagenet_c,defocus_blur,1,none
efficientnet_b4,ILSVRC2012_val_00034852.JPEG,n04560804,899,968,0.13768235,0,imagenet_c,defocus_blur,1,none
efficientnet_b4,ILSVRC2012_val_00035061.JPEG,n04560804,899,505,0.52383596,0,imagenet_c,defocus_blur,1,none
efficientnet_b4,ILSVRC2012_val_00037427.JPEG,n04560804,899,745,0.0462768,0,imagenet_c,defocus_blur,1,none
efficientnet_b4,ILSVRC2012_val_00039542.JPEG,n04560804,899,899,0.4167121,1,imagenet_c,defocus_blur,1,none
efficientnet_b4,ILSVRC2012_val_00040157.JPEG,n04560804,899,899,0.2731319,1,imagenet_c,defocus_blur,1,none
efficientnet_b4,ILSVRC2012_val_00043815.JPEG,n04560804,899,505,0.3716664,0,imagenet_c,defocus_blur,1,none
efficientnet_b4,ILSVRC2012_val_00044778.JPEG,n04560804,899,503,0.35072362,0,imagenet_c,defocus_blur,1,none
efficientnet_b4,ILSVRC2012_val_00046557.JPEG,n04560804,899,899,0.3660562,1,imagenet_c,defocus_blur,1,none
efficientnet_b4,ILSVRC2012_val_00048064.JPEG,n04560804,899,898,0.2911199,0,imagenet_c,defocus_blur,1,none
efficientnet_b4,ILSVRC2012_val_00049156.JPEG,n04560804,899,504,0.19162902,0,imagenet_c,defocus_blur,1,none
efficientnet_b4,ILSVRC2012_val_00049563.JPEG,n04560804,899,505,0.38582838,0,imagenet_c,defocus_blur,1,none
efficientnet_b4,ILSVRC2012_val_00049951.JPEG,n04560804,899,899,0.19049847,1,imagenet_c,defocus_blur,1,none
efficientnet_b4,ILSVRC2012_val_00000586.JPEG,n04562935,900,900,0.45139682,1,imagenet_c,defocus_blur,1,none
efficientnet_b4,ILSVRC2012_val_00001934.JPEG,n04562935,900,900,0.5524522,1,imagenet_c,defocus_blur,1,none
efficientnet_b4,ILSVRC2012_val_00003749.JPEG,n04562935,900,900,0.6528155,1,imagenet_c,defocus_blur,1,none
efficientnet_b4,ILSVRC2012_val_00004393.JPEG,n04562935,900,900,0.60055333,1,imagenet_c,defocus_blur,1,none
efficientnet_b4,ILSVRC2012_val_00004536.JPEG,n04562935,900,900,0.17571059,1,imagenet_c,defocus_blur,1,none
efficientnet_b4,ILSVRC2012_val_00005342.JPEG,n04562935,900,900,0.60258704,1,imagenet_c,defocus_blur,1,none
efficientnet_b4,ILSVRC2012_val_00005814.JPEG,n04562935,900,900,0.50278664,1,imagenet_c,defocus_blur,1,none
efficientnet_b4,ILSVRC2012_val_00007553.JPEG,n04562935,900,900,0.5434349,1,imagenet_c,defocus_blur,1,none
efficientnet_b4,ILSVRC2012_val_00008486.JPEG,n04562935,900,900,0.5156104,1,imagenet_c,defocus_blur,1,none
efficientnet_b4,ILSVRC2012_val_00009339.JPEG,n04562935,900,574,0.5165198,0,imagenet_c,defocus_blur,1,none
efficientnet_b4,ILSVRC2012_val_00011879.JPEG,n04562935,900,900,0.5362431,1,imagenet_c,defocus_blur,1,none
efficientnet_b4,ILSVRC2012_val_00015348.JPEG,n04562935,900,900,0.55903035,1,imagenet_c,defocus_blur,1,none
efficientnet_b4,ILSVRC2012_val_00015385.JPEG,n04562935,900,900,0.5756247,1,imagenet_c,defocus_blur,1,none
efficientnet_b4,ILSVRC2012_val_00015492.JPEG,n04562935,900,900,0.58065057,1,imagenet_c,defocus_blur,1,none
efficientnet_b4,ILSVRC2012_val_00016438.JPEG,n04562935,900,442,0.39387164,0,imagenet_c,defocus_blur,1,none
efficientnet_b4,ILSVRC2012_val_00016458.JPEG,n04562935,900,900,0.5388159,1,imagenet_c,defocus_blur,1,none
efficientnet_b4,ILSVRC2012_val_00016930.JPEG,n04562935,900,540,0.37320012,0,imagenet_c,defocus_blur,1,none
efficientnet_b4,ILSVRC2012_val_00017352.JPEG,n04562935,900,900,0.5281736,1,imagenet_c,defocus_blur,1,none
efficientnet_b4,ILSVRC2012_val_00018833.JPEG,n04562935,900,900,0.41022775,1,imagenet_c,defocus_blur,1,none
efficientnet_b4,ILSVRC2012_val_00019418.JPEG,n04562935,900,900,0.18549387,1,imagenet_c,defocus_blur,1,none
efficientnet_b4,ILSVRC2012_val_00019841.JPEG,n04562935,900,900,0.2670656,1,imagenet_c,defocus_blur,1,none
efficientnet_b4,ILSVRC2012_val_00020079.JPEG,n04562935,900,900,0.33418533,1,imagenet_c,defocus_blur,1,none
efficientnet_b4,ILSVRC2012_val_00023670.JPEG,n04562935,900,900,0.114433214,1,imagenet_c,defocus_blur,1,none
efficientnet_b4,ILSVRC2012_val_00025044.JPEG,n04562935,900,900,0.5498864,1,imagenet_c,defocus_blur,1,none
efficientnet_b4,ILSVRC2012_val_00025099.JPEG,n04562935,900,900,0.56042993,1,imagenet_c,defocus_blur,1,none
efficientnet_b4,ILSVRC2012_val_00026814.JPEG,n04562935,900,900,0.57053906,1,imagenet_c,defocus_blur,1,none
efficientnet_b4,ILSVRC2012_val_00027928.JPEG,n04562935,900,900,0.61191946,1,imagenet_c,defocus_blur,1,none
efficientnet_b4,ILSVRC2012_val_00028785.JPEG,n04562935,900,900,0.29238623,1,imagenet_c,defocus_blur,1,none
efficientnet_b4,ILSVRC2012_val_00029938.JPEG,n04562935,900,900,0.14034875,1,imagenet_c,defocus_blur,1,none
efficientnet_b4,ILSVRC2012_val_00032114.JPEG,n04562935,900,900,0.56680244,1,imagenet_c,defocus_blur,1,none
efficientnet_b4,ILSVRC2012_val_00032306.JPEG,n04562935,900,900,0.1128142,1,imagenet_c,defocus_blur,1,none
efficientnet_b4,ILSVRC2012_val_00033571.JPEG,n04562935,900,900,0.56107306,1,imagenet_c,defocus_blur,1,none
efficientnet_b4,ILSVRC2012_val_00033898.JPEG,n04562935,900,900,0.10533902,1,imagenet_c,defocus_blur,1,none
efficientnet_b4,ILSVRC2012_val_00034973.JPEG,n04562935,900,900,0.5708687,1,imagenet_c,defocus_blur,1,none
efficientnet_b4,ILSVRC2012_val_00035046.JPEG,n04562935,900,900,0.55201596,1,imagenet_c,defocus_blur,1,none
efficientnet_b4,ILSVRC2012_val_00035874.JPEG,n04562935,900,900,0.43674144,1,imagenet_c,defocus_blur,1,none
efficientnet_b4,ILSVRC2012_val_00036189.JPEG,n04562935,900,900,0.56188726,1,imagenet_c,defocus_blur,1,none
efficientnet_b4,ILSVRC2012_val_00037082.JPEG,n04562935,900,900,0.60762364,1,imagenet_c,defocus_blur,1,none
efficientnet_b4,ILSVRC2012_val_00037484.JPEG,n04562935,900,900,0.5143415,1,imagenet_c,defocus_blur,1,none
efficientnet_b4,ILSVRC2012_val_00038115.JPEG,n04562935,900,900,0.49731112,1,imagenet_c,defocus_blur,1,none
efficientnet_b4,ILSVRC2012_val_00038846.JPEG,n04562935,900,900,0.55668956,1,imagenet_c,defocus_blur,1,none
efficientnet_b4,ILSVRC2012_val_00039721.JPEG,n04562935,900,900,0.3752076,1,imagenet_c,defocus_blur,1,none
efficientnet_b4,ILSVRC2012_val_00040360.JPEG,n04562935,900,900,0.49391058,1,imagenet_c,defocus_blur,1,none
efficientnet_b4,ILSVRC2012_val_00041403.JPEG,n04562935,900,517,0.33998585,0,imagenet_c,defocus_blur,1,none
efficientnet_b4,ILSVRC2012_val_00043653.JPEG,n04562935,900,900,0.41120654,1,imagenet_c,defocus_blur,1,none
efficientnet_b4,ILSVRC2012_val_00045115.JPEG,n04562935,900,900,0.44694695,1,imagenet_c,defocus_blur,1,none
efficientnet_b4,ILSVRC2012_val_00046411.JPEG,n04562935,900,943,0.10146873,0,imagenet_c,defocus_blur,1,none
efficientnet_b4,ILSVRC2012_val_00046961.JPEG,n04562935,900,900,0.55576205,1,imagenet_c,defocus_blur,1,none
efficientnet_b4,ILSVRC2012_val_00046977.JPEG,n04562935,900,900,0.5129179,1,imagenet_c,defocus_blur,1,none
efficientnet_b4,ILSVRC2012_val_00048197.JPEG,n04562935,900,900,0.45091155,1,imagenet_c,defocus_blur,1,none
efficientnet_b4,ILSVRC2012_val_00002867.JPEG,n04579145,901,901,0.5866242,1,imagenet_c,defocus_blur,1,none
efficientnet_b4,ILSVRC2012_val_00003972.JPEG,n04579145,901,495,0.4495516,0,imagenet_c,defocus_blur,1,none
efficientnet_b4,ILSVRC2012_val_00005104.JPEG,n04579145,901,918,0.20122805,0,imagenet_c,defocus_blur,1,none
efficientnet_b4,ILSVRC2012_val_00005933.JPEG,n04579145,901,901,0.78876203,1,imagenet_c,defocus_blur,1,none
efficientnet_b4,ILSVRC2012_val_00006173.JPEG,n04579145,901,901,0.8258077,1,imagenet_c,defocus_blur,1,none
efficientnet_b4,ILSVRC2012_val_00006747.JPEG,n04579145,901,901,0.61103165,1,imagenet_c,defocus_blur,1,none
efficientnet_b4,ILSVRC2012_val_00007489.JPEG,n04579145,901,907,0.22665912,0,imagenet_c,defocus_blur,1,none
efficientnet_b4,ILSVRC2012_val_00008020.JPEG,n04579145,901,901,0.51931924,1,imagenet_c,defocus_blur,1,none
efficientnet_b4,ILSVRC2012_val_00008601.JPEG,n04579145,901,901,0.6171877,1,imagenet_c,defocus_blur,1,none
efficientnet_b4,ILSVRC2012_val_00011649.JPEG,n04579145,901,901,0.64816034,1,imagenet_c,defocus_blur,1,none
efficientnet_b4,ILSVRC2012_val_00014224.JPEG,n04579145,901,653,0.6063255,0,imagenet_c,defocus_blur,1,none
efficientnet_b4,ILSVRC2012_val_00015875.JPEG,n04579145,901,901,0.7903529,1,imagenet_c,defocus_blur,1,none
efficientnet_b4,ILSVRC2012_val_00016743.JPEG,n04579145,901,901,0.75848675,1,imagenet_c,defocus_blur,1,none
efficientnet_b4,ILSVRC2012_val_00019348.JPEG,n04579145,901,901,0.66587555,1,imagenet_c,defocus_blur,1,none
efficientnet_b4,ILSVRC2012_val_00021588.JPEG,n04579145,901,901,0.66489214,1,imagenet_c,defocus_blur,1,none
efficientnet_b4,ILSVRC2012_val_00021672.JPEG,n04579145,901,901,0.20124678,1,imagenet_c,defocus_blur,1,none
efficientnet_b4,ILSVRC2012_val_00021950.JPEG,n04579145,901,901,0.7272235,1,imagenet_c,defocus_blur,1,none
efficientnet_b4,ILSVRC2012_val_00022406.JPEG,n04579145,901,901,0.66231346,1,imagenet_c,defocus_blur,1,none
efficientnet_b4,ILSVRC2012_val_00024086.JPEG,n04579145,901,901,0.7420848,1,imagenet_c,defocus_blur,1,none
efficientnet_b4,ILSVRC2012_val_00026443.JPEG,n04579145,901,901,0.7683476,1,imagenet_c,defocus_blur,1,none
efficientnet_b4,ILSVRC2012_val_00029060.JPEG,n04579145,901,691,0.10924473,0,imagenet_c,defocus_blur,1,none
efficientnet_b4,ILSVRC2012_val_00029100.JPEG,n04579145,901,504,0.42641908,0,imagenet_c,defocus_blur,1,none
efficientnet_b4,ILSVRC2012_val_00030522.JPEG,n04579145,901,504,0.26340625,0,imagenet_c,defocus_blur,1,none
efficientnet_b4,ILSVRC2012_val_00031287.JPEG,n04579145,901,503,0.21749851,0,imagenet_c,defocus_blur,1,none
efficientnet_b4,ILSVRC2012_val_00031554.JPEG,n04579145,901,901,0.8470418,1,imagenet_c,defocus_blur,1,none
efficientnet_b4,ILSVRC2012_val_00031933.JPEG,n04579145,901,901,0.7690651,1,imagenet_c,defocus_blur,1,none
efficientnet_b4,ILSVRC2012_val_00033173.JPEG,n04579145,901,648,0.5527984,0,imagenet_c,defocus_blur,1,none
efficientnet_b4,ILSVRC2012_val_00033363.JPEG,n04579145,901,901,0.7681269,1,imagenet_c,defocus_blur,1,none
efficientnet_b4,ILSVRC2012_val_00034288.JPEG,n04579145,901,901,0.63605183,1,imagenet_c,defocus_blur,1,none
efficientnet_b4,ILSVRC2012_val_00034449.JPEG,n04579145,901,901,0.6327625,1,imagenet_c,defocus_blur,1,none
efficientnet_b4,ILSVRC2012_val_00034785.JPEG,n04579145,901,901,0.70730615,1,imagenet_c,defocus_blur,1,none
efficientnet_b4,ILSVRC2012_val_00035950.JPEG,n04579145,901,653,0.22725955,0,imagenet_c,defocus_blur,1,none
efficientnet_b4,ILSVRC2012_val_00036864.JPEG,n04579145,901,901,0.75263655,1,imagenet_c,defocus_blur,1,none
efficientnet_b4,ILSVRC2012_val_00037142.JPEG,n04579145,901,427,0.50851786,0,imagenet_c,defocus_blur,1,none
efficientnet_b4,ILSVRC2012_val_00038095.JPEG,n04579145,901,504,0.62001497,0,imagenet_c,defocus_blur,1,none
efficientnet_b4,ILSVRC2012_val_00038573.JPEG,n04579145,901,901,0.7407288,1,imagenet_c,defocus_blur,1,none
efficientnet_b4,ILSVRC2012_val_00041230.JPEG,n04579145,901,901,0.6980684,1,imagenet_c,defocus_blur,1,none
efficientnet_b4,ILSVRC2012_val_00041658.JPEG,n04579145,901,960,0.14854927,0,imagenet_c,defocus_blur,1,none
efficientnet_b4,ILSVRC2012_val_00041969.JPEG,n04579145,901,901,0.6499245,1,imagenet_c,defocus_blur,1,none
efficientnet_b4,ILSVRC2012_val_00042244.JPEG,n04579145,901,901,0.7276962,1,imagenet_c,defocus_blur,1,none
efficientnet_b4,ILSVRC2012_val_00042297.JPEG,n04579145,901,901,0.7005932,1,imagenet_c,defocus_blur,1,none
efficientnet_b4,ILSVRC2012_val_00042683.JPEG,n04579145,901,901,0.7486472,1,imagenet_c,defocus_blur,1,none
efficientnet_b4,ILSVRC2012_val_00043865.JPEG,n04579145,901,901,0.5940458,1,imagenet_c,defocus_blur,1,none
efficientnet_b4,ILSVRC2012_val_00044222.JPEG,n04579145,901,901,0.90528595,1,imagenet_c,defocus_blur,1,none
efficientnet_b4,ILSVRC2012_val_00044293.JPEG,n04579145,901,440,0.2373116,0,imagenet_c,defocus_blur,1,none
efficientnet_b4,ILSVRC2012_val_00044906.JPEG,n04579145,901,901,0.4238864,1,imagenet_c,defocus_blur,1,none
efficientnet_b4,ILSVRC2012_val_00045681.JPEG,n04579145,901,901,0.22476888,1,imagenet_c,defocus_blur,1,none
efficientnet_b4,ILSVRC2012_val_00047046.JPEG,n04579145,901,901,0.38548106,1,imagenet_c,defocus_blur,1,none
efficientnet_b4,ILSVRC2012_val_00047079.JPEG,n04579145,901,883,0.2186121,0,imagenet_c,defocus_blur,1,none
efficientnet_b4,ILSVRC2012_val_00047883.JPEG,n04579145,901,901,0.60209537,1,imagenet_c,defocus_blur,1,none
efficientnet_b4,ILSVRC2012_val_00000497.JPEG,n04579432,902,902,0.7591251,1,imagenet_c,defocus_blur,1,none
efficientnet_b4,ILSVRC2012_val_00001245.JPEG,n04579432,902,902,0.7801386,1,imagenet_c,defocus_blur,1,none
efficientnet_b4,ILSVRC2012_val_00001734.JPEG,n04579432,902,902,0.6923275,1,imagenet_c,defocus_blur,1,none
efficientnet_b4,ILSVRC2012_val_00004165.JPEG,n04579432,902,902,0.82943696,1,imagenet_c,defocus_blur,1,none
efficientnet_b4,ILSVRC2012_val_00004304.JPEG,n04579432,902,542,0.15118204,0,imagenet_c,defocus_blur,1,none
efficientnet_b4,ILSVRC2012_val_00004456.JPEG,n04579432,902,902,0.81007904,1,imagenet_c,defocus_blur,1,none
efficientnet_b4,ILSVRC2012_val_00005350.JPEG,n04579432,902,902,0.796603,1,imagenet_c,defocus_blur,1,none
efficientnet_b4,ILSVRC2012_val_00006029.JPEG,n04579432,902,485,0.15168305,0,imagenet_c,defocus_blur,1,none
efficientnet_b4,ILSVRC2012_val_00006647.JPEG,n04579432,902,902,0.7520103,1,imagenet_c,defocus_blur,1,none
efficientnet_b4,ILSVRC2012_val_00009229.JPEG,n04579432,902,902,0.87757015,1,imagenet_c,defocus_blur,1,none
efficientnet_b4,ILSVRC2012_val_00009840.JPEG,n04579432,902,902,0.8463053,1,imagenet_c,defocus_blur,1,none
efficientnet_b4,ILSVRC2012_val_00010197.JPEG,n04579432,902,902,0.20885532,1,imagenet_c,defocus_blur,1,none
efficientnet_b4,ILSVRC2012_val_00011559.JPEG,n04579432,902,902,0.92637163,1,imagenet_c,defocus_blur,1,none
efficientnet_b4,ILSVRC2012_val_00014760.JPEG,n04579432,902,902,0.50763214,1,imagenet_c,defocus_blur,1,none
efficientnet_b4,ILSVRC2012_val_00015212.JPEG,n04579432,902,902,0.9467899,1,imagenet_c,defocus_blur,1,none
efficientnet_b4,ILSVRC2012_val_00016786.JPEG,n04579432,902,902,0.4917183,1,imagenet_c,defocus_blur,1,none
efficientnet_b4,ILSVRC2012_val_00017768.JPEG,n04579432,902,902,0.91150147,1,imagenet_c,defocus_blur,1,none
efficientnet_b4,ILSVRC2012_val_00018732.JPEG,n04579432,902,902,0.8046276,1,imagenet_c,defocus_blur,1,none
efficientnet_b4,ILSVRC2012_val_00018816.JPEG,n04579432,902,902,0.706595,1,imagenet_c,defocus_blur,1,none
efficientnet_b4,ILSVRC2012_val_00019781.JPEG,n04579432,902,418,0.38901126,0,imagenet_c,defocus_blur,1,none
efficientnet_b4,ILSVRC2012_val_00020246.JPEG,n04579432,902,902,0.9864022,1,imagenet_c,defocus_blur,1,none
efficientnet_b4,ILSVRC2012_val_00020952.JPEG,n04579432,902,418,0.20245957,0,imagenet_c,defocus_blur,1,none
efficientnet_b4,ILSVRC2012_val_00021480.JPEG,n04579432,902,902,0.7156497,1,imagenet_c,defocus_blur,1,none
efficientnet_b4,ILSVRC2012_val_00021758.JPEG,n04579432,902,543,0.07480999,0,imagenet_c,defocus_blur,1,none
efficientnet_b4,ILSVRC2012_val_00021960.JPEG,n04579432,902,902,0.5703396,1,imagenet_c,defocus_blur,1,none
efficientnet_b4,ILSVRC2012_val_00025786.JPEG,n04579432,902,902,0.95198745,1,imagenet_c,defocus_blur,1,none
efficientnet_b4,ILSVRC2012_val_00025788.JPEG,n04579432,902,902,0.6460052,1,imagenet_c,defocus_blur,1,none
efficientnet_b4,ILSVRC2012_val_00027515.JPEG,n04579432,902,902,0.44278398,1,imagenet_c,defocus_blur,1,none
efficientnet_b4,ILSVRC2012_val_00028072.JPEG,n04579432,902,902,0.22080007,1,imagenet_c,defocus_blur,1,none
efficientnet_b4,ILSVRC2012_val_00031012.JPEG,n04579432,902,488,0.31503266,0,imagenet_c,defocus_blur,1,none
efficientnet_b4,ILSVRC2012_val_00031358.JPEG,n04579432,902,902,0.8523392,1,imagenet_c,defocus_blur,1,none
efficientnet_b4,ILSVRC2012_val_00031745.JPEG,n04579432,902,902,0.26954523,1,imagenet_c,defocus_blur,1,none
efficientnet_b4,ILSVRC2012_val_00032330.JPEG,n04579432,902,902,0.96372306,1,imagenet_c,defocus_blur,1,none
efficientnet_b4,ILSVRC2012_val_00032728.JPEG,n04579432,902,902,0.84497005,1,imagenet_c,defocus_blur,1,none
efficientnet_b4,ILSVRC2012_val_00034891.JPEG,n04579432,902,902,0.53327274,1,imagenet_c,defocus_blur,1,none
efficientnet_b4,ILSVRC2012_val_00035203.JPEG,n04579432,902,902,0.96043223,1,imagenet_c,defocus_blur,1,none
efficientnet_b4,ILSVRC2012_val_00035496.JPEG,n04579432,902,902,0.2535988,1,imagenet_c,defocus_blur,1,none
efficientnet_b4,ILSVRC2012_val_00035948.JPEG,n04579432,902,902,0.8651941,1,imagenet_c,defocus_blur,1,none
efficientnet_b4,ILSVRC2012_val_00037298.JPEG,n04579432,902,902,0.64799756,1,imagenet_c,defocus_blur,1,none
efficientnet_b4,ILSVRC2012_val_00039649.JPEG,n04579432,902,902,0.8892803,1,imagenet_c,defocus_blur,1,none
efficientnet_b4,ILSVRC2012_val_00040275.JPEG,n04579432,902,902,0.92997956,1,imagenet_c,defocus_blur,1,none
efficientnet_b4,ILSVRC2012_val_00040552.JPEG,n04579432,902,902,0.84685236,1,imagenet_c,defocus_blur,1,none
efficientnet_b4,ILSVRC2012_val_00044482.JPEG,n04579432,902,902,0.5781985,1,imagenet_c,defocus_blur,1,none
efficientnet_b4,ILSVRC2012_val_00044828.JPEG,n04579432,902,902,0.8153811,1,imagenet_c,defocus_blur,1,none
efficientnet_b4,ILSVRC2012_val_00045177.JPEG,n04579432,902,902,0.8086865,1,imagenet_c,defocus_blur,1,none
efficientnet_b4,ILSVRC2012_val_00045862.JPEG,n04579432,902,902,0.72888476,1,imagenet_c,defocus_blur,1,none
efficientnet_b4,ILSVRC2012_val_00046147.JPEG,n04579432,902,768,0.21876697,0,imagenet_c,defocus_blur,1,none
efficientnet_b4,ILSVRC2012_val_00048165.JPEG,n04579432,902,902,0.85575485,1,imagenet_c,defocus_blur,1,none
efficientnet_b4,ILSVRC2012_val_00048926.JPEG,n04579432,902,902,0.8041455,1,imagenet_c,defocus_blur,1,none
efficientnet_b4,ILSVRC2012_val_00048966.JPEG,n04579432,902,902,0.7002062,1,imagenet_c,defocus_blur,1,none
efficientnet_b4,ILSVRC2012_val_00000854.JPEG,n04584207,903,731,0.095813796,0,imagenet_c,defocus_blur,1,none
efficientnet_b4,ILSVRC2012_val_00002155.JPEG,n04584207,903,903,0.34250805,1,imagenet_c,defocus_blur,1,none
efficientnet_b4,ILSVRC2012_val_00003515.JPEG,n04584207,903,655,0.05743365,0,imagenet_c,defocus_blur,1,none
efficientnet_b4,ILSVRC2012_val_00003883.JPEG,n04584207,903,903,0.62508804,1,imagenet_c,defocus_blur,1,none
efficientnet_b4,ILSVRC2012_val_00004220.JPEG,n04584207,903,903,0.54652375,1,imagenet_c,defocus_blur,1,none
efficientnet_b4,ILSVRC2012_val_00004890.JPEG,n04584207,903,903,0.81094295,1,imagenet_c,defocus_blur,1,none
efficientnet_b4,ILSVRC2012_val_00005659.JPEG,n04584207,903,639,0.14028984,0,imagenet_c,defocus_blur,1,none
efficientnet_b4,ILSVRC2012_val_00005990.JPEG,n04584207,903,903,0.7601061,1,imagenet_c,defocus_blur,1,none
efficientnet_b4,ILSVRC2012_val_00006204.JPEG,n04584207,903,903,0.6366577,1,imagenet_c,defocus_blur,1,none
efficientnet_b4,ILSVRC2012_val_00006390.JPEG,n04584207,903,903,0.1732532,1,imagenet_c,defocus_blur,1,none
efficientnet_b4,ILSVRC2012_val_00006963.JPEG,n04584207,903,400,0.22095905,0,imagenet_c,defocus_blur,1,none
efficientnet_b4,ILSVRC2012_val_00007603.JPEG,n04584207,903,903,0.08087689,1,imagenet_c,defocus_blur,1,none
efficientnet_b4,ILSVRC2012_val_00007660.JPEG,n04584207,903,903,0.37323868,1,imagenet_c,defocus_blur,1,none
efficientnet_b4,ILSVRC2012_val_00009116.JPEG,n04584207,903,903,0.59413505,1,imagenet_c,defocus_blur,1,none
efficientnet_b4,ILSVRC2012_val_00012244.JPEG,n04584207,903,903,0.17881122,1,imagenet_c,defocus_blur,1,none
efficientnet_b4,ILSVRC2012_val_00012719.JPEG,n04584207,903,715,0.13407451,0,imagenet_c,defocus_blur,1,none
efficientnet_b4,ILSVRC2012_val_00015105.JPEG,n04584207,903,424,0.06734225,0,imagenet_c,defocus_blur,1,none
efficientnet_b4,ILSVRC2012_val_00015765.JPEG,n04584207,903,903,0.23617314,1,imagenet_c,defocus_blur,1,none
efficientnet_b4,ILSVRC2012_val_00015846.JPEG,n04584207,903,903,0.12564893,1,imagenet_c,defocus_blur,1,none
efficientnet_b4,ILSVRC2012_val_00017031.JPEG,n04584207,903,903,0.051969916,1,imagenet_c,defocus_blur,1,none
efficientnet_b4,ILSVRC2012_val_00017484.JPEG,n04584207,903,932,0.07520884,0,imagenet_c,defocus_blur,1,none
efficientnet_b4,ILSVRC2012_val_00018850.JPEG,n04584207,903,221,0.34343746,0,imagenet_c,defocus_blur,1,none
efficientnet_b4,ILSVRC2012_val_00021402.JPEG,n04584207,903,903,0.58453864,1,imagenet_c,defocus_blur,1,none
efficientnet_b4,ILSVRC2012_val_00022546.JPEG,n04584207,903,903,0.59490937,1,imagenet_c,defocus_blur,1,none
efficientnet_b4,ILSVRC2012_val_00024127.JPEG,n04584207,903,411,0.13702193,0,imagenet_c,defocus_blur,1,none
efficientnet_b4,ILSVRC2012_val_00026020.JPEG,n04584207,903,903,0.1995024,1,imagenet_c,defocus_blur,1,none
efficientnet_b4,ILSVRC2012_val_00026602.JPEG,n04584207,903,903,0.11900112,1,imagenet_c,defocus_blur,1,none
efficientnet_b4,ILSVRC2012_val_00027010.JPEG,n04584207,903,903,0.78202707,1,imagenet_c,defocus_blur,1,none
efficientnet_b4,ILSVRC2012_val_00027984.JPEG,n04584207,903,903,0.22074896,1,imagenet_c,defocus_blur,1,none
efficientnet_b4,ILSVRC2012_val_00029316.JPEG,n04584207,903,903,0.44271168,1,imagenet_c,defocus_blur,1,none
efficientnet_b4,ILSVRC2012_val_00032115.JPEG,n04584207,903,459,0.15850101,0,imagenet_c,defocus_blur,1,none
efficientnet_b4,ILSVRC2012_val_00033735.JPEG,n04584207,903,903,0.3889081,1,imagenet_c,defocus_blur,1,none
efficientnet_b4,ILSVRC2012_val_00033924.JPEG,n04584207,903,903,0.59337425,1,imagenet_c,defocus_blur,1,none
efficientnet_b4,ILSVRC2012_val_00034564.JPEG,n04584207,903,903,0.82261205,1,imagenet_c,defocus_blur,1,none
efficientnet_b4,ILSVRC2012_val_00035442.JPEG,n04584207,903,903,0.111955486,1,imagenet_c,defocus_blur,1,none
efficientnet_b4,ILSVRC2012_val_00036677.JPEG,n04584207,903,691,0.21471281,0,imagenet_c,defocus_blur,1,none
efficientnet_b4,ILSVRC2012_val_00038045.JPEG,n04584207,903,903,0.7993489,1,imagenet_c,defocus_blur,1,none
efficientnet_b4,ILSVRC2012_val_00039917.JPEG,n04584207,903,903,0.30931377,1,imagenet_c,defocus_blur,1,none
efficientnet_b4,ILSVRC2012_val_00040311.JPEG,n04584207,903,903,0.33153617,1,imagenet_c,defocus_blur,1,none
efficientnet_b4,ILSVRC2012_val_00040681.JPEG,n04584207,903,903,0.7498779,1,imagenet_c,defocus_blur,1,none
efficientnet_b4,ILSVRC2012_val_00041682.JPEG,n04584207,903,400,0.21039319,0,imagenet_c,defocus_blur,1,none
efficientnet_b4,ILSVRC2012_val_00042537.JPEG,n04584207,903,903,0.20007962,1,imagenet_c,defocus_blur,1,none
efficientnet_b4,ILSVRC2012_val_00043156.JPEG,n04584207,903,903,0.110386506,1,imagenet_c,defocus_blur,1,none
efficientnet_b4,ILSVRC2012_val_00043314.JPEG,n04584207,903,655,0.14430657,0,imagenet_c,defocus_blur,1,none
efficientnet_b4,ILSVRC2012_val_00043846.JPEG,n04584207,903,775,0.2024518,0,imagenet_c,defocus_blur,1,none
efficientnet_b4,ILSVRC2012_val_00046684.JPEG,n04584207,903,265,0.14098309,0,imagenet_c,defocus_blur,1,none
efficientnet_b4,ILSVRC2012_val_00047307.JPEG,n04584207,903,903,0.7696673,1,imagenet_c,defocus_blur,1,none
efficientnet_b4,ILSVRC2012_val_00047759.JPEG,n04584207,903,903,0.3139289,1,imagenet_c,defocus_blur,1,none
efficientnet_b4,ILSVRC2012_val_00049337.JPEG,n04584207,903,903,0.64715546,1,imagenet_c,defocus_blur,1,none
efficientnet_b4,ILSVRC2012_val_00049968.JPEG,n04584207,903,903,0.6108128,1,imagenet_c,defocus_blur,1,none
efficientnet_b4,ILSVRC2012_val_00000351.JPEG,n04589890,904,904,0.13777515,1,imagenet_c,defocus_blur,1,none
efficientnet_b4,ILSVRC2012_val_00002258.JPEG,n04589890,904,9,0.022628231,0,imagenet_c,defocus_blur,1,none
efficientnet_b4,ILSVRC2012_val_00002310.JPEG,n04589890,904,475,0.06554178,0,imagenet_c,defocus_blur,1,none
efficientnet_b4,ILSVRC2012_val_00004889.JPEG,n04589890,904,837,0.09153898,0,imagenet_c,defocus_blur,1,none
efficientnet_b4,ILSVRC2012_val_00005806.JPEG,n04589890,904,904,0.43573713,1,imagenet_c,defocus_blur,1,none
efficientnet_b4,ILSVRC2012_val_00006636.JPEG,n04589890,904,904,0.61729234,1,imagenet_c,defocus_blur,1,none
efficientnet_b4,ILSVRC2012_val_00006743.JPEG,n04589890,904,904,0.62478095,1,imagenet_c,defocus_blur,1,none
efficientnet_b4,ILSVRC2012_val_00008045.JPEG,n04589890,904,794,0.07616894,0,imagenet_c,defocus_blur,1,none
efficientnet_b4,ILSVRC2012_val_00009769.JPEG,n04589890,904,904,0.70026296,1,imagenet_c,defocus_blur,1,none
efficientnet_b4,ILSVRC2012_val_00010471.JPEG,n04589890,904,891,0.30754793,0,imagenet_c,defocus_blur,1,none
efficientnet_b4,ILSVRC2012_val_00011099.JPEG,n04589890,904,904,0.08215476,1,imagenet_c,defocus_blur,1,none
efficientnet_b4,ILSVRC2012_val_00011364.JPEG,n04589890,904,904,0.43320113,1,imagenet_c,defocus_blur,1,none
efficientnet_b4,ILSVRC2012_val_00011390.JPEG,n04589890,904,526,0.101044096,0,imagenet_c,defocus_blur,1,none
efficientnet_b4,ILSVRC2012_val_00012796.JPEG,n04589890,904,904,0.10725634,1,imagenet_c,defocus_blur,1,none
efficientnet_b4,ILSVRC2012_val_00013291.JPEG,n04589890,904,880,0.12900116,0,imagenet_c,defocus_blur,1,none
efficientnet_b4,ILSVRC2012_val_00013669.JPEG,n04589890,904,905,0.15238944,0,imagenet_c,defocus_blur,1,none
efficientnet_b4,ILSVRC2012_val_00014442.JPEG,n04589890,904,904,0.74438906,1,imagenet_c,defocus_blur,1,none
efficientnet_b4,ILSVRC2012_val_00017272.JPEG,n04589890,904,904,0.44814494,1,imagenet_c,defocus_blur,1,none
efficientnet_b4,ILSVRC2012_val_00017608.JPEG,n04589890,904,904,0.7354196,1,imagenet_c,defocus_blur,1,none
efficientnet_b4,ILSVRC2012_val_00018029.JPEG,n04589890,904,789,0.09960552,0,imagenet_c,defocus_blur,1,none
efficientnet_b4,ILSVRC2012_val_00019243.JPEG,n04589890,904,904,0.22154237,1,imagenet_c,defocus_blur,1,none
efficientnet_b4,ILSVRC2012_val_00019542.JPEG,n04589890,904,905,0.17659186,0,imagenet_c,defocus_blur,1,none
efficientnet_b4,ILSVRC2012_val_00022480.JPEG,n04589890,904,904,0.42748073,1,imagenet_c,defocus_blur,1,none
efficientnet_b4,ILSVRC2012_val_00022729.JPEG,n04589890,904,904,0.7128478,1,imagenet_c,defocus_blur,1,none
efficientnet_b4,ILSVRC2012_val_00022778.JPEG,n04589890,904,904,0.65372306,1,imagenet_c,defocus_blur,1,none
efficientnet_b4,ILSVRC2012_val_00024360.JPEG,n04589890,904,41,0.18390046,0,imagenet_c,defocus_blur,1,none
efficientnet_b4,ILSVRC2012_val_00024481.JPEG,n04589890,904,904,0.6451364,1,imagenet_c,defocus_blur,1,none
efficientnet_b4,ILSVRC2012_val_00025513.JPEG,n04589890,904,904,0.30458385,1,imagenet_c,defocus_blur,1,none
efficientnet_b4,ILSVRC2012_val_00025525.JPEG,n04589890,904,904,0.39729163,1,imagenet_c,defocus_blur,1,none
efficientnet_b4,ILSVRC2012_val_00025873.JPEG,n04589890,904,904,0.5215071,1,imagenet_c,defocus_blur,1,none
efficientnet_b4,ILSVRC2012_val_00027696.JPEG,n04589890,904,904,0.2701249,1,imagenet_c,defocus_blur,1,none
efficientnet_b4,ILSVRC2012_val_00027927.JPEG,n04589890,904,904,0.3886532,1,imagenet_c,defocus_blur,1,none
efficientnet_b4,ILSVRC2012_val_00028315.JPEG,n04589890,904,904,0.4304851,1,imagenet_c,defocus_blur,1,none
efficientnet_b4,ILSVRC2012_val_00028748.JPEG,n04589890,904,709,0.31039795,0,imagenet_c,defocus_blur,1,none
efficientnet_b4,ILSVRC2012_val_00029584.JPEG,n04589890,904,904,0.2009728,1,imagenet_c,defocus_blur,1,none
efficientnet_b4,ILSVRC2012_val_00030215.JPEG,n04589890,904,789,0.12160513,0,imagenet_c,defocus_blur,1,none
efficientnet_b4,ILSVRC2012_val_00030954.JPEG,n04589890,904,377,0.058240723,0,imagenet_c,defocus_blur,1,none
efficientnet_b4,ILSVRC2012_val_00033146.JPEG,n04589890,904,904,0.63481015,1,imagenet_c,defocus_blur,1,none
efficientnet_b4,ILSVRC2012_val_00033500.JPEG,n04589890,904,905,0.20891735,0,imagenet_c,defocus_blur,1,none
efficientnet_b4,ILSVRC2012_val_00034890.JPEG,n04589890,904,904,0.32717437,1,imagenet_c,defocus_blur,1,none
efficientnet_b4,ILSVRC2012_val_00035963.JPEG,n04589890,904,828,0.30075693,0,imagenet_c,defocus_blur,1,none
efficientnet_b4,ILSVRC2012_val_00037123.JPEG,n04589890,904,905,0.11101907,0,imagenet_c,defocus_blur,1,none
efficientnet_b4,ILSVRC2012_val_00037176.JPEG,n04589890,904,73,0.25519058,0,imagenet_c,defocus_blur,1,none
efficientnet_b4,ILSVRC2012_val_00039047.JPEG,n04589890,904,905,0.085502684,0,imagenet_c,defocus_blur,1,none
efficientnet_b4,ILSVRC2012_val_00039300.JPEG,n04589890,904,904,0.43441567,1,imagenet_c,defocus_blur,1,none
efficientnet_b4,ILSVRC2012_val_00039694.JPEG,n04589890,904,312,0.41583046,0,imagenet_c,defocus_blur,1,none
efficientnet_b4,ILSVRC2012_val_00041475.JPEG,n04589890,904,151,0.072133206,0,imagenet_c,defocus_blur,1,none
efficientnet_b4,ILSVRC2012_val_00046507.JPEG,n04589890,904,660,0.08853892,0,imagenet_c,defocus_blur,1,none
efficientnet_b4,ILSVRC2012_val_00047245.JPEG,n04589890,904,904,0.39898813,1,imagenet_c,defocus_blur,1,none
efficientnet_b4,ILSVRC2012_val_00048218.JPEG,n04589890,904,904,0.4001449,1,imagenet_c,defocus_blur,1,none
efficientnet_b4,ILSVRC2012_val_00000587.JPEG,n04590129,905,905,0.33738163,1,imagenet_c,defocus_blur,1,none
efficientnet_b4,ILSVRC2012_val_00002189.JPEG,n04590129,905,905,0.05185436,1,imagenet_c,defocus_blur,1,none
efficientnet_b4,ILSVRC2012_val_00002760.JPEG,n04590129,905,964,0.05839994,0,imagenet_c,defocus_blur,1,none
efficientnet_b4,ILSVRC2012_val_00004767.JPEG,n04590129,905,905,0.09167924,1,imagenet_c,defocus_blur,1,none
efficientnet_b4,ILSVRC2012_val_00007485.JPEG,n04590129,905,905,0.15086709,1,imagenet_c,defocus_blur,1,none
efficientnet_b4,ILSVRC2012_val_00010365.JPEG,n04590129,905,831,0.2479148,0,imagenet_c,defocus_blur,1,none
efficientnet_b4,ILSVRC2012_val_00010998.JPEG,n04590129,905,905,0.20894583,1,imagenet_c,defocus_blur,1,none
efficientnet_b4,ILSVRC2012_val_00011220.JPEG,n04590129,905,648,0.1280198,0,imagenet_c,defocus_blur,1,none
efficientnet_b4,ILSVRC2012_val_00011244.JPEG,n04590129,905,905,0.2556687,1,imagenet_c,defocus_blur,1,none
efficientnet_b4,ILSVRC2012_val_00011378.JPEG,n04590129,905,731,0.02315682,0,imagenet_c,defocus_blur,1,none
efficientnet_b4,ILSVRC2012_val_00011450.JPEG,n04590129,905,619,0.04851109,0,imagenet_c,defocus_blur,1,none
efficientnet_b4,ILSVRC2012_val_00012574.JPEG,n04590129,905,896,0.03182071,0,imagenet_c,defocus_blur,1,none
efficientnet_b4,ILSVRC2012_val_00013731.JPEG,n04590129,905,905,0.40815789,1,imagenet_c,defocus_blur,1,none
efficientnet_b4,ILSVRC2012_val_00013882.JPEG,n04590129,905,652,0.019499943,0,imagenet_c,defocus_blur,1,none
efficientnet_b4,ILSVRC2012_val_00014230.JPEG,n04590129,905,905,0.24902727,1,imagenet_c,defocus_blur,1,none
efficientnet_b4,ILSVRC2012_val_00014460.JPEG,n04590129,905,905,0.2556932,1,imagenet_c,defocus_blur,1,none
efficientnet_b4,ILSVRC2012_val_00015131.JPEG,n04590129,905,907,0.55865526,0,imagenet_c,defocus_blur,1,none
efficientnet_b4,ILSVRC2012_val_00015581.JPEG,n04590129,905,905,0.28444374,1,imagenet_c,defocus_blur,1,none
efficientnet_b4,ILSVRC2012_val_00015963.JPEG,n04590129,905,794,0.17535487,0,imagenet_c,defocus_blur,1,none
efficientnet_b4,ILSVRC2012_val_00016279.JPEG,n04590129,905,905,0.109213516,1,imagenet_c,defocus_blur,1,none
efficientnet_b4,ILSVRC2012_val_00020510.JPEG,n04590129,905,789,0.36539575,0,imagenet_c,defocus_blur,1,none
efficientnet_b4,ILSVRC2012_val_00021111.JPEG,n04590129,905,789,0.13791938,0,imagenet_c,defocus_blur,1,none
efficientnet_b4,ILSVRC2012_val_00022343.JPEG,n04590129,905,905,0.55661505,1,imagenet_c,defocus_blur,1,none
efficientnet_b4,ILSVRC2012_val_00022751.JPEG,n04590129,905,905,0.42961872,1,imagenet_c,defocus_blur,1,none
efficientnet_b4,ILSVRC2012_val_00023042.JPEG,n04590129,905,905,0.73873097,1,imagenet_c,defocus_blur,1,none
efficientnet_b4,ILSVRC2012_val_00023491.JPEG,n04590129,905,905,0.23460978,1,imagenet_c,defocus_blur,1,none
efficientnet_b4,ILSVRC2012_val_00023987.JPEG,n04590129,905,564,0.2667515,0,imagenet_c,defocus_blur,1,none
efficientnet_b4,ILSVRC2012_val_00025427.JPEG,n04590129,905,904,0.2209059,0,imagenet_c,defocus_blur,1,none
efficientnet_b4,ILSVRC2012_val_00025610.JPEG,n04590129,905,789,0.19353867,0,imagenet_c,defocus_blur,1,none
efficientnet_b4,ILSVRC2012_val_00028643.JPEG,n04590129,905,905,0.528096,1,imagenet_c,defocus_blur,1,none
efficientnet_b4,ILSVRC2012_val_00029185.JPEG,n04590129,905,905,0.19042173,1,imagenet_c,defocus_blur,1,none
efficientnet_b4,ILSVRC2012_val_00029620.JPEG,n04590129,905,743,0.51426375,0,imagenet_c,defocus_blur,1,none
efficientnet_b4,ILSVRC2012_val_00029933.JPEG,n04590129,905,905,0.5232694,1,imagenet_c,defocus_blur,1,none
efficientnet_b4,ILSVRC2012_val_00030272.JPEG,n04590129,905,651,0.2756976,0,imagenet_c,defocus_blur,1,none
efficientnet_b4,ILSVRC2012_val_00030682.JPEG,n04590129,905,753,0.026077468,0,imagenet_c,defocus_blur,1,none
efficientnet_b4,ILSVRC2012_val_00030793.JPEG,n04590129,905,905,0.12394091,1,imagenet_c,defocus_blur,1,none
efficientnet_b4,ILSVRC2012_val_00032011.JPEG,n04590129,905,905,0.4819091,1,imagenet_c,defocus_blur,1,none
efficientnet_b4,ILSVRC2012_val_00033802.JPEG,n04590129,905,905,0.39700273,1,imagenet_c,defocus_blur,1,none
efficientnet_b4,ILSVRC2012_val_00036111.JPEG,n04590129,905,905,0.15016593,1,imagenet_c,defocus_blur,1,none
efficientnet_b4,ILSVRC2012_val_00036760.JPEG,n04590129,905,905,0.6802412,1,imagenet_c,defocus_blur,1,none
efficientnet_b4,ILSVRC2012_val_00039790.JPEG,n04590129,905,851,0.18337347,0,imagenet_c,defocus_blur,1,none
efficientnet_b4,ILSVRC2012_val_00041315.JPEG,n04590129,905,904,0.24092838,0,imagenet_c,defocus_blur,1,none
efficientnet_b4,ILSVRC2012_val_00041532.JPEG,n04590129,905,789,0.11573454,0,imagenet_c,defocus_blur,1,none
efficientnet_b4,ILSVRC2012_val_00041948.JPEG,n04590129,905,905,0.44582716,1,imagenet_c,defocus_blur,1,none
efficientnet_b4,ILSVRC2012_val_00043493.JPEG,n04590129,905,743,0.23125117,0,imagenet_c,defocus_blur,1,none
efficientnet_b4,ILSVRC2012_val_00044156.JPEG,n04590129,905,905,0.30492896,1,imagenet_c,defocus_blur,1,none
efficientnet_b4,ILSVRC2012_val_00044911.JPEG,n04590129,905,905,0.27402747,1,imagenet_c,defocus_blur,1,none
efficientnet_b4,ILSVRC2012_val_00045588.JPEG,n04590129,905,904,0.075616606,0,imagenet_c,defocus_blur,1,none
efficientnet_b4,ILSVRC2012_val_00045960.JPEG,n04590129,905,662,0.043807264,0,imagenet_c,defocus_blur,1,none
efficientnet_b4,ILSVRC2012_val_00047741.JPEG,n04590129,905,905,0.7887417,1,imagenet_c,defocus_blur,1,none
efficientnet_b4,ILSVRC2012_val_00000106.JPEG,n04591157,906,906,0.6838261,1,imagenet_c,defocus_blur,1,none
efficientnet_b4,ILSVRC2012_val_00000285.JPEG,n04591157,906,906,0.2551287,1,imagenet_c,defocus_blur,1,none
efficientnet_b4,ILSVRC2012_val_00001181.JPEG,n04591157,906,906,0.7402964,1,imagenet_c,defocus_blur,1,none
efficientnet_b4,ILSVRC2012_val_00001655.JPEG,n04591157,906,906,0.5533092,1,imagenet_c,defocus_blur,1,none
efficientnet_b4,ILSVRC2012_val_00004158.JPEG,n04591157,906,834,0.30212379,0,imagenet_c,defocus_blur,1,none
efficientnet_b4,ILSVRC2012_val_00004616.JPEG,n04591157,906,444,0.31235212,0,imagenet_c,defocus_blur,1,none
efficientnet_b4,ILSVRC2012_val_00004858.JPEG,n04591157,906,615,0.11951347,0,imagenet_c,defocus_blur,1,none
efficientnet_b4,ILSVRC2012_val_00005426.JPEG,n04591157,906,600,0.081792735,0,imagenet_c,defocus_blur,1,none
efficientnet_b4,ILSVRC2012_val_00005652.JPEG,n04591157,906,906,0.68633264,1,imagenet_c,defocus_blur,1,none
efficientnet_b4,ILSVRC2012_val_00005796.JPEG,n04591157,906,819,0.13627443,0,imagenet_c,defocus_blur,1,none
efficientnet_b4,ILSVRC2012_val_00006138.JPEG,n04591157,906,617,0.0860036,0,imagenet_c,defocus_blur,1,none
efficientnet_b4,ILSVRC2012_val_00006154.JPEG,n04591157,906,906,0.50375307,1,imagenet_c,defocus_blur,1,none
efficientnet_b4,ILSVRC2012_val_00006438.JPEG,n04591157,906,681,0.3069442,0,imagenet_c,defocus_blur,1,none
efficientnet_b4,ILSVRC2012_val_00007764.JPEG,n04591157,906,774,0.08624649,0,imagenet_c,defocus_blur,1,none
efficientnet_b4,ILSVRC2012_val_00008047.JPEG,n04591157,906,906,0.6821069,1,imagenet_c,defocus_blur,1,none
efficientnet_b4,ILSVRC2012_val_00009248.JPEG,n04591157,906,834,0.2104699,0,imagenet_c,defocus_blur,1,none
efficientnet_b4,ILSVRC2012_val_00009550.JPEG,n04591157,906,906,0.32308736,1,imagenet_c,defocus_blur,1,none
efficientnet_b4,ILSVRC2012_val_00009629.JPEG,n04591157,906,617,0.30942622,0,imagenet_c,defocus_blur,1,none
efficientnet_b4,ILSVRC2012_val_00010783.JPEG,n04591157,906,681,0.10916028,0,imagenet_c,defocus_blur,1,none
efficientnet_b4,ILSVRC2012_val_00010905.JPEG,n04591157,906,882,0.1215532,0,imagenet_c,defocus_blur,1,none
efficientnet_b4,ILSVRC2012_val_00011466.JPEG,n04591157,906,616,0.1733243,0,imagenet_c,defocus_blur,1,none
efficientnet_b4,ILSVRC2012_val_00011733.JPEG,n04591157,906,834,0.49811172,0,imagenet_c,defocus_blur,1,none
efficientnet_b4,ILSVRC2012_val_00011761.JPEG,n04591157,906,998,0.091009855,0,imagenet_c,defocus_blur,1,none
efficientnet_b4,ILSVRC2012_val_00012084.JPEG,n04591157,906,906,0.74529094,1,imagenet_c,defocus_blur,1,none
efficientnet_b4,ILSVRC2012_val_00013769.JPEG,n04591157,906,834,0.5549573,0,imagenet_c,defocus_blur,1,none
efficientnet_b4,ILSVRC2012_val_00014237.JPEG,n04591157,906,785,0.6275544,0,imagenet_c,defocus_blur,1,none
efficientnet_b4,ILSVRC2012_val_00015778.JPEG,n04591157,906,834,0.3515884,0,imagenet_c,defocus_blur,1,none
efficientnet_b4,ILSVRC2012_val_00016002.JPEG,n04591157,906,834,0.26544484,0,imagenet_c,defocus_blur,1,none
efficientnet_b4,ILSVRC2012_val_00018039.JPEG,n04591157,906,906,0.49267057,1,imagenet_c,defocus_blur,1,none
efficientnet_b4,ILSVRC2012_val_00018689.JPEG,n04591157,906,916,0.4273186,0,imagenet_c,defocus_blur,1,none
efficientnet_b4,ILSVRC2012_val_00019773.JPEG,n04591157,906,906,0.44213226,1,imagenet_c,defocus_blur,1,none
efficientnet_b4,ILSVRC2012_val_00020606.JPEG,n04591157,906,834,0.36240366,0,imagenet_c,defocus_blur,1,none
efficientnet_b4,ILSVRC2012_val_00021418.JPEG,n04591157,906,834,0.08426458,0,imagenet_c,defocus_blur,1,none
efficientnet_b4,ILSVRC2012_val_00021972.JPEG,n04591157,906,906,0.29602665,1,imagenet_c,defocus_blur,1,none
efficientnet_b4,ILSVRC2012_val_00022572.JPEG,n04591157,906,834,0.123632796,0,imagenet_c,defocus_blur,1,none
efficientnet_b4,ILSVRC2012_val_00022782.JPEG,n04591157,906,617,0.45337495,0,imagenet_c,defocus_blur,1,none
efficientnet_b4,ILSVRC2012_val_00023814.JPEG,n04591157,906,834,0.15356925,0,imagenet_c,defocus_blur,1,none
efficientnet_b4,ILSVRC2012_val_00030974.JPEG,n04591157,906,906,0.7433078,1,imagenet_c,defocus_blur,1,none
efficientnet_b4,ILSVRC2012_val_00031551.JPEG,n04591157,906,906,0.62900645,1,imagenet_c,defocus_blur,1,none
efficientnet_b4,ILSVRC2012_val_00034137.JPEG,n04591157,906,731,0.11093042,0,imagenet_c,defocus_blur,1,none
efficientnet_b4,ILSVRC2012_val_00035334.JPEG,n04591157,906,834,0.30824786,0,imagenet_c,defocus_blur,1,none
efficientnet_b4,ILSVRC2012_val_00037545.JPEG,n04591157,906,834,0.47202456,0,imagenet_c,defocus_blur,1,none
efficientnet_b4,ILSVRC2012_val_00038220.JPEG,n04591157,906,834,0.27710056,0,imagenet_c,defocus_blur,1,none
efficientnet_b4,ILSVRC2012_val_00041022.JPEG,n04591157,906,906,0.6329792,1,imagenet_c,defocus_blur,1,none
efficientnet_b4,ILSVRC2012_val_00043770.JPEG,n04591157,906,906,0.57472605,1,imagenet_c,defocus_blur,1,none
efficientnet_b4,ILSVRC2012_val_00044298.JPEG,n04591157,906,183,0.041827142,0,imagenet_c,defocus_blur,1,none
efficientnet_b4,ILSVRC2012_val_00045273.JPEG,n04591157,906,906,0.0975228,1,imagenet_c,defocus_blur,1,none
efficientnet_b4,ILSVRC2012_val_00045863.JPEG,n04591157,906,834,0.36427453,0,imagenet_c,defocus_blur,1,none
efficientnet_b4,ILSVRC2012_val_00048707.JPEG,n04591157,906,906,0.13594808,1,imagenet_c,defocus_blur,1,none
efficientnet_b4,ILSVRC2012_val_00049283.JPEG,n04591157,906,438,0.039563484,0,imagenet_c,defocus_blur,1,none
efficientnet_b4,ILSVRC2012_val_00000805.JPEG,n04591713,907,907,0.21209894,1,imagenet_c,defocus_blur,1,none
efficientnet_b4,ILSVRC2012_val_00001589.JPEG,n04591713,907,440,0.29146278,0,imagenet_c,defocus_blur,1,none
efficientnet_b4,ILSVRC2012_val_00002086.JPEG,n04591713,907,907,0.094072156,1,imagenet_c,defocus_blur,1,none
efficientnet_b4,ILSVRC2012_val_00003201.JPEG,n04591713,907,907,0.25909287,1,imagenet_c,defocus_blur,1,none
efficientnet_b4,ILSVRC2012_val_00005191.JPEG,n04591713,907,478,0.12760659,0,imagenet_c,defocus_blur,1,none
efficientnet_b4,ILSVRC2012_val_00005388.JPEG,n04591713,907,907,0.41771904,1,imagenet_c,defocus_blur,1,none
efficientnet_b4,ILSVRC2012_val_00006632.JPEG,n04591713,907,966,0.5422566,0,imagenet_c,defocus_blur,1,none
efficientnet_b4,ILSVRC2012_val_00006808.JPEG,n04591713,907,743,0.347853,0,imagenet_c,defocus_blur,1,none
efficientnet_b4,ILSVRC2012_val_00006865.JPEG,n04591713,907,907,0.18600948,1,imagenet_c,defocus_blur,1,none
efficientnet_b4,ILSVRC2012_val_00007320.JPEG,n04591713,907,582,0.2379626,0,imagenet_c,defocus_blur,1,none
efficientnet_b4,ILSVRC2012_val_00010827.JPEG,n04591713,907,966,0.257374,0,imagenet_c,defocus_blur,1,none
efficientnet_b4,ILSVRC2012_val_00012594.JPEG,n04591713,907,966,0.05638547,0,imagenet_c,defocus_blur,1,none
efficientnet_b4,ILSVRC2012_val_00013247.JPEG,n04591713,907,966,0.5070025,0,imagenet_c,defocus_blur,1,none
efficientnet_b4,ILSVRC2012_val_00016360.JPEG,n04591713,907,907,0.21255071,1,imagenet_c,defocus_blur,1,none
efficientnet_b4,ILSVRC2012_val_00016679.JPEG,n04591713,907,966,0.21699786,0,imagenet_c,defocus_blur,1,none
efficientnet_b4,ILSVRC2012_val_00017177.JPEG,n04591713,907,907,0.15138882,1,imagenet_c,defocus_blur,1,none
efficientnet_b4,ILSVRC2012_val_00019154.JPEG,n04591713,907,878,0.27724782,0,imagenet_c,defocus_blur,1,none
efficientnet_b4,ILSVRC2012_val_00019274.JPEG,n04591713,907,966,0.2967786,0,imagenet_c,defocus_blur,1,none
efficientnet_b4,ILSVRC2012_val_00021988.JPEG,n04591713,907,907,0.28268465,1,imagenet_c,defocus_blur,1,none
efficientnet_b4,ILSVRC2012_val_00022049.JPEG,n04591713,907,907,0.1603308,1,imagenet_c,defocus_blur,1,none
efficientnet_b4,ILSVRC2012_val_00024147.JPEG,n04591713,907,855,0.1155261,0,imagenet_c,defocus_blur,1,none
efficientnet_b4,ILSVRC2012_val_00025193.JPEG,n04591713,907,907,0.27537003,1,imagenet_c,defocus_blur,1,none
efficientnet_b4,ILSVRC2012_val_00026293.JPEG,n04591713,907,907,0.14697798,1,imagenet_c,defocus_blur,1,none
efficientnet_b4,ILSVRC2012_val_00026709.JPEG,n04591713,907,519,0.23121409,0,imagenet_c,defocus_blur,1,none
efficientnet_b4,ILSVRC2012_val_00027316.JPEG,n04591713,907,440,0.26540077,0,imagenet_c,defocus_blur,1,none
efficientnet_b4,ILSVRC2012_val_00027648.JPEG,n04591713,907,737,0.29488668,0,imagenet_c,defocus_blur,1,none
efficientnet_b4,ILSVRC2012_val_00028267.JPEG,n04591713,907,907,0.3657668,1,imagenet_c,defocus_blur,1,none
efficientnet_b4,ILSVRC2012_val_00031837.JPEG,n04591713,907,747,0.118287005,0,imagenet_c,defocus_blur,1,none
efficientnet_b4,ILSVRC2012_val_00032225.JPEG,n04591713,907,907,0.35026455,1,imagenet_c,defocus_blur,1,none
efficientnet_b4,ILSVRC2012_val_00033940.JPEG,n04591713,907,966,0.08050082,0,imagenet_c,defocus_blur,1,none
efficientnet_b4,ILSVRC2012_val_00033990.JPEG,n04591713,907,966,0.2197145,0,imagenet_c,defocus_blur,1,none
efficientnet_b4,ILSVRC2012_val_00034842.JPEG,n04591713,907,758,0.24242397,0,imagenet_c,defocus_blur,1,none
efficientnet_b4,ILSVRC2012_val_00035740.JPEG,n04591713,907,966,0.35003757,0,imagenet_c,defocus_blur,1,none
efficientnet_b4,ILSVRC2012_val_00036776.JPEG,n04591713,907,901,0.13966891,0,imagenet_c,defocus_blur,1,none
efficientnet_b4,ILSVRC2012_val_00037871.JPEG,n04591713,907,623,0.07610548,0,imagenet_c,defocus_blur,1,none
efficientnet_b4,ILSVRC2012_val_00039657.JPEG,n04591713,907,629,0.16828953,0,imagenet_c,defocus_blur,1,none
efficientnet_b4,ILSVRC2012_val_00039811.JPEG,n04591713,907,907,0.18582787,1,imagenet_c,defocus_blur,1,none
efficientnet_b4,ILSVRC2012_val_00040198.JPEG,n04591713,907,651,0.057642113,0,imagenet_c,defocus_blur,1,none
efficientnet_b4,ILSVRC2012_val_00040395.JPEG,n04591713,907,907,0.16447693,1,imagenet_c,defocus_blur,1,none
efficientnet_b4,ILSVRC2012_val_00042526.JPEG,n04591713,907,834,0.14903416,0,imagenet_c,defocus_blur,1,none
efficientnet_b4,ILSVRC2012_val_00042920.JPEG,n04591713,907,907,0.08678308,1,imagenet_c,defocus_blur,1,none
efficientnet_b4,ILSVRC2012_val_00043192.JPEG,n04591713,907,907,0.07173053,1,imagenet_c,defocus_blur,1,none
efficientnet_b4,ILSVRC2012_val_00043385.JPEG,n04591713,907,860,0.13880567,0,imagenet_c,defocus_blur,1,none
efficientnet_b4,ILSVRC2012_val_00043394.JPEG,n04591713,907,907,0.30524412,1,imagenet_c,defocus_blur,1,none
efficientnet_b4,ILSVRC2012_val_00044614.JPEG,n04591713,907,966,0.24445482,0,imagenet_c,defocus_blur,1,none
efficientnet_b4,ILSVRC2012_val_00046607.JPEG,n04591713,907,907,0.42191526,1,imagenet_c,defocus_blur,1,none
efficientnet_b4,ILSVRC2012_val_00048539.JPEG,n04591713,907,907,0.3160031,1,imagenet_c,defocus_blur,1,none
efficientnet_b4,ILSVRC2012_val_00048602.JPEG,n04591713,907,585,0.2028673,0,imagenet_c,defocus_blur,1,none
efficientnet_b4,ILSVRC2012_val_00049232.JPEG,n04591713,907,737,0.14810155,0,imagenet_c,defocus_blur,1,none
efficientnet_b4,ILSVRC2012_val_00049393.JPEG,n04591713,907,440,0.13307637,0,imagenet_c,defocus_blur,1,none
efficientnet_b4,ILSVRC2012_val_00001901.JPEG,n04592741,908,895,0.46739343,0,imagenet_c,defocus_blur,1,none
efficientnet_b4,ILSVRC2012_val_00002534.JPEG,n04592741,908,404,0.19995117,0,imagenet_c,defocus_blur,1,none
efficientnet_b4,ILSVRC2012_val_00003428.JPEG,n04592741,908,895,0.21462262,0,imagenet_c,defocus_blur,1,none
efficientnet_b4,ILSVRC2012_val_00005782.JPEG,n04592741,908,895,0.68140525,0,imagenet_c,defocus_blur,1,none
efficientnet_b4,ILSVRC2012_val_00005783.JPEG,n04592741,908,908,0.61261183,1,imagenet_c,defocus_blur,1,none
efficientnet_b4,ILSVRC2012_val_00007397.JPEG,n04592741,908,908,0.60241663,1,imagenet_c,defocus_blur,1,none
efficientnet_b4,ILSVRC2012_val_00008070.JPEG,n04592741,908,404,0.504575,0,imagenet_c,defocus_blur,1,none
efficientnet_b4,ILSVRC2012_val_00009292.JPEG,n04592741,908,908,0.5606181,1,imagenet_c,defocus_blur,1,none
efficientnet_b4,ILSVRC2012_val_00011343.JPEG,n04592741,908,404,0.53678906,0,imagenet_c,defocus_blur,1,none
efficientnet_b4,ILSVRC2012_val_00012873.JPEG,n04592741,908,908,0.26255086,1,imagenet_c,defocus_blur,1,none
efficientnet_b4,ILSVRC2012_val_00012979.JPEG,n04592741,908,404,0.24234585,0,imagenet_c,defocus_blur,1,none
efficientnet_b4,ILSVRC2012_val_00016728.JPEG,n04592741,908,895,0.124841996,0,imagenet_c,defocus_blur,1,none
efficientnet_b4,ILSVRC2012_val_00017349.JPEG,n04592741,908,908,0.42824146,1,imagenet_c,defocus_blur,1,none
efficientnet_b4,ILSVRC2012_val_00018081.JPEG,n04592741,908,895,0.118395835,0,imagenet_c,defocus_blur,1,none
efficientnet_b4,ILSVRC2012_val_00018330.JPEG,n04592741,908,761,0.0242928,0,imagenet_c,defocus_blur,1,none
efficientnet_b4,ILSVRC2012_val_00018394.JPEG,n04592741,908,895,0.38416854,0,imagenet_c,defocus_blur,1,none
efficientnet_b4,ILSVRC2012_val_00019497.JPEG,n04592741,908,908,0.38227344,1,imagenet_c,defocus_blur,1,none
efficientnet_b4,ILSVRC2012_val_00019627.JPEG,n04592741,908,908,0.4600429,1,imagenet_c,defocus_blur,1,none
efficientnet_b4,ILSVRC2012_val_00019965.JPEG,n04592741,908,908,0.5999964,1,imagenet_c,defocus_blur,1,none
efficientnet_b4,ILSVRC2012_val_00020035.JPEG,n04592741,908,908,0.6375035,1,imagenet_c,defocus_blur,1,none
efficientnet_b4,ILSVRC2012_val_00020064.JPEG,n04592741,908,908,0.56761026,1,imagenet_c,defocus_blur,1,none
efficientnet_b4,ILSVRC2012_val_00022446.JPEG,n04592741,908,908,0.69835067,1,imagenet_c,defocus_blur,1,none
efficientnet_b4,ILSVRC2012_val_00022734.JPEG,n04592741,908,660,0.020042455,0,imagenet_c,defocus_blur,1,none
efficientnet_b4,ILSVRC2012_val_00023282.JPEG,n04592741,908,908,0.6727675,1,imagenet_c,defocus_blur,1,none
efficientnet_b4,ILSVRC2012_val_00024138.JPEG,n04592741,908,404,0.40029383,0,imagenet_c,defocus_blur,1,none
efficientnet_b4,ILSVRC2012_val_00024575.JPEG,n04592741,908,403,0.42175376,0,imagenet_c,defocus_blur,1,none
efficientnet_b4,ILSVRC2012_val_00024937.JPEG,n04592741,908,404,0.6722126,0,imagenet_c,defocus_blur,1,none
efficientnet_b4,ILSVRC2012_val_00025987.JPEG,n04592741,908,908,0.72220296,1,imagenet_c,defocus_blur,1,none
efficientnet_b4,ILSVRC2012_val_00026026.JPEG,n04592741,908,908,0.19016491,1,imagenet_c,defocus_blur,1,none
efficientnet_b4,ILSVRC2012_val_00026612.JPEG,n04592741,908,908,0.41987324,1,imagenet_c,defocus_blur,1,none
efficientnet_b4,ILSVRC2012_val_00027706.JPEG,n04592741,908,895,0.08814068,0,imagenet_c,defocus_blur,1,none
efficientnet_b4,ILSVRC2012_val_00028274.JPEG,n04592741,908,908,0.13353166,1,imagenet_c,defocus_blur,1,none
efficientnet_b4,ILSVRC2012_val_00029081.JPEG,n04592741,908,404,0.2620657,0,imagenet_c,defocus_blur,1,none
efficientnet_b4,ILSVRC2012_val_00029165.JPEG,n04592741,908,404,0.1341165,0,imagenet_c,defocus_blur,1,none
efficientnet_b4,ILSVRC2012_val_00031109.JPEG,n04592741,908,895,0.6062149,0,imagenet_c,defocus_blur,1,none
efficientnet_b4,ILSVRC2012_val_00031123.JPEG,n04592741,908,908,0.62527543,1,imagenet_c,defocus_blur,1,none
efficientnet_b4,ILSVRC2012_val_00031478.JPEG,n04592741,908,404,0.17320184,0,imagenet_c,defocus_blur,1,none
efficientnet_b4,ILSVRC2012_val_00031487.JPEG,n04592741,908,895,0.73850167,0,imagenet_c,defocus_blur,1,none
efficientnet_b4,ILSVRC2012_val_00033012.JPEG,n04592741,908,404,0.24224201,0,imagenet_c,defocus_blur,1,none
efficientnet_b4,ILSVRC2012_val_00033985.JPEG,n04592741,908,908,0.52557695,1,imagenet_c,defocus_blur,1,none
efficientnet_b4,ILSVRC2012_val_00036435.JPEG,n04592741,908,404,0.63159794,0,imagenet_c,defocus_blur,1,none
efficientnet_b4,ILSVRC2012_val_00036694.JPEG,n04592741,908,404,0.67775166,0,imagenet_c,defocus_blur,1,none
efficientnet_b4,ILSVRC2012_val_00037034.JPEG,n04592741,908,895,0.20144305,0,imagenet_c,defocus_blur,1,none
efficientnet_b4,ILSVRC2012_val_00037222.JPEG,n04592741,908,404,0.48864534,0,imagenet_c,defocus_blur,1,none
efficientnet_b4,ILSVRC2012_val_00043228.JPEG,n04592741,908,908,0.16122939,1,imagenet_c,defocus_blur,1,none
efficientnet_b4,ILSVRC2012_val_00044184.JPEG,n04592741,908,895,0.3663366,0,imagenet_c,defocus_blur,1,none
efficientnet_b4,ILSVRC2012_val_00045004.JPEG,n04592741,908,908,0.62987226,1,imagenet_c,defocus_blur,1,none
efficientnet_b4,ILSVRC2012_val_00045983.JPEG,n04592741,908,404,0.50564086,0,imagenet_c,defocus_blur,1,none
efficientnet_b4,ILSVRC2012_val_00046234.JPEG,n04592741,908,404,0.11762316,0,imagenet_c,defocus_blur,1,none
efficientnet_b4,ILSVRC2012_val_00049062.JPEG,n04592741,908,404,0.38834628,0,imagenet_c,defocus_blur,1,none
efficientnet_b4,ILSVRC2012_val_00001328.JPEG,n04596742,909,926,0.65139973,0,imagenet_c,defocus_blur,1,none
efficientnet_b4,ILSVRC2012_val_00001534.JPEG,n04596742,909,926,0.40400097,0,imagenet_c,defocus_blur,1,none
efficientnet_b4,ILSVRC2012_val_00003240.JPEG,n04596742,909,909,0.4453939,1,imagenet_c,defocus_blur,1,none
efficientnet_b4,ILSVRC2012_val_00004525.JPEG,n04596742,909,926,0.6153745,0,imagenet_c,defocus_blur,1,none
efficientnet_b4,ILSVRC2012_val_00005730.JPEG,n04596742,909,504,0.11267131,0,imagenet_c,defocus_blur,1,none
efficientnet_b4,ILSVRC2012_val_00006091.JPEG,n04596742,909,916,0.08054149,0,imagenet_c,defocus_blur,1,none
efficientnet_b4,ILSVRC2012_val_00007324.JPEG,n04596742,909,926,0.19818346,0,imagenet_c,defocus_blur,1,none
efficientnet_b4,ILSVRC2012_val_00007451.JPEG,n04596742,909,927,0.27534246,0,imagenet_c,defocus_blur,1,none
efficientnet_b4,ILSVRC2012_val_00007608.JPEG,n04596742,909,827,0.22720617,0,imagenet_c,defocus_blur,1,none
efficientnet_b4,ILSVRC2012_val_00008899.JPEG,n04596742,909,926,0.5286046,0,imagenet_c,defocus_blur,1,none
efficientnet_b4,ILSVRC2012_val_00010687.JPEG,n04596742,909,926,0.442418,0,imagenet_c,defocus_blur,1,none
efficientnet_b4,ILSVRC2012_val_00012519.JPEG,n04596742,909,567,0.19999847,0,imagenet_c,defocus_blur,1,none
efficientnet_b4,ILSVRC2012_val_00014298.JPEG,n04596742,909,909,0.51709974,1,imagenet_c,defocus_blur,1,none
efficientnet_b4,ILSVRC2012_val_00014677.JPEG,n04596742,909,582,0.33120218,0,imagenet_c,defocus_blur,1,none
efficientnet_b4,ILSVRC2012_val_00015856.JPEG,n04596742,909,711,0.12549399,0,imagenet_c,defocus_blur,1,none
efficientnet_b4,ILSVRC2012_val_00017344.JPEG,n04596742,909,926,0.44116732,0,imagenet_c,defocus_blur,1,none
efficientnet_b4,ILSVRC2012_val_00017443.JPEG,n04596742,909,673,0.1128869,0,imagenet_c,defocus_blur,1,none
efficientnet_b4,ILSVRC2012_val_00017513.JPEG,n04596742,909,926,0.46647236,0,imagenet_c,defocus_blur,1,none
efficientnet_b4,ILSVRC2012_val_00017564.JPEG,n04596742,909,567,0.29759738,0,imagenet_c,defocus_blur,1,none
efficientnet_b4,ILSVRC2012_val_00018350.JPEG,n04596742,909,567,0.32757995,0,imagenet_c,defocus_blur,1,none
efficientnet_b4,ILSVRC2012_val_00019557.JPEG,n04596742,909,519,0.11965554,0,imagenet_c,defocus_blur,1,none
efficientnet_b4,ILSVRC2012_val_00020778.JPEG,n04596742,909,926,0.18154795,0,imagenet_c,defocus_blur,1,none
efficientnet_b4,ILSVRC2012_val_00020801.JPEG,n04596742,909,438,0.060432423,0,imagenet_c,defocus_blur,1,none
efficientnet_b4,ILSVRC2012_val_00021202.JPEG,n04596742,909,909,0.36397,1,imagenet_c,defocus_blur,1,none
efficientnet_b4,ILSVRC2012_val_00021615.JPEG,n04596742,909,926,0.38210613,0,imagenet_c,defocus_blur,1,none
efficientnet_b4,ILSVRC2012_val_00022924.JPEG,n04596742,909,567,0.34055206,0,imagenet_c,defocus_blur,1,none
efficientnet_b4,ILSVRC2012_val_00023192.JPEG,n04596742,909,926,0.6909908,0,imagenet_c,defocus_blur,1,none
efficientnet_b4,ILSVRC2012_val_00023292.JPEG,n04596742,909,936,0.12755805,0,imagenet_c,defocus_blur,1,none
efficientnet_b4,ILSVRC2012_val_00023337.JPEG,n04596742,909,567,0.5366433,0,imagenet_c,defocus_blur,1,none
efficientnet_b4,ILSVRC2012_val_00024149.JPEG,n04596742,909,909,0.5808073,1,imagenet_c,defocus_blur,1,none
efficientnet_b4,ILSVRC2012_val_00027468.JPEG,n04596742,909,788,0.08600903,0,imagenet_c,defocus_blur,1,none
efficientnet_b4,ILSVRC2012_val_00028560.JPEG,n04596742,909,394,0.2456648,0,imagenet_c,defocus_blur,1,none
efficientnet_b4,ILSVRC2012_val_00029572.JPEG,n04596742,909,544,0.14136094,0,imagenet_c,defocus_blur,1,none
efficientnet_b4,ILSVRC2012_val_00032337.JPEG,n04596742,909,469,0.4347431,0,imagenet_c,defocus_blur,1,none
efficientnet_b4,ILSVRC2012_val_00033946.JPEG,n04596742,909,567,0.28874302,0,imagenet_c,defocus_blur,1,none
efficientnet_b4,ILSVRC2012_val_00034507.JPEG,n04596742,909,467,0.29314232,0,imagenet_c,defocus_blur,1,none
efficientnet_b4,ILSVRC2012_val_00034695.JPEG,n04596742,909,787,0.17767681,0,imagenet_c,defocus_blur,1,none
efficientnet_b4,ILSVRC2012_val_00039297.JPEG,n04596742,909,909,0.24752952,1,imagenet_c,defocus_blur,1,none
efficientnet_b4,ILSVRC2012_val_00040581.JPEG,n04596742,909,567,0.44306007,0,imagenet_c,defocus_blur,1,none
efficientnet_b4,ILSVRC2012_val_00042268.JPEG,n04596742,909,909,0.34348533,1,imagenet_c,defocus_blur,1,none
efficientnet_b4,ILSVRC2012_val_00043269.JPEG,n04596742,909,926,0.4921419,0,imagenet_c,defocus_blur,1,none
efficientnet_b4,ILSVRC2012_val_00044068.JPEG,n04596742,909,926,0.4095262,0,imagenet_c,defocus_blur,1,none
efficientnet_b4,ILSVRC2012_val_00044190.JPEG,n04596742,909,926,0.8198766,0,imagenet_c,defocus_blur,1,none
efficientnet_b4,ILSVRC2012_val_00044786.JPEG,n04596742,909,469,0.2551586,0,imagenet_c,defocus_blur,1,none
efficientnet_b4,ILSVRC2012_val_00045422.JPEG,n04596742,909,909,0.21639782,1,imagenet_c,defocus_blur,1,none
efficientnet_b4,ILSVRC2012_val_00046031.JPEG,n04596742,909,909,0.20724525,1,imagenet_c,defocus_blur,1,none
efficientnet_b4,ILSVRC2012_val_00047482.JPEG,n04596742,909,909,0.1645838,1,imagenet_c,defocus_blur,1,none
efficientnet_b4,ILSVRC2012_val_00048345.JPEG,n04596742,909,544,0.32156244,0,imagenet_c,defocus_blur,1,none
efficientnet_b4,ILSVRC2012_val_00049550.JPEG,n04596742,909,416,0.04477862,0,imagenet_c,defocus_blur,1,none
efficientnet_b4,ILSVRC2012_val_00049551.JPEG,n04596742,909,926,0.6466804,0,imagenet_c,defocus_blur,1,none
efficientnet_b4,ILSVRC2012_val_00002685.JPEG,n04597913,910,641,0.42071274,0,imagenet_c,defocus_blur,1,none
efficientnet_b4,ILSVRC2012_val_00004473.JPEG,n04597913,910,470,0.12165584,0,imagenet_c,defocus_blur,1,none
efficientnet_b4,ILSVRC2012_val_00004899.JPEG,n04597913,910,910,0.20351085,1,imagenet_c,defocus_blur,1,none
efficientnet_b4,ILSVRC2012_val_00006044.JPEG,n04597913,910,910,0.39248043,1,imagenet_c,defocus_blur,1,none
efficientnet_b4,ILSVRC2012_val_00006723.JPEG,n04597913,910,924,0.23219225,0,imagenet_c,defocus_blur,1,none
efficientnet_b4,ILSVRC2012_val_00007881.JPEG,n04597913,910,584,0.07965631,0,imagenet_c,defocus_blur,1,none
efficientnet_b4,ILSVRC2012_val_00008027.JPEG,n04597913,910,726,0.1732186,0,imagenet_c,defocus_blur,1,none
efficientnet_b4,ILSVRC2012_val_00008202.JPEG,n04597913,910,909,0.36887035,0,imagenet_c,defocus_blur,1,none
efficientnet_b4,ILSVRC2012_val_00008796.JPEG,n04597913,910,910,0.65563625,1,imagenet_c,defocus_blur,1,none
efficientnet_b4,ILSVRC2012_val_00012097.JPEG,n04597913,910,317,0.06243834,0,imagenet_c,defocus_blur,1,none
efficientnet_b4,ILSVRC2012_val_00013690.JPEG,n04597913,910,542,0.13534565,0,imagenet_c,defocus_blur,1,none
efficientnet_b4,ILSVRC2012_val_00013892.JPEG,n04597913,910,910,0.6536851,1,imagenet_c,defocus_blur,1,none
efficientnet_b4,ILSVRC2012_val_00014544.JPEG,n04597913,910,910,0.7853485,1,imagenet_c,defocus_blur,1,none
efficientnet_b4,ILSVRC2012_val_00015367.JPEG,n04597913,910,942,0.15721819,0,imagenet_c,defocus_blur,1,none
efficientnet_b4,ILSVRC2012_val_00015389.JPEG,n04597913,910,813,0.16447774,0,imagenet_c,defocus_blur,1,none
efficientnet_b4,ILSVRC2012_val_00016472.JPEG,n04597913,910,910,0.30791554,1,imagenet_c,defocus_blur,1,none
efficientnet_b4,ILSVRC2012_val_00017248.JPEG,n04597913,910,910,0.18155944,1,imagenet_c,defocus_blur,1,none
efficientnet_b4,ILSVRC2012_val_00017345.JPEG,n04597913,910,910,0.6105223,1,imagenet_c,defocus_blur,1,none
efficientnet_b4,ILSVRC2012_val_00018243.JPEG,n04597913,910,910,0.43462142,1,imagenet_c,defocus_blur,1,none
efficientnet_b4,ILSVRC2012_val_00019661.JPEG,n04597913,910,623,0.4169265,0,imagenet_c,defocus_blur,1,none
efficientnet_b4,ILSVRC2012_val_00020639.JPEG,n04597913,910,910,0.51764697,1,imagenet_c,defocus_blur,1,none
efficientnet_b4,ILSVRC2012_val_00020897.JPEG,n04597913,910,910,0.102606095,1,imagenet_c,defocus_blur,1,none
efficientnet_b4,ILSVRC2012_val_00021192.JPEG,n04597913,910,910,0.39863634,1,imagenet_c,defocus_blur,1,none
efficientnet_b4,ILSVRC2012_val_00021930.JPEG,n04597913,910,910,0.5479274,1,imagenet_c,defocus_blur,1,none
efficientnet_b4,ILSVRC2012_val_00022476.JPEG,n04597913,910,910,0.3746309,1,imagenet_c,defocus_blur,1,none
efficientnet_b4,ILSVRC2012_val_00025963.JPEG,n04597913,910,910,0.36843514,1,imagenet_c,defocus_blur,1,none
efficientnet_b4,ILSVRC2012_val_00026727.JPEG,n04597913,910,623,0.10957838,0,imagenet_c,defocus_blur,1,none
efficientnet_b4,ILSVRC2012_val_00028641.JPEG,n04597913,910,910,0.5479444,1,imagenet_c,defocus_blur,1,none
efficientnet_b4,ILSVRC2012_val_00030008.JPEG,n04597913,910,532,0.06588664,0,imagenet_c,defocus_blur,1,none
efficientnet_b4,ILSVRC2012_val_00032112.JPEG,n04597913,910,910,0.19326103,1,imagenet_c,defocus_blur,1,none
efficientnet_b4,ILSVRC2012_val_00032118.JPEG,n04597913,910,910,0.23755582,1,imagenet_c,defocus_blur,1,none
efficientnet_b4,ILSVRC2012_val_00032311.JPEG,n04597913,910,600,0.08151107,0,imagenet_c,defocus_blur,1,none
efficientnet_b4,ILSVRC2012_val_00033430.JPEG,n04597913,910,909,0.27880362,0,imagenet_c,defocus_blur,1,none
efficientnet_b4,ILSVRC2012_val_00033896.JPEG,n04597913,910,731,0.62545776,0,imagenet_c,defocus_blur,1,none
efficientnet_b4,ILSVRC2012_val_00034343.JPEG,n04597913,910,666,0.49979696,0,imagenet_c,defocus_blur,1,none
efficientnet_b4,ILSVRC2012_val_00036316.JPEG,n04597913,910,641,0.31211174,0,imagenet_c,defocus_blur,1,none
efficientnet_b4,ILSVRC2012_val_00036923.JPEG,n04597913,910,726,0.070371814,0,imagenet_c,defocus_blur,1,none
efficientnet_b4,ILSVRC2012_val_00037708.JPEG,n04597913,910,910,0.6644183,1,imagenet_c,defocus_blur,1,none
efficientnet_b4,ILSVRC2012_val_00039858.JPEG,n04597913,910,567,0.26430088,0,imagenet_c,defocus_blur,1,none
efficientnet_b4,ILSVRC2012_val_00040529.JPEG,n04597913,910,910,0.19632407,1,imagenet_c,defocus_blur,1,none
efficientnet_b4,ILSVRC2012_val_00041290.JPEG,n04597913,910,910,0.7346272,1,imagenet_c,defocus_blur,1,none
efficientnet_b4,ILSVRC2012_val_00041600.JPEG,n04597913,910,541,0.4138033,0,imagenet_c,defocus_blur,1,none
efficientnet_b4,ILSVRC2012_val_00041670.JPEG,n04597913,910,910,0.2731351,1,imagenet_c,defocus_blur,1,none
efficientnet_b4,ILSVRC2012_val_00041678.JPEG,n04597913,910,969,0.34460008,0,imagenet_c,defocus_blur,1,none
efficientnet_b4,ILSVRC2012_val_00043767.JPEG,n04597913,910,910,0.7105626,1,imagenet_c,defocus_blur,1,none
efficientnet_b4,ILSVRC2012_val_00044817.JPEG,n04597913,910,910,0.14377017,1,imagenet_c,defocus_blur,1,none
efficientnet_b4,ILSVRC2012_val_00045957.JPEG,n04597913,910,910,0.5911754,1,imagenet_c,defocus_blur,1,none
efficientnet_b4,ILSVRC2012_val_00047133.JPEG,n04597913,910,910,0.11696461,1,imagenet_c,defocus_blur,1,none
efficientnet_b4,ILSVRC2012_val_00047958.JPEG,n04597913,910,910,0.58916897,1,imagenet_c,defocus_blur,1,none
efficientnet_b4,ILSVRC2012_val_00049566.JPEG,n04597913,910,926,0.08341173,0,imagenet_c,defocus_blur,1,none
efficientnet_b4,ILSVRC2012_val_00001208.JPEG,n04599235,911,911,0.14095709,1,imagenet_c,defocus_blur,1,none
efficientnet_b4,ILSVRC2012_val_00001310.JPEG,n04599235,911,502,0.23668447,0,imagenet_c,defocus_blur,1,none
efficientnet_b4,ILSVRC2012_val_00001417.JPEG,n04599235,911,911,0.11980103,1,imagenet_c,defocus_blur,1,none
efficientnet_b4,ILSVRC2012_val_00003190.JPEG,n04599235,911,911,0.36118394,1,imagenet_c,defocus_blur,1,none
efficientnet_b4,ILSVRC2012_val_00003805.JPEG,n04599235,911,692,0.1513799,0,imagenet_c,defocus_blur,1,none
efficientnet_b4,ILSVRC2012_val_00003956.JPEG,n04599235,911,38,0.25282168,0,imagenet_c,defocus_blur,1,none
efficientnet_b4,ILSVRC2012_val_00005449.JPEG,n04599235,911,502,0.17234907,0,imagenet_c,defocus_blur,1,none
efficientnet_b4,ILSVRC2012_val_00006358.JPEG,n04599235,911,474,0.5577491,0,imagenet_c,defocus_blur,1,none
efficientnet_b4,ILSVRC2012_val_00010274.JPEG,n04599235,911,522,0.14923382,0,imagenet_c,defocus_blur,1,none
efficientnet_b4,ILSVRC2012_val_00010654.JPEG,n04599235,911,911,0.603348,1,imagenet_c,defocus_blur,1,none
efficientnet_b4,ILSVRC2012_val_00011497.JPEG,n04599235,911,927,0.19937137,0,imagenet_c,defocus_blur,1,none
efficientnet_b4,ILSVRC2012_val_00011864.JPEG,n04599235,911,735,0.5552909,0,imagenet_c,defocus_blur,1,none
efficientnet_b4,ILSVRC2012_val_00012145.JPEG,n04599235,911,533,0.2777538,0,imagenet_c,defocus_blur,1,none
efficientnet_b4,ILSVRC2012_val_00014149.JPEG,n04599235,911,474,0.41184625,0,imagenet_c,defocus_blur,1,none
efficientnet_b4,ILSVRC2012_val_00015111.JPEG,n04599235,911,452,0.5909099,0,imagenet_c,defocus_blur,1,none
efficientnet_b4,ILSVRC2012_val_00015117.JPEG,n04599235,911,658,0.7349381,0,imagenet_c,defocus_blur,1,none
efficientnet_b4,ILSVRC2012_val_00015838.JPEG,n04599235,911,568,0.08616834,0,imagenet_c,defocus_blur,1,none
efficientnet_b4,ILSVRC2012_val_00015889.JPEG,n04599235,911,81,0.018023657,0,imagenet_c,defocus_blur,1,none
efficientnet_b4,ILSVRC2012_val_00016103.JPEG,n04599235,911,824,0.16324045,0,imagenet_c,defocus_blur,1,none
efficientnet_b4,ILSVRC2012_val_00016244.JPEG,n04599235,911,750,0.20117103,0,imagenet_c,defocus_blur,1,none
efficientnet_b4,ILSVRC2012_val_00017173.JPEG,n04599235,911,911,0.650891,1,imagenet_c,defocus_blur,1,none
efficientnet_b4,ILSVRC2012_val_00020021.JPEG,n04599235,911,911,0.193162,1,imagenet_c,defocus_blur,1,none
efficientnet_b4,ILSVRC2012_val_00020189.JPEG,n04599235,911,850,0.34532937,0,imagenet_c,defocus_blur,1,none
efficientnet_b4,ILSVRC2012_val_00022903.JPEG,n04599235,911,601,0.12194724,0,imagenet_c,defocus_blur,1,none
efficientnet_b4,ILSVRC2012_val_00024459.JPEG,n04599235,911,850,0.23675418,0,imagenet_c,defocus_blur,1,none
efficientnet_b4,ILSVRC2012_val_00026401.JPEG,n04599235,911,911,0.5463292,1,imagenet_c,defocus_blur,1,none
efficientnet_b4,ILSVRC2012_val_00026431.JPEG,n04599235,911,911,0.731974,1,imagenet_c,defocus_blur,1,none
efficientnet_b4,ILSVRC2012_val_00026827.JPEG,n04599235,911,741,0.46148843,0,imagenet_c,defocus_blur,1,none
efficientnet_b4,ILSVRC2012_val_00027561.JPEG,n04599235,911,816,0.19149345,0,imagenet_c,defocus_blur,1,none
efficientnet_b4,ILSVRC2012_val_00027618.JPEG,n04599235,911,850,0.14704393,0,imagenet_c,defocus_blur,1,none
efficientnet_b4,ILSVRC2012_val_00027624.JPEG,n04599235,911,911,0.50132585,1,imagenet_c,defocus_blur,1,none
efficientnet_b4,ILSVRC2012_val_00028150.JPEG,n04599235,911,969,0.06497424,0,imagenet_c,defocus_blur,1,none
efficientnet_b4,ILSVRC2012_val_00029811.JPEG,n04599235,911,911,0.6996324,1,imagenet_c,defocus_blur,1,none
efficientnet_b4,ILSVRC2012_val_00030451.JPEG,n04599235,911,947,0.2674959,0,imagenet_c,defocus_blur,1,none
efficientnet_b4,ILSVRC2012_val_00032340.JPEG,n04599235,911,533,0.55047035,0,imagenet_c,defocus_blur,1,none
efficientnet_b4,ILSVRC2012_val_00032848.JPEG,n04599235,911,911,0.19572574,1,imagenet_c,defocus_blur,1,none
efficientnet_b4,ILSVRC2012_val_00033022.JPEG,n04599235,911,735,0.2604322,0,imagenet_c,defocus_blur,1,none
efficientnet_b4,ILSVRC2012_val_00035088.JPEG,n04599235,911,911,0.67417455,1,imagenet_c,defocus_blur,1,none
efficientnet_b4,ILSVRC2012_val_00035238.JPEG,n04599235,911,824,0.81800777,0,imagenet_c,defocus_blur,1,none
efficientnet_b4,ILSVRC2012_val_00035255.JPEG,n04599235,911,911,0.41268432,1,imagenet_c,defocus_blur,1,none
efficientnet_b4,ILSVRC2012_val_00037049.JPEG,n04599235,911,911,0.32611883,1,imagenet_c,defocus_blur,1,none
efficientnet_b4,ILSVRC2012_val_00037061.JPEG,n04599235,911,911,0.5271332,1,imagenet_c,defocus_blur,1,none
efficientnet_b4,ILSVRC2012_val_00037980.JPEG,n04599235,911,911,0.58598554,1,imagenet_c,defocus_blur,1,none
efficientnet_b4,ILSVRC2012_val_00041145.JPEG,n04599235,911,841,0.4121506,0,imagenet_c,defocus_blur,1,none
efficientnet_b4,ILSVRC2012_val_00041310.JPEG,n04599235,911,806,0.4719905,0,imagenet_c,defocus_blur,1,none
efficientnet_b4,ILSVRC2012_val_00046350.JPEG,n04599235,911,616,0.50450754,0,imagenet_c,defocus_blur,1,none
efficientnet_b4,ILSVRC2012_val_00047175.JPEG,n04599235,911,911,0.6284086,1,imagenet_c,defocus_blur,1,none
efficientnet_b4,ILSVRC2012_val_00048268.JPEG,n04599235,911,911,0.4794018,1,imagenet_c,defocus_blur,1,none
efficientnet_b4,ILSVRC2012_val_00049409.JPEG,n04599235,911,911,0.2970193,1,imagenet_c,defocus_blur,1,none
efficientnet_b4,ILSVRC2012_val_00049666.JPEG,n04599235,911,911,0.63124794,1,imagenet_c,defocus_blur,1,none
efficientnet_b4,ILSVRC2012_val_00000437.JPEG,n04604644,912,912,0.5962985,1,imagenet_c,defocus_blur,1,none
efficientnet_b4,ILSVRC2012_val_00001427.JPEG,n04604644,912,912,0.15227924,1,imagenet_c,defocus_blur,1,none
efficientnet_b4,ILSVRC2012_val_00001890.JPEG,n04604644,912,489,0.34397432,0,imagenet_c,defocus_blur,1,none
efficientnet_b4,ILSVRC2012_val_00003177.JPEG,n04604644,912,912,0.4844859,1,imagenet_c,defocus_blur,1,none
efficientnet_b4,ILSVRC2012_val_00005517.JPEG,n04604644,912,912,0.02514574,1,imagenet_c,defocus_blur,1,none
efficientnet_b4,ILSVRC2012_val_00005645.JPEG,n04604644,912,912,0.5452958,1,imagenet_c,defocus_blur,1,none
efficientnet_b4,ILSVRC2012_val_00006623.JPEG,n04604644,912,912,0.7194435,1,imagenet_c,defocus_blur,1,none
efficientnet_b4,ILSVRC2012_val_00007917.JPEG,n04604644,912,912,0.522829,1,imagenet_c,defocus_blur,1,none
efficientnet_b4,ILSVRC2012_val_00009762.JPEG,n04604644,912,912,0.13681261,1,imagenet_c,defocus_blur,1,none
efficientnet_b4,ILSVRC2012_val_00010250.JPEG,n04604644,912,912,0.7381281,1,imagenet_c,defocus_blur,1,none
efficientnet_b4,ILSVRC2012_val_00011174.JPEG,n04604644,912,912,0.52092505,1,imagenet_c,defocus_blur,1,none
efficientnet_b4,ILSVRC2012_val_00012751.JPEG,n04604644,912,912,0.6716221,1,imagenet_c,defocus_blur,1,none
efficientnet_b4,ILSVRC2012_val_00014699.JPEG,n04604644,912,9,0.13772406,0,imagenet_c,defocus_blur,1,none
efficientnet_b4,ILSVRC2012_val_00014924.JPEG,n04604644,912,912,0.6237396,1,imagenet_c,defocus_blur,1,none
efficientnet_b4,ILSVRC2012_val_00015677.JPEG,n04604644,912,912,0.6327231,1,imagenet_c,defocus_blur,1,none
efficientnet_b4,ILSVRC2012_val_00016101.JPEG,n04604644,912,912,0.67052686,1,imagenet_c,defocus_blur,1,none
efficientnet_b4,ILSVRC2012_val_00017348.JPEG,n04604644,912,912,0.30946192,1,imagenet_c,defocus_blur,1,none
efficientnet_b4,ILSVRC2012_val_00018908.JPEG,n04604644,912,912,0.73734015,1,imagenet_c,defocus_blur,1,none
efficientnet_b4,ILSVRC2012_val_00019440.JPEG,n04604644,912,716,0.3172266,0,imagenet_c,defocus_blur,1,none
efficientnet_b4,ILSVRC2012_val_00021154.JPEG,n04604644,912,912,0.5604702,1,imagenet_c,defocus_blur,1,none
efficientnet_b4,ILSVRC2012_val_00021878.JPEG,n04604644,912,912,0.8074445,1,imagenet_c,defocus_blur,1,none
efficientnet_b4,ILSVRC2012_val_00022100.JPEG,n04604644,912,912,0.19708882,1,imagenet_c,defocus_blur,1,none
efficientnet_b4,ILSVRC2012_val_00023248.JPEG,n04604644,912,913,0.07506242,0,imagenet_c,defocus_blur,1,none
efficientnet_b4,ILSVRC2012_val_00024026.JPEG,n04604644,912,21,0.071282394,0,imagenet_c,defocus_blur,1,none
efficientnet_b4,ILSVRC2012_val_00024728.JPEG,n04604644,912,912,0.6909363,1,imagenet_c,defocus_blur,1,none
efficientnet_b4,ILSVRC2012_val_00024849.JPEG,n04604644,912,912,0.68349427,1,imagenet_c,defocus_blur,1,none
efficientnet_b4,ILSVRC2012_val_00025517.JPEG,n04604644,912,912,0.38505158,1,imagenet_c,defocus_blur,1,none
efficientnet_b4,ILSVRC2012_val_00026143.JPEG,n04604644,912,912,0.57648546,1,imagenet_c,defocus_blur,1,none
efficientnet_b4,ILSVRC2012_val_00027236.JPEG,n04604644,912,912,0.61590356,1,imagenet_c,defocus_blur,1,none
efficientnet_b4,ILSVRC2012_val_00028154.JPEG,n04604644,912,912,0.52458125,1,imagenet_c,defocus_blur,1,none
efficientnet_b4,ILSVRC2012_val_00029542.JPEG,n04604644,912,912,0.19510739,1,imagenet_c,defocus_blur,1,none
efficientnet_b4,ILSVRC2012_val_00030368.JPEG,n04604644,912,264,0.45944685,0,imagenet_c,defocus_blur,1,none
efficientnet_b4,ILSVRC2012_val_00030937.JPEG,n04604644,912,912,0.13441674,1,imagenet_c,defocus_blur,1,none
efficientnet_b4,ILSVRC2012_val_00033623.JPEG,n04604644,912,912,0.6233095,1,imagenet_c,defocus_blur,1,none
efficientnet_b4,ILSVRC2012_val_00033877.JPEG,n04604644,912,912,0.12298999,1,imagenet_c,defocus_blur,1,none
efficientnet_b4,ILSVRC2012_val_00034432.JPEG,n04604644,912,912,0.26771075,1,imagenet_c,defocus_blur,1,none
efficientnet_b4,ILSVRC2012_val_00034678.JPEG,n04604644,912,912,0.5879772,1,imagenet_c,defocus_blur,1,none
efficientnet_b4,ILSVRC2012_val_00035406.JPEG,n04604644,912,912,0.4960311,1,imagenet_c,defocus_blur,1,none
efficientnet_b4,ILSVRC2012_val_00036475.JPEG,n04604644,912,912,0.22157632,1,imagenet_c,defocus_blur,1,none
efficientnet_b4,ILSVRC2012_val_00037279.JPEG,n04604644,912,370,0.062446743,0,imagenet_c,defocus_blur,1,none
efficientnet_b4,ILSVRC2012_val_00039007.JPEG,n04604644,912,912,0.42083716,1,imagenet_c,defocus_blur,1,none
efficientnet_b4,ILSVRC2012_val_00039676.JPEG,n04604644,912,912,0.3094674,1,imagenet_c,defocus_blur,1,none
efficientnet_b4,ILSVRC2012_val_00041066.JPEG,n04604644,912,912,0.20422076,1,imagenet_c,defocus_blur,1,none
efficientnet_b4,ILSVRC2012_val_00042739.JPEG,n04604644,912,912,0.1263681,1,imagenet_c,defocus_blur,1,none
efficientnet_b4,ILSVRC2012_val_00042823.JPEG,n04604644,912,912,0.5512047,1,imagenet_c,defocus_blur,1,none
efficientnet_b4,ILSVRC2012_val_00043217.JPEG,n04604644,912,912,0.74063706,1,imagenet_c,defocus_blur,1,none
efficientnet_b4,ILSVRC2012_val_00044982.JPEG,n04604644,912,912,0.29141703,1,imagenet_c,defocus_blur,1,none
efficientnet_b4,ILSVRC2012_val_00048323.JPEG,n04604644,912,489,0.15537117,0,imagenet_c,defocus_blur,1,none
efficientnet_b4,ILSVRC2012_val_00049329.JPEG,n04604644,912,912,0.6436519,1,imagenet_c,defocus_blur,1,none
efficientnet_b4,ILSVRC2012_val_00049765.JPEG,n04604644,912,853,0.089714125,0,imagenet_c,defocus_blur,1,none
efficientnet_b4,ILSVRC2012_val_00001034.JPEG,n04606251,913,913,0.6848792,1,imagenet_c,defocus_blur,1,none
efficientnet_b4,ILSVRC2012_val_00003332.JPEG,n04606251,913,913,0.547713,1,imagenet_c,defocus_blur,1,none
efficientnet_b4,ILSVRC2012_val_00003632.JPEG,n04606251,913,913,0.7230673,1,imagenet_c,defocus_blur,1,none
efficientnet_b4,ILSVRC2012_val_00006894.JPEG,n04606251,913,913,0.7149217,1,imagenet_c,defocus_blur,1,none
efficientnet_b4,ILSVRC2012_val_00007040.JPEG,n04606251,913,913,0.6691586,1,imagenet_c,defocus_blur,1,none
efficientnet_b4,ILSVRC2012_val_00008173.JPEG,n04606251,913,913,0.62564033,1,imagenet_c,defocus_blur,1,none
efficientnet_b4,ILSVRC2012_val_00009003.JPEG,n04606251,913,913,0.5594581,1,imagenet_c,defocus_blur,1,none
efficientnet_b4,ILSVRC2012_val_00009289.JPEG,n04606251,913,913,0.4645324,1,imagenet_c,defocus_blur,1,none
efficientnet_b4,ILSVRC2012_val_00009749.JPEG,n04606251,913,913,0.062944375,1,imagenet_c,defocus_blur,1,none
efficientnet_b4,ILSVRC2012_val_00010086.JPEG,n04606251,913,913,0.18575852,1,imagenet_c,defocus_blur,1,none
efficientnet_b4,ILSVRC2012_val_00011806.JPEG,n04606251,913,913,0.83561885,1,imagenet_c,defocus_blur,1,none
efficientnet_b4,ILSVRC2012_val_00013605.JPEG,n04606251,913,913,0.78220654,1,imagenet_c,defocus_blur,1,none
efficientnet_b4,ILSVRC2012_val_00013793.JPEG,n04606251,913,144,0.025182595,0,imagenet_c,defocus_blur,1,none
efficientnet_b4,ILSVRC2012_val_00014843.JPEG,n04606251,913,724,0.11468628,0,imagenet_c,defocus_blur,1,none
efficientnet_b4,ILSVRC2012_val_00016351.JPEG,n04606251,913,536,0.07503224,0,imagenet_c,defocus_blur,1,none
efficientnet_b4,ILSVRC2012_val_00017562.JPEG,n04606251,913,978,0.02192928,0,imagenet_c,defocus_blur,1,none
efficientnet_b4,ILSVRC2012_val_00018377.JPEG,n04606251,913,724,0.5400524,0,imagenet_c,defocus_blur,1,none
efficientnet_b4,ILSVRC2012_val_00020993.JPEG,n04606251,913,975,0.033971816,0,imagenet_c,defocus_blur,1,none
efficientnet_b4,ILSVRC2012_val_00021046.JPEG,n04606251,913,913,0.7055473,1,imagenet_c,defocus_blur,1,none
efficientnet_b4,ILSVRC2012_val_00021393.JPEG,n04606251,913,913,0.43428916,1,imagenet_c,defocus_blur,1,none
efficientnet_b4,ILSVRC2012_val_00021959.JPEG,n04606251,913,913,0.5064093,1,imagenet_c,defocus_blur,1,none
efficientnet_b4,ILSVRC2012_val_00025036.JPEG,n04606251,913,724,0.17769718,0,imagenet_c,defocus_blur,1,none
efficientnet_b4,ILSVRC2012_val_00027265.JPEG,n04606251,913,913,0.20858757,1,imagenet_c,defocus_blur,1,none
efficientnet_b4,ILSVRC2012_val_00027832.JPEG,n04606251,913,913,0.66596687,1,imagenet_c,defocus_blur,1,none
efficientnet_b4,ILSVRC2012_val_00028404.JPEG,n04606251,913,913,0.31664,1,imagenet_c,defocus_blur,1,none
efficientnet_b4,ILSVRC2012_val_00029937.JPEG,n04606251,913,114,0.037418805,0,imagenet_c,defocus_blur,1,none
efficientnet_b4,ILSVRC2012_val_00033025.JPEG,n04606251,913,913,0.053151798,1,imagenet_c,defocus_blur,1,none
efficientnet_b4,ILSVRC2012_val_00033744.JPEG,n04606251,913,913,0.29844043,1,imagenet_c,defocus_blur,1,none
efficientnet_b4,ILSVRC2012_val_00034453.JPEG,n04606251,913,913,0.57727104,1,imagenet_c,defocus_blur,1,none
efficientnet_b4,ILSVRC2012_val_00035411.JPEG,n04606251,913,983,0.13654225,0,imagenet_c,defocus_blur,1,none
efficientnet_b4,ILSVRC2012_val_00036696.JPEG,n04606251,913,913,0.6589558,1,imagenet_c,defocus_blur,1,none
efficientnet_b4,ILSVRC2012_val_00036731.JPEG,n04606251,913,913,0.7815485,1,imagenet_c,defocus_blur,1,none
efficientnet_b4,ILSVRC2012_val_00036885.JPEG,n04606251,913,913,0.65643746,1,imagenet_c,defocus_blur,1,none
efficientnet_b4,ILSVRC2012_val_00037254.JPEG,n04606251,913,913,0.39722624,1,imagenet_c,defocus_blur,1,none
efficientnet_b4,ILSVRC2012_val_00037574.JPEG,n04606251,913,913,0.07649085,1,imagenet_c,defocus_blur,1,none
efficientnet_b4,ILSVRC2012_val_00038015.JPEG,n04606251,913,913,0.17646287,1,imagenet_c,defocus_blur,1,none
efficientnet_b4,ILSVRC2012_val_00039715.JPEG,n04606251,913,913,0.33578408,1,imagenet_c,defocus_blur,1,none
efficientnet_b4,ILSVRC2012_val_00040924.JPEG,n04606251,913,913,0.15561718,1,imagenet_c,defocus_blur,1,none
efficientnet_b4,ILSVRC2012_val_00041352.JPEG,n04606251,913,913,0.114808045,1,imagenet_c,defocus_blur,1,none
efficientnet_b4,ILSVRC2012_val_00041464.JPEG,n04606251,913,871,0.14456159,0,imagenet_c,defocus_blur,1,none
efficientnet_b4,ILSVRC2012_val_00042772.JPEG,n04606251,913,913,0.07301455,1,imagenet_c,defocus_blur,1,none
efficientnet_b4,ILSVRC2012_val_00042780.JPEG,n04606251,913,913,0.43678474,1,imagenet_c,defocus_blur,1,none
efficientnet_b4,ILSVRC2012_val_00043800.JPEG,n04606251,913,913,0.6093993,1,imagenet_c,defocus_blur,1,none
efficientnet_b4,ILSVRC2012_val_00043876.JPEG,n04606251,913,913,0.29294413,1,imagenet_c,defocus_blur,1,none
efficientnet_b4,ILSVRC2012_val_00044302.JPEG,n04606251,913,913,0.14814314,1,imagenet_c,defocus_blur,1,none
efficientnet_b4,ILSVRC2012_val_00045100.JPEG,n04606251,913,913,0.4061753,1,imagenet_c,defocus_blur,1,none
efficientnet_b4,ILSVRC2012_val_00045147.JPEG,n04606251,913,913,0.2849089,1,imagenet_c,defocus_blur,1,none
efficientnet_b4,ILSVRC2012_val_00045974.JPEG,n04606251,913,913,0.74305624,1,imagenet_c,defocus_blur,1,none
efficientnet_b4,ILSVRC2012_val_00047076.JPEG,n04606251,913,976,0.04764916,0,imagenet_c,defocus_blur,1,none
efficientnet_b4,ILSVRC2012_val_00047231.JPEG,n04606251,913,913,0.42849237,1,imagenet_c,defocus_blur,1,none
efficientnet_b4,ILSVRC2012_val_00003145.JPEG,n04612504,914,914,0.5037307,1,imagenet_c,defocus_blur,1,none
efficientnet_b4,ILSVRC2012_val_00004249.JPEG,n04612504,914,914,0.61160153,1,imagenet_c,defocus_blur,1,none
efficientnet_b4,ILSVRC2012_val_00004515.JPEG,n04612504,914,914,0.25999185,1,imagenet_c,defocus_blur,1,none
efficientnet_b4,ILSVRC2012_val_00004621.JPEG,n04612504,914,914,0.64555824,1,imagenet_c,defocus_blur,1,none
efficientnet_b4,ILSVRC2012_val_00005219.JPEG,n04612504,914,914,0.55215317,1,imagenet_c,defocus_blur,1,none
efficientnet_b4,ILSVRC2012_val_00005971.JPEG,n04612504,914,780,0.4148464,0,imagenet_c,defocus_blur,1,none
efficientnet_b4,ILSVRC2012_val_00006590.JPEG,n04612504,914,914,0.4918117,1,imagenet_c,defocus_blur,1,none
efficientnet_b4,ILSVRC2012_val_00006693.JPEG,n04612504,914,914,0.6001473,1,imagenet_c,defocus_blur,1,none
efficientnet_b4,ILSVRC2012_val_00006742.JPEG,n04612504,914,914,0.20586695,1,imagenet_c,defocus_blur,1,none
efficientnet_b4,ILSVRC2012_val_00007517.JPEG,n04612504,914,914,0.8932725,1,imagenet_c,defocus_blur,1,none
efficientnet_b4,ILSVRC2012_val_00008725.JPEG,n04612504,914,914,0.15620051,1,imagenet_c,defocus_blur,1,none
efficientnet_b4,ILSVRC2012_val_00010276.JPEG,n04612504,914,914,0.8628553,1,imagenet_c,defocus_blur,1,none
efficientnet_b4,ILSVRC2012_val_00011193.JPEG,n04612504,914,914,0.27160832,1,imagenet_c,defocus_blur,1,none
efficientnet_b4,ILSVRC2012_val_00012489.JPEG,n04612504,914,914,0.35708705,1,imagenet_c,defocus_blur,1,none
efficientnet_b4,ILSVRC2012_val_00013403.JPEG,n04612504,914,914,0.5308997,1,imagenet_c,defocus_blur,1,none
efficientnet_b4,ILSVRC2012_val_00014591.JPEG,n04612504,914,914,0.6521867,1,imagenet_c,defocus_blur,1,none
efficientnet_b4,ILSVRC2012_val_00015089.JPEG,n04612504,914,914,0.6989422,1,imagenet_c,defocus_blur,1,none
efficientnet_b4,ILSVRC2012_val_00015121.JPEG,n04612504,914,914,0.55871665,1,imagenet_c,defocus_blur,1,none
efficientnet_b4,ILSVRC2012_val_00016037.JPEG,n04612504,914,914,0.4015156,1,imagenet_c,defocus_blur,1,none
efficientnet_b4,ILSVRC2012_val_00018802.JPEG,n04612504,914,914,0.64477724,1,imagenet_c,defocus_blur,1,none
efficientnet_b4,ILSVRC2012_val_00019111.JPEG,n04612504,914,914,0.64023,1,imagenet_c,defocus_blur,1,none
efficientnet_b4,ILSVRC2012_val_00019246.JPEG,n04612504,914,871,0.09751906,0,imagenet_c,defocus_blur,1,none
efficientnet_b4,ILSVRC2012_val_00020544.JPEG,n04612504,914,914,0.17441474,1,imagenet_c,defocus_blur,1,none
efficientnet_b4,ILSVRC2012_val_00021209.JPEG,n04612504,914,914,0.7873112,1,imagenet_c,defocus_blur,1,none
efficientnet_b4,ILSVRC2012_val_00022075.JPEG,n04612504,914,914,0.7049364,1,imagenet_c,defocus_blur,1,none
efficientnet_b4,ILSVRC2012_val_00023020.JPEG,n04612504,914,914,0.24087016,1,imagenet_c,defocus_blur,1,none
efficientnet_b4,ILSVRC2012_val_00025092.JPEG,n04612504,914,871,0.19833206,0,imagenet_c,defocus_blur,1,none
efficientnet_b4,ILSVRC2012_val_00025712.JPEG,n04612504,914,914,0.27588513,1,imagenet_c,defocus_blur,1,none
efficientnet_b4,ILSVRC2012_val_00025780.JPEG,n04612504,914,914,0.7228204,1,imagenet_c,defocus_blur,1,none
efficientnet_b4,ILSVRC2012_val_00027037.JPEG,n04612504,914,914,0.5154683,1,imagenet_c,defocus_blur,1,none
efficientnet_b4,ILSVRC2012_val_00028027.JPEG,n04612504,914,914,0.28134498,1,imagenet_c,defocus_blur,1,none
efficientnet_b4,ILSVRC2012_val_00028058.JPEG,n04612504,914,914,0.5396664,1,imagenet_c,defocus_blur,1,none
efficientnet_b4,ILSVRC2012_val_00031426.JPEG,n04612504,914,871,0.15057835,0,imagenet_c,defocus_blur,1,none
efficientnet_b4,ILSVRC2012_val_00031842.JPEG,n04612504,914,914,0.40785193,1,imagenet_c,defocus_blur,1,none
efficientnet_b4,ILSVRC2012_val_00032371.JPEG,n04612504,914,914,0.5990505,1,imagenet_c,defocus_blur,1,none
efficientnet_b4,ILSVRC2012_val_00032584.JPEG,n04612504,914,914,0.59292984,1,imagenet_c,defocus_blur,1,none
efficientnet_b4,ILSVRC2012_val_00032608.JPEG,n04612504,914,914,0.6578349,1,imagenet_c,defocus_blur,1,none
efficientnet_b4,ILSVRC2012_val_00033482.JPEG,n04612504,914,914,0.579779,1,imagenet_c,defocus_blur,1,none
efficientnet_b4,ILSVRC2012_val_00034363.JPEG,n04612504,914,914,0.3912397,1,imagenet_c,defocus_blur,1,none
efficientnet_b4,ILSVRC2012_val_00035734.JPEG,n04612504,914,914,0.59956986,1,imagenet_c,defocus_blur,1,none
efficientnet_b4,ILSVRC2012_val_00037532.JPEG,n04612504,914,914,0.59095323,1,imagenet_c,defocus_blur,1,none
efficientnet_b4,ILSVRC2012_val_00038164.JPEG,n04612504,914,914,0.5768147,1,imagenet_c,defocus_blur,1,none
efficientnet_b4,ILSVRC2012_val_00039131.JPEG,n04612504,914,914,0.60118294,1,imagenet_c,defocus_blur,1,none
efficientnet_b4,ILSVRC2012_val_00040974.JPEG,n04612504,914,914,0.18335609,1,imagenet_c,defocus_blur,1,none
efficientnet_b4,ILSVRC2012_val_00041292.JPEG,n04612504,914,914,0.3932314,1,imagenet_c,defocus_blur,1,none
efficientnet_b4,ILSVRC2012_val_00044801.JPEG,n04612504,914,914,0.5465673,1,imagenet_c,defocus_blur,1,none
efficientnet_b4,ILSVRC2012_val_00045388.JPEG,n04612504,914,914,0.49384505,1,imagenet_c,defocus_blur,1,none
efficientnet_b4,ILSVRC2012_val_00045783.JPEG,n04612504,914,914,0.16463992,1,imagenet_c,defocus_blur,1,none
efficientnet_b4,ILSVRC2012_val_00048170.JPEG,n04612504,914,914,0.38120347,1,imagenet_c,defocus_blur,1,none
efficientnet_b4,ILSVRC2012_val_00048434.JPEG,n04612504,914,914,0.66880614,1,imagenet_c,defocus_blur,1,none
efficientnet_b4,ILSVRC2012_val_00000460.JPEG,n04613696,915,915,0.4487892,1,imagenet_c,defocus_blur,1,none
efficientnet_b4,ILSVRC2012_val_00000490.JPEG,n04613696,915,915,0.47558197,1,imagenet_c,defocus_blur,1,none
efficientnet_b4,ILSVRC2012_val_00000839.JPEG,n04613696,915,915,0.3719173,1,imagenet_c,defocus_blur,1,none
efficientnet_b4,ILSVRC2012_val_00001300.JPEG,n04613696,915,915,0.47132826,1,imagenet_c,defocus_blur,1,none
efficientnet_b4,ILSVRC2012_val_00002044.JPEG,n04613696,915,915,0.44298217,1,imagenet_c,defocus_blur,1,none
efficientnet_b4,ILSVRC2012_val_00003113.JPEG,n04613696,915,915,0.3263223,1,imagenet_c,defocus_blur,1,none
efficientnet_b4,ILSVRC2012_val_00007449.JPEG,n04613696,915,660,0.119665,0,imagenet_c,defocus_blur,1,none
efficientnet_b4,ILSVRC2012_val_00007626.JPEG,n04613696,915,915,0.4649698,1,imagenet_c,defocus_blur,1,none
efficientnet_b4,ILSVRC2012_val_00007854.JPEG,n04613696,915,915,0.6398382,1,imagenet_c,defocus_blur,1,none
efficientnet_b4,ILSVRC2012_val_00008571.JPEG,n04613696,915,915,0.49612316,1,imagenet_c,defocus_blur,1,none
efficientnet_b4,ILSVRC2012_val_00009584.JPEG,n04613696,915,915,0.12379493,1,imagenet_c,defocus_blur,1,none
efficientnet_b4,ILSVRC2012_val_00009750.JPEG,n04613696,915,915,0.60423607,1,imagenet_c,defocus_blur,1,none
efficientnet_b4,ILSVRC2012_val_00012991.JPEG,n04613696,915,915,0.61881846,1,imagenet_c,defocus_blur,1,none
efficientnet_b4,ILSVRC2012_val_00013677.JPEG,n04613696,915,915,0.66967833,1,imagenet_c,defocus_blur,1,none
efficientnet_b4,ILSVRC2012_val_00014559.JPEG,n04613696,915,915,0.6564081,1,imagenet_c,defocus_blur,1,none
efficientnet_b4,ILSVRC2012_val_00014904.JPEG,n04613696,915,915,0.549184,1,imagenet_c,defocus_blur,1,none
efficientnet_b4,ILSVRC2012_val_00015593.JPEG,n04613696,915,915,0.703367,1,imagenet_c,defocus_blur,1,none
efficientnet_b4,ILSVRC2012_val_00016339.JPEG,n04613696,915,915,0.49078354,1,imagenet_c,defocus_blur,1,none
efficientnet_b4,ILSVRC2012_val_00016440.JPEG,n04613696,915,915,0.5348363,1,imagenet_c,defocus_blur,1,none
efficientnet_b4,ILSVRC2012_val_00016863.JPEG,n04613696,915,970,0.15252367,0,imagenet_c,defocus_blur,1,none
efficientnet_b4,ILSVRC2012_val_00018012.JPEG,n04613696,915,915,0.19062908,1,imagenet_c,defocus_blur,1,none
efficientnet_b4,ILSVRC2012_val_00018353.JPEG,n04613696,915,915,0.18534972,1,imagenet_c,defocus_blur,1,none
efficientnet_b4,ILSVRC2012_val_00018557.JPEG,n04613696,915,915,0.36702445,1,imagenet_c,defocus_blur,1,none
efficientnet_b4,ILSVRC2012_val_00019499.JPEG,n04613696,915,915,0.49070135,1,imagenet_c,defocus_blur,1,none
efficientnet_b4,ILSVRC2012_val_00020151.JPEG,n04613696,915,915,0.5091527,1,imagenet_c,defocus_blur,1,none
efficientnet_b4,ILSVRC2012_val_00021122.JPEG,n04613696,915,915,0.5774649,1,imagenet_c,defocus_blur,1,none
efficientnet_b4,ILSVRC2012_val_00022805.JPEG,n04613696,915,915,0.22944203,1,imagenet_c,defocus_blur,1,none
efficientnet_b4,ILSVRC2012_val_00022844.JPEG,n04613696,915,915,0.554394,1,imagenet_c,defocus_blur,1,none
efficientnet_b4,ILSVRC2012_val_00022898.JPEG,n04613696,915,915,0.6948863,1,imagenet_c,defocus_blur,1,none
efficientnet_b4,ILSVRC2012_val_00023809.JPEG,n04613696,915,915,0.5648089,1,imagenet_c,defocus_blur,1,none
efficientnet_b4,ILSVRC2012_val_00026625.JPEG,n04613696,915,915,0.5380011,1,imagenet_c,defocus_blur,1,none
efficientnet_b4,ILSVRC2012_val_00028896.JPEG,n04613696,915,915,0.32912084,1,imagenet_c,defocus_blur,1,none
efficientnet_b4,ILSVRC2012_val_00031257.JPEG,n04613696,915,915,0.6464471,1,imagenet_c,defocus_blur,1,none
efficientnet_b4,ILSVRC2012_val_00032256.JPEG,n04613696,915,915,0.18525822,1,imagenet_c,defocus_blur,1,none
efficientnet_b4,ILSVRC2012_val_00032292.JPEG,n04613696,915,915,0.50206715,1,imagenet_c,defocus_blur,1,none
efficientnet_b4,ILSVRC2012_val_00034462.JPEG,n04613696,915,915,0.54922783,1,imagenet_c,defocus_blur,1,none
efficientnet_b4,ILSVRC2012_val_00036300.JPEG,n04613696,915,915,0.48614648,1,imagenet_c,defocus_blur,1,none
efficientnet_b4,ILSVRC2012_val_00038908.JPEG,n04613696,915,915,0.60417193,1,imagenet_c,defocus_blur,1,none
efficientnet_b4,ILSVRC2012_val_00040654.JPEG,n04613696,915,915,0.3588053,1,imagenet_c,defocus_blur,1,none
efficientnet_b4,ILSVRC2012_val_00042354.JPEG,n04613696,915,915,0.43677518,1,imagenet_c,defocus_blur,1,none
efficientnet_b4,ILSVRC2012_val_00042870.JPEG,n04613696,915,915,0.5404271,1,imagenet_c,defocus_blur,1,none
efficientnet_b4,ILSVRC2012_val_00042945.JPEG,n04613696,915,34,0.054489035,0,imagenet_c,defocus_blur,1,none
efficientnet_b4,ILSVRC2012_val_00043345.JPEG,n04613696,915,915,0.40900803,1,imagenet_c,defocus_blur,1,none
efficientnet_b4,ILSVRC2012_val_00043612.JPEG,n04613696,915,915,0.17000934,1,imagenet_c,defocus_blur,1,none
efficientnet_b4,ILSVRC2012_val_00043804.JPEG,n04613696,915,915,0.5301845,1,imagenet_c,defocus_blur,1,none
efficientnet_b4,ILSVRC2012_val_00045121.JPEG,n04613696,915,915,0.3788395,1,imagenet_c,defocus_blur,1,none
efficientnet_b4,ILSVRC2012_val_00045840.JPEG,n04613696,915,915,0.64274037,1,imagenet_c,defocus_blur,1,none
efficientnet_b4,ILSVRC2012_val_00046272.JPEG,n04613696,915,915,0.55693924,1,imagenet_c,defocus_blur,1,none
efficientnet_b4,ILSVRC2012_val_00046573.JPEG,n04613696,915,915,0.37004587,1,imagenet_c,defocus_blur,1,none
efficientnet_b4,ILSVRC2012_val_00048968.JPEG,n04613696,915,915,0.6052907,1,imagenet_c,defocus_blur,1,none
efficientnet_b4,ILSVRC2012_val_00000830.JPEG,n06359193,916,916,0.6941053,1,imagenet_c,defocus_blur,1,none
efficientnet_b4,ILSVRC2012_val_00001396.JPEG,n06359193,916,916,0.65985286,1,imagenet_c,defocus_blur,1,none
efficientnet_b4,ILSVRC2012_val_00003371.JPEG,n06359193,916,916,0.39276043,1,imagenet_c,defocus_blur,1,none
efficientnet_b4,ILSVRC2012_val_00003720.JPEG,n06359193,916,916,0.5857628,1,imagenet_c,defocus_blur,1,none
efficientnet_b4,ILSVRC2012_val_00005200.JPEG,n06359193,916,916,0.53364444,1,imagenet_c,defocus_blur,1,none
efficientnet_b4,ILSVRC2012_val_00007421.JPEG,n06359193,916,916,0.77335286,1,imagenet_c,defocus_blur,1,none
efficientnet_b4,ILSVRC2012_val_00007560.JPEG,n06359193,916,916,0.1782043,1,imagenet_c,defocus_blur,1,none
efficientnet_b4,ILSVRC2012_val_00007699.JPEG,n06359193,916,916,0.63392156,1,imagenet_c,defocus_blur,1,none
efficientnet_b4,ILSVRC2012_val_00008262.JPEG,n06359193,916,446,0.10320306,0,imagenet_c,defocus_blur,1,none
efficientnet_b4,ILSVRC2012_val_00008516.JPEG,n06359193,916,916,0.6167537,1,imagenet_c,defocus_blur,1,none
efficientnet_b4,ILSVRC2012_val_00009368.JPEG,n06359193,916,916,0.7176568,1,imagenet_c,defocus_blur,1,none
efficientnet_b4,ILSVRC2012_val_00010553.JPEG,n06359193,916,916,0.42820692,1,imagenet_c,defocus_blur,1,none
efficientnet_b4,ILSVRC2012_val_00012068.JPEG,n06359193,916,916,0.71385014,1,imagenet_c,defocus_blur,1,none
efficientnet_b4,ILSVRC2012_val_00013312.JPEG,n06359193,916,916,0.44046947,1,imagenet_c,defocus_blur,1,none
efficientnet_b4,ILSVRC2012_val_00013443.JPEG,n06359193,916,916,0.63362855,1,imagenet_c,defocus_blur,1,none
efficientnet_b4,ILSVRC2012_val_00013721.JPEG,n06359193,916,916,0.7485726,1,imagenet_c,defocus_blur,1,none
efficientnet_b4,ILSVRC2012_val_00014501.JPEG,n06359193,916,916,0.23240012,1,imagenet_c,defocus_blur,1,none
efficientnet_b4,ILSVRC2012_val_00014905.JPEG,n06359193,916,916,0.4726108,1,imagenet_c,defocus_blur,1,none
efficientnet_b4,ILSVRC2012_val_00016099.JPEG,n06359193,916,916,0.6330781,1,imagenet_c,defocus_blur,1,none
efficientnet_b4,ILSVRC2012_val_00017740.JPEG,n06359193,916,916,0.73793554,1,imagenet_c,defocus_blur,1,none
efficientnet_b4,ILSVRC2012_val_00018429.JPEG,n06359193,916,916,0.7584099,1,imagenet_c,defocus_blur,1,none
efficientnet_b4,ILSVRC2012_val_00019037.JPEG,n06359193,916,916,0.5788657,1,imagenet_c,defocus_blur,1,none
efficientnet_b4,ILSVRC2012_val_00020836.JPEG,n06359193,916,485,0.20501494,0,imagenet_c,defocus_blur,1,none
efficientnet_b4,ILSVRC2012_val_00022114.JPEG,n06359193,916,916,0.37098712,1,imagenet_c,defocus_blur,1,none
efficientnet_b4,ILSVRC2012_val_00022255.JPEG,n06359193,916,916,0.49634877,1,imagenet_c,defocus_blur,1,none
efficientnet_b4,ILSVRC2012_val_00023565.JPEG,n06359193,916,916,0.5966731,1,imagenet_c,defocus_blur,1,none
efficientnet_b4,ILSVRC2012_val_00026231.JPEG,n06359193,916,916,0.41549277,1,imagenet_c,defocus_blur,1,none
efficientnet_b4,ILSVRC2012_val_00026544.JPEG,n06359193,916,916,0.7788924,1,imagenet_c,defocus_blur,1,none
efficientnet_b4,ILSVRC2012_val_00027509.JPEG,n06359193,916,916,0.6334592,1,imagenet_c,defocus_blur,1,none
efficientnet_b4,ILSVRC2012_val_00028287.JPEG,n06359193,916,916,0.7162242,1,imagenet_c,defocus_blur,1,none
efficientnet_b4,ILSVRC2012_val_00028582.JPEG,n06359193,916,916,0.2879218,1,imagenet_c,defocus_blur,1,none
efficientnet_b4,ILSVRC2012_val_00029011.JPEG,n06359193,916,916,0.6341787,1,imagenet_c,defocus_blur,1,none
efficientnet_b4,ILSVRC2012_val_00030085.JPEG,n06359193,916,916,0.43703127,1,imagenet_c,defocus_blur,1,none
efficientnet_b4,ILSVRC2012_val_00030198.JPEG,n06359193,916,916,0.73925066,1,imagenet_c,defocus_blur,1,none
efficientnet_b4,ILSVRC2012_val_00031228.JPEG,n06359193,916,916,0.4125235,1,imagenet_c,defocus_blur,1,none
efficientnet_b4,ILSVRC2012_val_00031344.JPEG,n06359193,916,916,0.6113259,1,imagenet_c,defocus_blur,1,none
efficientnet_b4,ILSVRC2012_val_00033223.JPEG,n06359193,916,916,0.5708722,1,imagenet_c,defocus_blur,1,none
efficientnet_b4,ILSVRC2012_val_00034607.JPEG,n06359193,916,916,0.88460153,1,imagenet_c,defocus_blur,1,none
efficientnet_b4,ILSVRC2012_val_00035672.JPEG,n06359193,916,916,0.6353859,1,imagenet_c,defocus_blur,1,none
efficientnet_b4,ILSVRC2012_val_00036311.JPEG,n06359193,916,916,0.6739202,1,imagenet_c,defocus_blur,1,none
efficientnet_b4,ILSVRC2012_val_00037598.JPEG,n06359193,916,916,0.43881488,1,imagenet_c,defocus_blur,1,none
efficientnet_b4,ILSVRC2012_val_00037687.JPEG,n06359193,916,917,0.2391311,0,imagenet_c,defocus_blur,1,none
efficientnet_b4,ILSVRC2012_val_00038322.JPEG,n06359193,916,916,0.63674176,1,imagenet_c,defocus_blur,1,none
efficientnet_b4,ILSVRC2012_val_00038492.JPEG,n06359193,916,916,0.727558,1,imagenet_c,defocus_blur,1,none
efficientnet_b4,ILSVRC2012_val_00040413.JPEG,n06359193,916,916,0.54466003,1,imagenet_c,defocus_blur,1,none
efficientnet_b4,ILSVRC2012_val_00042921.JPEG,n06359193,916,916,0.7447176,1,imagenet_c,defocus_blur,1,none
efficientnet_b4,ILSVRC2012_val_00044084.JPEG,n06359193,916,916,0.636661,1,imagenet_c,defocus_blur,1,none
efficientnet_b4,ILSVRC2012_val_00044133.JPEG,n06359193,916,916,0.7716014,1,imagenet_c,defocus_blur,1,none
efficientnet_b4,ILSVRC2012_val_00045546.JPEG,n06359193,916,916,0.6753784,1,imagenet_c,defocus_blur,1,none
efficientnet_b4,ILSVRC2012_val_00046896.JPEG,n06359193,916,916,0.5745649,1,imagenet_c,defocus_blur,1,none
efficientnet_b4,ILSVRC2012_val_00000985.JPEG,n06596364,917,917,0.61784875,1,imagenet_c,defocus_blur,1,none
efficientnet_b4,ILSVRC2012_val_00001019.JPEG,n06596364,917,335,0.38272762,0,imagenet_c,defocus_blur,1,none
efficientnet_b4,ILSVRC2012_val_00001561.JPEG,n06596364,917,917,0.48097694,1,imagenet_c,defocus_blur,1,none
efficientnet_b4,ILSVRC2012_val_00001606.JPEG,n06596364,917,865,0.45800075,0,imagenet_c,defocus_blur,1,none
efficientnet_b4,ILSVRC2012_val_00001613.JPEG,n06596364,917,582,0.12614603,0,imagenet_c,defocus_blur,1,none
efficientnet_b4,ILSVRC2012_val_00001725.JPEG,n06596364,917,917,0.532077,1,imagenet_c,defocus_blur,1,none
efficientnet_b4,ILSVRC2012_val_00003210.JPEG,n06596364,917,917,0.29345712,1,imagenet_c,defocus_blur,1,none
efficientnet_b4,ILSVRC2012_val_00003830.JPEG,n06596364,917,917,0.40453073,1,imagenet_c,defocus_blur,1,none
efficientnet_b4,ILSVRC2012_val_00004468.JPEG,n06596364,917,800,0.17980121,0,imagenet_c,defocus_blur,1,none
efficientnet_b4,ILSVRC2012_val_00005879.JPEG,n06596364,917,917,0.6064072,1,imagenet_c,defocus_blur,1,none
efficientnet_b4,ILSVRC2012_val_00007131.JPEG,n06596364,917,917,0.375566,1,imagenet_c,defocus_blur,1,none
efficientnet_b4,ILSVRC2012_val_00007624.JPEG,n06596364,917,917,0.41391334,1,imagenet_c,defocus_blur,1,none
efficientnet_b4,ILSVRC2012_val_00009053.JPEG,n06596364,917,917,0.14084873,1,imagenet_c,defocus_blur,1,none
efficientnet_b4,ILSVRC2012_val_00009212.JPEG,n06596364,917,917,0.09716609,1,imagenet_c,defocus_blur,1,none
efficientnet_b4,ILSVRC2012_val_00009851.JPEG,n06596364,917,917,0.47099695,1,imagenet_c,defocus_blur,1,none
efficientnet_b4,ILSVRC2012_val_00011285.JPEG,n06596364,917,917,0.31301022,1,imagenet_c,defocus_blur,1,none
efficientnet_b4,ILSVRC2012_val_00011310.JPEG,n06596364,917,917,0.63289344,1,imagenet_c,defocus_blur,1,none
efficientnet_b4,ILSVRC2012_val_00012581.JPEG,n06596364,917,692,0.13662814,0,imagenet_c,defocus_blur,1,none
efficientnet_b4,ILSVRC2012_val_00013975.JPEG,n06596364,917,917,0.6375651,1,imagenet_c,defocus_blur,1,none
efficientnet_b4,ILSVRC2012_val_00014214.JPEG,n06596364,917,917,0.55614626,1,imagenet_c,defocus_blur,1,none
efficientnet_b4,ILSVRC2012_val_00014976.JPEG,n06596364,917,917,0.30565786,1,imagenet_c,defocus_blur,1,none
efficientnet_b4,ILSVRC2012_val_00015655.JPEG,n06596364,917,413,0.5792145,0,imagenet_c,defocus_blur,1,none
efficientnet_b4,ILSVRC2012_val_00015828.JPEG,n06596364,917,720,0.09105906,0,imagenet_c,defocus_blur,1,none
efficientnet_b4,ILSVRC2012_val_00015936.JPEG,n06596364,917,599,0.33576578,0,imagenet_c,defocus_blur,1,none
efficientnet_b4,ILSVRC2012_val_00016900.JPEG,n06596364,917,917,0.53553814,1,imagenet_c,defocus_blur,1,none
efficientnet_b4,ILSVRC2012_val_00017365.JPEG,n06596364,917,865,0.15446016,0,imagenet_c,defocus_blur,1,none
efficientnet_b4,ILSVRC2012_val_00018766.JPEG,n06596364,917,611,0.21722376,0,imagenet_c,defocus_blur,1,none
efficientnet_b4,ILSVRC2012_val_00019952.JPEG,n06596364,917,917,0.62814814,1,imagenet_c,defocus_blur,1,none
efficientnet_b4,ILSVRC2012_val_00023395.JPEG,n06596364,917,917,0.52917075,1,imagenet_c,defocus_blur,1,none
efficientnet_b4,ILSVRC2012_val_00023397.JPEG,n06596364,917,917,0.36223388,1,imagenet_c,defocus_blur,1,none
efficientnet_b4,ILSVRC2012_val_00027754.JPEG,n06596364,917,917,0.28728846,1,imagenet_c,defocus_blur,1,none
efficientnet_b4,ILSVRC2012_val_00027894.JPEG,n06596364,917,582,0.20677274,0,imagenet_c,defocus_blur,1,none
efficientnet_b4,ILSVRC2012_val_00029708.JPEG,n06596364,917,917,0.40989843,1,imagenet_c,defocus_blur,1,none
efficientnet_b4,ILSVRC2012_val_00029846.JPEG,n06596364,917,917,0.4090855,1,imagenet_c,defocus_blur,1,none
efficientnet_b4,ILSVRC2012_val_00029912.JPEG,n06596364,917,917,0.6846585,1,imagenet_c,defocus_blur,1,none
efficientnet_b4,ILSVRC2012_val_00030390.JPEG,n06596364,917,766,0.27335227,0,imagenet_c,defocus_blur,1,none
efficientnet_b4,ILSVRC2012_val_00031081.JPEG,n06596364,917,917,0.10838771,1,imagenet_c,defocus_blur,1,none
efficientnet_b4,ILSVRC2012_val_00034905.JPEG,n06596364,917,454,0.105660066,0,imagenet_c,defocus_blur,1,none
efficientnet_b4,ILSVRC2012_val_00036390.JPEG,n06596364,917,917,0.47081035,1,imagenet_c,defocus_blur,1,none
efficientnet_b4,ILSVRC2012_val_00037140.JPEG,n06596364,917,917,0.22484517,1,imagenet_c,defocus_blur,1,none
efficientnet_b4,ILSVRC2012_val_00038551.JPEG,n06596364,917,917,0.5453174,1,imagenet_c,defocus_blur,1,none
efficientnet_b4,ILSVRC2012_val_00040030.JPEG,n06596364,917,917,0.19515279,1,imagenet_c,defocus_blur,1,none
efficientnet_b4,ILSVRC2012_val_00040324.JPEG,n06596364,917,917,0.36882502,1,imagenet_c,defocus_blur,1,none
efficientnet_b4,ILSVRC2012_val_00040692.JPEG,n06596364,917,917,0.086787924,1,imagenet_c,defocus_blur,1,none
efficientnet_b4,ILSVRC2012_val_00041662.JPEG,n06596364,917,917,0.6310157,1,imagenet_c,defocus_blur,1,none
efficientnet_b4,ILSVRC2012_val_00042591.JPEG,n06596364,917,917,0.107778884,1,imagenet_c,defocus_blur,1,none
efficientnet_b4,ILSVRC2012_val_00044310.JPEG,n06596364,917,865,0.3369033,0,imagenet_c,defocus_blur,1,none
efficientnet_b4,ILSVRC2012_val_00046379.JPEG,n06596364,917,917,0.42147115,1,imagenet_c,defocus_blur,1,none
efficientnet_b4,ILSVRC2012_val_00047005.JPEG,n06596364,917,865,0.15628059,0,imagenet_c,defocus_blur,1,none
efficientnet_b4,ILSVRC2012_val_00047158.JPEG,n06596364,917,917,0.54012865,1,imagenet_c,defocus_blur,1,none
efficientnet_b4,ILSVRC2012_val_00002362.JPEG,n06785654,918,918,0.70134634,1,imagenet_c,defocus_blur,1,none
efficientnet_b4,ILSVRC2012_val_00004597.JPEG,n06785654,918,918,0.7076033,1,imagenet_c,defocus_blur,1,none
efficientnet_b4,ILSVRC2012_val_00004799.JPEG,n06785654,918,918,0.7619148,1,imagenet_c,defocus_blur,1,none
efficientnet_b4,ILSVRC2012_val_00008683.JPEG,n06785654,918,918,0.119671784,1,imagenet_c,defocus_blur,1,none
efficientnet_b4,ILSVRC2012_val_00011264.JPEG,n06785654,918,918,0.6932395,1,imagenet_c,defocus_blur,1,none
efficientnet_b4,ILSVRC2012_val_00011536.JPEG,n06785654,918,692,0.12924181,0,imagenet_c,defocus_blur,1,none
efficientnet_b4,ILSVRC2012_val_00011956.JPEG,n06785654,918,769,0.21801499,0,imagenet_c,defocus_blur,1,none
efficientnet_b4,ILSVRC2012_val_00012126.JPEG,n06785654,918,918,0.6700427,1,imagenet_c,defocus_blur,1,none
efficientnet_b4,ILSVRC2012_val_00013792.JPEG,n06785654,918,918,0.64688003,1,imagenet_c,defocus_blur,1,none
efficientnet_b4,ILSVRC2012_val_00014638.JPEG,n06785654,918,918,0.7870879,1,imagenet_c,defocus_blur,1,none
efficientnet_b4,ILSVRC2012_val_00014764.JPEG,n06785654,918,918,0.33842897,1,imagenet_c,defocus_blur,1,none
efficientnet_b4,ILSVRC2012_val_00015668.JPEG,n06785654,918,700,0.0827766,0,imagenet_c,defocus_blur,1,none
efficientnet_b4,ILSVRC2012_val_00015949.JPEG,n06785654,918,918,0.7095398,1,imagenet_c,defocus_blur,1,none
efficientnet_b4,ILSVRC2012_val_00019808.JPEG,n06785654,918,918,0.71086097,1,imagenet_c,defocus_blur,1,none
efficientnet_b4,ILSVRC2012_val_00021240.JPEG,n06785654,918,918,0.7247243,1,imagenet_c,defocus_blur,1,none
efficientnet_b4,ILSVRC2012_val_00021462.JPEG,n06785654,918,918,0.59854347,1,imagenet_c,defocus_blur,1,none
efficientnet_b4,ILSVRC2012_val_00023037.JPEG,n06785654,918,918,0.63061196,1,imagenet_c,defocus_blur,1,none
efficientnet_b4,ILSVRC2012_val_00023409.JPEG,n06785654,918,918,0.71286345,1,imagenet_c,defocus_blur,1,none
efficientnet_b4,ILSVRC2012_val_00023715.JPEG,n06785654,918,918,0.7614801,1,imagenet_c,defocus_blur,1,none
efficientnet_b4,ILSVRC2012_val_00026787.JPEG,n06785654,918,851,0.06289043,0,imagenet_c,defocus_blur,1,none
efficientnet_b4,ILSVRC2012_val_00027470.JPEG,n06785654,918,918,0.6540699,1,imagenet_c,defocus_blur,1,none
efficientnet_b4,ILSVRC2012_val_00028095.JPEG,n06785654,918,918,0.60393935,1,imagenet_c,defocus_blur,1,none
efficientnet_b4,ILSVRC2012_val_00029344.JPEG,n06785654,918,918,0.6699883,1,imagenet_c,defocus_blur,1,none
efficientnet_b4,ILSVRC2012_val_00029715.JPEG,n06785654,918,749,0.0745141,0,imagenet_c,defocus_blur,1,none
efficientnet_b4,ILSVRC2012_val_00029867.JPEG,n06785654,918,918,0.6733225,1,imagenet_c,defocus_blur,1,none
efficientnet_b4,ILSVRC2012_val_00030903.JPEG,n06785654,918,918,0.6231095,1,imagenet_c,defocus_blur,1,none
efficientnet_b4,ILSVRC2012_val_00031021.JPEG,n06785654,918,918,0.7482297,1,imagenet_c,defocus_blur,1,none
efficientnet_b4,ILSVRC2012_val_00031495.JPEG,n06785654,918,918,0.6696731,1,imagenet_c,defocus_blur,1,none
efficientnet_b4,ILSVRC2012_val_00032458.JPEG,n06785654,918,918,0.42839444,1,imagenet_c,defocus_blur,1,none
efficientnet_b4,ILSVRC2012_val_00032607.JPEG,n06785654,918,918,0.5997807,1,imagenet_c,defocus_blur,1,none
efficientnet_b4,ILSVRC2012_val_00033135.JPEG,n06785654,918,916,0.11299695,0,imagenet_c,defocus_blur,1,none
efficientnet_b4,ILSVRC2012_val_00033417.JPEG,n06785654,918,918,0.63691187,1,imagenet_c,defocus_blur,1,none
efficientnet_b4,ILSVRC2012_val_00033741.JPEG,n06785654,918,918,0.6619302,1,imagenet_c,defocus_blur,1,none
efficientnet_b4,ILSVRC2012_val_00034101.JPEG,n06785654,918,721,0.12877399,0,imagenet_c,defocus_blur,1,none
efficientnet_b4,ILSVRC2012_val_00035273.JPEG,n06785654,918,830,0.2276121,0,imagenet_c,defocus_blur,1,none
efficientnet_b4,ILSVRC2012_val_00036669.JPEG,n06785654,918,504,0.20623016,0,imagenet_c,defocus_blur,1,none
efficientnet_b4,ILSVRC2012_val_00039765.JPEG,n06785654,918,918,0.8190762,1,imagenet_c,defocus_blur,1,none
efficientnet_b4,ILSVRC2012_val_00041680.JPEG,n06785654,918,720,0.08700485,0,imagenet_c,defocus_blur,1,none
efficientnet_b4,ILSVRC2012_val_00042236.JPEG,n06785654,918,918,0.495584,1,imagenet_c,defocus_blur,1,none
efficientnet_b4,ILSVRC2012_val_00042974.JPEG,n06785654,918,918,0.7584424,1,imagenet_c,defocus_blur,1,none
efficientnet_b4,ILSVRC2012_val_00043113.JPEG,n06785654,918,918,0.6892397,1,imagenet_c,defocus_blur,1,none
efficientnet_b4,ILSVRC2012_val_00043787.JPEG,n06785654,918,918,0.804953,1,imagenet_c,defocus_blur,1,none
efficientnet_b4,ILSVRC2012_val_00043879.JPEG,n06785654,918,918,0.6716311,1,imagenet_c,defocus_blur,1,none
efficientnet_b4,ILSVRC2012_val_00044860.JPEG,n06785654,918,918,0.6313751,1,imagenet_c,defocus_blur,1,none
efficientnet_b4,ILSVRC2012_val_00045904.JPEG,n06785654,918,918,0.57993406,1,imagenet_c,defocus_blur,1,none
efficientnet_b4,ILSVRC2012_val_00045918.JPEG,n06785654,918,922,0.4220662,0,imagenet_c,defocus_blur,1,none
efficientnet_b4,ILSVRC2012_val_00046723.JPEG,n06785654,918,419,0.086077906,0,imagenet_c,defocus_blur,1,none
efficientnet_b4,ILSVRC2012_val_00048683.JPEG,n06785654,918,918,0.6524455,1,imagenet_c,defocus_blur,1,none
efficientnet_b4,ILSVRC2012_val_00048996.JPEG,n06785654,918,918,0.70586723,1,imagenet_c,defocus_blur,1,none
efficientnet_b4,ILSVRC2012_val_00049084.JPEG,n06785654,918,918,0.69165224,1,imagenet_c,defocus_blur,1,none
efficientnet_b4,ILSVRC2012_val_00000903.JPEG,n06794110,919,919,0.5648343,1,imagenet_c,defocus_blur,1,none
efficientnet_b4,ILSVRC2012_val_00000995.JPEG,n06794110,919,919,0.6477606,1,imagenet_c,defocus_blur,1,none
efficientnet_b4,ILSVRC2012_val_00001376.JPEG,n06794110,919,919,0.32088104,1,imagenet_c,defocus_blur,1,none
efficientnet_b4,ILSVRC2012_val_00001518.JPEG,n06794110,919,704,0.17399333,0,imagenet_c,defocus_blur,1,none
efficientnet_b4,ILSVRC2012_val_00001650.JPEG,n06794110,919,608,0.49567604,0,imagenet_c,defocus_blur,1,none
efficientnet_b4,ILSVRC2012_val_00002788.JPEG,n06794110,919,919,0.6057277,1,imagenet_c,defocus_blur,1,none
efficientnet_b4,ILSVRC2012_val_00005428.JPEG,n06794110,919,919,0.5032236,1,imagenet_c,defocus_blur,1,none
efficientnet_b4,ILSVRC2012_val_00006637.JPEG,n06794110,919,919,0.3642028,1,imagenet_c,defocus_blur,1,none
efficientnet_b4,ILSVRC2012_val_00006785.JPEG,n06794110,919,919,0.19610618,1,imagenet_c,defocus_blur,1,none
efficientnet_b4,ILSVRC2012_val_00007567.JPEG,n06794110,919,660,0.21095587,0,imagenet_c,defocus_blur,1,none
efficientnet_b4,ILSVRC2012_val_00007671.JPEG,n06794110,919,514,0.29883003,0,imagenet_c,defocus_blur,1,none
efficientnet_b4,ILSVRC2012_val_00008991.JPEG,n06794110,919,919,0.12687679,1,imagenet_c,defocus_blur,1,none
efficientnet_b4,ILSVRC2012_val_00009438.JPEG,n06794110,919,919,0.49969727,1,imagenet_c,defocus_blur,1,none
efficientnet_b4,ILSVRC2012_val_00010726.JPEG,n06794110,919,919,0.5259194,1,imagenet_c,defocus_blur,1,none
efficientnet_b4,ILSVRC2012_val_00011160.JPEG,n06794110,919,919,0.45123088,1,imagenet_c,defocus_blur,1,none
efficientnet_b4,ILSVRC2012_val_00011435.JPEG,n06794110,919,728,0.046500325,0,imagenet_c,defocus_blur,1,none
efficientnet_b4,ILSVRC2012_val_00012162.JPEG,n06794110,919,919,0.16231714,1,imagenet_c,defocus_blur,1,none
efficientnet_b4,ILSVRC2012_val_00014864.JPEG,n06794110,919,919,0.03230912,1,imagenet_c,defocus_blur,1,none
efficientnet_b4,ILSVRC2012_val_00014999.JPEG,n06794110,919,919,0.45875868,1,imagenet_c,defocus_blur,1,none
efficientnet_b4,ILSVRC2012_val_00016997.JPEG,n06794110,919,919,0.6866559,1,imagenet_c,defocus_blur,1,none
efficientnet_b4,ILSVRC2012_val_00017401.JPEG,n06794110,919,919,0.57253766,1,imagenet_c,defocus_blur,1,none
efficientnet_b4,ILSVRC2012_val_00019897.JPEG,n06794110,919,919,0.5583809,1,imagenet_c,defocus_blur,1,none
efficientnet_b4,ILSVRC2012_val_00020350.JPEG,n06794110,919,626,0.15345366,0,imagenet_c,defocus_blur,1,none
efficientnet_b4,ILSVRC2012_val_00020618.JPEG,n06794110,919,919,0.5359122,1,imagenet_c,defocus_blur,1,none
efficientnet_b4,ILSVRC2012_val_00022416.JPEG,n06794110,919,919,0.31387344,1,imagenet_c,defocus_blur,1,none
efficientnet_b4,ILSVRC2012_val_00022817.JPEG,n06794110,919,919,0.27132672,1,imagenet_c,defocus_blur,1,none
efficientnet_b4,ILSVRC2012_val_00023720.JPEG,n06794110,919,919,0.18237107,1,imagenet_c,defocus_blur,1,none
efficientnet_b4,ILSVRC2012_val_00026619.JPEG,n06794110,919,919,0.18159623,1,imagenet_c,defocus_blur,1,none
efficientnet_b4,ILSVRC2012_val_00027215.JPEG,n06794110,919,919,0.31076366,1,imagenet_c,defocus_blur,1,none
efficientnet_b4,ILSVRC2012_val_00027438.JPEG,n06794110,919,919,0.56232697,1,imagenet_c,defocus_blur,1,none
efficientnet_b4,ILSVRC2012_val_00029079.JPEG,n06794110,919,703,0.04248801,0,imagenet_c,defocus_blur,1,none
efficientnet_b4,ILSVRC2012_val_00031351.JPEG,n06794110,919,919,0.2547859,1,imagenet_c,defocus_blur,1,none
efficientnet_b4,ILSVRC2012_val_00032268.JPEG,n06794110,919,919,0.21442819,1,imagenet_c,defocus_blur,1,none
efficientnet_b4,ILSVRC2012_val_00032281.JPEG,n06794110,919,576,0.04632043,0,imagenet_c,defocus_blur,1,none
efficientnet_b4,ILSVRC2012_val_00032412.JPEG,n06794110,919,781,0.070692636,0,imagenet_c,defocus_blur,1,none
efficientnet_b4,ILSVRC2012_val_00032477.JPEG,n06794110,919,919,0.27959955,1,imagenet_c,defocus_blur,1,none
efficientnet_b4,ILSVRC2012_val_00033131.JPEG,n06794110,919,781,0.08217807,0,imagenet_c,defocus_blur,1,none
efficientnet_b4,ILSVRC2012_val_00033325.JPEG,n06794110,919,919,0.043156303,1,imagenet_c,defocus_blur,1,none
efficientnet_b4,ILSVRC2012_val_00034107.JPEG,n06794110,919,600,0.13645071,0,imagenet_c,defocus_blur,1,none
efficientnet_b4,ILSVRC2012_val_00034625.JPEG,n06794110,919,919,0.6324524,1,imagenet_c,defocus_blur,1,none
efficientnet_b4,ILSVRC2012_val_00034781.JPEG,n06794110,919,919,0.38282317,1,imagenet_c,defocus_blur,1,none
efficientnet_b4,ILSVRC2012_val_00035022.JPEG,n06794110,919,480,0.10481991,0,imagenet_c,defocus_blur,1,none
efficientnet_b4,ILSVRC2012_val_00035300.JPEG,n06794110,919,571,0.10957704,0,imagenet_c,defocus_blur,1,none
efficientnet_b4,ILSVRC2012_val_00036374.JPEG,n06794110,919,919,0.44156304,1,imagenet_c,defocus_blur,1,none
efficientnet_b4,ILSVRC2012_val_00036822.JPEG,n06794110,919,919,0.3874797,1,imagenet_c,defocus_blur,1,none
efficientnet_b4,ILSVRC2012_val_00038530.JPEG,n06794110,919,919,0.41228303,1,imagenet_c,defocus_blur,1,none
efficientnet_b4,ILSVRC2012_val_00046475.JPEG,n06794110,919,442,0.033983175,0,imagenet_c,defocus_blur,1,none
efficientnet_b4,ILSVRC2012_val_00048139.JPEG,n06794110,919,919,0.35739425,1,imagenet_c,defocus_blur,1,none
efficientnet_b4,ILSVRC2012_val_00048795.JPEG,n06794110,919,693,0.37010545,0,imagenet_c,defocus_blur,1,none
efficientnet_b4,ILSVRC2012_val_00049982.JPEG,n06794110,919,919,0.22525825,1,imagenet_c,defocus_blur,1,none
efficientnet_b4,ILSVRC2012_val_00000274.JPEG,n06874185,920,475,0.04050714,0,imagenet_c,defocus_blur,1,none
efficientnet_b4,ILSVRC2012_val_00002675.JPEG,n06874185,920,920,0.56151694,1,imagenet_c,defocus_blur,1,none
efficientnet_b4,ILSVRC2012_val_00003209.JPEG,n06874185,920,880,0.18878353,0,imagenet_c,defocus_blur,1,none
efficientnet_b4,ILSVRC2012_val_00004646.JPEG,n06874185,920,920,0.23263966,1,imagenet_c,defocus_blur,1,none
efficientnet_b4,ILSVRC2012_val_00005152.JPEG,n06874185,920,862,0.027417239,0,imagenet_c,defocus_blur,1,none
efficientnet_b4,ILSVRC2012_val_00006593.JPEG,n06874185,920,779,0.37467456,0,imagenet_c,defocus_blur,1,none
efficientnet_b4,ILSVRC2012_val_00008101.JPEG,n06874185,920,920,0.17424738,1,imagenet_c,defocus_blur,1,none
efficientnet_b4,ILSVRC2012_val_00008817.JPEG,n06874185,920,920,0.6016596,1,imagenet_c,defocus_blur,1,none
efficientnet_b4,ILSVRC2012_val_00011588.JPEG,n06874185,920,920,0.599635,1,imagenet_c,defocus_blur,1,none
efficientnet_b4,ILSVRC2012_val_00012799.JPEG,n06874185,920,920,0.21366698,1,imagenet_c,defocus_blur,1,none
efficientnet_b4,ILSVRC2012_val_00017356.JPEG,n06874185,920,920,0.40511715,1,imagenet_c,defocus_blur,1,none
efficientnet_b4,ILSVRC2012_val_00018625.JPEG,n06874185,920,920,0.09199991,1,imagenet_c,defocus_blur,1,none
efficientnet_b4,ILSVRC2012_val_00020577.JPEG,n06874185,920,920,0.5864774,1,imagenet_c,defocus_blur,1,none
efficientnet_b4,ILSVRC2012_val_00021177.JPEG,n06874185,920,920,0.3528653,1,imagenet_c,defocus_blur,1,none
efficientnet_b4,ILSVRC2012_val_00021630.JPEG,n06874185,920,920,0.10845834,1,imagenet_c,defocus_blur,1,none
efficientnet_b4,ILSVRC2012_val_00022296.JPEG,n06874185,920,920,0.12903856,1,imagenet_c,defocus_blur,1,none
efficientnet_b4,ILSVRC2012_val_00022510.JPEG,n06874185,920,920,0.68763965,1,imagenet_c,defocus_blur,1,none
efficientnet_b4,ILSVRC2012_val_00023841.JPEG,n06874185,920,475,0.053822182,0,imagenet_c,defocus_blur,1,none
efficientnet_b4,ILSVRC2012_val_00024952.JPEG,n06874185,920,920,0.29082143,1,imagenet_c,defocus_blur,1,none
efficientnet_b4,ILSVRC2012_val_00025516.JPEG,n06874185,920,920,0.44032547,1,imagenet_c,defocus_blur,1,none
efficientnet_b4,ILSVRC2012_val_00025984.JPEG,n06874185,920,920,0.6757439,1,imagenet_c,defocus_blur,1,none
efficientnet_b4,ILSVRC2012_val_00026211.JPEG,n06874185,920,920,0.31244206,1,imagenet_c,defocus_blur,1,none
efficientnet_b4,ILSVRC2012_val_00027647.JPEG,n06874185,920,920,0.6837099,1,imagenet_c,defocus_blur,1,none
efficientnet_b4,ILSVRC2012_val_00029134.JPEG,n06874185,920,920,0.5521686,1,imagenet_c,defocus_blur,1,none
efficientnet_b4,ILSVRC2012_val_00030276.JPEG,n06874185,920,920,0.04167042,1,imagenet_c,defocus_blur,1,none
efficientnet_b4,ILSVRC2012_val_00031292.JPEG,n06874185,920,920,0.6806596,1,imagenet_c,defocus_blur,1,none
efficientnet_b4,ILSVRC2012_val_00031519.JPEG,n06874185,920,920,0.41011897,1,imagenet_c,defocus_blur,1,none
efficientnet_b4,ILSVRC2012_val_00032131.JPEG,n06874185,920,704,0.056736078,0,imagenet_c,defocus_blur,1,none
efficientnet_b4,ILSVRC2012_val_00032963.JPEG,n06874185,920,920,0.11097448,1,imagenet_c,defocus_blur,1,none
efficientnet_b4,ILSVRC2012_val_00035748.JPEG,n06874185,920,920,0.23565783,1,imagenet_c,defocus_blur,1,none
efficientnet_b4,ILSVRC2012_val_00036312.JPEG,n06874185,920,920,0.5665079,1,imagenet_c,defocus_blur,1,none
efficientnet_b4,ILSVRC2012_val_00037547.JPEG,n06874185,920,920,0.38673764,1,imagenet_c,defocus_blur,1,none
efficientnet_b4,ILSVRC2012_val_00037932.JPEG,n06874185,920,920,0.6671369,1,imagenet_c,defocus_blur,1,none
efficientnet_b4,ILSVRC2012_val_00038213.JPEG,n06874185,920,920,0.6397877,1,imagenet_c,defocus_blur,1,none
efficientnet_b4,ILSVRC2012_val_00038513.JPEG,n06874185,920,920,0.08859482,1,imagenet_c,defocus_blur,1,none
efficientnet_b4,ILSVRC2012_val_00039108.JPEG,n06874185,920,530,0.48609352,0,imagenet_c,defocus_blur,1,none
efficientnet_b4,ILSVRC2012_val_00039337.JPEG,n06874185,920,920,0.4000484,1,imagenet_c,defocus_blur,1,none
efficientnet_b4,ILSVRC2012_val_00040707.JPEG,n06874185,920,920,0.34864464,1,imagenet_c,defocus_blur,1,none
efficientnet_b4,ILSVRC2012_val_00041032.JPEG,n06874185,920,920,0.30266717,1,imagenet_c,defocus_blur,1,none
efficientnet_b4,ILSVRC2012_val_00041744.JPEG,n06874185,920,920,0.6284539,1,imagenet_c,defocus_blur,1,none
efficientnet_b4,ILSVRC2012_val_00044115.JPEG,n06874185,920,920,0.24822001,1,imagenet_c,defocus_blur,1,none
efficientnet_b4,ILSVRC2012_val_00044492.JPEG,n06874185,920,870,0.02838864,0,imagenet_c,defocus_blur,1,none
efficientnet_b4,ILSVRC2012_val_00044984.JPEG,n06874185,920,920,0.55163133,1,imagenet_c,defocus_blur,1,none
efficientnet_b4,ILSVRC2012_val_00045632.JPEG,n06874185,920,920,0.34633616,1,imagenet_c,defocus_blur,1,none
efficientnet_b4,ILSVRC2012_val_00045990.JPEG,n06874185,920,920,0.081308775,1,imagenet_c,defocus_blur,1,none
efficientnet_b4,ILSVRC2012_val_00047101.JPEG,n06874185,920,920,0.18415907,1,imagenet_c,defocus_blur,1,none
efficientnet_b4,ILSVRC2012_val_00047596.JPEG,n06874185,920,920,0.43158126,1,imagenet_c,defocus_blur,1,none
efficientnet_b4,ILSVRC2012_val_00047748.JPEG,n06874185,920,704,0.06892364,0,imagenet_c,defocus_blur,1,none
efficientnet_b4,ILSVRC2012_val_00048237.JPEG,n06874185,920,920,0.5317976,1,imagenet_c,defocus_blur,1,none
efficientnet_b4,ILSVRC2012_val_00048314.JPEG,n06874185,920,920,0.46385676,1,imagenet_c,defocus_blur,1,none
efficientnet_b4,ILSVRC2012_val_00000980.JPEG,n07248320,921,893,0.490487,0,imagenet_c,defocus_blur,1,none
efficientnet_b4,ILSVRC2012_val_00001619.JPEG,n07248320,921,413,0.13668095,0,imagenet_c,defocus_blur,1,none
efficientnet_b4,ILSVRC2012_val_00003313.JPEG,n07248320,921,921,0.42281273,1,imagenet_c,defocus_blur,1,none
efficientnet_b4,ILSVRC2012_val_00003594.JPEG,n07248320,921,453,0.17142396,0,imagenet_c,defocus_blur,1,none
efficientnet_b4,ILSVRC2012_val_00004738.JPEG,n07248320,921,493,0.14059618,0,imagenet_c,defocus_blur,1,none
efficientnet_b4,ILSVRC2012_val_00005253.JPEG,n07248320,921,921,0.11233284,1,imagenet_c,defocus_blur,1,none
efficientnet_b4,ILSVRC2012_val_00005455.JPEG,n07248320,921,921,0.16367806,1,imagenet_c,defocus_blur,1,none
efficientnet_b4,ILSVRC2012_val_00005464.JPEG,n07248320,921,921,0.3614153,1,imagenet_c,defocus_blur,1,none
efficientnet_b4,ILSVRC2012_val_00007521.JPEG,n07248320,921,917,0.35380632,0,imagenet_c,defocus_blur,1,none
efficientnet_b4,ILSVRC2012_val_00008799.JPEG,n07248320,921,917,0.22457434,0,imagenet_c,defocus_blur,1,none
efficientnet_b4,ILSVRC2012_val_00009121.JPEG,n07248320,921,917,0.17604178,0,imagenet_c,defocus_blur,1,none
efficientnet_b4,ILSVRC2012_val_00010338.JPEG,n07248320,921,692,0.10147287,0,imagenet_c,defocus_blur,1,none
efficientnet_b4,ILSVRC2012_val_00011080.JPEG,n07248320,921,709,0.13220328,0,imagenet_c,defocus_blur,1,none
efficientnet_b4,ILSVRC2012_val_00013139.JPEG,n07248320,921,921,0.426588,1,imagenet_c,defocus_blur,1,none
efficientnet_b4,ILSVRC2012_val_00013148.JPEG,n07248320,921,921,0.24523042,1,imagenet_c,defocus_blur,1,none
efficientnet_b4,ILSVRC2012_val_00013429.JPEG,n07248320,921,921,0.8282499,1,imagenet_c,defocus_blur,1,none
efficientnet_b4,ILSVRC2012_val_00013850.JPEG,n07248320,921,692,0.37823364,0,imagenet_c,defocus_blur,1,none
efficientnet_b4,ILSVRC2012_val_00014096.JPEG,n07248320,921,921,0.39204305,1,imagenet_c,defocus_blur,1,none
efficientnet_b4,ILSVRC2012_val_00014629.JPEG,n07248320,921,917,0.18750648,0,imagenet_c,defocus_blur,1,none
efficientnet_b4,ILSVRC2012_val_00019890.JPEG,n07248320,921,692,0.18024132,0,imagenet_c,defocus_blur,1,none
efficientnet_b4,ILSVRC2012_val_00019892.JPEG,n07248320,921,921,0.28445205,1,imagenet_c,defocus_blur,1,none
efficientnet_b4,ILSVRC2012_val_00021039.JPEG,n07248320,921,921,0.6345031,1,imagenet_c,defocus_blur,1,none
efficientnet_b4,ILSVRC2012_val_00021114.JPEG,n07248320,921,921,0.4600431,1,imagenet_c,defocus_blur,1,none
efficientnet_b4,ILSVRC2012_val_00021443.JPEG,n07248320,921,921,0.46080518,1,imagenet_c,defocus_blur,1,none
efficientnet_b4,ILSVRC2012_val_00022119.JPEG,n07248320,921,921,0.3979264,1,imagenet_c,defocus_blur,1,none
efficientnet_b4,ILSVRC2012_val_00023681.JPEG,n07248320,921,921,0.5092825,1,imagenet_c,defocus_blur,1,none
efficientnet_b4,ILSVRC2012_val_00025515.JPEG,n07248320,921,921,0.17708075,1,imagenet_c,defocus_blur,1,none
efficientnet_b4,ILSVRC2012_val_00027350.JPEG,n07248320,921,921,0.18868715,1,imagenet_c,defocus_blur,1,none
efficientnet_b4,ILSVRC2012_val_00027356.JPEG,n07248320,921,720,0.14302427,0,imagenet_c,defocus_blur,1,none
efficientnet_b4,ILSVRC2012_val_00027903.JPEG,n07248320,921,917,0.49993604,0,imagenet_c,defocus_blur,1,none
efficientnet_b4,ILSVRC2012_val_00030046.JPEG,n07248320,921,918,0.47783569,0,imagenet_c,defocus_blur,1,none
efficientnet_b4,ILSVRC2012_val_00030743.JPEG,n07248320,921,921,0.7552366,1,imagenet_c,defocus_blur,1,none
efficientnet_b4,ILSVRC2012_val_00032814.JPEG,n07248320,921,631,0.2226458,0,imagenet_c,defocus_blur,1,none
efficientnet_b4,ILSVRC2012_val_00033023.JPEG,n07248320,921,917,0.2536209,0,imagenet_c,defocus_blur,1,none
efficientnet_b4,ILSVRC2012_val_00034234.JPEG,n07248320,921,921,0.21599722,1,imagenet_c,defocus_blur,1,none
efficientnet_b4,ILSVRC2012_val_00034391.JPEG,n07248320,921,921,0.63510054,1,imagenet_c,defocus_blur,1,none
efficientnet_b4,ILSVRC2012_val_00034913.JPEG,n07248320,921,921,0.49345508,1,imagenet_c,defocus_blur,1,none
efficientnet_b4,ILSVRC2012_val_00035156.JPEG,n07248320,921,917,0.5199241,0,imagenet_c,defocus_blur,1,none
efficientnet_b4,ILSVRC2012_val_00036093.JPEG,n07248320,921,928,0.09211754,0,imagenet_c,defocus_blur,1,none
efficientnet_b4,ILSVRC2012_val_00037923.JPEG,n07248320,921,917,0.36244276,0,imagenet_c,defocus_blur,1,none
efficientnet_b4,ILSVRC2012_val_00038591.JPEG,n07248320,921,686,0.10712941,0,imagenet_c,defocus_blur,1,none
efficientnet_b4,ILSVRC2012_val_00038849.JPEG,n07248320,921,921,0.11006952,1,imagenet_c,defocus_blur,1,none
efficientnet_b4,ILSVRC2012_val_00039318.JPEG,n07248320,921,921,0.19341819,1,imagenet_c,defocus_blur,1,none
efficientnet_b4,ILSVRC2012_val_00040262.JPEG,n07248320,921,917,0.32104948,0,imagenet_c,defocus_blur,1,none
efficientnet_b4,ILSVRC2012_val_00041686.JPEG,n07248320,921,917,0.19353297,0,imagenet_c,defocus_blur,1,none
efficientnet_b4,ILSVRC2012_val_00045383.JPEG,n07248320,921,565,0.050781712,0,imagenet_c,defocus_blur,1,none
efficientnet_b4,ILSVRC2012_val_00046363.JPEG,n07248320,921,78,0.5738286,0,imagenet_c,defocus_blur,1,none
efficientnet_b4,ILSVRC2012_val_00047159.JPEG,n07248320,921,692,0.16193123,0,imagenet_c,defocus_blur,1,none
efficientnet_b4,ILSVRC2012_val_00049607.JPEG,n07248320,921,921,0.45413947,1,imagenet_c,defocus_blur,1,none
efficientnet_b4,ILSVRC2012_val_00049970.JPEG,n07248320,921,917,0.68034387,0,imagenet_c,defocus_blur,1,none
efficientnet_b4,ILSVRC2012_val_00000209.JPEG,n07565083,922,922,0.25269762,1,imagenet_c,defocus_blur,1,none
efficientnet_b4,ILSVRC2012_val_00001281.JPEG,n07565083,922,582,0.072659805,0,imagenet_c,defocus_blur,1,none
efficientnet_b4,ILSVRC2012_val_00001924.JPEG,n07565083,922,922,0.4733283,1,imagenet_c,defocus_blur,1,none
efficientnet_b4,ILSVRC2012_val_00002443.JPEG,n07565083,922,922,0.34486964,1,imagenet_c,defocus_blur,1,none
efficientnet_b4,ILSVRC2012_val_00003339.JPEG,n07565083,922,916,0.20907623,0,imagenet_c,defocus_blur,1,none
efficientnet_b4,ILSVRC2012_val_00005232.JPEG,n07565083,922,918,0.053362995,0,imagenet_c,defocus_blur,1,none
efficientnet_b4,ILSVRC2012_val_00006329.JPEG,n07565083,922,800,0.17023839,0,imagenet_c,defocus_blur,1,none
efficientnet_b4,ILSVRC2012_val_00006369.JPEG,n07565083,922,782,0.12724376,0,imagenet_c,defocus_blur,1,none
efficientnet_b4,ILSVRC2012_val_00010286.JPEG,n07565083,922,798,0.3898381,0,imagenet_c,defocus_blur,1,none
efficientnet_b4,ILSVRC2012_val_00010366.JPEG,n07565083,922,922,0.53875893,1,imagenet_c,defocus_blur,1,none
efficientnet_b4,ILSVRC2012_val_00010527.JPEG,n07565083,922,446,0.2652285,0,imagenet_c,defocus_blur,1,none
efficientnet_b4,ILSVRC2012_val_00011729.JPEG,n07565083,922,559,0.09472587,0,imagenet_c,defocus_blur,1,none
efficientnet_b4,ILSVRC2012_val_00011866.JPEG,n07565083,922,905,0.11049753,0,imagenet_c,defocus_blur,1,none
efficientnet_b4,ILSVRC2012_val_00012233.JPEG,n07565083,922,454,0.07300461,0,imagenet_c,defocus_blur,1,none
efficientnet_b4,ILSVRC2012_val_00016212.JPEG,n07565083,922,922,0.6256224,1,imagenet_c,defocus_blur,1,none
efficientnet_b4,ILSVRC2012_val_00017624.JPEG,n07565083,922,922,0.22427452,1,imagenet_c,defocus_blur,1,none
efficientnet_b4,ILSVRC2012_val_00018731.JPEG,n07565083,922,922,0.08723011,1,imagenet_c,defocus_blur,1,none
efficientnet_b4,ILSVRC2012_val_00018867.JPEG,n07565083,922,798,0.17531344,0,imagenet_c,defocus_blur,1,none
efficientnet_b4,ILSVRC2012_val_00019149.JPEG,n07565083,922,922,0.64431965,1,imagenet_c,defocus_blur,1,none
efficientnet_b4,ILSVRC2012_val_00021275.JPEG,n07565083,922,922,0.6364378,1,imagenet_c,defocus_blur,1,none
efficientnet_b4,ILSVRC2012_val_00021841.JPEG,n07565083,922,918,0.13496123,0,imagenet_c,defocus_blur,1,none
efficientnet_b4,ILSVRC2012_val_00022666.JPEG,n07565083,922,918,0.2975517,0,imagenet_c,defocus_blur,1,none
efficientnet_b4,ILSVRC2012_val_00024407.JPEG,n07565083,922,916,0.26545075,0,imagenet_c,defocus_blur,1,none
efficientnet_b4,ILSVRC2012_val_00024421.JPEG,n07565083,922,922,0.36942425,1,imagenet_c,defocus_blur,1,none
efficientnet_b4,ILSVRC2012_val_00026192.JPEG,n07565083,922,922,0.35677183,1,imagenet_c,defocus_blur,1,none
efficientnet_b4,ILSVRC2012_val_00026997.JPEG,n07565083,922,922,0.6355898,1,imagenet_c,defocus_blur,1,none
efficientnet_b4,ILSVRC2012_val_00027115.JPEG,n07565083,922,922,0.5466675,1,imagenet_c,defocus_blur,1,none
efficientnet_b4,ILSVRC2012_val_00028036.JPEG,n07565083,922,922,0.60319006,1,imagenet_c,defocus_blur,1,none
efficientnet_b4,ILSVRC2012_val_00028081.JPEG,n07565083,922,886,0.07469709,0,imagenet_c,defocus_blur,1,none
efficientnet_b4,ILSVRC2012_val_00028256.JPEG,n07565083,922,922,0.68338853,1,imagenet_c,defocus_blur,1,none
efficientnet_b4,ILSVRC2012_val_00031735.JPEG,n07565083,922,922,0.2628216,1,imagenet_c,defocus_blur,1,none
efficientnet_b4,ILSVRC2012_val_00034520.JPEG,n07565083,922,922,0.13719955,1,imagenet_c,defocus_blur,1,none
efficientnet_b4,ILSVRC2012_val_00036283.JPEG,n07565083,922,922,0.44513422,1,imagenet_c,defocus_blur,1,none
efficientnet_b4,ILSVRC2012_val_00037378.JPEG,n07565083,922,922,0.102678314,1,imagenet_c,defocus_blur,1,none
efficientnet_b4,ILSVRC2012_val_00037525.JPEG,n07565083,922,922,0.5342662,1,imagenet_c,defocus_blur,1,none
efficientnet_b4,ILSVRC2012_val_00038195.JPEG,n07565083,922,918,0.06882513,0,imagenet_c,defocus_blur,1,none
efficientnet_b4,ILSVRC2012_val_00039739.JPEG,n07565083,922,454,0.056682393,0,imagenet_c,defocus_blur,1,none
efficientnet_b4,ILSVRC2012_val_00040954.JPEG,n07565083,922,860,0.21676919,0,imagenet_c,defocus_blur,1,none
efficientnet_b4,ILSVRC2012_val_00041507.JPEG,n07565083,922,922,0.26156545,1,imagenet_c,defocus_blur,1,none
efficientnet_b4,ILSVRC2012_val_00042087.JPEG,n07565083,922,592,0.28769273,0,imagenet_c,defocus_blur,1,none
efficientnet_b4,ILSVRC2012_val_00042392.JPEG,n07565083,922,922,0.33406073,1,imagenet_c,defocus_blur,1,none
efficientnet_b4,ILSVRC2012_val_00043820.JPEG,n07565083,922,922,0.42215317,1,imagenet_c,defocus_blur,1,none
efficientnet_b4,ILSVRC2012_val_00044468.JPEG,n07565083,922,582,0.08564851,0,imagenet_c,defocus_blur,1,none
efficientnet_b4,ILSVRC2012_val_00045664.JPEG,n07565083,922,922,0.5659849,1,imagenet_c,defocus_blur,1,none
efficientnet_b4,ILSVRC2012_val_00046046.JPEG,n07565083,922,922,0.71869653,1,imagenet_c,defocus_blur,1,none
efficientnet_b4,ILSVRC2012_val_00046870.JPEG,n07565083,922,922,0.30249354,1,imagenet_c,defocus_blur,1,none
efficientnet_b4,ILSVRC2012_val_00047347.JPEG,n07565083,922,922,0.47565496,1,imagenet_c,defocus_blur,1,none
efficientnet_b4,ILSVRC2012_val_00048413.JPEG,n07565083,922,922,0.4681614,1,imagenet_c,defocus_blur,1,none
efficientnet_b4,ILSVRC2012_val_00048976.JPEG,n07565083,922,918,0.31022993,0,imagenet_c,defocus_blur,1,none
efficientnet_b4,ILSVRC2012_val_00049622.JPEG,n07565083,922,922,0.51185936,1,imagenet_c,defocus_blur,1,none
efficientnet_b4,ILSVRC2012_val_00001611.JPEG,n07579787,923,692,0.20076032,0,imagenet_c,defocus_blur,1,none
efficientnet_b4,ILSVRC2012_val_00002221.JPEG,n07579787,923,923,0.4726283,1,imagenet_c,defocus_blur,1,none
efficientnet_b4,ILSVRC2012_val_00002851.JPEG,n07579787,923,923,0.5205231,1,imagenet_c,defocus_blur,1,none
efficientnet_b4,ILSVRC2012_val_00003935.JPEG,n07579787,923,923,0.5845494,1,imagenet_c,defocus_blur,1,none
efficientnet_b4,ILSVRC2012_val_00004547.JPEG,n07579787,923,923,0.57520616,1,imagenet_c,defocus_blur,1,none
efficientnet_b4,ILSVRC2012_val_00005376.JPEG,n07579787,923,567,0.25399187,0,imagenet_c,defocus_blur,1,none
efficientnet_b4,ILSVRC2012_val_00007076.JPEG,n07579787,923,923,0.23820023,1,imagenet_c,defocus_blur,1,none
efficientnet_b4,ILSVRC2012_val_00007662.JPEG,n07579787,923,965,0.18832414,0,imagenet_c,defocus_blur,1,none
efficientnet_b4,ILSVRC2012_val_00009392.JPEG,n07579787,923,962,0.20027538,0,imagenet_c,defocus_blur,1,none
efficientnet_b4,ILSVRC2012_val_00010018.JPEG,n07579787,923,960,0.49427554,0,imagenet_c,defocus_blur,1,none
efficientnet_b4,ILSVRC2012_val_00010582.JPEG,n07579787,923,923,0.38390872,1,imagenet_c,defocus_blur,1,none
efficientnet_b4,ILSVRC2012_val_00010872.JPEG,n07579787,923,923,0.18548691,1,imagenet_c,defocus_blur,1,none
efficientnet_b4,ILSVRC2012_val_00010944.JPEG,n07579787,923,923,0.13014878,1,imagenet_c,defocus_blur,1,none
efficientnet_b4,ILSVRC2012_val_00013030.JPEG,n07579787,923,923,0.22670037,1,imagenet_c,defocus_blur,1,none
efficientnet_b4,ILSVRC2012_val_00013115.JPEG,n07579787,923,923,0.24539442,1,imagenet_c,defocus_blur,1,none
efficientnet_b4,ILSVRC2012_val_00013172.JPEG,n07579787,923,964,0.19870175,0,imagenet_c,defocus_blur,1,none
efficientnet_b4,ILSVRC2012_val_00013674.JPEG,n07579787,923,940,0.30460384,0,imagenet_c,defocus_blur,1,none
efficientnet_b4,ILSVRC2012_val_00014581.JPEG,n07579787,923,926,0.26221627,0,imagenet_c,defocus_blur,1,none
efficientnet_b4,ILSVRC2012_val_00015280.JPEG,n07579787,923,762,0.25928468,0,imagenet_c,defocus_blur,1,none
efficientnet_b4,ILSVRC2012_val_00016597.JPEG,n07579787,923,923,0.4912864,1,imagenet_c,defocus_blur,1,none
efficientnet_b4,ILSVRC2012_val_00017367.JPEG,n07579787,923,923,0.4966911,1,imagenet_c,defocus_blur,1,none
efficientnet_b4,ILSVRC2012_val_00020876.JPEG,n07579787,923,964,0.36188906,0,imagenet_c,defocus_blur,1,none
efficientnet_b4,ILSVRC2012_val_00021686.JPEG,n07579787,923,923,0.2099942,1,imagenet_c,defocus_blur,1,none
efficientnet_b4,ILSVRC2012_val_00021811.JPEG,n07579787,923,964,0.21211515,0,imagenet_c,defocus_blur,1,none
efficientnet_b4,ILSVRC2012_val_00022658.JPEG,n07579787,923,813,0.25594592,0,imagenet_c,defocus_blur,1,none
efficientnet_b4,ILSVRC2012_val_00023009.JPEG,n07579787,923,923,0.59139454,1,imagenet_c,defocus_blur,1,none
efficientnet_b4,ILSVRC2012_val_00024184.JPEG,n07579787,923,962,0.24647138,0,imagenet_c,defocus_blur,1,none
efficientnet_b4,ILSVRC2012_val_00026440.JPEG,n07579787,923,925,0.7005288,0,imagenet_c,defocus_blur,1,none
efficientnet_b4,ILSVRC2012_val_00027380.JPEG,n07579787,923,935,0.29410538,0,imagenet_c,defocus_blur,1,none
efficientnet_b4,ILSVRC2012_val_00027644.JPEG,n07579787,923,923,0.26912263,1,imagenet_c,defocus_blur,1,none
efficientnet_b4,ILSVRC2012_val_00028525.JPEG,n07579787,923,926,0.44485626,0,imagenet_c,defocus_blur,1,none
efficientnet_b4,ILSVRC2012_val_00030201.JPEG,n07579787,923,923,0.32311973,1,imagenet_c,defocus_blur,1,none
efficientnet_b4,ILSVRC2012_val_00030901.JPEG,n07579787,923,965,0.08296551,0,imagenet_c,defocus_blur,1,none
efficientnet_b4,ILSVRC2012_val_00031247.JPEG,n07579787,923,926,0.08085728,0,imagenet_c,defocus_blur,1,none
efficientnet_b4,ILSVRC2012_val_00031538.JPEG,n07579787,923,928,0.5178577,0,imagenet_c,defocus_blur,1,none
efficientnet_b4,ILSVRC2012_val_00032565.JPEG,n07579787,923,923,0.58516,1,imagenet_c,defocus_blur,1,none
efficientnet_b4,ILSVRC2012_val_00033117.JPEG,n07579787,923,923,0.7055821,1,imagenet_c,defocus_blur,1,none
efficientnet_b4,ILSVRC2012_val_00035678.JPEG,n07579787,923,925,0.24017088,0,imagenet_c,defocus_blur,1,none
efficientnet_b4,ILSVRC2012_val_00036329.JPEG,n07579787,923,923,0.3595034,1,imagenet_c,defocus_blur,1,none
efficientnet_b4,ILSVRC2012_val_00037095.JPEG,n07579787,923,923,0.40703022,1,imagenet_c,defocus_blur,1,none
efficientnet_b4,ILSVRC2012_val_00039992.JPEG,n07579787,923,987,0.20581873,0,imagenet_c,defocus_blur,1,none
efficientnet_b4,ILSVRC2012_val_00039997.JPEG,n07579787,923,923,0.40816355,1,imagenet_c,defocus_blur,1,none
efficientnet_b4,ILSVRC2012_val_00040373.JPEG,n07579787,923,926,0.29260296,0,imagenet_c,defocus_blur,1,none
efficientnet_b4,ILSVRC2012_val_00042408.JPEG,n07579787,923,923,0.17186569,1,imagenet_c,defocus_blur,1,none
efficientnet_b4,ILSVRC2012_val_00043088.JPEG,n07579787,923,712,0.090269156,0,imagenet_c,defocus_blur,1,none
efficientnet_b4,ILSVRC2012_val_00043499.JPEG,n07579787,923,925,0.59797895,0,imagenet_c,defocus_blur,1,none
efficientnet_b4,ILSVRC2012_val_00044790.JPEG,n07579787,923,965,0.278745,0,imagenet_c,defocus_blur,1,none
efficientnet_b4,ILSVRC2012_val_00045027.JPEG,n07579787,923,923,0.32312354,1,imagenet_c,defocus_blur,1,none
efficientnet_b4,ILSVRC2012_val_00046646.JPEG,n07579787,923,923,0.073339775,1,imagenet_c,defocus_blur,1,none
efficientnet_b4,ILSVRC2012_val_00049211.JPEG,n07579787,923,959,0.16385773,0,imagenet_c,defocus_blur,1,none
efficientnet_b4,ILSVRC2012_val_00000728.JPEG,n07583066,924,924,0.7707449,1,imagenet_c,defocus_blur,1,none
efficientnet_b4,ILSVRC2012_val_00000742.JPEG,n07583066,924,924,0.46657735,1,imagenet_c,defocus_blur,1,none
efficientnet_b4,ILSVRC2012_val_00000789.JPEG,n07583066,924,924,0.71720713,1,imagenet_c,defocus_blur,1,none
efficientnet_b4,ILSVRC2012_val_00001378.JPEG,n07583066,924,551,0.13076255,0,imagenet_c,defocus_blur,1,none
efficientnet_b4,ILSVRC2012_val_00001785.JPEG,n07583066,924,924,0.73389363,1,imagenet_c,defocus_blur,1,none
efficientnet_b4,ILSVRC2012_val_00002350.JPEG,n07583066,924,924,0.7002887,1,imagenet_c,defocus_blur,1,none
efficientnet_b4,ILSVRC2012_val_00004206.JPEG,n07583066,924,923,0.1213336,0,imagenet_c,defocus_blur,1,none
efficientnet_b4,ILSVRC2012_val_00005316.JPEG,n07583066,924,923,0.491098,0,imagenet_c,defocus_blur,1,none
efficientnet_b4,ILSVRC2012_val_00005468.JPEG,n07583066,924,923,0.17710069,0,imagenet_c,defocus_blur,1,none
efficientnet_b4,ILSVRC2012_val_00007475.JPEG,n07583066,924,924,0.4353665,1,imagenet_c,defocus_blur,1,none
efficientnet_b4,ILSVRC2012_val_00007582.JPEG,n07583066,924,962,0.23121506,0,imagenet_c,defocus_blur,1,none
efficientnet_b4,ILSVRC2012_val_00008062.JPEG,n07583066,924,924,0.63844305,1,imagenet_c,defocus_blur,1,none
efficientnet_b4,ILSVRC2012_val_00013427.JPEG,n07583066,924,924,0.60079193,1,imagenet_c,defocus_blur,1,none
efficientnet_b4,ILSVRC2012_val_00014307.JPEG,n07583066,924,924,0.34088305,1,imagenet_c,defocus_blur,1,none
efficientnet_b4,ILSVRC2012_val_00015522.JPEG,n07583066,924,924,0.3021364,1,imagenet_c,defocus_blur,1,none
efficientnet_b4,ILSVRC2012_val_00015678.JPEG,n07583066,924,926,0.30446348,0,imagenet_c,defocus_blur,1,none
efficientnet_b4,ILSVRC2012_val_00019926.JPEG,n07583066,924,924,0.2919297,1,imagenet_c,defocus_blur,1,none
efficientnet_b4,ILSVRC2012_val_00021554.JPEG,n07583066,924,924,0.6683832,1,imagenet_c,defocus_blur,1,none
efficientnet_b4,ILSVRC2012_val_00022262.JPEG,n07583066,924,924,0.4113373,1,imagenet_c,defocus_blur,1,none
efficientnet_b4,ILSVRC2012_val_00023444.JPEG,n07583066,924,924,0.7229799,1,imagenet_c,defocus_blur,1,none
efficientnet_b4,ILSVRC2012_val_00023899.JPEG,n07583066,924,923,0.29201055,0,imagenet_c,defocus_blur,1,none
efficientnet_b4,ILSVRC2012_val_00024611.JPEG,n07583066,924,924,0.29650417,1,imagenet_c,defocus_blur,1,none
efficientnet_b4,ILSVRC2012_val_00024633.JPEG,n07583066,924,969,0.066917114,0,imagenet_c,defocus_blur,1,none
efficientnet_b4,ILSVRC2012_val_00024912.JPEG,n07583066,924,924,0.4079,1,imagenet_c,defocus_blur,1,none
efficientnet_b4,ILSVRC2012_val_00026941.JPEG,n07583066,924,924,0.23399857,1,imagenet_c,defocus_blur,1,none
efficientnet_b4,ILSVRC2012_val_00027276.JPEG,n07583066,924,924,0.4489892,1,imagenet_c,defocus_blur,1,none
efficientnet_b4,ILSVRC2012_val_00027823.JPEG,n07583066,924,924,0.2753183,1,imagenet_c,defocus_blur,1,none
efficientnet_b4,ILSVRC2012_val_00027982.JPEG,n07583066,924,924,0.33760592,1,imagenet_c,defocus_blur,1,none
efficientnet_b4,ILSVRC2012_val_00028461.JPEG,n07583066,924,924,0.7174843,1,imagenet_c,defocus_blur,1,none
efficientnet_b4,ILSVRC2012_val_00028747.JPEG,n07583066,924,924,0.7750571,1,imagenet_c,defocus_blur,1,none
efficientnet_b4,ILSVRC2012_val_00029534.JPEG,n07583066,924,924,0.29713202,1,imagenet_c,defocus_blur,1,none
efficientnet_b4,ILSVRC2012_val_00030266.JPEG,n07583066,924,924,0.27579522,1,imagenet_c,defocus_blur,1,none
efficientnet_b4,ILSVRC2012_val_00031201.JPEG,n07583066,924,924,0.6667302,1,imagenet_c,defocus_blur,1,none
efficientnet_b4,ILSVRC2012_val_00032939.JPEG,n07583066,924,924,0.43369442,1,imagenet_c,defocus_blur,1,none
efficientnet_b4,ILSVRC2012_val_00034029.JPEG,n07583066,924,924,0.640772,1,imagenet_c,defocus_blur,1,none
efficientnet_b4,ILSVRC2012_val_00034162.JPEG,n07583066,924,924,0.7255829,1,imagenet_c,defocus_blur,1,none
efficientnet_b4,ILSVRC2012_val_00035481.JPEG,n07583066,924,924,0.23600511,1,imagenet_c,defocus_blur,1,none
efficientnet_b4,ILSVRC2012_val_00038089.JPEG,n07583066,924,666,0.7038163,0,imagenet_c,defocus_blur,1,none
efficientnet_b4,ILSVRC2012_val_00038420.JPEG,n07583066,924,924,0.5398016,1,imagenet_c,defocus_blur,1,none
efficientnet_b4,ILSVRC2012_val_00038540.JPEG,n07583066,924,926,0.23276077,0,imagenet_c,defocus_blur,1,none
efficientnet_b4,ILSVRC2012_val_00040141.JPEG,n07583066,924,924,0.44174808,1,imagenet_c,defocus_blur,1,none
efficientnet_b4,ILSVRC2012_val_00040685.JPEG,n07583066,924,922,0.47902367,0,imagenet_c,defocus_blur,1,none
efficientnet_b4,ILSVRC2012_val_00041753.JPEG,n07583066,924,924,0.42722946,1,imagenet_c,defocus_blur,1,none
efficientnet_b4,ILSVRC2012_val_00041996.JPEG,n07583066,924,924,0.68201655,1,imagenet_c,defocus_blur,1,none
efficientnet_b4,ILSVRC2012_val_00043380.JPEG,n07583066,924,924,0.76597536,1,imagenet_c,defocus_blur,1,none
efficientnet_b4,ILSVRC2012_val_00043744.JPEG,n07583066,924,924,0.57967407,1,imagenet_c,defocus_blur,1,none
efficientnet_b4,ILSVRC2012_val_00044691.JPEG,n07583066,924,924,0.56637496,1,imagenet_c,defocus_blur,1,none
efficientnet_b4,ILSVRC2012_val_00046731.JPEG,n07583066,924,924,0.6696133,1,imagenet_c,defocus_blur,1,none
efficientnet_b4,ILSVRC2012_val_00049358.JPEG,n07583066,924,924,0.6333327,1,imagenet_c,defocus_blur,1,none
efficientnet_b4,ILSVRC2012_val_00049361.JPEG,n07583066,924,924,0.33742368,1,imagenet_c,defocus_blur,1,none
efficientnet_b4,ILSVRC2012_val_00000267.JPEG,n07584110,925,959,0.44213623,0,imagenet_c,defocus_blur,1,none
efficientnet_b4,ILSVRC2012_val_00001308.JPEG,n07584110,925,925,0.5954154,1,imagenet_c,defocus_blur,1,none
efficientnet_b4,ILSVRC2012_val_00002605.JPEG,n07584110,925,925,0.72914344,1,imagenet_c,defocus_blur,1,none
efficientnet_b4,ILSVRC2012_val_00004000.JPEG,n07584110,925,926,0.17193194,0,imagenet_c,defocus_blur,1,none
efficientnet_b4,ILSVRC2012_val_00006602.JPEG,n07584110,925,925,0.36707926,1,imagenet_c,defocus_blur,1,none
efficientnet_b4,ILSVRC2012_val_00006798.JPEG,n07584110,925,925,0.7490143,1,imagenet_c,defocus_blur,1,none
efficientnet_b4,ILSVRC2012_val_00007094.JPEG,n07584110,925,925,0.6910458,1,imagenet_c,defocus_blur,1,none
efficientnet_b4,ILSVRC2012_val_00010659.JPEG,n07584110,925,925,0.79105276,1,imagenet_c,defocus_blur,1,none
efficientnet_b4,ILSVRC2012_val_00011392.JPEG,n07584110,925,923,0.23078905,0,imagenet_c,defocus_blur,1,none
efficientnet_b4,ILSVRC2012_val_00013104.JPEG,n07584110,925,925,0.6085574,1,imagenet_c,defocus_blur,1,none
efficientnet_b4,ILSVRC2012_val_00015125.JPEG,n07584110,925,925,0.35459253,1,imagenet_c,defocus_blur,1,none
efficientnet_b4,ILSVRC2012_val_00016359.JPEG,n07584110,925,925,0.62438804,1,imagenet_c,defocus_blur,1,none
efficientnet_b4,ILSVRC2012_val_00017524.JPEG,n07584110,925,925,0.7599842,1,imagenet_c,defocus_blur,1,none
efficientnet_b4,ILSVRC2012_val_00017820.JPEG,n07584110,925,925,0.49947923,1,imagenet_c,defocus_blur,1,none
efficientnet_b4,ILSVRC2012_val_00019915.JPEG,n07584110,925,925,0.5937399,1,imagenet_c,defocus_blur,1,none
efficientnet_b4,ILSVRC2012_val_00020385.JPEG,n07584110,925,78,0.50191236,0,imagenet_c,defocus_blur,1,none
efficientnet_b4,ILSVRC2012_val_00020503.JPEG,n07584110,925,925,0.7732368,1,imagenet_c,defocus_blur,1,none
efficientnet_b4,ILSVRC2012_val_00021021.JPEG,n07584110,925,925,0.7637054,1,imagenet_c,defocus_blur,1,none
efficientnet_b4,ILSVRC2012_val_00021669.JPEG,n07584110,925,925,0.23043352,1,imagenet_c,defocus_blur,1,none
efficientnet_b4,ILSVRC2012_val_00022102.JPEG,n07584110,925,959,0.2147279,0,imagenet_c,defocus_blur,1,none
efficientnet_b4,ILSVRC2012_val_00024355.JPEG,n07584110,925,926,0.20673054,0,imagenet_c,defocus_blur,1,none
efficientnet_b4,ILSVRC2012_val_00024528.JPEG,n07584110,925,925,0.7764761,1,imagenet_c,defocus_blur,1,none
efficientnet_b4,ILSVRC2012_val_00025228.JPEG,n07584110,925,925,0.84660745,1,imagenet_c,defocus_blur,1,none
efficientnet_b4,ILSVRC2012_val_00026066.JPEG,n07584110,925,969,0.30256486,0,imagenet_c,defocus_blur,1,none
efficientnet_b4,ILSVRC2012_val_00027048.JPEG,n07584110,925,926,0.44720104,0,imagenet_c,defocus_blur,1,none
efficientnet_b4,ILSVRC2012_val_00028538.JPEG,n07584110,925,925,0.83909565,1,imagenet_c,defocus_blur,1,none
efficientnet_b4,ILSVRC2012_val_00029665.JPEG,n07584110,925,925,0.7691232,1,imagenet_c,defocus_blur,1,none
efficientnet_b4,ILSVRC2012_val_00030584.JPEG,n07584110,925,926,0.3348759,0,imagenet_c,defocus_blur,1,none
efficientnet_b4,ILSVRC2012_val_00030817.JPEG,n07584110,925,965,0.24614628,0,imagenet_c,defocus_blur,1,none
efficientnet_b4,ILSVRC2012_val_00031301.JPEG,n07584110,925,969,0.16934578,0,imagenet_c,defocus_blur,1,none
efficientnet_b4,ILSVRC2012_val_00031813.JPEG,n07584110,925,925,0.5657367,1,imagenet_c,defocus_blur,1,none
efficientnet_b4,ILSVRC2012_val_00032205.JPEG,n07584110,925,922,0.4709825,0,imagenet_c,defocus_blur,1,none
efficientnet_b4,ILSVRC2012_val_00032735.JPEG,n07584110,925,925,0.6399994,1,imagenet_c,defocus_blur,1,none
efficientnet_b4,ILSVRC2012_val_00032882.JPEG,n07584110,925,960,0.34732917,0,imagenet_c,defocus_blur,1,none
efficientnet_b4,ILSVRC2012_val_00032909.JPEG,n07584110,925,925,0.6063508,1,imagenet_c,defocus_blur,1,none
efficientnet_b4,ILSVRC2012_val_00033921.JPEG,n07584110,925,925,0.30667883,1,imagenet_c,defocus_blur,1,none
efficientnet_b4,ILSVRC2012_val_00037217.JPEG,n07584110,925,925,0.67496824,1,imagenet_c,defocus_blur,1,none
efficientnet_b4,ILSVRC2012_val_00039755.JPEG,n07584110,925,925,0.65058047,1,imagenet_c,defocus_blur,1,none
efficientnet_b4,ILSVRC2012_val_00040293.JPEG,n07584110,925,969,0.30823687,0,imagenet_c,defocus_blur,1,none
efficientnet_b4,ILSVRC2012_val_00040476.JPEG,n07584110,925,925,0.43694493,1,imagenet_c,defocus_blur,1,none
efficientnet_b4,ILSVRC2012_val_00041589.JPEG,n07584110,925,959,0.62040156,0,imagenet_c,defocus_blur,1,none
efficientnet_b4,ILSVRC2012_val_00042492.JPEG,n07584110,925,925,0.50909466,1,imagenet_c,defocus_blur,1,none
efficientnet_b4,ILSVRC2012_val_00043718.JPEG,n07584110,925,925,0.56310517,1,imagenet_c,defocus_blur,1,none
efficientnet_b4,ILSVRC2012_val_00044910.JPEG,n07584110,925,925,0.5960444,1,imagenet_c,defocus_blur,1,none
efficientnet_b4,ILSVRC2012_val_00045324.JPEG,n07584110,925,551,0.13542861,0,imagenet_c,defocus_blur,1,none
efficientnet_b4,ILSVRC2012_val_00045765.JPEG,n07584110,925,925,0.4561109,1,imagenet_c,defocus_blur,1,none
efficientnet_b4,ILSVRC2012_val_00047665.JPEG,n07584110,925,923,0.12566835,0,imagenet_c,defocus_blur,1,none
efficientnet_b4,ILSVRC2012_val_00049325.JPEG,n07584110,925,925,0.6161113,1,imagenet_c,defocus_blur,1,none
efficientnet_b4,ILSVRC2012_val_00049366.JPEG,n07584110,925,925,0.37250105,1,imagenet_c,defocus_blur,1,none
efficientnet_b4,ILSVRC2012_val_00049527.JPEG,n07584110,925,925,0.2835536,1,imagenet_c,defocus_blur,1,none
efficientnet_b4,ILSVRC2012_val_00001512.JPEG,n07590611,926,926,0.8469432,1,imagenet_c,defocus_blur,1,none
efficientnet_b4,ILSVRC2012_val_00005941.JPEG,n07590611,926,926,0.38466802,1,imagenet_c,defocus_blur,1,none
efficientnet_b4,ILSVRC2012_val_00007171.JPEG,n07590611,926,926,0.52183753,1,imagenet_c,defocus_blur,1,none
efficientnet_b4,ILSVRC2012_val_00008053.JPEG,n07590611,926,926,0.30147445,1,imagenet_c,defocus_blur,1,none
efficientnet_b4,ILSVRC2012_val_00010005.JPEG,n07590611,926,926,0.4252665,1,imagenet_c,defocus_blur,1,none
efficientnet_b4,ILSVRC2012_val_00010069.JPEG,n07590611,926,926,0.7109696,1,imagenet_c,defocus_blur,1,none
efficientnet_b4,ILSVRC2012_val_00010841.JPEG,n07590611,926,927,0.35921386,0,imagenet_c,defocus_blur,1,none
efficientnet_b4,ILSVRC2012_val_00014121.JPEG,n07590611,926,926,0.39664307,1,imagenet_c,defocus_blur,1,none
efficientnet_b4,ILSVRC2012_val_00014796.JPEG,n07590611,926,926,0.7595269,1,imagenet_c,defocus_blur,1,none
efficientnet_b4,ILSVRC2012_val_00016617.JPEG,n07590611,926,926,0.27972618,1,imagenet_c,defocus_blur,1,none
efficientnet_b4,ILSVRC2012_val_00017494.JPEG,n07590611,926,926,0.76941556,1,imagenet_c,defocus_blur,1,none
efficientnet_b4,ILSVRC2012_val_00017723.JPEG,n07590611,926,926,0.8442018,1,imagenet_c,defocus_blur,1,none
efficientnet_b4,ILSVRC2012_val_00018486.JPEG,n07590611,926,926,0.12183333,1,imagenet_c,defocus_blur,1,none
efficientnet_b4,ILSVRC2012_val_00018892.JPEG,n07590611,926,926,0.2793591,1,imagenet_c,defocus_blur,1,none
efficientnet_b4,ILSVRC2012_val_00021894.JPEG,n07590611,926,926,0.5671464,1,imagenet_c,defocus_blur,1,none
efficientnet_b4,ILSVRC2012_val_00022265.JPEG,n07590611,926,926,0.43067148,1,imagenet_c,defocus_blur,1,none
efficientnet_b4,ILSVRC2012_val_00022369.JPEG,n07590611,926,926,0.42320475,1,imagenet_c,defocus_blur,1,none
efficientnet_b4,ILSVRC2012_val_00023110.JPEG,n07590611,926,582,0.14289662,0,imagenet_c,defocus_blur,1,none
efficientnet_b4,ILSVRC2012_val_00024668.JPEG,n07590611,926,926,0.5696428,1,imagenet_c,defocus_blur,1,none
efficientnet_b4,ILSVRC2012_val_00024997.JPEG,n07590611,926,926,0.22596057,1,imagenet_c,defocus_blur,1,none
efficientnet_b4,ILSVRC2012_val_00025045.JPEG,n07590611,926,926,0.49470636,1,imagenet_c,defocus_blur,1,none
efficientnet_b4,ILSVRC2012_val_00025881.JPEG,n07590611,926,926,0.4150788,1,imagenet_c,defocus_blur,1,none
efficientnet_b4,ILSVRC2012_val_00026099.JPEG,n07590611,926,926,0.33501184,1,imagenet_c,defocus_blur,1,none
efficientnet_b4,ILSVRC2012_val_00027821.JPEG,n07590611,926,926,0.2897576,1,imagenet_c,defocus_blur,1,none
efficientnet_b4,ILSVRC2012_val_00028398.JPEG,n07590611,926,926,0.81940186,1,imagenet_c,defocus_blur,1,none
efficientnet_b4,ILSVRC2012_val_00030972.JPEG,n07590611,926,926,0.6142979,1,imagenet_c,defocus_blur,1,none
efficientnet_b4,ILSVRC2012_val_00031352.JPEG,n07590611,926,926,0.7300269,1,imagenet_c,defocus_blur,1,none
efficientnet_b4,ILSVRC2012_val_00031682.JPEG,n07590611,926,544,0.341055,0,imagenet_c,defocus_blur,1,none
efficientnet_b4,ILSVRC2012_val_00032792.JPEG,n07590611,926,926,0.74487334,1,imagenet_c,defocus_blur,1,none
efficientnet_b4,ILSVRC2012_val_00036307.JPEG,n07590611,926,926,0.52626306,1,imagenet_c,defocus_blur,1,none
efficientnet_b4,ILSVRC2012_val_00036662.JPEG,n07590611,926,926,0.33632421,1,imagenet_c,defocus_blur,1,none
efficientnet_b4,ILSVRC2012_val_00037664.JPEG,n07590611,926,582,0.2772704,0,imagenet_c,defocus_blur,1,none
efficientnet_b4,ILSVRC2012_val_00037700.JPEG,n07590611,926,926,0.8913763,1,imagenet_c,defocus_blur,1,none
efficientnet_b4,ILSVRC2012_val_00038436.JPEG,n07590611,926,926,0.80340064,1,imagenet_c,defocus_blur,1,none
efficientnet_b4,ILSVRC2012_val_00038594.JPEG,n07590611,926,926,0.47231883,1,imagenet_c,defocus_blur,1,none
efficientnet_b4,ILSVRC2012_val_00038749.JPEG,n07590611,926,926,0.8230721,1,imagenet_c,defocus_blur,1,none
efficientnet_b4,ILSVRC2012_val_00038847.JPEG,n07590611,926,926,0.8727533,1,imagenet_c,defocus_blur,1,none
efficientnet_b4,ILSVRC2012_val_00038936.JPEG,n07590611,926,926,0.6361733,1,imagenet_c,defocus_blur,1,none
efficientnet_b4,ILSVRC2012_val_00039174.JPEG,n07590611,926,926,0.8166592,1,imagenet_c,defocus_blur,1,none
efficientnet_b4,ILSVRC2012_val_00040624.JPEG,n07590611,926,926,0.8183358,1,imagenet_c,defocus_blur,1,none
efficientnet_b4,ILSVRC2012_val_00041059.JPEG,n07590611,926,926,0.6872453,1,imagenet_c,defocus_blur,1,none
efficientnet_b4,ILSVRC2012_val_00041062.JPEG,n07590611,926,926,0.9091581,1,imagenet_c,defocus_blur,1,none
efficientnet_b4,ILSVRC2012_val_00043737.JPEG,n07590611,926,926,0.18642665,1,imagenet_c,defocus_blur,1,none
efficientnet_b4,ILSVRC2012_val_00044040.JPEG,n07590611,926,926,0.8501862,1,imagenet_c,defocus_blur,1,none
efficientnet_b4,ILSVRC2012_val_00044479.JPEG,n07590611,926,926,0.32022175,1,imagenet_c,defocus_blur,1,none
efficientnet_b4,ILSVRC2012_val_00045414.JPEG,n07590611,926,926,0.3559059,1,imagenet_c,defocus_blur,1,none
efficientnet_b4,ILSVRC2012_val_00046256.JPEG,n07590611,926,926,0.25764644,1,imagenet_c,defocus_blur,1,none
efficientnet_b4,ILSVRC2012_val_00047564.JPEG,n07590611,926,926,0.14152543,1,imagenet_c,defocus_blur,1,none
efficientnet_b4,ILSVRC2012_val_00049154.JPEG,n07590611,926,926,0.19171974,1,imagenet_c,defocus_blur,1,none
efficientnet_b4,ILSVRC2012_val_00049685.JPEG,n07590611,926,926,0.525773,1,imagenet_c,defocus_blur,1,none
efficientnet_b4,ILSVRC2012_val_00000620.JPEG,n07613480,927,927,0.6097014,1,imagenet_c,defocus_blur,1,none
efficientnet_b4,ILSVRC2012_val_00000928.JPEG,n07613480,927,927,0.5641032,1,imagenet_c,defocus_blur,1,none
efficientnet_b4,ILSVRC2012_val_00001793.JPEG,n07613480,927,927,0.5630871,1,imagenet_c,defocus_blur,1,none
efficientnet_b4,ILSVRC2012_val_00002270.JPEG,n07613480,927,969,0.47762385,0,imagenet_c,defocus_blur,1,none
efficientnet_b4,ILSVRC2012_val_00002380.JPEG,n07613480,927,927,0.6475037,1,imagenet_c,defocus_blur,1,none
efficientnet_b4,ILSVRC2012_val_00004874.JPEG,n07613480,927,927,0.5553897,1,imagenet_c,defocus_blur,1,none
efficientnet_b4,ILSVRC2012_val_00006755.JPEG,n07613480,927,927,0.6402953,1,imagenet_c,defocus_blur,1,none
efficientnet_b4,ILSVRC2012_val_00007496.JPEG,n07613480,927,927,0.68070334,1,imagenet_c,defocus_blur,1,none
efficientnet_b4,ILSVRC2012_val_00008465.JPEG,n07613480,927,927,0.40539593,1,imagenet_c,defocus_blur,1,none
efficientnet_b4,ILSVRC2012_val_00009187.JPEG,n07613480,927,927,0.455574,1,imagenet_c,defocus_blur,1,none
efficientnet_b4,ILSVRC2012_val_00009548.JPEG,n07613480,927,927,0.6367732,1,imagenet_c,defocus_blur,1,none
efficientnet_b4,ILSVRC2012_val_00009809.JPEG,n07613480,927,927,0.6315865,1,imagenet_c,defocus_blur,1,none
efficientnet_b4,ILSVRC2012_val_00010091.JPEG,n07613480,927,927,0.23740909,1,imagenet_c,defocus_blur,1,none
efficientnet_b4,ILSVRC2012_val_00011413.JPEG,n07613480,927,927,0.6020874,1,imagenet_c,defocus_blur,1,none
efficientnet_b4,ILSVRC2012_val_00012877.JPEG,n07613480,927,927,0.4107752,1,imagenet_c,defocus_blur,1,none
efficientnet_b4,ILSVRC2012_val_00015142.JPEG,n07613480,927,927,0.53430617,1,imagenet_c,defocus_blur,1,none
efficientnet_b4,ILSVRC2012_val_00015261.JPEG,n07613480,927,927,0.58335793,1,imagenet_c,defocus_blur,1,none
efficientnet_b4,ILSVRC2012_val_00015487.JPEG,n07613480,927,927,0.5502635,1,imagenet_c,defocus_blur,1,none
efficientnet_b4,ILSVRC2012_val_00019023.JPEG,n07613480,927,927,0.5210484,1,imagenet_c,defocus_blur,1,none
efficientnet_b4,ILSVRC2012_val_00019604.JPEG,n07613480,927,927,0.5496486,1,imagenet_c,defocus_blur,1,none
efficientnet_b4,ILSVRC2012_val_00019688.JPEG,n07613480,927,927,0.63802224,1,imagenet_c,defocus_blur,1,none
efficientnet_b4,ILSVRC2012_val_00022382.JPEG,n07613480,927,927,0.53218615,1,imagenet_c,defocus_blur,1,none
efficientnet_b4,ILSVRC2012_val_00024797.JPEG,n07613480,927,927,0.6873991,1,imagenet_c,defocus_blur,1,none
efficientnet_b4,ILSVRC2012_val_00024945.JPEG,n07613480,927,927,0.63280785,1,imagenet_c,defocus_blur,1,none
efficientnet_b4,ILSVRC2012_val_00026272.JPEG,n07613480,927,927,0.47318634,1,imagenet_c,defocus_blur,1,none
efficientnet_b4,ILSVRC2012_val_00026853.JPEG,n07613480,927,927,0.6454307,1,imagenet_c,defocus_blur,1,none
efficientnet_b4,ILSVRC2012_val_00027653.JPEG,n07613480,927,927,0.62660563,1,imagenet_c,defocus_blur,1,none
efficientnet_b4,ILSVRC2012_val_00028168.JPEG,n07613480,927,927,0.58232415,1,imagenet_c,defocus_blur,1,none
efficientnet_b4,ILSVRC2012_val_00028552.JPEG,n07613480,927,927,0.65770626,1,imagenet_c,defocus_blur,1,none
efficientnet_b4,ILSVRC2012_val_00029332.JPEG,n07613480,927,927,0.5251366,1,imagenet_c,defocus_blur,1,none
efficientnet_b4,ILSVRC2012_val_00029614.JPEG,n07613480,927,927,0.5605916,1,imagenet_c,defocus_blur,1,none
efficientnet_b4,ILSVRC2012_val_00031778.JPEG,n07613480,927,927,0.49181154,1,imagenet_c,defocus_blur,1,none
efficientnet_b4,ILSVRC2012_val_00032486.JPEG,n07613480,927,927,0.4656443,1,imagenet_c,defocus_blur,1,none
efficientnet_b4,ILSVRC2012_val_00033572.JPEG,n07613480,927,927,0.55310285,1,imagenet_c,defocus_blur,1,none
efficientnet_b4,ILSVRC2012_val_00034398.JPEG,n07613480,927,927,0.47189355,1,imagenet_c,defocus_blur,1,none
efficientnet_b4,ILSVRC2012_val_00035917.JPEG,n07613480,927,969,0.292694,0,imagenet_c,defocus_blur,1,none
efficientnet_b4,ILSVRC2012_val_00036446.JPEG,n07613480,927,927,0.5269596,1,imagenet_c,defocus_blur,1,none
efficientnet_b4,ILSVRC2012_val_00037294.JPEG,n07613480,927,927,0.567766,1,imagenet_c,defocus_blur,1,none
efficientnet_b4,ILSVRC2012_val_00038412.JPEG,n07613480,927,927,0.67334026,1,imagenet_c,defocus_blur,1,none
efficientnet_b4,ILSVRC2012_val_00039104.JPEG,n07613480,927,927,0.5594576,1,imagenet_c,defocus_blur,1,none
efficientnet_b4,ILSVRC2012_val_00040577.JPEG,n07613480,927,927,0.59398097,1,imagenet_c,defocus_blur,1,none
efficientnet_b4,ILSVRC2012_val_00041602.JPEG,n07613480,927,927,0.58971125,1,imagenet_c,defocus_blur,1,none
efficientnet_b4,ILSVRC2012_val_00042963.JPEG,n07613480,927,927,0.4237481,1,imagenet_c,defocus_blur,1,none
efficientnet_b4,ILSVRC2012_val_00043617.JPEG,n07613480,927,927,0.5768605,1,imagenet_c,defocus_blur,1,none
efficientnet_b4,ILSVRC2012_val_00044243.JPEG,n07613480,927,927,0.54497004,1,imagenet_c,defocus_blur,1,none
efficientnet_b4,ILSVRC2012_val_00044255.JPEG,n07613480,927,503,0.47482988,0,imagenet_c,defocus_blur,1,none
efficientnet_b4,ILSVRC2012_val_00044857.JPEG,n07613480,927,927,0.61684394,1,imagenet_c,defocus_blur,1,none
efficientnet_b4,ILSVRC2012_val_00045426.JPEG,n07613480,927,927,0.4945516,1,imagenet_c,defocus_blur,1,none
efficientnet_b4,ILSVRC2012_val_00045810.JPEG,n07613480,927,927,0.6079676,1,imagenet_c,defocus_blur,1,none
efficientnet_b4,ILSVRC2012_val_00048171.JPEG,n07613480,927,927,0.6193399,1,imagenet_c,defocus_blur,1,none
efficientnet_b4,ILSVRC2012_val_00000574.JPEG,n07614500,928,927,0.65330416,0,imagenet_c,defocus_blur,1,none
efficientnet_b4,ILSVRC2012_val_00001233.JPEG,n07614500,928,928,0.33209157,1,imagenet_c,defocus_blur,1,none
efficientnet_b4,ILSVRC2012_val_00001415.JPEG,n07614500,928,960,0.51326627,0,imagenet_c,defocus_blur,1,none
efficientnet_b4,ILSVRC2012_val_00003592.JPEG,n07614500,928,960,0.34812084,0,imagenet_c,defocus_blur,1,none
efficientnet_b4,ILSVRC2012_val_00004289.JPEG,n07614500,928,928,0.30554458,1,imagenet_c,defocus_blur,1,none
efficientnet_b4,ILSVRC2012_val_00004495.JPEG,n07614500,928,928,0.30654302,1,imagenet_c,defocus_blur,1,none
efficientnet_b4,ILSVRC2012_val_00004529.JPEG,n07614500,928,923,0.27755266,0,imagenet_c,defocus_blur,1,none
efficientnet_b4,ILSVRC2012_val_00006126.JPEG,n07614500,928,470,0.093724005,0,imagenet_c,defocus_blur,1,none
efficientnet_b4,ILSVRC2012_val_00006749.JPEG,n07614500,928,928,0.62503344,1,imagenet_c,defocus_blur,1,none
efficientnet_b4,ILSVRC2012_val_00006914.JPEG,n07614500,928,928,0.23817761,1,imagenet_c,defocus_blur,1,none
efficientnet_b4,ILSVRC2012_val_00008264.JPEG,n07614500,928,930,0.1380117,0,imagenet_c,defocus_blur,1,none
efficientnet_b4,ILSVRC2012_val_00008598.JPEG,n07614500,928,928,0.58459955,1,imagenet_c,defocus_blur,1,none
efficientnet_b4,ILSVRC2012_val_00009969.JPEG,n07614500,928,930,0.13371219,0,imagenet_c,defocus_blur,1,none
efficientnet_b4,ILSVRC2012_val_00012292.JPEG,n07614500,928,960,0.49702895,0,imagenet_c,defocus_blur,1,none
efficientnet_b4,ILSVRC2012_val_00014137.JPEG,n07614500,928,969,0.39441985,0,imagenet_c,defocus_blur,1,none
efficientnet_b4,ILSVRC2012_val_00014743.JPEG,n07614500,928,927,0.3154242,0,imagenet_c,defocus_blur,1,none
efficientnet_b4,ILSVRC2012_val_00015354.JPEG,n07614500,928,928,0.30986834,1,imagenet_c,defocus_blur,1,none
efficientnet_b4,ILSVRC2012_val_00017575.JPEG,n07614500,928,962,0.49393153,0,imagenet_c,defocus_blur,1,none
efficientnet_b4,ILSVRC2012_val_00017695.JPEG,n07614500,928,969,0.28074372,0,imagenet_c,defocus_blur,1,none
efficientnet_b4,ILSVRC2012_val_00018086.JPEG,n07614500,928,969,0.4081977,0,imagenet_c,defocus_blur,1,none
efficientnet_b4,ILSVRC2012_val_00020294.JPEG,n07614500,928,935,0.1297102,0,imagenet_c,defocus_blur,1,none
efficientnet_b4,ILSVRC2012_val_00022417.JPEG,n07614500,928,927,0.31109196,0,imagenet_c,defocus_blur,1,none
efficientnet_b4,ILSVRC2012_val_00024640.JPEG,n07614500,928,995,0.14214507,0,imagenet_c,defocus_blur,1,none
efficientnet_b4,ILSVRC2012_val_00025209.JPEG,n07614500,928,935,0.33608115,0,imagenet_c,defocus_blur,1,none
efficientnet_b4,ILSVRC2012_val_00027105.JPEG,n07614500,928,928,0.08140093,1,imagenet_c,defocus_blur,1,none
efficientnet_b4,ILSVRC2012_val_00028064.JPEG,n07614500,928,927,0.45645413,0,imagenet_c,defocus_blur,1,none
efficientnet_b4,ILSVRC2012_val_00029547.JPEG,n07614500,928,960,0.34315738,0,imagenet_c,defocus_blur,1,none
efficientnet_b4,ILSVRC2012_val_00030615.JPEG,n07614500,928,923,0.1447632,0,imagenet_c,defocus_blur,1,none
efficientnet_b4,ILSVRC2012_val_00030846.JPEG,n07614500,928,928,0.16827491,1,imagenet_c,defocus_blur,1,none
efficientnet_b4,ILSVRC2012_val_00031158.JPEG,n07614500,928,960,0.13946834,0,imagenet_c,defocus_blur,1,none
efficientnet_b4,ILSVRC2012_val_00031184.JPEG,n07614500,928,584,0.4481725,0,imagenet_c,defocus_blur,1,none
efficientnet_b4,ILSVRC2012_val_00034087.JPEG,n07614500,928,928,0.22689807,1,imagenet_c,defocus_blur,1,none
efficientnet_b4,ILSVRC2012_val_00034189.JPEG,n07614500,928,960,0.49427554,0,imagenet_c,defocus_blur,1,none
efficientnet_b4,ILSVRC2012_val_00035076.JPEG,n07614500,928,923,0.4310869,0,imagenet_c,defocus_blur,1,none
efficientnet_b4,ILSVRC2012_val_00037496.JPEG,n07614500,928,928,0.87198615,1,imagenet_c,defocus_blur,1,none
efficientnet_b4,ILSVRC2012_val_00038691.JPEG,n07614500,928,116,0.19949442,0,imagenet_c,defocus_blur,1,none
efficientnet_b4,ILSVRC2012_val_00038820.JPEG,n07614500,928,927,0.41606638,0,imagenet_c,defocus_blur,1,none
efficientnet_b4,ILSVRC2012_val_00038852.JPEG,n07614500,928,928,0.2952203,1,imagenet_c,defocus_blur,1,none
efficientnet_b4,ILSVRC2012_val_00039323.JPEG,n07614500,928,960,0.1890257,0,imagenet_c,defocus_blur,1,none
efficientnet_b4,ILSVRC2012_val_00039379.JPEG,n07614500,928,960,0.6538982,0,imagenet_c,defocus_blur,1,none
efficientnet_b4,ILSVRC2012_val_00040067.JPEG,n07614500,928,927,0.13312955,0,imagenet_c,defocus_blur,1,none
efficientnet_b4,ILSVRC2012_val_00041321.JPEG,n07614500,928,928,0.090155646,1,imagenet_c,defocus_blur,1,none
efficientnet_b4,ILSVRC2012_val_00042011.JPEG,n07614500,928,928,0.6093844,1,imagenet_c,defocus_blur,1,none
efficientnet_b4,ILSVRC2012_val_00042649.JPEG,n07614500,928,927,0.28476188,0,imagenet_c,defocus_blur,1,none
efficientnet_b4,ILSVRC2012_val_00044555.JPEG,n07614500,928,743,0.115550585,0,imagenet_c,defocus_blur,1,none
efficientnet_b4,ILSVRC2012_val_00046528.JPEG,n07614500,928,960,0.41050503,0,imagenet_c,defocus_blur,1,none
efficientnet_b4,ILSVRC2012_val_00046813.JPEG,n07614500,928,964,0.40832028,0,imagenet_c,defocus_blur,1,none
efficientnet_b4,ILSVRC2012_val_00047647.JPEG,n07614500,928,928,0.24215686,1,imagenet_c,defocus_blur,1,none
efficientnet_b4,ILSVRC2012_val_00049702.JPEG,n07614500,928,800,0.1668915,0,imagenet_c,defocus_blur,1,none
efficientnet_b4,ILSVRC2012_val_00049832.JPEG,n07614500,928,927,0.21481772,0,imagenet_c,defocus_blur,1,none
efficientnet_b4,ILSVRC2012_val_00002619.JPEG,n07615774,929,443,0.091164954,0,imagenet_c,defocus_blur,1,none
efficientnet_b4,ILSVRC2012_val_00002972.JPEG,n07615774,929,929,0.7628286,1,imagenet_c,defocus_blur,1,none
efficientnet_b4,ILSVRC2012_val_00003362.JPEG,n07615774,929,929,0.5680595,1,imagenet_c,defocus_blur,1,none
efficientnet_b4,ILSVRC2012_val_00003471.JPEG,n07615774,929,813,0.56304544,0,imagenet_c,defocus_blur,1,none
efficientnet_b4,ILSVRC2012_val_00003591.JPEG,n07615774,929,684,0.06759569,0,imagenet_c,defocus_blur,1,none
efficientnet_b4,ILSVRC2012_val_00003932.JPEG,n07615774,929,929,0.5160161,1,imagenet_c,defocus_blur,1,none
efficientnet_b4,ILSVRC2012_val_00008556.JPEG,n07615774,929,929,0.504517,1,imagenet_c,defocus_blur,1,none
efficientnet_b4,ILSVRC2012_val_00008864.JPEG,n07615774,929,731,0.60931814,0,imagenet_c,defocus_blur,1,none
efficientnet_b4,ILSVRC2012_val_00009776.JPEG,n07615774,929,929,0.7229508,1,imagenet_c,defocus_blur,1,none
efficientnet_b4,ILSVRC2012_val_00015095.JPEG,n07615774,929,929,0.15381157,1,imagenet_c,defocus_blur,1,none
efficientnet_b4,ILSVRC2012_val_00015454.JPEG,n07615774,929,912,0.17235778,0,imagenet_c,defocus_blur,1,none
efficientnet_b4,ILSVRC2012_val_00017249.JPEG,n07615774,929,902,0.445252,0,imagenet_c,defocus_blur,1,none
efficientnet_b4,ILSVRC2012_val_00018091.JPEG,n07615774,929,683,0.16114196,0,imagenet_c,defocus_blur,1,none
efficientnet_b4,ILSVRC2012_val_00018588.JPEG,n07615774,929,929,0.62436986,1,imagenet_c,defocus_blur,1,none
efficientnet_b4,ILSVRC2012_val_00019985.JPEG,n07615774,929,929,0.47690022,1,imagenet_c,defocus_blur,1,none
efficientnet_b4,ILSVRC2012_val_00020378.JPEG,n07615774,929,929,0.52287346,1,imagenet_c,defocus_blur,1,none
efficientnet_b4,ILSVRC2012_val_00020614.JPEG,n07615774,929,929,0.17702569,1,imagenet_c,defocus_blur,1,none
efficientnet_b4,ILSVRC2012_val_00020656.JPEG,n07615774,929,929,0.51809454,1,imagenet_c,defocus_blur,1,none
efficientnet_b4,ILSVRC2012_val_00021643.JPEG,n07615774,929,929,0.22838126,1,imagenet_c,defocus_blur,1,none
efficientnet_b4,ILSVRC2012_val_00021694.JPEG,n07615774,929,929,0.23296659,1,imagenet_c,defocus_blur,1,none
efficientnet_b4,ILSVRC2012_val_00021731.JPEG,n07615774,929,644,0.2248746,0,imagenet_c,defocus_blur,1,none
efficientnet_b4,ILSVRC2012_val_00023996.JPEG,n07615774,929,929,0.64511013,1,imagenet_c,defocus_blur,1,none
efficientnet_b4,ILSVRC2012_val_00024265.JPEG,n07615774,929,929,0.13420102,1,imagenet_c,defocus_blur,1,none
efficientnet_b4,ILSVRC2012_val_00024443.JPEG,n07615774,929,699,0.31152523,0,imagenet_c,defocus_blur,1,none
efficientnet_b4,ILSVRC2012_val_00025143.JPEG,n07615774,929,929,0.13892716,1,imagenet_c,defocus_blur,1,none
efficientnet_b4,ILSVRC2012_val_00027222.JPEG,n07615774,929,929,0.55490893,1,imagenet_c,defocus_blur,1,none
efficientnet_b4,ILSVRC2012_val_00028426.JPEG,n07615774,929,929,0.18969257,1,imagenet_c,defocus_blur,1,none
efficientnet_b4,ILSVRC2012_val_00028737.JPEG,n07615774,929,870,0.024687331,0,imagenet_c,defocus_blur,1,none
efficientnet_b4,ILSVRC2012_val_00030790.JPEG,n07615774,929,929,0.343751,1,imagenet_c,defocus_blur,1,none
efficientnet_b4,ILSVRC2012_val_00031657.JPEG,n07615774,929,929,0.51293105,1,imagenet_c,defocus_blur,1,none
efficientnet_b4,ILSVRC2012_val_00031757.JPEG,n07615774,929,949,0.29680714,0,imagenet_c,defocus_blur,1,none
efficientnet_b4,ILSVRC2012_val_00031898.JPEG,n07615774,929,929,0.46249905,1,imagenet_c,defocus_blur,1,none
efficientnet_b4,ILSVRC2012_val_00032216.JPEG,n07615774,929,929,0.45833007,1,imagenet_c,defocus_blur,1,none
efficientnet_b4,ILSVRC2012_val_00032355.JPEG,n07615774,929,929,0.7646846,1,imagenet_c,defocus_blur,1,none
efficientnet_b4,ILSVRC2012_val_00032703.JPEG,n07615774,929,63,0.2680637,0,imagenet_c,defocus_blur,1,none
efficientnet_b4,ILSVRC2012_val_00033074.JPEG,n07615774,929,929,0.1622966,1,imagenet_c,defocus_blur,1,none
efficientnet_b4,ILSVRC2012_val_00033375.JPEG,n07615774,929,929,0.85628235,1,imagenet_c,defocus_blur,1,none
efficientnet_b4,ILSVRC2012_val_00035021.JPEG,n07615774,929,925,0.15605259,0,imagenet_c,defocus_blur,1,none
efficientnet_b4,ILSVRC2012_val_00035616.JPEG,n07615774,929,929,0.60551697,1,imagenet_c,defocus_blur,1,none
efficientnet_b4,ILSVRC2012_val_00037736.JPEG,n07615774,929,929,0.8421198,1,imagenet_c,defocus_blur,1,none
efficientnet_b4,ILSVRC2012_val_00039496.JPEG,n07615774,929,929,0.42798802,1,imagenet_c,defocus_blur,1,none
efficientnet_b4,ILSVRC2012_val_00040761.JPEG,n07615774,929,805,0.16048558,0,imagenet_c,defocus_blur,1,none
efficientnet_b4,ILSVRC2012_val_00042828.JPEG,n07615774,929,645,0.15140489,0,imagenet_c,defocus_blur,1,none
efficientnet_b4,ILSVRC2012_val_00043039.JPEG,n07615774,929,929,0.5398298,1,imagenet_c,defocus_blur,1,none
efficientnet_b4,ILSVRC2012_val_00047951.JPEG,n07615774,929,338,0.41503978,0,imagenet_c,defocus_blur,1,none
efficientnet_b4,ILSVRC2012_val_00047975.JPEG,n07615774,929,929,0.3486572,1,imagenet_c,defocus_blur,1,none
efficientnet_b4,ILSVRC2012_val_00048151.JPEG,n07615774,929,806,0.21548611,0,imagenet_c,defocus_blur,1,none
efficientnet_b4,ILSVRC2012_val_00048168.JPEG,n07615774,929,929,0.52451605,1,imagenet_c,defocus_blur,1,none
efficientnet_b4,ILSVRC2012_val_00048328.JPEG,n07615774,929,929,0.54983497,1,imagenet_c,defocus_blur,1,none
efficientnet_b4,ILSVRC2012_val_00049964.JPEG,n07615774,929,902,0.76685995,0,imagenet_c,defocus_blur,1,none
efficientnet_b4,ILSVRC2012_val_00000820.JPEG,n07684084,930,930,0.51450706,1,imagenet_c,defocus_blur,1,none
efficientnet_b4,ILSVRC2012_val_00000950.JPEG,n07684084,930,930,0.6572679,1,imagenet_c,defocus_blur,1,none
efficientnet_b4,ILSVRC2012_val_00001315.JPEG,n07684084,930,962,0.37433642,0,imagenet_c,defocus_blur,1,none
efficientnet_b4,ILSVRC2012_val_00003329.JPEG,n07684084,930,930,0.44182315,1,imagenet_c,defocus_blur,1,none
efficientnet_b4,ILSVRC2012_val_00004199.JPEG,n07684084,930,930,0.4860672,1,imagenet_c,defocus_blur,1,none
efficientnet_b4,ILSVRC2012_val_00004253.JPEG,n07684084,930,930,0.55791247,1,imagenet_c,defocus_blur,1,none
efficientnet_b4,ILSVRC2012_val_00005025.JPEG,n07684084,930,930,0.5894574,1,imagenet_c,defocus_blur,1,none
efficientnet_b4,ILSVRC2012_val_00005911.JPEG,n07684084,930,930,0.6243842,1,imagenet_c,defocus_blur,1,none
efficientnet_b4,ILSVRC2012_val_00006367.JPEG,n07684084,930,962,0.31139633,0,imagenet_c,defocus_blur,1,none
efficientnet_b4,ILSVRC2012_val_00006422.JPEG,n07684084,930,860,0.031018004,0,imagenet_c,defocus_blur,1,none
efficientnet_b4,ILSVRC2012_val_00006466.JPEG,n07684084,930,582,0.44062647,0,imagenet_c,defocus_blur,1,none
efficientnet_b4,ILSVRC2012_val_00006605.JPEG,n07684084,930,930,0.513216,1,imagenet_c,defocus_blur,1,none
efficientnet_b4,ILSVRC2012_val_00006967.JPEG,n07684084,930,931,0.26795697,0,imagenet_c,defocus_blur,1,none
efficientnet_b4,ILSVRC2012_val_00007138.JPEG,n07684084,930,930,0.32966197,1,imagenet_c,defocus_blur,1,none
efficientnet_b4,ILSVRC2012_val_00007687.JPEG,n07684084,930,930,0.52379006,1,imagenet_c,defocus_blur,1,none
efficientnet_b4,ILSVRC2012_val_00009913.JPEG,n07684084,930,415,0.36679277,0,imagenet_c,defocus_blur,1,none
efficientnet_b4,ILSVRC2012_val_00012379.JPEG,n07684084,930,603,0.043490082,0,imagenet_c,defocus_blur,1,none
efficientnet_b4,ILSVRC2012_val_00012607.JPEG,n07684084,930,930,0.4556899,1,imagenet_c,defocus_blur,1,none
efficientnet_b4,ILSVRC2012_val_00012636.JPEG,n07684084,930,934,0.36657843,0,imagenet_c,defocus_blur,1,none
efficientnet_b4,ILSVRC2012_val_00013349.JPEG,n07684084,930,934,0.39141858,0,imagenet_c,defocus_blur,1,none
efficientnet_b4,ILSVRC2012_val_00013638.JPEG,n07684084,930,930,0.44953996,1,imagenet_c,defocus_blur,1,none
efficientnet_b4,ILSVRC2012_val_00018329.JPEG,n07684084,930,582,0.36437058,0,imagenet_c,defocus_blur,1,none
efficientnet_b4,ILSVRC2012_val_00022011.JPEG,n07684084,930,965,0.04627389,0,imagenet_c,defocus_blur,1,none
efficientnet_b4,ILSVRC2012_val_00027339.JPEG,n07684084,930,930,0.5375936,1,imagenet_c,defocus_blur,1,none
efficientnet_b4,ILSVRC2012_val_00027900.JPEG,n07684084,930,930,0.5293476,1,imagenet_c,defocus_blur,1,none
efficientnet_b4,ILSVRC2012_val_00028029.JPEG,n07684084,930,930,0.47576836,1,imagenet_c,defocus_blur,1,none
efficientnet_b4,ILSVRC2012_val_00028987.JPEG,n07684084,930,930,0.506562,1,imagenet_c,defocus_blur,1,none
efficientnet_b4,ILSVRC2012_val_00030359.JPEG,n07684084,930,961,0.11840436,0,imagenet_c,defocus_blur,1,none
efficientnet_b4,ILSVRC2012_val_00031026.JPEG,n07684084,930,891,0.18202437,0,imagenet_c,defocus_blur,1,none
efficientnet_b4,ILSVRC2012_val_00031763.JPEG,n07684084,930,930,0.58874506,1,imagenet_c,defocus_blur,1,none
efficientnet_b4,ILSVRC2012_val_00032488.JPEG,n07684084,930,923,0.20373026,0,imagenet_c,defocus_blur,1,none
efficientnet_b4,ILSVRC2012_val_00032674.JPEG,n07684084,930,954,0.17213291,0,imagenet_c,defocus_blur,1,none
efficientnet_b4,ILSVRC2012_val_00034151.JPEG,n07684084,930,940,0.16095442,0,imagenet_c,defocus_blur,1,none
efficientnet_b4,ILSVRC2012_val_00036383.JPEG,n07684084,930,930,0.3245737,1,imagenet_c,defocus_blur,1,none
efficientnet_b4,ILSVRC2012_val_00036539.JPEG,n07684084,930,932,0.30941096,0,imagenet_c,defocus_blur,1,none
efficientnet_b4,ILSVRC2012_val_00037213.JPEG,n07684084,930,634,0.28193554,0,imagenet_c,defocus_blur,1,none
efficientnet_b4,ILSVRC2012_val_00038093.JPEG,n07684084,930,930,0.16967008,1,imagenet_c,defocus_blur,1,none
efficientnet_b4,ILSVRC2012_val_00038341.JPEG,n07684084,930,930,0.17660514,1,imagenet_c,defocus_blur,1,none
efficientnet_b4,ILSVRC2012_val_00040328.JPEG,n07684084,930,964,0.5817433,0,imagenet_c,defocus_blur,1,none
efficientnet_b4,ILSVRC2012_val_00041061.JPEG,n07684084,930,930,0.43750736,1,imagenet_c,defocus_blur,1,none
efficientnet_b4,ILSVRC2012_val_00041610.JPEG,n07684084,930,930,0.18955009,1,imagenet_c,defocus_blur,1,none
efficientnet_b4,ILSVRC2012_val_00042395.JPEG,n07684084,930,930,0.39882502,1,imagenet_c,defocus_blur,1,none
efficientnet_b4,ILSVRC2012_val_00043611.JPEG,n07684084,930,930,0.58055943,1,imagenet_c,defocus_blur,1,none
efficientnet_b4,ILSVRC2012_val_00045653.JPEG,n07684084,930,930,0.2892267,1,imagenet_c,defocus_blur,1,none
efficientnet_b4,ILSVRC2012_val_00046190.JPEG,n07684084,930,965,0.21829773,0,imagenet_c,defocus_blur,1,none
efficientnet_b4,ILSVRC2012_val_00046840.JPEG,n07684084,930,930,0.50747865,1,imagenet_c,defocus_blur,1,none
efficientnet_b4,ILSVRC2012_val_00046907.JPEG,n07684084,930,930,0.47635934,1,imagenet_c,defocus_blur,1,none
efficientnet_b4,ILSVRC2012_val_00047894.JPEG,n07684084,930,961,0.4353362,0,imagenet_c,defocus_blur,1,none
efficientnet_b4,ILSVRC2012_val_00048399.JPEG,n07684084,930,930,0.4410418,1,imagenet_c,defocus_blur,1,none
efficientnet_b4,ILSVRC2012_val_00049497.JPEG,n07684084,930,931,0.24087171,0,imagenet_c,defocus_blur,1,none
efficientnet_b4,ILSVRC2012_val_00001405.JPEG,n07693725,931,923,0.29335946,0,imagenet_c,defocus_blur,1,none
efficientnet_b4,ILSVRC2012_val_00002744.JPEG,n07693725,931,931,0.24964164,1,imagenet_c,defocus_blur,1,none
efficientnet_b4,ILSVRC2012_val_00004675.JPEG,n07693725,931,923,0.1851351,0,imagenet_c,defocus_blur,1,none
efficientnet_b4,ILSVRC2012_val_00005619.JPEG,n07693725,931,931,0.31569228,1,imagenet_c,defocus_blur,1,none
efficientnet_b4,ILSVRC2012_val_00006308.JPEG,n07693725,931,931,0.468827,1,imagenet_c,defocus_blur,1,none
efficientnet_b4,ILSVRC2012_val_00007322.JPEG,n07693725,931,931,0.44264692,1,imagenet_c,defocus_blur,1,none
efficientnet_b4,ILSVRC2012_val_00009341.JPEG,n07693725,931,964,0.46966255,0,imagenet_c,defocus_blur,1,none
efficientnet_b4,ILSVRC2012_val_00009646.JPEG,n07693725,931,930,0.23039709,0,imagenet_c,defocus_blur,1,none
efficientnet_b4,ILSVRC2012_val_00011885.JPEG,n07693725,931,674,0.055412672,0,imagenet_c,defocus_blur,1,none
efficientnet_b4,ILSVRC2012_val_00012537.JPEG,n07693725,931,931,0.60905045,1,imagenet_c,defocus_blur,1,none
efficientnet_b4,ILSVRC2012_val_00012705.JPEG,n07693725,931,932,0.491622,0,imagenet_c,defocus_blur,1,none
efficientnet_b4,ILSVRC2012_val_00013335.JPEG,n07693725,931,931,0.17338862,1,imagenet_c,defocus_blur,1,none
efficientnet_b4,ILSVRC2012_val_00017354.JPEG,n07693725,931,931,0.3919897,1,imagenet_c,defocus_blur,1,none
efficientnet_b4,ILSVRC2012_val_00018060.JPEG,n07693725,931,931,0.18241206,1,imagenet_c,defocus_blur,1,none
efficientnet_b4,ILSVRC2012_val_00018883.JPEG,n07693725,931,931,0.27690887,1,imagenet_c,defocus_blur,1,none
efficientnet_b4,ILSVRC2012_val_00018914.JPEG,n07693725,931,931,0.20397192,1,imagenet_c,defocus_blur,1,none
efficientnet_b4,ILSVRC2012_val_00019949.JPEG,n07693725,931,932,0.30886737,0,imagenet_c,defocus_blur,1,none
efficientnet_b4,ILSVRC2012_val_00019958.JPEG,n07693725,931,931,0.5592601,1,imagenet_c,defocus_blur,1,none
efficientnet_b4,ILSVRC2012_val_00020615.JPEG,n07693725,931,964,0.44822243,0,imagenet_c,defocus_blur,1,none
efficientnet_b4,ILSVRC2012_val_00020828.JPEG,n07693725,931,931,0.6339942,1,imagenet_c,defocus_blur,1,none
efficientnet_b4,ILSVRC2012_val_00021276.JPEG,n07693725,931,931,0.47271055,1,imagenet_c,defocus_blur,1,none
efficientnet_b4,ILSVRC2012_val_00022802.JPEG,n07693725,931,931,0.5884524,1,imagenet_c,defocus_blur,1,none
efficientnet_b4,ILSVRC2012_val_00024953.JPEG,n07693725,931,931,0.32216623,1,imagenet_c,defocus_blur,1,none
efficientnet_b4,ILSVRC2012_val_00026951.JPEG,n07693725,931,932,0.46345738,0,imagenet_c,defocus_blur,1,none
efficientnet_b4,ILSVRC2012_val_00027560.JPEG,n07693725,931,931,0.6534957,1,imagenet_c,defocus_blur,1,none
efficientnet_b4,ILSVRC2012_val_00028288.JPEG,n07693725,931,931,0.22759648,1,imagenet_c,defocus_blur,1,none
efficientnet_b4,ILSVRC2012_val_00028873.JPEG,n07693725,931,931,0.7635485,1,imagenet_c,defocus_blur,1,none
efficientnet_b4,ILSVRC2012_val_00028893.JPEG,n07693725,931,933,0.2543104,0,imagenet_c,defocus_blur,1,none
efficientnet_b4,ILSVRC2012_val_00032119.JPEG,n07693725,931,931,0.49343556,1,imagenet_c,defocus_blur,1,none
efficientnet_b4,ILSVRC2012_val_00033590.JPEG,n07693725,931,931,0.38090223,1,imagenet_c,defocus_blur,1,none
efficientnet_b4,ILSVRC2012_val_00033678.JPEG,n07693725,931,931,0.69045347,1,imagenet_c,defocus_blur,1,none
efficientnet_b4,ILSVRC2012_val_00033939.JPEG,n07693725,931,931,0.6375937,1,imagenet_c,defocus_blur,1,none
efficientnet_b4,ILSVRC2012_val_00035111.JPEG,n07693725,931,931,0.68322074,1,imagenet_c,defocus_blur,1,none
efficientnet_b4,ILSVRC2012_val_00035201.JPEG,n07693725,931,931,0.70264536,1,imagenet_c,defocus_blur,1,none
efficientnet_b4,ILSVRC2012_val_00037065.JPEG,n07693725,931,931,0.5777362,1,imagenet_c,defocus_blur,1,none
efficientnet_b4,ILSVRC2012_val_00039718.JPEG,n07693725,931,964,0.27683052,0,imagenet_c,defocus_blur,1,none
efficientnet_b4,ILSVRC2012_val_00040367.JPEG,n07693725,931,931,0.6550909,1,imagenet_c,defocus_blur,1,none
efficientnet_b4,ILSVRC2012_val_00040941.JPEG,n07693725,931,931,0.5942812,1,imagenet_c,defocus_blur,1,none
efficientnet_b4,ILSVRC2012_val_00043248.JPEG,n07693725,931,931,0.47095367,1,imagenet_c,defocus_blur,1,none
efficientnet_b4,ILSVRC2012_val_00043485.JPEG,n07693725,931,931,0.55917656,1,imagenet_c,defocus_blur,1,none
efficientnet_b4,ILSVRC2012_val_00043931.JPEG,n07693725,931,932,0.10721237,0,imagenet_c,defocus_blur,1,none
efficientnet_b4,ILSVRC2012_val_00044026.JPEG,n07693725,931,930,0.26488137,0,imagenet_c,defocus_blur,1,none
efficientnet_b4,ILSVRC2012_val_00044186.JPEG,n07693725,931,931,0.6016256,1,imagenet_c,defocus_blur,1,none
efficientnet_b4,ILSVRC2012_val_00044299.JPEG,n07693725,931,931,0.230908,1,imagenet_c,defocus_blur,1,none
efficientnet_b4,ILSVRC2012_val_00044905.JPEG,n07693725,931,931,0.19145902,1,imagenet_c,defocus_blur,1,none
efficientnet_b4,ILSVRC2012_val_00045277.JPEG,n07693725,931,931,0.62906545,1,imagenet_c,defocus_blur,1,none
efficientnet_b4,ILSVRC2012_val_00045523.JPEG,n07693725,931,933,0.32376093,0,imagenet_c,defocus_blur,1,none
efficientnet_b4,ILSVRC2012_val_00045573.JPEG,n07693725,931,932,0.2416273,0,imagenet_c,defocus_blur,1,none
efficientnet_b4,ILSVRC2012_val_00047003.JPEG,n07693725,931,963,0.3265825,0,imagenet_c,defocus_blur,1,none
efficientnet_b4,ILSVRC2012_val_00049796.JPEG,n07693725,931,964,0.25532046,0,imagenet_c,defocus_blur,1,none
efficientnet_b4,ILSVRC2012_val_00000891.JPEG,n07695742,932,932,0.5774021,1,imagenet_c,defocus_blur,1,none
efficientnet_b4,ILSVRC2012_val_00001967.JPEG,n07695742,932,932,0.50774395,1,imagenet_c,defocus_blur,1,none
efficientnet_b4,ILSVRC2012_val_00002054.JPEG,n07695742,932,923,0.24525821,0,imagenet_c,defocus_blur,1,none
efficientnet_b4,ILSVRC2012_val_00002252.JPEG,n07695742,932,932,0.6430229,1,imagenet_c,defocus_blur,1,none
efficientnet_b4,ILSVRC2012_val_00003416.JPEG,n07695742,932,932,0.58549345,1,imagenet_c,defocus_blur,1,none
efficientnet_b4,ILSVRC2012_val_00004195.JPEG,n07695742,932,582,0.24934793,0,imagenet_c,defocus_blur,1,none
efficientnet_b4,ILSVRC2012_val_00004759.JPEG,n07695742,932,582,0.5349071,0,imagenet_c,defocus_blur,1,none
efficientnet_b4,ILSVRC2012_val_00004887.JPEG,n07695742,932,415,0.38996872,0,imagenet_c,defocus_blur,1,none
efficientnet_b4,ILSVRC2012_val_00006197.JPEG,n07695742,932,932,0.1346947,1,imagenet_c,defocus_blur,1,none
efficientnet_b4,ILSVRC2012_val_00007024.JPEG,n07695742,932,932,0.81122756,1,imagenet_c,defocus_blur,1,none
efficientnet_b4,ILSVRC2012_val_00007087.JPEG,n07695742,932,932,0.6064251,1,imagenet_c,defocus_blur,1,none
efficientnet_b4,ILSVRC2012_val_00007192.JPEG,n07695742,932,932,0.6243184,1,imagenet_c,defocus_blur,1,none
efficientnet_b4,ILSVRC2012_val_00007742.JPEG,n07695742,932,932,0.63512945,1,imagenet_c,defocus_blur,1,none
efficientnet_b4,ILSVRC2012_val_00008100.JPEG,n07695742,932,582,0.34556738,0,imagenet_c,defocus_blur,1,none
efficientnet_b4,ILSVRC2012_val_00011464.JPEG,n07695742,932,932,0.5961512,1,imagenet_c,defocus_blur,1,none
efficientnet_b4,ILSVRC2012_val_00012064.JPEG,n07695742,932,932,0.7210665,1,imagenet_c,defocus_blur,1,none
efficientnet_b4,ILSVRC2012_val_00013493.JPEG,n07695742,932,932,0.555697,1,imagenet_c,defocus_blur,1,none
efficientnet_b4,ILSVRC2012_val_00013979.JPEG,n07695742,932,932,0.46265706,1,imagenet_c,defocus_blur,1,none
efficientnet_b4,ILSVRC2012_val_00013996.JPEG,n07695742,932,767,0.08694507,0,imagenet_c,defocus_blur,1,none
efficientnet_b4,ILSVRC2012_val_00014104.JPEG,n07695742,932,932,0.61173356,1,imagenet_c,defocus_blur,1,none
efficientnet_b4,ILSVRC2012_val_00014687.JPEG,n07695742,932,932,0.7456026,1,imagenet_c,defocus_blur,1,none
efficientnet_b4,ILSVRC2012_val_00014958.JPEG,n07695742,932,932,0.73372006,1,imagenet_c,defocus_blur,1,none
efficientnet_b4,ILSVRC2012_val_00017047.JPEG,n07695742,932,932,0.3483136,1,imagenet_c,defocus_blur,1,none
efficientnet_b4,ILSVRC2012_val_00017241.JPEG,n07695742,932,960,0.06292867,0,imagenet_c,defocus_blur,1,none
efficientnet_b4,ILSVRC2012_val_00018194.JPEG,n07695742,932,855,0.15098488,0,imagenet_c,defocus_blur,1,none
efficientnet_b4,ILSVRC2012_val_00018217.JPEG,n07695742,932,932,0.52264017,1,imagenet_c,defocus_blur,1,none
efficientnet_b4,ILSVRC2012_val_00018426.JPEG,n07695742,932,868,0.6315114,0,imagenet_c,defocus_blur,1,none
efficientnet_b4,ILSVRC2012_val_00019608.JPEG,n07695742,932,960,0.2133071,0,imagenet_c,defocus_blur,1,none
efficientnet_b4,ILSVRC2012_val_00019823.JPEG,n07695742,932,932,0.26274052,1,imagenet_c,defocus_blur,1,none
efficientnet_b4,ILSVRC2012_val_00019850.JPEG,n07695742,932,488,0.44301444,0,imagenet_c,defocus_blur,1,none
efficientnet_b4,ILSVRC2012_val_00020592.JPEG,n07695742,932,932,0.40581802,1,imagenet_c,defocus_blur,1,none
efficientnet_b4,ILSVRC2012_val_00023752.JPEG,n07695742,932,932,0.66739506,1,imagenet_c,defocus_blur,1,none
efficientnet_b4,ILSVRC2012_val_00024183.JPEG,n07695742,932,932,0.74060756,1,imagenet_c,defocus_blur,1,none
efficientnet_b4,ILSVRC2012_val_00024522.JPEG,n07695742,932,932,0.65055877,1,imagenet_c,defocus_blur,1,none
efficientnet_b4,ILSVRC2012_val_00025057.JPEG,n07695742,932,932,0.47730628,1,imagenet_c,defocus_blur,1,none
efficientnet_b4,ILSVRC2012_val_00025390.JPEG,n07695742,932,932,0.30339533,1,imagenet_c,defocus_blur,1,none
efficientnet_b4,ILSVRC2012_val_00025414.JPEG,n07695742,932,932,0.13188837,1,imagenet_c,defocus_blur,1,none
efficientnet_b4,ILSVRC2012_val_00026653.JPEG,n07695742,932,680,0.052936435,0,imagenet_c,defocus_blur,1,none
efficientnet_b4,ILSVRC2012_val_00027272.JPEG,n07695742,932,964,0.13964477,0,imagenet_c,defocus_blur,1,none
efficientnet_b4,ILSVRC2012_val_00028624.JPEG,n07695742,932,932,0.6922014,1,imagenet_c,defocus_blur,1,none
efficientnet_b4,ILSVRC2012_val_00028699.JPEG,n07695742,932,932,0.6355789,1,imagenet_c,defocus_blur,1,none
efficientnet_b4,ILSVRC2012_val_00029962.JPEG,n07695742,932,932,0.20806147,1,imagenet_c,defocus_blur,1,none
efficientnet_b4,ILSVRC2012_val_00033249.JPEG,n07695742,932,930,0.37002024,0,imagenet_c,defocus_blur,1,none
efficientnet_b4,ILSVRC2012_val_00033327.JPEG,n07695742,932,932,0.5685816,1,imagenet_c,defocus_blur,1,none
efficientnet_b4,ILSVRC2012_val_00033408.JPEG,n07695742,932,932,0.59550285,1,imagenet_c,defocus_blur,1,none
efficientnet_b4,ILSVRC2012_val_00035304.JPEG,n07695742,932,932,0.6134692,1,imagenet_c,defocus_blur,1,none
efficientnet_b4,ILSVRC2012_val_00038510.JPEG,n07695742,932,932,0.5366781,1,imagenet_c,defocus_blur,1,none
efficientnet_b4,ILSVRC2012_val_00038744.JPEG,n07695742,932,932,0.6977707,1,imagenet_c,defocus_blur,1,none
efficientnet_b4,ILSVRC2012_val_00044647.JPEG,n07695742,932,932,0.595433,1,imagenet_c,defocus_blur,1,none
efficientnet_b4,ILSVRC2012_val_00045165.JPEG,n07695742,932,932,0.6530963,1,imagenet_c,defocus_blur,1,none
efficientnet_b4,ILSVRC2012_val_00002226.JPEG,n07697313,933,933,0.2036679,1,imagenet_c,defocus_blur,1,none
efficientnet_b4,ILSVRC2012_val_00002753.JPEG,n07697313,933,933,0.3629156,1,imagenet_c,defocus_blur,1,none
efficientnet_b4,ILSVRC2012_val_00004041.JPEG,n07697313,933,933,0.46467683,1,imagenet_c,defocus_blur,1,none
efficientnet_b4,ILSVRC2012_val_00004321.JPEG,n07697313,933,933,0.7053557,1,imagenet_c,defocus_blur,1,none
efficientnet_b4,ILSVRC2012_val_00006210.JPEG,n07697313,933,933,0.56696266,1,imagenet_c,defocus_blur,1,none
efficientnet_b4,ILSVRC2012_val_00008200.JPEG,n07697313,933,933,0.6906084,1,imagenet_c,defocus_blur,1,none
efficientnet_b4,ILSVRC2012_val_00008216.JPEG,n07697313,933,933,0.23864102,1,imagenet_c,defocus_blur,1,none
efficientnet_b4,ILSVRC2012_val_00008444.JPEG,n07697313,933,964,0.37623903,0,imagenet_c,defocus_blur,1,none
efficientnet_b4,ILSVRC2012_val_00010104.JPEG,n07697313,933,933,0.2753931,1,imagenet_c,defocus_blur,1,none
efficientnet_b4,ILSVRC2012_val_00012454.JPEG,n07697313,933,933,0.37634188,1,imagenet_c,defocus_blur,1,none
efficientnet_b4,ILSVRC2012_val_00012562.JPEG,n07697313,933,933,0.27152923,1,imagenet_c,defocus_blur,1,none
efficientnet_b4,ILSVRC2012_val_00014093.JPEG,n07697313,933,933,0.7408368,1,imagenet_c,defocus_blur,1,none
efficientnet_b4,ILSVRC2012_val_00016999.JPEG,n07697313,933,933,0.24100888,1,imagenet_c,defocus_blur,1,none
efficientnet_b4,ILSVRC2012_val_00017071.JPEG,n07697313,933,933,0.503899,1,imagenet_c,defocus_blur,1,none
efficientnet_b4,ILSVRC2012_val_00017895.JPEG,n07697313,933,933,0.1934093,1,imagenet_c,defocus_blur,1,none
efficientnet_b4,ILSVRC2012_val_00018040.JPEG,n07697313,933,933,0.14777929,1,imagenet_c,defocus_blur,1,none
efficientnet_b4,ILSVRC2012_val_00018555.JPEG,n07697313,933,933,0.5444804,1,imagenet_c,defocus_blur,1,none
efficientnet_b4,ILSVRC2012_val_00020338.JPEG,n07697313,933,933,0.5095855,1,imagenet_c,defocus_blur,1,none
efficientnet_b4,ILSVRC2012_val_00021498.JPEG,n07697313,933,933,0.4420324,1,imagenet_c,defocus_blur,1,none
efficientnet_b4,ILSVRC2012_val_00024158.JPEG,n07697313,933,933,0.06847364,1,imagenet_c,defocus_blur,1,none
efficientnet_b4,ILSVRC2012_val_00026756.JPEG,n07697313,933,933,0.548495,1,imagenet_c,defocus_blur,1,none
efficientnet_b4,ILSVRC2012_val_00027479.JPEG,n07697313,933,933,0.5033682,1,imagenet_c,defocus_blur,1,none
efficientnet_b4,ILSVRC2012_val_00027645.JPEG,n07697313,933,933,0.598814,1,imagenet_c,defocus_blur,1,none
efficientnet_b4,ILSVRC2012_val_00030799.JPEG,n07697313,933,933,0.64935994,1,imagenet_c,defocus_blur,1,none
efficientnet_b4,ILSVRC2012_val_00031984.JPEG,n07697313,933,933,0.2329216,1,imagenet_c,defocus_blur,1,none
efficientnet_b4,ILSVRC2012_val_00032631.JPEG,n07697313,933,933,0.5192112,1,imagenet_c,defocus_blur,1,none
efficientnet_b4,ILSVRC2012_val_00032811.JPEG,n07697313,933,933,0.36614776,1,imagenet_c,defocus_blur,1,none
efficientnet_b4,ILSVRC2012_val_00035256.JPEG,n07697313,933,933,0.29271775,1,imagenet_c,defocus_blur,1,none
efficientnet_b4,ILSVRC2012_val_00035744.JPEG,n07697313,933,933,0.6356588,1,imagenet_c,defocus_blur,1,none
efficientnet_b4,ILSVRC2012_val_00035993.JPEG,n07697313,933,933,0.6309614,1,imagenet_c,defocus_blur,1,none
efficientnet_b4,ILSVRC2012_val_00037389.JPEG,n07697313,933,965,0.2533401,0,imagenet_c,defocus_blur,1,none
efficientnet_b4,ILSVRC2012_val_00038724.JPEG,n07697313,933,933,0.6418029,1,imagenet_c,defocus_blur,1,none
efficientnet_b4,ILSVRC2012_val_00038898.JPEG,n07697313,933,933,0.50630695,1,imagenet_c,defocus_blur,1,none
efficientnet_b4,ILSVRC2012_val_00039226.JPEG,n07697313,933,933,0.37685734,1,imagenet_c,defocus_blur,1,none
efficientnet_b4,ILSVRC2012_val_00039983.JPEG,n07697313,933,933,0.41584417,1,imagenet_c,defocus_blur,1,none
efficientnet_b4,ILSVRC2012_val_00040186.JPEG,n07697313,933,933,0.4255644,1,imagenet_c,defocus_blur,1,none
efficientnet_b4,ILSVRC2012_val_00040256.JPEG,n07697313,933,933,0.64246744,1,imagenet_c,defocus_blur,1,none
efficientnet_b4,ILSVRC2012_val_00040728.JPEG,n07697313,933,933,0.6509949,1,imagenet_c,defocus_blur,1,none
efficientnet_b4,ILSVRC2012_val_00043140.JPEG,n07697313,933,933,0.6413713,1,imagenet_c,defocus_blur,1,none
efficientnet_b4,ILSVRC2012_val_00044254.JPEG,n07697313,933,933,0.29994082,1,imagenet_c,defocus_blur,1,none
efficientnet_b4,ILSVRC2012_val_00044620.JPEG,n07697313,933,933,0.44506395,1,imagenet_c,defocus_blur,1,none
efficientnet_b4,ILSVRC2012_val_00046111.JPEG,n07697313,933,933,0.59845304,1,imagenet_c,defocus_blur,1,none
efficientnet_b4,ILSVRC2012_val_00046792.JPEG,n07697313,933,933,0.47448584,1,imagenet_c,defocus_blur,1,none
efficientnet_b4,ILSVRC2012_val_00047577.JPEG,n07697313,933,933,0.25548583,1,imagenet_c,defocus_blur,1,none
efficientnet_b4,ILSVRC2012_val_00047793.JPEG,n07697313,933,934,0.70106,0,imagenet_c,defocus_blur,1,none
efficientnet_b4,ILSVRC2012_val_00048365.JPEG,n07697313,933,933,0.25527394,1,imagenet_c,defocus_blur,1,none
efficientnet_b4,ILSVRC2012_val_00048841.JPEG,n07697313,933,933,0.6759526,1,imagenet_c,defocus_blur,1,none
efficientnet_b4,ILSVRC2012_val_00049095.JPEG,n07697313,933,933,0.65497345,1,imagenet_c,defocus_blur,1,none
efficientnet_b4,ILSVRC2012_val_00049457.JPEG,n07697313,933,932,0.43109232,0,imagenet_c,defocus_blur,1,none
efficientnet_b4,ILSVRC2012_val_00049472.JPEG,n07697313,933,933,0.52726036,1,imagenet_c,defocus_blur,1,none
efficientnet_b4,ILSVRC2012_val_00000129.JPEG,n07697537,934,934,0.34205255,1,imagenet_c,defocus_blur,1,none
efficientnet_b4,ILSVRC2012_val_00000197.JPEG,n07697537,934,934,0.0858694,1,imagenet_c,defocus_blur,1,none
efficientnet_b4,ILSVRC2012_val_00000309.JPEG,n07697537,934,934,0.66862893,1,imagenet_c,defocus_blur,1,none
efficientnet_b4,ILSVRC2012_val_00000811.JPEG,n07697537,934,934,0.59661317,1,imagenet_c,defocus_blur,1,none
efficientnet_b4,ILSVRC2012_val_00003908.JPEG,n07697537,934,923,0.16495873,0,imagenet_c,defocus_blur,1,none
efficientnet_b4,ILSVRC2012_val_00003930.JPEG,n07697537,934,934,0.4253964,1,imagenet_c,defocus_blur,1,none
efficientnet_b4,ILSVRC2012_val_00005710.JPEG,n07697537,934,934,0.5168766,1,imagenet_c,defocus_blur,1,none
efficientnet_b4,ILSVRC2012_val_00006368.JPEG,n07697537,934,934,0.629218,1,imagenet_c,defocus_blur,1,none
efficientnet_b4,ILSVRC2012_val_00010271.JPEG,n07697537,934,934,0.27017543,1,imagenet_c,defocus_blur,1,none
efficientnet_b4,ILSVRC2012_val_00010910.JPEG,n07697537,934,934,0.5440434,1,imagenet_c,defocus_blur,1,none
efficientnet_b4,ILSVRC2012_val_00013208.JPEG,n07697537,934,934,0.51564026,1,imagenet_c,defocus_blur,1,none
efficientnet_b4,ILSVRC2012_val_00014874.JPEG,n07697537,934,934,0.55462873,1,imagenet_c,defocus_blur,1,none
efficientnet_b4,ILSVRC2012_val_00015811.JPEG,n07697537,934,934,0.7632972,1,imagenet_c,defocus_blur,1,none
efficientnet_b4,ILSVRC2012_val_00016179.JPEG,n07697537,934,934,0.4470755,1,imagenet_c,defocus_blur,1,none
efficientnet_b4,ILSVRC2012_val_00023336.JPEG,n07697537,934,934,0.75763917,1,imagenet_c,defocus_blur,1,none
efficientnet_b4,ILSVRC2012_val_00023660.JPEG,n07697537,934,415,0.43557757,0,imagenet_c,defocus_blur,1,none
efficientnet_b4,ILSVRC2012_val_00023883.JPEG,n07697537,934,940,0.13130528,0,imagenet_c,defocus_blur,1,none
efficientnet_b4,ILSVRC2012_val_00024032.JPEG,n07697537,934,934,0.80542487,1,imagenet_c,defocus_blur,1,none
efficientnet_b4,ILSVRC2012_val_00024917.JPEG,n07697537,934,934,0.3925785,1,imagenet_c,defocus_blur,1,none
efficientnet_b4,ILSVRC2012_val_00025340.JPEG,n07697537,934,934,0.2657327,1,imagenet_c,defocus_blur,1,none
efficientnet_b4,ILSVRC2012_val_00025922.JPEG,n07697537,934,934,0.3856914,1,imagenet_c,defocus_blur,1,none
efficientnet_b4,ILSVRC2012_val_00026101.JPEG,n07697537,934,940,0.15143918,0,imagenet_c,defocus_blur,1,none
efficientnet_b4,ILSVRC2012_val_00028722.JPEG,n07697537,934,934,0.43907556,1,imagenet_c,defocus_blur,1,none
efficientnet_b4,ILSVRC2012_val_00029037.JPEG,n07697537,934,934,0.3992176,1,imagenet_c,defocus_blur,1,none
efficientnet_b4,ILSVRC2012_val_00029990.JPEG,n07697537,934,933,0.075170636,0,imagenet_c,defocus_blur,1,none
efficientnet_b4,ILSVRC2012_val_00030111.JPEG,n07697537,934,934,0.5056679,1,imagenet_c,defocus_blur,1,none
efficientnet_b4,ILSVRC2012_val_00030973.JPEG,n07697537,934,923,0.18415031,0,imagenet_c,defocus_blur,1,none
efficientnet_b4,ILSVRC2012_val_00032384.JPEG,n07697537,934,679,0.07731923,0,imagenet_c,defocus_blur,1,none
efficientnet_b4,ILSVRC2012_val_00032446.JPEG,n07697537,934,934,0.5087464,1,imagenet_c,defocus_blur,1,none
efficientnet_b4,ILSVRC2012_val_00032679.JPEG,n07697537,934,934,0.3020161,1,imagenet_c,defocus_blur,1,none
efficientnet_b4,ILSVRC2012_val_00033675.JPEG,n07697537,934,934,0.41932482,1,imagenet_c,defocus_blur,1,none
efficientnet_b4,ILSVRC2012_val_00034147.JPEG,n07697537,934,933,0.21917391,0,imagenet_c,defocus_blur,1,none
efficientnet_b4,ILSVRC2012_val_00034152.JPEG,n07697537,934,934,0.5277644,1,imagenet_c,defocus_blur,1,none
efficientnet_b4,ILSVRC2012_val_00034161.JPEG,n07697537,934,934,0.21473533,1,imagenet_c,defocus_blur,1,none
efficientnet_b4,ILSVRC2012_val_00034311.JPEG,n07697537,934,933,0.19772081,0,imagenet_c,defocus_blur,1,none
efficientnet_b4,ILSVRC2012_val_00036551.JPEG,n07697537,934,934,0.6321949,1,imagenet_c,defocus_blur,1,none
efficientnet_b4,ILSVRC2012_val_00038387.JPEG,n07697537,934,934,0.49100262,1,imagenet_c,defocus_blur,1,none
efficientnet_b4,ILSVRC2012_val_00040060.JPEG,n07697537,934,934,0.43653652,1,imagenet_c,defocus_blur,1,none
efficientnet_b4,ILSVRC2012_val_00040195.JPEG,n07697537,934,934,0.3352075,1,imagenet_c,defocus_blur,1,none
efficientnet_b4,ILSVRC2012_val_00040959.JPEG,n07697537,934,965,0.35785225,0,imagenet_c,defocus_blur,1,none
efficientnet_b4,ILSVRC2012_val_00042412.JPEG,n07697537,934,934,0.59521115,1,imagenet_c,defocus_blur,1,none
efficientnet_b4,ILSVRC2012_val_00042704.JPEG,n07697537,934,934,0.074540146,1,imagenet_c,defocus_blur,1,none
efficientnet_b4,ILSVRC2012_val_00043773.JPEG,n07697537,934,934,0.28350037,1,imagenet_c,defocus_blur,1,none
efficientnet_b4,ILSVRC2012_val_00044831.JPEG,n07697537,934,934,0.48498118,1,imagenet_c,defocus_blur,1,none
efficientnet_b4,ILSVRC2012_val_00046213.JPEG,n07697537,934,838,0.31712258,0,imagenet_c,defocus_blur,1,none
efficientnet_b4,ILSVRC2012_val_00048937.JPEG,n07697537,934,934,0.35257939,1,imagenet_c,defocus_blur,1,none
efficientnet_b4,ILSVRC2012_val_00048983.JPEG,n07697537,934,934,0.739725,1,imagenet_c,defocus_blur,1,none
efficientnet_b4,ILSVRC2012_val_00049110.JPEG,n07697537,934,934,0.37464094,1,imagenet_c,defocus_blur,1,none
efficientnet_b4,ILSVRC2012_val_00049219.JPEG,n07697537,934,934,0.29057258,1,imagenet_c,defocus_blur,1,none
efficientnet_b4,ILSVRC2012_val_00049530.JPEG,n07697537,934,934,0.4766767,1,imagenet_c,defocus_blur,1,none
efficientnet_b4,ILSVRC2012_val_00000183.JPEG,n07711569,935,935,0.5329149,1,imagenet_c,defocus_blur,1,none
efficientnet_b4,ILSVRC2012_val_00000406.JPEG,n07711569,935,935,0.59626526,1,imagenet_c,defocus_blur,1,none
efficientnet_b4,ILSVRC2012_val_00000863.JPEG,n07711569,935,935,0.5533536,1,imagenet_c,defocus_blur,1,none
efficientnet_b4,ILSVRC2012_val_00003087.JPEG,n07711569,935,961,0.1825216,0,imagenet_c,defocus_blur,1,none
efficientnet_b4,ILSVRC2012_val_00004122.JPEG,n07711569,935,935,0.7780761,1,imagenet_c,defocus_blur,1,none
efficientnet_b4,ILSVRC2012_val_00005431.JPEG,n07711569,935,964,0.16307522,0,imagenet_c,defocus_blur,1,none
efficientnet_b4,ILSVRC2012_val_00006569.JPEG,n07711569,935,964,0.09038641,0,imagenet_c,defocus_blur,1,none
efficientnet_b4,ILSVRC2012_val_00008385.JPEG,n07711569,935,935,0.13520093,1,imagenet_c,defocus_blur,1,none
efficientnet_b4,ILSVRC2012_val_00009675.JPEG,n07711569,935,964,0.29357696,0,imagenet_c,defocus_blur,1,none
efficientnet_b4,ILSVRC2012_val_00010413.JPEG,n07711569,935,935,0.2445999,1,imagenet_c,defocus_blur,1,none
efficientnet_b4,ILSVRC2012_val_00011549.JPEG,n07711569,935,940,0.14976804,0,imagenet_c,defocus_blur,1,none
efficientnet_b4,ILSVRC2012_val_00012153.JPEG,n07711569,935,935,0.5024397,1,imagenet_c,defocus_blur,1,none
efficientnet_b4,ILSVRC2012_val_00012168.JPEG,n07711569,935,964,0.29436046,0,imagenet_c,defocus_blur,1,none
efficientnet_b4,ILSVRC2012_val_00012622.JPEG,n07711569,935,910,0.28238454,0,imagenet_c,defocus_blur,1,none
efficientnet_b4,ILSVRC2012_val_00013084.JPEG,n07711569,935,962,0.53550005,0,imagenet_c,defocus_blur,1,none
efficientnet_b4,ILSVRC2012_val_00013227.JPEG,n07711569,935,935,0.3101919,1,imagenet_c,defocus_blur,1,none
efficientnet_b4,ILSVRC2012_val_00014920.JPEG,n07711569,935,964,0.2074981,0,imagenet_c,defocus_blur,1,none
efficientnet_b4,ILSVRC2012_val_00015761.JPEG,n07711569,935,935,0.64828134,1,imagenet_c,defocus_blur,1,none
efficientnet_b4,ILSVRC2012_val_00016546.JPEG,n07711569,935,935,0.34950238,1,imagenet_c,defocus_blur,1,none
efficientnet_b4,ILSVRC2012_val_00016562.JPEG,n07711569,935,938,0.20804515,0,imagenet_c,defocus_blur,1,none
efficientnet_b4,ILSVRC2012_val_00017925.JPEG,n07711569,935,935,0.43528464,1,imagenet_c,defocus_blur,1,none
efficientnet_b4,ILSVRC2012_val_00019247.JPEG,n07711569,935,935,0.23008472,1,imagenet_c,defocus_blur,1,none
efficientnet_b4,ILSVRC2012_val_00021770.JPEG,n07711569,935,964,0.6053252,0,imagenet_c,defocus_blur,1,none
efficientnet_b4,ILSVRC2012_val_00021944.JPEG,n07711569,935,935,0.58886886,1,imagenet_c,defocus_blur,1,none
efficientnet_b4,ILSVRC2012_val_00022599.JPEG,n07711569,935,109,0.5320236,0,imagenet_c,defocus_blur,1,none
efficientnet_b4,ILSVRC2012_val_00025502.JPEG,n07711569,935,935,0.25383648,1,imagenet_c,defocus_blur,1,none
efficientnet_b4,ILSVRC2012_val_00028805.JPEG,n07711569,935,935,0.5124285,1,imagenet_c,defocus_blur,1,none
efficientnet_b4,ILSVRC2012_val_00028891.JPEG,n07711569,935,935,0.30770552,1,imagenet_c,defocus_blur,1,none
efficientnet_b4,ILSVRC2012_val_00029476.JPEG,n07711569,935,935,0.72452873,1,imagenet_c,defocus_blur,1,none
efficientnet_b4,ILSVRC2012_val_00029623.JPEG,n07711569,935,935,0.5099062,1,imagenet_c,defocus_blur,1,none
efficientnet_b4,ILSVRC2012_val_00029714.JPEG,n07711569,935,935,0.41415784,1,imagenet_c,defocus_blur,1,none
efficientnet_b4,ILSVRC2012_val_00029844.JPEG,n07711569,935,935,0.7037994,1,imagenet_c,defocus_blur,1,none
efficientnet_b4,ILSVRC2012_val_00032485.JPEG,n07711569,935,935,0.15732995,1,imagenet_c,defocus_blur,1,none
efficientnet_b4,ILSVRC2012_val_00032752.JPEG,n07711569,935,935,0.69880015,1,imagenet_c,defocus_blur,1,none
efficientnet_b4,ILSVRC2012_val_00032912.JPEG,n07711569,935,935,0.6769736,1,imagenet_c,defocus_blur,1,none
efficientnet_b4,ILSVRC2012_val_00033636.JPEG,n07711569,935,935,0.41951996,1,imagenet_c,defocus_blur,1,none
efficientnet_b4,ILSVRC2012_val_00034543.JPEG,n07711569,935,937,0.36743915,0,imagenet_c,defocus_blur,1,none
efficientnet_b4,ILSVRC2012_val_00034705.JPEG,n07711569,935,935,0.685144,1,imagenet_c,defocus_blur,1,none
efficientnet_b4,ILSVRC2012_val_00034791.JPEG,n07711569,935,962,0.41115654,0,imagenet_c,defocus_blur,1,none
efficientnet_b4,ILSVRC2012_val_00035227.JPEG,n07711569,935,935,0.3952695,1,imagenet_c,defocus_blur,1,none
efficientnet_b4,ILSVRC2012_val_00037511.JPEG,n07711569,935,726,0.17538416,0,imagenet_c,defocus_blur,1,none
efficientnet_b4,ILSVRC2012_val_00039371.JPEG,n07711569,935,935,0.67977333,1,imagenet_c,defocus_blur,1,none
efficientnet_b4,ILSVRC2012_val_00039392.JPEG,n07711569,935,935,0.7012711,1,imagenet_c,defocus_blur,1,none
efficientnet_b4,ILSVRC2012_val_00040284.JPEG,n07711569,935,935,0.4897031,1,imagenet_c,defocus_blur,1,none
efficientnet_b4,ILSVRC2012_val_00042025.JPEG,n07711569,935,926,0.23101105,0,imagenet_c,defocus_blur,1,none
efficientnet_b4,ILSVRC2012_val_00042589.JPEG,n07711569,935,935,0.43705553,1,imagenet_c,defocus_blur,1,none
efficientnet_b4,ILSVRC2012_val_00043265.JPEG,n07711569,935,935,0.34914148,1,imagenet_c,defocus_blur,1,none
efficientnet_b4,ILSVRC2012_val_00044645.JPEG,n07711569,935,935,0.69972855,1,imagenet_c,defocus_blur,1,none
efficientnet_b4,ILSVRC2012_val_00047512.JPEG,n07711569,935,935,0.39646387,1,imagenet_c,defocus_blur,1,none
efficientnet_b4,ILSVRC2012_val_00048222.JPEG,n07711569,935,937,0.27809286,0,imagenet_c,defocus_blur,1,none
efficientnet_b4,ILSVRC2012_val_00001826.JPEG,n07714571,936,936,0.59472877,1,imagenet_c,defocus_blur,1,none
efficientnet_b4,ILSVRC2012_val_00002925.JPEG,n07714571,936,936,0.06920122,1,imagenet_c,defocus_blur,1,none
efficientnet_b4,ILSVRC2012_val_00002983.JPEG,n07714571,936,936,0.65152615,1,imagenet_c,defocus_blur,1,none
efficientnet_b4,ILSVRC2012_val_00002993.JPEG,n07714571,936,596,0.038331788,0,imagenet_c,defocus_blur,1,none
efficientnet_b4,ILSVRC2012_val_00003020.JPEG,n07714571,936,936,0.30515453,1,imagenet_c,defocus_blur,1,none
efficientnet_b4,ILSVRC2012_val_00004443.JPEG,n07714571,936,936,0.42171136,1,imagenet_c,defocus_blur,1,none
efficientnet_b4,ILSVRC2012_val_00004936.JPEG,n07714571,936,938,0.23621157,0,imagenet_c,defocus_blur,1,none
efficientnet_b4,ILSVRC2012_val_00005214.JPEG,n07714571,936,936,0.5682916,1,imagenet_c,defocus_blur,1,none
efficientnet_b4,ILSVRC2012_val_00005749.JPEG,n07714571,936,936,0.34421998,1,imagenet_c,defocus_blur,1,none
efficientnet_b4,ILSVRC2012_val_00007647.JPEG,n07714571,936,591,0.030528711,0,imagenet_c,defocus_blur,1,none
efficientnet_b4,ILSVRC2012_val_00007752.JPEG,n07714571,936,936,0.6868826,1,imagenet_c,defocus_blur,1,none
efficientnet_b4,ILSVRC2012_val_00010154.JPEG,n07714571,936,936,0.11039973,1,imagenet_c,defocus_blur,1,none
efficientnet_b4,ILSVRC2012_val_00011241.JPEG,n07714571,936,936,0.57656693,1,imagenet_c,defocus_blur,1,none
efficientnet_b4,ILSVRC2012_val_00014348.JPEG,n07714571,936,936,0.28894532,1,imagenet_c,defocus_blur,1,none
efficientnet_b4,ILSVRC2012_val_00014750.JPEG,n07714571,936,936,0.40541035,1,imagenet_c,defocus_blur,1,none
efficientnet_b4,ILSVRC2012_val_00014761.JPEG,n07714571,936,936,0.6704228,1,imagenet_c,defocus_blur,1,none
efficientnet_b4,ILSVRC2012_val_00015246.JPEG,n07714571,936,936,0.45766073,1,imagenet_c,defocus_blur,1,none
efficientnet_b4,ILSVRC2012_val_00015437.JPEG,n07714571,936,956,0.5392937,0,imagenet_c,defocus_blur,1,none
efficientnet_b4,ILSVRC2012_val_00015805.JPEG,n07714571,936,852,0.12791714,0,imagenet_c,defocus_blur,1,none
efficientnet_b4,ILSVRC2012_val_00016627.JPEG,n07714571,936,936,0.57760745,1,imagenet_c,defocus_blur,1,none
efficientnet_b4,ILSVRC2012_val_00017211.JPEG,n07714571,936,936,0.4863671,1,imagenet_c,defocus_blur,1,none
efficientnet_b4,ILSVRC2012_val_00019287.JPEG,n07714571,936,956,0.40255618,0,imagenet_c,defocus_blur,1,none
efficientnet_b4,ILSVRC2012_val_00021265.JPEG,n07714571,936,936,0.47537404,1,imagenet_c,defocus_blur,1,none
efficientnet_b4,ILSVRC2012_val_00024224.JPEG,n07714571,936,800,0.04019215,0,imagenet_c,defocus_blur,1,none
efficientnet_b4,ILSVRC2012_val_00025211.JPEG,n07714571,936,936,0.67230666,1,imagenet_c,defocus_blur,1,none
efficientnet_b4,ILSVRC2012_val_00026463.JPEG,n07714571,936,936,0.14910354,1,imagenet_c,defocus_blur,1,none
efficientnet_b4,ILSVRC2012_val_00026819.JPEG,n07714571,936,936,0.48276475,1,imagenet_c,defocus_blur,1,none
efficientnet_b4,ILSVRC2012_val_00027632.JPEG,n07714571,936,936,0.5551017,1,imagenet_c,defocus_blur,1,none
efficientnet_b4,ILSVRC2012_val_00028051.JPEG,n07714571,936,738,0.054604743,0,imagenet_c,defocus_blur,1,none
efficientnet_b4,ILSVRC2012_val_00028079.JPEG,n07714571,936,936,0.59170425,1,imagenet_c,defocus_blur,1,none
efficientnet_b4,ILSVRC2012_val_00029098.JPEG,n07714571,936,936,0.5594405,1,imagenet_c,defocus_blur,1,none
efficientnet_b4,ILSVRC2012_val_00029321.JPEG,n07714571,936,936,0.30709684,1,imagenet_c,defocus_blur,1,none
efficientnet_b4,ILSVRC2012_val_00029598.JPEG,n07714571,936,936,0.6129943,1,imagenet_c,defocus_blur,1,none
efficientnet_b4,ILSVRC2012_val_00031177.JPEG,n07714571,936,936,0.10541369,1,imagenet_c,defocus_blur,1,none
efficientnet_b4,ILSVRC2012_val_00031722.JPEG,n07714571,936,936,0.14480443,1,imagenet_c,defocus_blur,1,none
efficientnet_b4,ILSVRC2012_val_00033354.JPEG,n07714571,936,936,0.1827213,1,imagenet_c,defocus_blur,1,none
efficientnet_b4,ILSVRC2012_val_00034877.JPEG,n07714571,936,936,0.5286999,1,imagenet_c,defocus_blur,1,none
efficientnet_b4,ILSVRC2012_val_00035929.JPEG,n07714571,936,936,0.5068197,1,imagenet_c,defocus_blur,1,none
efficientnet_b4,ILSVRC2012_val_00037102.JPEG,n07714571,936,936,0.5316924,1,imagenet_c,defocus_blur,1,none
efficientnet_b4,ILSVRC2012_val_00037934.JPEG,n07714571,936,936,0.70577127,1,imagenet_c,defocus_blur,1,none
efficientnet_b4,ILSVRC2012_val_00038733.JPEG,n07714571,936,936,0.8897263,1,imagenet_c,defocus_blur,1,none
efficientnet_b4,ILSVRC2012_val_00039050.JPEG,n07714571,936,582,0.7296731,0,imagenet_c,defocus_blur,1,none
efficientnet_b4,ILSVRC2012_val_00039258.JPEG,n07714571,936,936,0.5876408,1,imagenet_c,defocus_blur,1,none
efficientnet_b4,ILSVRC2012_val_00040469.JPEG,n07714571,936,952,0.37347418,0,imagenet_c,defocus_blur,1,none
efficientnet_b4,ILSVRC2012_val_00040475.JPEG,n07714571,936,936,0.5223655,1,imagenet_c,defocus_blur,1,none
efficientnet_b4,ILSVRC2012_val_00041102.JPEG,n07714571,936,936,0.20161042,1,imagenet_c,defocus_blur,1,none
efficientnet_b4,ILSVRC2012_val_00043273.JPEG,n07714571,936,839,0.24027039,0,imagenet_c,defocus_blur,1,none
efficientnet_b4,ILSVRC2012_val_00043778.JPEG,n07714571,936,936,0.63318324,1,imagenet_c,defocus_blur,1,none
efficientnet_b4,ILSVRC2012_val_00045744.JPEG,n07714571,936,936,0.59356904,1,imagenet_c,defocus_blur,1,none
efficientnet_b4,ILSVRC2012_val_00046631.JPEG,n07714571,936,936,0.6160366,1,imagenet_c,defocus_blur,1,none
efficientnet_b4,ILSVRC2012_val_00000155.JPEG,n07714990,937,937,0.55707574,1,imagenet_c,defocus_blur,1,none
efficientnet_b4,ILSVRC2012_val_00000165.JPEG,n07714990,937,937,0.58349264,1,imagenet_c,defocus_blur,1,none
efficientnet_b4,ILSVRC2012_val_00003600.JPEG,n07714990,937,937,0.5734544,1,imagenet_c,defocus_blur,1,none
efficientnet_b4,ILSVRC2012_val_00004207.JPEG,n07714990,937,937,0.72665626,1,imagenet_c,defocus_blur,1,none
efficientnet_b4,ILSVRC2012_val_00004241.JPEG,n07714990,937,938,0.61966246,0,imagenet_c,defocus_blur,1,none
efficientnet_b4,ILSVRC2012_val_00004819.JPEG,n07714990,937,938,0.3254296,0,imagenet_c,defocus_blur,1,none
efficientnet_b4,ILSVRC2012_val_00005143.JPEG,n07714990,937,937,0.5141119,1,imagenet_c,defocus_blur,1,none
efficientnet_b4,ILSVRC2012_val_00006939.JPEG,n07714990,937,937,0.6227416,1,imagenet_c,defocus_blur,1,none
efficientnet_b4,ILSVRC2012_val_00008416.JPEG,n07714990,937,937,0.54512215,1,imagenet_c,defocus_blur,1,none
efficientnet_b4,ILSVRC2012_val_00008642.JPEG,n07714990,937,937,0.64206827,1,imagenet_c,defocus_blur,1,none
efficientnet_b4,ILSVRC2012_val_00009259.JPEG,n07714990,937,937,0.5124341,1,imagenet_c,defocus_blur,1,none
efficientnet_b4,ILSVRC2012_val_00010470.JPEG,n07714990,937,937,0.6456673,1,imagenet_c,defocus_blur,1,none
efficientnet_b4,ILSVRC2012_val_00013519.JPEG,n07714990,937,937,0.45011047,1,imagenet_c,defocus_blur,1,none
efficientnet_b4,ILSVRC2012_val_00014546.JPEG,n07714990,937,937,0.25140807,1,imagenet_c,defocus_blur,1,none
efficientnet_b4,ILSVRC2012_val_00015318.JPEG,n07714990,937,937,0.53289825,1,imagenet_c,defocus_blur,1,none
efficientnet_b4,ILSVRC2012_val_00016725.JPEG,n07714990,937,937,0.7214481,1,imagenet_c,defocus_blur,1,none
efficientnet_b4,ILSVRC2012_val_00017289.JPEG,n07714990,937,923,0.41475815,0,imagenet_c,defocus_blur,1,none
efficientnet_b4,ILSVRC2012_val_00017318.JPEG,n07714990,937,504,0.18357316,0,imagenet_c,defocus_blur,1,none
efficientnet_b4,ILSVRC2012_val_00018650.JPEG,n07714990,937,937,0.6369866,1,imagenet_c,defocus_blur,1,none
efficientnet_b4,ILSVRC2012_val_00019851.JPEG,n07714990,937,937,0.5462152,1,imagenet_c,defocus_blur,1,none
efficientnet_b4,ILSVRC2012_val_00020545.JPEG,n07714990,937,937,0.45400634,1,imagenet_c,defocus_blur,1,none
efficientnet_b4,ILSVRC2012_val_00023008.JPEG,n07714990,937,937,0.51219803,1,imagenet_c,defocus_blur,1,none
efficientnet_b4,ILSVRC2012_val_00024367.JPEG,n07714990,937,938,0.36290112,0,imagenet_c,defocus_blur,1,none
efficientnet_b4,ILSVRC2012_val_00025693.JPEG,n07714990,937,938,0.5059952,0,imagenet_c,defocus_blur,1,none
efficientnet_b4,ILSVRC2012_val_00026774.JPEG,n07714990,937,938,0.51054984,0,imagenet_c,defocus_blur,1,none
efficientnet_b4,ILSVRC2012_val_00027503.JPEG,n07714990,937,937,0.6652143,1,imagenet_c,defocus_blur,1,none
efficientnet_b4,ILSVRC2012_val_00027637.JPEG,n07714990,937,937,0.67042506,1,imagenet_c,defocus_blur,1,none
efficientnet_b4,ILSVRC2012_val_00027971.JPEG,n07714990,937,937,0.6100843,1,imagenet_c,defocus_blur,1,none
efficientnet_b4,ILSVRC2012_val_00028003.JPEG,n07714990,937,937,0.8255197,1,imagenet_c,defocus_blur,1,none
efficientnet_b4,ILSVRC2012_val_00028304.JPEG,n07714990,937,937,0.79349136,1,imagenet_c,defocus_blur,1,none
efficientnet_b4,ILSVRC2012_val_00028740.JPEG,n07714990,937,937,0.66902006,1,imagenet_c,defocus_blur,1,none
efficientnet_b4,ILSVRC2012_val_00029722.JPEG,n07714990,937,937,0.54512924,1,imagenet_c,defocus_blur,1,none
efficientnet_b4,ILSVRC2012_val_00030197.JPEG,n07714990,937,937,0.58866596,1,imagenet_c,defocus_blur,1,none
efficientnet_b4,ILSVRC2012_val_00033384.JPEG,n07714990,937,937,0.62694764,1,imagenet_c,defocus_blur,1,none
efficientnet_b4,ILSVRC2012_val_00033534.JPEG,n07714990,937,937,0.5815226,1,imagenet_c,defocus_blur,1,none
efficientnet_b4,ILSVRC2012_val_00035639.JPEG,n07714990,937,937,0.5570644,1,imagenet_c,defocus_blur,1,none
efficientnet_b4,ILSVRC2012_val_00035742.JPEG,n07714990,937,937,0.5599757,1,imagenet_c,defocus_blur,1,none
efficientnet_b4,ILSVRC2012_val_00037690.JPEG,n07714990,937,937,0.2343914,1,imagenet_c,defocus_blur,1,none
efficientnet_b4,ILSVRC2012_val_00038204.JPEG,n07714990,937,956,0.20402582,0,imagenet_c,defocus_blur,1,none
efficientnet_b4,ILSVRC2012_val_00038267.JPEG,n07714990,937,937,0.7299915,1,imagenet_c,defocus_blur,1,none
efficientnet_b4,ILSVRC2012_val_00038338.JPEG,n07714990,937,937,0.6590274,1,imagenet_c,defocus_blur,1,none
efficientnet_b4,ILSVRC2012_val_00038518.JPEG,n07714990,937,937,0.77164,1,imagenet_c,defocus_blur,1,none
efficientnet_b4,ILSVRC2012_val_00040146.JPEG,n07714990,937,937,0.6004536,1,imagenet_c,defocus_blur,1,none
efficientnet_b4,ILSVRC2012_val_00040922.JPEG,n07714990,937,937,0.5678045,1,imagenet_c,defocus_blur,1,none
efficientnet_b4,ILSVRC2012_val_00042227.JPEG,n07714990,937,937,0.6867259,1,imagenet_c,defocus_blur,1,none
efficientnet_b4,ILSVRC2012_val_00043347.JPEG,n07714990,937,937,0.6917796,1,imagenet_c,defocus_blur,1,none
efficientnet_b4,ILSVRC2012_val_00047538.JPEG,n07714990,937,582,0.21289504,0,imagenet_c,defocus_blur,1,none
efficientnet_b4,ILSVRC2012_val_00048012.JPEG,n07714990,937,963,0.10879349,0,imagenet_c,defocus_blur,1,none
efficientnet_b4,ILSVRC2012_val_00048630.JPEG,n07714990,937,937,0.60281175,1,imagenet_c,defocus_blur,1,none
efficientnet_b4,ILSVRC2012_val_00048833.JPEG,n07714990,937,956,0.2675279,0,imagenet_c,defocus_blur,1,none
efficientnet_b4,ILSVRC2012_val_00000332.JPEG,n07715103,938,938,0.11446194,1,imagenet_c,defocus_blur,1,none
efficientnet_b4,ILSVRC2012_val_00003699.JPEG,n07715103,938,924,0.38577634,0,imagenet_c,defocus_blur,1,none
efficientnet_b4,ILSVRC2012_val_00005776.JPEG,n07715103,938,935,0.16197675,0,imagenet_c,defocus_blur,1,none
efficientnet_b4,ILSVRC2012_val_00006312.JPEG,n07715103,938,938,0.53933066,1,imagenet_c,defocus_blur,1,none
efficientnet_b4,ILSVRC2012_val_00006628.JPEG,n07715103,938,938,0.66959363,1,imagenet_c,defocus_blur,1,none
efficientnet_b4,ILSVRC2012_val_00006765.JPEG,n07715103,938,938,0.6013901,1,imagenet_c,defocus_blur,1,none
efficientnet_b4,ILSVRC2012_val_00007774.JPEG,n07715103,938,938,0.6389611,1,imagenet_c,defocus_blur,1,none
efficientnet_b4,ILSVRC2012_val_00008163.JPEG,n07715103,938,938,0.6904984,1,imagenet_c,defocus_blur,1,none
efficientnet_b4,ILSVRC2012_val_00009016.JPEG,n07715103,938,938,0.6940937,1,imagenet_c,defocus_blur,1,none
efficientnet_b4,ILSVRC2012_val_00010149.JPEG,n07715103,938,938,0.68979627,1,imagenet_c,defocus_blur,1,none
efficientnet_b4,ILSVRC2012_val_00010591.JPEG,n07715103,938,938,0.46631762,1,imagenet_c,defocus_blur,1,none
efficientnet_b4,ILSVRC2012_val_00010651.JPEG,n07715103,938,938,0.5703897,1,imagenet_c,defocus_blur,1,none
efficientnet_b4,ILSVRC2012_val_00012105.JPEG,n07715103,938,938,0.59818584,1,imagenet_c,defocus_blur,1,none
efficientnet_b4,ILSVRC2012_val_00012240.JPEG,n07715103,938,959,0.22389759,0,imagenet_c,defocus_blur,1,none
efficientnet_b4,ILSVRC2012_val_00013415.JPEG,n07715103,938,938,0.42667335,1,imagenet_c,defocus_blur,1,none
efficientnet_b4,ILSVRC2012_val_00015218.JPEG,n07715103,938,938,0.62552255,1,imagenet_c,defocus_blur,1,none
efficientnet_b4,ILSVRC2012_val_00018031.JPEG,n07715103,938,938,0.68615514,1,imagenet_c,defocus_blur,1,none
efficientnet_b4,ILSVRC2012_val_00018312.JPEG,n07715103,938,938,0.62403446,1,imagenet_c,defocus_blur,1,none
efficientnet_b4,ILSVRC2012_val_00020636.JPEG,n07715103,938,936,0.23724195,0,imagenet_c,defocus_blur,1,none
efficientnet_b4,ILSVRC2012_val_00021277.JPEG,n07715103,938,938,0.6693295,1,imagenet_c,defocus_blur,1,none
efficientnet_b4,ILSVRC2012_val_00021440.JPEG,n07715103,938,938,0.6093505,1,imagenet_c,defocus_blur,1,none
efficientnet_b4,ILSVRC2012_val_00024644.JPEG,n07715103,938,938,0.63358307,1,imagenet_c,defocus_blur,1,none
efficientnet_b4,ILSVRC2012_val_00025272.JPEG,n07715103,938,938,0.52312374,1,imagenet_c,defocus_blur,1,none
efficientnet_b4,ILSVRC2012_val_00026372.JPEG,n07715103,938,938,0.6177686,1,imagenet_c,defocus_blur,1,none
efficientnet_b4,ILSVRC2012_val_00026586.JPEG,n07715103,938,938,0.66387856,1,imagenet_c,defocus_blur,1,none
efficientnet_b4,ILSVRC2012_val_00027343.JPEG,n07715103,938,938,0.3769311,1,imagenet_c,defocus_blur,1,none
efficientnet_b4,ILSVRC2012_val_00028387.JPEG,n07715103,938,938,0.6564448,1,imagenet_c,defocus_blur,1,none
efficientnet_b4,ILSVRC2012_val_00028394.JPEG,n07715103,938,935,0.10094548,0,imagenet_c,defocus_blur,1,none
efficientnet_b4,ILSVRC2012_val_00028796.JPEG,n07715103,938,938,0.6558996,1,imagenet_c,defocus_blur,1,none
efficientnet_b4,ILSVRC2012_val_00031499.JPEG,n07715103,938,936,0.31027493,0,imagenet_c,defocus_blur,1,none
efficientnet_b4,ILSVRC2012_val_00032107.JPEG,n07715103,938,938,0.57610244,1,imagenet_c,defocus_blur,1,none
efficientnet_b4,ILSVRC2012_val_00032616.JPEG,n07715103,938,938,0.6725327,1,imagenet_c,defocus_blur,1,none
efficientnet_b4,ILSVRC2012_val_00034930.JPEG,n07715103,938,582,0.25432184,0,imagenet_c,defocus_blur,1,none
efficientnet_b4,ILSVRC2012_val_00035149.JPEG,n07715103,938,938,0.60189086,1,imagenet_c,defocus_blur,1,none
efficientnet_b4,ILSVRC2012_val_00035253.JPEG,n07715103,938,938,0.42455882,1,imagenet_c,defocus_blur,1,none
efficientnet_b4,ILSVRC2012_val_00035394.JPEG,n07715103,938,938,0.12914091,1,imagenet_c,defocus_blur,1,none
efficientnet_b4,ILSVRC2012_val_00036645.JPEG,n07715103,938,938,0.60399914,1,imagenet_c,defocus_blur,1,none
efficientnet_b4,ILSVRC2012_val_00037539.JPEG,n07715103,938,919,0.075026356,0,imagenet_c,defocus_blur,1,none
efficientnet_b4,ILSVRC2012_val_00038343.JPEG,n07715103,938,938,0.68265224,1,imagenet_c,defocus_blur,1,none
efficientnet_b4,ILSVRC2012_val_00039461.JPEG,n07715103,938,938,0.3784643,1,imagenet_c,defocus_blur,1,none
efficientnet_b4,ILSVRC2012_val_00039501.JPEG,n07715103,938,924,0.17044584,0,imagenet_c,defocus_blur,1,none
efficientnet_b4,ILSVRC2012_val_00042805.JPEG,n07715103,938,938,0.5649561,1,imagenet_c,defocus_blur,1,none
efficientnet_b4,ILSVRC2012_val_00044712.JPEG,n07715103,938,938,0.6101905,1,imagenet_c,defocus_blur,1,none
efficientnet_b4,ILSVRC2012_val_00045981.JPEG,n07715103,938,938,0.39113525,1,imagenet_c,defocus_blur,1,none
efficientnet_b4,ILSVRC2012_val_00046030.JPEG,n07715103,938,938,0.7085321,1,imagenet_c,defocus_blur,1,none
efficientnet_b4,ILSVRC2012_val_00046405.JPEG,n07715103,938,938,0.73943067,1,imagenet_c,defocus_blur,1,none
efficientnet_b4,ILSVRC2012_val_00047140.JPEG,n07715103,938,938,0.72917205,1,imagenet_c,defocus_blur,1,none
efficientnet_b4,ILSVRC2012_val_00047937.JPEG,n07715103,938,938,0.3271604,1,imagenet_c,defocus_blur,1,none
efficientnet_b4,ILSVRC2012_val_00048429.JPEG,n07715103,938,938,0.5422629,1,imagenet_c,defocus_blur,1,none
efficientnet_b4,ILSVRC2012_val_00049310.JPEG,n07715103,938,938,0.60698986,1,imagenet_c,defocus_blur,1,none
efficientnet_b4,ILSVRC2012_val_00000554.JPEG,n07716358,939,939,0.43211105,1,imagenet_c,defocus_blur,1,none
efficientnet_b4,ILSVRC2012_val_00002865.JPEG,n07716358,939,582,0.4626572,0,imagenet_c,defocus_blur,1,none
efficientnet_b4,ILSVRC2012_val_00003525.JPEG,n07716358,939,939,0.43670297,1,imagenet_c,defocus_blur,1,none
efficientnet_b4,ILSVRC2012_val_00003660.JPEG,n07716358,939,939,0.67341095,1,imagenet_c,defocus_blur,1,none
efficientnet_b4,ILSVRC2012_val_00003681.JPEG,n07716358,939,939,0.27902475,1,imagenet_c,defocus_blur,1,none
efficientnet_b4,ILSVRC2012_val_00004951.JPEG,n07716358,939,89,0.014728343,0,imagenet_c,defocus_blur,1,none
efficientnet_b4,ILSVRC2012_val_00006047.JPEG,n07716358,939,939,0.37360498,1,imagenet_c,defocus_blur,1,none
efficientnet_b4,ILSVRC2012_val_00006290.JPEG,n07716358,939,939,0.32075116,1,imagenet_c,defocus_blur,1,none
efficientnet_b4,ILSVRC2012_val_00007531.JPEG,n07716358,939,943,0.18154898,0,imagenet_c,defocus_blur,1,none
efficientnet_b4,ILSVRC2012_val_00008225.JPEG,n07716358,939,939,0.44257337,1,imagenet_c,defocus_blur,1,none
efficientnet_b4,ILSVRC2012_val_00009543.JPEG,n07716358,939,939,0.3118167,1,imagenet_c,defocus_blur,1,none
efficientnet_b4,ILSVRC2012_val_00010332.JPEG,n07716358,939,943,0.341257,0,imagenet_c,defocus_blur,1,none
efficientnet_b4,ILSVRC2012_val_00010520.JPEG,n07716358,939,943,0.31621626,0,imagenet_c,defocus_blur,1,none
efficientnet_b4,ILSVRC2012_val_00010580.JPEG,n07716358,939,939,0.3574043,1,imagenet_c,defocus_blur,1,none
efficientnet_b4,ILSVRC2012_val_00011259.JPEG,n07716358,939,939,0.54558945,1,imagenet_c,defocus_blur,1,none
efficientnet_b4,ILSVRC2012_val_00012513.JPEG,n07716358,939,939,0.4493783,1,imagenet_c,defocus_blur,1,none
efficientnet_b4,ILSVRC2012_val_00012598.JPEG,n07716358,939,738,0.079773046,0,imagenet_c,defocus_blur,1,none
efficientnet_b4,ILSVRC2012_val_00013114.JPEG,n07716358,939,939,0.44812334,1,imagenet_c,defocus_blur,1,none
efficientnet_b4,ILSVRC2012_val_00013592.JPEG,n07716358,939,943,0.17236547,0,imagenet_c,defocus_blur,1,none
efficientnet_b4,ILSVRC2012_val_00013849.JPEG,n07716358,939,939,0.6806617,1,imagenet_c,defocus_blur,1,none
efficientnet_b4,ILSVRC2012_val_00016062.JPEG,n07716358,939,939,0.8832156,1,imagenet_c,defocus_blur,1,none
efficientnet_b4,ILSVRC2012_val_00016672.JPEG,n07716358,939,939,0.511494,1,imagenet_c,defocus_blur,1,none
efficientnet_b4,ILSVRC2012_val_00017362.JPEG,n07716358,939,939,0.47646666,1,imagenet_c,defocus_blur,1,none
efficientnet_b4,ILSVRC2012_val_00018152.JPEG,n07716358,939,943,0.027662382,0,imagenet_c,defocus_blur,1,none
efficientnet_b4,ILSVRC2012_val_00018255.JPEG,n07716358,939,939,0.48791128,1,imagenet_c,defocus_blur,1,none
efficientnet_b4,ILSVRC2012_val_00018817.JPEG,n07716358,939,939,0.29369026,1,imagenet_c,defocus_blur,1,none
efficientnet_b4,ILSVRC2012_val_00020174.JPEG,n07716358,939,738,0.16511986,0,imagenet_c,defocus_blur,1,none
efficientnet_b4,ILSVRC2012_val_00022611.JPEG,n07716358,939,59,0.10600297,0,imagenet_c,defocus_blur,1,none
efficientnet_b4,ILSVRC2012_val_00022784.JPEG,n07716358,939,939,0.5099249,1,imagenet_c,defocus_blur,1,none
efficientnet_b4,ILSVRC2012_val_00023848.JPEG,n07716358,939,941,0.3369108,0,imagenet_c,defocus_blur,1,none
efficientnet_b4,ILSVRC2012_val_00024556.JPEG,n07716358,939,939,0.49322262,1,imagenet_c,defocus_blur,1,none
efficientnet_b4,ILSVRC2012_val_00025857.JPEG,n07716358,939,939,0.5630023,1,imagenet_c,defocus_blur,1,none
efficientnet_b4,ILSVRC2012_val_00026318.JPEG,n07716358,939,943,0.27937695,0,imagenet_c,defocus_blur,1,none
efficientnet_b4,ILSVRC2012_val_00030332.JPEG,n07716358,939,939,0.16638169,1,imagenet_c,defocus_blur,1,none
efficientnet_b4,ILSVRC2012_val_00030914.JPEG,n07716358,939,939,0.48198465,1,imagenet_c,defocus_blur,1,none
efficientnet_b4,ILSVRC2012_val_00032041.JPEG,n07716358,939,939,0.38776734,1,imagenet_c,defocus_blur,1,none
efficientnet_b4,ILSVRC2012_val_00033681.JPEG,n07716358,939,939,0.43994507,1,imagenet_c,defocus_blur,1,none
efficientnet_b4,ILSVRC2012_val_00034308.JPEG,n07716358,939,943,0.2438186,0,imagenet_c,defocus_blur,1,none
efficientnet_b4,ILSVRC2012_val_00036142.JPEG,n07716358,939,939,0.3703978,1,imagenet_c,defocus_blur,1,none
efficientnet_b4,ILSVRC2012_val_00038310.JPEG,n07716358,939,939,0.48553333,1,imagenet_c,defocus_blur,1,none
efficientnet_b4,ILSVRC2012_val_00039647.JPEG,n07716358,939,939,0.44856262,1,imagenet_c,defocus_blur,1,none
efficientnet_b4,ILSVRC2012_val_00040497.JPEG,n07716358,939,939,0.6696588,1,imagenet_c,defocus_blur,1,none
efficientnet_b4,ILSVRC2012_val_00040637.JPEG,n07716358,939,939,0.19607154,1,imagenet_c,defocus_blur,1,none
efficientnet_b4,ILSVRC2012_val_00041474.JPEG,n07716358,939,939,0.5869364,1,imagenet_c,defocus_blur,1,none
efficientnet_b4,ILSVRC2012_val_00041945.JPEG,n07716358,939,939,0.33722126,1,imagenet_c,defocus_blur,1,none
efficientnet_b4,ILSVRC2012_val_00042295.JPEG,n07716358,939,939,0.24448563,1,imagenet_c,defocus_blur,1,none
efficientnet_b4,ILSVRC2012_val_00044128.JPEG,n07716358,939,939,0.5068138,1,imagenet_c,defocus_blur,1,none
efficientnet_b4,ILSVRC2012_val_00047036.JPEG,n07716358,939,939,0.5543168,1,imagenet_c,defocus_blur,1,none
efficientnet_b4,ILSVRC2012_val_00049080.JPEG,n07716358,939,939,0.6499601,1,imagenet_c,defocus_blur,1,none
efficientnet_b4,ILSVRC2012_val_00049877.JPEG,n07716358,939,939,0.6111452,1,imagenet_c,defocus_blur,1,none
efficientnet_b4,ILSVRC2012_val_00000461.JPEG,n07716906,940,940,0.5314064,1,imagenet_c,defocus_blur,1,none
efficientnet_b4,ILSVRC2012_val_00000886.JPEG,n07716906,940,940,0.37500697,1,imagenet_c,defocus_blur,1,none
efficientnet_b4,ILSVRC2012_val_00002343.JPEG,n07716906,940,940,0.3094607,1,imagenet_c,defocus_blur,1,none
efficientnet_b4,ILSVRC2012_val_00004357.JPEG,n07716906,940,940,0.58723897,1,imagenet_c,defocus_blur,1,none
efficientnet_b4,ILSVRC2012_val_00006018.JPEG,n07716906,940,951,0.3294433,0,imagenet_c,defocus_blur,1,none
efficientnet_b4,ILSVRC2012_val_00006238.JPEG,n07716906,940,940,0.35872716,1,imagenet_c,defocus_blur,1,none
efficientnet_b4,ILSVRC2012_val_00008554.JPEG,n07716906,940,940,0.7008744,1,imagenet_c,defocus_blur,1,none
efficientnet_b4,ILSVRC2012_val_00010384.JPEG,n07716906,940,940,0.579985,1,imagenet_c,defocus_blur,1,none
efficientnet_b4,ILSVRC2012_val_00010743.JPEG,n07716906,940,940,0.77392095,1,imagenet_c,defocus_blur,1,none
efficientnet_b4,ILSVRC2012_val_00011140.JPEG,n07716906,940,940,0.5145474,1,imagenet_c,defocus_blur,1,none
efficientnet_b4,ILSVRC2012_val_00013305.JPEG,n07716906,940,940,0.6837411,1,imagenet_c,defocus_blur,1,none
efficientnet_b4,ILSVRC2012_val_00013692.JPEG,n07716906,940,942,0.4023849,0,imagenet_c,defocus_blur,1,none
efficientnet_b4,ILSVRC2012_val_00013755.JPEG,n07716906,940,942,0.3404279,0,imagenet_c,defocus_blur,1,none
efficientnet_b4,ILSVRC2012_val_00014384.JPEG,n07716906,940,940,0.66399944,1,imagenet_c,defocus_blur,1,none
efficientnet_b4,ILSVRC2012_val_00014623.JPEG,n07716906,940,942,0.22578174,0,imagenet_c,defocus_blur,1,none
efficientnet_b4,ILSVRC2012_val_00015194.JPEG,n07716906,940,940,0.1836355,1,imagenet_c,defocus_blur,1,none
efficientnet_b4,ILSVRC2012_val_00017224.JPEG,n07716906,940,941,0.34326386,0,imagenet_c,defocus_blur,1,none
efficientnet_b4,ILSVRC2012_val_00017526.JPEG,n07716906,940,940,0.52849144,1,imagenet_c,defocus_blur,1,none
efficientnet_b4,ILSVRC2012_val_00018457.JPEG,n07716906,940,964,0.12510128,0,imagenet_c,defocus_blur,1,none
efficientnet_b4,ILSVRC2012_val_00019550.JPEG,n07716906,940,940,0.64376104,1,imagenet_c,defocus_blur,1,none
efficientnet_b4,ILSVRC2012_val_00019934.JPEG,n07716906,940,940,0.54037017,1,imagenet_c,defocus_blur,1,none
efficientnet_b4,ILSVRC2012_val_00021629.JPEG,n07716906,940,940,0.5188559,1,imagenet_c,defocus_blur,1,none
efficientnet_b4,ILSVRC2012_val_00022147.JPEG,n07716906,940,940,0.5115967,1,imagenet_c,defocus_blur,1,none
efficientnet_b4,ILSVRC2012_val_00022678.JPEG,n07716906,940,940,0.5455555,1,imagenet_c,defocus_blur,1,none
efficientnet_b4,ILSVRC2012_val_00024988.JPEG,n07716906,940,940,0.25821903,1,imagenet_c,defocus_blur,1,none
efficientnet_b4,ILSVRC2012_val_00025007.JPEG,n07716906,940,940,0.27865365,1,imagenet_c,defocus_blur,1,none
efficientnet_b4,ILSVRC2012_val_00025707.JPEG,n07716906,940,940,0.52644783,1,imagenet_c,defocus_blur,1,none
efficientnet_b4,ILSVRC2012_val_00026745.JPEG,n07716906,940,940,0.8154077,1,imagenet_c,defocus_blur,1,none
efficientnet_b4,ILSVRC2012_val_00027973.JPEG,n07716906,940,940,0.42625457,1,imagenet_c,defocus_blur,1,none
efficientnet_b4,ILSVRC2012_val_00028212.JPEG,n07716906,940,940,0.52110326,1,imagenet_c,defocus_blur,1,none
efficientnet_b4,ILSVRC2012_val_00028556.JPEG,n07716906,940,940,0.63013047,1,imagenet_c,defocus_blur,1,none
efficientnet_b4,ILSVRC2012_val_00030465.JPEG,n07716906,940,940,0.6860767,1,imagenet_c,defocus_blur,1,none
efficientnet_b4,ILSVRC2012_val_00031469.JPEG,n07716906,940,969,0.34496772,0,imagenet_c,defocus_blur,1,none
efficientnet_b4,ILSVRC2012_val_00032530.JPEG,n07716906,940,940,0.6158968,1,imagenet_c,defocus_blur,1,none
efficientnet_b4,ILSVRC2012_val_00032542.JPEG,n07716906,940,940,0.57037467,1,imagenet_c,defocus_blur,1,none
efficientnet_b4,ILSVRC2012_val_00033247.JPEG,n07716906,940,940,0.6686833,1,imagenet_c,defocus_blur,1,none
efficientnet_b4,ILSVRC2012_val_00033271.JPEG,n07716906,940,940,0.36186093,1,imagenet_c,defocus_blur,1,none
efficientnet_b4,ILSVRC2012_val_00034474.JPEG,n07716906,940,813,0.14092737,0,imagenet_c,defocus_blur,1,none
efficientnet_b4,ILSVRC2012_val_00034580.JPEG,n07716906,940,940,0.6633001,1,imagenet_c,defocus_blur,1,none
efficientnet_b4,ILSVRC2012_val_00035527.JPEG,n07716906,940,940,0.5626622,1,imagenet_c,defocus_blur,1,none
efficientnet_b4,ILSVRC2012_val_00036927.JPEG,n07716906,940,940,0.2852756,1,imagenet_c,defocus_blur,1,none
efficientnet_b4,ILSVRC2012_val_00037969.JPEG,n07716906,940,940,0.39403975,1,imagenet_c,defocus_blur,1,none
efficientnet_b4,ILSVRC2012_val_00038315.JPEG,n07716906,940,940,0.57896715,1,imagenet_c,defocus_blur,1,none
efficientnet_b4,ILSVRC2012_val_00038602.JPEG,n07716906,940,940,0.69790196,1,imagenet_c,defocus_blur,1,none
efficientnet_b4,ILSVRC2012_val_00040037.JPEG,n07716906,940,940,0.5338811,1,imagenet_c,defocus_blur,1,none
efficientnet_b4,ILSVRC2012_val_00042582.JPEG,n07716906,940,940,0.45019874,1,imagenet_c,defocus_blur,1,none
efficientnet_b4,ILSVRC2012_val_00042806.JPEG,n07716906,940,940,0.3412651,1,imagenet_c,defocus_blur,1,none
efficientnet_b4,ILSVRC2012_val_00043959.JPEG,n07716906,940,940,0.63744473,1,imagenet_c,defocus_blur,1,none
efficientnet_b4,ILSVRC2012_val_00046653.JPEG,n07716906,940,940,0.52296895,1,imagenet_c,defocus_blur,1,none
efficientnet_b4,ILSVRC2012_val_00047441.JPEG,n07716906,940,940,0.8160881,1,imagenet_c,defocus_blur,1,none
efficientnet_b4,ILSVRC2012_val_00001932.JPEG,n07717410,941,941,0.37967816,1,imagenet_c,defocus_blur,1,none
efficientnet_b4,ILSVRC2012_val_00004022.JPEG,n07717410,941,941,0.33461955,1,imagenet_c,defocus_blur,1,none
efficientnet_b4,ILSVRC2012_val_00005743.JPEG,n07717410,941,941,0.5200071,1,imagenet_c,defocus_blur,1,none
efficientnet_b4,ILSVRC2012_val_00010479.JPEG,n07717410,941,941,0.67435956,1,imagenet_c,defocus_blur,1,none
efficientnet_b4,ILSVRC2012_val_00011443.JPEG,n07717410,941,940,0.26405317,0,imagenet_c,defocus_blur,1,none
efficientnet_b4,ILSVRC2012_val_00012215.JPEG,n07717410,941,941,0.39932707,1,imagenet_c,defocus_blur,1,none
efficientnet_b4,ILSVRC2012_val_00013626.JPEG,n07717410,941,941,0.44734317,1,imagenet_c,defocus_blur,1,none
efficientnet_b4,ILSVRC2012_val_00014177.JPEG,n07717410,941,987,0.079454824,0,imagenet_c,defocus_blur,1,none
efficientnet_b4,ILSVRC2012_val_00015486.JPEG,n07717410,941,940,0.24829945,0,imagenet_c,defocus_blur,1,none
efficientnet_b4,ILSVRC2012_val_00015743.JPEG,n07717410,941,941,0.49263746,1,imagenet_c,defocus_blur,1,none
efficientnet_b4,ILSVRC2012_val_00016210.JPEG,n07717410,941,941,0.6872444,1,imagenet_c,defocus_blur,1,none
efficientnet_b4,ILSVRC2012_val_00016533.JPEG,n07717410,941,941,0.70670253,1,imagenet_c,defocus_blur,1,none
efficientnet_b4,ILSVRC2012_val_00017355.JPEG,n07717410,941,942,0.15459614,0,imagenet_c,defocus_blur,1,none
efficientnet_b4,ILSVRC2012_val_00017741.JPEG,n07717410,941,941,0.3219246,1,imagenet_c,defocus_blur,1,none
efficientnet_b4,ILSVRC2012_val_00018424.JPEG,n07717410,941,939,0.28599578,0,imagenet_c,defocus_blur,1,none
efficientnet_b4,ILSVRC2012_val_00019317.JPEG,n07717410,941,941,0.3445511,1,imagenet_c,defocus_blur,1,none
efficientnet_b4,ILSVRC2012_val_00020078.JPEG,n07717410,941,941,0.395388,1,imagenet_c,defocus_blur,1,none
efficientnet_b4,ILSVRC2012_val_00020547.JPEG,n07717410,941,941,0.4924792,1,imagenet_c,defocus_blur,1,none
efficientnet_b4,ILSVRC2012_val_00023613.JPEG,n07717410,941,941,0.28215882,1,imagenet_c,defocus_blur,1,none
efficientnet_b4,ILSVRC2012_val_00024232.JPEG,n07717410,941,941,0.57473385,1,imagenet_c,defocus_blur,1,none
efficientnet_b4,ILSVRC2012_val_00024803.JPEG,n07717410,941,940,0.20726041,0,imagenet_c,defocus_blur,1,none
efficientnet_b4,ILSVRC2012_val_00025094.JPEG,n07717410,941,941,0.5022097,1,imagenet_c,defocus_blur,1,none
efficientnet_b4,ILSVRC2012_val_00025095.JPEG,n07717410,941,941,0.69546044,1,imagenet_c,defocus_blur,1,none
efficientnet_b4,ILSVRC2012_val_00025236.JPEG,n07717410,941,941,0.4144977,1,imagenet_c,defocus_blur,1,none
efficientnet_b4,ILSVRC2012_val_00027302.JPEG,n07717410,941,941,0.49376255,1,imagenet_c,defocus_blur,1,none
efficientnet_b4,ILSVRC2012_val_00027320.JPEG,n07717410,941,941,0.3343381,1,imagenet_c,defocus_blur,1,none
efficientnet_b4,ILSVRC2012_val_00027369.JPEG,n07717410,941,941,0.34430295,1,imagenet_c,defocus_blur,1,none
efficientnet_b4,ILSVRC2012_val_00027565.JPEG,n07717410,941,941,0.38673213,1,imagenet_c,defocus_blur,1,none
efficientnet_b4,ILSVRC2012_val_00027719.JPEG,n07717410,941,941,0.44263595,1,imagenet_c,defocus_blur,1,none
efficientnet_b4,ILSVRC2012_val_00027745.JPEG,n07717410,941,941,0.56967044,1,imagenet_c,defocus_blur,1,none
efficientnet_b4,ILSVRC2012_val_00030247.JPEG,n07717410,941,941,0.51360095,1,imagenet_c,defocus_blur,1,none
efficientnet_b4,ILSVRC2012_val_00031841.JPEG,n07717410,941,941,0.2884013,1,imagenet_c,defocus_blur,1,none
efficientnet_b4,ILSVRC2012_val_00031900.JPEG,n07717410,941,941,0.5264124,1,imagenet_c,defocus_blur,1,none
efficientnet_b4,ILSVRC2012_val_00033494.JPEG,n07717410,941,941,0.19882631,1,imagenet_c,defocus_blur,1,none
efficientnet_b4,ILSVRC2012_val_00034687.JPEG,n07717410,941,941,0.26750365,1,imagenet_c,defocus_blur,1,none
efficientnet_b4,ILSVRC2012_val_00035030.JPEG,n07717410,941,941,0.3476523,1,imagenet_c,defocus_blur,1,none
efficientnet_b4,ILSVRC2012_val_00035066.JPEG,n07717410,941,941,0.564547,1,imagenet_c,defocus_blur,1,none
efficientnet_b4,ILSVRC2012_val_00036372.JPEG,n07717410,941,941,0.52301264,1,imagenet_c,defocus_blur,1,none
efficientnet_b4,ILSVRC2012_val_00038017.JPEG,n07717410,941,941,0.5083737,1,imagenet_c,defocus_blur,1,none
efficientnet_b4,ILSVRC2012_val_00038040.JPEG,n07717410,941,941,0.11868373,1,imagenet_c,defocus_blur,1,none
efficientnet_b4,ILSVRC2012_val_00040432.JPEG,n07717410,941,941,0.474504,1,imagenet_c,defocus_blur,1,none
efficientnet_b4,ILSVRC2012_val_00041454.JPEG,n07717410,941,941,0.27148896,1,imagenet_c,defocus_blur,1,none
efficientnet_b4,ILSVRC2012_val_00042080.JPEG,n07717410,941,941,0.51516145,1,imagenet_c,defocus_blur,1,none
efficientnet_b4,ILSVRC2012_val_00042453.JPEG,n07717410,941,941,0.41497362,1,imagenet_c,defocus_blur,1,none
efficientnet_b4,ILSVRC2012_val_00042721.JPEG,n07717410,941,942,0.15809724,0,imagenet_c,defocus_blur,1,none
efficientnet_b4,ILSVRC2012_val_00043378.JPEG,n07717410,941,941,0.5249843,1,imagenet_c,defocus_blur,1,none
efficientnet_b4,ILSVRC2012_val_00043596.JPEG,n07717410,941,941,0.53714097,1,imagenet_c,defocus_blur,1,none
efficientnet_b4,ILSVRC2012_val_00044136.JPEG,n07717410,941,941,0.445372,1,imagenet_c,defocus_blur,1,none
efficientnet_b4,ILSVRC2012_val_00044960.JPEG,n07717410,941,941,0.45360103,1,imagenet_c,defocus_blur,1,none
efficientnet_b4,ILSVRC2012_val_00048596.JPEG,n07717410,941,941,0.6059693,1,imagenet_c,defocus_blur,1,none
efficientnet_b4,ILSVRC2012_val_00000674.JPEG,n07717556,942,942,0.6449049,1,imagenet_c,defocus_blur,1,none
efficientnet_b4,ILSVRC2012_val_00001507.JPEG,n07717556,942,942,0.3322307,1,imagenet_c,defocus_blur,1,none
efficientnet_b4,ILSVRC2012_val_00007214.JPEG,n07717556,942,937,0.2570494,0,imagenet_c,defocus_blur,1,none
efficientnet_b4,ILSVRC2012_val_00007798.JPEG,n07717556,942,942,0.4609383,1,imagenet_c,defocus_blur,1,none
efficientnet_b4,ILSVRC2012_val_00011524.JPEG,n07717556,942,942,0.7239533,1,imagenet_c,defocus_blur,1,none
efficientnet_b4,ILSVRC2012_val_00011945.JPEG,n07717556,942,942,0.38482347,1,imagenet_c,defocus_blur,1,none
efficientnet_b4,ILSVRC2012_val_00012047.JPEG,n07717556,942,940,0.11075767,0,imagenet_c,defocus_blur,1,none
efficientnet_b4,ILSVRC2012_val_00012599.JPEG,n07717556,942,956,0.09646425,0,imagenet_c,defocus_blur,1,none
efficientnet_b4,ILSVRC2012_val_00012757.JPEG,n07717556,942,658,0.49007207,0,imagenet_c,defocus_blur,1,none
efficientnet_b4,ILSVRC2012_val_00013254.JPEG,n07717556,942,942,0.4371859,1,imagenet_c,defocus_blur,1,none
efficientnet_b4,ILSVRC2012_val_00013286.JPEG,n07717556,942,942,0.5865236,1,imagenet_c,defocus_blur,1,none
efficientnet_b4,ILSVRC2012_val_00015447.JPEG,n07717556,942,942,0.32817525,1,imagenet_c,defocus_blur,1,none
efficientnet_b4,ILSVRC2012_val_00017014.JPEG,n07717556,942,942,0.39346036,1,imagenet_c,defocus_blur,1,none
efficientnet_b4,ILSVRC2012_val_00017449.JPEG,n07717556,942,942,0.7480252,1,imagenet_c,defocus_blur,1,none
efficientnet_b4,ILSVRC2012_val_00017689.JPEG,n07717556,942,942,0.62048817,1,imagenet_c,defocus_blur,1,none
efficientnet_b4,ILSVRC2012_val_00018860.JPEG,n07717556,942,942,0.34816822,1,imagenet_c,defocus_blur,1,none
efficientnet_b4,ILSVRC2012_val_00020363.JPEG,n07717556,942,942,0.6073792,1,imagenet_c,defocus_blur,1,none
efficientnet_b4,ILSVRC2012_val_00021097.JPEG,n07717556,942,942,0.6973096,1,imagenet_c,defocus_blur,1,none
efficientnet_b4,ILSVRC2012_val_00021200.JPEG,n07717556,942,942,0.1361323,1,imagenet_c,defocus_blur,1,none
efficientnet_b4,ILSVRC2012_val_00021508.JPEG,n07717556,942,942,0.41268134,1,imagenet_c,defocus_blur,1,none
efficientnet_b4,ILSVRC2012_val_00023060.JPEG,n07717556,942,758,0.109748796,0,imagenet_c,defocus_blur,1,none
efficientnet_b4,ILSVRC2012_val_00024862.JPEG,n07717556,942,956,0.09479714,0,imagenet_c,defocus_blur,1,none
efficientnet_b4,ILSVRC2012_val_00025456.JPEG,n07717556,942,964,0.5189597,0,imagenet_c,defocus_blur,1,none
efficientnet_b4,ILSVRC2012_val_00026038.JPEG,n07717556,942,942,0.41855866,1,imagenet_c,defocus_blur,1,none
efficientnet_b4,ILSVRC2012_val_00027072.JPEG,n07717556,942,942,0.2820338,1,imagenet_c,defocus_blur,1,none
efficientnet_b4,ILSVRC2012_val_00029151.JPEG,n07717556,942,940,0.32863277,0,imagenet_c,defocus_blur,1,none
efficientnet_b4,ILSVRC2012_val_00029526.JPEG,n07717556,942,942,0.5963629,1,imagenet_c,defocus_blur,1,none
efficientnet_b4,ILSVRC2012_val_00029658.JPEG,n07717556,942,942,0.42272323,1,imagenet_c,defocus_blur,1,none
efficientnet_b4,ILSVRC2012_val_00030092.JPEG,n07717556,942,942,0.32339388,1,imagenet_c,defocus_blur,1,none
efficientnet_b4,ILSVRC2012_val_00030324.JPEG,n07717556,942,940,0.27237815,0,imagenet_c,defocus_blur,1,none
efficientnet_b4,ILSVRC2012_val_00030572.JPEG,n07717556,942,942,0.23786028,1,imagenet_c,defocus_blur,1,none
efficientnet_b4,ILSVRC2012_val_00031873.JPEG,n07717556,942,942,0.3415037,1,imagenet_c,defocus_blur,1,none
efficientnet_b4,ILSVRC2012_val_00032116.JPEG,n07717556,942,309,0.15214683,0,imagenet_c,defocus_blur,1,none
efficientnet_b4,ILSVRC2012_val_00032936.JPEG,n07717556,942,942,0.47517782,1,imagenet_c,defocus_blur,1,none
efficientnet_b4,ILSVRC2012_val_00033809.JPEG,n07717556,942,942,0.23802431,1,imagenet_c,defocus_blur,1,none
efficientnet_b4,ILSVRC2012_val_00035002.JPEG,n07717556,942,965,0.14945786,0,imagenet_c,defocus_blur,1,none
efficientnet_b4,ILSVRC2012_val_00035220.JPEG,n07717556,942,942,0.21665931,1,imagenet_c,defocus_blur,1,none
efficientnet_b4,ILSVRC2012_val_00037287.JPEG,n07717556,942,942,0.6537657,1,imagenet_c,defocus_blur,1,none
efficientnet_b4,ILSVRC2012_val_00037725.JPEG,n07717556,942,464,0.07480741,0,imagenet_c,defocus_blur,1,none
efficientnet_b4,ILSVRC2012_val_00037782.JPEG,n07717556,942,942,0.46631715,1,imagenet_c,defocus_blur,1,none
efficientnet_b4,ILSVRC2012_val_00038404.JPEG,n07717556,942,942,0.45331526,1,imagenet_c,defocus_blur,1,none
efficientnet_b4,ILSVRC2012_val_00039890.JPEG,n07717556,942,942,0.46727672,1,imagenet_c,defocus_blur,1,none
efficientnet_b4,ILSVRC2012_val_00041674.JPEG,n07717556,942,942,0.14621621,1,imagenet_c,defocus_blur,1,none
efficientnet_b4,ILSVRC2012_val_00042937.JPEG,n07717556,942,942,0.5443896,1,imagenet_c,defocus_blur,1,none
efficientnet_b4,ILSVRC2012_val_00044236.JPEG,n07717556,942,942,0.34810144,1,imagenet_c,defocus_blur,1,none
efficientnet_b4,ILSVRC2012_val_00045122.JPEG,n07717556,942,942,0.36483002,1,imagenet_c,defocus_blur,1,none
efficientnet_b4,ILSVRC2012_val_00045320.JPEG,n07717556,942,942,0.48254398,1,imagenet_c,defocus_blur,1,none
efficientnet_b4,ILSVRC2012_val_00047933.JPEG,n07717556,942,964,0.07614739,0,imagenet_c,defocus_blur,1,none
efficientnet_b4,ILSVRC2012_val_00048092.JPEG,n07717556,942,942,0.59226656,1,imagenet_c,defocus_blur,1,none
efficientnet_b4,ILSVRC2012_val_00049875.JPEG,n07717556,942,940,0.25086188,0,imagenet_c,defocus_blur,1,none
efficientnet_b4,ILSVRC2012_val_00000463.JPEG,n07718472,943,943,0.6013742,1,imagenet_c,defocus_blur,1,none
efficientnet_b4,ILSVRC2012_val_00001392.JPEG,n07718472,943,582,0.6545077,0,imagenet_c,defocus_blur,1,none
efficientnet_b4,ILSVRC2012_val_00001615.JPEG,n07718472,943,738,0.20389551,0,imagenet_c,defocus_blur,1,none
efficientnet_b4,ILSVRC2012_val_00001920.JPEG,n07718472,943,943,0.56721705,1,imagenet_c,defocus_blur,1,none
efficientnet_b4,ILSVRC2012_val_00005593.JPEG,n07718472,943,943,0.23104419,1,imagenet_c,defocus_blur,1,none
efficientnet_b4,ILSVRC2012_val_00007110.JPEG,n07718472,943,943,0.34778842,1,imagenet_c,defocus_blur,1,none
efficientnet_b4,ILSVRC2012_val_00007748.JPEG,n07718472,943,943,0.42167524,1,imagenet_c,defocus_blur,1,none
efficientnet_b4,ILSVRC2012_val_00010054.JPEG,n07718472,943,940,0.10538509,0,imagenet_c,defocus_blur,1,none
efficientnet_b4,ILSVRC2012_val_00010188.JPEG,n07718472,943,692,0.2948146,0,imagenet_c,defocus_blur,1,none
efficientnet_b4,ILSVRC2012_val_00010447.JPEG,n07718472,943,939,0.38736844,0,imagenet_c,defocus_blur,1,none
efficientnet_b4,ILSVRC2012_val_00013973.JPEG,n07718472,943,943,0.5244651,1,imagenet_c,defocus_blur,1,none
efficientnet_b4,ILSVRC2012_val_00015777.JPEG,n07718472,943,943,0.19431521,1,imagenet_c,defocus_blur,1,none
efficientnet_b4,ILSVRC2012_val_00015993.JPEG,n07718472,943,939,0.5221169,0,imagenet_c,defocus_blur,1,none
efficientnet_b4,ILSVRC2012_val_00016813.JPEG,n07718472,943,943,0.11826861,1,imagenet_c,defocus_blur,1,none
efficientnet_b4,ILSVRC2012_val_00017427.JPEG,n07718472,943,923,0.14586084,0,imagenet_c,defocus_blur,1,none
efficientnet_b4,ILSVRC2012_val_00017489.JPEG,n07718472,943,943,0.672747,1,imagenet_c,defocus_blur,1,none
efficientnet_b4,ILSVRC2012_val_00018495.JPEG,n07718472,943,939,0.32243454,0,imagenet_c,defocus_blur,1,none
efficientnet_b4,ILSVRC2012_val_00019290.JPEG,n07718472,943,943,0.5607859,1,imagenet_c,defocus_blur,1,none
efficientnet_b4,ILSVRC2012_val_00022886.JPEG,n07718472,943,939,0.16526869,0,imagenet_c,defocus_blur,1,none
efficientnet_b4,ILSVRC2012_val_00023028.JPEG,n07718472,943,943,0.44066906,1,imagenet_c,defocus_blur,1,none
efficientnet_b4,ILSVRC2012_val_00023139.JPEG,n07718472,943,939,0.4047984,0,imagenet_c,defocus_blur,1,none
efficientnet_b4,ILSVRC2012_val_00023388.JPEG,n07718472,943,943,0.4826533,1,imagenet_c,defocus_blur,1,none
efficientnet_b4,ILSVRC2012_val_00023525.JPEG,n07718472,943,939,0.30943975,0,imagenet_c,defocus_blur,1,none
efficientnet_b4,ILSVRC2012_val_00023606.JPEG,n07718472,943,692,0.32235676,0,imagenet_c,defocus_blur,1,none
efficientnet_b4,ILSVRC2012_val_00025124.JPEG,n07718472,943,943,0.33683056,1,imagenet_c,defocus_blur,1,none
efficientnet_b4,ILSVRC2012_val_00025145.JPEG,n07718472,943,943,0.42901888,1,imagenet_c,defocus_blur,1,none
efficientnet_b4,ILSVRC2012_val_00025582.JPEG,n07718472,943,939,0.45530745,0,imagenet_c,defocus_blur,1,none
efficientnet_b4,ILSVRC2012_val_00025981.JPEG,n07718472,943,940,0.31210724,0,imagenet_c,defocus_blur,1,none
efficientnet_b4,ILSVRC2012_val_00029220.JPEG,n07718472,943,943,0.27295485,1,imagenet_c,defocus_blur,1,none
efficientnet_b4,ILSVRC2012_val_00030457.JPEG,n07718472,943,969,0.11653587,0,imagenet_c,defocus_blur,1,none
efficientnet_b4,ILSVRC2012_val_00030797.JPEG,n07718472,943,943,0.52480036,1,imagenet_c,defocus_blur,1,none
efficientnet_b4,ILSVRC2012_val_00034044.JPEG,n07718472,943,924,0.23561266,0,imagenet_c,defocus_blur,1,none
efficientnet_b4,ILSVRC2012_val_00035698.JPEG,n07718472,943,943,0.17034425,1,imagenet_c,defocus_blur,1,none
efficientnet_b4,ILSVRC2012_val_00036275.JPEG,n07718472,943,943,0.56066567,1,imagenet_c,defocus_blur,1,none
efficientnet_b4,ILSVRC2012_val_00036503.JPEG,n07718472,943,943,0.57286894,1,imagenet_c,defocus_blur,1,none
efficientnet_b4,ILSVRC2012_val_00037064.JPEG,n07718472,943,943,0.4620976,1,imagenet_c,defocus_blur,1,none
efficientnet_b4,ILSVRC2012_val_00037161.JPEG,n07718472,943,943,0.34584183,1,imagenet_c,defocus_blur,1,none
efficientnet_b4,ILSVRC2012_val_00037754.JPEG,n07718472,943,943,0.2840555,1,imagenet_c,defocus_blur,1,none
efficientnet_b4,ILSVRC2012_val_00038547.JPEG,n07718472,943,943,0.22585574,1,imagenet_c,defocus_blur,1,none
efficientnet_b4,ILSVRC2012_val_00039243.JPEG,n07718472,943,943,0.6619293,1,imagenet_c,defocus_blur,1,none
efficientnet_b4,ILSVRC2012_val_00040986.JPEG,n07718472,943,582,0.6996161,0,imagenet_c,defocus_blur,1,none
efficientnet_b4,ILSVRC2012_val_00042061.JPEG,n07718472,943,943,0.61369646,1,imagenet_c,defocus_blur,1,none
efficientnet_b4,ILSVRC2012_val_00042999.JPEG,n07718472,943,943,0.5132139,1,imagenet_c,defocus_blur,1,none
efficientnet_b4,ILSVRC2012_val_00043204.JPEG,n07718472,943,943,0.3676583,1,imagenet_c,defocus_blur,1,none
efficientnet_b4,ILSVRC2012_val_00045484.JPEG,n07718472,943,943,0.3587049,1,imagenet_c,defocus_blur,1,none
efficientnet_b4,ILSVRC2012_val_00045704.JPEG,n07718472,943,943,0.46438664,1,imagenet_c,defocus_blur,1,none
efficientnet_b4,ILSVRC2012_val_00046928.JPEG,n07718472,943,939,0.22759561,0,imagenet_c,defocus_blur,1,none
efficientnet_b4,ILSVRC2012_val_00047341.JPEG,n07718472,943,943,0.42419767,1,imagenet_c,defocus_blur,1,none
efficientnet_b4,ILSVRC2012_val_00047407.JPEG,n07718472,943,943,0.2738393,1,imagenet_c,defocus_blur,1,none
efficientnet_b4,ILSVRC2012_val_00047851.JPEG,n07718472,943,939,0.26728106,0,imagenet_c,defocus_blur,1,none
efficientnet_b4,ILSVRC2012_val_00000443.JPEG,n07718747,944,946,0.30170906,0,imagenet_c,defocus_blur,1,none
efficientnet_b4,ILSVRC2012_val_00000977.JPEG,n07718747,944,944,0.14163727,1,imagenet_c,defocus_blur,1,none
efficientnet_b4,ILSVRC2012_val_00001503.JPEG,n07718747,944,944,0.570956,1,imagenet_c,defocus_blur,1,none
efficientnet_b4,ILSVRC2012_val_00001549.JPEG,n07718747,944,944,0.5768247,1,imagenet_c,defocus_blur,1,none
efficientnet_b4,ILSVRC2012_val_00001951.JPEG,n07718747,944,930,0.07569693,0,imagenet_c,defocus_blur,1,none
efficientnet_b4,ILSVRC2012_val_00002835.JPEG,n07718747,944,946,0.5265146,0,imagenet_c,defocus_blur,1,none
efficientnet_b4,ILSVRC2012_val_00004031.JPEG,n07718747,944,944,0.4675895,1,imagenet_c,defocus_blur,1,none
efficientnet_b4,ILSVRC2012_val_00004836.JPEG,n07718747,944,429,0.20745255,0,imagenet_c,defocus_blur,1,none
efficientnet_b4,ILSVRC2012_val_00005335.JPEG,n07718747,944,946,0.36979687,0,imagenet_c,defocus_blur,1,none
efficientnet_b4,ILSVRC2012_val_00006854.JPEG,n07718747,944,946,0.54348147,0,imagenet_c,defocus_blur,1,none
efficientnet_b4,ILSVRC2012_val_00006903.JPEG,n07718747,944,944,0.5831794,1,imagenet_c,defocus_blur,1,none
efficientnet_b4,ILSVRC2012_val_00007247.JPEG,n07718747,944,944,0.113229394,1,imagenet_c,defocus_blur,1,none
efficientnet_b4,ILSVRC2012_val_00008266.JPEG,n07718747,944,944,0.57823855,1,imagenet_c,defocus_blur,1,none
efficientnet_b4,ILSVRC2012_val_00010153.JPEG,n07718747,944,944,0.65286094,1,imagenet_c,defocus_blur,1,none
efficientnet_b4,ILSVRC2012_val_00010628.JPEG,n07718747,944,944,0.66123027,1,imagenet_c,defocus_blur,1,none
efficientnet_b4,ILSVRC2012_val_00011345.JPEG,n07718747,944,946,0.26578522,0,imagenet_c,defocus_blur,1,none
efficientnet_b4,ILSVRC2012_val_00011408.JPEG,n07718747,944,956,0.48157373,0,imagenet_c,defocus_blur,1,none
efficientnet_b4,ILSVRC2012_val_00011521.JPEG,n07718747,944,944,0.51525223,1,imagenet_c,defocus_blur,1,none
efficientnet_b4,ILSVRC2012_val_00011881.JPEG,n07718747,944,582,0.17022036,0,imagenet_c,defocus_blur,1,none
efficientnet_b4,ILSVRC2012_val_00012744.JPEG,n07718747,944,956,0.42882,0,imagenet_c,defocus_blur,1,none
efficientnet_b4,ILSVRC2012_val_00019457.JPEG,n07718747,944,944,0.51858634,1,imagenet_c,defocus_blur,1,none
efficientnet_b4,ILSVRC2012_val_00023053.JPEG,n07718747,944,944,0.4029616,1,imagenet_c,defocus_blur,1,none
efficientnet_b4,ILSVRC2012_val_00024291.JPEG,n07718747,944,944,0.60416967,1,imagenet_c,defocus_blur,1,none
efficientnet_b4,ILSVRC2012_val_00025282.JPEG,n07718747,944,944,0.5562177,1,imagenet_c,defocus_blur,1,none
efficientnet_b4,ILSVRC2012_val_00026330.JPEG,n07718747,944,946,0.6174545,0,imagenet_c,defocus_blur,1,none
efficientnet_b4,ILSVRC2012_val_00027335.JPEG,n07718747,944,946,0.4973642,0,imagenet_c,defocus_blur,1,none
efficientnet_b4,ILSVRC2012_val_00027521.JPEG,n07718747,944,944,0.57419926,1,imagenet_c,defocus_blur,1,none
efficientnet_b4,ILSVRC2012_val_00028086.JPEG,n07718747,944,944,0.6957391,1,imagenet_c,defocus_blur,1,none
efficientnet_b4,ILSVRC2012_val_00029457.JPEG,n07718747,944,946,0.47710043,0,imagenet_c,defocus_blur,1,none
efficientnet_b4,ILSVRC2012_val_00030432.JPEG,n07718747,944,944,0.60186386,1,imagenet_c,defocus_blur,1,none
efficientnet_b4,ILSVRC2012_val_00033089.JPEG,n07718747,944,944,0.6042459,1,imagenet_c,defocus_blur,1,none
efficientnet_b4,ILSVRC2012_val_00034366.JPEG,n07718747,944,944,0.49177158,1,imagenet_c,defocus_blur,1,none
efficientnet_b4,ILSVRC2012_val_00035395.JPEG,n07718747,944,946,0.30989024,0,imagenet_c,defocus_blur,1,none
efficientnet_b4,ILSVRC2012_val_00035554.JPEG,n07718747,944,944,0.46501106,1,imagenet_c,defocus_blur,1,none
efficientnet_b4,ILSVRC2012_val_00035900.JPEG,n07718747,944,946,0.15378787,0,imagenet_c,defocus_blur,1,none
efficientnet_b4,ILSVRC2012_val_00036599.JPEG,n07718747,944,944,0.5180041,1,imagenet_c,defocus_blur,1,none
efficientnet_b4,ILSVRC2012_val_00037203.JPEG,n07718747,944,946,0.16973777,0,imagenet_c,defocus_blur,1,none
efficientnet_b4,ILSVRC2012_val_00037649.JPEG,n07718747,944,944,0.24173632,1,imagenet_c,defocus_blur,1,none
efficientnet_b4,ILSVRC2012_val_00039161.JPEG,n07718747,944,946,0.21945278,0,imagenet_c,defocus_blur,1,none
efficientnet_b4,ILSVRC2012_val_00039289.JPEG,n07718747,944,946,0.42605656,0,imagenet_c,defocus_blur,1,none
efficientnet_b4,ILSVRC2012_val_00040344.JPEG,n07718747,944,944,0.6481057,1,imagenet_c,defocus_blur,1,none
efficientnet_b4,ILSVRC2012_val_00041010.JPEG,n07718747,944,944,0.6085908,1,imagenet_c,defocus_blur,1,none
efficientnet_b4,ILSVRC2012_val_00041809.JPEG,n07718747,944,944,0.27438092,1,imagenet_c,defocus_blur,1,none
efficientnet_b4,ILSVRC2012_val_00042221.JPEG,n07718747,944,944,0.46674812,1,imagenet_c,defocus_blur,1,none
efficientnet_b4,ILSVRC2012_val_00043376.JPEG,n07718747,944,944,0.67056036,1,imagenet_c,defocus_blur,1,none
efficientnet_b4,ILSVRC2012_val_00043831.JPEG,n07718747,944,946,0.35036802,0,imagenet_c,defocus_blur,1,none
efficientnet_b4,ILSVRC2012_val_00045187.JPEG,n07718747,944,946,0.22202209,0,imagenet_c,defocus_blur,1,none
efficientnet_b4,ILSVRC2012_val_00047448.JPEG,n07718747,944,944,0.27176625,1,imagenet_c,defocus_blur,1,none
efficientnet_b4,ILSVRC2012_val_00047856.JPEG,n07718747,944,944,0.54569685,1,imagenet_c,defocus_blur,1,none
efficientnet_b4,ILSVRC2012_val_00049407.JPEG,n07718747,944,944,0.4690996,1,imagenet_c,defocus_blur,1,none
efficientnet_b4,ILSVRC2012_val_00000423.JPEG,n07720875,945,769,0.4427789,0,imagenet_c,defocus_blur,1,none
efficientnet_b4,ILSVRC2012_val_00001374.JPEG,n07720875,945,945,0.66547936,1,imagenet_c,defocus_blur,1,none
efficientnet_b4,ILSVRC2012_val_00001463.JPEG,n07720875,945,942,0.25736615,0,imagenet_c,defocus_blur,1,none
efficientnet_b4,ILSVRC2012_val_00002766.JPEG,n07720875,945,945,0.42761168,1,imagenet_c,defocus_blur,1,none
efficientnet_b4,ILSVRC2012_val_00003046.JPEG,n07720875,945,945,0.5520988,1,imagenet_c,defocus_blur,1,none
efficientnet_b4,ILSVRC2012_val_00003536.JPEG,n07720875,945,945,0.5815672,1,imagenet_c,defocus_blur,1,none
efficientnet_b4,ILSVRC2012_val_00004285.JPEG,n07720875,945,945,0.285239,1,imagenet_c,defocus_blur,1,none
efficientnet_b4,ILSVRC2012_val_00004918.JPEG,n07720875,945,945,0.5318147,1,imagenet_c,defocus_blur,1,none
efficientnet_b4,ILSVRC2012_val_00005061.JPEG,n07720875,945,945,0.56575215,1,imagenet_c,defocus_blur,1,none
efficientnet_b4,ILSVRC2012_val_00005981.JPEG,n07720875,945,945,0.6102838,1,imagenet_c,defocus_blur,1,none
efficientnet_b4,ILSVRC2012_val_00007028.JPEG,n07720875,945,945,0.415451,1,imagenet_c,defocus_blur,1,none
efficientnet_b4,ILSVRC2012_val_00009973.JPEG,n07720875,945,945,0.46597156,1,imagenet_c,defocus_blur,1,none
efficientnet_b4,ILSVRC2012_val_00011410.JPEG,n07720875,945,945,0.2669559,1,imagenet_c,defocus_blur,1,none
efficientnet_b4,ILSVRC2012_val_00015907.JPEG,n07720875,945,945,0.5770148,1,imagenet_c,defocus_blur,1,none
efficientnet_b4,ILSVRC2012_val_00019158.JPEG,n07720875,945,945,0.55576754,1,imagenet_c,defocus_blur,1,none
efficientnet_b4,ILSVRC2012_val_00019281.JPEG,n07720875,945,945,0.42740363,1,imagenet_c,defocus_blur,1,none
efficientnet_b4,ILSVRC2012_val_00020957.JPEG,n07720875,945,945,0.5887643,1,imagenet_c,defocus_blur,1,none
efficientnet_b4,ILSVRC2012_val_00022634.JPEG,n07720875,945,945,0.37514204,1,imagenet_c,defocus_blur,1,none
efficientnet_b4,ILSVRC2012_val_00023117.JPEG,n07720875,945,945,0.36086464,1,imagenet_c,defocus_blur,1,none
efficientnet_b4,ILSVRC2012_val_00023223.JPEG,n07720875,945,949,0.06772817,0,imagenet_c,defocus_blur,1,none
efficientnet_b4,ILSVRC2012_val_00023892.JPEG,n07720875,945,945,0.6427818,1,imagenet_c,defocus_blur,1,none
efficientnet_b4,ILSVRC2012_val_00024700.JPEG,n07720875,945,945,0.5392151,1,imagenet_c,defocus_blur,1,none
efficientnet_b4,ILSVRC2012_val_00027266.JPEG,n07720875,945,945,0.39010695,1,imagenet_c,defocus_blur,1,none
efficientnet_b4,ILSVRC2012_val_00027571.JPEG,n07720875,945,945,0.17948848,1,imagenet_c,defocus_blur,1,none
efficientnet_b4,ILSVRC2012_val_00027915.JPEG,n07720875,945,945,0.7135114,1,imagenet_c,defocus_blur,1,none
efficientnet_b4,ILSVRC2012_val_00028090.JPEG,n07720875,945,945,0.5513321,1,imagenet_c,defocus_blur,1,none
efficientnet_b4,ILSVRC2012_val_00028373.JPEG,n07720875,945,945,0.4876945,1,imagenet_c,defocus_blur,1,none
efficientnet_b4,ILSVRC2012_val_00028969.JPEG,n07720875,945,582,0.34570032,0,imagenet_c,defocus_blur,1,none
efficientnet_b4,ILSVRC2012_val_00031450.JPEG,n07720875,945,945,0.51975477,1,imagenet_c,defocus_blur,1,none
efficientnet_b4,ILSVRC2012_val_00031647.JPEG,n07720875,945,945,0.47381583,1,imagenet_c,defocus_blur,1,none
efficientnet_b4,ILSVRC2012_val_00033111.JPEG,n07720875,945,994,0.09485663,0,imagenet_c,defocus_blur,1,none
efficientnet_b4,ILSVRC2012_val_00033497.JPEG,n07720875,945,945,0.62309283,1,imagenet_c,defocus_blur,1,none
efficientnet_b4,ILSVRC2012_val_00033638.JPEG,n07720875,945,945,0.5926494,1,imagenet_c,defocus_blur,1,none
efficientnet_b4,ILSVRC2012_val_00035272.JPEG,n07720875,945,945,0.4831636,1,imagenet_c,defocus_blur,1,none
efficientnet_b4,ILSVRC2012_val_00035410.JPEG,n07720875,945,990,0.40632212,0,imagenet_c,defocus_blur,1,none
efficientnet_b4,ILSVRC2012_val_00036676.JPEG,n07720875,945,945,0.56595,1,imagenet_c,defocus_blur,1,none
efficientnet_b4,ILSVRC2012_val_00037424.JPEG,n07720875,945,945,0.50715816,1,imagenet_c,defocus_blur,1,none
efficientnet_b4,ILSVRC2012_val_00038523.JPEG,n07720875,945,945,0.5280199,1,imagenet_c,defocus_blur,1,none
efficientnet_b4,ILSVRC2012_val_00038872.JPEG,n07720875,945,987,0.5763632,0,imagenet_c,defocus_blur,1,none
efficientnet_b4,ILSVRC2012_val_00041116.JPEG,n07720875,945,945,0.5411633,1,imagenet_c,defocus_blur,1,none
efficientnet_b4,ILSVRC2012_val_00042960.JPEG,n07720875,945,738,0.2733846,0,imagenet_c,defocus_blur,1,none
efficientnet_b4,ILSVRC2012_val_00043991.JPEG,n07720875,945,945,0.43373936,1,imagenet_c,defocus_blur,1,none
efficientnet_b4,ILSVRC2012_val_00045695.JPEG,n07720875,945,945,0.24607886,1,imagenet_c,defocus_blur,1,none
efficientnet_b4,ILSVRC2012_val_00046235.JPEG,n07720875,945,945,0.3542829,1,imagenet_c,defocus_blur,1,none
efficientnet_b4,ILSVRC2012_val_00047598.JPEG,n07720875,945,945,0.32742977,1,imagenet_c,defocus_blur,1,none
efficientnet_b4,ILSVRC2012_val_00047797.JPEG,n07720875,945,943,0.14780667,0,imagenet_c,defocus_blur,1,none
efficientnet_b4,ILSVRC2012_val_00047801.JPEG,n07720875,945,945,0.47073877,1,imagenet_c,defocus_blur,1,none
efficientnet_b4,ILSVRC2012_val_00048000.JPEG,n07720875,945,582,0.26410872,0,imagenet_c,defocus_blur,1,none
efficientnet_b4,ILSVRC2012_val_00048089.JPEG,n07720875,945,945,0.59778005,1,imagenet_c,defocus_blur,1,none
efficientnet_b4,ILSVRC2012_val_00049710.JPEG,n07720875,945,945,0.62630844,1,imagenet_c,defocus_blur,1,none
efficientnet_b4,ILSVRC2012_val_00000881.JPEG,n07730033,946,946,0.6411673,1,imagenet_c,defocus_blur,1,none
efficientnet_b4,ILSVRC2012_val_00001125.JPEG,n07730033,946,946,0.6014414,1,imagenet_c,defocus_blur,1,none
efficientnet_b4,ILSVRC2012_val_00002099.JPEG,n07730033,946,946,0.5986829,1,imagenet_c,defocus_blur,1,none
efficientnet_b4,ILSVRC2012_val_00002742.JPEG,n07730033,946,946,0.40808198,1,imagenet_c,defocus_blur,1,none
efficientnet_b4,ILSVRC2012_val_00002804.JPEG,n07730033,946,946,0.5219442,1,imagenet_c,defocus_blur,1,none
efficientnet_b4,ILSVRC2012_val_00003771.JPEG,n07730033,946,946,0.6161102,1,imagenet_c,defocus_blur,1,none
efficientnet_b4,ILSVRC2012_val_00003961.JPEG,n07730033,946,946,0.4855476,1,imagenet_c,defocus_blur,1,none
efficientnet_b4,ILSVRC2012_val_00004216.JPEG,n07730033,946,946,0.53751546,1,imagenet_c,defocus_blur,1,none
efficientnet_b4,ILSVRC2012_val_00004728.JPEG,n07730033,946,946,0.5224081,1,imagenet_c,defocus_blur,1,none
efficientnet_b4,ILSVRC2012_val_00005646.JPEG,n07730033,946,946,0.62521863,1,imagenet_c,defocus_blur,1,none
efficientnet_b4,ILSVRC2012_val_00006475.JPEG,n07730033,946,946,0.6701547,1,imagenet_c,defocus_blur,1,none
efficientnet_b4,ILSVRC2012_val_00007200.JPEG,n07730033,946,946,0.6371311,1,imagenet_c,defocus_blur,1,none
efficientnet_b4,ILSVRC2012_val_00008881.JPEG,n07730033,946,946,0.6218012,1,imagenet_c,defocus_blur,1,none
efficientnet_b4,ILSVRC2012_val_00010660.JPEG,n07730033,946,946,0.516347,1,imagenet_c,defocus_blur,1,none
efficientnet_b4,ILSVRC2012_val_00010793.JPEG,n07730033,946,946,0.6187253,1,imagenet_c,defocus_blur,1,none
efficientnet_b4,ILSVRC2012_val_00011027.JPEG,n07730033,946,946,0.5865422,1,imagenet_c,defocus_blur,1,none
efficientnet_b4,ILSVRC2012_val_00011844.JPEG,n07730033,946,946,0.6384527,1,imagenet_c,defocus_blur,1,none
efficientnet_b4,ILSVRC2012_val_00013169.JPEG,n07730033,946,946,0.45472732,1,imagenet_c,defocus_blur,1,none
efficientnet_b4,ILSVRC2012_val_00014802.JPEG,n07730033,946,946,0.49912453,1,imagenet_c,defocus_blur,1,none
efficientnet_b4,ILSVRC2012_val_00016921.JPEG,n07730033,946,946,0.5406002,1,imagenet_c,defocus_blur,1,none
efficientnet_b4,ILSVRC2012_val_00017580.JPEG,n07730033,946,946,0.4905429,1,imagenet_c,defocus_blur,1,none
efficientnet_b4,ILSVRC2012_val_00022010.JPEG,n07730033,946,946,0.5590198,1,imagenet_c,defocus_blur,1,none
efficientnet_b4,ILSVRC2012_val_00022539.JPEG,n07730033,946,946,0.54821235,1,imagenet_c,defocus_blur,1,none
efficientnet_b4,ILSVRC2012_val_00022640.JPEG,n07730033,946,946,0.5955328,1,imagenet_c,defocus_blur,1,none
efficientnet_b4,ILSVRC2012_val_00026076.JPEG,n07730033,946,946,0.502352,1,imagenet_c,defocus_blur,1,none
efficientnet_b4,ILSVRC2012_val_00026851.JPEG,n07730033,946,946,0.71922517,1,imagenet_c,defocus_blur,1,none
efficientnet_b4,ILSVRC2012_val_00027179.JPEG,n07730033,946,946,0.684796,1,imagenet_c,defocus_blur,1,none
efficientnet_b4,ILSVRC2012_val_00027223.JPEG,n07730033,946,946,0.44522887,1,imagenet_c,defocus_blur,1,none
efficientnet_b4,ILSVRC2012_val_00030659.JPEG,n07730033,946,946,0.5199456,1,imagenet_c,defocus_blur,1,none
efficientnet_b4,ILSVRC2012_val_00030836.JPEG,n07730033,946,946,0.6571306,1,imagenet_c,defocus_blur,1,none
efficientnet_b4,ILSVRC2012_val_00035217.JPEG,n07730033,946,973,0.065176845,0,imagenet_c,defocus_blur,1,none
efficientnet_b4,ILSVRC2012_val_00035924.JPEG,n07730033,946,946,0.38972515,1,imagenet_c,defocus_blur,1,none
efficientnet_b4,ILSVRC2012_val_00035928.JPEG,n07730033,946,946,0.58078295,1,imagenet_c,defocus_blur,1,none
efficientnet_b4,ILSVRC2012_val_00037870.JPEG,n07730033,946,946,0.52447844,1,imagenet_c,defocus_blur,1,none
efficientnet_b4,ILSVRC2012_val_00039071.JPEG,n07730033,946,946,0.6421287,1,imagenet_c,defocus_blur,1,none
efficientnet_b4,ILSVRC2012_val_00040017.JPEG,n07730033,946,946,0.62502605,1,imagenet_c,defocus_blur,1,none
efficientnet_b4,ILSVRC2012_val_00040421.JPEG,n07730033,946,946,0.06730498,1,imagenet_c,defocus_blur,1,none
efficientnet_b4,ILSVRC2012_val_00041488.JPEG,n07730033,946,946,0.59031296,1,imagenet_c,defocus_blur,1,none
efficientnet_b4,ILSVRC2012_val_00041676.JPEG,n07730033,946,738,0.2273249,0,imagenet_c,defocus_blur,1,none
efficientnet_b4,ILSVRC2012_val_00042427.JPEG,n07730033,946,946,0.45233163,1,imagenet_c,defocus_blur,1,none
efficientnet_b4,ILSVRC2012_val_00042608.JPEG,n07730033,946,946,0.55700177,1,imagenet_c,defocus_blur,1,none
efficientnet_b4,ILSVRC2012_val_00043178.JPEG,n07730033,946,946,0.6392825,1,imagenet_c,defocus_blur,1,none
efficientnet_b4,ILSVRC2012_val_00043433.JPEG,n07730033,946,946,0.6324595,1,imagenet_c,defocus_blur,1,none
efficientnet_b4,ILSVRC2012_val_00044742.JPEG,n07730033,946,946,0.59351057,1,imagenet_c,defocus_blur,1,none
efficientnet_b4,ILSVRC2012_val_00046230.JPEG,n07730033,946,946,0.5447521,1,imagenet_c,defocus_blur,1,none
efficientnet_b4,ILSVRC2012_val_00046503.JPEG,n07730033,946,946,0.58125705,1,imagenet_c,defocus_blur,1,none
efficientnet_b4,ILSVRC2012_val_00046872.JPEG,n07730033,946,946,0.51424515,1,imagenet_c,defocus_blur,1,none
efficientnet_b4,ILSVRC2012_val_00047452.JPEG,n07730033,946,946,0.47470453,1,imagenet_c,defocus_blur,1,none
efficientnet_b4,ILSVRC2012_val_00047735.JPEG,n07730033,946,946,0.46919248,1,imagenet_c,defocus_blur,1,none
efficientnet_b4,ILSVRC2012_val_00047768.JPEG,n07730033,946,321,0.20960127,0,imagenet_c,defocus_blur,1,none
efficientnet_b4,ILSVRC2012_val_00002490.JPEG,n07734744,947,997,0.5461972,0,imagenet_c,defocus_blur,1,none
efficientnet_b4,ILSVRC2012_val_00004570.JPEG,n07734744,947,415,0.1551194,0,imagenet_c,defocus_blur,1,none
efficientnet_b4,ILSVRC2012_val_00005527.JPEG,n07734744,947,996,0.48190716,0,imagenet_c,defocus_blur,1,none
efficientnet_b4,ILSVRC2012_val_00005921.JPEG,n07734744,947,992,0.24691351,0,imagenet_c,defocus_blur,1,none
efficientnet_b4,ILSVRC2012_val_00007003.JPEG,n07734744,947,992,0.6652232,0,imagenet_c,defocus_blur,1,none
efficientnet_b4,ILSVRC2012_val_00008005.JPEG,n07734744,947,997,0.5712849,0,imagenet_c,defocus_blur,1,none
efficientnet_b4,ILSVRC2012_val_00008366.JPEG,n07734744,947,994,0.5645939,0,imagenet_c,defocus_blur,1,none
efficientnet_b4,ILSVRC2012_val_00008720.JPEG,n07734744,947,947,0.6455547,1,imagenet_c,defocus_blur,1,none
efficientnet_b4,ILSVRC2012_val_00009394.JPEG,n07734744,947,992,0.37983295,0,imagenet_c,defocus_blur,1,none
efficientnet_b4,ILSVRC2012_val_00009766.JPEG,n07734744,947,997,0.488684,0,imagenet_c,defocus_blur,1,none
efficientnet_b4,ILSVRC2012_val_00010585.JPEG,n07734744,947,947,0.22007926,1,imagenet_c,defocus_blur,1,none
efficientnet_b4,ILSVRC2012_val_00010608.JPEG,n07734744,947,992,0.14703916,0,imagenet_c,defocus_blur,1,none
efficientnet_b4,ILSVRC2012_val_00011179.JPEG,n07734744,947,992,0.37445545,0,imagenet_c,defocus_blur,1,none
efficientnet_b4,ILSVRC2012_val_00012009.JPEG,n07734744,947,992,0.38561457,0,imagenet_c,defocus_blur,1,none
efficientnet_b4,ILSVRC2012_val_00012313.JPEG,n07734744,947,947,0.47590628,1,imagenet_c,defocus_blur,1,none
efficientnet_b4,ILSVRC2012_val_00013647.JPEG,n07734744,947,992,0.4455819,0,imagenet_c,defocus_blur,1,none
efficientnet_b4,ILSVRC2012_val_00014405.JPEG,n07734744,947,947,0.20374283,1,imagenet_c,defocus_blur,1,none
efficientnet_b4,ILSVRC2012_val_00015748.JPEG,n07734744,947,992,0.3917024,0,imagenet_c,defocus_blur,1,none
efficientnet_b4,ILSVRC2012_val_00017533.JPEG,n07734744,947,992,0.3493324,0,imagenet_c,defocus_blur,1,none
efficientnet_b4,ILSVRC2012_val_00019483.JPEG,n07734744,947,997,0.29229462,0,imagenet_c,defocus_blur,1,none
efficientnet_b4,ILSVRC2012_val_00021531.JPEG,n07734744,947,992,0.38120514,0,imagenet_c,defocus_blur,1,none
efficientnet_b4,ILSVRC2012_val_00021713.JPEG,n07734744,947,997,0.2962183,0,imagenet_c,defocus_blur,1,none
efficientnet_b4,ILSVRC2012_val_00022068.JPEG,n07734744,947,947,0.5932088,1,imagenet_c,defocus_blur,1,none
efficientnet_b4,ILSVRC2012_val_00022512.JPEG,n07734744,947,997,0.5867738,0,imagenet_c,defocus_blur,1,none
efficientnet_b4,ILSVRC2012_val_00023995.JPEG,n07734744,947,997,0.18196318,0,imagenet_c,defocus_blur,1,none
efficientnet_b4,ILSVRC2012_val_00024918.JPEG,n07734744,947,997,0.2934265,0,imagenet_c,defocus_blur,1,none
efficientnet_b4,ILSVRC2012_val_00025115.JPEG,n07734744,947,992,0.5409829,0,imagenet_c,defocus_blur,1,none
efficientnet_b4,ILSVRC2012_val_00025813.JPEG,n07734744,947,996,0.22732301,0,imagenet_c,defocus_blur,1,none
efficientnet_b4,ILSVRC2012_val_00026237.JPEG,n07734744,947,992,0.42534107,0,imagenet_c,defocus_blur,1,none
efficientnet_b4,ILSVRC2012_val_00028371.JPEG,n07734744,947,992,0.23725341,0,imagenet_c,defocus_blur,1,none
efficientnet_b4,ILSVRC2012_val_00028621.JPEG,n07734744,947,947,0.44141114,1,imagenet_c,defocus_blur,1,none
efficientnet_b4,ILSVRC2012_val_00030099.JPEG,n07734744,947,947,0.24100088,1,imagenet_c,defocus_blur,1,none
efficientnet_b4,ILSVRC2012_val_00030139.JPEG,n07734744,947,992,0.40829217,0,imagenet_c,defocus_blur,1,none
efficientnet_b4,ILSVRC2012_val_00031175.JPEG,n07734744,947,992,0.37288177,0,imagenet_c,defocus_blur,1,none
efficientnet_b4,ILSVRC2012_val_00031803.JPEG,n07734744,947,81,0.060372576,0,imagenet_c,defocus_blur,1,none
efficientnet_b4,ILSVRC2012_val_00032230.JPEG,n07734744,947,992,0.35687435,0,imagenet_c,defocus_blur,1,none
efficientnet_b4,ILSVRC2012_val_00033742.JPEG,n07734744,947,992,0.34259725,0,imagenet_c,defocus_blur,1,none
efficientnet_b4,ILSVRC2012_val_00038421.JPEG,n07734744,947,947,0.18558411,1,imagenet_c,defocus_blur,1,none
efficientnet_b4,ILSVRC2012_val_00038698.JPEG,n07734744,947,992,0.3806628,0,imagenet_c,defocus_blur,1,none
efficientnet_b4,ILSVRC2012_val_00039698.JPEG,n07734744,947,947,0.2706402,1,imagenet_c,defocus_blur,1,none
efficientnet_b4,ILSVRC2012_val_00040527.JPEG,n07734744,947,947,0.6739507,1,imagenet_c,defocus_blur,1,none
efficientnet_b4,ILSVRC2012_val_00040625.JPEG,n07734744,947,947,0.25627372,1,imagenet_c,defocus_blur,1,none
efficientnet_b4,ILSVRC2012_val_00040796.JPEG,n07734744,947,947,0.2283205,1,imagenet_c,defocus_blur,1,none
efficientnet_b4,ILSVRC2012_val_00041837.JPEG,n07734744,947,996,0.5325107,0,imagenet_c,defocus_blur,1,none
efficientnet_b4,ILSVRC2012_val_00044938.JPEG,n07734744,947,947,0.39691642,1,imagenet_c,defocus_blur,1,none
efficientnet_b4,ILSVRC2012_val_00046024.JPEG,n07734744,947,947,0.015727302,1,imagenet_c,defocus_blur,1,none
efficientnet_b4,ILSVRC2012_val_00046937.JPEG,n07734744,947,996,0.42526004,0,imagenet_c,defocus_blur,1,none
efficientnet_b4,ILSVRC2012_val_00047464.JPEG,n07734744,947,992,0.37856355,0,imagenet_c,defocus_blur,1,none
efficientnet_b4,ILSVRC2012_val_00048066.JPEG,n07734744,947,996,0.13647692,0,imagenet_c,defocus_blur,1,none
efficientnet_b4,ILSVRC2012_val_00048751.JPEG,n07734744,947,992,0.13490026,0,imagenet_c,defocus_blur,1,none
efficientnet_b4,ILSVRC2012_val_00000023.JPEG,n07742313,948,948,0.57036024,1,imagenet_c,defocus_blur,1,none
efficientnet_b4,ILSVRC2012_val_00000727.JPEG,n07742313,948,948,0.386337,1,imagenet_c,defocus_blur,1,none
efficientnet_b4,ILSVRC2012_val_00003581.JPEG,n07742313,948,948,0.3469368,1,imagenet_c,defocus_blur,1,none
efficientnet_b4,ILSVRC2012_val_00005747.JPEG,n07742313,948,948,0.7623982,1,imagenet_c,defocus_blur,1,none
efficientnet_b4,ILSVRC2012_val_00007029.JPEG,n07742313,948,948,0.7011023,1,imagenet_c,defocus_blur,1,none
efficientnet_b4,ILSVRC2012_val_00007614.JPEG,n07742313,948,948,0.47393757,1,imagenet_c,defocus_blur,1,none
efficientnet_b4,ILSVRC2012_val_00008128.JPEG,n07742313,948,883,0.047651876,0,imagenet_c,defocus_blur,1,none
efficientnet_b4,ILSVRC2012_val_00009579.JPEG,n07742313,948,948,0.6287626,1,imagenet_c,defocus_blur,1,none
efficientnet_b4,ILSVRC2012_val_00009800.JPEG,n07742313,948,948,0.37921008,1,imagenet_c,defocus_blur,1,none
efficientnet_b4,ILSVRC2012_val_00011332.JPEG,n07742313,948,956,0.07899194,0,imagenet_c,defocus_blur,1,none
efficientnet_b4,ILSVRC2012_val_00012232.JPEG,n07742313,948,948,0.4559483,1,imagenet_c,defocus_blur,1,none
efficientnet_b4,ILSVRC2012_val_00012279.JPEG,n07742313,948,910,0.3599123,0,imagenet_c,defocus_blur,1,none
efficientnet_b4,ILSVRC2012_val_00016141.JPEG,n07742313,948,948,0.31127253,1,imagenet_c,defocus_blur,1,none
efficientnet_b4,ILSVRC2012_val_00016931.JPEG,n07742313,948,948,0.4867534,1,imagenet_c,defocus_blur,1,none
efficientnet_b4,ILSVRC2012_val_00018708.JPEG,n07742313,948,948,0.5869195,1,imagenet_c,defocus_blur,1,none
efficientnet_b4,ILSVRC2012_val_00018903.JPEG,n07742313,948,948,0.59884244,1,imagenet_c,defocus_blur,1,none
efficientnet_b4,ILSVRC2012_val_00019453.JPEG,n07742313,948,943,0.24704224,0,imagenet_c,defocus_blur,1,none
efficientnet_b4,ILSVRC2012_val_00020655.JPEG,n07742313,948,948,0.4733016,1,imagenet_c,defocus_blur,1,none
efficientnet_b4,ILSVRC2012_val_00022487.JPEG,n07742313,948,948,0.55863696,1,imagenet_c,defocus_blur,1,none
efficientnet_b4,ILSVRC2012_val_00023800.JPEG,n07742313,948,948,0.3677294,1,imagenet_c,defocus_blur,1,none
efficientnet_b4,ILSVRC2012_val_00023948.JPEG,n07742313,948,948,0.6500975,1,imagenet_c,defocus_blur,1,none
efficientnet_b4,ILSVRC2012_val_00024129.JPEG,n07742313,948,948,0.31802565,1,imagenet_c,defocus_blur,1,none
efficientnet_b4,ILSVRC2012_val_00024298.JPEG,n07742313,948,948,0.43271285,1,imagenet_c,defocus_blur,1,none
efficientnet_b4,ILSVRC2012_val_00031005.JPEG,n07742313,948,948,0.21827124,1,imagenet_c,defocus_blur,1,none
efficientnet_b4,ILSVRC2012_val_00031019.JPEG,n07742313,948,503,0.57248974,0,imagenet_c,defocus_blur,1,none
efficientnet_b4,ILSVRC2012_val_00031798.JPEG,n07742313,948,948,0.43146402,1,imagenet_c,defocus_blur,1,none
efficientnet_b4,ILSVRC2012_val_00032370.JPEG,n07742313,948,948,0.5593911,1,imagenet_c,defocus_blur,1,none
efficientnet_b4,ILSVRC2012_val_00033504.JPEG,n07742313,948,948,0.61416537,1,imagenet_c,defocus_blur,1,none
efficientnet_b4,ILSVRC2012_val_00034491.JPEG,n07742313,948,948,0.3447547,1,imagenet_c,defocus_blur,1,none
efficientnet_b4,ILSVRC2012_val_00034752.JPEG,n07742313,948,948,0.71368563,1,imagenet_c,defocus_blur,1,none
efficientnet_b4,ILSVRC2012_val_00034820.JPEG,n07742313,948,948,0.53746414,1,imagenet_c,defocus_blur,1,none
efficientnet_b4,ILSVRC2012_val_00035343.JPEG,n07742313,948,948,0.6282161,1,imagenet_c,defocus_blur,1,none
efficientnet_b4,ILSVRC2012_val_00036103.JPEG,n07742313,948,948,0.6468977,1,imagenet_c,defocus_blur,1,none
efficientnet_b4,ILSVRC2012_val_00036263.JPEG,n07742313,948,948,0.6125222,1,imagenet_c,defocus_blur,1,none
efficientnet_b4,ILSVRC2012_val_00036705.JPEG,n07742313,948,948,0.6353639,1,imagenet_c,defocus_blur,1,none
efficientnet_b4,ILSVRC2012_val_00036797.JPEG,n07742313,948,582,0.47567427,0,imagenet_c,defocus_blur,1,none
efficientnet_b4,ILSVRC2012_val_00037416.JPEG,n07742313,948,948,0.59095705,1,imagenet_c,defocus_blur,1,none
efficientnet_b4,ILSVRC2012_val_00038184.JPEG,n07742313,948,948,0.6034352,1,imagenet_c,defocus_blur,1,none
efficientnet_b4,ILSVRC2012_val_00038187.JPEG,n07742313,948,948,0.6652079,1,imagenet_c,defocus_blur,1,none
efficientnet_b4,ILSVRC2012_val_00039090.JPEG,n07742313,948,948,0.33969188,1,imagenet_c,defocus_blur,1,none
efficientnet_b4,ILSVRC2012_val_00043046.JPEG,n07742313,948,948,0.6918834,1,imagenet_c,defocus_blur,1,none
efficientnet_b4,ILSVRC2012_val_00043125.JPEG,n07742313,948,948,0.6353715,1,imagenet_c,defocus_blur,1,none
efficientnet_b4,ILSVRC2012_val_00043445.JPEG,n07742313,948,948,0.64987516,1,imagenet_c,defocus_blur,1,none
efficientnet_b4,ILSVRC2012_val_00044485.JPEG,n07742313,948,948,0.40560436,1,imagenet_c,defocus_blur,1,none
efficientnet_b4,ILSVRC2012_val_00045087.JPEG,n07742313,948,948,0.45907742,1,imagenet_c,defocus_blur,1,none
efficientnet_b4,ILSVRC2012_val_00045374.JPEG,n07742313,948,964,0.15176435,0,imagenet_c,defocus_blur,1,none
efficientnet_b4,ILSVRC2012_val_00046374.JPEG,n07742313,948,948,0.47969583,1,imagenet_c,defocus_blur,1,none
efficientnet_b4,ILSVRC2012_val_00046567.JPEG,n07742313,948,948,0.5859604,1,imagenet_c,defocus_blur,1,none
efficientnet_b4,ILSVRC2012_val_00046718.JPEG,n07742313,948,948,0.7105655,1,imagenet_c,defocus_blur,1,none
efficientnet_b4,ILSVRC2012_val_00049370.JPEG,n07742313,948,948,0.5373318,1,imagenet_c,defocus_blur,1,none
efficientnet_b4,ILSVRC2012_val_00000099.JPEG,n07745940,949,949,0.33048424,1,imagenet_c,defocus_blur,1,none
efficientnet_b4,ILSVRC2012_val_00000320.JPEG,n07745940,949,923,0.12461109,0,imagenet_c,defocus_blur,1,none
efficientnet_b4,ILSVRC2012_val_00001194.JPEG,n07745940,949,509,0.274462,0,imagenet_c,defocus_blur,1,none
efficientnet_b4,ILSVRC2012_val_00001735.JPEG,n07745940,949,949,0.49331033,1,imagenet_c,defocus_blur,1,none
efficientnet_b4,ILSVRC2012_val_00001936.JPEG,n07745940,949,954,0.15366966,0,imagenet_c,defocus_blur,1,none
efficientnet_b4,ILSVRC2012_val_00002412.JPEG,n07745940,949,949,0.14629282,1,imagenet_c,defocus_blur,1,none
efficientnet_b4,ILSVRC2012_val_00004428.JPEG,n07745940,949,987,0.0835149,0,imagenet_c,defocus_blur,1,none
efficientnet_b4,ILSVRC2012_val_00004832.JPEG,n07745940,949,949,0.2489187,1,imagenet_c,defocus_blur,1,none
efficientnet_b4,ILSVRC2012_val_00005066.JPEG,n07745940,949,957,0.4526746,0,imagenet_c,defocus_blur,1,none
efficientnet_b4,ILSVRC2012_val_00005757.JPEG,n07745940,949,949,0.35014695,1,imagenet_c,defocus_blur,1,none
efficientnet_b4,ILSVRC2012_val_00007898.JPEG,n07745940,949,949,0.228448,1,imagenet_c,defocus_blur,1,none
efficientnet_b4,ILSVRC2012_val_00008738.JPEG,n07745940,949,962,0.47260204,0,imagenet_c,defocus_blur,1,none
efficientnet_b4,ILSVRC2012_val_00010616.JPEG,n07745940,949,949,0.42366767,1,imagenet_c,defocus_blur,1,none
efficientnet_b4,ILSVRC2012_val_00010942.JPEG,n07745940,949,927,0.24062176,0,imagenet_c,defocus_blur,1,none
efficientnet_b4,ILSVRC2012_val_00011348.JPEG,n07745940,949,949,0.59295607,1,imagenet_c,defocus_blur,1,none
efficientnet_b4,ILSVRC2012_val_00012216.JPEG,n07745940,949,927,0.4611252,0,imagenet_c,defocus_blur,1,none
efficientnet_b4,ILSVRC2012_val_00012371.JPEG,n07745940,949,952,0.24228577,0,imagenet_c,defocus_blur,1,none
efficientnet_b4,ILSVRC2012_val_00012497.JPEG,n07745940,949,124,0.17042601,0,imagenet_c,defocus_blur,1,none
efficientnet_b4,ILSVRC2012_val_00012645.JPEG,n07745940,949,989,0.066165276,0,imagenet_c,defocus_blur,1,none
efficientnet_b4,ILSVRC2012_val_00012652.JPEG,n07745940,949,927,0.19026265,0,imagenet_c,defocus_blur,1,none
efficientnet_b4,ILSVRC2012_val_00012728.JPEG,n07745940,949,950,0.063970655,0,imagenet_c,defocus_blur,1,none
efficientnet_b4,ILSVRC2012_val_00013499.JPEG,n07745940,949,963,0.22014774,0,imagenet_c,defocus_blur,1,none
efficientnet_b4,ILSVRC2012_val_00014739.JPEG,n07745940,949,957,0.39567533,0,imagenet_c,defocus_blur,1,none
efficientnet_b4,ILSVRC2012_val_00016159.JPEG,n07745940,949,738,0.23649561,0,imagenet_c,defocus_blur,1,none
efficientnet_b4,ILSVRC2012_val_00017534.JPEG,n07745940,949,994,0.14339305,0,imagenet_c,defocus_blur,1,none
efficientnet_b4,ILSVRC2012_val_00019253.JPEG,n07745940,949,949,0.15873575,1,imagenet_c,defocus_blur,1,none
efficientnet_b4,ILSVRC2012_val_00019754.JPEG,n07745940,949,949,0.38689598,1,imagenet_c,defocus_blur,1,none
efficientnet_b4,ILSVRC2012_val_00021854.JPEG,n07745940,949,949,0.12108008,1,imagenet_c,defocus_blur,1,none
efficientnet_b4,ILSVRC2012_val_00022484.JPEG,n07745940,949,949,0.4947447,1,imagenet_c,defocus_blur,1,none
efficientnet_b4,ILSVRC2012_val_00023512.JPEG,n07745940,949,927,0.14943057,0,imagenet_c,defocus_blur,1,none
efficientnet_b4,ILSVRC2012_val_00023739.JPEG,n07745940,949,949,0.35673562,1,imagenet_c,defocus_blur,1,none
efficientnet_b4,ILSVRC2012_val_00024155.JPEG,n07745940,949,949,0.58663064,1,imagenet_c,defocus_blur,1,none
efficientnet_b4,ILSVRC2012_val_00025150.JPEG,n07745940,949,949,0.38336983,1,imagenet_c,defocus_blur,1,none
efficientnet_b4,ILSVRC2012_val_00031440.JPEG,n07745940,949,949,0.44163036,1,imagenet_c,defocus_blur,1,none
efficientnet_b4,ILSVRC2012_val_00031509.JPEG,n07745940,949,949,0.494588,1,imagenet_c,defocus_blur,1,none
efficientnet_b4,ILSVRC2012_val_00031853.JPEG,n07745940,949,949,0.4346984,1,imagenet_c,defocus_blur,1,none
efficientnet_b4,ILSVRC2012_val_00032276.JPEG,n07745940,949,949,0.25242227,1,imagenet_c,defocus_blur,1,none
efficientnet_b4,ILSVRC2012_val_00032411.JPEG,n07745940,949,582,0.27949965,0,imagenet_c,defocus_blur,1,none
efficientnet_b4,ILSVRC2012_val_00033919.JPEG,n07745940,949,618,0.08776786,0,imagenet_c,defocus_blur,1,none
efficientnet_b4,ILSVRC2012_val_00035170.JPEG,n07745940,949,949,0.4861642,1,imagenet_c,defocus_blur,1,none
efficientnet_b4,ILSVRC2012_val_00035445.JPEG,n07745940,949,949,0.5604333,1,imagenet_c,defocus_blur,1,none
efficientnet_b4,ILSVRC2012_val_00037096.JPEG,n07745940,949,949,0.26065853,1,imagenet_c,defocus_blur,1,none
efficientnet_b4,ILSVRC2012_val_00037522.JPEG,n07745940,949,949,0.34226042,1,imagenet_c,defocus_blur,1,none
efficientnet_b4,ILSVRC2012_val_00040989.JPEG,n07745940,949,941,0.21295328,0,imagenet_c,defocus_blur,1,none
efficientnet_b4,ILSVRC2012_val_00041409.JPEG,n07745940,949,949,0.6183005,1,imagenet_c,defocus_blur,1,none
efficientnet_b4,ILSVRC2012_val_00042197.JPEG,n07745940,949,949,0.5877843,1,imagenet_c,defocus_blur,1,none
efficientnet_b4,ILSVRC2012_val_00043920.JPEG,n07745940,949,949,0.11215921,1,imagenet_c,defocus_blur,1,none
efficientnet_b4,ILSVRC2012_val_00046203.JPEG,n07745940,949,949,0.07138393,1,imagenet_c,defocus_blur,1,none
efficientnet_b4,ILSVRC2012_val_00046437.JPEG,n07745940,949,953,0.33851427,0,imagenet_c,defocus_blur,1,none
efficientnet_b4,ILSVRC2012_val_00048023.JPEG,n07745940,949,989,0.45194247,0,imagenet_c,defocus_blur,1,none
efficientnet_b4,ILSVRC2012_val_00001406.JPEG,n07747607,950,950,0.19930793,1,imagenet_c,defocus_blur,1,none
efficientnet_b4,ILSVRC2012_val_00001778.JPEG,n07747607,950,964,0.28397214,0,imagenet_c,defocus_blur,1,none
efficientnet_b4,ILSVRC2012_val_00002915.JPEG,n07747607,950,950,0.35593247,1,imagenet_c,defocus_blur,1,none
efficientnet_b4,ILSVRC2012_val_00003619.JPEG,n07747607,950,950,0.6709872,1,imagenet_c,defocus_blur,1,none
efficientnet_b4,ILSVRC2012_val_00005888.JPEG,n07747607,950,950,0.5770438,1,imagenet_c,defocus_blur,1,none
efficientnet_b4,ILSVRC2012_val_00006199.JPEG,n07747607,950,530,0.12342856,0,imagenet_c,defocus_blur,1,none
efficientnet_b4,ILSVRC2012_val_00006302.JPEG,n07747607,950,950,0.5556527,1,imagenet_c,defocus_blur,1,none
efficientnet_b4,ILSVRC2012_val_00006756.JPEG,n07747607,950,950,0.19813418,1,imagenet_c,defocus_blur,1,none
efficientnet_b4,ILSVRC2012_val_00010681.JPEG,n07747607,950,950,0.4012516,1,imagenet_c,defocus_blur,1,none
efficientnet_b4,ILSVRC2012_val_00012107.JPEG,n07747607,950,951,0.30944148,0,imagenet_c,defocus_blur,1,none
efficientnet_b4,ILSVRC2012_val_00012699.JPEG,n07747607,950,642,0.1391887,0,imagenet_c,defocus_blur,1,none
efficientnet_b4,ILSVRC2012_val_00013588.JPEG,n07747607,950,738,0.09619159,0,imagenet_c,defocus_blur,1,none
efficientnet_b4,ILSVRC2012_val_00013643.JPEG,n07747607,950,950,0.2536494,1,imagenet_c,defocus_blur,1,none
efficientnet_b4,ILSVRC2012_val_00014311.JPEG,n07747607,950,950,0.34464425,1,imagenet_c,defocus_blur,1,none
efficientnet_b4,ILSVRC2012_val_00014840.JPEG,n07747607,950,950,0.53781664,1,imagenet_c,defocus_blur,1,none
efficientnet_b4,ILSVRC2012_val_00014856.JPEG,n07747607,950,950,0.57623416,1,imagenet_c,defocus_blur,1,none
efficientnet_b4,ILSVRC2012_val_00017016.JPEG,n07747607,950,950,0.31060755,1,imagenet_c,defocus_blur,1,none
efficientnet_b4,ILSVRC2012_val_00017096.JPEG,n07747607,950,950,0.13409099,1,imagenet_c,defocus_blur,1,none
efficientnet_b4,ILSVRC2012_val_00018013.JPEG,n07747607,950,950,0.61086994,1,imagenet_c,defocus_blur,1,none
efficientnet_b4,ILSVRC2012_val_00021144.JPEG,n07747607,950,951,0.10667053,0,imagenet_c,defocus_blur,1,none
efficientnet_b4,ILSVRC2012_val_00021193.JPEG,n07747607,950,951,0.55674875,0,imagenet_c,defocus_blur,1,none
efficientnet_b4,ILSVRC2012_val_00021465.JPEG,n07747607,950,927,0.25823444,0,imagenet_c,defocus_blur,1,none
efficientnet_b4,ILSVRC2012_val_00021528.JPEG,n07747607,950,722,0.16674823,0,imagenet_c,defocus_blur,1,none
efficientnet_b4,ILSVRC2012_val_00022623.JPEG,n07747607,950,522,0.6827286,0,imagenet_c,defocus_blur,1,none
efficientnet_b4,ILSVRC2012_val_00023063.JPEG,n07747607,950,950,0.51587045,1,imagenet_c,defocus_blur,1,none
efficientnet_b4,ILSVRC2012_val_00023088.JPEG,n07747607,950,582,0.50216955,0,imagenet_c,defocus_blur,1,none
efficientnet_b4,ILSVRC2012_val_00023626.JPEG,n07747607,950,950,0.5562336,1,imagenet_c,defocus_blur,1,none
efficientnet_b4,ILSVRC2012_val_00024692.JPEG,n07747607,950,932,0.25763667,0,imagenet_c,defocus_blur,1,none
efficientnet_b4,ILSVRC2012_val_00026831.JPEG,n07747607,950,951,0.15614873,0,imagenet_c,defocus_blur,1,none
efficientnet_b4,ILSVRC2012_val_00027083.JPEG,n07747607,950,950,0.57408667,1,imagenet_c,defocus_blur,1,none
efficientnet_b4,ILSVRC2012_val_00027520.JPEG,n07747607,950,951,0.32240298,0,imagenet_c,defocus_blur,1,none
efficientnet_b4,ILSVRC2012_val_00027744.JPEG,n07747607,950,948,0.50323904,0,imagenet_c,defocus_blur,1,none
efficientnet_b4,ILSVRC2012_val_00028980.JPEG,n07747607,950,950,0.4353511,1,imagenet_c,defocus_blur,1,none
efficientnet_b4,ILSVRC2012_val_00029447.JPEG,n07747607,950,599,0.13175084,0,imagenet_c,defocus_blur,1,none
efficientnet_b4,ILSVRC2012_val_00030614.JPEG,n07747607,950,950,0.47101048,1,imagenet_c,defocus_blur,1,none
efficientnet_b4,ILSVRC2012_val_00032960.JPEG,n07747607,950,582,0.33001664,0,imagenet_c,defocus_blur,1,none
efficientnet_b4,ILSVRC2012_val_00033807.JPEG,n07747607,950,927,0.13806659,0,imagenet_c,defocus_blur,1,none
efficientnet_b4,ILSVRC2012_val_00034677.JPEG,n07747607,950,951,0.46600628,0,imagenet_c,defocus_blur,1,none
efficientnet_b4,ILSVRC2012_val_00036854.JPEG,n07747607,950,950,0.6568546,1,imagenet_c,defocus_blur,1,none
efficientnet_b4,ILSVRC2012_val_00037247.JPEG,n07747607,950,950,0.5729823,1,imagenet_c,defocus_blur,1,none
efficientnet_b4,ILSVRC2012_val_00039277.JPEG,n07747607,950,582,0.366835,0,imagenet_c,defocus_blur,1,none
efficientnet_b4,ILSVRC2012_val_00040122.JPEG,n07747607,950,951,0.41951767,0,imagenet_c,defocus_blur,1,none
efficientnet_b4,ILSVRC2012_val_00040188.JPEG,n07747607,950,950,0.29979357,1,imagenet_c,defocus_blur,1,none
efficientnet_b4,ILSVRC2012_val_00042291.JPEG,n07747607,950,951,0.53599143,0,imagenet_c,defocus_blur,1,none
efficientnet_b4,ILSVRC2012_val_00043565.JPEG,n07747607,950,950,0.3475219,1,imagenet_c,defocus_blur,1,none
efficientnet_b4,ILSVRC2012_val_00045093.JPEG,n07747607,950,950,0.21691576,1,imagenet_c,defocus_blur,1,none
efficientnet_b4,ILSVRC2012_val_00045114.JPEG,n07747607,950,950,0.42697057,1,imagenet_c,defocus_blur,1,none
efficientnet_b4,ILSVRC2012_val_00046347.JPEG,n07747607,950,950,0.54406697,1,imagenet_c,defocus_blur,1,none
efficientnet_b4,ILSVRC2012_val_00048190.JPEG,n07747607,950,950,0.38805816,1,imagenet_c,defocus_blur,1,none
efficientnet_b4,ILSVRC2012_val_00049490.JPEG,n07747607,950,942,0.45287138,0,imagenet_c,defocus_blur,1,none
efficientnet_b4,ILSVRC2012_val_00000711.JPEG,n07749582,951,951,0.57639635,1,imagenet_c,defocus_blur,1,none
efficientnet_b4,ILSVRC2012_val_00001658.JPEG,n07749582,951,582,0.075976186,0,imagenet_c,defocus_blur,1,none
efficientnet_b4,ILSVRC2012_val_00001671.JPEG,n07749582,951,951,0.4781409,1,imagenet_c,defocus_blur,1,none
efficientnet_b4,ILSVRC2012_val_00002098.JPEG,n07749582,951,951,0.5544748,1,imagenet_c,defocus_blur,1,none
efficientnet_b4,ILSVRC2012_val_00002363.JPEG,n07749582,951,951,0.4410518,1,imagenet_c,defocus_blur,1,none
efficientnet_b4,ILSVRC2012_val_00003345.JPEG,n07749582,951,951,0.67191076,1,imagenet_c,defocus_blur,1,none
efficientnet_b4,ILSVRC2012_val_00003843.JPEG,n07749582,951,951,0.7472078,1,imagenet_c,defocus_blur,1,none
efficientnet_b4,ILSVRC2012_val_00005070.JPEG,n07749582,951,951,0.7447642,1,imagenet_c,defocus_blur,1,none
efficientnet_b4,ILSVRC2012_val_00007458.JPEG,n07749582,951,951,0.74988025,1,imagenet_c,defocus_blur,1,none
efficientnet_b4,ILSVRC2012_val_00014017.JPEG,n07749582,951,951,0.5919296,1,imagenet_c,defocus_blur,1,none
efficientnet_b4,ILSVRC2012_val_00014373.JPEG,n07749582,951,722,0.4644678,0,imagenet_c,defocus_blur,1,none
efficientnet_b4,ILSVRC2012_val_00014929.JPEG,n07749582,951,951,0.6074841,1,imagenet_c,defocus_blur,1,none
efficientnet_b4,ILSVRC2012_val_00015308.JPEG,n07749582,951,951,0.6713344,1,imagenet_c,defocus_blur,1,none
efficientnet_b4,ILSVRC2012_val_00017184.JPEG,n07749582,951,503,0.035584625,0,imagenet_c,defocus_blur,1,none
efficientnet_b4,ILSVRC2012_val_00017842.JPEG,n07749582,951,951,0.49413857,1,imagenet_c,defocus_blur,1,none
efficientnet_b4,ILSVRC2012_val_00017982.JPEG,n07749582,951,951,0.34856984,1,imagenet_c,defocus_blur,1,none
efficientnet_b4,ILSVRC2012_val_00018300.JPEG,n07749582,951,951,0.44310862,1,imagenet_c,defocus_blur,1,none
efficientnet_b4,ILSVRC2012_val_00018338.JPEG,n07749582,951,951,0.6218884,1,imagenet_c,defocus_blur,1,none
efficientnet_b4,ILSVRC2012_val_00018769.JPEG,n07749582,951,951,0.6107389,1,imagenet_c,defocus_blur,1,none
efficientnet_b4,ILSVRC2012_val_00018825.JPEG,n07749582,951,720,0.16420628,0,imagenet_c,defocus_blur,1,none
efficientnet_b4,ILSVRC2012_val_00020573.JPEG,n07749582,951,951,0.25043434,1,imagenet_c,defocus_blur,1,none
efficientnet_b4,ILSVRC2012_val_00021613.JPEG,n07749582,951,951,0.59993535,1,imagenet_c,defocus_blur,1,none
efficientnet_b4,ILSVRC2012_val_00022375.JPEG,n07749582,951,950,0.5219579,0,imagenet_c,defocus_blur,1,none
efficientnet_b4,ILSVRC2012_val_00023026.JPEG,n07749582,951,951,0.6097671,1,imagenet_c,defocus_blur,1,none
efficientnet_b4,ILSVRC2012_val_00023879.JPEG,n07749582,951,951,0.6587431,1,imagenet_c,defocus_blur,1,none
efficientnet_b4,ILSVRC2012_val_00025921.JPEG,n07749582,951,951,0.6445478,1,imagenet_c,defocus_blur,1,none
efficientnet_b4,ILSVRC2012_val_00027090.JPEG,n07749582,951,951,0.5349522,1,imagenet_c,defocus_blur,1,none
efficientnet_b4,ILSVRC2012_val_00027944.JPEG,n07749582,951,948,0.18408178,0,imagenet_c,defocus_blur,1,none
efficientnet_b4,ILSVRC2012_val_00028823.JPEG,n07749582,951,951,0.7852322,1,imagenet_c,defocus_blur,1,none
efficientnet_b4,ILSVRC2012_val_00030225.JPEG,n07749582,951,951,0.5153035,1,imagenet_c,defocus_blur,1,none
efficientnet_b4,ILSVRC2012_val_00030758.JPEG,n07749582,951,951,0.69432414,1,imagenet_c,defocus_blur,1,none
efficientnet_b4,ILSVRC2012_val_00030967.JPEG,n07749582,951,951,0.22872499,1,imagenet_c,defocus_blur,1,none
efficientnet_b4,ILSVRC2012_val_00032151.JPEG,n07749582,951,89,0.31712615,0,imagenet_c,defocus_blur,1,none
efficientnet_b4,ILSVRC2012_val_00033348.JPEG,n07749582,951,948,0.25138924,0,imagenet_c,defocus_blur,1,none
efficientnet_b4,ILSVRC2012_val_00033722.JPEG,n07749582,951,582,0.57039076,0,imagenet_c,defocus_blur,1,none
efficientnet_b4,ILSVRC2012_val_00034286.JPEG,n07749582,951,951,0.6993929,1,imagenet_c,defocus_blur,1,none
efficientnet_b4,ILSVRC2012_val_00035888.JPEG,n07749582,951,951,0.32530302,1,imagenet_c,defocus_blur,1,none
efficientnet_b4,ILSVRC2012_val_00035996.JPEG,n07749582,951,951,0.787711,1,imagenet_c,defocus_blur,1,none
efficientnet_b4,ILSVRC2012_val_00036146.JPEG,n07749582,951,951,0.38279372,1,imagenet_c,defocus_blur,1,none
efficientnet_b4,ILSVRC2012_val_00036987.JPEG,n07749582,951,951,0.1461514,1,imagenet_c,defocus_blur,1,none
efficientnet_b4,ILSVRC2012_val_00038212.JPEG,n07749582,951,950,0.27664208,0,imagenet_c,defocus_blur,1,none
efficientnet_b4,ILSVRC2012_val_00038325.JPEG,n07749582,951,951,0.7864625,1,imagenet_c,defocus_blur,1,none
efficientnet_b4,ILSVRC2012_val_00039834.JPEG,n07749582,951,951,0.34992903,1,imagenet_c,defocus_blur,1,none
efficientnet_b4,ILSVRC2012_val_00040080.JPEG,n07749582,951,951,0.56520134,1,imagenet_c,defocus_blur,1,none
efficientnet_b4,ILSVRC2012_val_00040755.JPEG,n07749582,951,738,0.2622313,0,imagenet_c,defocus_blur,1,none
efficientnet_b4,ILSVRC2012_val_00044342.JPEG,n07749582,951,951,0.66040885,1,imagenet_c,defocus_blur,1,none
efficientnet_b4,ILSVRC2012_val_00045149.JPEG,n07749582,951,951,0.73609805,1,imagenet_c,defocus_blur,1,none
efficientnet_b4,ILSVRC2012_val_00047221.JPEG,n07749582,951,951,0.30013144,1,imagenet_c,defocus_blur,1,none
efficientnet_b4,ILSVRC2012_val_00047567.JPEG,n07749582,951,951,0.055789232,1,imagenet_c,defocus_blur,1,none
efficientnet_b4,ILSVRC2012_val_00048264.JPEG,n07749582,951,951,0.544986,1,imagenet_c,defocus_blur,1,none
efficientnet_b4,ILSVRC2012_val_00002124.JPEG,n07753113,952,90,0.3834076,0,imagenet_c,defocus_blur,1,none
efficientnet_b4,ILSVRC2012_val_00002179.JPEG,n07753113,952,957,0.14927386,0,imagenet_c,defocus_blur,1,none
efficientnet_b4,ILSVRC2012_val_00002435.JPEG,n07753113,952,952,0.26445314,1,imagenet_c,defocus_blur,1,none
efficientnet_b4,ILSVRC2012_val_00007013.JPEG,n07753113,952,952,0.6578597,1,imagenet_c,defocus_blur,1,none
efficientnet_b4,ILSVRC2012_val_00008180.JPEG,n07753113,952,988,0.5137725,0,imagenet_c,defocus_blur,1,none
efficientnet_b4,ILSVRC2012_val_00008218.JPEG,n07753113,952,952,0.12877044,1,imagenet_c,defocus_blur,1,none
efficientnet_b4,ILSVRC2012_val_00009968.JPEG,n07753113,952,952,0.57418865,1,imagenet_c,defocus_blur,1,none
efficientnet_b4,ILSVRC2012_val_00011232.JPEG,n07753113,952,952,0.5428093,1,imagenet_c,defocus_blur,1,none
efficientnet_b4,ILSVRC2012_val_00011675.JPEG,n07753113,952,952,0.62508845,1,imagenet_c,defocus_blur,1,none
efficientnet_b4,ILSVRC2012_val_00012934.JPEG,n07753113,952,952,0.5537042,1,imagenet_c,defocus_blur,1,none
efficientnet_b4,ILSVRC2012_val_00013581.JPEG,n07753113,952,952,0.4720124,1,imagenet_c,defocus_blur,1,none
efficientnet_b4,ILSVRC2012_val_00015659.JPEG,n07753113,952,952,0.48251367,1,imagenet_c,defocus_blur,1,none
efficientnet_b4,ILSVRC2012_val_00016680.JPEG,n07753113,952,952,0.4718203,1,imagenet_c,defocus_blur,1,none
efficientnet_b4,ILSVRC2012_val_00017076.JPEG,n07753113,952,952,0.21768911,1,imagenet_c,defocus_blur,1,none
efficientnet_b4,ILSVRC2012_val_00017371.JPEG,n07753113,952,952,0.3010136,1,imagenet_c,defocus_blur,1,none
efficientnet_b4,ILSVRC2012_val_00017659.JPEG,n07753113,952,952,0.59028274,1,imagenet_c,defocus_blur,1,none
efficientnet_b4,ILSVRC2012_val_00018524.JPEG,n07753113,952,952,0.56865644,1,imagenet_c,defocus_blur,1,none
efficientnet_b4,ILSVRC2012_val_00019372.JPEG,n07753113,952,952,0.46632206,1,imagenet_c,defocus_blur,1,none
efficientnet_b4,ILSVRC2012_val_00019397.JPEG,n07753113,952,952,0.6626369,1,imagenet_c,defocus_blur,1,none
efficientnet_b4,ILSVRC2012_val_00019654.JPEG,n07753113,952,952,0.3095419,1,imagenet_c,defocus_blur,1,none
efficientnet_b4,ILSVRC2012_val_00019793.JPEG,n07753113,952,952,0.4611727,1,imagenet_c,defocus_blur,1,none
efficientnet_b4,ILSVRC2012_val_00020041.JPEG,n07753113,952,952,0.66009957,1,imagenet_c,defocus_blur,1,none
efficientnet_b4,ILSVRC2012_val_00020555.JPEG,n07753113,952,582,0.23618646,0,imagenet_c,defocus_blur,1,none
efficientnet_b4,ILSVRC2012_val_00023527.JPEG,n07753113,952,952,0.4725767,1,imagenet_c,defocus_blur,1,none
efficientnet_b4,ILSVRC2012_val_00024339.JPEG,n07753113,952,952,0.6012499,1,imagenet_c,defocus_blur,1,none
efficientnet_b4,ILSVRC2012_val_00025158.JPEG,n07753113,952,952,0.50353426,1,imagenet_c,defocus_blur,1,none
efficientnet_b4,ILSVRC2012_val_00025894.JPEG,n07753113,952,952,0.518473,1,imagenet_c,defocus_blur,1,none
efficientnet_b4,ILSVRC2012_val_00027116.JPEG,n07753113,952,952,0.5130099,1,imagenet_c,defocus_blur,1,none
efficientnet_b4,ILSVRC2012_val_00027476.JPEG,n07753113,952,987,0.5967915,0,imagenet_c,defocus_blur,1,none
efficientnet_b4,ILSVRC2012_val_00028665.JPEG,n07753113,952,952,0.61407983,1,imagenet_c,defocus_blur,1,none
efficientnet_b4,ILSVRC2012_val_00032414.JPEG,n07753113,952,582,0.1627946,0,imagenet_c,defocus_blur,1,none
efficientnet_b4,ILSVRC2012_val_00032536.JPEG,n07753113,952,952,0.4101,1,imagenet_c,defocus_blur,1,none
efficientnet_b4,ILSVRC2012_val_00032827.JPEG,n07753113,952,952,0.60729706,1,imagenet_c,defocus_blur,1,none
efficientnet_b4,ILSVRC2012_val_00033680.JPEG,n07753113,952,952,0.581786,1,imagenet_c,defocus_blur,1,none
efficientnet_b4,ILSVRC2012_val_00033994.JPEG,n07753113,952,952,0.5660757,1,imagenet_c,defocus_blur,1,none
efficientnet_b4,ILSVRC2012_val_00034698.JPEG,n07753113,952,952,0.50768703,1,imagenet_c,defocus_blur,1,none
efficientnet_b4,ILSVRC2012_val_00035557.JPEG,n07753113,952,952,0.5954067,1,imagenet_c,defocus_blur,1,none
efficientnet_b4,ILSVRC2012_val_00036214.JPEG,n07753113,952,952,0.5620026,1,imagenet_c,defocus_blur,1,none
efficientnet_b4,ILSVRC2012_val_00036860.JPEG,n07753113,952,952,0.62318355,1,imagenet_c,defocus_blur,1,none
efficientnet_b4,ILSVRC2012_val_00037431.JPEG,n07753113,952,952,0.49709567,1,imagenet_c,defocus_blur,1,none
efficientnet_b4,ILSVRC2012_val_00038577.JPEG,n07753113,952,952,0.599073,1,imagenet_c,defocus_blur,1,none
efficientnet_b4,ILSVRC2012_val_00038688.JPEG,n07753113,952,941,0.33156967,0,imagenet_c,defocus_blur,1,none
efficientnet_b4,ILSVRC2012_val_00038857.JPEG,n07753113,952,950,0.49692076,0,imagenet_c,defocus_blur,1,none
efficientnet_b4,ILSVRC2012_val_00040759.JPEG,n07753113,952,952,0.5366698,1,imagenet_c,defocus_blur,1,none
efficientnet_b4,ILSVRC2012_val_00041001.JPEG,n07753113,952,584,0.10983626,0,imagenet_c,defocus_blur,1,none
efficientnet_b4,ILSVRC2012_val_00042121.JPEG,n07753113,952,952,0.7169085,1,imagenet_c,defocus_blur,1,none
efficientnet_b4,ILSVRC2012_val_00042141.JPEG,n07753113,952,952,0.7223473,1,imagenet_c,defocus_blur,1,none
efficientnet_b4,ILSVRC2012_val_00046028.JPEG,n07753113,952,952,0.4628463,1,imagenet_c,defocus_blur,1,none
efficientnet_b4,ILSVRC2012_val_00047228.JPEG,n07753113,952,952,0.5611358,1,imagenet_c,defocus_blur,1,none
efficientnet_b4,ILSVRC2012_val_00048339.JPEG,n07753113,952,956,0.2526728,0,imagenet_c,defocus_blur,1,none
efficientnet_b4,ILSVRC2012_val_00001479.JPEG,n07753275,953,953,0.5127065,1,imagenet_c,defocus_blur,1,none
efficientnet_b4,ILSVRC2012_val_00002440.JPEG,n07753275,953,953,0.49165156,1,imagenet_c,defocus_blur,1,none
efficientnet_b4,ILSVRC2012_val_00003309.JPEG,n07753275,953,953,0.18731077,1,imagenet_c,defocus_blur,1,none
efficientnet_b4,ILSVRC2012_val_00003549.JPEG,n07753275,953,891,0.07540727,0,imagenet_c,defocus_blur,1,none
efficientnet_b4,ILSVRC2012_val_00004198.JPEG,n07753275,953,953,0.24930115,1,imagenet_c,defocus_blur,1,none
efficientnet_b4,ILSVRC2012_val_00004322.JPEG,n07753275,953,953,0.21658161,1,imagenet_c,defocus_blur,1,none
efficientnet_b4,ILSVRC2012_val_00008567.JPEG,n07753275,953,953,0.16580144,1,imagenet_c,defocus_blur,1,none
efficientnet_b4,ILSVRC2012_val_00008782.JPEG,n07753275,953,953,0.14422639,1,imagenet_c,defocus_blur,1,none
efficientnet_b4,ILSVRC2012_val_00009015.JPEG,n07753275,953,953,0.47820526,1,imagenet_c,defocus_blur,1,none
efficientnet_b4,ILSVRC2012_val_00009305.JPEG,n07753275,953,953,0.57081646,1,imagenet_c,defocus_blur,1,none
efficientnet_b4,ILSVRC2012_val_00009399.JPEG,n07753275,953,953,0.18070236,1,imagenet_c,defocus_blur,1,none
efficientnet_b4,ILSVRC2012_val_00010614.JPEG,n07753275,953,953,0.32184026,1,imagenet_c,defocus_blur,1,none
efficientnet_b4,ILSVRC2012_val_00011347.JPEG,n07753275,953,953,0.4048496,1,imagenet_c,defocus_blur,1,none
efficientnet_b4,ILSVRC2012_val_00012119.JPEG,n07753275,953,868,0.054973744,0,imagenet_c,defocus_blur,1,none
efficientnet_b4,ILSVRC2012_val_00012451.JPEG,n07753275,953,953,0.47224045,1,imagenet_c,defocus_blur,1,none
efficientnet_b4,ILSVRC2012_val_00012582.JPEG,n07753275,953,953,0.5873581,1,imagenet_c,defocus_blur,1,none
efficientnet_b4,ILSVRC2012_val_00013450.JPEG,n07753275,953,953,0.5240005,1,imagenet_c,defocus_blur,1,none
efficientnet_b4,ILSVRC2012_val_00014851.JPEG,n07753275,953,953,0.64683354,1,imagenet_c,defocus_blur,1,none
efficientnet_b4,ILSVRC2012_val_00015406.JPEG,n07753275,953,509,0.14800124,0,imagenet_c,defocus_blur,1,none
efficientnet_b4,ILSVRC2012_val_00016984.JPEG,n07753275,953,956,0.40394023,0,imagenet_c,defocus_blur,1,none
efficientnet_b4,ILSVRC2012_val_00018941.JPEG,n07753275,953,923,0.37984607,0,imagenet_c,defocus_blur,1,none
efficientnet_b4,ILSVRC2012_val_00020088.JPEG,n07753275,953,953,0.40490106,1,imagenet_c,defocus_blur,1,none
efficientnet_b4,ILSVRC2012_val_00020416.JPEG,n07753275,953,953,0.38346565,1,imagenet_c,defocus_blur,1,none
efficientnet_b4,ILSVRC2012_val_00020751.JPEG,n07753275,953,953,0.10491228,1,imagenet_c,defocus_blur,1,none
efficientnet_b4,ILSVRC2012_val_00023804.JPEG,n07753275,953,953,0.2768,1,imagenet_c,defocus_blur,1,none
efficientnet_b4,ILSVRC2012_val_00023957.JPEG,n07753275,953,955,0.11302054,0,imagenet_c,defocus_blur,1,none
efficientnet_b4,ILSVRC2012_val_00024461.JPEG,n07753275,953,953,0.6011739,1,imagenet_c,defocus_blur,1,none
efficientnet_b4,ILSVRC2012_val_00025281.JPEG,n07753275,953,953,0.11037205,1,imagenet_c,defocus_blur,1,none
efficientnet_b4,ILSVRC2012_val_00027781.JPEG,n07753275,953,953,0.5078946,1,imagenet_c,defocus_blur,1,none
efficientnet_b4,ILSVRC2012_val_00029311.JPEG,n07753275,953,953,0.39707494,1,imagenet_c,defocus_blur,1,none
efficientnet_b4,ILSVRC2012_val_00029522.JPEG,n07753275,953,953,0.4898137,1,imagenet_c,defocus_blur,1,none
efficientnet_b4,ILSVRC2012_val_00030047.JPEG,n07753275,953,582,0.41124603,0,imagenet_c,defocus_blur,1,none
efficientnet_b4,ILSVRC2012_val_00030543.JPEG,n07753275,953,953,0.6496678,1,imagenet_c,defocus_blur,1,none
efficientnet_b4,ILSVRC2012_val_00031427.JPEG,n07753275,953,953,0.6541958,1,imagenet_c,defocus_blur,1,none
efficientnet_b4,ILSVRC2012_val_00031767.JPEG,n07753275,953,953,0.5172146,1,imagenet_c,defocus_blur,1,none
efficientnet_b4,ILSVRC2012_val_00034206.JPEG,n07753275,953,953,0.38759622,1,imagenet_c,defocus_blur,1,none
efficientnet_b4,ILSVRC2012_val_00035283.JPEG,n07753275,953,738,0.038353562,0,imagenet_c,defocus_blur,1,none
efficientnet_b4,ILSVRC2012_val_00035909.JPEG,n07753275,953,953,0.6829277,1,imagenet_c,defocus_blur,1,none
efficientnet_b4,ILSVRC2012_val_00038432.JPEG,n07753275,953,953,0.58270097,1,imagenet_c,defocus_blur,1,none
efficientnet_b4,ILSVRC2012_val_00039494.JPEG,n07753275,953,953,0.41060403,1,imagenet_c,defocus_blur,1,none
efficientnet_b4,ILSVRC2012_val_00039617.JPEG,n07753275,953,953,0.4496297,1,imagenet_c,defocus_blur,1,none
efficientnet_b4,ILSVRC2012_val_00040389.JPEG,n07753275,953,417,0.07858672,0,imagenet_c,defocus_blur,1,none
efficientnet_b4,ILSVRC2012_val_00040804.JPEG,n07753275,953,953,0.41446552,1,imagenet_c,defocus_blur,1,none
efficientnet_b4,ILSVRC2012_val_00042517.JPEG,n07753275,953,953,0.58979815,1,imagenet_c,defocus_blur,1,none
efficientnet_b4,ILSVRC2012_val_00042929.JPEG,n07753275,953,953,0.48892856,1,imagenet_c,defocus_blur,1,none
efficientnet_b4,ILSVRC2012_val_00045126.JPEG,n07753275,953,870,0.04385568,0,imagenet_c,defocus_blur,1,none
efficientnet_b4,ILSVRC2012_val_00045670.JPEG,n07753275,953,960,0.09111393,0,imagenet_c,defocus_blur,1,none
efficientnet_b4,ILSVRC2012_val_00047038.JPEG,n07753275,953,953,0.106520385,1,imagenet_c,defocus_blur,1,none
efficientnet_b4,ILSVRC2012_val_00047966.JPEG,n07753275,953,953,0.56965196,1,imagenet_c,defocus_blur,1,none
efficientnet_b4,ILSVRC2012_val_00048671.JPEG,n07753275,953,953,0.5770373,1,imagenet_c,defocus_blur,1,none
efficientnet_b4,ILSVRC2012_val_00000605.JPEG,n07753592,954,987,0.16517565,0,imagenet_c,defocus_blur,1,none
efficientnet_b4,ILSVRC2012_val_00001849.JPEG,n07753592,954,954,0.40702873,1,imagenet_c,defocus_blur,1,none
efficientnet_b4,ILSVRC2012_val_00002187.JPEG,n07753592,954,954,0.20743832,1,imagenet_c,defocus_blur,1,none
efficientnet_b4,ILSVRC2012_val_00003412.JPEG,n07753592,954,954,0.83505386,1,imagenet_c,defocus_blur,1,none
efficientnet_b4,ILSVRC2012_val_00004614.JPEG,n07753592,954,940,0.13592088,0,imagenet_c,defocus_blur,1,none
efficientnet_b4,ILSVRC2012_val_00005177.JPEG,n07753592,954,954,0.33006805,1,imagenet_c,defocus_blur,1,none
efficientnet_b4,ILSVRC2012_val_00006728.JPEG,n07753592,954,954,0.1912574,1,imagenet_c,defocus_blur,1,none
efficientnet_b4,ILSVRC2012_val_00009227.JPEG,n07753592,954,954,0.51046044,1,imagenet_c,defocus_blur,1,none
efficientnet_b4,ILSVRC2012_val_00010237.JPEG,n07753592,954,954,0.44070876,1,imagenet_c,defocus_blur,1,none
efficientnet_b4,ILSVRC2012_val_00012131.JPEG,n07753592,954,954,0.42495352,1,imagenet_c,defocus_blur,1,none
efficientnet_b4,ILSVRC2012_val_00012444.JPEG,n07753592,954,954,0.39956596,1,imagenet_c,defocus_blur,1,none
efficientnet_b4,ILSVRC2012_val_00012452.JPEG,n07753592,954,954,0.51289165,1,imagenet_c,defocus_blur,1,none
efficientnet_b4,ILSVRC2012_val_00012621.JPEG,n07753592,954,954,0.5512695,1,imagenet_c,defocus_blur,1,none
efficientnet_b4,ILSVRC2012_val_00014063.JPEG,n07753592,954,954,0.20197928,1,imagenet_c,defocus_blur,1,none
efficientnet_b4,ILSVRC2012_val_00015209.JPEG,n07753592,954,954,0.11614508,1,imagenet_c,defocus_blur,1,none
efficientnet_b4,ILSVRC2012_val_00016182.JPEG,n07753592,954,951,0.097103424,0,imagenet_c,defocus_blur,1,none
efficientnet_b4,ILSVRC2012_val_00017021.JPEG,n07753592,954,907,0.1582346,0,imagenet_c,defocus_blur,1,none
efficientnet_b4,ILSVRC2012_val_00017144.JPEG,n07753592,954,954,0.15416028,1,imagenet_c,defocus_blur,1,none
efficientnet_b4,ILSVRC2012_val_00018896.JPEG,n07753592,954,953,0.12818219,0,imagenet_c,defocus_blur,1,none
efficientnet_b4,ILSVRC2012_val_00020601.JPEG,n07753592,954,954,0.18539512,1,imagenet_c,defocus_blur,1,none
efficientnet_b4,ILSVRC2012_val_00021098.JPEG,n07753592,954,987,0.14156066,0,imagenet_c,defocus_blur,1,none
efficientnet_b4,ILSVRC2012_val_00021860.JPEG,n07753592,954,954,0.33285496,1,imagenet_c,defocus_blur,1,none
efficientnet_b4,ILSVRC2012_val_00022037.JPEG,n07753592,954,582,0.17484362,0,imagenet_c,defocus_blur,1,none
efficientnet_b4,ILSVRC2012_val_00022193.JPEG,n07753592,954,954,0.62846106,1,imagenet_c,defocus_blur,1,none
efficientnet_b4,ILSVRC2012_val_00022628.JPEG,n07753592,954,954,0.50700617,1,imagenet_c,defocus_blur,1,none
efficientnet_b4,ILSVRC2012_val_00023220.JPEG,n07753592,954,954,0.4262821,1,imagenet_c,defocus_blur,1,none
efficientnet_b4,ILSVRC2012_val_00025019.JPEG,n07753592,954,956,0.3067,0,imagenet_c,defocus_blur,1,none
efficientnet_b4,ILSVRC2012_val_00026836.JPEG,n07753592,954,954,0.24891911,1,imagenet_c,defocus_blur,1,none
efficientnet_b4,ILSVRC2012_val_00028841.JPEG,n07753592,954,954,0.25839615,1,imagenet_c,defocus_blur,1,none
efficientnet_b4,ILSVRC2012_val_00029200.JPEG,n07753592,954,950,0.28741148,0,imagenet_c,defocus_blur,1,none
efficientnet_b4,ILSVRC2012_val_00029906.JPEG,n07753592,954,923,0.2395477,0,imagenet_c,defocus_blur,1,none
efficientnet_b4,ILSVRC2012_val_00029919.JPEG,n07753592,954,954,0.41984445,1,imagenet_c,defocus_blur,1,none
efficientnet_b4,ILSVRC2012_val_00031641.JPEG,n07753592,954,954,0.47459188,1,imagenet_c,defocus_blur,1,none
efficientnet_b4,ILSVRC2012_val_00031781.JPEG,n07753592,954,954,0.4882804,1,imagenet_c,defocus_blur,1,none
efficientnet_b4,ILSVRC2012_val_00032327.JPEG,n07753592,954,954,0.5699703,1,imagenet_c,defocus_blur,1,none
efficientnet_b4,ILSVRC2012_val_00034098.JPEG,n07753592,954,954,0.48041946,1,imagenet_c,defocus_blur,1,none
efficientnet_b4,ILSVRC2012_val_00036580.JPEG,n07753592,954,954,0.42289084,1,imagenet_c,defocus_blur,1,none
efficientnet_b4,ILSVRC2012_val_00038080.JPEG,n07753592,954,954,0.48776376,1,imagenet_c,defocus_blur,1,none
efficientnet_b4,ILSVRC2012_val_00038819.JPEG,n07753592,954,778,0.164122,0,imagenet_c,defocus_blur,1,none
efficientnet_b4,ILSVRC2012_val_00039341.JPEG,n07753592,954,954,0.40703124,1,imagenet_c,defocus_blur,1,none
efficientnet_b4,ILSVRC2012_val_00040280.JPEG,n07753592,954,940,0.085797995,0,imagenet_c,defocus_blur,1,none
efficientnet_b4,ILSVRC2012_val_00040281.JPEG,n07753592,954,954,0.31246653,1,imagenet_c,defocus_blur,1,none
efficientnet_b4,ILSVRC2012_val_00042014.JPEG,n07753592,954,954,0.69598585,1,imagenet_c,defocus_blur,1,none
efficientnet_b4,ILSVRC2012_val_00043785.JPEG,n07753592,954,954,0.3750686,1,imagenet_c,defocus_blur,1,none
efficientnet_b4,ILSVRC2012_val_00043863.JPEG,n07753592,954,954,0.46506947,1,imagenet_c,defocus_blur,1,none
efficientnet_b4,ILSVRC2012_val_00045425.JPEG,n07753592,954,450,0.061801914,0,imagenet_c,defocus_blur,1,none
efficientnet_b4,ILSVRC2012_val_00046575.JPEG,n07753592,954,954,0.47273907,1,imagenet_c,defocus_blur,1,none
efficientnet_b4,ILSVRC2012_val_00047828.JPEG,n07753592,954,954,0.08155717,1,imagenet_c,defocus_blur,1,none
efficientnet_b4,ILSVRC2012_val_00049164.JPEG,n07753592,954,954,0.3827186,1,imagenet_c,defocus_blur,1,none
efficientnet_b4,ILSVRC2012_val_00049606.JPEG,n07753592,954,954,0.2667622,1,imagenet_c,defocus_blur,1,none
efficientnet_b4,ILSVRC2012_val_00000691.JPEG,n07754684,955,955,0.5364043,1,imagenet_c,defocus_blur,1,none
efficientnet_b4,ILSVRC2012_val_00003664.JPEG,n07754684,955,955,0.54393303,1,imagenet_c,defocus_blur,1,none
efficientnet_b4,ILSVRC2012_val_00003694.JPEG,n07754684,955,955,0.3227964,1,imagenet_c,defocus_blur,1,none
efficientnet_b4,ILSVRC2012_val_00004497.JPEG,n07754684,955,955,0.5836268,1,imagenet_c,defocus_blur,1,none
efficientnet_b4,ILSVRC2012_val_00006123.JPEG,n07754684,955,955,0.11683678,1,imagenet_c,defocus_blur,1,none
efficientnet_b4,ILSVRC2012_val_00006705.JPEG,n07754684,955,955,0.65133375,1,imagenet_c,defocus_blur,1,none
efficientnet_b4,ILSVRC2012_val_00007036.JPEG,n07754684,955,955,0.54112035,1,imagenet_c,defocus_blur,1,none
efficientnet_b4,ILSVRC2012_val_00007563.JPEG,n07754684,955,955,0.44395506,1,imagenet_c,defocus_blur,1,none
efficientnet_b4,ILSVRC2012_val_00007610.JPEG,n07754684,955,955,0.49542865,1,imagenet_c,defocus_blur,1,none
efficientnet_b4,ILSVRC2012_val_00007797.JPEG,n07754684,955,955,0.21870033,1,imagenet_c,defocus_blur,1,none
efficientnet_b4,ILSVRC2012_val_00008662.JPEG,n07754684,955,955,0.8044499,1,imagenet_c,defocus_blur,1,none
efficientnet_b4,ILSVRC2012_val_00010621.JPEG,n07754684,955,956,0.21784179,0,imagenet_c,defocus_blur,1,none
efficientnet_b4,ILSVRC2012_val_00012388.JPEG,n07754684,955,955,0.5266634,1,imagenet_c,defocus_blur,1,none
efficientnet_b4,ILSVRC2012_val_00012628.JPEG,n07754684,955,955,0.4905646,1,imagenet_c,defocus_blur,1,none
efficientnet_b4,ILSVRC2012_val_00013579.JPEG,n07754684,955,955,0.5876134,1,imagenet_c,defocus_blur,1,none
efficientnet_b4,ILSVRC2012_val_00013939.JPEG,n07754684,955,955,0.52372605,1,imagenet_c,defocus_blur,1,none
efficientnet_b4,ILSVRC2012_val_00017049.JPEG,n07754684,955,955,0.47237143,1,imagenet_c,defocus_blur,1,none
efficientnet_b4,ILSVRC2012_val_00018380.JPEG,n07754684,955,955,0.68114376,1,imagenet_c,defocus_blur,1,none
efficientnet_b4,ILSVRC2012_val_00018870.JPEG,n07754684,955,955,0.75395167,1,imagenet_c,defocus_blur,1,none
efficientnet_b4,ILSVRC2012_val_00021940.JPEG,n07754684,955,955,0.55005485,1,imagenet_c,defocus_blur,1,none
efficientnet_b4,ILSVRC2012_val_00022511.JPEG,n07754684,955,941,0.1445897,0,imagenet_c,defocus_blur,1,none
efficientnet_b4,ILSVRC2012_val_00024460.JPEG,n07754684,955,941,0.17502746,0,imagenet_c,defocus_blur,1,none
efficientnet_b4,ILSVRC2012_val_00024955.JPEG,n07754684,955,955,0.2634102,1,imagenet_c,defocus_blur,1,none
efficientnet_b4,ILSVRC2012_val_00025663.JPEG,n07754684,955,955,0.22619754,1,imagenet_c,defocus_blur,1,none
efficientnet_b4,ILSVRC2012_val_00025927.JPEG,n07754684,955,955,0.56572264,1,imagenet_c,defocus_blur,1,none
efficientnet_b4,ILSVRC2012_val_00026410.JPEG,n07754684,955,952,0.32344738,0,imagenet_c,defocus_blur,1,none
efficientnet_b4,ILSVRC2012_val_00026562.JPEG,n07754684,955,955,0.093037106,1,imagenet_c,defocus_blur,1,none
efficientnet_b4,ILSVRC2012_val_00026658.JPEG,n07754684,955,955,0.47083563,1,imagenet_c,defocus_blur,1,none
efficientnet_b4,ILSVRC2012_val_00029076.JPEG,n07754684,955,43,0.07152288,0,imagenet_c,defocus_blur,1,none
efficientnet_b4,ILSVRC2012_val_00029398.JPEG,n07754684,955,955,0.5893782,1,imagenet_c,defocus_blur,1,none
efficientnet_b4,ILSVRC2012_val_00030442.JPEG,n07754684,955,955,0.51234597,1,imagenet_c,defocus_blur,1,none
efficientnet_b4,ILSVRC2012_val_00033779.JPEG,n07754684,955,955,0.28877127,1,imagenet_c,defocus_blur,1,none
efficientnet_b4,ILSVRC2012_val_00034350.JPEG,n07754684,955,955,0.3948677,1,imagenet_c,defocus_blur,1,none
efficientnet_b4,ILSVRC2012_val_00034787.JPEG,n07754684,955,987,0.17672832,0,imagenet_c,defocus_blur,1,none
efficientnet_b4,ILSVRC2012_val_00035902.JPEG,n07754684,955,582,0.39160222,0,imagenet_c,defocus_blur,1,none
efficientnet_b4,ILSVRC2012_val_00036438.JPEG,n07754684,955,955,0.5461388,1,imagenet_c,defocus_blur,1,none
efficientnet_b4,ILSVRC2012_val_00036505.JPEG,n07754684,955,955,0.5783729,1,imagenet_c,defocus_blur,1,none
efficientnet_b4,ILSVRC2012_val_00036593.JPEG,n07754684,955,955,0.21143864,1,imagenet_c,defocus_blur,1,none
efficientnet_b4,ILSVRC2012_val_00037665.JPEG,n07754684,955,930,0.11846247,0,imagenet_c,defocus_blur,1,none
efficientnet_b4,ILSVRC2012_val_00038581.JPEG,n07754684,955,955,0.60494334,1,imagenet_c,defocus_blur,1,none
efficientnet_b4,ILSVRC2012_val_00039584.JPEG,n07754684,955,955,0.6129086,1,imagenet_c,defocus_blur,1,none
efficientnet_b4,ILSVRC2012_val_00041655.JPEG,n07754684,955,955,0.57074875,1,imagenet_c,defocus_blur,1,none
efficientnet_b4,ILSVRC2012_val_00042750.JPEG,n07754684,955,852,0.74414015,0,imagenet_c,defocus_blur,1,none
efficientnet_b4,ILSVRC2012_val_00045950.JPEG,n07754684,955,955,0.5965597,1,imagenet_c,defocus_blur,1,none
efficientnet_b4,ILSVRC2012_val_00047980.JPEG,n07754684,955,955,0.61015004,1,imagenet_c,defocus_blur,1,none
efficientnet_b4,ILSVRC2012_val_00048159.JPEG,n07754684,955,955,0.17085907,1,imagenet_c,defocus_blur,1,none
efficientnet_b4,ILSVRC2012_val_00048298.JPEG,n07754684,955,955,0.6282354,1,imagenet_c,defocus_blur,1,none
efficientnet_b4,ILSVRC2012_val_00048803.JPEG,n07754684,955,955,0.3922477,1,imagenet_c,defocus_blur,1,none
efficientnet_b4,ILSVRC2012_val_00049047.JPEG,n07754684,955,956,0.33485076,0,imagenet_c,defocus_blur,1,none
efficientnet_b4,ILSVRC2012_val_00049592.JPEG,n07754684,955,955,0.55688226,1,imagenet_c,defocus_blur,1,none
efficientnet_b4,ILSVRC2012_val_00000798.JPEG,n07760859,956,956,0.7395294,1,imagenet_c,defocus_blur,1,none
efficientnet_b4,ILSVRC2012_val_00001692.JPEG,n07760859,956,956,0.6398863,1,imagenet_c,defocus_blur,1,none
efficientnet_b4,ILSVRC2012_val_00002217.JPEG,n07760859,956,956,0.4661809,1,imagenet_c,defocus_blur,1,none
efficientnet_b4,ILSVRC2012_val_00002336.JPEG,n07760859,956,956,0.21276446,1,imagenet_c,defocus_blur,1,none
efficientnet_b4,ILSVRC2012_val_00002644.JPEG,n07760859,956,956,0.7208116,1,imagenet_c,defocus_blur,1,none
efficientnet_b4,ILSVRC2012_val_00003228.JPEG,n07760859,956,956,0.6375602,1,imagenet_c,defocus_blur,1,none
efficientnet_b4,ILSVRC2012_val_00003939.JPEG,n07760859,956,956,0.7067812,1,imagenet_c,defocus_blur,1,none
efficientnet_b4,ILSVRC2012_val_00004213.JPEG,n07760859,956,956,0.52298385,1,imagenet_c,defocus_blur,1,none
efficientnet_b4,ILSVRC2012_val_00004368.JPEG,n07760859,956,956,0.63251066,1,imagenet_c,defocus_blur,1,none
efficientnet_b4,ILSVRC2012_val_00004953.JPEG,n07760859,956,956,0.671838,1,imagenet_c,defocus_blur,1,none
efficientnet_b4,ILSVRC2012_val_00004962.JPEG,n07760859,956,956,0.57052743,1,imagenet_c,defocus_blur,1,none
efficientnet_b4,ILSVRC2012_val_00006282.JPEG,n07760859,956,956,0.5979846,1,imagenet_c,defocus_blur,1,none
efficientnet_b4,ILSVRC2012_val_00007584.JPEG,n07760859,956,956,0.71317035,1,imagenet_c,defocus_blur,1,none
efficientnet_b4,ILSVRC2012_val_00009177.JPEG,n07760859,956,956,0.64368844,1,imagenet_c,defocus_blur,1,none
efficientnet_b4,ILSVRC2012_val_00009377.JPEG,n07760859,956,956,0.7156799,1,imagenet_c,defocus_blur,1,none
efficientnet_b4,ILSVRC2012_val_00010815.JPEG,n07760859,956,956,0.7066428,1,imagenet_c,defocus_blur,1,none
efficientnet_b4,ILSVRC2012_val_00011441.JPEG,n07760859,956,956,0.69781005,1,imagenet_c,defocus_blur,1,none
efficientnet_b4,ILSVRC2012_val_00011505.JPEG,n07760859,956,956,0.63508946,1,imagenet_c,defocus_blur,1,none
efficientnet_b4,ILSVRC2012_val_00012103.JPEG,n07760859,956,956,0.08040062,1,imagenet_c,defocus_blur,1,none
efficientnet_b4,ILSVRC2012_val_00012440.JPEG,n07760859,956,956,0.72116756,1,imagenet_c,defocus_blur,1,none
efficientnet_b4,ILSVRC2012_val_00015400.JPEG,n07760859,956,956,0.612275,1,imagenet_c,defocus_blur,1,none
efficientnet_b4,ILSVRC2012_val_00016524.JPEG,n07760859,956,956,0.70081687,1,imagenet_c,defocus_blur,1,none
efficientnet_b4,ILSVRC2012_val_00017457.JPEG,n07760859,956,956,0.5456827,1,imagenet_c,defocus_blur,1,none
efficientnet_b4,ILSVRC2012_val_00020098.JPEG,n07760859,956,956,0.5906063,1,imagenet_c,defocus_blur,1,none
efficientnet_b4,ILSVRC2012_val_00023478.JPEG,n07760859,956,956,0.64518654,1,imagenet_c,defocus_blur,1,none
efficientnet_b4,ILSVRC2012_val_00024711.JPEG,n07760859,956,91,0.035011128,0,imagenet_c,defocus_blur,1,none
efficientnet_b4,ILSVRC2012_val_00025008.JPEG,n07760859,956,956,0.6178716,1,imagenet_c,defocus_blur,1,none
efficientnet_b4,ILSVRC2012_val_00025101.JPEG,n07760859,956,956,0.63938075,1,imagenet_c,defocus_blur,1,none
efficientnet_b4,ILSVRC2012_val_00025217.JPEG,n07760859,956,956,0.61819273,1,imagenet_c,defocus_blur,1,none
efficientnet_b4,ILSVRC2012_val_00025973.JPEG,n07760859,956,956,0.43050417,1,imagenet_c,defocus_blur,1,none
efficientnet_b4,ILSVRC2012_val_00028257.JPEG,n07760859,956,956,0.56258905,1,imagenet_c,defocus_blur,1,none
efficientnet_b4,ILSVRC2012_val_00028419.JPEG,n07760859,956,956,0.1024141,1,imagenet_c,defocus_blur,1,none
efficientnet_b4,ILSVRC2012_val_00029209.JPEG,n07760859,956,956,0.3262557,1,imagenet_c,defocus_blur,1,none
efficientnet_b4,ILSVRC2012_val_00031795.JPEG,n07760859,956,956,0.5831967,1,imagenet_c,defocus_blur,1,none
efficientnet_b4,ILSVRC2012_val_00031970.JPEG,n07760859,956,956,0.4950975,1,imagenet_c,defocus_blur,1,none
efficientnet_b4,ILSVRC2012_val_00032941.JPEG,n07760859,956,956,0.6044633,1,imagenet_c,defocus_blur,1,none
efficientnet_b4,ILSVRC2012_val_00033260.JPEG,n07760859,956,956,0.6428712,1,imagenet_c,defocus_blur,1,none
efficientnet_b4,ILSVRC2012_val_00034703.JPEG,n07760859,956,956,0.51590705,1,imagenet_c,defocus_blur,1,none
efficientnet_b4,ILSVRC2012_val_00036451.JPEG,n07760859,956,956,0.781351,1,imagenet_c,defocus_blur,1,none
efficientnet_b4,ILSVRC2012_val_00038384.JPEG,n07760859,956,956,0.5523663,1,imagenet_c,defocus_blur,1,none
efficientnet_b4,ILSVRC2012_val_00039541.JPEG,n07760859,956,956,0.38757065,1,imagenet_c,defocus_blur,1,none
efficientnet_b4,ILSVRC2012_val_00040649.JPEG,n07760859,956,956,0.64470404,1,imagenet_c,defocus_blur,1,none
efficientnet_b4,ILSVRC2012_val_00042369.JPEG,n07760859,956,993,0.04985803,0,imagenet_c,defocus_blur,1,none
efficientnet_b4,ILSVRC2012_val_00042440.JPEG,n07760859,956,948,0.14288747,0,imagenet_c,defocus_blur,1,none
efficientnet_b4,ILSVRC2012_val_00043938.JPEG,n07760859,956,956,0.5501406,1,imagenet_c,defocus_blur,1,none
efficientnet_b4,ILSVRC2012_val_00044446.JPEG,n07760859,956,956,0.684157,1,imagenet_c,defocus_blur,1,none
efficientnet_b4,ILSVRC2012_val_00047369.JPEG,n07760859,956,956,0.55249393,1,imagenet_c,defocus_blur,1,none
efficientnet_b4,ILSVRC2012_val_00047640.JPEG,n07760859,956,956,0.64106584,1,imagenet_c,defocus_blur,1,none
efficientnet_b4,ILSVRC2012_val_00047777.JPEG,n07760859,956,956,0.6684104,1,imagenet_c,defocus_blur,1,none
efficientnet_b4,ILSVRC2012_val_00049677.JPEG,n07760859,956,956,0.7019759,1,imagenet_c,defocus_blur,1,none
efficientnet_b4,ILSVRC2012_val_00001514.JPEG,n07768694,957,957,0.5613141,1,imagenet_c,defocus_blur,1,none
efficientnet_b4,ILSVRC2012_val_00003593.JPEG,n07768694,957,957,0.585907,1,imagenet_c,defocus_blur,1,none
efficientnet_b4,ILSVRC2012_val_00003893.JPEG,n07768694,957,957,0.4841508,1,imagenet_c,defocus_blur,1,none
efficientnet_b4,ILSVRC2012_val_00004347.JPEG,n07768694,957,989,0.02008636,0,imagenet_c,defocus_blur,1,none
efficientnet_b4,ILSVRC2012_val_00006411.JPEG,n07768694,957,940,0.038409047,0,imagenet_c,defocus_blur,1,none
efficientnet_b4,ILSVRC2012_val_00006503.JPEG,n07768694,957,957,0.33069408,1,imagenet_c,defocus_blur,1,none
efficientnet_b4,ILSVRC2012_val_00007525.JPEG,n07768694,957,738,0.24957082,0,imagenet_c,defocus_blur,1,none
efficientnet_b4,ILSVRC2012_val_00007605.JPEG,n07768694,957,957,0.18500127,1,imagenet_c,defocus_blur,1,none
efficientnet_b4,ILSVRC2012_val_00007820.JPEG,n07768694,957,957,0.45444816,1,imagenet_c,defocus_blur,1,none
efficientnet_b4,ILSVRC2012_val_00009129.JPEG,n07768694,957,957,0.59243006,1,imagenet_c,defocus_blur,1,none
efficientnet_b4,ILSVRC2012_val_00009431.JPEG,n07768694,957,927,0.1229905,0,imagenet_c,defocus_blur,1,none
efficientnet_b4,ILSVRC2012_val_00009463.JPEG,n07768694,957,957,0.10836378,1,imagenet_c,defocus_blur,1,none
efficientnet_b4,ILSVRC2012_val_00009785.JPEG,n07768694,957,957,0.4628282,1,imagenet_c,defocus_blur,1,none
efficientnet_b4,ILSVRC2012_val_00009916.JPEG,n07768694,957,957,0.42346808,1,imagenet_c,defocus_blur,1,none
efficientnet_b4,ILSVRC2012_val_00010111.JPEG,n07768694,957,957,0.35074845,1,imagenet_c,defocus_blur,1,none
efficientnet_b4,ILSVRC2012_val_00010502.JPEG,n07768694,957,957,0.47175872,1,imagenet_c,defocus_blur,1,none
efficientnet_b4,ILSVRC2012_val_00011265.JPEG,n07768694,957,504,0.1569945,0,imagenet_c,defocus_blur,1,none
efficientnet_b4,ILSVRC2012_val_00011493.JPEG,n07768694,957,957,0.2991759,1,imagenet_c,defocus_blur,1,none
efficientnet_b4,ILSVRC2012_val_00011558.JPEG,n07768694,957,963,0.19514135,0,imagenet_c,defocus_blur,1,none
efficientnet_b4,ILSVRC2012_val_00012211.JPEG,n07768694,957,582,0.42236865,0,imagenet_c,defocus_blur,1,none
efficientnet_b4,ILSVRC2012_val_00012753.JPEG,n07768694,957,957,0.25439185,1,imagenet_c,defocus_blur,1,none
efficientnet_b4,ILSVRC2012_val_00013234.JPEG,n07768694,957,957,0.34440842,1,imagenet_c,defocus_blur,1,none
efficientnet_b4,ILSVRC2012_val_00013645.JPEG,n07768694,957,957,0.486628,1,imagenet_c,defocus_blur,1,none
efficientnet_b4,ILSVRC2012_val_00014811.JPEG,n07768694,957,957,0.20059729,1,imagenet_c,defocus_blur,1,none
efficientnet_b4,ILSVRC2012_val_00016923.JPEG,n07768694,957,463,0.23615593,0,imagenet_c,defocus_blur,1,none
efficientnet_b4,ILSVRC2012_val_00018186.JPEG,n07768694,957,957,0.46877718,1,imagenet_c,defocus_blur,1,none
efficientnet_b4,ILSVRC2012_val_00019312.JPEG,n07768694,957,957,0.5383948,1,imagenet_c,defocus_blur,1,none
efficientnet_b4,ILSVRC2012_val_00021047.JPEG,n07768694,957,957,0.2624295,1,imagenet_c,defocus_blur,1,none
efficientnet_b4,ILSVRC2012_val_00021310.JPEG,n07768694,957,957,0.5940408,1,imagenet_c,defocus_blur,1,none
efficientnet_b4,ILSVRC2012_val_00022748.JPEG,n07768694,957,957,0.46022776,1,imagenet_c,defocus_blur,1,none
efficientnet_b4,ILSVRC2012_val_00024707.JPEG,n07768694,957,952,0.26184687,0,imagenet_c,defocus_blur,1,none
efficientnet_b4,ILSVRC2012_val_00025102.JPEG,n07768694,957,957,0.40906549,1,imagenet_c,defocus_blur,1,none
efficientnet_b4,ILSVRC2012_val_00026720.JPEG,n07768694,957,957,0.11616995,1,imagenet_c,defocus_blur,1,none
efficientnet_b4,ILSVRC2012_val_00027654.JPEG,n07768694,957,957,0.31701362,1,imagenet_c,defocus_blur,1,none
efficientnet_b4,ILSVRC2012_val_00028360.JPEG,n07768694,957,957,0.5931362,1,imagenet_c,defocus_blur,1,none
efficientnet_b4,ILSVRC2012_val_00028386.JPEG,n07768694,957,957,0.548083,1,imagenet_c,defocus_blur,1,none
efficientnet_b4,ILSVRC2012_val_00028928.JPEG,n07768694,957,957,0.51916945,1,imagenet_c,defocus_blur,1,none
efficientnet_b4,ILSVRC2012_val_00029499.JPEG,n07768694,957,957,0.506745,1,imagenet_c,defocus_blur,1,none
efficientnet_b4,ILSVRC2012_val_00031058.JPEG,n07768694,957,957,0.49252042,1,imagenet_c,defocus_blur,1,none
efficientnet_b4,ILSVRC2012_val_00031912.JPEG,n07768694,957,957,0.6110708,1,imagenet_c,defocus_blur,1,none
efficientnet_b4,ILSVRC2012_val_00032919.JPEG,n07768694,957,957,0.3911266,1,imagenet_c,defocus_blur,1,none
efficientnet_b4,ILSVRC2012_val_00036377.JPEG,n07768694,957,957,0.2592441,1,imagenet_c,defocus_blur,1,none
efficientnet_b4,ILSVRC2012_val_00036668.JPEG,n07768694,957,957,0.51634514,1,imagenet_c,defocus_blur,1,none
efficientnet_b4,ILSVRC2012_val_00036732.JPEG,n07768694,957,957,0.1875959,1,imagenet_c,defocus_blur,1,none
efficientnet_b4,ILSVRC2012_val_00040282.JPEG,n07768694,957,957,0.5189124,1,imagenet_c,defocus_blur,1,none
efficientnet_b4,ILSVRC2012_val_00041470.JPEG,n07768694,957,582,0.42943394,0,imagenet_c,defocus_blur,1,none
efficientnet_b4,ILSVRC2012_val_00041999.JPEG,n07768694,957,957,0.57406926,1,imagenet_c,defocus_blur,1,none
efficientnet_b4,ILSVRC2012_val_00044738.JPEG,n07768694,957,957,0.37573972,1,imagenet_c,defocus_blur,1,none
efficientnet_b4,ILSVRC2012_val_00046183.JPEG,n07768694,957,957,0.39494234,1,imagenet_c,defocus_blur,1,none
efficientnet_b4,ILSVRC2012_val_00048146.JPEG,n07768694,957,957,0.56962115,1,imagenet_c,defocus_blur,1,none
efficientnet_b4,ILSVRC2012_val_00000816.JPEG,n07802026,958,663,0.34482643,0,imagenet_c,defocus_blur,1,none
efficientnet_b4,ILSVRC2012_val_00001159.JPEG,n07802026,958,958,0.25269172,1,imagenet_c,defocus_blur,1,none
efficientnet_b4,ILSVRC2012_val_00001372.JPEG,n07802026,958,351,0.09380188,0,imagenet_c,defocus_blur,1,none
efficientnet_b4,ILSVRC2012_val_00002184.JPEG,n07802026,958,958,0.19831349,1,imagenet_c,defocus_blur,1,none
efficientnet_b4,ILSVRC2012_val_00002954.JPEG,n07802026,958,958,0.103571385,1,imagenet_c,defocus_blur,1,none
efficientnet_b4,ILSVRC2012_val_00002961.JPEG,n07802026,958,958,0.55957276,1,imagenet_c,defocus_blur,1,none
efficientnet_b4,ILSVRC2012_val_00003019.JPEG,n07802026,958,574,0.21663061,0,imagenet_c,defocus_blur,1,none
efficientnet_b4,ILSVRC2012_val_00004376.JPEG,n07802026,958,958,0.57141453,1,imagenet_c,defocus_blur,1,none
efficientnet_b4,ILSVRC2012_val_00005341.JPEG,n07802026,958,958,0.24531953,1,imagenet_c,defocus_blur,1,none
efficientnet_b4,ILSVRC2012_val_00005499.JPEG,n07802026,958,958,0.68888694,1,imagenet_c,defocus_blur,1,none
efficientnet_b4,ILSVRC2012_val_00005847.JPEG,n07802026,958,958,0.63079906,1,imagenet_c,defocus_blur,1,none
efficientnet_b4,ILSVRC2012_val_00006753.JPEG,n07802026,958,447,0.051827632,0,imagenet_c,defocus_blur,1,none
efficientnet_b4,ILSVRC2012_val_00008421.JPEG,n07802026,958,958,0.64071923,1,imagenet_c,defocus_blur,1,none
efficientnet_b4,ILSVRC2012_val_00008745.JPEG,n07802026,958,958,0.31253603,1,imagenet_c,defocus_blur,1,none
efficientnet_b4,ILSVRC2012_val_00009887.JPEG,n07802026,958,958,0.23659967,1,imagenet_c,defocus_blur,1,none
efficientnet_b4,ILSVRC2012_val_00010003.JPEG,n07802026,958,573,0.019998252,0,imagenet_c,defocus_blur,1,none
efficientnet_b4,ILSVRC2012_val_00010439.JPEG,n07802026,958,958,0.036916453,1,imagenet_c,defocus_blur,1,none
efficientnet_b4,ILSVRC2012_val_00011427.JPEG,n07802026,958,958,0.18758817,1,imagenet_c,defocus_blur,1,none
efficientnet_b4,ILSVRC2012_val_00014094.JPEG,n07802026,958,603,0.41694984,0,imagenet_c,defocus_blur,1,none
efficientnet_b4,ILSVRC2012_val_00015652.JPEG,n07802026,958,958,0.36724973,1,imagenet_c,defocus_blur,1,none
efficientnet_b4,ILSVRC2012_val_00016987.JPEG,n07802026,958,958,0.5649872,1,imagenet_c,defocus_blur,1,none
efficientnet_b4,ILSVRC2012_val_00017729.JPEG,n07802026,958,958,0.10223562,1,imagenet_c,defocus_blur,1,none
efficientnet_b4,ILSVRC2012_val_00018093.JPEG,n07802026,958,958,0.5902838,1,imagenet_c,defocus_blur,1,none
efficientnet_b4,ILSVRC2012_val_00018231.JPEG,n07802026,958,958,0.50898963,1,imagenet_c,defocus_blur,1,none
efficientnet_b4,ILSVRC2012_val_00018320.JPEG,n07802026,958,958,0.14542902,1,imagenet_c,defocus_blur,1,none
efficientnet_b4,ILSVRC2012_val_00018597.JPEG,n07802026,958,974,0.31875902,0,imagenet_c,defocus_blur,1,none
efficientnet_b4,ILSVRC2012_val_00020157.JPEG,n07802026,958,958,0.5855206,1,imagenet_c,defocus_blur,1,none
efficientnet_b4,ILSVRC2012_val_00020287.JPEG,n07802026,958,958,0.22638622,1,imagenet_c,defocus_blur,1,none
efficientnet_b4,ILSVRC2012_val_00021515.JPEG,n07802026,958,958,0.03026394,1,imagenet_c,defocus_blur,1,none
efficientnet_b4,ILSVRC2012_val_00022514.JPEG,n07802026,958,958,0.46095315,1,imagenet_c,defocus_blur,1,none
efficientnet_b4,ILSVRC2012_val_00023170.JPEG,n07802026,958,958,0.54551476,1,imagenet_c,defocus_blur,1,none
efficientnet_b4,ILSVRC2012_val_00024223.JPEG,n07802026,958,958,0.43469056,1,imagenet_c,defocus_blur,1,none
efficientnet_b4,ILSVRC2012_val_00024954.JPEG,n07802026,958,958,0.1240635,1,imagenet_c,defocus_blur,1,none
efficientnet_b4,ILSVRC2012_val_00026159.JPEG,n07802026,958,852,0.06298724,0,imagenet_c,defocus_blur,1,none
efficientnet_b4,ILSVRC2012_val_00026241.JPEG,n07802026,958,958,0.3067471,1,imagenet_c,defocus_blur,1,none
efficientnet_b4,ILSVRC2012_val_00029143.JPEG,n07802026,958,958,0.41267678,1,imagenet_c,defocus_blur,1,none
efficientnet_b4,ILSVRC2012_val_00033868.JPEG,n07802026,958,958,0.17722122,1,imagenet_c,defocus_blur,1,none
efficientnet_b4,ILSVRC2012_val_00034579.JPEG,n07802026,958,958,0.5768218,1,imagenet_c,defocus_blur,1,none
efficientnet_b4,ILSVRC2012_val_00034689.JPEG,n07802026,958,958,0.41914824,1,imagenet_c,defocus_blur,1,none
efficientnet_b4,ILSVRC2012_val_00036465.JPEG,n07802026,958,958,0.5825697,1,imagenet_c,defocus_blur,1,none
efficientnet_b4,ILSVRC2012_val_00036921.JPEG,n07802026,958,958,0.5699104,1,imagenet_c,defocus_blur,1,none
efficientnet_b4,ILSVRC2012_val_00038070.JPEG,n07802026,958,958,0.17111005,1,imagenet_c,defocus_blur,1,none
efficientnet_b4,ILSVRC2012_val_00039944.JPEG,n07802026,958,958,0.5762786,1,imagenet_c,defocus_blur,1,none
efficientnet_b4,ILSVRC2012_val_00040001.JPEG,n07802026,958,958,0.5990821,1,imagenet_c,defocus_blur,1,none
efficientnet_b4,ILSVRC2012_val_00042652.JPEG,n07802026,958,339,0.15880632,0,imagenet_c,defocus_blur,1,none
efficientnet_b4,ILSVRC2012_val_00043120.JPEG,n07802026,958,958,0.50440896,1,imagenet_c,defocus_blur,1,none
efficientnet_b4,ILSVRC2012_val_00043223.JPEG,n07802026,958,958,0.58799165,1,imagenet_c,defocus_blur,1,none
efficientnet_b4,ILSVRC2012_val_00044172.JPEG,n07802026,958,958,0.46412674,1,imagenet_c,defocus_blur,1,none
efficientnet_b4,ILSVRC2012_val_00044239.JPEG,n07802026,958,958,0.5298721,1,imagenet_c,defocus_blur,1,none
efficientnet_b4,ILSVRC2012_val_00044474.JPEG,n07802026,958,958,0.17138089,1,imagenet_c,defocus_blur,1,none
efficientnet_b4,ILSVRC2012_val_00000116.JPEG,n07831146,959,959,0.5870617,1,imagenet_c,defocus_blur,1,none
efficientnet_b4,ILSVRC2012_val_00000378.JPEG,n07831146,959,940,0.39259768,0,imagenet_c,defocus_blur,1,none
efficientnet_b4,ILSVRC2012_val_00000630.JPEG,n07831146,959,959,0.48688868,1,imagenet_c,defocus_blur,1,none
efficientnet_b4,ILSVRC2012_val_00000646.JPEG,n07831146,959,940,0.29173598,0,imagenet_c,defocus_blur,1,none
efficientnet_b4,ILSVRC2012_val_00001476.JPEG,n07831146,959,959,0.59821266,1,imagenet_c,defocus_blur,1,none
efficientnet_b4,ILSVRC2012_val_00001904.JPEG,n07831146,959,959,0.16626178,1,imagenet_c,defocus_blur,1,none
efficientnet_b4,ILSVRC2012_val_00002083.JPEG,n07831146,959,959,0.55144596,1,imagenet_c,defocus_blur,1,none
efficientnet_b4,ILSVRC2012_val_00002569.JPEG,n07831146,959,959,0.4878651,1,imagenet_c,defocus_blur,1,none
efficientnet_b4,ILSVRC2012_val_00004837.JPEG,n07831146,959,940,0.37009153,0,imagenet_c,defocus_blur,1,none
efficientnet_b4,ILSVRC2012_val_00004908.JPEG,n07831146,959,959,0.6300455,1,imagenet_c,defocus_blur,1,none
efficientnet_b4,ILSVRC2012_val_00006096.JPEG,n07831146,959,959,0.104684904,1,imagenet_c,defocus_blur,1,none
efficientnet_b4,ILSVRC2012_val_00007802.JPEG,n07831146,959,959,0.5819257,1,imagenet_c,defocus_blur,1,none
efficientnet_b4,ILSVRC2012_val_00009608.JPEG,n07831146,959,959,0.6933625,1,imagenet_c,defocus_blur,1,none
efficientnet_b4,ILSVRC2012_val_00010629.JPEG,n07831146,959,959,0.6025076,1,imagenet_c,defocus_blur,1,none
efficientnet_b4,ILSVRC2012_val_00011360.JPEG,n07831146,959,959,0.5786103,1,imagenet_c,defocus_blur,1,none
efficientnet_b4,ILSVRC2012_val_00013137.JPEG,n07831146,959,961,0.08254285,0,imagenet_c,defocus_blur,1,none
efficientnet_b4,ILSVRC2012_val_00013472.JPEG,n07831146,959,959,0.522455,1,imagenet_c,defocus_blur,1,none
efficientnet_b4,ILSVRC2012_val_00014553.JPEG,n07831146,959,959,0.52133846,1,imagenet_c,defocus_blur,1,none
efficientnet_b4,ILSVRC2012_val_00016363.JPEG,n07831146,959,959,0.3930544,1,imagenet_c,defocus_blur,1,none
efficientnet_b4,ILSVRC2012_val_00016446.JPEG,n07831146,959,959,0.28702822,1,imagenet_c,defocus_blur,1,none
efficientnet_b4,ILSVRC2012_val_00017657.JPEG,n07831146,959,959,0.5814353,1,imagenet_c,defocus_blur,1,none
efficientnet_b4,ILSVRC2012_val_00017780.JPEG,n07831146,959,959,0.39209786,1,imagenet_c,defocus_blur,1,none
efficientnet_b4,ILSVRC2012_val_00018283.JPEG,n07831146,959,959,0.5715255,1,imagenet_c,defocus_blur,1,none
efficientnet_b4,ILSVRC2012_val_00019588.JPEG,n07831146,959,922,0.6133886,0,imagenet_c,defocus_blur,1,none
efficientnet_b4,ILSVRC2012_val_00021338.JPEG,n07831146,959,959,0.6392479,1,imagenet_c,defocus_blur,1,none
efficientnet_b4,ILSVRC2012_val_00024518.JPEG,n07831146,959,935,0.22662242,0,imagenet_c,defocus_blur,1,none
efficientnet_b4,ILSVRC2012_val_00025791.JPEG,n07831146,959,959,0.6791503,1,imagenet_c,defocus_blur,1,none
efficientnet_b4,ILSVRC2012_val_00026783.JPEG,n07831146,959,959,0.5312734,1,imagenet_c,defocus_blur,1,none
efficientnet_b4,ILSVRC2012_val_00028587.JPEG,n07831146,959,959,0.5842986,1,imagenet_c,defocus_blur,1,none
efficientnet_b4,ILSVRC2012_val_00028959.JPEG,n07831146,959,959,0.6428719,1,imagenet_c,defocus_blur,1,none
efficientnet_b4,ILSVRC2012_val_00029301.JPEG,n07831146,959,959,0.6646694,1,imagenet_c,defocus_blur,1,none
efficientnet_b4,ILSVRC2012_val_00029778.JPEG,n07831146,959,959,0.18912564,1,imagenet_c,defocus_blur,1,none
efficientnet_b4,ILSVRC2012_val_00031662.JPEG,n07831146,959,959,0.5883543,1,imagenet_c,defocus_blur,1,none
efficientnet_b4,ILSVRC2012_val_00032332.JPEG,n07831146,959,959,0.5729003,1,imagenet_c,defocus_blur,1,none
efficientnet_b4,ILSVRC2012_val_00033336.JPEG,n07831146,959,969,0.26116106,0,imagenet_c,defocus_blur,1,none
efficientnet_b4,ILSVRC2012_val_00034117.JPEG,n07831146,959,959,0.6859157,1,imagenet_c,defocus_blur,1,none
efficientnet_b4,ILSVRC2012_val_00035071.JPEG,n07831146,959,931,0.11596695,0,imagenet_c,defocus_blur,1,none
efficientnet_b4,ILSVRC2012_val_00035471.JPEG,n07831146,959,959,0.48196363,1,imagenet_c,defocus_blur,1,none
efficientnet_b4,ILSVRC2012_val_00036308.JPEG,n07831146,959,959,0.3269738,1,imagenet_c,defocus_blur,1,none
efficientnet_b4,ILSVRC2012_val_00036499.JPEG,n07831146,959,923,0.16415012,0,imagenet_c,defocus_blur,1,none
efficientnet_b4,ILSVRC2012_val_00037443.JPEG,n07831146,959,964,0.28278208,0,imagenet_c,defocus_blur,1,none
efficientnet_b4,ILSVRC2012_val_00038788.JPEG,n07831146,959,959,0.65311235,1,imagenet_c,defocus_blur,1,none
efficientnet_b4,ILSVRC2012_val_00042572.JPEG,n07831146,959,959,0.64365304,1,imagenet_c,defocus_blur,1,none
efficientnet_b4,ILSVRC2012_val_00043642.JPEG,n07831146,959,959,0.6732746,1,imagenet_c,defocus_blur,1,none
efficientnet_b4,ILSVRC2012_val_00044528.JPEG,n07831146,959,959,0.50080407,1,imagenet_c,defocus_blur,1,none
efficientnet_b4,ILSVRC2012_val_00047095.JPEG,n07831146,959,959,0.28350314,1,imagenet_c,defocus_blur,1,none
efficientnet_b4,ILSVRC2012_val_00047758.JPEG,n07831146,959,959,0.6316546,1,imagenet_c,defocus_blur,1,none
efficientnet_b4,ILSVRC2012_val_00048788.JPEG,n07831146,959,959,0.48739195,1,imagenet_c,defocus_blur,1,none
efficientnet_b4,ILSVRC2012_val_00048917.JPEG,n07831146,959,959,0.64991474,1,imagenet_c,defocus_blur,1,none
efficientnet_b4,ILSVRC2012_val_00049003.JPEG,n07831146,959,923,0.3424735,0,imagenet_c,defocus_blur,1,none
efficientnet_b4,ILSVRC2012_val_00000782.JPEG,n07836838,960,960,0.491862,1,imagenet_c,defocus_blur,1,none
efficientnet_b4,ILSVRC2012_val_00001078.JPEG,n07836838,960,960,0.59616727,1,imagenet_c,defocus_blur,1,none
efficientnet_b4,ILSVRC2012_val_00001483.JPEG,n07836838,960,960,0.31595808,1,imagenet_c,defocus_blur,1,none
efficientnet_b4,ILSVRC2012_val_00001642.JPEG,n07836838,960,960,0.71739346,1,imagenet_c,defocus_blur,1,none
efficientnet_b4,ILSVRC2012_val_00001823.JPEG,n07836838,960,960,0.34422103,1,imagenet_c,defocus_blur,1,none
efficientnet_b4,ILSVRC2012_val_00002949.JPEG,n07836838,960,960,0.32224584,1,imagenet_c,defocus_blur,1,none
efficientnet_b4,ILSVRC2012_val_00003492.JPEG,n07836838,960,965,0.24383458,0,imagenet_c,defocus_blur,1,none
efficientnet_b4,ILSVRC2012_val_00004935.JPEG,n07836838,960,960,0.13093066,1,imagenet_c,defocus_blur,1,none
efficientnet_b4,ILSVRC2012_val_00005494.JPEG,n07836838,960,960,0.2520422,1,imagenet_c,defocus_blur,1,none
efficientnet_b4,ILSVRC2012_val_00005714.JPEG,n07836838,960,967,0.33808002,0,imagenet_c,defocus_blur,1,none
efficientnet_b4,ILSVRC2012_val_00007307.JPEG,n07836838,960,504,0.11860643,0,imagenet_c,defocus_blur,1,none
efficientnet_b4,ILSVRC2012_val_00007824.JPEG,n07836838,960,960,0.6263033,1,imagenet_c,defocus_blur,1,none
efficientnet_b4,ILSVRC2012_val_00008223.JPEG,n07836838,960,692,0.27108225,0,imagenet_c,defocus_blur,1,none
efficientnet_b4,ILSVRC2012_val_00008271.JPEG,n07836838,960,960,0.47191817,1,imagenet_c,defocus_blur,1,none
efficientnet_b4,ILSVRC2012_val_00012021.JPEG,n07836838,960,960,0.39271024,1,imagenet_c,defocus_blur,1,none
efficientnet_b4,ILSVRC2012_val_00013657.JPEG,n07836838,960,932,0.09371247,0,imagenet_c,defocus_blur,1,none
efficientnet_b4,ILSVRC2012_val_00014400.JPEG,n07836838,960,934,0.108366035,0,imagenet_c,defocus_blur,1,none
efficientnet_b4,ILSVRC2012_val_00015267.JPEG,n07836838,960,960,0.44605553,1,imagenet_c,defocus_blur,1,none
efficientnet_b4,ILSVRC2012_val_00016442.JPEG,n07836838,960,960,0.66367334,1,imagenet_c,defocus_blur,1,none
efficientnet_b4,ILSVRC2012_val_00017267.JPEG,n07836838,960,960,0.19855648,1,imagenet_c,defocus_blur,1,none
efficientnet_b4,ILSVRC2012_val_00017527.JPEG,n07836838,960,923,0.11347388,0,imagenet_c,defocus_blur,1,none
efficientnet_b4,ILSVRC2012_val_00020034.JPEG,n07836838,960,960,0.51098216,1,imagenet_c,defocus_blur,1,none
efficientnet_b4,ILSVRC2012_val_00023137.JPEG,n07836838,960,960,0.6076615,1,imagenet_c,defocus_blur,1,none
efficientnet_b4,ILSVRC2012_val_00024526.JPEG,n07836838,960,960,0.25840253,1,imagenet_c,defocus_blur,1,none
efficientnet_b4,ILSVRC2012_val_00025087.JPEG,n07836838,960,969,0.19611749,0,imagenet_c,defocus_blur,1,none
efficientnet_b4,ILSVRC2012_val_00026335.JPEG,n07836838,960,69,0.32012326,0,imagenet_c,defocus_blur,1,none
efficientnet_b4,ILSVRC2012_val_00026528.JPEG,n07836838,960,923,0.37199304,0,imagenet_c,defocus_blur,1,none
efficientnet_b4,ILSVRC2012_val_00027881.JPEG,n07836838,960,443,0.098421834,0,imagenet_c,defocus_blur,1,none
efficientnet_b4,ILSVRC2012_val_00029981.JPEG,n07836838,960,923,0.4899849,0,imagenet_c,defocus_blur,1,none
efficientnet_b4,ILSVRC2012_val_00030686.JPEG,n07836838,960,960,0.3888966,1,imagenet_c,defocus_blur,1,none
efficientnet_b4,ILSVRC2012_val_00030774.JPEG,n07836838,960,960,0.7349093,1,imagenet_c,defocus_blur,1,none
efficientnet_b4,ILSVRC2012_val_00032701.JPEG,n07836838,960,960,0.15247227,1,imagenet_c,defocus_blur,1,none
efficientnet_b4,ILSVRC2012_val_00033551.JPEG,n07836838,960,967,0.32413444,0,imagenet_c,defocus_blur,1,none
efficientnet_b4,ILSVRC2012_val_00033685.JPEG,n07836838,960,960,0.6022129,1,imagenet_c,defocus_blur,1,none
efficientnet_b4,ILSVRC2012_val_00034148.JPEG,n07836838,960,932,0.48779812,0,imagenet_c,defocus_blur,1,none
efficientnet_b4,ILSVRC2012_val_00034489.JPEG,n07836838,960,960,0.31004092,1,imagenet_c,defocus_blur,1,none
efficientnet_b4,ILSVRC2012_val_00038072.JPEG,n07836838,960,960,0.30749875,1,imagenet_c,defocus_blur,1,none
efficientnet_b4,ILSVRC2012_val_00038870.JPEG,n07836838,960,960,0.6054262,1,imagenet_c,defocus_blur,1,none
efficientnet_b4,ILSVRC2012_val_00038954.JPEG,n07836838,960,960,0.17161559,1,imagenet_c,defocus_blur,1,none
efficientnet_b4,ILSVRC2012_val_00041926.JPEG,n07836838,960,960,0.35059252,1,imagenet_c,defocus_blur,1,none
efficientnet_b4,ILSVRC2012_val_00042263.JPEG,n07836838,960,960,0.5514742,1,imagenet_c,defocus_blur,1,none
efficientnet_b4,ILSVRC2012_val_00043091.JPEG,n07836838,960,960,0.14673054,1,imagenet_c,defocus_blur,1,none
efficientnet_b4,ILSVRC2012_val_00043225.JPEG,n07836838,960,584,0.3518681,0,imagenet_c,defocus_blur,1,none
efficientnet_b4,ILSVRC2012_val_00043992.JPEG,n07836838,960,122,0.12071853,0,imagenet_c,defocus_blur,1,none
efficientnet_b4,ILSVRC2012_val_00044759.JPEG,n07836838,960,962,0.36951175,0,imagenet_c,defocus_blur,1,none
efficientnet_b4,ILSVRC2012_val_00046664.JPEG,n07836838,960,923,0.1261132,0,imagenet_c,defocus_blur,1,none
efficientnet_b4,ILSVRC2012_val_00047306.JPEG,n07836838,960,923,0.26567948,0,imagenet_c,defocus_blur,1,none
efficientnet_b4,ILSVRC2012_val_00047503.JPEG,n07836838,960,886,0.24469185,0,imagenet_c,defocus_blur,1,none
efficientnet_b4,ILSVRC2012_val_00048538.JPEG,n07836838,960,960,0.55522263,1,imagenet_c,defocus_blur,1,none
efficientnet_b4,ILSVRC2012_val_00049163.JPEG,n07836838,960,923,0.25087032,0,imagenet_c,defocus_blur,1,none
efficientnet_b4,ILSVRC2012_val_00000543.JPEG,n07860988,961,930,0.58016783,0,imagenet_c,defocus_blur,1,none
efficientnet_b4,ILSVRC2012_val_00001523.JPEG,n07860988,961,930,0.5971057,0,imagenet_c,defocus_blur,1,none
efficientnet_b4,ILSVRC2012_val_00001949.JPEG,n07860988,961,5,0.22702804,0,imagenet_c,defocus_blur,1,none
efficientnet_b4,ILSVRC2012_val_00001993.JPEG,n07860988,961,236,0.035299897,0,imagenet_c,defocus_blur,1,none
efficientnet_b4,ILSVRC2012_val_00002839.JPEG,n07860988,961,961,0.5323406,1,imagenet_c,defocus_blur,1,none
efficientnet_b4,ILSVRC2012_val_00003018.JPEG,n07860988,961,684,0.12441396,0,imagenet_c,defocus_blur,1,none
efficientnet_b4,ILSVRC2012_val_00004152.JPEG,n07860988,961,923,0.3061976,0,imagenet_c,defocus_blur,1,none
efficientnet_b4,ILSVRC2012_val_00004273.JPEG,n07860988,961,965,0.12125922,0,imagenet_c,defocus_blur,1,none
efficientnet_b4,ILSVRC2012_val_00005168.JPEG,n07860988,961,428,0.046402223,0,imagenet_c,defocus_blur,1,none
efficientnet_b4,ILSVRC2012_val_00008250.JPEG,n07860988,961,931,0.21312532,0,imagenet_c,defocus_blur,1,none
efficientnet_b4,ILSVRC2012_val_00008339.JPEG,n07860988,961,963,0.57310295,0,imagenet_c,defocus_blur,1,none
efficientnet_b4,ILSVRC2012_val_00010800.JPEG,n07860988,961,961,0.105791785,1,imagenet_c,defocus_blur,1,none
efficientnet_b4,ILSVRC2012_val_00010848.JPEG,n07860988,961,567,0.11790943,0,imagenet_c,defocus_blur,1,none
efficientnet_b4,ILSVRC2012_val_00011386.JPEG,n07860988,961,961,0.39268076,1,imagenet_c,defocus_blur,1,none
efficientnet_b4,ILSVRC2012_val_00012807.JPEG,n07860988,961,739,0.12560745,0,imagenet_c,defocus_blur,1,none
efficientnet_b4,ILSVRC2012_val_00014186.JPEG,n07860988,961,961,0.22210836,1,imagenet_c,defocus_blur,1,none
efficientnet_b4,ILSVRC2012_val_00014716.JPEG,n07860988,961,932,0.05599504,0,imagenet_c,defocus_blur,1,none
efficientnet_b4,ILSVRC2012_val_00016961.JPEG,n07860988,961,931,0.32956067,0,imagenet_c,defocus_blur,1,none
efficientnet_b4,ILSVRC2012_val_00017300.JPEG,n07860988,961,611,0.5491098,0,imagenet_c,defocus_blur,1,none
efficientnet_b4,ILSVRC2012_val_00019221.JPEG,n07860988,961,961,0.10797145,1,imagenet_c,defocus_blur,1,none
efficientnet_b4,ILSVRC2012_val_00021467.JPEG,n07860988,961,112,0.099030316,0,imagenet_c,defocus_blur,1,none
efficientnet_b4,ILSVRC2012_val_00022646.JPEG,n07860988,961,930,0.6200443,0,imagenet_c,defocus_blur,1,none
efficientnet_b4,ILSVRC2012_val_00024061.JPEG,n07860988,961,961,0.69770074,1,imagenet_c,defocus_blur,1,none
efficientnet_b4,ILSVRC2012_val_00024852.JPEG,n07860988,961,659,0.0780868,0,imagenet_c,defocus_blur,1,none
efficientnet_b4,ILSVRC2012_val_00026243.JPEG,n07860988,961,922,0.19663183,0,imagenet_c,defocus_blur,1,none
efficientnet_b4,ILSVRC2012_val_00028806.JPEG,n07860988,961,935,0.29360452,0,imagenet_c,defocus_blur,1,none
efficientnet_b4,ILSVRC2012_val_00029484.JPEG,n07860988,961,961,0.5193987,1,imagenet_c,defocus_blur,1,none
efficientnet_b4,ILSVRC2012_val_00029887.JPEG,n07860988,961,963,0.35567763,0,imagenet_c,defocus_blur,1,none
efficientnet_b4,ILSVRC2012_val_00032598.JPEG,n07860988,961,712,0.20065525,0,imagenet_c,defocus_blur,1,none
efficientnet_b4,ILSVRC2012_val_00033051.JPEG,n07860988,961,926,0.18404472,0,imagenet_c,defocus_blur,1,none
efficientnet_b4,ILSVRC2012_val_00033407.JPEG,n07860988,961,930,0.30496836,0,imagenet_c,defocus_blur,1,none
efficientnet_b4,ILSVRC2012_val_00033664.JPEG,n07860988,961,398,0.15246223,0,imagenet_c,defocus_blur,1,none
efficientnet_b4,ILSVRC2012_val_00035441.JPEG,n07860988,961,961,0.55239326,1,imagenet_c,defocus_blur,1,none
efficientnet_b4,ILSVRC2012_val_00035491.JPEG,n07860988,961,647,0.104977705,0,imagenet_c,defocus_blur,1,none
efficientnet_b4,ILSVRC2012_val_00036168.JPEG,n07860988,961,961,0.17104347,1,imagenet_c,defocus_blur,1,none
efficientnet_b4,ILSVRC2012_val_00037079.JPEG,n07860988,961,616,0.64367884,0,imagenet_c,defocus_blur,1,none
efficientnet_b4,ILSVRC2012_val_00037332.JPEG,n07860988,961,961,0.3292667,1,imagenet_c,defocus_blur,1,none
efficientnet_b4,ILSVRC2012_val_00038843.JPEG,n07860988,961,926,0.20854874,0,imagenet_c,defocus_blur,1,none
efficientnet_b4,ILSVRC2012_val_00038923.JPEG,n07860988,961,29,0.19250244,0,imagenet_c,defocus_blur,1,none
efficientnet_b4,ILSVRC2012_val_00039195.JPEG,n07860988,961,891,0.12595332,0,imagenet_c,defocus_blur,1,none
efficientnet_b4,ILSVRC2012_val_00039234.JPEG,n07860988,961,567,0.2404651,0,imagenet_c,defocus_blur,1,none
efficientnet_b4,ILSVRC2012_val_00039394.JPEG,n07860988,961,990,0.14390829,0,imagenet_c,defocus_blur,1,none
efficientnet_b4,ILSVRC2012_val_00039464.JPEG,n07860988,961,961,0.63134754,1,imagenet_c,defocus_blur,1,none
efficientnet_b4,ILSVRC2012_val_00040164.JPEG,n07860988,961,961,0.30790955,1,imagenet_c,defocus_blur,1,none
efficientnet_b4,ILSVRC2012_val_00041661.JPEG,n07860988,961,961,0.39332923,1,imagenet_c,defocus_blur,1,none
efficientnet_b4,ILSVRC2012_val_00041784.JPEG,n07860988,961,961,0.20733659,1,imagenet_c,defocus_blur,1,none
efficientnet_b4,ILSVRC2012_val_00044608.JPEG,n07860988,961,961,0.38261724,1,imagenet_c,defocus_blur,1,none
efficientnet_b4,ILSVRC2012_val_00045780.JPEG,n07860988,961,469,0.07022369,0,imagenet_c,defocus_blur,1,none
efficientnet_b4,ILSVRC2012_val_00046168.JPEG,n07860988,961,766,0.13356662,0,imagenet_c,defocus_blur,1,none
efficientnet_b4,ILSVRC2012_val_00048849.JPEG,n07860988,961,822,0.16693611,0,imagenet_c,defocus_blur,1,none
efficientnet_b4,ILSVRC2012_val_00001115.JPEG,n07871810,962,962,0.4308501,1,imagenet_c,defocus_blur,1,none
efficientnet_b4,ILSVRC2012_val_00002686.JPEG,n07871810,962,962,0.6576697,1,imagenet_c,defocus_blur,1,none
efficientnet_b4,ILSVRC2012_val_00003764.JPEG,n07871810,962,923,0.46451846,0,imagenet_c,defocus_blur,1,none
efficientnet_b4,ILSVRC2012_val_00003840.JPEG,n07871810,962,962,0.536003,1,imagenet_c,defocus_blur,1,none
efficientnet_b4,ILSVRC2012_val_00007058.JPEG,n07871810,962,959,0.5920704,0,imagenet_c,defocus_blur,1,none
efficientnet_b4,ILSVRC2012_val_00008075.JPEG,n07871810,962,962,0.5141428,1,imagenet_c,defocus_blur,1,none
efficientnet_b4,ILSVRC2012_val_00009382.JPEG,n07871810,962,962,0.6515018,1,imagenet_c,defocus_blur,1,none
efficientnet_b4,ILSVRC2012_val_00009447.JPEG,n07871810,962,962,0.6068968,1,imagenet_c,defocus_blur,1,none
efficientnet_b4,ILSVRC2012_val_00010213.JPEG,n07871810,962,567,0.21894802,0,imagenet_c,defocus_blur,1,none
efficientnet_b4,ILSVRC2012_val_00012785.JPEG,n07871810,962,940,0.122194454,0,imagenet_c,defocus_blur,1,none
efficientnet_b4,ILSVRC2012_val_00013077.JPEG,n07871810,962,962,0.4006533,1,imagenet_c,defocus_blur,1,none
efficientnet_b4,ILSVRC2012_val_00014188.JPEG,n07871810,962,923,0.3608456,0,imagenet_c,defocus_blur,1,none
efficientnet_b4,ILSVRC2012_val_00014713.JPEG,n07871810,962,923,0.38929242,0,imagenet_c,defocus_blur,1,none
efficientnet_b4,ILSVRC2012_val_00015361.JPEG,n07871810,962,962,0.4479243,1,imagenet_c,defocus_blur,1,none
efficientnet_b4,ILSVRC2012_val_00015840.JPEG,n07871810,962,933,0.15081827,0,imagenet_c,defocus_blur,1,none
efficientnet_b4,ILSVRC2012_val_00016553.JPEG,n07871810,962,935,0.31702277,0,imagenet_c,defocus_blur,1,none
efficientnet_b4,ILSVRC2012_val_00017771.JPEG,n07871810,962,962,0.7765422,1,imagenet_c,defocus_blur,1,none
efficientnet_b4,ILSVRC2012_val_00018608.JPEG,n07871810,962,962,0.21983887,1,imagenet_c,defocus_blur,1,none
efficientnet_b4,ILSVRC2012_val_00019792.JPEG,n07871810,962,962,0.2563702,1,imagenet_c,defocus_blur,1,none
efficientnet_b4,ILSVRC2012_val_00021763.JPEG,n07871810,962,962,0.44309098,1,imagenet_c,defocus_blur,1,none
efficientnet_b4,ILSVRC2012_val_00021866.JPEG,n07871810,962,962,0.65958756,1,imagenet_c,defocus_blur,1,none
efficientnet_b4,ILSVRC2012_val_00023404.JPEG,n07871810,962,962,0.419544,1,imagenet_c,defocus_blur,1,none
efficientnet_b4,ILSVRC2012_val_00024553.JPEG,n07871810,962,963,0.32979855,0,imagenet_c,defocus_blur,1,none
efficientnet_b4,ILSVRC2012_val_00024893.JPEG,n07871810,962,923,0.100554354,0,imagenet_c,defocus_blur,1,none
efficientnet_b4,ILSVRC2012_val_00026550.JPEG,n07871810,962,962,0.7715507,1,imagenet_c,defocus_blur,1,none
efficientnet_b4,ILSVRC2012_val_00026959.JPEG,n07871810,962,659,0.14641358,0,imagenet_c,defocus_blur,1,none
efficientnet_b4,ILSVRC2012_val_00027096.JPEG,n07871810,962,962,0.6648828,1,imagenet_c,defocus_blur,1,none
efficientnet_b4,ILSVRC2012_val_00027403.JPEG,n07871810,962,965,0.063851774,0,imagenet_c,defocus_blur,1,none
efficientnet_b4,ILSVRC2012_val_00029371.JPEG,n07871810,962,962,0.5838177,1,imagenet_c,defocus_blur,1,none
efficientnet_b4,ILSVRC2012_val_00031315.JPEG,n07871810,962,651,0.22913694,0,imagenet_c,defocus_blur,1,none
efficientnet_b4,ILSVRC2012_val_00031643.JPEG,n07871810,962,962,0.83503157,1,imagenet_c,defocus_blur,1,none
efficientnet_b4,ILSVRC2012_val_00032143.JPEG,n07871810,962,962,0.6077976,1,imagenet_c,defocus_blur,1,none
efficientnet_b4,ILSVRC2012_val_00032998.JPEG,n07871810,962,927,0.0789965,0,imagenet_c,defocus_blur,1,none
efficientnet_b4,ILSVRC2012_val_00033452.JPEG,n07871810,962,962,0.8265173,1,imagenet_c,defocus_blur,1,none
efficientnet_b4,ILSVRC2012_val_00033661.JPEG,n07871810,962,962,0.39397436,1,imagenet_c,defocus_blur,1,none
efficientnet_b4,ILSVRC2012_val_00035622.JPEG,n07871810,962,464,0.043918673,0,imagenet_c,defocus_blur,1,none
efficientnet_b4,ILSVRC2012_val_00035848.JPEG,n07871810,962,760,0.11680427,0,imagenet_c,defocus_blur,1,none
efficientnet_b4,ILSVRC2012_val_00037774.JPEG,n07871810,962,962,0.41994306,1,imagenet_c,defocus_blur,1,none
efficientnet_b4,ILSVRC2012_val_00038660.JPEG,n07871810,962,923,0.23456748,0,imagenet_c,defocus_blur,1,none
efficientnet_b4,ILSVRC2012_val_00039329.JPEG,n07871810,962,962,0.78882694,1,imagenet_c,defocus_blur,1,none
efficientnet_b4,ILSVRC2012_val_00041040.JPEG,n07871810,962,582,0.5676161,0,imagenet_c,defocus_blur,1,none
efficientnet_b4,ILSVRC2012_val_00041727.JPEG,n07871810,962,962,0.28764683,1,imagenet_c,defocus_blur,1,none
efficientnet_b4,ILSVRC2012_val_00042283.JPEG,n07871810,962,923,0.0817788,0,imagenet_c,defocus_blur,1,none
efficientnet_b4,ILSVRC2012_val_00042577.JPEG,n07871810,962,962,0.8352488,1,imagenet_c,defocus_blur,1,none
efficientnet_b4,ILSVRC2012_val_00043884.JPEG,n07871810,962,962,0.5452975,1,imagenet_c,defocus_blur,1,none
efficientnet_b4,ILSVRC2012_val_00044006.JPEG,n07871810,962,962,0.69095564,1,imagenet_c,defocus_blur,1,none
efficientnet_b4,ILSVRC2012_val_00044260.JPEG,n07871810,962,962,0.59332174,1,imagenet_c,defocus_blur,1,none
efficientnet_b4,ILSVRC2012_val_00044312.JPEG,n07871810,962,962,0.74131966,1,imagenet_c,defocus_blur,1,none
efficientnet_b4,ILSVRC2012_val_00046603.JPEG,n07871810,962,962,0.7422282,1,imagenet_c,defocus_blur,1,none
efficientnet_b4,ILSVRC2012_val_00047989.JPEG,n07871810,962,962,0.62377906,1,imagenet_c,defocus_blur,1,none
efficientnet_b4,ILSVRC2012_val_00000773.JPEG,n07873807,963,963,0.44749963,1,imagenet_c,defocus_blur,1,none
efficientnet_b4,ILSVRC2012_val_00001653.JPEG,n07873807,963,963,0.4247523,1,imagenet_c,defocus_blur,1,none
efficientnet_b4,ILSVRC2012_val_00004098.JPEG,n07873807,963,963,0.62905824,1,imagenet_c,defocus_blur,1,none
efficientnet_b4,ILSVRC2012_val_00004281.JPEG,n07873807,963,963,0.20231187,1,imagenet_c,defocus_blur,1,none
efficientnet_b4,ILSVRC2012_val_00005438.JPEG,n07873807,963,963,0.47703272,1,imagenet_c,defocus_blur,1,none
efficientnet_b4,ILSVRC2012_val_00005784.JPEG,n07873807,963,855,0.21103448,0,imagenet_c,defocus_blur,1,none
efficientnet_b4,ILSVRC2012_val_00006414.JPEG,n07873807,963,963,0.31822392,1,imagenet_c,defocus_blur,1,none
efficientnet_b4,ILSVRC2012_val_00006581.JPEG,n07873807,963,963,0.3679857,1,imagenet_c,defocus_blur,1,none
efficientnet_b4,ILSVRC2012_val_00007709.JPEG,n07873807,963,963,0.4170326,1,imagenet_c,defocus_blur,1,none
efficientnet_b4,ILSVRC2012_val_00008506.JPEG,n07873807,963,964,0.2546645,0,imagenet_c,defocus_blur,1,none
efficientnet_b4,ILSVRC2012_val_00008660.JPEG,n07873807,963,963,0.33300105,1,imagenet_c,defocus_blur,1,none
efficientnet_b4,ILSVRC2012_val_00009097.JPEG,n07873807,963,963,0.40331498,1,imagenet_c,defocus_blur,1,none
efficientnet_b4,ILSVRC2012_val_00010984.JPEG,n07873807,963,544,0.2888644,0,imagenet_c,defocus_blur,1,none
efficientnet_b4,ILSVRC2012_val_00011458.JPEG,n07873807,963,963,0.38780496,1,imagenet_c,defocus_blur,1,none
efficientnet_b4,ILSVRC2012_val_00011937.JPEG,n07873807,963,963,0.35258287,1,imagenet_c,defocus_blur,1,none
efficientnet_b4,ILSVRC2012_val_00012243.JPEG,n07873807,963,963,0.3276201,1,imagenet_c,defocus_blur,1,none
efficientnet_b4,ILSVRC2012_val_00014607.JPEG,n07873807,963,963,0.47829306,1,imagenet_c,defocus_blur,1,none
efficientnet_b4,ILSVRC2012_val_00015007.JPEG,n07873807,963,963,0.5464304,1,imagenet_c,defocus_blur,1,none
efficientnet_b4,ILSVRC2012_val_00015340.JPEG,n07873807,963,963,0.60785663,1,imagenet_c,defocus_blur,1,none
efficientnet_b4,ILSVRC2012_val_00015635.JPEG,n07873807,963,963,0.4703705,1,imagenet_c,defocus_blur,1,none
efficientnet_b4,ILSVRC2012_val_00016614.JPEG,n07873807,963,112,0.20945911,0,imagenet_c,defocus_blur,1,none
efficientnet_b4,ILSVRC2012_val_00018461.JPEG,n07873807,963,963,0.28906858,1,imagenet_c,defocus_blur,1,none
efficientnet_b4,ILSVRC2012_val_00019999.JPEG,n07873807,963,822,0.17875756,0,imagenet_c,defocus_blur,1,none
efficientnet_b4,ILSVRC2012_val_00024661.JPEG,n07873807,963,962,0.19687319,0,imagenet_c,defocus_blur,1,none
efficientnet_b4,ILSVRC2012_val_00026333.JPEG,n07873807,963,963,0.50080925,1,imagenet_c,defocus_blur,1,none
efficientnet_b4,ILSVRC2012_val_00028297.JPEG,n07873807,963,962,0.5329528,0,imagenet_c,defocus_blur,1,none
efficientnet_b4,ILSVRC2012_val_00030506.JPEG,n07873807,963,963,0.27175957,1,imagenet_c,defocus_blur,1,none
efficientnet_b4,ILSVRC2012_val_00031254.JPEG,n07873807,963,963,0.29073018,1,imagenet_c,defocus_blur,1,none
efficientnet_b4,ILSVRC2012_val_00032040.JPEG,n07873807,963,927,0.79588205,0,imagenet_c,defocus_blur,1,none
efficientnet_b4,ILSVRC2012_val_00032426.JPEG,n07873807,963,963,0.30309653,1,imagenet_c,defocus_blur,1,none
efficientnet_b4,ILSVRC2012_val_00032518.JPEG,n07873807,963,335,0.5890591,0,imagenet_c,defocus_blur,1,none
efficientnet_b4,ILSVRC2012_val_00034847.JPEG,n07873807,963,963,0.46146,1,imagenet_c,defocus_blur,1,none
efficientnet_b4,ILSVRC2012_val_00035536.JPEG,n07873807,963,963,0.57524663,1,imagenet_c,defocus_blur,1,none
efficientnet_b4,ILSVRC2012_val_00035995.JPEG,n07873807,963,509,0.21954511,0,imagenet_c,defocus_blur,1,none
efficientnet_b4,ILSVRC2012_val_00037476.JPEG,n07873807,963,963,0.15790056,1,imagenet_c,defocus_blur,1,none
efficientnet_b4,ILSVRC2012_val_00039396.JPEG,n07873807,963,963,0.29299012,1,imagenet_c,defocus_blur,1,none
efficientnet_b4,ILSVRC2012_val_00042168.JPEG,n07873807,963,963,0.6873959,1,imagenet_c,defocus_blur,1,none
efficientnet_b4,ILSVRC2012_val_00042820.JPEG,n07873807,963,963,0.34602377,1,imagenet_c,defocus_blur,1,none
efficientnet_b4,ILSVRC2012_val_00043781.JPEG,n07873807,963,963,0.51095545,1,imagenet_c,defocus_blur,1,none
efficientnet_b4,ILSVRC2012_val_00044053.JPEG,n07873807,963,963,0.3777975,1,imagenet_c,defocus_blur,1,none
efficientnet_b4,ILSVRC2012_val_00045176.JPEG,n07873807,963,430,0.066258624,0,imagenet_c,defocus_blur,1,none
efficientnet_b4,ILSVRC2012_val_00046303.JPEG,n07873807,963,963,0.2870181,1,imagenet_c,defocus_blur,1,none
efficientnet_b4,ILSVRC2012_val_00047524.JPEG,n07873807,963,959,0.13801636,0,imagenet_c,defocus_blur,1,none
efficientnet_b4,ILSVRC2012_val_00047660.JPEG,n07873807,963,963,0.117691614,1,imagenet_c,defocus_blur,1,none
efficientnet_b4,ILSVRC2012_val_00047884.JPEG,n07873807,963,964,0.2424225,0,imagenet_c,defocus_blur,1,none
efficientnet_b4,ILSVRC2012_val_00048050.JPEG,n07873807,963,963,0.3082905,1,imagenet_c,defocus_blur,1,none
efficientnet_b4,ILSVRC2012_val_00048685.JPEG,n07873807,963,963,0.56023264,1,imagenet_c,defocus_blur,1,none
efficientnet_b4,ILSVRC2012_val_00049169.JPEG,n07873807,963,963,0.16921444,1,imagenet_c,defocus_blur,1,none
efficientnet_b4,ILSVRC2012_val_00049697.JPEG,n07873807,963,582,0.055269036,0,imagenet_c,defocus_blur,1,none
efficientnet_b4,ILSVRC2012_val_00049879.JPEG,n07873807,963,963,0.4300274,1,imagenet_c,defocus_blur,1,none
efficientnet_b4,ILSVRC2012_val_00000491.JPEG,n07875152,964,964,0.65129054,1,imagenet_c,defocus_blur,1,none
efficientnet_b4,ILSVRC2012_val_00000757.JPEG,n07875152,964,964,0.48441127,1,imagenet_c,defocus_blur,1,none
efficientnet_b4,ILSVRC2012_val_00003969.JPEG,n07875152,964,940,0.1869639,0,imagenet_c,defocus_blur,1,none
efficientnet_b4,ILSVRC2012_val_00005696.JPEG,n07875152,964,964,0.51205486,1,imagenet_c,defocus_blur,1,none
efficientnet_b4,ILSVRC2012_val_00006789.JPEG,n07875152,964,964,0.5694516,1,imagenet_c,defocus_blur,1,none
efficientnet_b4,ILSVRC2012_val_00007062.JPEG,n07875152,964,964,0.29219225,1,imagenet_c,defocus_blur,1,none
efficientnet_b4,ILSVRC2012_val_00007956.JPEG,n07875152,964,964,0.7315889,1,imagenet_c,defocus_blur,1,none
efficientnet_b4,ILSVRC2012_val_00009509.JPEG,n07875152,964,964,0.7033749,1,imagenet_c,defocus_blur,1,none
efficientnet_b4,ILSVRC2012_val_00010606.JPEG,n07875152,964,541,0.3655441,0,imagenet_c,defocus_blur,1,none
efficientnet_b4,ILSVRC2012_val_00011863.JPEG,n07875152,964,964,0.32035592,1,imagenet_c,defocus_blur,1,none
efficientnet_b4,ILSVRC2012_val_00013001.JPEG,n07875152,964,964,0.4241554,1,imagenet_c,defocus_blur,1,none
efficientnet_b4,ILSVRC2012_val_00013995.JPEG,n07875152,964,964,0.39511698,1,imagenet_c,defocus_blur,1,none
efficientnet_b4,ILSVRC2012_val_00014209.JPEG,n07875152,964,964,0.6431912,1,imagenet_c,defocus_blur,1,none
efficientnet_b4,ILSVRC2012_val_00014625.JPEG,n07875152,964,964,0.7264243,1,imagenet_c,defocus_blur,1,none
efficientnet_b4,ILSVRC2012_val_00015388.JPEG,n07875152,964,964,0.61180353,1,imagenet_c,defocus_blur,1,none
efficientnet_b4,ILSVRC2012_val_00015634.JPEG,n07875152,964,964,0.6763455,1,imagenet_c,defocus_blur,1,none
efficientnet_b4,ILSVRC2012_val_00015691.JPEG,n07875152,964,964,0.45547298,1,imagenet_c,defocus_blur,1,none
efficientnet_b4,ILSVRC2012_val_00016498.JPEG,n07875152,964,964,0.59843916,1,imagenet_c,defocus_blur,1,none
efficientnet_b4,ILSVRC2012_val_00019064.JPEG,n07875152,964,964,0.53433245,1,imagenet_c,defocus_blur,1,none
efficientnet_b4,ILSVRC2012_val_00019967.JPEG,n07875152,964,935,0.6564162,0,imagenet_c,defocus_blur,1,none
efficientnet_b4,ILSVRC2012_val_00020953.JPEG,n07875152,964,964,0.5500656,1,imagenet_c,defocus_blur,1,none
efficientnet_b4,ILSVRC2012_val_00022876.JPEG,n07875152,964,964,0.55169964,1,imagenet_c,defocus_blur,1,none
efficientnet_b4,ILSVRC2012_val_00023843.JPEG,n07875152,964,964,0.47681186,1,imagenet_c,defocus_blur,1,none
efficientnet_b4,ILSVRC2012_val_00024055.JPEG,n07875152,964,964,0.6184207,1,imagenet_c,defocus_blur,1,none
efficientnet_b4,ILSVRC2012_val_00024422.JPEG,n07875152,964,933,0.15687752,0,imagenet_c,defocus_blur,1,none
efficientnet_b4,ILSVRC2012_val_00025994.JPEG,n07875152,964,964,0.46157447,1,imagenet_c,defocus_blur,1,none
efficientnet_b4,ILSVRC2012_val_00027172.JPEG,n07875152,964,964,0.51663536,1,imagenet_c,defocus_blur,1,none
efficientnet_b4,ILSVRC2012_val_00029054.JPEG,n07875152,964,961,0.3547878,0,imagenet_c,defocus_blur,1,none
efficientnet_b4,ILSVRC2012_val_00029286.JPEG,n07875152,964,964,0.5634857,1,imagenet_c,defocus_blur,1,none
efficientnet_b4,ILSVRC2012_val_00029519.JPEG,n07875152,964,964,0.64263076,1,imagenet_c,defocus_blur,1,none
efficientnet_b4,ILSVRC2012_val_00030232.JPEG,n07875152,964,964,0.5697124,1,imagenet_c,defocus_blur,1,none
efficientnet_b4,ILSVRC2012_val_00030875.JPEG,n07875152,964,964,0.548254,1,imagenet_c,defocus_blur,1,none
efficientnet_b4,ILSVRC2012_val_00033124.JPEG,n07875152,964,926,0.13412519,0,imagenet_c,defocus_blur,1,none
efficientnet_b4,ILSVRC2012_val_00033193.JPEG,n07875152,964,964,0.6683735,1,imagenet_c,defocus_blur,1,none
efficientnet_b4,ILSVRC2012_val_00034100.JPEG,n07875152,964,964,0.66310436,1,imagenet_c,defocus_blur,1,none
efficientnet_b4,ILSVRC2012_val_00037968.JPEG,n07875152,964,544,0.12559937,0,imagenet_c,defocus_blur,1,none
efficientnet_b4,ILSVRC2012_val_00038043.JPEG,n07875152,964,964,0.63712674,1,imagenet_c,defocus_blur,1,none
efficientnet_b4,ILSVRC2012_val_00038079.JPEG,n07875152,964,964,0.5506445,1,imagenet_c,defocus_blur,1,none
efficientnet_b4,ILSVRC2012_val_00039451.JPEG,n07875152,964,930,0.48002085,0,imagenet_c,defocus_blur,1,none
efficientnet_b4,ILSVRC2012_val_00040684.JPEG,n07875152,964,964,0.5935185,1,imagenet_c,defocus_blur,1,none
efficientnet_b4,ILSVRC2012_val_00041140.JPEG,n07875152,964,964,0.25182757,1,imagenet_c,defocus_blur,1,none
efficientnet_b4,ILSVRC2012_val_00041456.JPEG,n07875152,964,964,0.14227928,1,imagenet_c,defocus_blur,1,none
efficientnet_b4,ILSVRC2012_val_00043553.JPEG,n07875152,964,964,0.6563198,1,imagenet_c,defocus_blur,1,none
efficientnet_b4,ILSVRC2012_val_00044014.JPEG,n07875152,964,964,0.5693982,1,imagenet_c,defocus_blur,1,none
efficientnet_b4,ILSVRC2012_val_00044895.JPEG,n07875152,964,964,0.48374113,1,imagenet_c,defocus_blur,1,none
efficientnet_b4,ILSVRC2012_val_00046279.JPEG,n07875152,964,964,0.21234909,1,imagenet_c,defocus_blur,1,none
efficientnet_b4,ILSVRC2012_val_00046364.JPEG,n07875152,964,964,0.49160954,1,imagenet_c,defocus_blur,1,none
efficientnet_b4,ILSVRC2012_val_00046375.JPEG,n07875152,964,964,0.6032886,1,imagenet_c,defocus_blur,1,none
efficientnet_b4,ILSVRC2012_val_00046458.JPEG,n07875152,964,964,0.44071445,1,imagenet_c,defocus_blur,1,none
efficientnet_b4,ILSVRC2012_val_00048823.JPEG,n07875152,964,429,0.16980708,0,imagenet_c,defocus_blur,1,none
efficientnet_b4,ILSVRC2012_val_00000572.JPEG,n07880968,965,965,0.56619054,1,imagenet_c,defocus_blur,1,none
efficientnet_b4,ILSVRC2012_val_00000606.JPEG,n07880968,965,965,0.1345602,1,imagenet_c,defocus_blur,1,none
efficientnet_b4,ILSVRC2012_val_00001151.JPEG,n07880968,965,935,0.080100246,0,imagenet_c,defocus_blur,1,none
efficientnet_b4,ILSVRC2012_val_00001822.JPEG,n07880968,965,965,0.29410568,1,imagenet_c,defocus_blur,1,none
efficientnet_b4,ILSVRC2012_val_00002594.JPEG,n07880968,965,965,0.768876,1,imagenet_c,defocus_blur,1,none
efficientnet_b4,ILSVRC2012_val_00002677.JPEG,n07880968,965,965,0.28439397,1,imagenet_c,defocus_blur,1,none
efficientnet_b4,ILSVRC2012_val_00004790.JPEG,n07880968,965,965,0.50078607,1,imagenet_c,defocus_blur,1,none
efficientnet_b4,ILSVRC2012_val_00005451.JPEG,n07880968,965,965,0.43509513,1,imagenet_c,defocus_blur,1,none
efficientnet_b4,ILSVRC2012_val_00006189.JPEG,n07880968,965,965,0.625344,1,imagenet_c,defocus_blur,1,none
efficientnet_b4,ILSVRC2012_val_00006293.JPEG,n07880968,965,965,0.59544545,1,imagenet_c,defocus_blur,1,none
efficientnet_b4,ILSVRC2012_val_00006565.JPEG,n07880968,965,965,0.06180557,1,imagenet_c,defocus_blur,1,none
efficientnet_b4,ILSVRC2012_val_00006724.JPEG,n07880968,965,965,0.5416369,1,imagenet_c,defocus_blur,1,none
efficientnet_b4,ILSVRC2012_val_00009412.JPEG,n07880968,965,965,0.14043598,1,imagenet_c,defocus_blur,1,none
efficientnet_b4,ILSVRC2012_val_00009621.JPEG,n07880968,965,965,0.19572859,1,imagenet_c,defocus_blur,1,none
efficientnet_b4,ILSVRC2012_val_00010112.JPEG,n07880968,965,965,0.6382168,1,imagenet_c,defocus_blur,1,none
efficientnet_b4,ILSVRC2012_val_00010967.JPEG,n07880968,965,963,0.14688183,0,imagenet_c,defocus_blur,1,none
efficientnet_b4,ILSVRC2012_val_00011471.JPEG,n07880968,965,965,0.5707068,1,imagenet_c,defocus_blur,1,none
efficientnet_b4,ILSVRC2012_val_00012831.JPEG,n07880968,965,965,0.14869048,1,imagenet_c,defocus_blur,1,none
efficientnet_b4,ILSVRC2012_val_00013959.JPEG,n07880968,965,964,0.1566707,0,imagenet_c,defocus_blur,1,none
efficientnet_b4,ILSVRC2012_val_00014650.JPEG,n07880968,965,965,0.5588313,1,imagenet_c,defocus_blur,1,none
efficientnet_b4,ILSVRC2012_val_00015539.JPEG,n07880968,965,965,0.6219802,1,imagenet_c,defocus_blur,1,none
efficientnet_b4,ILSVRC2012_val_00016592.JPEG,n07880968,965,965,0.7148984,1,imagenet_c,defocus_blur,1,none
efficientnet_b4,ILSVRC2012_val_00016730.JPEG,n07880968,965,965,0.5803689,1,imagenet_c,defocus_blur,1,none
efficientnet_b4,ILSVRC2012_val_00019473.JPEG,n07880968,965,965,0.15112096,1,imagenet_c,defocus_blur,1,none
efficientnet_b4,ILSVRC2012_val_00020718.JPEG,n07880968,965,965,0.519459,1,imagenet_c,defocus_blur,1,none
efficientnet_b4,ILSVRC2012_val_00021317.JPEG,n07880968,965,965,0.68022025,1,imagenet_c,defocus_blur,1,none
efficientnet_b4,ILSVRC2012_val_00021769.JPEG,n07880968,965,965,0.54742604,1,imagenet_c,defocus_blur,1,none
efficientnet_b4,ILSVRC2012_val_00023364.JPEG,n07880968,965,965,0.62143916,1,imagenet_c,defocus_blur,1,none
efficientnet_b4,ILSVRC2012_val_00024068.JPEG,n07880968,965,965,0.7866347,1,imagenet_c,defocus_blur,1,none
efficientnet_b4,ILSVRC2012_val_00024099.JPEG,n07880968,965,965,0.81577104,1,imagenet_c,defocus_blur,1,none
efficientnet_b4,ILSVRC2012_val_00025753.JPEG,n07880968,965,965,0.3875797,1,imagenet_c,defocus_blur,1,none
efficientnet_b4,ILSVRC2012_val_00026100.JPEG,n07880968,965,965,0.63928586,1,imagenet_c,defocus_blur,1,none
efficientnet_b4,ILSVRC2012_val_00029061.JPEG,n07880968,965,964,0.10007922,0,imagenet_c,defocus_blur,1,none
efficientnet_b4,ILSVRC2012_val_00029730.JPEG,n07880968,965,962,0.13654938,0,imagenet_c,defocus_blur,1,none
efficientnet_b4,ILSVRC2012_val_00031146.JPEG,n07880968,965,964,0.23686022,0,imagenet_c,defocus_blur,1,none
efficientnet_b4,ILSVRC2012_val_00032670.JPEG,n07880968,965,965,0.32708874,1,imagenet_c,defocus_blur,1,none
efficientnet_b4,ILSVRC2012_val_00035094.JPEG,n07880968,965,965,0.58886915,1,imagenet_c,defocus_blur,1,none
efficientnet_b4,ILSVRC2012_val_00039976.JPEG,n07880968,965,965,0.59459126,1,imagenet_c,defocus_blur,1,none
efficientnet_b4,ILSVRC2012_val_00041191.JPEG,n07880968,965,965,0.3558818,1,imagenet_c,defocus_blur,1,none
efficientnet_b4,ILSVRC2012_val_00041617.JPEG,n07880968,965,965,0.8403643,1,imagenet_c,defocus_blur,1,none
efficientnet_b4,ILSVRC2012_val_00043411.JPEG,n07880968,965,965,0.45590657,1,imagenet_c,defocus_blur,1,none
efficientnet_b4,ILSVRC2012_val_00043574.JPEG,n07880968,965,965,0.3532696,1,imagenet_c,defocus_blur,1,none
efficientnet_b4,ILSVRC2012_val_00043866.JPEG,n07880968,965,965,0.04808414,1,imagenet_c,defocus_blur,1,none
efficientnet_b4,ILSVRC2012_val_00045723.JPEG,n07880968,965,965,0.3268985,1,imagenet_c,defocus_blur,1,none
efficientnet_b4,ILSVRC2012_val_00046107.JPEG,n07880968,965,965,0.6734287,1,imagenet_c,defocus_blur,1,none
efficientnet_b4,ILSVRC2012_val_00047263.JPEG,n07880968,965,965,0.7205566,1,imagenet_c,defocus_blur,1,none
efficientnet_b4,ILSVRC2012_val_00047830.JPEG,n07880968,965,692,0.33400714,0,imagenet_c,defocus_blur,1,none
efficientnet_b4,ILSVRC2012_val_00048815.JPEG,n07880968,965,960,0.14899233,0,imagenet_c,defocus_blur,1,none
efficientnet_b4,ILSVRC2012_val_00049379.JPEG,n07880968,965,898,0.05036631,0,imagenet_c,defocus_blur,1,none
efficientnet_b4,ILSVRC2012_val_00049547.JPEG,n07880968,965,965,0.4565871,1,imagenet_c,defocus_blur,1,none
efficientnet_b4,ILSVRC2012_val_00001064.JPEG,n07892512,966,630,0.09725827,0,imagenet_c,defocus_blur,1,none
efficientnet_b4,ILSVRC2012_val_00001575.JPEG,n07892512,966,966,0.49220383,1,imagenet_c,defocus_blur,1,none
efficientnet_b4,ILSVRC2012_val_00004244.JPEG,n07892512,966,879,0.08635419,0,imagenet_c,defocus_blur,1,none
efficientnet_b4,ILSVRC2012_val_00004421.JPEG,n07892512,966,966,0.3400351,1,imagenet_c,defocus_blur,1,none
efficientnet_b4,ILSVRC2012_val_00004721.JPEG,n07892512,966,966,0.57183367,1,imagenet_c,defocus_blur,1,none
efficientnet_b4,ILSVRC2012_val_00005225.JPEG,n07892512,966,966,0.6115287,1,imagenet_c,defocus_blur,1,none
efficientnet_b4,ILSVRC2012_val_00006481.JPEG,n07892512,966,966,0.09379051,1,imagenet_c,defocus_blur,1,none
efficientnet_b4,ILSVRC2012_val_00007376.JPEG,n07892512,966,683,0.05968575,0,imagenet_c,defocus_blur,1,none
efficientnet_b4,ILSVRC2012_val_00010343.JPEG,n07892512,966,631,0.12565647,0,imagenet_c,defocus_blur,1,none
efficientnet_b4,ILSVRC2012_val_00011695.JPEG,n07892512,966,966,0.112430416,1,imagenet_c,defocus_blur,1,none
efficientnet_b4,ILSVRC2012_val_00012481.JPEG,n07892512,966,673,0.16983737,0,imagenet_c,defocus_blur,1,none
efficientnet_b4,ILSVRC2012_val_00014200.JPEG,n07892512,966,966,0.62496173,1,imagenet_c,defocus_blur,1,none
efficientnet_b4,ILSVRC2012_val_00014801.JPEG,n07892512,966,584,0.15301256,0,imagenet_c,defocus_blur,1,none
efficientnet_b4,ILSVRC2012_val_00016904.JPEG,n07892512,966,966,0.7533467,1,imagenet_c,defocus_blur,1,none
efficientnet_b4,ILSVRC2012_val_00017146.JPEG,n07892512,966,966,0.14848362,1,imagenet_c,defocus_blur,1,none
efficientnet_b4,ILSVRC2012_val_00019736.JPEG,n07892512,966,966,0.3340471,1,imagenet_c,defocus_blur,1,none
efficientnet_b4,ILSVRC2012_val_00019963.JPEG,n07892512,966,966,0.2780133,1,imagenet_c,defocus_blur,1,none
efficientnet_b4,ILSVRC2012_val_00020261.JPEG,n07892512,966,440,0.23012638,0,imagenet_c,defocus_blur,1,none
efficientnet_b4,ILSVRC2012_val_00020506.JPEG,n07892512,966,966,0.34767503,1,imagenet_c,defocus_blur,1,none
efficientnet_b4,ILSVRC2012_val_00020966.JPEG,n07892512,966,966,0.2890986,1,imagenet_c,defocus_blur,1,none
efficientnet_b4,ILSVRC2012_val_00022311.JPEG,n07892512,966,966,0.4321137,1,imagenet_c,defocus_blur,1,none
efficientnet_b4,ILSVRC2012_val_00022340.JPEG,n07892512,966,966,0.5200411,1,imagenet_c,defocus_blur,1,none
efficientnet_b4,ILSVRC2012_val_00022978.JPEG,n07892512,966,966,0.32622707,1,imagenet_c,defocus_blur,1,none
efficientnet_b4,ILSVRC2012_val_00023635.JPEG,n07892512,966,966,0.53053683,1,imagenet_c,defocus_blur,1,none
efficientnet_b4,ILSVRC2012_val_00024001.JPEG,n07892512,966,966,0.17348197,1,imagenet_c,defocus_blur,1,none
efficientnet_b4,ILSVRC2012_val_00024439.JPEG,n07892512,966,966,0.56917065,1,imagenet_c,defocus_blur,1,none
efficientnet_b4,ILSVRC2012_val_00024477.JPEG,n07892512,966,845,0.35093033,0,imagenet_c,defocus_blur,1,none
efficientnet_b4,ILSVRC2012_val_00028354.JPEG,n07892512,966,585,0.05924952,0,imagenet_c,defocus_blur,1,none
efficientnet_b4,ILSVRC2012_val_00029025.JPEG,n07892512,966,966,0.49733275,1,imagenet_c,defocus_blur,1,none
efficientnet_b4,ILSVRC2012_val_00029480.JPEG,n07892512,966,966,0.40791076,1,imagenet_c,defocus_blur,1,none
efficientnet_b4,ILSVRC2012_val_00030109.JPEG,n07892512,966,966,0.25022167,1,imagenet_c,defocus_blur,1,none
efficientnet_b4,ILSVRC2012_val_00031066.JPEG,n07892512,966,907,0.20531847,0,imagenet_c,defocus_blur,1,none
efficientnet_b4,ILSVRC2012_val_00031627.JPEG,n07892512,966,907,0.34789935,0,imagenet_c,defocus_blur,1,none
efficientnet_b4,ILSVRC2012_val_00033598.JPEG,n07892512,966,907,0.19749635,0,imagenet_c,defocus_blur,1,none
efficientnet_b4,ILSVRC2012_val_00033630.JPEG,n07892512,966,966,0.26263675,1,imagenet_c,defocus_blur,1,none
efficientnet_b4,ILSVRC2012_val_00034228.JPEG,n07892512,966,966,0.24906832,1,imagenet_c,defocus_blur,1,none
efficientnet_b4,ILSVRC2012_val_00035226.JPEG,n07892512,966,660,0.07410013,0,imagenet_c,defocus_blur,1,none
efficientnet_b4,ILSVRC2012_val_00037863.JPEG,n07892512,966,966,0.6726851,1,imagenet_c,defocus_blur,1,none
efficientnet_b4,ILSVRC2012_val_00037914.JPEG,n07892512,966,468,0.12958026,0,imagenet_c,defocus_blur,1,none
efficientnet_b4,ILSVRC2012_val_00038453.JPEG,n07892512,966,854,0.42163402,0,imagenet_c,defocus_blur,1,none
efficientnet_b4,ILSVRC2012_val_00038996.JPEG,n07892512,966,966,0.49370593,1,imagenet_c,defocus_blur,1,none
efficientnet_b4,ILSVRC2012_val_00039879.JPEG,n07892512,966,75,0.022676868,0,imagenet_c,defocus_blur,1,none
efficientnet_b4,ILSVRC2012_val_00040697.JPEG,n07892512,966,966,0.5798095,1,imagenet_c,defocus_blur,1,none
efficientnet_b4,ILSVRC2012_val_00042923.JPEG,n07892512,966,966,0.42680252,1,imagenet_c,defocus_blur,1,none
efficientnet_b4,ILSVRC2012_val_00043894.JPEG,n07892512,966,907,0.15251611,0,imagenet_c,defocus_blur,1,none
efficientnet_b4,ILSVRC2012_val_00047213.JPEG,n07892512,966,406,0.23482986,0,imagenet_c,defocus_blur,1,none
efficientnet_b4,ILSVRC2012_val_00048279.JPEG,n07892512,966,907,0.038728446,0,imagenet_c,defocus_blur,1,none
efficientnet_b4,ILSVRC2012_val_00049309.JPEG,n07892512,966,604,0.2529245,0,imagenet_c,defocus_blur,1,none
efficientnet_b4,ILSVRC2012_val_00049446.JPEG,n07892512,966,966,0.57027954,1,imagenet_c,defocus_blur,1,none
efficientnet_b4,ILSVRC2012_val_00049928.JPEG,n07892512,966,966,0.74196225,1,imagenet_c,defocus_blur,1,none
efficientnet_b4,ILSVRC2012_val_00002934.JPEG,n07920052,967,504,0.13193385,0,imagenet_c,defocus_blur,1,none
efficientnet_b4,ILSVRC2012_val_00005417.JPEG,n07920052,967,967,0.5011486,1,imagenet_c,defocus_blur,1,none
efficientnet_b4,ILSVRC2012_val_00005624.JPEG,n07920052,967,967,0.18456651,1,imagenet_c,defocus_blur,1,none
efficientnet_b4,ILSVRC2012_val_00005689.JPEG,n07920052,967,967,0.41498765,1,imagenet_c,defocus_blur,1,none
efficientnet_b4,ILSVRC2012_val_00006067.JPEG,n07920052,967,762,0.037869725,0,imagenet_c,defocus_blur,1,none
efficientnet_b4,ILSVRC2012_val_00007209.JPEG,n07920052,967,925,0.15295623,0,imagenet_c,defocus_blur,1,none
efficientnet_b4,ILSVRC2012_val_00007708.JPEG,n07920052,967,967,0.5129241,1,imagenet_c,defocus_blur,1,none
efficientnet_b4,ILSVRC2012_val_00007997.JPEG,n07920052,967,967,0.4058994,1,imagenet_c,defocus_blur,1,none
efficientnet_b4,ILSVRC2012_val_00010220.JPEG,n07920052,967,967,0.3834823,1,imagenet_c,defocus_blur,1,none
efficientnet_b4,ILSVRC2012_val_00012163.JPEG,n07920052,967,763,0.106579706,0,imagenet_c,defocus_blur,1,none
efficientnet_b4,ILSVRC2012_val_00012469.JPEG,n07920052,967,967,0.40458864,1,imagenet_c,defocus_blur,1,none
efficientnet_b4,ILSVRC2012_val_00013375.JPEG,n07920052,967,739,0.17949449,0,imagenet_c,defocus_blur,1,none
efficientnet_b4,ILSVRC2012_val_00013874.JPEG,n07920052,967,967,0.519844,1,imagenet_c,defocus_blur,1,none
efficientnet_b4,ILSVRC2012_val_00015099.JPEG,n07920052,967,925,0.6362537,0,imagenet_c,defocus_blur,1,none
efficientnet_b4,ILSVRC2012_val_00015548.JPEG,n07920052,967,968,0.2652561,0,imagenet_c,defocus_blur,1,none
efficientnet_b4,ILSVRC2012_val_00015653.JPEG,n07920052,967,967,0.31556046,1,imagenet_c,defocus_blur,1,none
efficientnet_b4,ILSVRC2012_val_00015693.JPEG,n07920052,967,922,0.40169266,0,imagenet_c,defocus_blur,1,none
efficientnet_b4,ILSVRC2012_val_00016234.JPEG,n07920052,967,969,0.19224443,0,imagenet_c,defocus_blur,1,none
efficientnet_b4,ILSVRC2012_val_00018968.JPEG,n07920052,967,967,0.5188594,1,imagenet_c,defocus_blur,1,none
efficientnet_b4,ILSVRC2012_val_00019160.JPEG,n07920052,967,967,0.11877973,1,imagenet_c,defocus_blur,1,none
efficientnet_b4,ILSVRC2012_val_00020352.JPEG,n07920052,967,925,0.7129293,0,imagenet_c,defocus_blur,1,none
efficientnet_b4,ILSVRC2012_val_00021693.JPEG,n07920052,967,967,0.64584595,1,imagenet_c,defocus_blur,1,none
efficientnet_b4,ILSVRC2012_val_00022584.JPEG,n07920052,967,967,0.3973966,1,imagenet_c,defocus_blur,1,none
efficientnet_b4,ILSVRC2012_val_00022894.JPEG,n07920052,967,967,0.6368955,1,imagenet_c,defocus_blur,1,none
efficientnet_b4,ILSVRC2012_val_00023051.JPEG,n07920052,967,960,0.32317886,0,imagenet_c,defocus_blur,1,none
efficientnet_b4,ILSVRC2012_val_00024448.JPEG,n07920052,967,967,0.3667046,1,imagenet_c,defocus_blur,1,none
efficientnet_b4,ILSVRC2012_val_00025308.JPEG,n07920052,967,966,0.39693004,0,imagenet_c,defocus_blur,1,none
efficientnet_b4,ILSVRC2012_val_00027146.JPEG,n07920052,967,967,0.103091285,1,imagenet_c,defocus_blur,1,none
efficientnet_b4,ILSVRC2012_val_00028396.JPEG,n07920052,967,967,0.2528584,1,imagenet_c,defocus_blur,1,none
efficientnet_b4,ILSVRC2012_val_00028753.JPEG,n07920052,967,550,0.7614812,0,imagenet_c,defocus_blur,1,none
efficientnet_b4,ILSVRC2012_val_00028898.JPEG,n07920052,967,967,0.49157158,1,imagenet_c,defocus_blur,1,none
efficientnet_b4,ILSVRC2012_val_00029384.JPEG,n07920052,967,923,0.10462915,0,imagenet_c,defocus_blur,1,none
efficientnet_b4,ILSVRC2012_val_00029463.JPEG,n07920052,967,550,0.6628867,0,imagenet_c,defocus_blur,1,none
efficientnet_b4,ILSVRC2012_val_00029604.JPEG,n07920052,967,967,0.7132011,1,imagenet_c,defocus_blur,1,none
efficientnet_b4,ILSVRC2012_val_00032165.JPEG,n07920052,967,925,0.26721388,0,imagenet_c,defocus_blur,1,none
efficientnet_b4,ILSVRC2012_val_00032379.JPEG,n07920052,967,550,0.736583,0,imagenet_c,defocus_blur,1,none
efficientnet_b4,ILSVRC2012_val_00032545.JPEG,n07920052,967,967,0.6212689,1,imagenet_c,defocus_blur,1,none
efficientnet_b4,ILSVRC2012_val_00032808.JPEG,n07920052,967,969,0.6885432,0,imagenet_c,defocus_blur,1,none
efficientnet_b4,ILSVRC2012_val_00034109.JPEG,n07920052,967,969,0.20766385,0,imagenet_c,defocus_blur,1,none
efficientnet_b4,ILSVRC2012_val_00038300.JPEG,n07920052,967,967,0.4999895,1,imagenet_c,defocus_blur,1,none
efficientnet_b4,ILSVRC2012_val_00038756.JPEG,n07920052,967,967,0.107474774,1,imagenet_c,defocus_blur,1,none
efficientnet_b4,ILSVRC2012_val_00040661.JPEG,n07920052,967,969,0.5862038,0,imagenet_c,defocus_blur,1,none
efficientnet_b4,ILSVRC2012_val_00041423.JPEG,n07920052,967,967,0.27898407,1,imagenet_c,defocus_blur,1,none
efficientnet_b4,ILSVRC2012_val_00041584.JPEG,n07920052,967,967,0.50240785,1,imagenet_c,defocus_blur,1,none
efficientnet_b4,ILSVRC2012_val_00044233.JPEG,n07920052,967,647,0.057662744,0,imagenet_c,defocus_blur,1,none
efficientnet_b4,ILSVRC2012_val_00045386.JPEG,n07920052,967,967,0.3718843,1,imagenet_c,defocus_blur,1,none
efficientnet_b4,ILSVRC2012_val_00047436.JPEG,n07920052,967,967,0.68952626,1,imagenet_c,defocus_blur,1,none
efficientnet_b4,ILSVRC2012_val_00047694.JPEG,n07920052,967,969,0.22722244,0,imagenet_c,defocus_blur,1,none
efficientnet_b4,ILSVRC2012_val_00048586.JPEG,n07920052,967,967,0.20810726,1,imagenet_c,defocus_blur,1,none
efficientnet_b4,ILSVRC2012_val_00049872.JPEG,n07920052,967,967,0.42849532,1,imagenet_c,defocus_blur,1,none
efficientnet_b4,ILSVRC2012_val_00001726.JPEG,n07930864,968,968,0.4457226,1,imagenet_c,defocus_blur,1,none
efficientnet_b4,ILSVRC2012_val_00002369.JPEG,n07930864,968,968,0.39689705,1,imagenet_c,defocus_blur,1,none
efficientnet_b4,ILSVRC2012_val_00003109.JPEG,n07930864,968,504,0.33332825,0,imagenet_c,defocus_blur,1,none
efficientnet_b4,ILSVRC2012_val_00003264.JPEG,n07930864,968,968,0.3010018,1,imagenet_c,defocus_blur,1,none
efficientnet_b4,ILSVRC2012_val_00005022.JPEG,n07930864,968,666,0.31763017,0,imagenet_c,defocus_blur,1,none
efficientnet_b4,ILSVRC2012_val_00005463.JPEG,n07930864,968,968,0.20218782,1,imagenet_c,defocus_blur,1,none
efficientnet_b4,ILSVRC2012_val_00005683.JPEG,n07930864,968,899,0.08537165,0,imagenet_c,defocus_blur,1,none
efficientnet_b4,ILSVRC2012_val_00005759.JPEG,n07930864,968,968,0.20318118,1,imagenet_c,defocus_blur,1,none
efficientnet_b4,ILSVRC2012_val_00005958.JPEG,n07930864,968,968,0.38421392,1,imagenet_c,defocus_blur,1,none
efficientnet_b4,ILSVRC2012_val_00008181.JPEG,n07930864,968,969,0.38201243,0,imagenet_c,defocus_blur,1,none
efficientnet_b4,ILSVRC2012_val_00009249.JPEG,n07930864,968,809,0.4932787,0,imagenet_c,defocus_blur,1,none
efficientnet_b4,ILSVRC2012_val_00012871.JPEG,n07930864,968,968,0.13986023,1,imagenet_c,defocus_blur,1,none
efficientnet_b4,ILSVRC2012_val_00013198.JPEG,n07930864,968,438,0.0998993,0,imagenet_c,defocus_blur,1,none
efficientnet_b4,ILSVRC2012_val_00015509.JPEG,n07930864,968,968,0.5566494,1,imagenet_c,defocus_blur,1,none
efficientnet_b4,ILSVRC2012_val_00016979.JPEG,n07930864,968,969,0.35231435,0,imagenet_c,defocus_blur,1,none
efficientnet_b4,ILSVRC2012_val_00020856.JPEG,n07930864,968,659,0.66142964,0,imagenet_c,defocus_blur,1,none
efficientnet_b4,ILSVRC2012_val_00021321.JPEG,n07930864,968,968,0.3071034,1,imagenet_c,defocus_blur,1,none
efficientnet_b4,ILSVRC2012_val_00022056.JPEG,n07930864,968,967,0.1851326,0,imagenet_c,defocus_blur,1,none
efficientnet_b4,ILSVRC2012_val_00026174.JPEG,n07930864,968,967,0.06357764,0,imagenet_c,defocus_blur,1,none
efficientnet_b4,ILSVRC2012_val_00026197.JPEG,n07930864,968,899,0.092249155,0,imagenet_c,defocus_blur,1,none
efficientnet_b4,ILSVRC2012_val_00027368.JPEG,n07930864,968,504,0.39192194,0,imagenet_c,defocus_blur,1,none
efficientnet_b4,ILSVRC2012_val_00028134.JPEG,n07930864,968,504,0.3902267,0,imagenet_c,defocus_blur,1,none
efficientnet_b4,ILSVRC2012_val_00028410.JPEG,n07930864,968,441,0.15222615,0,imagenet_c,defocus_blur,1,none
efficientnet_b4,ILSVRC2012_val_00028512.JPEG,n07930864,968,968,0.23341577,1,imagenet_c,defocus_blur,1,none
efficientnet_b4,ILSVRC2012_val_00028858.JPEG,n07930864,968,504,0.06376261,0,imagenet_c,defocus_blur,1,none
efficientnet_b4,ILSVRC2012_val_00028868.JPEG,n07930864,968,968,0.13361648,1,imagenet_c,defocus_blur,1,none
efficientnet_b4,ILSVRC2012_val_00029908.JPEG,n07930864,968,968,0.3883262,1,imagenet_c,defocus_blur,1,none
efficientnet_b4,ILSVRC2012_val_00030068.JPEG,n07930864,968,504,0.5125804,0,imagenet_c,defocus_blur,1,none
efficientnet_b4,ILSVRC2012_val_00031188.JPEG,n07930864,968,968,0.4027801,1,imagenet_c,defocus_blur,1,none
efficientnet_b4,ILSVRC2012_val_00031831.JPEG,n07930864,968,923,0.038611516,0,imagenet_c,defocus_blur,1,none
efficientnet_b4,ILSVRC2012_val_00032629.JPEG,n07930864,968,865,0.577409,0,imagenet_c,defocus_blur,1,none
efficientnet_b4,ILSVRC2012_val_00033139.JPEG,n07930864,968,968,0.0678536,1,imagenet_c,defocus_blur,1,none
efficientnet_b4,ILSVRC2012_val_00033145.JPEG,n07930864,968,891,0.24277024,0,imagenet_c,defocus_blur,1,none
efficientnet_b4,ILSVRC2012_val_00034835.JPEG,n07930864,968,969,0.68564594,0,imagenet_c,defocus_blur,1,none
efficientnet_b4,ILSVRC2012_val_00036719.JPEG,n07930864,968,968,0.36972678,1,imagenet_c,defocus_blur,1,none
efficientnet_b4,ILSVRC2012_val_00037077.JPEG,n07930864,968,967,0.32555667,0,imagenet_c,defocus_blur,1,none
efficientnet_b4,ILSVRC2012_val_00037747.JPEG,n07930864,968,659,0.25088182,0,imagenet_c,defocus_blur,1,none
efficientnet_b4,ILSVRC2012_val_00038293.JPEG,n07930864,968,968,0.32321057,1,imagenet_c,defocus_blur,1,none
efficientnet_b4,ILSVRC2012_val_00039707.JPEG,n07930864,968,968,0.33623195,1,imagenet_c,defocus_blur,1,none
efficientnet_b4,ILSVRC2012_val_00040151.JPEG,n07930864,968,699,0.19762146,0,imagenet_c,defocus_blur,1,none
efficientnet_b4,ILSVRC2012_val_00041805.JPEG,n07930864,968,285,0.19482327,0,imagenet_c,defocus_blur,1,none
efficientnet_b4,ILSVRC2012_val_00041900.JPEG,n07930864,968,968,0.55927527,1,imagenet_c,defocus_blur,1,none
efficientnet_b4,ILSVRC2012_val_00042254.JPEG,n07930864,968,464,0.103012174,0,imagenet_c,defocus_blur,1,none
efficientnet_b4,ILSVRC2012_val_00043890.JPEG,n07930864,968,504,0.14590548,0,imagenet_c,defocus_blur,1,none
efficientnet_b4,ILSVRC2012_val_00043897.JPEG,n07930864,968,762,0.28553215,0,imagenet_c,defocus_blur,1,none
efficientnet_b4,ILSVRC2012_val_00045302.JPEG,n07930864,968,968,0.39028382,1,imagenet_c,defocus_blur,1,none
efficientnet_b4,ILSVRC2012_val_00046595.JPEG,n07930864,968,567,0.19515853,0,imagenet_c,defocus_blur,1,none
efficientnet_b4,ILSVRC2012_val_00047825.JPEG,n07930864,968,412,0.073479526,0,imagenet_c,defocus_blur,1,none
efficientnet_b4,ILSVRC2012_val_00048321.JPEG,n07930864,968,463,0.23087542,0,imagenet_c,defocus_blur,1,none
efficientnet_b4,ILSVRC2012_val_00049096.JPEG,n07930864,968,968,0.45066229,1,imagenet_c,defocus_blur,1,none
efficientnet_b4,ILSVRC2012_val_00000139.JPEG,n07932039,969,969,0.4134555,1,imagenet_c,defocus_blur,1,none
efficientnet_b4,ILSVRC2012_val_00000801.JPEG,n07932039,969,720,0.112723455,0,imagenet_c,defocus_blur,1,none
efficientnet_b4,ILSVRC2012_val_00003831.JPEG,n07932039,969,969,0.7934703,1,imagenet_c,defocus_blur,1,none
efficientnet_b4,ILSVRC2012_val_00006310.JPEG,n07932039,969,967,0.25412658,0,imagenet_c,defocus_blur,1,none
efficientnet_b4,ILSVRC2012_val_00006588.JPEG,n07932039,969,589,0.09115933,0,imagenet_c,defocus_blur,1,none
efficientnet_b4,ILSVRC2012_val_00006934.JPEG,n07932039,969,969,0.811973,1,imagenet_c,defocus_blur,1,none
efficientnet_b4,ILSVRC2012_val_00006948.JPEG,n07932039,969,473,0.22428234,0,imagenet_c,defocus_blur,1,none
efficientnet_b4,ILSVRC2012_val_00008845.JPEG,n07932039,969,969,0.6165499,1,imagenet_c,defocus_blur,1,none
efficientnet_b4,ILSVRC2012_val_00008970.JPEG,n07932039,969,659,0.25249988,0,imagenet_c,defocus_blur,1,none
efficientnet_b4,ILSVRC2012_val_00010048.JPEG,n07932039,969,969,0.94665426,1,imagenet_c,defocus_blur,1,none
efficientnet_b4,ILSVRC2012_val_00011632.JPEG,n07932039,969,504,0.34280407,0,imagenet_c,defocus_blur,1,none
efficientnet_b4,ILSVRC2012_val_00011790.JPEG,n07932039,969,969,0.23749687,1,imagenet_c,defocus_blur,1,none
efficientnet_b4,ILSVRC2012_val_00011831.JPEG,n07932039,969,969,0.7319043,1,imagenet_c,defocus_blur,1,none
efficientnet_b4,ILSVRC2012_val_00012565.JPEG,n07932039,969,969,0.45891714,1,imagenet_c,defocus_blur,1,none
efficientnet_b4,ILSVRC2012_val_00012666.JPEG,n07932039,969,916,0.27394676,0,imagenet_c,defocus_blur,1,none
efficientnet_b4,ILSVRC2012_val_00012915.JPEG,n07932039,969,969,0.78302646,1,imagenet_c,defocus_blur,1,none
efficientnet_b4,ILSVRC2012_val_00015438.JPEG,n07932039,969,969,0.16709976,1,imagenet_c,defocus_blur,1,none
efficientnet_b4,ILSVRC2012_val_00015882.JPEG,n07932039,969,969,0.47496217,1,imagenet_c,defocus_blur,1,none
efficientnet_b4,ILSVRC2012_val_00016107.JPEG,n07932039,969,969,0.55088156,1,imagenet_c,defocus_blur,1,none
efficientnet_b4,ILSVRC2012_val_00016466.JPEG,n07932039,969,504,0.5807627,0,imagenet_c,defocus_blur,1,none
efficientnet_b4,ILSVRC2012_val_00017072.JPEG,n07932039,969,521,0.043832056,0,imagenet_c,defocus_blur,1,none
efficientnet_b4,ILSVRC2012_val_00017402.JPEG,n07932039,969,969,0.75554615,1,imagenet_c,defocus_blur,1,none
efficientnet_b4,ILSVRC2012_val_00018693.JPEG,n07932039,969,969,0.35004568,1,imagenet_c,defocus_blur,1,none
efficientnet_b4,ILSVRC2012_val_00019012.JPEG,n07932039,969,969,0.5914459,1,imagenet_c,defocus_blur,1,none
efficientnet_b4,ILSVRC2012_val_00019689.JPEG,n07932039,969,969,0.8030992,1,imagenet_c,defocus_blur,1,none
efficientnet_b4,ILSVRC2012_val_00020391.JPEG,n07932039,969,927,0.39962497,0,imagenet_c,defocus_blur,1,none
efficientnet_b4,ILSVRC2012_val_00022362.JPEG,n07932039,969,969,0.71064425,1,imagenet_c,defocus_blur,1,none
efficientnet_b4,ILSVRC2012_val_00022583.JPEG,n07932039,969,760,0.2204534,0,imagenet_c,defocus_blur,1,none
efficientnet_b4,ILSVRC2012_val_00023089.JPEG,n07932039,969,969,0.20400688,1,imagenet_c,defocus_blur,1,none
efficientnet_b4,ILSVRC2012_val_00023961.JPEG,n07932039,969,927,0.4169125,0,imagenet_c,defocus_blur,1,none
efficientnet_b4,ILSVRC2012_val_00024415.JPEG,n07932039,969,865,0.07221018,0,imagenet_c,defocus_blur,1,none
efficientnet_b4,ILSVRC2012_val_00024821.JPEG,n07932039,969,415,0.11326893,0,imagenet_c,defocus_blur,1,none
efficientnet_b4,ILSVRC2012_val_00025362.JPEG,n07932039,969,969,0.25576928,1,imagenet_c,defocus_blur,1,none
efficientnet_b4,ILSVRC2012_val_00027665.JPEG,n07932039,969,631,0.16223772,0,imagenet_c,defocus_blur,1,none
efficientnet_b4,ILSVRC2012_val_00028866.JPEG,n07932039,969,737,0.17649402,0,imagenet_c,defocus_blur,1,none
efficientnet_b4,ILSVRC2012_val_00029102.JPEG,n07932039,969,969,0.35781866,1,imagenet_c,defocus_blur,1,none
efficientnet_b4,ILSVRC2012_val_00029971.JPEG,n07932039,969,737,0.11298568,0,imagenet_c,defocus_blur,1,none
efficientnet_b4,ILSVRC2012_val_00030298.JPEG,n07932039,969,838,0.14178428,0,imagenet_c,defocus_blur,1,none
efficientnet_b4,ILSVRC2012_val_00032432.JPEG,n07932039,969,969,0.19057858,1,imagenet_c,defocus_blur,1,none
efficientnet_b4,ILSVRC2012_val_00032520.JPEG,n07932039,969,474,0.06951173,0,imagenet_c,defocus_blur,1,none
efficientnet_b4,ILSVRC2012_val_00035443.JPEG,n07932039,969,969,0.52038544,1,imagenet_c,defocus_blur,1,none
efficientnet_b4,ILSVRC2012_val_00038359.JPEG,n07932039,969,969,0.46560293,1,imagenet_c,defocus_blur,1,none
efficientnet_b4,ILSVRC2012_val_00039582.JPEG,n07932039,969,969,0.7102044,1,imagenet_c,defocus_blur,1,none
efficientnet_b4,ILSVRC2012_val_00042762.JPEG,n07932039,969,969,0.71556026,1,imagenet_c,defocus_blur,1,none
efficientnet_b4,ILSVRC2012_val_00043644.JPEG,n07932039,969,969,0.09616058,1,imagenet_c,defocus_blur,1,none
efficientnet_b4,ILSVRC2012_val_00044539.JPEG,n07932039,969,969,0.4542517,1,imagenet_c,defocus_blur,1,none
efficientnet_b4,ILSVRC2012_val_00046091.JPEG,n07932039,969,588,0.0585962,0,imagenet_c,defocus_blur,1,none
efficientnet_b4,ILSVRC2012_val_00046179.JPEG,n07932039,969,737,0.18834701,0,imagenet_c,defocus_blur,1,none
efficientnet_b4,ILSVRC2012_val_00046513.JPEG,n07932039,969,674,0.27990732,0,imagenet_c,defocus_blur,1,none
efficientnet_b4,ILSVRC2012_val_00048392.JPEG,n07932039,969,987,0.06082552,0,imagenet_c,defocus_blur,1,none
efficientnet_b4,ILSVRC2012_val_00000002.JPEG,n09193705,970,795,0.4750083,0,imagenet_c,defocus_blur,1,none
efficientnet_b4,ILSVRC2012_val_00000081.JPEG,n09193705,970,970,0.32631657,1,imagenet_c,defocus_blur,1,none
efficientnet_b4,ILSVRC2012_val_00000270.JPEG,n09193705,970,974,0.023761712,0,imagenet_c,defocus_blur,1,none
efficientnet_b4,ILSVRC2012_val_00001292.JPEG,n09193705,970,970,0.18873955,1,imagenet_c,defocus_blur,1,none
efficientnet_b4,ILSVRC2012_val_00001986.JPEG,n09193705,970,979,0.08140173,0,imagenet_c,defocus_blur,1,none
efficientnet_b4,ILSVRC2012_val_00002795.JPEG,n09193705,970,970,0.3120828,1,imagenet_c,defocus_blur,1,none
efficientnet_b4,ILSVRC2012_val_00003084.JPEG,n09193705,970,296,0.06875505,0,imagenet_c,defocus_blur,1,none
efficientnet_b4,ILSVRC2012_val_00003282.JPEG,n09193705,970,970,0.1548875,1,imagenet_c,defocus_blur,1,none
efficientnet_b4,ILSVRC2012_val_00004333.JPEG,n09193705,970,350,0.6568777,0,imagenet_c,defocus_blur,1,none
efficientnet_b4,ILSVRC2012_val_00005475.JPEG,n09193705,970,970,0.13441734,1,imagenet_c,defocus_blur,1,none
efficientnet_b4,ILSVRC2012_val_00008461.JPEG,n09193705,970,346,0.030461147,0,imagenet_c,defocus_blur,1,none
efficientnet_b4,ILSVRC2012_val_00009222.JPEG,n09193705,970,970,0.13999255,1,imagenet_c,defocus_blur,1,none
efficientnet_b4,ILSVRC2012_val_00009451.JPEG,n09193705,970,795,0.14318983,0,imagenet_c,defocus_blur,1,none
efficientnet_b4,ILSVRC2012_val_00009847.JPEG,n09193705,970,970,0.17967749,1,imagenet_c,defocus_blur,1,none
efficientnet_b4,ILSVRC2012_val_00011234.JPEG,n09193705,970,182,0.07936402,0,imagenet_c,defocus_blur,1,none
efficientnet_b4,ILSVRC2012_val_00011306.JPEG,n09193705,970,970,0.27683258,1,imagenet_c,defocus_blur,1,none
efficientnet_b4,ILSVRC2012_val_00011422.JPEG,n09193705,970,795,0.2275088,0,imagenet_c,defocus_blur,1,none
efficientnet_b4,ILSVRC2012_val_00014383.JPEG,n09193705,970,970,0.07569337,1,imagenet_c,defocus_blur,1,none
efficientnet_b4,ILSVRC2012_val_00017656.JPEG,n09193705,970,802,0.13364543,0,imagenet_c,defocus_blur,1,none
efficientnet_b4,ILSVRC2012_val_00017733.JPEG,n09193705,970,979,0.1886523,0,imagenet_c,defocus_blur,1,none
efficientnet_b4,ILSVRC2012_val_00021787.JPEG,n09193705,970,980,0.09432132,0,imagenet_c,defocus_blur,1,none
efficientnet_b4,ILSVRC2012_val_00023040.JPEG,n09193705,970,645,0.045713834,0,imagenet_c,defocus_blur,1,none
efficientnet_b4,ILSVRC2012_val_00023173.JPEG,n09193705,970,975,0.11906179,0,imagenet_c,defocus_blur,1,none
efficientnet_b4,ILSVRC2012_val_00023335.JPEG,n09193705,970,970,0.3038822,1,imagenet_c,defocus_blur,1,none
efficientnet_b4,ILSVRC2012_val_00023497.JPEG,n09193705,970,350,0.08406118,0,imagenet_c,defocus_blur,1,none
efficientnet_b4,ILSVRC2012_val_00023668.JPEG,n09193705,970,979,0.28899527,0,imagenet_c,defocus_blur,1,none
efficientnet_b4,ILSVRC2012_val_00025405.JPEG,n09193705,970,970,0.12220297,1,imagenet_c,defocus_blur,1,none
efficientnet_b4,ILSVRC2012_val_00025916.JPEG,n09193705,970,975,0.4386329,0,imagenet_c,defocus_blur,1,none
efficientnet_b4,ILSVRC2012_val_00025919.JPEG,n09193705,970,574,0.044407915,0,imagenet_c,defocus_blur,1,none
efficientnet_b4,ILSVRC2012_val_00027394.JPEG,n09193705,970,970,0.23145577,1,imagenet_c,defocus_blur,1,none
efficientnet_b4,ILSVRC2012_val_00027422.JPEG,n09193705,970,825,0.04023588,0,imagenet_c,defocus_blur,1,none
efficientnet_b4,ILSVRC2012_val_00028907.JPEG,n09193705,970,802,0.46962652,0,imagenet_c,defocus_blur,1,none
efficientnet_b4,ILSVRC2012_val_00029110.JPEG,n09193705,970,671,0.5015003,0,imagenet_c,defocus_blur,1,none
efficientnet_b4,ILSVRC2012_val_00029172.JPEG,n09193705,970,336,0.03343766,0,imagenet_c,defocus_blur,1,none
efficientnet_b4,ILSVRC2012_val_00029881.JPEG,n09193705,970,979,0.17738499,0,imagenet_c,defocus_blur,1,none
efficientnet_b4,ILSVRC2012_val_00030499.JPEG,n09193705,970,979,0.08734158,0,imagenet_c,defocus_blur,1,none
efficientnet_b4,ILSVRC2012_val_00031990.JPEG,n09193705,970,970,0.35643008,1,imagenet_c,defocus_blur,1,none
efficientnet_b4,ILSVRC2012_val_00032366.JPEG,n09193705,970,795,0.22541906,0,imagenet_c,defocus_blur,1,none
efficientnet_b4,ILSVRC2012_val_00032548.JPEG,n09193705,970,975,0.32538483,0,imagenet_c,defocus_blur,1,none
efficientnet_b4,ILSVRC2012_val_00034257.JPEG,n09193705,970,976,0.054827705,0,imagenet_c,defocus_blur,1,none
efficientnet_b4,ILSVRC2012_val_00035187.JPEG,n09193705,970,979,0.15720083,0,imagenet_c,defocus_blur,1,none
efficientnet_b4,ILSVRC2012_val_00036787.JPEG,n09193705,970,970,0.064717695,1,imagenet_c,defocus_blur,1,none
efficientnet_b4,ILSVRC2012_val_00038734.JPEG,n09193705,970,574,0.06796224,0,imagenet_c,defocus_blur,1,none
efficientnet_b4,ILSVRC2012_val_00039670.JPEG,n09193705,970,970,0.4583487,1,imagenet_c,defocus_blur,1,none
efficientnet_b4,ILSVRC2012_val_00042956.JPEG,n09193705,970,978,0.026917595,0,imagenet_c,defocus_blur,1,none
efficientnet_b4,ILSVRC2012_val_00043503.JPEG,n09193705,970,970,0.13163237,1,imagenet_c,defocus_blur,1,none
efficientnet_b4,ILSVRC2012_val_00044456.JPEG,n09193705,970,970,0.37032953,1,imagenet_c,defocus_blur,1,none
efficientnet_b4,ILSVRC2012_val_00044889.JPEG,n09193705,970,350,0.077703744,0,imagenet_c,defocus_blur,1,none
efficientnet_b4,ILSVRC2012_val_00045472.JPEG,n09193705,970,970,0.10216026,1,imagenet_c,defocus_blur,1,none
efficientnet_b4,ILSVRC2012_val_00048674.JPEG,n09193705,970,336,0.104621395,0,imagenet_c,defocus_blur,1,none
efficientnet_b4,ILSVRC2012_val_00000697.JPEG,n09229709,971,971,0.46420363,1,imagenet_c,defocus_blur,1,none
efficientnet_b4,ILSVRC2012_val_00002889.JPEG,n09229709,971,971,0.047404245,1,imagenet_c,defocus_blur,1,none
efficientnet_b4,ILSVRC2012_val_00003925.JPEG,n09229709,971,971,0.370304,1,imagenet_c,defocus_blur,1,none
efficientnet_b4,ILSVRC2012_val_00005325.JPEG,n09229709,971,971,0.5553494,1,imagenet_c,defocus_blur,1,none
efficientnet_b4,ILSVRC2012_val_00006702.JPEG,n09229709,971,971,0.3794426,1,imagenet_c,defocus_blur,1,none
efficientnet_b4,ILSVRC2012_val_00007372.JPEG,n09229709,971,691,0.3104924,0,imagenet_c,defocus_blur,1,none
efficientnet_b4,ILSVRC2012_val_00008233.JPEG,n09229709,971,971,0.7640004,1,imagenet_c,defocus_blur,1,none
efficientnet_b4,ILSVRC2012_val_00008358.JPEG,n09229709,971,971,0.7181667,1,imagenet_c,defocus_blur,1,none
efficientnet_b4,ILSVRC2012_val_00008969.JPEG,n09229709,971,971,0.48569593,1,imagenet_c,defocus_blur,1,none
efficientnet_b4,ILSVRC2012_val_00009029.JPEG,n09229709,971,971,0.80956954,1,imagenet_c,defocus_blur,1,none
efficientnet_b4,ILSVRC2012_val_00010016.JPEG,n09229709,971,971,0.62945145,1,imagenet_c,defocus_blur,1,none
efficientnet_b4,ILSVRC2012_val_00010036.JPEG,n09229709,971,971,0.7564207,1,imagenet_c,defocus_blur,1,none
efficientnet_b4,ILSVRC2012_val_00010094.JPEG,n09229709,971,971,0.1602428,1,imagenet_c,defocus_blur,1,none
efficientnet_b4,ILSVRC2012_val_00011725.JPEG,n09229709,971,873,0.049654756,0,imagenet_c,defocus_blur,1,none
efficientnet_b4,ILSVRC2012_val_00012252.JPEG,n09229709,971,971,0.650442,1,imagenet_c,defocus_blur,1,none
efficientnet_b4,ILSVRC2012_val_00012408.JPEG,n09229709,971,971,0.25767055,1,imagenet_c,defocus_blur,1,none
efficientnet_b4,ILSVRC2012_val_00012941.JPEG,n09229709,971,971,0.6225715,1,imagenet_c,defocus_blur,1,none
efficientnet_b4,ILSVRC2012_val_00014026.JPEG,n09229709,971,971,0.63014966,1,imagenet_c,defocus_blur,1,none
efficientnet_b4,ILSVRC2012_val_00014212.JPEG,n09229709,971,971,0.68769187,1,imagenet_c,defocus_blur,1,none
efficientnet_b4,ILSVRC2012_val_00014767.JPEG,n09229709,971,971,0.5358913,1,imagenet_c,defocus_blur,1,none
efficientnet_b4,ILSVRC2012_val_00018097.JPEG,n09229709,971,819,0.15662907,0,imagenet_c,defocus_blur,1,none
efficientnet_b4,ILSVRC2012_val_00018478.JPEG,n09229709,971,835,0.065190434,0,imagenet_c,defocus_blur,1,none
efficientnet_b4,ILSVRC2012_val_00020185.JPEG,n09229709,971,879,0.051922955,0,imagenet_c,defocus_blur,1,none
efficientnet_b4,ILSVRC2012_val_00022910.JPEG,n09229709,971,971,0.7549347,1,imagenet_c,defocus_blur,1,none
efficientnet_b4,ILSVRC2012_val_00023304.JPEG,n09229709,971,971,0.80771154,1,imagenet_c,defocus_blur,1,none
efficientnet_b4,ILSVRC2012_val_00024110.JPEG,n09229709,971,971,0.67260975,1,imagenet_c,defocus_blur,1,none
efficientnet_b4,ILSVRC2012_val_00025713.JPEG,n09229709,971,971,0.76163644,1,imagenet_c,defocus_blur,1,none
efficientnet_b4,ILSVRC2012_val_00026688.JPEG,n09229709,971,719,0.09485839,0,imagenet_c,defocus_blur,1,none
efficientnet_b4,ILSVRC2012_val_00027284.JPEG,n09229709,971,971,0.84342027,1,imagenet_c,defocus_blur,1,none
efficientnet_b4,ILSVRC2012_val_00027662.JPEG,n09229709,971,971,0.69279236,1,imagenet_c,defocus_blur,1,none
efficientnet_b4,ILSVRC2012_val_00028040.JPEG,n09229709,971,971,0.5329608,1,imagenet_c,defocus_blur,1,none
efficientnet_b4,ILSVRC2012_val_00029026.JPEG,n09229709,971,981,0.106802024,0,imagenet_c,defocus_blur,1,none
efficientnet_b4,ILSVRC2012_val_00029935.JPEG,n09229709,971,971,0.54910046,1,imagenet_c,defocus_blur,1,none
efficientnet_b4,ILSVRC2012_val_00031230.JPEG,n09229709,971,971,0.4584202,1,imagenet_c,defocus_blur,1,none
efficientnet_b4,ILSVRC2012_val_00031494.JPEG,n09229709,971,971,0.6864091,1,imagenet_c,defocus_blur,1,none
efficientnet_b4,ILSVRC2012_val_00031525.JPEG,n09229709,971,971,0.5080481,1,imagenet_c,defocus_blur,1,none
efficientnet_b4,ILSVRC2012_val_00031968.JPEG,n09229709,971,971,0.6905288,1,imagenet_c,defocus_blur,1,none
efficientnet_b4,ILSVRC2012_val_00032251.JPEG,n09229709,971,629,0.09049665,0,imagenet_c,defocus_blur,1,none
efficientnet_b4,ILSVRC2012_val_00032373.JPEG,n09229709,971,971,0.317489,1,imagenet_c,defocus_blur,1,none
efficientnet_b4,ILSVRC2012_val_00036400.JPEG,n09229709,971,971,0.6223162,1,imagenet_c,defocus_blur,1,none
efficientnet_b4,ILSVRC2012_val_00036556.JPEG,n09229709,971,971,0.6330772,1,imagenet_c,defocus_blur,1,none
efficientnet_b4,ILSVRC2012_val_00037848.JPEG,n09229709,971,971,0.5643236,1,imagenet_c,defocus_blur,1,none
efficientnet_b4,ILSVRC2012_val_00039170.JPEG,n09229709,971,428,0.06759732,0,imagenet_c,defocus_blur,1,none
efficientnet_b4,ILSVRC2012_val_00039197.JPEG,n09229709,971,971,0.21545346,1,imagenet_c,defocus_blur,1,none
efficientnet_b4,ILSVRC2012_val_00039336.JPEG,n09229709,971,913,0.10272815,0,imagenet_c,defocus_blur,1,none
efficientnet_b4,ILSVRC2012_val_00041112.JPEG,n09229709,971,433,0.05278571,0,imagenet_c,defocus_blur,1,none
efficientnet_b4,ILSVRC2012_val_00045417.JPEG,n09229709,971,971,0.4339397,1,imagenet_c,defocus_blur,1,none
efficientnet_b4,ILSVRC2012_val_00045975.JPEG,n09229709,971,971,0.6377247,1,imagenet_c,defocus_blur,1,none
efficientnet_b4,ILSVRC2012_val_00049270.JPEG,n09229709,971,971,0.7439844,1,imagenet_c,defocus_blur,1,none
efficientnet_b4,ILSVRC2012_val_00049716.JPEG,n09229709,971,971,0.565903,1,imagenet_c,defocus_blur,1,none
efficientnet_b4,ILSVRC2012_val_00001444.JPEG,n09246464,972,979,0.081436254,0,imagenet_c,defocus_blur,1,none
efficientnet_b4,ILSVRC2012_val_00001688.JPEG,n09246464,972,979,0.26178604,0,imagenet_c,defocus_blur,1,none
efficientnet_b4,ILSVRC2012_val_00002337.JPEG,n09246464,972,350,0.06486777,0,imagenet_c,defocus_blur,1,none
efficientnet_b4,ILSVRC2012_val_00002585.JPEG,n09246464,972,976,0.01935327,0,imagenet_c,defocus_blur,1,none
efficientnet_b4,ILSVRC2012_val_00004087.JPEG,n09246464,972,972,0.725661,1,imagenet_c,defocus_blur,1,none
efficientnet_b4,ILSVRC2012_val_00004336.JPEG,n09246464,972,972,0.1292071,1,imagenet_c,defocus_blur,1,none
efficientnet_b4,ILSVRC2012_val_00004470.JPEG,n09246464,972,972,0.11493536,1,imagenet_c,defocus_blur,1,none
efficientnet_b4,ILSVRC2012_val_00005547.JPEG,n09246464,972,663,0.21706241,0,imagenet_c,defocus_blur,1,none
efficientnet_b4,ILSVRC2012_val_00007042.JPEG,n09246464,972,574,0.0850549,0,imagenet_c,defocus_blur,1,none
efficientnet_b4,ILSVRC2012_val_00007794.JPEG,n09246464,972,976,0.05236663,0,imagenet_c,defocus_blur,1,none
efficientnet_b4,ILSVRC2012_val_00008680.JPEG,n09246464,972,972,0.025497764,1,imagenet_c,defocus_blur,1,none
efficientnet_b4,ILSVRC2012_val_00008965.JPEG,n09246464,972,976,0.0451924,0,imagenet_c,defocus_blur,1,none
efficientnet_b4,ILSVRC2012_val_00009063.JPEG,n09246464,972,978,0.24483797,0,imagenet_c,defocus_blur,1,none
efficientnet_b4,ILSVRC2012_val_00009161.JPEG,n09246464,972,972,0.27424127,1,imagenet_c,defocus_blur,1,none
efficientnet_b4,ILSVRC2012_val_00009311.JPEG,n09246464,972,972,0.09649072,1,imagenet_c,defocus_blur,1,none
efficientnet_b4,ILSVRC2012_val_00012593.JPEG,n09246464,972,978,0.074681744,0,imagenet_c,defocus_blur,1,none
efficientnet_b4,ILSVRC2012_val_00013282.JPEG,n09246464,972,297,0.028505728,0,imagenet_c,defocus_blur,1,none
efficientnet_b4,ILSVRC2012_val_00013764.JPEG,n09246464,972,9,0.030566258,0,imagenet_c,defocus_blur,1,none
efficientnet_b4,ILSVRC2012_val_00014932.JPEG,n09246464,972,525,0.2375114,0,imagenet_c,defocus_blur,1,none
efficientnet_b4,ILSVRC2012_val_00015029.JPEG,n09246464,972,42,0.18751198,0,imagenet_c,defocus_blur,1,none
efficientnet_b4,ILSVRC2012_val_00015613.JPEG,n09246464,972,972,0.25681418,1,imagenet_c,defocus_blur,1,none
efficientnet_b4,ILSVRC2012_val_00016155.JPEG,n09246464,972,500,0.4764791,0,imagenet_c,defocus_blur,1,none
efficientnet_b4,ILSVRC2012_val_00017134.JPEG,n09246464,972,350,0.09710791,0,imagenet_c,defocus_blur,1,none
efficientnet_b4,ILSVRC2012_val_00017728.JPEG,n09246464,972,978,0.106820315,0,imagenet_c,defocus_blur,1,none
efficientnet_b4,ILSVRC2012_val_00019597.JPEG,n09246464,972,649,0.15759587,0,imagenet_c,defocus_blur,1,none
efficientnet_b4,ILSVRC2012_val_00024248.JPEG,n09246464,972,978,0.33320528,0,imagenet_c,defocus_blur,1,none
efficientnet_b4,ILSVRC2012_val_00024359.JPEG,n09246464,972,972,0.6913133,1,imagenet_c,defocus_blur,1,none
efficientnet_b4,ILSVRC2012_val_00024591.JPEG,n09246464,972,978,0.03500548,0,imagenet_c,defocus_blur,1,none
efficientnet_b4,ILSVRC2012_val_00026519.JPEG,n09246464,972,980,0.32791975,0,imagenet_c,defocus_blur,1,none
efficientnet_b4,ILSVRC2012_val_00030220.JPEG,n09246464,972,972,0.19086453,1,imagenet_c,defocus_blur,1,none
efficientnet_b4,ILSVRC2012_val_00030857.JPEG,n09246464,972,975,0.037843913,0,imagenet_c,defocus_blur,1,none
efficientnet_b4,ILSVRC2012_val_00031523.JPEG,n09246464,972,460,0.08313523,0,imagenet_c,defocus_blur,1,none
efficientnet_b4,ILSVRC2012_val_00034504.JPEG,n09246464,972,972,0.025413133,1,imagenet_c,defocus_blur,1,none
efficientnet_b4,ILSVRC2012_val_00035485.JPEG,n09246464,972,979,0.10358151,0,imagenet_c,defocus_blur,1,none
efficientnet_b4,ILSVRC2012_val_00037494.JPEG,n09246464,972,671,0.16590339,0,imagenet_c,defocus_blur,1,none
efficientnet_b4,ILSVRC2012_val_00038379.JPEG,n09246464,972,972,0.33955097,1,imagenet_c,defocus_blur,1,none
efficientnet_b4,ILSVRC2012_val_00040283.JPEG,n09246464,972,336,0.09647552,0,imagenet_c,defocus_blur,1,none
efficientnet_b4,ILSVRC2012_val_00040558.JPEG,n09246464,972,930,0.10897353,0,imagenet_c,defocus_blur,1,none
efficientnet_b4,ILSVRC2012_val_00041741.JPEG,n09246464,972,980,0.093157336,0,imagenet_c,defocus_blur,1,none
efficientnet_b4,ILSVRC2012_val_00042182.JPEG,n09246464,972,976,0.22045293,0,imagenet_c,defocus_blur,1,none
efficientnet_b4,ILSVRC2012_val_00043298.JPEG,n09246464,972,350,0.07155149,0,imagenet_c,defocus_blur,1,none
efficientnet_b4,ILSVRC2012_val_00044389.JPEG,n09246464,972,976,0.20977467,0,imagenet_c,defocus_blur,1,none
efficientnet_b4,ILSVRC2012_val_00045805.JPEG,n09246464,972,296,0.03473013,0,imagenet_c,defocus_blur,1,none
efficientnet_b4,ILSVRC2012_val_00046022.JPEG,n09246464,972,972,0.5030138,1,imagenet_c,defocus_blur,1,none
efficientnet_b4,ILSVRC2012_val_00046221.JPEG,n09246464,972,978,0.11132162,0,imagenet_c,defocus_blur,1,none
efficientnet_b4,ILSVRC2012_val_00047655.JPEG,n09246464,972,972,0.029537082,1,imagenet_c,defocus_blur,1,none
efficientnet_b4,ILSVRC2012_val_00047843.JPEG,n09246464,972,972,0.45857355,1,imagenet_c,defocus_blur,1,none
efficientnet_b4,ILSVRC2012_val_00048166.JPEG,n09246464,972,972,0.10453707,1,imagenet_c,defocus_blur,1,none
efficientnet_b4,ILSVRC2012_val_00048191.JPEG,n09246464,972,671,0.08929896,0,imagenet_c,defocus_blur,1,none
efficientnet_b4,ILSVRC2012_val_00049885.JPEG,n09246464,972,979,0.13602246,0,imagenet_c,defocus_blur,1,none
efficientnet_b4,ILSVRC2012_val_00000235.JPEG,n09256479,973,973,0.5137721,1,imagenet_c,defocus_blur,1,none
efficientnet_b4,ILSVRC2012_val_00002973.JPEG,n09256479,973,991,0.4509597,0,imagenet_c,defocus_blur,1,none
efficientnet_b4,ILSVRC2012_val_00004126.JPEG,n09256479,973,109,0.12394706,0,imagenet_c,defocus_blur,1,none
efficientnet_b4,ILSVRC2012_val_00004973.JPEG,n09256479,973,65,0.07472446,0,imagenet_c,defocus_blur,1,none
efficientnet_b4,ILSVRC2012_val_00005939.JPEG,n09256479,973,280,0.096005656,0,imagenet_c,defocus_blur,1,none
efficientnet_b4,ILSVRC2012_val_00007049.JPEG,n09256479,973,973,0.29729247,1,imagenet_c,defocus_blur,1,none
efficientnet_b4,ILSVRC2012_val_00007613.JPEG,n09256479,973,973,0.06229472,1,imagenet_c,defocus_blur,1,none
efficientnet_b4,ILSVRC2012_val_00008164.JPEG,n09256479,973,392,0.58957154,0,imagenet_c,defocus_blur,1,none
efficientnet_b4,ILSVRC2012_val_00010141.JPEG,n09256479,973,107,0.45601836,0,imagenet_c,defocus_blur,1,none
efficientnet_b4,ILSVRC2012_val_00011484.JPEG,n09256479,973,65,0.1815338,0,imagenet_c,defocus_blur,1,none
efficientnet_b4,ILSVRC2012_val_00013075.JPEG,n09256479,973,973,0.22417529,1,imagenet_c,defocus_blur,1,none
efficientnet_b4,ILSVRC2012_val_00014143.JPEG,n09256479,973,973,0.31701422,1,imagenet_c,defocus_blur,1,none
efficientnet_b4,ILSVRC2012_val_00014652.JPEG,n09256479,973,973,0.38722113,1,imagenet_c,defocus_blur,1,none
efficientnet_b4,ILSVRC2012_val_00014834.JPEG,n09256479,973,149,0.4698779,0,imagenet_c,defocus_blur,1,none
efficientnet_b4,ILSVRC2012_val_00015003.JPEG,n09256479,973,973,0.21288078,1,imagenet_c,defocus_blur,1,none
efficientnet_b4,ILSVRC2012_val_00015661.JPEG,n09256479,973,973,0.09154923,1,imagenet_c,defocus_blur,1,none
efficientnet_b4,ILSVRC2012_val_00015973.JPEG,n09256479,973,65,0.08748956,0,imagenet_c,defocus_blur,1,none
efficientnet_b4,ILSVRC2012_val_00016233.JPEG,n09256479,973,973,0.06380754,1,imagenet_c,defocus_blur,1,none
efficientnet_b4,ILSVRC2012_val_00016732.JPEG,n09256479,973,973,0.2343362,1,imagenet_c,defocus_blur,1,none
efficientnet_b4,ILSVRC2012_val_00017232.JPEG,n09256479,973,973,0.278073,1,imagenet_c,defocus_blur,1,none
efficientnet_b4,ILSVRC2012_val_00017667.JPEG,n09256479,973,109,0.40065292,0,imagenet_c,defocus_blur,1,none
efficientnet_b4,ILSVRC2012_val_00018593.JPEG,n09256479,973,937,0.11654722,0,imagenet_c,defocus_blur,1,none
efficientnet_b4,ILSVRC2012_val_00019956.JPEG,n09256479,973,983,0.14203343,0,imagenet_c,defocus_blur,1,none
efficientnet_b4,ILSVRC2012_val_00020575.JPEG,n09256479,973,973,0.14475764,1,imagenet_c,defocus_blur,1,none
efficientnet_b4,ILSVRC2012_val_00021175.JPEG,n09256479,973,973,0.32961303,1,imagenet_c,defocus_blur,1,none
efficientnet_b4,ILSVRC2012_val_00021830.JPEG,n09256479,973,109,0.2770848,0,imagenet_c,defocus_blur,1,none
efficientnet_b4,ILSVRC2012_val_00021955.JPEG,n09256479,973,973,0.2960057,1,imagenet_c,defocus_blur,1,none
efficientnet_b4,ILSVRC2012_val_00022097.JPEG,n09256479,973,65,0.18242204,0,imagenet_c,defocus_blur,1,none
efficientnet_b4,ILSVRC2012_val_00022221.JPEG,n09256479,973,109,0.45868954,0,imagenet_c,defocus_blur,1,none
efficientnet_b4,ILSVRC2012_val_00023944.JPEG,n09256479,973,119,0.06810496,0,imagenet_c,defocus_blur,1,none
efficientnet_b4,ILSVRC2012_val_00025600.JPEG,n09256479,973,973,0.24672377,1,imagenet_c,defocus_blur,1,none
efficientnet_b4,ILSVRC2012_val_00025622.JPEG,n09256479,973,908,0.045912977,0,imagenet_c,defocus_blur,1,none
efficientnet_b4,ILSVRC2012_val_00026162.JPEG,n09256479,973,107,0.33542463,0,imagenet_c,defocus_blur,1,none
efficientnet_b4,ILSVRC2012_val_00026207.JPEG,n09256479,973,108,0.33306396,0,imagenet_c,defocus_blur,1,none
efficientnet_b4,ILSVRC2012_val_00028960.JPEG,n09256479,973,973,0.34209555,1,imagenet_c,defocus_blur,1,none
efficientnet_b4,ILSVRC2012_val_00029077.JPEG,n09256479,973,973,0.29048103,1,imagenet_c,defocus_blur,1,none
efficientnet_b4,ILSVRC2012_val_00032073.JPEG,n09256479,973,738,0.06343552,0,imagenet_c,defocus_blur,1,none
efficientnet_b4,ILSVRC2012_val_00033028.JPEG,n09256479,973,973,0.2311621,1,imagenet_c,defocus_blur,1,none
efficientnet_b4,ILSVRC2012_val_00033935.JPEG,n09256479,973,973,0.15883052,1,imagenet_c,defocus_blur,1,none
efficientnet_b4,ILSVRC2012_val_00034862.JPEG,n09256479,973,973,0.10457122,1,imagenet_c,defocus_blur,1,none
efficientnet_b4,ILSVRC2012_val_00036546.JPEG,n09256479,973,885,0.14754918,0,imagenet_c,defocus_blur,1,none
efficientnet_b4,ILSVRC2012_val_00036847.JPEG,n09256479,973,973,0.43220875,1,imagenet_c,defocus_blur,1,none
efficientnet_b4,ILSVRC2012_val_00042514.JPEG,n09256479,973,973,0.2057078,1,imagenet_c,defocus_blur,1,none
efficientnet_b4,ILSVRC2012_val_00042594.JPEG,n09256479,973,973,0.26077428,1,imagenet_c,defocus_blur,1,none
efficientnet_b4,ILSVRC2012_val_00043306.JPEG,n09256479,973,973,0.27807128,1,imagenet_c,defocus_blur,1,none
efficientnet_b4,ILSVRC2012_val_00044829.JPEG,n09256479,973,973,0.03339312,1,imagenet_c,defocus_blur,1,none
efficientnet_b4,ILSVRC2012_val_00045828.JPEG,n09256479,973,973,0.38900825,1,imagenet_c,defocus_blur,1,none
efficientnet_b4,ILSVRC2012_val_00046480.JPEG,n09256479,973,973,0.23825186,1,imagenet_c,defocus_blur,1,none
efficientnet_b4,ILSVRC2012_val_00047624.JPEG,n09256479,973,973,0.091340914,1,imagenet_c,defocus_blur,1,none
efficientnet_b4,ILSVRC2012_val_00047681.JPEG,n09256479,973,33,0.2925698,0,imagenet_c,defocus_blur,1,none
efficientnet_b4,ILSVRC2012_val_00000394.JPEG,n09288635,974,974,0.6677603,1,imagenet_c,defocus_blur,1,none
efficientnet_b4,ILSVRC2012_val_00001270.JPEG,n09288635,974,974,0.58899266,1,imagenet_c,defocus_blur,1,none
efficientnet_b4,ILSVRC2012_val_00002186.JPEG,n09288635,974,974,0.68736136,1,imagenet_c,defocus_blur,1,none
efficientnet_b4,ILSVRC2012_val_00004430.JPEG,n09288635,974,974,0.30106813,1,imagenet_c,defocus_blur,1,none
efficientnet_b4,ILSVRC2012_val_00005608.JPEG,n09288635,974,974,0.5795113,1,imagenet_c,defocus_blur,1,none
efficientnet_b4,ILSVRC2012_val_00006488.JPEG,n09288635,974,974,0.7038983,1,imagenet_c,defocus_blur,1,none
efficientnet_b4,ILSVRC2012_val_00006918.JPEG,n09288635,974,974,0.72271353,1,imagenet_c,defocus_blur,1,none
efficientnet_b4,ILSVRC2012_val_00008672.JPEG,n09288635,974,974,0.59798247,1,imagenet_c,defocus_blur,1,none
efficientnet_b4,ILSVRC2012_val_00008753.JPEG,n09288635,974,974,0.7293168,1,imagenet_c,defocus_blur,1,none
efficientnet_b4,ILSVRC2012_val_00010229.JPEG,n09288635,974,974,0.61439425,1,imagenet_c,defocus_blur,1,none
efficientnet_b4,ILSVRC2012_val_00010873.JPEG,n09288635,974,974,0.61749876,1,imagenet_c,defocus_blur,1,none
efficientnet_b4,ILSVRC2012_val_00011567.JPEG,n09288635,974,974,0.64929867,1,imagenet_c,defocus_blur,1,none
efficientnet_b4,ILSVRC2012_val_00014141.JPEG,n09288635,974,974,0.3113348,1,imagenet_c,defocus_blur,1,none
efficientnet_b4,ILSVRC2012_val_00014161.JPEG,n09288635,974,974,0.69513243,1,imagenet_c,defocus_blur,1,none
efficientnet_b4,ILSVRC2012_val_00015626.JPEG,n09288635,974,974,0.556573,1,imagenet_c,defocus_blur,1,none
efficientnet_b4,ILSVRC2012_val_00016478.JPEG,n09288635,974,974,0.674473,1,imagenet_c,defocus_blur,1,none
efficientnet_b4,ILSVRC2012_val_00018658.JPEG,n09288635,974,974,0.6300878,1,imagenet_c,defocus_blur,1,none
efficientnet_b4,ILSVRC2012_val_00019190.JPEG,n09288635,974,974,0.58823997,1,imagenet_c,defocus_blur,1,none
efficientnet_b4,ILSVRC2012_val_00019619.JPEG,n09288635,974,974,0.15709741,1,imagenet_c,defocus_blur,1,none
efficientnet_b4,ILSVRC2012_val_00019666.JPEG,n09288635,974,974,0.49505395,1,imagenet_c,defocus_blur,1,none
efficientnet_b4,ILSVRC2012_val_00021020.JPEG,n09288635,974,974,0.49112985,1,imagenet_c,defocus_blur,1,none
efficientnet_b4,ILSVRC2012_val_00021163.JPEG,n09288635,974,974,0.5376035,1,imagenet_c,defocus_blur,1,none
efficientnet_b4,ILSVRC2012_val_00024710.JPEG,n09288635,974,974,0.6536437,1,imagenet_c,defocus_blur,1,none
efficientnet_b4,ILSVRC2012_val_00025370.JPEG,n09288635,974,974,0.61372644,1,imagenet_c,defocus_blur,1,none
efficientnet_b4,ILSVRC2012_val_00025861.JPEG,n09288635,974,356,0.02834233,0,imagenet_c,defocus_blur,1,none
efficientnet_b4,ILSVRC2012_val_00026643.JPEG,n09288635,974,974,0.66148037,1,imagenet_c,defocus_blur,1,none
efficientnet_b4,ILSVRC2012_val_00027966.JPEG,n09288635,974,974,0.514235,1,imagenet_c,defocus_blur,1,none
efficientnet_b4,ILSVRC2012_val_00028544.JPEG,n09288635,974,974,0.6618237,1,imagenet_c,defocus_blur,1,none
efficientnet_b4,ILSVRC2012_val_00030256.JPEG,n09288635,974,974,0.7211882,1,imagenet_c,defocus_blur,1,none
efficientnet_b4,ILSVRC2012_val_00030279.JPEG,n09288635,974,974,0.3616669,1,imagenet_c,defocus_blur,1,none
efficientnet_b4,ILSVRC2012_val_00032546.JPEG,n09288635,974,974,0.67175484,1,imagenet_c,defocus_blur,1,none
efficientnet_b4,ILSVRC2012_val_00032613.JPEG,n09288635,974,974,0.65140355,1,imagenet_c,defocus_blur,1,none
efficientnet_b4,ILSVRC2012_val_00034193.JPEG,n09288635,974,974,0.66026944,1,imagenet_c,defocus_blur,1,none
efficientnet_b4,ILSVRC2012_val_00034424.JPEG,n09288635,974,974,0.6381758,1,imagenet_c,defocus_blur,1,none
efficientnet_b4,ILSVRC2012_val_00034451.JPEG,n09288635,974,974,0.28902438,1,imagenet_c,defocus_blur,1,none
efficientnet_b4,ILSVRC2012_val_00035380.JPEG,n09288635,974,974,0.22809064,1,imagenet_c,defocus_blur,1,none
efficientnet_b4,ILSVRC2012_val_00035544.JPEG,n09288635,974,974,0.4388941,1,imagenet_c,defocus_blur,1,none
efficientnet_b4,ILSVRC2012_val_00037151.JPEG,n09288635,974,974,0.17446281,1,imagenet_c,defocus_blur,1,none
efficientnet_b4,ILSVRC2012_val_00038012.JPEG,n09288635,974,974,0.027964007,1,imagenet_c,defocus_blur,1,none
efficientnet_b4,ILSVRC2012_val_00038277.JPEG,n09288635,974,974,0.49950215,1,imagenet_c,defocus_blur,1,none
efficientnet_b4,ILSVRC2012_val_00038853.JPEG,n09288635,974,974,0.6336006,1,imagenet_c,defocus_blur,1,none
efficientnet_b4,ILSVRC2012_val_00039202.JPEG,n09288635,974,458,0.048667684,0,imagenet_c,defocus_blur,1,none
efficientnet_b4,ILSVRC2012_val_00039344.JPEG,n09288635,974,974,0.6217486,1,imagenet_c,defocus_blur,1,none
efficientnet_b4,ILSVRC2012_val_00042472.JPEG,n09288635,974,974,0.44529453,1,imagenet_c,defocus_blur,1,none
efficientnet_b4,ILSVRC2012_val_00043251.JPEG,n09288635,974,974,0.628653,1,imagenet_c,defocus_blur,1,none
efficientnet_b4,ILSVRC2012_val_00043344.JPEG,n09288635,974,974,0.5599683,1,imagenet_c,defocus_blur,1,none
efficientnet_b4,ILSVRC2012_val_00043647.JPEG,n09288635,974,974,0.65552706,1,imagenet_c,defocus_blur,1,none
efficientnet_b4,ILSVRC2012_val_00044028.JPEG,n09288635,974,974,0.40811163,1,imagenet_c,defocus_blur,1,none
efficientnet_b4,ILSVRC2012_val_00045179.JPEG,n09288635,974,974,0.54152536,1,imagenet_c,defocus_blur,1,none
efficientnet_b4,ILSVRC2012_val_00047846.JPEG,n09288635,974,974,0.65201527,1,imagenet_c,defocus_blur,1,none
efficientnet_b4,ILSVRC2012_val_00000150.JPEG,n09332890,975,978,0.12273273,0,imagenet_c,defocus_blur,1,none
efficientnet_b4,ILSVRC2012_val_00001323.JPEG,n09332890,975,394,0.08015902,0,imagenet_c,defocus_blur,1,none
efficientnet_b4,ILSVRC2012_val_00003311.JPEG,n09332890,975,975,0.3966615,1,imagenet_c,defocus_blur,1,none
efficientnet_b4,ILSVRC2012_val_00004188.JPEG,n09332890,975,143,0.10143276,0,imagenet_c,defocus_blur,1,none
efficientnet_b4,ILSVRC2012_val_00004541.JPEG,n09332890,975,978,0.4889806,0,imagenet_c,defocus_blur,1,none
efficientnet_b4,ILSVRC2012_val_00006040.JPEG,n09332890,975,975,0.71517116,1,imagenet_c,defocus_blur,1,none
efficientnet_b4,ILSVRC2012_val_00008757.JPEG,n09332890,975,536,0.14076789,0,imagenet_c,defocus_blur,1,none
efficientnet_b4,ILSVRC2012_val_00010179.JPEG,n09332890,975,975,0.6293026,1,imagenet_c,defocus_blur,1,none
efficientnet_b4,ILSVRC2012_val_00011436.JPEG,n09332890,975,975,0.12802657,1,imagenet_c,defocus_blur,1,none
efficientnet_b4,ILSVRC2012_val_00011449.JPEG,n09332890,975,975,0.48739743,1,imagenet_c,defocus_blur,1,none
efficientnet_b4,ILSVRC2012_val_00012261.JPEG,n09332890,975,975,0.19790106,1,imagenet_c,defocus_blur,1,none
efficientnet_b4,ILSVRC2012_val_00012936.JPEG,n09332890,975,975,0.3302468,1,imagenet_c,defocus_blur,1,none
efficientnet_b4,ILSVRC2012_val_00013485.JPEG,n09332890,975,472,0.124567226,0,imagenet_c,defocus_blur,1,none
efficientnet_b4,ILSVRC2012_val_00014016.JPEG,n09332890,975,976,0.2115904,0,imagenet_c,defocus_blur,1,none
efficientnet_b4,ILSVRC2012_val_00015143.JPEG,n09332890,975,119,0.071757205,0,imagenet_c,defocus_blur,1,none
efficientnet_b4,ILSVRC2012_val_00015764.JPEG,n09332890,975,975,0.39305636,1,imagenet_c,defocus_blur,1,none
efficientnet_b4,ILSVRC2012_val_00016111.JPEG,n09332890,975,975,0.100029714,1,imagenet_c,defocus_blur,1,none
efficientnet_b4,ILSVRC2012_val_00016928.JPEG,n09332890,975,975,0.23367362,1,imagenet_c,defocus_blur,1,none
efficientnet_b4,ILSVRC2012_val_00018065.JPEG,n09332890,975,978,0.07886413,0,imagenet_c,defocus_blur,1,none
efficientnet_b4,ILSVRC2012_val_00018915.JPEG,n09332890,975,989,0.03303236,0,imagenet_c,defocus_blur,1,none
efficientnet_b4,ILSVRC2012_val_00019614.JPEG,n09332890,975,975,0.20950632,1,imagenet_c,defocus_blur,1,none
efficientnet_b4,ILSVRC2012_val_00020069.JPEG,n09332890,975,758,0.19244665,0,imagenet_c,defocus_blur,1,none
efficientnet_b4,ILSVRC2012_val_00020620.JPEG,n09332890,975,146,0.08161609,0,imagenet_c,defocus_blur,1,none
efficientnet_b4,ILSVRC2012_val_00021376.JPEG,n09332890,975,975,0.3077804,1,imagenet_c,defocus_blur,1,none
efficientnet_b4,ILSVRC2012_val_00022287.JPEG,n09332890,975,975,0.1688791,1,imagenet_c,defocus_blur,1,none
efficientnet_b4,ILSVRC2012_val_00022291.JPEG,n09332890,975,975,0.7218776,1,imagenet_c,defocus_blur,1,none
efficientnet_b4,ILSVRC2012_val_00028191.JPEG,n09332890,975,789,0.07493251,0,imagenet_c,defocus_blur,1,none
efficientnet_b4,ILSVRC2012_val_00028255.JPEG,n09332890,975,975,0.13009343,1,imagenet_c,defocus_blur,1,none
efficientnet_b4,ILSVRC2012_val_00030048.JPEG,n09332890,975,975,0.34593898,1,imagenet_c,defocus_blur,1,none
efficientnet_b4,ILSVRC2012_val_00032615.JPEG,n09332890,975,975,0.049157746,1,imagenet_c,defocus_blur,1,none
efficientnet_b4,ILSVRC2012_val_00032715.JPEG,n09332890,975,975,0.2790749,1,imagenet_c,defocus_blur,1,none
efficientnet_b4,ILSVRC2012_val_00033343.JPEG,n09332890,975,97,0.32994616,0,imagenet_c,defocus_blur,1,none
efficientnet_b4,ILSVRC2012_val_00033656.JPEG,n09332890,975,975,0.52695304,1,imagenet_c,defocus_blur,1,none
efficientnet_b4,ILSVRC2012_val_00035688.JPEG,n09332890,975,975,0.2095124,1,imagenet_c,defocus_blur,1,none
efficientnet_b4,ILSVRC2012_val_00037421.JPEG,n09332890,975,975,0.043752052,1,imagenet_c,defocus_blur,1,none
efficientnet_b4,ILSVRC2012_val_00038916.JPEG,n09332890,975,975,0.37515828,1,imagenet_c,defocus_blur,1,none
efficientnet_b4,ILSVRC2012_val_00038963.JPEG,n09332890,975,410,0.031855337,0,imagenet_c,defocus_blur,1,none
efficientnet_b4,ILSVRC2012_val_00039635.JPEG,n09332890,975,600,0.14439261,0,imagenet_c,defocus_blur,1,none
efficientnet_b4,ILSVRC2012_val_00040012.JPEG,n09332890,975,975,0.037620686,1,imagenet_c,defocus_blur,1,none
efficientnet_b4,ILSVRC2012_val_00041181.JPEG,n09332890,975,296,0.038879838,0,imagenet_c,defocus_blur,1,none
efficientnet_b4,ILSVRC2012_val_00043027.JPEG,n09332890,975,975,0.1964745,1,imagenet_c,defocus_blur,1,none
efficientnet_b4,ILSVRC2012_val_00043221.JPEG,n09332890,975,693,0.057826716,0,imagenet_c,defocus_blur,1,none
efficientnet_b4,ILSVRC2012_val_00043650.JPEG,n09332890,975,698,0.21369924,0,imagenet_c,defocus_blur,1,none
efficientnet_b4,ILSVRC2012_val_00046298.JPEG,n09332890,975,460,0.23741895,0,imagenet_c,defocus_blur,1,none
efficientnet_b4,ILSVRC2012_val_00046543.JPEG,n09332890,975,975,0.061569955,1,imagenet_c,defocus_blur,1,none
efficientnet_b4,ILSVRC2012_val_00047618.JPEG,n09332890,975,975,0.30818427,1,imagenet_c,defocus_blur,1,none
efficientnet_b4,ILSVRC2012_val_00048189.JPEG,n09332890,975,975,0.13761964,1,imagenet_c,defocus_blur,1,none
efficientnet_b4,ILSVRC2012_val_00048462.JPEG,n09332890,975,975,0.539501,1,imagenet_c,defocus_blur,1,none
efficientnet_b4,ILSVRC2012_val_00049375.JPEG,n09332890,975,975,0.25822088,1,imagenet_c,defocus_blur,1,none
efficientnet_b4,ILSVRC2012_val_00049549.JPEG,n09332890,975,449,0.046693403,0,imagenet_c,defocus_blur,1,none
efficientnet_b4,ILSVRC2012_val_00002476.JPEG,n09399592,976,976,0.08172588,1,imagenet_c,defocus_blur,1,none
efficientnet_b4,ILSVRC2012_val_00003321.JPEG,n09399592,976,976,0.08819081,1,imagenet_c,defocus_blur,1,none
efficientnet_b4,ILSVRC2012_val_00003374.JPEG,n09399592,976,975,0.041826747,0,imagenet_c,defocus_blur,1,none
efficientnet_b4,ILSVRC2012_val_00003866.JPEG,n09399592,976,801,0.048509296,0,imagenet_c,defocus_blur,1,none
efficientnet_b4,ILSVRC2012_val_00004005.JPEG,n09399592,976,978,0.36173737,0,imagenet_c,defocus_blur,1,none
efficientnet_b4,ILSVRC2012_val_00004405.JPEG,n09399592,976,976,0.21296196,1,imagenet_c,defocus_blur,1,none
efficientnet_b4,ILSVRC2012_val_00005837.JPEG,n09399592,976,978,0.08741506,0,imagenet_c,defocus_blur,1,none
efficientnet_b4,ILSVRC2012_val_00006387.JPEG,n09399592,976,150,0.14228347,0,imagenet_c,defocus_blur,1,none
efficientnet_b4,ILSVRC2012_val_00008034.JPEG,n09399592,976,976,0.19419122,1,imagenet_c,defocus_blur,1,none
efficientnet_b4,ILSVRC2012_val_00010403.JPEG,n09399592,976,975,0.28208303,0,imagenet_c,defocus_blur,1,none
efficientnet_b4,ILSVRC2012_val_00011045.JPEG,n09399592,976,978,0.28321025,0,imagenet_c,defocus_blur,1,none
efficientnet_b4,ILSVRC2012_val_00012389.JPEG,n09399592,976,976,0.29080167,1,imagenet_c,defocus_blur,1,none
efficientnet_b4,ILSVRC2012_val_00012804.JPEG,n09399592,976,976,0.25566262,1,imagenet_c,defocus_blur,1,none
efficientnet_b4,ILSVRC2012_val_00013304.JPEG,n09399592,976,976,0.30080503,1,imagenet_c,defocus_blur,1,none
efficientnet_b4,ILSVRC2012_val_00014633.JPEG,n09399592,976,976,0.35081866,1,imagenet_c,defocus_blur,1,none
efficientnet_b4,ILSVRC2012_val_00016654.JPEG,n09399592,976,976,0.19330056,1,imagenet_c,defocus_blur,1,none
efficientnet_b4,ILSVRC2012_val_00016954.JPEG,n09399592,976,976,0.38399965,1,imagenet_c,defocus_blur,1,none
efficientnet_b4,ILSVRC2012_val_00017332.JPEG,n09399592,976,976,0.2766716,1,imagenet_c,defocus_blur,1,none
efficientnet_b4,ILSVRC2012_val_00017772.JPEG,n09399592,976,978,0.15491287,0,imagenet_c,defocus_blur,1,none
efficientnet_b4,ILSVRC2012_val_00018098.JPEG,n09399592,976,976,0.22817211,1,imagenet_c,defocus_blur,1,none
efficientnet_b4,ILSVRC2012_val_00018240.JPEG,n09399592,976,976,0.4466456,1,imagenet_c,defocus_blur,1,none
efficientnet_b4,ILSVRC2012_val_00019605.JPEG,n09399592,976,976,0.14942746,1,imagenet_c,defocus_blur,1,none
efficientnet_b4,ILSVRC2012_val_00021511.JPEG,n09399592,976,976,0.37648585,1,imagenet_c,defocus_blur,1,none
efficientnet_b4,ILSVRC2012_val_00022008.JPEG,n09399592,976,350,0.055954564,0,imagenet_c,defocus_blur,1,none
efficientnet_b4,ILSVRC2012_val_00022515.JPEG,n09399592,976,460,0.12379021,0,imagenet_c,defocus_blur,1,none
efficientnet_b4,ILSVRC2012_val_00023628.JPEG,n09399592,976,437,0.16081369,0,imagenet_c,defocus_blur,1,none
efficientnet_b4,ILSVRC2012_val_00025481.JPEG,n09399592,976,976,0.10015016,1,imagenet_c,defocus_blur,1,none
efficientnet_b4,ILSVRC2012_val_00029755.JPEG,n09399592,976,976,0.3116279,1,imagenet_c,defocus_blur,1,none
efficientnet_b4,ILSVRC2012_val_00031493.JPEG,n09399592,976,976,0.15783587,1,imagenet_c,defocus_blur,1,none
efficientnet_b4,ILSVRC2012_val_00032176.JPEG,n09399592,976,975,0.08316974,0,imagenet_c,defocus_blur,1,none
efficientnet_b4,ILSVRC2012_val_00032757.JPEG,n09399592,976,978,0.09647981,0,imagenet_c,defocus_blur,1,none
efficientnet_b4,ILSVRC2012_val_00033587.JPEG,n09399592,976,976,0.26411453,1,imagenet_c,defocus_blur,1,none
efficientnet_b4,ILSVRC2012_val_00034546.JPEG,n09399592,976,146,0.082872964,0,imagenet_c,defocus_blur,1,none
efficientnet_b4,ILSVRC2012_val_00035570.JPEG,n09399592,976,976,0.58427316,1,imagenet_c,defocus_blur,1,none
efficientnet_b4,ILSVRC2012_val_00037827.JPEG,n09399592,976,698,0.14729185,0,imagenet_c,defocus_blur,1,none
efficientnet_b4,ILSVRC2012_val_00037890.JPEG,n09399592,976,976,0.4628315,1,imagenet_c,defocus_blur,1,none
efficientnet_b4,ILSVRC2012_val_00038307.JPEG,n09399592,976,976,0.40188846,1,imagenet_c,defocus_blur,1,none
efficientnet_b4,ILSVRC2012_val_00038398.JPEG,n09399592,976,978,0.32081786,0,imagenet_c,defocus_blur,1,none
efficientnet_b4,ILSVRC2012_val_00038599.JPEG,n09399592,976,978,0.10411804,0,imagenet_c,defocus_blur,1,none
efficientnet_b4,ILSVRC2012_val_00039034.JPEG,n09399592,976,976,0.37597382,1,imagenet_c,defocus_blur,1,none
efficientnet_b4,ILSVRC2012_val_00039874.JPEG,n09399592,976,976,0.38527393,1,imagenet_c,defocus_blur,1,none
efficientnet_b4,ILSVRC2012_val_00040543.JPEG,n09399592,976,978,0.07615796,0,imagenet_c,defocus_blur,1,none
efficientnet_b4,ILSVRC2012_val_00041801.JPEG,n09399592,976,975,0.1655355,0,imagenet_c,defocus_blur,1,none
efficientnet_b4,ILSVRC2012_val_00042143.JPEG,n09399592,976,976,0.17013757,1,imagenet_c,defocus_blur,1,none
efficientnet_b4,ILSVRC2012_val_00042161.JPEG,n09399592,976,975,0.064131424,0,imagenet_c,defocus_blur,1,none
efficientnet_b4,ILSVRC2012_val_00042727.JPEG,n09399592,976,976,0.22962321,1,imagenet_c,defocus_blur,1,none
efficientnet_b4,ILSVRC2012_val_00043889.JPEG,n09399592,976,693,0.023883384,0,imagenet_c,defocus_blur,1,none
efficientnet_b4,ILSVRC2012_val_00045881.JPEG,n09399592,976,978,0.10738595,0,imagenet_c,defocus_blur,1,none
efficientnet_b4,ILSVRC2012_val_00046112.JPEG,n09399592,976,976,0.40434533,1,imagenet_c,defocus_blur,1,none
efficientnet_b4,ILSVRC2012_val_00048356.JPEG,n09399592,976,801,0.07379484,0,imagenet_c,defocus_blur,1,none
efficientnet_b4,ILSVRC2012_val_00000145.JPEG,n09421951,977,977,0.2920728,1,imagenet_c,defocus_blur,1,none
efficientnet_b4,ILSVRC2012_val_00001524.JPEG,n09421951,977,978,0.1958312,0,imagenet_c,defocus_blur,1,none
efficientnet_b4,ILSVRC2012_val_00001767.JPEG,n09421951,977,977,0.23652108,1,imagenet_c,defocus_blur,1,none
efficientnet_b4,ILSVRC2012_val_00002237.JPEG,n09421951,977,978,0.041746277,0,imagenet_c,defocus_blur,1,none
efficientnet_b4,ILSVRC2012_val_00004857.JPEG,n09421951,977,977,0.3211351,1,imagenet_c,defocus_blur,1,none
efficientnet_b4,ILSVRC2012_val_00005236.JPEG,n09421951,977,144,0.03902358,0,imagenet_c,defocus_blur,1,none
efficientnet_b4,ILSVRC2012_val_00005296.JPEG,n09421951,977,978,0.24600364,0,imagenet_c,defocus_blur,1,none
efficientnet_b4,ILSVRC2012_val_00006540.JPEG,n09421951,977,977,0.037642594,1,imagenet_c,defocus_blur,1,none
efficientnet_b4,ILSVRC2012_val_00006564.JPEG,n09421951,977,977,0.2778802,1,imagenet_c,defocus_blur,1,none
efficientnet_b4,ILSVRC2012_val_00007262.JPEG,n09421951,977,977,0.1568424,1,imagenet_c,defocus_blur,1,none
efficientnet_b4,ILSVRC2012_val_00007545.JPEG,n09421951,977,977,0.09041705,1,imagenet_c,defocus_blur,1,none
efficientnet_b4,ILSVRC2012_val_00008597.JPEG,n09421951,977,978,0.18320103,0,imagenet_c,defocus_blur,1,none
efficientnet_b4,ILSVRC2012_val_00009118.JPEG,n09421951,977,445,0.07285432,0,imagenet_c,defocus_blur,1,none
efficientnet_b4,ILSVRC2012_val_00014394.JPEG,n09421951,977,978,0.30828375,0,imagenet_c,defocus_blur,1,none
efficientnet_b4,ILSVRC2012_val_00015575.JPEG,n09421951,977,351,0.05534481,0,imagenet_c,defocus_blur,1,none
efficientnet_b4,ILSVRC2012_val_00015740.JPEG,n09421951,977,978,0.6637782,0,imagenet_c,defocus_blur,1,none
efficientnet_b4,ILSVRC2012_val_00016086.JPEG,n09421951,977,977,0.19829652,1,imagenet_c,defocus_blur,1,none
efficientnet_b4,ILSVRC2012_val_00016147.JPEG,n09421951,977,978,0.1755441,0,imagenet_c,defocus_blur,1,none
efficientnet_b4,ILSVRC2012_val_00017102.JPEG,n09421951,977,977,0.1722914,1,imagenet_c,defocus_blur,1,none
efficientnet_b4,ILSVRC2012_val_00018154.JPEG,n09421951,977,978,0.14281157,0,imagenet_c,defocus_blur,1,none
efficientnet_b4,ILSVRC2012_val_00020343.JPEG,n09421951,977,842,0.18468946,0,imagenet_c,defocus_blur,1,none
efficientnet_b4,ILSVRC2012_val_00020479.JPEG,n09421951,977,978,0.15973596,0,imagenet_c,defocus_blur,1,none
efficientnet_b4,ILSVRC2012_val_00022914.JPEG,n09421951,977,978,0.2853816,0,imagenet_c,defocus_blur,1,none
efficientnet_b4,ILSVRC2012_val_00023410.JPEG,n09421951,977,838,0.06438624,0,imagenet_c,defocus_blur,1,none
efficientnet_b4,ILSVRC2012_val_00025746.JPEG,n09421951,977,185,0.02240914,0,imagenet_c,defocus_blur,1,none
efficientnet_b4,ILSVRC2012_val_00026980.JPEG,n09421951,977,975,0.19274497,0,imagenet_c,defocus_blur,1,none
efficientnet_b4,ILSVRC2012_val_00028807.JPEG,n09421951,977,977,0.07808939,1,imagenet_c,defocus_blur,1,none
efficientnet_b4,ILSVRC2012_val_00029249.JPEG,n09421951,977,978,0.21992634,0,imagenet_c,defocus_blur,1,none
efficientnet_b4,ILSVRC2012_val_00030176.JPEG,n09421951,977,961,0.034997787,0,imagenet_c,defocus_blur,1,none
efficientnet_b4,ILSVRC2012_val_00030353.JPEG,n09421951,977,978,0.14267616,0,imagenet_c,defocus_blur,1,none
efficientnet_b4,ILSVRC2012_val_00032244.JPEG,n09421951,977,976,0.34324124,0,imagenet_c,defocus_blur,1,none
efficientnet_b4,ILSVRC2012_val_00033187.JPEG,n09421951,977,977,0.5738088,1,imagenet_c,defocus_blur,1,none
efficientnet_b4,ILSVRC2012_val_00034231.JPEG,n09421951,977,672,0.034790374,0,imagenet_c,defocus_blur,1,none
efficientnet_b4,ILSVRC2012_val_00036544.JPEG,n09421951,977,977,0.11014917,1,imagenet_c,defocus_blur,1,none
efficientnet_b4,ILSVRC2012_val_00036629.JPEG,n09421951,977,978,0.29190776,0,imagenet_c,defocus_blur,1,none
efficientnet_b4,ILSVRC2012_val_00037607.JPEG,n09421951,977,977,0.09286948,1,imagenet_c,defocus_blur,1,none
efficientnet_b4,ILSVRC2012_val_00038275.JPEG,n09421951,977,975,0.14615637,0,imagenet_c,defocus_blur,1,none
efficientnet_b4,ILSVRC2012_val_00040066.JPEG,n09421951,977,978,0.053029094,0,imagenet_c,defocus_blur,1,none
efficientnet_b4,ILSVRC2012_val_00040169.JPEG,n09421951,977,978,0.1470833,0,imagenet_c,defocus_blur,1,none
efficientnet_b4,ILSVRC2012_val_00040526.JPEG,n09421951,977,972,0.3144401,0,imagenet_c,defocus_blur,1,none
efficientnet_b4,ILSVRC2012_val_00041063.JPEG,n09421951,977,978,0.16541174,0,imagenet_c,defocus_blur,1,none
efficientnet_b4,ILSVRC2012_val_00044171.JPEG,n09421951,977,977,0.0685397,1,imagenet_c,defocus_blur,1,none
efficientnet_b4,ILSVRC2012_val_00045372.JPEG,n09421951,977,975,0.06268997,0,imagenet_c,defocus_blur,1,none
efficientnet_b4,ILSVRC2012_val_00046434.JPEG,n09421951,977,977,0.6039459,1,imagenet_c,defocus_blur,1,none
efficientnet_b4,ILSVRC2012_val_00047284.JPEG,n09421951,977,977,0.27630278,1,imagenet_c,defocus_blur,1,none
efficientnet_b4,ILSVRC2012_val_00048253.JPEG,n09421951,977,976,0.057951752,0,imagenet_c,defocus_blur,1,none
efficientnet_b4,ILSVRC2012_val_00048465.JPEG,n09421951,977,351,0.063083135,0,imagenet_c,defocus_blur,1,none
efficientnet_b4,ILSVRC2012_val_00048534.JPEG,n09421951,977,977,0.11771772,1,imagenet_c,defocus_blur,1,none
efficientnet_b4,ILSVRC2012_val_00049059.JPEG,n09421951,977,34,0.06886821,0,imagenet_c,defocus_blur,1,none
efficientnet_b4,ILSVRC2012_val_00049720.JPEG,n09421951,977,977,0.20100532,1,imagenet_c,defocus_blur,1,none
efficientnet_b4,ILSVRC2012_val_00000214.JPEG,n09428293,978,701,0.250237,0,imagenet_c,defocus_blur,1,none
efficientnet_b4,ILSVRC2012_val_00001153.JPEG,n09428293,978,978,0.7787307,1,imagenet_c,defocus_blur,1,none
efficientnet_b4,ILSVRC2012_val_00001304.JPEG,n09428293,978,978,0.110997915,1,imagenet_c,defocus_blur,1,none
efficientnet_b4,ILSVRC2012_val_00001320.JPEG,n09428293,978,595,0.099484466,0,imagenet_c,defocus_blur,1,none
efficientnet_b4,ILSVRC2012_val_00001327.JPEG,n09428293,978,977,0.062482107,0,imagenet_c,defocus_blur,1,none
efficientnet_b4,ILSVRC2012_val_00002495.JPEG,n09428293,978,978,0.26252288,1,imagenet_c,defocus_blur,1,none
efficientnet_b4,ILSVRC2012_val_00002544.JPEG,n09428293,978,977,0.061576486,0,imagenet_c,defocus_blur,1,none
efficientnet_b4,ILSVRC2012_val_00002896.JPEG,n09428293,978,978,0.07753741,1,imagenet_c,defocus_blur,1,none
efficientnet_b4,ILSVRC2012_val_00003056.JPEG,n09428293,978,460,0.15852222,0,imagenet_c,defocus_blur,1,none
efficientnet_b4,ILSVRC2012_val_00004626.JPEG,n09428293,978,975,0.1320646,0,imagenet_c,defocus_blur,1,none
efficientnet_b4,ILSVRC2012_val_00004976.JPEG,n09428293,978,814,0.43670416,0,imagenet_c,defocus_blur,1,none
efficientnet_b4,ILSVRC2012_val_00006071.JPEG,n09428293,978,227,0.19463387,0,imagenet_c,defocus_blur,1,none
efficientnet_b4,ILSVRC2012_val_00007177.JPEG,n09428293,978,978,0.1090733,1,imagenet_c,defocus_blur,1,none
efficientnet_b4,ILSVRC2012_val_00007950.JPEG,n09428293,978,978,0.2268078,1,imagenet_c,defocus_blur,1,none
efficientnet_b4,ILSVRC2012_val_00008147.JPEG,n09428293,978,978,0.18334647,1,imagenet_c,defocus_blur,1,none
efficientnet_b4,ILSVRC2012_val_00008791.JPEG,n09428293,978,978,0.29931158,1,imagenet_c,defocus_blur,1,none
efficientnet_b4,ILSVRC2012_val_00009073.JPEG,n09428293,978,978,0.025849018,1,imagenet_c,defocus_blur,1,none
efficientnet_b4,ILSVRC2012_val_00009411.JPEG,n09428293,978,977,0.07411236,0,imagenet_c,defocus_blur,1,none
efficientnet_b4,ILSVRC2012_val_00010329.JPEG,n09428293,978,536,0.058788095,0,imagenet_c,defocus_blur,1,none
efficientnet_b4,ILSVRC2012_val_00011270.JPEG,n09428293,978,978,0.3416917,1,imagenet_c,defocus_blur,1,none
efficientnet_b4,ILSVRC2012_val_00011865.JPEG,n09428293,978,978,0.07130589,1,imagenet_c,defocus_blur,1,none
efficientnet_b4,ILSVRC2012_val_00013774.JPEG,n09428293,978,99,0.055706576,0,imagenet_c,defocus_blur,1,none
efficientnet_b4,ILSVRC2012_val_00015158.JPEG,n09428293,978,978,0.13916558,1,imagenet_c,defocus_blur,1,none
efficientnet_b4,ILSVRC2012_val_00015233.JPEG,n09428293,978,978,0.57715946,1,imagenet_c,defocus_blur,1,none
efficientnet_b4,ILSVRC2012_val_00015471.JPEG,n09428293,978,978,0.21047057,1,imagenet_c,defocus_blur,1,none
efficientnet_b4,ILSVRC2012_val_00016661.JPEG,n09428293,978,978,0.3342612,1,imagenet_c,defocus_blur,1,none
efficientnet_b4,ILSVRC2012_val_00018105.JPEG,n09428293,978,978,0.3755035,1,imagenet_c,defocus_blur,1,none
efficientnet_b4,ILSVRC2012_val_00018113.JPEG,n09428293,978,792,0.13080235,0,imagenet_c,defocus_blur,1,none
efficientnet_b4,ILSVRC2012_val_00018980.JPEG,n09428293,978,975,0.48999366,0,imagenet_c,defocus_blur,1,none
efficientnet_b4,ILSVRC2012_val_00020833.JPEG,n09428293,978,978,0.4818282,1,imagenet_c,defocus_blur,1,none
efficientnet_b4,ILSVRC2012_val_00022923.JPEG,n09428293,978,769,0.0628867,0,imagenet_c,defocus_blur,1,none
efficientnet_b4,ILSVRC2012_val_00024891.JPEG,n09428293,978,472,0.15831107,0,imagenet_c,defocus_blur,1,none
efficientnet_b4,ILSVRC2012_val_00027755.JPEG,n09428293,978,978,0.17463091,1,imagenet_c,defocus_blur,1,none
efficientnet_b4,ILSVRC2012_val_00028242.JPEG,n09428293,978,978,0.1167607,1,imagenet_c,defocus_blur,1,none
efficientnet_b4,ILSVRC2012_val_00029415.JPEG,n09428293,978,49,0.362119,0,imagenet_c,defocus_blur,1,none
efficientnet_b4,ILSVRC2012_val_00029704.JPEG,n09428293,978,976,0.27165955,0,imagenet_c,defocus_blur,1,none
efficientnet_b4,ILSVRC2012_val_00032032.JPEG,n09428293,978,978,0.62745476,1,imagenet_c,defocus_blur,1,none
efficientnet_b4,ILSVRC2012_val_00032058.JPEG,n09428293,978,147,0.18668497,0,imagenet_c,defocus_blur,1,none
efficientnet_b4,ILSVRC2012_val_00032534.JPEG,n09428293,978,978,0.3606768,1,imagenet_c,defocus_blur,1,none
efficientnet_b4,ILSVRC2012_val_00033799.JPEG,n09428293,978,536,0.33969638,0,imagenet_c,defocus_blur,1,none
efficientnet_b4,ILSVRC2012_val_00035892.JPEG,n09428293,978,664,0.087858096,0,imagenet_c,defocus_blur,1,none
efficientnet_b4,ILSVRC2012_val_00036315.JPEG,n09428293,978,978,0.2456343,1,imagenet_c,defocus_blur,1,none
efficientnet_b4,ILSVRC2012_val_00036398.JPEG,n09428293,978,980,0.10454097,0,imagenet_c,defocus_blur,1,none
efficientnet_b4,ILSVRC2012_val_00036591.JPEG,n09428293,978,628,0.14858776,0,imagenet_c,defocus_blur,1,none
efficientnet_b4,ILSVRC2012_val_00039829.JPEG,n09428293,978,978,0.1307342,1,imagenet_c,defocus_blur,1,none
efficientnet_b4,ILSVRC2012_val_00041638.JPEG,n09428293,978,978,0.047555078,1,imagenet_c,defocus_blur,1,none
efficientnet_b4,ILSVRC2012_val_00043671.JPEG,n09428293,978,978,0.35399008,1,imagenet_c,defocus_blur,1,none
efficientnet_b4,ILSVRC2012_val_00043977.JPEG,n09428293,978,978,0.26189578,1,imagenet_c,defocus_blur,1,none
efficientnet_b4,ILSVRC2012_val_00048033.JPEG,n09428293,978,978,0.09662402,1,imagenet_c,defocus_blur,1,none
efficientnet_b4,ILSVRC2012_val_00049343.JPEG,n09428293,978,417,0.0713284,0,imagenet_c,defocus_blur,1,none
efficientnet_b4,ILSVRC2012_val_00000313.JPEG,n09468604,979,975,0.11903827,0,imagenet_c,defocus_blur,1,none
efficientnet_b4,ILSVRC2012_val_00001829.JPEG,n09468604,979,979,0.62810004,1,imagenet_c,defocus_blur,1,none
efficientnet_b4,ILSVRC2012_val_00002506.JPEG,n09468604,979,292,0.09893842,0,imagenet_c,defocus_blur,1,none
efficientnet_b4,ILSVRC2012_val_00002805.JPEG,n09468604,979,979,0.15785757,1,imagenet_c,defocus_blur,1,none
efficientnet_b4,ILSVRC2012_val_00004259.JPEG,n09468604,979,976,0.08728747,0,imagenet_c,defocus_blur,1,none
efficientnet_b4,ILSVRC2012_val_00005742.JPEG,n09468604,979,979,0.44876754,1,imagenet_c,defocus_blur,1,none
efficientnet_b4,ILSVRC2012_val_00006570.JPEG,n09468604,979,979,0.5952787,1,imagenet_c,defocus_blur,1,none
efficientnet_b4,ILSVRC2012_val_00007658.JPEG,n09468604,979,979,0.30392858,1,imagenet_c,defocus_blur,1,none
efficientnet_b4,ILSVRC2012_val_00008318.JPEG,n09468604,979,979,0.2111677,1,imagenet_c,defocus_blur,1,none
efficientnet_b4,ILSVRC2012_val_00009596.JPEG,n09468604,979,970,0.121013716,0,imagenet_c,defocus_blur,1,none
efficientnet_b4,ILSVRC2012_val_00010344.JPEG,n09468604,979,979,0.3041294,1,imagenet_c,defocus_blur,1,none
efficientnet_b4,ILSVRC2012_val_00010664.JPEG,n09468604,979,975,0.4825131,0,imagenet_c,defocus_blur,1,none
efficientnet_b4,ILSVRC2012_val_00012937.JPEG,n09468604,979,979,0.032447364,1,imagenet_c,defocus_blur,1,none
efficientnet_b4,ILSVRC2012_val_00015253.JPEG,n09468604,979,979,0.22441167,1,imagenet_c,defocus_blur,1,none
efficientnet_b4,ILSVRC2012_val_00015825.JPEG,n09468604,979,574,0.041029584,0,imagenet_c,defocus_blur,1,none
efficientnet_b4,ILSVRC2012_val_00016644.JPEG,n09468604,979,979,0.70734143,1,imagenet_c,defocus_blur,1,none
efficientnet_b4,ILSVRC2012_val_00018683.JPEG,n09468604,979,979,0.06731642,1,imagenet_c,defocus_blur,1,none
efficientnet_b4,ILSVRC2012_val_00018748.JPEG,n09468604,979,979,0.51702374,1,imagenet_c,defocus_blur,1,none
efficientnet_b4,ILSVRC2012_val_00018865.JPEG,n09468604,979,979,0.25722554,1,imagenet_c,defocus_blur,1,none
efficientnet_b4,ILSVRC2012_val_00020172.JPEG,n09468604,979,979,0.47288078,1,imagenet_c,defocus_blur,1,none
efficientnet_b4,ILSVRC2012_val_00022232.JPEG,n09468604,979,979,0.29283485,1,imagenet_c,defocus_blur,1,none
efficientnet_b4,ILSVRC2012_val_00025327.JPEG,n09468604,979,979,0.07893449,1,imagenet_c,defocus_blur,1,none
efficientnet_b4,ILSVRC2012_val_00025853.JPEG,n09468604,979,970,0.08528606,0,imagenet_c,defocus_blur,1,none
efficientnet_b4,ILSVRC2012_val_00026860.JPEG,n09468604,979,979,0.60516626,1,imagenet_c,defocus_blur,1,none
efficientnet_b4,ILSVRC2012_val_00027506.JPEG,n09468604,979,979,0.27602547,1,imagenet_c,defocus_blur,1,none
efficientnet_b4,ILSVRC2012_val_00028882.JPEG,n09468604,979,979,0.14924915,1,imagenet_c,defocus_blur,1,none
efficientnet_b4,ILSVRC2012_val_00030741.JPEG,n09468604,979,979,0.07572647,1,imagenet_c,defocus_blur,1,none
efficientnet_b4,ILSVRC2012_val_00031159.JPEG,n09468604,979,975,0.22788839,0,imagenet_c,defocus_blur,1,none
efficientnet_b4,ILSVRC2012_val_00031161.JPEG,n09468604,979,979,0.29344964,1,imagenet_c,defocus_blur,1,none
efficientnet_b4,ILSVRC2012_val_00031258.JPEG,n09468604,979,975,0.22243237,0,imagenet_c,defocus_blur,1,none
efficientnet_b4,ILSVRC2012_val_00032298.JPEG,n09468604,979,970,0.048180513,0,imagenet_c,defocus_blur,1,none
efficientnet_b4,ILSVRC2012_val_00032345.JPEG,n09468604,979,979,0.68398833,1,imagenet_c,defocus_blur,1,none
efficientnet_b4,ILSVRC2012_val_00032377.JPEG,n09468604,979,979,0.56702673,1,imagenet_c,defocus_blur,1,none
efficientnet_b4,ILSVRC2012_val_00032589.JPEG,n09468604,979,912,0.11948721,0,imagenet_c,defocus_blur,1,none
efficientnet_b4,ILSVRC2012_val_00033913.JPEG,n09468604,979,979,0.58696413,1,imagenet_c,defocus_blur,1,none
efficientnet_b4,ILSVRC2012_val_00036858.JPEG,n09468604,979,979,0.052168313,1,imagenet_c,defocus_blur,1,none
efficientnet_b4,ILSVRC2012_val_00037143.JPEG,n09468604,979,979,0.61685497,1,imagenet_c,defocus_blur,1,none
efficientnet_b4,ILSVRC2012_val_00037167.JPEG,n09468604,979,979,0.47088468,1,imagenet_c,defocus_blur,1,none
efficientnet_b4,ILSVRC2012_val_00037477.JPEG,n09468604,979,975,0.4400549,0,imagenet_c,defocus_blur,1,none
efficientnet_b4,ILSVRC2012_val_00038529.JPEG,n09468604,979,979,0.33406535,1,imagenet_c,defocus_blur,1,none
efficientnet_b4,ILSVRC2012_val_00039019.JPEG,n09468604,979,972,0.09482757,0,imagenet_c,defocus_blur,1,none
efficientnet_b4,ILSVRC2012_val_00039168.JPEG,n09468604,979,525,0.5963884,0,imagenet_c,defocus_blur,1,none
efficientnet_b4,ILSVRC2012_val_00039403.JPEG,n09468604,979,976,0.088350534,0,imagenet_c,defocus_blur,1,none
efficientnet_b4,ILSVRC2012_val_00041582.JPEG,n09468604,979,979,0.38337302,1,imagenet_c,defocus_blur,1,none
efficientnet_b4,ILSVRC2012_val_00041897.JPEG,n09468604,979,979,0.31428498,1,imagenet_c,defocus_blur,1,none
efficientnet_b4,ILSVRC2012_val_00043651.JPEG,n09468604,979,979,0.61812353,1,imagenet_c,defocus_blur,1,none
efficientnet_b4,ILSVRC2012_val_00043699.JPEG,n09468604,979,979,0.29261023,1,imagenet_c,defocus_blur,1,none
efficientnet_b4,ILSVRC2012_val_00044856.JPEG,n09468604,979,979,0.018011995,1,imagenet_c,defocus_blur,1,none
efficientnet_b4,ILSVRC2012_val_00045923.JPEG,n09468604,979,979,0.5875186,1,imagenet_c,defocus_blur,1,none
efficientnet_b4,ILSVRC2012_val_00048786.JPEG,n09468604,979,979,0.34291482,1,imagenet_c,defocus_blur,1,none
efficientnet_b4,ILSVRC2012_val_00002103.JPEG,n09472597,980,980,0.4891401,1,imagenet_c,defocus_blur,1,none
efficientnet_b4,ILSVRC2012_val_00003626.JPEG,n09472597,980,980,0.62511814,1,imagenet_c,defocus_blur,1,none
efficientnet_b4,ILSVRC2012_val_00004187.JPEG,n09472597,980,980,0.47033626,1,imagenet_c,defocus_blur,1,none
efficientnet_b4,ILSVRC2012_val_00004377.JPEG,n09472597,980,980,0.42530903,1,imagenet_c,defocus_blur,1,none
efficientnet_b4,ILSVRC2012_val_00005476.JPEG,n09472597,980,346,0.078529015,0,imagenet_c,defocus_blur,1,none
efficientnet_b4,ILSVRC2012_val_00007382.JPEG,n09472597,980,980,0.35083693,1,imagenet_c,defocus_blur,1,none
efficientnet_b4,ILSVRC2012_val_00009828.JPEG,n09472597,980,980,0.7143223,1,imagenet_c,defocus_blur,1,none
efficientnet_b4,ILSVRC2012_val_00010641.JPEG,n09472597,980,980,0.67725205,1,imagenet_c,defocus_blur,1,none
efficientnet_b4,ILSVRC2012_val_00015387.JPEG,n09472597,980,980,0.6595308,1,imagenet_c,defocus_blur,1,none
efficientnet_b4,ILSVRC2012_val_00016019.JPEG,n09472597,980,980,0.6629837,1,imagenet_c,defocus_blur,1,none
efficientnet_b4,ILSVRC2012_val_00016868.JPEG,n09472597,980,980,0.13788955,1,imagenet_c,defocus_blur,1,none
efficientnet_b4,ILSVRC2012_val_00018560.JPEG,n09472597,980,980,0.4651143,1,imagenet_c,defocus_blur,1,none
efficientnet_b4,ILSVRC2012_val_00019071.JPEG,n09472597,980,980,0.16741715,1,imagenet_c,defocus_blur,1,none
efficientnet_b4,ILSVRC2012_val_00019380.JPEG,n09472597,980,980,0.7711473,1,imagenet_c,defocus_blur,1,none
efficientnet_b4,ILSVRC2012_val_00021559.JPEG,n09472597,980,980,0.6975511,1,imagenet_c,defocus_blur,1,none
efficientnet_b4,ILSVRC2012_val_00022425.JPEG,n09472597,980,980,0.39152068,1,imagenet_c,defocus_blur,1,none
efficientnet_b4,ILSVRC2012_val_00023470.JPEG,n09472597,980,980,0.1416539,1,imagenet_c,defocus_blur,1,none
efficientnet_b4,ILSVRC2012_val_00025936.JPEG,n09472597,980,980,0.3608903,1,imagenet_c,defocus_blur,1,none
efficientnet_b4,ILSVRC2012_val_00027615.JPEG,n09472597,980,980,0.12618235,1,imagenet_c,defocus_blur,1,none
efficientnet_b4,ILSVRC2012_val_00027621.JPEG,n09472597,980,975,0.12836887,0,imagenet_c,defocus_blur,1,none
efficientnet_b4,ILSVRC2012_val_00029608.JPEG,n09472597,980,994,0.24760501,0,imagenet_c,defocus_blur,1,none
efficientnet_b4,ILSVRC2012_val_00030021.JPEG,n09472597,980,980,0.12859322,1,imagenet_c,defocus_blur,1,none
efficientnet_b4,ILSVRC2012_val_00030202.JPEG,n09472597,980,980,0.6517067,1,imagenet_c,defocus_blur,1,none
efficientnet_b4,ILSVRC2012_val_00030382.JPEG,n09472597,980,980,0.7615683,1,imagenet_c,defocus_blur,1,none
efficientnet_b4,ILSVRC2012_val_00031246.JPEG,n09472597,980,975,0.057375938,0,imagenet_c,defocus_blur,1,none
efficientnet_b4,ILSVRC2012_val_00031323.JPEG,n09472597,980,442,0.09655638,0,imagenet_c,defocus_blur,1,none
efficientnet_b4,ILSVRC2012_val_00032361.JPEG,n09472597,980,980,0.36122882,1,imagenet_c,defocus_blur,1,none
efficientnet_b4,ILSVRC2012_val_00033313.JPEG,n09472597,980,980,0.6380014,1,imagenet_c,defocus_blur,1,none
efficientnet_b4,ILSVRC2012_val_00033527.JPEG,n09472597,980,977,0.1649707,0,imagenet_c,defocus_blur,1,none
efficientnet_b4,ILSVRC2012_val_00034348.JPEG,n09472597,980,980,0.47275802,1,imagenet_c,defocus_blur,1,none
efficientnet_b4,ILSVRC2012_val_00034472.JPEG,n09472597,980,980,0.7388706,1,imagenet_c,defocus_blur,1,none
efficientnet_b4,ILSVRC2012_val_00035075.JPEG,n09472597,980,980,0.06567816,1,imagenet_c,defocus_blur,1,none
efficientnet_b4,ILSVRC2012_val_00036034.JPEG,n09472597,980,475,0.30108735,0,imagenet_c,defocus_blur,1,none
efficientnet_b4,ILSVRC2012_val_00036278.JPEG,n09472597,980,980,0.1623165,1,imagenet_c,defocus_blur,1,none
efficientnet_b4,ILSVRC2012_val_00036419.JPEG,n09472597,980,980,0.17374697,1,imagenet_c,defocus_blur,1,none
efficientnet_b4,ILSVRC2012_val_00036733.JPEG,n09472597,980,970,0.16929702,0,imagenet_c,defocus_blur,1,none
efficientnet_b4,ILSVRC2012_val_00037497.JPEG,n09472597,980,980,0.1754975,1,imagenet_c,defocus_blur,1,none
efficientnet_b4,ILSVRC2012_val_00037959.JPEG,n09472597,980,980,0.80205727,1,imagenet_c,defocus_blur,1,none
efficientnet_b4,ILSVRC2012_val_00038462.JPEG,n09472597,980,351,0.03702836,0,imagenet_c,defocus_blur,1,none
efficientnet_b4,ILSVRC2012_val_00038541.JPEG,n09472597,980,980,0.5574949,1,imagenet_c,defocus_blur,1,none
efficientnet_b4,ILSVRC2012_val_00039263.JPEG,n09472597,980,908,0.05773026,0,imagenet_c,defocus_blur,1,none
efficientnet_b4,ILSVRC2012_val_00039611.JPEG,n09472597,980,975,0.8781801,0,imagenet_c,defocus_blur,1,none
efficientnet_b4,ILSVRC2012_val_00039999.JPEG,n09472597,980,980,0.29975292,1,imagenet_c,defocus_blur,1,none
efficientnet_b4,ILSVRC2012_val_00040299.JPEG,n09472597,980,980,0.28899592,1,imagenet_c,defocus_blur,1,none
efficientnet_b4,ILSVRC2012_val_00042446.JPEG,n09472597,980,980,0.4794481,1,imagenet_c,defocus_blur,1,none
efficientnet_b4,ILSVRC2012_val_00044072.JPEG,n09472597,980,980,0.01686235,1,imagenet_c,defocus_blur,1,none
efficientnet_b4,ILSVRC2012_val_00045671.JPEG,n09472597,980,980,0.5883206,1,imagenet_c,defocus_blur,1,none
efficientnet_b4,ILSVRC2012_val_00046275.JPEG,n09472597,980,9,0.04338692,0,imagenet_c,defocus_blur,1,none
efficientnet_b4,ILSVRC2012_val_00046697.JPEG,n09472597,980,980,0.5057446,1,imagenet_c,defocus_blur,1,none
efficientnet_b4,ILSVRC2012_val_00048040.JPEG,n09472597,980,980,0.4694808,1,imagenet_c,defocus_blur,1,none
efficientnet_b4,ILSVRC2012_val_00000034.JPEG,n09835506,981,747,0.06625565,0,imagenet_c,defocus_blur,1,none
efficientnet_b4,ILSVRC2012_val_00002109.JPEG,n09835506,981,890,0.08882521,0,imagenet_c,defocus_blur,1,none
efficientnet_b4,ILSVRC2012_val_00002254.JPEG,n09835506,981,671,0.16802861,0,imagenet_c,defocus_blur,1,none
efficientnet_b4,ILSVRC2012_val_00002289.JPEG,n09835506,981,429,0.40736565,0,imagenet_c,defocus_blur,1,none
efficientnet_b4,ILSVRC2012_val_00002751.JPEG,n09835506,981,981,0.48955053,1,imagenet_c,defocus_blur,1,none
efficientnet_b4,ILSVRC2012_val_00003489.JPEG,n09835506,981,981,0.34975514,1,imagenet_c,defocus_blur,1,none
efficientnet_b4,ILSVRC2012_val_00004760.JPEG,n09835506,981,981,0.34542888,1,imagenet_c,defocus_blur,1,none
efficientnet_b4,ILSVRC2012_val_00005037.JPEG,n09835506,981,981,0.5493118,1,imagenet_c,defocus_blur,1,none
efficientnet_b4,ILSVRC2012_val_00006476.JPEG,n09835506,981,981,0.58443093,1,imagenet_c,defocus_blur,1,none
efficientnet_b4,ILSVRC2012_val_00007596.JPEG,n09835506,981,981,0.67959243,1,imagenet_c,defocus_blur,1,none
efficientnet_b4,ILSVRC2012_val_00008099.JPEG,n09835506,981,981,0.55675095,1,imagenet_c,defocus_blur,1,none
efficientnet_b4,ILSVRC2012_val_00013594.JPEG,n09835506,981,981,0.5073289,1,imagenet_c,defocus_blur,1,none
efficientnet_b4,ILSVRC2012_val_00014689.JPEG,n09835506,981,862,0.41279146,0,imagenet_c,defocus_blur,1,none
efficientnet_b4,ILSVRC2012_val_00016865.JPEG,n09835506,981,981,0.14762543,1,imagenet_c,defocus_blur,1,none
efficientnet_b4,ILSVRC2012_val_00018226.JPEG,n09835506,981,981,0.42399564,1,imagenet_c,defocus_blur,1,none
efficientnet_b4,ILSVRC2012_val_00018432.JPEG,n09835506,981,981,0.49089992,1,imagenet_c,defocus_blur,1,none
efficientnet_b4,ILSVRC2012_val_00018507.JPEG,n09835506,981,981,0.64349526,1,imagenet_c,defocus_blur,1,none
efficientnet_b4,ILSVRC2012_val_00019854.JPEG,n09835506,981,981,0.30032396,1,imagenet_c,defocus_blur,1,none
efficientnet_b4,ILSVRC2012_val_00020051.JPEG,n09835506,981,981,0.35091424,1,imagenet_c,defocus_blur,1,none
efficientnet_b4,ILSVRC2012_val_00020199.JPEG,n09835506,981,981,0.5094053,1,imagenet_c,defocus_blur,1,none
efficientnet_b4,ILSVRC2012_val_00020719.JPEG,n09835506,981,981,0.6615896,1,imagenet_c,defocus_blur,1,none
efficientnet_b4,ILSVRC2012_val_00020780.JPEG,n09835506,981,981,0.38068187,1,imagenet_c,defocus_blur,1,none
efficientnet_b4,ILSVRC2012_val_00022153.JPEG,n09835506,981,522,0.23070002,0,imagenet_c,defocus_blur,1,none
efficientnet_b4,ILSVRC2012_val_00022559.JPEG,n09835506,981,429,0.4111875,0,imagenet_c,defocus_blur,1,none
efficientnet_b4,ILSVRC2012_val_00024079.JPEG,n09835506,981,981,0.4460943,1,imagenet_c,defocus_blur,1,none
efficientnet_b4,ILSVRC2012_val_00024872.JPEG,n09835506,981,981,0.33191055,1,imagenet_c,defocus_blur,1,none
efficientnet_b4,ILSVRC2012_val_00025002.JPEG,n09835506,981,981,0.4195067,1,imagenet_c,defocus_blur,1,none
efficientnet_b4,ILSVRC2012_val_00026142.JPEG,n09835506,981,981,0.4708993,1,imagenet_c,defocus_blur,1,none
efficientnet_b4,ILSVRC2012_val_00026408.JPEG,n09835506,981,981,0.4758653,1,imagenet_c,defocus_blur,1,none
efficientnet_b4,ILSVRC2012_val_00027412.JPEG,n09835506,981,981,0.44941655,1,imagenet_c,defocus_blur,1,none
efficientnet_b4,ILSVRC2012_val_00027923.JPEG,n09835506,981,981,0.34158805,1,imagenet_c,defocus_blur,1,none
efficientnet_b4,ILSVRC2012_val_00029003.JPEG,n09835506,981,981,0.53091437,1,imagenet_c,defocus_blur,1,none
efficientnet_b4,ILSVRC2012_val_00032087.JPEG,n09835506,981,429,0.2506939,0,imagenet_c,defocus_blur,1,none
efficientnet_b4,ILSVRC2012_val_00032275.JPEG,n09835506,981,981,0.5785812,1,imagenet_c,defocus_blur,1,none
efficientnet_b4,ILSVRC2012_val_00034317.JPEG,n09835506,981,981,0.20537148,1,imagenet_c,defocus_blur,1,none
efficientnet_b4,ILSVRC2012_val_00034949.JPEG,n09835506,981,981,0.29595423,1,imagenet_c,defocus_blur,1,none
efficientnet_b4,ILSVRC2012_val_00035666.JPEG,n09835506,981,652,0.07969843,0,imagenet_c,defocus_blur,1,none
efficientnet_b4,ILSVRC2012_val_00036209.JPEG,n09835506,981,781,0.36104155,0,imagenet_c,defocus_blur,1,none
efficientnet_b4,ILSVRC2012_val_00036213.JPEG,n09835506,981,981,0.43356818,1,imagenet_c,defocus_blur,1,none
efficientnet_b4,ILSVRC2012_val_00037286.JPEG,n09835506,981,981,0.3697971,1,imagenet_c,defocus_blur,1,none
efficientnet_b4,ILSVRC2012_val_00037495.JPEG,n09835506,981,429,0.409683,0,imagenet_c,defocus_blur,1,none
efficientnet_b4,ILSVRC2012_val_00038424.JPEG,n09835506,981,981,0.45473632,1,imagenet_c,defocus_blur,1,none
efficientnet_b4,ILSVRC2012_val_00039644.JPEG,n09835506,981,981,0.4692913,1,imagenet_c,defocus_blur,1,none
efficientnet_b4,ILSVRC2012_val_00039824.JPEG,n09835506,981,981,0.2624852,1,imagenet_c,defocus_blur,1,none
efficientnet_b4,ILSVRC2012_val_00043086.JPEG,n09835506,981,981,0.29037198,1,imagenet_c,defocus_blur,1,none
efficientnet_b4,ILSVRC2012_val_00043690.JPEG,n09835506,981,416,0.20077808,0,imagenet_c,defocus_blur,1,none
efficientnet_b4,ILSVRC2012_val_00045226.JPEG,n09835506,981,981,0.5826994,1,imagenet_c,defocus_blur,1,none
efficientnet_b4,ILSVRC2012_val_00046451.JPEG,n09835506,981,981,0.39599445,1,imagenet_c,defocus_blur,1,none
efficientnet_b4,ILSVRC2012_val_00047413.JPEG,n09835506,981,981,0.5701461,1,imagenet_c,defocus_blur,1,none
efficientnet_b4,ILSVRC2012_val_00048736.JPEG,n09835506,981,560,0.2114398,0,imagenet_c,defocus_blur,1,none
efficientnet_b4,ILSVRC2012_val_00000341.JPEG,n10148035,982,982,0.07724883,1,imagenet_c,defocus_blur,1,none
efficientnet_b4,ILSVRC2012_val_00000509.JPEG,n10148035,982,576,0.5005018,0,imagenet_c,defocus_blur,1,none
efficientnet_b4,ILSVRC2012_val_00001410.JPEG,n10148035,982,884,0.14967878,0,imagenet_c,defocus_blur,1,none
efficientnet_b4,ILSVRC2012_val_00002235.JPEG,n10148035,982,522,0.09481874,0,imagenet_c,defocus_blur,1,none
efficientnet_b4,ILSVRC2012_val_00002950.JPEG,n10148035,982,498,0.031097928,0,imagenet_c,defocus_blur,1,none
efficientnet_b4,ILSVRC2012_val_00003405.JPEG,n10148035,982,982,0.15943043,1,imagenet_c,defocus_blur,1,none
efficientnet_b4,ILSVRC2012_val_00005113.JPEG,n10148035,982,982,0.05394106,1,imagenet_c,defocus_blur,1,none
efficientnet_b4,ILSVRC2012_val_00005270.JPEG,n10148035,982,722,0.037983865,0,imagenet_c,defocus_blur,1,none
efficientnet_b4,ILSVRC2012_val_00006006.JPEG,n10148035,982,982,0.63952404,1,imagenet_c,defocus_blur,1,none
efficientnet_b4,ILSVRC2012_val_00006461.JPEG,n10148035,982,982,0.1454726,1,imagenet_c,defocus_blur,1,none
efficientnet_b4,ILSVRC2012_val_00006641.JPEG,n10148035,982,416,0.1917645,0,imagenet_c,defocus_blur,1,none
efficientnet_b4,ILSVRC2012_val_00006681.JPEG,n10148035,982,906,0.025581358,0,imagenet_c,defocus_blur,1,none
efficientnet_b4,ILSVRC2012_val_00007333.JPEG,n10148035,982,645,0.09568963,0,imagenet_c,defocus_blur,1,none
efficientnet_b4,ILSVRC2012_val_00009603.JPEG,n10148035,982,439,0.056002405,0,imagenet_c,defocus_blur,1,none
efficientnet_b4,ILSVRC2012_val_00010485.JPEG,n10148035,982,978,0.23431028,0,imagenet_c,defocus_blur,1,none
efficientnet_b4,ILSVRC2012_val_00010947.JPEG,n10148035,982,660,0.119002335,0,imagenet_c,defocus_blur,1,none
efficientnet_b4,ILSVRC2012_val_00011319.JPEG,n10148035,982,982,0.56760854,1,imagenet_c,defocus_blur,1,none
efficientnet_b4,ILSVRC2012_val_00011980.JPEG,n10148035,982,982,0.11409129,1,imagenet_c,defocus_blur,1,none
efficientnet_b4,ILSVRC2012_val_00012012.JPEG,n10148035,982,822,0.20509155,0,imagenet_c,defocus_blur,1,none
efficientnet_b4,ILSVRC2012_val_00013819.JPEG,n10148035,982,982,0.59158987,1,imagenet_c,defocus_blur,1,none
efficientnet_b4,ILSVRC2012_val_00014091.JPEG,n10148035,982,982,0.39691046,1,imagenet_c,defocus_blur,1,none
efficientnet_b4,ILSVRC2012_val_00014714.JPEG,n10148035,982,982,0.71963847,1,imagenet_c,defocus_blur,1,none
efficientnet_b4,ILSVRC2012_val_00015332.JPEG,n10148035,982,982,0.5816601,1,imagenet_c,defocus_blur,1,none
efficientnet_b4,ILSVRC2012_val_00016848.JPEG,n10148035,982,982,0.8162741,1,imagenet_c,defocus_blur,1,none
efficientnet_b4,ILSVRC2012_val_00018293.JPEG,n10148035,982,854,0.13242199,0,imagenet_c,defocus_blur,1,none
efficientnet_b4,ILSVRC2012_val_00018808.JPEG,n10148035,982,0,0.09683492,0,imagenet_c,defocus_blur,1,none
efficientnet_b4,ILSVRC2012_val_00019192.JPEG,n10148035,982,865,0.060380112,0,imagenet_c,defocus_blur,1,none
efficientnet_b4,ILSVRC2012_val_00020709.JPEG,n10148035,982,450,0.060542047,0,imagenet_c,defocus_blur,1,none
efficientnet_b4,ILSVRC2012_val_00020846.JPEG,n10148035,982,982,0.16989318,1,imagenet_c,defocus_blur,1,none
efficientnet_b4,ILSVRC2012_val_00022168.JPEG,n10148035,982,728,0.4236505,0,imagenet_c,defocus_blur,1,none
efficientnet_b4,ILSVRC2012_val_00022980.JPEG,n10148035,982,475,0.31529418,0,imagenet_c,defocus_blur,1,none
efficientnet_b4,ILSVRC2012_val_00026839.JPEG,n10148035,982,793,0.3004383,0,imagenet_c,defocus_blur,1,none
efficientnet_b4,ILSVRC2012_val_00027321.JPEG,n10148035,982,982,0.3925696,1,imagenet_c,defocus_blur,1,none
efficientnet_b4,ILSVRC2012_val_00028904.JPEG,n10148035,982,529,0.04464556,0,imagenet_c,defocus_blur,1,none
efficientnet_b4,ILSVRC2012_val_00029882.JPEG,n10148035,982,703,0.29074296,0,imagenet_c,defocus_blur,1,none
efficientnet_b4,ILSVRC2012_val_00030424.JPEG,n10148035,982,982,0.13765508,1,imagenet_c,defocus_blur,1,none
efficientnet_b4,ILSVRC2012_val_00030582.JPEG,n10148035,982,501,0.16838668,0,imagenet_c,defocus_blur,1,none
efficientnet_b4,ILSVRC2012_val_00031852.JPEG,n10148035,982,747,0.054258026,0,imagenet_c,defocus_blur,1,none
efficientnet_b4,ILSVRC2012_val_00032577.JPEG,n10148035,982,982,0.12126591,1,imagenet_c,defocus_blur,1,none
efficientnet_b4,ILSVRC2012_val_00035556.JPEG,n10148035,982,684,0.16514918,0,imagenet_c,defocus_blur,1,none
efficientnet_b4,ILSVRC2012_val_00035759.JPEG,n10148035,982,678,0.33796015,0,imagenet_c,defocus_blur,1,none
efficientnet_b4,ILSVRC2012_val_00036954.JPEG,n10148035,982,982,0.5898806,1,imagenet_c,defocus_blur,1,none
efficientnet_b4,ILSVRC2012_val_00039334.JPEG,n10148035,982,982,0.39093646,1,imagenet_c,defocus_blur,1,none
efficientnet_b4,ILSVRC2012_val_00041226.JPEG,n10148035,982,982,0.39348966,1,imagenet_c,defocus_blur,1,none
efficientnet_b4,ILSVRC2012_val_00041949.JPEG,n10148035,982,743,0.039026428,0,imagenet_c,defocus_blur,1,none
efficientnet_b4,ILSVRC2012_val_00042466.JPEG,n10148035,982,982,0.55157954,1,imagenet_c,defocus_blur,1,none
efficientnet_b4,ILSVRC2012_val_00043162.JPEG,n10148035,982,982,0.6206269,1,imagenet_c,defocus_blur,1,none
efficientnet_b4,ILSVRC2012_val_00046796.JPEG,n10148035,982,834,0.2355624,0,imagenet_c,defocus_blur,1,none
efficientnet_b4,ILSVRC2012_val_00047481.JPEG,n10148035,982,982,0.40366587,1,imagenet_c,defocus_blur,1,none
efficientnet_b4,ILSVRC2012_val_00049999.JPEG,n10148035,982,982,0.51731277,1,imagenet_c,defocus_blur,1,none
efficientnet_b4,ILSVRC2012_val_00000255.JPEG,n10565667,983,851,0.1901122,0,imagenet_c,defocus_blur,1,none
efficientnet_b4,ILSVRC2012_val_00000529.JPEG,n10565667,983,983,0.24966821,1,imagenet_c,defocus_blur,1,none
efficientnet_b4,ILSVRC2012_val_00003811.JPEG,n10565667,983,983,0.47021335,1,imagenet_c,defocus_blur,1,none
efficientnet_b4,ILSVRC2012_val_00004546.JPEG,n10565667,983,983,0.2273367,1,imagenet_c,defocus_blur,1,none
efficientnet_b4,ILSVRC2012_val_00005914.JPEG,n10565667,983,983,0.55150723,1,imagenet_c,defocus_blur,1,none
efficientnet_b4,ILSVRC2012_val_00011208.JPEG,n10565667,983,715,0.06952065,0,imagenet_c,defocus_blur,1,none
efficientnet_b4,ILSVRC2012_val_00013619.JPEG,n10565667,983,983,0.17370403,1,imagenet_c,defocus_blur,1,none
efficientnet_b4,ILSVRC2012_val_00013652.JPEG,n10565667,983,983,0.25179178,1,imagenet_c,defocus_blur,1,none
efficientnet_b4,ILSVRC2012_val_00015336.JPEG,n10565667,983,983,0.36185166,1,imagenet_c,defocus_blur,1,none
efficientnet_b4,ILSVRC2012_val_00015572.JPEG,n10565667,983,983,0.49563837,1,imagenet_c,defocus_blur,1,none
efficientnet_b4,ILSVRC2012_val_00016884.JPEG,n10565667,983,103,0.16743863,0,imagenet_c,defocus_blur,1,none
efficientnet_b4,ILSVRC2012_val_00017322.JPEG,n10565667,983,983,0.5369411,1,imagenet_c,defocus_blur,1,none
efficientnet_b4,ILSVRC2012_val_00017491.JPEG,n10565667,983,691,0.33017898,0,imagenet_c,defocus_blur,1,none
efficientnet_b4,ILSVRC2012_val_00017929.JPEG,n10565667,983,801,0.15554434,0,imagenet_c,defocus_blur,1,none
efficientnet_b4,ILSVRC2012_val_00019114.JPEG,n10565667,983,983,0.26521236,1,imagenet_c,defocus_blur,1,none
efficientnet_b4,ILSVRC2012_val_00020135.JPEG,n10565667,983,801,0.21778727,0,imagenet_c,defocus_blur,1,none
efficientnet_b4,ILSVRC2012_val_00020452.JPEG,n10565667,983,570,0.12886749,0,imagenet_c,defocus_blur,1,none
efficientnet_b4,ILSVRC2012_val_00020796.JPEG,n10565667,983,983,0.20994475,1,imagenet_c,defocus_blur,1,none
efficientnet_b4,ILSVRC2012_val_00020849.JPEG,n10565667,983,983,0.38971666,1,imagenet_c,defocus_blur,1,none
efficientnet_b4,ILSVRC2012_val_00021407.JPEG,n10565667,983,4,0.09917937,0,imagenet_c,defocus_blur,1,none
efficientnet_b4,ILSVRC2012_val_00022183.JPEG,n10565667,983,149,0.094640926,0,imagenet_c,defocus_blur,1,none
efficientnet_b4,ILSVRC2012_val_00022622.JPEG,n10565667,983,147,0.15340166,0,imagenet_c,defocus_blur,1,none
efficientnet_b4,ILSVRC2012_val_00025234.JPEG,n10565667,983,983,0.28746733,1,imagenet_c,defocus_blur,1,none
efficientnet_b4,ILSVRC2012_val_00025967.JPEG,n10565667,983,973,0.05029519,0,imagenet_c,defocus_blur,1,none
efficientnet_b4,ILSVRC2012_val_00026867.JPEG,n10565667,983,983,0.59830266,1,imagenet_c,defocus_blur,1,none
efficientnet_b4,ILSVRC2012_val_00027410.JPEG,n10565667,983,983,0.5288046,1,imagenet_c,defocus_blur,1,none
efficientnet_b4,ILSVRC2012_val_00027675.JPEG,n10565667,983,983,0.40944582,1,imagenet_c,defocus_blur,1,none
efficientnet_b4,ILSVRC2012_val_00027740.JPEG,n10565667,983,33,0.33017188,0,imagenet_c,defocus_blur,1,none
efficientnet_b4,ILSVRC2012_val_00028903.JPEG,n10565667,983,983,0.099187165,1,imagenet_c,defocus_blur,1,none
efficientnet_b4,ILSVRC2012_val_00033855.JPEG,n10565667,983,983,0.55925745,1,imagenet_c,defocus_blur,1,none
efficientnet_b4,ILSVRC2012_val_00036689.JPEG,n10565667,983,983,0.4965267,1,imagenet_c,defocus_blur,1,none
efficientnet_b4,ILSVRC2012_val_00037541.JPEG,n10565667,983,983,0.47783905,1,imagenet_c,defocus_blur,1,none
efficientnet_b4,ILSVRC2012_val_00037561.JPEG,n10565667,983,983,0.51612294,1,imagenet_c,defocus_blur,1,none
efficientnet_b4,ILSVRC2012_val_00038871.JPEG,n10565667,983,983,0.20308164,1,imagenet_c,defocus_blur,1,none
efficientnet_b4,ILSVRC2012_val_00038909.JPEG,n10565667,983,983,0.49870303,1,imagenet_c,defocus_blur,1,none
efficientnet_b4,ILSVRC2012_val_00039388.JPEG,n10565667,983,801,0.4135312,0,imagenet_c,defocus_blur,1,none
efficientnet_b4,ILSVRC2012_val_00040033.JPEG,n10565667,983,983,0.3054839,1,imagenet_c,defocus_blur,1,none
efficientnet_b4,ILSVRC2012_val_00041020.JPEG,n10565667,983,983,0.23965332,1,imagenet_c,defocus_blur,1,none
efficientnet_b4,ILSVRC2012_val_00041218.JPEG,n10565667,983,983,0.26773697,1,imagenet_c,defocus_blur,1,none
efficientnet_b4,ILSVRC2012_val_00042288.JPEG,n10565667,983,983,0.15682912,1,imagenet_c,defocus_blur,1,none
efficientnet_b4,ILSVRC2012_val_00042444.JPEG,n10565667,983,983,0.53816825,1,imagenet_c,defocus_blur,1,none
efficientnet_b4,ILSVRC2012_val_00042874.JPEG,n10565667,983,983,0.122171015,1,imagenet_c,defocus_blur,1,none
efficientnet_b4,ILSVRC2012_val_00042949.JPEG,n10565667,983,983,0.27173367,1,imagenet_c,defocus_blur,1,none
efficientnet_b4,ILSVRC2012_val_00043031.JPEG,n10565667,983,983,0.39513564,1,imagenet_c,defocus_blur,1,none
efficientnet_b4,ILSVRC2012_val_00046317.JPEG,n10565667,983,983,0.5013679,1,imagenet_c,defocus_blur,1,none
efficientnet_b4,ILSVRC2012_val_00046799.JPEG,n10565667,983,983,0.28401253,1,imagenet_c,defocus_blur,1,none
efficientnet_b4,ILSVRC2012_val_00047304.JPEG,n10565667,983,983,0.36473572,1,imagenet_c,defocus_blur,1,none
efficientnet_b4,ILSVRC2012_val_00048635.JPEG,n10565667,983,983,0.22350515,1,imagenet_c,defocus_blur,1,none
efficientnet_b4,ILSVRC2012_val_00048689.JPEG,n10565667,983,983,0.23930536,1,imagenet_c,defocus_blur,1,none
efficientnet_b4,ILSVRC2012_val_00049626.JPEG,n10565667,983,983,0.66887444,1,imagenet_c,defocus_blur,1,none
efficientnet_b4,ILSVRC2012_val_00000216.JPEG,n11879895,984,984,0.6964692,1,imagenet_c,defocus_blur,1,none
efficientnet_b4,ILSVRC2012_val_00002321.JPEG,n11879895,984,984,0.73632,1,imagenet_c,defocus_blur,1,none
efficientnet_b4,ILSVRC2012_val_00003137.JPEG,n11879895,984,984,0.3957718,1,imagenet_c,defocus_blur,1,none
efficientnet_b4,ILSVRC2012_val_00003367.JPEG,n11879895,984,510,0.81195146,0,imagenet_c,defocus_blur,1,none
efficientnet_b4,ILSVRC2012_val_00003563.JPEG,n11879895,984,984,0.71785396,1,imagenet_c,defocus_blur,1,none
efficientnet_b4,ILSVRC2012_val_00004688.JPEG,n11879895,984,984,0.65729487,1,imagenet_c,defocus_blur,1,none
efficientnet_b4,ILSVRC2012_val_00007332.JPEG,n11879895,984,984,0.6732634,1,imagenet_c,defocus_blur,1,none
efficientnet_b4,ILSVRC2012_val_00007447.JPEG,n11879895,984,984,0.35907227,1,imagenet_c,defocus_blur,1,none
efficientnet_b4,ILSVRC2012_val_00009263.JPEG,n11879895,984,984,0.662606,1,imagenet_c,defocus_blur,1,none
efficientnet_b4,ILSVRC2012_val_00009747.JPEG,n11879895,984,984,0.5916185,1,imagenet_c,defocus_blur,1,none
efficientnet_b4,ILSVRC2012_val_00010026.JPEG,n11879895,984,984,0.6004673,1,imagenet_c,defocus_blur,1,none
efficientnet_b4,ILSVRC2012_val_00010246.JPEG,n11879895,984,984,0.73250055,1,imagenet_c,defocus_blur,1,none
efficientnet_b4,ILSVRC2012_val_00010754.JPEG,n11879895,984,984,0.7074438,1,imagenet_c,defocus_blur,1,none
efficientnet_b4,ILSVRC2012_val_00010964.JPEG,n11879895,984,984,0.6827357,1,imagenet_c,defocus_blur,1,none
efficientnet_b4,ILSVRC2012_val_00011338.JPEG,n11879895,984,984,0.6978275,1,imagenet_c,defocus_blur,1,none
efficientnet_b4,ILSVRC2012_val_00012198.JPEG,n11879895,984,985,0.1004677,0,imagenet_c,defocus_blur,1,none
efficientnet_b4,ILSVRC2012_val_00012320.JPEG,n11879895,984,984,0.77946097,1,imagenet_c,defocus_blur,1,none
efficientnet_b4,ILSVRC2012_val_00012456.JPEG,n11879895,984,984,0.6097241,1,imagenet_c,defocus_blur,1,none
efficientnet_b4,ILSVRC2012_val_00012758.JPEG,n11879895,984,984,0.73253155,1,imagenet_c,defocus_blur,1,none
efficientnet_b4,ILSVRC2012_val_00014299.JPEG,n11879895,984,984,0.7271571,1,imagenet_c,defocus_blur,1,none
efficientnet_b4,ILSVRC2012_val_00015891.JPEG,n11879895,984,984,0.6197824,1,imagenet_c,defocus_blur,1,none
efficientnet_b4,ILSVRC2012_val_00019304.JPEG,n11879895,984,984,0.75478107,1,imagenet_c,defocus_blur,1,none
efficientnet_b4,ILSVRC2012_val_00020619.JPEG,n11879895,984,984,0.6411142,1,imagenet_c,defocus_blur,1,none
efficientnet_b4,ILSVRC2012_val_00021912.JPEG,n11879895,984,984,0.6467054,1,imagenet_c,defocus_blur,1,none
efficientnet_b4,ILSVRC2012_val_00022415.JPEG,n11879895,984,984,0.70244473,1,imagenet_c,defocus_blur,1,none
efficientnet_b4,ILSVRC2012_val_00028652.JPEG,n11879895,984,984,0.70495695,1,imagenet_c,defocus_blur,1,none
efficientnet_b4,ILSVRC2012_val_00029042.JPEG,n11879895,984,984,0.68680805,1,imagenet_c,defocus_blur,1,none
efficientnet_b4,ILSVRC2012_val_00029285.JPEG,n11879895,984,984,0.7189313,1,imagenet_c,defocus_blur,1,none
efficientnet_b4,ILSVRC2012_val_00029577.JPEG,n11879895,984,984,0.68893456,1,imagenet_c,defocus_blur,1,none
efficientnet_b4,ILSVRC2012_val_00029679.JPEG,n11879895,984,984,0.719419,1,imagenet_c,defocus_blur,1,none
efficientnet_b4,ILSVRC2012_val_00030171.JPEG,n11879895,984,984,0.6920495,1,imagenet_c,defocus_blur,1,none
efficientnet_b4,ILSVRC2012_val_00030186.JPEG,n11879895,984,984,0.6752062,1,imagenet_c,defocus_blur,1,none
efficientnet_b4,ILSVRC2012_val_00031401.JPEG,n11879895,984,984,0.73691314,1,imagenet_c,defocus_blur,1,none
efficientnet_b4,ILSVRC2012_val_00031639.JPEG,n11879895,984,14,0.03743433,0,imagenet_c,defocus_blur,1,none
efficientnet_b4,ILSVRC2012_val_00032270.JPEG,n11879895,984,984,0.6682286,1,imagenet_c,defocus_blur,1,none
efficientnet_b4,ILSVRC2012_val_00035832.JPEG,n11879895,984,984,0.7414054,1,imagenet_c,defocus_blur,1,none
efficientnet_b4,ILSVRC2012_val_00036223.JPEG,n11879895,984,984,0.65725905,1,imagenet_c,defocus_blur,1,none
efficientnet_b4,ILSVRC2012_val_00036366.JPEG,n11879895,984,984,0.63591754,1,imagenet_c,defocus_blur,1,none
efficientnet_b4,ILSVRC2012_val_00037274.JPEG,n11879895,984,984,0.7293341,1,imagenet_c,defocus_blur,1,none
efficientnet_b4,ILSVRC2012_val_00039118.JPEG,n11879895,984,984,0.7185425,1,imagenet_c,defocus_blur,1,none
efficientnet_b4,ILSVRC2012_val_00039284.JPEG,n11879895,984,984,0.6704002,1,imagenet_c,defocus_blur,1,none
efficientnet_b4,ILSVRC2012_val_00040363.JPEG,n11879895,984,984,0.7184279,1,imagenet_c,defocus_blur,1,none
efficientnet_b4,ILSVRC2012_val_00041492.JPEG,n11879895,984,984,0.66347414,1,imagenet_c,defocus_blur,1,none
efficientnet_b4,ILSVRC2012_val_00042711.JPEG,n11879895,984,984,0.7743506,1,imagenet_c,defocus_blur,1,none
efficientnet_b4,ILSVRC2012_val_00043005.JPEG,n11879895,984,984,0.63084936,1,imagenet_c,defocus_blur,1,none
efficientnet_b4,ILSVRC2012_val_00044013.JPEG,n11879895,984,984,0.2539142,1,imagenet_c,defocus_blur,1,none
efficientnet_b4,ILSVRC2012_val_00044060.JPEG,n11879895,984,574,0.03992832,0,imagenet_c,defocus_blur,1,none
efficientnet_b4,ILSVRC2012_val_00044289.JPEG,n11879895,984,984,0.7166196,1,imagenet_c,defocus_blur,1,none
efficientnet_b4,ILSVRC2012_val_00044663.JPEG,n11879895,984,984,0.7608391,1,imagenet_c,defocus_blur,1,none
efficientnet_b4,ILSVRC2012_val_00048798.JPEG,n11879895,984,984,0.71300197,1,imagenet_c,defocus_blur,1,none
efficientnet_b4,ILSVRC2012_val_00004514.JPEG,n11939491,985,985,0.6353058,1,imagenet_c,defocus_blur,1,none
efficientnet_b4,ILSVRC2012_val_00004920.JPEG,n11939491,985,985,0.53630424,1,imagenet_c,defocus_blur,1,none
efficientnet_b4,ILSVRC2012_val_00005069.JPEG,n11939491,985,985,0.18983527,1,imagenet_c,defocus_blur,1,none
efficientnet_b4,ILSVRC2012_val_00006984.JPEG,n11939491,985,985,0.622906,1,imagenet_c,defocus_blur,1,none
efficientnet_b4,ILSVRC2012_val_00008445.JPEG,n11939491,985,985,0.63581026,1,imagenet_c,defocus_blur,1,none
efficientnet_b4,ILSVRC2012_val_00008962.JPEG,n11939491,985,985,0.54393005,1,imagenet_c,defocus_blur,1,none
efficientnet_b4,ILSVRC2012_val_00009188.JPEG,n11939491,985,985,0.63239,1,imagenet_c,defocus_blur,1,none
efficientnet_b4,ILSVRC2012_val_00010097.JPEG,n11939491,985,985,0.5652386,1,imagenet_c,defocus_blur,1,none
efficientnet_b4,ILSVRC2012_val_00010143.JPEG,n11939491,985,985,0.5664077,1,imagenet_c,defocus_blur,1,none
efficientnet_b4,ILSVRC2012_val_00012632.JPEG,n11939491,985,985,0.47208545,1,imagenet_c,defocus_blur,1,none
efficientnet_b4,ILSVRC2012_val_00013146.JPEG,n11939491,985,985,0.6669155,1,imagenet_c,defocus_blur,1,none
efficientnet_b4,ILSVRC2012_val_00013936.JPEG,n11939491,985,985,0.690306,1,imagenet_c,defocus_blur,1,none
efficientnet_b4,ILSVRC2012_val_00016763.JPEG,n11939491,985,985,0.65173125,1,imagenet_c,defocus_blur,1,none
efficientnet_b4,ILSVRC2012_val_00018189.JPEG,n11939491,985,985,0.26206082,1,imagenet_c,defocus_blur,1,none
efficientnet_b4,ILSVRC2012_val_00018864.JPEG,n11939491,985,985,0.5831826,1,imagenet_c,defocus_blur,1,none
efficientnet_b4,ILSVRC2012_val_00019320.JPEG,n11939491,985,985,0.66225994,1,imagenet_c,defocus_blur,1,none
efficientnet_b4,ILSVRC2012_val_00020005.JPEG,n11939491,985,985,0.6381834,1,imagenet_c,defocus_blur,1,none
efficientnet_b4,ILSVRC2012_val_00021727.JPEG,n11939491,985,973,0.06675968,0,imagenet_c,defocus_blur,1,none
efficientnet_b4,ILSVRC2012_val_00022139.JPEG,n11939491,985,985,0.6646313,1,imagenet_c,defocus_blur,1,none
efficientnet_b4,ILSVRC2012_val_00023821.JPEG,n11939491,985,985,0.5935919,1,imagenet_c,defocus_blur,1,none
efficientnet_b4,ILSVRC2012_val_00027530.JPEG,n11939491,985,985,0.71155405,1,imagenet_c,defocus_blur,1,none
efficientnet_b4,ILSVRC2012_val_00028956.JPEG,n11939491,985,985,0.63392395,1,imagenet_c,defocus_blur,1,none
efficientnet_b4,ILSVRC2012_val_00030569.JPEG,n11939491,985,985,0.47056764,1,imagenet_c,defocus_blur,1,none
efficientnet_b4,ILSVRC2012_val_00030744.JPEG,n11939491,985,985,0.2655662,1,imagenet_c,defocus_blur,1,none
efficientnet_b4,ILSVRC2012_val_00031636.JPEG,n11939491,985,985,0.492364,1,imagenet_c,defocus_blur,1,none
efficientnet_b4,ILSVRC2012_val_00032089.JPEG,n11939491,985,985,0.53109676,1,imagenet_c,defocus_blur,1,none
efficientnet_b4,ILSVRC2012_val_00033791.JPEG,n11939491,985,985,0.54601765,1,imagenet_c,defocus_blur,1,none
efficientnet_b4,ILSVRC2012_val_00034010.JPEG,n11939491,985,985,0.6007073,1,imagenet_c,defocus_blur,1,none
efficientnet_b4,ILSVRC2012_val_00034229.JPEG,n11939491,985,985,0.5989506,1,imagenet_c,defocus_blur,1,none
efficientnet_b4,ILSVRC2012_val_00034896.JPEG,n11939491,985,985,0.3659078,1,imagenet_c,defocus_blur,1,none
efficientnet_b4,ILSVRC2012_val_00035413.JPEG,n11939491,985,985,0.63168883,1,imagenet_c,defocus_blur,1,none
efficientnet_b4,ILSVRC2012_val_00035691.JPEG,n11939491,985,985,0.6059127,1,imagenet_c,defocus_blur,1,none
efficientnet_b4,ILSVRC2012_val_00036060.JPEG,n11939491,985,985,0.6410037,1,imagenet_c,defocus_blur,1,none
efficientnet_b4,ILSVRC2012_val_00036416.JPEG,n11939491,985,985,0.5582971,1,imagenet_c,defocus_blur,1,none
efficientnet_b4,ILSVRC2012_val_00036790.JPEG,n11939491,985,985,0.6636404,1,imagenet_c,defocus_blur,1,none
efficientnet_b4,ILSVRC2012_val_00037066.JPEG,n11939491,985,985,0.6981525,1,imagenet_c,defocus_blur,1,none
efficientnet_b4,ILSVRC2012_val_00037872.JPEG,n11939491,985,985,0.56186783,1,imagenet_c,defocus_blur,1,none
efficientnet_b4,ILSVRC2012_val_00038071.JPEG,n11939491,985,985,0.6816922,1,imagenet_c,defocus_blur,1,none
efficientnet_b4,ILSVRC2012_val_00039137.JPEG,n11939491,985,985,0.5071774,1,imagenet_c,defocus_blur,1,none
efficientnet_b4,ILSVRC2012_val_00040021.JPEG,n11939491,985,985,0.4688244,1,imagenet_c,defocus_blur,1,none
efficientnet_b4,ILSVRC2012_val_00043601.JPEG,n11939491,985,985,0.65111417,1,imagenet_c,defocus_blur,1,none
efficientnet_b4,ILSVRC2012_val_00043696.JPEG,n11939491,985,985,0.58317405,1,imagenet_c,defocus_blur,1,none
efficientnet_b4,ILSVRC2012_val_00044606.JPEG,n11939491,985,985,0.5953521,1,imagenet_c,defocus_blur,1,none
efficientnet_b4,ILSVRC2012_val_00045476.JPEG,n11939491,985,985,0.61599994,1,imagenet_c,defocus_blur,1,none
efficientnet_b4,ILSVRC2012_val_00045833.JPEG,n11939491,985,985,0.6569265,1,imagenet_c,defocus_blur,1,none
efficientnet_b4,ILSVRC2012_val_00046742.JPEG,n11939491,985,985,0.50053275,1,imagenet_c,defocus_blur,1,none
efficientnet_b4,ILSVRC2012_val_00048934.JPEG,n11939491,985,985,0.5629524,1,imagenet_c,defocus_blur,1,none
efficientnet_b4,ILSVRC2012_val_00048959.JPEG,n11939491,985,985,0.64770126,1,imagenet_c,defocus_blur,1,none
efficientnet_b4,ILSVRC2012_val_00048975.JPEG,n11939491,985,985,0.6154776,1,imagenet_c,defocus_blur,1,none
efficientnet_b4,ILSVRC2012_val_00049436.JPEG,n11939491,985,985,0.6206617,1,imagenet_c,defocus_blur,1,none
efficientnet_b4,ILSVRC2012_val_00000551.JPEG,n12057211,986,986,0.54151547,1,imagenet_c,defocus_blur,1,none
efficientnet_b4,ILSVRC2012_val_00001130.JPEG,n12057211,986,986,0.51555204,1,imagenet_c,defocus_blur,1,none
efficientnet_b4,ILSVRC2012_val_00001459.JPEG,n12057211,986,986,0.5321504,1,imagenet_c,defocus_blur,1,none
efficientnet_b4,ILSVRC2012_val_00003566.JPEG,n12057211,986,986,0.5489104,1,imagenet_c,defocus_blur,1,none
efficientnet_b4,ILSVRC2012_val_00003899.JPEG,n12057211,986,986,0.5371137,1,imagenet_c,defocus_blur,1,none
efficientnet_b4,ILSVRC2012_val_00004701.JPEG,n12057211,986,986,0.5480118,1,imagenet_c,defocus_blur,1,none
efficientnet_b4,ILSVRC2012_val_00009076.JPEG,n12057211,986,986,0.6152786,1,imagenet_c,defocus_blur,1,none
efficientnet_b4,ILSVRC2012_val_00009516.JPEG,n12057211,986,986,0.5286676,1,imagenet_c,defocus_blur,1,none
efficientnet_b4,ILSVRC2012_val_00010452.JPEG,n12057211,986,986,0.5979265,1,imagenet_c,defocus_blur,1,none
efficientnet_b4,ILSVRC2012_val_00010505.JPEG,n12057211,986,986,0.60371834,1,imagenet_c,defocus_blur,1,none
efficientnet_b4,ILSVRC2012_val_00013405.JPEG,n12057211,986,986,0.5524891,1,imagenet_c,defocus_blur,1,none
efficientnet_b4,ILSVRC2012_val_00015582.JPEG,n12057211,986,986,0.5825768,1,imagenet_c,defocus_blur,1,none
efficientnet_b4,ILSVRC2012_val_00016699.JPEG,n12057211,986,986,0.5822491,1,imagenet_c,defocus_blur,1,none
efficientnet_b4,ILSVRC2012_val_00017025.JPEG,n12057211,986,986,0.36449212,1,imagenet_c,defocus_blur,1,none
efficientnet_b4,ILSVRC2012_val_00017514.JPEG,n12057211,986,986,0.5288468,1,imagenet_c,defocus_blur,1,none
efficientnet_b4,ILSVRC2012_val_00018363.JPEG,n12057211,986,986,0.5337708,1,imagenet_c,defocus_blur,1,none
efficientnet_b4,ILSVRC2012_val_00018738.JPEG,n12057211,986,986,0.5545333,1,imagenet_c,defocus_blur,1,none
efficientnet_b4,ILSVRC2012_val_00019074.JPEG,n12057211,986,986,0.5513827,1,imagenet_c,defocus_blur,1,none
efficientnet_b4,ILSVRC2012_val_00021262.JPEG,n12057211,986,986,0.5575486,1,imagenet_c,defocus_blur,1,none
efficientnet_b4,ILSVRC2012_val_00021398.JPEG,n12057211,986,986,0.46424654,1,imagenet_c,defocus_blur,1,none
efficientnet_b4,ILSVRC2012_val_00021765.JPEG,n12057211,986,986,0.50895107,1,imagenet_c,defocus_blur,1,none
efficientnet_b4,ILSVRC2012_val_00022875.JPEG,n12057211,986,986,0.5924239,1,imagenet_c,defocus_blur,1,none
efficientnet_b4,ILSVRC2012_val_00023594.JPEG,n12057211,986,986,0.5668261,1,imagenet_c,defocus_blur,1,none
efficientnet_b4,ILSVRC2012_val_00024302.JPEG,n12057211,986,986,0.58655906,1,imagenet_c,defocus_blur,1,none
efficientnet_b4,ILSVRC2012_val_00025305.JPEG,n12057211,986,986,0.52416444,1,imagenet_c,defocus_blur,1,none
efficientnet_b4,ILSVRC2012_val_00028057.JPEG,n12057211,986,986,0.5801232,1,imagenet_c,defocus_blur,1,none
efficientnet_b4,ILSVRC2012_val_00028265.JPEG,n12057211,986,986,0.5453039,1,imagenet_c,defocus_blur,1,none
efficientnet_b4,ILSVRC2012_val_00030051.JPEG,n12057211,986,986,0.51449454,1,imagenet_c,defocus_blur,1,none
efficientnet_b4,ILSVRC2012_val_00030234.JPEG,n12057211,986,986,0.5159388,1,imagenet_c,defocus_blur,1,none
efficientnet_b4,ILSVRC2012_val_00034247.JPEG,n12057211,986,986,0.57707274,1,imagenet_c,defocus_blur,1,none
efficientnet_b4,ILSVRC2012_val_00035851.JPEG,n12057211,986,986,0.42045316,1,imagenet_c,defocus_blur,1,none
efficientnet_b4,ILSVRC2012_val_00036925.JPEG,n12057211,986,986,0.5461824,1,imagenet_c,defocus_blur,1,none
efficientnet_b4,ILSVRC2012_val_00037039.JPEG,n12057211,986,986,0.6205787,1,imagenet_c,defocus_blur,1,none
efficientnet_b4,ILSVRC2012_val_00038796.JPEG,n12057211,986,986,0.5443128,1,imagenet_c,defocus_blur,1,none
efficientnet_b4,ILSVRC2012_val_00039868.JPEG,n12057211,986,986,0.5677547,1,imagenet_c,defocus_blur,1,none
efficientnet_b4,ILSVRC2012_val_00040540.JPEG,n12057211,986,986,0.5565372,1,imagenet_c,defocus_blur,1,none
efficientnet_b4,ILSVRC2012_val_00041258.JPEG,n12057211,986,986,0.62528694,1,imagenet_c,defocus_blur,1,none
efficientnet_b4,ILSVRC2012_val_00041791.JPEG,n12057211,986,986,0.5742438,1,imagenet_c,defocus_blur,1,none
efficientnet_b4,ILSVRC2012_val_00042584.JPEG,n12057211,986,986,0.5283356,1,imagenet_c,defocus_blur,1,none
efficientnet_b4,ILSVRC2012_val_00044783.JPEG,n12057211,986,986,0.6452858,1,imagenet_c,defocus_blur,1,none
efficientnet_b4,ILSVRC2012_val_00045403.JPEG,n12057211,986,986,0.5754558,1,imagenet_c,defocus_blur,1,none
efficientnet_b4,ILSVRC2012_val_00046270.JPEG,n12057211,986,986,0.59704536,1,imagenet_c,defocus_blur,1,none
efficientnet_b4,ILSVRC2012_val_00046332.JPEG,n12057211,986,986,0.5256625,1,imagenet_c,defocus_blur,1,none
efficientnet_b4,ILSVRC2012_val_00046774.JPEG,n12057211,986,986,0.57580596,1,imagenet_c,defocus_blur,1,none
efficientnet_b4,ILSVRC2012_val_00047346.JPEG,n12057211,986,986,0.602428,1,imagenet_c,defocus_blur,1,none
efficientnet_b4,ILSVRC2012_val_00047719.JPEG,n12057211,986,986,0.5648447,1,imagenet_c,defocus_blur,1,none
efficientnet_b4,ILSVRC2012_val_00048822.JPEG,n12057211,986,986,0.5721713,1,imagenet_c,defocus_blur,1,none
efficientnet_b4,ILSVRC2012_val_00048869.JPEG,n12057211,986,986,0.49640277,1,imagenet_c,defocus_blur,1,none
efficientnet_b4,ILSVRC2012_val_00048982.JPEG,n12057211,986,986,0.50540376,1,imagenet_c,defocus_blur,1,none
efficientnet_b4,ILSVRC2012_val_00049906.JPEG,n12057211,986,986,0.5593722,1,imagenet_c,defocus_blur,1,none
efficientnet_b4,ILSVRC2012_val_00000484.JPEG,n12144580,987,998,0.45370433,0,imagenet_c,defocus_blur,1,none
efficientnet_b4,ILSVRC2012_val_00000632.JPEG,n12144580,987,998,0.38389444,0,imagenet_c,defocus_blur,1,none
efficientnet_b4,ILSVRC2012_val_00000869.JPEG,n12144580,987,923,0.36835665,0,imagenet_c,defocus_blur,1,none
efficientnet_b4,ILSVRC2012_val_00002125.JPEG,n12144580,987,998,0.29126683,0,imagenet_c,defocus_blur,1,none
efficientnet_b4,ILSVRC2012_val_00006206.JPEG,n12144580,987,998,0.37414393,0,imagenet_c,defocus_blur,1,none
efficientnet_b4,ILSVRC2012_val_00006714.JPEG,n12144580,987,987,0.31057465,1,imagenet_c,defocus_blur,1,none
efficientnet_b4,ILSVRC2012_val_00007467.JPEG,n12144580,987,987,0.31166977,1,imagenet_c,defocus_blur,1,none
efficientnet_b4,ILSVRC2012_val_00007468.JPEG,n12144580,987,998,0.4667126,0,imagenet_c,defocus_blur,1,none
efficientnet_b4,ILSVRC2012_val_00008231.JPEG,n12144580,987,923,0.15120219,0,imagenet_c,defocus_blur,1,none
efficientnet_b4,ILSVRC2012_val_00008377.JPEG,n12144580,987,987,0.6472633,1,imagenet_c,defocus_blur,1,none
efficientnet_b4,ILSVRC2012_val_00008525.JPEG,n12144580,987,998,0.39535236,0,imagenet_c,defocus_blur,1,none
efficientnet_b4,ILSVRC2012_val_00008648.JPEG,n12144580,987,998,0.25417402,0,imagenet_c,defocus_blur,1,none
efficientnet_b4,ILSVRC2012_val_00008867.JPEG,n12144580,987,998,0.33721387,0,imagenet_c,defocus_blur,1,none
efficientnet_b4,ILSVRC2012_val_00010324.JPEG,n12144580,987,998,0.5272272,0,imagenet_c,defocus_blur,1,none
efficientnet_b4,ILSVRC2012_val_00010495.JPEG,n12144580,987,998,0.43079954,0,imagenet_c,defocus_blur,1,none
efficientnet_b4,ILSVRC2012_val_00011594.JPEG,n12144580,987,998,0.36116228,0,imagenet_c,defocus_blur,1,none
efficientnet_b4,ILSVRC2012_val_00012270.JPEG,n12144580,987,987,0.29379934,1,imagenet_c,defocus_blur,1,none
efficientnet_b4,ILSVRC2012_val_00013029.JPEG,n12144580,987,987,0.21379259,1,imagenet_c,defocus_blur,1,none
efficientnet_b4,ILSVRC2012_val_00016362.JPEG,n12144580,987,987,0.2412348,1,imagenet_c,defocus_blur,1,none
efficientnet_b4,ILSVRC2012_val_00017074.JPEG,n12144580,987,998,0.3407695,0,imagenet_c,defocus_blur,1,none
efficientnet_b4,ILSVRC2012_val_00017589.JPEG,n12144580,987,469,0.2547113,0,imagenet_c,defocus_blur,1,none
efficientnet_b4,ILSVRC2012_val_00019250.JPEG,n12144580,987,998,0.40933222,0,imagenet_c,defocus_blur,1,none
efficientnet_b4,ILSVRC2012_val_00020295.JPEG,n12144580,987,998,0.25863037,0,imagenet_c,defocus_blur,1,none
efficientnet_b4,ILSVRC2012_val_00020565.JPEG,n12144580,987,987,0.26303345,1,imagenet_c,defocus_blur,1,none
efficientnet_b4,ILSVRC2012_val_00021207.JPEG,n12144580,987,969,0.2719639,0,imagenet_c,defocus_blur,1,none
efficientnet_b4,ILSVRC2012_val_00021550.JPEG,n12144580,987,987,0.6017782,1,imagenet_c,defocus_blur,1,none
efficientnet_b4,ILSVRC2012_val_00021581.JPEG,n12144580,987,998,0.36730897,0,imagenet_c,defocus_blur,1,none
efficientnet_b4,ILSVRC2012_val_00022846.JPEG,n12144580,987,987,0.615326,1,imagenet_c,defocus_blur,1,none
efficientnet_b4,ILSVRC2012_val_00023518.JPEG,n12144580,987,987,0.46393996,1,imagenet_c,defocus_blur,1,none
efficientnet_b4,ILSVRC2012_val_00024171.JPEG,n12144580,987,987,0.28919756,1,imagenet_c,defocus_blur,1,none
efficientnet_b4,ILSVRC2012_val_00024673.JPEG,n12144580,987,998,0.35004428,0,imagenet_c,defocus_blur,1,none
efficientnet_b4,ILSVRC2012_val_00025440.JPEG,n12144580,987,987,0.34435892,1,imagenet_c,defocus_blur,1,none
efficientnet_b4,ILSVRC2012_val_00027392.JPEG,n12144580,987,985,0.29137218,0,imagenet_c,defocus_blur,1,none
efficientnet_b4,ILSVRC2012_val_00030375.JPEG,n12144580,987,998,0.3022489,0,imagenet_c,defocus_blur,1,none
efficientnet_b4,ILSVRC2012_val_00030528.JPEG,n12144580,987,925,0.43943098,0,imagenet_c,defocus_blur,1,none
efficientnet_b4,ILSVRC2012_val_00031788.JPEG,n12144580,987,37,0.26960227,0,imagenet_c,defocus_blur,1,none
efficientnet_b4,ILSVRC2012_val_00033179.JPEG,n12144580,987,987,0.28537908,1,imagenet_c,defocus_blur,1,none
efficientnet_b4,ILSVRC2012_val_00033564.JPEG,n12144580,987,943,0.29496303,0,imagenet_c,defocus_blur,1,none
efficientnet_b4,ILSVRC2012_val_00035469.JPEG,n12144580,987,935,0.1108597,0,imagenet_c,defocus_blur,1,none
efficientnet_b4,ILSVRC2012_val_00035862.JPEG,n12144580,987,998,0.29147315,0,imagenet_c,defocus_blur,1,none
efficientnet_b4,ILSVRC2012_val_00036775.JPEG,n12144580,987,958,0.10309775,0,imagenet_c,defocus_blur,1,none
efficientnet_b4,ILSVRC2012_val_00038919.JPEG,n12144580,987,987,0.40660718,1,imagenet_c,defocus_blur,1,none
efficientnet_b4,ILSVRC2012_val_00040756.JPEG,n12144580,987,998,0.19455703,0,imagenet_c,defocus_blur,1,none
efficientnet_b4,ILSVRC2012_val_00041542.JPEG,n12144580,987,998,0.2614334,0,imagenet_c,defocus_blur,1,none
efficientnet_b4,ILSVRC2012_val_00041716.JPEG,n12144580,987,998,0.260333,0,imagenet_c,defocus_blur,1,none
efficientnet_b4,ILSVRC2012_val_00041952.JPEG,n12144580,987,926,0.33574396,0,imagenet_c,defocus_blur,1,none
efficientnet_b4,ILSVRC2012_val_00044564.JPEG,n12144580,987,987,0.21022528,1,imagenet_c,defocus_blur,1,none
efficientnet_b4,ILSVRC2012_val_00044995.JPEG,n12144580,987,998,0.37230274,0,imagenet_c,defocus_blur,1,none
efficientnet_b4,ILSVRC2012_val_00048526.JPEG,n12144580,987,987,0.2493777,1,imagenet_c,defocus_blur,1,none
efficientnet_b4,ILSVRC2012_val_00048777.JPEG,n12144580,987,987,0.6120711,1,imagenet_c,defocus_blur,1,none
efficientnet_b4,ILSVRC2012_val_00001058.JPEG,n12267677,988,988,0.625237,1,imagenet_c,defocus_blur,1,none
efficientnet_b4,ILSVRC2012_val_00001117.JPEG,n12267677,988,494,0.20371307,0,imagenet_c,defocus_blur,1,none
efficientnet_b4,ILSVRC2012_val_00002139.JPEG,n12267677,988,988,0.47727954,1,imagenet_c,defocus_blur,1,none
efficientnet_b4,ILSVRC2012_val_00002982.JPEG,n12267677,988,988,0.6590799,1,imagenet_c,defocus_blur,1,none
efficientnet_b4,ILSVRC2012_val_00004433.JPEG,n12267677,988,988,0.18171808,1,imagenet_c,defocus_blur,1,none
efficientnet_b4,ILSVRC2012_val_00005780.JPEG,n12267677,988,988,0.57411003,1,imagenet_c,defocus_blur,1,none
efficientnet_b4,ILSVRC2012_val_00007085.JPEG,n12267677,988,988,0.6596595,1,imagenet_c,defocus_blur,1,none
efficientnet_b4,ILSVRC2012_val_00010361.JPEG,n12267677,988,988,0.23613375,1,imagenet_c,defocus_blur,1,none
efficientnet_b4,ILSVRC2012_val_00012754.JPEG,n12267677,988,988,0.34035787,1,imagenet_c,defocus_blur,1,none
efficientnet_b4,ILSVRC2012_val_00012761.JPEG,n12267677,988,988,0.72099715,1,imagenet_c,defocus_blur,1,none
efficientnet_b4,ILSVRC2012_val_00013791.JPEG,n12267677,988,988,0.4466957,1,imagenet_c,defocus_blur,1,none
efficientnet_b4,ILSVRC2012_val_00013867.JPEG,n12267677,988,988,0.5383995,1,imagenet_c,defocus_blur,1,none
efficientnet_b4,ILSVRC2012_val_00014226.JPEG,n12267677,988,988,0.41356912,1,imagenet_c,defocus_blur,1,none
efficientnet_b4,ILSVRC2012_val_00015942.JPEG,n12267677,988,988,0.28848112,1,imagenet_c,defocus_blur,1,none
efficientnet_b4,ILSVRC2012_val_00016842.JPEG,n12267677,988,988,0.110513076,1,imagenet_c,defocus_blur,1,none
efficientnet_b4,ILSVRC2012_val_00018155.JPEG,n12267677,988,952,0.06709942,0,imagenet_c,defocus_blur,1,none
efficientnet_b4,ILSVRC2012_val_00019713.JPEG,n12267677,988,988,0.4018789,1,imagenet_c,defocus_blur,1,none
efficientnet_b4,ILSVRC2012_val_00020501.JPEG,n12267677,988,113,0.1697875,0,imagenet_c,defocus_blur,1,none
efficientnet_b4,ILSVRC2012_val_00023867.JPEG,n12267677,988,988,0.54718107,1,imagenet_c,defocus_blur,1,none
efficientnet_b4,ILSVRC2012_val_00024113.JPEG,n12267677,988,988,0.52051276,1,imagenet_c,defocus_blur,1,none
efficientnet_b4,ILSVRC2012_val_00024328.JPEG,n12267677,988,988,0.44536942,1,imagenet_c,defocus_blur,1,none
efficientnet_b4,ILSVRC2012_val_00024413.JPEG,n12267677,988,988,0.36318997,1,imagenet_c,defocus_blur,1,none
efficientnet_b4,ILSVRC2012_val_00024549.JPEG,n12267677,988,988,0.46556866,1,imagenet_c,defocus_blur,1,none
efficientnet_b4,ILSVRC2012_val_00024580.JPEG,n12267677,988,988,0.5007619,1,imagenet_c,defocus_blur,1,none
efficientnet_b4,ILSVRC2012_val_00024748.JPEG,n12267677,988,988,0.67254806,1,imagenet_c,defocus_blur,1,none
efficientnet_b4,ILSVRC2012_val_00024975.JPEG,n12267677,988,116,0.09976627,0,imagenet_c,defocus_blur,1,none
efficientnet_b4,ILSVRC2012_val_00028557.JPEG,n12267677,988,988,0.4687689,1,imagenet_c,defocus_blur,1,none
efficientnet_b4,ILSVRC2012_val_00028871.JPEG,n12267677,988,988,0.1923691,1,imagenet_c,defocus_blur,1,none
efficientnet_b4,ILSVRC2012_val_00028961.JPEG,n12267677,988,988,0.46780655,1,imagenet_c,defocus_blur,1,none
efficientnet_b4,ILSVRC2012_val_00029792.JPEG,n12267677,988,988,0.5251826,1,imagenet_c,defocus_blur,1,none
efficientnet_b4,ILSVRC2012_val_00029915.JPEG,n12267677,988,988,0.43669754,1,imagenet_c,defocus_blur,1,none
efficientnet_b4,ILSVRC2012_val_00031536.JPEG,n12267677,988,113,0.18100879,0,imagenet_c,defocus_blur,1,none
efficientnet_b4,ILSVRC2012_val_00031998.JPEG,n12267677,988,988,0.16274226,1,imagenet_c,defocus_blur,1,none
efficientnet_b4,ILSVRC2012_val_00032501.JPEG,n12267677,988,988,0.65226305,1,imagenet_c,defocus_blur,1,none
efficientnet_b4,ILSVRC2012_val_00032669.JPEG,n12267677,988,988,0.5283541,1,imagenet_c,defocus_blur,1,none
efficientnet_b4,ILSVRC2012_val_00034939.JPEG,n12267677,988,114,0.11065405,0,imagenet_c,defocus_blur,1,none
efficientnet_b4,ILSVRC2012_val_00036210.JPEG,n12267677,988,988,0.31528258,1,imagenet_c,defocus_blur,1,none
efficientnet_b4,ILSVRC2012_val_00036644.JPEG,n12267677,988,988,0.44885424,1,imagenet_c,defocus_blur,1,none
efficientnet_b4,ILSVRC2012_val_00037527.JPEG,n12267677,988,988,0.45559707,1,imagenet_c,defocus_blur,1,none
efficientnet_b4,ILSVRC2012_val_00037926.JPEG,n12267677,988,988,0.4005162,1,imagenet_c,defocus_blur,1,none
efficientnet_b4,ILSVRC2012_val_00038256.JPEG,n12267677,988,988,0.49039015,1,imagenet_c,defocus_blur,1,none
efficientnet_b4,ILSVRC2012_val_00038516.JPEG,n12267677,988,410,0.011733395,0,imagenet_c,defocus_blur,1,none
efficientnet_b4,ILSVRC2012_val_00042458.JPEG,n12267677,988,988,0.37099433,1,imagenet_c,defocus_blur,1,none
efficientnet_b4,ILSVRC2012_val_00044880.JPEG,n12267677,988,988,0.57689416,1,imagenet_c,defocus_blur,1,none
efficientnet_b4,ILSVRC2012_val_00044926.JPEG,n12267677,988,988,0.5452375,1,imagenet_c,defocus_blur,1,none
efficientnet_b4,ILSVRC2012_val_00045517.JPEG,n12267677,988,988,0.3120626,1,imagenet_c,defocus_blur,1,none
efficientnet_b4,ILSVRC2012_val_00045530.JPEG,n12267677,988,988,0.39721936,1,imagenet_c,defocus_blur,1,none
efficientnet_b4,ILSVRC2012_val_00047247.JPEG,n12267677,988,988,0.5248372,1,imagenet_c,defocus_blur,1,none
efficientnet_b4,ILSVRC2012_val_00048992.JPEG,n12267677,988,988,0.519739,1,imagenet_c,defocus_blur,1,none
efficientnet_b4,ILSVRC2012_val_00049900.JPEG,n12267677,988,988,0.13952455,1,imagenet_c,defocus_blur,1,none
efficientnet_b4,ILSVRC2012_val_00000251.JPEG,n12620546,989,989,0.7644586,1,imagenet_c,defocus_blur,1,none
efficientnet_b4,ILSVRC2012_val_00002900.JPEG,n12620546,989,989,0.5300296,1,imagenet_c,defocus_blur,1,none
efficientnet_b4,ILSVRC2012_val_00003902.JPEG,n12620546,989,989,0.556676,1,imagenet_c,defocus_blur,1,none
efficientnet_b4,ILSVRC2012_val_00004157.JPEG,n12620546,989,989,0.622561,1,imagenet_c,defocus_blur,1,none
efficientnet_b4,ILSVRC2012_val_00006512.JPEG,n12620546,989,989,0.71375436,1,imagenet_c,defocus_blur,1,none
efficientnet_b4,ILSVRC2012_val_00006863.JPEG,n12620546,989,989,0.7540623,1,imagenet_c,defocus_blur,1,none
efficientnet_b4,ILSVRC2012_val_00008895.JPEG,n12620546,989,952,0.08044285,0,imagenet_c,defocus_blur,1,none
efficientnet_b4,ILSVRC2012_val_00011901.JPEG,n12620546,989,989,0.17892727,1,imagenet_c,defocus_blur,1,none
efficientnet_b4,ILSVRC2012_val_00016329.JPEG,n12620546,989,989,0.45904753,1,imagenet_c,defocus_blur,1,none
efficientnet_b4,ILSVRC2012_val_00016769.JPEG,n12620546,989,989,0.5060258,1,imagenet_c,defocus_blur,1,none
efficientnet_b4,ILSVRC2012_val_00016955.JPEG,n12620546,989,989,0.5634026,1,imagenet_c,defocus_blur,1,none
efficientnet_b4,ILSVRC2012_val_00017959.JPEG,n12620546,989,989,0.6489528,1,imagenet_c,defocus_blur,1,none
efficientnet_b4,ILSVRC2012_val_00018180.JPEG,n12620546,989,989,0.6131162,1,imagenet_c,defocus_blur,1,none
efficientnet_b4,ILSVRC2012_val_00019339.JPEG,n12620546,989,989,0.6435479,1,imagenet_c,defocus_blur,1,none
efficientnet_b4,ILSVRC2012_val_00019660.JPEG,n12620546,989,989,0.5276629,1,imagenet_c,defocus_blur,1,none
efficientnet_b4,ILSVRC2012_val_00019742.JPEG,n12620546,989,989,0.48049182,1,imagenet_c,defocus_blur,1,none
efficientnet_b4,ILSVRC2012_val_00019783.JPEG,n12620546,989,989,0.63560516,1,imagenet_c,defocus_blur,1,none
efficientnet_b4,ILSVRC2012_val_00020959.JPEG,n12620546,989,989,0.5178555,1,imagenet_c,defocus_blur,1,none
efficientnet_b4,ILSVRC2012_val_00021910.JPEG,n12620546,989,989,0.49241045,1,imagenet_c,defocus_blur,1,none
efficientnet_b4,ILSVRC2012_val_00022167.JPEG,n12620546,989,989,0.69316095,1,imagenet_c,defocus_blur,1,none
efficientnet_b4,ILSVRC2012_val_00023311.JPEG,n12620546,989,989,0.5785175,1,imagenet_c,defocus_blur,1,none
efficientnet_b4,ILSVRC2012_val_00023930.JPEG,n12620546,989,989,0.66554016,1,imagenet_c,defocus_blur,1,none
efficientnet_b4,ILSVRC2012_val_00024830.JPEG,n12620546,989,989,0.5655109,1,imagenet_c,defocus_blur,1,none
efficientnet_b4,ILSVRC2012_val_00026212.JPEG,n12620546,989,989,0.36537284,1,imagenet_c,defocus_blur,1,none
efficientnet_b4,ILSVRC2012_val_00026360.JPEG,n12620546,989,989,0.5737798,1,imagenet_c,defocus_blur,1,none
efficientnet_b4,ILSVRC2012_val_00026680.JPEG,n12620546,989,989,0.586993,1,imagenet_c,defocus_blur,1,none
efficientnet_b4,ILSVRC2012_val_00028708.JPEG,n12620546,989,989,0.6463569,1,imagenet_c,defocus_blur,1,none
efficientnet_b4,ILSVRC2012_val_00029292.JPEG,n12620546,989,927,0.40461642,0,imagenet_c,defocus_blur,1,none
efficientnet_b4,ILSVRC2012_val_00029950.JPEG,n12620546,989,989,0.5477022,1,imagenet_c,defocus_blur,1,none
efficientnet_b4,ILSVRC2012_val_00030592.JPEG,n12620546,989,989,0.64378256,1,imagenet_c,defocus_blur,1,none
efficientnet_b4,ILSVRC2012_val_00030777.JPEG,n12620546,989,989,0.32247958,1,imagenet_c,defocus_blur,1,none
efficientnet_b4,ILSVRC2012_val_00030794.JPEG,n12620546,989,989,0.59860814,1,imagenet_c,defocus_blur,1,none
efficientnet_b4,ILSVRC2012_val_00031312.JPEG,n12620546,989,989,0.7155102,1,imagenet_c,defocus_blur,1,none
efficientnet_b4,ILSVRC2012_val_00031443.JPEG,n12620546,989,989,0.16160361,1,imagenet_c,defocus_blur,1,none
efficientnet_b4,ILSVRC2012_val_00034248.JPEG,n12620546,989,989,0.5079088,1,imagenet_c,defocus_blur,1,none
efficientnet_b4,ILSVRC2012_val_00034899.JPEG,n12620546,989,989,0.34312183,1,imagenet_c,defocus_blur,1,none
efficientnet_b4,ILSVRC2012_val_00035279.JPEG,n12620546,989,989,0.38519734,1,imagenet_c,defocus_blur,1,none
efficientnet_b4,ILSVRC2012_val_00036821.JPEG,n12620546,989,989,0.4614761,1,imagenet_c,defocus_blur,1,none
efficientnet_b4,ILSVRC2012_val_00037108.JPEG,n12620546,989,989,0.62139016,1,imagenet_c,defocus_blur,1,none
efficientnet_b4,ILSVRC2012_val_00039107.JPEG,n12620546,989,989,0.7094917,1,imagenet_c,defocus_blur,1,none
efficientnet_b4,ILSVRC2012_val_00040304.JPEG,n12620546,989,989,0.40739232,1,imagenet_c,defocus_blur,1,none
efficientnet_b4,ILSVRC2012_val_00040489.JPEG,n12620546,989,989,0.5844916,1,imagenet_c,defocus_blur,1,none
efficientnet_b4,ILSVRC2012_val_00040792.JPEG,n12620546,989,989,0.17358205,1,imagenet_c,defocus_blur,1,none
efficientnet_b4,ILSVRC2012_val_00041462.JPEG,n12620546,989,989,0.5026966,1,imagenet_c,defocus_blur,1,none
efficientnet_b4,ILSVRC2012_val_00042794.JPEG,n12620546,989,989,0.7886933,1,imagenet_c,defocus_blur,1,none
efficientnet_b4,ILSVRC2012_val_00043304.JPEG,n12620546,989,989,0.12966609,1,imagenet_c,defocus_blur,1,none
efficientnet_b4,ILSVRC2012_val_00045034.JPEG,n12620546,989,989,0.6670666,1,imagenet_c,defocus_blur,1,none
efficientnet_b4,ILSVRC2012_val_00045089.JPEG,n12620546,989,989,0.66105103,1,imagenet_c,defocus_blur,1,none
efficientnet_b4,ILSVRC2012_val_00047816.JPEG,n12620546,989,989,0.65222704,1,imagenet_c,defocus_blur,1,none
efficientnet_b4,ILSVRC2012_val_00048419.JPEG,n12620546,989,989,0.58199614,1,imagenet_c,defocus_blur,1,none
efficientnet_b4,ILSVRC2012_val_00001120.JPEG,n12768682,990,990,0.38241512,1,imagenet_c,defocus_blur,1,none
efficientnet_b4,ILSVRC2012_val_00003021.JPEG,n12768682,990,990,0.50834507,1,imagenet_c,defocus_blur,1,none
efficientnet_b4,ILSVRC2012_val_00003288.JPEG,n12768682,990,990,0.5933328,1,imagenet_c,defocus_blur,1,none
efficientnet_b4,ILSVRC2012_val_00004903.JPEG,n12768682,990,990,0.46246305,1,imagenet_c,defocus_blur,1,none
efficientnet_b4,ILSVRC2012_val_00005297.JPEG,n12768682,990,990,0.55833167,1,imagenet_c,defocus_blur,1,none
efficientnet_b4,ILSVRC2012_val_00008329.JPEG,n12768682,990,990,0.5503907,1,imagenet_c,defocus_blur,1,none
efficientnet_b4,ILSVRC2012_val_00009601.JPEG,n12768682,990,990,0.5856998,1,imagenet_c,defocus_blur,1,none
efficientnet_b4,ILSVRC2012_val_00014129.JPEG,n12768682,990,990,0.10796025,1,imagenet_c,defocus_blur,1,none
efficientnet_b4,ILSVRC2012_val_00014606.JPEG,n12768682,990,361,0.15622449,0,imagenet_c,defocus_blur,1,none
efficientnet_b4,ILSVRC2012_val_00014680.JPEG,n12768682,990,990,0.6445014,1,imagenet_c,defocus_blur,1,none
efficientnet_b4,ILSVRC2012_val_00016080.JPEG,n12768682,990,990,0.30993685,1,imagenet_c,defocus_blur,1,none
efficientnet_b4,ILSVRC2012_val_00016112.JPEG,n12768682,990,990,0.6668067,1,imagenet_c,defocus_blur,1,none
efficientnet_b4,ILSVRC2012_val_00016298.JPEG,n12768682,990,766,0.02478974,0,imagenet_c,defocus_blur,1,none
efficientnet_b4,ILSVRC2012_val_00017236.JPEG,n12768682,990,990,0.3199951,1,imagenet_c,defocus_blur,1,none
efficientnet_b4,ILSVRC2012_val_00018030.JPEG,n12768682,990,990,0.49077746,1,imagenet_c,defocus_blur,1,none
efficientnet_b4,ILSVRC2012_val_00019334.JPEG,n12768682,990,990,0.48118588,1,imagenet_c,defocus_blur,1,none
efficientnet_b4,ILSVRC2012_val_00020465.JPEG,n12768682,990,990,0.4839569,1,imagenet_c,defocus_blur,1,none
efficientnet_b4,ILSVRC2012_val_00020478.JPEG,n12768682,990,990,0.58941156,1,imagenet_c,defocus_blur,1,none
efficientnet_b4,ILSVRC2012_val_00021225.JPEG,n12768682,990,990,0.5943535,1,imagenet_c,defocus_blur,1,none
efficientnet_b4,ILSVRC2012_val_00021320.JPEG,n12768682,990,990,0.7091049,1,imagenet_c,defocus_blur,1,none
efficientnet_b4,ILSVRC2012_val_00021596.JPEG,n12768682,990,113,0.533692,0,imagenet_c,defocus_blur,1,none
efficientnet_b4,ILSVRC2012_val_00021869.JPEG,n12768682,990,990,0.67427,1,imagenet_c,defocus_blur,1,none
efficientnet_b4,ILSVRC2012_val_00025053.JPEG,n12768682,990,990,0.576202,1,imagenet_c,defocus_blur,1,none
efficientnet_b4,ILSVRC2012_val_00025154.JPEG,n12768682,990,990,0.1883781,1,imagenet_c,defocus_blur,1,none
efficientnet_b4,ILSVRC2012_val_00026660.JPEG,n12768682,990,990,0.55178463,1,imagenet_c,defocus_blur,1,none
efficientnet_b4,ILSVRC2012_val_00027020.JPEG,n12768682,990,990,0.5642135,1,imagenet_c,defocus_blur,1,none
efficientnet_b4,ILSVRC2012_val_00028917.JPEG,n12768682,990,956,0.15005852,0,imagenet_c,defocus_blur,1,none
efficientnet_b4,ILSVRC2012_val_00029898.JPEG,n12768682,990,990,0.77522475,1,imagenet_c,defocus_blur,1,none
efficientnet_b4,ILSVRC2012_val_00030168.JPEG,n12768682,990,990,0.55813545,1,imagenet_c,defocus_blur,1,none
efficientnet_b4,ILSVRC2012_val_00031830.JPEG,n12768682,990,988,0.16500449,0,imagenet_c,defocus_blur,1,none
efficientnet_b4,ILSVRC2012_val_00033130.JPEG,n12768682,990,990,0.47763526,1,imagenet_c,defocus_blur,1,none
efficientnet_b4,ILSVRC2012_val_00034646.JPEG,n12768682,990,990,0.64219785,1,imagenet_c,defocus_blur,1,none
efficientnet_b4,ILSVRC2012_val_00035438.JPEG,n12768682,990,990,0.7393334,1,imagenet_c,defocus_blur,1,none
efficientnet_b4,ILSVRC2012_val_00036532.JPEG,n12768682,990,990,0.57662135,1,imagenet_c,defocus_blur,1,none
efficientnet_b4,ILSVRC2012_val_00037517.JPEG,n12768682,990,80,0.038705237,0,imagenet_c,defocus_blur,1,none
efficientnet_b4,ILSVRC2012_val_00039350.JPEG,n12768682,990,990,0.5091455,1,imagenet_c,defocus_blur,1,none
efficientnet_b4,ILSVRC2012_val_00043123.JPEG,n12768682,990,990,0.49941644,1,imagenet_c,defocus_blur,1,none
efficientnet_b4,ILSVRC2012_val_00043858.JPEG,n12768682,990,990,0.6161701,1,imagenet_c,defocus_blur,1,none
efficientnet_b4,ILSVRC2012_val_00044066.JPEG,n12768682,990,990,0.5757448,1,imagenet_c,defocus_blur,1,none
efficientnet_b4,ILSVRC2012_val_00045215.JPEG,n12768682,990,990,0.42846036,1,imagenet_c,defocus_blur,1,none
efficientnet_b4,ILSVRC2012_val_00045216.JPEG,n12768682,990,990,0.43109316,1,imagenet_c,defocus_blur,1,none
efficientnet_b4,ILSVRC2012_val_00046904.JPEG,n12768682,990,990,0.39940453,1,imagenet_c,defocus_blur,1,none
efficientnet_b4,ILSVRC2012_val_00047028.JPEG,n12768682,990,990,0.2497297,1,imagenet_c,defocus_blur,1,none
efficientnet_b4,ILSVRC2012_val_00047834.JPEG,n12768682,990,990,0.50381577,1,imagenet_c,defocus_blur,1,none
efficientnet_b4,ILSVRC2012_val_00048677.JPEG,n12768682,990,990,0.5252152,1,imagenet_c,defocus_blur,1,none
efficientnet_b4,ILSVRC2012_val_00048728.JPEG,n12768682,990,990,0.4782753,1,imagenet_c,defocus_blur,1,none
efficientnet_b4,ILSVRC2012_val_00049088.JPEG,n12768682,990,990,0.8256304,1,imagenet_c,defocus_blur,1,none
efficientnet_b4,ILSVRC2012_val_00049246.JPEG,n12768682,990,990,0.65775555,1,imagenet_c,defocus_blur,1,none
efficientnet_b4,ILSVRC2012_val_00049396.JPEG,n12768682,990,995,0.2747969,0,imagenet_c,defocus_blur,1,none
efficientnet_b4,ILSVRC2012_val_00049862.JPEG,n12768682,990,990,0.549691,1,imagenet_c,defocus_blur,1,none
efficientnet_b4,ILSVRC2012_val_00000304.JPEG,n12985857,991,991,0.3930449,1,imagenet_c,defocus_blur,1,none
efficientnet_b4,ILSVRC2012_val_00000954.JPEG,n12985857,991,991,0.7776917,1,imagenet_c,defocus_blur,1,none
efficientnet_b4,ILSVRC2012_val_00002047.JPEG,n12985857,991,991,0.5876655,1,imagenet_c,defocus_blur,1,none
efficientnet_b4,ILSVRC2012_val_00004103.JPEG,n12985857,991,996,0.27731153,0,imagenet_c,defocus_blur,1,none
efficientnet_b4,ILSVRC2012_val_00004437.JPEG,n12985857,991,991,0.5694407,1,imagenet_c,defocus_blur,1,none
efficientnet_b4,ILSVRC2012_val_00004702.JPEG,n12985857,991,991,0.5608602,1,imagenet_c,defocus_blur,1,none
efficientnet_b4,ILSVRC2012_val_00005088.JPEG,n12985857,991,991,0.4678876,1,imagenet_c,defocus_blur,1,none
efficientnet_b4,ILSVRC2012_val_00006796.JPEG,n12985857,991,991,0.5484448,1,imagenet_c,defocus_blur,1,none
efficientnet_b4,ILSVRC2012_val_00008830.JPEG,n12985857,991,991,0.16397654,1,imagenet_c,defocus_blur,1,none
efficientnet_b4,ILSVRC2012_val_00009407.JPEG,n12985857,991,991,0.7125717,1,imagenet_c,defocus_blur,1,none
efficientnet_b4,ILSVRC2012_val_00010464.JPEG,n12985857,991,991,0.35031745,1,imagenet_c,defocus_blur,1,none
efficientnet_b4,ILSVRC2012_val_00011021.JPEG,n12985857,991,991,0.48059282,1,imagenet_c,defocus_blur,1,none
efficientnet_b4,ILSVRC2012_val_00011221.JPEG,n12985857,991,996,0.6608859,0,imagenet_c,defocus_blur,1,none
efficientnet_b4,ILSVRC2012_val_00011293.JPEG,n12985857,991,991,0.4188515,1,imagenet_c,defocus_blur,1,none
efficientnet_b4,ILSVRC2012_val_00014042.JPEG,n12985857,991,991,0.3279948,1,imagenet_c,defocus_blur,1,none
efficientnet_b4,ILSVRC2012_val_00014255.JPEG,n12985857,991,991,0.41694793,1,imagenet_c,defocus_blur,1,none
efficientnet_b4,ILSVRC2012_val_00014277.JPEG,n12985857,991,991,0.610204,1,imagenet_c,defocus_blur,1,none
efficientnet_b4,ILSVRC2012_val_00015085.JPEG,n12985857,991,991,0.47993767,1,imagenet_c,defocus_blur,1,none
efficientnet_b4,ILSVRC2012_val_00015645.JPEG,n12985857,991,991,0.52007747,1,imagenet_c,defocus_blur,1,none
efficientnet_b4,ILSVRC2012_val_00016522.JPEG,n12985857,991,991,0.4275083,1,imagenet_c,defocus_blur,1,none
efficientnet_b4,ILSVRC2012_val_00017205.JPEG,n12985857,991,991,0.46808267,1,imagenet_c,defocus_blur,1,none
efficientnet_b4,ILSVRC2012_val_00018130.JPEG,n12985857,991,991,0.51634717,1,imagenet_c,defocus_blur,1,none
efficientnet_b4,ILSVRC2012_val_00019413.JPEG,n12985857,991,991,0.29828614,1,imagenet_c,defocus_blur,1,none
efficientnet_b4,ILSVRC2012_val_00021329.JPEG,n12985857,991,991,0.45762098,1,imagenet_c,defocus_blur,1,none
efficientnet_b4,ILSVRC2012_val_00024125.JPEG,n12985857,991,991,0.47497115,1,imagenet_c,defocus_blur,1,none
efficientnet_b4,ILSVRC2012_val_00024236.JPEG,n12985857,991,991,0.080928035,1,imagenet_c,defocus_blur,1,none
efficientnet_b4,ILSVRC2012_val_00025385.JPEG,n12985857,991,991,0.44466808,1,imagenet_c,defocus_blur,1,none
efficientnet_b4,ILSVRC2012_val_00026794.JPEG,n12985857,991,991,0.41705817,1,imagenet_c,defocus_blur,1,none
efficientnet_b4,ILSVRC2012_val_00027406.JPEG,n12985857,991,991,0.48530838,1,imagenet_c,defocus_blur,1,none
efficientnet_b4,ILSVRC2012_val_00030180.JPEG,n12985857,991,991,0.5215528,1,imagenet_c,defocus_blur,1,none
efficientnet_b4,ILSVRC2012_val_00030986.JPEG,n12985857,991,991,0.37878796,1,imagenet_c,defocus_blur,1,none
efficientnet_b4,ILSVRC2012_val_00033302.JPEG,n12985857,991,991,0.5080885,1,imagenet_c,defocus_blur,1,none
efficientnet_b4,ILSVRC2012_val_00033845.JPEG,n12985857,991,991,0.5004743,1,imagenet_c,defocus_blur,1,none
efficientnet_b4,ILSVRC2012_val_00034531.JPEG,n12985857,991,991,0.6128364,1,imagenet_c,defocus_blur,1,none
efficientnet_b4,ILSVRC2012_val_00035290.JPEG,n12985857,991,991,0.5623822,1,imagenet_c,defocus_blur,1,none
efficientnet_b4,ILSVRC2012_val_00035903.JPEG,n12985857,991,994,0.045038827,0,imagenet_c,defocus_blur,1,none
efficientnet_b4,ILSVRC2012_val_00036085.JPEG,n12985857,991,996,0.2556982,0,imagenet_c,defocus_blur,1,none
efficientnet_b4,ILSVRC2012_val_00036334.JPEG,n12985857,991,991,0.4510111,1,imagenet_c,defocus_blur,1,none
efficientnet_b4,ILSVRC2012_val_00038482.JPEG,n12985857,991,991,0.53550655,1,imagenet_c,defocus_blur,1,none
efficientnet_b4,ILSVRC2012_val_00040193.JPEG,n12985857,991,991,0.7074618,1,imagenet_c,defocus_blur,1,none
efficientnet_b4,ILSVRC2012_val_00040610.JPEG,n12985857,991,991,0.5142306,1,imagenet_c,defocus_blur,1,none
efficientnet_b4,ILSVRC2012_val_00042183.JPEG,n12985857,991,991,0.5898902,1,imagenet_c,defocus_blur,1,none
efficientnet_b4,ILSVRC2012_val_00042962.JPEG,n12985857,991,991,0.23177281,1,imagenet_c,defocus_blur,1,none
efficientnet_b4,ILSVRC2012_val_00043059.JPEG,n12985857,991,996,0.5230002,0,imagenet_c,defocus_blur,1,none
efficientnet_b4,ILSVRC2012_val_00043883.JPEG,n12985857,991,991,0.47956672,1,imagenet_c,defocus_blur,1,none
efficientnet_b4,ILSVRC2012_val_00044046.JPEG,n12985857,991,991,0.71404225,1,imagenet_c,defocus_blur,1,none
efficientnet_b4,ILSVRC2012_val_00045416.JPEG,n12985857,991,991,0.5872312,1,imagenet_c,defocus_blur,1,none
efficientnet_b4,ILSVRC2012_val_00047107.JPEG,n12985857,991,991,0.5186977,1,imagenet_c,defocus_blur,1,none
efficientnet_b4,ILSVRC2012_val_00049195.JPEG,n12985857,991,991,0.25876847,1,imagenet_c,defocus_blur,1,none
efficientnet_b4,ILSVRC2012_val_00049688.JPEG,n12985857,991,991,0.52665114,1,imagenet_c,defocus_blur,1,none
efficientnet_b4,ILSVRC2012_val_00000731.JPEG,n12998815,992,992,0.617431,1,imagenet_c,defocus_blur,1,none
efficientnet_b4,ILSVRC2012_val_00002153.JPEG,n12998815,992,992,0.3889107,1,imagenet_c,defocus_blur,1,none
efficientnet_b4,ILSVRC2012_val_00005745.JPEG,n12998815,992,992,0.36403435,1,imagenet_c,defocus_blur,1,none
efficientnet_b4,ILSVRC2012_val_00006983.JPEG,n12998815,992,992,0.50934803,1,imagenet_c,defocus_blur,1,none
efficientnet_b4,ILSVRC2012_val_00007080.JPEG,n12998815,992,992,0.38525996,1,imagenet_c,defocus_blur,1,none
efficientnet_b4,ILSVRC2012_val_00007684.JPEG,n12998815,992,992,0.31533173,1,imagenet_c,defocus_blur,1,none
efficientnet_b4,ILSVRC2012_val_00007905.JPEG,n12998815,992,992,0.44750217,1,imagenet_c,defocus_blur,1,none
efficientnet_b4,ILSVRC2012_val_00008685.JPEG,n12998815,992,992,0.3671963,1,imagenet_c,defocus_blur,1,none
efficientnet_b4,ILSVRC2012_val_00009342.JPEG,n12998815,992,992,0.5701018,1,imagenet_c,defocus_blur,1,none
efficientnet_b4,ILSVRC2012_val_00009466.JPEG,n12998815,992,992,0.46581826,1,imagenet_c,defocus_blur,1,none
efficientnet_b4,ILSVRC2012_val_00010912.JPEG,n12998815,992,992,0.46869135,1,imagenet_c,defocus_blur,1,none
efficientnet_b4,ILSVRC2012_val_00012361.JPEG,n12998815,992,992,0.3057234,1,imagenet_c,defocus_blur,1,none
efficientnet_b4,ILSVRC2012_val_00012458.JPEG,n12998815,992,992,0.4842494,1,imagenet_c,defocus_blur,1,none
efficientnet_b4,ILSVRC2012_val_00013497.JPEG,n12998815,992,992,0.38856563,1,imagenet_c,defocus_blur,1,none
efficientnet_b4,ILSVRC2012_val_00013676.JPEG,n12998815,992,992,0.6049469,1,imagenet_c,defocus_blur,1,none
efficientnet_b4,ILSVRC2012_val_00014935.JPEG,n12998815,992,992,0.42430484,1,imagenet_c,defocus_blur,1,none
efficientnet_b4,ILSVRC2012_val_00015658.JPEG,n12998815,992,992,0.30861974,1,imagenet_c,defocus_blur,1,none
efficientnet_b4,ILSVRC2012_val_00015851.JPEG,n12998815,992,992,0.42112043,1,imagenet_c,defocus_blur,1,none
efficientnet_b4,ILSVRC2012_val_00016012.JPEG,n12998815,992,696,0.066200815,0,imagenet_c,defocus_blur,1,none
efficientnet_b4,ILSVRC2012_val_00016061.JPEG,n12998815,992,994,0.17930248,0,imagenet_c,defocus_blur,1,none
efficientnet_b4,ILSVRC2012_val_00016330.JPEG,n12998815,992,947,0.16711622,0,imagenet_c,defocus_blur,1,none
efficientnet_b4,ILSVRC2012_val_00016898.JPEG,n12998815,992,992,0.47573107,1,imagenet_c,defocus_blur,1,none
efficientnet_b4,ILSVRC2012_val_00017627.JPEG,n12998815,992,992,0.3980631,1,imagenet_c,defocus_blur,1,none
efficientnet_b4,ILSVRC2012_val_00022873.JPEG,n12998815,992,992,0.5072601,1,imagenet_c,defocus_blur,1,none
efficientnet_b4,ILSVRC2012_val_00023823.JPEG,n12998815,992,996,0.16902472,0,imagenet_c,defocus_blur,1,none
efficientnet_b4,ILSVRC2012_val_00026184.JPEG,n12998815,992,522,0.04442272,0,imagenet_c,defocus_blur,1,none
efficientnet_b4,ILSVRC2012_val_00027959.JPEG,n12998815,992,992,0.44531104,1,imagenet_c,defocus_blur,1,none
efficientnet_b4,ILSVRC2012_val_00029154.JPEG,n12998815,992,992,0.47842345,1,imagenet_c,defocus_blur,1,none
efficientnet_b4,ILSVRC2012_val_00030169.JPEG,n12998815,992,992,0.4104251,1,imagenet_c,defocus_blur,1,none
efficientnet_b4,ILSVRC2012_val_00031899.JPEG,n12998815,992,992,0.47691903,1,imagenet_c,defocus_blur,1,none
efficientnet_b4,ILSVRC2012_val_00032050.JPEG,n12998815,992,574,0.24277094,0,imagenet_c,defocus_blur,1,none
efficientnet_b4,ILSVRC2012_val_00032474.JPEG,n12998815,992,992,0.17993563,1,imagenet_c,defocus_blur,1,none
efficientnet_b4,ILSVRC2012_val_00032638.JPEG,n12998815,992,992,0.24454442,1,imagenet_c,defocus_blur,1,none
efficientnet_b4,ILSVRC2012_val_00033566.JPEG,n12998815,992,997,0.25021774,0,imagenet_c,defocus_blur,1,none
efficientnet_b4,ILSVRC2012_val_00033839.JPEG,n12998815,992,992,0.45305574,1,imagenet_c,defocus_blur,1,none
efficientnet_b4,ILSVRC2012_val_00038545.JPEG,n12998815,992,992,0.48604277,1,imagenet_c,defocus_blur,1,none
efficientnet_b4,ILSVRC2012_val_00039415.JPEG,n12998815,992,992,0.509259,1,imagenet_c,defocus_blur,1,none
efficientnet_b4,ILSVRC2012_val_00039754.JPEG,n12998815,992,992,0.398515,1,imagenet_c,defocus_blur,1,none
efficientnet_b4,ILSVRC2012_val_00040197.JPEG,n12998815,992,992,0.3807416,1,imagenet_c,defocus_blur,1,none
efficientnet_b4,ILSVRC2012_val_00042199.JPEG,n12998815,992,992,0.4103246,1,imagenet_c,defocus_blur,1,none
efficientnet_b4,ILSVRC2012_val_00042478.JPEG,n12998815,992,947,0.36883324,0,imagenet_c,defocus_blur,1,none
efficientnet_b4,ILSVRC2012_val_00042792.JPEG,n12998815,992,992,0.44818482,1,imagenet_c,defocus_blur,1,none
efficientnet_b4,ILSVRC2012_val_00043681.JPEG,n12998815,992,992,0.3491763,1,imagenet_c,defocus_blur,1,none
efficientnet_b4,ILSVRC2012_val_00044680.JPEG,n12998815,992,992,0.5647971,1,imagenet_c,defocus_blur,1,none
efficientnet_b4,ILSVRC2012_val_00044877.JPEG,n12998815,992,992,0.3579071,1,imagenet_c,defocus_blur,1,none
efficientnet_b4,ILSVRC2012_val_00045166.JPEG,n12998815,992,992,0.23490246,1,imagenet_c,defocus_blur,1,none
efficientnet_b4,ILSVRC2012_val_00046848.JPEG,n12998815,992,947,0.1395769,0,imagenet_c,defocus_blur,1,none
efficientnet_b4,ILSVRC2012_val_00047343.JPEG,n12998815,992,992,0.38863763,1,imagenet_c,defocus_blur,1,none
efficientnet_b4,ILSVRC2012_val_00048880.JPEG,n12998815,992,992,0.49375302,1,imagenet_c,defocus_blur,1,none
efficientnet_b4,ILSVRC2012_val_00049500.JPEG,n12998815,992,992,0.3917261,1,imagenet_c,defocus_blur,1,none
efficientnet_b4,ILSVRC2012_val_00000200.JPEG,n13037406,993,993,0.6347927,1,imagenet_c,defocus_blur,1,none
efficientnet_b4,ILSVRC2012_val_00000472.JPEG,n13037406,993,993,0.5984873,1,imagenet_c,defocus_blur,1,none
efficientnet_b4,ILSVRC2012_val_00001083.JPEG,n13037406,993,993,0.5683192,1,imagenet_c,defocus_blur,1,none
efficientnet_b4,ILSVRC2012_val_00001231.JPEG,n13037406,993,993,0.6318278,1,imagenet_c,defocus_blur,1,none
efficientnet_b4,ILSVRC2012_val_00002348.JPEG,n13037406,993,993,0.6286392,1,imagenet_c,defocus_blur,1,none
efficientnet_b4,ILSVRC2012_val_00002927.JPEG,n13037406,993,993,0.65748817,1,imagenet_c,defocus_blur,1,none
efficientnet_b4,ILSVRC2012_val_00006235.JPEG,n13037406,993,993,0.6668381,1,imagenet_c,defocus_blur,1,none
efficientnet_b4,ILSVRC2012_val_00006266.JPEG,n13037406,993,993,0.6683041,1,imagenet_c,defocus_blur,1,none
efficientnet_b4,ILSVRC2012_val_00007954.JPEG,n13037406,993,993,0.6703493,1,imagenet_c,defocus_blur,1,none
efficientnet_b4,ILSVRC2012_val_00011040.JPEG,n13037406,993,993,0.6831909,1,imagenet_c,defocus_blur,1,none
efficientnet_b4,ILSVRC2012_val_00011818.JPEG,n13037406,993,993,0.65857065,1,imagenet_c,defocus_blur,1,none
efficientnet_b4,ILSVRC2012_val_00012112.JPEG,n13037406,993,993,0.7969211,1,imagenet_c,defocus_blur,1,none
efficientnet_b4,ILSVRC2012_val_00013100.JPEG,n13037406,993,993,0.5694603,1,imagenet_c,defocus_blur,1,none
efficientnet_b4,ILSVRC2012_val_00013880.JPEG,n13037406,993,993,0.6627994,1,imagenet_c,defocus_blur,1,none
efficientnet_b4,ILSVRC2012_val_00014064.JPEG,n13037406,993,993,0.72284204,1,imagenet_c,defocus_blur,1,none
efficientnet_b4,ILSVRC2012_val_00014619.JPEG,n13037406,993,993,0.5801338,1,imagenet_c,defocus_blur,1,none
efficientnet_b4,ILSVRC2012_val_00014792.JPEG,n13037406,993,993,0.63600415,1,imagenet_c,defocus_blur,1,none
efficientnet_b4,ILSVRC2012_val_00014855.JPEG,n13037406,993,993,0.56409484,1,imagenet_c,defocus_blur,1,none
efficientnet_b4,ILSVRC2012_val_00015992.JPEG,n13037406,993,993,0.65703017,1,imagenet_c,defocus_blur,1,none
efficientnet_b4,ILSVRC2012_val_00017799.JPEG,n13037406,993,993,0.62024915,1,imagenet_c,defocus_blur,1,none
efficientnet_b4,ILSVRC2012_val_00017984.JPEG,n13037406,993,947,0.24965863,0,imagenet_c,defocus_blur,1,none
efficientnet_b4,ILSVRC2012_val_00021019.JPEG,n13037406,993,993,0.67536575,1,imagenet_c,defocus_blur,1,none
efficientnet_b4,ILSVRC2012_val_00022905.JPEG,n13037406,993,993,0.61974454,1,imagenet_c,defocus_blur,1,none
efficientnet_b4,ILSVRC2012_val_00023237.JPEG,n13037406,993,993,0.6433714,1,imagenet_c,defocus_blur,1,none
efficientnet_b4,ILSVRC2012_val_00023433.JPEG,n13037406,993,993,0.7346433,1,imagenet_c,defocus_blur,1,none
efficientnet_b4,ILSVRC2012_val_00024832.JPEG,n13037406,993,993,0.60764235,1,imagenet_c,defocus_blur,1,none
efficientnet_b4,ILSVRC2012_val_00026386.JPEG,n13037406,993,993,0.5769753,1,imagenet_c,defocus_blur,1,none
efficientnet_b4,ILSVRC2012_val_00028015.JPEG,n13037406,993,993,0.5691819,1,imagenet_c,defocus_blur,1,none
efficientnet_b4,ILSVRC2012_val_00028705.JPEG,n13037406,993,993,0.5970033,1,imagenet_c,defocus_blur,1,none
efficientnet_b4,ILSVRC2012_val_00028981.JPEG,n13037406,993,993,0.6941681,1,imagenet_c,defocus_blur,1,none
efficientnet_b4,ILSVRC2012_val_00029039.JPEG,n13037406,993,993,0.6365864,1,imagenet_c,defocus_blur,1,none
efficientnet_b4,ILSVRC2012_val_00030151.JPEG,n13037406,993,993,0.7307516,1,imagenet_c,defocus_blur,1,none
efficientnet_b4,ILSVRC2012_val_00031593.JPEG,n13037406,993,993,0.58015,1,imagenet_c,defocus_blur,1,none
efficientnet_b4,ILSVRC2012_val_00032838.JPEG,n13037406,993,993,0.6407873,1,imagenet_c,defocus_blur,1,none
efficientnet_b4,ILSVRC2012_val_00032971.JPEG,n13037406,993,993,0.6320435,1,imagenet_c,defocus_blur,1,none
efficientnet_b4,ILSVRC2012_val_00036663.JPEG,n13037406,993,993,0.54966736,1,imagenet_c,defocus_blur,1,none
efficientnet_b4,ILSVRC2012_val_00037308.JPEG,n13037406,993,993,0.63540095,1,imagenet_c,defocus_blur,1,none
efficientnet_b4,ILSVRC2012_val_00037521.JPEG,n13037406,993,993,0.6493722,1,imagenet_c,defocus_blur,1,none
efficientnet_b4,ILSVRC2012_val_00039675.JPEG,n13037406,993,993,0.58595264,1,imagenet_c,defocus_blur,1,none
efficientnet_b4,ILSVRC2012_val_00042292.JPEG,n13037406,993,993,0.6652931,1,imagenet_c,defocus_blur,1,none
efficientnet_b4,ILSVRC2012_val_00042619.JPEG,n13037406,993,993,0.71686375,1,imagenet_c,defocus_blur,1,none
efficientnet_b4,ILSVRC2012_val_00042738.JPEG,n13037406,993,993,0.71322966,1,imagenet_c,defocus_blur,1,none
efficientnet_b4,ILSVRC2012_val_00043026.JPEG,n13037406,993,993,0.6710036,1,imagenet_c,defocus_blur,1,none
efficientnet_b4,ILSVRC2012_val_00043208.JPEG,n13037406,993,993,0.45832247,1,imagenet_c,defocus_blur,1,none
efficientnet_b4,ILSVRC2012_val_00043934.JPEG,n13037406,993,993,0.5482143,1,imagenet_c,defocus_blur,1,none
efficientnet_b4,ILSVRC2012_val_00044596.JPEG,n13037406,993,993,0.6214068,1,imagenet_c,defocus_blur,1,none
efficientnet_b4,ILSVRC2012_val_00045729.JPEG,n13037406,993,993,0.72291183,1,imagenet_c,defocus_blur,1,none
efficientnet_b4,ILSVRC2012_val_00045909.JPEG,n13037406,993,993,0.05219522,1,imagenet_c,defocus_blur,1,none
efficientnet_b4,ILSVRC2012_val_00047998.JPEG,n13037406,993,993,0.5869391,1,imagenet_c,defocus_blur,1,none
efficientnet_b4,ILSVRC2012_val_00049249.JPEG,n13037406,993,993,0.60171056,1,imagenet_c,defocus_blur,1,none
efficientnet_b4,ILSVRC2012_val_00000058.JPEG,n13040303,994,994,0.58904034,1,imagenet_c,defocus_blur,1,none
efficientnet_b4,ILSVRC2012_val_00000705.JPEG,n13040303,994,994,0.52128077,1,imagenet_c,defocus_blur,1,none
efficientnet_b4,ILSVRC2012_val_00000967.JPEG,n13040303,994,997,0.1581447,0,imagenet_c,defocus_blur,1,none
efficientnet_b4,ILSVRC2012_val_00001743.JPEG,n13040303,994,994,0.62615097,1,imagenet_c,defocus_blur,1,none
efficientnet_b4,ILSVRC2012_val_00002608.JPEG,n13040303,994,994,0.6983412,1,imagenet_c,defocus_blur,1,none
efficientnet_b4,ILSVRC2012_val_00003948.JPEG,n13040303,994,994,0.45236027,1,imagenet_c,defocus_blur,1,none
efficientnet_b4,ILSVRC2012_val_00004640.JPEG,n13040303,994,994,0.2130482,1,imagenet_c,defocus_blur,1,none
efficientnet_b4,ILSVRC2012_val_00005844.JPEG,n13040303,994,994,0.5585811,1,imagenet_c,defocus_blur,1,none
efficientnet_b4,ILSVRC2012_val_00005957.JPEG,n13040303,994,994,0.4825045,1,imagenet_c,defocus_blur,1,none
efficientnet_b4,ILSVRC2012_val_00007007.JPEG,n13040303,994,994,0.71556365,1,imagenet_c,defocus_blur,1,none
efficientnet_b4,ILSVRC2012_val_00008821.JPEG,n13040303,994,994,0.457003,1,imagenet_c,defocus_blur,1,none
efficientnet_b4,ILSVRC2012_val_00010863.JPEG,n13040303,994,994,0.41018444,1,imagenet_c,defocus_blur,1,none
efficientnet_b4,ILSVRC2012_val_00012049.JPEG,n13040303,994,994,0.50481117,1,imagenet_c,defocus_blur,1,none
efficientnet_b4,ILSVRC2012_val_00013662.JPEG,n13040303,994,994,0.5037348,1,imagenet_c,defocus_blur,1,none
efficientnet_b4,ILSVRC2012_val_00014746.JPEG,n13040303,994,994,0.29833958,1,imagenet_c,defocus_blur,1,none
efficientnet_b4,ILSVRC2012_val_00014878.JPEG,n13040303,994,994,0.58286667,1,imagenet_c,defocus_blur,1,none
efficientnet_b4,ILSVRC2012_val_00015916.JPEG,n13040303,994,994,0.5707221,1,imagenet_c,defocus_blur,1,none
efficientnet_b4,ILSVRC2012_val_00017416.JPEG,n13040303,994,994,0.5396683,1,imagenet_c,defocus_blur,1,none
efficientnet_b4,ILSVRC2012_val_00017981.JPEG,n13040303,994,994,0.39548573,1,imagenet_c,defocus_blur,1,none
efficientnet_b4,ILSVRC2012_val_00018306.JPEG,n13040303,994,994,0.56278497,1,imagenet_c,defocus_blur,1,none
efficientnet_b4,ILSVRC2012_val_00019089.JPEG,n13040303,994,994,0.53127575,1,imagenet_c,defocus_blur,1,none
efficientnet_b4,ILSVRC2012_val_00019185.JPEG,n13040303,994,994,0.46165046,1,imagenet_c,defocus_blur,1,none
efficientnet_b4,ILSVRC2012_val_00019406.JPEG,n13040303,994,995,0.089121856,0,imagenet_c,defocus_blur,1,none
efficientnet_b4,ILSVRC2012_val_00019555.JPEG,n13040303,994,994,0.43709618,1,imagenet_c,defocus_blur,1,none
efficientnet_b4,ILSVRC2012_val_00019571.JPEG,n13040303,994,994,0.6358293,1,imagenet_c,defocus_blur,1,none
efficientnet_b4,ILSVRC2012_val_00020807.JPEG,n13040303,994,994,0.5320385,1,imagenet_c,defocus_blur,1,none
efficientnet_b4,ILSVRC2012_val_00021034.JPEG,n13040303,994,994,0.6674333,1,imagenet_c,defocus_blur,1,none
efficientnet_b4,ILSVRC2012_val_00021676.JPEG,n13040303,994,994,0.56979984,1,imagenet_c,defocus_blur,1,none
efficientnet_b4,ILSVRC2012_val_00021986.JPEG,n13040303,994,994,0.47681624,1,imagenet_c,defocus_blur,1,none
efficientnet_b4,ILSVRC2012_val_00022663.JPEG,n13040303,994,994,0.49114504,1,imagenet_c,defocus_blur,1,none
efficientnet_b4,ILSVRC2012_val_00023432.JPEG,n13040303,994,994,0.53946525,1,imagenet_c,defocus_blur,1,none
efficientnet_b4,ILSVRC2012_val_00024280.JPEG,n13040303,994,995,0.31830817,0,imagenet_c,defocus_blur,1,none
efficientnet_b4,ILSVRC2012_val_00024883.JPEG,n13040303,994,994,0.40948206,1,imagenet_c,defocus_blur,1,none
efficientnet_b4,ILSVRC2012_val_00025446.JPEG,n13040303,994,994,0.48999822,1,imagenet_c,defocus_blur,1,none
efficientnet_b4,ILSVRC2012_val_00025584.JPEG,n13040303,994,994,0.4064301,1,imagenet_c,defocus_blur,1,none
efficientnet_b4,ILSVRC2012_val_00026316.JPEG,n13040303,994,994,0.44165984,1,imagenet_c,defocus_blur,1,none
efficientnet_b4,ILSVRC2012_val_00027169.JPEG,n13040303,994,994,0.45701155,1,imagenet_c,defocus_blur,1,none
efficientnet_b4,ILSVRC2012_val_00029290.JPEG,n13040303,994,994,0.35547364,1,imagenet_c,defocus_blur,1,none
efficientnet_b4,ILSVRC2012_val_00029304.JPEG,n13040303,994,994,0.25410795,1,imagenet_c,defocus_blur,1,none
efficientnet_b4,ILSVRC2012_val_00029762.JPEG,n13040303,994,994,0.53089947,1,imagenet_c,defocus_blur,1,none
efficientnet_b4,ILSVRC2012_val_00036514.JPEG,n13040303,994,994,0.43231526,1,imagenet_c,defocus_blur,1,none
efficientnet_b4,ILSVRC2012_val_00038598.JPEG,n13040303,994,994,0.34084097,1,imagenet_c,defocus_blur,1,none
efficientnet_b4,ILSVRC2012_val_00041673.JPEG,n13040303,994,994,0.39708912,1,imagenet_c,defocus_blur,1,none
efficientnet_b4,ILSVRC2012_val_00042399.JPEG,n13040303,994,994,0.55453444,1,imagenet_c,defocus_blur,1,none
efficientnet_b4,ILSVRC2012_val_00045228.JPEG,n13040303,994,993,0.4565217,0,imagenet_c,defocus_blur,1,none
efficientnet_b4,ILSVRC2012_val_00045752.JPEG,n13040303,994,994,0.48040313,1,imagenet_c,defocus_blur,1,none
efficientnet_b4,ILSVRC2012_val_00046858.JPEG,n13040303,994,994,0.35519755,1,imagenet_c,defocus_blur,1,none
efficientnet_b4,ILSVRC2012_val_00047949.JPEG,n13040303,994,994,0.3968508,1,imagenet_c,defocus_blur,1,none
efficientnet_b4,ILSVRC2012_val_00048153.JPEG,n13040303,994,994,0.5924935,1,imagenet_c,defocus_blur,1,none
efficientnet_b4,ILSVRC2012_val_00049644.JPEG,n13040303,994,947,0.4406682,0,imagenet_c,defocus_blur,1,none
efficientnet_b4,ILSVRC2012_val_00000755.JPEG,n13044778,995,995,0.72652817,1,imagenet_c,defocus_blur,1,none
efficientnet_b4,ILSVRC2012_val_00004629.JPEG,n13044778,995,995,0.5078543,1,imagenet_c,defocus_blur,1,none
efficientnet_b4,ILSVRC2012_val_00005288.JPEG,n13044778,995,995,0.560874,1,imagenet_c,defocus_blur,1,none
efficientnet_b4,ILSVRC2012_val_00007306.JPEG,n13044778,995,995,0.65032476,1,imagenet_c,defocus_blur,1,none
efficientnet_b4,ILSVRC2012_val_00008750.JPEG,n13044778,995,995,0.66729575,1,imagenet_c,defocus_blur,1,none
efficientnet_b4,ILSVRC2012_val_00009322.JPEG,n13044778,995,995,0.6577619,1,imagenet_c,defocus_blur,1,none
efficientnet_b4,ILSVRC2012_val_00009454.JPEG,n13044778,995,995,0.6097154,1,imagenet_c,defocus_blur,1,none
efficientnet_b4,ILSVRC2012_val_00009582.JPEG,n13044778,995,995,0.6464035,1,imagenet_c,defocus_blur,1,none
efficientnet_b4,ILSVRC2012_val_00011025.JPEG,n13044778,995,995,0.59730357,1,imagenet_c,defocus_blur,1,none
efficientnet_b4,ILSVRC2012_val_00012826.JPEG,n13044778,995,995,0.5306227,1,imagenet_c,defocus_blur,1,none
efficientnet_b4,ILSVRC2012_val_00012961.JPEG,n13044778,995,995,0.65017384,1,imagenet_c,defocus_blur,1,none
efficientnet_b4,ILSVRC2012_val_00014349.JPEG,n13044778,995,995,0.62929493,1,imagenet_c,defocus_blur,1,none
efficientnet_b4,ILSVRC2012_val_00015906.JPEG,n13044778,995,995,0.61825633,1,imagenet_c,defocus_blur,1,none
efficientnet_b4,ILSVRC2012_val_00017467.JPEG,n13044778,995,995,0.6292815,1,imagenet_c,defocus_blur,1,none
efficientnet_b4,ILSVRC2012_val_00018539.JPEG,n13044778,995,995,0.59865147,1,imagenet_c,defocus_blur,1,none
efficientnet_b4,ILSVRC2012_val_00018955.JPEG,n13044778,995,995,0.5178422,1,imagenet_c,defocus_blur,1,none
efficientnet_b4,ILSVRC2012_val_00019186.JPEG,n13044778,995,995,0.61913675,1,imagenet_c,defocus_blur,1,none
efficientnet_b4,ILSVRC2012_val_00022096.JPEG,n13044778,995,995,0.54189944,1,imagenet_c,defocus_blur,1,none
efficientnet_b4,ILSVRC2012_val_00022536.JPEG,n13044778,995,995,0.54387975,1,imagenet_c,defocus_blur,1,none
efficientnet_b4,ILSVRC2012_val_00024812.JPEG,n13044778,995,995,0.62633413,1,imagenet_c,defocus_blur,1,none
efficientnet_b4,ILSVRC2012_val_00025338.JPEG,n13044778,995,995,0.62707084,1,imagenet_c,defocus_blur,1,none
efficientnet_b4,ILSVRC2012_val_00026227.JPEG,n13044778,995,995,0.63907695,1,imagenet_c,defocus_blur,1,none
efficientnet_b4,ILSVRC2012_val_00026455.JPEG,n13044778,995,995,0.147897,1,imagenet_c,defocus_blur,1,none
efficientnet_b4,ILSVRC2012_val_00026554.JPEG,n13044778,995,995,0.58043206,1,imagenet_c,defocus_blur,1,none
efficientnet_b4,ILSVRC2012_val_00027611.JPEG,n13044778,995,995,0.59568435,1,imagenet_c,defocus_blur,1,none
efficientnet_b4,ILSVRC2012_val_00027938.JPEG,n13044778,995,995,0.6808787,1,imagenet_c,defocus_blur,1,none
efficientnet_b4,ILSVRC2012_val_00028286.JPEG,n13044778,995,995,0.7073479,1,imagenet_c,defocus_blur,1,none
efficientnet_b4,ILSVRC2012_val_00030653.JPEG,n13044778,995,995,0.6424242,1,imagenet_c,defocus_blur,1,none
efficientnet_b4,ILSVRC2012_val_00032750.JPEG,n13044778,995,995,0.567736,1,imagenet_c,defocus_blur,1,none
efficientnet_b4,ILSVRC2012_val_00034526.JPEG,n13044778,995,995,0.56574064,1,imagenet_c,defocus_blur,1,none
efficientnet_b4,ILSVRC2012_val_00036170.JPEG,n13044778,995,995,0.5643169,1,imagenet_c,defocus_blur,1,none
efficientnet_b4,ILSVRC2012_val_00037120.JPEG,n13044778,995,996,0.4572482,0,imagenet_c,defocus_blur,1,none
efficientnet_b4,ILSVRC2012_val_00037473.JPEG,n13044778,995,995,0.60530555,1,imagenet_c,defocus_blur,1,none
efficientnet_b4,ILSVRC2012_val_00039214.JPEG,n13044778,995,995,0.630086,1,imagenet_c,defocus_blur,1,none
efficientnet_b4,ILSVRC2012_val_00039327.JPEG,n13044778,995,995,0.5498553,1,imagenet_c,defocus_blur,1,none
efficientnet_b4,ILSVRC2012_val_00040485.JPEG,n13044778,995,995,0.6159199,1,imagenet_c,defocus_blur,1,none
efficientnet_b4,ILSVRC2012_val_00040976.JPEG,n13044778,995,995,0.6251731,1,imagenet_c,defocus_blur,1,none
efficientnet_b4,ILSVRC2012_val_00041345.JPEG,n13044778,995,995,0.49821872,1,imagenet_c,defocus_blur,1,none
efficientnet_b4,ILSVRC2012_val_00041738.JPEG,n13044778,995,995,0.6587209,1,imagenet_c,defocus_blur,1,none
efficientnet_b4,ILSVRC2012_val_00041841.JPEG,n13044778,995,995,0.59980285,1,imagenet_c,defocus_blur,1,none
efficientnet_b4,ILSVRC2012_val_00042840.JPEG,n13044778,995,995,0.6152685,1,imagenet_c,defocus_blur,1,none
efficientnet_b4,ILSVRC2012_val_00043263.JPEG,n13044778,995,995,0.668638,1,imagenet_c,defocus_blur,1,none
efficientnet_b4,ILSVRC2012_val_00043944.JPEG,n13044778,995,995,0.62412614,1,imagenet_c,defocus_blur,1,none
efficientnet_b4,ILSVRC2012_val_00044494.JPEG,n13044778,995,995,0.6817202,1,imagenet_c,defocus_blur,1,none
efficientnet_b4,ILSVRC2012_val_00044746.JPEG,n13044778,995,995,0.7013517,1,imagenet_c,defocus_blur,1,none
efficientnet_b4,ILSVRC2012_val_00046743.JPEG,n13044778,995,995,0.65725195,1,imagenet_c,defocus_blur,1,none
efficientnet_b4,ILSVRC2012_val_00046820.JPEG,n13044778,995,995,0.6378717,1,imagenet_c,defocus_blur,1,none
efficientnet_b4,ILSVRC2012_val_00048378.JPEG,n13044778,995,995,0.72615904,1,imagenet_c,defocus_blur,1,none
efficientnet_b4,ILSVRC2012_val_00049651.JPEG,n13044778,995,995,0.6135793,1,imagenet_c,defocus_blur,1,none
efficientnet_b4,ILSVRC2012_val_00049858.JPEG,n13044778,995,995,0.5531447,1,imagenet_c,defocus_blur,1,none
efficientnet_b4,ILSVRC2012_val_00002167.JPEG,n13052670,996,996,0.35918164,1,imagenet_c,defocus_blur,1,none
efficientnet_b4,ILSVRC2012_val_00002537.JPEG,n13052670,996,996,0.7061908,1,imagenet_c,defocus_blur,1,none
efficientnet_b4,ILSVRC2012_val_00002575.JPEG,n13052670,996,996,0.38993272,1,imagenet_c,defocus_blur,1,none
efficientnet_b4,ILSVRC2012_val_00005010.JPEG,n13052670,996,996,0.30345997,1,imagenet_c,defocus_blur,1,none
efficientnet_b4,ILSVRC2012_val_00005549.JPEG,n13052670,996,305,0.030088605,0,imagenet_c,defocus_blur,1,none
efficientnet_b4,ILSVRC2012_val_00006335.JPEG,n13052670,996,996,0.032223377,1,imagenet_c,defocus_blur,1,none
efficientnet_b4,ILSVRC2012_val_00006421.JPEG,n13052670,996,996,0.6708536,1,imagenet_c,defocus_blur,1,none
efficientnet_b4,ILSVRC2012_val_00007282.JPEG,n13052670,996,996,0.6747305,1,imagenet_c,defocus_blur,1,none
efficientnet_b4,ILSVRC2012_val_00008112.JPEG,n13052670,996,996,0.809999,1,imagenet_c,defocus_blur,1,none
efficientnet_b4,ILSVRC2012_val_00008275.JPEG,n13052670,996,993,0.4721607,0,imagenet_c,defocus_blur,1,none
efficientnet_b4,ILSVRC2012_val_00012630.JPEG,n13052670,996,269,0.020396968,0,imagenet_c,defocus_blur,1,none
efficientnet_b4,ILSVRC2012_val_00013612.JPEG,n13052670,996,956,0.19901426,0,imagenet_c,defocus_blur,1,none
efficientnet_b4,ILSVRC2012_val_00014556.JPEG,n13052670,996,964,0.2399415,0,imagenet_c,defocus_blur,1,none
efficientnet_b4,ILSVRC2012_val_00015104.JPEG,n13052670,996,996,0.7573131,1,imagenet_c,defocus_blur,1,none
efficientnet_b4,ILSVRC2012_val_00016544.JPEG,n13052670,996,996,0.027309095,1,imagenet_c,defocus_blur,1,none
efficientnet_b4,ILSVRC2012_val_00016708.JPEG,n13052670,996,956,0.16473745,0,imagenet_c,defocus_blur,1,none
efficientnet_b4,ILSVRC2012_val_00017080.JPEG,n13052670,996,20,0.063591026,0,imagenet_c,defocus_blur,1,none
efficientnet_b4,ILSVRC2012_val_00017210.JPEG,n13052670,996,996,0.75601065,1,imagenet_c,defocus_blur,1,none
efficientnet_b4,ILSVRC2012_val_00018543.JPEG,n13052670,996,996,0.31811598,1,imagenet_c,defocus_blur,1,none
efficientnet_b4,ILSVRC2012_val_00018785.JPEG,n13052670,996,996,0.59620076,1,imagenet_c,defocus_blur,1,none
efficientnet_b4,ILSVRC2012_val_00019422.JPEG,n13052670,996,996,0.18469377,1,imagenet_c,defocus_blur,1,none
efficientnet_b4,ILSVRC2012_val_00020231.JPEG,n13052670,996,996,0.3979829,1,imagenet_c,defocus_blur,1,none
efficientnet_b4,ILSVRC2012_val_00020929.JPEG,n13052670,996,996,0.6756647,1,imagenet_c,defocus_blur,1,none
efficientnet_b4,ILSVRC2012_val_00021411.JPEG,n13052670,996,996,0.5294687,1,imagenet_c,defocus_blur,1,none
efficientnet_b4,ILSVRC2012_val_00022641.JPEG,n13052670,996,996,0.6790092,1,imagenet_c,defocus_blur,1,none
efficientnet_b4,ILSVRC2012_val_00022963.JPEG,n13052670,996,996,0.49828553,1,imagenet_c,defocus_blur,1,none
efficientnet_b4,ILSVRC2012_val_00023797.JPEG,n13052670,996,996,0.52137804,1,imagenet_c,defocus_blur,1,none
efficientnet_b4,ILSVRC2012_val_00025742.JPEG,n13052670,996,996,0.09086019,1,imagenet_c,defocus_blur,1,none
efficientnet_b4,ILSVRC2012_val_00026007.JPEG,n13052670,996,996,0.38172483,1,imagenet_c,defocus_blur,1,none
efficientnet_b4,ILSVRC2012_val_00027885.JPEG,n13052670,996,996,0.6297594,1,imagenet_c,defocus_blur,1,none
efficientnet_b4,ILSVRC2012_val_00027909.JPEG,n13052670,996,996,0.6539899,1,imagenet_c,defocus_blur,1,none
efficientnet_b4,ILSVRC2012_val_00031669.JPEG,n13052670,996,996,0.6517054,1,imagenet_c,defocus_blur,1,none
efficientnet_b4,ILSVRC2012_val_00031921.JPEG,n13052670,996,996,0.7292994,1,imagenet_c,defocus_blur,1,none
efficientnet_b4,ILSVRC2012_val_00032695.JPEG,n13052670,996,996,0.73735505,1,imagenet_c,defocus_blur,1,none
efficientnet_b4,ILSVRC2012_val_00033352.JPEG,n13052670,996,996,0.63339233,1,imagenet_c,defocus_blur,1,none
efficientnet_b4,ILSVRC2012_val_00034099.JPEG,n13052670,996,523,0.06162414,0,imagenet_c,defocus_blur,1,none
efficientnet_b4,ILSVRC2012_val_00035159.JPEG,n13052670,996,996,0.61585504,1,imagenet_c,defocus_blur,1,none
efficientnet_b4,ILSVRC2012_val_00035340.JPEG,n13052670,996,996,0.7502923,1,imagenet_c,defocus_blur,1,none
efficientnet_b4,ILSVRC2012_val_00035934.JPEG,n13052670,996,996,0.63019514,1,imagenet_c,defocus_blur,1,none
efficientnet_b4,ILSVRC2012_val_00036976.JPEG,n13052670,996,996,0.6031188,1,imagenet_c,defocus_blur,1,none
efficientnet_b4,ILSVRC2012_val_00038327.JPEG,n13052670,996,996,0.77651244,1,imagenet_c,defocus_blur,1,none
efficientnet_b4,ILSVRC2012_val_00038713.JPEG,n13052670,996,996,0.56237847,1,imagenet_c,defocus_blur,1,none
efficientnet_b4,ILSVRC2012_val_00039616.JPEG,n13052670,996,996,0.3641332,1,imagenet_c,defocus_blur,1,none
efficientnet_b4,ILSVRC2012_val_00040758.JPEG,n13052670,996,996,0.636503,1,imagenet_c,defocus_blur,1,none
efficientnet_b4,ILSVRC2012_val_00040793.JPEG,n13052670,996,336,0.075515985,0,imagenet_c,defocus_blur,1,none
efficientnet_b4,ILSVRC2012_val_00041075.JPEG,n13052670,996,956,0.18179826,0,imagenet_c,defocus_blur,1,none
efficientnet_b4,ILSVRC2012_val_00041281.JPEG,n13052670,996,996,0.2912014,1,imagenet_c,defocus_blur,1,none
efficientnet_b4,ILSVRC2012_val_00045973.JPEG,n13052670,996,996,0.861763,1,imagenet_c,defocus_blur,1,none
efficientnet_b4,ILSVRC2012_val_00047179.JPEG,n13052670,996,996,0.53302723,1,imagenet_c,defocus_blur,1,none
efficientnet_b4,ILSVRC2012_val_00048466.JPEG,n13052670,996,596,0.21701615,0,imagenet_c,defocus_blur,1,none
efficientnet_b4,ILSVRC2012_val_00001362.JPEG,n13054560,997,997,0.29996014,1,imagenet_c,defocus_blur,1,none
efficientnet_b4,ILSVRC2012_val_00002653.JPEG,n13054560,997,997,0.38763446,1,imagenet_c,defocus_blur,1,none
efficientnet_b4,ILSVRC2012_val_00004472.JPEG,n13054560,997,997,0.4930602,1,imagenet_c,defocus_blur,1,none
efficientnet_b4,ILSVRC2012_val_00004690.JPEG,n13054560,997,952,0.2893873,0,imagenet_c,defocus_blur,1,none
efficientnet_b4,ILSVRC2012_val_00004877.JPEG,n13054560,997,947,0.1984714,0,imagenet_c,defocus_blur,1,none
efficientnet_b4,ILSVRC2012_val_00007572.JPEG,n13054560,997,997,0.14070296,1,imagenet_c,defocus_blur,1,none
efficientnet_b4,ILSVRC2012_val_00009020.JPEG,n13054560,997,997,0.23821662,1,imagenet_c,defocus_blur,1,none
efficientnet_b4,ILSVRC2012_val_00010280.JPEG,n13054560,997,997,0.34376448,1,imagenet_c,defocus_blur,1,none
efficientnet_b4,ILSVRC2012_val_00011086.JPEG,n13054560,997,997,0.40486693,1,imagenet_c,defocus_blur,1,none
efficientnet_b4,ILSVRC2012_val_00011333.JPEG,n13054560,997,997,0.32764363,1,imagenet_c,defocus_blur,1,none
efficientnet_b4,ILSVRC2012_val_00015530.JPEG,n13054560,997,996,0.15904984,0,imagenet_c,defocus_blur,1,none
efficientnet_b4,ILSVRC2012_val_00015978.JPEG,n13054560,997,997,0.6043231,1,imagenet_c,defocus_blur,1,none
efficientnet_b4,ILSVRC2012_val_00016153.JPEG,n13054560,997,997,0.24666283,1,imagenet_c,defocus_blur,1,none
efficientnet_b4,ILSVRC2012_val_00019196.JPEG,n13054560,997,997,0.24483871,1,imagenet_c,defocus_blur,1,none
efficientnet_b4,ILSVRC2012_val_00019523.JPEG,n13054560,997,997,0.64761657,1,imagenet_c,defocus_blur,1,none
efficientnet_b4,ILSVRC2012_val_00019615.JPEG,n13054560,997,992,0.14346822,0,imagenet_c,defocus_blur,1,none
efficientnet_b4,ILSVRC2012_val_00020221.JPEG,n13054560,997,947,0.2195253,0,imagenet_c,defocus_blur,1,none
efficientnet_b4,ILSVRC2012_val_00020771.JPEG,n13054560,997,995,0.28906116,0,imagenet_c,defocus_blur,1,none
efficientnet_b4,ILSVRC2012_val_00021491.JPEG,n13054560,997,996,0.8173469,0,imagenet_c,defocus_blur,1,none
efficientnet_b4,ILSVRC2012_val_00022724.JPEG,n13054560,997,947,0.32718453,0,imagenet_c,defocus_blur,1,none
efficientnet_b4,ILSVRC2012_val_00022839.JPEG,n13054560,997,997,0.45255756,1,imagenet_c,defocus_blur,1,none
efficientnet_b4,ILSVRC2012_val_00025070.JPEG,n13054560,997,996,0.28698486,0,imagenet_c,defocus_blur,1,none
efficientnet_b4,ILSVRC2012_val_00025267.JPEG,n13054560,997,992,0.23486875,0,imagenet_c,defocus_blur,1,none
efficientnet_b4,ILSVRC2012_val_00025648.JPEG,n13054560,997,997,0.6673084,1,imagenet_c,defocus_blur,1,none
efficientnet_b4,ILSVRC2012_val_00026665.JPEG,n13054560,997,997,0.4511362,1,imagenet_c,defocus_blur,1,none
efficientnet_b4,ILSVRC2012_val_00030181.JPEG,n13054560,997,997,0.252206,1,imagenet_c,defocus_blur,1,none
efficientnet_b4,ILSVRC2012_val_00031250.JPEG,n13054560,997,930,0.1406629,0,imagenet_c,defocus_blur,1,none
efficientnet_b4,ILSVRC2012_val_00031924.JPEG,n13054560,997,994,0.28173575,0,imagenet_c,defocus_blur,1,none
efficientnet_b4,ILSVRC2012_val_00032654.JPEG,n13054560,997,997,0.38604325,1,imagenet_c,defocus_blur,1,none
efficientnet_b4,ILSVRC2012_val_00033740.JPEG,n13054560,997,997,0.5399005,1,imagenet_c,defocus_blur,1,none
efficientnet_b4,ILSVRC2012_val_00034614.JPEG,n13054560,997,997,0.5425175,1,imagenet_c,defocus_blur,1,none
efficientnet_b4,ILSVRC2012_val_00035125.JPEG,n13054560,997,997,0.45693052,1,imagenet_c,defocus_blur,1,none
efficientnet_b4,ILSVRC2012_val_00035845.JPEG,n13054560,997,997,0.4195778,1,imagenet_c,defocus_blur,1,none
efficientnet_b4,ILSVRC2012_val_00036596.JPEG,n13054560,997,31,0.072666906,0,imagenet_c,defocus_blur,1,none
efficientnet_b4,ILSVRC2012_val_00037227.JPEG,n13054560,997,947,0.20871492,0,imagenet_c,defocus_blur,1,none
efficientnet_b4,ILSVRC2012_val_00037445.JPEG,n13054560,997,997,0.21366367,1,imagenet_c,defocus_blur,1,none
efficientnet_b4,ILSVRC2012_val_00038962.JPEG,n13054560,997,997,0.5915255,1,imagenet_c,defocus_blur,1,none
efficientnet_b4,ILSVRC2012_val_00039223.JPEG,n13054560,997,997,0.15109546,1,imagenet_c,defocus_blur,1,none
efficientnet_b4,ILSVRC2012_val_00040478.JPEG,n13054560,997,993,0.2057657,0,imagenet_c,defocus_blur,1,none
efficientnet_b4,ILSVRC2012_val_00042631.JPEG,n13054560,997,997,0.57608384,1,imagenet_c,defocus_blur,1,none
efficientnet_b4,ILSVRC2012_val_00042718.JPEG,n13054560,997,574,0.20081349,0,imagenet_c,defocus_blur,1,none
efficientnet_b4,ILSVRC2012_val_00043080.JPEG,n13054560,997,997,0.5121261,1,imagenet_c,defocus_blur,1,none
efficientnet_b4,ILSVRC2012_val_00043243.JPEG,n13054560,997,997,0.35809347,1,imagenet_c,defocus_blur,1,none
efficientnet_b4,ILSVRC2012_val_00045498.JPEG,n13054560,997,997,0.27929717,1,imagenet_c,defocus_blur,1,none
efficientnet_b4,ILSVRC2012_val_00046866.JPEG,n13054560,997,997,0.6244053,1,imagenet_c,defocus_blur,1,none
efficientnet_b4,ILSVRC2012_val_00048003.JPEG,n13054560,997,990,0.34457153,0,imagenet_c,defocus_blur,1,none
efficientnet_b4,ILSVRC2012_val_00048207.JPEG,n13054560,997,997,0.63356096,1,imagenet_c,defocus_blur,1,none
efficientnet_b4,ILSVRC2012_val_00048790.JPEG,n13054560,997,997,0.5700454,1,imagenet_c,defocus_blur,1,none
efficientnet_b4,ILSVRC2012_val_00048928.JPEG,n13054560,997,992,0.4177853,0,imagenet_c,defocus_blur,1,none
efficientnet_b4,ILSVRC2012_val_00049524.JPEG,n13054560,997,997,0.62080854,1,imagenet_c,defocus_blur,1,none
efficientnet_b4,ILSVRC2012_val_00000408.JPEG,n13133613,998,998,0.36606437,1,imagenet_c,defocus_blur,1,none
efficientnet_b4,ILSVRC2012_val_00000412.JPEG,n13133613,998,998,0.5232802,1,imagenet_c,defocus_blur,1,none
efficientnet_b4,ILSVRC2012_val_00000616.JPEG,n13133613,998,998,0.18526804,1,imagenet_c,defocus_blur,1,none
efficientnet_b4,ILSVRC2012_val_00000989.JPEG,n13133613,998,998,0.19554274,1,imagenet_c,defocus_blur,1,none
efficientnet_b4,ILSVRC2012_val_00001880.JPEG,n13133613,998,582,0.068830475,0,imagenet_c,defocus_blur,1,none
efficientnet_b4,ILSVRC2012_val_00003423.JPEG,n13133613,998,998,0.47180972,1,imagenet_c,defocus_blur,1,none
efficientnet_b4,ILSVRC2012_val_00008281.JPEG,n13133613,998,998,0.4824737,1,imagenet_c,defocus_blur,1,none
efficientnet_b4,ILSVRC2012_val_00008325.JPEG,n13133613,998,998,0.19863442,1,imagenet_c,defocus_blur,1,none
efficientnet_b4,ILSVRC2012_val_00008440.JPEG,n13133613,998,998,0.21193007,1,imagenet_c,defocus_blur,1,none
efficientnet_b4,ILSVRC2012_val_00009549.JPEG,n13133613,998,987,0.33378884,0,imagenet_c,defocus_blur,1,none
efficientnet_b4,ILSVRC2012_val_00010376.JPEG,n13133613,998,812,0.103723146,0,imagenet_c,defocus_blur,1,none
efficientnet_b4,ILSVRC2012_val_00011122.JPEG,n13133613,998,998,0.3243414,1,imagenet_c,defocus_blur,1,none
efficientnet_b4,ILSVRC2012_val_00012125.JPEG,n13133613,998,987,0.3376979,0,imagenet_c,defocus_blur,1,none
efficientnet_b4,ILSVRC2012_val_00012688.JPEG,n13133613,998,335,0.32253116,0,imagenet_c,defocus_blur,1,none
efficientnet_b4,ILSVRC2012_val_00013040.JPEG,n13133613,998,998,0.31146157,1,imagenet_c,defocus_blur,1,none
efficientnet_b4,ILSVRC2012_val_00013238.JPEG,n13133613,998,998,0.4405492,1,imagenet_c,defocus_blur,1,none
efficientnet_b4,ILSVRC2012_val_00013710.JPEG,n13133613,998,998,0.044016108,1,imagenet_c,defocus_blur,1,none
efficientnet_b4,ILSVRC2012_val_00015477.JPEG,n13133613,998,998,0.23109467,1,imagenet_c,defocus_blur,1,none
efficientnet_b4,ILSVRC2012_val_00017337.JPEG,n13133613,998,930,0.5268311,0,imagenet_c,defocus_blur,1,none
efficientnet_b4,ILSVRC2012_val_00018078.JPEG,n13133613,998,987,0.2910032,0,imagenet_c,defocus_blur,1,none
efficientnet_b4,ILSVRC2012_val_00019877.JPEG,n13133613,998,998,0.21546409,1,imagenet_c,defocus_blur,1,none
efficientnet_b4,ILSVRC2012_val_00022212.JPEG,n13133613,998,998,0.35120744,1,imagenet_c,defocus_blur,1,none
efficientnet_b4,ILSVRC2012_val_00022466.JPEG,n13133613,998,998,0.5004307,1,imagenet_c,defocus_blur,1,none
efficientnet_b4,ILSVRC2012_val_00023439.JPEG,n13133613,998,937,0.18692748,0,imagenet_c,defocus_blur,1,none
efficientnet_b4,ILSVRC2012_val_00025079.JPEG,n13133613,998,998,0.28635502,1,imagenet_c,defocus_blur,1,none
efficientnet_b4,ILSVRC2012_val_00025191.JPEG,n13133613,998,122,0.055731624,0,imagenet_c,defocus_blur,1,none
efficientnet_b4,ILSVRC2012_val_00025296.JPEG,n13133613,998,998,0.36337972,1,imagenet_c,defocus_blur,1,none
efficientnet_b4,ILSVRC2012_val_00025432.JPEG,n13133613,998,987,0.2918817,0,imagenet_c,defocus_blur,1,none
efficientnet_b4,ILSVRC2012_val_00027902.JPEG,n13133613,998,862,0.07487222,0,imagenet_c,defocus_blur,1,none
efficientnet_b4,ILSVRC2012_val_00029871.JPEG,n13133613,998,998,0.38690978,1,imagenet_c,defocus_blur,1,none
efficientnet_b4,ILSVRC2012_val_00032363.JPEG,n13133613,998,998,0.3110005,1,imagenet_c,defocus_blur,1,none
efficientnet_b4,ILSVRC2012_val_00033353.JPEG,n13133613,998,998,0.15973024,1,imagenet_c,defocus_blur,1,none
efficientnet_b4,ILSVRC2012_val_00034855.JPEG,n13133613,998,923,0.17531183,0,imagenet_c,defocus_blur,1,none
efficientnet_b4,ILSVRC2012_val_00035971.JPEG,n13133613,998,987,0.48017415,0,imagenet_c,defocus_blur,1,none
efficientnet_b4,ILSVRC2012_val_00037503.JPEG,n13133613,998,998,0.22394158,1,imagenet_c,defocus_blur,1,none
efficientnet_b4,ILSVRC2012_val_00037591.JPEG,n13133613,998,939,0.10774203,0,imagenet_c,defocus_blur,1,none
efficientnet_b4,ILSVRC2012_val_00039251.JPEG,n13133613,998,998,0.5198812,1,imagenet_c,defocus_blur,1,none
efficientnet_b4,ILSVRC2012_val_00039373.JPEG,n13133613,998,998,0.35926446,1,imagenet_c,defocus_blur,1,none
efficientnet_b4,ILSVRC2012_val_00039722.JPEG,n13133613,998,998,0.44048432,1,imagenet_c,defocus_blur,1,none
efficientnet_b4,ILSVRC2012_val_00042321.JPEG,n13133613,998,987,0.6407354,0,imagenet_c,defocus_blur,1,none
efficientnet_b4,ILSVRC2012_val_00042843.JPEG,n13133613,998,998,0.2550165,1,imagenet_c,defocus_blur,1,none
efficientnet_b4,ILSVRC2012_val_00043235.JPEG,n13133613,998,998,0.2908775,1,imagenet_c,defocus_blur,1,none
efficientnet_b4,ILSVRC2012_val_00043989.JPEG,n13133613,998,66,0.1328989,0,imagenet_c,defocus_blur,1,none
efficientnet_b4,ILSVRC2012_val_00045284.JPEG,n13133613,998,998,0.2484484,1,imagenet_c,defocus_blur,1,none
efficientnet_b4,ILSVRC2012_val_00045809.JPEG,n13133613,998,998,0.1633669,1,imagenet_c,defocus_blur,1,none
efficientnet_b4,ILSVRC2012_val_00046115.JPEG,n13133613,998,998,0.23113878,1,imagenet_c,defocus_blur,1,none
efficientnet_b4,ILSVRC2012_val_00046871.JPEG,n13133613,998,813,0.5286478,0,imagenet_c,defocus_blur,1,none
efficientnet_b4,ILSVRC2012_val_00047190.JPEG,n13133613,998,10,0.04194163,0,imagenet_c,defocus_blur,1,none
efficientnet_b4,ILSVRC2012_val_00047388.JPEG,n13133613,998,987,0.29117927,0,imagenet_c,defocus_blur,1,none
efficientnet_b4,ILSVRC2012_val_00049555.JPEG,n13133613,998,998,0.35039532,1,imagenet_c,defocus_blur,1,none
efficientnet_b4,ILSVRC2012_val_00001079.JPEG,n15075141,999,878,0.3436196,0,imagenet_c,defocus_blur,1,none
efficientnet_b4,ILSVRC2012_val_00002663.JPEG,n15075141,999,617,0.11024297,0,imagenet_c,defocus_blur,1,none
efficientnet_b4,ILSVRC2012_val_00002916.JPEG,n15075141,999,999,0.44752407,1,imagenet_c,defocus_blur,1,none
efficientnet_b4,ILSVRC2012_val_00003181.JPEG,n15075141,999,335,0.14988053,0,imagenet_c,defocus_blur,1,none
efficientnet_b4,ILSVRC2012_val_00003835.JPEG,n15075141,999,416,0.051030442,0,imagenet_c,defocus_blur,1,none
efficientnet_b4,ILSVRC2012_val_00005846.JPEG,n15075141,999,700,0.36428493,0,imagenet_c,defocus_blur,1,none
efficientnet_b4,ILSVRC2012_val_00006055.JPEG,n15075141,999,861,0.6137179,0,imagenet_c,defocus_blur,1,none
efficientnet_b4,ILSVRC2012_val_00006252.JPEG,n15075141,999,700,0.14704756,0,imagenet_c,defocus_blur,1,none
efficientnet_b4,ILSVRC2012_val_00006482.JPEG,n15075141,999,999,0.39670503,1,imagenet_c,defocus_blur,1,none
efficientnet_b4,ILSVRC2012_val_00006671.JPEG,n15075141,999,846,0.36905667,0,imagenet_c,defocus_blur,1,none
efficientnet_b4,ILSVRC2012_val_00006953.JPEG,n15075141,999,686,0.13181457,0,imagenet_c,defocus_blur,1,none
efficientnet_b4,ILSVRC2012_val_00007556.JPEG,n15075141,999,935,0.08569294,0,imagenet_c,defocus_blur,1,none
efficientnet_b4,ILSVRC2012_val_00010649.JPEG,n15075141,999,999,0.26295575,1,imagenet_c,defocus_blur,1,none
efficientnet_b4,ILSVRC2012_val_00010694.JPEG,n15075141,999,700,0.26604742,0,imagenet_c,defocus_blur,1,none
efficientnet_b4,ILSVRC2012_val_00013028.JPEG,n15075141,999,999,0.5653066,1,imagenet_c,defocus_blur,1,none
efficientnet_b4,ILSVRC2012_val_00014649.JPEG,n15075141,999,700,0.2358075,0,imagenet_c,defocus_blur,1,none
efficientnet_b4,ILSVRC2012_val_00015463.JPEG,n15075141,999,631,0.28369603,0,imagenet_c,defocus_blur,1,none
efficientnet_b4,ILSVRC2012_val_00016310.JPEG,n15075141,999,999,0.60293925,1,imagenet_c,defocus_blur,1,none
efficientnet_b4,ILSVRC2012_val_00019558.JPEG,n15075141,999,999,0.29969808,1,imagenet_c,defocus_blur,1,none
efficientnet_b4,ILSVRC2012_val_00019699.JPEG,n15075141,999,700,0.027757773,0,imagenet_c,defocus_blur,1,none
efficientnet_b4,ILSVRC2012_val_00020175.JPEG,n15075141,999,851,0.05820012,0,imagenet_c,defocus_blur,1,none
efficientnet_b4,ILSVRC2012_val_00021031.JPEG,n15075141,999,442,0.38851976,0,imagenet_c,defocus_blur,1,none
efficientnet_b4,ILSVRC2012_val_00021201.JPEG,n15075141,999,648,0.07588722,0,imagenet_c,defocus_blur,1,none
efficientnet_b4,ILSVRC2012_val_00021975.JPEG,n15075141,999,999,0.22825474,1,imagenet_c,defocus_blur,1,none
efficientnet_b4,ILSVRC2012_val_00024774.JPEG,n15075141,999,861,0.38045263,0,imagenet_c,defocus_blur,1,none
efficientnet_b4,ILSVRC2012_val_00027432.JPEG,n15075141,999,999,0.08178939,1,imagenet_c,defocus_blur,1,none
efficientnet_b4,ILSVRC2012_val_00027666.JPEG,n15075141,999,804,0.18969652,0,imagenet_c,defocus_blur,1,none
efficientnet_b4,ILSVRC2012_val_00029967.JPEG,n15075141,999,459,0.164564,0,imagenet_c,defocus_blur,1,none
efficientnet_b4,ILSVRC2012_val_00031618.JPEG,n15075141,999,999,0.5281549,1,imagenet_c,defocus_blur,1,none
efficientnet_b4,ILSVRC2012_val_00034133.JPEG,n15075141,999,419,0.13134612,0,imagenet_c,defocus_blur,1,none
efficientnet_b4,ILSVRC2012_val_00034988.JPEG,n15075141,999,692,0.030421047,0,imagenet_c,defocus_blur,1,none
efficientnet_b4,ILSVRC2012_val_00035894.JPEG,n15075141,999,702,0.019416163,0,imagenet_c,defocus_blur,1,none
efficientnet_b4,ILSVRC2012_val_00036056.JPEG,n15075141,999,999,0.3756526,1,imagenet_c,defocus_blur,1,none
efficientnet_b4,ILSVRC2012_val_00038340.JPEG,n15075141,999,529,0.025109058,0,imagenet_c,defocus_blur,1,none
efficientnet_b4,ILSVRC2012_val_00038640.JPEG,n15075141,999,845,0.24880241,0,imagenet_c,defocus_blur,1,none
efficientnet_b4,ILSVRC2012_val_00038905.JPEG,n15075141,999,999,0.46584913,1,imagenet_c,defocus_blur,1,none
efficientnet_b4,ILSVRC2012_val_00039432.JPEG,n15075141,999,2,0.04616376,0,imagenet_c,defocus_blur,1,none
efficientnet_b4,ILSVRC2012_val_00039476.JPEG,n15075141,999,999,0.51584303,1,imagenet_c,defocus_blur,1,none
efficientnet_b4,ILSVRC2012_val_00040010.JPEG,n15075141,999,700,0.19298637,0,imagenet_c,defocus_blur,1,none
efficientnet_b4,ILSVRC2012_val_00041217.JPEG,n15075141,999,601,0.113822885,0,imagenet_c,defocus_blur,1,none
efficientnet_b4,ILSVRC2012_val_00041219.JPEG,n15075141,999,582,0.2674578,0,imagenet_c,defocus_blur,1,none
efficientnet_b4,ILSVRC2012_val_00041747.JPEG,n15075141,999,999,0.89791745,1,imagenet_c,defocus_blur,1,none
efficientnet_b4,ILSVRC2012_val_00041824.JPEG,n15075141,999,700,0.29922748,0,imagenet_c,defocus_blur,1,none
efficientnet_b4,ILSVRC2012_val_00042270.JPEG,n15075141,999,999,0.28791285,1,imagenet_c,defocus_blur,1,none
efficientnet_b4,ILSVRC2012_val_00042643.JPEG,n15075141,999,804,0.81705713,0,imagenet_c,defocus_blur,1,none
efficientnet_b4,ILSVRC2012_val_00044368.JPEG,n15075141,999,905,0.058766313,0,imagenet_c,defocus_blur,1,none
efficientnet_b4,ILSVRC2012_val_00045266.JPEG,n15075141,999,999,0.076045014,1,imagenet_c,defocus_blur,1,none
efficientnet_b4,ILSVRC2012_val_00046353.JPEG,n15075141,999,470,0.06715854,0,imagenet_c,defocus_blur,1,none
efficientnet_b4,ILSVRC2012_val_00047144.JPEG,n15075141,999,333,0.5380226,0,imagenet_c,defocus_blur,1,none
efficientnet_b4,ILSVRC2012_val_00049174.JPEG,n15075141,999,722,0.06840701,0,imagenet_c,defocus_blur,1,none
